datadate,ap,rect,xad,ob,capx,dm,che,oancf,cogs,drc,drlt,dp,ebit,ebitda,emp,gdwlia,dvt,txp,xint,intan,nopi,scstkc,ni,ib,pi,aco,lco,ao,lo,ppegt,ppent,pstkq,xrd,revt,fatl,xsga,spi,txfed,txdi,txt,at,lct,act,dlc,ceq,invt,lt,pstk,dcvt,dcpstk,txfo,dltt
1988-01-15,0.0,0.0,0.0,0.0,0.0,0.0,0.0,0.0,0.0,0.0,0.0,0.0,0.0,0.0,0.0,0.0,0.0,0.0,0.0,0.0,0.0,0.0,0.0,0.0,0.0,0.0,0.0,0.0,0.0,0.0,0.0,0.0,0.0,0.0,0.0,0.0,0.0,0.0,0.0,0.0,0.0,0.0,0.0,0.0,0.0,0.0,0.0,0.0,0.0,0.0,0.0,0.0
1990-01-15,0.0,0.0,0.0,0.0,0.0,0.0,0.0,0.0,0.0,0.0,0.0,0.0,0.0,0.0,0.0,0.0,0.0,0.0,0.0,0.0,0.0,0.0,0.0,0.0,0.0,0.0,0.0,0.0,0.0,0.0,0.0,0.0,0.0,0.0,0.0,0.0,0.0,0.0,0.0,0.0,0.0,0.0,0.0,0.0,0.0,0.0,0.0,0.0,0.0,0.0,0.0,0.0
1991-07-11,0.0,0.0,0.0,0.0,0.0,0.0,0.0,0.0,0.0,0.0,0.0,0.0,0.0,0.0,0.0,0.0,0.0,0.0,0.0,0.0,0.0,0.0,0.0,0.0,0.0,0.0,0.0,0.0,0.0,0.0,0.0,0.0,0.0,0.0,0.0,0.0,0.0,0.0,0.0,0.0,0.0,0.0,0.0,0.0,0.0,0.0,0.0,0.0,0.0,0.0,0.0,0.0
1992-05-28,0.0,0.0,0.0,0.0,0.0,0.0,0.0,0.0,0.0,0.0,0.0,0.0,0.0,0.0,0.0,0.0,0.0,0.0,0.0,0.0,0.0,0.0,0.0,0.0,0.0,0.0,0.0,0.0,0.0,0.0,0.0,0.0,0.0,0.0,0.0,0.0,0.0,0.0,0.0,0.0,0.0,0.0,0.0,0.0,0.0,0.0,0.0,0.0,0.0,0.0,0.0,0.0
1992-06-20,0.0,0.0,0.0,0.0,0.0,0.0,0.0,0.0,0.0,0.0,0.0,0.0,0.0,0.0,0.0,0.0,0.0,0.0,0.0,0.0,0.0,0.0,0.0,0.0,0.0,0.0,0.0,0.0,0.0,0.0,0.0,0.0,0.0,0.0,0.0,0.0,0.0,0.0,0.0,0.0,0.0,0.0,0.0,0.0,0.0,0.0,0.0,0.0,0.0,0.0,0.0,0.0
1993-07-01,0.0,0.0,0.0,0.0,0.0,0.0,0.0,0.0,0.0,0.0,0.0,0.0,0.0,0.0,0.0,0.0,0.0,0.0,0.0,0.0,0.0,0.0,0.0,0.0,0.0,0.0,0.0,0.0,0.0,0.0,0.0,0.0,0.0,0.0,0.0,0.0,0.0,0.0,0.0,0.0,0.0,0.0,0.0,0.0,0.0,0.0,0.0,0.0,0.0,0.0,0.0,0.0
1994-04-21,0.0,0.0,0.0,0.0,0.0,0.0,0.0,0.0,0.0,0.0,0.0,0.0,0.0,0.0,0.0,0.0,0.0,0.0,0.0,0.0,0.0,0.0,0.0,0.0,0.0,0.0,0.0,0.0,0.0,0.0,0.0,0.0,0.0,0.0,0.0,0.0,0.0,0.0,0.0,0.0,0.0,0.0,0.0,0.0,0.0,0.0,0.0,0.0,0.0,0.0,0.0,0.0
1995-04-21,0.0,0.0,0.0,0.0,0.0,0.0,0.0,0.0,0.0,0.0,0.0,0.0,0.0,0.0,0.0,0.0,0.0,0.0,0.0,0.0,0.0,0.0,0.0,0.0,0.0,0.0,0.0,0.0,0.0,0.0,0.0,0.0,0.0,0.0,0.0,0.0,0.0,0.0,0.0,0.0,0.0,0.0,0.0,0.0,0.0,0.0,0.0,0.0,0.0,0.0,0.0,0.0
1996-06-11,0.0,0.0,0.0,0.0,0.0,0.0,0.0,0.0,0.0,0.0,0.0,0.0,0.0,0.0,0.0,0.0,0.0,0.0,0.0,0.0,0.0,0.0,0.0,0.0,0.0,0.0,0.0,0.0,0.0,0.0,0.0,0.0,0.0,0.0,0.0,0.0,0.0,0.0,0.0,0.0,0.0,0.0,0.0,0.0,0.0,0.0,0.0,0.0,0.0,0.0,0.0,0.0
1997-05-14,0.0,0.0,0.0,0.0,0.0,0.0,0.0,0.0,0.0,0.0,0.0,0.0,0.0,0.0,0.0,0.0,0.0,0.0,0.0,0.0,0.0,0.0,0.0,0.0,0.0,0.0,0.0,0.0,0.0,0.0,0.0,0.0,0.0,0.0,0.0,0.0,0.0,0.0,0.0,0.0,0.0,0.0,0.0,0.0,0.0,0.0,0.0,0.0,0.0,0.0,0.0,0.0
1998-04-15,0.0,0.0,0.0,0.0,0.0,0.0,0.0,0.0,0.0,0.0,0.0,0.0,0.0,4182983.42855094,0.0,0.0,0.0,0.0,0.0,0.0,0.0,0.0,0.0,0.0,0.0,0.0,0.0,0.0,0.0,0.0,0.0,0.0,0.0,0.0,0.0,0.0,0.0,0.0,0.0,0.0,0.0,0.0,0.0,0.0,0.0,0.0,0.0,0.0,0.0,0.0,0.0,0.0
1999-03-30,0.0,0.0,0.0,0.0,0.0,0.0,0.0,0.0,0.0,0.0,0.0,0.0,0.0,15226986.8490156,0.0,0.0,0.0,0.0,0.0,0.0,0.0,0.0,0.0,0.0,0.0,0.0,0.0,0.0,0.0,0.0,0.0,0.0,0.0,0.0,0.0,0.0,0.0,0.0,0.0,0.0,0.0,0.0,0.0,0.0,0.0,0.0,0.0,0.0,0.0,0.0,0.0,0.0
2000-05-05,61931874.8705503,125066747.4560194,0.0,0.0,12148603.3202759,0.0,51573342.3146871,-6909452.78868133,159895591.367806,11379885.1135391,0.0,0.0,-17996073.5294118,-7346294.11764706,4756.0,41180074.6443784,2874248.70248225,52040362.3622174,1591152.98524747,50046439.05060165,3267529.233976132,-1819111.48025618,1613075.88056996,1613075.88056996,3709779.57222698,0.0,74964125.3834147,0.0,23442980.6756961,37072933.2565329,14598254.047631,0.0,0.0,342532636.363728,0.0,177123338.463119,16915610.9286968,0.0,0.0,0.0,295106674.308645,147295626.410553,222777261.235587,34293018.4937314,105363821.064196,43674424.6462917,187885116.3331152,0.0,0.0,0.0,0.0,17146509.2468657
2001-06-11,62466610.8404202,118319446.396024,0.0,0.0,10863224.031639,0.0,13346726.4428511,-41506216.1788289,160134696.01809,5942793.97802798,0.0,0.0,-17996073.5294118,-7346294.11764706,4798.0,39377746.2203797,2874248.70248225,53744820.8002073,2287788.34874452,48150049.374117866,10459405.743213875,4128544.14689405,-67416810.9248598,-67416810.9248598,-76489312.0735102,0.0,62196855.0154614,0.0,59110554.6777029,44899532.9125171,16994146.4120224,0.0,0.0,321667244.87628,0.0,180250770.551015,-42628267.4751451,0.0,0.0,0.0,254217494.724775,134160623.495623,181901189.588675,49478950.3150138,36539690.7358553,47895658.8889245,218010653.3308336,0.0,0.0,0.0,0.0,24739475.1575069
2001-08-07,62466610.8404202,118319446.396024,0.0,0.0,10863224.031639,0.0,13346726.4428511,-41506216.1788289,160134696.01809,5942793.97802798,0.0,0.0,-40815681.3994701,-33649697.129472,4798.0,39377746.2203797,2874248.70248225,53744820.8002073,2287788.34874452,48150049.374117866,10459405.743213875,4128544.14689405,-67416810.9248598,-67416810.9248598,-76489312.0735102,0.0,62196855.0154614,0.0,59110554.6777029,44899532.9125171,16994146.4120224,0.0,0.0,321667244.87628,0.0,180250770.551015,-42628267.4751451,0.0,0.0,0.0,254217494.724775,134160623.495623,181901189.588675,49478950.3150138,36539690.7358553,47895658.8889245,218010653.3308336,0.0,0.0,0.0,0.0,24739475.1575069
2002-03-29,32785768.5670783,83279109.79529689,0.0,0.0,4320652.62801735,0.0,15148614.7058562,8637631.23169114,112332069.629326,5942793.97802798,0.0,0.0,-40815681.3994701,-33649697.129472,3966.0,31041831.6786722,2874248.70248225,53744820.8002073,1113841.7134869,34216801.04889186,-1397353.925331004,614786.740154396,-18976335.7344469,-18976335.7344469,-20254896.2060031,0.0,71252191.1066789,0.0,18662818.9904638,26239269.524259,10107240.969112,0.0,0.0,262872767.756814,0.0,140611647.339038,-14020076.8949951,0.0,0.0,0.0,157876500.06678,121349962.380575,108675190.732711,18453399.60288137,16901736.6551211,10247466.2315576,140583479.8190703,0.0,0.0,0.0,0.0,570698.44803177
2002-08-30,32785768.5670783,83279109.79529689,0.0,0.0,4320652.62801735,0.0,15148614.7058562,8637631.23169114,112332069.629326,5942793.97802798,0.0,0.0,-3111279.96936792,797780.342450959,3966.0,31041831.6786722,2874248.70248225,53744820.8002073,1113841.7134869,34216801.04889186,-1397353.925331004,614786.740154396,-18976335.7344469,-18976335.7344469,-20254896.2060031,0.0,71252191.1066789,0.0,18662818.9904638,26239269.524259,10107240.969112,0.0,0.0,262872767.756814,0.0,140611647.339038,-14020076.8949951,0.0,0.0,0.0,157876500.06678,121349962.380575,108675190.732711,18453399.60288137,16901736.6551211,10247466.2315576,140583479.8190703,0.0,0.0,0.0,0.0,570698.44803177
2003-04-02,25831499.7166068,67313833.9316077,0.0,0.0,3917595.03117325,0.0,20738561.023994,8168768.7511808,95576809.559796,5942793.97802798,0.0,0.0,-3111279.96936792,797780.342450959,3786.0,30678163.5178538,2874248.70248225,53744820.8002073,1716757.50991876,33226913.18722845,-157016.531267712,9926572.07632723,-4866209.42754581,-4866209.42754581,-5019316.83355375,0.0,71737009.1630455,0.0,11495434.3472511,25038598.8097487,8797486.39712828,0.0,0.0,253874882.391838,0.0,144300798.318534,-7849523.52163234,198713.867372001,-21500.1889287739,177213.678443227,140295899.489892,105684504.439826,94089387.3984508,8152480.729265066,23428039.2027206,6036992.44284905,117198181.37162316,0.0,0.0,0.0,-21500.188928774005,18242.5845456263
2003-04-08,25831499.7166068,67313833.9316077,0.0,0.0,3917595.03117325,0.0,20738561.023994,8168768.7511808,95576809.559796,5942793.97802798,0.0,0.0,5367381.73522828,11518368.1228647,3786.0,30678163.5178538,2874248.70248225,53744820.8002073,1716757.50991876,33226913.18722845,-157016.531267712,9926572.07632723,-4866209.42754581,-4866209.42754581,-5019316.83355375,0.0,71737009.1630455,0.0,11495434.3472511,25038598.8097487,8797486.39712828,0.0,0.0,253874882.391838,0.0,144300798.318534,-7849523.52163234,198713.867372001,-21500.1889287739,177213.678443227,140295899.489892,105684504.439826,94089387.3984508,8152480.729265066,23428039.2027206,6036992.44284905,117198181.37162316,0.0,0.0,0.0,-21500.188928774005,18242.5845456263
2004-03-07,25831499.7166068,67313833.9316077,0.0,0.0,3917595.03117325,0.0,20738561.023994,8168768.7511808,95576809.559796,5942793.97802798,0.0,0.0,2652794.59243764,9436557.87857169,3786.0,30678163.5178538,2874248.70248225,53744820.8002073,1716757.50991876,33226913.18722845,-157016.531267712,9926572.07632723,-4866209.42754581,-4866209.42754581,-5019316.83355375,0.0,71737009.1630455,0.0,11495434.3472511,25038598.8097487,8797486.39712828,0.0,0.0,253874882.391838,0.0,144300798.318534,-7849523.52163234,198713.867372001,-21500.1889287739,177213.678443227,140295899.489892,105684504.439826,94089387.3984508,8152480.729265066,23428039.2027206,6036992.44284905,117198181.37162316,0.0,0.0,0.0,-21500.188928774005,18242.5845456263
2004-04-02,45027252.7154418,70611784.237222,0.0,0.0,2513263.75341397,0.0,38205838.9488125,12256126.3262558,78995439.9330422,5942793.97802798,0.0,0.0,2652794.59243764,9436557.87857169,3488.0,31498632.3990284,2874248.70248225,53744820.8002073,1006715.46700565,34316448.73069618,236169.24471071,-25379.3815211509,-6002223.72975218,-6002223.72975218,-5893656.37546726,0.0,70245898.1536254,0.0,11657595.9120486,16211784.9294551,6793214.45382805,0.0,0.0,245570895.598656,0.0,143381520.886562,-10215201.0622632,235464.261890678,-30314.2612613746,205150.000629303,161258475.236933,127383345.751576,115410622.518973,17555482.18443606,19591472.5686884,6592999.33293897,141763585.3145884,0.0,0.0,0.0,-30314.26126137501,2722643.65096346
2005-03-07,45027252.7154418,70611784.237222,0.0,0.0,2513263.75341397,0.0,38205838.9488125,12256126.3262558,78995439.9330422,5942793.97802798,0.0,0.0,5473555.7228319,7938070.59942158,3488.0,31498632.3990284,2874248.70248225,53744820.8002073,1006715.46700565,34316448.73069618,236169.24471071,-25379.3815211509,-6002223.72975218,-6002223.72975218,-5893656.37546726,0.0,70245898.1536254,0.0,11657595.9120486,16211784.9294551,6793214.45382805,0.0,0.0,245570895.598656,0.0,143381520.886562,-10215201.0622632,235464.261890678,-30314.2612613746,205150.000629303,161258475.236933,127383345.751576,115410622.518973,17555482.18443606,19591472.5686884,6592999.33293897,141763585.3145884,0.0,0.0,0.0,-30314.26126137501,2722643.65096346
2005-06-07,35538405.7784346,80622744.6750817,0.0,0.0,147001.857450818,959045.771926733,20994409.5068943,10671062.7194707,81282839.5542118,6863149.21973508,0.0,4599461.96293233,5473555.7228319,7938070.59942158,3243.0,33609006.3993926,2874248.70248225,53744820.8002073,2353443.19861166,35365961.29180959,1465071.396613206,-668575.75552151,3971170.37026994,3971170.37026994,2390193.66297436,0.0,63509042.8569492,12098676.9120219,17995006.2231381,18168157.4494624,5111848.24491235,0.0,0.0,226058466.952289,0.0,137214219.355451,-10215201.0622632,410615.765283295,-2325173.61064035,-2482776.56358041,166448507.016283,121248262.808954,109840070.583131,8408082.20236723,24709740.1060238,8222916.40115514,140752158.29006052,0.0,0.0,0.0,-2893392.328863705,1507475.77857017
2006-02-17,37394576.2559348,90528335.5237452,0.0,0.0,4757045.78552907,386617.459358979,12392396.6421577,-4193629.95062693,96370937.0937378,3638469.29279295,0.0,1785869.97241265,5473555.7228319,7938070.59942158,3207.0,33315142.9214175,2874248.70248225,53744820.8002073,1547157.76885826,35747668.43083627,256598.420535408,1590497.44846612,-2270173.69374489,-2270173.69374489,-2431837.57799642,0.0,62331402.384589,12582953.6461478,17076521.696918,15800408.9084645,5996010.27717591,0.0,0.0,238092377.342853,0.0,133048688.807587,-10215201.0622632,199500.112480612,-453346.807326632,-742278.004712346,167622058.300477,125453237.973455,109676218.73335,4320209.332338772,23415809.7538451,6755486.56744693,143483232.62174535,0.0,0.0,0.0,-941778.117192958,952097.088528162
2006-03-13,37394576.2559348,90528335.5237452,0.0,0.0,4757045.78552907,386617.459358979,12392396.6421577,-4193629.95062693,96370937.0937378,3638469.29279295,0.0,1785869.97241265,-2208805.87377131,7938070.59942158,3207.0,33315142.9214175,2874248.70248225,53744820.8002073,1547157.76885826,35747668.43083627,256598.420535408,1590497.44846612,-2270173.69374489,-2270173.69374489,-2431837.57799642,0.0,62331402.384589,12582953.6461478,17076521.696918,15800408.9084645,5996010.27717591,0.0,0.0,238092377.342853,0.0,133048688.807587,-10215201.0622632,199500.112480612,-453346.807326632,-742278.004712346,167622058.300477,125453237.973455,109676218.73335,4320209.332338772,23415809.7538451,6755486.56744693,143483232.62174535,0.0,0.0,0.0,-941778.117192958,952097.088528162
2007-02-13,36421059.0517412,84403781.63391879,0.0,0.0,3949101.01476623,1478723.42671646,22828256.0536282,6899137.4091131,63135090.3788549,21683676.9638828,0.0,-12702200.5515894,-2208805.87377131,7938070.59942158,3189.0,32339917.1296235,2874248.70248225,53744820.8002073,1853288.44961138,36282281.36340242,-309218.247317929,4601221.41433869,3718703.10499993,6031440.01794645,3457316.00269197,212208.60110054,59536301.9754292,14849212.65224794,12431381.9558992,14774434.3832887,5656201.3169528,0.0,0.0,134026910.386509,0.0,61153803.0904844,-794266.478404877,119914.701574273,-2745238.25233238,-2625323.55075811,172934515.300669,117698974.307544,113128068.407648,26332055.8451327,30973697.9453953,5683822.1190008,141727051.05501375,0.0,0.0,0.0,-2745238.252332383,11579852.8391022
2007-03-19,36421059.0517412,84403781.63391879,0.0,0.0,3949101.01476623,1478723.42671646,22828256.0536282,6899137.4091131,63135090.3788549,21683676.9638828,0.0,-12702200.5515894,3694275.68228973,7938070.59942158,3189.0,32339917.1296235,2874248.70248225,53744820.8002073,1853288.44961138,36282281.36340242,-309218.247317929,4601221.41433869,3718703.10499993,6031440.01794645,3457316.00269197,212208.60110054,59536301.9754292,14849212.65224794,12431381.9558992,14774434.3832887,5656201.3169528,0.0,0.0,134026910.386509,0.0,61153803.0904844,-794266.478404877,119914.701574273,-2745238.25233238,-2625323.55075811,172934515.300669,117698974.307544,113128068.407648,26332055.8451327,30973697.9453953,5683822.1190008,141727051.05501375,0.0,0.0,0.0,-2745238.252332383,11579852.8391022
2008-02-12,111816550.149537,102939175.5051426,0.0,0.0,3753974.68816106,655677.58406886,42879990.8819024,10524654.3146838,76342334.6706543,23704361.8061128,0.0,851204.755999708,3694275.68228973,7938070.59942158,1831.0,26544651.251003,2874248.70248225,53744820.8002073,2877042.67269677,31639383.68954702,434423.152673426,-1557601.79444161,36677516.1572689,8917803.1949814,7205837.84375228,1057757.89627252,1976588.59143628,16284620.17652632,11846300.3866073,10191670.0707564,4428028.8861332,0.0,0.0,166062844.262893,0.0,77455222.4086367,487347.800714859,293290.757896273,-2069206.72550879,-1775915.96761252,208010038.223065,115949083.084105,151067527.31782,25898529.5061638,68050806.4774965,4190603.03450288,139682112.40790674,0.0,0.0,0.0,-2069206.725508793,11871292.5815158
2008-03-10,111816550.149537,102939175.5051426,0.0,0.0,3753974.68816106,655677.58406886,42879990.8819024,10524654.3146838,76342334.6706543,23704361.8061128,0.0,851204.755999708,10004703.2474804,7938070.59942158,1831.0,26544651.251003,2874248.70248225,53744820.8002073,2877042.67269677,31639383.68954702,434423.152673426,-1557601.79444161,36677516.1572689,8917803.1949814,7205837.84375228,1057757.89627252,1976588.59143628,16284620.17652632,11846300.3866073,10191670.0707564,4428028.8861332,0.0,0.0,166062844.262893,0.0,77455222.4086367,487347.800714859,293290.757896273,-2069206.72550879,-1775915.96761252,208010038.223065,115949083.084105,151067527.31782,25898529.5061638,68050806.4774965,4190603.03450288,139682112.40790674,0.0,0.0,0.0,-2069206.725508793,11871292.5815158
2009-02-13,48725841.6152975,136482052.3895385,0.0,0.0,3910682.43384912,89834.8359681861,47304730.9654604,-2646304.90208412,90865069.5125872,36231153.8977649,0.0,2709380.42521072,10004703.2474804,7938070.59942158,2241.0,34511868.0476929,2874248.70248225,53744820.8002073,2456122.64295998,41272417.29917108,614508.5056121666,-920329.223801736,-7246039.64160412,-7553771.73928237,-7479227.93922366,3061074.25112872,103242207.391566,23170697.85158162,13730394.5569673,13566015.9209404,4848214.07304902,0.0,0.0,212480412.239136,0.0,116844539.522791,-7170540.15180107,396611.243902098,-359339.343872744,37271.9000293538,264440307.949288,169947440.167177,193519527.711382,19906061.684907943,79340406.8855621,5899472.79182567,184652638.2633734,0.0,0.0,0.0,-359339.3438727442,963335.262297144
2009-03-06,48725841.6152975,136482052.3895385,0.0,0.0,3910682.43384912,89834.8359681861,47304730.9654604,-2646304.90208412,90865069.5125872,36231153.8977649,0.0,2709380.42521072,-5297724.80218419,7938070.59942158,2241.0,34511868.0476929,2874248.70248225,53744820.8002073,2456122.64295998,41272417.29917108,614508.5056121666,-920329.223801736,-7246039.64160412,-7553771.73928237,-7479227.93922366,3061074.25112872,103242207.391566,23170697.85158162,13730394.5569673,13566015.9209404,4848214.07304902,0.0,0.0,212480412.239136,0.0,116844539.522791,-7170540.15180107,396611.243902098,-359339.343872744,37271.9000293538,264440307.949288,169947440.167177,193519527.711382,19906061.684907943,79340406.8855621,5899472.79182567,184652638.2633734,0.0,0.0,0.0,-359339.3438727442,963335.262297144
2010-02-15,29812325.488175,112712568.5162916,0.0,0.0,3149613.69753192,89834.8359681861,42035024.4516979,5403262.44058867,75020891.4848537,45029550.2490981,0.0,-521095.344442536,-5297724.80218419,7938070.59942158,2235.0,32003052.8546069,2874248.70248225,53744820.8002073,1428581.11435607,38904907.51875395,858743.8584435671,-88621.6572181183,-18592823.6843612,-18445711.7333791,-10454696.9020214,3061074.25112872,108286802.954819,11683879.2876367,11583736.8149802,11191142.873504,3137206.66552139,0.0,0.0,183870441.963007,0.0,109685252.705721,-5124104.2203516,863174.941304472,6984272.8053599,7847447.74666438,216096821.393804,141878842.123347,158170161.369753,22345950.867548488,52845094.1991639,1701535.81858787,162866222.9857412,0.0,0.0,0.0,6984272.805359907,9283118.59359789
2010-04-07,29812325.488175,112712568.5162916,0.0,0.0,3149613.69753192,89834.8359681861,42035024.4516979,5403262.44058867,75020891.4848537,45029550.2490981,0.0,-521095.344442536,-9763376.83924069,-6804777.79704654,2235.0,32003052.8546069,2874248.70248225,53744820.8002073,1428581.11435607,38904907.51875395,858743.8584435671,-88621.6572181183,-18592823.6843612,-18445711.7333791,-10454696.9020214,3061074.25112872,108286802.954819,11683879.2876367,11583736.8149802,11191142.873504,3137206.66552139,0.0,0.0,183870441.963007,0.0,109685252.705721,-5124104.2203516,863174.941304472,6984272.8053599,7847447.74666438,216096821.393804,141878842.123347,158170161.369753,22345950.867548488,52845094.1991639,1701535.81858787,162866222.9857412,0.0,0.0,0.0,6984272.805359907,9283118.59359789
2011-02-16,27593752.1102267,96191800.98990028,0.0,0.0,2824807.14333489,89834.8359681861,37645228.8943883,987910.694936793,60783949.702361,44154977.2322922,0.0,3109517.51722293,-9763376.83924069,-6804777.79704654,2248.0,30968256.0898937,2874248.70248225,53744820.8002073,1717695.41836666,35957548.12387136,-770090.1076851091,-74607.8389405391,-24539118.5205003,-24555412.1864758,-11909812.266738,3061074.25112872,109306486.97746,840410.139789981,11307804.1870109,10668920.9684971,3341059.08634874,0.0,0.0,165963851.381178,0.0,107022801.056785,-2127609.75185606,620016.868436894,10497408.6950706,12442357.8757274,187311126.493211,150416263.795064,138075955.722025,13670385.753461337,24979905.0632065,2218511.25677212,161895580.25550163,0.0,0.0,0.0,11822341.007290509,77180.523041937
2011-05-11,27593752.1102267,96191800.98990028,0.0,0.0,2824807.14333489,89834.8359681861,37645228.8943883,987910.694936793,60783949.702361,44154977.2322922,0.0,3109517.51722293,-9538031.88212415,-5754421.56514827,2248.0,30968256.0898937,2874248.70248225,53744820.8002073,1717695.41836666,35957548.12387136,-770090.1076851091,-74607.8389405391,-24539118.5205003,-24555412.1864758,-11909812.266738,3061074.25112872,109306486.97746,840410.139789981,11307804.1870109,10668920.9684971,3341059.08634874,0.0,0.0,165963851.381178,0.0,107022801.056785,-2127609.75185606,620016.868436894,10497408.6950706,12442357.8757274,187311126.493211,150416263.795064,138075955.722025,13670385.753461337,24979905.0632065,2218511.25677212,161895580.25550163,0.0,0.0,0.0,11822341.007290509,77180.523041937
2012-02-15,18591344.7378641,92370926.7572816,0.0,0.0,1987376.50485437,89834.8359681861,27776607.3009709,-25105939.9223301,42986495.4951456,40363325.1650485,0.0,4929693.66990291,-9538031.88212415,-5754421.56514827,2006.0,30091463.4563107,2874248.70248225,53744820.8002073,1615732.93203884,32201332.34951458,-1806554.40776699,-85828.0,-13657484.6601942,-11897594.0194175,-9912717.3592233,3061074.25112872,99944622.7961165,833281.553398058,10619340.1165049,10828493.7864078,3549779.41747573,0.0,0.0,141015404.0,0.0,92044280.3883495,-5213009.39805825,620016.868436894,10497408.6950706,12442357.8757274,174573318.718447,150978118.252427,124542260.970874,33395424.81553399,11804266.4854369,2079870.75728155,162158256.85436922,0.0,0.0,0.0,11822341.007290509,476637.048543689
2012-05-03,18591344.7378641,92370926.7572816,0.0,0.0,1987376.50485437,89834.8359681861,27776607.3009709,-25105939.9223301,42986495.4951456,40363325.1650485,0.0,4929693.66990291,-5282414.5911685,-2395778.18688688,2006.0,30091463.4563107,2874248.70248225,53744820.8002073,1615732.93203884,32201332.34951458,-1806554.40776699,-85828.0,-13657484.6601942,-11897594.0194175,-9912717.3592233,3061074.25112872,99944622.7961165,833281.553398058,10619340.1165049,10828493.7864078,3549779.41747573,0.0,0.0,141015404.0,0.0,92044280.3883495,-5213009.39805825,620016.868436894,10497408.6950706,12442357.8757274,174573318.718447,150978118.252427,124542260.970874,33395424.81553399,11804266.4854369,2079870.75728155,162158256.85436922,0.0,0.0,0.0,11822341.007290509,476637.048543689
2013-02-15,17527959.6131518,82692933.55499257,0.0,0.0,1937988.77190205,89834.8359681861,17172350.4459574,-14653046.2317923,47637826.2217648,19534147.4034199,0.0,5093005.26440785,-5282414.5911685,-2395778.18688688,1708.0,29185932.2883682,2874248.70248225,53744820.8002073,2321202.30367321,30441118.98353392,-1524735.196326788,59268.1945324045,2136902.57546971,-6409083.94025755,-4569334.23052565,3061074.25112872,82429880.1984378,726644.302828794,11632803.989867,9162213.3602491,3319018.89381465,0.0,0.0,140290252.137429,0.0,84694249.986806,-1518240.0517205,1493071.36637112,42218.4399408909,1915255.76578003,156294288.44733,130210599.601541,102005434.148723,30588883.523326974,13755904.3830483,160754.8290057,142108892.62719,0.0,0.0,0.0,422184.39940891,168061.866687777
2013-06-10,17527959.6131518,82692933.55499257,0.0,0.0,1937988.77190205,89834.8359681861,17172350.4459574,-14653046.2317923,47637826.2217648,19534147.4034199,0.0,5093005.26440785,1617511.06869217,8790746.9975344,1708.0,29185932.2883682,2874248.70248225,53744820.8002073,2321202.30367321,30441118.98353392,-1524735.196326788,59268.1945324045,2136902.57546971,-6409083.94025755,-4569334.23052565,3061074.25112872,82429880.1984378,726644.302828794,11632803.989867,9162213.3602491,3319018.89381465,0.0,0.0,140290252.137429,0.0,84694249.986806,-1518240.0517205,1493071.36637112,42218.4399408909,1915255.76578003,156294288.44733,130210599.601541,102005434.148723,30588883.523326974,13755904.3830483,160754.8290057,142108892.62719,0.0,0.0,0.0,422184.39940891,168061.866687777
2014-02-14,15896835.1980647,84227157.99818563,0.0,0.0,1757551.70849713,89834.8359681861,29687431.0553372,-10810977.0184457,47143398.0949501,19534147.4034199,0.0,3928547.32385848,1617511.06869217,8790746.9975344,1733.0,29844340.48987,2874248.70248225,53744820.8002073,1345768.21892954,32133225.73329304,-107096.9156335044,12188293.1660115,97134.4118536438,97134.4118536438,1931065.31599637,3061074.25112872,84320141.3667977,342045.963108558,14754468.097974,9297506.65255519,2317942.5461143,0.0,0.0,134531990.625945,0.0,79129676.8974902,488162.685213184,1335805.71514968,249892.803144844,1855516.32899909,172517357.121258,129761611.732688,115017936.347142,34869593.43816153,25019167.825824,145286.513456305,147178558.96583012,0.0,0.0,0.0,519710.6138494101,2662479.13516783
2014-05-27,15896835.1980647,84227157.99818563,0.0,0.0,1757551.70849713,89834.8359681861,29687431.0553372,-10810977.0184457,47143398.0949501,19534147.4034199,0.0,3928547.32385848,1617511.06869217,8790746.9975344,1733.0,29844340.48987,2874248.70248225,53744820.8002073,1345768.21892954,32133225.73329304,-107096.9156335044,12188293.1660115,97134.4118536438,97134.4118536438,1931065.31599637,3061074.25112872,84320141.3667977,342045.963108558,14754468.097974,9297506.65255519,2317942.5461143,0.0,0.0,134531990.625945,0.0,79129676.8974902,488162.685213184,1335805.71514968,249892.803144844,1855516.32899909,172517357.121258,129761611.732688,115017936.347142,34869593.43816153,25019167.825824,145286.513456305,147178558.96583012,0.0,0.0,0.0,519710.6138494101,2662479.13516783
2015-02-27,13835547.7408819,71465408.57678588,0.0,0.0,4647581.95124902,89834.8359681861,26684562.1242364,-10228098.2035928,42097786.4392427,19534147.4034199,0.0,752717.18381419,1617511.06869217,8790746.9975344,1797.0,27924331.6034597,2874248.70248225,53744820.8002073,2197561.31373616,32553270.40464521,-225271.39660073788,-10875.1708703805,285861.634307143,285861.634307143,1954423.56499123,3061074.25112872,62725655.1865965,692126.946107785,15133577.0640537,9636954.98699571,2596835.44426299,0.0,0.0,126009051.27926,0.0,75659340.5431561,-1692642.66618279,1279386.17310833,55929.450190528,1703517.83705317,159538756.668481,109341298.324563,99855818.9318333,54530437.1378456,23992180.5358979,120403.677493498,135350046.25899684,0.0,0.0,0.0,424131.66394484,10875170.8703805
2015-04-28,13835547.7408819,71465408.57678588,0.0,0.0,4647581.95124902,89834.8359681861,26684562.1242364,-10228098.2035928,42097786.4392427,19534147.4034199,0.0,752717.18381419,3850429.5141367,8790746.9975344,1797.0,27924331.6034597,2874248.70248225,53744820.8002073,2197561.31373616,32553270.40464521,-225271.39660073788,-10875.1708703805,285861.634307143,285861.634307143,1954423.56499123,3061074.25112872,62725655.1865965,692126.946107785,15133577.0640537,9636954.98699571,2596835.44426299,0.0,0.0,126009051.27926,0.0,75659340.5431561,-1692642.66618279,1279386.17310833,55929.450190528,1703517.83705317,159538756.668481,109341298.324563,99855818.9318333,54530437.1378456,23992180.5358979,120403.677493498,135350046.25899684,0.0,0.0,0.0,424131.66394484,10875170.8703805
2016-02-17,11428899.7730259,57563042.712394506,0.0,0.0,3753630.91191451,89834.8359681861,23005911.0131297,6205207.28489048,41286992.5391775,20322956.5274052,0.0,1422164.83313604,3850429.5141367,8790746.9975344,1820.0,25899611.1684278,2874248.70248225,53744820.8002073,2111877.9335585,31643535.97376223,472335.57411409495,67792.3132893865,715503.654391243,715503.654391243,2044085.62026911,3061074.25112872,55610329.340472,1338898.18746538,12776640.4361377,10174741.9771723,3013810.44949555,0.0,0.0,125176295.869941,0.0,73960676.9257502,-4261336.38861437,1121520.66115702,-532759.157698114,1403743.00887262,143526643.455219,95845804.1506934,82139966.8987087,49751452.3517338,24320492.3925674,58212.964672408,119094883.24409992,0.0,0.0,0.0,282222.34771560016,10472438.6572691
2016-03-10,11428899.7730259,57563042.712394506,0.0,0.0,3753630.91191451,89834.8359681861,23005911.0131297,6205207.28489048,41286992.5391775,20322956.5274052,0.0,1422164.83313604,3065117.23683181,9453714.08294869,1820.0,25899611.1684278,2874248.70248225,53744820.8002073,2111877.9335585,31643535.97376223,472335.57411409495,67792.3132893865,715503.654391243,715503.654391243,2044085.62026911,3061074.25112872,55610329.340472,1338898.18746538,12776640.4361377,10174741.9771723,3013810.44949555,0.0,0.0,125176295.869941,0.0,73960676.9257502,-4261336.38861437,1121520.66115702,-532759.157698114,1403743.00887262,143526643.455219,95845804.1506934,82139966.8987087,49751452.3517338,24320492.3925674,58212.964672408,119094883.24409992,0.0,0.0,0.0,282222.34771560016,10472438.6572691
2017-01-25,15323925.3994954,70834698.14970563,0.0,0.0,4404318.25063078,89834.8359681861,36670551.4718251,-719281.076534903,53469684.8612279,25618848.8645921,0.0,4069392.34650967,3065117.23683181,9453714.08294869,1825.0,29559554.6677881,2874248.70248225,53744820.8002073,2400728.42724979,37832139.27670316,72439.44491168999,-11931.2026913373,-1091705.04625736,-1091705.04625736,949382.842724979,3061074.25112872,67670372.7502103,1577475.44154752,13449874.3481918,12222664.9285114,3956898.14970563,0.0,0.0,150431160.218671,0.0,84994479.058032,-3708899.57947855,1315841.21110177,56247.0984020185,2091369.38603869,185731327.83852,119957164.087468,109807119.512195,85744440.3700588,28113322.4558452,682635.239697224,157797825.6518087,0.0,0.0,0.0,775528.1749369202,24390787.216148
2017-03-10,15323925.3994954,70834698.14970563,0.0,0.0,4404318.25063078,89834.8359681861,36670551.4718251,-719281.076534903,53469684.8612279,25618848.8645921,0.0,4069392.34650967,3506084.81899946,11354664.7889127,1825.0,29559554.6677881,2874248.70248225,53744820.8002073,2400728.42724979,37832139.27670316,72439.44491168999,-11931.2026913373,-1091705.04625736,-1091705.04625736,949382.842724979,3061074.25112872,67670372.7502103,1577475.44154752,13449874.3481918,12222664.9285114,3956898.14970563,0.0,0.0,150431160.218671,0.0,84994479.058032,-3708899.57947855,1315841.21110177,56247.0984020185,2091369.38603869,185731327.83852,119957164.087468,109807119.512195,85744440.3700588,28113322.4558452,682635.239697224,157797825.6518087,0.0,0.0,0.0,775528.1749369202,24390787.216148
2018-04-04,17998394.740946,76272780.98871177,0.0,0.0,3929408.33243363,89834.8359681861,37284989.0956203,-2803676.34745265,52018938.6403714,30016560.261993,0.0,782152.901236789,9329872.44177624,11945724.5282556,1843.0,30792498.5544799,2874248.70248225,53744820.8002073,2426360.81620902,40363883.83056824,-134945.7899977207,16868.2237497151,4532225.38117345,4532225.38117345,6517348.97613992,3061074.25112872,73740771.8237545,1471974.47247514,13278843.2960257,13780451.0022672,4209065.72617891,0.0,0.0,157510146.56734,0.0,90110939.072228,-1487954.89497487,1372540.73247682,50604.6712491453,2039279.47121556,198986445.364139,136145209.486451,116687269.490529,81620895.7186214,31181355.5019733,1253575.36497883,168031479.18091217,0.0,0.0,0.0,666738.7387387401,18607426.3984357
2019-02-28,22548507.0648683,99914312.87274064,0.0,0.0,5056130.28718231,16709323.882925,43097577.1171667,-20215530.8743921,66944279.7963116,41265359.2072667,0.0,2976679.8330122,9329872.44177624,11945724.5282556,1897.0,51792071.4285714,2874248.70248225,53744820.8002073,2910151.8029177,94992137.673181,151935.6362969079,-134854.115056427,6677076.75016056,6677076.75016056,9006456.83090192,3061074.25112872,89605165.2903936,1211888.98064043,13110517.0657859,15617005.550968,4663255.29865125,0.0,0.0,181124359.987155,20593122.3965501,96704784.9343977,-6982746.0776218,1423160.42756216,50604.6712491453,2329380.08074135,293765305.211487,162910963.207634,152496629.415543,166985355.5372057,59629792.595651,1557115.51518488,234135512.615836,0.0,0.0,0.0,906219.65317919,58114032.3424167
2019-04-06,22548507.0648683,99914312.87274064,0.0,0.0,5056130.28718231,16709323.882925,43097577.1171667,-20215530.8743921,66944279.7963116,41265359.2072667,0.0,2976679.8330122,10800307.3205194,13572859.3311952,1897.0,51792071.4285714,2874248.70248225,53744820.8002073,2910151.8029177,94992137.673181,151935.6362969079,-134854.115056427,6677076.75016056,6677076.75016056,9006456.83090192,3061074.25112872,89605165.2903936,1211888.98064043,13110517.0657859,15617005.550968,4663255.29865125,0.0,0.0,181124359.987155,20593122.3965501,96704784.9343977,-6982746.0776218,1423160.42756216,50604.6712491453,2329380.08074135,293765305.211487,162910963.207634,152496629.415543,166985355.5372057,59629792.595651,1557115.51518488,234135512.615836,0.0,0.0,0.0,906219.65317919,58114032.3424167
2020-02-14,31532232.3610519,108315957.44680874,0.0,0.0,4595068.71735085,13404749.6805148,48044043.225792,14526673.5421384,73283525.5476089,46557726.6103177,0.0,6876116.62892631,10800307.3205194,13572859.3311952,2069.0,48706037.4862677,2874248.70248225,53744820.8002073,3784273.70356254,88282810.5732798,-64254.8707486044,67636.7060511625,2543140.14752371,2543140.14752371,4556177.61137143,3061074.25112872,94120703.7643208,853913.413895926,12367371.7014551,16341028.1819609,4669469.09400713,0.0,0.0,194417484.249938,20997815.3935834,101657969.194897,-664530.636952671,1593689.88633052,356783.624419882,2013037.46384772,299711771.853911,176918177.476851,166152950.249983,151348966.2130352,60384360.2448266,1621590.02757662,239327411.609085,0.0,0.0,0.0,419347.5775172,50041862.4307782
2020-03-27,31532232.3610519,108315957.44680874,0.0,0.0,4595068.71735085,13404749.6805148,48044043.225792,14526673.5421384,73283525.5476089,46557726.6103177,0.0,6876116.62892631,9115201.97845533,12380469.0922054,2069.0,48706037.4862677,2874248.70248225,53744820.8002073,3784273.70356254,88282810.5732798,-64254.8707486044,67636.7060511625,2543140.14752371,2543140.14752371,4556177.61137143,3061074.25112872,94120703.7643208,853913.413895926,12367371.7014551,16341028.1819609,4669469.09400713,0.0,0.0,194417484.249938,20997815.3935834,101657969.194897,-664530.636952671,1593689.88633052,356783.624419882,2013037.46384772,299711771.853911,176918177.476851,166152950.249983,151348966.2130352,60384360.2448266,1621590.02757662,239327411.609085,0.0,0.0,0.0,419347.5775172,50041862.4307782
2021-03-26,24313497.0688813,101442305.23937464,0.0,0.0,2836872.39863214,11305508.1704934,87507152.1250611,26539405.7645335,65841164.4357596,59089300.9404006,0.0,7479839.25256473,9115201.97845533,12380469.0922054,2117.0,51457613.9838789,2874248.70248225,53744820.8002073,3565741.37762579,89569601.2335125,139342.5989252567,-7145.77430385931,-6729532.9506595,-6729532.9506595,-4830543.42940889,3061074.25112872,119187942.501221,836055.593551539,12537261.0161212,17984127.4792379,4278532.36443576,0.0,0.0,186952213.446507,23679309.5994138,108210246.726917,-4612597.31314118,1637275.53737176,86642.5134342941,1898989.52125061,337928132.938446,192968955.410357,199584155.972154,200195119.6751342,57058114.5945286,2547468.53932584,280870018.343918,0.0,0.0,0.0,261713.98387885,75363801.9174402
2021-04-30,24313497.0688813,101442305.23937464,0.0,0.0,2836872.39863214,11305508.1704934,87507152.1250611,26539405.7645335,65841164.4357596,59089300.9404006,0.0,7479839.25256473,-813429.436719586,6471766.39546203,2117.0,51457613.9838789,2874248.70248225,53744820.8002073,3565741.37762579,89569601.2335125,139342.5989252567,-7145.77430385931,-6729532.9506595,-6729532.9506595,-4830543.42940889,3061074.25112872,119187942.501221,836055.593551539,12537261.0161212,17984127.4792379,4278532.36443576,0.0,0.0,186952213.446507,23679309.5994138,108210246.726917,-4612597.31314118,1637275.53737176,86642.5134342941,1898989.52125061,337928132.938446,192968955.410357,199584155.972154,200195119.6751342,57058114.5945286,2547468.53932584,280870018.343918,0.0,0.0,0.0,261713.98387885,75363801.9174402
2022-03-25,22868729.281768,103864666.29152168,0.0,0.0,4260998.1697474,6568373.63299457,77817203.806016,7158241.65018303,69126313.6325399,63730113.6234454,0.0,9557206.30698224,-813429.436719586,6471766.39546203,2241.0,48406989.4618375,2874248.70248225,53744820.8002073,3088824.54584726,80214487.9271536,-97471.0683673241,-3361.07132301116,-496598.287974899,-496598.287974899,754560.512016006,3061074.25112872,115939315.019439,678936.407248255,12422519.6098493,18377497.7263943,3947578.26887661,0.0,0.0,199503110.519974,21388177.3639815,112750498.601732,-3871954.16410886,851191.312552577,173935.440965828,1251158.79999091,317175057.806425,186463834.322352,190011445.10379,177147784.8827955,53542706.4433986,2449380.72664439,263632351.363027,0.0,0.0,0.0,399967.4874383331,64745997.4308255
2022-05-11,22868729.281768,103864666.29152168,0.0,0.0,4260998.1697474,6568373.63299457,77817203.806016,7158241.65018303,69126313.6325399,63730113.6234454,0.0,9557206.30698224,3779702.80014295,13539144.2641216,2241.0,48406989.4618375,2874248.70248225,53744820.8002073,3088824.54584726,80214487.9271536,-97471.0683673241,-3361.07132301116,-496598.287974899,-496598.287974899,754560.512016006,3061074.25112872,115939315.019439,678936.407248255,12422519.6098493,18377497.7263943,3947578.26887661,0.0,0.0,199503110.519974,21388177.3639815,112750498.601732,-3871954.16410886,851191.312552577,173935.440965828,1251158.79999091,317175057.806425,186463834.322352,190011445.10379,177147784.8827955,53542706.4433986,2449380.72664439,263632351.363027,0.0,0.0,0.0,399967.4874383331,64745997.4308255
2023-03-24,31048032.6947774,114611873.0201196,0.0,0.0,4773762.20034247,8400972.17465753,96546597.9773117,9795236.30136986,84389251.7658391,75866193.0115582,0.0,9366163.90196918,3779702.80014295,13539144.2641216,2299.0,50965838.8805651,2874248.70248225,53744820.8002073,3472390.03638699,83163962.5428082,-15039.651113012997,45118.9533390411,-2035661.01241438,-2035661.01241438,-432611.140839041,3061074.25112872,134723425.299658,697132.063356164,13806399.7217466,21511124.5184075,4994048.85488014,0.0,0.0,241329780.500856,18831412.5642123,136901520.654966,-6543132.91952055,1085508.93621575,54850.4922945205,1603049.87157534,357649096.264983,233253487.853168,224240313.409675,181268491.4383566,53695977.9002568,4156251.81934931,303953118.364726,0.0,0.0,0.0,517540.93535959,56893230.7898116
2023-04-28,31048032.6947774,114611873.0201196,0.0,0.0,4773762.20034247,8400972.17465753,96546597.9773117,9795236.30136986,84389251.7658391,75866193.0115582,0.0,9366163.90196918,2865454.44326898,12145529.7540333,2299.0,50965838.8805651,2874248.70248225,53744820.8002073,3472390.03638699,83163962.5428082,-15039.651113012997,45118.9533390411,-2035661.01241438,-2035661.01241438,-432611.140839041,3061074.25112872,134723425.299658,697132.063356164,13806399.7217466,21511124.5184075,4994048.85488014,0.0,0.0,241329780.500856,18831412.5642123,136901520.654966,-6543132.91952055,1085508.93621575,54850.4922945205,1603049.87157534,357649096.264983,233253487.853168,224240313.409675,181268491.4383566,53695977.9002568,4156251.81934931,303953118.364726,0.0,0.0,0.0,517540.93535959,56893230.7898116
