Date,HIGH,LOW,CLOSE,OPEN,COUNT,VOLUME,SHROUT
1983-01-04,,,,,,,
1983-01-05,,,,,,,
1983-01-06,,,,,,,
1983-01-07,,,,,,,
1983-01-10,,,,,,,
1983-01-11,,,,,,,
1983-01-12,,,,,,,
1983-01-13,,,,,,,
1983-01-14,,,,,,,
1983-01-17,,,,,,,
1983-01-18,,,,,,,
1983-01-19,,,,,,,
1983-01-20,,,,,,,
1983-01-21,,,,,,,
1983-01-24,,,,,,,
1983-01-25,,,,,,,
1983-01-26,,,,,,,
1983-01-27,,,,,,,
1983-01-28,,,,,,,
1983-01-31,,,,,,,
1983-02-01,,,,,,,
1983-02-02,,,,,,,
1983-02-03,,,,,,,
1983-02-04,,,,,,,
1983-02-07,,,,,,,
1983-02-08,,,,,,,
1983-02-09,,,,,,,
1983-02-10,,,,,,,
1983-02-11,,,,,,,
1983-02-14,,,,,,,
1983-02-15,,,,,,,
1983-02-16,,,,,,,
1983-02-17,,,,,,,
1983-02-18,,,,,,,
1983-02-21,,,,,,,
1983-02-22,,,,,,,
1983-02-23,,,,,,,
1983-02-24,,,,,,,
1983-02-25,,,,,,,
1983-02-28,,,,,,,
1983-03-01,,,,,,,
1983-03-02,,,,,,,
1983-03-03,,,,,,,
1983-03-04,,,,,,,
1983-03-07,,,,,,,
1983-03-08,,,,,,,
1983-03-09,,,,,,,
1983-03-10,,,,,,,
1983-03-11,,,,,,,
1983-03-14,,,,,,,
1983-03-15,,,,,,,
1983-03-16,,,,,,,
1983-03-17,,,,,,,
1983-03-18,,,,,,,
1983-03-21,,,,,,,
1983-03-22,,,,,,,
1983-03-23,,,,,,,
1983-03-24,,,,,,,
1983-03-25,,,,,,,
1983-03-28,,,,,,,
1983-03-29,,,,,,,
1983-03-30,,,,,,,
1983-03-31,,,,,,,
1983-04-01,,,,,,,
1983-04-04,,,,,,,
1983-04-05,,,,,,,
1983-04-06,,,,,,,
1983-04-07,,,,,,,
1983-04-08,,,,,,,
1983-04-11,,,,,,,
1983-04-12,,,,,,,
1983-04-13,,,,,,,
1983-04-14,,,,,,,
1983-04-15,,,,,,,
1983-04-18,,,,,,,
1983-04-19,,,,,,,
1983-04-20,,,,,,,
1983-04-21,,,,,,,
1983-04-22,,,,,,,
1983-04-25,,,,,,,
1983-04-26,,,,,,,
1983-04-27,,,,,,,
1983-04-28,,,,,,,
1983-04-29,,,,,,,
1983-05-02,,,,,,,
1983-05-03,,,,,,,
1983-05-04,,,,,,,
1983-05-05,,,,,,,
1983-05-06,,,,,,,
1983-05-09,,,,,,,
1983-05-10,,,,,,,
1983-05-11,,,,,,,
1983-05-12,,,,,,,
1983-05-13,,,,,,,
1983-05-16,,,,,,,
1983-05-17,,,,,,,
1983-05-18,,,,,,,
1983-05-19,,,,,,,
1983-05-20,,,,,,,
1983-05-23,,,,,,,
1983-05-24,,,,,,,
1983-05-25,,,,,,,
1983-05-26,,,,,,,
1983-05-27,,,,,,,
1983-05-30,,,,,,,
1983-05-31,,,,,,,
1983-06-01,,,,,,,
1983-06-02,,,,,,,
1983-06-03,,,,,,,
1983-06-06,,,,,,,
1983-06-07,,,,,,,
1983-06-08,,,,,,,
1983-06-09,,,,,,,
1983-06-10,,,,,,,
1983-06-13,,,,,,,
1983-06-14,,,,,,,
1983-06-15,,,,,,,
1983-06-16,,,,,,,
1983-06-17,,,,,,,
1983-06-20,,,,,,,
1983-06-21,,,,,,,
1983-06-22,,,,,,,
1983-06-23,,,,,,,
1983-06-24,,,,,,,
1983-06-27,,,,,,,
1983-06-28,,,,,,,
1983-06-29,,,,,,,
1983-06-30,,,,,,,
1983-07-01,,,,,,,
1983-07-04,,,,,,,
1983-07-05,,,,,,,
1983-07-06,,,,,,,
1983-07-07,,,,,,,
1983-07-08,,,,,,,
1983-07-11,,,,,,,
1983-07-12,,,,,,,
1983-07-13,,,,,,,
1983-07-14,,,,,,,
1983-07-15,,,,,,,
1983-07-18,,,,,,,
1983-07-19,,,,,,,
1983-07-20,,,,,,,
1983-07-21,,,,,,,
1983-07-22,,,,,,,
1983-07-25,,,,,,,
1983-07-26,,,,,,,
1983-07-27,,,,,,,
1983-07-28,,,,,,,
1983-07-29,,,,,,,
1983-08-01,,,,,,,
1983-08-02,,,,,,,
1983-08-03,,,,,,,
1983-08-04,,,,,,,
1983-08-05,,,,,,,
1983-08-08,,,,,,,
1983-08-09,,,,,,,
1983-08-10,,,,,,,
1983-08-11,,,,,,,
1983-08-12,,,,,,,
1983-08-15,,,,,,,
1983-08-16,,,,,,,
1983-08-17,,,,,,,
1983-08-18,,,,,,,
1983-08-19,,,,,,,
1983-08-22,,,,,,,
1983-08-23,,,,,,,
1983-08-24,,,,,,,
1983-08-25,,,,,,,
1983-08-26,,,,,,,
1983-08-29,,,,,,,
1983-08-30,,,,,,,
1983-08-31,,,,,,,
1983-09-01,,,,,,,
1983-09-02,,,,,,,
1983-09-05,,,,,,,
1983-09-06,,,,,,,
1983-09-07,,,,,,,
1983-09-08,,,,,,,
1983-09-09,,,,,,,
1983-09-12,,,,,,,
1983-09-13,,,,,,,
1983-09-14,,,,,,,
1983-09-15,,,,,,,
1983-09-16,,,,,,,
1983-09-19,,,,,,,
1983-09-20,,,,,,,
1983-09-21,,,,,,,
1983-09-22,,,,,,,
1983-09-23,,,,,,,
1983-09-26,,,,,,,
1983-09-27,,,,,,,
1983-09-28,,,,,,,
1983-09-29,,,,,,,
1983-09-30,,,,,,,
1983-10-03,,,,,,,
1983-10-04,,,,,,,
1983-10-05,,,,,,,
1983-10-06,,,,,,,
1983-10-07,,,,,,,
1983-10-10,,,,,,,
1983-10-11,,,,,,,
1983-10-12,,,,,,,
1983-10-13,,,,,,,
1983-10-14,,,,,,,
1983-10-17,,,,,,,
1983-10-18,,,,,,,
1983-10-19,,,,,,,
1983-10-20,,,,,,,
1983-10-21,,,,,,,
1983-10-24,,,,,,,
1983-10-25,,,,,,,
1983-10-26,,,,,,,
1983-10-27,,,,,,,
1983-10-28,,,,,,,
1983-10-31,,,,,,,
1983-11-01,,,,,,,
1983-11-02,,,,,,,
1983-11-03,,,,,,,
1983-11-04,,,,,,,
1983-11-07,,,,,,,
1983-11-08,,,,,,,
1983-11-09,,,,,,,
1983-11-10,,,,,,,
1983-11-11,,,,,,,
1983-11-14,,,,,,,
1983-11-15,,,,,,,
1983-11-16,,,,,,,
1983-11-17,,,,,,,
1983-11-18,,,,,,,
1983-11-21,,,,,,,
1983-11-22,,,,,,,
1983-11-23,,,,,,,
1983-11-24,,,,,,,
1983-11-25,,,,,,,
1983-11-28,,,,,,,
1983-11-29,,,,,,,
1983-11-30,,,,,,,
1983-12-01,,,,,,,
1983-12-02,,,,,,,
1983-12-05,,,,,,,
1983-12-06,,,,,,,
1983-12-07,,,,,,,
1983-12-08,,,,,,,
1983-12-09,,,,,,,
1983-12-12,,,,,,,
1983-12-13,,,,,,,
1983-12-14,,,,,,,
1983-12-15,,,,,,,
1983-12-16,,,,,,,
1983-12-19,,,,,,,
1983-12-20,,,,,,,
1983-12-21,,,,,,,
1983-12-22,,,,,,,
1983-12-23,,,,,,,
1983-12-26,,,,,,,
1983-12-27,,,,,,,
1983-12-28,,,,,,,
1983-12-29,,,,,,,
1983-12-30,,,,,,,
1984-01-02,,,,,,,
1984-01-03,,,,,,,
1984-01-04,,,,,,,
1984-01-05,,,,,,,
1984-01-06,,,,,,,
1984-01-09,,,,,,,
1984-01-10,,,,,,,
1984-01-11,,,,,,,
1984-01-12,,,,,,,
1984-01-13,,,,,,,
1984-01-16,,,,,,,
1984-01-17,,,,,,,
1984-01-18,,,,,,,
1984-01-19,,,,,,,
1984-01-20,,,,,,,
1984-01-23,,,,,,,
1984-01-24,,,,,,,
1984-01-25,,,,,,,
1984-01-26,,,,,,,
1984-01-27,,,,,,,
1984-01-30,,,,,,,
1984-01-31,,,,,,,
1984-02-01,,,,,,,
1984-02-02,,,,,,,
1984-02-03,,,,,,,
1984-02-06,,,,,,,
1984-02-07,,,,,,,
1984-02-08,,,,,,,
1984-02-09,,,,,,,
1984-02-10,,,,,,,
1984-02-13,,,,,,,
1984-02-14,,,,,,,
1984-02-15,,,,,,,
1984-02-16,,,,,,,
1984-02-17,,,,,,,
1984-02-20,,,,,,,
1984-02-21,,,,,,,
1984-02-22,,,,,,,
1984-02-23,,,,,,,
1984-02-24,,,,,,,
1984-02-27,,,,,,,
1984-02-28,,,,,,,
1984-02-29,,,,,,,
1984-03-01,,,,,,,
1984-03-02,,,,,,,
1984-03-05,,,,,,,
1984-03-06,,,,,,,
1984-03-07,,,,,,,
1984-03-08,,,,,,,
1984-03-09,,,,,,,
1984-03-12,,,,,,,
1984-03-13,,,,,,,
1984-03-14,,,,,,,
1984-03-15,,,,,,,
1984-03-16,,,,,,,
1984-03-19,,,,,,,
1984-03-20,,,,,,,
1984-03-21,,,,,,,
1984-03-22,,,,,,,
1984-03-23,,,,,,,
1984-03-26,,,,,,,
1984-03-27,,,,,,,
1984-03-28,,,,,,,
1984-03-29,,,,,,,
1984-03-30,,,,,,,
1984-04-02,,,,,,,
1984-04-03,,,,,,,
1984-04-04,,,,,,,
1984-04-05,,,,,,,
1984-04-06,,,,,,,
1984-04-09,,,,,,,
1984-04-10,,,,,,,
1984-04-11,,,,,,,
1984-04-12,,,,,,,
1984-04-13,,,,,,,
1984-04-16,,,,,,,
1984-04-17,,,,,,,
1984-04-18,,,,,,,
1984-04-19,,,,,,,
1984-04-20,,,,,,,
1984-04-23,,,,,,,
1984-04-24,,,,,,,
1984-04-25,,,,,,,
1984-04-26,,,,,,,
1984-04-27,,,,,,,
1984-04-30,,,,,,,
1984-05-01,,,,,,,
1984-05-02,,,,,,,
1984-05-03,,,,,,,
1984-05-04,,,,,,,
1984-05-07,,,,,,,
1984-05-08,,,,,,,
1984-05-09,,,,,,,
1984-05-10,,,,,,,
1984-05-11,,,,,,,
1984-05-14,,,,,,,
1984-05-15,,,,,,,
1984-05-16,,,,,,,
1984-05-17,,,,,,,
1984-05-18,,,,,,,
1984-05-21,,,,,,,
1984-05-22,,,,,,,
1984-05-23,,,,,,,
1984-05-24,,,,,,,
1984-05-25,,,,,,,
1984-05-28,,,,,,,
1984-05-29,,,,,,,
1984-05-30,,,,,,,
1984-05-31,,,,,,,
1984-06-01,,,,,,,
1984-06-04,,,,,,,
1984-06-05,,,,,,,
1984-06-06,,,,,,,
1984-06-07,,,,,,,
1984-06-08,,,,,,,
1984-06-11,,,,,,,
1984-06-12,,,,,,,
1984-06-13,,,,,,,
1984-06-14,,,,,,,
1984-06-15,,,,,,,
1984-06-18,,,,,,,
1984-06-19,,,,,,,
1984-06-20,,,,,,,
1984-06-21,,,,,,,
1984-06-22,,,,,,,
1984-06-25,,,,,,,
1984-06-26,,,,,,,
1984-06-27,,,,,,,
1984-06-28,,,,,,,
1984-06-29,,,,,,,
1984-07-02,,,,,,,
1984-07-03,,,,,,,
1984-07-04,,,,,,,
1984-07-05,,,,,,,
1984-07-06,,,,,,,
1984-07-09,,,,,,,
1984-07-10,,,,,,,
1984-07-11,,,,,,,
1984-07-12,,,,,,,
1984-07-13,,,,,,,
1984-07-16,,,,,,,
1984-07-17,,,,,,,
1984-07-18,,,,,,,
1984-07-19,,,,,,,
1984-07-20,,,,,,,
1984-07-23,,,,,,,
1984-07-24,,,,,,,
1984-07-25,,,,,,,
1984-07-26,,,,,,,
1984-07-27,,,,,,,
1984-07-30,,,,,,,
1984-07-31,,,,,,,
1984-08-01,,,,,,,
1984-08-02,,,,,,,
1984-08-03,,,,,,,
1984-08-06,,,,,,,
1984-08-07,,,,,,,
1984-08-08,,,,,,,
1984-08-09,,,,,,,
1984-08-10,,,,,,,
1984-08-13,,,,,,,
1984-08-14,,,,,,,
1984-08-15,,,,,,,
1984-08-16,,,,,,,
1984-08-17,,,,,,,
1984-08-20,,,,,,,
1984-08-21,,,,,,,
1984-08-22,,,,,,,
1984-08-23,,,,,,,
1984-08-24,,,,,,,
1984-08-27,,,,,,,
1984-08-28,,,,,,,
1984-08-29,,,,,,,
1984-08-30,,,,,,,
1984-08-31,,,,,,,
1984-09-03,,,,,,,
1984-09-04,,,,,,,
1984-09-05,,,,,,,
1984-09-06,,,,,,,
1984-09-07,,,,,,,
1984-09-10,,,,,,,
1984-09-11,,,,,,,
1984-09-12,,,,,,,
1984-09-13,,,,,,,
1984-09-14,,,,,,,
1984-09-17,,,,,,,
1984-09-18,,,,,,,
1984-09-19,,,,,,,
1984-09-20,,,,,,,
1984-09-21,,,,,,,
1984-09-24,,,,,,,
1984-09-25,,,,,,,
1984-09-26,,,,,,,
1984-09-27,,,,,,,
1984-09-28,,,,,,,
1984-10-01,,,,,,,
1984-10-02,,,,,,,
1984-10-03,,,,,,,
1984-10-04,,,,,,,
1984-10-05,,,,,,,
1984-10-08,,,,,,,
1984-10-09,,,,,,,
1984-10-10,,,,,,,
1984-10-11,,,,,,,
1984-10-12,,,,,,,
1984-10-15,,,,,,,
1984-10-16,,,,,,,
1984-10-17,,,,,,,
1984-10-18,,,,,,,
1984-10-19,,,,,,,
1984-10-22,,,,,,,
1984-10-23,,,,,,,
1984-10-24,,,,,,,
1984-10-25,,,,,,,
1984-10-26,,,,,,,
1984-10-29,,,,,,,
1984-10-30,,,,,,,
1984-10-31,,,,,,,
1984-11-01,,,,,,,
1984-11-02,,,,,,,
1984-11-05,,,,,,,
1984-11-06,,,,,,,
1984-11-07,,,,,,,
1984-11-08,,,,,,,
1984-11-09,,,,,,,
1984-11-12,,,,,,,
1984-11-13,,,,,,,
1984-11-14,,,,,,,
1984-11-15,,,,,,,
1984-11-16,,,,,,,
1984-11-19,,,,,,,
1984-11-20,,,,,,,
1984-11-21,,,,,,,
1984-11-22,,,,,,,
1984-11-23,,,,,,,
1984-11-26,,,,,,,
1984-11-27,,,,,,,
1984-11-28,,,,,,,
1984-11-29,,,,,,,
1984-11-30,,,,,,,
1984-12-03,,,,,,,
1984-12-04,,,,,,,
1984-12-05,,,,,,,
1984-12-06,,,,,,,
1984-12-07,,,,,,,
1984-12-10,,,,,,,
1984-12-11,,,,,,,
1984-12-12,,,,,,,
1984-12-13,,,,,,,
1984-12-14,,,,,,,
1984-12-17,,,,,,,
1984-12-18,,,,,,,
1984-12-19,,,,,,,
1984-12-20,,,,,,,
1984-12-21,,,,,,,
1984-12-24,,,,,,,
1984-12-25,,,,,,,
1984-12-26,,,,,,,
1984-12-27,,,,,,,
1984-12-28,,,,,,,
1984-12-31,,,,,,,
1985-01-01,,,,,,,
1985-01-02,,,,,,,
1985-01-03,,,,,,,
1985-01-04,,,,,,,
1985-01-07,,,,,,,
1985-01-08,,,,,,,
1985-01-09,,,,,,,
1985-01-10,,,,,,,
1985-01-11,,,,,,,
1985-01-14,,,,,,,
1985-01-15,,,,,,,
1985-01-16,,,,,,,
1985-01-17,,,,,,,
1985-01-18,,,,,,,
1985-01-21,,,,,,,
1985-01-22,,,,,,,
1985-01-23,,,,,,,
1985-01-24,,,,,,,
1985-01-25,,,,,,,
1985-01-28,,,,,,,
1985-01-29,,,,,,,
1985-01-30,,,,,,,
1985-01-31,,,,,,,
1985-02-01,,,,,,,
1985-02-04,,,,,,,
1985-02-05,,,,,,,
1985-02-06,,,,,,,
1985-02-07,,,,,,,
1985-02-08,,,,,,,
1985-02-11,,,,,,,
1985-02-12,,,,,,,
1985-02-13,,,,,,,
1985-02-14,,,,,,,
1985-02-15,,,,,,,
1985-02-18,,,,,,,
1985-02-19,,,,,,,
1985-02-20,,,,,,,
1985-02-21,,,,,,,
1985-02-22,,,,,,,
1985-02-25,,,,,,,
1985-02-26,,,,,,,
1985-02-27,,,,,,,
1985-02-28,,,,,,,
1985-03-01,,,,,,,
1985-03-04,,,,,,,
1985-03-05,,,,,,,
1985-03-06,,,,,,,
1985-03-07,,,,,,,
1985-03-08,,,,,,,
1985-03-11,,,,,,,
1985-03-12,,,,,,,
1985-03-13,,,,,,,
1985-03-14,,,,,,,
1985-03-15,,,,,,,
1985-03-18,,,,,,,
1985-03-19,,,,,,,
1985-03-20,,,,,,,
1985-03-21,,,,,,,
1985-03-22,,,,,,,
1985-03-25,,,,,,,
1985-03-26,,,,,,,
1985-03-27,,,,,,,
1985-03-28,,,,,,,
1985-03-29,,,,,,,
1985-04-01,,,,,,,
1985-04-02,,,,,,,
1985-04-03,,,,,,,
1985-04-04,,,,,,,
1985-04-05,,,,,,,
1985-04-08,,,,,,,
1985-04-09,,,,,,,
1985-04-10,,,,,,,
1985-04-11,,,,,,,
1985-04-12,,,,,,,
1985-04-15,,,,,,,
1985-04-16,,,,,,,
1985-04-17,,,,,,,
1985-04-18,,,,,,,
1985-04-19,,,,,,,
1985-04-22,,,,,,,
1985-04-23,,,,,,,
1985-04-24,,,,,,,
1985-04-25,,,,,,,
1985-04-26,,,,,,,
1985-04-29,,,,,,,
1985-04-30,,,,,,,
1985-05-01,,,,,,,
1985-05-02,,,,,,,
1985-05-03,,,,,,,
1985-05-06,,,,,,,
1985-05-07,,,,,,,
1985-05-08,,,,,,,
1985-05-09,,,,,,,
1985-05-10,,,,,,,
1985-05-13,,,,,,,
1985-05-14,,,,,,,
1985-05-15,,,,,,,
1985-05-16,,,,,,,
1985-05-17,,,,,,,
1985-05-20,,,,,,,
1985-05-21,,,,,,,
1985-05-22,,,,,,,
1985-05-23,,,,,,,
1985-05-24,,,,,,,
1985-05-27,,,,,,,
1985-05-28,,,,,,,
1985-05-29,,,,,,,
1985-05-30,,,,,,,
1985-05-31,,,,,,,
1985-06-03,,,,,,,
1985-06-04,,,,,,,
1985-06-05,,,,,,,
1985-06-06,,,,,,,
1985-06-07,,,,,,,
1985-06-10,,,,,,,
1985-06-11,,,,,,,
1985-06-12,,,,,,,
1985-06-13,,,,,,,
1985-06-14,,,,,,,
1985-06-17,,,,,,,
1985-06-18,,,,,,,
1985-06-19,,,,,,,
1985-06-20,,,,,,,
1985-06-21,,,,,,,
1985-06-24,,,,,,,
1985-06-25,,,,,,,
1985-06-26,,,,,,,
1985-06-27,,,,,,,
1985-06-28,,,,,,,
1985-07-01,,,,,,,
1985-07-02,,,,,,,
1985-07-03,,,,,,,
1985-07-04,,,,,,,
1985-07-05,,,,,,,
1985-07-08,,,,,,,
1985-07-09,,,,,,,
1985-07-10,,,,,,,
1985-07-11,,,,,,,
1985-07-12,,,,,,,
1985-07-15,,,,,,,
1985-07-16,,,,,,,
1985-07-17,,,,,,,
1985-07-18,,,,,,,
1985-07-19,,,,,,,
1985-07-22,,,,,,,
1985-07-23,,,,,,,
1985-07-24,,,,,,,
1985-07-25,,,,,,,
1985-07-26,,,,,,,
1985-07-29,,,,,,,
1985-07-30,,,,,,,
1985-07-31,,,,,,,
1985-08-01,,,,,,,
1985-08-02,,,,,,,
1985-08-05,,,,,,,
1985-08-06,,,,,,,
1985-08-07,,,,,,,
1985-08-08,,,,,,,
1985-08-09,,,,,,,
1985-08-12,,,,,,,
1985-08-13,,,,,,,
1985-08-14,,,,,,,
1985-08-15,,,,,,,
1985-08-16,,,,,,,
1985-08-19,,,,,,,
1985-08-20,,,,,,,
1985-08-21,,,,,,,
1985-08-22,,,,,,,
1985-08-23,,,,,,,
1985-08-26,,,,,,,
1985-08-27,,,,,,,
1985-08-28,,,,,,,
1985-08-29,,,,,,,
1985-08-30,,,,,,,
1985-09-02,,,,,,,
1985-09-03,,,,,,,
1985-09-04,,,,,,,
1985-09-05,,,,,,,
1985-09-06,,,,,,,
1985-09-09,,,,,,,
1985-09-10,,,,,,,
1985-09-11,,,,,,,
1985-09-12,,,,,,,
1985-09-13,,,,,,,
1985-09-16,,,,,,,
1985-09-17,,,,,,,
1985-09-18,,,,,,,
1985-09-19,,,,,,,
1985-09-20,,,,,,,
1985-09-23,,,,,,,
1985-09-24,,,,,,,
1985-09-25,,,,,,,
1985-09-26,,,,,,,
1985-09-27,,,,,,,
1985-09-30,,,,,,,
1985-10-01,,,,,,,
1985-10-02,,,,,,,
1985-10-03,,,,,,,
1985-10-04,,,,,,,
1985-10-07,,,,,,,
1985-10-08,,,,,,,
1985-10-09,,,,,,,
1985-10-10,,,,,,,
1985-10-11,,,,,,,
1985-10-14,,,,,,,
1985-10-15,,,,,,,
1985-10-16,,,,,,,
1985-10-17,,,,,,,
1985-10-18,,,,,,,
1985-10-21,,,,,,,
1985-10-22,,,,,,,
1985-10-23,,,,,,,
1985-10-24,,,,,,,
1985-10-25,,,,,,,
1985-10-28,,,,,,,
1985-10-29,,,,,,,
1985-10-30,,,,,,,
1985-10-31,,,,,,,
1985-11-01,,,,,,,
1985-11-04,,,,,,,
1985-11-05,,,,,,,
1985-11-06,,,,,,,
1985-11-07,,,,,,,
1985-11-08,,,,,,,
1985-11-11,,,,,,,
1985-11-12,,,,,,,
1985-11-13,,,,,,,
1985-11-14,,,,,,,
1985-11-15,,,,,,,
1985-11-18,,,,,,,
1985-11-19,,,,,,,
1985-11-20,,,,,,,
1985-11-21,,,,,,,
1985-11-22,,,,,,,
1985-11-25,,,,,,,
1985-11-26,,,,,,,
1985-11-27,,,,,,,
1985-11-28,,,,,,,
1985-11-29,,,,,,,
1985-12-02,,,,,,,
1985-12-03,,,,,,,
1985-12-04,,,,,,,
1985-12-05,,,,,,,
1985-12-06,,,,,,,
1985-12-09,,,,,,,
1985-12-10,,,,,,,
1985-12-11,,,,,,,
1985-12-12,,,,,,,
1985-12-13,,,,,,,
1985-12-16,,,,,,,
1985-12-17,,,,,,,
1985-12-18,,,,,,,
1985-12-19,,,,,,,
1985-12-20,,,,,,,
1985-12-23,,,,,,,
1985-12-24,,,,,,,
1985-12-25,,,,,,,
1985-12-26,,,,,,,
1985-12-27,,,,,,,
1985-12-30,,,,,,,
1985-12-31,,,,,,,
1986-01-02,,,,,,,
1986-01-03,,,,,,,
1986-01-06,,,,,,,
1986-01-07,,,,,,,
1986-01-08,,,,,,,
1986-01-09,,,,,,,
1986-01-10,,,,,,,
1986-01-13,,,,,,,
1986-01-14,,,,,,,
1986-01-15,,,,,,,
1986-01-16,,,,,,,
1986-01-17,,,,,,,
1986-01-20,,,,,,,
1986-01-21,,,,,,,
1986-01-22,,,,,,,
1986-01-23,,,,,,,
1986-01-24,,,,,,,
1986-01-27,,,,,,,
1986-01-28,,,,,,,
1986-01-29,,,,,,,
1986-01-30,,,,,,,
1986-01-31,,,,,,,
1986-02-03,,,,,,,
1986-02-04,,,,,,,
1986-02-05,,,,,,,
1986-02-06,,,,,,,
1986-02-07,,,,,,,
1986-02-10,,,,,,,
1986-02-11,,,,,,,
1986-02-12,,,,,,,
1986-02-13,,,,,,,
1986-02-14,,,,,,,
1986-02-17,,,,,,,
1986-02-18,,,,,,,
1986-02-19,,,,,,,
1986-02-20,,,,,,,
1986-02-21,,,,,,,
1986-02-24,,,,,,,
1986-02-25,,,,,,,
1986-02-26,,,,,,,
1986-02-27,,,,,,,
1986-02-28,,,,,,,
1986-03-03,,,,,,,
1986-03-04,,,,,,,
1986-03-05,,,,,,,
1986-03-06,,,,,,,
1986-03-07,,,,,,,
1986-03-10,,,,,,,
1986-03-11,,,,,,,
1986-03-12,,,,,,,
1986-03-13,,,,,,,
1986-03-14,,,,,,,
1986-03-17,,,,,,,
1986-03-18,,,,,,,
1986-03-19,,,,,,,
1986-03-20,,,,,,,
1986-03-21,,,,,,,
1986-03-24,,,,,,,
1986-03-25,,,,,,,
1986-03-26,,,,,,,
1986-03-27,,,,,,,
1986-04-01,,,,,,,
1986-04-02,,,,,,,
1986-04-03,,,,,,,
1986-04-04,,,,,,,
1986-04-07,,,,,,,
1986-04-08,,,,,,,
1986-04-09,,,,,,,
1986-04-10,,,,,,,
1986-04-11,,,,,,,
1986-04-14,,,,,,,
1986-04-15,,,,,,,
1986-04-16,,,,,,,
1986-04-17,,,,,,,
1986-04-18,,,,,,,
1986-04-21,,,,,,,
1986-04-22,,,,,,,
1986-04-23,,,,,,,
1986-04-24,,,,,,,
1986-04-25,,,,,,,
1986-04-28,,,,,,,
1986-04-29,,,,,,,
1986-04-30,,,,,,,
1986-05-01,,,,,,,
1986-05-02,,,,,,,
1986-05-05,,,,,,,
1986-05-06,,,,,,,
1986-05-07,,,,,,,
1986-05-08,,,,,,,
1986-05-09,,,,,,,
1986-05-12,,,,,,,
1986-05-13,,,,,,,
1986-05-14,,,,,,,
1986-05-15,,,,,,,
1986-05-16,,,,,,,
1986-05-19,,,,,,,
1986-05-20,,,,,,,
1986-05-21,,,,,,,
1986-05-22,,,,,,,
1986-05-23,,,,,,,
1986-05-26,,,,,,,
1986-05-27,,,,,,,
1986-05-28,,,,,,,
1986-05-29,,,,,,,
1986-05-30,,,,,,,
1986-06-02,,,,,,,
1986-06-03,,,,,,,
1986-06-04,,,,,,,
1986-06-05,,,,,,,
1986-06-06,,,,,,,
1986-06-09,,,,,,,
1986-06-10,,,,,,,
1986-06-11,,,,,,,
1986-06-12,,,,,,,
1986-06-13,,,,,,,
1986-06-16,,,,,,,
1986-06-17,,,,,,,
1986-06-18,,,,,,,
1986-06-19,,,,,,,
1986-06-20,,,,,,,
1986-06-23,,,,,,,
1986-06-24,,,,,,,
1986-06-25,,,,,,,
1986-06-26,,,,,,,
1986-06-27,,,,,,,
1986-06-30,,,,,,,
1986-07-01,,,,,,,
1986-07-02,,,,,,,
1986-07-03,,,,,,,
1986-07-04,,,,,,,
1986-07-07,,,,,,,
1986-07-08,,,,,,,
1986-07-09,,,,,,,
1986-07-10,,,,,,,
1986-07-11,,,,,,,
1986-07-14,,,,,,,
1986-07-15,,,,,,,
1986-07-16,,,,,,,
1986-07-17,,,,,,,
1986-07-18,,,,,,,
1986-07-21,,,,,,,
1986-07-22,,,,,,,
1986-07-23,,,,,,,
1986-07-24,,,,,,,
1986-07-25,,,,,,,
1986-07-28,,,,,,,
1986-07-29,,,,,,,
1986-07-30,,,,,,,
1986-07-31,,,,,,,
1986-08-01,,,,,,,
1986-08-04,,,,,,,
1986-08-05,,,,,,,
1986-08-06,,,,,,,
1986-08-07,,,,,,,
1986-08-08,,,,,,,
1986-08-11,,,,,,,
1986-08-12,,,,,,,
1986-08-13,,,,,,,
1986-08-14,,,,,,,
1986-08-15,,,,,,,
1986-08-18,,,,,,,
1986-08-19,,,,,,,
1986-08-20,,,,,,,
1986-08-21,,,,,,,
1986-08-22,,,,,,,
1986-08-25,,,,,,,
1986-08-26,,,,,,,
1986-08-27,,,,,,,
1986-08-28,,,,,,,
1986-08-29,,,,,,,
1986-09-01,,,,,,,
1986-09-02,,,,,,,
1986-09-03,,,,,,,
1986-09-04,,,,,,,
1986-09-05,,,,,,,
1986-09-08,,,,,,,
1986-09-09,,,,,,,
1986-09-10,,,,,,,
1986-09-11,,,,,,,
1986-09-12,,,,,,,
1986-09-15,,,,,,,
1986-09-16,,,,,,,
1986-09-17,,,,,,,
1986-09-18,,,,,,,
1986-09-19,,,,,,,
1986-09-22,,,,,,,
1986-09-23,,,,,,,
1986-09-24,,,,,,,
1986-09-25,,,,,,,
1986-09-26,,,,,,,
1986-09-29,,,,,,,
1986-09-30,,,,,,,
1986-10-01,,,,,,,
1986-10-02,,,,,,,
1986-10-03,,,,,,,
1986-10-06,,,,,,,
1986-10-07,,,,,,,
1986-10-08,,,,,,,
1986-10-09,,,,,,,
1986-10-10,,,,,,,
1986-10-13,,,,,,,
1986-10-14,,,,,,,
1986-10-15,,,,,,,
1986-10-16,,,,,,,
1986-10-17,,,,,,,
1986-10-20,,,,,,,
1986-10-21,,,,,,,
1986-10-22,,,,,,,
1986-10-23,,,,,,,
1986-10-24,,,,,,,
1986-10-27,,,,,,,
1986-10-28,,,,,,,
1986-10-29,,,,,,,
1986-10-30,,,,,,,
1986-10-31,,,,,,,
1986-11-03,,,,,,,
1986-11-04,,,,,,,
1986-11-05,,,,,,,
1986-11-06,,,,,,,
1986-11-07,,,,,,,
1986-11-10,,,,,,,
1986-11-11,,,,,,,
1986-11-12,,,,,,,
1986-11-13,,,,,,,
1986-11-14,,,,,,,
1986-11-17,,,,,,,
1986-11-18,,,,,,,
1986-11-19,,,,,,,
1986-11-20,,,,,,,
1986-11-21,,,,,,,
1986-11-24,,,,,,,
1986-11-25,,,,,,,
1986-11-26,,,,,,,
1986-11-27,,,,,,,
1986-11-28,,,,,,,
1986-12-01,,,,,,,
1986-12-02,,,,,,,
1986-12-03,,,,,,,
1986-12-04,,,,,,,
1986-12-05,,,,,,,
1986-12-08,,,,,,,
1986-12-09,,,,,,,
1986-12-10,,,,,,,
1986-12-11,,,,,,,
1986-12-12,,,,,,,
1986-12-15,,,,,,,
1986-12-16,,,,,,,
1986-12-17,,,,,,,
1986-12-18,,,,,,,
1986-12-19,,,,,,,
1986-12-22,,,,,,,
1986-12-23,,,,,,,
1986-12-24,,,,,,,
1986-12-29,,,,,,,
1986-12-30,,,,,,,
1986-12-31,,,,,,,
1987-01-02,,,,,,,
1987-01-05,,,,,,,
1987-01-06,,,,,,,
1987-01-07,,,,,,,
1987-01-08,,,,,,,
1987-01-09,,,,,,,
1987-01-12,,,,,,,
1987-01-13,,,,,,,
1987-01-14,,,,,,,
1987-01-15,,,,,,,
1987-01-16,,,,,,,
1987-01-19,,,,,,,
1987-01-20,,,,,,,
1987-01-21,,,,,,,
1987-01-22,,,,,,,
1987-01-23,,,,,,,
1987-01-26,,,,,,,
1987-01-27,,,,,,,
1987-01-28,,,,,,,
1987-01-29,,,,,,,
1987-01-30,,,,,,,
1987-02-02,,,,,,,
1987-02-03,,,,,,,
1987-02-04,,,,,,,
1987-02-05,,,,,,,
1987-02-06,,,,,,,
1987-02-09,,,,,,,
1987-02-10,,,,,,,
1987-02-11,,,,,,,
1987-02-12,,,,,,,
1987-02-13,,,,,,,
1987-02-16,,,,,,,
1987-02-17,,,,,,,
1987-02-18,,,,,,,
1987-02-19,,,,,,,
1987-02-20,,,,,,,
1987-02-23,,,,,,,
1987-02-24,,,,,,,
1987-02-25,,,,,,,
1987-02-26,,,,,,,
1987-02-27,,,,,,,
1987-03-02,,,,,,,
1987-03-03,,,,,,,
1987-03-04,,,,,,,
1987-03-05,,,,,,,
1987-03-06,,,,,,,
1987-03-09,,,,,,,
1987-03-10,,,,,,,
1987-03-11,,,,,,,
1987-03-12,,,,,,,
1987-03-13,,,,,,,
1987-03-16,,,,,,,
1987-03-17,,,,,,,
1987-03-18,,,,,,,
1987-03-19,,,,,,,
1987-03-20,,,,,,,
1987-03-23,,,,,,,
1987-03-24,,,,,,,
1987-03-25,,,,,,,
1987-03-26,,,,,,,
1987-03-27,,,,,,,
1987-03-30,,,,,,,
1987-03-31,,,,,,,
1987-04-01,,,,,,,
1987-04-02,,,,,,,
1987-04-03,,,,,,,
1987-04-06,,,,,,,
1987-04-07,,,,,,,
1987-04-08,,,,,,,
1987-04-09,,,,,,,
1987-04-10,,,,,,,
1987-04-13,,,,,,,
1987-04-14,,,,,,,
1987-04-15,,,,,,,
1987-04-16,,,,,,,
1987-04-21,,,,,,,
1987-04-22,,,,,,,
1987-04-23,,,,,,,
1987-04-24,,,,,,,
1987-04-27,,,,,,,
1987-04-28,,,,,,,
1987-04-29,,,,,,,
1987-04-30,,,,,,,
1987-05-01,,,,,,,
1987-05-04,,,,,,,
1987-05-05,,,,,,,
1987-05-06,,,,,,,
1987-05-07,,,,,,,
1987-05-08,,,,,,,
1987-05-11,,,,,,,
1987-05-12,,,,,,,
1987-05-13,,,,,,,
1987-05-14,,,,,,,
1987-05-15,,,,,,,
1987-05-18,,,,,,,
1987-05-19,,,,,,,
1987-05-20,,,,,,,
1987-05-21,,,,,,,
1987-05-22,,,,,,,
1987-05-25,,,,,,,
1987-05-26,,,,,,,
1987-05-27,,,,,,,
1987-05-28,,,,,,,
1987-05-29,,,,,,,
1987-06-01,,,,,,,
1987-06-02,,,,,,,
1987-06-03,,,,,,,
1987-06-04,,,,,,,
1987-06-05,,,,,,,
1987-06-08,,,,,,,
1987-06-09,,,,,,,
1987-06-10,,,,,,,
1987-06-11,,,,,,,
1987-06-12,,,,,,,
1987-06-15,,,,,,,
1987-06-16,,,,,,,
1987-06-17,,,,,,,
1987-06-18,,,,,,,
1987-06-19,,,,,,,
1987-06-22,,,,,,,
1987-06-23,,,,,,,
1987-06-24,,,,,,,
1987-06-25,,,,,,,
1987-06-26,,,,,,,
1987-06-29,,,,,,,
1987-06-30,,,,,,,
1987-07-01,,,,,,,
1987-07-02,,,,,,,
1987-07-03,,,,,,,
1987-07-06,,,,,,,
1987-07-07,,,,,,,
1987-07-08,,,,,,,
1987-07-09,,,,,,,
1987-07-10,,,,,,,
1987-07-13,,,,,,,
1987-07-14,,,,,,,
1987-07-15,,,,,,,
1987-07-16,,,,,,,
1987-07-17,,,,,,,
1987-07-20,,,,,,,
1987-07-21,,,,,,,
1987-07-22,,,,,,,
1987-07-23,,,,,,,
1987-07-24,,,,,,,
1987-07-27,,,,,,,
1987-07-28,,,,,,,
1987-07-29,,,,,,,
1987-07-30,,,,,,,
1987-07-31,,,,,,,
1987-08-03,,,,,,,
1987-08-04,,,,,,,
1987-08-05,,,,,,,
1987-08-06,,,,,,,
1987-08-07,,,,,,,
1987-08-10,,,,,,,
1987-08-11,,,,,,,
1987-08-12,,,,,,,
1987-08-13,,,,,,,
1987-08-14,,,,,,,
1987-08-17,,,,,,,
1987-08-18,,,,,,,
1987-08-19,,,,,,,
1987-08-20,,,,,,,
1987-08-21,,,,,,,
1987-08-24,,,,,,,
1987-08-25,,,,,,,
1987-08-26,,,,,,,
1987-08-27,,,,,,,
1987-08-28,,,,,,,
1987-08-31,,,,,,,
1987-09-01,,,,,,,
1987-09-02,,,,,,,
1987-09-03,,,,,,,
1987-09-04,,,,,,,
1987-09-07,,,,,,,
1987-09-08,,,,,,,
1987-09-09,,,,,,,
1987-09-10,,,,,,,
1987-09-11,,,,,,,
1987-09-14,,,,,,,
1987-09-15,,,,,,,
1987-09-16,,,,,,,
1987-09-17,,,,,,,
1987-09-18,,,,,,,
1987-09-21,,,,,,,
1987-09-22,,,,,,,
1987-09-23,,,,,,,
1987-09-24,,,,,,,
1987-09-25,,,,,,,
1987-09-28,,,,,,,
1987-09-29,,,,,,,
1987-09-30,,,,,,,
1987-10-01,,,,,,,
1987-10-02,,,,,,,
1987-10-05,,,,,,,
1987-10-06,,,,,,,
1987-10-07,,,,,,,
1987-10-08,,,,,,,
1987-10-09,,,,,,,
1987-10-12,,,,,,,
1987-10-13,,,,,,,
1987-10-14,,,,,,,
1987-10-15,,,,,,,
1987-10-16,,,,,,,
1987-10-19,,,,,,,
1987-10-20,,,,,,,
1987-10-21,,,,,,,
1987-10-22,,,,,,,
1987-10-23,,,,,,,
1987-10-26,,,,,,,
1987-10-27,,,,,,,
1987-10-28,,,,,,,
1987-10-29,,,,,,,
1987-10-30,,,,,,,
1987-11-02,,,,,,,
1987-11-03,,,,,,,
1987-11-04,,,,,,,
1987-11-05,,,,,,,
1987-11-06,,,,,,,
1987-11-09,,,,,,,
1987-11-10,,,,,,,
1987-11-11,,,,,,,
1987-11-12,,,,,,,
1987-11-13,,,,,,,
1987-11-16,,,,,,,
1987-11-17,,,,,,,
1987-11-18,,,,,,,
1987-11-19,,,,,,,
1987-11-20,,,,,,,
1987-11-23,,,,,,,
1987-11-24,,,,,,,
1987-11-25,,,,,,,
1987-11-26,,,,,,,
1987-11-27,,,,,,,
1987-11-30,,,,,,,
1987-12-01,,,,,,,
1987-12-02,,,,,,,
1987-12-03,,,,,,,
1987-12-04,,,,,,,
1987-12-07,,,,,,,
1987-12-08,,,,,,,
1987-12-09,,,,,,,
1987-12-10,,,,,,,
1987-12-11,,,,,,,
1987-12-14,,,,,,,
1987-12-15,,,,,,,
1987-12-16,,,,,,,
1987-12-17,,,,,,,
1987-12-18,,,,,,,
1987-12-21,,,,,,,
1987-12-22,,,,,,,
1987-12-23,,,,,,,
1987-12-24,,,,,,,
1987-12-28,,,,,,,
1987-12-29,,,,,,,
1987-12-30,,,,,,,
1987-12-31,,,,,,,
1988-01-04,,,,,,,
1988-01-05,,,,,,,
1988-01-06,,,,,,,
1988-01-07,,,,,,,
1988-01-08,,,,,,,
1988-01-11,,,,,,,
1988-01-12,,,,,,,
1988-01-13,,,,,,,
1988-01-14,,,,,,,
1988-01-15,,,,,,,
1988-01-18,,,,,,,
1988-01-19,,,,,,,
1988-01-20,,,,,,,
1988-01-21,,,,,,,
1988-01-22,,,,,,,
1988-01-25,,,,,,,
1988-01-26,,,,,,,
1988-01-27,,,,,,,
1988-01-28,,,,,,,
1988-01-29,,,,,,,
1988-02-01,,,,,,,
1988-02-02,,,,,,,
1988-02-03,,,,,,,
1988-02-04,,,,,,,
1988-02-05,,,,,,,
1988-02-06,,,,,,,
1988-02-08,,,,,,,
1988-02-09,,,,,,,
1988-02-10,,,,,,,
1988-02-11,,,,,,,
1988-02-12,,,,,,,
1988-02-15,,,,,,,
1988-02-16,,,,,,,
1988-02-17,,,,,,,
1988-02-18,,,,,,,
1988-02-19,,,,,,,
1988-02-22,,,,,,,
1988-02-23,,,,,,,
1988-02-24,,,,,,,
1988-02-25,,,,,,,
1988-02-26,,,,,,,
1988-02-29,,,,,,,
1988-03-01,,,,,,,
1988-03-02,,,,,,,
1988-03-03,,,,,,,
1988-03-04,,,,,,,
1988-03-07,,,,,,,
1988-03-08,,,,,,,
1988-03-09,,,,,,,
1988-03-10,,,,,,,
1988-03-11,,,,,,,
1988-03-14,,,,,,,
1988-03-15,,,,,,,
1988-03-16,,,,,,,
1988-03-17,,,,,,,
1988-03-18,,,,,,,
1988-03-21,,,,,,,
1988-03-22,,,,,,,
1988-03-23,,,,,,,
1988-03-24,,,,,,,
1988-03-25,,,,,,,
1988-03-28,,,,,,,
1988-03-29,,,,,,,
1988-03-30,,,,,,,
1988-03-31,,,,,,,
1988-04-05,,,,,,,
1988-04-06,,,,,,,
1988-04-07,,,,,,,
1988-04-08,,,,,,,
1988-04-11,,,,,,,
1988-04-12,,,,,,,
1988-04-13,,,,,,,
1988-04-14,,,,,,,
1988-04-15,,,,,,,
1988-04-18,,,,,,,
1988-04-19,,,,,,,
1988-04-20,,,,,,,
1988-04-21,,,,,,,
1988-04-22,,,,,,,
1988-04-25,,,,,,,
1988-04-26,,,,,,,
1988-04-27,,,,,,,
1988-04-28,,,,,,,
1988-04-29,,,,,,,
1988-05-02,,,,,,,
1988-05-03,,,,,,,
1988-05-04,,,,,,,
1988-05-05,,,,,,,
1988-05-06,,,,,,,
1988-05-09,,,,,,,
1988-05-10,,,,,,,
1988-05-11,,,,,,,
1988-05-12,,,,,,,
1988-05-13,,,,,,,
1988-05-16,,,,,,,
1988-05-17,,,,,,,
1988-05-18,,,,,,,
1988-05-19,,,,,,,
1988-05-20,,,,,,,
1988-05-23,,,,,,,
1988-05-24,,,,,,,
1988-05-25,,,,,,,
1988-05-26,,,,,,,
1988-05-27,,,,,,,
1988-05-30,,,,,,,
1988-05-31,,,,,,,
1988-06-01,,,,,,,
1988-06-02,,,,,,,
1988-06-03,,,,,,,
1988-06-06,,,,,,,
1988-06-07,,,,,,,
1988-06-08,,,,,,,
1988-06-09,,,,,,,
1988-06-10,,,,,,,
1988-06-13,,,,,,,
1988-06-14,,,,,,,
1988-06-15,,,,,,,
1988-06-16,,,,,,,
1988-06-17,,,,,,,
1988-06-20,,,,,,,
1988-06-21,,,,,,,
1988-06-22,,,,,,,
1988-06-23,,,,,,,
1988-06-24,,,,,,,
1988-06-27,,,,,,,
1988-06-28,,,,,,,
1988-06-29,,,,,,,
1988-06-30,,,,,,,
1988-07-01,,,,,,,
1988-07-04,,,,,,,
1988-07-05,,,,,,,
1988-07-06,,,,,,,
1988-07-07,,,,,,,
1988-07-08,,,,,,,
1988-07-11,,,,,,,
1988-07-12,,,,,,,
1988-07-13,,,,,,,
1988-07-14,,,,,,,
1988-07-15,,,,,,,
1988-07-18,,,,,,,
1988-07-19,,,,,,,
1988-07-20,,,,,,,
1988-07-21,,,,,,,
1988-07-22,,,,,,,
1988-07-25,,,,,,,
1988-07-26,,,,,,,
1988-07-27,,,,,,,
1988-07-28,,,,,,,
1988-07-29,,,,,,,
1988-08-01,,,,,,,
1988-08-02,,,,,,,
1988-08-03,,,,,,,
1988-08-04,,,,,,,
1988-08-05,,,,,,,
1988-08-08,,,,,,,
1988-08-09,,,,,,,
1988-08-10,,,,,,,
1988-08-11,,,,,,,
1988-08-12,,,,,,,
1988-08-15,,,,,,,
1988-08-16,,,,,,,
1988-08-17,,,,,,,
1988-08-18,,,,,,,
1988-08-19,,,,,,,
1988-08-22,,,,,,,
1988-08-23,,,,,,,
1988-08-24,,,,,,,
1988-08-25,,,,,,,
1988-08-26,,,,,,,
1988-08-29,,,,,,,
1988-08-30,,,,,,,
1988-08-31,,,,,,,
1988-09-01,,,,,,,
1988-09-02,,,,,,,
1988-09-05,,,,,,,
1988-09-06,,,,,,,
1988-09-07,,,,,,,
1988-09-08,,,,,,,
1988-09-09,,,,,,,
1988-09-12,,,,,,,
1988-09-13,,,,,,,
1988-09-14,,,,,,,
1988-09-15,,,,,,,
1988-09-16,,,,,,,
1988-09-19,,,,,,,
1988-09-20,,,,,,,
1988-09-21,,,,,,,
1988-09-22,,,,,,,
1988-09-23,,,,,,,
1988-09-26,,,,,,,
1988-09-27,,,,,,,
1988-09-28,,,,,,,
1988-09-29,,,,,,,
1988-09-30,,,,,,,
1988-10-03,,,,,,,
1988-10-04,,,,,,,
1988-10-05,,,,,,,
1988-10-06,,,,,,,
1988-10-07,,,,,,,
1988-10-10,,,,,,,
1988-10-11,,,,,,,
1988-10-12,,,,,,,
1988-10-13,,,,,,,
1988-10-14,,,,,,,
1988-10-17,,,,,,,
1988-10-18,,,,,,,
1988-10-19,,,,,,,
1988-10-20,,,,,,,
1988-10-21,,,,,,,
1988-10-24,,,,,,,
1988-10-25,,,,,,,
1988-10-26,,,,,,,
1988-10-27,,,,,,,
1988-10-28,,,,,,,
1988-10-31,,,,,,,
1988-11-01,,,,,,,
1988-11-02,,,,,,,
1988-11-03,,,,,,,
1988-11-04,,,,,,,
1988-11-07,,,,,,,
1988-11-08,,,,,,,
1988-11-09,,,,,,,
1988-11-10,,,,,,,
1988-11-11,,,,,,,
1988-11-14,,,,,,,
1988-11-15,,,,,,,
1988-11-16,,,,,,,
1988-11-17,,,,,,,
1988-11-18,,,,,,,
1988-11-21,,,,,,,
1988-11-22,,,,,,,
1988-11-23,,,,,,,
1988-11-24,,,,,,,
1988-11-25,,,,,,,
1988-11-28,,,,,,,
1988-11-29,,,,,,,
1988-11-30,,,,,,,
1988-12-01,,,,,,,
1988-12-02,,,,,,,
1988-12-05,,,,,,,
1988-12-06,,,,,,,
1988-12-07,,,,,,,
1988-12-08,,,,,,,
1988-12-09,,,,,,,
1988-12-12,,,,,,,
1988-12-13,,,,,,,
1988-12-14,,,,,,,
1988-12-15,,,,,,,
1988-12-16,,,,,,,
1988-12-19,,,,,,,
1988-12-20,,,,,,,
1988-12-21,,,,,,,
1988-12-22,,,,,,,
1988-12-23,,,,,,,
1988-12-26,,,,,,,
1988-12-27,,,,,,,
1988-12-28,,,,,,,
1988-12-29,,,,,,,
1988-12-30,,,,,,,
1989-01-02,,,,,,,
1989-01-03,,,,,,,
1989-01-04,,,,,,,
1989-01-05,,,,,,,
1989-01-06,,,,,,,
1989-01-09,,,,,,,
1989-01-10,,,,,,,
1989-01-11,,,,,,,
1989-01-12,,,,,,,
1989-01-13,,,,,,,
1989-01-16,,,,,,,
1989-01-17,,,,,,,
1989-01-18,,,,,,,
1989-01-19,,,,,,,
1989-01-20,,,,,,,
1989-01-23,,,,,,,
1989-01-24,,,,,,,
1989-01-25,,,,,,,
1989-01-26,,,,,,,
1989-01-27,,,,,,,
1989-01-30,,,,,,,
1989-01-31,,,,,,,
1989-02-01,,,,,,,
1989-02-02,,,,,,,
1989-02-03,,,,,,,
1989-02-06,,,,,,,
1989-02-07,,,,,,,
1989-02-08,,,,,,,
1989-02-09,,,,,,,
1989-02-10,,,,,,,
1989-02-13,,,,,,,
1989-02-14,,,,,,,
1989-02-15,,,,,,,
1989-02-16,,,,,,,
1989-02-17,,,,,,,
1989-02-20,,,,,,,
1989-02-21,,,,,,,
1989-02-22,,,,,,,
1989-02-23,,,,,,,
1989-02-24,,,,,,,
1989-02-27,,,,,,,
1989-02-28,,,,,,,
1989-03-01,,,,,,,
1989-03-02,,,,,,,
1989-03-03,,,,,,,
1989-03-06,,,,,,,
1989-03-07,,,,,,,
1989-03-08,,,,,,,
1989-03-09,,,,,,,
1989-03-10,,,,,,,
1989-03-13,,,,,,,
1989-03-14,,,,,,,
1989-03-15,,,,,,,
1989-03-16,,,,,,,
1989-03-17,,,,,,,
1989-03-20,,,,,,,
1989-03-21,,,,,,,
1989-03-22,,,,,,,
1989-03-23,,,,,,,
1989-03-24,,,,,,,
1989-03-27,,,,,,,
1989-03-28,,,,,,,
1989-03-29,,,,,,,
1989-03-30,,,,,,,
1989-03-31,,,,,,,
1989-04-03,,,,,,,
1989-04-04,,,,,,,
1989-04-05,,,,,,,
1989-04-06,,,,,,,
1989-04-07,,,,,,,
1989-04-10,,,,,,,
1989-04-11,,,,,,,
1989-04-12,,,,,,,
1989-04-13,,,,,,,
1989-04-14,,,,,,,
1989-04-17,,,,,,,
1989-04-18,,,,,,,
1989-04-19,,,,,,,
1989-04-20,,,,,,,
1989-04-21,,,,,,,
1989-04-24,,,,,,,
1989-04-25,,,,,,,
1989-04-26,,,,,,,
1989-04-27,,,,,,,
1989-04-28,,,,,,,
1989-05-01,,,,,,,
1989-05-02,,,,,,,
1989-05-03,,,,,,,
1989-05-04,,,,,,,
1989-05-05,,,,,,,
1989-05-08,,,,,,,
1989-05-09,,,,,,,
1989-05-10,,,,,,,
1989-05-11,,,,,,,
1989-05-12,,,,,,,
1989-05-15,,,,,,,
1989-05-16,,,,,,,
1989-05-17,,,,,,,
1989-05-18,,,,,,,
1989-05-19,,,,,,,
1989-05-22,,,,,,,
1989-05-23,,,,,,,
1989-05-24,,,,,,,
1989-05-25,,,,,,,
1989-05-26,,,,,,,
1989-05-29,,,,,,,
1989-05-30,,,,,,,
1989-05-31,,,,,,,
1989-06-01,,,,,,,
1989-06-02,,,,,,,
1989-06-05,,,,,,,
1989-06-06,,,,,,,
1989-06-07,,,,,,,
1989-06-08,,,,,,,
1989-06-09,,,,,,,
1989-06-12,,,,,,,
1989-06-13,,,,,,,
1989-06-14,,,,,,,
1989-06-15,,,,,,,
1989-06-16,,,,,,,
1989-06-19,,,,,,,
1989-06-20,,,,,,,
1989-06-21,,,,,,,
1989-06-22,,,,,,,
1989-06-23,,,,,,,
1989-06-26,,,,,,,
1989-06-27,,,,,,,
1989-06-28,,,,,,,
1989-06-29,,,,,,,
1989-06-30,,,,,,,
1989-07-03,,,,,,,
1989-07-04,,,,,,,
1989-07-05,,,,,,,
1989-07-06,,,,,,,
1989-07-07,,,,,,,
1989-07-10,,,,,,,
1989-07-11,,,,,,,
1989-07-12,,,,,,,
1989-07-13,,,,,,,
1989-07-14,,,,,,,
1989-07-17,,,,,,,
1989-07-18,,,,,,,
1989-07-19,,,,,,,
1989-07-20,,,,,,,
1989-07-21,,,,,,,
1989-07-24,,,,,,,
1989-07-25,,,,,,,
1989-07-26,,,,,,,
1989-07-27,,,,,,,
1989-07-28,,,,,,,
1989-07-31,,,,,,,
1989-08-01,,,,,,,
1989-08-02,,,,,,,
1989-08-03,,,,,,,
1989-08-04,,,,,,,
1989-08-07,,,,,,,
1989-08-08,,,,,,,
1989-08-09,,,,,,,
1989-08-10,,,,,,,
1989-08-11,,,,,,,
1989-08-14,,,,,,,
1989-08-15,,,,,,,
1989-08-16,,,,,,,
1989-08-17,,,,,,,
1989-08-18,,,,,,,
1989-08-21,,,,,,,
1989-08-22,,,,,,,
1989-08-23,,,,,,,
1989-08-24,,,,,,,
1989-08-25,,,,,,,
1989-08-28,,,,,,,
1989-08-29,,,,,,,
1989-08-30,,,,,,,
1989-08-31,,,,,,,
1989-09-01,,,,,,,
1989-09-04,,,,,,,
1989-09-05,,,,,,,
1989-09-06,,,,,,,
1989-09-07,,,,,,,
1989-09-08,,,,,,,
1989-09-11,,,,,,,
1989-09-12,,,,,,,
1989-09-13,,,,,,,
1989-09-14,,,,,,,
1989-09-15,,,,,,,
1989-09-18,,,,,,,
1989-09-19,,,,,,,
1989-09-20,,,,,,,
1989-09-21,,,,,,,
1989-09-22,,,,,,,
1989-09-25,,,,,,,
1989-09-26,,,,,,,
1989-09-27,,,,,,,
1989-09-28,,,,,,,
1989-09-29,,,,,,,
1989-10-02,,,,,,,
1989-10-03,,,,,,,
1989-10-04,,,,,,,
1989-10-05,,,,,,,
1989-10-06,,,,,,,
1989-10-09,,,,,,,
1989-10-10,,,,,,,
1989-10-11,,,,,,,
1989-10-12,,,,,,,
1989-10-13,,,,,,,
1989-10-16,,,,,,,
1989-10-17,,,,,,,
1989-10-18,,,,,,,
1989-10-19,,,,,,,
1989-10-20,,,,,,,
1989-10-23,,,,,,,
1989-10-24,,,,,,,
1989-10-25,,,,,,,
1989-10-26,,,,,,,
1989-10-27,,,,,,,
1989-10-30,,,,,,,
1989-10-31,,,,,,,
1989-11-01,,,,,,,
1989-11-02,,,,,,,
1989-11-03,,,,,,,
1989-11-06,,,,,,,
1989-11-07,,,,,,,
1989-11-08,,,,,,,
1989-11-09,,,,,,,
1989-11-10,,,,,,,
1989-11-13,,,,,,,
1989-11-14,,,,,,,
1989-11-15,,,,,,,
1989-11-16,,,,,,,
1989-11-17,,,,,,,
1989-11-20,,,,,,,
1989-11-21,,,,,,,
1989-11-22,,,,,,,
1989-11-23,,,,,,,
1989-11-24,,,,,,,
1989-11-27,,,,,,,
1989-11-28,,,,,,,
1989-11-29,,,,,,,
1989-11-30,,,,,,,
1989-12-01,,,,,,,
1989-12-04,,,,,,,
1989-12-05,,,,,,,
1989-12-06,,,,,,,
1989-12-07,,,,,,,
1989-12-08,,,,,,,
1989-12-11,,,,,,,
1989-12-12,,,,,,,
1989-12-13,,,,,,,
1989-12-14,,,,,,,
1989-12-15,,,,,,,
1989-12-18,,,,,,,
1989-12-19,,,,,,,
1989-12-20,,,,,,,
1989-12-21,,,,,,,
1989-12-22,,,,,,,
1989-12-25,,,,,,,
1989-12-26,,,,,,,
1989-12-27,,,,,,,
1989-12-28,,,,,,,
1989-12-29,,,,,,,
1990-01-01,,,,,,,
1990-01-02,,,,,,,
1990-01-03,,,,,,,
1990-01-04,,,,,,,
1990-01-05,,,,,,,
1990-01-08,,,,,,,
1990-01-09,,,,,,,
1990-01-10,,,,,,,
1990-01-11,,,,,,,
1990-01-12,,,,,,,
1990-01-15,,,,,,,
1990-01-16,,,,,,,
1990-01-17,,,,,,,
1990-01-18,,,,,,,
1990-01-19,,,,,,,
1990-01-22,,,,,,,
1990-01-23,,,,,,,
1990-01-24,,,,,,,
1990-01-25,,,,,,,
1990-01-26,,,,,,,
1990-01-29,,,,,,,
1990-01-30,,,,,,,
1990-01-31,,,,,,,
1990-02-01,,,,,,,
1990-02-02,,,,,,,
1990-02-05,,,,,,,
1990-02-06,,,,,,,
1990-02-07,,,,,,,
1990-02-08,,,,,,,
1990-02-09,,,,,,,
1990-02-12,,,,,,,
1990-02-13,,,,,,,
1990-02-14,,,,,,,
1990-02-15,,,,,,,
1990-02-16,,,,,,,
1990-02-19,,,,,,,
1990-02-20,,,,,,,
1990-02-21,,,,,,,
1990-02-22,,,,,,,
1990-02-23,,,,,,,
1990-02-26,,,,,,,
1990-02-27,,,,,,,
1990-02-28,,,,,,,
1990-03-01,,,,,,,
1990-03-02,,,,,,,
1990-03-05,,,,,,,
1990-03-06,,,,,,,
1990-03-07,,,,,,,
1990-03-08,,,,,,,
1990-03-09,,,,,,,
1990-03-12,,,,,,,
1990-03-13,,,,,,,
1990-03-14,,,,,,,
1990-03-15,,,,,,,
1990-03-16,,,,,,,
1990-03-19,,,,,,,
1990-03-20,,,,,,,
1990-03-21,,,,,,,
1990-03-22,,,,,,,
1990-03-23,,,,,,,
1990-03-26,,,,,,,
1990-03-27,,,,,,,
1990-03-28,,,,,,,
1990-03-29,,,,,,,
1990-03-30,,,,,,,
1990-04-02,,,,,,,
1990-04-03,,,,,,,
1990-04-04,,,,,,,
1990-04-05,,,,,,,
1990-04-06,,,,,,,
1990-04-09,,,,,,,
1990-04-10,,,,,,,
1990-04-11,,,,,,,
1990-04-12,,,,,,,
1990-04-13,,,,,,,
1990-04-16,,,,,,,
1990-04-17,,,,,,,
1990-04-18,,,,,,,
1990-04-19,,,,,,,
1990-04-20,,,,,,,
1990-04-23,,,,,,,
1990-04-24,,,,,,,
1990-04-25,,,,,,,
1990-04-26,,,,,,,
1990-04-27,,,,,,,
1990-04-30,,,,,,,
1990-05-01,,,,,,,
1990-05-02,,,,,,,
1990-05-03,,,,,,,
1990-05-04,,,,,,,
1990-05-07,,,,,,,
1990-05-08,,,,,,,
1990-05-09,,,,,,,
1990-05-10,,,,,,,
1990-05-11,,,,,,,
1990-05-14,,,,,,,
1990-05-15,,,,,,,
1990-05-16,,,,,,,
1990-05-17,,,,,,,
1990-05-18,,,,,,,
1990-05-21,,,,,,,
1990-05-22,,,,,,,
1990-05-23,,,,,,,
1990-05-24,,,,,,,
1990-05-25,,,,,,,
1990-05-28,,,,,,,
1990-05-29,,,,,,,
1990-05-30,,,,,,,
1990-05-31,,,,,,,
1990-06-01,,,,,,,
1990-06-04,,,,,,,
1990-06-05,,,,,,,
1990-06-06,,,,,,,
1990-06-07,,,,,,,
1990-06-08,,,,,,,
1990-06-11,,,,,,,
1990-06-12,,,,,,,
1990-06-13,,,,,,,
1990-06-14,,,,,,,
1990-06-15,,,,,,,
1990-06-18,,,,,,,
1990-06-19,,,,,,,
1990-06-20,,,,,,,
1990-06-21,,,,,,,
1990-06-22,,,,,,,
1990-06-25,,,,,,,
1990-06-26,,,,,,,
1990-06-27,,,,,,,
1990-06-28,,,,,,,
1990-06-29,,,,,,,
1990-07-02,,,,,,,
1990-07-03,,,,,,,
1990-07-04,,,,,,,
1990-07-05,,,,,,,
1990-07-06,,,,,,,
1990-07-09,,,,,,,
1990-07-10,,,,,,,
1990-07-11,,,,,,,
1990-07-12,,,,,,,
1990-07-13,,,,,,,
1990-07-16,,,,,,,
1990-07-17,,,,,,,
1990-07-18,,,,,,,
1990-07-19,,,,,,,
1990-07-20,,,,,,,
1990-07-23,,,,,,,
1990-07-24,,,,,,,
1990-07-25,,,,,,,
1990-07-26,,,,,,,
1990-07-27,,,,,,,
1990-07-30,,,,,,,
1990-07-31,,,,,,,
1990-08-01,,,,,,,
1990-08-02,,,,,,,
1990-08-03,,,,,,,
1990-08-06,,,,,,,
1990-08-07,,,,,,,
1990-08-08,,,,,,,
1990-08-09,,,,,,,
1990-08-10,,,,,,,
1990-08-13,,,,,,,
1990-08-14,,,,,,,
1990-08-15,,,,,,,
1990-08-16,,,,,,,
1990-08-17,,,,,,,
1990-08-20,,,,,,,
1990-08-21,,,,,,,
1990-08-22,,,,,,,
1990-08-23,,,,,,,
1990-08-24,,,,,,,
1990-08-27,,,,,,,
1990-08-28,,,,,,,
1990-08-29,,,,,,,
1990-08-30,,,,,,,
1990-08-31,,,,,,,
1990-09-03,,,,,,,
1990-09-04,,,,,,,
1990-09-05,,,,,,,
1990-09-06,,,,,,,
1990-09-07,,,,,,,
1990-09-10,,,,,,,
1990-09-11,,,,,,,
1990-09-12,,,,,,,
1990-09-13,,,,,,,
1990-09-14,,,,,,,
1990-09-17,,,,,,,
1990-09-18,,,,,,,
1990-09-19,,,,,,,
1990-09-20,,,,,,,
1990-09-21,,,,,,,
1990-09-24,,,,,,,
1990-09-25,,,,,,,
1990-09-26,,,,,,,
1990-09-27,,,,,,,
1990-09-28,,,,,,,
1990-10-01,,,,,,,
1990-10-02,,,,,,,
1990-10-03,,,,,,,
1990-10-04,,,,,,,
1990-10-05,,,,,,,
1990-10-08,,,,,,,
1990-10-09,,,,,,,
1990-10-10,,,,,,,
1990-10-11,,,,,,,
1990-10-12,,,,,,,
1990-10-15,,,,,,,
1990-10-16,,,,,,,
1990-10-17,,,,,,,
1990-10-18,,,,,,,
1990-10-19,,,,,,,
1990-10-22,,,,,,,
1990-10-23,,,,,,,
1990-10-24,,,,,,,
1990-10-25,,,,,,,
1990-10-26,,,,,,,
1990-10-29,,,,,,,
1990-10-30,,,,,,,
1990-10-31,,,,,,,
1990-11-01,,,,,,,
1990-11-02,,,,,,,
1990-11-05,,,,,,,
1990-11-06,,,,,,,
1990-11-07,,,,,,,
1990-11-08,,,,,,,
1990-11-09,,,,,,,
1990-11-12,,,,,,,
1990-11-13,,,,,,,
1990-11-14,,,,,,,
1990-11-15,,,,,,,
1990-11-16,,,,,,,
1990-11-19,,,,,,,
1990-11-20,,,,,,,
1990-11-21,,,,,,,
1990-11-22,,,,,,,
1990-11-23,,,,,,,
1990-11-26,,,,,,,
1990-11-27,,,,,,,
1990-11-28,,,,,,,
1990-11-29,,,,,,,
1990-11-30,,,,,,,
1990-12-03,,,,,,,
1990-12-04,,,,,,,
1990-12-05,,,,,,,
1990-12-06,,,,,,,
1990-12-07,,,,,,,
1990-12-10,,,,,,,
1990-12-11,,,,,,,
1990-12-12,,,,,,,
1990-12-13,,,,,,,
1990-12-14,,,,,,,
1990-12-17,,,,,,,
1990-12-18,,,,,,,
1990-12-19,,,,,,,
1990-12-20,,,,,,,
1990-12-21,,,,,,,
1990-12-24,,,,,,,
1990-12-25,,,,,,,
1990-12-26,,,,,,,
1990-12-27,,,,,,,
1990-12-28,,,,,,,
1990-12-31,,,,,,,
1991-01-01,,,,,,,
1991-01-02,,,,,,,
1991-01-03,,,,,,,
1991-01-04,,,,,,,
1991-01-07,,,,,,,
1991-01-08,,,,,,,
1991-01-09,,,,,,,
1991-01-10,,,,,,,
1991-01-11,,,,,,,
1991-01-14,,,,,,,
1991-01-15,,,,,,,
1991-01-16,,,,,,,
1991-01-17,,,,,,,
1991-01-18,,,,,,,
1991-01-21,,,,,,,
1991-01-22,,,,,,,
1991-01-23,,,,,,,
1991-01-24,,,,,,,
1991-01-25,,,,,,,
1991-01-28,,,,,,,
1991-01-29,,,,,,,
1991-01-30,,,,,,,
1991-01-31,,,,,,,
1991-02-01,,,,,,,
1991-02-04,,,,,,,
1991-02-05,,,,,,,
1991-02-06,,,,,,,
1991-02-07,,,,,,,
1991-02-08,,,,,,,
1991-02-11,,,,,,,
1991-02-12,,,,,,,
1991-02-13,,,,,,,
1991-02-14,,,,,,,
1991-02-15,,,,,,,
1991-02-18,,,,,,,
1991-02-19,,,,,,,
1991-02-20,,,,,,,
1991-02-21,,,,,,,
1991-02-22,,,,,,,
1991-02-25,,,,,,,
1991-02-26,,,,,,,
1991-02-27,,,,,,,
1991-02-28,,,,,,,
1991-03-01,,,,,,,
1991-03-04,,,,,,,
1991-03-05,,,,,,,
1991-03-06,,,,,,,
1991-03-07,,,,,,,
1991-03-08,,,,,,,
1991-03-11,,,,,,,
1991-03-12,,,,,,,
1991-03-13,,,,,,,
1991-03-14,,,,,,,
1991-03-15,,,,,,,
1991-03-18,,,,,,,
1991-03-19,,,,,,,
1991-03-20,,,,,,,
1991-03-21,,,,,,,
1991-03-22,,,,,,,
1991-03-25,,,,,,,
1991-03-26,,,,,,,
1991-03-27,,,,,,,
1991-03-28,,,,,,,
1991-03-29,,,,,,,
1991-04-01,,,,,,,
1991-04-02,,,,,,,
1991-04-03,,,,,,,
1991-04-04,,,,,,,
1991-04-05,,,,,,,
1991-04-08,,,,,,,
1991-04-09,,,,,,,
1991-04-10,,,,,,,
1991-04-11,,,,,,,
1991-04-12,,,,,,,
1991-04-15,,,,,,,
1991-04-16,,,,,,,
1991-04-17,,,,,,,
1991-04-18,,,,,,,
1991-04-19,,,,,,,
1991-04-22,,,,,,,
1991-04-23,,,,,,,
1991-04-24,,,,,,,
1991-04-25,,,,,,,
1991-04-26,,,,,,,
1991-04-29,,,,,,,
1991-04-30,,,,,,,
1991-05-01,,,,,,,
1991-05-02,,,,,,,
1991-05-03,,,,,,,
1991-05-06,,,,,,,
1991-05-07,,,,,,,
1991-05-08,,,,,,,
1991-05-09,,,,,,,
1991-05-10,,,,,,,
1991-05-13,,,,,,,
1991-05-14,,,,,,,
1991-05-15,,,,,,,
1991-05-16,,,,,,,
1991-05-17,,,,,,,
1991-05-20,,,,,,,
1991-05-21,,,,,,,
1991-05-22,,,,,,,
1991-05-23,,,,,,,
1991-05-24,,,,,,,
1991-05-27,,,,,,,
1991-05-28,,,,,,,
1991-05-29,,,,,,,
1991-05-30,,,,,,,
1991-05-31,,,,,,,
1991-06-03,,,,,,,
1991-06-04,,,,,,,
1991-06-05,,,,,,,
1991-06-06,,,,,,,
1991-06-07,,,,,,,
1991-06-10,,,,,,,
1991-06-11,,,,,,,
1991-06-12,,,,,,,
1991-06-13,,,,,,,
1991-06-14,,,,,,,
1991-06-17,,,,,,,
1991-06-18,,,,,,,
1991-06-19,,,,,,,
1991-06-20,,,,,,,
1991-06-21,,,,,,,
1991-06-24,,,,,,,
1991-06-25,,,,,,,
1991-06-26,,,,,,,
1991-06-27,,,,,,,
1991-06-28,,,,,,,
1991-07-01,,,,,,,
1991-07-02,,,,,,,
1991-07-03,,,,,,,
1991-07-04,,,,,,,
1991-07-05,,,,,,,
1991-07-08,,,,,,,
1991-07-09,,,,,,,
1991-07-10,,,,,,,
1991-07-11,,,,,,,
1991-07-12,,,,,,,
1991-07-15,,,,,,,
1991-07-16,,,,,,,
1991-07-17,,,,,,,
1991-07-18,,,,,,,
1991-07-19,,,,,,,
1991-07-22,,,,,,,
1991-07-23,,,,,,,
1991-07-24,,,,,,,
1991-07-25,,,,,,,
1991-07-26,,,,,,,
1991-07-29,,,,,,,
1991-07-30,,,,,,,
1991-07-31,,,,,,,
1991-08-01,,,,,,,
1991-08-02,,,,,,,
1991-08-05,,,,,,,
1991-08-06,,,,,,,
1991-08-07,,,,,,,
1991-08-08,,,,,,,
1991-08-09,,,,,,,
1991-08-12,,,,,,,
1991-08-13,,,,,,,
1991-08-14,,,,,,,
1991-08-15,,,,,,,
1991-08-16,,,,,,,
1991-08-19,,,,,,,
1991-08-20,,,,,,,
1991-08-21,,,,,,,
1991-08-22,,,,,,,
1991-08-23,,,,,,,
1991-08-26,,,,,,,
1991-08-27,,,,,,,
1991-08-28,,,,,,,
1991-08-29,,,,,,,
1991-08-30,,,,,,,
1991-09-02,,,,,,,
1991-09-03,,,,,,,
1991-09-04,,,,,,,
1991-09-05,,,,,,,
1991-09-06,,,,,,,
1991-09-09,,,,,,,
1991-09-10,,,,,,,
1991-09-11,,,,,,,
1991-09-12,,,,,,,
1991-09-13,,,,,,,
1991-09-16,,,,,,,
1991-09-17,,,,,,,
1991-09-18,,,,,,,
1991-09-19,,,,,,,
1991-09-20,,,,,,,
1991-09-23,,,,,,,
1991-09-24,,,,,,,
1991-09-25,,,,,,,
1991-09-26,,,,,,,
1991-09-27,,,,,,,
1991-09-30,,,,,,,
1991-10-01,,,,,,,
1991-10-02,,,,,,,
1991-10-03,,,,,,,
1991-10-04,,,,,,,
1991-10-07,,,,,,,
1991-10-08,,,,,,,
1991-10-09,,,,,,,
1991-10-10,,,,,,,
1991-10-11,,,,,,,
1991-10-14,,,,,,,
1991-10-15,,,,,,,
1991-10-16,,,,,,,
1991-10-17,,,,,,,
1991-10-18,,,,,,,
1991-10-21,,,,,,,
1991-10-22,,,,,,,
1991-10-23,,,,,,,
1991-10-24,,,,,,,
1991-10-25,,,,,,,
1991-10-28,,,,,,,
1991-10-29,,,,,,,
1991-10-30,,,,,,,
1991-10-31,,,,,,,
1991-11-01,,,,,,,
1991-11-04,,,,,,,
1991-11-05,,,,,,,
1991-11-06,,,,,,,
1991-11-07,,,,,,,
1991-11-08,,,,,,,
1991-11-11,,,,,,,
1991-11-12,,,,,,,
1991-11-13,,,,,,,
1991-11-14,,,,,,,
1991-11-15,,,,,,,
1991-11-18,,,,,,,
1991-11-19,,,,,,,
1991-11-20,,,,,,,
1991-11-21,,,,,,,
1991-11-22,,,,,,,
1991-11-25,,,,,,,
1991-11-26,,,,,,,
1991-11-27,,,,,,,
1991-11-28,,,,,,,
1991-11-29,,,,,,,
1991-12-02,,,,,,,
1991-12-03,,,,,,,
1991-12-04,,,,,,,
1991-12-05,,,,,,,
1991-12-06,,,,,,,
1991-12-09,,,,,,,
1991-12-10,,,,,,,
1991-12-11,,,,,,,
1991-12-12,,,,,,,
1991-12-13,,,,,,,
1991-12-16,,,,,,,
1991-12-17,,,,,,,
1991-12-18,,,,,,,
1991-12-19,,,,,,,
1991-12-20,,,,,,,
1991-12-23,,,,,,,
1991-12-24,,,,,,,
1991-12-25,,,,,,,
1991-12-26,,,,,,,
1991-12-27,,,,,,,
1991-12-30,,,,,,,
1991-12-31,,,,,,,
1992-01-01,,,,,,,
1992-01-02,,,,,,,
1992-01-03,,,,,,,
1992-01-06,,,,,,,
1992-01-07,,,,,,,
1992-01-08,,,,,,,
1992-01-09,,,,,,,
1992-01-10,,,,,,,
1992-01-13,,,,,,,
1992-01-14,,,,,,,
1992-01-15,,,,,,,
1992-01-16,,,,,,,
1992-01-17,,,,,,,
1992-01-20,,,,,,,
1992-01-21,,,,,,,
1992-01-22,,,,,,,
1992-01-23,,,,,,,
1992-01-24,,,,,,,
1992-01-27,,,,,,,
1992-01-28,,,,,,,
1992-01-29,,,,,,,
1992-01-30,,,,,,,
1992-01-31,,,,,,,
1992-02-03,,,,,,,
1992-02-04,,,,,,,
1992-02-05,,,,,,,
1992-02-06,,,,,,,
1992-02-07,,,,,,,
1992-02-10,,,,,,,
1992-02-11,,,,,,,
1992-02-12,,,,,,,
1992-02-13,,,,,,,
1992-02-14,,,,,,,
1992-02-17,,,,,,,
1992-02-18,,,,,,,
1992-02-19,,,,,,,
1992-02-20,,,,,,,
1992-02-21,,,,,,,
1992-02-24,,,,,,,
1992-02-25,,,,,,,
1992-02-26,,,,,,,
1992-02-27,,,,,,,
1992-02-28,,,,,,,
1992-03-02,,,,,,,
1992-03-03,,,,,,,
1992-03-04,,,,,,,
1992-03-05,,,,,,,
1992-03-06,,,,,,,
1992-03-09,,,,,,,
1992-03-10,,,,,,,
1992-03-11,,,,,,,
1992-03-12,,,,,,,
1992-03-13,,,,,,,
1992-03-16,,,,,,,
1992-03-17,,,,,,,
1992-03-18,,,,,,,
1992-03-19,,,,,,,
1992-03-20,,,,,,,
1992-03-23,,,,,,,
1992-03-24,,,,,,,
1992-03-25,,,,,,,
1992-03-26,,,,,,,
1992-03-27,,,,,,,
1992-03-30,,,,,,,
1992-03-31,,,,,,,
1992-04-01,,,,,,,
1992-04-02,,,,,,,
1992-04-03,,,,,,,
1992-04-06,,,,,,,
1992-04-07,,,,,,,
1992-04-08,,,,,,,
1992-04-09,,,,,,,
1992-04-10,,,,,,,
1992-04-13,,,,,,,
1992-04-14,,,,,,,
1992-04-15,,,,,,,
1992-04-16,,,,,,,
1992-04-17,,,,,,,
1992-04-20,,,,,,,
1992-04-21,,,,,,,
1992-04-22,,,,,,,
1992-04-23,,,,,,,
1992-04-24,,,,,,,
1992-04-27,,,,,,,
1992-04-28,,,,,,,
1992-04-29,,,,,,,
1992-04-30,,,,,,,
1992-05-01,,,,,,,
1992-05-04,,,,,,,
1992-05-05,,,,,,,
1992-05-06,,,,,,,
1992-05-07,,,,,,,
1992-05-08,,,,,,,
1992-05-11,,,,,,,
1992-05-12,,,,,,,
1992-05-13,,,,,,,
1992-05-14,,,,,,,
1992-05-15,,,,,,,
1992-05-18,,,,,,,
1992-05-19,,,,,,,
1992-05-20,,,,,,,
1992-05-21,,,,,,,
1992-05-22,,,,,,,
1992-05-25,,,,,,,
1992-05-26,,,,,,,
1992-05-27,,,,,,,
1992-05-28,,,,,,,
1992-05-29,,,,,,,
1992-06-01,,,,,,,
1992-06-02,,,,,,,
1992-06-03,,,,,,,
1992-06-04,,,,,,,
1992-06-05,,,,,,,
1992-06-08,,,,,,,
1992-06-09,,,,,,,
1992-06-10,,,,,,,
1992-06-11,,,,,,,
1992-06-12,,,,,,,
1992-06-15,,,,,,,
1992-06-16,,,,,,,
1992-06-17,,,,,,,
1992-06-18,,,,,,,
1992-06-19,,,,,,,
1992-06-22,,,,,,,
1992-06-23,,,,,,,
1992-06-24,,,,,,,
1992-06-25,,,,,,,
1992-06-26,,,,,,,
1992-06-29,,,,,,,
1992-06-30,,,,,,,
1992-07-01,,,,,,,
1992-07-02,,,,,,,
1992-07-03,,,,,,,
1992-07-06,,,,,,,
1992-07-07,,,,,,,
1992-07-08,,,,,,,
1992-07-09,,,,,,,
1992-07-10,,,,,,,
1992-07-13,,,,,,,
1992-07-14,,,,,,,
1992-07-15,,,,,,,
1992-07-16,,,,,,,
1992-07-17,,,,,,,
1992-07-20,,,,,,,
1992-07-21,,,,,,,
1992-07-22,,,,,,,
1992-07-23,,,,,,,
1992-07-24,,,,,,,
1992-07-27,,,,,,,
1992-07-28,,,,,,,
1992-07-29,,,,,,,
1992-07-30,,,,,,,
1992-07-31,,,,,,,
1992-08-03,,,,,,,
1992-08-04,,,,,,,
1992-08-05,,,,,,,
1992-08-06,,,,,,,
1992-08-07,,,,,,,
1992-08-10,,,,,,,
1992-08-11,,,,,,,
1992-08-12,,,,,,,
1992-08-13,,,,,,,
1992-08-14,,,,,,,
1992-08-17,,,,,,,
1992-08-18,,,,,,,
1992-08-19,,,,,,,
1992-08-20,,,,,,,
1992-08-21,,,,,,,
1992-08-24,,,,,,,
1992-08-25,,,,,,,
1992-08-26,,,,,,,
1992-08-27,,,,,,,
1992-08-28,,,,,,,
1992-08-31,,,,,,,
1992-09-01,,,,,,,
1992-09-02,,,,,,,
1992-09-03,,,,,,,
1992-09-04,,,,,,,
1992-09-07,,,,,,,
1992-09-08,,,,,,,
1992-09-09,,,,,,,
1992-09-10,,,,,,,
1992-09-11,,,,,,,
1992-09-14,,,,,,,
1992-09-15,,,,,,,
1992-09-16,,,,,,,
1992-09-17,,,,,,,
1992-09-18,,,,,,,
1992-09-21,,,,,,,
1992-09-22,,,,,,,
1992-09-23,,,,,,,
1992-09-24,,,,,,,
1992-09-25,,,,,,,
1992-09-28,,,,,,,
1992-09-29,,,,,,,
1992-09-30,,,,,,,
1992-10-01,,,,,,,
1992-10-02,,,,,,,
1992-10-03,,,,,,,
1992-10-05,,,,,,,
1992-10-06,,,,,,,
1992-10-07,,,,,,,
1992-10-08,,,,,,,
1992-10-09,,,,,,,
1992-10-10,,,,,,,
1992-10-12,,,,,,,
1992-10-13,,,,,,,
1992-10-14,,,,,,,
1992-10-15,,,,,,,
1992-10-16,,,,,,,
1992-10-19,,,,,,,
1992-10-20,,,,,,,
1992-10-21,,,,,,,
1992-10-22,,,,,,,
1992-10-23,,,,,,,
1992-10-26,,,,,,,
1992-10-27,,,,,,,
1992-10-28,,,,,,,
1992-10-29,,,,,,,
1992-10-30,,,,,,,
1992-11-02,,,,,,,
1992-11-03,,,,,,,
1992-11-04,,,,,,,
1992-11-05,,,,,,,
1992-11-06,,,,,,,
1992-11-07,,,,,,,
1992-11-08,,,,,,,
1992-11-09,,,,,,,
1992-11-10,,,,,,,
1992-11-11,,,,,,,
1992-11-12,,,,,,,
1992-11-13,,,,,,,
1992-11-14,,,,,,,
1992-11-16,,,,,,,
1992-11-17,,,,,,,
1992-11-18,,,,,,,
1992-11-19,,,,,,,
1992-11-20,,,,,,,
1992-11-23,,,,,,,
1992-11-24,,,,,,,
1992-11-25,,,,,,,
1992-11-26,,,,,,,
1992-11-27,,,,,,,
1992-11-28,,,,,,,
1992-11-30,,,,,,,
1992-12-01,,,,,,,
1992-12-02,,,,,,,
1992-12-03,,,,,,,
1992-12-04,,,,,,,
1992-12-07,,,,,,,
1992-12-08,,,,,,,
1992-12-09,,,,,,,
1992-12-10,,,,,,,
1992-12-11,,,,,,,
1992-12-14,,,,,,,
1992-12-15,,,,,,,
1992-12-16,,,,,,,
1992-12-17,,,,,,,
1992-12-18,,,,,,,
1992-12-21,,,,,,,
1992-12-22,,,,,,,
1992-12-23,,,,,,,
1992-12-24,,,,,,,
1992-12-25,,,,,,,
1992-12-28,,,,,,,
1992-12-29,,,,,,,
1992-12-30,,,,,,,
1992-12-31,,,,,,,
1993-01-01,,,,,,,
1993-01-04,,,,,,,
1993-01-05,,,,,,,
1993-01-06,,,,,,,
1993-01-07,,,,,,,
1993-01-08,,,,,,,
1993-01-11,,,,,,,
1993-01-12,,,,,,,
1993-01-13,,,,,,,
1993-01-14,,,,,,,
1993-01-15,,,,,,,
1993-01-18,,,,,,,
1993-01-19,,,,,,,
1993-01-20,,,,,,,
1993-01-21,,,,,,,
1993-01-22,,,,,,,
1993-01-25,,,,,,,
1993-01-26,,,,,,,
1993-01-27,,,,,,,
1993-01-28,,,,,,,
1993-01-29,,,,,,,
1993-02-01,,,,,,,
1993-02-02,,,,,,,
1993-02-03,,,,,,,
1993-02-04,,,,,,,
1993-02-05,,,,,,,
1993-02-08,,,,,,,
1993-02-09,,,,,,,
1993-02-10,,,,,,,
1993-02-11,,,,,,,
1993-02-12,,,,,,,
1993-02-15,,,,,,,
1993-02-16,,,,,,,
1993-02-17,,,,,,,
1993-02-18,,,,,,,
1993-02-19,,,,,,,
1993-02-22,,,,,,,
1993-02-23,,,,,,,
1993-02-24,,,,,,,
1993-02-25,,,,,,,
1993-02-26,,,,,,,
1993-03-01,,,,,,,
1993-03-02,,,,,,,
1993-03-03,,,,,,,
1993-03-04,,,,,,,
1993-03-05,,,,,,,
1993-03-08,,,,,,,
1993-03-09,,,,,,,
1993-03-10,,,,,,,
1993-03-11,,,,,,,
1993-03-12,,,,,,,
1993-03-15,,,,,,,
1993-03-16,,,,,,,
1993-03-17,,,,,,,
1993-03-18,,,,,,,
1993-03-19,,,,,,,
1993-03-22,,,,,,,
1993-03-23,,,,,,,
1993-03-24,,,,,,,
1993-03-25,,,,,,,
1993-03-26,,,,,,,
1993-03-29,,,,,,,
1993-03-30,,,,,,,
1993-03-31,,,,,,,
1993-04-01,,,,,,,
1993-04-02,,,,,,,
1993-04-05,,,,,,,
1993-04-06,,,,,,,
1993-04-07,,,,,,,
1993-04-08,,,,,,,
1993-04-13,,,,,,,
1993-04-14,,,,,,,
1993-04-15,,,,,,,
1993-04-16,,,,,,,
1993-04-19,,,,,,,
1993-04-20,,,,,,,
1993-04-21,,,,,,,
1993-04-22,,,,,,,
1993-04-23,,,,,,,
1993-04-26,,,,,,,
1993-04-27,,,,,,,
1993-04-28,,,,,,,
1993-04-29,,,,,,,
1993-04-30,,,,,,,
1993-05-03,,,,,,,
1993-05-04,,,,,,,
1993-05-05,,,,,,,
1993-05-06,,,,,,,
1993-05-07,,,,,,,
1993-05-10,,,,,,,
1993-05-11,,,,,,,
1993-05-12,,,,,,,
1993-05-13,,,,,,,
1993-05-14,,,,,,,
1993-05-17,,,,,,,
1993-05-18,,,,,,,
1993-05-19,,,,,,,
1993-05-20,,,,,,,
1993-05-21,,,,,,,
1993-05-24,,,,,,,
1993-05-25,,,,,,,
1993-05-26,,,,,,,
1993-05-27,,,,,,,
1993-05-28,,,,,,,
1993-06-01,,,,,,,
1993-06-02,,,,,,,
1993-06-03,,,,,,,
1993-06-04,,,,,,,
1993-06-07,,,,,,,
1993-06-08,,,,,,,
1993-06-09,,,,,,,
1993-06-10,,,,,,,
1993-06-11,,,,,,,
1993-06-14,,,,,,,
1993-06-15,,,,,,,
1993-06-16,,,,,,,
1993-06-17,,,,,,,
1993-06-18,,,,,,,
1993-06-21,,,,,,,
1993-06-22,,,,,,,
1993-06-23,,,,,,,
1993-06-24,,,,,,,
1993-06-25,,,,,,,
1993-06-28,,,,,,,
1993-06-29,,,,,,,
1993-06-30,,,,,,,
1993-07-01,,,,,,,
1993-07-02,,,,,,,
1993-07-05,,,,,,,
1993-07-06,,,,,,,
1993-07-07,,,,,,,
1993-07-08,,,,,,,
1993-07-09,,,,,,,
1993-07-12,,,,,,,
1993-07-13,,,,,,,
1993-07-14,,,,,,,
1993-07-15,,,,,,,
1993-07-16,,,,,,,
1993-07-19,,,,,,,
1993-07-20,,,,,,,
1993-07-21,,,,,,,
1993-07-22,,,,,,,
1993-07-23,,,,,,,
1993-07-26,,,,,,,
1993-07-27,,,,,,,
1993-07-28,,,,,,,
1993-07-29,,,,,,,
1993-07-30,,,,,,,
1993-08-02,,,,,,,
1993-08-03,,,,,,,
1993-08-04,,,,,,,
1993-08-05,,,,,,,
1993-08-06,,,,,,,
1993-08-09,,,,,,,
1993-08-10,,,,,,,
1993-08-11,,,,,,,
1993-08-12,,,,,,,
1993-08-13,,,,,,,
1993-08-16,,,,,,,
1993-08-17,,,,,,,
1993-08-18,,,,,,,
1993-08-19,,,,,,,
1993-08-20,,,,,,,
1993-08-23,,,,,,,
1993-08-24,,,,,,,
1993-08-25,,,,,,,
1993-08-26,,,,,,,
1993-08-27,,,,,,,
1993-08-30,,,,,,,
1993-08-31,,,,,,,
1993-09-01,,,,,,,
1993-09-02,,,,,,,
1993-09-03,,,,,,,
1993-09-06,,,,,,,
1993-09-07,,,,,,,
1993-09-08,,,,,,,
1993-09-09,,,,,,,
1993-09-10,,,,,,,
1993-09-13,,,,,,,
1993-09-14,,,,,,,
1993-09-15,,,,,,,
1993-09-16,,,,,,,
1993-09-17,,,,,,,
1993-09-20,,,,,,,
1993-09-21,,,,,,,
1993-09-22,,,,,,,
1993-09-23,,,,,,,
1993-09-24,,,,,,,
1993-09-27,,,,,,,
1993-09-28,,,,,,,
1993-09-29,,,,,,,
1993-09-30,,,,,,,
1993-10-01,,,,,,,
1993-10-04,,,,,,,
1993-10-05,,,,,,,
1993-10-06,,,,,,,
1993-10-07,,,,,,,
1993-10-08,,,,,,,
1993-10-11,,,,,,,
1993-10-12,,,,,,,
1993-10-13,,,,,,,
1993-10-14,,,,,,,
1993-10-15,,,,,,,
1993-10-18,,,,,,,
1993-10-19,,,,,,,
1993-10-20,,,,,,,
1993-10-21,,,,,,,
1993-10-22,,,,,,,
1993-10-25,,,,,,,
1993-10-26,,,,,,,
1993-10-27,,,,,,,
1993-10-28,,,,,,,
1993-10-29,,,,,,,
1993-11-01,,,,,,,
1993-11-02,,,,,,,
1993-11-03,,,,,,,
1993-11-04,,,,,,,
1993-11-05,,,,,,,
1993-11-08,,,,,,,
1993-11-09,,,,,,,
1993-11-10,,,,,,,
1993-11-11,,,,,,,
1993-11-12,,,,,,,
1993-11-15,,,,,,,
1993-11-16,,,,,,,
1993-11-17,,,,,,,
1993-11-18,,,,,,,
1993-11-19,,,,,,,
1993-11-22,,,,,,,
1993-11-23,,,,,,,
1993-11-24,,,,,,,
1993-11-25,,,,,,,
1993-11-26,,,,,,,
1993-11-29,,,,,,,
1993-11-30,,,,,,,
1993-12-01,,,,,,,
1993-12-02,,,,,,,
1993-12-03,,,,,,,
1993-12-06,,,,,,,
1993-12-07,,,,,,,
1993-12-08,,,,,,,
1993-12-09,,,,,,,
1993-12-10,,,,,,,
1993-12-13,,,,,,,
1993-12-14,,,,,,,
1993-12-15,,,,,,,
1993-12-16,,,,,,,
1993-12-17,,,,,,,
1993-12-20,,,,,,,
1993-12-21,,,,,,,
1993-12-22,,,,,,,
1993-12-23,,,,,,,
1993-12-24,,,,,,,
1993-12-27,,,,,,,
1993-12-28,,,,,,,
1993-12-29,,,,,,,
1993-12-30,,,,,,,
1993-12-31,,,,,,,
1994-01-03,,,,,,,
1994-01-04,,,,,,,
1994-01-05,,,,,,,
1994-01-06,,,,,,,
1994-01-07,,,,,,,
1994-01-10,,,,,,,
1994-01-11,,,,,,,
1994-01-12,,,,,,,
1994-01-13,,,,,,,
1994-01-14,,,,,,,
1994-01-17,,,,,,,
1994-01-18,,,,,,,
1994-01-19,,,,,,,
1994-01-20,,,,,,,
1994-01-21,,,,,,,
1994-01-24,,,,,,,
1994-01-25,,,,,,,
1994-01-26,,,,,,,
1994-01-27,,,,,,,
1994-01-28,,,,,,,
1994-01-31,,,,,,,
1994-02-01,,,,,,,
1994-02-02,,,,,,,
1994-02-03,,,,,,,
1994-02-04,,,,,,,
1994-02-07,,,,,,,
1994-02-08,,,,,,,
1994-02-09,,,,,,,
1994-02-10,,,,,,,
1994-02-11,,,,,,,
1994-02-14,,,,,,,
1994-02-15,,,,,,,
1994-02-16,,,,,,,
1994-02-17,,,,,,,
1994-02-18,,,,,,,
1994-02-21,,,,,,,
1994-02-22,,,,,,,
1994-02-23,,,,,,,
1994-02-24,,,,,,,
1994-02-25,,,,,,,
1994-02-28,,,,,,,
1994-03-01,,,,,,,
1994-03-02,,,,,,,
1994-03-03,,,,,,,
1994-03-04,,,,,,,
1994-03-07,,,,,,,
1994-03-08,,,,,,,
1994-03-09,,,,,,,
1994-03-10,,,,,,,
1994-03-11,,,,,,,
1994-03-14,,,,,,,
1994-03-15,,,,,,,
1994-03-16,,,,,,,
1994-03-17,,,,,,,
1994-03-18,,,,,,,
1994-03-21,,,,,,,
1994-03-22,,,,,,,
1994-03-23,,,,,,,
1994-03-24,,,,,,,
1994-03-25,,,,,,,
1994-03-28,,,,,,,
1994-03-29,,,,,,,
1994-03-30,,,,,,,
1994-03-31,,,,,,,
1994-04-05,,,,,,,
1994-04-06,,,,,,,
1994-04-07,,,,,,,
1994-04-08,,,,,,,
1994-04-11,,,,,,,
1994-04-12,,,,,,,
1994-04-13,,,,,,,
1994-04-14,,,,,,,
1994-04-15,,,,,,,
1994-04-18,,,,,,,
1994-04-19,,,,,,,
1994-04-20,,,,,,,
1994-04-21,,,,,,,
1994-04-22,,,,,,,
1994-04-25,,,,,,,
1994-04-26,,,,,,,
1994-04-27,,,,,,,
1994-04-28,,,,,,,
1994-04-29,,,,,,,
1994-05-02,,,,,,,
1994-05-03,,,,,,,
1994-05-04,,,,,,,
1994-05-05,,,,,,,
1994-05-06,,,,,,,
1994-05-09,,,,,,,
1994-05-10,,,,,,,
1994-05-11,,,,,,,
1994-05-12,,,,,,,
1994-05-13,,,,,,,
1994-05-16,,,,,,,
1994-05-17,,,,,,,
1994-05-18,,,,,,,
1994-05-19,,,,,,,
1994-05-20,,,,,,,
1994-05-23,,,,,,,
1994-05-24,,,,,,,
1994-05-25,,,,,,,
1994-05-26,,,,,,,
1994-05-27,,,,,,,
1994-05-30,,,,,,,
1994-05-31,,,,,,,
1994-06-01,,,,,,,
1994-06-02,,,,,,,
1994-06-03,,,,,,,
1994-06-06,,,,,,,
1994-06-07,,,,,,,
1994-06-08,,,,,,,
1994-06-09,,,,,,,
1994-06-10,,,,,,,
1994-06-13,,,,,,,
1994-06-14,,,,,,,
1994-06-15,,,,,,,
1994-06-16,,,,,,,
1994-06-17,,,,,,,
1994-06-20,,,,,,,
1994-06-21,,,,,,,
1994-06-22,,,,,,,
1994-06-23,,,,,,,
1994-06-24,,,,,,,
1994-06-27,,,,,,,
1994-06-28,,,,,,,
1994-06-29,,,,,,,
1994-06-30,,,,,,,
1994-07-01,,,,,,,
1994-07-04,,,,,,,
1994-07-05,,,,,,,
1994-07-06,,,,,,,
1994-07-07,,,,,,,
1994-07-08,,,,,,,
1994-07-11,,,,,,,
1994-07-12,,,,,,,
1994-07-13,,,,,,,
1994-07-14,,,,,,,
1994-07-15,,,,,,,
1994-07-18,,,,,,,
1994-07-19,,,,,,,
1994-07-20,,,,,,,
1994-07-21,,,,,,,
1994-07-22,,,,,,,
1994-07-25,,,,,,,
1994-07-26,,,,,,,
1994-07-27,,,,,,,
1994-07-28,,,,,,,
1994-07-29,,,,,,,
1994-08-01,,,,,,,
1994-08-02,,,,,,,
1994-08-03,,,,,,,
1994-08-04,,,,,,,
1994-08-05,,,,,,,
1994-08-08,,,,,,,
1994-08-09,,,,,,,
1994-08-10,,,,,,,
1994-08-11,,,,,,,
1994-08-12,,,,,,,
1994-08-15,,,,,,,
1994-08-16,,,,,,,
1994-08-17,,,,,,,
1994-08-18,,,,,,,
1994-08-19,,,,,,,
1994-08-22,,,,,,,
1994-08-23,,,,,,,
1994-08-24,,,,,,,
1994-08-25,,,,,,,
1994-08-26,,,,,,,
1994-08-29,,,,,,,
1994-08-30,,,,,,,
1994-08-31,,,,,,,
1994-09-01,,,,,,,
1994-09-02,,,,,,,
1994-09-05,,,,,,,
1994-09-06,,,,,,,
1994-09-07,,,,,,,
1994-09-08,,,,,,,
1994-09-09,,,,,,,
1994-09-12,,,,,,,
1994-09-13,,,,,,,
1994-09-14,,,,,,,
1994-09-15,,,,,,,
1994-09-16,,,,,,,
1994-09-19,,,,,,,
1994-09-20,,,,,,,
1994-09-21,,,,,,,
1994-09-22,,,,,,,
1994-09-23,,,,,,,
1994-09-26,,,,,,,
1994-09-27,,,,,,,
1994-09-28,,,,,,,
1994-09-29,,,,,,,
1994-09-30,,,,,,,
1994-10-03,,,,,,,
1994-10-04,,,,,,,
1994-10-05,,,,,,,
1994-10-06,,,,,,,
1994-10-07,,,,,,,
1994-10-10,,,,,,,
1994-10-11,,,,,,,
1994-10-12,,,,,,,
1994-10-13,,,,,,,
1994-10-14,,,,,,,
1994-10-17,,,,,,,
1994-10-18,,,,,,,
1994-10-19,,,,,,,
1994-10-20,,,,,,,
1994-10-21,,,,,,,
1994-10-24,,,,,,,
1994-10-25,,,,,,,
1994-10-26,,,,,,,
1994-10-27,,,,,,,
1994-10-28,,,,,,,
1994-10-31,,,,,,,
1994-11-01,,,,,,,
1994-11-02,,,,,,,
1994-11-03,,,,,,,
1994-11-04,,,,,,,
1994-11-07,,,,,,,
1994-11-08,,,,,,,
1994-11-09,,,,,,,
1994-11-10,,,,,,,
1994-11-11,,,,,,,
1994-11-14,,,,,,,
1994-11-15,,,,,,,
1994-11-16,,,,,,,
1994-11-17,,,,,,,
1994-11-18,,,,,,,
1994-11-21,,,,,,,
1994-11-22,,,,,,,
1994-11-23,,,,,,,
1994-11-24,,,,,,,
1994-11-25,,,,,,,
1994-11-28,,,,,,,
1994-11-29,,,,,,,
1994-11-30,,,,,,,
1994-12-01,,,,,,,
1994-12-02,,,,,,,
1994-12-05,,,,,,,
1994-12-06,,,,,,,
1994-12-07,,,,,,,
1994-12-08,,,,,,,
1994-12-09,,,,,,,
1994-12-12,,,,,,,
1994-12-13,,,,,,,
1994-12-14,,,,,,,
1994-12-15,,,,,,,
1994-12-16,,,,,,,
1994-12-19,,,,,,,
1994-12-20,,,,,,,
1994-12-21,,,,,,,
1994-12-22,,,,,,,
1994-12-23,,,,,,,
1994-12-26,,,,,,,
1994-12-27,,,,,,,
1994-12-28,,,,,,,
1994-12-29,,,,,,,
1994-12-30,,,,,,,
1995-01-02,,,,,,,
1995-01-03,,,,,,,
1995-01-04,,,,,,,
1995-01-05,,,,,,,
1995-01-06,,,,,,,
1995-01-09,,,,,,,
1995-01-10,,,,,,,
1995-01-11,,,,,,,
1995-01-12,,,,,,,
1995-01-13,,,,,,,
1995-01-16,,,,,,,
1995-01-17,,,,,,,
1995-01-18,,,,,,,
1995-01-19,,,,,,,
1995-01-20,,,,,,,
1995-01-23,,,,,,,
1995-01-24,,,,,,,
1995-01-25,,,,,,,
1995-01-26,,,,,,,
1995-01-27,,,,,,,
1995-01-30,,,,,,,
1995-01-31,,,,,,,
1995-02-01,,,,,,,
1995-02-02,,,,,,,
1995-02-03,,,,,,,
1995-02-06,,,,,,,
1995-02-07,,,,,,,
1995-02-08,,,,,,,
1995-02-09,,,,,,,
1995-02-10,,,,,,,
1995-02-13,,,,,,,
1995-02-14,,,,,,,
1995-02-15,,,,,,,
1995-02-16,,,,,,,
1995-02-17,,,,,,,
1995-02-20,,,,,,,
1995-02-21,,,,,,,
1995-02-22,,,,,,,
1995-02-23,,,,,,,
1995-02-24,,,,,,,
1995-02-27,,,,,,,
1995-02-28,,,,,,,
1995-03-01,,,,,,,
1995-03-02,,,,,,,
1995-03-03,,,,,,,
1995-03-06,,,,,,,
1995-03-07,,,,,,,
1995-03-08,,,,,,,
1995-03-09,,,,,,,
1995-03-10,,,,,,,
1995-03-13,,,,,,,
1995-03-14,,,,,,,
1995-03-15,,,,,,,
1995-03-16,,,,,,,
1995-03-17,,,,,,,
1995-03-20,,,,,,,
1995-03-21,,,,,,,
1995-03-22,,,,,,,
1995-03-23,,,,,,,
1995-03-24,,,,,,,
1995-03-27,,,,,,,
1995-03-28,,,,,,,
1995-03-29,,,,,,,
1995-03-30,,,,,,,
1995-03-31,,,,,,,
1995-04-03,,,,,,,
1995-04-04,,,,,,,
1995-04-05,,,,,,,
1995-04-06,,,,,,,
1995-04-07,,,,,,,
1995-04-10,,,,,,,
1995-04-11,,,,,,,
1995-04-12,,,,,,,
1995-04-13,,,,,,,
1995-04-14,,,,,,,
1995-04-17,,,,,,,
1995-04-18,,,,,,,
1995-04-19,,,,,,,
1995-04-20,,,,,,,
1995-04-21,,,,,,,
1995-04-24,,,,,,,
1995-04-25,,,,,,,
1995-04-26,,,,,,,
1995-04-27,,,,,,,
1995-04-28,,,,,,,
1995-05-01,,,,,,,
1995-05-02,,,,,,,
1995-05-03,,,,,,,
1995-05-04,,,,,,,
1995-05-05,,,,,,,
1995-05-08,,,,,,,
1995-05-09,,,,,,,
1995-05-10,,,,,,,
1995-05-11,,,,,,,
1995-05-12,,,,,,,
1995-05-15,,,,,,,
1995-05-16,,,,,,,
1995-05-17,,,,,,,
1995-05-18,,,,,,,
1995-05-19,,,,,,,
1995-05-22,,,,,,,
1995-05-23,,,,,,,
1995-05-24,,,,,,,
1995-05-25,,,,,,,
1995-05-26,,,,,,,
1995-05-29,,,,,,,
1995-05-30,,,,,,,
1995-05-31,,,,,,,
1995-06-01,,,,,,,
1995-06-02,,,,,,,
1995-06-05,,,,,,,
1995-06-06,,,,,,,
1995-06-07,,,,,,,
1995-06-08,,,,,,,
1995-06-09,,,,,,,
1995-06-12,,,,,,,
1995-06-13,,,,,,,
1995-06-14,,,,,,,
1995-06-15,,,,,,,
1995-06-16,,,,,,,
1995-06-19,,,,,,,
1995-06-20,,,,,,,
1995-06-21,,,,,,,
1995-06-22,,,,,,,
1995-06-23,,,,,,,
1995-06-26,,,,,,,
1995-06-27,,,,,,,
1995-06-28,,,,,,,
1995-06-29,,,,,,,
1995-06-30,,,,,,,
1995-07-03,,,,,,,
1995-07-04,,,,,,,
1995-07-05,,,,,,,
1995-07-06,,,,,,,
1995-07-07,,,,,,,
1995-07-10,,,,,,,
1995-07-11,,,,,,,
1995-07-12,,,,,,,
1995-07-13,,,,,,,
1995-07-14,,,,,,,
1995-07-17,,,,,,,
1995-07-18,,,,,,,
1995-07-19,,,,,,,
1995-07-20,,,,,,,
1995-07-21,,,,,,,
1995-07-24,,,,,,,
1995-07-25,,,,,,,
1995-07-26,,,,,,,
1995-07-27,,,,,,,
1995-07-28,,,,,,,
1995-07-31,,,,,,,
1995-08-01,,,,,,,
1995-08-02,,,,,,,
1995-08-03,,,,,,,
1995-08-04,,,,,,,
1995-08-07,,,,,,,
1995-08-08,,,,,,,
1995-08-09,,,,,,,
1995-08-10,,,,,,,
1995-08-11,,,,,,,
1995-08-14,,,,,,,
1995-08-15,,,,,,,
1995-08-16,,,,,,,
1995-08-17,,,,,,,
1995-08-18,,,,,,,
1995-08-21,,,,,,,
1995-08-22,,,,,,,
1995-08-23,,,,,,,
1995-08-24,,,,,,,
1995-08-25,,,,,,,
1995-08-28,,,,,,,
1995-08-29,,,,,,,
1995-08-30,,,,,,,
1995-08-31,,,,,,,
1995-09-01,,,,,,,
1995-09-04,,,,,,,
1995-09-05,,,,,,,
1995-09-06,,,,,,,
1995-09-07,,,,,,,
1995-09-08,,,,,,,
1995-09-11,,,,,,,
1995-09-12,,,,,,,
1995-09-13,,,,,,,
1995-09-14,,,,,,,
1995-09-15,,,,,,,
1995-09-18,,,,,,,
1995-09-19,,,,,,,
1995-09-20,,,,,,,
1995-09-21,,,,,,,
1995-09-22,,,,,,,
1995-09-25,,,,,,,
1995-09-26,,,,,,,
1995-09-27,,,,,,,
1995-09-28,,,,,,,
1995-09-29,,,,,,,
1995-10-02,,,,,,,
1995-10-03,,,,,,,
1995-10-04,,,,,,,
1995-10-05,,,,,,,
1995-10-06,,,,,,,
1995-10-09,,,,,,,
1995-10-10,,,,,,,
1995-10-11,,,,,,,
1995-10-12,,,,,,,
1995-10-13,,,,,,,
1995-10-16,,,,,,,
1995-10-17,,,,,,,
1995-10-18,,,,,,,
1995-10-19,,,,,,,
1995-10-20,,,,,,,
1995-10-23,,,,,,,
1995-10-24,,,,,,,
1995-10-25,,,,,,,
1995-10-26,,,,,,,
1995-10-27,,,,,,,
1995-10-30,,,,,,,
1995-10-31,,,,,,,
1995-11-01,,,,,,,
1995-11-02,,,,,,,
1995-11-03,,,,,,,
1995-11-06,,,,,,,
1995-11-07,,,,,,,
1995-11-08,,,,,,,
1995-11-09,,,,,,,
1995-11-10,,,,,,,
1995-11-13,,,,,,,
1995-11-14,,,,,,,
1995-11-15,,,,,,,
1995-11-16,,,,,,,
1995-11-17,,,,,,,
1995-11-20,,,,,,,
1995-11-21,,,,,,,
1995-11-22,,,,,,,
1995-11-23,,,,,,,
1995-11-24,,,,,,,
1995-11-27,,,,,,,
1995-11-28,,,,,,,
1995-11-29,,,,,,,
1995-11-30,,,,,,,
1995-12-01,,,,,,,
1995-12-04,,,,,,,
1995-12-05,,,,,,,
1995-12-06,,,,,,,
1995-12-07,,,,,,,
1995-12-08,,,,,,,
1995-12-11,,,,,,,
1995-12-12,,,,,,,
1995-12-13,,,,,,,
1995-12-14,,,,,,,
1995-12-15,,,,,,,
1995-12-18,,,,,,,
1995-12-19,,,,,,,
1995-12-20,,,,,,,
1995-12-21,,,,,,,
1995-12-22,,,,,,,
1995-12-25,,,,,,,
1995-12-26,,,,,,,
1995-12-27,,,,,,,
1995-12-28,,,,,,,
1995-12-29,,,,,,,
1996-01-01,,,,,,,
1996-01-02,,,,,,,
1996-01-03,,,,,,,
1996-01-04,,,,,,,
1996-01-05,,,,,,,
1996-01-08,,,,,,,
1996-01-09,,,,,,,
1996-01-10,,,,,,,
1996-01-11,,,,,,,
1996-01-12,,,,,,,
1996-01-15,,,,,,,
1996-01-16,,,,,,,
1996-01-17,,,,,,,
1996-01-18,,,,,,,
1996-01-19,,,,,,,
1996-01-22,,,,,,,
1996-01-23,,,,,,,
1996-01-24,,,,,,,
1996-01-25,,,,,,,
1996-01-26,,,,,,,
1996-01-29,,,,,,,
1996-01-30,,,,,,,
1996-01-31,,,,,,,
1996-02-01,,,,,,,
1996-02-02,,,,,,,
1996-02-05,,,,,,,
1996-02-06,,,,,,,
1996-02-07,,,,,,,
1996-02-08,,,,,,,
1996-02-09,,,,,,,
1996-02-12,,,,,,,
1996-02-13,,,,,,,
1996-02-14,,,,,,,
1996-02-15,,,,,,,
1996-02-16,,,,,,,
1996-02-19,,,,,,,
1996-02-20,,,,,,,
1996-02-21,,,,,,,
1996-02-22,,,,,,,
1996-02-23,,,,,,,
1996-02-26,,,,,,,
1996-02-27,,,,,,,
1996-02-28,,,,,,,
1996-02-29,,,,,,,
1996-03-01,,,,,,,
1996-03-04,,,,,,,
1996-03-05,,,,,,,
1996-03-06,,,,,,,
1996-03-07,,,,,,,
1996-03-08,,,,,,,
1996-03-11,,,,,,,
1996-03-12,,,,,,,
1996-03-13,,,,,,,
1996-03-14,,,,,,,
1996-03-15,,,,,,,
1996-03-18,,,,,,,
1996-03-19,,,,,,,
1996-03-20,,,,,,,
1996-03-21,,,,,,,
1996-03-22,,,,,,,
1996-03-25,,,,,,,
1996-03-26,,,,,,,
1996-03-27,,,,,,,
1996-03-28,,,,,,,
1996-03-29,,,,,,,
1996-04-01,,,,,,,
1996-04-02,,,,,,,
1996-04-03,,,,,,,
1996-04-04,,,,,,,
1996-04-05,,,,,,,
1996-04-08,,,,,,,
1996-04-09,,,,,,,
1996-04-10,,,,,,,
1996-04-11,,,,,,,
1996-04-12,,,,,,,
1996-04-15,,,,,,,
1996-04-16,,,,,,,
1996-04-17,,,,,,,
1996-04-18,,,,,,,
1996-04-19,,,,,,,
1996-04-22,,,,,,,
1996-04-23,,,,,,,
1996-04-24,,,,,,,
1996-04-25,,,,,,,
1996-04-26,,,,,,,
1996-04-29,,,,,,,
1996-04-30,,,,,,,
1996-05-01,,,,,,,
1996-05-02,,,,,,,
1996-05-03,,,,,,,
1996-05-06,,,,,,,
1996-05-07,,,,,,,
1996-05-08,,,,,,,
1996-05-09,,,,,,,
1996-05-10,,,,,,,
1996-05-13,,,,,,,
1996-05-14,,,,,,,
1996-05-15,,,,,,,
1996-05-16,,,,,,,
1996-05-17,,,,,,,
1996-05-20,,,,,,,
1996-05-21,,,,,,,
1996-05-22,,,,,,,
1996-05-23,,,,,,,
1996-05-24,,,,,,,
1996-05-27,,,,,,,
1996-05-28,,,,,,,
1996-05-29,,,,,,,
1996-05-30,,,,,,,
1996-05-31,,,,,,,
1996-06-03,,,,,,,
1996-06-04,,,,,,,
1996-06-05,,,,,,,
1996-06-06,,,,,,,
1996-06-07,,,,,,,
1996-06-10,,,,,,,
1996-06-11,,,,,,,
1996-06-12,,,,,,,
1996-06-13,,,,,,,
1996-06-14,,,,,,,
1996-06-17,,,,,,,
1996-06-18,,,,,,,
1996-06-19,,,,,,,
1996-06-20,,,,,,,
1996-06-21,,,,,,,
1996-06-24,,,,,,,
1996-06-25,,,,,,,
1996-06-26,,,,,,,
1996-06-27,,,,,,,
1996-06-28,,,,,,,
1996-07-01,,,,,,,
1996-07-02,,,,,,,
1996-07-03,,,,,,,
1996-07-04,,,,,,,
1996-07-05,,,,,,,
1996-07-08,,,,,,,
1996-07-09,,,,,,,
1996-07-10,,,,,,,
1996-07-11,,,,,,,
1996-07-12,,,,,,,
1996-07-15,,,,,,,
1996-07-16,,,,,,,
1996-07-17,,,,,,,
1996-07-18,,,,,,,
1996-07-19,,,,,,,
1996-07-22,,,,,,,
1996-07-23,,,,,,,
1996-07-24,,,,,,,
1996-07-25,,,,,,,
1996-07-26,,,,,,,
1996-07-29,,,,,,,
1996-07-30,,,,,,,
1996-07-31,,,,,,,
1996-08-01,,,,,,,
1996-08-02,,,,,,,
1996-08-05,,,,,,,
1996-08-06,,,,,,,
1996-08-07,,,,,,,
1996-08-08,,,,,,,
1996-08-09,,,,,,,
1996-08-12,,,,,,,
1996-08-13,,,,,,,
1996-08-14,,,,,,,
1996-08-15,,,,,,,
1996-08-16,,,,,,,
1996-08-19,,,,,,,
1996-08-20,,,,,,,
1996-08-21,,,,,,,
1996-08-22,,,,,,,
1996-08-23,,,,,,,
1996-08-26,,,,,,,
1996-08-27,,,,,,,
1996-08-28,,,,,,,
1996-08-29,,,,,,,
1996-08-30,,,,,,,
1996-09-02,,,,,,,
1996-09-03,,,,,,,
1996-09-04,,,,,,,
1996-09-05,,,,,,,
1996-09-06,,,,,,,
1996-09-09,,,,,,,
1996-09-10,,,,,,,
1996-09-11,,,,,,,
1996-09-12,,,,,,,
1996-09-13,,,,,,,
1996-09-16,,,,,,,
1996-09-17,,,,,,,
1996-09-18,,,,,,,
1996-09-19,,,,,,,
1996-09-20,,,,,,,
1996-09-23,,,,,,,
1996-09-24,,,,,,,
1996-09-25,,,,,,,
1996-09-26,,,,,,,
1996-09-27,,,,,,,
1996-09-30,,,,,,,
1996-10-01,,,,,,,
1996-10-02,,,,,,,
1996-10-03,,,,,,,
1996-10-04,,,,,,,
1996-10-07,,,,,,,
1996-10-08,,,,,,,
1996-10-09,,,,,,,
1996-10-10,,,,,,,
1996-10-11,,,,,,,
1996-10-14,,,,,,,
1996-10-15,,,,,,,
1996-10-16,,,,,,,
1996-10-17,,,,,,,
1996-10-18,,,,,,,
1996-10-21,,,,,,,
1996-10-22,,,,,,,
1996-10-23,,,,,,,
1996-10-24,,,,,,,
1996-10-25,,,,,,,
1996-10-28,,,,,,,
1996-10-29,,,,,,,
1996-10-30,,,,,,,
1996-10-31,,,,,,,
1996-11-01,,,,,,,
1996-11-04,,,,,,,
1996-11-05,,,,,,,
1996-11-06,,,,,,,
1996-11-07,,,,,,,
1996-11-08,,,,,,,
1996-11-11,,,,,,,
1996-11-12,,,,,,,
1996-11-13,,,,,,,
1996-11-14,,,,,,,
1996-11-15,,,,,,,
1996-11-18,,,,,,,
1996-11-19,,,,,,,
1996-11-20,,,,,,,
1996-11-21,,,,,,,
1996-11-22,,,,,,,
1996-11-25,,,,,,,
1996-11-26,,,,,,,
1996-11-27,,,,,,,
1996-11-28,,,,,,,
1996-11-29,,,,,,,
1996-12-02,,,,,,,
1996-12-03,,,,,,,
1996-12-04,,,,,,,
1996-12-05,,,,,,,
1996-12-06,,,,,,,
1996-12-09,,,,,,,
1996-12-10,,,,,,,
1996-12-11,,,,,,,
1996-12-12,,,,,,,
1996-12-13,,,,,,,
1996-12-16,,,,,,,
1996-12-17,,,,,,,
1996-12-18,,,,,,,
1996-12-19,,,,,,,
1996-12-20,,,,,,,
1996-12-23,,,,,,,
1996-12-24,,,,,,,
1996-12-25,,,,,,,
1996-12-26,,,,,,,
1996-12-27,,,,,,,
1996-12-30,,,,,,,
1996-12-31,,,,,,,
1997-01-01,,,,,,,
1997-01-02,,,,,,,
1997-01-03,,,,,,,
1997-01-06,,,,,,,
1997-01-07,,,,,,,
1997-01-08,,,,,,,
1997-01-09,,,,,,,
1997-01-10,,,,,,,
1997-01-13,,,,,,,
1997-01-14,,,,,,,
1997-01-15,,,,,,,
1997-01-16,,,,,,,
1997-01-17,,,,,,,
1997-01-20,,,,,,,
1997-01-21,,,,,,,
1997-01-22,,,,,,,
1997-01-23,,,,,,,
1997-01-24,,,,,,,
1997-01-27,,,,,,,
1997-01-28,,,,,,,
1997-01-29,,,,,,,
1997-01-30,,,,,,,
1997-01-31,,,,,,,
1997-02-03,,,,,,,
1997-02-04,,,,,,,
1997-02-05,,,,,,,
1997-02-06,,,,,,,
1997-02-07,,,,,,,
1997-02-10,,,,,,,
1997-02-11,,,,,,,
1997-02-12,,,,,,,
1997-02-13,,,,,,,
1997-02-14,,,,,,,
1997-02-17,,,,,,,
1997-02-18,,,,,,,
1997-02-19,,,,,,,
1997-02-20,,,,,,,
1997-02-21,,,,,,,
1997-02-24,,,,,,,
1997-02-25,,,,,,,
1997-02-26,,,,,,,
1997-02-27,,,,,,,
1997-02-28,,,,,,,
1997-03-03,,,,,,,
1997-03-04,,,,,,,
1997-03-05,,,,,,,
1997-03-06,,,,,,,
1997-03-07,,,,,,,
1997-03-10,,,,,,,
1997-03-11,,,,,,,
1997-03-12,,,,,,,
1997-03-13,,,,,,,
1997-03-14,,,,,,,
1997-03-17,,,,,,,
1997-03-18,,,,,,,
1997-03-19,,,,,,,
1997-03-20,,,,,,,
1997-03-21,,,,,,,
1997-03-24,,,,,,,
1997-03-25,,,,,,,
1997-03-26,,,,,,,
1997-03-27,,,,,,,
1997-03-28,,,,,,,
1997-03-31,,,,,,,
1997-04-01,,,,,,,
1997-04-02,,,,,,,
1997-04-03,,,,,,,
1997-04-04,,,,,,,
1997-04-07,,,,,,,
1997-04-08,,,,,,,
1997-04-09,,,,,,,
1997-04-10,,,,,,,
1997-04-11,,,,,,,
1997-04-14,,,,,,,
1997-04-15,,,,,,,
1997-04-16,,,,,,,
1997-04-17,,,,,,,
1997-04-18,,,,,,,
1997-04-21,,,,,,,
1997-04-22,,,,,,,
1997-04-23,,,,,,,
1997-04-24,,,,,,,
1997-04-25,,,,,,,
1997-04-28,,,,,,,
1997-04-29,,,,,,,
1997-04-30,,,,,,,
1997-05-01,,,,,,,
1997-05-02,,,,,,,
1997-05-05,,,,,,,
1997-05-06,,,,,,,
1997-05-07,,,,,,,
1997-05-08,,,,,,,
1997-05-09,,,,,,,
1997-05-12,,,,,,,
1997-05-13,,,,,,,
1997-05-14,,,,,,,
1997-05-15,,,,,,,
1997-05-16,,,,,,,
1997-05-19,,,,,,,
1997-05-20,,,,,,,
1997-05-21,,,,,,,
1997-05-22,,,,,,,
1997-05-23,,,,,,,
1997-05-26,,,,,,,
1997-05-27,,,,,,,
1997-05-28,,,,,,,
1997-05-29,,,,,,,
1997-05-30,,,,,,,
1997-06-02,,,,,,,
1997-06-03,,,,,,,
1997-06-04,,,,,,,
1997-06-05,,,,,,,
1997-06-06,,,,,,,
1997-06-09,,,,,,,
1997-06-10,,,,,,,
1997-06-11,,,,,,,
1997-06-12,,,,,,,
1997-06-13,,,,,,,
1997-06-16,,,,,,,
1997-06-17,,,,,,,
1997-06-18,,,,,,,
1997-06-19,,,,,,,
1997-06-20,,,,,,,
1997-06-23,,,,,,,
1997-06-24,,,,,,,
1997-06-25,,,,,,,
1997-06-26,,,,,,,
1997-06-27,,,,,,,
1997-06-30,,,,,,,
1997-07-01,,,,,,,
1997-07-02,,,,,,,
1997-07-03,,,,,,,
1997-07-04,,,,,,,
1997-07-07,,,,,,,
1997-07-08,,,,,,,
1997-07-09,,,,,,,
1997-07-10,,,,,,,
1997-07-11,,,,,,,
1997-07-14,,,,,,,
1997-07-15,,,,,,,
1997-07-16,,,,,,,
1997-07-17,,,,,,,
1997-07-18,,,,,,,
1997-07-21,,,,,,,
1997-07-22,,,,,,,
1997-07-23,,,,,,,
1997-07-24,,,,,,,
1997-07-25,,,,,,,
1997-07-28,,,,,,,
1997-07-29,,,,,,,
1997-07-30,,,,,,,
1997-07-31,,,,,,,
1997-08-01,,,,,,,
1997-08-04,,,,,,,
1997-08-05,,,,,,,
1997-08-06,,,,,,,
1997-08-07,,,,,,,
1997-08-08,,,,,,,
1997-08-11,,,,,,,
1997-08-12,,,,,,,
1997-08-13,,,,,,,
1997-08-14,,,,,,,
1997-08-15,,,,,,,
1997-08-18,,,,,,,
1997-08-19,,,,,,,
1997-08-20,,,,,,,
1997-08-21,,,,,,,
1997-08-22,,,,,,,
1997-08-25,,,,,,,
1997-08-26,,,,,,,
1997-08-27,,,,,,,
1997-08-28,,,,,,,
1997-08-29,,,,,,,
1997-09-01,,,,,,,
1997-09-02,,,,,,,
1997-09-03,,,,,,,
1997-09-04,,,,,,,
1997-09-05,,,,,,,
1997-09-08,,,,,,,
1997-09-09,,,,,,,
1997-09-10,,,,,,,
1997-09-11,,,,,,,
1997-09-12,,,,,,,
1997-09-15,,,,,,,
1997-09-16,,,,,,,
1997-09-17,,,,,,,
1997-09-18,,,,,,,
1997-09-19,,,,,,,
1997-09-22,,,,,,,
1997-09-23,,,,,,,
1997-09-24,,,,,,,
1997-09-25,,,,,,,
1997-09-26,,,,,,,
1997-09-29,,,,,,,
1997-09-30,,,,,,,
1997-10-01,,,,,,,
1997-10-02,,,,,,,
1997-10-03,,,,,,,
1997-10-06,,,,,,,
1997-10-07,,,,,,,
1997-10-08,,,,,,,
1997-10-09,,,,,,,
1997-10-10,,,,,,,
1997-10-13,,,,,,,
1997-10-14,,,,,,,
1997-10-15,,,,,,,
1997-10-16,,,,,,,
1997-10-17,,,,,,,
1997-10-20,,,,,,,
1997-10-21,,,,,,,
1997-10-22,,,,,,,
1997-10-23,,,,,,,
1997-10-24,,,,,,,
1997-10-27,,,,,,,
1997-10-28,,,,,,,
1997-10-29,,,,,,,
1997-10-30,,,,,,,
1997-10-31,,,,,,,
1997-11-03,,,,,,,
1997-11-04,,,,,,,
1997-11-05,,,,,,,
1997-11-06,,,,,,,
1997-11-07,,,,,,,
1997-11-10,,,,,,,
1997-11-11,,,,,,,
1997-11-12,,,,,,,
1997-11-13,,,,,,,
1997-11-14,,,,,,,
1997-11-17,,,,,,,
1997-11-18,,,,,,,
1997-11-19,,,,,,,
1997-11-20,,,,,,,
1997-11-21,,,,,,,
1997-11-24,,,,,,,
1997-11-25,,,,,,,
1997-11-26,,,,,,,
1997-11-27,,,,,,,
1997-11-28,,,,,,,
1997-12-01,,,,,,,
1997-12-02,,,,,,,
1997-12-03,,,,,,,
1997-12-04,,,,,,,
1997-12-05,,,,,,,
1997-12-08,,,,,,,
1997-12-09,,,,,,,
1997-12-10,,,,,,,
1997-12-11,,,,,,,
1997-12-12,,,,,,,
1997-12-15,,,,,,,
1997-12-16,,,,,,,
1997-12-17,,,,,,,
1997-12-18,,,,,,,
1997-12-19,,,,,,,
1997-12-22,,,,,,,
1997-12-23,,,,,,,
1997-12-24,,,,,,,
1997-12-25,,,,,,,
1997-12-26,,,,,,,
1997-12-29,,,,,,,
1997-12-30,,,,,,,
1997-12-31,,,,,,,
1998-01-01,,,,,,,
1998-01-02,,,,,,,
1998-01-05,,,,,,,
1998-01-06,,,,,,,
1998-01-07,,,,,,,
1998-01-08,,,,,,,
1998-01-09,,,,,,,
1998-01-12,,,,,,,
1998-01-13,,,,,,,
1998-01-14,,,,,,,
1998-01-15,,,,,,,
1998-01-16,,,,,,,
1998-01-19,,,,,,,
1998-01-20,,,,,,,
1998-01-21,,,,,,,
1998-01-22,,,,,,,
1998-01-23,,,,,,,
1998-01-26,,,,,,,
1998-01-27,,,,,,,
1998-01-28,,,,,,,
1998-01-29,,,,,,,
1998-01-30,,,,,,,
1998-02-02,,,,,,,
1998-02-03,,,,,,,
1998-02-04,,,,,,,
1998-02-05,,,,,,,
1998-02-06,,,,,,,
1998-02-09,,,,,,,
1998-02-10,,,,,,,
1998-02-11,,,,,,,
1998-02-12,,,,,,,
1998-02-13,,,,,,,
1998-02-16,,,,,,,
1998-02-17,,,,,,,
1998-02-18,,,,,,,
1998-02-19,,,,,,,
1998-02-20,,,,,,,
1998-02-23,,,,,,,
1998-02-24,,,,,,,
1998-02-25,,,,,,,
1998-02-26,,,,,,,
1998-02-27,,,,,,,
1998-03-02,,,,,,,
1998-03-03,,,,,,,
1998-03-04,,,,,,,
1998-03-05,,,,,,,
1998-03-06,,,,,,,
1998-03-09,,,,,,,
1998-03-10,,,,,,,
1998-03-11,,,,,,,
1998-03-12,,,,,,,
1998-03-13,,,,,,,
1998-03-16,,,,,,,
1998-03-17,,,,,,,
1998-03-18,,,,,,,
1998-03-19,,,,,,,
1998-03-20,,,,,,,
1998-03-23,,,,,,,
1998-03-24,,,,,,,
1998-03-25,,,,,,,
1998-03-26,,,,,,,
1998-03-27,,,,,,,
1998-03-30,,,,,,,
1998-03-31,,,,,,,
1998-04-01,,,,,,,
1998-04-02,,,,,,,
1998-04-03,,,,,,,
1998-04-06,,,,,,,
1998-04-07,,,,,,,
1998-04-08,,,,,,,
1998-04-09,,,,,,,
1998-04-10,,,,,,,
1998-04-13,,,,,,,
1998-04-14,,,,,,,
1998-04-15,,,,,,,
1998-04-16,,,,,,,
1998-04-17,,,,,,,
1998-04-20,,,,,,,
1998-04-21,,,,,,,
1998-04-22,,,,,,,
1998-04-23,,,,,,,
1998-04-24,,,,,,,
1998-04-27,,,,,,,
1998-04-28,,,,,,,
1998-04-29,,,,,,,
1998-04-30,,,,,,,
1998-05-01,,,,,,,
1998-05-04,,,,,,,
1998-05-05,,,,,,,
1998-05-06,,,,,,,
1998-05-07,,,,,,,
1998-05-08,,,,,,,
1998-05-11,,,,,,,
1998-05-12,,,,,,,
1998-05-13,,,,,,,
1998-05-14,,,,,,,
1998-05-15,,,,,,,
1998-05-18,,,,,,,
1998-05-19,,,,,,,
1998-05-20,,,,,,,
1998-05-21,,,,,,,
1998-05-22,,,,,,,
1998-05-25,,,,,,,
1998-05-26,,,,,,,
1998-05-27,,,,,,,
1998-05-28,,,,,,,
1998-05-29,,,,,,,
1998-06-01,,,,,,,
1998-06-02,,,,,,,
1998-06-03,,,,,,,
1998-06-04,,,,,,,
1998-06-05,,,,,,,
1998-06-08,,,,,,,
1998-06-09,,,,,,,
1998-06-10,,,,,,,
1998-06-11,,,,,,,
1998-06-12,,,,,,,
1998-06-15,,,,,,,
1998-06-16,,,,,,,
1998-06-17,,,,,,,
1998-06-18,,,,,,,
1998-06-19,,,,,,,
1998-06-22,,,,,,,
1998-06-23,,,,,,,
1998-06-24,,,,,,,
1998-06-25,,,,,,,
1998-06-26,,,,,,,
1998-06-29,,,,,,,
1998-06-30,,,,,,,
1998-07-01,,,,,,,
1998-07-02,,,,,,,
1998-07-03,,,,,,,
1998-07-06,,,,,,,
1998-07-07,,,,,,,
1998-07-08,,,,,,,
1998-07-09,,,,,,,
1998-07-10,,,,,,,
1998-07-13,,,,,,,
1998-07-14,,,,,,,
1998-07-15,,,,,,,
1998-07-16,,,,,,,
1998-07-17,,,,,,,
1998-07-20,,,,,,,
1998-07-21,,,,,,,
1998-07-22,,,,,,,
1998-07-23,,,,,,,
1998-07-24,,,,,,,
1998-07-27,,,,,,,
1998-07-28,,,,,,,
1998-07-29,,,,,,,
1998-07-30,,,,,,,
1998-07-31,,,,,,,
1998-08-03,,,,,,,
1998-08-04,,,,,,,
1998-08-05,,,,,,,
1998-08-06,,,,,,,
1998-08-07,,,,,,,
1998-08-10,,,,,,,
1998-08-11,,,,,,,
1998-08-12,,,,,,,
1998-08-13,,,,,,,
1998-08-14,,,,,,,
1998-08-17,,,,,,,
1998-08-18,,,,,,,
1998-08-19,,,,,,,
1998-08-20,,,,,,,
1998-08-21,,,,,,,
1998-08-24,,,,,,,
1998-08-25,,,,,,,
1998-08-26,,,,,,,
1998-08-27,,,,,,,
1998-08-28,,,,,,,
1998-08-31,,,,,,,
1998-09-01,,,,,,,
1998-09-02,,,,,,,
1998-09-03,,,,,,,
1998-09-04,,,,,,,
1998-09-07,,,,,,,
1998-09-08,,,,,,,
1998-09-09,,,,,,,
1998-09-10,,,,,,,
1998-09-11,,,,,,,
1998-09-14,,,,,,,
1998-09-15,,,,,,,
1998-09-16,,,,,,,
1998-09-17,,,,,,,
1998-09-18,,,,,,,
1998-09-21,,,,,,,
1998-09-22,,,,,,,
1998-09-23,,,,,,,
1998-09-24,,,,,,,
1998-09-25,,,,,,,
1998-09-28,,,,,,,
1998-09-29,,,,,,,
1998-09-30,,,,,,,
1998-10-01,,,,,,,
1998-10-02,,,,,,,
1998-10-05,,,,,,,
1998-10-06,,,,,,,
1998-10-07,,,,,,,
1998-10-08,,,,,,,
1998-10-09,,,,,,,
1998-10-12,,,,,,,
1998-10-13,,,,,,,
1998-10-14,,,,,,,
1998-10-15,,,,,,,
1998-10-16,,,,,,,
1998-10-19,,,,,,,
1998-10-20,,,,,,,
1998-10-21,,,,,,,
1998-10-22,,,,,,,
1998-10-23,,,,,,,
1998-10-26,,,,,,,
1998-10-27,,,,,,,
1998-10-28,,,,,,,
1998-10-29,,,,,,,
1998-10-30,,,,,,,
1998-11-02,,,,,,,
1998-11-03,,,,,,,
1998-11-04,,,,,,,
1998-11-05,,,,,,,
1998-11-06,,,,,,,
1998-11-09,,,,,,,
1998-11-10,,,,,,,
1998-11-11,,,,,,,
1998-11-12,,,,,,,
1998-11-13,,,,,,,
1998-11-16,,,,,,,
1998-11-17,,,,,,,
1998-11-18,,,,,,,
1998-11-19,,,,,,,
1998-11-20,,,,,,,
1998-11-23,,,,,,,
1998-11-24,,,,,,,
1998-11-25,,,,,,,
1998-11-26,,,,,,,
1998-11-27,,,,,,,
1998-11-30,,,,,,,
1998-12-01,,,,,,,
1998-12-02,,,,,,,
1998-12-03,,,,,,,
1998-12-04,,,,,,,
1998-12-07,,,,,,,
1998-12-08,,,,,,,
1998-12-09,,,,,,,
1998-12-10,,,,,,,
1998-12-11,,,,,,,
1998-12-14,,,,,,,
1998-12-15,,,,,,,
1998-12-16,,,,,,,
1998-12-17,,,,,,,
1998-12-18,,,,,,,
1998-12-21,,,,,,,
1998-12-22,,,,,,,
1998-12-23,,,,,,,
1998-12-24,,,,,,,
1998-12-25,,,,,,,
1998-12-28,,,,,,,
1998-12-29,,,,,,,
1998-12-30,,,,,,,
1998-12-31,,,,,,,
1999-01-01,,,,,,,
1999-01-04,,,,,,,
1999-01-05,,,,,,,
1999-01-06,,,,,,,
1999-01-07,,,,,,,
1999-01-08,,,,,,,
1999-01-11,,,,,,,
1999-01-12,,,,,,,
1999-01-13,,,,,,,
1999-01-14,,,,,,,
1999-01-15,,,,,,,
1999-01-18,,,,,,,
1999-01-19,,,,,,,
1999-01-20,,,,,,,
1999-01-21,,,,,,,
1999-01-22,,,,,,,
1999-01-25,,,,,,,
1999-01-26,,,,,,,
1999-01-27,,,,,,,
1999-01-28,,,,,,,
1999-01-29,,,,,,,
1999-02-01,,,,,,,
1999-02-02,,,,,,,
1999-02-03,,,,,,,
1999-02-04,,,,,,,
1999-02-05,,,,,,,
1999-02-08,,,,,,,
1999-02-09,,,,,,,
1999-02-10,,,,,,,
1999-02-11,,,,,,,
1999-02-12,,,,,,,
1999-02-15,,,,,,,
1999-02-16,,,,,,,
1999-02-17,,,,,,,
1999-02-18,,,,,,,
1999-02-19,,,,,,,
1999-02-22,,,,,,,
1999-02-23,,,,,,,
1999-02-24,,,,,,,
1999-02-25,,,,,,,
1999-02-26,,,,,,,
1999-03-01,,,,,,,
1999-03-02,,,,,,,
1999-03-03,,,,,,,
1999-03-04,,,,,,,
1999-03-05,,,,,,,
1999-03-08,,,,,,,
1999-03-09,,,,,,,
1999-03-10,,,,,,,
1999-03-11,,,,,,,
1999-03-12,,,,,,,
1999-03-15,,,,,,,
1999-03-16,,,,,,,
1999-03-17,,,,,,,
1999-03-18,,,,,,,
1999-03-19,,,,,,,
1999-03-22,,,,,,,
1999-03-23,,,,,,,
1999-03-24,,,,,,,
1999-03-25,,,,,,,
1999-03-26,,,,,,,
1999-03-29,,,,,,,
1999-03-30,,,,,,,
1999-03-31,,,,,,,
1999-04-01,,,,,,,
1999-04-02,,,,,,,
1999-04-05,,,,,,,
1999-04-06,,,,,,,
1999-04-07,,,,,,,
1999-04-08,,,,,,,
1999-04-09,,,,,,,
1999-04-12,,,,,,,
1999-04-13,,,,,,,
1999-04-14,,,,,,,
1999-04-15,,,,,,,
1999-04-16,,,,,,,
1999-04-19,,,,,,,
1999-04-20,,,,,,,
1999-04-21,,,,,,,
1999-04-22,,,,,,,
1999-04-23,,,,,,,
1999-04-26,,,,,,,
1999-04-27,,,,,,,
1999-04-28,,,,,,,
1999-04-29,,,,,,,
1999-04-30,,,,,,,
1999-05-03,,,,,,,
1999-05-04,,,,,,,
1999-05-05,,,,,,,
1999-05-06,,,,,,,
1999-05-07,,,,,,,
1999-05-10,,,,,,,
1999-05-11,,,,,,,
1999-05-12,,,,,,,
1999-05-13,,,,,,,
1999-05-14,,,,,,,
1999-05-17,,,,,,,
1999-05-18,,,,,,,
1999-05-19,,,,,,,
1999-05-20,,,,,,,
1999-05-21,,,,,,,
1999-05-24,,,,,,,
1999-05-25,,,,,,,
1999-05-26,,,,,,,
1999-05-27,,,,,,,
1999-05-28,,,,,,,
1999-05-31,,,,,,,
1999-06-01,,,,,,,
1999-06-02,,,,,,,
1999-06-03,,,,,,,
1999-06-04,,,,,,,
1999-06-07,,,,,,,
1999-06-08,,,,,,,
1999-06-09,,,,,,,
1999-06-10,,,,,,,
1999-06-11,,,,,,,
1999-06-14,,,,,,,
1999-06-15,,,,,,,
1999-06-16,,,,,,,
1999-06-17,,,,,,,
1999-06-18,,,,,,,
1999-06-21,,,,,,,
1999-06-22,,,,,,,
1999-06-23,,,,,,,
1999-06-24,,,,,,,
1999-06-25,,,,,,,
1999-06-28,,,,,,,
1999-06-29,,,,,,,
1999-06-30,,,,,,,
1999-07-01,,,,,,,
1999-07-02,,,,,,,
1999-07-05,,,,,,,
1999-07-06,,,,,,,
1999-07-07,,,,,,,
1999-07-08,,,,,,,
1999-07-09,,,,,,,
1999-07-12,,,,,,,
1999-07-13,,,,,,,
1999-07-14,,,,,,,
1999-07-15,,,,,,,
1999-07-16,,,,,,,
1999-07-19,,,,,,,
1999-07-20,,,,,,,
1999-07-21,,,,,,,
1999-07-22,,,,,,,
1999-07-23,,,,,,,
1999-07-26,,,,,,,
1999-07-27,,,,,,,
1999-07-28,,,,,,,
1999-07-29,,,,,,,
1999-07-30,,,,,,,
1999-08-02,,,,,,,
1999-08-03,,,,,,,
1999-08-04,,,,,,,
1999-08-05,,,,,,,
1999-08-06,,,,,,,
1999-08-09,,,,,,,
1999-08-10,,,,,,,
1999-08-11,,,,,,,
1999-08-12,,,,,,,
1999-08-13,,,,,,,
1999-08-16,,,,,,,
1999-08-17,,,,,,,
1999-08-18,,,,,,,
1999-08-19,,,,,,,
1999-08-20,,,,,,,
1999-08-23,,,,,,,
1999-08-24,,,,,,,
1999-08-25,,,,,,,
1999-08-26,,,,,,,
1999-08-27,,,,,,,
1999-08-30,,,,,,,
1999-08-31,,,,,,,
1999-09-01,,,,,,,
1999-09-02,,,,,,,
1999-09-03,,,,,,,
1999-09-06,,,,,,,
1999-09-07,,,,,,,
1999-09-08,,,,,,,
1999-09-09,,,,,,,
1999-09-10,,,,,,,
1999-09-13,,,,,,,
1999-09-14,,,,,,,
1999-09-15,,,,,,,
1999-09-16,,,,,,,
1999-09-17,,,,,,,
1999-09-20,,,,,,,
1999-09-21,,,,,,,
1999-09-22,,,,,,,
1999-09-23,,,,,,,
1999-09-24,,,,,,,
1999-09-27,,,,,,,
1999-09-28,,,,,,,
1999-09-29,,,,,,,
1999-09-30,,,,,,,
1999-10-01,,,,,,,
1999-10-04,,,,,,,
1999-10-05,,,,,,,
1999-10-06,,,,,,,
1999-10-07,,,,,,,
1999-10-08,,,,,,,
1999-10-11,,,,,,,
1999-10-12,,,,,,,
1999-10-13,,,,,,,
1999-10-14,,,,,,,
1999-10-15,,,,,,,
1999-10-18,,,,,,,
1999-10-19,,,,,,,
1999-10-20,,,,,,,
1999-10-21,,,,,,,
1999-10-22,,,,,,,
1999-10-25,,,,,,,
1999-10-26,,,,,,,
1999-10-27,,,,,,,
1999-10-28,,,,,,,
1999-10-29,,,,,,,
1999-11-01,,,,,,,
1999-11-02,,,,,,,
1999-11-03,,,,,,,
1999-11-04,,,,,,,
1999-11-05,,,,,,,
1999-11-08,,,,,,,
1999-11-09,,,,,,,
1999-11-10,,,,,,,
1999-11-11,,,,,,,
1999-11-12,,,,,,,
1999-11-15,,,,,,,
1999-11-16,,,,,,,
1999-11-17,,,,,,,
1999-11-18,,,,,,,
1999-11-19,,,,,,,
1999-11-22,,,,,,,
1999-11-23,,,,,,,
1999-11-24,,,,,,,
1999-11-25,,,,,,,
1999-11-26,,,,,,,
1999-11-29,,,,,,,
1999-11-30,,,,,,,
1999-12-01,,,,,,,
1999-12-02,,,,,,,
1999-12-03,,,,,,,
1999-12-06,,,,,,,
1999-12-07,,,,,,,
1999-12-08,,,,,,,
1999-12-09,,,,,,,
1999-12-10,,,,,,,
1999-12-13,,,,,,,
1999-12-14,,,,,,,
1999-12-15,,,,,,,
1999-12-16,,,,,,,
1999-12-17,,,,,,,
1999-12-20,,,,,,,
1999-12-21,,,,,,,
1999-12-22,,,,,,,
1999-12-23,,,,,,,
1999-12-24,,,,,,,
1999-12-27,,,,,,,
1999-12-28,,,,,,,
1999-12-29,,,,,,,
1999-12-30,,,,,,,
1999-12-31,,,,,,,
2000-01-03,,,,,,,
2000-01-04,,,,,,,
2000-01-05,,,,,,,
2000-01-06,,,,,,,
2000-01-07,,,,,,,
2000-01-10,,,,,,,
2000-01-11,,,,,,,
2000-01-12,,,,,,,
2000-01-13,,,,,,,
2000-01-14,,,,,,,
2000-01-17,,,,,,,
2000-01-18,,,,,,,
2000-01-19,,,,,,,
2000-01-20,,,,,,,
2000-01-21,,,,,,,
2000-01-24,,,,,,,
2000-01-25,,,,,,,
2000-01-26,,,,,,,
2000-01-27,,,,,,,
2000-01-28,,,,,,,
2000-01-31,,,,,,,
2000-02-01,,,,,,,
2000-02-02,,,,,,,
2000-02-03,,,,,,,
2000-02-04,,,,,,,
2000-02-07,,,,,,,
2000-02-08,,,,,,,
2000-02-09,,,,,,,
2000-02-10,,,,,,,
2000-02-11,,,,,,,
2000-02-14,,,,,,,
2000-02-15,,,,,,,
2000-02-16,,,,,,,
2000-02-17,,,,,,,
2000-02-18,,,,,,,
2000-02-21,,,,,,,
2000-02-22,,,,,,,
2000-02-23,,,,,,,
2000-02-24,,,,,,,
2000-02-25,,,,,,,
2000-02-28,,,,,,,
2000-02-29,,,,,,,
2000-03-01,,,,,,,
2000-03-02,,,,,,,
2000-03-03,,,,,,,
2000-03-06,,,,,,,
2000-03-07,,,,,,,
2000-03-08,,,,,,,
2000-03-09,,,,,,,
2000-03-10,,,,,,,
2000-03-13,,,,,,,
2000-03-14,,,,,,,
2000-03-15,,,,,,,
2000-03-16,,,,,,,
2000-03-17,,,,,,,
2000-03-20,,,,,,,
2000-03-21,,,,,,,
2000-03-22,,,,,,,
2000-03-23,,,,,,,
2000-03-24,,,,,,,
2000-03-27,,,,,,,
2000-03-28,,,,,,,
2000-03-29,,,,,,,
2000-03-30,,,,,,,
2000-03-31,,,,,,,
2000-04-03,,,,,,,
2000-04-04,,,,,,,
2000-04-05,,,,,,,
2000-04-06,,,,,,,
2000-04-07,,,,,,,
2000-04-10,,,,,,,
2000-04-11,,,,,,,
2000-04-12,,,,,,,
2000-04-13,,,,,,,
2000-04-14,,,,,,,
2000-04-17,,,,,,,
2000-04-18,,,,,,,
2000-04-19,,,,,,,
2000-04-20,,,,,,,
2000-04-21,,,,,,,
2000-04-24,,,,,,,
2000-04-25,,,,,,,
2000-04-26,,,,,,,
2000-04-27,,,,,,,
2000-04-28,,,,,,,
2000-05-01,,,,,,,
2000-05-02,,,,,,,
2000-05-03,,,,,,,
2000-05-04,,,,,,,
2000-05-05,,,,,,,
2000-05-08,,,,,,,
2000-05-09,,,,,,,
2000-05-10,,,,,,,
2000-05-11,,,,,,,
2000-05-12,,,,,,,
2000-05-15,,,,,,,
2000-05-16,,,,,,,
2000-05-17,,,,,,,
2000-05-18,,,,,,,
2000-05-19,,,,,,,
2000-05-22,,,,,,,
2000-05-23,,,,,,,
2000-05-24,,,,,,,
2000-05-25,,,,,,,
2000-05-26,,,,,,,
2000-05-29,,,,,,,
2000-05-30,,,,,,,
2000-05-31,,,,,,,
2000-06-01,,,,,,,
2000-06-02,,,,,,,
2000-06-05,,,,,,,
2000-06-06,,,,,,,
2000-06-07,,,,,,,
2000-06-08,,,,,,,
2000-06-09,,,,,,,
2000-06-12,,,,,,,
2000-06-13,,,,,,,
2000-06-14,,,,,,,
2000-06-15,,,,,,,
2000-06-16,,,,,,,
2000-06-19,,,,,,,
2000-06-20,,,,,,,
2000-06-21,,,,,,,
2000-06-22,,,,,,,
2000-06-23,,,,,,,
2000-06-26,,,,,,,
2000-06-27,,,,,,,
2000-06-28,,,,,,,
2000-06-29,,,,,,,
2000-06-30,,,,,,,
2000-07-03,,,,,,,
2000-07-04,,,,,,,
2000-07-05,,,,,,,
2000-07-06,,,,,,,
2000-07-07,,,,,,,
2000-07-10,,,,,,,
2000-07-11,,,,,,,
2000-07-12,,,,,,,
2000-07-13,,,,,,,
2000-07-14,,,,,,,
2000-07-17,,,,,,,
2000-07-18,,,,,,,
2000-07-19,,,,,,,
2000-07-20,,,,,,,
2000-07-21,,,,,,,
2000-07-24,,,,,,,
2000-07-25,,,,,,,
2000-07-26,,,,,,,
2000-07-27,,,,,,,
2000-07-28,,,,,,,
2000-07-31,,,,,,,
2000-08-01,,,,,,,
2000-08-02,,,,,,,
2000-08-03,,,,,,,
2000-08-04,,,,,,,
2000-08-07,,,,,,,
2000-08-08,,,,,,,
2000-08-09,,,,,,,
2000-08-10,,,,,,,
2000-08-11,,,,,,,
2000-08-14,,,,,,,
2000-08-15,,,,,,,
2000-08-16,,,,,,,
2000-08-17,,,,,,,
2000-08-18,,,,,,,
2000-08-21,,,,,,,
2000-08-22,,,,,,,
2000-08-23,,,,,,,
2000-08-24,,,,,,,
2000-08-25,,,,,,,
2000-08-28,,,,,,,
2000-08-29,,,,,,,
2000-08-30,,,,,,,
2000-08-31,,,,,,,
2000-09-01,,,,,,,
2000-09-04,,,,,,,
2000-09-05,,,,,,,
2000-09-06,,,,,,,
2000-09-07,,,,,,,
2000-09-08,,,,,,,
2000-09-11,,,,,,,
2000-09-12,,,,,,,
2000-09-13,,,,,,,
2000-09-14,,,,,,,
2000-09-15,,,,,,,
2000-09-18,,,,,,,
2000-09-19,,,,,,,
2000-09-20,,,,,,,
2000-09-21,,,,,,,
2000-09-22,,,,,,,
2000-09-25,,,,,,,
2000-09-26,,,,,,,
2000-09-27,,,,,,,
2000-09-28,,,,,,,
2000-09-29,,,,,,,
2000-10-02,,,,,,,
2000-10-03,,,,,,,
2000-10-04,,,,,,,
2000-10-05,,,,,,,
2000-10-06,,,,,,,
2000-10-09,,,,,,,
2000-10-10,,,,,,,
2000-10-11,,,,,,,
2000-10-12,,,,,,,
2000-10-13,,,,,,,
2000-10-16,,,,,,,
2000-10-17,,,,,,,
2000-10-18,,,,,,,
2000-10-19,,,,,,,
2000-10-20,,,,,,,
2000-10-23,,,,,,,
2000-10-24,,,,,,,
2000-10-25,,,,,,,
2000-10-26,,,,,,,
2000-10-27,,,,,,,
2000-10-30,,,,,,,
2000-10-31,,,,,,,
2000-11-01,,,,,,,
2000-11-02,,,,,,,
2000-11-03,,,,,,,
2000-11-06,,,,,,,
2000-11-07,,,,,,,
2000-11-08,,,,,,,
2000-11-09,,,,,,,
2000-11-10,,,,,,,
2000-11-13,,,,,,,
2000-11-14,,,,,,,
2000-11-15,,,,,,,
2000-11-16,,,,,,,
2000-11-17,,,,,,,
2000-11-20,,,,,,,
2000-11-21,,,,,,,
2000-11-22,,,,,,,
2000-11-23,,,,,,,
2000-11-24,,,,,,,
2000-11-27,,,,,,,
2000-11-28,,,,,,,
2000-11-29,,,,,,,
2000-11-30,,,,,,,
2000-12-01,,,,,,,
2000-12-04,,,,,,,
2000-12-05,,,,,,,
2000-12-06,,,,,,,
2000-12-07,,,,,,,
2000-12-08,,,,,,,
2000-12-11,,,,,,,
2000-12-12,,,,,,,
2000-12-13,,,,,,,
2000-12-14,,,,,,,
2000-12-15,,,,,,,
2000-12-18,,,,,,,
2000-12-19,,,,,,,
2000-12-20,,,,,,,
2000-12-21,,,,,,,
2000-12-22,,,,,,,
2000-12-25,,,,,,,
2000-12-26,,,,,,,
2000-12-27,,,,,,,
2000-12-28,,,,,,,
2000-12-29,,,,,,,
2001-01-01,,,,,,,
2001-01-02,,,,,,,
2001-01-03,,,,,,,
2001-01-04,,,,,,,
2001-01-05,,,,,,,
2001-01-08,,,,,,,
2001-01-09,,,,,,,
2001-01-10,,,,,,,
2001-01-11,,,,,,,
2001-01-12,,,,,,,
2001-01-15,,,,,,,
2001-01-16,,,,,,,
2001-01-17,,,,,,,
2001-01-18,,,,,,,
2001-01-19,,,,,,,
2001-01-22,,,,,,,
2001-01-23,,,,,,,
2001-01-24,,,,,,,
2001-01-25,,,,,,,
2001-01-26,,,,,,,
2001-01-29,,,,,,,
2001-01-30,,,,,,,
2001-01-31,,,,,,,
2001-02-01,,,,,,,
2001-02-02,,,,,,,
2001-02-05,,,,,,,
2001-02-06,,,,,,,
2001-02-07,,,,,,,
2001-02-08,,,,,,,
2001-02-09,,,,,,,
2001-02-12,,,,,,,
2001-02-13,,,,,,,
2001-02-14,,,,,,,
2001-02-15,,,,,,,
2001-02-16,,,,,,,
2001-02-19,,,,,,,
2001-02-20,,,,,,,
2001-02-21,,,,,,,
2001-02-22,,,,,,,
2001-02-23,,,,,,,
2001-02-26,,,,,,,
2001-02-27,,,,,,,
2001-02-28,,,,,,,
2001-03-01,,,,,,,
2001-03-02,,,,,,,
2001-03-05,,,,,,,
2001-03-06,,,,,,,
2001-03-07,,,,,,,
2001-03-08,,,,,,,
2001-03-09,,,,,,,
2001-03-12,,,,,,,
2001-03-13,,,,,,,
2001-03-14,,,,,,,
2001-03-15,,,,,,,
2001-03-16,,,,,,,
2001-03-19,,,,,,,
2001-03-20,,,,,,,
2001-03-21,,,,,,,
2001-03-22,,,,,,,
2001-03-23,,,,,,,
2001-03-26,,,,,,,
2001-03-27,,,,,,,
2001-03-28,,,,,,,
2001-03-29,,,,,,,
2001-03-30,,,,,,,
2001-04-02,,,,,,,
2001-04-03,,,,,,,
2001-04-04,,,,,,,
2001-04-05,,,,,,,
2001-04-06,,,,,,,
2001-04-09,,,,,,,
2001-04-10,,,,,,,
2001-04-11,,,,,,,
2001-04-12,,,,,,,
2001-04-13,,,,,,,
2001-04-16,,,,,,,
2001-04-17,,,,,,,
2001-04-18,,,,,,,
2001-04-19,,,,,,,
2001-04-20,,,,,,,
2001-04-23,,,,,,,
2001-04-24,,,,,,,
2001-04-25,,,,,,,
2001-04-26,,,,,,,
2001-04-27,,,,,,,
2001-04-30,,,,,,,
2001-05-01,,,,,,,
2001-05-02,,,,,,,
2001-05-03,,,,,,,
2001-05-04,,,,,,,
2001-05-07,,,,,,,
2001-05-08,,,,,,,
2001-05-09,,,,,,,
2001-05-10,,,,,,,
2001-05-11,,,,,,,
2001-05-14,,,,,,,
2001-05-15,,,,,,,
2001-05-16,,,,,,,
2001-05-17,,,,,,,
2001-05-18,,,,,,,
2001-05-21,,,,,,,
2001-05-22,,,,,,,
2001-05-23,,,,,,,
2001-05-24,,,,,,,
2001-05-25,,,,,,,
2001-05-28,,,,,,,
2001-05-29,,,,,,,
2001-05-30,,,,,,,
2001-05-31,,,,,,,
2001-06-01,,,,,,,
2001-06-04,,,,,,,
2001-06-05,,,,,,,
2001-06-06,,,,,,,
2001-06-07,,,,,,,
2001-06-08,,,,,,,
2001-06-11,,,,,,,
2001-06-12,,,,,,,
2001-06-13,,,,,,,
2001-06-14,,,,,,,
2001-06-15,,,,,,,
2001-06-18,,,,,,,
2001-06-19,,,,,,,
2001-06-20,,,,,,,
2001-06-21,,,,,,,
2001-06-22,,,,,,,
2001-06-25,,,,,,,
2001-06-26,,,,,,,
2001-06-27,,,,,,,
2001-06-28,,,,,,,
2001-06-29,,,,,,,
2001-07-02,,,,,,,
2001-07-03,,,,,,,
2001-07-04,,,,,,,
2001-07-05,,,,,,,
2001-07-06,,,,,,,
2001-07-09,,,,,,,
2001-07-10,,,,,,,
2001-07-11,,,,,,,
2001-07-12,,,,,,,
2001-07-13,,,,,,,
2001-07-16,,,,,,,
2001-07-17,,,,,,,
2001-07-18,,,,,,,
2001-07-19,,,,,,,
2001-07-20,,,,,,,
2001-07-23,,,,,,,
2001-07-24,,,,,,,
2001-07-25,,,,,,,
2001-07-26,,,,,,,
2001-07-27,,,,,,,
2001-07-30,,,,,,,
2001-07-31,,,,,,,
2001-08-01,,,,,,,
2001-08-02,,,,,,,
2001-08-03,,,,,,,
2001-08-06,,,,,,,
2001-08-07,,,,,,,
2001-08-08,,,,,,,
2001-08-09,,,,,,,
2001-08-10,,,,,,,
2001-08-13,,,,,,,
2001-08-14,,,,,,,
2001-08-15,,,,,,,
2001-08-16,,,,,,,
2001-08-17,,,,,,,
2001-08-20,,,,,,,
2001-08-21,,,,,,,
2001-08-22,,,,,,,
2001-08-23,,,,,,,
2001-08-24,,,,,,,
2001-08-27,,,,,,,
2001-08-28,,,,,,,
2001-08-29,,,,,,,
2001-08-30,,,,,,,
2001-08-31,,,,,,,
2001-09-03,,,,,,,
2001-09-04,,,,,,,
2001-09-05,,,,,,,
2001-09-06,,,,,,,
2001-09-07,,,,,,,
2001-09-10,,,,,,,
2001-09-11,,,,,,,
2001-09-12,,,,,,,
2001-09-13,,,,,,,
2001-09-14,,,,,,,
2001-09-17,,,,,,,
2001-09-18,,,,,,,
2001-09-19,,,,,,,
2001-09-20,,,,,,,
2001-09-21,,,,,,,
2001-09-24,,,,,,,
2001-09-25,,,,,,,
2001-09-26,,,,,,,
2001-09-27,,,,,,,
2001-09-28,,,,,,,
2001-10-01,,,,,,,
2001-10-02,,,,,,,
2001-10-03,,,,,,,
2001-10-04,,,,,,,
2001-10-05,,,,,,,
2001-10-08,,,,,,,
2001-10-09,,,,,,,
2001-10-10,,,,,,,
2001-10-11,,,,,,,
2001-10-12,,,,,,,
2001-10-15,,,,,,,
2001-10-16,,,,,,,
2001-10-17,,,,,,,
2001-10-18,,,,,,,
2001-10-19,,,,,,,
2001-10-22,,,,,,,
2001-10-23,,,,,,,
2001-10-24,,,,,,,
2001-10-25,,,,,,,
2001-10-26,,,,,,,
2001-10-29,,,,,,,
2001-10-30,,,,,,,
2001-10-31,,,,,,,
2001-11-01,,,,,,,
2001-11-02,,,,,,,
2001-11-05,,,,,,,
2001-11-06,,,,,,,
2001-11-07,,,,,,,
2001-11-08,,,,,,,
2001-11-09,,,,,,,
2001-11-12,,,,,,,
2001-11-13,,,,,,,
2001-11-14,,,,,,,
2001-11-15,,,,,,,
2001-11-16,,,,,,,
2001-11-19,,,,,,,
2001-11-20,,,,,,,
2001-11-21,,,,,,,
2001-11-22,,,,,,,
2001-11-23,,,,,,,
2001-11-26,,,,,,,
2001-11-27,,,,,,,
2001-11-28,,,,,,,
2001-11-29,,,,,,,
2001-11-30,,,,,,,
2001-12-01,,,,,,,
2001-12-03,,,,,,,
2001-12-04,,,,,,,
2001-12-05,,,,,,,
2001-12-06,,,,,,,
2001-12-07,,,,,,,
2001-12-10,,,,,,,
2001-12-11,,,,,,,
2001-12-12,,,,,,,
2001-12-13,,,,,,,
2001-12-14,,,,,,,
2001-12-17,,,,,,,
2001-12-18,,,,,,,
2001-12-19,,,,,,,
2001-12-20,,,,,,,
2001-12-21,,,,,,,
2001-12-24,,,,,,,
2001-12-25,,,,,,,
2001-12-26,,,,,,,
2001-12-27,,,,,,,
2001-12-28,,,,,,,
2001-12-31,,,,,,,
2002-01-01,,,,,,,
2002-01-02,,,,,,,
2002-01-03,,,,,,,
2002-01-04,,,,,,,
2002-01-07,,,,,,,
2002-01-08,,,,,,,
2002-01-09,,,,,,,
2002-01-10,,,,,,,
2002-01-11,,,,,,,
2002-01-14,,,,,,,
2002-01-15,,,,,,,
2002-01-16,,,,,,,
2002-01-17,,,,,,,
2002-01-18,,,,,,,
2002-01-21,,,,,,,
2002-01-22,,,,,,,
2002-01-23,,,,,,,
2002-01-24,,,,,,,
2002-01-25,,,,,,,
2002-01-28,,,,,,,
2002-01-29,,,,,,,
2002-01-30,,,,,,,
2002-01-31,,,,,,,
2002-02-01,,,,,,,
2002-02-04,,,,,,,
2002-02-05,,,,,,,
2002-02-06,,,,,,,
2002-02-07,,,,,,,
2002-02-08,,,,,,,
2002-02-11,,,,,,,
2002-02-12,,,,,,,
2002-02-13,,,,,,,
2002-02-14,,,,,,,
2002-02-15,,,,,,,
2002-02-18,,,,,,,
2002-02-19,,,,,,,
2002-02-20,,,,,,,
2002-02-21,,,,,,,
2002-02-22,,,,,,,
2002-02-25,,,,,,,
2002-02-26,,,,,,,
2002-02-27,,,,,,,
2002-02-28,,,,,,,
2002-03-01,,,,,,,
2002-03-04,,,,,,,
2002-03-05,,,,,,,
2002-03-06,,,,,,,
2002-03-07,,,,,,,
2002-03-08,,,,,,,
2002-03-11,,,,,,,
2002-03-12,,,,,,,
2002-03-13,,,,,,,
2002-03-14,,,,,,,
2002-03-15,,,,,,,
2002-03-18,,,,,,,
2002-03-19,,,,,,,
2002-03-20,,,,,,,
2002-03-21,,,,,,,
2002-03-22,,,,,,,
2002-03-25,,,,,,,
2002-03-26,,,,,,,
2002-03-27,,,,,,,
2002-03-28,,,,,,,
2002-03-29,,,,,,,
2002-04-01,,,,,,,
2002-04-02,,,,,,,
2002-04-03,,,,,,,
2002-04-04,,,,,,,
2002-04-05,,,,,,,
2002-04-08,,,,,,,
2002-04-09,,,,,,,
2002-04-10,,,,,,,
2002-04-11,,,,,,,
2002-04-12,,,,,,,
2002-04-15,,,,,,,
2002-04-16,,,,,,,
2002-04-17,,,,,,,
2002-04-18,,,,,,,
2002-04-19,,,,,,,
2002-04-22,,,,,,,
2002-04-23,,,,,,,
2002-04-24,,,,,,,
2002-04-25,,,,,,,
2002-04-26,,,,,,,
2002-04-29,,,,,,,
2002-04-30,,,,,,,
2002-05-01,,,,,,,
2002-05-02,,,,,,,
2002-05-03,,,,,,,
2002-05-06,,,,,,,
2002-05-07,,,,,,,
2002-05-08,,,,,,,
2002-05-09,,,,,,,
2002-05-10,,,,,,,
2002-05-13,,,,,,,
2002-05-14,,,,,,,
2002-05-15,,,,,,,
2002-05-16,,,,,,,
2002-05-17,,,,,,,
2002-05-20,,,,,,,
2002-05-21,,,,,,,
2002-05-22,,,,,,,
2002-05-23,,,,,,,
2002-05-24,,,,,,,
2002-05-27,,,,,,,
2002-05-28,,,,,,,
2002-05-29,,,,,,,
2002-05-30,,,,,,,
2002-05-31,,,,,,,
2002-06-03,,,,,,,
2002-06-04,,,,,,,
2002-06-05,,,,,,,
2002-06-06,,,,,,,
2002-06-07,,,,,,,
2002-06-10,,,,,,,
2002-06-11,,,,,,,
2002-06-12,,,,,,,
2002-06-13,,,,,,,
2002-06-14,,,,,,,
2002-06-17,,,,,,,
2002-06-18,,,,,,,
2002-06-19,,,,,,,
2002-06-20,,,,,,,
2002-06-21,,,,,,,
2002-06-24,,,,,,,
2002-06-25,,,,,,,
2002-06-26,,,,,,,
2002-06-27,,,,,,,
2002-06-28,,,,,,,
2002-07-01,,,1500.0,,,,
2002-07-02,,,1333.0,,,,
2002-07-03,,,1383.0,,,,
2002-07-04,,,1383.0,,,,
2002-07-05,,,1531.0,,,,
2002-07-08,,,1532.0,,,,
2002-07-09,,,1524.0,,,,
2002-07-10,,,1474.0,,,,
2002-07-11,,,1474.0,,,,
2002-07-12,,,1528.0,,,,
2002-07-15,,,1462.0,,,,
2002-07-16,,,1455.0,,,,
2002-07-17,,,1403.0,,,,
2002-07-18,,,1394.0,,,,
2002-07-19,,,1329.0,,,,
2002-07-22,,,1319.0,,,,
2002-07-23,,,1258.0,,,,
2002-07-24,,,1193.0,,,,
2002-07-25,,,1262.0,,,,
2002-07-26,,,1247.0,,,,
2002-07-29,,,1385.0,,,,
2002-07-30,,,1402.0,,,,
2002-07-31,,,1372.0,,,,
2002-08-01,,,1348.0,,,,
2002-08-02,,,1283.0,,,,
2002-08-05,,,1256.0,,,,
2002-08-06,,,1335.0,,,,
2002-08-07,,,1300.0,,,,
2002-08-08,,,1349.0,,,,
2002-08-09,,,1396.0,,,,
2002-08-12,,,1369.0,,,,
2002-08-13,,,1429.0,,,,
2002-08-14,,,1350.0,,,,
2002-08-15,,,1466.0,,,,
2002-08-16,,,1506.0,,,,
2002-08-19,,,1544.0,,,,
2002-08-20,,,1540.0,,,,
2002-08-21,,,1505.0,,,,
2002-08-22,,,1514.0,,,,
2002-08-23,,,1486.0,,,,
2002-08-26,,,,,,,
2002-08-27,,,1462.0,,,,
2002-08-28,,,1383.0,,,,
2002-08-29,,,1406.0,,,,
2002-08-30,,,1377.0,,,,
2002-09-02,,,1377.0,,,,
2002-09-03,,,1319.0,,,,
2002-09-04,,,1309.0,,,,
2002-09-05,,,1299.0,,,,
2002-09-06,,,1329.0,,,,
2002-09-09,,,1310.0,,,,
2002-09-10,,,1367.0,,,,
2002-09-11,,,1419.0,,,,
2002-09-12,,,1380.0,,,,
2002-09-13,,,1370.0,,,,
2002-09-16,,,1366.0,,,,
2002-09-17,,,1364.0,,,,
2002-09-18,,,1322.0,,,,
2002-09-19,,,1337.0,,,,
2002-09-20,,,1335.0,,,,
2002-09-23,,,1317.0,,,,
2002-09-24,,,1305.0,,,,
2002-09-25,,,1262.0,,,,
2002-09-26,,,1304.0,,,,
2002-09-27,,,1314.0,,,,
2002-09-30,,,1252.0,,,,
2002-10-01,,,1224.0,,,,
2002-10-02,,,1294.0,,,,
2002-10-03,,,1237.0,,,,
2002-10-04,,,1145.0,,,,
2002-10-07,,,1073.0,,,,
2002-10-08,,,1069.0,,,,
2002-10-09,,,1073.0,,,,
2002-10-10,,,1105.0,,,,
2002-10-11,,,1207.0,,,,
2002-10-14,,,1231.0,,,,
2002-10-15,,,1346.0,,,,
2002-10-16,,,1300.0,,,,
2002-10-17,,,1354.0,,,,
2002-10-18,,,1392.0,,,,
2002-10-21,,,1462.0,,,,
2002-10-22,,,1505.0,,,,
2002-10-23,,,1505.0,,,,
2002-10-24,,,1639.0,,,,
2002-10-25,,,1639.0,,,,
2002-10-28,,,1628.0,,,,
2002-10-29,,,1592.0,,,,
2002-10-30,,,1662.0,,,,
2002-10-31,,,1635.0,,,,
2002-11-01,,,1630.0,,,,
2002-11-04,,,1642.0,,,,
2002-11-05,,,1634.0,,,,
2002-11-06,,,1637.0,,,,
2002-11-07,,,1617.0,,,,
2002-11-08,,,1604.0,,,,
2002-11-11,,,1570.0,,,,
2002-11-12,,,1602.0,,,,
2002-11-13,,,1616.0,,,,
2002-11-14,,,1630.0,,,,
2002-11-15,,,1657.0,,,,
2002-11-18,,,1672.0,,,,
2002-11-19,,,1633.0,,,,
2002-11-20,,,1670.0,,,,
2002-11-21,,,1669.0,,,,
2002-11-22,,,1667.0,,,,
2002-11-25,,,1679.0,,,,
2002-11-26,,,1698.0,,,,
2002-11-27,,,1705.0,,,,
2002-11-28,,,1705.0,,,,
2002-11-29,,,1691.0,,,,
2002-12-02,,,1829.0,,,,
2002-12-03,,,1698.0,,,,
2002-12-04,,,1698.0,,,,
2002-12-05,,,1585.0,,,,
2002-12-06,,,1610.0,,,,
2002-12-09,,,1601.0,,,,
2002-12-10,,,1586.0,,,,
2002-12-11,,,1587.0,,,,
2002-12-12,,,1543.0,,,,
2002-12-13,,,1469.0,,,,
2002-12-16,,,1553.0,,,,
2002-12-17,,,1544.0,,,,
2002-12-18,,,1489.0,,,,
2002-12-19,,,1511.0,,,,
2002-12-20,,,1499.0,,,,
2002-12-23,,,1512.0,,,,
2002-12-24,,,1512.0,,,,
2002-12-25,,,,,,,
2002-12-26,,,,,,,
2002-12-27,,,1405.0,,,,
2002-12-30,,,1379.0,,,,
2002-12-31,,,1379.0,,,,
2003-01-01,,,,,,,
2003-01-02,,,1491.0,,,,
2003-01-03,,,1516.0,,,,
2003-01-06,,,1320.0,,,,
2003-01-07,,,1420.0,,,,
2003-01-08,,,1420.0,,,,
2003-01-09,,,1469.0,,,,
2003-01-10,,,1476.0,,,,
2003-01-13,,,1491.0,,,,
2003-01-14,,,1525.0,,,,
2003-01-15,,,1480.0,,,,
2003-01-16,,,1492.0,,,,
2003-01-17,,,1437.0,,,,
2003-01-20,,,1437.0,,,,
2003-01-21,,,1376.0,,,,
2003-01-22,,,1343.0,,,,
2003-01-23,,,1341.0,,,,
2003-01-24,,,1339.0,,,,
2003-01-27,,,1316.0,,,,
2003-01-28,,,1356.0,,,,
2003-01-29,,,1326.0,,,,
2003-01-30,,,1324.0,,,,
2003-01-31,,,1339.0,,,,
2003-02-03,,,1349.0,,,,
2003-02-04,,,1276.0,,,,
2003-02-05,,,1306.0,,,,
2003-02-06,,,1440.0,,,,
2003-02-07,,,1423.0,,,,
2003-02-10,,,1445.0,,,,
2003-02-11,,,1496.0,,,,
2003-02-12,,,1410.0,,,,
2003-02-13,,,1366.0,,,,
2003-02-14,,,1366.0,,,,
2003-02-17,,,1366.0,,,,
2003-02-18,,,1443.0,,,,
2003-02-19,,,1432.0,,,,
2003-02-20,,,1432.0,,,,
2003-02-21,,,1466.0,,,,
2003-02-24,,,1462.0,,,,
2003-02-25,,,1458.0,,,,
2003-02-26,,,1449.0,,,,
2003-02-27,,,1484.0,,,,
2003-02-28,,,1534.0,,,,
2003-03-03,,,1560.0,,,,
2003-03-04,,,1504.0,,,,
2003-03-05,,,1478.0,,,,
2003-03-06,,,1460.0,,,,
2003-03-07,,,1498.0,,,,
2003-03-10,,,1467.0,,,,
2003-03-11,,,1454.0,,,,
2003-03-12,,,1416.0,,,,
2003-03-13,,,1517.0,,,,
2003-03-14,,,1569.0,,,,
2003-03-17,,,1650.0,,,,
2003-03-18,,,1673.0,,,,
2003-03-19,,,1533.0,,,,
2003-03-20,,,1649.0,,,,
2003-03-21,,,1784.0,,,,
2003-03-24,,,1728.0,,,,
2003-03-25,,,1748.0,,,,
2003-03-26,,,1747.0,,,,
2003-03-27,,,1763.0,,,,
2003-03-28,,,1805.0,,,,
2003-03-31,,,1709.0,,,,
2003-04-01,,,1684.0,,,,
2003-04-02,,,1683.0,,,,
2003-04-03,,,1646.0,,,,
2003-04-04,,,1647.0,,,,
2003-04-07,,,1739.0,,,,
2003-04-08,,,1668.0,,,,
2003-04-09,,,1643.0,,,,
2003-04-10,,,1698.0,,,,
2003-04-11,,,1698.0,,,,
2003-04-14,1710.0,1710.0,1730.0,1710.0,,157.0,
2003-04-15,,,1800.0,,,,
2003-04-16,,,1756.0,,,,
2003-04-17,,,1798.0,,,,
2003-04-18,,,,,,,
2003-04-21,,,,,,,
2003-04-22,,,1852.0,,,,
2003-04-23,,,1889.0,,,,
2003-04-24,,,1812.0,,,,
2003-04-25,,,1782.0,,,,
2003-04-28,,,1848.0,,,,
2003-04-29,,,1889.0,,,,
2003-04-30,,,1871.0,,,,
2003-05-01,,,1992.0,,,,
2003-05-02,,,2161.0,,,,
2003-05-05,,,,,,,
2003-05-06,,,2099.0,,,,
2003-05-07,,,2153.0,,,,
2003-05-08,,,2074.0,,,,
2003-05-09,,,2036.0,,,,
2003-05-12,,,2132.0,,,,
2003-05-13,,,2191.0,,,,
2003-05-14,,,2144.0,,,,
2003-05-15,,,2170.0,,,,
2003-05-16,,,2170.0,,,,
2003-05-19,,,2117.0,,,,
2003-05-20,,,2074.0,,,,
2003-05-21,,,2055.0,,,,
2003-05-22,,,2168.0,,,,
2003-05-23,,,2169.0,,,,
2003-05-26,,,,,,,
2003-05-27,,,2257.0,,,,
2003-05-28,,,2267.0,,,,
2003-05-29,,,2261.0,,,,
2003-05-30,,,2285.0,,,,
2003-06-02,,,2362.0,,,,
2003-06-03,,,2278.0,,,,
2003-06-04,,,2327.0,,,,
2003-06-05,,,2299.0,,,,
2003-06-06,,,2308.0,,,,
2003-06-09,,,2231.0,,,,
2003-06-10,,,2201.0,,,,
2003-06-11,,,2196.0,,,,
2003-06-12,,,2243.0,,,,
2003-06-13,,,2201.0,,,,
2003-06-16,,,2257.0,,,,
2003-06-17,,,2322.0,,,,
2003-06-18,,,2296.0,,,,
2003-06-19,,,2306.0,,,,
2003-06-20,,,2279.0,,,,
2003-06-23,,,2249.0,,,,
2003-06-24,,,2249.0,,,,
2003-06-25,,,2249.0,,,,
2003-06-26,,,2235.0,,,,
2003-06-27,,,2355.0,,,,
2003-06-30,,,2329.0,,,,
2003-07-01,,,2316.0,,,,
2003-07-02,,,2386.0,,,,
2003-07-03,,,2381.0,,,,
2003-07-04,,,2381.0,,,,
2003-07-07,,,2528.0,,,,
2003-07-08,,,2528.0,,,,
2003-07-09,,,2571.0,,,,
2003-07-10,,,2539.0,,,,
2003-07-11,2489.5884,2489.5884,2487.0,2489.5884,,1145.0,
2003-07-14,,,2598.0,,,,
2003-07-15,,,2627.0,,,,
2003-07-16,,,2556.0,,,,
2003-07-17,,,2516.0,,,,
2003-07-18,,,2420.0,,,,
2003-07-21,2450.0,2392.0,2392.0,2444.0,,,
2003-07-22,2406.0,2368.0,2400.0,2401.0,,,
2003-07-23,2462.0,2392.0,2462.0,2400.0,,,
2003-07-24,2574.0,2539.0,2567.0,2550.0,,,
2003-07-25,2527.0,2469.0,2527.0,2503.0,,,
2003-07-28,2538.0,2514.0,2514.0,2538.0,,,
2003-07-29,2523.0,2456.0,2484.0,2523.0,,,
2003-07-30,2465.0,2420.0,2428.0,2446.0,,,
2003-07-31,2520.0,2500.0,2505.0,2500.0,,,
2003-08-01,2540.0,2497.0,2504.0,2515.0,,,
2003-08-04,2429.0,2367.0,2375.0,2422.0,,,
2003-08-05,2368.0,2331.0,2331.0,2368.0,,,
2003-08-06,2272.0,2220.0,2267.0,2232.0,,,
2003-08-07,2206.0,2169.0,2193.0,2206.0,,,
2003-08-08,2183.0,2140.0,2149.0,2183.0,,,
2003-08-11,2162.0,2105.0,2105.0,2162.0,,,
2003-08-12,2189.0,2153.0,2153.0,2161.0,,,
2003-08-13,2125.0,2091.0,2099.0,2125.0,,,
2003-08-14,2228.0,2158.0,2226.0,2158.0,,,
2003-08-15,2285.0,2260.0,2273.0,2260.0,,,
2003-08-18,2275.0,2212.0,2262.0,2275.0,,,
2003-08-19,2353.0,2299.0,2353.0,2315.0,,,
2003-08-20,2338.0,2320.0,2331.0,2334.0,,,
2003-08-21,2372.0,2354.0,2363.0,2357.0,,,
2003-08-22,2375.0,2272.0,2272.0,2360.0,,,
2003-08-25,,,,,,,
2003-08-26,2289.0,2229.0,2231.0,2289.0,,,
2003-08-27,2282.0,2249.0,2275.0,2282.0,,,
2003-08-28,2319.0,2282.0,2314.0,2319.0,,,
2003-08-29,2320.0,2308.0,2318.0,2308.0,,,
2003-09-01,2353.0,2353.0,2318.0,2353.0,,,
2003-09-02,2323.0,2271.0,2309.0,2312.0,,,
2003-09-03,2336.0,2303.0,2309.0,2336.0,,,
2003-09-04,2234.0,2186.0,2215.0,2234.0,,,
2003-09-05,2261.0,2201.0,2261.0,2201.0,,,
2003-09-08,2287.0,2263.0,2272.0,2271.0,,,
2003-09-09,2266.0,2230.0,2237.0,2258.0,,,
2003-09-10,2197.0,2184.0,2184.0,2197.0,,,
2003-09-11,2153.0,2098.0,2126.0,2143.0,,,
2003-09-12,2134.0,2094.0,2111.0,2124.0,,,
2003-09-15,2136.0,2115.0,2115.0,2134.0,,,
2003-09-16,2144.0,2127.0,2142.0,2127.0,,,
2003-09-17,2155.0,2121.0,2155.0,2142.0,,,
2003-09-18,2184.0,2113.0,2184.0,2113.0,,,
2003-09-19,2232.0,2215.0,2231.0,2222.0,,,
2003-09-22,2127.0,2089.0,2231.0,2123.0,,,
2003-09-23,2134.0,2118.0,2119.0,2118.0,,,
2003-09-24,2234.0,2185.0,2214.0,2199.0,,,
2003-09-25,2158.0,2111.0,2148.0,2158.0,,,
2003-09-26,2098.0,2061.0,2061.0,2095.0,,,
2003-09-29,2115.0,2017.0,2030.0,2115.0,,,
2003-09-30,2046.0,1992.0,1999.0,2039.0,,,
2003-10-01,2009.0,1945.0,1963.0,2001.0,,,
2003-10-02,2046.0,2007.0,2026.0,2014.0,,,
2003-10-03,2123.0,2080.0,2116.0,2088.0,,,
2003-10-06,2140.0,2098.0,2140.0,2111.0,,,
2003-10-07,2194.0,2182.0,2194.0,2182.0,,,
2003-10-08,2228.0,2180.0,2218.0,2184.0,,,
2003-10-09,2336.0,2284.0,2336.0,2303.0,,,
2003-10-10,2328.0,2286.0,2318.0,2296.0,,98.0,
2003-10-13,2347.0,2320.0,2327.0,2338.0,,,
2003-10-14,2334.0,2316.0,2316.0,2334.0,,,
2003-10-15,2324.0,2251.0,2251.0,2324.0,,54.0,
2003-10-16,2269.0,2242.0,2255.0,2242.0,,443.0,
2003-10-17,2297.0,2230.0,2244.0,2297.0,,,
2003-10-20,2236.0,2210.0,2211.0,2222.0,,,
2003-10-21,2251.0,2209.0,2251.0,2217.0,,,
2003-10-22,2208.0,2176.0,2188.0,2208.0,,,
2003-10-23,2216.0,2158.0,2181.0,2158.0,,,
2003-10-24,2228.0,2178.0,2187.0,2193.0,,,
2003-10-27,2238.0,2196.0,2205.0,2238.0,,13.0,
2003-10-28,2219.0,2183.0,2188.0,2219.0,,,
2003-10-29,2258.0,2217.0,2217.0,2248.0,,,
2003-10-30,2275.0,2240.0,2275.0,2271.0,,32.0,
2003-10-31,2220.0,2156.0,2194.0,2205.0,,,
2003-11-03,2232.0,2179.0,2232.0,2179.0,,,
2003-11-04,2260.0,2234.0,2234.0,2251.0,,,
2003-11-05,2118.0,1993.0,1993.0,2118.0,,18.0,
2003-11-06,2006.0,1950.0,1951.0,1976.0,,,
2003-11-07,1970.0,1935.0,1958.0,1955.0,,,
2003-11-10,2013.0,1985.0,1992.0,1993.0,,1000.0,
2003-11-11,2009.0,1936.0,1943.0,2009.0,,147.0,
2003-11-12,2018.0,2003.0,2012.0,2010.0,,,
2003-11-13,1982.0,1973.0,1973.0,1975.0,,,
2003-11-14,1999.0,1951.0,1958.0,1989.0,,,
2003-11-17,1914.0,1873.0,1878.0,1907.0,,,
2003-11-18,1904.0,1835.0,1848.0,1904.0,,,
2003-11-19,1841.0,1823.0,1831.0,1823.0,,,
2003-11-20,1841.0,1820.0,1831.0,1837.0,,,
2003-11-21,1847.0,1827.0,1847.0,1827.0,,,
2003-11-24,1922.0,1887.0,1896.0,1896.0,,,
2003-11-25,1926.0,1897.0,1921.0,1897.0,,409.0,
2003-11-26,1923.0,1882.0,1882.0,1923.0,,,
2003-11-27,1882.0,1882.0,1882.0,1882.0,,,
2003-11-28,1891.0,1884.0,1891.0,1884.0,,,
2003-12-01,1904.0,1877.0,1883.0,1904.0,,,
2003-12-02,1897.0,1877.0,1877.0,1889.0,,,
2003-12-03,1871.0,1834.0,1842.0,1871.0,,,
2003-12-04,1800.0,1760.0,1770.0,1800.0,,,
2003-12-05,1763.0,1726.0,1748.0,1726.0,,,
2003-12-08,1768.0,1737.0,1744.0,1758.0,,,
2003-12-09,1723.0,1684.0,1693.0,1723.0,,,
2003-12-10,1668.0,1624.0,1656.0,1668.0,,,
2003-12-11,1710.0,1664.0,1710.0,1664.0,,,
2003-12-12,1741.0,1720.0,1730.0,1741.0,,,
2003-12-15,1773.0,1757.0,1771.0,1773.0,,,
2003-12-16,1740.0,1725.0,1740.0,1730.0,,,
2003-12-17,1759.0,1746.0,1759.0,1746.0,,,
2003-12-18,1759.0,1759.0,1759.0,1759.0,,,
2003-12-19,1818.0,1813.0,1818.0,1813.0,,,
2003-12-22,1898.0,1876.0,1893.0,1885.0,,,
2003-12-23,1922.0,1893.0,1922.0,1893.0,,,
2003-12-24,,,,,,,
2003-12-25,,,,,,,
2003-12-26,,,,,,,
2003-12-29,1863.0,1837.0,1856.0,1849.0,,82.0,
2003-12-30,1902.0,1882.0,1890.0,1890.0,,,
2003-12-31,,,1890.0,,,,
2004-01-01,,,,,,,
2004-01-02,1910.0,1871.0,1889.0,1904.0,,,
2004-01-04,,,,,,,
2004-01-05,1868.0,1857.0,1861.0,1868.0,,,
2004-01-06,1843.0,1830.0,1830.0,1835.0,,,
2004-01-07,1822.0,1809.0,1814.0,1809.0,,,
2004-01-08,1800.0,1776.0,1776.0,1799.0,,,
2004-01-09,1768.0,1753.0,1762.0,1760.0,,,
2004-01-12,1759.0,1737.0,1737.0,1759.0,,,
2004-01-13,1780.0,1760.0,1767.0,1768.0,,,
2004-01-14,1829.0,1788.0,1823.0,1788.0,,,
2004-01-15,1867.0,1839.0,1862.0,1861.0,,,
2004-01-16,1924.0,1881.0,1919.0,1883.0,,,
2004-01-19,,,1919.0,,,,
2004-01-20,1914.0,1887.0,1897.0,1914.0,,,
2004-01-21,1866.0,1832.0,1832.0,1866.0,,,
2004-01-22,1860.0,1819.0,1835.0,1860.0,,,
2004-01-23,1880.0,1860.0,1871.0,1873.0,,,
2004-01-26,1863.0,1836.0,1836.0,1849.0,,,
2004-01-27,1883.0,1831.0,1831.0,1883.0,,,
2004-01-28,1787.0,1760.0,1760.0,1787.0,,,
2004-01-29,1759.0,1738.0,1740.0,1744.0,,,
2004-01-30,1793.0,1752.0,1774.0,1752.0,,,
2004-02-02,1765.0,1726.0,1737.0,1765.0,,,
2004-02-03,1741.0,1728.0,1732.0,1736.0,,,
2004-02-04,1724.0,1677.0,1709.0,1677.0,,,
2004-02-05,1698.0,1684.0,1698.0,1690.0,,,
2004-02-06,1706.0,1688.0,1698.0,1700.0,,,
2004-02-09,1783.0,1725.0,1783.0,1748.0,,,
2004-02-10,1787.0,1757.0,1776.0,1757.0,,,
2004-02-11,1767.0,1744.0,1744.0,1767.0,,,
2004-02-12,1740.0,1722.0,1722.0,1740.0,,,
2004-02-13,1713.0,1693.0,1708.0,1705.0,,,
2004-02-16,,,1708.0,,,,
2004-02-17,1703.0,1690.0,1696.0,1695.0,,,
2004-02-18,1722.0,1696.0,1713.0,1696.0,,,
2004-02-19,1783.0,1753.0,1753.0,1762.0,,,
2004-02-20,1723.0,1700.0,1712.0,1700.0,,,
2004-02-23,1698.0,1669.0,1669.0,1698.0,,,
2004-02-24,1666.0,1636.0,1637.0,1666.0,,,
2004-02-25,1659.0,1638.0,1658.0,1638.0,,,
2004-02-26,1667.0,1642.0,1662.0,1642.0,,,
2004-02-27,1758.0,1712.0,1727.0,1753.0,,,
2004-03-01,1758.0,1740.0,1758.0,1740.0,,,
2004-03-02,1785.0,1750.0,1779.0,1750.0,,31.0,
2004-03-03,1745.0,1712.0,1745.0,1718.0,,,
2004-03-04,1788.0,1753.0,1787.0,1753.0,,,
2004-03-05,1769.0,1738.0,1756.0,1739.0,,,
2004-03-08,1800.0,1761.0,1800.0,1761.0,,,
2004-03-09,1760.0,1731.0,1745.0,1745.0,,,
2004-03-10,1771.0,1746.0,1753.0,1757.0,,,
2004-03-11,1742.0,1715.0,1727.0,1723.0,,,
2004-03-12,1728.0,1702.0,1717.0,1707.0,,,
2004-03-15,1660.0,1642.0,1648.0,1648.0,,,
2004-03-16,1648.0,1627.0,1640.0,1631.0,,,
2004-03-17,1683.0,1666.0,1675.0,1683.0,,,
2004-03-18,1634.0,1614.0,1624.0,1634.0,,,
2004-03-19,1654.0,1629.0,1654.0,1640.0,,,
2004-03-22,1573.0,1536.0,1541.0,1566.0,,,
2004-03-23,1562.0,1516.0,1521.0,1542.0,,,
2004-03-24,1534.0,1505.0,1513.0,1528.0,,,
2004-03-25,1643.0,1605.0,1641.0,1605.0,,,
2004-03-26,1679.0,1658.0,1679.0,1658.0,,,
2004-03-29,1715.0,1666.0,1702.0,1673.0,,,
2004-03-30,1693.0,1667.0,1683.0,1667.0,,,
2004-03-31,1755.0,1688.0,1715.0,1703.0,,,
2004-04-01,1784.0,1740.0,1784.0,1740.0,,,
2004-04-02,1824.0,1784.0,1784.0,1824.0,,,
2004-04-05,1863.0,1838.0,1855.0,1847.0,,,
2004-04-06,1835.0,1821.0,1829.0,1828.0,,,
2004-04-07,1844.0,1800.0,1807.0,1844.0,,,
2004-04-08,1822.0,1804.0,1819.0,1822.0,,,
2004-04-09,,,,,,,
2004-04-12,,,,,,,
2004-04-13,1829.0,1829.0,1829.0,1829.0,,13.0,
2004-04-14,1838.0,1808.0,1820.0,1816.0,,,
2004-04-15,1823.0,1793.0,1793.0,1823.0,,,
2004-04-16,1793.0,1747.0,1793.0,1769.0,,,
2004-04-19,1783.0,1752.0,1783.0,1764.0,,,
2004-04-20,1837.0,1813.0,1834.0,1813.0,,,
2004-04-21,1827.0,1792.0,1813.0,1792.0,,,
2004-04-22,1913.0,1847.0,1906.0,1847.0,,,
2004-04-23,1913.0,1899.0,1913.0,1912.0,,,
2004-04-26,1906.0,1883.0,1899.0,1883.0,,,
2004-04-27,1901.0,1871.0,1885.0,1871.0,,,
2004-04-28,1882.0,1841.0,1848.0,1882.0,,,
2004-04-29,1868.0,1855.0,1861.0,1868.0,,,
2004-04-30,1868.0,1839.0,1868.0,1851.0,,,
2004-05-03,,,,,,,
2004-05-04,1775.0,1727.0,1775.0,1749.0,,,
2004-05-05,1789.0,1757.0,1757.0,1779.0,,,
2004-05-06,1781.0,1735.0,1745.0,1761.0,,,
2004-05-07,1782.0,1749.0,1768.0,1782.0,,,
2004-05-10,1708.0,1649.0,1677.0,1703.0,,,
2004-05-11,1733.0,1707.0,1707.0,1718.0,,,
2004-05-12,1673.0,1640.0,1649.0,1671.0,,,
2004-05-13,1702.0,1680.0,1702.0,1685.0,,,
2004-05-14,1677.0,1646.0,1652.0,1677.0,,,
2004-05-17,1637.0,1607.0,1632.0,1621.0,,,
2004-05-18,1657.0,1639.0,1648.0,1650.0,,,
2004-05-19,1712.0,1666.0,1690.0,1666.0,,,
2004-05-20,1702.0,1672.0,1693.0,1677.0,,,
2004-05-21,1689.0,1669.0,1681.0,1680.0,,,
2004-05-24,1680.0,1654.0,1654.0,1674.0,,,
2004-05-25,1679.0,1654.0,1679.0,1654.0,,,
2004-05-26,1725.0,1698.0,1722.0,1718.0,,56.0,
2004-05-27,1731.0,1710.0,1725.0,1710.0,,,
2004-05-28,1721.0,1701.0,1706.0,1714.0,,,
2004-05-31,,,,,,,
2004-06-01,1695.0,1673.0,1682.0,1688.0,,,
2004-06-02,1709.0,1678.0,1680.0,1705.0,,,
2004-06-03,1691.0,1672.0,1678.0,1691.0,,,
2004-06-04,1657.0,1645.0,1647.0,1657.0,,,
2004-06-07,1672.0,1651.0,1666.0,1658.0,,,
2004-06-08,1686.0,1667.0,1678.0,1667.0,,,
2004-06-09,1686.0,1656.0,1685.0,1656.0,,,
2004-06-10,1677.0,1641.0,1647.0,1677.0,,,
2004-06-11,1664.0,1647.0,1647.0,1664.0,,,
2004-06-14,1670.0,1636.0,1653.0,1664.0,,,
2004-06-15,1672.0,1653.0,1658.0,1672.0,,,
2004-06-16,1639.0,1625.0,1636.0,1632.0,,,
2004-06-17,1635.0,1622.0,1631.0,1635.0,,,
2004-06-18,1652.0,1611.0,1645.0,1619.0,,,
2004-06-21,1670.0,1663.0,1668.0,1670.0,,,
2004-06-22,1695.0,1670.0,1695.0,1670.0,,,
2004-06-23,1706.0,1689.0,1706.0,1695.0,,,
2004-06-24,1702.0,1691.0,1697.0,1691.0,,,
2004-06-25,1686.0,1671.0,1671.0,1686.0,,,
2004-06-28,1667.0,1651.0,1661.0,1651.0,,,
2004-06-29,1680.0,1667.0,1680.0,1667.0,,,
2004-06-30,1665.0,1649.0,1661.0,1661.0,,,
2004-07-01,1674.0,1645.0,1655.0,1665.0,,,
2004-07-02,1670.0,1647.0,1665.0,1647.0,,,
2004-07-05,1665.0,1658.0,1665.0,1658.0,,,
2004-07-06,1647.0,1628.0,1630.0,1647.0,,,
2004-07-07,1646.0,1632.0,1632.0,1637.0,,,
2004-07-08,1630.0,1617.0,1625.0,1625.0,,,
2004-07-09,1622.0,1610.0,1615.0,1615.0,,,
2004-07-12,1596.0,1575.0,1575.0,1596.0,,,
2004-07-13,1607.0,1584.0,1589.0,1592.0,,,
2004-07-14,1609.0,1584.0,1605.0,1584.0,,,
2004-07-15,,,1605.0,,,,
2004-07-16,1585.0,1554.0,1563.0,1585.0,,,
2004-07-19,1546.0,1533.0,1533.0,1540.0,,,
2004-07-20,1579.0,1574.0,1579.0,1574.0,,,
2004-07-21,1614.0,1604.0,1604.0,1614.0,,,
2004-07-22,1545.0,1519.0,1537.0,1532.0,,,
2004-07-23,1548.0,1527.0,1535.0,1548.0,,,
2004-07-26,1533.0,1494.0,1507.0,1533.0,,,
2004-07-27,1547.0,1533.0,1547.0,1533.0,,,
2004-07-28,1553.0,1506.0,1514.0,1549.0,,,
2004-07-29,1562.0,1529.0,1529.0,1562.0,,,
2004-07-30,1527.0,1511.0,1522.0,1516.0,,,
2004-08-02,1502.0,1464.0,1473.0,1494.0,,,
2004-08-03,1499.0,1471.0,1482.0,1499.0,,,
2004-08-04,1271.0,1193.0,1231.0,1193.0,,,
2004-08-05,1252.0,1238.0,1244.0,1252.0,,100.0,
2004-08-06,1198.0,1184.0,1190.0,1193.0,,,
2004-08-09,1211.0,1194.0,1204.0,1198.0,,,
2004-08-10,1230.0,1219.0,1221.0,1219.0,,,
2004-08-11,1237.0,1209.0,1237.0,1209.0,,,
2004-08-12,1249.0,1223.0,1238.0,1236.0,,,
2004-08-13,1223.0,1211.0,1220.0,1222.0,,,
2004-08-16,1252.0,1239.0,1252.0,1239.0,,,
2004-08-17,1262.0,1245.0,1250.0,1245.0,,,
2004-08-18,1270.0,1246.0,1270.0,1246.0,,,
2004-08-19,1293.0,1278.0,1278.0,1293.0,,,
2004-08-20,1290.0,1283.0,1286.0,1283.0,,,
2004-08-23,1293.0,1284.0,1284.0,1293.0,,,
2004-08-24,1322.0,1312.0,1315.0,1313.0,,,
2004-08-25,1326.0,1326.0,1326.0,1326.0,,,
2004-08-26,1331.0,1325.0,1331.0,1325.0,,,
2004-08-27,1328.0,1302.0,1303.0,1328.0,,,
2004-08-30,,,,,,,
2004-08-31,1286.0,1264.0,1264.0,1286.0,,,
2004-09-01,1281.0,1257.0,1281.0,1257.0,,,
2004-09-02,1285.0,1273.0,1281.0,1278.0,,,
2004-09-03,1287.0,1267.0,1271.0,1287.0,,,
2004-09-06,,,1271.0,,,,
2004-09-07,1295.0,1277.0,1289.0,1295.0,,,
2004-09-08,1283.0,1266.0,1266.0,1272.0,,,
2004-09-09,1236.0,1219.0,1219.0,1236.0,,,
2004-09-10,1227.0,1209.0,1225.0,1209.0,,,
2004-09-13,1248.0,1224.0,1248.0,1230.0,,,
2004-09-14,1234.0,1216.0,1219.0,1230.0,,,
2004-09-15,1225.0,1207.0,1213.0,1225.0,,,
2004-09-16,1223.0,1209.0,1214.0,1209.0,,,
2004-09-17,1311.0,1242.0,1277.0,1246.0,,,
2004-09-20,1306.0,1275.0,1279.0,1289.0,,,
2004-09-21,1275.0,1261.0,1268.0,1275.0,,,
2004-09-22,1244.0,1227.0,1228.0,1240.0,,,
2004-09-23,1223.0,1210.0,1219.0,1220.0,,,
2004-09-24,1198.0,1174.0,1190.0,1180.0,,,
2004-09-27,,,1183.0,,,,
2004-09-28,,,1173.0,,,,
2004-09-29,,,1225.0,,,,
2004-09-30,,,1202.0,,,,
2004-10-01,,,1269.0,,,,
2004-10-04,,,1247.0,,,,
2004-10-05,,,1195.0,,,,
2004-10-06,,,1151.0,,,,
2004-10-07,1192.0,1164.0,1192.0,1165.0,,,
2004-10-08,1186.0,1167.0,1177.0,1175.0,,,
2004-10-11,1168.0,1151.0,1155.0,1168.0,,,
2004-10-12,1158.0,1144.0,1152.0,1158.0,,,
2004-10-13,1187.0,1151.0,1161.0,1186.0,,,
2004-10-14,1156.0,1142.0,1152.0,1144.0,,,
2004-10-15,1147.0,1126.0,1128.0,1147.0,,,
2004-10-18,1135.0,1130.0,1134.0,1131.0,,,
2004-10-19,1136.0,1134.0,1135.0,1136.0,,840.0,
2004-10-20,1118.0,1104.0,1104.0,1111.0,,54.0,
2004-10-21,1101.0,1089.0,1090.0,1099.0,,,
2004-10-22,1081.0,1061.0,1061.0,1070.0,,,
2004-10-25,1053.0,1052.0,1053.0,1053.0,,,
2004-10-26,1106.0,1070.0,1106.0,1076.0,,,
2004-10-27,1130.0,1123.0,1129.0,1123.0,,,
2004-10-28,1197.0,1176.0,1193.0,1176.0,,,
2004-10-29,1212.0,1175.0,1178.0,1206.0,,,
2004-11-01,1191.0,1174.0,1187.0,1176.0,,,
2004-11-02,1213.0,1196.0,1202.0,1198.0,,,
2004-11-03,1384.0,1291.0,1362.0,1310.0,,,
2004-11-04,1349.0,1330.0,1341.0,1338.0,,,
2004-11-05,1356.0,1322.0,1322.0,1356.0,,,
2004-11-08,1349.0,1332.0,1348.0,1349.0,,,
2004-11-09,1358.0,1324.0,1325.0,1349.0,,,
2004-11-10,1295.0,1267.0,1272.0,1294.0,,,
2004-11-11,1311.0,1295.0,1302.0,1295.0,,,
2004-11-12,1304.0,1290.0,1293.0,1301.0,,,
2004-11-15,1289.0,1276.0,1286.0,1281.0,,,
2004-11-16,1303.0,1288.0,1289.0,1297.0,,,
2004-11-17,1316.0,1297.0,1312.0,1297.0,,,
2004-11-18,1312.0,1299.0,1308.0,1310.0,,,
2004-11-19,1306.0,1275.0,1288.0,1306.0,,,
2004-11-22,1297.0,1286.0,1291.0,1296.0,,,
2004-11-23,1294.0,1270.0,1283.0,1293.0,,469.0,
2004-11-24,1300.0,1286.0,1298.0,1287.0,,,
2004-11-25,,,1298.0,,,,
2004-11-26,1306.0,1289.0,1296.0,1290.0,,,
2004-11-29,1318.0,1286.0,1292.0,1316.0,,,
2004-11-30,1292.0,1268.0,1282.0,1278.0,,,
2004-12-01,1314.0,1278.0,1314.0,1288.0,,,
2004-12-02,1325.0,1289.0,1317.0,1303.0,,,
2004-12-03,1289.0,1273.0,1273.0,1285.0,,,
2004-12-06,1293.0,1264.0,1266.0,1293.0,,,
2004-12-07,1278.0,1264.0,1277.0,1271.0,,,
2004-12-08,1278.0,1259.0,1275.0,1266.0,,,
2004-12-09,1279.0,1246.0,1277.0,1265.0,,,
2004-12-10,1376.0,1319.0,1371.0,1321.0,,,
2004-12-13,1387.0,1359.0,1360.0,1368.0,,,
2004-12-14,1366.0,1344.0,1346.0,1362.0,,,
2004-12-15,1346.0,1325.0,1337.0,1337.0,,,
2004-12-16,1340.0,1322.0,1336.0,1333.0,,,
2004-12-17,1340.0,1329.0,1329.0,1330.0,,,
2004-12-20,1344.0,1323.0,1339.0,1325.0,,,
2004-12-21,1453.0,1347.0,1448.0,1347.0,,,
2004-12-22,1450.0,1411.0,1438.0,1411.0,,,
2004-12-23,1431.0,1411.0,1415.0,1418.0,,,
2004-12-24,,,1415.0,,,,
2004-12-27,,,,,,,
2004-12-28,,,,,,,
2004-12-29,1462.0,1447.0,1452.0,1450.0,,,
2004-12-30,1452.0,1432.0,1443.0,1450.0,,100.0,
2004-12-31,,,1443.0,,,,
2005-01-03,,,,,,,
2005-01-04,1393.0,1374.0,1384.0,1387.0,,,
2005-01-05,1378.0,1354.0,1365.0,1368.0,,,
2005-01-06,1372.0,1356.0,1358.0,1365.0,,,
2005-01-07,1376.0,1353.0,1370.0,1353.0,,,
2005-01-10,1397.0,1370.0,1370.0,1371.0,,,
2005-01-11,1380.0,1345.0,1371.0,1352.0,,,
2005-01-12,1379.0,1351.0,1367.0,1369.0,,,
2005-01-13,1372.0,1355.0,1355.0,1364.0,,,
2005-01-14,1347.0,1329.0,1342.0,1347.0,,,
2005-01-17,,,1342.0,,,,
2005-01-18,1347.0,1332.0,1336.0,1342.0,,,
2005-01-19,1329.0,1311.0,1328.0,1318.0,,,
2005-01-20,1321.0,1292.0,1320.0,1319.0,,,
2005-01-21,1303.0,1271.0,1274.0,1298.0,,,
2005-01-24,1266.0,1241.0,1247.0,1251.0,,,
2005-01-25,1258.0,1243.0,1253.0,1253.0,,,
2005-01-26,1257.0,1250.0,1251.0,1253.0,,,
2005-01-27,1251.0,1231.0,1247.0,1239.0,,,
2005-01-28,1245.0,1225.0,1228.0,1244.0,,,
2005-01-31,1278.0,1262.0,1262.0,1265.0,,,
2005-02-01,1295.0,1275.0,1290.0,1285.0,,,
2005-02-02,1287.0,1267.0,1272.0,1286.0,,,
2005-02-03,1273.0,1256.0,1260.0,1268.0,,,
2005-02-04,1293.0,1266.0,1270.0,1272.0,,,
2005-02-07,1310.0,1296.0,1300.0,1307.0,,,
2005-02-08,1323.0,1299.0,1304.0,1300.0,,,
2005-02-09,1309.0,1280.0,1287.0,1307.0,,,
2005-02-10,1287.0,1262.0,1275.0,1280.0,,,
2005-02-11,1292.0,1250.0,1291.0,1262.0,,,
2005-02-14,1276.0,1252.0,1253.0,1271.0,,,
2005-02-15,1289.0,1250.0,1287.0,1258.0,,,
2005-02-16,1276.0,1227.0,1236.0,1273.0,,,
2005-02-17,1198.0,1181.0,1184.0,1193.0,,,
2005-02-18,1170.0,1161.0,1162.0,1168.0,,,
2005-02-21,,,1162.0,,,,
2005-02-22,1174.0,1160.0,1164.0,1163.0,,,
2005-02-23,1165.0,1154.0,1162.0,1158.0,,,
2005-02-24,1167.0,1152.0,1154.0,1156.0,,,
2005-02-25,1186.0,1164.0,1186.0,1172.0,,,
2005-02-28,1185.0,1167.0,1174.0,1182.0,,,
2005-03-01,1199.0,1182.0,1193.0,1183.0,,,
2005-03-02,1212.0,1197.0,1207.0,1202.0,,,
2005-03-03,1201.0,1169.0,1169.0,1201.0,,,
2005-03-04,1178.0,1163.0,1169.0,1172.0,,434.0,
2005-03-07,1225.0,1191.0,1224.0,1191.0,,,
2005-03-08,1209.0,1195.0,1197.0,1209.0,,,
2005-03-09,1213.0,1203.0,1208.0,1205.0,,,
2005-03-10,1200.0,1152.0,1154.0,1194.0,,,
2005-03-11,1195.0,1162.0,1176.0,1175.0,,,
2005-03-14,1184.0,1172.0,1173.0,1179.0,,,
2005-03-15,1182.0,1165.0,1168.0,1181.0,,,
2005-03-16,1178.0,1155.0,1160.0,1178.0,,,
2005-03-17,1179.0,1165.0,1175.0,1168.0,,,
2005-03-18,1168.0,1157.0,1159.0,1165.0,,,
2005-03-21,1136.0,1113.0,1128.0,1133.0,,,
2005-03-22,1163.0,1140.0,1150.0,1159.0,,,
2005-03-23,1174.0,1170.0,1171.0,1170.0,,,
2005-03-24,1155.0,1135.0,1137.0,1151.0,,,
2005-03-25,,,,,,,
2005-03-28,,,,,,,
2005-03-29,1145.0,1137.0,1141.0,1138.0,,,
2005-03-30,1153.0,1143.0,1150.0,1147.0,,,
2005-03-31,1169.0,1154.0,1154.0,1168.0,,,
2005-04-01,1197.0,1181.0,1185.0,1192.0,,260.0,
2005-04-04,1191.0,1185.0,1189.0,1188.0,,,
2005-04-05,1216.0,1203.0,1215.0,1203.0,,,
2005-04-06,1220.0,1208.0,1211.0,1220.0,,,
2005-04-07,1201.0,1183.0,1201.0,1200.0,,,
2005-04-08,1217.0,1206.0,1207.0,1210.0,,,
2005-04-11,1192.0,1170.0,1182.0,1192.0,,,
2005-04-12,1167.0,1147.0,1160.0,1167.0,,85.0,
2005-04-13,1184.0,1167.0,1168.0,1180.0,,,
2005-04-14,1183.0,1169.0,1172.0,1173.0,,,
2005-04-15,1169.0,1159.0,1168.0,1159.0,,20.0,
2005-04-18,1157.0,1126.0,1146.0,1152.0,,,
2005-04-19,1161.0,1151.0,1156.0,1157.0,,1023.0,
2005-04-20,1162.0,1141.0,1145.0,1162.0,,,
2005-04-21,1154.0,1130.0,1133.0,1153.0,,,
2005-04-22,1158.0,1154.0,1155.0,1156.0,,,
2005-04-25,1167.0,1156.0,1165.0,1156.0,,,
2005-04-26,1175.0,1167.0,1173.0,1169.0,,,
2005-04-27,1154.0,1139.0,1154.0,1146.0,,,
2005-04-28,1146.0,1126.0,1126.0,1138.0,,,
2005-04-29,1145.0,1111.0,1121.0,1143.0,,,
2005-05-02,,,,,,,
2005-05-03,1149.0,1129.0,1139.0,1130.0,,,
2005-05-04,1233.0,1191.0,1209.0,1194.0,,,
2005-05-05,1233.0,1219.0,1222.0,1222.0,,,
2005-05-06,1237.0,1195.0,1202.0,1237.0,,,
2005-05-09,1225.0,1204.0,1215.0,1225.0,,,
2005-05-10,1215.0,1199.0,1199.0,1215.0,,,
2005-05-11,1221.0,1204.0,1216.0,1216.0,,,
2005-05-12,1246.0,1233.0,1233.0,1238.0,,,
2005-05-13,1248.0,1232.0,1241.0,1238.0,,,
2005-05-16,1249.0,1236.0,1241.0,1237.0,,,
2005-05-17,1256.0,1238.0,1247.0,1250.0,,,
2005-05-18,1288.0,1267.0,1284.0,1275.0,,,
2005-05-19,1323.0,1303.0,1318.0,1317.0,,,
2005-05-20,1340.0,1318.0,1338.0,1332.0,,,
2005-05-23,1336.0,1329.0,1331.0,1336.0,,,
2005-05-24,1325.0,1317.0,1321.0,1325.0,,,
2005-05-25,1321.0,1299.0,1303.0,1315.0,,,
2005-05-26,1337.0,1324.0,1325.0,1336.0,,,
2005-05-27,1350.0,1335.0,1346.0,1350.0,,,
2005-05-30,,,,,,,
2005-05-31,1342.0,1321.0,1326.0,1334.0,,,
2005-06-01,1379.0,1351.0,1372.0,1360.0,,,
2005-06-02,1379.0,1361.0,1361.0,1374.0,,,
2005-06-03,1394.0,1370.0,1370.0,1392.0,,42.0,
2005-06-06,1383.0,1372.0,1374.0,1381.0,,,
2005-06-07,1395.0,1372.0,1380.0,1373.0,,,
2005-06-08,1418.0,1398.0,1416.0,1400.0,,,
2005-06-09,1433.0,1412.0,1426.0,1419.0,,,
2005-06-10,1437.0,1426.0,1426.0,1432.0,,,
2005-06-13,1448.0,1430.0,1444.0,1433.0,,,
2005-06-14,1431.0,1410.0,1415.0,1431.0,,,
2005-06-15,1405.0,1365.0,1367.0,1405.0,,,
2005-06-16,1393.0,1385.0,1387.0,1387.0,,,
2005-06-17,1409.0,1394.0,1395.0,1403.0,,,
2005-06-20,1391.0,1377.0,1391.0,1382.0,,,
2005-06-21,1405.0,1391.0,1395.0,1401.0,,,
2005-06-22,1399.0,1374.0,1375.0,1399.0,,,
2005-06-23,1392.0,1364.0,1391.0,1376.0,,,
2005-06-24,1358.0,1334.0,1337.0,1355.0,,,
2005-06-27,1343.0,1329.0,1342.0,1329.0,,,
2005-06-28,1359.0,1349.0,1354.0,1349.0,,,
2005-06-29,1364.0,1342.0,1342.0,1364.0,,,
2005-06-30,1359.0,1342.0,1347.0,1347.0,,,
2005-07-01,1359.0,1346.0,1355.0,1348.0,,,
2005-07-04,1355.0,1350.0,1355.0,1350.0,,,
2005-07-05,1374.0,1349.0,1373.0,1349.0,,,
2005-07-06,1368.0,1354.0,1354.0,1364.0,,,
2005-07-07,1358.0,1342.0,1357.0,1343.0,,,
2005-07-08,1375.0,1360.0,1373.0,1371.0,,,
2005-07-11,1408.0,1400.0,1402.0,1408.0,,,
2005-07-12,1396.0,1387.0,1388.0,1396.0,,,
2005-07-13,1408.0,1393.0,1407.0,1398.0,,,
2005-07-14,1418.0,1398.0,1404.0,1418.0,,,
2005-07-15,1424.0,1411.0,1421.0,1413.0,,,
2005-07-18,1471.0,1432.0,1469.0,1438.0,,,
2005-07-19,1505.0,1483.0,1504.0,1487.0,,,
2005-07-20,1524.0,1508.0,1521.0,1508.0,,,
2005-07-21,1522.0,1498.0,1505.0,1520.0,,,
2005-07-22,1537.0,1514.0,1536.0,1518.0,,,
2005-07-25,1549.0,1528.0,1535.0,1546.0,,,
2005-07-26,1554.0,1540.0,1542.0,1553.0,,,
2005-07-27,1534.0,1510.0,1515.0,1532.0,,,
2005-07-28,1541.0,1530.0,1531.0,1530.0,,,
2005-07-29,1541.0,1511.0,1514.0,1536.0,,,
2005-08-01,1524.0,1506.0,1524.0,1512.0,,,
2005-08-02,1535.0,1498.0,1500.0,1535.0,,,
2005-08-03,1485.0,1471.0,1473.0,1479.0,,,
2005-08-04,1493.0,1466.0,1470.0,1466.0,,,
2005-08-05,1463.0,1431.0,1433.0,1463.0,,,
2005-08-08,1427.0,1411.0,1421.0,1415.0,,,
2005-08-09,1419.0,1417.0,1418.0,1418.0,,,
2005-08-10,1412.0,1407.0,1411.0,1409.0,,,
2005-08-11,1400.0,1399.0,1400.0,1399.0,,,
2005-08-12,1441.0,1437.0,1437.0,1441.0,,,
2005-08-15,1443.0,1443.0,1443.0,1443.0,,,
2005-08-16,1489.0,1458.0,1458.0,1484.0,,,
2005-08-17,1486.0,1464.0,1464.0,1486.0,,,
2005-08-18,1453.0,1438.0,1438.0,1453.0,,50.0,
2005-08-19,1434.0,1431.0,1431.0,1434.0,,,
2005-08-22,1412.0,1404.0,1404.0,1405.0,,,
2005-08-23,1420.0,1398.0,1398.0,1420.0,,,
2005-08-24,1379.0,1364.0,1364.0,1379.0,,,
2005-08-25,1359.0,1349.0,1355.0,1349.0,,,
2005-08-26,1354.0,1336.0,1336.0,1354.0,,,
2005-08-29,,,,,,,
2005-08-30,1354.0,1326.0,1327.0,1354.0,,,
2005-08-31,1354.0,1329.0,1344.0,1340.0,,,
2005-09-01,1350.0,1328.0,1344.0,1350.0,,,
2005-09-02,1346.0,1333.0,1333.0,1346.0,,,
2005-09-05,,,1333.0,,,,
2005-09-06,1344.0,1327.0,1336.0,1339.0,,,
2005-09-07,1336.0,1336.0,1336.0,1336.0,,,
2005-09-08,1336.0,1336.0,1336.0,1336.0,,,
2005-09-09,1336.0,1336.0,1336.0,1336.0,,,
2005-09-12,1348.0,1348.0,1348.0,1348.0,,,
2005-09-13,1348.0,1348.0,1348.0,1348.0,,,
2005-09-14,1348.0,1344.0,1348.0,1348.0,,,
2005-09-15,1348.0,1348.0,1348.0,1348.0,,,
2005-09-16,1348.0,1348.0,1348.0,1348.0,,,
2005-09-19,1348.0,1348.0,1348.0,1348.0,,,
2005-09-20,1348.0,1348.0,1348.0,1348.0,,,
2005-09-21,1348.0,1348.0,1348.0,1348.0,,,
2005-09-22,1348.0,1348.0,1348.0,1348.0,,,
2005-09-23,1348.0,1348.0,1348.0,1348.0,,,
2005-09-26,1348.0,1348.0,1348.0,1348.0,,,
2005-09-27,1348.0,1348.0,1348.0,1348.0,,,
2005-09-28,1348.0,1348.0,1348.0,1348.0,,,
2005-09-29,1348.0,1348.0,1348.0,1348.0,,,
2005-09-30,1348.0,1348.0,1348.0,1348.0,,,
2005-10-03,1348.0,1348.0,1348.0,1348.0,,,
2005-10-04,1348.0,1348.0,1348.0,1348.0,,,
2005-10-05,1348.0,1348.0,1348.0,1348.0,,,
2005-10-06,1348.0,1348.0,1348.0,1348.0,,,
2005-10-07,1348.0,1348.0,1348.0,1348.0,,,
2005-10-10,1348.0,1348.0,1348.0,1348.0,,,
2005-10-11,,,1348.0,,,,
2005-10-12,1348.0,1348.0,1348.0,1348.0,,,
2005-10-13,1348.0,1348.0,1348.0,1348.0,,,
2005-10-14,1348.0,1348.0,1348.0,1348.0,,,
2005-10-17,1348.0,1348.0,1348.0,1348.0,,,
2005-10-18,1348.0,1348.0,1348.0,1348.0,,,
2005-10-19,1348.0,1348.0,1348.0,1348.0,,,
2005-10-20,1348.0,1348.0,1348.0,1348.0,,,
2005-10-21,1348.0,1348.0,1348.0,1348.0,,,
2005-10-24,1348.0,1348.0,1348.0,1348.0,,,
2005-10-25,1348.0,1348.0,1348.0,1348.0,,,
2005-10-26,1348.0,1348.0,1348.0,1348.0,,,
2005-10-27,1348.0,1348.0,1348.0,1348.0,,,
2005-10-28,1348.0,1348.0,1348.0,1348.0,,,
2005-10-31,1348.0,1348.0,1348.0,1348.0,,,
2005-11-01,1348.0,1348.0,1348.0,1348.0,,,
2005-11-02,1348.0,1348.0,1348.0,1348.0,,,
2005-11-03,1348.0,1348.0,1348.0,1348.0,,,
2005-11-04,1348.0,1348.0,1348.0,1348.0,,,
2005-11-07,1348.0,1348.0,1348.0,1348.0,,,
2005-11-08,1348.0,1348.0,1348.0,1348.0,,,
2005-11-09,1348.0,1348.0,1348.0,1348.0,,,
2005-11-10,1348.0,1348.0,1348.0,1348.0,,,
2005-11-11,1348.0,1348.0,1348.0,1348.0,,3800.0,
2005-11-14,1583.0,1572.0,1579.0,1578.0,,,
2005-11-15,1561.0,1561.0,1561.0,1561.0,,,
2005-11-16,1577.0,1565.0,1572.0,1570.0,,,
2005-11-17,1616.0,1591.0,1616.0,1595.0,,,
2005-11-18,1661.0,1634.0,1656.0,1634.0,,,
2005-11-21,1697.0,1662.0,1697.0,1667.0,,243.0,
2005-11-22,1675.0,1645.0,1656.0,1675.0,,,
2005-11-23,1690.0,1660.0,1670.0,1690.0,,6000.0,
2005-11-24,,,1670.0,,,,
2005-11-25,1644.0,1626.0,1632.0,1644.0,,,
2005-11-28,1651.0,1629.0,1629.0,1651.0,,,
2005-11-29,1618.0,1612.0,1612.0,1613.0,,,
2005-11-30,1601.0,1579.0,1579.0,1601.0,,,
2005-12-01,1620.0,1596.0,1605.0,1599.0,,,
2005-12-02,1626.0,1616.0,1616.0,1621.0,,,
2005-12-05,1607.0,1592.0,1592.0,1603.0,,,
2005-12-06,1611.0,1605.0,1605.0,1607.0,,,
2005-12-07,1630.0,1602.0,1612.0,1620.0,,,
2005-12-08,1610.0,1597.0,1597.0,1610.0,,,
2005-12-09,1589.0,1573.0,1582.0,1589.0,,,
2005-12-12,1579.0,1563.0,1579.0,1570.0,,,
2005-12-13,1576.0,1558.0,1562.0,1576.0,,,
2005-12-14,1559.0,1546.0,1546.0,1559.0,,,
2005-12-15,1560.0,1544.0,1554.0,1553.0,,,
2005-12-16,1558.0,1540.0,1558.0,1540.0,,,
2005-12-19,1600.0,1581.0,1582.0,1585.0,,,
2005-12-20,1576.0,1566.0,1576.0,1566.0,,,
2005-12-21,1604.0,1589.0,1604.0,1589.0,,,
2005-12-22,1610.0,1601.0,1610.0,1601.0,,,
2005-12-23,,,1610.0,,,,
2005-12-26,,,,,,,
2005-12-27,,,,,,,
2005-12-28,1641.0,1623.0,1628.0,1635.0,,,
2005-12-29,1655.0,1650.0,1650.0,1651.0,,,
2005-12-30,,,1650.0,,,,
2006-01-02,,,,,,,
2006-01-03,1631.0,1609.0,1625.0,1619.0,,,
2006-01-04,1668.0,1647.0,1656.0,1647.0,,,
2006-01-05,1670.0,1643.0,1670.0,1650.0,,,
2006-01-06,1689.0,1680.0,1689.0,1686.0,,,
2006-01-09,1707.0,1680.0,1701.0,1685.0,,,
2006-01-10,1662.0,1642.0,1649.0,1662.0,,,
2006-01-11,1694.0,1667.0,1684.0,1673.0,,,
2006-01-12,1699.0,1686.0,1691.0,1699.0,,,
2006-01-13,1676.0,1659.0,1666.0,1659.0,,,
2006-01-16,,,1666.0,,,,
2006-01-17,1664.0,1640.0,1651.0,1664.0,,,
2006-01-18,1650.0,1624.0,1646.0,1630.0,,,
2006-01-19,1657.0,1641.0,1645.0,1648.0,,,
2006-01-20,1646.0,1611.0,1611.0,1646.0,,,
2006-01-23,1615.0,1595.0,1611.0,1606.0,,,
2006-01-24,1625.0,1609.0,1623.0,1609.0,,,
2006-01-25,1627.0,1600.0,1623.0,1623.0,,,
2006-01-26,1655.0,1629.0,1649.0,1636.0,,,
2006-01-27,1687.0,1664.0,1681.0,1664.0,,,
2006-01-30,1681.0,1657.0,1663.0,1681.0,,,
2006-01-31,1639.0,1628.0,1628.0,1639.0,,,
2006-02-01,1633.0,1605.0,1633.0,1628.0,,,
2006-02-02,1646.0,1608.0,1616.0,1646.0,,,
2006-02-03,1594.0,1553.0,1577.0,1578.0,,,
2006-02-06,1597.0,1585.0,1593.0,1597.0,,,
2006-02-07,1571.0,1548.0,1571.0,1558.0,,270.0,
2006-02-08,1676.0,1576.0,1606.0,1653.0,,,
2006-02-09,1623.0,1595.0,1607.0,1623.0,,,
2006-02-10,1620.0,1594.0,1620.0,1594.0,,,
2006-02-13,1636.0,1616.0,1617.0,1629.0,,,
2006-02-14,1630.0,1604.0,1630.0,1614.0,,,
2006-02-15,1621.0,1609.0,1617.0,1620.0,,,
2006-02-16,1668.0,1655.0,1656.0,1668.0,,,
2006-02-17,1651.0,1628.0,1640.0,1628.0,,,
2006-02-20,,,1640.0,,,,
2006-02-21,1638.0,1603.0,1603.0,1627.0,,,
2006-02-22,1649.0,1614.0,1649.0,1614.0,,,
2006-02-23,1628.0,1607.0,1621.0,1612.0,,,
2006-02-24,1631.0,1621.0,1631.0,1630.0,,,
2006-02-27,1729.0,1715.0,1717.0,1715.0,,,
2006-02-28,1689.0,1685.0,1685.0,1689.0,,,
2006-03-01,1699.0,1662.0,1699.0,1662.0,,,
2006-03-02,1712.0,1690.0,1712.0,1704.0,,,
2006-03-03,1719.0,1700.0,1711.0,1700.0,,,
2006-03-06,1736.0,1706.0,1736.0,1706.0,,,
2006-03-07,1730.0,1714.0,1714.0,1730.0,,,
2006-03-08,1727.0,1712.0,1715.0,1721.0,,,
2006-03-09,1743.0,1724.0,1728.0,1724.0,,,
2006-03-10,1743.0,1721.0,1742.0,1721.0,,,
2006-03-13,1764.0,1754.0,1758.0,1761.0,,,
2006-03-14,1776.0,1765.0,1776.0,1767.0,,1000.0,
2006-03-15,1776.0,1776.0,1776.0,1776.0,,,
2006-03-16,1786.0,1772.0,1781.0,1772.0,,,
2006-03-17,1781.0,1781.0,1781.0,1781.0,,,
2006-03-20,1765.0,1752.0,1753.0,1759.0,,,
2006-03-21,1780.0,1740.0,1780.0,1746.0,,,
2006-03-22,1751.0,1733.0,1742.0,1746.0,,,
2006-03-23,1742.0,1724.0,1742.0,1724.0,,,
2006-03-24,1761.0,1738.0,1738.0,1751.0,,,
2006-03-27,1730.0,1720.0,1724.0,1726.0,,,
2006-03-28,1744.0,1738.0,1744.0,1738.0,,,
2006-03-29,1767.0,1728.0,1762.0,1732.0,,,
2006-03-30,1732.0,1699.0,1705.0,1732.0,,,
2006-03-31,1705.0,1682.0,1682.0,1705.0,,,
2006-04-03,1720.0,1686.0,1720.0,1695.0,,,
2006-04-04,1714.0,1689.0,1714.0,1694.0,,,
2006-04-05,1710.0,1704.0,1704.0,1704.0,,,
2006-04-06,1758.0,1710.0,1731.0,1710.0,,,
2006-04-07,1778.0,1739.0,1745.0,1763.0,,,
2006-04-10,1730.0,1719.0,1728.0,1730.0,,,
2006-04-11,1728.0,1720.0,1728.0,1720.0,,,
2006-04-12,1714.0,1708.0,1713.0,1714.0,,,
2006-04-13,1702.0,1687.0,1698.0,1691.0,,,
2006-04-14,,,,,,,
2006-04-17,,,,,,,
2006-04-18,1687.0,1677.0,1685.0,1678.0,,,
2006-04-19,1697.0,1685.0,1695.0,1685.0,,,
2006-04-20,1701.0,1665.0,1701.0,1665.0,,,
2006-04-21,1712.0,1694.0,1694.0,1696.0,,,
2006-04-24,1643.0,1622.0,1643.0,1628.0,,,
2006-04-25,1626.0,1614.0,1614.0,1626.0,,1000.0,
2006-04-26,1617.0,1601.0,1606.0,1609.0,,,
2006-04-27,1623.0,1589.0,1623.0,1595.0,,,
2006-04-28,1601.0,1584.0,1584.0,1598.0,,,
2006-05-01,,,,,,,
2006-05-02,1597.0,1570.0,1580.0,1574.0,,,
2006-05-03,1571.0,1554.0,1554.0,1571.0,,,
2006-05-04,1569.0,1545.0,1545.0,1557.0,,,
2006-05-05,1549.0,1525.0,1544.0,1545.0,,,
2006-05-08,1543.0,1531.0,1538.0,1531.0,,,
2006-05-09,1550.0,1541.0,1542.0,1542.0,,,
2006-05-10,1520.0,1520.0,1520.0,1520.0,,,
2006-05-11,1509.0,1459.0,1459.0,1509.0,,,
2006-05-12,1461.0,1433.0,1435.0,1444.0,,,
2006-05-15,1435.0,1413.0,1424.0,1435.0,,,
2006-05-16,1415.0,1395.0,1399.0,1415.0,,,
2006-05-17,1404.0,1390.0,1390.0,1397.0,,,
2006-05-18,1393.0,1375.0,1389.0,1375.0,,,
2006-05-19,1398.0,1381.0,1381.0,1384.0,,,
2006-05-22,1392.0,1374.0,1380.0,1374.0,,,
2006-05-23,1419.0,1380.0,1380.0,1393.0,,,
2006-05-24,1381.0,1362.0,1375.0,1362.0,,,
2006-05-25,1397.0,1369.0,1375.0,1380.0,,,
2006-05-26,1401.0,1390.0,1396.0,1390.0,,,
2006-05-29,,,,,,,
2006-05-30,1375.0,1370.0,1370.0,1375.0,,,
2006-05-31,1382.0,1373.0,1379.0,1373.0,,,
2006-06-01,1409.0,1390.0,1390.0,1409.0,,,
2006-06-02,1385.0,1358.0,1358.0,1380.0,,,
2006-06-05,1374.0,1374.0,1374.0,1374.0,,,
2006-06-06,1381.0,1352.0,1352.0,1381.0,,,
2006-06-07,1381.0,1362.0,1366.0,1375.0,,,
2006-06-08,1360.0,1325.0,1329.0,1360.0,,,
2006-06-09,1345.0,1336.0,1336.0,1339.0,,,
2006-06-12,1323.0,1301.0,1308.0,1320.0,,,
2006-06-13,1311.0,1298.0,1310.0,1300.0,,,
2006-06-14,1306.0,1298.0,1301.0,1298.0,,,
2006-06-15,1331.0,1306.0,1331.0,1313.0,,,
2006-06-16,1358.0,1358.0,1358.0,1358.0,,,
2006-06-19,1374.0,1355.0,1374.0,1355.0,,,
2006-06-20,1379.0,1357.0,1378.0,1362.0,,,
2006-06-21,1415.0,1372.0,1409.0,1372.0,,,
2006-06-22,1418.0,1405.0,1411.0,1412.0,,,
2006-06-23,1428.0,1414.0,1418.0,1420.0,,,
2006-06-26,1436.0,1430.0,1430.0,1430.0,,,
2006-06-27,1444.0,1421.0,1425.0,1444.0,,,
2006-06-28,1428.0,1425.0,1428.0,1425.0,,,
2006-06-29,1441.0,1435.0,1439.0,1435.0,,,
2006-06-30,1458.0,1436.0,1436.0,1458.0,,,
2006-07-03,1442.0,1434.0,1438.0,1442.0,,,
2006-07-04,,,1438.0,,,,
2006-07-05,1434.0,1416.0,1416.0,1434.0,,,
2006-07-06,1413.0,1408.0,1409.0,1412.0,,,
2006-07-07,1390.0,1380.0,1389.0,1387.0,,,
2006-07-10,1400.0,1382.0,1382.0,1386.0,,,
2006-07-11,1373.0,1350.0,1351.0,1373.0,,,
2006-07-12,1381.0,1368.0,1374.0,1368.0,,,
2006-07-13,1356.0,1345.0,1356.0,1345.0,,,
2006-07-14,1345.0,1323.0,1324.0,1341.0,,,
2006-07-17,1342.0,1321.0,1325.0,1342.0,,,
2006-07-18,1331.0,1323.0,1327.0,1330.0,,,
2006-07-19,1322.0,1308.0,1314.0,1309.0,,,
2006-07-20,1318.0,1309.0,1311.0,1313.0,,,
2006-07-21,1334.0,1302.0,1318.0,1302.0,,,
2006-07-24,1340.0,1313.0,1333.0,1319.0,,,
2006-07-25,1356.0,1341.0,1349.0,1341.0,,,
2006-07-26,1345.0,1325.0,1325.0,1340.0,,,
2006-07-27,1318.0,1307.0,1307.0,1317.0,,,
2006-07-28,1318.0,1299.0,1299.0,1318.0,,,
2006-07-31,1296.0,1280.0,1288.0,1285.0,,,
2006-08-01,1338.0,1314.0,1322.0,1338.0,,,
2006-08-02,1354.0,1335.0,1346.0,1341.0,,,
2006-08-03,1362.0,1354.0,1358.0,1354.0,,,
2006-08-04,1366.0,1347.0,1361.0,1366.0,,,
2006-08-07,1349.0,1337.0,1349.0,1346.0,,,
2006-08-08,1355.0,1343.0,1343.0,1353.0,,,
2006-08-09,1397.0,1372.0,1397.0,1384.0,,,
2006-08-10,1412.0,1378.0,1412.0,1378.0,,,
2006-08-11,1433.0,1423.0,1425.0,1427.0,,,
2006-08-14,1480.0,1456.0,1480.0,1466.0,,,
2006-08-15,1475.0,1458.0,1475.0,1462.0,,,
2006-08-16,1483.0,1479.0,1483.0,1479.0,,,
2006-08-17,1538.0,1525.0,1527.0,1525.0,,,
2006-08-18,1532.0,1503.0,1507.0,1532.0,,,
2006-08-21,1503.0,1480.0,1480.0,1496.0,,,
2006-08-22,1513.0,1496.0,1512.0,1496.0,,,
2006-08-23,1509.0,1481.0,1490.0,1509.0,,,
2006-08-24,1487.0,1473.0,1473.0,1482.0,,,
2006-08-25,1513.0,1485.0,1494.0,1485.0,,,
2006-08-28,,,,,,,
2006-08-29,1508.0,1481.0,1484.0,1495.0,,,
2006-08-30,1512.0,1500.0,1504.0,1512.0,,,
2006-08-31,1510.0,1491.0,1504.0,1510.0,,,
2006-09-01,1505.0,1493.0,1498.0,1500.0,,,
2006-09-04,,,1498.0,,,,
2006-09-05,1505.0,1493.0,1501.0,1493.0,,,
2006-09-06,1505.0,1497.0,1499.0,1501.0,,,
2006-09-07,1499.0,1484.0,1495.0,1499.0,,,
2006-09-08,1508.0,1496.0,1502.0,1500.0,,,
2006-09-11,1504.0,1498.0,1504.0,1498.0,,,
2006-09-12,1495.0,1482.0,1494.0,1482.0,,,
2006-09-13,1516.0,1507.0,1516.0,1507.0,,,
2006-09-14,1521.0,1491.0,1521.0,1491.0,,,
2006-09-15,1555.0,1534.0,1544.0,1554.0,,160.0,
2006-09-18,1533.0,1521.0,1526.0,1524.0,,,
2006-09-19,1520.0,1475.0,1475.0,1520.0,,,
2006-09-20,1507.0,1498.0,1507.0,1498.0,,,
2006-09-21,1511.0,1488.0,1511.0,1495.0,,,
2006-09-22,1480.0,1469.0,1474.0,1480.0,,221.0,
2006-09-25,1467.0,1452.0,1460.0,1467.0,,,
2006-09-26,1504.0,1490.0,1490.0,1492.0,,,
2006-09-27,1523.0,1513.0,1523.0,1513.0,,,
2006-09-28,1536.0,1524.0,1524.0,1532.0,,,
2006-09-29,1546.0,1534.0,1544.0,1534.0,,,
2006-10-02,1538.0,1524.0,1534.0,1538.0,,,
2006-10-03,1517.0,1498.0,1517.0,1498.0,,,
2006-10-04,1557.0,1531.0,1557.0,1531.0,,,
2006-10-05,1589.0,1568.0,1575.0,1584.0,,,
2006-10-06,1579.0,1569.0,1578.0,1574.0,,,
2006-10-09,1592.0,1582.0,1586.0,1592.0,,,
2006-10-10,1591.0,1570.0,1570.0,1591.0,,,
2006-10-11,1572.0,1563.0,1572.0,1570.0,,,
2006-10-12,1568.0,1568.0,1568.0,1568.0,,,
2006-10-13,1594.0,1585.0,1590.0,1588.0,,,
2006-10-16,1590.0,1590.0,1590.0,1590.0,,,
2006-10-17,1571.0,1563.0,1566.0,1570.0,,,
2006-10-18,1597.0,1591.0,1595.0,1597.0,,,
2006-10-19,1599.0,1590.0,1595.0,1590.0,,,
2006-10-20,1580.0,1570.0,1575.0,1580.0,,,
2006-10-23,1615.0,1591.0,1603.0,1597.0,,,
2006-10-24,1613.0,1600.0,1600.0,1603.0,,,
2006-10-25,1604.0,1593.0,1595.0,1593.0,,,
2006-10-26,1591.0,1586.0,1591.0,1587.0,,,
2006-10-27,1601.0,1591.0,1599.0,1591.0,,,
2006-10-30,1580.0,1559.0,1563.0,1580.0,,,
2006-10-31,1630.0,1608.0,1613.0,1630.0,,,
2006-11-01,1688.0,1659.0,1675.0,1675.0,,,
2006-11-02,1658.0,1638.0,1652.0,1649.0,,,
2006-11-03,1661.0,1647.0,1658.0,1661.0,,,
2006-11-06,1701.0,1681.0,1701.0,1681.0,,,
2006-11-07,1710.0,1676.0,1695.0,1676.0,,,
2006-11-08,1749.0,1730.0,1742.0,1730.0,,,
2006-11-09,1761.0,1744.0,1749.0,1750.0,,,
2006-11-10,1753.0,1743.0,1750.0,1744.0,,,
2006-11-13,1778.0,1762.0,1768.0,1762.0,,,
2006-11-14,1762.0,1753.0,1753.0,1756.0,,,
2006-11-15,1789.0,1783.0,1783.0,1789.0,,,
2006-11-16,1783.0,1775.0,1775.0,1783.0,,,
2006-11-17,1780.0,1769.0,1780.0,1776.0,,,
2006-11-20,1799.0,1774.0,1797.0,1774.0,,,
2006-11-21,1804.0,1786.0,1786.0,1804.0,,,
2006-11-22,1854.0,1828.0,1828.0,1854.0,,,
2006-11-23,,,1828.0,,,,
2006-11-24,1836.0,1823.0,1836.0,1823.0,,,
2006-11-27,1830.0,1819.0,1820.0,1830.0,,,
2006-11-28,1818.0,1798.0,1811.0,1810.0,,,
2006-11-29,1841.0,1818.0,1835.0,1825.0,,,
2006-11-30,1841.0,1833.0,1839.0,1834.0,,,
2006-12-01,1839.0,1810.0,1815.0,1839.0,,,
2006-12-04,1841.0,1825.0,1825.0,1841.0,,,
2006-12-05,1859.0,1841.0,1859.0,1846.0,,1.0,
2006-12-06,1874.0,1858.0,1868.0,1871.0,,,
2006-12-07,1871.0,1834.0,1852.0,1871.0,,,
2006-12-08,1844.0,1812.0,1844.0,1829.0,,,
2006-12-11,1877.0,1843.0,1870.0,1843.0,,,
2006-12-12,1857.0,1830.0,1857.0,1830.0,,,
2006-12-13,1880.0,1867.0,1879.0,1880.0,,,
2006-12-14,1914.0,1897.0,1908.0,1897.0,,,
2006-12-15,1960.0,1930.0,1960.0,1930.0,,,
2006-12-18,1986.0,1966.0,1966.0,1966.0,,,
2006-12-19,1937.0,1856.0,1869.0,1922.0,,,
2006-12-20,1875.0,1849.0,1862.0,1849.0,,,
2006-12-21,1911.0,1880.0,1887.0,1891.0,,,
2006-12-22,,,1887.0,,,,
2006-12-25,,,,,,,
2006-12-26,,,,,,,
2006-12-27,1912.0,1903.0,1906.0,1903.0,,,
2006-12-28,1896.0,1886.0,1892.0,1895.0,,,
2006-12-29,,,1892.0,,,,
2007-01-01,,,,,,,
2007-01-02,,,1892.0,,,,
2007-01-03,1948.0,1926.0,1943.0,1935.0,,,
2007-01-04,1944.0,1917.0,1944.0,1930.0,,,
2007-01-05,1957.0,1938.0,1945.0,1947.0,,,
2007-01-08,1944.0,1922.0,1922.0,1944.0,,,
2007-01-09,1933.0,1905.0,1905.0,1928.0,,,
2007-01-10,1997.0,1929.0,1987.0,1929.0,,,
2007-01-11,1965.0,1951.0,1951.0,1965.0,,,
2007-01-12,1944.0,1935.0,1935.0,1944.0,,,
2007-01-15,,,1935.0,,,,
2007-01-16,1937.0,1926.0,1936.0,1926.0,,,
2007-01-17,1941.0,1930.0,1941.0,1936.0,,,
2007-01-18,1965.0,1936.0,1948.0,1958.0,,,
2007-01-19,1969.0,1960.0,1963.0,1960.0,,,
2007-01-22,1975.0,1961.0,1966.0,1975.0,,,
2007-01-23,1973.0,1957.0,1969.0,1957.0,,,
2007-01-24,2001.0,1988.0,2001.0,1998.0,,,
2007-01-25,,,2001.0,,,,
2007-01-26,1941.0,1916.0,1916.0,1941.0,,,
2007-01-29,1938.0,1924.0,1938.0,1924.0,,,
2007-01-30,1951.0,1938.0,1943.0,1938.0,,,
2007-01-31,1954.0,1930.0,1947.0,1937.0,,,
2007-02-01,1976.0,1944.0,1950.0,1964.0,,,
2007-02-02,1966.0,1952.0,1958.0,1958.0,,,
2007-02-05,1985.0,1962.0,1985.0,1970.0,,,
2007-02-06,1964.0,1921.0,1921.0,1964.0,,,
2007-02-07,2031.0,1972.0,2024.0,1972.0,,,
2007-02-08,2039.0,2031.0,2039.0,2031.0,,,
2007-02-09,2049.0,2039.0,2042.0,2049.0,,,
2007-02-12,2040.0,2019.0,2019.0,2040.0,,,
2007-02-13,2041.0,2031.0,2031.0,2041.0,,,
2007-02-14,2042.0,2028.0,2028.0,2029.0,,,
2007-02-15,2034.0,2023.0,2028.0,2031.0,,,
2007-02-16,2039.0,2030.0,2038.0,2039.0,,,
2007-02-19,,,2038.0,,,,
2007-02-20,2045.0,2013.0,2045.0,2027.0,,,
2007-02-21,2065.0,2051.0,2058.0,2051.0,,,
2007-02-22,2074.0,2053.0,2064.0,2066.0,,,
2007-02-23,2063.0,2054.0,2060.0,2063.0,,,
2007-02-26,2085.0,2071.0,2080.0,2072.0,,,
2007-02-27,2064.0,2035.0,2035.0,2063.0,,,
2007-02-28,2035.0,2000.0,2035.0,2000.0,,,
2007-03-01,,,2035.0,,,,
2007-03-02,2035.0,1974.0,2035.0,1980.0,,,
2007-03-05,1963.0,1915.0,1957.0,1915.0,,,
2007-03-06,1945.0,1932.0,1945.0,1941.0,,,
2007-03-07,1951.0,1932.0,1944.0,1951.0,,,
2007-03-08,1970.0,1951.0,1970.0,1959.0,,,
2007-03-09,1957.0,1937.0,1941.0,1957.0,,,
2007-03-12,1935.0,1929.0,1935.0,1929.0,,,
2007-03-13,1926.0,1909.0,1909.0,1926.0,,,
2007-03-14,1887.0,1865.0,1865.0,1887.0,,,
2007-03-15,1904.0,1904.0,1904.0,1904.0,,,
2007-03-16,1875.0,1864.0,1869.0,1875.0,,,
2007-03-19,1920.0,1905.0,1911.0,1905.0,,,
2007-03-20,1897.0,1883.0,1897.0,1883.0,,,
2007-03-21,1883.0,1883.0,1883.0,1883.0,,,
2007-03-22,1942.0,1917.0,1942.0,1917.0,,,
2007-03-23,1946.0,1941.0,1946.0,1941.0,,,
2007-03-26,1951.0,1928.0,1942.0,1951.0,,,
2007-03-27,1961.0,1948.0,1961.0,1948.0,,,
2007-03-28,1946.0,1939.0,1944.0,1946.0,,,
2007-03-29,1927.0,1905.0,1905.0,1927.0,,,
2007-03-30,1916.0,1893.0,1900.0,1916.0,,,
2007-04-02,1901.0,1873.0,1873.0,1901.0,,,
2007-04-03,1910.0,1891.0,1904.0,1891.0,,,
2007-04-04,1910.0,1894.0,1910.0,1900.0,,,
2007-04-05,1918.0,1901.0,1901.0,1913.0,,,
2007-04-06,,,,,,,
2007-04-09,,,,,,,
2007-04-10,1957.0,1943.0,1957.0,1943.0,,,
2007-04-11,1942.0,1936.0,1936.0,1942.0,,,
2007-04-12,1939.0,1922.0,1939.0,1928.0,,,
2007-04-13,1928.0,1915.0,1921.0,1928.0,,,
2007-04-16,1927.0,1921.0,1926.0,1927.0,,,
2007-04-17,1928.0,1914.0,1928.0,1914.0,,,
2007-04-18,1915.0,1907.0,1914.0,1907.0,,,
2007-04-19,1905.0,1898.0,1903.0,1905.0,,,
2007-04-20,1933.0,1921.0,1921.0,1933.0,,,
2007-04-23,1902.0,1889.0,1889.0,1902.0,,,
2007-04-24,1870.0,1855.0,1870.0,1869.0,,,
2007-04-25,1901.0,1878.0,1901.0,1878.0,,,
2007-04-26,1936.0,1922.0,1936.0,1922.0,,,
2007-04-27,1946.0,1927.0,1946.0,1934.0,,,
2007-04-30,1931.0,1921.0,1921.0,1931.0,,,
2007-05-01,1922.0,1906.0,1906.0,1916.0,,,
2007-05-02,1943.0,1920.0,1939.0,1926.0,,,
2007-05-03,1883.0,1795.0,1812.0,1883.0,,,
2007-05-04,1837.0,1808.0,1808.0,1817.0,,,
2007-05-06,,,,,,,
2007-05-07,,,,,,,
2007-05-08,1778.0,1750.0,1778.0,1750.0,,,
2007-05-09,1762.0,1736.0,1760.0,1762.0,,,
2007-05-10,1767.0,1740.0,1740.0,1767.0,,,
2007-05-11,1758.0,1734.0,1758.0,1749.0,,,
2007-05-14,1761.0,1732.0,1737.0,1761.0,,,
2007-05-15,1748.0,1730.0,1731.0,1737.0,,,
2007-05-16,1720.0,1695.0,1720.0,1714.0,,,
2007-05-17,1728.0,1716.0,1722.0,1719.0,,,
2007-05-18,1735.0,1709.0,1722.0,1715.0,,,
2007-05-21,1759.0,1725.0,1759.0,1730.0,,,
2007-05-22,1741.0,1731.0,1737.0,1741.0,,,
2007-05-23,1757.0,1737.0,1757.0,1737.0,,,
2007-05-24,1751.0,1721.0,1735.0,1734.0,,,
2007-05-25,1743.0,1731.0,1743.0,1731.0,,,
2007-05-28,,,,,,,
2007-05-29,1736.0,1731.0,1731.0,1731.0,,,
2007-05-30,1733.0,1720.0,1726.0,1732.0,,,
2007-05-31,1771.0,1728.0,1759.0,1728.0,,,
2007-06-01,1778.0,1765.0,1771.0,1765.0,,,
2007-06-04,1749.0,1737.0,1744.0,1737.0,,,
2007-06-05,1753.0,1733.0,1733.0,1744.0,,,
2007-06-06,1730.0,1715.0,1715.0,1730.0,,,
2007-06-07,1720.0,1699.0,1699.0,1707.0,,,
2007-06-08,1698.0,1666.0,1692.0,1666.0,,,
2007-06-11,1726.0,1710.0,1723.0,1719.0,,,
2007-06-12,1702.0,1681.0,1686.0,1702.0,,,
2007-06-13,1699.0,1680.0,1691.0,1680.0,,,
2007-06-14,1729.0,1714.0,1715.0,1719.0,,,
2007-06-15,1757.0,1738.0,1750.0,1738.0,,,
2007-06-18,1731.0,1720.5,1730.5,1731.0,,,
2007-06-19,1790.0,1773.0,1777.0,1776.5,,11.0,
2007-06-20,1761.0,1739.0,1739.0,1760.5,,,
2007-06-21,1761.0,1744.0,1744.5,1761.0,,,
2007-06-22,1751.0,1730.5,1730.5,1746.0,,,
2007-06-25,1734.0,1709.0,1733.5,1719.0,,,
2007-06-26,1754.0,1747.0,1753.0,1747.0,,,
2007-06-27,1722.0,1712.0,1719.5,1722.0,,,
2007-06-28,1741.0,1728.0,1740.0,1728.0,,,
2007-06-29,1738.0,1729.0,1732.0,1729.0,,,
2007-07-02,1736.0,1709.5,1709.5,1717.0,,,
2007-07-03,1711.0,1693.0,1697.5,1711.0,,,
2007-07-04,,,1697.5,,,,
2007-07-05,1704.0,1689.5,1689.5,1691.0,,,
2007-07-06,1716.0,1697.0,1706.0,1706.0,,,
2007-07-09,1693.0,1682.0,1682.0,1693.0,,,
2007-07-10,1671.0,1654.0,1668.0,1671.0,,,
2007-07-11,1642.0,1630.0,1636.0,1642.0,,,
2007-07-12,1654.0,1636.0,1636.0,1654.0,,,
2007-07-13,1645.0,1629.0,1629.0,1645.0,,,
2007-07-16,1630.0,1622.0,1622.0,1630.0,,,
2007-07-17,1621.0,1614.0,1619.0,1615.0,,,
2007-07-18,1619.0,1603.0,1612.5,1608.0,,,
2007-07-19,1633.0,1626.0,1627.5,1626.0,,,
2007-07-20,1638.0,1627.5,1627.5,1638.0,,,
2007-07-23,1601.0,1591.0,1591.0,1596.0,,,
2007-07-24,1574.0,1556.0,1556.5,1574.0,,,
2007-07-25,1552.0,1520.0,1520.5,1552.0,,,
2007-07-26,1510.0,1488.0,1495.5,1507.0,,,
2007-07-27,1515.0,1491.0,1503.0,1491.0,,,
2007-07-30,1505.0,1482.0,1503.0,1482.0,,,
2007-07-31,1446.0,1393.0,1437.5,1446.0,,,
2007-08-01,1437.5,1401.0,1437.5,1401.0,,,
2007-08-02,1416.0,1410.0,1415.5,1414.0,,,
2007-08-03,1399.0,1373.0,1376.5,1399.0,,,
2007-08-06,1352.0,1309.0,1322.0,1352.0,,,
2007-08-07,1352.0,1335.0,1341.0,1335.0,,,
2007-08-08,1341.0,1312.0,1341.0,1330.0,,,
2007-08-09,1341.0,1295.0,1341.0,1295.0,,,
2007-08-10,,,1341.0,,,,
2007-08-13,1398.0,1357.0,1385.5,1357.0,,,
2007-08-14,1397.0,1385.5,1385.5,1397.0,,,
2007-08-15,1418.0,1389.5,1389.5,1412.0,,,
2007-08-16,1403.0,1370.0,1371.5,1403.0,,,
2007-08-17,1383.0,1354.0,1376.0,1370.0,,,
2007-08-20,1399.0,1375.0,1379.0,1375.0,,,
2007-08-21,1407.0,1387.0,1394.5,1407.0,,,
2007-08-22,1386.0,1371.0,1371.0,1386.0,,,
2007-08-23,1347.0,1341.0,1341.5,1346.0,,,
2007-08-24,1381.0,1348.0,1376.0,1348.0,,,
2007-08-27,,,,,,,
2007-08-28,1381.0,1367.0,1367.5,1375.0,,,
2007-08-29,1337.0,1325.0,1328.5,1337.0,,,
2007-08-30,1369.0,1357.0,1361.5,1363.0,,,
2007-08-31,1378.0,1362.0,1367.0,1363.0,,,
2007-09-03,,,1367.0,,,,
2007-09-04,1380.0,1376.0,1380.0,1376.0,,,
2007-09-05,1392.0,1378.0,1381.5,1392.0,,,
2007-09-06,1382.0,1367.0,1372.5,1382.0,,,
2007-09-07,1368.0,1358.0,1363.5,1358.0,,,
2007-09-10,1358.0,1339.0,1339.0,1357.0,,,
2007-09-11,1352.0,1348.0,1348.0,1352.0,,,
2007-09-12,1364.0,1356.0,1360.0,1356.0,,,
2007-09-13,1366.0,1361.0,1365.0,1366.0,,,
2007-09-14,1383.0,1372.0,1383.0,1372.0,,,
2007-09-17,1366.0,1328.0,1338.0,1366.0,,,
2007-09-18,1382.0,1372.0,1376.0,1379.0,,,
2007-09-19,1413.0,1404.0,1408.5,1404.0,,,
2007-09-20,1412.0,1398.0,1411.5,1403.0,,,
2007-09-21,1390.0,1370.0,1374.0,1390.0,,,
2007-09-24,1402.0,1388.0,1401.5,1388.0,,,
2007-09-25,1426.0,1403.0,1410.5,1426.0,,,
2007-09-26,1456.0,1426.0,1455.5,1426.0,,,
2007-09-27,1468.0,1450.0,1459.0,1462.0,,68.0,
2007-09-28,1468.0,1455.0,1455.0,1456.0,,,
2007-10-01,1462.0,1453.0,1453.0,1457.0,,,
2007-10-02,1463.0,1453.0,1459.0,1457.0,,,
2007-10-03,1469.0,1459.0,1469.0,1459.0,,,
2007-10-04,1482.0,1464.0,1467.0,1477.0,,,
2007-10-05,1482.0,1474.0,1475.0,1482.0,,,
2007-10-08,,,1459.0,,,,
2007-10-09,,,1459.0,,,,
2007-10-10,1457.0,1445.0,1446.5,1449.0,,,
2007-10-11,1469.0,1454.0,1454.0,1469.0,,,
2007-10-12,1451.0,1425.0,1450.0,1437.0,,,
2007-10-15,1445.0,1445.0,1445.0,1445.0,,,
2007-10-16,1434.0,1420.0,1431.5,1434.0,,,
2007-10-17,1460.0,1448.0,1457.0,1448.0,,,
2007-10-18,,,1426.5,,,,
2007-10-19,1409.0,1389.0,1398.5,1407.0,,,
2007-10-22,1416.0,1394.0,1400.0,1400.0,,,
2007-10-23,1384.0,1358.5,1358.5,1380.0,,,
2007-10-24,1360.0,1332.0,1336.0,1359.0,,,
2007-10-25,1336.0,1336.0,1336.0,1336.0,,,
2007-10-26,1342.0,1311.5,1311.5,1339.0,,,
2007-10-29,,,1311.5,,,,
2007-10-30,,,1311.5,,,68.0,
2007-10-31,,,1311.5,,,,
2007-11-01,,,1311.5,,,,
2007-11-02,,,1311.5,,,,
2007-11-05,,,1311.5,,,,
2007-11-06,,,1311.5,,,,
2007-11-07,,,1311.5,,,,
2007-11-08,,,1311.5,,,,
2007-11-09,,,1311.5,,,,
2007-11-12,,,1311.5,,,,
2007-11-13,,,1311.5,,,,
2007-11-14,,,1311.5,,,,
2007-11-15,,,,,,,
2007-11-16,,,,,,,
2007-11-19,,,,,,,
2007-11-20,,,,,,,
2007-11-21,,,,,,,
2007-11-22,,,,,,,
2007-11-23,,,,,,,
2007-11-26,,,,,,,
2007-11-27,,,,,,,
2007-11-28,,,,,,,
2007-11-29,,,,,,,
2007-11-30,,,,,,,
2007-12-03,,,,,,,
2007-12-04,,,,,,,
2007-12-05,,,,,,,
2007-12-06,,,,,,,
2007-12-07,,,,,,,
2007-12-10,,,,,,,
2007-12-11,,,,,,,
2007-12-12,,,,,,,
2007-12-13,,,,,,,
2007-12-14,,,,,,,
2007-12-17,,,,,,,
2007-12-18,,,,,,,
2007-12-19,,,,,,,
2007-12-20,,,,,,,
2007-12-21,,,,,,,
2007-12-24,,,,,,,
2007-12-25,,,,,,,
2007-12-26,,,,,,,
2007-12-27,,,,,,,
2007-12-28,,,,,,,
2007-12-31,,,,,,,
2008-01-01,,,,,,,
2008-01-02,,,,,,,
2008-01-03,,,,,,,
2008-01-04,,,,,,,
2008-01-07,,,,,,,
2008-01-08,,,,,,,
2008-01-09,,,,,,,
2008-01-10,,,,,,,
2008-01-11,,,,,,,
2008-01-14,,,,,,,
2008-01-15,,,,,,,
2008-01-16,,,,,,,
2008-01-17,,,,,,,
2008-01-18,,,,,,,
2008-01-21,,,,,,,
2008-01-22,,,,,,,
2008-01-23,,,,,,,
2008-01-24,,,,,,,
2008-01-25,,,,,,,
2008-01-28,,,,,,,
2008-01-29,,,,,,,
2008-01-30,,,,,,,
2008-01-31,,,,,,,
2008-02-01,,,,,,,
2008-02-04,,,,,,,
2008-02-05,,,,,,,
2008-02-06,,,,,,,
2008-02-07,,,,,,,
2008-02-08,,,,,,,
2008-02-11,,,,,,,
2008-02-12,,,,,,,
2008-02-13,,,,,,,
2008-02-14,,,,,,,
2008-02-15,,,,,,,
2008-02-18,,,,,,,
2008-02-19,,,,,,,
2008-02-20,,,,,,,
2008-02-21,,,,,,,
2008-02-22,,,,,,,
2008-02-25,,,,,,,
2008-02-26,,,,,,,
2008-02-27,,,,,,,
2008-02-28,,,,,,,
2008-02-29,,,,,,,
2008-03-03,,,,,,,
2008-03-04,,,,,,,
2008-03-05,,,,,,,
2008-03-06,,,,,,,
2008-03-07,,,,,,,
2008-03-10,,,,,,,
2008-03-11,,,,,,,
2008-03-12,,,,,,,
2008-03-13,,,,,,,
2008-03-14,,,,,,,
2008-03-17,,,,,,,
2008-03-18,,,,,,,
2008-03-19,,,,,,,
2008-03-20,,,,,,,
2008-03-21,,,,,,,
2008-03-24,,,,,,,
2008-03-25,,,,,,,
2008-03-26,,,,,,,
2008-03-27,,,,,,,
2008-03-28,,,,,,,
2008-03-31,,,,,,,
2008-04-01,,,,,,,
2008-04-02,,,,,,,
2008-04-03,,,,,,,
2008-04-04,,,,,,,
2008-04-07,,,,,,,
2008-04-08,,,,,,,
2008-04-09,,,,,,,
2008-04-10,,,,,,,
2008-04-11,,,,,,,
2008-04-14,,,,,,,
2008-04-15,,,,,,,
2008-04-16,,,,,,,
2008-04-17,,,,,,,
2008-04-18,,,,,,,
2008-04-21,,,,,,,
2008-04-22,,,,,,,
2008-04-23,,,,,,,
2008-04-24,,,,,,,
2008-04-25,,,,,,,
2008-04-28,,,,,,,
2008-04-29,,,,,,,
2008-04-30,,,,,,,
2008-05-01,,,,,,,
2008-05-02,,,,,,,
2008-05-05,,,,,,,
2008-05-06,,,,,,,
2008-05-07,,,,,,,
2008-05-08,,,,,,,
2008-05-09,,,,,,,
2008-05-12,,,,,,,
2008-05-13,,,,,,,
2008-05-14,,,,,,,
2008-05-15,,,,,,,
2008-05-16,,,,,,,
2008-05-19,,,,,,,
2008-05-20,,,,,,,
2008-05-21,,,,,,,
2008-05-22,,,,,,,
2008-05-23,,,,,,,
2008-05-26,,,,,,,
2008-05-27,,,,,,,
2008-05-28,,,,,,,
2008-05-29,,,,,,,
2008-05-30,,,,,,,
2008-06-02,,,,,,,
2008-06-03,,,,,,,
2008-06-04,,,,,,,
2008-06-05,,,,,,,
2008-06-06,,,,,,,
2008-06-09,,,,,,,
2008-06-10,,,,,,,
2008-06-11,,,,,,,
2008-06-12,,,,,,,
2008-06-13,,,,,,,
2008-06-16,,,,,,,
2008-06-17,,,,,,,
2008-06-18,,,,,,,
2008-06-19,,,,,,,
2008-06-20,,,,,,,
2008-06-23,,,,,,,
2008-06-24,,,,,,,
2008-06-25,,,,,,,
2008-06-26,,,,,,,
2008-06-27,,,,,,,
2008-06-30,,,,,,,
2008-07-01,,,,,,,
2008-07-02,,,,,,,
2008-07-03,,,,,,,
2008-07-04,,,,,,,
2008-07-07,,,,,,,
2008-07-08,,,,,,,
2008-07-09,,,,,,,
2008-07-10,,,,,,,
2008-07-11,,,,,,,
2008-07-14,,,,,,,
2008-07-15,,,,,,,
2008-07-16,,,,,,,
2008-07-17,,,,,,,
2008-07-18,,,,,,,
2008-07-21,,,,,,,
2008-07-22,,,,,,,
2008-07-23,,,,,,,
2008-07-24,,,,,,,
2008-07-25,,,,,,,
2008-07-28,,,,,,,
2008-07-29,,,,,,,
2008-07-30,,,,,,,
2008-07-31,,,,,,,
2008-08-01,,,,,,,
2008-08-04,,,,,,,
2008-08-05,,,,,,,
2008-08-06,,,,,,,
2008-08-07,,,,,,,
2008-08-08,,,,,,,
2008-08-11,,,,,,,
2008-08-12,,,,,,,
2008-08-13,,,,,,,
2008-08-14,,,,,,,
2008-08-15,,,,,,,
2008-08-18,,,,,,,
2008-08-19,,,,,,,
2008-08-20,,,,,,,
2008-08-21,,,,,,,
2008-08-22,,,,,,,
2008-08-25,,,,,,,
2008-08-26,,,,,,,
2008-08-27,,,,,,,
2008-08-28,,,,,,,
2008-08-29,,,,,,,
2008-09-01,,,,,,,
2008-09-02,,,,,,,
2008-09-03,,,,,,,
2008-09-04,,,,,,,
2008-09-05,,,,,,,
2008-09-08,,,,,,,
2008-09-09,,,,,,,
2008-09-10,,,,,,,
2008-09-11,,,,,,,
2008-09-12,,,,,,,
2008-09-15,,,,,,,
2008-09-16,,,,,,,
2008-09-17,,,,,,,
2008-09-18,,,,,,,
2008-09-19,,,,,,,
2008-09-22,,,,,,,
2008-09-23,,,,,,,
2008-09-24,,,,,,,
2008-09-25,,,,,,,
2008-09-26,,,,,,,
2008-09-29,,,,,,,
2008-09-30,,,,,,,
2008-10-01,,,,,,,
2008-10-02,,,,,,,
2008-10-03,,,,,,,
2008-10-06,,,,,,,
2008-10-07,,,,,,,
2008-10-08,,,,,,,
2008-10-09,,,,,,,
2008-10-10,,,,,,,
2008-10-13,,,,,,,
2008-10-14,,,,,,,
2008-10-15,,,,,,,
2008-10-16,,,,,,,
2008-10-17,,,,,,,
2008-10-20,,,,,,,
2008-10-21,,,,,,,
2008-10-22,,,,,,,
2008-10-23,,,,,,,
2008-10-24,,,,,,,
2008-10-27,,,,,,,
2008-10-28,,,,,,,
2008-10-29,,,,,,,
2008-10-30,,,,,,,
2008-10-31,,,,,,,
2008-11-03,,,,,,,
2008-11-04,,,,,,,
2008-11-05,,,,,,,
2008-11-06,,,,,,,
2008-11-07,,,,,,,
2008-11-10,,,,,,,
2008-11-11,,,,,,,
2008-11-12,,,,,,,
2008-11-13,,,,,,,
2008-11-14,,,,,,,
2008-11-17,,,,,,,
2008-11-18,,,,,,,
2008-11-19,,,,,,,
2008-11-20,,,,,,,
2008-11-21,,,,,,,
2008-11-24,,,,,,,
2008-11-25,,,,,,,
2008-11-26,,,,,,,
2008-11-27,,,,,,,
2008-11-28,,,,,,,
2008-12-01,,,,,,,
2008-12-02,,,,,,,
2008-12-03,,,,,,,
2008-12-04,,,,,,,
2008-12-05,,,,,,,
2008-12-08,,,,,,,
2008-12-09,,,,,,,
2008-12-10,,,,,,,
2008-12-11,,,,,,,
2008-12-12,,,,,,,
2008-12-15,,,,,,,
2008-12-16,,,,,,,
2008-12-17,,,,,,,
2008-12-18,,,,,,,
2008-12-19,,,,,,,
2008-12-22,,,,,,,
2008-12-23,,,,,,,
2008-12-24,,,,,,,
2008-12-25,,,,,,,
2008-12-26,,,,,,,
2008-12-29,,,,,,,
2008-12-30,,,,,,,
2008-12-31,,,,,,,
2009-01-01,,,,,,,
2009-01-02,,,,,,,
2009-01-05,,,,,,,
2009-01-06,,,,,,,
2009-01-07,,,,,,,
2009-01-08,,,,,,,
2009-01-09,,,,,,,
2009-01-12,,,,,,,
2009-01-13,,,,,,,
2009-01-14,,,,,,,
2009-01-15,,,,,,,
2009-01-16,,,,,,,
2009-01-19,,,,,,,
2009-01-20,,,,,,,
2009-01-21,,,,,,,
2009-01-22,,,,,,,
2009-01-23,,,,,,,
2009-01-26,,,,,,,
2009-01-27,,,,,,,
2009-01-28,,,,,,,
2009-01-29,,,,,,,
2009-01-30,,,,,,,
2009-02-02,,,,,,,
2009-02-03,,,,,,,
2009-02-04,,,,,,,
2009-02-05,,,,,,,
2009-02-06,,,,,,,
2009-02-09,,,,,,,
2009-02-10,,,,,,,
2009-02-11,,,,,,,
2009-02-12,,,,,,,
2009-02-13,,,,,,,
2009-02-16,,,,,,,
2009-02-17,,,,,,,
2009-02-18,,,,,,,
2009-02-19,,,,,,,
2009-02-20,,,,,,,
2009-02-23,,,,,,,
2009-02-24,,,,,,,
2009-02-25,,,,,,,
2009-02-26,,,,,,,
2009-02-27,,,,,,,
2009-03-02,,,,,,,
2009-03-03,,,,,,,
2009-03-04,,,,,,,
2009-03-05,,,,,,,
2009-03-06,,,,,,,
2009-03-09,,,,,,,
2009-03-10,,,,,,,
2009-03-11,,,,,,,
2009-03-12,,,,,,,
2009-03-13,,,,,,,
2009-03-16,,,,,,,
2009-03-17,,,,,,,
2009-03-18,,,,,,,
2009-03-19,,,,,,,
2009-03-20,,,,,,,
2009-03-23,,,,,,,
2009-03-24,,,,,,,
2009-03-25,,,,,,,
2009-03-26,,,,,,,
2009-03-27,,,,,,,
2009-03-29,,,,,,,
2009-03-30,,,,,,,
2009-03-31,,,,,,,
2009-04-01,,,,,,,
2009-04-02,,,,,,,
2009-04-03,,,,,,,
2009-04-06,,,,,,,
2009-04-07,,,,,,,
2009-04-08,,,,,,,
2009-04-09,,,,,,,
2009-04-10,,,,,,,
2009-04-13,,,,,,,
2009-04-14,,,,,,,
2009-04-15,,,,,,,
2009-04-16,,,,,,,
2009-04-17,,,,,,,
2009-04-20,,,,,,,
2009-04-21,,,,,,,
2009-04-22,,,,,,,
2009-04-23,,,,,,,
2009-04-24,,,,,,,
2009-04-27,,,,,,,
2009-04-28,,,,,,,
2009-04-29,,,,,,,
2009-04-30,,,,,,,
2009-05-01,,,,,,,
2009-05-04,,,,,,,
2009-05-05,,,,,,,
2009-05-06,,,,,,,
2009-05-07,,,,,,,
2009-05-08,,,,,,,
2009-05-11,,,,,,,
2009-05-12,,,,,,,
2009-05-13,,,,,,,
2009-05-14,,,,,,,
2009-05-15,,,,,,,
2009-05-18,,,,,,,
2009-05-19,,,,,,,
2009-05-20,,,,,,,
2009-05-21,,,,,,,
2009-05-22,,,,,,,
2009-05-25,,,,,,,
2009-05-26,,,,,,,
2009-05-27,,,,,,,
2009-05-28,,,,,,,
2009-05-29,,,,,,,
2009-06-01,,,,,,,
2009-06-02,,,,,,,
2009-06-03,,,,,,,
2009-06-04,,,,,,,
2009-06-05,,,,,,,
2009-06-08,,,,,,,
2009-06-09,,,,,,,
2009-06-10,,,,,,,
2009-06-11,,,,,,,
2009-06-12,,,,,,,
2009-06-15,,,,,,,
2009-06-16,,,,,,,
2009-06-17,,,,,,,
2009-06-18,,,,,,,
2009-06-19,,,,,,,
2009-06-22,,,,,,,
2009-06-23,,,,,,,
2009-06-24,,,,,,,
2009-06-25,,,,,,,
2009-06-26,,,,,,,
2009-06-29,,,,,,,
2009-06-30,,,,,,,
2009-07-01,,,,,,,
2009-07-02,,,,,,,
2009-07-03,,,,,,,
2009-07-06,,,,,,,
2009-07-07,,,,,,,
2009-07-08,,,,,,,
2009-07-09,,,,,,,
2009-07-10,,,,,,,
2009-07-13,,,,,,,
2009-07-14,,,,,,,
2009-07-15,,,,,,,
2009-07-16,,,,,,,
2009-07-17,,,,,,,
2009-07-20,,,,,,,
2009-07-21,,,,,,,
2009-07-22,,,,,,,
2009-07-23,,,,,,,
2009-07-24,,,,,,,
2009-07-27,,,,,,,
2009-07-28,,,,,,,
2009-07-29,,,,,,,
2009-07-30,,,,,,,
2009-07-31,,,,,,,
2009-08-03,,,,,,,
2009-08-04,,,,,,,
2009-08-05,,,,,,,
2009-08-06,,,,,,,
2009-08-07,,,,,,,
2009-08-10,,,,,,,
2009-08-11,,,,,,,
2009-08-12,,,,,,,
2009-08-13,,,,,,,
2009-08-14,,,,,,,
2009-08-17,,,,,,,
2009-08-18,,,,,,,
2009-08-19,,,,,,,
2009-08-20,,,,,,,
2009-08-21,,,,,,,
2009-08-24,,,,,,,
2009-08-25,,,,,,,
2009-08-26,,,,,,,
2009-08-27,,,,,,,
2009-08-28,,,,,,,
2009-08-31,,,,,,,
2009-09-01,,,,,,,
2009-09-02,,,,,,,
2009-09-03,,,,,,,
2009-09-04,,,,,,,
2009-09-07,,,,,,,
2009-09-08,,,,,,,
2009-09-09,,,,,,,
2009-09-10,,,,,,,
2009-09-11,,,,,,,
2009-09-14,,,,,,,
2009-09-15,,,,,,,
2009-09-16,,,,,,,
2009-09-17,,,,,,,
2009-09-18,,,,,,,
2009-09-21,,,,,,,
2009-09-22,,,,,,,
2009-09-23,,,,,,,
2009-09-24,,,,,,,
2009-09-25,,,,,,,
2009-09-28,,,,,,,
2009-09-29,,,,,,,
2009-09-30,,,,,,,
2009-10-01,,,,,,,
2009-10-02,,,,,,,
2009-10-05,,,,,,,
2009-10-06,,,,,,,
2009-10-07,,,,,,,
2009-10-08,,,,,,,
2009-10-09,,,,,,,
2009-10-12,,,,,,,
2009-10-13,,,,,,,
2009-10-14,,,,,,,
2009-10-15,,,,,,,
2009-10-16,,,,,,,
2009-10-17,,,,,,,
2009-10-19,,,,,,,
2009-10-20,,,,,,,
2009-10-21,,,,,,,
2009-10-22,,,,,,,
2009-10-23,,,,,,,
2009-10-26,,,,,,,
2009-10-27,,,,,,,
2009-10-28,,,,,,,
2009-10-29,,,,,,,
2009-10-30,,,,,,,
2009-11-02,,,,,,,
2009-11-03,,,,,,,
2009-11-04,,,,,,,
2009-11-05,,,,,,,
2009-11-06,,,,,,,
2009-11-09,,,,,,,
2009-11-10,,,,,,,
2009-11-11,,,,,,,
2009-11-12,,,,,,,
2009-11-13,,,,,,,
2009-11-16,,,,,,,
2009-11-17,,,,,,,
2009-11-18,,,,,,,
2009-11-19,,,,,,,
2009-11-20,,,,,,,
2009-11-23,,,,,,,
2009-11-24,,,,,,,
2009-11-25,,,,,,,
2009-11-26,,,,,,,
2009-11-27,,,,,,,
2009-11-30,,,,,,,
2009-12-01,,,,,,,
2009-12-02,,,,,,,
2009-12-03,,,,,,,
2009-12-04,,,,,,,
2009-12-07,,,,,,,
2009-12-08,,,,,,,
2009-12-09,,,,,,,
2009-12-10,,,,,,,
2009-12-11,,,,,,,
2009-12-14,,,,,,,
2009-12-15,,,,,,,
2009-12-16,,,,,,,
2009-12-17,,,,,,,
2009-12-18,,,,,,,
2009-12-21,,,,,,,
2009-12-22,,,,,,,
2009-12-23,,,,,,,
2009-12-24,,,,,,,
2009-12-25,,,,,,,
2009-12-28,,,,,,,
2009-12-29,,,,,,,
2009-12-30,,,,,,,
2009-12-31,,,,,,,
2010-01-01,,,,,,,
2010-01-04,,,,,,,
2010-01-05,,,,,,,
2010-01-06,,,,,,,
2010-01-07,,,,,,,
2010-01-08,,,,,,,
2010-01-11,,,,,,,
2010-01-12,,,,,,,
2010-01-13,,,,,,,
2010-01-14,,,,,,,
2010-01-15,,,,,,,
2010-01-18,,,,,,,
2010-01-19,,,,,,,
2010-01-20,,,,,,,
2010-01-21,,,,,,,
2010-01-22,,,,,,,
2010-01-25,,,,,,,
2010-01-26,,,,,,,
2010-01-27,,,,,,,
2010-01-28,,,,,,,
2010-01-29,,,,,,,
2010-02-01,,,,,,,
2010-02-02,,,,,,,
2010-02-03,,,,,,,
2010-02-04,,,,,,,
2010-02-05,,,,,,,
2010-02-08,,,,,,,
2010-02-09,,,,,,,
2010-02-10,,,,,,,
2010-02-11,,,,,,,
2010-02-12,,,,,,,
2010-02-15,,,,,,,
2010-02-16,,,,,,,
2010-02-17,,,,,,,
2010-02-18,,,,,,,
2010-02-19,,,,,,,
2010-02-22,,,,,,,
2010-02-23,,,,,,,
2010-02-24,,,,,,,
2010-02-25,,,,,,,
2010-02-26,,,,,,,
2010-03-01,,,,,,,
2010-03-02,,,,,,,
2010-03-03,,,,,,,
2010-03-04,,,,,,,
2010-03-05,,,,,,,
2010-03-08,,,,,,,
2010-03-09,,,,,,,
2010-03-10,,,,,,,
2010-03-11,,,,,,,
2010-03-12,,,,,,,
2010-03-15,,,,,,,
2010-03-16,,,,,,,
2010-03-17,,,,,,,
2010-03-18,,,,,,,
2010-03-19,,,,,,,
2010-03-22,,,,,,,
2010-03-23,,,,,,,
2010-03-24,,,,,,,
2010-03-25,,,,,,,
2010-03-26,,,,,,,
2010-03-29,,,,,,,
2010-03-30,,,,,,,
2010-03-31,,,,,,,
2010-04-01,,,,,,,
2010-04-02,,,,,,,
2010-04-05,,,,,,,
2010-04-06,,,,,,,
2010-04-07,,,,,,,
2010-04-08,,,,,,,
2010-04-09,,,,,,,
2010-04-12,,,,,,,
2010-04-13,,,,,,,
2010-04-14,,,,,,,
2010-04-15,,,,,,,
2010-04-16,,,,,,,
2010-04-19,,,,,,,
2010-04-20,,,,,,,
2010-04-21,,,,,,,
2010-04-22,,,,,,,
2010-04-23,,,,,,,
2010-04-26,,,,,,,
2010-04-27,,,,,,,
2010-04-28,,,,,,,
2010-04-29,,,,,,,
2010-04-30,,,,,,,
2010-05-03,,,,,,,
2010-05-04,,,,,,,
2010-05-05,,,,,,,
2010-05-06,,,,,,,
2010-05-07,,,,,,,
2010-05-10,,,,,,,
2010-05-11,,,,,,,
2010-05-12,,,,,,,
2010-05-13,,,,,,,
2010-05-14,,,,,,,
2010-05-17,,,,,,,
2010-05-18,,,,,,,
2010-05-19,,,,,,,
2010-05-20,,,,,,,
2010-05-21,,,,,,,
2010-05-24,,,,,,,
2010-05-25,,,,,,,
2010-05-26,,,,,,,
2010-05-27,,,,,,,
2010-05-28,,,,,,,
2010-05-31,,,,,,,
2010-06-01,,,,,,,
2010-06-02,,,,,,,
2010-06-03,,,,,,,
2010-06-04,,,,,,,
2010-06-07,,,,,,,
2010-06-08,,,,,,,
2010-06-09,,,,,,,
2010-06-10,,,,,,,
2010-06-11,,,,,,,
2010-06-14,,,,,,,
2010-06-15,,,,,,,
2010-06-16,,,,,,,
2010-06-17,,,,,,,
2010-06-18,,,,,,,
2010-06-21,,,,,,,
2010-06-22,,,,,,,
2010-06-23,,,,,,,
2010-06-24,,,,,,,
2010-06-25,,,,,,,
2010-06-28,,,,,,,
2010-06-29,,,,,,,
2010-06-30,,,,,,,
2010-07-01,,,,,,,
2010-07-02,,,,,,,
2010-07-05,,,,,,,
2010-07-06,,,,,,,
2010-07-07,,,,,,,
2010-07-08,,,,,,,
2010-07-09,,,,,,,
2010-07-12,,,,,,,
2010-07-13,,,,,,,
2010-07-14,,,,,,,
2010-07-15,,,,,,,
2010-07-16,,,,,,,
2010-07-19,,,,,,,
2010-07-20,,,,,,,
2010-07-21,,,,,,,
2010-07-22,,,,,,,
2010-07-23,,,,,,,
2010-07-26,,,,,,,
2010-07-27,,,,,,,
2010-07-28,,,,,,,
2010-07-29,,,,,,,
2010-07-30,,,,,,,
2010-08-02,,,,,,,
2010-08-03,,,,,,,
2010-08-04,,,,,,,
2010-08-05,,,,,,,
2010-08-06,,,,,,,
2010-08-09,,,,,,,
2010-08-10,,,,,,,
2010-08-11,,,,,,,
2010-08-12,,,,,,,
2010-08-13,,,,,,,
2010-08-16,,,,,,,
2010-08-17,,,,,,,
2010-08-18,,,,,,,
2010-08-19,,,,,,,
2010-08-20,,,,,,,
2010-08-23,,,,,,,
2010-08-24,,,,,,,
2010-08-25,,,,,,,
2010-08-26,,,,,,,
2010-08-27,,,,,,,
2010-08-30,,,,,,,
2010-08-31,,,,,,,
2010-09-01,,,,,,,
2010-09-02,,,,,,,
2010-09-03,,,,,,,
2010-09-06,,,,,,,
2010-09-07,,,,,,,
2010-09-08,,,,,,,
2010-09-09,,,,,,,
2010-09-10,,,,,,,
2010-09-13,,,,,,,
2010-09-14,,,,,,,
2010-09-15,,,,,,,
2010-09-16,,,,,,,
2010-09-17,,,,,,,
2010-09-20,,,,,,,
2010-09-21,,,,,,,
2010-09-22,,,,,,,
2010-09-23,,,,,,,
2010-09-24,,,,,,,
2010-09-27,,,,,,,
2010-09-28,,,,,,,
2010-09-29,,,,,,,
2010-09-30,,,,,,,
2010-10-01,,,,,,,
2010-10-02,,,,,,,
2010-10-04,,,,,,,
2010-10-05,,,,,,,
2010-10-06,,,,,,,
2010-10-07,,,,,,,
2010-10-08,,,,,,,
2010-10-11,,,,,,,
2010-10-12,,,,,,,
2010-10-13,,,,,,,
2010-10-14,,,,,,,
2010-10-15,,,,,,,
2010-10-18,,,,,,,
2010-10-19,,,,,,,
2010-10-20,,,,,,,
2010-10-21,,,,,,,
2010-10-22,,,,,,,
2010-10-25,,,,,,,
2010-10-26,,,,,,,
2010-10-27,,,,,,,
2010-10-28,,,,,,,
2010-10-29,,,,,,,
2010-11-01,,,,,,,
2010-11-02,,,,,,,
2010-11-03,,,,,,,
2010-11-04,,,,,,,
2010-11-05,,,,,,,
2010-11-08,,,,,,,
2010-11-09,,,,,,,
2010-11-10,,,,,,,
2010-11-11,,,,,,,
2010-11-12,,,,,,,
2010-11-15,,,,,,,
2010-11-16,,,,,,,
2010-11-17,,,,,,,
2010-11-18,,,,,,,
2010-11-19,,,,,,,
2010-11-22,,,,,,,
2010-11-23,,,,,,,
2010-11-24,,,,,,,
2010-11-25,,,,,,,
2010-11-26,,,,,,,
2010-11-29,,,,,,,
2010-11-30,,,,,,,
2010-12-01,,,,,,,
2010-12-02,,,,,,,
2010-12-03,,,,,,,
2010-12-06,,,,,,,
2010-12-07,,,,,,,
2010-12-08,,,,,,,
2010-12-09,,,,,,,
2010-12-10,,,,,,,
2010-12-13,,,,,,,
2010-12-14,,,,,,,
2010-12-15,,,,,,,
2010-12-16,,,,,,,
2010-12-17,,,,,,,
2010-12-20,,,,,,,
2010-12-21,,,,,,,
2010-12-22,,,,,,,
2010-12-23,,,,,,,
2010-12-24,,,,,,,
2010-12-27,,,,,,,
2010-12-28,,,,,,,
2010-12-29,,,,,,,
2010-12-30,,,,,,,
2010-12-31,,,,,,,
2011-01-03,,,,,,,
2011-01-04,,,,,,,
2011-01-05,,,,,,,
2011-01-06,,,,,,,
2011-01-07,,,,,,,
2011-01-10,,,,,,,
2011-01-11,,,,,,,
2011-01-12,,,,,,,
2011-01-13,,,,,,,
2011-01-14,,,,,,,
2011-01-17,,,,,,,
2011-01-18,,,,,,,
2011-01-19,,,,,,,
2011-01-20,,,,,,,
2011-01-21,,,,,,,
2011-01-24,,,,,,,
2011-01-25,,,,,,,
2011-01-26,,,,,,,
2011-01-27,,,,,,,
2011-01-28,,,,,,,
2011-01-31,,,,,,,
2011-02-01,,,,,,,
2011-02-02,,,,,,,
2011-02-03,,,,,,,
2011-02-04,,,,,,,
2011-02-07,,,,,,,
2011-02-08,,,,,,,
2011-02-09,,,,,,,
2011-02-10,,,,,,,
2011-02-11,,,,,,,
2011-02-14,,,,,,,
2011-02-15,,,,,,,
2011-02-16,,,,,,,
2011-02-17,,,,,,,
2011-02-18,,,,,,,
2011-02-21,,,,,,,
2011-02-22,,,,,,,
2011-02-23,,,,,,,
2011-02-24,,,,,,,
2011-02-25,,,,,,,
2011-02-28,,,,,,,
2011-03-01,,,,,,,
2011-03-02,,,,,,,
2011-03-03,,,,,,,
2011-03-04,,,,,,,
2011-03-07,,,,,,,
2011-03-08,,,,,,,
2011-03-09,,,,,,,
2011-03-10,,,,,,,
2011-03-11,,,,,,,
2011-03-14,,,,,,,
2011-03-15,,,,,,,
2011-03-16,,,,,,,
2011-03-17,,,,,,,
2011-03-18,,,,,,,
2011-03-19,,,,,,,
2011-03-21,,,,,,,
2011-03-22,,,,,,,
2011-03-23,,,,,,,
2011-03-24,,,,,,,
2011-03-25,,,,,,,
2011-03-28,,,,,,,
2011-03-29,,,,,,,
2011-03-30,,,,,,,
2011-03-31,,,,,,,
2011-04-01,,,,,,,
2011-04-04,,,,,,,
2011-04-05,,,,,,,
2011-04-06,,,,,,,
2011-04-07,,,,,,,
2011-04-08,,,,,,,
2011-04-11,,,,,,,
2011-04-12,,,,,,,
2011-04-13,,,,,,,
2011-04-14,,,,,,,
2011-04-15,,,,,,,
2011-04-18,,,,,,,
2011-04-19,,,,,,,
2011-04-20,,,,,,,
2011-04-21,,,,,,,
2011-04-26,,,,,,,
2011-04-27,,,,,,,
2011-04-28,,,,,,,
2011-04-29,,,,,,,
2011-05-02,,,,,,,
2011-05-03,,,,,,,
2011-05-04,,,,,,,
2011-05-05,,,,,,,
2011-05-06,,,,,,,
2011-05-09,,,,,,,
2011-05-10,,,,,,,
2011-05-11,,,,,,,
2011-05-12,,,,,,,
2011-05-13,,,,,,,
2011-05-16,,,,,,,
2011-05-17,,,,,,,
2011-05-18,,,,,,,
2011-05-19,,,,,,,
2011-05-20,,,,,,,
2011-05-23,,,,,,,
2011-05-24,,,,,,,
2011-05-25,,,,,,,
2011-05-26,,,,,,,
2011-05-27,,,,,,,
2011-05-30,,,,,,,
2011-05-31,,,,,,,
2011-06-01,,,,,,,
2011-06-02,,,,,,,
2011-06-03,,,,,,,
2011-06-06,,,,,,,
2011-06-07,,,,,,,
2011-06-08,,,,,,,
2011-06-09,,,,,,,
2011-06-10,,,,,,,
2011-06-13,,,,,,,
2011-06-14,,,,,,,
2011-06-15,,,,,,,
2011-06-16,,,,,,,
2011-06-17,,,,,,,
2011-06-20,,,,,,,
2011-06-21,,,,,,,
2011-06-22,,,,,,,
2011-06-23,,,,,,,
2011-06-24,,,,,,,
2011-06-27,,,,,,,
2011-06-28,,,,,,,
2011-06-29,,,,,,,
2011-06-30,,,,,,,
2011-07-01,,,,,,,
2011-07-04,,,,,,,
2011-07-05,,,,,,,
2011-07-06,,,,,,,
2011-07-07,,,,,,,
2011-07-08,,,,,,,
2011-07-11,,,,,,,
2011-07-12,,,,,,,
2011-07-13,,,,,,,
2011-07-14,,,,,,,
2011-07-15,,,,,,,
2011-07-18,,,,,,,
2011-07-19,,,,,,,
2011-07-20,,,,,,,
2011-07-21,,,,,,,
2011-07-22,,,,,,,
2011-07-23,,,,,,,
2011-07-25,,,,,,,
2011-07-26,,,,,,,
2011-07-27,,,,,,,
2011-07-28,,,,,,,
2011-07-29,,,,,,,
2011-08-01,,,,,,,
2011-08-02,,,,,,,
2011-08-03,,,,,,,
2011-08-04,,,,,,,
2011-08-05,,,,,,,
2011-08-08,,,,,,,
2011-08-09,,,,,,,
2011-08-10,,,,,,,
2011-08-11,,,,,,,
2011-08-12,,,,,,,
2011-08-15,,,,,,,
2011-08-16,,,,,,,
2011-08-17,,,,,,,
2011-08-18,,,,,,,
2011-08-19,,,,,,,
2011-08-22,,,,,,,
2011-08-23,,,,,,,
2011-08-24,,,,,,,
2011-08-25,,,,,,,
2011-08-26,,,,,,,
2011-08-29,,,,,,,
2011-08-30,,,,,,,
2011-08-31,,,,,,,
2011-09-01,,,,,,,
2011-09-02,,,,,,,
2011-09-05,,,,,,,
2011-09-06,,,,,,,
2011-09-07,,,,,,,
2011-09-08,,,,,,,
2011-09-09,,,,,,,
2011-09-12,,,,,,,
2011-09-13,,,,,,,
2011-09-14,,,,,,,
2011-09-15,,,,,,,
2011-09-16,,,,,,,
2011-09-19,,,,,,,
2011-09-20,,,,,,,
2011-09-21,,,,,,,
2011-09-22,,,,,,,
2011-09-23,,,,,,,
2011-09-26,,,,,,,
2011-09-27,,,,,,,
2011-09-28,,,,,,,
2011-09-29,,,,,,,
2011-09-30,,,,,,,
2011-10-03,,,,,,,
2011-10-04,,,,,,,
2011-10-05,,,,,,,
2011-10-06,,,,,,,
2011-10-07,,,,,,,
2011-10-10,,,,,,,
2011-10-11,,,,,,,
2011-10-12,,,,,,,
2011-10-13,,,,,,,
2011-10-14,,,,,,,
2011-10-17,,,,,,,
2011-10-18,,,,,,,
2011-10-19,,,,,,,
2011-10-20,,,,,,,
2011-10-21,,,,,,,
2011-10-24,,,,,,,
2011-10-25,,,,,,,
2011-10-26,,,,,,,
2011-10-27,,,,,,,
2011-10-28,,,,,,,
2011-10-31,,,,,,,
2011-11-01,,,,,,,
2011-11-02,,,,,,,
2011-11-03,,,,,,,
2011-11-04,,,,,,,
2011-11-07,,,,,,,
2011-11-08,,,,,,,
2011-11-09,,,,,,,
2011-11-10,,,,,,,
2011-11-11,,,,,,,
2011-11-14,,,,,,,
2011-11-15,,,,,,,
2011-11-16,,,,,,,
2011-11-17,,,,,,,
2011-11-18,,,,,,,
2011-11-21,,,,,,,
2011-11-22,,,,,,,
2011-11-23,,,,,,,
2011-11-24,,,,,,,
2011-11-25,,,,,,,
2011-11-28,,,,,,,
2011-11-29,,,,,,,
2011-11-30,,,,,,,
2011-12-01,,,,,,,
2011-12-02,,,,,,,
2011-12-05,,,,,,,
2011-12-06,,,,,,,
2011-12-07,,,,,,,
2011-12-08,,,,,,,
2011-12-09,,,,,,,
2011-12-12,,,,,,,
2011-12-13,,,,,,,
2011-12-14,,,,,,,
2011-12-15,,,,,,,
2011-12-16,,,,,,,
2011-12-19,,,,,,,
2011-12-20,,,,,,,
2011-12-21,,,,,,,
2011-12-22,,,,,,,
2011-12-23,,,,,,,
2011-12-27,,,,,,,
2011-12-28,,,,,,,
2011-12-29,,,,,,,
2011-12-30,,,,,,,
2012-01-02,,,,,,,
2012-01-03,,,,,,,
2012-01-04,,,,,,,
2012-01-05,,,,,,,
2012-01-06,,,,,,,
2012-01-09,,,,,,,
2012-01-10,,,,,,,
2012-01-11,,,,,,,
2012-01-12,,,,,,,
2012-01-13,,,,,,,
2012-01-16,,,,,,,
2012-01-17,,,,,,,
2012-01-18,,,,,,,
2012-01-19,,,,,,,
2012-01-20,,,,,,,
2012-01-23,,,,,,,
2012-01-24,,,,,,,
2012-01-25,,,,,,,
2012-01-26,,,,,,,
2012-01-27,,,,,,,
2012-01-30,,,,,,,
2012-01-31,,,,,,,
2012-02-01,,,,,,,
2012-02-02,,,,,,,
2012-02-03,,,,,,,
2012-02-05,,,,,,,
2012-02-06,,,,,,,
2012-02-07,,,,,,,
2012-02-08,,,,,,,
2012-02-09,,,,,,,
2012-02-10,,,,,,,
2012-02-13,,,,,,,
2012-02-14,,,,,,,
2012-02-15,,,,,,,
2012-02-16,,,,,,,
2012-02-17,,,,,,,
2012-02-20,,,,,,,
2012-02-21,,,,,,,
2012-02-22,,,,,,,
2012-02-23,,,,,,,
2012-02-24,,,,,,,
2012-02-27,,,,,,,
2012-02-28,,,,,,,
2012-02-29,,,,,,,
2012-03-01,,,,,,,
2012-03-02,,,,,,,
2012-03-05,,,,,,,
2012-03-06,,,,,,,
2012-03-07,,,,,,,
2012-03-08,,,,,,,
2012-03-09,,,,,,,
2012-03-12,,,,,,,
2012-03-13,,,,,,,
2012-03-14,,,,,,,
2012-03-15,,,,,,,
2012-03-16,,,,,,,
2012-03-19,,,,,,,
2012-03-20,,,,,,,
2012-03-21,,,,,,,
2012-03-22,,,,,,,
2012-03-23,,,,,,,
2012-03-26,,,,,,,
2012-03-27,,,,,,,
2012-03-28,,,,,,,
2012-03-29,,,,,,,
2012-03-30,,,,,,,
2012-04-02,,,,,,,
2012-04-03,,,,,,,
2012-04-04,,,,,,,
2012-04-05,,,,,,,
2012-04-08,,,,,,,
2012-04-09,,,,,,,
2012-04-10,,,,,,,
2012-04-11,,,,,,,
2012-04-12,,,,,,,
2012-04-13,,,,,,,
2012-04-16,,,,,,,
2012-04-17,,,,,,,
2012-04-18,,,,,,,
2012-04-19,,,,,,,
2012-04-20,,,,,,,
2012-04-23,,,,,,,
2012-04-24,,,,,,,
2012-04-25,,,,,,,
2012-04-26,,,,,,,
2012-04-27,,,,,,,
2012-04-30,,,,,,,
2012-05-01,,,,,,,
2012-05-02,,,,,,,
2012-05-03,,,,,,,
2012-05-04,,,,,,,
2012-05-07,,,,,,,
2012-05-08,,,,,,,
2012-05-09,,,,,,,
2012-05-10,,,,,,,
2012-05-11,,,,,,,
2012-05-14,,,,,,,
2012-05-15,,,,,,,
2012-05-16,,,,,,,
2012-05-17,,,,,,,
2012-05-18,,,,,,,
2012-05-21,,,,,,,
2012-05-22,,,,,,,
2012-05-23,,,,,,,
2012-05-24,,,,,,,
2012-05-25,,,,,,,
2012-05-28,,,,,,,
2012-05-29,,,,,,,
2012-05-30,,,,,,,
2012-05-31,,,,,,,
2012-06-01,,,,,,,
2012-06-04,,,,,,,
2012-06-05,,,,,,,
2012-06-06,,,,,,,
2012-06-07,,,,,,,
2012-06-08,,,,,,,
2012-06-11,,,,,,,
2012-06-12,,,,,,,
2012-06-13,,,,,,,
2012-06-14,,,,,,,
2012-06-15,,,,,,,
2012-06-18,,,,,,,
2012-06-19,,,,,,,
2012-06-20,,,,,,,
2012-06-21,,,,,,,
2012-06-22,,,,,,,
2012-06-25,,,,,,,
2012-06-26,,,,,,,
2012-06-27,,,,,,,
2012-06-28,,,,,,,
2012-06-29,,,,,,,
2012-07-02,,,,,,,
2012-07-03,,,,,,,
2012-07-04,,,,,,,
2012-07-05,,,,,,,
2012-07-06,,,,,,,
2012-07-07,,,,,,,
2012-07-08,,,,,,,
2012-07-09,,,,,,,
2012-07-10,,,,,,,
2012-07-11,,,,,,,
2012-07-12,,,,,,,
2012-07-13,,,,,,,
2012-07-16,,,,,,,
2012-07-17,,,,,,,
2012-07-18,,,,,,,
2012-07-19,,,,,,,
2012-07-20,,,,,,,
2012-07-23,,,,,,,
2012-07-24,,,,,,,
2012-07-25,,,,,,,
2012-07-26,,,,,,,
2012-07-27,,,,,,,
2012-07-30,,,,,,,
2012-07-31,,,,,,,
2012-08-01,,,,,,,
2012-08-02,,,,,,,
2012-08-03,,,,,,,
2012-08-06,,,,,,,
2012-08-07,,,,,,,
2012-08-08,,,,,,,
2012-08-09,,,,,,,
2012-08-10,,,,,,,
2012-08-13,,,,,,,
2012-08-14,,,,,,,
2012-08-15,,,,,,,
2012-08-16,,,,,,,
2012-08-17,,,,,,,
2012-08-20,,,,,,,
2012-08-21,,,,,,,
2012-08-22,,,,,,,
2012-08-23,,,,,,,
2012-08-24,,,,,,,
2012-08-27,,,,,,,
2012-08-28,,,,,,,
2012-08-29,,,,,,,
2012-08-30,,,,,,,
2012-08-31,,,,,,,
2012-09-03,,,,,,,
2012-09-04,,,,,,,
2012-09-05,,,,,,,
2012-09-06,,,,,,,
2012-09-07,,,,,,,
2012-09-10,,,,,,,
2012-09-11,,,,,,,
2012-09-12,,,,,,,
2012-09-13,,,,,,,
2012-09-14,,,,,,,
2012-09-17,,,,,,,
2012-09-18,,,,,,,
2012-09-19,,,,,,,
2012-09-20,,,,,,,
2012-09-21,,,,,,,
2012-09-24,,,,,,,
2012-09-25,,,,,,,
2012-09-26,,,,,,,
2012-09-27,,,,,,,
2012-09-28,,,,,,,
2012-10-01,,,,,,,
2012-10-02,,,,,,,
2012-10-03,,,,,,,
2012-10-04,,,,,,,
2012-10-05,,,,,,,
2012-10-08,,,,,,,
2012-10-09,,,,,,,
2012-10-10,,,,,,,
2012-10-11,,,,,,,
2012-10-12,,,,,,,
2012-10-15,,,,,,,
2012-10-16,,,,,,,
2012-10-17,,,,,,,
2012-10-18,,,,,,,
2012-10-19,,,,,,,
2012-10-22,,,,,,,
2012-10-23,,,,,,,
2012-10-24,,,,,,,
2012-10-25,,,,,,,
2012-10-26,,,,,,,
2012-10-29,,,,,,,
2012-10-30,,,,,,,
2012-10-31,,,,,,,
2012-11-01,,,,,,,
2012-11-02,,,,,,,
2012-11-05,,,,,,,
2012-11-06,,,,,,,
2012-11-07,,,,,,,
2012-11-08,,,,,,,
2012-11-09,,,,,,,
2012-11-12,,,,,,,
2012-11-13,,,,,,,
2012-11-14,,,,,,,
2012-11-15,,,,,,,
2012-11-16,,,,,,,
2012-11-19,,,,,,,
2012-11-20,,,,,,,
2012-11-21,,,,,,,
2012-11-22,,,,,,,
2012-11-23,,,,,,,
2012-11-26,,,,,,,
2012-11-27,,,,,,,
2012-11-28,,,,,,,
2012-11-29,,,,,,,
2012-11-30,,,,,,,
2012-12-03,,,,,,,
2012-12-04,,,,,,,
2012-12-05,,,,,,,
2012-12-06,,,,,,,
2012-12-07,,,,,,,
2012-12-10,,,,,,,
2012-12-11,,,,,,,
2012-12-12,,,,,,,
2012-12-13,,,,,,,
2012-12-14,,,,,,,
2012-12-17,,,,,,,
2012-12-18,,,,,,,
2012-12-19,,,,,,,
2012-12-20,,,,,,,
2012-12-21,,,,,,,
2012-12-24,,,,,,,
2012-12-27,,,,,,,
2012-12-28,,,,,,,
2012-12-31,,,,,,,
2013-01-02,,,,,,,
2013-01-03,,,,,,,
2013-01-04,,,,,,,
2013-01-07,,,,,,,
2013-01-08,,,,,,,
2013-01-09,,,,,,,
2013-01-10,,,,,,,
2013-01-11,,,,,,,
2013-01-14,,,,,,,
2013-01-15,,,,,,,
2013-01-16,,,,,,,
2013-01-17,,,,,,,
2013-01-18,,,,,,,
2013-01-21,,,,,,,
2013-01-22,,,,,,,
2013-01-23,,,,,,,
2013-01-24,,,,,,,
2013-01-25,,,,,,,
2013-01-28,,,,,,,
2013-01-29,,,,,,,
2013-01-30,,,,,,,
2013-01-31,,,,,,,
2013-02-01,,,,,,,
2013-02-04,,,,,,,
2013-02-05,,,,,,,
2013-02-06,,,,,,,
2013-02-07,,,,,,,
2013-02-08,,,,,,,
2013-02-11,,,,,,,
2013-02-12,,,,,,,
2013-02-13,,,,,,,
2013-02-14,,,,,,,
2013-02-15,,,,,,,
2013-02-18,,,,,,,
2013-02-19,,,,,,,
2013-02-20,,,,,,,
2013-02-21,,,,,,,
2013-02-22,,,,,,,
2013-02-25,,,,,,,
2013-02-26,,,,,,,
2013-02-27,,,,,,,
2013-02-28,,,,,,,
2013-03-01,,,,,,,
2013-03-04,,,,,,,
2013-03-05,,,,,,,
2013-03-06,,,,,,,
2013-03-07,,,,,,,
2013-03-08,,,,,,,
2013-03-11,,,,,,,
2013-03-12,,,,,,,
2013-03-13,,,,,,,
2013-03-14,,,,,,,
2013-03-15,,,,,,,
2013-03-18,,,,,,,
2013-03-19,,,,,,,
2013-03-20,,,,,,,
2013-03-21,,,,,,,
2013-03-22,,,,,,,
2013-03-25,,,,,,,
2013-03-26,,,,,,,
2013-03-27,,,,,,,
2013-03-28,,,,,,,
2013-04-01,,,,,,,
2013-04-02,,,,,,,
2013-04-03,,,,,,,
2013-04-04,,,,,,,
2013-04-05,,,,,,,
2013-04-08,,,,,,,
2013-04-09,,,,,,,
2013-04-10,,,,,,,
2013-04-11,,,,,,,
2013-04-12,,,,,,,
2013-04-15,,,,,,,
2013-04-16,,,,,,,
2013-04-17,,,,,,,
2013-04-18,,,,,,,
2013-04-19,,,,,,,
2013-04-22,,,,,,,
2013-04-23,,,,,,,
2013-04-24,,,,,,,
2013-04-25,,,,,,,
2013-04-26,,,,,,,
2013-04-29,,,,,,,
2013-04-30,,,,,,,
2013-05-01,,,,,,,
2013-05-02,,,,,,,
2013-05-03,,,,,,,
2013-05-06,,,,,,,
2013-05-07,,,,,,,
2013-05-08,,,,,,,
2013-05-09,,,,,,,
2013-05-10,,,,,,,
2013-05-13,,,,,,,
2013-05-14,,,,,,,
2013-05-15,,,,,,,
2013-05-16,,,,,,,
2013-05-17,,,,,,,
2013-05-20,,,,,,,
2013-05-21,,,,,,,
2013-05-22,,,,,,,
2013-05-23,,,,,,,
2013-05-24,,,,,,,
2013-05-27,,,,,,,
2013-05-28,,,,,,,
2013-05-29,,,,,,,
2013-05-30,,,,,,,
2013-05-31,,,,,,,
2013-06-03,,,,,,,
2013-06-04,,,,,,,
2013-06-05,,,,,,,
2013-06-06,,,,,,,
2013-06-07,,,,,,,
2013-06-10,,,,,,,
2013-06-11,,,,,,,
2013-06-12,,,,,,,
2013-06-13,,,,,,,
2013-06-14,,,,,,,
2013-06-17,,,,,,,
2013-06-18,,,,,,,
2013-06-19,,,,,,,
2013-06-20,,,,,,,
2013-06-21,,,,,,,
2013-06-24,,,,,,,
2013-06-25,,,,,,,
2013-06-26,,,,,,,
2013-06-27,,,,,,,
2013-06-28,,,,,,,
2013-07-01,,,,,,,
2013-07-02,,,,,,,
2013-07-03,,,,,,,
2013-07-04,,,,,,,
2013-07-05,,,,,,,
2013-07-08,,,,,,,
2013-07-09,,,,,,,
2013-07-10,,,,,,,
2013-07-11,,,,,,,
2013-07-12,,,,,,,
2013-07-15,,,,,,,
2013-07-16,,,,,,,
2013-07-17,,,,,,,
2013-07-18,,,,,,,
2013-07-19,,,,,,,
2013-07-22,,,,,,,
2013-07-23,,,,,,,
2013-07-24,,,,,,,
2013-07-25,,,,,,,
2013-07-26,,,,,,,
2013-07-29,,,,,,,
2013-07-30,,,,,,,
2013-07-31,,,,,,,
2013-08-01,,,,,,,
2013-08-02,,,,,,,
2013-08-05,,,,,,,
2013-08-06,,,,,,,
2013-08-07,,,,,,,
2013-08-08,,,,,,,
2013-08-09,,,,,,,
2013-08-12,,,,,,,
2013-08-13,,,,,,,
2013-08-14,,,,,,,
2013-08-15,,,,,,,
2013-08-16,,,,,,,
2013-08-19,,,,,,,
2013-08-20,,,,,,,
2013-08-21,,,,,,,
2013-08-22,,,,,,,
2013-08-23,,,,,,,
2013-08-26,,,,,,,
2013-08-27,,,,,,,
2013-08-28,,,,,,,
2013-08-29,,,,,,,
2013-08-30,,,,,,,
2013-09-02,,,,,,,
2013-09-03,,,,,,,
2013-09-04,,,,,,,
2013-09-05,,,,,,,
2013-09-06,,,,,,,
2013-09-09,,,,,,,
2013-09-10,,,,,,,
2013-09-11,,,,,,,
2013-09-12,,,,,,,
2013-09-13,,,,,,,
2013-09-16,,,,,,,
2013-09-17,,,,,,,
2013-09-18,,,,,,,
2013-09-19,,,,,,,
2013-09-20,,,,,,,
2013-09-23,,,,,,,
2013-09-24,,,,,,,
2013-09-25,,,,,,,
2013-09-26,,,,,,,
2013-09-27,,,,,,,
2013-09-30,,,,,,,
2013-10-01,,,,,,,
2013-10-02,,,,,,,
2013-10-03,,,,,,,
2013-10-04,,,,,,,
2013-10-07,,,,,,,
2013-10-08,,,,,,,
2013-10-09,,,,,,,
2013-10-10,,,,,,,
2013-10-11,,,,,,,
2013-10-14,,,,,,,
2013-10-15,,,,,,,
2013-10-16,,,,,,,
2013-10-17,,,,,,,
2013-10-18,,,,,,,
2013-10-21,,,,,,,
2013-10-22,,,,,,,
2013-10-23,,,,,,,
2013-10-24,,,,,,,
2013-10-25,,,,,,,
2013-10-28,,,,,,,
2013-10-29,,,,,,,
2013-10-30,,,,,,,
2013-10-31,,,,,,,
2013-11-01,,,,,,,
2013-11-04,,,,,,,
2013-11-05,,,,,,,
2013-11-06,,,,,,,
2013-11-07,,,,,,,
2013-11-08,,,,,,,
2013-11-11,,,,,,,
2013-11-12,,,,,,,
2013-11-13,,,,,,,
2013-11-14,,,,,,,
2013-11-15,,,,,,,
2013-11-18,,,,,,,
2013-11-19,,,,,,,
2013-11-20,,,,,,,
2013-11-21,,,,,,,
2013-11-22,,,,,,,
2013-11-25,,,,,,,
2013-11-26,,,,,,,
2013-11-27,,,,,,,
2013-11-28,,,,,,,
2013-11-29,,,,,,,
2013-12-02,,,,,,,
2013-12-03,,,,,,,
2013-12-04,,,,,,,
2013-12-05,,,,,,,
2013-12-06,,,,,,,
2013-12-09,,,,,,,
2013-12-10,,,,,,,
2013-12-11,,,,,,,
2013-12-12,,,,,,,
2013-12-13,,,,,,,
2013-12-16,,,,,,,
2013-12-17,,,,,,,
2013-12-18,,,,,,,
2013-12-19,,,,,,,
2013-12-20,,,,,,,
2013-12-23,,,,,,,
2013-12-24,,,,,,,
2013-12-27,,,,,,,
2013-12-30,,,,,,,
2013-12-31,,,,,,,
2014-01-02,,,,,,,
2014-01-03,,,,,,,
2014-01-06,,,,,,,
2014-01-07,,,,,,,
2014-01-08,,,,,,,
2014-01-09,,,,,,,
2014-01-10,,,,,,,
2014-01-13,,,,,,,
2014-01-14,,,,,,,
2014-01-15,,,,,,,
2014-01-16,,,,,,,
2014-01-17,,,,,,,
2014-01-20,,,,,,,
2014-01-21,,,,,,,
2014-01-22,,,,,,,
2014-01-23,,,,,,,
2014-01-24,,,,,,,
2014-01-27,,,,,,,
2014-01-28,,,,,,,
2014-01-29,,,,,,,
2014-01-30,,,,,,,
2014-01-31,,,,,,,
2014-02-03,,,,,,,
2014-02-04,,,,,,,
2014-02-05,,,,,,,
2014-02-06,,,,,,,
2014-02-07,,,,,,,
2014-02-10,,,,,,,
2014-02-11,,,,,,,
2014-02-12,,,,,,,
2014-02-13,,,,,,,
2014-02-14,,,,,,,
2014-02-17,,,,,,,
2014-02-18,,,,,,,
2014-02-19,,,,,,,
2014-02-20,,,,,,,
2014-02-21,,,,,,,
2014-02-24,,,,,,,
2014-02-25,,,,,,,
2014-02-26,,,,,,,
2014-02-27,,,,,,,
2014-02-28,,,,,,,
2014-03-03,,,,,,,
2014-03-04,,,,,,,
2014-03-05,,,,,,,
2014-03-06,,,,,,,
2014-03-07,,,,,,,
2014-03-10,,,,,,,
2014-03-11,,,,,,,
2014-03-12,,,,,,,
2014-03-13,,,,,,,
2014-03-14,,,,,,,
2014-03-17,,,,,,,
2014-03-18,,,,,,,
2014-03-19,,,,,,,
2014-03-20,,,,,,,
2014-03-21,,,,,,,
2014-03-24,,,,,,,
2014-03-25,,,,,,,
2014-03-26,,,,,,,
2014-03-27,,,,,,,
2014-03-28,,,,,,,
2014-03-31,,,,,,,
2014-04-01,,,,,,,
2014-04-02,,,,,,,
2014-04-03,,,,,,,
2014-04-04,,,,,,,
2014-04-07,,,,,,,
2014-04-08,,,,,,,
2014-04-09,,,,,,,
2014-04-10,,,,,,,
2014-04-11,,,,,,,
2014-04-14,,,,,,,
2014-04-15,,,,,,,
2014-04-16,,,,,,,
2014-04-17,,,,,,,
2014-04-22,,,,,,,
2014-04-23,,,,,,,
2014-04-24,,,,,,,
2014-04-25,,,,,,,
2014-04-28,,,,,,,
2014-04-29,,,,,,,
2014-04-30,,,,,,,
2014-05-01,,,,,,,
2014-05-02,,,,,,,
2014-05-05,,,,,,,
2014-05-06,,,,,,,
2014-05-07,,,,,,,
2014-05-08,,,,,,,
2014-05-09,,,,,,,
2014-05-12,,,,,,,
2014-05-13,,,,,,,
2014-05-14,,,,,,,
2014-05-15,,,,,,,
2014-05-16,,,,,,,
2014-05-19,,,,,,,
2014-05-20,,,,,,,
2014-05-21,,,,,,,
2014-05-22,,,,,,,
2014-05-23,,,,,,,
2014-05-26,,,,,,,
2014-05-27,,,,,,,
2014-05-28,,,,,,,
2014-05-29,,,,,,,
2014-05-30,,,,,,,
2014-06-02,,,,,,,
2014-06-03,,,,,,,
2014-06-04,,,,,,,
2014-06-05,,,,,,,
2014-06-06,,,,,,,
2014-06-09,,,,,,,
2014-06-10,,,,,,,
2014-06-11,,,,,,,
2014-06-12,,,,,,,
2014-06-13,,,,,,,
2014-06-16,,,,,,,
2014-06-17,,,,,,,
2014-06-18,,,,,,,
2014-06-19,,,,,,,
2014-06-20,,,,,,,
2014-06-23,,,,,,,
2014-06-24,,,,,,,
2014-06-25,,,,,,,
2014-06-26,,,,,,,
2014-06-27,,,,,,,
2014-06-30,,,,,,,
2014-07-01,,,,,,,
2014-07-02,,,,,,,
2014-07-03,,,,,,,
2014-07-04,,,,,,,
2014-07-07,,,,,,,
2014-07-08,,,,,,,
2014-07-09,,,,,,,
2014-07-10,,,,,,,
2014-07-11,,,,,,,
2014-07-14,,,,,,,
2014-07-15,,,,,,,
2014-07-16,,,,,,,
2014-07-17,,,,,,,
2014-07-18,,,,,,,
2014-07-21,,,,,,,
2014-07-22,,,,,,,
2014-07-23,,,,,,,
2014-07-24,,,,,,,
2014-07-25,,,,,,,
2014-07-28,,,,,,,
2014-07-29,,,,,,,
2014-07-30,,,,,,,
2014-07-31,,,,,,,
2014-08-01,,,,,,,
2014-08-04,,,,,,,
2014-08-05,,,,,,,
2014-08-06,,,,,,,
2014-08-07,,,,,,,
2014-08-08,,,,,,,
2014-08-11,,,,,,,
2014-08-12,,,,,,,
2014-08-13,,,,,,,
2014-08-14,,,,,,,
2014-08-15,,,,,,,
2014-08-18,,,,,,,
2014-08-19,,,,,,,
2014-08-20,,,,,,,
2014-08-21,,,,,,,
2014-08-22,,,,,,,
2014-08-25,,,,,,,
2014-08-26,,,,,,,
2014-08-27,,,,,,,
2014-08-28,,,,,,,
2014-08-29,,,,,,,
2014-09-01,,,,,,,
2014-09-02,,,,,,,
2014-09-03,,,,,,,
2014-09-04,,,,,,,
2014-09-05,,,,,,,
2014-09-08,,,,,,,
2014-09-09,,,,,,,
2014-09-10,,,,,,,
2014-09-11,,,,,,,
2014-09-12,,,,,,,
2014-09-15,,,,,,,
2014-09-16,,,,,,,
2014-09-17,,,,,,,
2014-09-18,,,,,,,
2014-09-19,,,,,,,
2014-09-22,,,,,,,
2014-09-23,,,,,,,
2014-09-24,,,,,,,
2014-09-25,,,,,,,
2014-09-26,,,,,,,
2014-09-29,,,,,,,
2014-09-30,,,,,,,
2014-10-01,,,,,,,
2014-10-02,,,,,,,
2014-10-03,,,,,,,
2014-10-06,,,,,,,
2014-10-07,,,,,,,
2014-10-08,,,,,,,
2014-10-09,,,,,,,
2014-10-10,,,,,,,
2014-10-13,,,,,,,
2014-10-14,,,,,,,
2014-10-15,,,,,,,
2014-10-16,,,,,,,
2014-10-17,,,,,,,
2014-10-20,,,,,,,
2014-10-21,,,,,,,
2014-10-22,,,,,,,
2014-10-23,,,,,,,
2014-10-24,,,,,,,
2014-10-27,,,,,,,
2014-10-28,,,,,,,
2014-10-29,,,,,,,
2014-10-30,,,,,,,
2014-10-31,,,,,,,
2014-11-03,,,,,,,
2014-11-04,,,,,,,
2014-11-05,,,,,,,
2014-11-06,,,,,,,
2014-11-07,,,,,,,
2014-11-10,,,,,,,
2014-11-11,,,,,,,
2014-11-12,,,,,,,
2014-11-13,,,,,,,
2014-11-14,,,,,,,
2014-11-17,,,,,,,
2014-11-18,,,,,,,
2014-11-19,,,,,,,
2014-11-20,,,,,,,
2014-11-21,,,,,,,
2014-11-24,,,,,,,
2014-11-25,,,,,,,
2014-11-26,,,,,,,
2014-11-27,,,,,,,
2014-11-28,,,,,,,
2014-12-01,,,,,,,
2014-12-02,,,,,,,
2014-12-03,,,,,,,
2014-12-04,,,,,,,
2014-12-05,,,,,,,
2014-12-08,,,,,,,
2014-12-09,,,,,,,
2014-12-10,,,,,,,
2014-12-11,,,,,,,
2014-12-12,,,,,,,
2014-12-15,,,,,,,
2014-12-16,,,,,,,
2014-12-17,,,,,,,
2014-12-18,,,,,,,
2014-12-19,,,,,,,
2014-12-22,,,,,,,
2014-12-23,,,,,,,
2014-12-24,,,,,,,
2014-12-29,,,,,,,
2014-12-30,,,,,,,
2014-12-31,,,,,,,
2015-01-02,,,,,,,
2015-01-05,,,,,,,
2015-01-06,,,,,,,
2015-01-07,,,,,,,
2015-01-08,,,,,,,
2015-01-09,,,,,,,
2015-01-12,,,,,,,
2015-01-13,,,,,,,
2015-01-14,,,,,,,
2015-01-15,,,,,,,
2015-01-16,,,,,,,
2015-01-19,,,,,,,
2015-01-20,,,,,,,
2015-01-21,,,,,,,
2015-01-22,,,,,,,
2015-01-23,,,,,,,
2015-01-26,,,,,,,
2015-01-27,,,,,,,
2015-01-28,,,,,,,
2015-01-29,,,,,,,
2015-01-30,,,,,,,
2015-02-02,,,,,,,
2015-02-03,,,,,,,
2015-02-04,,,,,,,
2015-02-05,,,,,,,
2015-02-06,,,,,,,
2015-02-09,,,,,,,
2015-02-10,,,,,,,
2015-02-11,,,,,,,
2015-02-12,,,,,,,
2015-02-13,,,,,,,
2015-02-16,,,,,,,
2015-02-17,,,,,,,
2015-02-18,,,,,,,
2015-02-19,,,,,,,
2015-02-20,,,,,,,
2015-02-23,,,,,,,
2015-02-24,,,,,,,
2015-02-25,,,,,,,
2015-02-26,,,,,,,
2015-02-27,,,,,,,
2015-03-02,,,,,,,
2015-03-03,,,,,,,
2015-03-04,,,,,,,
2015-03-05,,,,,,,
2015-03-06,,,,,,,
2015-03-09,,,,,,,
2015-03-10,,,,,,,
2015-03-11,,,,,,,
2015-03-12,,,,,,,
2015-03-13,,,,,,,
2015-03-16,,,,,,,
2015-03-17,,,,,,,
2015-03-18,,,,,,,
2015-03-19,,,,,,,
2015-03-20,,,,,,,
2015-03-23,,,,,,,
2015-03-24,,,,,,,
2015-03-25,,,,,,,
2015-03-26,,,,,,,
2015-03-27,,,,,,,
2015-03-30,,,,,,,
2015-03-31,,,,,,,
2015-04-01,,,,,,,
2015-04-02,,,,,,,
2015-04-06,,,,,,,
2015-04-07,,,,,,,
2015-04-08,,,,,,,
2015-04-09,,,,,,,
2015-04-10,,,,,,,
2015-04-13,,,,,,,
2015-04-14,,,,,,,
2015-04-15,,,,,,,
2015-04-16,,,,,,,
2015-04-17,,,,,,,
2015-04-20,,,,,,,
2015-04-21,,,,,,,
2015-04-22,,,,,,,
2015-04-23,,,,,,,
2015-04-24,,,,,,,
2015-04-27,,,,,,,
2015-04-28,,,,,,,
2015-04-29,,,,,,,
2015-04-30,,,,,,,
2015-05-01,,,,,,,
2015-05-04,,,,,,,
2015-05-05,,,,,,,
2015-05-06,,,,,,,
2015-05-07,,,,,,,
2015-05-08,,,,,,,
2015-05-11,,,,,,,
2015-05-12,,,,,,,
2015-05-13,,,,,,,
2015-05-14,,,,,,,
2015-05-15,,,,,,,
2015-05-18,,,,,,,
2015-05-19,,,,,,,
2015-05-20,,,,,,,
2015-05-21,,,,,,,
2015-05-22,,,,,,,
2015-05-25,,,,,,,
2015-05-26,,,,,,,
2015-05-27,,,,,,,
2015-05-28,,,,,,,
2015-05-29,,,,,,,
2015-06-01,,,,,,,
2015-06-02,,,,,,,
2015-06-03,,,,,,,
2015-06-04,,,,,,,
2015-06-05,,,,,,,
2015-06-08,,,,,,,
2015-06-09,,,,,,,
2015-06-10,,,,,,,
2015-06-11,,,,,,,
2015-06-12,,,,,,,
2015-06-15,,,,,,,
2015-06-16,,,,,,,
2015-06-17,,,,,,,
2015-06-18,,,,,,,
2015-06-19,,,,,,,
2015-06-22,,,,,,,
2015-06-23,,,,,,,
2015-06-24,,,,,,,
2015-06-25,,,,,,,
2015-06-26,,,,,,,
2015-06-29,,,,,,,
2015-06-30,,,,,,,
2015-07-01,,,,,,,
2015-07-02,,,,,,,
2015-07-03,,,,,,,
2015-07-06,,,,,,,
2015-07-07,,,,,,,
2015-07-08,,,,,,,
2015-07-09,,,,,,,
2015-07-10,,,,,,,
2015-07-13,,,,,,,
2015-07-14,,,,,,,
2015-07-15,,,,,,,
2015-07-16,,,,,,,
2015-07-17,,,,,,,
2015-07-20,,,,,,,
2015-07-21,,,,,,,
2015-07-22,,,,,,,
2015-07-23,,,,,,,
2015-07-24,,,,,,,
2015-07-27,,,,,,,
2015-07-28,,,,,,,
2015-07-29,,,,,,,
2015-07-30,,,,,,,
2015-07-31,,,,,,,
2015-08-03,,,,,,,
2015-08-04,,,,,,,
2015-08-05,,,,,,,
2015-08-06,,,,,,,
2015-08-07,,,,,,,
2015-08-10,,,,,,,
2015-08-11,,,,,,,
2015-08-12,,,,,,,
2015-08-13,,,,,,,
2015-08-14,,,,,,,
2015-08-17,,,,,,,
2015-08-18,,,,,,,
2015-08-19,,,,,,,
2015-08-20,,,,,,,
2015-08-21,,,,,,,
2015-08-24,,,,,,,
2015-08-25,,,,,,,
2015-08-26,,,,,,,
2015-08-27,,,,,,,
2015-08-28,,,,,,,
2015-08-31,,,,,,,
2015-09-01,,,,,,,
2015-09-02,,,,,,,
2015-09-03,,,,,,,
2015-09-04,,,,,,,
2015-09-07,,,,,,,
2015-09-08,,,,,,,
2015-09-09,,,,,,,
2015-09-10,,,,,,,
2015-09-11,,,,,,,
2015-09-14,,,,,,,
2015-09-15,,,,,,,
2015-09-16,,,,,,,
2015-09-17,,,,,,,
2015-09-18,,,,,,,
2015-09-21,,,,,,,
2015-09-22,,,,,,,
2015-09-23,,,,,,,
2015-09-24,,,,,,,
2015-09-25,,,,,,,
2015-09-28,,,,,,,
2015-09-29,,,,,,,
2015-09-30,,,,,,,
2015-10-01,,,,,,,
2015-10-02,,,,,,,
2015-10-05,,,,,,,
2015-10-06,,,,,,,
2015-10-07,,,,,,,
2015-10-08,,,,,,,
2015-10-09,,,,,,,
2015-10-12,,,,,,,
2015-10-13,,,,,,,
2015-10-14,,,,,,,
2015-10-15,,,,,,,
2015-10-16,,,,,,,
2015-10-19,,,,,,,
2015-10-20,,,,,,,
2015-10-21,,,,,,,
2015-10-22,,,,,,,
2015-10-23,,,,,,,
2015-10-26,,,,,,,
2015-10-27,,,,,,,
2015-10-28,,,,,,,
2015-10-29,,,,,,,
2015-10-30,,,,,,,
2015-11-02,,,,,,,
2015-11-03,,,,,,,
2015-11-04,,,,,,,
2015-11-05,,,,,,,
2015-11-06,,,,,,,
2015-11-09,,,,,,,
2015-11-10,,,,,,,
2015-11-11,,,,,,,
2015-11-12,,,,,,,
2015-11-13,,,,,,,
2015-11-16,,,,,,,
2015-11-17,,,,,,,
2015-11-18,,,,,,,
2015-11-19,,,,,,,
2015-11-20,,,,,,,
2015-11-23,,,,,,,
2015-11-24,,,,,,,
2015-11-25,,,,,,,
2015-11-26,,,,,,,
2015-11-27,,,,,,,
2015-11-30,,,,,,,
2015-12-01,,,,,,,
2015-12-02,,,,,,,
2015-12-03,,,,,,,
2015-12-04,,,,,,,
2015-12-07,,,,,,,
2015-12-08,,,,,,,
2015-12-09,,,,,,,
2015-12-10,,,,,,,
2015-12-11,,,,,,,
2015-12-14,,,,,,,
2015-12-15,,,,,,,
2015-12-16,,,,,,,
2015-12-17,,,,,,,
2015-12-18,,,,,,,
2015-12-21,,,,,,,
2015-12-22,,,,,,,
2015-12-23,,,,,,,
2015-12-24,,,,,,,
2015-12-28,,,,,,,
2015-12-29,,,,,,,
2015-12-30,,,,,,,
2015-12-31,,,,,,,
2016-01-04,,,,,,,
2016-01-05,,,,,,,
2016-01-06,,,,,,,
2016-01-07,,,,,,,
2016-01-08,,,,,,,
2016-01-11,,,,,,,
2016-01-12,,,,,,,
2016-01-13,,,,,,,
2016-01-14,,,,,,,
2016-01-15,,,,,,,
2016-01-18,,,,,,,
2016-01-19,,,,,,,
2016-01-20,,,,,,,
2016-01-21,,,,,,,
2016-01-22,,,,,,,
2016-01-25,,,,,,,
2016-01-26,,,,,,,
2016-01-27,,,,,,,
2016-01-28,,,,,,,
2016-01-29,,,,,,,
2016-02-01,,,,,,,
2016-02-02,,,,,,,
2016-02-03,,,,,,,
2016-02-04,,,,,,,
2016-02-05,,,,,,,
2016-02-08,,,,,,,
2016-02-09,,,,,,,
2016-02-10,,,,,,,
2016-02-11,,,,,,,
2016-02-12,,,,,,,
2016-02-15,,,,,,,
2016-02-16,,,,,,,
2016-02-17,,,,,,,
2016-02-18,,,,,,,
2016-02-19,,,,,,,
2016-02-22,,,,,,,
2016-02-23,,,,,,,
2016-02-24,,,,,,,
2016-02-25,,,,,,,
2016-02-26,,,,,,,
2016-02-29,,,,,,,
2016-03-01,,,,,,,
2016-03-02,,,,,,,
2016-03-03,,,,,,,
2016-03-04,,,,,,,
2016-03-07,,,,,,,
2016-03-08,,,,,,,
2016-03-09,,,,,,,
2016-03-10,,,,,,,
2016-03-11,,,,,,,
2016-03-14,,,,,,,
2016-03-15,,,,,,,
2016-03-16,,,,,,,
2016-03-17,,,,,,,
2016-03-18,,,,,,,
2016-03-21,,,,,,,
2016-03-22,,,,,,,
2016-03-23,,,,,,,
2016-03-24,,,,,,,
2016-03-28,,,,,,,
2016-03-29,,,,,,,
2016-03-30,,,,,,,
2016-03-31,,,,,,,
2016-04-01,,,,,,,
2016-04-04,,,,,,,
2016-04-05,,,,,,,
2016-04-06,,,,,,,
2016-04-07,,,,,,,
2016-04-08,,,,,,,
2016-04-11,,,,,,,
2016-04-12,,,,,,,
2016-04-13,,,,,,,
2016-04-14,,,,,,,
2016-04-15,,,,,,,
2016-04-18,,,,,,,
2016-04-19,,,,,,,
2016-04-20,,,,,,,
2016-04-21,,,,,,,
2016-04-22,,,,,,,
2016-04-25,,,,,,,
2016-04-26,,,,,,,
2016-04-27,,,,,,,
2016-04-28,,,,,,,
2016-04-29,,,,,,,
2016-05-02,,,,,,,
2016-05-03,,,,,,,
2016-05-04,,,,,,,
2016-05-05,,,,,,,
2016-05-06,,,,,,,
2016-05-09,,,,,,,
2016-05-10,,,,,,,
2016-05-11,,,,,,,
2016-05-12,,,,,,,
2016-05-13,,,,,,,
2016-05-16,,,,,,,
2016-05-17,,,,,,,
2016-05-18,,,,,,,
2016-05-19,,,,,,,
2016-05-20,,,,,,,
2016-05-23,,,,,,,
2016-05-24,,,,,,,
2016-05-25,,,,,,,
2016-05-26,,,,,,,
2016-05-27,,,,,,,
2016-05-30,,,,,,,
2016-05-31,,,,,,,
2016-06-01,,,,,,,
2016-06-02,,,,,,,
2016-06-03,,,,,,,
2016-06-06,,,,,,,
2016-06-07,,,,,,,
2016-06-08,,,,,,,
2016-06-09,,,,,,,
2016-06-10,,,,,,,
2016-06-13,,,,,,,
2016-06-14,,,,,,,
2016-06-15,,,,,,,
2016-06-16,,,,,,,
2016-06-17,,,,,,,
2016-06-20,,,,,,,
2016-06-21,,,,,,,
2016-06-22,,,,,,,
2016-06-23,,,,,,,
2016-06-24,,,,,,,
2016-06-27,,,,,,,
2016-06-28,,,,,,,
2016-06-29,,,,,,,
2016-06-30,,,,,,,
2016-07-01,,,,,,,
2016-07-04,,,,,,,
2016-07-05,,,,,,,
2016-07-06,,,,,,,
2016-07-07,,,,,,,
2016-07-08,,,,,,,
2016-07-11,,,,,,,
2016-07-12,,,,,,,
2016-07-13,,,,,,,
2016-07-14,,,,,,,
2016-07-15,,,,,,,
2016-07-18,,,,,,,
2016-07-19,,,,,,,
2016-07-20,,,,,,,
2016-07-21,,,,,,,
2016-07-22,,,,,,,
2016-07-25,,,,,,,
2016-07-26,,,,,,,
2016-07-27,,,,,,,
2016-07-28,,,,,,,
2016-07-29,,,,,,,
2016-08-01,,,,,,,
2016-08-02,,,,,,,
2016-08-03,,,,,,,
2016-08-04,,,,,,,
2016-08-05,,,,,,,
2016-08-08,,,,,,,
2016-08-09,,,,,,,
2016-08-10,,,,,,,
2016-08-11,,,,,,,
2016-08-12,,,,,,,
2016-08-15,,,,,,,
2016-08-16,,,,,,,
2016-08-17,,,,,,,
2016-08-18,,,,,,,
2016-08-19,,,,,,,
2016-08-22,,,,,,,
2016-08-23,,,,,,,
2016-08-24,,,,,,,
2016-08-25,,,,,,,
2016-08-26,,,,,,,
2016-08-29,,,,,,,
2016-08-30,,,,,,,
2016-08-31,,,,,,,
2016-09-01,,,,,,,
2016-09-02,,,,,,,
2016-09-05,,,,,,,
2016-09-06,,,,,,,
2016-09-07,,,,,,,
2016-09-08,,,,,,,
2016-09-09,,,,,,,
2016-09-12,,,,,,,
2016-09-13,,,,,,,
2016-09-14,,,,,,,
2016-09-15,,,,,,,
2016-09-16,,,,,,,
2016-09-19,,,,,,,
2016-09-20,,,,,,,
2016-09-21,,,,,,,
2016-09-22,,,,,,,
2016-09-23,,,,,,,
2016-09-26,,,,,,,
2016-09-27,,,,,,,
2016-09-28,,,,,,,
2016-09-29,,,,,,,
2016-09-30,,,,,,,
2016-10-03,,,,,,,
2016-10-04,,,,,,,
2016-10-05,,,,,,,
2016-10-06,,,,,,,
2016-10-07,,,,,,,
2016-10-10,,,,,,,
2016-10-11,,,,,,,
2016-10-12,,,,,,,
2016-10-13,,,,,,,
2016-10-14,,,,,,,
2016-10-17,,,,,,,
2016-10-18,,,,,,,
2016-10-19,,,,,,,
2016-10-20,,,,,,,
2016-10-21,,,,,,,
2016-10-24,,,,,,,
2016-10-25,,,,,,,
2016-10-26,,,,,,,
2016-10-27,,,,,,,
2016-10-28,,,,,,,
2016-10-31,,,,,,,
2016-11-01,,,,,,,
2016-11-02,,,,,,,
2016-11-03,,,,,,,
2016-11-04,,,,,,,
2016-11-07,,,,,,,
2016-11-08,,,,,,,
2016-11-09,,,,,,,
2016-11-10,,,,,,,
2016-11-11,,,,,,,
2016-11-14,,,,,,,
2016-11-15,,,,,,,
2016-11-16,,,,,,,
2016-11-17,,,,,,,
2016-11-18,,,,,,,
2016-11-21,,,,,,,
2016-11-22,,,,,,,
2016-11-23,,,,,,,
2016-11-24,,,,,,,
2016-11-25,,,,,,,
2016-11-28,,,,,,,
2016-11-29,,,,,,,
2016-11-30,,,,,,,
2016-12-01,,,,,,,
2016-12-02,,,,,,,
2016-12-05,,,,,,,
2016-12-06,,,,,,,
2016-12-07,,,,,,,
2016-12-08,,,,,,,
2016-12-09,,,,,,,
2016-12-12,,,,,,,
2016-12-13,,,,,,,
2016-12-14,,,,,,,
2016-12-15,,,,,,,
2016-12-16,,,,,,,
2016-12-19,,,,,,,
2016-12-20,,,,,,,
2016-12-21,,,,,,,
2016-12-22,,,,,,,
2016-12-23,,,,,,,
2016-12-27,,,,,,,
2016-12-28,,,,,,,
2016-12-29,,,,,,,
2016-12-30,,,,,,,
2017-01-02,,,,,,,
2017-01-03,,,,,,,
2017-01-04,,,,,,,
2017-01-05,,,,,,,
2017-01-06,,,,,,,
2017-01-09,,,,,,,
2017-01-10,,,,,,,
2017-01-11,,,,,,,
2017-01-12,,,,,,,
2017-01-13,,,,,,,
2017-01-16,,,,,,,
2017-01-17,,,,,,,
2017-01-18,,,,,,,
2017-01-19,,,,,,,
2017-01-20,,,,,,,
2017-01-23,,,,,,,
2017-01-24,,,,,,,
2017-01-25,,,,,,,
2017-01-26,,,,,,,
2017-01-27,,,,,,,
2017-01-30,,,,,,,
2017-01-31,,,,,,,
2017-02-01,,,,,,,
2017-02-02,,,,,,,
2017-02-03,,,,,,,
2017-02-06,,,,,,,
2017-02-07,,,,,,,
2017-02-08,,,,,,,
2017-02-09,,,,,,,
2017-02-10,,,,,,,
2017-02-13,,,,,,,
2017-02-14,,,,,,,
2017-02-15,,,,,,,
2017-02-16,,,,,,,
2017-02-17,,,,,,,
2017-02-20,,,,,,,
2017-02-21,,,,,,,
2017-02-22,,,,,,,
2017-02-23,,,,,,,
2017-02-24,,,,,,,
2017-02-27,,,,,,,
2017-02-28,,,,,,,
2017-03-01,,,,,,,
2017-03-02,,,,,,,
2017-03-03,,,,,,,
2017-03-06,,,,,,,
2017-03-07,,,,,,,
2017-03-08,,,,,,,
2017-03-09,,,,,,,
2017-03-10,,,,,,,
2017-03-13,,,,,,,
2017-03-14,,,,,,,
2017-03-15,,,,,,,
2017-03-16,,,,,,,
2017-03-17,,,,,,,
2017-03-20,,,,,,,
2017-03-21,,,,,,,
2017-03-22,,,,,,,
2017-03-23,,,,,,,
2017-03-24,,,,,,,
2017-03-27,,,,,,,
2017-03-28,,,,,,,
2017-03-29,,,,,,,
2017-03-30,,,,,,,
2017-03-31,,,,,,,
2017-04-03,,,,,,,
2017-04-04,,,,,,,
2017-04-05,,,,,,,
2017-04-06,,,,,,,
2017-04-07,,,,,,,
2017-04-10,,,,,,,
2017-04-11,,,,,,,
2017-04-12,,,,,,,
2017-04-13,,,,,,,
2017-04-17,,,,,,,
2017-04-18,,,,,,,
2017-04-19,,,,,,,
2017-04-20,,,,,,,
2017-04-21,,,,,,,
2017-04-24,,,,,,,
2017-04-25,,,,,,,
2017-04-26,,,,,,,
2017-04-27,,,,,,,
2017-04-28,,,,,,,
2017-05-01,,,,,,,
2017-05-02,,,,,,,
2017-05-03,,,,,,,
2017-05-04,,,,,,,
2017-05-05,,,,,,,
2017-05-08,,,,,,,
2017-05-09,,,,,,,
2017-05-10,,,,,,,
2017-05-11,,,,,,,
2017-05-12,,,,,,,
2017-05-15,,,,,,,
2017-05-16,,,,,,,
2017-05-17,,,,,,,
2017-05-18,,,,,,,
2017-05-19,,,,,,,
2017-05-22,,,,,,,
2017-05-23,,,,,,,
2017-05-24,,,,,,,
2017-05-25,,,,,,,
2017-05-26,,,,,,,
2017-05-29,,,,,,,
2017-05-30,,,,,,,
2017-05-31,,,,,,,
2017-06-01,,,,,,,
2017-06-02,,,,,,,
2017-06-05,,,,,,,
2017-06-06,,,,,,,
2017-06-07,,,,,,,
2017-06-08,,,,,,,
2017-06-09,,,,,,,
2017-06-12,,,,,,,
2017-06-13,,,,,,,
2017-06-14,,,,,,,
2017-06-15,,,,,,,
2017-06-16,,,,,,,
2017-06-19,,,,,,,
2017-06-20,,,,,,,
2017-06-21,,,,,,,
2017-06-22,,,,,,,
2017-06-23,,,,,,,
2017-06-26,,,,,,,
2017-06-27,,,,,,,
2017-06-28,,,,,,,
2017-06-29,,,,,,,
2017-06-30,,,,,,,
2017-07-03,,,,,,,
2017-07-04,,,,,,,
2017-07-05,,,,,,,
2017-07-06,,,,,,,
2017-07-07,,,,,,,
2017-07-10,,,,,,,
2017-07-11,,,,,,,
2017-07-12,,,,,,,
2017-07-13,,,,,,,
2017-07-14,,,,,,,
2017-07-17,,,,,,,
2017-07-18,,,,,,,
2017-07-19,,,,,,,
2017-07-20,,,,,,,
2017-07-21,,,,,,,
2017-07-24,,,,,,,
2017-07-25,,,,,,,
2017-07-26,,,,,,,
2017-07-27,,,,,,,
2017-07-28,,,,,,,
2017-07-31,,,,,,,
2017-08-01,,,,,,,
2017-08-02,,,,,,,
2017-08-03,,,,,,,
2017-08-04,,,,,,,
2017-08-07,,,,,,,
2017-08-08,,,,,,,
2017-08-09,,,,,,,
2017-08-10,,,,,,,
2017-08-11,,,,,,,
2017-08-14,,,,,,,
2017-08-15,,,,,,,
2017-08-16,,,,,,,
2017-08-17,,,,,,,
2017-08-18,,,,,,,
2017-08-21,,,,,,,
2017-08-22,,,,,,,
2017-08-23,,,,,,,
2017-08-24,,,,,,,
2017-08-25,,,,,,,
2017-08-28,,,,,,,
2017-08-29,,,,,,,
2017-08-30,,,,,,,
2017-08-31,,,,,,,
2017-09-01,,,,,,,
2017-09-04,,,,,,,
2017-09-05,,,,,,,
2017-09-06,,,,,,,
2017-09-07,,,,,,,
2017-09-08,,,,,,,
2017-09-11,,,,,,,
2017-09-12,,,,,,,
2017-09-13,,,,,,,
2017-09-14,,,,,,,
2017-09-15,,,,,,,
2017-09-18,,,,,,,
2017-09-19,,,,,,,
2017-09-20,,,,,,,
2017-09-21,,,,,,,
2017-09-22,,,,,,,
2017-09-25,,,,,,,
2017-09-26,,,,,,,
2017-09-27,,,,,,,
2017-09-28,,,,,,,
2017-09-29,,,,,,,
2017-10-02,,,,,,,
2017-10-03,,,,,,,
2017-10-04,,,,,,,
2017-10-05,,,,,,,
2017-10-06,,,,,,,
2017-10-09,,,,,,,
2017-10-10,,,,,,,
2017-10-11,,,,,,,
2017-10-12,,,,,,,
2017-10-13,,,,,,,
2017-10-16,,,,,,,
2017-10-17,,,,,,,
2017-10-18,,,,,,,
2017-10-19,,,,,,,
2017-10-20,,,,,,,
2017-10-23,,,,,,,
2017-10-24,,,,,,,
2017-10-25,,,,,,,
2017-10-26,,,,,,,
2017-10-27,,,,,,,
2017-10-30,,,,,,,
2017-10-31,,,,,,,
2017-11-01,,,,,,,
2017-11-02,,,,,,,
2017-11-03,,,,,,,
2017-11-06,,,,,,,
2017-11-07,,,,,,,
2017-11-08,,,,,,,
2017-11-09,,,,,,,
2017-11-10,,,,,,,
2017-11-13,,,,,,,
2017-11-14,,,,,,,
2017-11-15,,,,,,,
2017-11-16,,,,,,,
2017-11-17,,,,,,,
2017-11-20,,,,,,,
2017-11-21,,,,,,,
2017-11-22,,,,,,,
2017-11-23,,,,,,,
2017-11-24,,,,,,,
2017-11-27,,,,,,,
2017-11-28,,,,,,,
2017-11-29,,,,,,,
2017-11-30,,,,,,,
2017-12-01,,,,,,,
2017-12-04,,,,,,,
2017-12-05,,,,,,,
2017-12-06,,,,,,,
2017-12-07,,,,,,,
2017-12-08,,,,,,,
2017-12-11,,,,,,,
2017-12-12,,,,,,,
2017-12-13,,,,,,,
2017-12-14,,,,,,,
2017-12-15,,,,,,,
2017-12-18,,,,,,,
2017-12-19,,,,,,,
2017-12-20,,,,,,,
2017-12-21,,,,,,,
2017-12-22,,,,,,,
2017-12-27,,,,,,,
2017-12-28,,,,,,,
2017-12-29,,,,,,,
2018-01-02,,,,,,,
2018-01-03,,,,,,,
2018-01-04,,,,,,,
2018-01-05,,,,,,,
2018-01-08,,,,,,,
2018-01-09,,,,,,,
2018-01-10,,,,,,,
2018-01-11,,,,,,,
2018-01-12,,,,,,,
2018-01-15,,,,,,,
2018-01-16,,,,,,,
2018-01-17,,,,,,,
2018-01-18,,,,,,,
2018-01-19,,,,,,,
2018-01-22,,,,,,,
2018-01-23,,,,,,,
2018-01-24,,,,,,,
2018-01-25,,,,,,,
2018-01-26,,,,,,,
2018-01-29,,,,,,,
2018-01-30,,,,,,,
2018-01-31,,,,,,,
2018-02-01,,,,,,,
2018-02-02,,,,,,,
2018-02-05,,,,,,,
2018-02-06,,,,,,,
2018-02-07,,,,,,,
2018-02-08,,,,,,,
2018-02-09,,,,,,,
2018-02-12,,,,,,,
2018-02-13,,,,,,,
2018-02-14,,,,,,,
2018-02-15,,,,,,,
2018-02-16,,,,,,,
2018-02-19,,,,,,,
2018-02-20,,,,,,,
2018-02-21,,,,,,,
2018-02-22,,,,,,,
2018-02-23,,,,,,,
2018-02-26,,,,,,,
2018-02-27,,,,,,,
2018-02-28,,,,,,,
2018-03-01,,,,,,,
2018-03-02,,,,,,,
2018-03-05,,,,,,,
2018-03-06,,,,,,,
2018-03-07,,,,,,,
2018-03-08,,,,,,,
2018-03-09,,,,,,,
2018-03-12,,,,,,,
2018-03-13,,,,,,,
2018-03-14,,,,,,,
2018-03-15,,,,,,,
2018-03-16,,,,,,,
2018-03-19,,,,,,,
2018-03-20,,,,,,,
2018-03-21,,,,,,,
2018-03-22,,,,,,,
2018-03-23,,,,,,,
2018-03-26,,,,,,,
2018-03-27,,,,,,,
2018-03-28,,,,,,,
2018-03-29,,,,,,,
2018-04-03,,,,,,,
2018-04-04,,,,,,,
2018-04-05,,,,,,,
2018-04-06,,,,,,,
2018-04-09,,,,,,,
2018-04-10,,,,,,,
2018-04-11,,,,,,,
2018-04-12,,,,,,,
2018-04-13,,,,,,,
2018-04-16,,,,,,,
2018-04-17,,,,,,,
2018-04-18,,,,,,,
2018-04-19,,,,,,,
2018-04-20,,,,,,,
2018-04-23,,,,,,,
2018-04-24,,,,,,,
2018-04-25,,,,,,,
2018-04-26,,,,,,,
2018-04-27,,,,,,,
2018-04-30,,,,,,,
2018-05-01,,,,,,,
2018-05-02,,,,,,,
2018-05-03,,,,,,,
2018-05-04,,,,,,,
2018-05-07,,,,,,,
2018-05-08,,,,,,,
2018-05-09,,,,,,,
2018-05-10,,,,,,,
2018-05-11,,,,,,,
2018-05-14,,,,,,,
2018-05-15,,,,,,,
2018-05-16,,,,,,,
2018-05-17,,,,,,,
2018-05-18,,,,,,,
2018-05-21,,,,,,,
2018-05-22,,,,,,,
2018-05-23,,,,,,,
2018-05-24,,,,,,,
2018-05-25,,,,,,,
2018-05-28,,,,,,,
2018-05-29,,,,,,,
2018-05-30,,,,,,,
2018-05-31,,,,,,,
2018-06-01,,,,,,,
2018-06-04,,,,,,,
2018-06-05,,,,,,,
2018-06-06,,,,,,,
2018-06-07,,,,,,,
2018-06-08,,,,,,,
2018-06-11,,,,,,,
2018-06-12,,,,,,,
2018-06-13,,,,,,,
2018-06-14,,,,,,,
2018-06-15,,,,,,,
2018-06-18,,,,,,,
2018-06-19,,,,,,,
2018-06-20,,,,,,,
2018-06-21,,,,,,,
2018-06-22,,,,,,,
2018-06-25,,,,,,,
2018-06-26,,,,,,,
2018-06-27,,,,,,,
2018-06-28,,,,,,,
2018-06-29,,,,,,,
2018-07-02,,,,,,,
2018-07-03,,,,,,,
2018-07-04,,,,,,,
2018-07-05,,,,,,,
2018-07-06,,,,,,,
2018-07-09,,,,,,,
2018-07-10,,,,,,,
2018-07-11,,,,,,,
2018-07-12,,,,,,,
2018-07-13,,,,,,,
2018-07-16,,,,,,,
2018-07-17,,,,,,,
2018-07-18,,,,,,,
2018-07-19,,,,,,,
2018-07-20,,,,,,,
2018-07-23,,,,,,,
2018-07-24,,,,,,,
2018-07-25,,,,,,,
2018-07-26,,,,,,,
2018-07-27,,,,,,,
2018-07-30,,,,,,,
2018-07-31,,,,,,,
2018-08-01,,,,,,,
2018-08-02,,,,,,,
2018-08-03,,,,,,,
2018-08-06,,,,,,,
2018-08-07,,,,,,,
2018-08-08,,,,,,,
2018-08-09,,,,,,,
2018-08-10,,,,,,,
2018-08-13,,,,,,,
2018-08-14,,,,,,,
2018-08-15,,,,,,,
2018-08-16,,,,,,,
2018-08-17,,,,,,,
2018-08-20,,,,,,,
2018-08-21,,,,,,,
2018-08-22,,,,,,,
2018-08-23,,,,,,,
2018-08-24,,,,,,,
2018-08-27,,,,,,,
2018-08-28,,,,,,,
2018-08-29,,,,,,,
2018-08-30,,,,,,,
2018-08-31,,,,,,,
2018-09-03,,,,,,,
2018-09-04,,,,,,,
2018-09-05,,,,,,,
2018-09-06,,,,,,,
2018-09-07,,,,,,,
2018-09-10,,,,,,,
2018-09-11,,,,,,,
2018-09-12,,,,,,,
2018-09-13,,,,,,,
2018-09-14,,,,,,,
2018-09-17,,,,,,,
2018-09-18,,,,,,,
2018-09-19,,,,,,,
2018-09-20,,,,,,,
2018-09-21,,,,,,,
2018-09-24,,,,,,,
2018-09-25,,,,,,,
2018-09-26,,,,,,,
2018-09-27,,,,,,,
2018-09-28,,,,,,,
2018-10-01,,,,,,,
2018-10-02,,,,,,,
2018-10-03,,,,,,,
2018-10-04,,,,,,,
2018-10-05,,,,,,,
2018-10-08,,,,,,,
2018-10-09,,,,,,,
2018-10-10,,,,,,,
2018-10-11,,,,,,,
2018-10-12,,,,,,,
2018-10-15,,,,,,,
2018-10-16,,,,,,,
2018-10-17,,,,,,,
2018-10-18,,,,,,,
2018-10-19,,,,,,,
2018-10-22,,,,,,,
2018-10-23,,,,,,,
2018-10-24,,,,,,,
2018-10-25,,,,,,,
2018-10-26,,,,,,,
2018-10-29,,,,,,,
2018-10-30,,,,,,,
2018-10-31,,,,,,,
2018-11-01,,,,,,,
2018-11-02,,,,,,,
2018-11-05,,,,,,,
2018-11-06,,,,,,,
2018-11-07,,,,,,,
2018-11-08,,,,,,,
2018-11-09,,,,,,,
2018-11-12,,,,,,,
2018-11-13,,,,,,,
2018-11-14,,,,,,,
2018-11-15,,,,,,,
2018-11-16,,,,,,,
2018-11-19,,,,,,,
2018-11-20,,,,,,,
2018-11-21,,,,,,,
2018-11-22,,,,,,,
2018-11-23,,,,,,,
2018-11-26,,,,,,,
2018-11-27,,,,,,,
2018-11-28,,,,,,,
2018-11-29,,,,,,,
2018-11-30,,,,,,,
2018-12-03,,,,,,,
2018-12-04,,,,,,,
2018-12-05,,,,,,,
2018-12-06,,,,,,,
2018-12-07,,,,,,,
2018-12-10,,,,,,,
2018-12-11,,,,,,,
2018-12-12,,,,,,,
2018-12-13,,,,,,,
2018-12-14,,,,,,,
2018-12-17,,,,,,,
2018-12-18,,,,,,,
2018-12-19,,,,,,,
2018-12-20,,,,,,,
2018-12-21,,,,,,,
2018-12-24,,,,,,,
2018-12-27,,,,,,,
2018-12-28,,,,,,,
2018-12-31,,,,,,,
2019-01-02,,,,,,,
2019-01-03,,,,,,,
2019-01-04,,,,,,,
2019-01-07,,,,,,,
2019-01-08,,,,,,,
2019-01-09,,,,,,,
2019-01-10,,,,,,,
2019-01-11,,,,,,,
2019-01-14,,,,,,,
2019-01-15,,,,,,,
2019-01-16,,,,,,,
2019-01-17,,,,,,,
2019-01-18,,,,,,,
2019-01-21,,,,,,,
2019-01-22,,,,,,,
2019-01-23,,,,,,,
2019-01-24,,,,,,,
2019-01-25,,,,,,,
2019-01-28,,,,,,,
2019-01-29,,,,,,,
2019-01-30,,,,,,,
2019-01-31,,,,,,,
2019-02-01,,,,,,,
2019-02-04,,,,,,,
2019-02-05,,,,,,,
2019-02-06,,,,,,,
2019-02-07,,,,,,,
2019-02-08,,,,,,,
2019-02-11,,,,,,,
2019-02-12,,,,,,,
2019-02-13,,,,,,,
2019-02-14,,,,,,,
2019-02-15,,,,,,,
2019-02-18,,,,,,,
2019-02-19,,,,,,,
2019-02-20,,,,,,,
2019-02-21,,,,,,,
2019-02-22,,,,,,,
2019-02-25,,,,,,,
2019-02-26,,,,,,,
2019-02-27,,,,,,,
2019-02-28,,,,,,,
2019-03-01,,,,,,,
2019-03-04,,,,,,,
2019-03-05,,,,,,,
2019-03-06,,,,,,,
2019-03-07,,,,,,,
2019-03-08,,,,,,,
2019-03-11,,,,,,,
2019-03-12,,,,,,,
2019-03-13,,,,,,,
2019-03-14,,,,,,,
2019-03-15,,,,,,,
2019-03-18,,,,,,,
2019-03-19,,,,,,,
2019-03-20,,,,,,,
2019-03-21,,,,,,,
2019-03-22,,,,,,,
2019-03-25,,,,,,,
2019-03-26,,,,,,,
2019-03-27,,,,,,,
2019-03-28,,,,,,,
2019-03-29,,,,,,,
2019-04-01,,,,,,,
2019-04-02,,,,,,,
2019-04-03,,,,,,,
2019-04-04,,,,,,,
2019-04-05,,,,,,,
2019-04-08,,,,,,,
2019-04-09,,,,,,,
2019-04-10,,,,,,,
2019-04-11,,,,,,,
2019-04-12,,,,,,,
2019-04-15,,,,,,,
2019-04-16,,,,,,,
2019-04-17,,,,,,,
2019-04-18,,,,,,,
2019-04-23,,,,,,,
2019-04-24,,,,,,,
2019-04-25,,,,,,,
2019-04-26,,,,,,,
2019-04-29,,,,,,,
2019-04-30,,,,,,,
2019-05-01,,,,,,,
2019-05-02,,,,,,,
2019-05-03,,,,,,,
2019-05-06,,,,,,,
2019-05-07,,,,,,,
2019-05-08,,,,,,,
2019-05-09,,,,,,,
2019-05-10,,,,,,,
2019-05-13,,,,,,,
2019-05-14,,,,,,,
2019-05-15,,,,,,,
2019-05-16,,,,,,,
2019-05-17,,,,,,,
2019-05-20,,,,,,,
2019-05-21,,,,,,,
2019-05-22,,,,,,,
2019-05-23,,,,,,,
2019-05-24,,,,,,,
2019-05-27,,,,,,,
2019-05-28,,,,,,,
2019-05-29,,,,,,,
2019-05-30,,,,,,,
2019-05-31,,,,,,,
2019-06-03,,,,,,,
2019-06-04,,,,,,,
2019-06-05,,,,,,,
2019-06-06,,,,,,,
2019-06-07,,,,,,,
2019-06-10,,,,,,,
2019-06-11,,,,,,,
2019-06-12,,,,,,,
2019-06-13,,,,,,,
2019-06-14,,,,,,,
2019-06-17,,,,,,,
2019-06-18,,,,,,,
2019-06-19,,,,,,,
2019-06-20,,,,,,,
2019-06-21,,,,,,,
2019-06-24,,,,,,,
2019-06-25,,,,,,,
2019-06-26,,,,,,,
2019-06-27,,,,,,,
2019-06-28,,,,,,,
2019-07-01,,,,,,,
2019-07-02,,,,,,,
2019-07-03,,,,,,,
2019-07-04,,,,,,,
2019-07-05,,,,,,,
2019-07-08,,,,,,,
2019-07-09,,,,,,,
2019-07-10,,,,,,,
2019-07-11,,,,,,,
2019-07-12,,,,,,,
2019-07-15,,,,,,,
2019-07-16,,,,,,,
2019-07-17,,,,,,,
2019-07-18,,,,,,,
2019-07-19,,,,,,,
2019-07-22,,,,,,,
2019-07-23,,,,,,,
2019-07-24,,,,,,,
2019-07-25,,,,,,,
2019-07-26,,,,,,,
2019-07-29,,,,,,,
2019-07-30,,,,,,,
2019-07-31,,,,,,,
2019-08-01,,,,,,,
2019-08-02,,,,,,,
2019-08-05,,,,,,,
2019-08-06,,,,,,,
2019-08-07,,,,,,,
2019-08-08,,,,,,,
2019-08-09,,,,,,,
2019-08-12,,,,,,,
2019-08-13,,,,,,,
2019-08-14,,,,,,,
2019-08-15,,,,,,,
2019-08-16,,,,,,,
2019-08-19,,,,,,,
2019-08-20,,,,,,,
2019-08-21,,,,,,,
2019-08-22,,,,,,,
2019-08-23,,,,,,,
2019-08-26,,,,,,,
2019-08-27,,,,,,,
2019-08-28,,,,,,,
2019-08-29,,,,,,,
2019-08-30,,,,,,,
2019-09-02,,,,,,,
2019-09-03,,,,,,,
2019-09-04,,,,,,,
2019-09-05,,,,,,,
2019-09-06,,,,,,,
2019-09-09,,,,,,,
2019-09-10,,,,,,,
2019-09-11,,,,,,,
2019-09-12,,,,,,,
2019-09-13,,,,,,,
2019-09-16,,,,,,,
2019-09-17,,,,,,,
2019-09-18,,,,,,,
2019-09-19,,,,,,,
2019-09-20,,,,,,,
2019-09-23,,,,,,,
2019-09-24,,,,,,,
2019-09-25,,,,,,,
2019-09-26,,,,,,,
2019-09-27,,,,,,,
2019-09-30,,,,,,,
2019-10-01,,,,,,,
2019-10-02,,,,,,,
2019-10-03,,,,,,,
2019-10-04,,,,,,,
2019-10-07,,,,,,,
2019-10-08,,,,,,,
2019-10-09,,,,,,,
2019-10-10,,,,,,,
2019-10-11,,,,,,,
2019-10-14,,,,,,,
2019-10-15,,,,,,,
2019-10-16,,,,,,,
2019-10-17,,,,,,,
2019-10-18,,,,,,,
2019-10-21,,,,,,,
2019-10-22,,,,,,,
2019-10-23,,,,,,,
2019-10-24,,,,,,,
2019-10-25,,,,,,,
2019-10-28,,,,,,,
2019-10-29,,,,,,,
2019-10-30,,,,,,,
2019-10-31,,,,,,,
2019-11-01,,,,,,,
2019-11-04,,,,,,,
2019-11-05,,,,,,,
2019-11-06,,,,,,,
2019-11-07,,,,,,,
2019-11-08,,,,,,,
2019-11-11,,,,,,,
2019-11-12,,,,,,,
2019-11-13,,,,,,,
2019-11-14,,,,,,,
2019-11-15,,,,,,,
2019-11-18,,,,,,,
2019-11-19,,,,,,,
2019-11-20,,,,,,,
2019-11-21,,,,,,,
2019-11-22,,,,,,,
2019-11-25,,,,,,,
2019-11-26,,,,,,,
2019-11-27,,,,,,,
2019-11-28,,,,,,,
2019-11-29,,,,,,,
2019-12-02,,,,,,,
2019-12-03,,,,,,,
2019-12-04,,,,,,,
2019-12-05,,,,,,,
2019-12-06,,,,,,,
2019-12-09,,,,,,,
2019-12-10,,,,,,,
2019-12-11,,,,,,,
2019-12-12,,,,,,,
2019-12-13,,,,,,,
2019-12-16,,,,,,,
2019-12-17,,,,,,,
2019-12-18,,,,,,,
2019-12-19,,,,,,,
2019-12-20,,,,,,,
2019-12-23,,,,,,,
2019-12-24,,,,,,,
2019-12-27,,,,,,,
2019-12-30,,,,,,,
2019-12-31,,,,,,,
2020-01-02,,,,,,,
2020-01-03,,,,,,,
2020-01-06,,,,,,,
2020-01-07,,,,,,,
2020-01-08,,,,,,,
2020-01-09,,,,,,,
2020-01-10,,,,,,,
2020-01-13,,,,,,,
2020-01-14,,,,,,,
2020-01-15,,,,,,,
2020-01-16,,,,,,,
2020-01-17,,,,,,,
2020-01-20,,,,,,,
2020-01-21,,,,,,,
2020-01-22,,,,,,,
2020-01-23,,,,,,,
2020-01-24,,,,,,,
2020-01-27,,,,,,,
2020-01-28,,,,,,,
2020-01-29,,,,,,,
2020-01-30,,,,,,,
2020-01-31,,,,,,,
2020-02-03,,,,,,,
2020-02-04,,,,,,,
2020-02-05,,,,,,,
2020-02-06,,,,,,,
2020-02-07,,,,,,,
2020-02-10,,,,,,,
2020-02-11,,,,,,,
2020-02-12,,,,,,,
2020-02-13,,,,,,,
2020-02-14,,,,,,,
2020-02-17,,,,,,,
2020-02-18,,,,,,,
2020-02-19,,,,,,,
2020-02-20,,,,,,,
2020-02-21,,,,,,,
2020-02-24,,,,,,,
2020-02-25,,,,,,,
2020-02-26,,,,,,,
2020-02-27,,,,,,,
2020-02-28,,,,,,,
2020-03-02,,,,,,,
2020-03-03,,,,,,,
2020-03-04,,,,,,,
2020-03-05,,,,,,,
2020-03-06,,,,,,,
2020-03-09,,,,,,,
2020-03-10,,,,,,,
2020-03-11,,,,,,,
2020-03-12,,,,,,,
2020-03-13,,,,,,,
2020-03-16,,,,,,,
2020-03-17,,,,,,,
2020-03-18,,,,,,,
2020-03-19,,,,,,,
2020-03-20,,,,,,,
2020-03-23,,,,,,,
2020-03-24,,,,,,,
2020-03-25,,,,,,,
2020-03-26,,,,,,,
2020-03-27,,,,,,,
2020-03-30,,,,,,,
2020-03-31,,,,,,,
2020-04-01,,,,,,,
2020-04-02,,,,,,,
2020-04-03,,,,,,,
2020-04-06,,,,,,,
2020-04-07,,,,,,,
2020-04-08,,,,,,,
2020-04-09,,,,,,,
2020-04-14,,,,,,,
2020-04-15,,,,,,,
2020-04-16,,,,,,,
2020-04-17,,,,,,,
2020-04-20,,,,,,,
2020-04-21,,,,,,,
2020-04-22,,,,,,,
2020-04-23,,,,,,,
2020-04-24,,,,,,,
2020-04-27,,,,,,,
2020-04-28,,,,,,,
2020-04-29,,,,,,,
2020-04-30,,,,,,,
2020-05-01,,,,,,,
2020-05-04,,,,,,,
2020-05-05,,,,,,,
2020-05-06,,,,,,,
2020-05-07,,,,,,,
2020-05-08,,,,,,,
2020-05-11,,,,,,,
2020-05-12,,,,,,,
2020-05-13,,,,,,,
2020-05-14,,,,,,,
2020-05-15,,,,,,,
2020-05-18,,,,,,,
2020-05-19,,,,,,,
2020-05-20,,,,,,,
2020-05-21,,,,,,,
2020-05-22,,,,,,,
2020-05-25,,,,,,,
2020-05-26,,,,,,,
2020-05-27,,,,,,,
2020-05-28,,,,,,,
2020-05-29,,,,,,,
2020-06-01,,,,,,,
2020-06-02,,,,,,,
2020-06-03,,,,,,,
2020-06-04,,,,,,,
2020-06-05,,,,,,,
2020-06-08,,,,,,,
2020-06-09,,,,,,,
2020-06-10,,,,,,,
2020-06-11,,,,,,,
2020-06-12,,,,,,,
2020-06-15,,,,,,,
2020-06-16,,,,,,,
2020-06-17,,,,,,,
2020-06-18,,,,,,,
2020-06-19,,,,,,,
2020-06-22,,,,,,,
2020-06-23,,,,,,,
2020-06-24,,,,,,,
2020-06-25,,,,,,,
2020-06-26,,,,,,,
2020-06-29,,,,,,,
2020-06-30,,,,,,,
2020-07-01,,,,,,,
2020-07-02,,,,,,,
2020-07-03,,,,,,,
2020-07-06,,,,,,,
2020-07-07,,,,,,,
2020-07-08,,,,,,,
2020-07-09,,,,,,,
2020-07-10,,,,,,,
2020-07-13,,,,,,,
2020-07-14,,,,,,,
2020-07-15,,,,,,,
2020-07-16,,,,,,,
2020-07-17,,,,,,,
2020-07-20,,,,,,,
2020-07-21,,,,,,,
2020-07-22,,,,,,,
2020-07-23,,,,,,,
2020-07-24,,,,,,,
2020-07-27,,,,,,,
2020-07-28,,,,,,,
2020-07-29,,,,,,,
2020-07-30,,,,,,,
2020-07-31,,,,,,,
2020-08-03,,,,,,,
2020-08-04,,,,,,,
2020-08-05,,,,,,,
2020-08-06,,,,,,,
2020-08-07,,,,,,,
2020-08-10,,,,,,,
2020-08-11,,,,,,,
2020-08-12,,,,,,,
2020-08-13,,,,,,,
2020-08-14,,,,,,,
2020-08-17,,,,,,,
2020-08-18,,,,,,,
2020-08-19,,,,,,,
2020-08-20,,,,,,,
2020-08-21,,,,,,,
2020-08-24,,,,,,,
2020-08-25,,,,,,,
2020-08-26,,,,,,,
2020-08-27,,,,,,,
2020-08-28,,,,,,,
2020-08-31,,,,,,,
2020-09-01,,,,,,,
2020-09-02,,,,,,,
2020-09-03,,,,,,,
2020-09-04,,,,,,,
2020-09-07,,,,,,,
2020-09-08,,,,,,,
2020-09-09,,,,,,,
2020-09-10,,,,,,,
2020-09-11,,,,,,,
2020-09-14,,,,,,,
2020-09-15,,,,,,,
2020-09-16,,,,,,,
2020-09-17,,,,,,,
2020-09-18,,,,,,,
2020-09-21,,,,,,,
2020-09-22,,,,,,,
2020-09-23,,,,,,,
2020-09-24,,,,,,,
2020-09-25,,,,,,,
2020-09-28,,,,,,,
2020-09-29,,,,,,,
2020-09-30,,,,,,,
2020-10-01,,,,,,,
2020-10-02,,,,,,,
2020-10-05,,,,,,,
2020-10-06,,,,,,,
2020-10-07,,,,,,,
2020-10-08,,,,,,,
2020-10-09,,,,,,,
2020-10-12,,,,,,,
2020-10-13,,,,,,,
2020-10-14,,,,,,,
2020-10-15,,,,,,,
2020-10-16,,,,,,,
2020-10-19,,,,,,,
2020-10-20,,,,,,,
2020-10-21,,,,,,,
2020-10-22,,,,,,,
2020-10-23,,,,,,,
2020-10-26,,,,,,,
2020-10-27,,,,,,,
2020-10-28,,,,,,,
2020-10-29,,,,,,,
2020-10-30,,,,,,,
2020-11-02,,,,,,,
2020-11-03,,,,,,,
2020-11-04,,,,,,,
2020-11-05,,,,,,,
2020-11-06,,,,,,,
2020-11-09,,,,,,,
2020-11-10,,,,,,,
2020-11-11,,,,,,,
2020-11-12,,,,,,,
2020-11-13,,,,,,,
2020-11-16,,,,,,,
2020-11-17,,,,,,,
2020-11-18,,,,,,,
2020-11-19,,,,,,,
2020-11-20,,,,,,,
2020-11-23,,,,,,,
2020-11-24,,,,,,,
2020-11-25,,,,,,,
2020-11-26,,,,,,,
2020-11-27,,,,,,,
2020-11-30,,,,,,,
2020-12-01,,,,,,,
2020-12-02,,,,,,,
2020-12-03,,,,,,,
2020-12-04,,,,,,,
2020-12-07,,,,,,,
2020-12-08,,,,,,,
2020-12-09,,,,,,,
2020-12-10,,,,,,,
2020-12-11,,,,,,,
2020-12-14,,,,,,,
2020-12-15,,,,,,,
2020-12-16,,,,,,,
2020-12-17,,,,,,,
2020-12-18,,,,,,,
2020-12-21,,,,,,,
2020-12-22,,,,,,,
2020-12-23,,,,,,,
2020-12-24,,,,,,,
2020-12-28,,,,,,,
2020-12-29,,,,,,,
2020-12-30,,,,,,,
2020-12-31,,,,,,,
2021-01-04,,,,,,,
2021-01-05,,,,,,,
2021-01-06,,,,,,,
2021-01-07,,,,,,,
2021-01-08,,,,,,,
2021-01-11,,,,,,,
2021-01-12,,,,,,,
2021-01-13,,,,,,,
2021-01-14,,,,,,,
2021-01-15,,,,,,,
2021-01-18,,,,,,,
2021-01-19,,,,,,,
2021-01-20,,,,,,,
2021-01-21,,,,,,,
2021-01-22,,,,,,,
2021-01-25,,,,,,,
2021-01-26,,,,,,,
2021-01-27,,,,,,,
2021-01-28,,,,,,,
2021-01-29,,,,,,,
2021-02-01,,,,,,,
2021-02-02,,,,,,,
2021-02-03,,,,,,,
2021-02-04,,,,,,,
2021-02-05,,,,,,,
2021-02-08,,,,,,,
2021-02-09,,,,,,,
2021-02-10,,,,,,,
2021-02-11,,,,,,,
2021-02-12,,,,,,,
2021-02-15,,,,,,,
2021-02-16,,,,,,,
2021-02-17,,,,,,,
2021-02-18,,,,,,,
2021-02-19,,,,,,,
2021-02-22,,,,,,,
2021-02-23,,,,,,,
2021-02-24,,,,,,,
2021-02-25,,,,,,,
2021-02-26,,,,,,,
2021-03-01,,,,,,,
2021-03-02,,,,,,,
2021-03-03,,,,,,,
2021-03-04,,,,,,,
2021-03-05,,,,,,,
2021-03-08,,,,,,,
2021-03-09,,,,,,,
2021-03-10,,,,,,,
2021-03-11,,,,,,,
2021-03-12,,,,,,,
2021-03-15,,,,,,,
2021-03-16,,,,,,,
2021-03-17,,,,,,,
2021-03-18,,,,,,,
2021-03-19,,,,,,,
2021-03-22,,,,,,,
2021-03-23,,,,,,,
2021-03-24,,,,,,,
2021-03-25,,,,,,,
2021-03-26,,,,,,,
2021-03-29,,,,,,,
2021-03-30,,,,,,,
2021-03-31,,,,,,,
2021-04-01,,,,,,,
2021-04-06,,,,,,,
2021-04-07,,,,,,,
2021-04-08,,,,,,,
2021-04-09,,,,,,,
2021-04-12,,,,,,,
2021-04-13,,,,,,,
2021-04-14,,,,,,,
2021-04-15,,,,,,,
2021-04-16,,,,,,,
2021-04-19,,,,,,,
2021-04-20,,,,,,,
2021-04-21,,,,,,,
2021-04-22,,,,,,,
2021-04-23,,,,,,,
2021-04-26,,,,,,,
2021-04-27,,,,,,,
2021-04-28,,,,,,,
2021-04-29,,,,,,,
2021-04-30,,,,,,,
2021-05-03,,,,,,,
2021-05-04,,,,,,,
2021-05-05,,,,,,,
2021-05-06,,,,,,,
2021-05-07,,,,,,,
2021-05-10,,,,,,,
2021-05-11,,,,,,,
2021-05-12,,,,,,,
2021-05-13,,,,,,,
2021-05-14,,,,,,,
2021-05-17,,,,,,,
2021-05-18,,,,,,,
2021-05-19,,,,,,,
2021-05-20,,,,,,,
2021-05-21,,,,,,,
2021-05-24,,,,,,,
2021-05-25,,,,,,,
2021-05-26,,,,,,,
2021-05-27,,,,,,,
2021-05-28,,,,,,,
2021-05-31,,,,,,,
2021-06-01,,,,,,,
2021-06-02,,,,,,,
2021-06-03,,,,,,,
2021-06-04,,,,,,,
2021-06-07,,,,,,,
2021-06-08,,,,,,,
2021-06-09,,,,,,,
2021-06-10,,,,,,,
2021-06-11,,,,,,,
2021-06-14,,,,,,,
2021-06-15,,,,,,,
2021-06-16,,,,,,,
2021-06-17,,,,,,,
2021-06-18,,,,,,,
2021-06-21,,,,,,,
2021-06-22,,,,,,,
2021-06-23,,,,,,,
2021-06-24,,,,,,,
2021-06-25,,,,,,,
2021-06-28,,,,,,,
2021-06-29,,,,,,,
2021-06-30,,,,,,,
2021-07-01,,,,,,,
2021-07-02,,,,,,,
2021-07-05,,,,,,,
2021-07-06,,,,,,,
2021-07-07,,,,,,,
2021-07-08,,,,,,,
2021-07-09,,,,,,,
2021-07-12,,,,,,,
2021-07-13,,,,,,,
2021-07-14,,,,,,,
2021-07-15,,,,,,,
2021-07-16,,,,,,,
2021-07-19,,,,,,,
2021-07-20,,,,,,,
2021-07-21,,,,,,,
2021-07-22,,,,,,,
2021-07-23,,,,,,,
2021-07-26,,,,,,,
2021-07-27,,,,,,,
2021-07-28,,,,,,,
2021-07-29,,,,,,,
2021-07-30,,,,,,,
2021-08-02,,,,,,,
2021-08-03,,,,,,,
2021-08-04,,,,,,,
2021-08-05,,,,,,,
2021-08-06,,,,,,,
2021-08-09,,,,,,,
2021-08-10,,,,,,,
2021-08-11,,,,,,,
2021-08-12,,,,,,,
2021-08-13,,,,,,,
2021-08-16,,,,,,,
2021-08-17,,,,,,,
2021-08-18,,,,,,,
2021-08-19,,,,,,,
2021-08-20,,,,,,,
2021-08-23,,,,,,,
2021-08-24,,,,,,,
2021-08-25,,,,,,,
2021-08-26,,,,,,,
2021-08-27,,,,,,,
2021-08-30,,,,,,,
2021-08-31,,,,,,,
2021-09-01,,,,,,,
2021-09-02,,,,,,,
2021-09-03,,,,,,,
2021-09-06,,,,,,,
2021-09-07,,,,,,,
2021-09-08,,,,,,,
2021-09-09,,,,,,,
2021-09-10,,,,,,,
2021-09-13,,,,,,,
2021-09-14,,,,,,,
2021-09-15,,,,,,,
2021-09-16,,,,,,,
2021-09-17,,,,,,,
2021-09-20,,,,,,,
2021-09-21,,,,,,,
2021-09-22,,,,,,,
2021-09-23,,,,,,,
2021-09-24,,,,,,,
2021-09-27,,,,,,,
2021-09-28,,,,,,,
2021-09-29,,,,,,,
2021-09-30,,,,,,,
2021-10-01,,,,,,,
2021-10-04,,,,,,,
2021-10-05,,,,,,,
2021-10-06,,,,,,,
2021-10-07,,,,,,,
2021-10-08,,,,,,,
2021-10-11,,,,,,,
2021-10-12,,,,,,,
2021-10-13,,,,,,,
2021-10-14,,,,,,,
2021-10-15,,,,,,,
2021-10-18,,,,,,,
2021-10-19,,,,,,,
2021-10-20,,,,,,,
2021-10-21,,,,,,,
2021-10-22,,,,,,,
2021-10-25,,,,,,,
2021-10-26,,,,,,,
2021-10-27,,,,,,,
2021-10-28,,,,,,,
2021-10-29,,,,,,,
2021-11-01,,,,,,,
2021-11-02,,,,,,,
2021-11-03,,,,,,,
2021-11-04,,,,,,,
2021-11-05,,,,,,,
2021-11-08,,,,,,,
2021-11-09,,,,,,,
2021-11-10,,,,,,,
2021-11-11,,,,,,,
2021-11-12,,,,,,,
2021-11-15,,,,,,,
2021-11-16,,,,,,,
2021-11-17,,,,,,,
2021-11-18,,,,,,,
2021-11-19,,,,,,,
2021-11-22,,,,,,,
2021-11-23,,,,,,,
2021-11-24,,,,,,,
2021-11-25,,,,,,,
2021-11-26,,,,,,,
2021-11-29,,,,,,,
2021-11-30,,,,,,,
2021-12-01,,,,,,,
2021-12-02,,,,,,,
2021-12-03,,,,,,,
2021-12-06,,,,,,,
2021-12-07,,,,,,,
2021-12-08,,,,,,,
2021-12-09,,,,,,,
2021-12-10,,,,,,,
2021-12-13,,,,,,,
2021-12-14,,,,,,,
2021-12-15,,,,,,,
2021-12-16,,,,,,,
2021-12-17,,,,,,,
2021-12-20,,,,,,,
2021-12-21,,,,,,,
2021-12-22,,,,,,,
2021-12-23,,,,,,,
2021-12-24,,,,,,,
2021-12-27,,,,,,,
2021-12-28,,,,,,,
2021-12-29,,,,,,,
2021-12-30,,,,,,,
2021-12-31,,,,,,,
2022-01-03,,,,,,,
2022-01-04,,,,,,,
2022-01-05,,,,,,,
2022-01-06,,,,,,,
2022-01-07,,,,,,,
2022-01-10,,,,,,,
2022-01-11,,,,,,,
2022-01-12,,,,,,,
2022-01-13,,,,,,,
2022-01-14,,,,,,,
2022-01-17,,,,,,,
2022-01-18,,,,,,,
2022-01-19,,,,,,,
2022-01-20,,,,,,,
2022-01-21,,,,,,,
2022-01-24,,,,,,,
2022-01-25,,,,,,,
2022-01-26,,,,,,,
2022-01-27,,,,,,,
2022-01-28,,,,,,,
2022-01-31,,,,,,,
2022-02-01,,,,,,,
2022-02-02,,,,,,,
2022-02-03,,,,,,,
2022-02-04,,,,,,,
2022-02-07,,,,,,,
2022-02-08,,,,,,,
2022-02-09,,,,,,,
2022-02-10,,,,,,,
2022-02-11,,,,,,,
2022-02-14,,,,,,,
2022-02-15,,,,,,,
2022-02-16,,,,,,,
2022-02-17,,,,,,,
2022-02-18,,,,,,,
2022-02-21,,,,,,,
2022-02-22,,,,,,,
2022-02-23,,,,,,,
2022-02-24,,,,,,,
2022-02-25,,,,,,,
2022-02-28,,,,,,,
2022-03-01,,,,,,,
2022-03-02,,,,,,,
2022-03-03,,,,,,,
2022-03-04,,,,,,,
2022-03-07,,,,,,,
2022-03-08,,,,,,,
2022-03-09,,,,,,,
2022-03-10,,,,,,,
2022-03-11,,,,,,,
2022-03-14,,,,,,,
2022-03-15,,,,,,,
2022-03-16,,,,,,,
2022-03-17,,,,,,,
2022-03-18,,,,,,,
2022-03-21,,,,,,,
2022-03-22,,,,,,,
2022-03-23,,,,,,,
2022-03-24,,,,,,,
2022-03-25,,,,,,,
2022-03-28,,,,,,,
2022-03-29,,,,,,,
2022-03-30,,,,,,,
2022-03-31,,,,,,,
2022-04-01,,,,,,,
2022-04-04,,,,,,,
2022-04-05,,,,,,,
2022-04-06,,,,,,,
2022-04-07,,,,,,,
2022-04-08,,,,,,,
2022-04-11,,,,,,,
2022-04-12,,,,,,,
2022-04-13,,,,,,,
2022-04-14,,,,,,,
2022-04-19,,,,,,,
2022-04-20,,,,,,,
2022-04-21,,,,,,,
2022-04-22,,,,,,,
2022-04-25,,,,,,,
2022-04-26,,,,,,,
2022-04-27,,,,,,,
2022-04-28,,,,,,,
2022-04-29,,,,,,,
2022-05-02,,,,,,,
2022-05-03,,,,,,,
2022-05-04,,,,,,,
2022-05-05,,,,,,,
2022-05-06,,,,,,,
2022-05-09,,,,,,,
2022-05-10,,,,,,,
2022-05-11,,,,,,,
2022-05-12,,,,,,,
2022-05-13,,,,,,,
2022-05-16,,,,,,,
2022-05-17,,,,,,,
2022-05-18,,,,,,,
2022-05-19,,,,,,,
2022-05-20,,,,,,,
2022-05-23,,,,,,,
2022-05-24,,,,,,,
2022-05-25,,,,,,,
2022-05-26,,,,,,,
2022-05-27,,,,,,,
2022-05-30,,,,,,,
2022-05-31,,,,,,,
2022-06-01,,,,,,,
2022-06-02,,,,,,,
2022-06-03,,,,,,,
2022-06-06,,,,,,,
2022-06-07,,,,,,,
2022-06-08,,,,,,,
2022-06-09,,,,,,,
2022-06-10,,,,,,,
2022-06-13,,,,,,,
2022-06-14,,,,,,,
2022-06-15,,,,,,,
2022-06-16,,,,,,,
2022-06-17,,,,,,,
2022-06-20,,,,,,,
2022-06-21,,,,,,,
2022-06-22,,,,,,,
2022-06-23,,,,,,,
2022-06-24,,,,,,,
2022-06-27,,,,,,,
2022-06-28,,,,,,,
2022-06-29,,,,,,,
2022-06-30,,,,,,,
2022-07-01,,,,,,,
2022-07-04,,,,,,,
2022-07-05,,,,,,,
2022-07-06,,,,,,,
2022-07-07,,,,,,,
2022-07-08,,,,,,,
2022-07-11,,,,,,,
2022-07-12,,,,,,,
2022-07-13,,,,,,,
2022-07-14,,,,,,,
2022-07-15,,,,,,,
2022-07-18,,,,,,,
2022-07-19,,,,,,,
2022-07-20,,,,,,,
2022-07-21,,,,,,,
2022-07-22,,,,,,,
2022-07-25,,,,,,,
2022-07-26,,,,,,,
2022-07-27,,,,,,,
2022-07-28,,,,,,,
2022-07-29,,,,,,,
2022-08-01,,,,,,,
2022-08-02,,,,,,,
2022-08-03,,,,,,,
2022-08-04,,,,,,,
2022-08-05,,,,,,,
2022-08-08,,,,,,,
2022-08-09,,,,,,,
2022-08-10,,,,,,,
2022-08-11,,,,,,,
2022-08-12,,,,,,,
2022-08-15,,,,,,,
2022-08-16,,,,,,,
2022-08-17,,,,,,,
2022-08-18,,,,,,,
2022-08-19,,,,,,,
2022-08-22,,,,,,,
2022-08-23,,,,,,,
2022-08-24,,,,,,,
2022-08-25,,,,,,,
2022-08-26,,,,,,,
2022-08-29,,,,,,,
2022-08-30,,,,,,,
2022-08-31,,,,,,,
2022-09-01,,,,,,,
2022-09-02,,,,,,,
2022-09-05,,,,,,,
2022-09-06,,,,,,,
2022-09-07,,,,,,,
2022-09-08,,,,,,,
2022-09-09,,,,,,,
2022-09-12,,,,,,,
2022-09-13,,,,,,,
2022-09-14,,,,,,,
2022-09-15,,,,,,,
2022-09-16,,,,,,,
2022-09-19,,,,,,,
2022-09-20,,,,,,,
2022-09-21,,,,,,,
2022-09-22,,,,,,,
2022-09-23,,,,,,,
2022-09-26,,,,,,,
2022-09-27,,,,,,,
2022-09-28,,,,,,,
2022-09-29,,,,,,,
2022-09-30,,,,,,,
2022-10-03,,,,,,,
2022-10-04,,,,,,,
2022-10-05,,,,,,,
2022-10-06,,,,,,,
2022-10-07,,,,,,,
2022-10-10,,,,,,,
2022-10-11,,,,,,,
2022-10-12,,,,,,,
2022-10-13,,,,,,,
2022-10-14,,,,,,,
2022-10-17,,,,,,,
2022-10-18,,,,,,,
2022-10-19,,,,,,,
2022-10-20,,,,,,,
2022-10-21,,,,,,,
2022-10-24,,,,,,,
2022-10-25,,,,,,,
2022-10-26,,,,,,,
2022-10-27,,,,,,,
2022-10-28,,,,,,,
2022-10-31,,,,,,,
2022-11-01,,,,,,,
2022-11-02,,,,,,,
2022-11-03,,,,,,,
2022-11-04,,,,,,,
2022-11-07,,,,,,,
2022-11-08,,,,,,,
2022-11-09,,,,,,,
2022-11-10,,,,,,,
2022-11-11,,,,,,,
2022-11-14,,,,,,,
2022-11-15,,,,,,,
2022-11-16,,,,,,,
2022-11-17,,,,,,,
2022-11-18,,,,,,,
2022-11-21,,,,,,,
2022-11-22,,,,,,,
2022-11-23,,,,,,,
2022-11-24,,,,,,,
2022-11-25,,,,,,,
2022-11-28,,,,,,,
2022-11-29,,,,,,,
2022-11-30,,,,,,,
2022-12-01,,,,,,,
2022-12-02,,,,,,,
2022-12-05,,,,,,,
2022-12-06,,,,,,,
2022-12-07,,,,,,,
2022-12-08,,,,,,,
2022-12-09,,,,,,,
2022-12-12,,,,,,,
2022-12-13,,,,,,,
2022-12-14,,,,,,,
2022-12-15,,,,,,,
2022-12-16,,,,,,,
2022-12-19,,,,,,,
2022-12-20,,,,,,,
2022-12-21,,,,,,,
2022-12-22,,,,,,,
2022-12-23,,,,,,,
2022-12-27,,,,,,,
2022-12-28,,,,,,,
2022-12-29,,,,,,,
2022-12-30,,,,,,,
2023-01-02,,,,,,,
2023-01-03,,,,,,,
2023-01-04,,,,,,,
2023-01-05,,,,,,,
2023-01-06,,,,,,,
2023-01-09,,,,,,,
2023-01-10,,,,,,,
2023-01-11,,,,,,,
2023-01-12,,,,,,,
2023-01-13,,,,,,,
2023-01-16,,,,,,,
2023-01-17,,,,,,,
2023-01-18,,,,,,,
2023-01-19,,,,,,,
2023-01-20,,,,,,,
2023-01-23,,,,,,,
2023-01-24,,,,,,,
2023-01-25,,,,,,,
2023-01-26,,,,,,,
2023-01-27,,,,,,,
2023-01-30,,,,,,,
2023-01-31,,,,,,,
2023-02-01,,,,,,,
2023-02-02,,,,,,,
2023-02-03,,,,,,,
2023-02-06,,,,,,,
2023-02-07,,,,,,,
2023-02-08,,,,,,,
2023-02-09,,,,,,,
2023-02-10,,,,,,,
2023-02-13,,,,,,,
2023-02-14,,,,,,,
2023-02-15,,,,,,,
2023-02-16,,,,,,,
2023-02-17,,,,,,,
2023-02-20,,,,,,,
2023-02-21,,,,,,,
2023-02-22,,,,,,,
2023-02-23,,,,,,,
2023-02-24,,,,,,,
2023-02-27,,,,,,,
2023-02-28,,,,,,,
2023-03-01,,,,,,,
2023-03-02,,,,,,,
2023-03-03,,,,,,,
2023-03-06,,,,,,,
2023-03-07,,,,,,,
2023-03-08,,,,,,,
2023-03-09,,,,,,,
2023-03-10,,,,,,,
2023-03-13,,,,,,,
2023-03-14,,,,,,,
2023-03-15,,,,,,,
2023-03-16,,,,,,,
2023-03-17,,,,,,,
2023-03-20,,,,,,,
2023-03-21,,,,,,,
2023-03-22,,,,,,,
2023-03-23,,,,,,,
2023-03-24,,,,,,,
2023-03-27,,,,,,,
2023-03-28,,,,,,,
2023-03-29,,,,,,,
2023-03-30,,,,,,,
2023-03-31,,,,,,,
2023-04-03,,,,,,,
2023-04-04,,,,,,,
2023-04-05,,,,,,,
2023-04-06,,,,,,,
2023-04-11,,,,,,,
2023-04-12,,,,,,,
2023-04-13,,,,,,,
2023-04-14,,,,,,,
2023-04-17,,,,,,,
2023-04-18,,,,,,,
2023-04-19,,,,,,,
2023-04-20,,,,,,,
2023-04-21,,,,,,,
2023-04-24,,,,,,,
2023-04-25,,,,,,,
2023-04-26,,,,,,,
2023-04-27,,,,,,,
2023-04-28,,,,,,,
2023-05-02,,,,,,,
2023-05-03,,,,,,,
2023-05-04,,,,,,,
2023-05-05,,,,,,,
2023-05-08,,,,,,,
2023-05-09,,,,,,,
2023-05-10,,,,,,,
2023-05-11,,,,,,,
2023-05-12,,,,,,,
2023-05-15,,,,,,,
2023-05-16,,,,,,,
2023-05-17,,,,,,,
2023-05-18,,,,,,,
2023-05-19,,,,,,,
2023-05-22,,,,,,,
2023-05-23,,,,,,,
2023-05-24,,,,,,,
2023-05-25,,,,,,,
2023-05-26,,,,,,,
2023-05-29,,,,,,,
2023-05-30,,,,,,,
2023-05-31,,,,,,,
2023-06-01,,,,,,,
2023-06-02,,,,,,,
2023-06-05,,,,,,,
2023-06-06,,,,,,,
2023-06-07,,,,,,,
2023-06-08,,,,,,,
2023-06-09,,,,,,,
2023-06-12,,,,,,,
2023-06-13,,,,,,,
2023-06-14,,,,,,,
2023-06-15,,,,,,,
2023-06-16,,,,,,,
2023-06-19,,,,,,,
2023-06-20,,,,,,,
2023-06-21,,,,,,,
2023-06-22,,,,,,,
2023-06-23,,,,,,,
2023-06-26,,,,,,,
2023-06-27,,,,,,,
2023-06-28,,,,,,,
2023-06-29,,,,,,,
2023-06-30,,,,,,,
2023-07-03,,,,,,,
2023-07-04,,,,,,,
2023-07-05,,,,,,,
2023-07-06,,,,,,,
2023-07-07,,,,,,,
2023-07-10,,,,,,,
2023-07-11,,,,,,,
2023-07-12,,,,,,,
2023-07-13,,,,,,,
2023-07-14,,,,,,,
2023-07-17,,,,,,,
2023-07-18,,,,,,,
2023-07-19,,,,,,,
2023-07-20,,,,,,,
2023-07-21,,,,,,,
