Date,HIGH,LOW,CLOSE,OPEN,COUNT,VOLUME,SHROUT
1983-01-04,,,,,,,
1983-01-05,,,,,,,
1983-01-06,,,,,,,
1983-01-07,,,,,,,
1983-01-10,,,,,,,
1983-01-11,,,,,,,
1983-01-12,,,,,,,
1983-01-13,,,,,,,
1983-01-14,,,,,,,
1983-01-17,,,,,,,
1983-01-18,,,,,,,
1983-01-19,,,,,,,
1983-01-20,,,,,,,
1983-01-21,,,,,,,
1983-01-24,,,,,,,
1983-01-25,,,,,,,
1983-01-26,,,,,,,
1983-01-27,,,,,,,
1983-01-28,,,,,,,
1983-01-31,,,,,,,
1983-02-01,,,,,,,
1983-02-02,,,,,,,
1983-02-03,,,,,,,
1983-02-04,,,,,,,
1983-02-07,,,,,,,
1983-02-08,,,,,,,
1983-02-09,,,,,,,
1983-02-10,,,,,,,
1983-02-11,,,,,,,
1983-02-14,,,,,,,
1983-02-15,,,,,,,
1983-02-16,,,,,,,
1983-02-17,,,,,,,
1983-02-18,,,,,,,
1983-02-21,,,,,,,
1983-02-22,,,,,,,
1983-02-23,,,,,,,
1983-02-24,,,,,,,
1983-02-25,,,,,,,
1983-02-28,,,,,,,
1983-03-01,,,,,,,
1983-03-02,,,,,,,
1983-03-03,,,,,,,
1983-03-04,,,,,,,
1983-03-07,,,,,,,
1983-03-08,,,,,,,
1983-03-09,,,,,,,
1983-03-10,,,,,,,
1983-03-11,,,,,,,
1983-03-14,,,,,,,
1983-03-15,,,,,,,
1983-03-16,,,,,,,
1983-03-17,,,,,,,
1983-03-18,,,,,,,
1983-03-21,,,,,,,
1983-03-22,,,,,,,
1983-03-23,,,,,,,
1983-03-24,,,,,,,
1983-03-25,,,,,,,
1983-03-28,,,,,,,
1983-03-29,,,,,,,
1983-03-30,,,,,,,
1983-03-31,,,,,,,
1983-04-01,,,,,,,
1983-04-04,,,,,,,
1983-04-05,,,,,,,
1983-04-06,,,,,,,
1983-04-07,,,,,,,
1983-04-08,,,,,,,
1983-04-11,,,,,,,
1983-04-12,,,,,,,
1983-04-13,,,,,,,
1983-04-14,,,,,,,
1983-04-15,,,,,,,
1983-04-18,,,,,,,
1983-04-19,,,,,,,
1983-04-20,,,,,,,
1983-04-21,,,,,,,
1983-04-22,,,,,,,
1983-04-25,,,,,,,
1983-04-26,,,,,,,
1983-04-27,,,,,,,
1983-04-28,,,,,,,
1983-04-29,,,,,,,
1983-05-02,,,,,,,
1983-05-03,,,,,,,
1983-05-04,,,,,,,
1983-05-05,,,,,,,
1983-05-06,,,,,,,
1983-05-09,,,,,,,
1983-05-10,,,,,,,
1983-05-11,,,,,,,
1983-05-12,,,,,,,
1983-05-13,,,,,,,
1983-05-16,,,,,,,
1983-05-17,,,,,,,
1983-05-18,,,,,,,
1983-05-19,,,,,,,
1983-05-20,,,,,,,
1983-05-23,,,,,,,
1983-05-24,,,,,,,
1983-05-25,,,,,,,
1983-05-26,,,,,,,
1983-05-27,,,,,,,
1983-05-30,,,,,,,
1983-05-31,,,,,,,
1983-06-01,,,,,,,
1983-06-02,,,,,,,
1983-06-03,,,,,,,
1983-06-06,,,,,,,
1983-06-07,,,,,,,
1983-06-08,,,,,,,
1983-06-09,,,,,,,
1983-06-10,,,,,,,
1983-06-13,,,,,,,
1983-06-14,,,,,,,
1983-06-15,,,,,,,
1983-06-16,,,,,,,
1983-06-17,,,,,,,
1983-06-20,,,,,,,
1983-06-21,,,,,,,
1983-06-22,,,,,,,
1983-06-23,,,,,,,
1983-06-24,,,,,,,
1983-06-27,,,,,,,
1983-06-28,,,,,,,
1983-06-29,,,,,,,
1983-06-30,,,,,,,
1983-07-01,,,,,,,
1983-07-04,,,,,,,
1983-07-05,,,,,,,
1983-07-06,,,,,,,
1983-07-07,,,,,,,
1983-07-08,,,,,,,
1983-07-11,,,,,,,
1983-07-12,,,,,,,
1983-07-13,,,,,,,
1983-07-14,,,,,,,
1983-07-15,,,,,,,
1983-07-18,,,,,,,
1983-07-19,,,,,,,
1983-07-20,,,,,,,
1983-07-21,,,,,,,
1983-07-22,,,,,,,
1983-07-25,,,,,,,
1983-07-26,,,,,,,
1983-07-27,,,,,,,
1983-07-28,,,,,,,
1983-07-29,,,,,,,
1983-08-01,,,,,,,
1983-08-02,,,,,,,
1983-08-03,,,,,,,
1983-08-04,,,,,,,
1983-08-05,,,,,,,
1983-08-08,,,,,,,
1983-08-09,,,,,,,
1983-08-10,,,,,,,
1983-08-11,,,,,,,
1983-08-12,,,,,,,
1983-08-15,,,,,,,
1983-08-16,,,,,,,
1983-08-17,,,,,,,
1983-08-18,,,,,,,
1983-08-19,,,,,,,
1983-08-22,,,,,,,
1983-08-23,,,,,,,
1983-08-24,,,,,,,
1983-08-25,,,,,,,
1983-08-26,,,,,,,
1983-08-29,,,,,,,
1983-08-30,,,,,,,
1983-08-31,,,,,,,
1983-09-01,,,,,,,
1983-09-02,,,,,,,
1983-09-05,,,,,,,
1983-09-06,,,,,,,
1983-09-07,,,,,,,
1983-09-08,,,,,,,
1983-09-09,,,,,,,
1983-09-12,,,,,,,
1983-09-13,,,,,,,
1983-09-14,,,,,,,
1983-09-15,,,,,,,
1983-09-16,,,,,,,
1983-09-19,,,,,,,
1983-09-20,,,,,,,
1983-09-21,,,,,,,
1983-09-22,,,,,,,
1983-09-23,,,,,,,
1983-09-26,,,,,,,
1983-09-27,,,,,,,
1983-09-28,,,,,,,
1983-09-29,,,,,,,
1983-09-30,,,,,,,
1983-10-03,,,,,,,
1983-10-04,,,,,,,
1983-10-05,,,,,,,
1983-10-06,,,,,,,
1983-10-07,,,,,,,
1983-10-10,,,,,,,
1983-10-11,,,,,,,
1983-10-12,,,,,,,
1983-10-13,,,,,,,
1983-10-14,,,,,,,
1983-10-17,,,,,,,
1983-10-18,,,,,,,
1983-10-19,,,,,,,
1983-10-20,,,,,,,
1983-10-21,,,,,,,
1983-10-24,,,,,,,
1983-10-25,,,,,,,
1983-10-26,,,,,,,
1983-10-27,,,,,,,
1983-10-28,,,,,,,
1983-10-31,,,,,,,
1983-11-01,,,,,,,
1983-11-02,,,,,,,
1983-11-03,,,,,,,
1983-11-04,,,,,,,
1983-11-07,,,,,,,
1983-11-08,,,,,,,
1983-11-09,,,,,,,
1983-11-10,,,,,,,
1983-11-11,,,,,,,
1983-11-14,,,,,,,
1983-11-15,,,,,,,
1983-11-16,,,,,,,
1983-11-17,,,,,,,
1983-11-18,,,,,,,
1983-11-21,,,,,,,
1983-11-22,,,,,,,
1983-11-23,,,,,,,
1983-11-24,,,,,,,
1983-11-25,,,,,,,
1983-11-28,,,,,,,
1983-11-29,,,,,,,
1983-11-30,,,,,,,
1983-12-01,,,,,,,
1983-12-02,,,,,,,
1983-12-05,,,,,,,
1983-12-06,,,,,,,
1983-12-07,,,,,,,
1983-12-08,,,,,,,
1983-12-09,,,,,,,
1983-12-12,,,,,,,
1983-12-13,,,,,,,
1983-12-14,,,,,,,
1983-12-15,,,,,,,
1983-12-16,,,,,,,
1983-12-19,,,,,,,
1983-12-20,,,,,,,
1983-12-21,,,,,,,
1983-12-22,,,,,,,
1983-12-23,,,,,,,
1983-12-26,,,,,,,
1983-12-27,,,,,,,
1983-12-28,,,,,,,
1983-12-29,,,,,,,
1983-12-30,,,,,,,
1984-01-02,,,,,,,
1984-01-03,,,,,,,
1984-01-04,,,,,,,
1984-01-05,,,,,,,
1984-01-06,,,,,,,
1984-01-09,,,,,,,
1984-01-10,,,,,,,
1984-01-11,,,,,,,
1984-01-12,,,,,,,
1984-01-13,,,,,,,
1984-01-16,,,,,,,
1984-01-17,,,,,,,
1984-01-18,,,,,,,
1984-01-19,,,,,,,
1984-01-20,,,,,,,
1984-01-23,,,,,,,
1984-01-24,,,,,,,
1984-01-25,,,,,,,
1984-01-26,,,,,,,
1984-01-27,,,,,,,
1984-01-30,,,,,,,
1984-01-31,,,,,,,
1984-02-01,,,,,,,
1984-02-02,,,,,,,
1984-02-03,,,,,,,
1984-02-06,,,,,,,
1984-02-07,,,,,,,
1984-02-08,,,,,,,
1984-02-09,,,,,,,
1984-02-10,,,,,,,
1984-02-13,,,,,,,
1984-02-14,,,,,,,
1984-02-15,,,,,,,
1984-02-16,,,,,,,
1984-02-17,,,,,,,
1984-02-20,,,,,,,
1984-02-21,,,,,,,
1984-02-22,,,,,,,
1984-02-23,,,,,,,
1984-02-24,,,,,,,
1984-02-27,,,,,,,
1984-02-28,,,,,,,
1984-02-29,,,,,,,
1984-03-01,,,,,,,
1984-03-02,,,,,,,
1984-03-05,,,,,,,
1984-03-06,,,,,,,
1984-03-07,,,,,,,
1984-03-08,,,,,,,
1984-03-09,,,,,,,
1984-03-12,,,,,,,
1984-03-13,,,,,,,
1984-03-14,,,,,,,
1984-03-15,,,,,,,
1984-03-16,,,,,,,
1984-03-19,,,,,,,
1984-03-20,,,,,,,
1984-03-21,,,,,,,
1984-03-22,,,,,,,
1984-03-23,,,,,,,
1984-03-26,,,,,,,
1984-03-27,,,,,,,
1984-03-28,,,,,,,
1984-03-29,,,,,,,
1984-03-30,,,,,,,
1984-04-02,,,,,,,
1984-04-03,,,,,,,
1984-04-04,,,,,,,
1984-04-05,,,,,,,
1984-04-06,,,,,,,
1984-04-09,,,,,,,
1984-04-10,,,,,,,
1984-04-11,,,,,,,
1984-04-12,,,,,,,
1984-04-13,,,,,,,
1984-04-16,,,,,,,
1984-04-17,,,,,,,
1984-04-18,,,,,,,
1984-04-19,,,,,,,
1984-04-20,,,,,,,
1984-04-23,,,,,,,
1984-04-24,,,,,,,
1984-04-25,,,,,,,
1984-04-26,,,,,,,
1984-04-27,,,,,,,
1984-04-30,,,,,,,
1984-05-01,,,,,,,
1984-05-02,,,,,,,
1984-05-03,,,,,,,
1984-05-04,,,,,,,
1984-05-07,,,,,,,
1984-05-08,,,,,,,
1984-05-09,,,,,,,
1984-05-10,,,,,,,
1984-05-11,,,,,,,
1984-05-14,,,,,,,
1984-05-15,,,,,,,
1984-05-16,,,,,,,
1984-05-17,,,,,,,
1984-05-18,,,,,,,
1984-05-21,,,,,,,
1984-05-22,,,,,,,
1984-05-23,,,,,,,
1984-05-24,,,,,,,
1984-05-25,,,,,,,
1984-05-28,,,,,,,
1984-05-29,,,,,,,
1984-05-30,,,,,,,
1984-05-31,,,,,,,
1984-06-01,,,,,,,
1984-06-04,,,,,,,
1984-06-05,,,,,,,
1984-06-06,,,,,,,
1984-06-07,,,,,,,
1984-06-08,,,,,,,
1984-06-11,,,,,,,
1984-06-12,,,,,,,
1984-06-13,,,,,,,
1984-06-14,,,,,,,
1984-06-15,,,,,,,
1984-06-18,,,,,,,
1984-06-19,,,,,,,
1984-06-20,,,,,,,
1984-06-21,,,,,,,
1984-06-22,,,,,,,
1984-06-25,,,,,,,
1984-06-26,,,,,,,
1984-06-27,,,,,,,
1984-06-28,,,,,,,
1984-06-29,,,,,,,
1984-07-02,,,,,,,
1984-07-03,,,,,,,
1984-07-04,,,,,,,
1984-07-05,,,,,,,
1984-07-06,,,,,,,
1984-07-09,,,,,,,
1984-07-10,,,,,,,
1984-07-11,,,,,,,
1984-07-12,,,,,,,
1984-07-13,,,,,,,
1984-07-16,,,,,,,
1984-07-17,,,,,,,
1984-07-18,,,,,,,
1984-07-19,,,,,,,
1984-07-20,,,,,,,
1984-07-23,,,,,,,
1984-07-24,,,,,,,
1984-07-25,,,,,,,
1984-07-26,,,,,,,
1984-07-27,,,,,,,
1984-07-30,,,,,,,
1984-07-31,,,,,,,
1984-08-01,,,,,,,
1984-08-02,,,,,,,
1984-08-03,,,,,,,
1984-08-06,,,,,,,
1984-08-07,,,,,,,
1984-08-08,,,,,,,
1984-08-09,,,,,,,
1984-08-10,,,,,,,
1984-08-13,,,,,,,
1984-08-14,,,,,,,
1984-08-15,,,,,,,
1984-08-16,,,,,,,
1984-08-17,,,,,,,
1984-08-20,,,,,,,
1984-08-21,,,,,,,
1984-08-22,,,,,,,
1984-08-23,,,,,,,
1984-08-24,,,,,,,
1984-08-27,,,,,,,
1984-08-28,,,,,,,
1984-08-29,,,,,,,
1984-08-30,,,,,,,
1984-08-31,,,,,,,
1984-09-03,,,,,,,
1984-09-04,,,,,,,
1984-09-05,,,,,,,
1984-09-06,,,,,,,
1984-09-07,,,,,,,
1984-09-10,,,,,,,
1984-09-11,,,,,,,
1984-09-12,,,,,,,
1984-09-13,,,,,,,
1984-09-14,,,,,,,
1984-09-17,,,,,,,
1984-09-18,,,,,,,
1984-09-19,,,,,,,
1984-09-20,,,,,,,
1984-09-21,,,,,,,
1984-09-24,,,,,,,
1984-09-25,,,,,,,
1984-09-26,,,,,,,
1984-09-27,,,,,,,
1984-09-28,,,,,,,
1984-10-01,,,,,,,
1984-10-02,,,,,,,
1984-10-03,,,,,,,
1984-10-04,,,,,,,
1984-10-05,,,,,,,
1984-10-08,,,,,,,
1984-10-09,,,,,,,
1984-10-10,,,,,,,
1984-10-11,,,,,,,
1984-10-12,,,,,,,
1984-10-15,,,,,,,
1984-10-16,,,,,,,
1984-10-17,,,,,,,
1984-10-18,,,,,,,
1984-10-19,,,,,,,
1984-10-22,,,,,,,
1984-10-23,,,,,,,
1984-10-24,,,,,,,
1984-10-25,,,,,,,
1984-10-26,,,,,,,
1984-10-29,,,,,,,
1984-10-30,,,,,,,
1984-10-31,,,,,,,
1984-11-01,,,,,,,
1984-11-02,,,,,,,
1984-11-05,,,,,,,
1984-11-06,,,,,,,
1984-11-07,,,,,,,
1984-11-08,,,,,,,
1984-11-09,,,,,,,
1984-11-12,,,,,,,
1984-11-13,,,,,,,
1984-11-14,,,,,,,
1984-11-15,,,,,,,
1984-11-16,,,,,,,
1984-11-19,,,,,,,
1984-11-20,,,,,,,
1984-11-21,,,,,,,
1984-11-22,,,,,,,
1984-11-23,,,,,,,
1984-11-26,,,,,,,
1984-11-27,,,,,,,
1984-11-28,,,,,,,
1984-11-29,,,,,,,
1984-11-30,,,,,,,
1984-12-03,,,,,,,
1984-12-04,,,,,,,
1984-12-05,,,,,,,
1984-12-06,,,,,,,
1984-12-07,,,,,,,
1984-12-10,,,,,,,
1984-12-11,,,,,,,
1984-12-12,,,,,,,
1984-12-13,,,,,,,
1984-12-14,,,,,,,
1984-12-17,,,,,,,
1984-12-18,,,,,,,
1984-12-19,,,,,,,
1984-12-20,,,,,,,
1984-12-21,,,,,,,
1984-12-24,,,,,,,
1984-12-25,,,,,,,
1984-12-26,,,,,,,
1984-12-27,,,,,,,
1984-12-28,,,,,,,
1984-12-31,,,,,,,
1985-01-01,,,,,,,
1985-01-02,,,,,,,
1985-01-03,,,,,,,
1985-01-04,,,,,,,
1985-01-07,,,,,,,
1985-01-08,,,,,,,
1985-01-09,,,,,,,
1985-01-10,,,,,,,
1985-01-11,,,,,,,
1985-01-14,,,,,,,
1985-01-15,,,,,,,
1985-01-16,,,,,,,
1985-01-17,,,,,,,
1985-01-18,,,,,,,
1985-01-21,,,,,,,
1985-01-22,,,,,,,
1985-01-23,,,,,,,
1985-01-24,,,,,,,
1985-01-25,,,,,,,
1985-01-28,,,,,,,
1985-01-29,,,,,,,
1985-01-30,,,,,,,
1985-01-31,,,,,,,
1985-02-01,,,,,,,
1985-02-04,,,,,,,
1985-02-05,,,,,,,
1985-02-06,,,,,,,
1985-02-07,,,,,,,
1985-02-08,,,,,,,
1985-02-11,,,,,,,
1985-02-12,,,,,,,
1985-02-13,,,,,,,
1985-02-14,,,,,,,
1985-02-15,,,,,,,
1985-02-18,,,,,,,
1985-02-19,,,,,,,
1985-02-20,,,,,,,
1985-02-21,,,,,,,
1985-02-22,,,,,,,
1985-02-25,,,,,,,
1985-02-26,,,,,,,
1985-02-27,,,,,,,
1985-02-28,,,,,,,
1985-03-01,,,,,,,
1985-03-04,,,,,,,
1985-03-05,,,,,,,
1985-03-06,,,,,,,
1985-03-07,,,,,,,
1985-03-08,,,,,,,
1985-03-11,,,,,,,
1985-03-12,,,,,,,
1985-03-13,,,,,,,
1985-03-14,,,,,,,
1985-03-15,,,,,,,
1985-03-18,,,,,,,
1985-03-19,,,,,,,
1985-03-20,,,,,,,
1985-03-21,,,,,,,
1985-03-22,,,,,,,
1985-03-25,,,,,,,
1985-03-26,,,,,,,
1985-03-27,,,,,,,
1985-03-28,,,,,,,
1985-03-29,,,,,,,
1985-04-01,,,,,,,
1985-04-02,,,,,,,
1985-04-03,,,,,,,
1985-04-04,,,,,,,
1985-04-05,,,,,,,
1985-04-08,,,,,,,
1985-04-09,,,,,,,
1985-04-10,,,,,,,
1985-04-11,,,,,,,
1985-04-12,,,,,,,
1985-04-15,,,,,,,
1985-04-16,,,,,,,
1985-04-17,,,,,,,
1985-04-18,,,,,,,
1985-04-19,,,,,,,
1985-04-22,,,,,,,
1985-04-23,,,,,,,
1985-04-24,,,,,,,
1985-04-25,,,,,,,
1985-04-26,,,,,,,
1985-04-29,,,,,,,
1985-04-30,,,,,,,
1985-05-01,,,,,,,
1985-05-02,,,,,,,
1985-05-03,,,,,,,
1985-05-06,,,,,,,
1985-05-07,,,,,,,
1985-05-08,,,,,,,
1985-05-09,,,,,,,
1985-05-10,,,,,,,
1985-05-13,,,,,,,
1985-05-14,,,,,,,
1985-05-15,,,,,,,
1985-05-16,,,,,,,
1985-05-17,,,,,,,
1985-05-20,,,,,,,
1985-05-21,,,,,,,
1985-05-22,,,,,,,
1985-05-23,,,,,,,
1985-05-24,,,,,,,
1985-05-27,,,,,,,
1985-05-28,,,,,,,
1985-05-29,,,,,,,
1985-05-30,,,,,,,
1985-05-31,,,,,,,
1985-06-03,,,,,,,
1985-06-04,,,,,,,
1985-06-05,,,,,,,
1985-06-06,,,,,,,
1985-06-07,,,,,,,
1985-06-10,,,,,,,
1985-06-11,,,,,,,
1985-06-12,,,,,,,
1985-06-13,,,,,,,
1985-06-14,,,,,,,
1985-06-17,,,,,,,
1985-06-18,,,,,,,
1985-06-19,,,,,,,
1985-06-20,,,,,,,
1985-06-21,,,,,,,
1985-06-24,,,,,,,
1985-06-25,,,,,,,
1985-06-26,,,,,,,
1985-06-27,,,,,,,
1985-06-28,,,,,,,
1985-07-01,,,,,,,
1985-07-02,,,,,,,
1985-07-03,,,,,,,
1985-07-04,,,,,,,
1985-07-05,,,,,,,
1985-07-08,,,,,,,
1985-07-09,,,,,,,
1985-07-10,,,,,,,
1985-07-11,,,,,,,
1985-07-12,,,,,,,
1985-07-15,,,,,,,
1985-07-16,,,,,,,
1985-07-17,,,,,,,
1985-07-18,,,,,,,
1985-07-19,,,,,,,
1985-07-22,,,,,,,
1985-07-23,,,,,,,
1985-07-24,,,,,,,
1985-07-25,,,,,,,
1985-07-26,,,,,,,
1985-07-29,,,,,,,
1985-07-30,,,,,,,
1985-07-31,,,,,,,
1985-08-01,,,,,,,
1985-08-02,,,,,,,
1985-08-05,,,,,,,
1985-08-06,,,,,,,
1985-08-07,,,,,,,
1985-08-08,,,,,,,
1985-08-09,,,,,,,
1985-08-12,,,,,,,
1985-08-13,,,,,,,
1985-08-14,,,,,,,
1985-08-15,,,,,,,
1985-08-16,,,,,,,
1985-08-19,,,,,,,
1985-08-20,,,,,,,
1985-08-21,,,,,,,
1985-08-22,,,,,,,
1985-08-23,,,,,,,
1985-08-26,,,,,,,
1985-08-27,,,,,,,
1985-08-28,,,,,,,
1985-08-29,,,,,,,
1985-08-30,,,,,,,
1985-09-02,,,,,,,
1985-09-03,,,,,,,
1985-09-04,,,,,,,
1985-09-05,,,,,,,
1985-09-06,,,,,,,
1985-09-09,,,,,,,
1985-09-10,,,,,,,
1985-09-11,,,,,,,
1985-09-12,,,,,,,
1985-09-13,,,,,,,
1985-09-16,,,,,,,
1985-09-17,,,,,,,
1985-09-18,,,,,,,
1985-09-19,,,,,,,
1985-09-20,,,,,,,
1985-09-23,,,,,,,
1985-09-24,,,,,,,
1985-09-25,,,,,,,
1985-09-26,,,,,,,
1985-09-27,,,,,,,
1985-09-30,,,,,,,
1985-10-01,,,,,,,
1985-10-02,,,,,,,
1985-10-03,,,,,,,
1985-10-04,,,,,,,
1985-10-07,,,,,,,
1985-10-08,,,,,,,
1985-10-09,,,,,,,
1985-10-10,,,,,,,
1985-10-11,,,,,,,
1985-10-14,,,,,,,
1985-10-15,,,,,,,
1985-10-16,,,,,,,
1985-10-17,,,,,,,
1985-10-18,,,,,,,
1985-10-21,,,,,,,
1985-10-22,,,,,,,
1985-10-23,,,,,,,
1985-10-24,,,,,,,
1985-10-25,,,,,,,
1985-10-28,,,,,,,
1985-10-29,,,,,,,
1985-10-30,,,,,,,
1985-10-31,,,,,,,
1985-11-01,,,,,,,
1985-11-04,,,,,,,
1985-11-05,,,,,,,
1985-11-06,,,,,,,
1985-11-07,,,,,,,
1985-11-08,,,,,,,
1985-11-11,,,,,,,
1985-11-12,,,,,,,
1985-11-13,,,,,,,
1985-11-14,,,,,,,
1985-11-15,,,,,,,
1985-11-18,,,,,,,
1985-11-19,,,,,,,
1985-11-20,,,,,,,
1985-11-21,,,,,,,
1985-11-22,,,,,,,
1985-11-25,,,,,,,
1985-11-26,,,,,,,
1985-11-27,,,,,,,
1985-11-28,,,,,,,
1985-11-29,,,,,,,
1985-12-02,,,,,,,
1985-12-03,,,,,,,
1985-12-04,,,,,,,
1985-12-05,,,,,,,
1985-12-06,,,,,,,
1985-12-09,,,,,,,
1985-12-10,,,,,,,
1985-12-11,,,,,,,
1985-12-12,,,,,,,
1985-12-13,,,,,,,
1985-12-16,,,,,,,
1985-12-17,,,,,,,
1985-12-18,,,,,,,
1985-12-19,,,,,,,
1985-12-20,,,,,,,
1985-12-23,,,,,,,
1985-12-24,,,,,,,
1985-12-25,,,,,,,
1985-12-26,,,,,,,
1985-12-27,,,,,,,
1985-12-30,,,,,,,
1985-12-31,,,,,,,
1986-01-02,,,,,,,
1986-01-03,,,,,,,
1986-01-06,,,,,,,
1986-01-07,,,,,,,
1986-01-08,,,,,,,
1986-01-09,,,,,,,
1986-01-10,,,,,,,
1986-01-13,,,,,,,
1986-01-14,,,,,,,
1986-01-15,,,,,,,
1986-01-16,,,,,,,
1986-01-17,,,,,,,
1986-01-20,,,,,,,
1986-01-21,,,,,,,
1986-01-22,,,,,,,
1986-01-23,,,,,,,
1986-01-24,,,,,,,
1986-01-27,,,,,,,
1986-01-28,,,,,,,
1986-01-29,,,,,,,
1986-01-30,,,,,,,
1986-01-31,,,,,,,
1986-02-03,,,,,,,
1986-02-04,,,,,,,
1986-02-05,,,,,,,
1986-02-06,,,,,,,
1986-02-07,,,,,,,
1986-02-10,,,,,,,
1986-02-11,,,,,,,
1986-02-12,,,,,,,
1986-02-13,,,,,,,
1986-02-14,,,,,,,
1986-02-17,,,,,,,
1986-02-18,,,,,,,
1986-02-19,,,,,,,
1986-02-20,,,,,,,
1986-02-21,,,,,,,
1986-02-24,,,,,,,
1986-02-25,,,,,,,
1986-02-26,,,,,,,
1986-02-27,,,,,,,
1986-02-28,,,,,,,
1986-03-03,,,,,,,
1986-03-04,,,,,,,
1986-03-05,,,,,,,
1986-03-06,,,,,,,
1986-03-07,,,,,,,
1986-03-10,,,,,,,
1986-03-11,,,,,,,
1986-03-12,,,,,,,
1986-03-13,,,,,,,
1986-03-14,,,,,,,
1986-03-17,,,,,,,
1986-03-18,,,,,,,
1986-03-19,,,,,,,
1986-03-20,,,,,,,
1986-03-21,,,,,,,
1986-03-24,,,,,,,
1986-03-25,,,,,,,
1986-03-26,,,,,,,
1986-03-27,,,,,,,
1986-04-01,,,,,,,
1986-04-02,,,,,,,
1986-04-03,,,,,,,
1986-04-04,,,,,,,
1986-04-07,,,,,,,
1986-04-08,,,,,,,
1986-04-09,,,,,,,
1986-04-10,,,,,,,
1986-04-11,,,,,,,
1986-04-14,,,,,,,
1986-04-15,,,,,,,
1986-04-16,,,,,,,
1986-04-17,,,,,,,
1986-04-18,,,,,,,
1986-04-21,,,,,,,
1986-04-22,,,,,,,
1986-04-23,,,,,,,
1986-04-24,,,,,,,
1986-04-25,,,,,,,
1986-04-28,,,,,,,
1986-04-29,,,,,,,
1986-04-30,,,,,,,
1986-05-01,,,,,,,
1986-05-02,,,,,,,
1986-05-05,,,,,,,
1986-05-06,,,,,,,
1986-05-07,,,,,,,
1986-05-08,,,,,,,
1986-05-09,,,,,,,
1986-05-12,,,,,,,
1986-05-13,,,,,,,
1986-05-14,,,,,,,
1986-05-15,,,,,,,
1986-05-16,,,,,,,
1986-05-19,,,,,,,
1986-05-20,,,,,,,
1986-05-21,,,,,,,
1986-05-22,,,,,,,
1986-05-23,,,,,,,
1986-05-26,,,,,,,
1986-05-27,,,,,,,
1986-05-28,,,,,,,
1986-05-29,,,,,,,
1986-05-30,,,,,,,
1986-06-02,,,,,,,
1986-06-03,,,,,,,
1986-06-04,,,,,,,
1986-06-05,,,,,,,
1986-06-06,,,,,,,
1986-06-09,,,,,,,
1986-06-10,,,,,,,
1986-06-11,,,,,,,
1986-06-12,,,,,,,
1986-06-13,,,,,,,
1986-06-16,,,,,,,
1986-06-17,,,,,,,
1986-06-18,,,,,,,
1986-06-19,,,,,,,
1986-06-20,,,,,,,
1986-06-23,,,,,,,
1986-06-24,,,,,,,
1986-06-25,,,,,,,
1986-06-26,,,,,,,
1986-06-27,,,,,,,
1986-06-30,,,,,,,
1986-07-01,,,,,,,
1986-07-02,,,,,,,
1986-07-03,,,,,,,
1986-07-04,,,,,,,
1986-07-07,,,,,,,
1986-07-08,,,,,,,
1986-07-09,,,,,,,
1986-07-10,,,,,,,
1986-07-11,,,,,,,
1986-07-14,,,,,,,
1986-07-15,,,,,,,
1986-07-16,,,,,,,
1986-07-17,,,,,,,
1986-07-18,,,,,,,
1986-07-21,,,,,,,
1986-07-22,,,,,,,
1986-07-23,,,,,,,
1986-07-24,,,,,,,
1986-07-25,,,,,,,
1986-07-28,,,,,,,
1986-07-29,,,,,,,
1986-07-30,,,,,,,
1986-07-31,,,,,,,
1986-08-01,,,,,,,
1986-08-04,,,,,,,
1986-08-05,,,,,,,
1986-08-06,,,,,,,
1986-08-07,,,,,,,
1986-08-08,,,,,,,
1986-08-11,,,,,,,
1986-08-12,,,,,,,
1986-08-13,,,,,,,
1986-08-14,,,,,,,
1986-08-15,,,,,,,
1986-08-18,,,,,,,
1986-08-19,,,,,,,
1986-08-20,,,,,,,
1986-08-21,,,,,,,
1986-08-22,,,,,,,
1986-08-25,,,,,,,
1986-08-26,,,,,,,
1986-08-27,,,,,,,
1986-08-28,,,,,,,
1986-08-29,,,,,,,
1986-09-01,,,,,,,
1986-09-02,,,,,,,
1986-09-03,,,,,,,
1986-09-04,,,,,,,
1986-09-05,,,,,,,
1986-09-08,,,,,,,
1986-09-09,,,,,,,
1986-09-10,,,,,,,
1986-09-11,,,,,,,
1986-09-12,,,,,,,
1986-09-15,,,,,,,
1986-09-16,,,,,,,
1986-09-17,,,,,,,
1986-09-18,,,,,,,
1986-09-19,,,,,,,
1986-09-22,,,,,,,
1986-09-23,,,,,,,
1986-09-24,,,,,,,
1986-09-25,,,,,,,
1986-09-26,,,,,,,
1986-09-29,,,,,,,
1986-09-30,,,,,,,
1986-10-01,,,,,,,
1986-10-02,,,,,,,
1986-10-03,,,,,,,
1986-10-06,,,,,,,
1986-10-07,,,,,,,
1986-10-08,,,,,,,
1986-10-09,,,,,,,
1986-10-10,,,,,,,
1986-10-13,,,,,,,
1986-10-14,,,,,,,
1986-10-15,,,,,,,
1986-10-16,,,,,,,
1986-10-17,,,,,,,
1986-10-20,,,,,,,
1986-10-21,,,,,,,
1986-10-22,,,,,,,
1986-10-23,,,,,,,
1986-10-24,,,,,,,
1986-10-27,,,,,,,
1986-10-28,,,,,,,
1986-10-29,,,,,,,
1986-10-30,,,,,,,
1986-10-31,,,,,,,
1986-11-03,,,,,,,
1986-11-04,,,,,,,
1986-11-05,,,,,,,
1986-11-06,,,,,,,
1986-11-07,,,,,,,
1986-11-10,,,,,,,
1986-11-11,,,,,,,
1986-11-12,,,,,,,
1986-11-13,,,,,,,
1986-11-14,,,,,,,
1986-11-17,,,,,,,
1986-11-18,,,,,,,
1986-11-19,,,,,,,
1986-11-20,,,,,,,
1986-11-21,,,,,,,
1986-11-24,,,,,,,
1986-11-25,,,,,,,
1986-11-26,,,,,,,
1986-11-27,,,,,,,
1986-11-28,,,,,,,
1986-12-01,,,,,,,
1986-12-02,,,,,,,
1986-12-03,,,,,,,
1986-12-04,,,,,,,
1986-12-05,,,,,,,
1986-12-08,,,,,,,
1986-12-09,,,,,,,
1986-12-10,,,,,,,
1986-12-11,,,,,,,
1986-12-12,,,,,,,
1986-12-15,,,,,,,
1986-12-16,,,,,,,
1986-12-17,,,,,,,
1986-12-18,,,,,,,
1986-12-19,,,,,,,
1986-12-22,,,,,,,
1986-12-23,,,,,,,
1986-12-24,,,,,,,
1986-12-29,,,,,,,
1986-12-30,,,,,,,
1986-12-31,,,,,,,
1987-01-02,,,,,,,
1987-01-05,,,,,,,
1987-01-06,,,,,,,
1987-01-07,,,,,,,
1987-01-08,,,,,,,
1987-01-09,,,,,,,
1987-01-12,,,,,,,
1987-01-13,,,,,,,
1987-01-14,,,,,,,
1987-01-15,,,,,,,
1987-01-16,,,,,,,
1987-01-19,,,,,,,
1987-01-20,,,,,,,
1987-01-21,,,,,,,
1987-01-22,,,,,,,
1987-01-23,,,,,,,
1987-01-26,,,,,,,
1987-01-27,,,,,,,
1987-01-28,,,,,,,
1987-01-29,,,,,,,
1987-01-30,,,,,,,
1987-02-02,,,,,,,
1987-02-03,,,,,,,
1987-02-04,,,,,,,
1987-02-05,,,,,,,
1987-02-06,,,,,,,
1987-02-09,,,,,,,
1987-02-10,,,,,,,
1987-02-11,,,,,,,
1987-02-12,,,,,,,
1987-02-13,,,,,,,
1987-02-16,,,,,,,
1987-02-17,,,,,,,
1987-02-18,,,,,,,
1987-02-19,,,,,,,
1987-02-20,,,,,,,
1987-02-23,,,,,,,
1987-02-24,,,,,,,
1987-02-25,,,,,,,
1987-02-26,,,,,,,
1987-02-27,,,,,,,
1987-03-02,,,,,,,
1987-03-03,,,,,,,
1987-03-04,,,,,,,
1987-03-05,,,,,,,
1987-03-06,,,,,,,
1987-03-09,,,,,,,
1987-03-10,,,,,,,
1987-03-11,,,,,,,
1987-03-12,,,,,,,
1987-03-13,,,,,,,
1987-03-16,,,,,,,
1987-03-17,,,,,,,
1987-03-18,,,,,,,
1987-03-19,,,,,,,
1987-03-20,,,,,,,
1987-03-23,,,,,,,
1987-03-24,,,,,,,
1987-03-25,,,,,,,
1987-03-26,,,,,,,
1987-03-27,,,,,,,
1987-03-30,,,,,,,
1987-03-31,,,,,,,
1987-04-01,,,,,,,
1987-04-02,,,,,,,
1987-04-03,,,,,,,
1987-04-06,,,,,,,
1987-04-07,,,,,,,
1987-04-08,,,,,,,
1987-04-09,,,,,,,
1987-04-10,,,,,,,
1987-04-13,,,,,,,
1987-04-14,,,,,,,
1987-04-15,,,,,,,
1987-04-16,,,,,,,
1987-04-21,,,,,,,
1987-04-22,,,,,,,
1987-04-23,,,,,,,
1987-04-24,,,,,,,
1987-04-27,,,,,,,
1987-04-28,,,,,,,
1987-04-29,,,,,,,
1987-04-30,,,,,,,
1987-05-01,,,,,,,
1987-05-04,,,,,,,
1987-05-05,,,,,,,
1987-05-06,,,,,,,
1987-05-07,,,,,,,
1987-05-08,,,,,,,
1987-05-11,,,,,,,
1987-05-12,,,,,,,
1987-05-13,,,,,,,
1987-05-14,,,,,,,
1987-05-15,,,,,,,
1987-05-18,,,,,,,
1987-05-19,,,,,,,
1987-05-20,,,,,,,
1987-05-21,,,,,,,
1987-05-22,,,,,,,
1987-05-25,,,,,,,
1987-05-26,,,,,,,
1987-05-27,,,,,,,
1987-05-28,,,,,,,
1987-05-29,,,,,,,
1987-06-01,,,,,,,
1987-06-02,,,,,,,
1987-06-03,,,,,,,
1987-06-04,,,,,,,
1987-06-05,,,,,,,
1987-06-08,,,,,,,
1987-06-09,,,,,,,
1987-06-10,,,,,,,
1987-06-11,,,,,,,
1987-06-12,,,,,,,
1987-06-15,,,,,,,
1987-06-16,,,,,,,
1987-06-17,,,,,,,
1987-06-18,,,,,,,
1987-06-19,,,,,,,
1987-06-22,,,,,,,
1987-06-23,,,,,,,
1987-06-24,,,,,,,
1987-06-25,,,,,,,
1987-06-26,,,,,,,
1987-06-29,,,,,,,
1987-06-30,,,,,,,
1987-07-01,,,,,,,
1987-07-02,,,,,,,
1987-07-03,,,,,,,
1987-07-06,,,,,,,
1987-07-07,,,,,,,
1987-07-08,,,,,,,
1987-07-09,,,,,,,
1987-07-10,,,,,,,
1987-07-13,,,,,,,
1987-07-14,,,,,,,
1987-07-15,,,,,,,
1987-07-16,,,,,,,
1987-07-17,,,,,,,
1987-07-20,,,,,,,
1987-07-21,,,,,,,
1987-07-22,,,,,,,
1987-07-23,,,,,,,
1987-07-24,,,,,,,
1987-07-27,,,,,,,
1987-07-28,,,,,,,
1987-07-29,,,,,,,
1987-07-30,,,,,,,
1987-07-31,,,,,,,
1987-08-03,,,,,,,
1987-08-04,,,,,,,
1987-08-05,,,,,,,
1987-08-06,,,,,,,
1987-08-07,,,,,,,
1987-08-10,,,,,,,
1987-08-11,,,,,,,
1987-08-12,,,,,,,
1987-08-13,,,,,,,
1987-08-14,,,,,,,
1987-08-17,,,,,,,
1987-08-18,,,,,,,
1987-08-19,,,,,,,
1987-08-20,,,,,,,
1987-08-21,,,,,,,
1987-08-24,,,,,,,
1987-08-25,,,,,,,
1987-08-26,,,,,,,
1987-08-27,,,,,,,
1987-08-28,,,,,,,
1987-08-31,,,,,,,
1987-09-01,,,,,,,
1987-09-02,,,,,,,
1987-09-03,,,,,,,
1987-09-04,,,,,,,
1987-09-07,,,,,,,
1987-09-08,,,,,,,
1987-09-09,,,,,,,
1987-09-10,,,,,,,
1987-09-11,,,,,,,
1987-09-14,,,,,,,
1987-09-15,,,,,,,
1987-09-16,,,,,,,
1987-09-17,,,,,,,
1987-09-18,,,,,,,
1987-09-21,,,,,,,
1987-09-22,,,,,,,
1987-09-23,,,,,,,
1987-09-24,,,,,,,
1987-09-25,,,,,,,
1987-09-28,,,,,,,
1987-09-29,,,,,,,
1987-09-30,,,,,,,
1987-10-01,,,,,,,
1987-10-02,,,,,,,
1987-10-05,,,,,,,
1987-10-06,,,,,,,
1987-10-07,,,,,,,
1987-10-08,,,,,,,
1987-10-09,,,,,,,
1987-10-12,,,,,,,
1987-10-13,,,,,,,
1987-10-14,,,,,,,
1987-10-15,,,,,,,
1987-10-16,,,,,,,
1987-10-19,,,,,,,
1987-10-20,,,,,,,
1987-10-21,,,,,,,
1987-10-22,,,,,,,
1987-10-23,,,,,,,
1987-10-26,,,,,,,
1987-10-27,,,,,,,
1987-10-28,,,,,,,
1987-10-29,,,,,,,
1987-10-30,,,,,,,
1987-11-02,,,,,,,
1987-11-03,,,,,,,
1987-11-04,,,,,,,
1987-11-05,,,,,,,
1987-11-06,,,,,,,
1987-11-09,,,,,,,
1987-11-10,,,,,,,
1987-11-11,,,,,,,
1987-11-12,,,,,,,
1987-11-13,,,,,,,
1987-11-16,,,,,,,
1987-11-17,,,,,,,
1987-11-18,,,,,,,
1987-11-19,,,,,,,
1987-11-20,,,,,,,
1987-11-23,,,,,,,
1987-11-24,,,,,,,
1987-11-25,,,,,,,
1987-11-26,,,,,,,
1987-11-27,,,,,,,
1987-11-30,,,,,,,
1987-12-01,,,,,,,
1987-12-02,,,,,,,
1987-12-03,,,,,,,
1987-12-04,,,,,,,
1987-12-07,,,,,,,
1987-12-08,,,,,,,
1987-12-09,,,,,,,
1987-12-10,,,,,,,
1987-12-11,,,,,,,
1987-12-14,,,,,,,
1987-12-15,,,,,,,
1987-12-16,,,,,,,
1987-12-17,,,,,,,
1987-12-18,,,,,,,
1987-12-21,,,,,,,
1987-12-22,,,,,,,
1987-12-23,,,,,,,
1987-12-24,,,,,,,
1987-12-28,,,,,,,
1987-12-29,,,,,,,
1987-12-30,,,,,,,
1987-12-31,,,,,,,
1988-01-04,,,,,,,
1988-01-05,,,,,,,
1988-01-06,,,,,,,
1988-01-07,,,,,,,
1988-01-08,,,,,,,
1988-01-11,,,,,,,
1988-01-12,,,,,,,
1988-01-13,,,,,,,
1988-01-14,,,,,,,
1988-01-15,,,,,,,
1988-01-18,,,,,,,
1988-01-19,,,,,,,
1988-01-20,,,,,,,
1988-01-21,,,,,,,
1988-01-22,,,,,,,
1988-01-25,,,,,,,
1988-01-26,,,,,,,
1988-01-27,,,,,,,
1988-01-28,,,,,,,
1988-01-29,,,,,,,
1988-02-01,,,,,,,
1988-02-02,,,,,,,
1988-02-03,,,,,,,
1988-02-04,,,,,,,
1988-02-05,,,,,,,
1988-02-06,,,,,,,
1988-02-08,,,,,,,
1988-02-09,,,,,,,
1988-02-10,,,,,,,
1988-02-11,,,,,,,
1988-02-12,,,,,,,
1988-02-15,,,,,,,
1988-02-16,,,,,,,
1988-02-17,,,,,,,
1988-02-18,,,,,,,
1988-02-19,,,,,,,
1988-02-22,,,,,,,
1988-02-23,,,,,,,
1988-02-24,,,,,,,
1988-02-25,,,,,,,
1988-02-26,,,,,,,
1988-02-29,,,,,,,
1988-03-01,,,,,,,
1988-03-02,,,,,,,
1988-03-03,,,,,,,
1988-03-04,,,,,,,
1988-03-07,,,,,,,
1988-03-08,,,,,,,
1988-03-09,,,,,,,
1988-03-10,,,,,,,
1988-03-11,,,,,,,
1988-03-14,,,,,,,
1988-03-15,,,,,,,
1988-03-16,,,,,,,
1988-03-17,,,,,,,
1988-03-18,,,,,,,
1988-03-21,,,,,,,
1988-03-22,,,,,,,
1988-03-23,,,,,,,
1988-03-24,,,,,,,
1988-03-25,,,,,,,
1988-03-28,,,,,,,
1988-03-29,,,,,,,
1988-03-30,,,,,,,
1988-03-31,,,,,,,
1988-04-05,,,,,,,
1988-04-06,,,,,,,
1988-04-07,,,,,,,
1988-04-08,,,,,,,
1988-04-11,,,,,,,
1988-04-12,,,,,,,
1988-04-13,,,,,,,
1988-04-14,,,,,,,
1988-04-15,,,,,,,
1988-04-18,,,,,,,
1988-04-19,,,,,,,
1988-04-20,,,,,,,
1988-04-21,,,,,,,
1988-04-22,,,,,,,
1988-04-25,,,,,,,
1988-04-26,,,,,,,
1988-04-27,,,,,,,
1988-04-28,,,,,,,
1988-04-29,,,,,,,
1988-05-02,,,,,,,
1988-05-03,,,,,,,
1988-05-04,,,,,,,
1988-05-05,,,,,,,
1988-05-06,,,,,,,
1988-05-09,,,,,,,
1988-05-10,,,,,,,
1988-05-11,,,,,,,
1988-05-12,,,,,,,
1988-05-13,,,,,,,
1988-05-16,,,,,,,
1988-05-17,,,,,,,
1988-05-18,,,,,,,
1988-05-19,,,,,,,
1988-05-20,,,,,,,
1988-05-23,,,,,,,
1988-05-24,,,,,,,
1988-05-25,,,,,,,
1988-05-26,,,,,,,
1988-05-27,,,,,,,
1988-05-30,,,,,,,
1988-05-31,,,,,,,
1988-06-01,,,,,,,
1988-06-02,,,,,,,
1988-06-03,,,,,,,
1988-06-06,,,,,,,
1988-06-07,,,,,,,
1988-06-08,,,,,,,
1988-06-09,,,,,,,
1988-06-10,,,,,,,
1988-06-13,,,,,,,
1988-06-14,,,,,,,
1988-06-15,,,,,,,
1988-06-16,,,,,,,
1988-06-17,,,,,,,
1988-06-20,,,,,,,
1988-06-21,,,,,,,
1988-06-22,,,,,,,
1988-06-23,,,,,,,
1988-06-24,,,,,,,
1988-06-27,,,,,,,
1988-06-28,,,,,,,
1988-06-29,,,,,,,
1988-06-30,,,,,,,
1988-07-01,,,,,,,
1988-07-04,,,,,,,
1988-07-05,,,,,,,
1988-07-06,,,,,,,
1988-07-07,,,,,,,
1988-07-08,,,,,,,
1988-07-11,,,,,,,
1988-07-12,,,,,,,
1988-07-13,,,,,,,
1988-07-14,,,,,,,
1988-07-15,,,,,,,
1988-07-18,,,,,,,
1988-07-19,,,,,,,
1988-07-20,,,,,,,
1988-07-21,,,,,,,
1988-07-22,,,,,,,
1988-07-25,,,,,,,
1988-07-26,,,,,,,
1988-07-27,,,,,,,
1988-07-28,,,,,,,
1988-07-29,,,,,,,
1988-08-01,,,,,,,
1988-08-02,,,,,,,
1988-08-03,,,,,,,
1988-08-04,,,,,,,
1988-08-05,,,,,,,
1988-08-08,,,,,,,
1988-08-09,,,,,,,
1988-08-10,,,,,,,
1988-08-11,,,,,,,
1988-08-12,,,,,,,
1988-08-15,,,,,,,
1988-08-16,,,,,,,
1988-08-17,,,,,,,
1988-08-18,,,,,,,
1988-08-19,,,,,,,
1988-08-22,,,,,,,
1988-08-23,,,,,,,
1988-08-24,,,,,,,
1988-08-25,,,,,,,
1988-08-26,,,,,,,
1988-08-29,,,,,,,
1988-08-30,,,,,,,
1988-08-31,,,,,,,
1988-09-01,,,,,,,
1988-09-02,,,,,,,
1988-09-05,,,,,,,
1988-09-06,,,,,,,
1988-09-07,,,,,,,
1988-09-08,,,,,,,
1988-09-09,,,,,,,
1988-09-12,,,,,,,
1988-09-13,,,,,,,
1988-09-14,,,,,,,
1988-09-15,,,,,,,
1988-09-16,,,,,,,
1988-09-19,,,,,,,
1988-09-20,,,,,,,
1988-09-21,,,,,,,
1988-09-22,,,,,,,
1988-09-23,,,,,,,
1988-09-26,,,,,,,
1988-09-27,,,,,,,
1988-09-28,,,,,,,
1988-09-29,,,,,,,
1988-09-30,,,,,,,
1988-10-03,,,,,,,
1988-10-04,,,,,,,
1988-10-05,,,,,,,
1988-10-06,,,,,,,
1988-10-07,,,,,,,
1988-10-10,,,,,,,
1988-10-11,,,,,,,
1988-10-12,,,,,,,
1988-10-13,,,,,,,
1988-10-14,,,,,,,
1988-10-17,,,,,,,
1988-10-18,,,,,,,
1988-10-19,,,,,,,
1988-10-20,,,,,,,
1988-10-21,,,,,,,
1988-10-24,,,,,,,
1988-10-25,,,,,,,
1988-10-26,,,,,,,
1988-10-27,,,,,,,
1988-10-28,,,,,,,
1988-10-31,,,,,,,
1988-11-01,,,,,,,
1988-11-02,,,,,,,
1988-11-03,,,,,,,
1988-11-04,,,,,,,
1988-11-07,,,,,,,
1988-11-08,,,,,,,
1988-11-09,,,,,,,
1988-11-10,,,,,,,
1988-11-11,,,,,,,
1988-11-14,,,,,,,
1988-11-15,,,,,,,
1988-11-16,,,,,,,
1988-11-17,,,,,,,
1988-11-18,,,,,,,
1988-11-21,,,,,,,
1988-11-22,,,,,,,
1988-11-23,,,,,,,
1988-11-24,,,,,,,
1988-11-25,,,,,,,
1988-11-28,,,,,,,
1988-11-29,,,,,,,
1988-11-30,,,,,,,
1988-12-01,,,,,,,
1988-12-02,,,,,,,
1988-12-05,,,,,,,
1988-12-06,,,,,,,
1988-12-07,,,,,,,
1988-12-08,,,,,,,
1988-12-09,,,,,,,
1988-12-12,,,,,,,
1988-12-13,,,,,,,
1988-12-14,,,,,,,
1988-12-15,,,,,,,
1988-12-16,,,,,,,
1988-12-19,,,,,,,
1988-12-20,,,,,,,
1988-12-21,,,,,,,
1988-12-22,,,,,,,
1988-12-23,,,,,,,
1988-12-26,,,,,,,
1988-12-27,,,,,,,
1988-12-28,,,,,,,
1988-12-29,,,,,,,
1988-12-30,,,,,,,
1989-01-02,,,,,,,
1989-01-03,,,,,,,
1989-01-04,,,,,,,
1989-01-05,,,,,,,
1989-01-06,,,,,,,
1989-01-09,,,,,,,
1989-01-10,,,,,,,
1989-01-11,,,,,,,
1989-01-12,,,,,,,
1989-01-13,,,,,,,
1989-01-16,,,,,,,
1989-01-17,,,,,,,
1989-01-18,,,,,,,
1989-01-19,,,,,,,
1989-01-20,,,,,,,
1989-01-23,,,,,,,
1989-01-24,,,,,,,
1989-01-25,,,,,,,
1989-01-26,,,,,,,
1989-01-27,,,,,,,
1989-01-30,,,,,,,
1989-01-31,,,,,,,
1989-02-01,,,,,,,
1989-02-02,,,,,,,
1989-02-03,,,,,,,
1989-02-06,,,,,,,
1989-02-07,,,,,,,
1989-02-08,,,,,,,
1989-02-09,,,,,,,
1989-02-10,,,,,,,
1989-02-13,,,,,,,
1989-02-14,,,,,,,
1989-02-15,,,,,,,
1989-02-16,,,,,,,
1989-02-17,,,,,,,
1989-02-20,,,,,,,
1989-02-21,,,,,,,
1989-02-22,,,,,,,
1989-02-23,,,,,,,
1989-02-24,,,,,,,
1989-02-27,,,,,,,
1989-02-28,,,,,,,
1989-03-01,,,,,,,
1989-03-02,,,,,,,
1989-03-03,,,,,,,
1989-03-06,,,,,,,
1989-03-07,,,,,,,
1989-03-08,,,,,,,
1989-03-09,,,,,,,
1989-03-10,,,,,,,
1989-03-13,,,,,,,
1989-03-14,,,,,,,
1989-03-15,,,,,,,
1989-03-16,,,,,,,
1989-03-17,,,,,,,
1989-03-20,,,,,,,
1989-03-21,,,,,,,
1989-03-22,,,,,,,
1989-03-23,,,,,,,
1989-03-24,,,,,,,
1989-03-27,,,,,,,
1989-03-28,,,,,,,
1989-03-29,,,,,,,
1989-03-30,,,,,,,
1989-03-31,,,,,,,
1989-04-03,,,,,,,
1989-04-04,,,,,,,
1989-04-05,,,,,,,
1989-04-06,,,,,,,
1989-04-07,,,,,,,
1989-04-10,,,,,,,
1989-04-11,,,,,,,
1989-04-12,,,,,,,
1989-04-13,,,,,,,
1989-04-14,,,,,,,
1989-04-17,,,,,,,
1989-04-18,,,,,,,
1989-04-19,,,,,,,
1989-04-20,,,,,,,
1989-04-21,,,,,,,
1989-04-24,,,,,,,
1989-04-25,,,,,,,
1989-04-26,,,,,,,
1989-04-27,,,,,,,
1989-04-28,,,,,,,
1989-05-01,,,,,,,
1989-05-02,,,,,,,
1989-05-03,,,,,,,
1989-05-04,,,,,,,
1989-05-05,,,,,,,
1989-05-08,,,,,,,
1989-05-09,,,,,,,
1989-05-10,,,,,,,
1989-05-11,,,,,,,
1989-05-12,,,,,,,
1989-05-15,,,,,,,
1989-05-16,,,,,,,
1989-05-17,,,,,,,
1989-05-18,,,,,,,
1989-05-19,,,,,,,
1989-05-22,,,,,,,
1989-05-23,,,,,,,
1989-05-24,,,,,,,
1989-05-25,,,,,,,
1989-05-26,,,,,,,
1989-05-29,,,,,,,
1989-05-30,,,,,,,
1989-05-31,,,,,,,
1989-06-01,,,,,,,
1989-06-02,,,,,,,
1989-06-05,,,,,,,
1989-06-06,,,,,,,
1989-06-07,,,,,,,
1989-06-08,,,,,,,
1989-06-09,,,,,,,
1989-06-12,,,,,,,
1989-06-13,,,,,,,
1989-06-14,,,,,,,
1989-06-15,,,,,,,
1989-06-16,,,,,,,
1989-06-19,,,,,,,
1989-06-20,,,,,,,
1989-06-21,,,,,,,
1989-06-22,,,,,,,
1989-06-23,,,,,,,
1989-06-26,,,,,,,
1989-06-27,,,,,,,
1989-06-28,,,,,,,
1989-06-29,,,,,,,
1989-06-30,,,,,,,
1989-07-03,,,,,,,
1989-07-04,,,,,,,
1989-07-05,,,,,,,
1989-07-06,,,,,,,
1989-07-07,,,,,,,
1989-07-10,,,,,,,
1989-07-11,,,,,,,
1989-07-12,,,,,,,
1989-07-13,,,,,,,
1989-07-14,,,,,,,
1989-07-17,,,,,,,
1989-07-18,,,,,,,
1989-07-19,,,,,,,
1989-07-20,,,,,,,
1989-07-21,,,,,,,
1989-07-24,,,,,,,
1989-07-25,,,,,,,
1989-07-26,,,,,,,
1989-07-27,,,,,,,
1989-07-28,,,,,,,
1989-07-31,,,,,,,
1989-08-01,,,,,,,
1989-08-02,,,,,,,
1989-08-03,,,,,,,
1989-08-04,,,,,,,
1989-08-07,,,,,,,
1989-08-08,,,,,,,
1989-08-09,,,,,,,
1989-08-10,,,,,,,
1989-08-11,,,,,,,
1989-08-14,,,,,,,
1989-08-15,,,,,,,
1989-08-16,,,,,,,
1989-08-17,,,,,,,
1989-08-18,,,,,,,
1989-08-21,,,,,,,
1989-08-22,,,,,,,
1989-08-23,,,,,,,
1989-08-24,,,,,,,
1989-08-25,,,,,,,
1989-08-28,,,,,,,
1989-08-29,,,,,,,
1989-08-30,,,,,,,
1989-08-31,,,,,,,
1989-09-01,,,,,,,
1989-09-04,,,,,,,
1989-09-05,,,,,,,
1989-09-06,,,,,,,
1989-09-07,,,,,,,
1989-09-08,,,,,,,
1989-09-11,,,,,,,
1989-09-12,,,,,,,
1989-09-13,,,,,,,
1989-09-14,,,,,,,
1989-09-15,,,,,,,
1989-09-18,,,,,,,
1989-09-19,,,,,,,
1989-09-20,,,,,,,
1989-09-21,,,,,,,
1989-09-22,,,,,,,
1989-09-25,,,,,,,
1989-09-26,,,,,,,
1989-09-27,,,,,,,
1989-09-28,,,,,,,
1989-09-29,,,,,,,
1989-10-02,,,,,,,
1989-10-03,,,,,,,
1989-10-04,,,,,,,
1989-10-05,,,,,,,
1989-10-06,,,,,,,
1989-10-09,,,,,,,
1989-10-10,,,,,,,
1989-10-11,,,,,,,
1989-10-12,,,,,,,
1989-10-13,,,,,,,
1989-10-16,,,,,,,
1989-10-17,,,,,,,
1989-10-18,,,,,,,
1989-10-19,,,,,,,
1989-10-20,,,,,,,
1989-10-23,,,,,,,
1989-10-24,,,,,,,
1989-10-25,,,,,,,
1989-10-26,,,,,,,
1989-10-27,,,,,,,
1989-10-30,,,,,,,
1989-10-31,,,,,,,
1989-11-01,,,,,,,
1989-11-02,,,,,,,
1989-11-03,,,,,,,
1989-11-06,,,,,,,
1989-11-07,,,,,,,
1989-11-08,,,,,,,
1989-11-09,,,,,,,
1989-11-10,,,,,,,
1989-11-13,,,,,,,
1989-11-14,,,,,,,
1989-11-15,,,,,,,
1989-11-16,,,,,,,
1989-11-17,,,,,,,
1989-11-20,,,,,,,
1989-11-21,,,,,,,
1989-11-22,,,,,,,
1989-11-23,,,,,,,
1989-11-24,,,,,,,
1989-11-27,,,,,,,
1989-11-28,,,,,,,
1989-11-29,,,,,,,
1989-11-30,,,,,,,
1989-12-01,,,,,,,
1989-12-04,,,,,,,
1989-12-05,,,,,,,
1989-12-06,,,,,,,
1989-12-07,,,,,,,
1989-12-08,,,,,,,
1989-12-11,,,,,,,
1989-12-12,,,,,,,
1989-12-13,,,,,,,
1989-12-14,,,,,,,
1989-12-15,,,,,,,
1989-12-18,,,,,,,
1989-12-19,,,,,,,
1989-12-20,,,,,,,
1989-12-21,,,,,,,
1989-12-22,,,,,,,
1989-12-25,,,,,,,
1989-12-26,,,,,,,
1989-12-27,,,,,,,
1989-12-28,,,,,,,
1989-12-29,,,,,,,
1990-01-01,,,,,,,
1990-01-02,,,,,,,
1990-01-03,,,,,,,
1990-01-04,,,,,,,
1990-01-05,,,,,,,
1990-01-08,,,,,,,
1990-01-09,,,,,,,
1990-01-10,,,,,,,
1990-01-11,,,,,,,
1990-01-12,,,,,,,
1990-01-15,,,,,,,
1990-01-16,,,,,,,
1990-01-17,,,,,,,
1990-01-18,,,,,,,
1990-01-19,,,,,,,
1990-01-22,,,,,,,
1990-01-23,,,,,,,
1990-01-24,,,,,,,
1990-01-25,,,,,,,
1990-01-26,,,,,,,
1990-01-29,,,,,,,
1990-01-30,,,,,,,
1990-01-31,,,,,,,
1990-02-01,,,,,,,
1990-02-02,,,,,,,
1990-02-05,,,,,,,
1990-02-06,,,,,,,
1990-02-07,,,,,,,
1990-02-08,,,,,,,
1990-02-09,,,,,,,
1990-02-12,,,,,,,
1990-02-13,,,,,,,
1990-02-14,,,,,,,
1990-02-15,,,,,,,
1990-02-16,,,,,,,
1990-02-19,,,,,,,
1990-02-20,,,,,,,
1990-02-21,,,,,,,
1990-02-22,,,,,,,
1990-02-23,,,,,,,
1990-02-26,,,,,,,
1990-02-27,,,,,,,
1990-02-28,,,,,,,
1990-03-01,,,,,,,
1990-03-02,,,,,,,
1990-03-05,,,,,,,
1990-03-06,,,,,,,
1990-03-07,,,,,,,
1990-03-08,,,,,,,
1990-03-09,,,,,,,
1990-03-12,,,,,,,
1990-03-13,,,,,,,
1990-03-14,,,,,,,
1990-03-15,,,,,,,
1990-03-16,,,,,,,
1990-03-19,,,,,,,
1990-03-20,,,,,,,
1990-03-21,,,,,,,
1990-03-22,,,,,,,
1990-03-23,,,,,,,
1990-03-26,,,,,,,
1990-03-27,,,,,,,
1990-03-28,,,,,,,
1990-03-29,,,,,,,
1990-03-30,,,,,,,
1990-04-02,,,,,,,
1990-04-03,,,,,,,
1990-04-04,,,,,,,
1990-04-05,,,,,,,
1990-04-06,,,,,,,
1990-04-09,,,,,,,
1990-04-10,,,,,,,
1990-04-11,,,,,,,
1990-04-12,,,,,,,
1990-04-13,,,,,,,
1990-04-16,,,,,,,
1990-04-17,,,,,,,
1990-04-18,,,,,,,
1990-04-19,,,,,,,
1990-04-20,,,,,,,
1990-04-23,,,,,,,
1990-04-24,,,,,,,
1990-04-25,,,,,,,
1990-04-26,,,,,,,
1990-04-27,,,,,,,
1990-04-30,,,,,,,
1990-05-01,,,,,,,
1990-05-02,,,,,,,
1990-05-03,,,,,,,
1990-05-04,,,,,,,
1990-05-07,,,,,,,
1990-05-08,,,,,,,
1990-05-09,,,,,,,
1990-05-10,,,,,,,
1990-05-11,,,,,,,
1990-05-14,,,,,,,
1990-05-15,,,,,,,
1990-05-16,,,,,,,
1990-05-17,,,,,,,
1990-05-18,,,,,,,
1990-05-21,,,,,,,
1990-05-22,,,,,,,
1990-05-23,,,,,,,
1990-05-24,,,,,,,
1990-05-25,,,,,,,
1990-05-28,,,,,,,
1990-05-29,,,,,,,
1990-05-30,,,,,,,
1990-05-31,,,,,,,
1990-06-01,,,,,,,
1990-06-04,,,,,,,
1990-06-05,,,,,,,
1990-06-06,,,,,,,
1990-06-07,,,,,,,
1990-06-08,,,,,,,
1990-06-11,,,,,,,
1990-06-12,,,,,,,
1990-06-13,,,,,,,
1990-06-14,,,,,,,
1990-06-15,,,,,,,
1990-06-18,,,,,,,
1990-06-19,,,,,,,
1990-06-20,,,,,,,
1990-06-21,,,,,,,
1990-06-22,,,,,,,
1990-06-25,,,,,,,
1990-06-26,,,,,,,
1990-06-27,,,,,,,
1990-06-28,,,,,,,
1990-06-29,,,,,,,
1990-07-02,,,,,,,
1990-07-03,,,,,,,
1990-07-04,,,,,,,
1990-07-05,,,,,,,
1990-07-06,,,,,,,
1990-07-09,,,,,,,
1990-07-10,,,,,,,
1990-07-11,,,,,,,
1990-07-12,,,,,,,
1990-07-13,,,,,,,
1990-07-16,,,,,,,
1990-07-17,,,,,,,
1990-07-18,,,,,,,
1990-07-19,,,,,,,
1990-07-20,,,,,,,
1990-07-23,,,,,,,
1990-07-24,,,,,,,
1990-07-25,,,,,,,
1990-07-26,,,,,,,
1990-07-27,,,,,,,
1990-07-30,,,,,,,
1990-07-31,,,,,,,
1990-08-01,,,,,,,
1990-08-02,,,,,,,
1990-08-03,,,,,,,
1990-08-06,,,,,,,
1990-08-07,,,,,,,
1990-08-08,,,,,,,
1990-08-09,,,,,,,
1990-08-10,,,,,,,
1990-08-13,,,,,,,
1990-08-14,,,,,,,
1990-08-15,,,,,,,
1990-08-16,,,,,,,
1990-08-17,,,,,,,
1990-08-20,,,,,,,
1990-08-21,,,,,,,
1990-08-22,,,,,,,
1990-08-23,,,,,,,
1990-08-24,,,,,,,
1990-08-27,,,,,,,
1990-08-28,,,,,,,
1990-08-29,,,,,,,
1990-08-30,,,,,,,
1990-08-31,,,,,,,
1990-09-03,,,,,,,
1990-09-04,,,,,,,
1990-09-05,,,,,,,
1990-09-06,,,,,,,
1990-09-07,,,,,,,
1990-09-10,,,,,,,
1990-09-11,,,,,,,
1990-09-12,,,,,,,
1990-09-13,,,,,,,
1990-09-14,,,,,,,
1990-09-17,,,,,,,
1990-09-18,,,,,,,
1990-09-19,,,,,,,
1990-09-20,,,,,,,
1990-09-21,,,,,,,
1990-09-24,,,,,,,
1990-09-25,,,,,,,
1990-09-26,,,,,,,
1990-09-27,,,,,,,
1990-09-28,,,,,,,
1990-10-01,,,,,,,
1990-10-02,,,,,,,
1990-10-03,,,,,,,
1990-10-04,,,,,,,
1990-10-05,,,,,,,
1990-10-08,,,,,,,
1990-10-09,,,,,,,
1990-10-10,,,,,,,
1990-10-11,,,,,,,
1990-10-12,,,,,,,
1990-10-15,,,,,,,
1990-10-16,,,,,,,
1990-10-17,,,,,,,
1990-10-18,,,,,,,
1990-10-19,,,,,,,
1990-10-22,,,,,,,
1990-10-23,,,,,,,
1990-10-24,,,,,,,
1990-10-25,,,,,,,
1990-10-26,,,,,,,
1990-10-29,,,,,,,
1990-10-30,,,,,,,
1990-10-31,,,,,,,
1990-11-01,,,,,,,
1990-11-02,,,,,,,
1990-11-05,,,,,,,
1990-11-06,,,,,,,
1990-11-07,,,,,,,
1990-11-08,,,,,,,
1990-11-09,,,,,,,
1990-11-12,,,,,,,
1990-11-13,,,,,,,
1990-11-14,,,,,,,
1990-11-15,,,,,,,
1990-11-16,,,,,,,
1990-11-19,,,,,,,
1990-11-20,,,,,,,
1990-11-21,,,,,,,
1990-11-22,,,,,,,
1990-11-23,,,,,,,
1990-11-26,,,,,,,
1990-11-27,,,,,,,
1990-11-28,,,,,,,
1990-11-29,,,,,,,
1990-11-30,,,,,,,
1990-12-03,,,,,,,
1990-12-04,,,,,,,
1990-12-05,,,,,,,
1990-12-06,,,,,,,
1990-12-07,,,,,,,
1990-12-10,,,,,,,
1990-12-11,,,,,,,
1990-12-12,,,,,,,
1990-12-13,,,,,,,
1990-12-14,,,,,,,
1990-12-17,,,,,,,
1990-12-18,,,,,,,
1990-12-19,,,,,,,
1990-12-20,,,,,,,
1990-12-21,,,,,,,
1990-12-24,,,,,,,
1990-12-25,,,,,,,
1990-12-26,,,,,,,
1990-12-27,,,,,,,
1990-12-28,,,,,,,
1990-12-31,,,,,,,
1991-01-01,,,,,,,
1991-01-02,,,,,,,
1991-01-03,,,,,,,
1991-01-04,,,,,,,
1991-01-07,,,,,,,
1991-01-08,,,,,,,
1991-01-09,,,,,,,
1991-01-10,,,,,,,
1991-01-11,,,,,,,
1991-01-14,,,,,,,
1991-01-15,,,,,,,
1991-01-16,,,,,,,
1991-01-17,,,,,,,
1991-01-18,,,,,,,
1991-01-21,,,,,,,
1991-01-22,,,,,,,
1991-01-23,,,,,,,
1991-01-24,,,,,,,
1991-01-25,,,,,,,
1991-01-28,,,,,,,
1991-01-29,,,,,,,
1991-01-30,,,,,,,
1991-01-31,,,,,,,
1991-02-01,,,,,,,
1991-02-04,,,,,,,
1991-02-05,,,,,,,
1991-02-06,,,,,,,
1991-02-07,,,,,,,
1991-02-08,,,,,,,
1991-02-11,,,,,,,
1991-02-12,,,,,,,
1991-02-13,,,,,,,
1991-02-14,,,,,,,
1991-02-15,,,,,,,
1991-02-18,,,,,,,
1991-02-19,,,,,,,
1991-02-20,,,,,,,
1991-02-21,,,,,,,
1991-02-22,,,,,,,
1991-02-25,,,,,,,
1991-02-26,,,,,,,
1991-02-27,,,,,,,
1991-02-28,,,,,,,
1991-03-01,,,,,,,
1991-03-04,,,,,,,
1991-03-05,,,,,,,
1991-03-06,,,,,,,
1991-03-07,,,,,,,
1991-03-08,,,,,,,
1991-03-11,,,,,,,
1991-03-12,,,,,,,
1991-03-13,,,,,,,
1991-03-14,,,,,,,
1991-03-15,,,,,,,
1991-03-18,,,,,,,
1991-03-19,,,,,,,
1991-03-20,,,,,,,
1991-03-21,,,,,,,
1991-03-22,,,,,,,
1991-03-25,,,,,,,
1991-03-26,,,,,,,
1991-03-27,,,,,,,
1991-03-28,,,,,,,
1991-03-29,,,,,,,
1991-04-01,,,,,,,
1991-04-02,,,,,,,
1991-04-03,,,,,,,
1991-04-04,,,,,,,
1991-04-05,,,,,,,
1991-04-08,,,,,,,
1991-04-09,,,,,,,
1991-04-10,,,,,,,
1991-04-11,,,,,,,
1991-04-12,,,,,,,
1991-04-15,,,,,,,
1991-04-16,,,,,,,
1991-04-17,,,,,,,
1991-04-18,,,,,,,
1991-04-19,,,,,,,
1991-04-22,,,,,,,
1991-04-23,,,,,,,
1991-04-24,,,,,,,
1991-04-25,,,,,,,
1991-04-26,,,,,,,
1991-04-29,,,,,,,
1991-04-30,,,,,,,
1991-05-01,,,,,,,
1991-05-02,,,,,,,
1991-05-03,,,,,,,
1991-05-06,,,,,,,
1991-05-07,,,,,,,
1991-05-08,,,,,,,
1991-05-09,,,,,,,
1991-05-10,,,,,,,
1991-05-13,,,,,,,
1991-05-14,,,,,,,
1991-05-15,,,,,,,
1991-05-16,,,,,,,
1991-05-17,,,,,,,
1991-05-20,,,,,,,
1991-05-21,,,,,,,
1991-05-22,,,,,,,
1991-05-23,,,,,,,
1991-05-24,,,,,,,
1991-05-27,,,,,,,
1991-05-28,,,,,,,
1991-05-29,,,,,,,
1991-05-30,,,,,,,
1991-05-31,,,,,,,
1991-06-03,,,,,,,
1991-06-04,,,,,,,
1991-06-05,,,,,,,
1991-06-06,,,,,,,
1991-06-07,,,,,,,
1991-06-10,,,,,,,
1991-06-11,,,,,,,
1991-06-12,,,,,,,
1991-06-13,,,,,,,
1991-06-14,,,,,,,
1991-06-17,,,,,,,
1991-06-18,,,,,,,
1991-06-19,,,,,,,
1991-06-20,,,,,,,
1991-06-21,,,,,,,
1991-06-24,,,,,,,
1991-06-25,,,,,,,
1991-06-26,,,,,,,
1991-06-27,,,,,,,
1991-06-28,,,,,,,
1991-07-01,,,,,,,
1991-07-02,,,,,,,
1991-07-03,,,,,,,
1991-07-04,,,,,,,
1991-07-05,,,,,,,
1991-07-08,,,,,,,
1991-07-09,,,,,,,
1991-07-10,,,,,,,
1991-07-11,,,,,,,
1991-07-12,,,,,,,
1991-07-15,,,,,,,
1991-07-16,,,,,,,
1991-07-17,,,,,,,
1991-07-18,,,,,,,
1991-07-19,,,,,,,
1991-07-22,,,,,,,
1991-07-23,,,,,,,
1991-07-24,,,,,,,
1991-07-25,,,,,,,
1991-07-26,,,,,,,
1991-07-29,,,,,,,
1991-07-30,,,,,,,
1991-07-31,,,,,,,
1991-08-01,,,,,,,
1991-08-02,,,,,,,
1991-08-05,,,,,,,
1991-08-06,,,,,,,
1991-08-07,,,,,,,
1991-08-08,,,,,,,
1991-08-09,,,,,,,
1991-08-12,,,,,,,
1991-08-13,,,,,,,
1991-08-14,,,,,,,
1991-08-15,,,,,,,
1991-08-16,,,,,,,
1991-08-19,,,,,,,
1991-08-20,,,,,,,
1991-08-21,,,,,,,
1991-08-22,,,,,,,
1991-08-23,,,,,,,
1991-08-26,,,,,,,
1991-08-27,,,,,,,
1991-08-28,,,,,,,
1991-08-29,,,,,,,
1991-08-30,,,,,,,
1991-09-02,,,,,,,
1991-09-03,,,,,,,
1991-09-04,,,,,,,
1991-09-05,,,,,,,
1991-09-06,,,,,,,
1991-09-09,,,,,,,
1991-09-10,,,,,,,
1991-09-11,,,,,,,
1991-09-12,,,,,,,
1991-09-13,,,,,,,
1991-09-16,,,,,,,
1991-09-17,,,,,,,
1991-09-18,,,,,,,
1991-09-19,,,,,,,
1991-09-20,,,,,,,
1991-09-23,,,,,,,
1991-09-24,,,,,,,
1991-09-25,,,,,,,
1991-09-26,,,,,,,
1991-09-27,,,,,,,
1991-09-30,,,,,,,
1991-10-01,,,,,,,
1991-10-02,,,,,,,
1991-10-03,,,,,,,
1991-10-04,,,,,,,
1991-10-07,,,,,,,
1991-10-08,,,,,,,
1991-10-09,,,,,,,
1991-10-10,,,,,,,
1991-10-11,,,,,,,
1991-10-14,,,,,,,
1991-10-15,,,,,,,
1991-10-16,,,,,,,
1991-10-17,,,,,,,
1991-10-18,,,,,,,
1991-10-21,,,,,,,
1991-10-22,,,,,,,
1991-10-23,,,,,,,
1991-10-24,,,,,,,
1991-10-25,,,,,,,
1991-10-28,,,,,,,
1991-10-29,,,,,,,
1991-10-30,,,,,,,
1991-10-31,,,,,,,
1991-11-01,,,,,,,
1991-11-04,,,,,,,
1991-11-05,,,,,,,
1991-11-06,,,,,,,
1991-11-07,,,,,,,
1991-11-08,,,,,,,
1991-11-11,,,,,,,
1991-11-12,,,,,,,
1991-11-13,,,,,,,
1991-11-14,,,,,,,
1991-11-15,,,,,,,
1991-11-18,,,,,,,
1991-11-19,,,,,,,
1991-11-20,,,,,,,
1991-11-21,,,,,,,
1991-11-22,,,,,,,
1991-11-25,,,,,,,
1991-11-26,,,,,,,
1991-11-27,,,,,,,
1991-11-28,,,,,,,
1991-11-29,,,,,,,
1991-12-02,,,,,,,
1991-12-03,,,,,,,
1991-12-04,,,,,,,
1991-12-05,,,,,,,
1991-12-06,,,,,,,
1991-12-09,,,,,,,
1991-12-10,,,,,,,
1991-12-11,,,,,,,
1991-12-12,,,,,,,
1991-12-13,,,,,,,
1991-12-16,,,,,,,
1991-12-17,,,,,,,
1991-12-18,,,,,,,
1991-12-19,,,,,,,
1991-12-20,,,,,,,
1991-12-23,,,,,,,
1991-12-24,,,,,,,
1991-12-25,,,,,,,
1991-12-26,,,,,,,
1991-12-27,,,,,,,
1991-12-30,,,,,,,
1991-12-31,,,,,,,
1992-01-01,,,,,,,
1992-01-02,,,,,,,
1992-01-03,,,,,,,
1992-01-06,,,,,,,
1992-01-07,,,,,,,
1992-01-08,,,,,,,
1992-01-09,,,,,,,
1992-01-10,,,,,,,
1992-01-13,,,,,,,
1992-01-14,,,,,,,
1992-01-15,,,,,,,
1992-01-16,,,,,,,
1992-01-17,,,,,,,
1992-01-20,,,,,,,
1992-01-21,,,,,,,
1992-01-22,,,,,,,
1992-01-23,,,,,,,
1992-01-24,,,,,,,
1992-01-27,,,,,,,
1992-01-28,,,,,,,
1992-01-29,,,,,,,
1992-01-30,,,,,,,
1992-01-31,,,,,,,
1992-02-03,,,,,,,
1992-02-04,,,,,,,
1992-02-05,,,,,,,
1992-02-06,,,,,,,
1992-02-07,,,,,,,
1992-02-10,,,,,,,
1992-02-11,,,,,,,
1992-02-12,,,,,,,
1992-02-13,,,,,,,
1992-02-14,,,,,,,
1992-02-17,,,,,,,
1992-02-18,,,,,,,
1992-02-19,,,,,,,
1992-02-20,,,,,,,
1992-02-21,,,,,,,
1992-02-24,,,,,,,
1992-02-25,,,,,,,
1992-02-26,,,,,,,
1992-02-27,,,,,,,
1992-02-28,,,,,,,
1992-03-02,,,,,,,
1992-03-03,,,,,,,
1992-03-04,,,,,,,
1992-03-05,,,,,,,
1992-03-06,,,,,,,
1992-03-09,,,,,,,
1992-03-10,,,,,,,
1992-03-11,,,,,,,
1992-03-12,,,,,,,
1992-03-13,,,,,,,
1992-03-16,,,,,,,
1992-03-17,,,,,,,
1992-03-18,,,,,,,
1992-03-19,,,,,,,
1992-03-20,,,,,,,
1992-03-23,,,,,,,
1992-03-24,,,,,,,
1992-03-25,,,,,,,
1992-03-26,,,,,,,
1992-03-27,,,,,,,
1992-03-30,,,,,,,
1992-03-31,,,,,,,
1992-04-01,,,,,,,
1992-04-02,,,,,,,
1992-04-03,,,,,,,
1992-04-06,,,,,,,
1992-04-07,,,,,,,
1992-04-08,,,,,,,
1992-04-09,,,,,,,
1992-04-10,,,,,,,
1992-04-13,,,,,,,
1992-04-14,,,,,,,
1992-04-15,,,,,,,
1992-04-16,,,,,,,
1992-04-17,,,,,,,
1992-04-20,,,,,,,
1992-04-21,,,,,,,
1992-04-22,,,,,,,
1992-04-23,,,,,,,
1992-04-24,,,,,,,
1992-04-27,,,,,,,
1992-04-28,,,,,,,
1992-04-29,,,,,,,
1992-04-30,,,,,,,
1992-05-01,,,,,,,
1992-05-04,,,,,,,
1992-05-05,,,,,,,
1992-05-06,,,,,,,
1992-05-07,,,,,,,
1992-05-08,,,,,,,
1992-05-11,,,,,,,
1992-05-12,,,,,,,
1992-05-13,,,,,,,
1992-05-14,,,,,,,
1992-05-15,,,,,,,
1992-05-18,,,,,,,
1992-05-19,,,,,,,
1992-05-20,,,,,,,
1992-05-21,,,,,,,
1992-05-22,,,,,,,
1992-05-25,,,,,,,
1992-05-26,,,,,,,
1992-05-27,,,,,,,
1992-05-28,,,,,,,
1992-05-29,,,,,,,
1992-06-01,,,,,,,
1992-06-02,,,,,,,
1992-06-03,,,,,,,
1992-06-04,,,,,,,
1992-06-05,,,,,,,
1992-06-08,,,,,,,
1992-06-09,,,,,,,
1992-06-10,,,,,,,
1992-06-11,,,,,,,
1992-06-12,,,,,,,
1992-06-15,,,,,,,
1992-06-16,,,,,,,
1992-06-17,,,,,,,
1992-06-18,,,,,,,
1992-06-19,,,,,,,
1992-06-22,,,,,,,
1992-06-23,,,,,,,
1992-06-24,,,,,,,
1992-06-25,,,,,,,
1992-06-26,,,,,,,
1992-06-29,,,,,,,
1992-06-30,,,,,,,
1992-07-01,,,,,,,
1992-07-02,,,,,,,
1992-07-03,,,,,,,
1992-07-06,,,,,,,
1992-07-07,,,,,,,
1992-07-08,,,,,,,
1992-07-09,,,,,,,
1992-07-10,,,,,,,
1992-07-13,,,,,,,
1992-07-14,,,,,,,
1992-07-15,,,,,,,
1992-07-16,,,,,,,
1992-07-17,,,,,,,
1992-07-20,,,,,,,
1992-07-21,,,,,,,
1992-07-22,,,,,,,
1992-07-23,,,,,,,
1992-07-24,,,,,,,
1992-07-27,,,,,,,
1992-07-28,,,,,,,
1992-07-29,,,,,,,
1992-07-30,,,,,,,
1992-07-31,,,,,,,
1992-08-03,,,,,,,
1992-08-04,,,,,,,
1992-08-05,,,,,,,
1992-08-06,,,,,,,
1992-08-07,,,,,,,
1992-08-10,,,,,,,
1992-08-11,,,,,,,
1992-08-12,,,,,,,
1992-08-13,,,,,,,
1992-08-14,,,,,,,
1992-08-17,,,,,,,
1992-08-18,,,,,,,
1992-08-19,,,,,,,
1992-08-20,,,,,,,
1992-08-21,,,,,,,
1992-08-24,,,,,,,
1992-08-25,,,,,,,
1992-08-26,,,,,,,
1992-08-27,,,,,,,
1992-08-28,,,,,,,
1992-08-31,,,,,,,
1992-09-01,,,,,,,
1992-09-02,,,,,,,
1992-09-03,,,,,,,
1992-09-04,,,,,,,
1992-09-07,,,,,,,
1992-09-08,,,,,,,
1992-09-09,,,,,,,
1992-09-10,,,,,,,
1992-09-11,,,,,,,
1992-09-14,,,,,,,
1992-09-15,,,,,,,
1992-09-16,,,,,,,
1992-09-17,,,,,,,
1992-09-18,,,,,,,
1992-09-21,,,,,,,
1992-09-22,,,,,,,
1992-09-23,,,,,,,
1992-09-24,,,,,,,
1992-09-25,,,,,,,
1992-09-28,,,,,,,
1992-09-29,,,,,,,
1992-09-30,,,,,,,
1992-10-01,,,,,,,
1992-10-02,,,,,,,
1992-10-03,,,,,,,
1992-10-05,,,,,,,
1992-10-06,,,,,,,
1992-10-07,,,,,,,
1992-10-08,,,,,,,
1992-10-09,,,,,,,
1992-10-10,,,,,,,
1992-10-12,,,,,,,
1992-10-13,,,,,,,
1992-10-14,,,,,,,
1992-10-15,,,,,,,
1992-10-16,,,,,,,
1992-10-19,,,,,,,
1992-10-20,,,,,,,
1992-10-21,,,,,,,
1992-10-22,,,,,,,
1992-10-23,,,,,,,
1992-10-26,,,,,,,
1992-10-27,,,,,,,
1992-10-28,,,,,,,
1992-10-29,,,,,,,
1992-10-30,,,,,,,
1992-11-02,,,,,,,
1992-11-03,,,,,,,
1992-11-04,,,,,,,
1992-11-05,,,,,,,
1992-11-06,,,,,,,
1992-11-07,,,,,,,
1992-11-08,,,,,,,
1992-11-09,,,,,,,
1992-11-10,,,,,,,
1992-11-11,,,,,,,
1992-11-12,,,,,,,
1992-11-13,,,,,,,
1992-11-14,,,,,,,
1992-11-16,,,,,,,
1992-11-17,,,,,,,
1992-11-18,,,,,,,
1992-11-19,,,,,,,
1992-11-20,,,,,,,
1992-11-23,,,,,,,
1992-11-24,,,,,,,
1992-11-25,,,,,,,
1992-11-26,,,,,,,
1992-11-27,,,,,,,
1992-11-28,,,,,,,
1992-11-30,,,,,,,
1992-12-01,,,,,,,
1992-12-02,,,,,,,
1992-12-03,,,,,,,
1992-12-04,,,,,,,
1992-12-07,,,,,,,
1992-12-08,,,,,,,
1992-12-09,,,,,,,
1992-12-10,,,,,,,
1992-12-11,,,,,,,
1992-12-14,,,,,,,
1992-12-15,,,,,,,
1992-12-16,,,,,,,
1992-12-17,,,,,,,
1992-12-18,,,,,,,
1992-12-21,,,,,,,
1992-12-22,,,,,,,
1992-12-23,,,,,,,
1992-12-24,,,,,,,
1992-12-25,,,,,,,
1992-12-28,,,,,,,
1992-12-29,,,,,,,
1992-12-30,,,,,,,
1992-12-31,,,,,,,
1993-01-01,,,,,,,
1993-01-04,,,,,,,
1993-01-05,,,,,,,
1993-01-06,,,,,,,
1993-01-07,,,,,,,
1993-01-08,,,,,,,
1993-01-11,,,,,,,
1993-01-12,,,,,,,
1993-01-13,,,,,,,
1993-01-14,,,,,,,
1993-01-15,,,,,,,
1993-01-18,,,,,,,
1993-01-19,,,,,,,
1993-01-20,,,,,,,
1993-01-21,,,,,,,
1993-01-22,,,,,,,
1993-01-25,,,,,,,
1993-01-26,,,,,,,
1993-01-27,,,,,,,
1993-01-28,,,,,,,
1993-01-29,,,,,,,
1993-02-01,,,,,,,
1993-02-02,,,,,,,
1993-02-03,,,,,,,
1993-02-04,,,,,,,
1993-02-05,,,,,,,
1993-02-08,,,,,,,
1993-02-09,,,,,,,
1993-02-10,,,,,,,
1993-02-11,,,,,,,
1993-02-12,,,,,,,
1993-02-15,,,,,,,
1993-02-16,,,,,,,
1993-02-17,,,,,,,
1993-02-18,,,,,,,
1993-02-19,,,,,,,
1993-02-22,,,,,,,
1993-02-23,,,,,,,
1993-02-24,,,,,,,
1993-02-25,,,,,,,
1993-02-26,,,,,,,
1993-03-01,,,,,,,
1993-03-02,,,,,,,
1993-03-03,,,,,,,
1993-03-04,,,,,,,
1993-03-05,,,,,,,
1993-03-08,,,,,,,
1993-03-09,,,,,,,
1993-03-10,,,,,,,
1993-03-11,,,,,,,
1993-03-12,,,,,,,
1993-03-15,,,,,,,
1993-03-16,,,,,,,
1993-03-17,,,,,,,
1993-03-18,,,,,,,
1993-03-19,,,,,,,
1993-03-22,,,,,,,
1993-03-23,,,,,,,
1993-03-24,,,,,,,
1993-03-25,,,,,,,
1993-03-26,,,,,,,
1993-03-29,,,,,,,
1993-03-30,,,,,,,
1993-03-31,,,,,,,
1993-04-01,,,,,,,
1993-04-02,,,,,,,
1993-04-05,,,,,,,
1993-04-06,,,,,,,
1993-04-07,,,,,,,
1993-04-08,,,,,,,
1993-04-13,,,,,,,
1993-04-14,,,,,,,
1993-04-15,,,,,,,
1993-04-16,,,,,,,
1993-04-19,,,,,,,
1993-04-20,,,,,,,
1993-04-21,,,,,,,
1993-04-22,,,,,,,
1993-04-23,,,,,,,
1993-04-26,,,,,,,
1993-04-27,,,,,,,
1993-04-28,,,,,,,
1993-04-29,,,,,,,
1993-04-30,,,,,,,
1993-05-03,,,,,,,
1993-05-04,,,,,,,
1993-05-05,,,,,,,
1993-05-06,,,,,,,
1993-05-07,,,,,,,
1993-05-10,,,,,,,
1993-05-11,,,,,,,
1993-05-12,,,,,,,
1993-05-13,,,,,,,
1993-05-14,,,,,,,
1993-05-17,,,,,,,
1993-05-18,,,,,,,
1993-05-19,,,,,,,
1993-05-20,,,,,,,
1993-05-21,,,,,,,
1993-05-24,,,,,,,
1993-05-25,,,,,,,
1993-05-26,,,,,,,
1993-05-27,,,,,,,
1993-05-28,,,,,,,
1993-06-01,,,,,,,
1993-06-02,,,,,,,
1993-06-03,,,,,,,
1993-06-04,,,,,,,
1993-06-07,,,,,,,
1993-06-08,,,,,,,
1993-06-09,,,,,,,
1993-06-10,,,,,,,
1993-06-11,,,,,,,
1993-06-14,,,,,,,
1993-06-15,,,,,,,
1993-06-16,,,,,,,
1993-06-17,,,,,,,
1993-06-18,,,,,,,
1993-06-21,,,,,,,
1993-06-22,,,,,,,
1993-06-23,,,,,,,
1993-06-24,,,,,,,
1993-06-25,,,,,,,
1993-06-28,,,,,,,
1993-06-29,,,,,,,
1993-06-30,,,,,,,
1993-07-01,,,,,,,
1993-07-02,,,,,,,
1993-07-05,,,,,,,
1993-07-06,,,,,,,
1993-07-07,,,,,,,
1993-07-08,,,,,,,
1993-07-09,,,,,,,
1993-07-12,,,,,,,
1993-07-13,,,,,,,
1993-07-14,,,,,,,
1993-07-15,,,,,,,
1993-07-16,,,,,,,
1993-07-19,,,,,,,
1993-07-20,,,,,,,
1993-07-21,,,,,,,
1993-07-22,,,,,,,
1993-07-23,,,,,,,
1993-07-26,,,,,,,
1993-07-27,,,,,,,
1993-07-28,,,,,,,
1993-07-29,,,,,,,
1993-07-30,,,,,,,
1993-08-02,,,,,,,
1993-08-03,,,,,,,
1993-08-04,,,,,,,
1993-08-05,,,,,,,
1993-08-06,,,,,,,
1993-08-09,,,,,,,
1993-08-10,,,,,,,
1993-08-11,,,,,,,
1993-08-12,,,,,,,
1993-08-13,,,,,,,
1993-08-16,,,,,,,
1993-08-17,,,,,,,
1993-08-18,,,,,,,
1993-08-19,,,,,,,
1993-08-20,,,,,,,
1993-08-23,,,,,,,
1993-08-24,,,,,,,
1993-08-25,,,,,,,
1993-08-26,,,,,,,
1993-08-27,,,,,,,
1993-08-30,,,,,,,
1993-08-31,,,,,,,
1993-09-01,,,,,,,
1993-09-02,,,,,,,
1993-09-03,,,,,,,
1993-09-06,,,,,,,
1993-09-07,,,,,,,
1993-09-08,,,,,,,
1993-09-09,,,,,,,
1993-09-10,,,,,,,
1993-09-13,,,,,,,
1993-09-14,,,,,,,
1993-09-15,,,,,,,
1993-09-16,,,,,,,
1993-09-17,,,,,,,
1993-09-20,,,,,,,
1993-09-21,,,,,,,
1993-09-22,,,,,,,
1993-09-23,,,,,,,
1993-09-24,,,,,,,
1993-09-27,,,,,,,
1993-09-28,,,,,,,
1993-09-29,,,,,,,
1993-09-30,,,,,,,
1993-10-01,,,,,,,
1993-10-04,,,,,,,
1993-10-05,,,,,,,
1993-10-06,,,,,,,
1993-10-07,,,,,,,
1993-10-08,,,,,,,
1993-10-11,,,,,,,
1993-10-12,,,,,,,
1993-10-13,,,,,,,
1993-10-14,,,,,,,
1993-10-15,,,,,,,
1993-10-18,,,,,,,
1993-10-19,,,,,,,
1993-10-20,,,,,,,
1993-10-21,,,,,,,
1993-10-22,,,,,,,
1993-10-25,,,,,,,
1993-10-26,,,,,,,
1993-10-27,,,,,,,
1993-10-28,,,,,,,
1993-10-29,,,,,,,
1993-11-01,,,,,,,
1993-11-02,,,,,,,
1993-11-03,,,,,,,
1993-11-04,,,,,,,
1993-11-05,,,,,,,
1993-11-08,,,,,,,
1993-11-09,,,,,,,
1993-11-10,,,,,,,
1993-11-11,,,,,,,
1993-11-12,,,,,,,
1993-11-15,,,,,,,
1993-11-16,,,,,,,
1993-11-17,,,,,,,
1993-11-18,,,,,,,
1993-11-19,,,,,,,
1993-11-22,,,,,,,
1993-11-23,,,,,,,
1993-11-24,,,,,,,
1993-11-25,,,,,,,
1993-11-26,,,,,,,
1993-11-29,,,,,,,
1993-11-30,,,,,,,
1993-12-01,,,,,,,
1993-12-02,,,,,,,
1993-12-03,,,,,,,
1993-12-06,,,,,,,
1993-12-07,,,,,,,
1993-12-08,,,,,,,
1993-12-09,,,,,,,
1993-12-10,,,,,,,
1993-12-13,,,,,,,
1993-12-14,,,,,,,
1993-12-15,,,,,,,
1993-12-16,,,,,,,
1993-12-17,,,,,,,
1993-12-20,,,,,,,
1993-12-21,,,,,,,
1993-12-22,,,,,,,
1993-12-23,,,,,,,
1993-12-24,,,,,,,
1993-12-27,,,,,,,
1993-12-28,,,,,,,
1993-12-29,,,,,,,
1993-12-30,,,,,,,
1993-12-31,,,,,,,
1994-01-03,,,,,,,
1994-01-04,,,,,,,
1994-01-05,,,,,,,
1994-01-06,,,,,,,
1994-01-07,,,,,,,
1994-01-10,,,,,,,
1994-01-11,,,,,,,
1994-01-12,,,,,,,
1994-01-13,,,,,,,
1994-01-14,,,,,,,
1994-01-17,,,,,,,
1994-01-18,,,,,,,
1994-01-19,,,,,,,
1994-01-20,,,,,,,
1994-01-21,,,,,,,
1994-01-24,,,,,,,
1994-01-25,,,,,,,
1994-01-26,,,,,,,
1994-01-27,,,,,,,
1994-01-28,,,,,,,
1994-01-31,,,,,,,
1994-02-01,,,,,,,
1994-02-02,,,,,,,
1994-02-03,,,,,,,
1994-02-04,,,,,,,
1994-02-07,,,,,,,
1994-02-08,,,,,,,
1994-02-09,,,,,,,
1994-02-10,,,,,,,
1994-02-11,,,,,,,
1994-02-14,,,,,,,
1994-02-15,,,,,,,
1994-02-16,,,,,,,
1994-02-17,,,,,,,
1994-02-18,,,,,,,
1994-02-21,,,,,,,
1994-02-22,,,,,,,
1994-02-23,,,,,,,
1994-02-24,,,,,,,
1994-02-25,,,,,,,
1994-02-28,,,,,,,
1994-03-01,,,,,,,
1994-03-02,,,,,,,
1994-03-03,,,,,,,
1994-03-04,,,,,,,
1994-03-07,,,,,,,
1994-03-08,,,,,,,
1994-03-09,,,,,,,
1994-03-10,,,,,,,
1994-03-11,,,,,,,
1994-03-14,,,,,,,
1994-03-15,,,,,,,
1994-03-16,,,,,,,
1994-03-17,,,,,,,
1994-03-18,,,,,,,
1994-03-21,,,,,,,
1994-03-22,,,,,,,
1994-03-23,,,,,,,
1994-03-24,,,,,,,
1994-03-25,,,,,,,
1994-03-28,,,,,,,
1994-03-29,,,,,,,
1994-03-30,,,,,,,
1994-03-31,,,,,,,
1994-04-05,,,,,,,
1994-04-06,,,,,,,
1994-04-07,,,,,,,
1994-04-08,,,,,,,
1994-04-11,,,,,,,
1994-04-12,,,,,,,
1994-04-13,,,,,,,
1994-04-14,,,,,,,
1994-04-15,,,,,,,
1994-04-18,,,,,,,
1994-04-19,,,,,,,
1994-04-20,,,,,,,
1994-04-21,,,,,,,
1994-04-22,,,,,,,
1994-04-25,,,,,,,
1994-04-26,,,,,,,
1994-04-27,,,,,,,
1994-04-28,,,,,,,
1994-04-29,,,,,,,
1994-05-02,,,,,,,
1994-05-03,,,,,,,
1994-05-04,,,,,,,
1994-05-05,,,,,,,
1994-05-06,,,,,,,
1994-05-09,,,,,,,
1994-05-10,,,,,,,
1994-05-11,,,,,,,
1994-05-12,,,,,,,
1994-05-13,,,,,,,
1994-05-16,,,,,,,
1994-05-17,,,,,,,
1994-05-18,,,,,,,
1994-05-19,,,,,,,
1994-05-20,,,,,,,
1994-05-23,,,,,,,
1994-05-24,,,,,,,
1994-05-25,,,,,,,
1994-05-26,,,,,,,
1994-05-27,,,,,,,
1994-05-30,,,,,,,
1994-05-31,,,,,,,
1994-06-01,,,,,,,
1994-06-02,,,,,,,
1994-06-03,,,,,,,
1994-06-06,,,,,,,
1994-06-07,,,,,,,
1994-06-08,,,,,,,
1994-06-09,,,,,,,
1994-06-10,,,,,,,
1994-06-13,,,,,,,
1994-06-14,,,,,,,
1994-06-15,,,,,,,
1994-06-16,,,,,,,
1994-06-17,,,,,,,
1994-06-20,,,,,,,
1994-06-21,,,,,,,
1994-06-22,,,,,,,
1994-06-23,,,,,,,
1994-06-24,,,,,,,
1994-06-27,,,,,,,
1994-06-28,,,,,,,
1994-06-29,,,,,,,
1994-06-30,,,,,,,
1994-07-01,,,,,,,
1994-07-04,,,,,,,
1994-07-05,,,,,,,
1994-07-06,,,,,,,
1994-07-07,,,,,,,
1994-07-08,,,,,,,
1994-07-11,,,,,,,
1994-07-12,,,,,,,
1994-07-13,,,,,,,
1994-07-14,,,,,,,
1994-07-15,,,,,,,
1994-07-18,,,,,,,
1994-07-19,,,,,,,
1994-07-20,,,,,,,
1994-07-21,,,,,,,
1994-07-22,,,,,,,
1994-07-25,,,,,,,
1994-07-26,,,,,,,
1994-07-27,,,,,,,
1994-07-28,,,,,,,
1994-07-29,,,,,,,
1994-08-01,,,,,,,
1994-08-02,,,,,,,
1994-08-03,,,,,,,
1994-08-04,,,,,,,
1994-08-05,,,,,,,
1994-08-08,,,,,,,
1994-08-09,,,,,,,
1994-08-10,,,,,,,
1994-08-11,,,,,,,
1994-08-12,,,,,,,
1994-08-15,,,,,,,
1994-08-16,,,,,,,
1994-08-17,,,,,,,
1994-08-18,,,,,,,
1994-08-19,,,,,,,
1994-08-22,,,,,,,
1994-08-23,,,,,,,
1994-08-24,,,,,,,
1994-08-25,,,,,,,
1994-08-26,,,,,,,
1994-08-29,,,,,,,
1994-08-30,,,,,,,
1994-08-31,,,,,,,
1994-09-01,,,,,,,
1994-09-02,,,,,,,
1994-09-05,,,,,,,
1994-09-06,,,,,,,
1994-09-07,,,,,,,
1994-09-08,,,,,,,
1994-09-09,,,,,,,
1994-09-12,,,,,,,
1994-09-13,,,,,,,
1994-09-14,,,,,,,
1994-09-15,,,,,,,
1994-09-16,,,,,,,
1994-09-19,,,,,,,
1994-09-20,,,,,,,
1994-09-21,,,,,,,
1994-09-22,,,,,,,
1994-09-23,,,,,,,
1994-09-26,,,,,,,
1994-09-27,,,,,,,
1994-09-28,,,,,,,
1994-09-29,,,,,,,
1994-09-30,,,,,,,
1994-10-03,,,,,,,
1994-10-04,,,,,,,
1994-10-05,,,,,,,
1994-10-06,,,,,,,
1994-10-07,,,,,,,
1994-10-10,,,,,,,
1994-10-11,,,,,,,
1994-10-12,,,,,,,
1994-10-13,,,,,,,
1994-10-14,,,,,,,
1994-10-17,,,,,,,
1994-10-18,,,,,,,
1994-10-19,,,,,,,
1994-10-20,,,,,,,
1994-10-21,,,,,,,
1994-10-24,,,,,,,
1994-10-25,,,,,,,
1994-10-26,,,,,,,
1994-10-27,,,,,,,
1994-10-28,,,,,,,
1994-10-31,,,,,,,
1994-11-01,,,,,,,
1994-11-02,,,,,,,
1994-11-03,,,,,,,
1994-11-04,,,,,,,
1994-11-07,,,,,,,
1994-11-08,,,,,,,
1994-11-09,,,,,,,
1994-11-10,,,,,,,
1994-11-11,,,,,,,
1994-11-14,,,,,,,
1994-11-15,,,,,,,
1994-11-16,,,,,,,
1994-11-17,,,,,,,
1994-11-18,,,,,,,
1994-11-21,,,,,,,
1994-11-22,,,,,,,
1994-11-23,,,,,,,
1994-11-24,,,,,,,
1994-11-25,,,,,,,
1994-11-28,,,,,,,
1994-11-29,,,,,,,
1994-11-30,,,,,,,
1994-12-01,,,,,,,
1994-12-02,,,,,,,
1994-12-05,,,,,,,
1994-12-06,,,,,,,
1994-12-07,,,,,,,
1994-12-08,,,,,,,
1994-12-09,,,,,,,
1994-12-12,,,,,,,
1994-12-13,,,,,,,
1994-12-14,,,,,,,
1994-12-15,,,,,,,
1994-12-16,,,,,,,
1994-12-19,,,,,,,
1994-12-20,,,,,,,
1994-12-21,,,,,,,
1994-12-22,,,,,,,
1994-12-23,,,,,,,
1994-12-26,,,,,,,
1994-12-27,,,,,,,
1994-12-28,,,,,,,
1994-12-29,,,,,,,
1994-12-30,,,,,,,
1995-01-02,,,,,,,
1995-01-03,,,,,,,
1995-01-04,,,,,,,
1995-01-05,,,,,,,
1995-01-06,,,,,,,
1995-01-09,,,,,,,
1995-01-10,,,,,,,
1995-01-11,,,,,,,
1995-01-12,,,,,,,
1995-01-13,,,,,,,
1995-01-16,,,,,,,
1995-01-17,,,,,,,
1995-01-18,,,,,,,
1995-01-19,,,,,,,
1995-01-20,,,,,,,
1995-01-23,,,,,,,
1995-01-24,,,,,,,
1995-01-25,,,,,,,
1995-01-26,,,,,,,
1995-01-27,,,,,,,
1995-01-30,,,,,,,
1995-01-31,,,,,,,
1995-02-01,,,,,,,
1995-02-02,,,,,,,
1995-02-03,,,,,,,
1995-02-06,,,,,,,
1995-02-07,,,,,,,
1995-02-08,,,,,,,
1995-02-09,,,,,,,
1995-02-10,,,,,,,
1995-02-13,,,,,,,
1995-02-14,,,,,,,
1995-02-15,,,,,,,
1995-02-16,,,,,,,
1995-02-17,,,,,,,
1995-02-20,,,,,,,
1995-02-21,,,,,,,
1995-02-22,,,,,,,
1995-02-23,,,,,,,
1995-02-24,,,,,,,
1995-02-27,,,,,,,
1995-02-28,,,,,,,
1995-03-01,,,,,,,
1995-03-02,,,,,,,
1995-03-03,,,,,,,
1995-03-06,,,,,,,
1995-03-07,,,,,,,
1995-03-08,,,,,,,
1995-03-09,,,,,,,
1995-03-10,,,,,,,
1995-03-13,,,,,,,
1995-03-14,,,,,,,
1995-03-15,,,,,,,
1995-03-16,,,,,,,
1995-03-17,,,,,,,
1995-03-20,,,,,,,
1995-03-21,,,,,,,
1995-03-22,,,,,,,
1995-03-23,,,,,,,
1995-03-24,,,,,,,
1995-03-27,,,,,,,
1995-03-28,,,,,,,
1995-03-29,,,,,,,
1995-03-30,,,,,,,
1995-03-31,,,,,,,
1995-04-03,,,,,,,
1995-04-04,,,,,,,
1995-04-05,,,,,,,
1995-04-06,,,,,,,
1995-04-07,,,,,,,
1995-04-10,,,,,,,
1995-04-11,,,,,,,
1995-04-12,,,,,,,
1995-04-13,,,,,,,
1995-04-14,,,,,,,
1995-04-17,,,,,,,
1995-04-18,,,,,,,
1995-04-19,,,,,,,
1995-04-20,,,,,,,
1995-04-21,,,,,,,
1995-04-24,,,,,,,
1995-04-25,,,,,,,
1995-04-26,,,,,,,
1995-04-27,,,,,,,
1995-04-28,,,,,,,
1995-05-01,,,,,,,
1995-05-02,,,,,,,
1995-05-03,,,,,,,
1995-05-04,,,,,,,
1995-05-05,,,,,,,
1995-05-08,,,,,,,
1995-05-09,,,,,,,
1995-05-10,,,,,,,
1995-05-11,,,,,,,
1995-05-12,,,,,,,
1995-05-15,,,,,,,
1995-05-16,,,,,,,
1995-05-17,,,,,,,
1995-05-18,,,,,,,
1995-05-19,,,,,,,
1995-05-22,,,,,,,
1995-05-23,,,,,,,
1995-05-24,,,,,,,
1995-05-25,,,,,,,
1995-05-26,,,,,,,
1995-05-29,,,,,,,
1995-05-30,,,,,,,
1995-05-31,,,,,,,
1995-06-01,,,,,,,
1995-06-02,,,,,,,
1995-06-05,,,,,,,
1995-06-06,,,,,,,
1995-06-07,,,,,,,
1995-06-08,,,,,,,
1995-06-09,,,,,,,
1995-06-12,,,,,,,
1995-06-13,,,,,,,
1995-06-14,,,,,,,
1995-06-15,,,,,,,
1995-06-16,,,,,,,
1995-06-19,,,,,,,
1995-06-20,,,,,,,
1995-06-21,,,,,,,
1995-06-22,,,,,,,
1995-06-23,,,,,,,
1995-06-26,,,,,,,
1995-06-27,,,,,,,
1995-06-28,,,,,,,
1995-06-29,,,,,,,
1995-06-30,,,,,,,
1995-07-03,,,,,,,
1995-07-04,,,,,,,
1995-07-05,,,,,,,
1995-07-06,,,,,,,
1995-07-07,,,,,,,
1995-07-10,,,,,,,
1995-07-11,,,,,,,
1995-07-12,,,,,,,
1995-07-13,,,,,,,
1995-07-14,,,,,,,
1995-07-17,,,,,,,
1995-07-18,,,,,,,
1995-07-19,,,,,,,
1995-07-20,,,,,,,
1995-07-21,,,,,,,
1995-07-24,,,,,,,
1995-07-25,,,,,,,
1995-07-26,,,,,,,
1995-07-27,,,,,,,
1995-07-28,,,,,,,
1995-07-31,,,,,,,
1995-08-01,,,,,,,
1995-08-02,,,,,,,
1995-08-03,,,,,,,
1995-08-04,,,,,,,
1995-08-07,,,,,,,
1995-08-08,,,,,,,
1995-08-09,,,,,,,
1995-08-10,,,,,,,
1995-08-11,,,,,,,
1995-08-14,,,,,,,
1995-08-15,,,,,,,
1995-08-16,,,,,,,
1995-08-17,,,,,,,
1995-08-18,,,,,,,
1995-08-21,,,,,,,
1995-08-22,,,,,,,
1995-08-23,,,,,,,
1995-08-24,,,,,,,
1995-08-25,,,,,,,
1995-08-28,,,,,,,
1995-08-29,,,,,,,
1995-08-30,,,,,,,
1995-08-31,,,,,,,
1995-09-01,,,,,,,
1995-09-04,,,,,,,
1995-09-05,,,,,,,
1995-09-06,,,,,,,
1995-09-07,,,,,,,
1995-09-08,,,,,,,
1995-09-11,,,,,,,
1995-09-12,,,,,,,
1995-09-13,,,,,,,
1995-09-14,,,,,,,
1995-09-15,,,,,,,
1995-09-18,,,,,,,
1995-09-19,,,,,,,
1995-09-20,,,,,,,
1995-09-21,,,,,,,
1995-09-22,,,,,,,
1995-09-25,,,,,,,
1995-09-26,,,,,,,
1995-09-27,,,,,,,
1995-09-28,,,,,,,
1995-09-29,,,,,,,
1995-10-02,,,,,,,
1995-10-03,,,,,,,
1995-10-04,,,,,,,
1995-10-05,,,,,,,
1995-10-06,,,,,,,
1995-10-09,,,,,,,
1995-10-10,,,,,,,
1995-10-11,,,,,,,
1995-10-12,,,,,,,
1995-10-13,,,,,,,
1995-10-16,,,,,,,
1995-10-17,,,,,,,
1995-10-18,,,,,,,
1995-10-19,,,,,,,
1995-10-20,,,,,,,
1995-10-23,,,,,,,
1995-10-24,,,,,,,
1995-10-25,,,,,,,
1995-10-26,,,,,,,
1995-10-27,,,,,,,
1995-10-30,,,,,,,
1995-10-31,,,,,,,
1995-11-01,,,,,,,
1995-11-02,,,,,,,
1995-11-03,,,,,,,
1995-11-06,,,,,,,
1995-11-07,,,,,,,
1995-11-08,,,,,,,
1995-11-09,,,,,,,
1995-11-10,,,,,,,
1995-11-13,,,,,,,
1995-11-14,,,,,,,
1995-11-15,,,,,,,
1995-11-16,,,,,,,
1995-11-17,,,,,,,
1995-11-20,,,,,,,
1995-11-21,,,,,,,
1995-11-22,,,,,,,
1995-11-23,,,,,,,
1995-11-24,,,,,,,
1995-11-27,,,,,,,
1995-11-28,,,,,,,
1995-11-29,,,,,,,
1995-11-30,,,,,,,
1995-12-01,,,,,,,
1995-12-04,,,,,,,
1995-12-05,,,,,,,
1995-12-06,,,,,,,
1995-12-07,,,,,,,
1995-12-08,,,,,,,
1995-12-11,,,,,,,
1995-12-12,,,,,,,
1995-12-13,,,,,,,
1995-12-14,,,,,,,
1995-12-15,,,,,,,
1995-12-18,,,,,,,
1995-12-19,,,,,,,
1995-12-20,,,,,,,
1995-12-21,,,,,,,
1995-12-22,,,,,,,
1995-12-25,,,,,,,
1995-12-26,,,,,,,
1995-12-27,,,,,,,
1995-12-28,,,,,,,
1995-12-29,,,,,,,
1996-01-01,,,,,,,
1996-01-02,,,,,,,
1996-01-03,,,,,,,
1996-01-04,,,,,,,
1996-01-05,,,,,,,
1996-01-08,,,,,,,
1996-01-09,,,,,,,
1996-01-10,,,,,,,
1996-01-11,,,,,,,
1996-01-12,,,,,,,
1996-01-15,,,,,,,
1996-01-16,,,,,,,
1996-01-17,,,,,,,
1996-01-18,,,,,,,
1996-01-19,,,,,,,
1996-01-22,,,,,,,
1996-01-23,,,,,,,
1996-01-24,,,,,,,
1996-01-25,,,,,,,
1996-01-26,,,,,,,
1996-01-29,,,,,,,
1996-01-30,,,,,,,
1996-01-31,,,,,,,
1996-02-01,,,,,,,
1996-02-02,,,,,,,
1996-02-05,,,,,,,
1996-02-06,,,,,,,
1996-02-07,,,,,,,
1996-02-08,,,,,,,
1996-02-09,,,,,,,
1996-02-12,,,,,,,
1996-02-13,,,,,,,
1996-02-14,,,,,,,
1996-02-15,,,,,,,
1996-02-16,,,,,,,
1996-02-19,,,,,,,
1996-02-20,,,,,,,
1996-02-21,,,,,,,
1996-02-22,,,,,,,
1996-02-23,,,,,,,
1996-02-26,,,,,,,
1996-02-27,,,,,,,
1996-02-28,,,,,,,
1996-02-29,,,,,,,
1996-03-01,,,,,,,
1996-03-04,,,,,,,
1996-03-05,,,,,,,
1996-03-06,,,,,,,
1996-03-07,,,,,,,
1996-03-08,,,,,,,
1996-03-11,,,,,,,
1996-03-12,,,,,,,
1996-03-13,,,,,,,
1996-03-14,,,,,,,
1996-03-15,,,,,,,
1996-03-18,,,,,,,
1996-03-19,,,,,,,
1996-03-20,,,,,,,
1996-03-21,,,,,,,
1996-03-22,,,,,,,
1996-03-25,,,,,,,
1996-03-26,,,,,,,
1996-03-27,,,,,,,
1996-03-28,,,,,,,
1996-03-29,,,,,,,
1996-04-01,,,,,,,
1996-04-02,,,,,,,
1996-04-03,,,,,,,
1996-04-04,,,,,,,
1996-04-05,,,,,,,
1996-04-08,,,,,,,
1996-04-09,,,,,,,
1996-04-10,,,,,,,
1996-04-11,,,,,,,
1996-04-12,,,,,,,
1996-04-15,,,,,,,
1996-04-16,,,,,,,
1996-04-17,,,,,,,
1996-04-18,,,,,,,
1996-04-19,,,,,,,
1996-04-22,,,,,,,
1996-04-23,,,,,,,
1996-04-24,,,,,,,
1996-04-25,,,,,,,
1996-04-26,,,,,,,
1996-04-29,,,,,,,
1996-04-30,,,,,,,
1996-05-01,,,,,,,
1996-05-02,,,,,,,
1996-05-03,,,,,,,
1996-05-06,,,,,,,
1996-05-07,,,,,,,
1996-05-08,,,,,,,
1996-05-09,,,,,,,
1996-05-10,,,,,,,
1996-05-13,,,,,,,
1996-05-14,,,,,,,
1996-05-15,,,,,,,
1996-05-16,,,,,,,
1996-05-17,,,,,,,
1996-05-20,,,,,,,
1996-05-21,,,,,,,
1996-05-22,,,,,,,
1996-05-23,,,,,,,
1996-05-24,,,,,,,
1996-05-27,,,,,,,
1996-05-28,,,,,,,
1996-05-29,,,,,,,
1996-05-30,,,,,,,
1996-05-31,,,,,,,
1996-06-03,,,,,,,
1996-06-04,,,,,,,
1996-06-05,,,,,,,
1996-06-06,,,,,,,
1996-06-07,,,,,,,
1996-06-10,,,,,,,
1996-06-11,,,,,,,
1996-06-12,,,,,,,
1996-06-13,,,,,,,
1996-06-14,,,,,,,
1996-06-17,,,,,,,
1996-06-18,,,,,,,
1996-06-19,,,,,,,
1996-06-20,,,,,,,
1996-06-21,,,,,,,
1996-06-24,,,,,,,
1996-06-25,,,,,,,
1996-06-26,,,,,,,
1996-06-27,,,,,,,
1996-06-28,,,,,,,
1996-07-01,,,,,,,
1996-07-02,,,,,,,
1996-07-03,,,,,,,
1996-07-04,,,,,,,
1996-07-05,,,,,,,
1996-07-08,,,,,,,
1996-07-09,,,,,,,
1996-07-10,,,,,,,
1996-07-11,,,,,,,
1996-07-12,,,,,,,
1996-07-15,,,,,,,
1996-07-16,,,,,,,
1996-07-17,,,,,,,
1996-07-18,,,,,,,
1996-07-19,,,,,,,
1996-07-22,,,,,,,
1996-07-23,,,,,,,
1996-07-24,,,,,,,
1996-07-25,,,,,,,
1996-07-26,,,,,,,
1996-07-29,,,,,,,
1996-07-30,,,,,,,
1996-07-31,,,,,,,
1996-08-01,,,,,,,
1996-08-02,,,,,,,
1996-08-05,,,,,,,
1996-08-06,,,,,,,
1996-08-07,,,,,,,
1996-08-08,,,,,,,
1996-08-09,,,,,,,
1996-08-12,,,,,,,
1996-08-13,,,,,,,
1996-08-14,,,,,,,
1996-08-15,,,,,,,
1996-08-16,,,,,,,
1996-08-19,,,,,,,
1996-08-20,,,,,,,
1996-08-21,,,,,,,
1996-08-22,,,,,,,
1996-08-23,,,,,,,
1996-08-26,,,,,,,
1996-08-27,,,,,,,
1996-08-28,,,,,,,
1996-08-29,,,,,,,
1996-08-30,,,,,,,
1996-09-02,,,,,,,
1996-09-03,,,,,,,
1996-09-04,,,,,,,
1996-09-05,,,,,,,
1996-09-06,,,,,,,
1996-09-09,,,,,,,
1996-09-10,,,,,,,
1996-09-11,,,,,,,
1996-09-12,,,,,,,
1996-09-13,,,,,,,
1996-09-16,,,,,,,
1996-09-17,,,,,,,
1996-09-18,,,,,,,
1996-09-19,,,,,,,
1996-09-20,,,,,,,
1996-09-23,,,,,,,
1996-09-24,,,,,,,
1996-09-25,,,,,,,
1996-09-26,,,,,,,
1996-09-27,,,,,,,
1996-09-30,,,,,,,
1996-10-01,,,,,,,
1996-10-02,,,,,,,
1996-10-03,,,,,,,
1996-10-04,,,,,,,
1996-10-07,,,,,,,
1996-10-08,,,,,,,
1996-10-09,,,,,,,
1996-10-10,,,,,,,
1996-10-11,,,,,,,
1996-10-14,,,,,,,
1996-10-15,,,,,,,
1996-10-16,,,,,,,
1996-10-17,,,,,,,
1996-10-18,,,,,,,
1996-10-21,,,,,,,
1996-10-22,,,,,,,
1996-10-23,,,,,,,
1996-10-24,,,,,,,
1996-10-25,,,,,,,
1996-10-28,,,,,,,
1996-10-29,,,,,,,
1996-10-30,,,,,,,
1996-10-31,,,,,,,
1996-11-01,,,,,,,
1996-11-04,,,,,,,
1996-11-05,,,,,,,
1996-11-06,,,,,,,
1996-11-07,,,,,,,
1996-11-08,,,,,,,
1996-11-11,,,,,,,
1996-11-12,,,,,,,
1996-11-13,,,,,,,
1996-11-14,,,,,,,
1996-11-15,,,,,,,
1996-11-18,,,,,,,
1996-11-19,,,,,,,
1996-11-20,,,,,,,
1996-11-21,,,,,,,
1996-11-22,,,,,,,
1996-11-25,,,,,,,
1996-11-26,,,,,,,
1996-11-27,,,,,,,
1996-11-28,,,,,,,
1996-11-29,,,,,,,
1996-12-02,,,,,,,
1996-12-03,,,,,,,
1996-12-04,,,,,,,
1996-12-05,,,,,,,
1996-12-06,,,,,,,
1996-12-09,,,,,,,
1996-12-10,,,,,,,
1996-12-11,,,,,,,
1996-12-12,,,,,,,
1996-12-13,,,,,,,
1996-12-16,,,,,,,
1996-12-17,,,,,,,
1996-12-18,,,,,,,
1996-12-19,,,,,,,
1996-12-20,,,,,,,
1996-12-23,,,,,,,
1996-12-24,,,,,,,
1996-12-25,,,,,,,
1996-12-26,,,,,,,
1996-12-27,,,,,,,
1996-12-30,,,,,,,
1996-12-31,,,,,,,
1997-01-01,,,,,,,
1997-01-02,,,,,,,
1997-01-03,,,,,,,
1997-01-06,,,,,,,
1997-01-07,,,,,,,
1997-01-08,,,,,,,
1997-01-09,,,,,,,
1997-01-10,,,,,,,
1997-01-13,,,,,,,
1997-01-14,,,,,,,
1997-01-15,,,,,,,
1997-01-16,,,,,,,
1997-01-17,,,,,,,
1997-01-20,,,,,,,
1997-01-21,,,,,,,
1997-01-22,,,,,,,
1997-01-23,,,,,,,
1997-01-24,,,,,,,
1997-01-27,,,,,,,
1997-01-28,,,,,,,
1997-01-29,,,,,,,
1997-01-30,,,,,,,
1997-01-31,,,,,,,
1997-02-03,,,,,,,
1997-02-04,,,,,,,
1997-02-05,,,,,,,
1997-02-06,,,,,,,
1997-02-07,,,,,,,
1997-02-10,,,,,,,
1997-02-11,,,,,,,
1997-02-12,,,,,,,
1997-02-13,,,,,,,
1997-02-14,,,,,,,
1997-02-17,,,,,,,
1997-02-18,,,,,,,
1997-02-19,,,,,,,
1997-02-20,,,,,,,
1997-02-21,,,,,,,
1997-02-24,,,,,,,
1997-02-25,,,,,,,
1997-02-26,,,,,,,
1997-02-27,,,,,,,
1997-02-28,,,,,,,
1997-03-03,,,,,,,
1997-03-04,,,,,,,
1997-03-05,,,,,,,
1997-03-06,,,,,,,
1997-03-07,,,,,,,
1997-03-10,,,,,,,
1997-03-11,,,,,,,
1997-03-12,,,,,,,
1997-03-13,,,,,,,
1997-03-14,,,,,,,
1997-03-17,,,,,,,
1997-03-18,,,,,,,
1997-03-19,,,,,,,
1997-03-20,,,,,,,
1997-03-21,,,,,,,
1997-03-24,,,,,,,
1997-03-25,,,,,,,
1997-03-26,,,,,,,
1997-03-27,,,,,,,
1997-03-28,,,,,,,
1997-03-31,,,,,,,
1997-04-01,,,,,,,
1997-04-02,,,,,,,
1997-04-03,,,,,,,
1997-04-04,,,,,,,
1997-04-07,,,,,,,
1997-04-08,,,,,,,
1997-04-09,,,,,,,
1997-04-10,,,,,,,
1997-04-11,,,,,,,
1997-04-14,,,,,,,
1997-04-15,,,,,,,
1997-04-16,,,,,,,
1997-04-17,,,,,,,
1997-04-18,,,,,,,
1997-04-21,,,,,,,
1997-04-22,,,,,,,
1997-04-23,,,,,,,
1997-04-24,,,,,,,
1997-04-25,,,,,,,
1997-04-28,,,,,,,
1997-04-29,,,,,,,
1997-04-30,,,,,,,
1997-05-01,,,,,,,
1997-05-02,,,,,,,
1997-05-05,,,,,,,
1997-05-06,,,,,,,
1997-05-07,,,,,,,
1997-05-08,,,,,,,
1997-05-09,,,,,,,
1997-05-12,,,,,,,
1997-05-13,,,,,,,
1997-05-14,,,,,,,
1997-05-15,,,,,,,
1997-05-16,,,,,,,
1997-05-19,,,,,,,
1997-05-20,,,,,,,
1997-05-21,,,,,,,
1997-05-22,,,,,,,
1997-05-23,,,,,,,
1997-05-26,,,,,,,
1997-05-27,,,,,,,
1997-05-28,,,,,,,
1997-05-29,,,,,,,
1997-05-30,,,,,,,
1997-06-02,,,,,,,
1997-06-03,,,,,,,
1997-06-04,,,,,,,
1997-06-05,,,,,,,
1997-06-06,,,,,,,
1997-06-09,,,,,,,
1997-06-10,,,,,,,
1997-06-11,,,,,,,
1997-06-12,,,,,,,
1997-06-13,,,,,,,
1997-06-16,,,,,,,
1997-06-17,,,,,,,
1997-06-18,,,,,,,
1997-06-19,,,,,,,
1997-06-20,,,,,,,
1997-06-23,,,,,,,
1997-06-24,,,,,,,
1997-06-25,,,,,,,
1997-06-26,,,,,,,
1997-06-27,,,,,,,
1997-06-30,,,,,,,
1997-07-01,,,,,,,
1997-07-02,,,,,,,
1997-07-03,,,,,,,
1997-07-04,,,,,,,
1997-07-07,,,,,,,
1997-07-08,,,,,,,
1997-07-09,,,,,,,
1997-07-10,,,,,,,
1997-07-11,,,,,,,
1997-07-14,,,,,,,
1997-07-15,,,,,,,
1997-07-16,,,,,,,
1997-07-17,,,,,,,
1997-07-18,,,,,,,
1997-07-21,,,,,,,
1997-07-22,,,,,,,
1997-07-23,,,,,,,
1997-07-24,,,,,,,
1997-07-25,,,,,,,
1997-07-28,,,,,,,
1997-07-29,,,,,,,
1997-07-30,,,,,,,
1997-07-31,,,,,,,
1997-08-01,,,,,,,
1997-08-04,,,,,,,
1997-08-05,,,,,,,
1997-08-06,,,,,,,
1997-08-07,,,,,,,
1997-08-08,,,,,,,
1997-08-11,,,,,,,
1997-08-12,,,,,,,
1997-08-13,,,,,,,
1997-08-14,,,,,,,
1997-08-15,,,,,,,
1997-08-18,,,,,,,
1997-08-19,,,,,,,
1997-08-20,,,,,,,
1997-08-21,,,,,,,
1997-08-22,,,,,,,
1997-08-25,,,,,,,
1997-08-26,,,,,,,
1997-08-27,,,,,,,
1997-08-28,,,,,,,
1997-08-29,,,,,,,
1997-09-01,,,,,,,
1997-09-02,,,,,,,
1997-09-03,,,,,,,
1997-09-04,,,,,,,
1997-09-05,,,,,,,
1997-09-08,,,,,,,
1997-09-09,,,,,,,
1997-09-10,,,,,,,
1997-09-11,,,,,,,
1997-09-12,,,,,,,
1997-09-15,,,,,,,
1997-09-16,,,,,,,
1997-09-17,,,,,,,
1997-09-18,,,,,,,
1997-09-19,,,,,,,
1997-09-22,,,,,,,
1997-09-23,,,,,,,
1997-09-24,,,,,,,
1997-09-25,,,,,,,
1997-09-26,,,,,,,
1997-09-29,,,,,,,
1997-09-30,,,,,,,
1997-10-01,,,,,,,
1997-10-02,,,,,,,
1997-10-03,,,,,,,
1997-10-06,,,,,,,
1997-10-07,,,,,,,
1997-10-08,,,,,,,
1997-10-09,,,,,,,
1997-10-10,,,,,,,
1997-10-13,,,,,,,
1997-10-14,,,,,,,
1997-10-15,,,,,,,
1997-10-16,,,,,,,
1997-10-17,,,,,,,
1997-10-20,,,,,,,
1997-10-21,,,,,,,
1997-10-22,,,,,,,
1997-10-23,,,,,,,
1997-10-24,,,,,,,
1997-10-27,,,,,,,
1997-10-28,,,,,,,
1997-10-29,,,,,,,
1997-10-30,,,,,,,
1997-10-31,,,,,,,
1997-11-03,,,,,,,
1997-11-04,,,,,,,
1997-11-05,,,,,,,
1997-11-06,,,,,,,
1997-11-07,,,,,,,
1997-11-10,,,,,,,
1997-11-11,,,,,,,
1997-11-12,212.0,202.0,209.5,202.0,,2334085.0,
1997-11-13,213.0,206.0,210.5,211.25,,207485.0,
1997-11-14,212.0,205.5,210.0,211.25,,656200.0,
1997-11-17,207.0,207.0,207.5,207.0,,3423.0,
1997-11-18,209.0,205.0,207.5,209.0,,333094.0,
1997-11-19,210.0,204.5,205.5,210.0,,532897.0,
1997-11-20,207.0,205.0,203.5,207.0,,108720.0,
1997-11-21,207.0,202.0,204.5,207.0,,1680.0,
1997-11-24,207.0,200.0,200.0,202.0,,23202.0,
1997-11-25,200.0,197.0,198.5,200.0,,26764.0,
1997-11-26,200.0,200.0,198.5,200.0,,25000.0,
1997-11-27,200.0,197.0,198.5,200.0,,3500.0,
1997-11-28,190.0,185.0,188.5,190.0,,43446.0,
1997-12-01,195.0,191.0,193.5,192.0,,17454.0,
1997-12-02,192.0,192.0,193.5,192.0,,1000.0,
1997-12-03,194.0,193.0,195.0,193.0,,278500.0,
1997-12-04,,,195.0,,,,
1997-12-05,195.0,193.75,195.0,195.0,,32358.0,
1997-12-08,198.0,193.0,195.0,197.0,,36470.0,
1997-12-09,,,195.0,,,,
1997-12-10,197.0,197.0,195.0,197.0,,1000.0,
1997-12-11,197.0,194.0,195.0,196.0,,16800.0,
1997-12-12,197.0,193.0,195.0,193.0,,126366.0,
1997-12-15,196.0,193.75,195.0,194.0,,88000.0,
1997-12-16,195.0,193.5,195.0,194.0,,220164.0,
1997-12-17,,,194.5,,,,
1997-12-18,193.0,193.0,194.5,193.0,,6200.0,
1997-12-19,196.0,193.0,194.5,193.0,,2800.0,
1997-12-22,193.0,193.0,194.5,193.0,,3000.0,
1997-12-23,,,194.5,,,,
1997-12-24,,,194.5,,,,
1997-12-25,,,,,,,
1997-12-26,,,,,,,
1997-12-29,197.0,192.0,194.5,192.0,,2000.0,
1997-12-30,192.0,192.0,194.5,192.0,,3000.0,
1997-12-31,192.5,192.5,194.5,192.5,,25000.0,
1998-01-01,,,,,,,
1998-01-02,198.0,198.0,195.0,198.0,,22750.0,
1998-01-05,210.0,198.0,207.5,198.0,,29870.0,
1998-01-06,210.0,210.0,208.5,210.0,,5400.0,
1998-01-07,220.0,215.0,217.5,215.0,,241580.0,
1998-01-08,237.0,220.0,232.5,220.0,,23372.0,
1998-01-09,250.0,234.0,246.5,234.0,,28685.0,
1998-01-12,250.0,238.0,240.0,250.0,,33771.0,
1998-01-13,238.0,232.0,235.0,235.0,,95226.0,
1998-01-14,232.0,232.0,235.0,232.0,,1088.0,
1998-01-15,242.0,233.0,236.5,240.0,,41000.0,
1998-01-16,244.0,239.5,241.0,240.0,,5000.0,
1998-01-19,247.0,244.0,243.5,244.0,,2919.0,
1998-01-20,247.0,247.0,243.5,247.0,,436.0,
1998-01-21,247.0,247.0,243.5,247.0,,1000.0,
1998-01-22,247.0,247.0,246.5,247.0,,4000.0,
1998-01-23,250.0,243.0,246.5,250.0,,1900.0,
1998-01-26,270.0,250.0,267.5,250.0,,21582.0,
1998-01-27,268.0,264.0,265.5,264.0,,8438.0,
1998-01-28,260.0,260.0,261.5,260.0,,182.0,
1998-01-29,262.0,259.0,260.0,262.0,,6002.0,
1998-01-30,260.0,260.0,257.5,260.0,,759.0,
1998-02-02,260.0,260.0,257.5,260.0,,2500.0,
1998-02-03,260.0,254.75,256.5,255.0,,6900.0,
1998-02-04,251.75,250.0,253.5,250.0,,1500.0,
1998-02-05,255.0,255.0,252.5,255.0,,1424.0,
1998-02-06,253.0,249.75,251.5,252.0,,150750.0,
1998-02-09,255.0,248.0,251.5,248.0,,77675.0,
1998-02-10,267.0,259.0,265.5,259.0,,823496.0,
1998-02-11,282.0,270.0,278.5,270.0,,57102.0,
1998-02-12,282.0,277.0,279.5,280.25,,109933.0,
1998-02-13,281.0,277.0,279.5,277.0,,4857.0,
1998-02-16,278.0,277.0,280.0,277.0,,2915.0,
1998-02-17,283.0,278.0,280.5,281.5,,13100.0,
1998-02-18,280.5,278.0,280.5,280.5,,32359.0,
1998-02-19,282.0,280.0,281.5,282.0,,27500.0,
1998-02-20,285.0,278.0,281.5,283.25,,16109.0,
1998-02-23,278.0,278.0,281.5,278.0,,5000.0,
1998-02-24,285.0,278.0,283.5,278.0,,558780.0,
1998-02-25,287.0,280.0,283.5,280.0,,6106.0,
1998-02-26,285.25,280.0,283.5,285.25,,4875.0,
1998-02-27,281.75,280.0,283.5,281.75,,1965.0,
1998-03-02,287.0,280.0,283.5,286.0,,3818.0,
1998-03-03,287.0,281.75,283.5,285.25,,5350.0,
1998-03-04,287.0,281.75,283.5,285.0,,992.0,
1998-03-05,285.0,280.0,283.5,280.0,,56569.0,
1998-03-06,285.0,280.0,283.5,285.0,,6311.0,
1998-03-09,290.0,283.0,286.5,290.0,,10100.0,
1998-03-10,315.0,283.75,311.5,283.75,,24700.0,
1998-03-11,340.0,310.0,335.0,313.25,,37368.0,
1998-03-12,340.0,303.0,310.0,340.0,,34972.0,
1998-03-13,318.0,308.0,313.0,312.0,,5750.0,
1998-03-16,319.0,319.0,316.0,319.0,,915.0,
1998-03-17,318.0,312.0,316.0,318.0,,1100.0,
1998-03-18,320.0,307.0,310.0,320.0,,22336.0,
1998-03-19,320.0,298.0,302.5,317.5,,22606.0,
1998-03-20,305.5,298.0,303.0,299.0,,3188.0,
1998-03-23,302.5,292.0,295.0,302.5,,8450.0,
1998-03-24,292.5,280.0,280.0,290.0,,12857.0,
1998-03-25,280.0,270.0,280.0,276.25,,1564493.0,
1998-03-26,282.0,282.0,282.0,282.0,,15000.0,
1998-03-27,270.0,265.0,268.5,265.0,,110510.0,
1998-03-30,268.0,266.25,269.0,267.0,,63878.0,
1998-03-31,273.0,266.0,269.0,266.0,,338680.0,
1998-04-01,265.0,265.0,270.0,265.0,,635.0,
1998-04-02,274.0,269.75,270.0,269.75,,20474.0,
1998-04-03,267.5,267.5,270.0,267.5,,2224.0,
1998-04-06,272.5,265.0,270.0,267.5,,8750.0,
1998-04-07,270.0,270.0,270.0,270.0,,138000.0,
1998-04-08,275.0,275.0,270.0,275.0,,3000.0,
1998-04-09,270.0,267.0,270.0,267.0,,121880.0,
1998-04-10,,,,,,,
1998-04-13,,,,,,,
1998-04-14,267.5,265.0,267.0,267.5,,10300.0,
1998-04-15,264.5,262.0,267.0,264.5,,1407.0,
1998-04-16,269.5,264.5,267.0,269.5,,2856.0,
1998-04-17,272.0,264.5,267.0,272.0,,800.0,
1998-04-20,265.0,262.0,266.0,262.0,,55389.0,
1998-04-21,262.0,262.0,266.0,262.0,,1108.0,
1998-04-22,262.5,260.0,262.5,262.5,,1755.0,
1998-04-23,260.0,260.0,262.5,260.0,,1300.0,
1998-04-24,,,262.5,,,,
1998-04-27,261.25,260.0,262.5,261.25,,3599.0,
1998-04-28,261.25,260.0,265.0,260.0,,6170.0,
1998-04-29,260.0,260.0,265.0,260.0,,20000.0,
1998-04-30,,,262.5,,,,
1998-05-01,260.0,260.0,262.5,260.0,,466.0,
1998-05-04,,,,,,,
1998-05-05,265.0,260.0,262.5,265.0,,5169.0,
1998-05-06,265.0,265.0,262.5,265.0,,472.0,
1998-05-07,261.25,260.0,262.5,261.25,,3150.0,
1998-05-08,265.0,260.0,262.5,265.0,,1349916.0,
1998-05-11,272.0,265.0,268.5,265.0,,23599.0,
1998-05-12,273.0,267.0,271.0,272.0,,50500.0,
1998-05-13,274.5,269.5,272.0,269.5,,2069.0,
1998-05-14,280.0,268.0,275.0,280.0,,34144.0,
1998-05-15,277.5,267.0,275.0,267.0,,31250.0,
1998-05-18,280.0,270.0,275.0,270.0,,7400.0,
1998-05-19,272.5,272.5,275.0,272.5,,571.0,
1998-05-20,280.0,280.0,275.0,280.0,,500.0,
1998-05-21,280.0,277.5,275.0,280.0,,4330.0,
1998-05-22,272.0,270.0,274.0,270.0,,4711.0,
1998-05-25,,,,,,,
1998-05-26,,,274.0,,,,
1998-05-27,278.0,271.0,274.0,271.0,,19450.0,
1998-05-28,278.0,238.0,245.0,278.0,,414203.0,
1998-05-29,255.0,245.0,250.0,250.0,,274449.0,
1998-06-01,258.0,250.0,255.0,255.0,,58750.0,
1998-06-02,252.0,247.5,253.5,252.0,,98715.0,
1998-06-03,258.0,257.0,260.0,258.0,,130000.0,
1998-06-04,273.0,265.0,270.0,265.0,,127600.0,
1998-06-05,275.0,265.0,270.0,275.0,,25969.0,
1998-06-08,,,270.0,,,,
1998-06-09,267.5,267.5,270.0,267.5,,40.0,
1998-06-10,271.0,270.0,268.0,270.0,,193000.0,
1998-06-11,265.5,265.5,268.0,265.5,,736.0,
1998-06-12,263.0,263.0,266.5,263.0,,3300.0,
1998-06-15,263.0,263.0,266.0,263.0,,6714.0,
1998-06-16,264.0,264.0,266.0,264.0,,1000.0,
1998-06-17,,,266.0,,,,
1998-06-18,268.0,260.0,266.0,268.0,,222000.0,
1998-06-19,262.5,262.5,265.0,262.5,,400.0,
1998-06-22,264.0,260.0,262.5,260.0,,3600.0,
1998-06-23,,,262.5,,,,
1998-06-24,265.0,261.25,262.5,265.0,,573.0,
1998-06-25,265.0,265.0,262.5,265.0,,182.0,
1998-06-26,,,262.5,,,,
1998-06-29,260.0,260.0,262.5,260.0,,15000.0,
1998-06-30,262.5,261.25,262.5,261.25,,101000.0,
1998-07-01,263.0,263.0,262.5,263.0,,800000.0,
1998-07-02,,,260.0,,,,
1998-07-03,257.5,257.5,260.0,257.5,,2250.0,
1998-07-06,262.0,260.0,260.0,262.0,,300000.0,
1998-07-07,263.0,262.0,260.0,262.0,,3000.0,
1998-07-08,257.5,257.5,260.0,257.5,,1000.0,
1998-07-09,255.0,255.0,260.0,255.0,,7000.0,
1998-07-10,255.5,248.0,255.0,255.0,,44715.0,
1998-07-13,,,255.0,,,,
1998-07-14,,,255.0,,,,
1998-07-15,252.5,250.0,252.5,252.5,,2771.0,
1998-07-16,250.0,250.0,252.5,250.0,,650.0,
1998-07-17,255.0,255.0,252.5,255.0,,1000.0,
1998-07-20,250.0,250.0,252.5,250.0,,1142.0,
1998-07-21,255.0,255.0,255.0,255.0,,3000.0,
1998-07-22,255.0,250.0,252.5,255.0,,272000.0,
1998-07-23,240.0,230.0,237.0,240.0,,103000.0,
1998-07-24,224.5,215.0,225.0,224.5,,601789.0,
1998-07-27,219.5,217.5,219.0,218.0,,25000.0,
1998-07-28,217.0,217.0,219.0,217.0,,109.0,
1998-07-29,217.0,217.0,219.0,217.0,,100.0,
1998-07-30,215.0,215.0,218.0,215.0,,1810.0,
1998-07-31,218.0,217.0,218.0,217.0,,481625.0,
1998-08-03,,,218.0,,,,
1998-08-04,215.5,215.5,223.0,215.5,,2000.0,
1998-08-05,230.0,220.0,225.0,220.0,,236720.0,
1998-08-06,230.0,230.0,225.0,230.0,,250.0,
1998-08-07,,,225.0,,,,
1998-08-10,222.5,221.0,225.0,222.5,,8200.0,
1998-08-11,230.0,222.5,225.0,222.5,,4000.0,
1998-08-12,220.0,217.0,215.0,220.0,,6450.0,
1998-08-13,217.0,215.0,219.0,215.0,,3100.0,
1998-08-14,217.0,217.0,219.0,217.0,,1000.0,
1998-08-17,,,219.0,,,,
1998-08-18,222.0,222.0,220.0,222.0,,680.0,
1998-08-19,,,220.0,,,,
1998-08-20,,,220.0,,,,
1998-08-21,,,220.0,,,,
1998-08-24,,,220.0,,,,
1998-08-25,,,220.0,,,,
1998-08-26,212.0,212.0,220.0,212.0,,30000.0,
1998-08-27,,,215.0,,,,
1998-08-28,207.5,207.5,210.0,207.5,,612.0,
1998-08-31,,,,,,,
1998-09-01,,,200.0,,,,
1998-09-02,202.5,202.5,200.0,202.5,,500.0,
1998-09-03,202.5,202.5,200.0,202.5,,1500.0,
1998-09-04,,,200.0,,,,
1998-09-07,205.0,205.0,200.0,205.0,,1195.0,
1998-09-08,205.0,202.5,201.5,202.5,,900.0,
1998-09-09,,,201.5,,,,
1998-09-10,203.25,203.0,201.5,203.0,,2400.0,
1998-09-11,,,201.5,,,,
1998-09-14,203.25,199.75,201.5,199.75,,1737.0,
1998-09-15,,,201.5,,,,
1998-09-16,199.75,199.75,201.5,199.75,,1529.0,
1998-09-17,,,201.5,,,,
1998-09-18,200.0,197.5,195.0,200.0,,600.0,
1998-09-21,190.0,190.0,190.0,190.0,,10000.0,
1998-09-22,192.5,192.5,190.0,192.5,,256.0,
1998-09-23,,,190.0,,,,
1998-09-24,,,190.0,,,,
1998-09-25,188.0,188.0,190.0,188.0,,250000.0,
1998-09-28,182.5,181.0,180.0,181.0,,38500.0,
1998-09-29,173.0,173.0,178.0,173.0,,125000.0,
1998-09-30,168.0,168.0,174.0,168.0,,10000.0,
1998-10-01,,,170.0,,,,
1998-10-02,167.0,163.0,160.0,167.0,,5434.0,
1998-10-05,,,160.0,,,,
1998-10-06,155.0,150.0,145.0,155.0,,4650.0,
1998-10-07,147.5,143.0,145.0,147.5,,202067.0,
1998-10-08,156.0,150.0,152.0,150.0,,14617.0,
1998-10-09,157.0,157.0,152.0,157.0,,736.0,
1998-10-12,153.5,153.5,153.5,153.5,,55000.0,
1998-10-13,157.0,150.0,153.5,155.5,,7770.0,
1998-10-14,,,150.0,,,,
1998-10-15,,,150.0,,,,
1998-10-16,153.5,147.0,150.0,147.0,,301600.0,
1998-10-19,,,149.0,,,,
1998-10-20,,,145.0,,,,
1998-10-21,,,145.0,,,,
1998-10-22,141.0,141.0,145.0,141.0,,500.0,
1998-10-23,,,145.0,,,,
1998-10-26,,,145.0,,,,
1998-10-27,140.0,140.0,145.0,140.0,,2599.0,
1998-10-28,143.75,143.75,142.5,143.75,,1000.0,
1998-10-29,135.0,135.0,142.5,135.0,,448000.0,
1998-10-30,151.0,148.0,148.0,148.0,,9000.0,
1998-11-02,153.0,151.5,148.0,151.5,,2637.0,
1998-11-03,151.5,151.5,148.0,151.5,,4651.0,
1998-11-04,148.0,148.0,149.0,148.0,,949000.0,
1998-11-05,153.0,150.0,149.0,150.0,,3500.0,
1998-11-06,153.5,153.5,153.5,153.5,,110510.0,
1998-11-09,160.0,155.5,160.0,155.5,,50700.0,
1998-11-10,169.0,161.0,165.0,167.0,,89199.0,
1998-11-11,172.0,170.0,169.5,170.0,,2790.0,
1998-11-12,172.0,170.0,175.0,171.0,,211000.0,
1998-11-13,179.0,179.0,175.0,179.0,,200.0,
1998-11-16,179.0,171.0,175.0,179.0,,2268.0,
1998-11-17,171.0,171.0,175.0,171.0,,2857.0,
1998-11-18,182.0,173.0,178.0,173.0,,15702.0,
1998-11-19,173.0,173.0,178.0,173.0,,1142.0,
1998-11-20,177.0,175.0,178.0,177.0,,86000.0,
1998-11-23,,,178.0,,,,
1998-11-24,182.0,180.0,178.0,180.0,,4500.0,
1998-11-25,185.0,175.0,180.0,182.0,,13857.0,
1998-11-26,180.0,180.0,180.0,180.0,,66634.0,
1998-11-27,180.5,180.5,180.0,180.5,,66634.0,
1998-11-30,183.0,175.0,180.0,175.0,,20000.0,
1998-12-01,184.0,183.0,180.0,184.0,,3250.0,
1998-12-02,,,180.0,,,,
1998-12-03,183.0,172.0,175.0,176.0,,6040.0,
1998-12-04,168.0,168.0,170.0,168.0,,2857.0,
1998-12-07,169.0,169.0,165.0,169.0,,5160.0,
1998-12-08,158.0,158.0,165.0,158.0,,60000.0,
1998-12-09,175.0,175.0,171.5,175.0,,3000.0,
1998-12-10,173.0,173.0,171.5,173.0,,50000.0,
1998-12-11,174.0,173.0,171.5,174.0,,25571.0,
1998-12-14,,,171.5,,,,
1998-12-15,,,171.5,,,,
1998-12-16,175.0,175.0,171.5,175.0,,1645.0,
1998-12-17,,,171.5,,,,
1998-12-18,174.0,174.0,171.5,174.0,,563.0,
1998-12-21,168.0,168.0,171.5,168.0,,1426.0,
1998-12-22,,,173.0,,,,
1998-12-23,178.0,178.0,178.0,178.0,,10000.0,
1998-12-24,185.0,185.0,183.0,185.0,,2000.0,
1998-12-25,,,,,,,
1998-12-28,,,,,,,
1998-12-29,,,183.0,,,,
1998-12-30,198.0,198.0,197.0,198.0,,2000.0,
1998-12-31,,,,,,,
1999-01-01,,,,,,,
1999-01-04,201.0,201.0,197.0,201.0,,349.0,
1999-01-05,202.0,201.0,197.0,202.0,,2470.0,
1999-01-06,193.0,193.0,197.0,193.0,,563.0,
1999-01-07,210.0,205.0,205.0,205.0,,7276.0,
1999-01-08,209.0,209.0,205.0,209.0,,39.0,
1999-01-11,,,205.0,,,,
1999-01-12,,,203.5,,,,
1999-01-13,195.0,185.0,188.0,195.0,,38000.0,
1999-01-14,202.0,195.0,199.0,195.0,,9413.0,
1999-01-15,205.0,202.0,201.5,205.0,,40000.0,
1999-01-18,199.0,199.0,201.5,199.0,,7000.0,
1999-01-19,199.0,190.0,191.0,199.0,,95822.0,
1999-01-20,190.0,187.0,191.0,188.5,,586940.0,
1999-01-21,189.0,189.0,191.0,189.0,,500000.0,
1999-01-22,,,191.0,,,,
1999-01-25,195.0,195.0,191.0,195.0,,1000.0,
1999-01-26,194.0,193.0,191.0,194.0,,21521.0,
1999-01-27,195.0,195.0,191.0,195.0,,1128.0,
1999-01-28,194.0,190.0,191.0,194.0,,101031.0,
1999-01-29,192.0,187.0,190.0,187.0,,6000.0,
1999-02-01,195.0,195.0,190.0,195.0,,1500.0,
1999-02-02,,,190.0,,,,
1999-02-03,186.0,186.0,190.0,186.0,,600.0,
1999-02-04,185.0,185.0,190.0,185.0,,1000.0,
1999-02-05,190.0,188.0,190.0,188.0,,325000.0,
1999-02-08,,,190.0,,,,
1999-02-09,194.0,188.0,190.0,194.0,,100000.0,
1999-02-10,191.0,189.0,190.0,191.0,,100000.0,
1999-02-11,,,190.0,,,,
1999-02-12,194.0,193.0,190.0,193.0,,7500.0,
1999-02-15,193.0,187.0,190.0,193.0,,33500.0,
1999-02-16,,,190.0,,,,
1999-02-17,182.0,182.0,187.0,182.0,,5000.0,
1999-02-18,,,187.0,,,,
1999-02-19,192.0,192.0,187.0,192.0,,769.0,
1999-02-22,192.0,186.0,188.5,190.0,,82650.0,
1999-02-23,192.0,192.0,188.5,192.0,,15200.0,
1999-02-24,191.0,191.0,188.5,191.0,,900.0,
1999-02-25,193.0,186.0,188.5,193.0,,6574.0,
1999-02-26,191.0,191.0,188.5,191.0,,1000.0,
1999-03-01,191.0,183.0,187.0,191.0,,10023.0,
1999-03-02,191.0,191.0,187.0,191.0,,2572.0,
1999-03-03,189.0,183.0,186.0,189.0,,12693.0,
1999-03-04,,,186.0,,,,
1999-03-05,190.0,185.0,184.0,188.0,,64650.0,
1999-03-08,187.0,177.0,181.0,187.0,,109665.0,
1999-03-09,180.0,170.0,175.0,177.0,,27266.0,
1999-03-10,184.0,170.0,177.0,170.0,,87437.0,
1999-03-11,181.0,181.0,177.0,181.0,,2200.0,
1999-03-12,185.0,177.0,179.0,185.0,,129833.0,
1999-03-15,183.0,176.0,179.0,182.0,,9877.0,
1999-03-16,176.0,176.0,179.0,176.0,,2000.0,
1999-03-17,179.0,171.0,175.0,176.0,,10150.0,
1999-03-18,179.0,170.0,175.0,179.0,,5514.0,
1999-03-19,179.0,171.0,175.0,179.0,,6000.0,
1999-03-22,179.0,170.0,175.0,179.0,,13000.0,
1999-03-23,178.0,170.0,175.0,170.0,,26400.0,
1999-03-24,180.0,170.0,175.0,180.0,,10600.0,
1999-03-25,172.0,170.0,175.0,171.0,,2659.0,
1999-03-26,,,175.0,,,,
1999-03-29,170.0,170.0,175.0,170.0,,6500.0,
1999-03-30,167.0,167.0,172.0,167.0,,2000.0,
1999-03-31,170.0,155.0,153.5,165.0,,21180.0,
1999-04-01,151.0,140.0,146.5,151.0,,23900.0,
1999-04-02,,,,,,,
1999-04-05,,,,,,,
1999-04-06,153.0,147.0,149.0,152.0,,28659.0,
1999-04-07,153.0,145.0,149.0,153.0,,5425.0,
1999-04-08,153.0,144.0,148.0,153.0,,59389.0,
1999-04-09,152.0,144.0,148.0,144.0,,1800.0,
1999-04-12,153.0,152.0,148.0,153.0,,8280.0,
1999-04-13,,,148.0,,,,
1999-04-14,153.0,153.0,148.0,153.0,,640.0,
1999-04-15,153.0,152.0,148.0,153.0,,4750.0,
1999-04-16,152.0,143.0,148.0,152.0,,10642.0,
1999-04-19,153.0,144.0,148.0,144.0,,1010848.0,
1999-04-20,152.0,152.0,149.0,152.0,,3250.0,
1999-04-21,152.0,152.0,149.0,152.0,,1142.0,
1999-04-22,146.0,145.0,149.0,146.0,,1850.0,
1999-04-23,152.0,145.0,149.0,145.0,,458835.0,
1999-04-26,152.0,150.0,149.0,152.0,,6558.0,
1999-04-27,153.0,146.0,149.0,153.0,,8846.0,
1999-04-28,153.0,144.0,148.0,145.0,,4105.0,
1999-04-29,153.0,140.0,148.0,140.0,,1318165.0,
1999-04-30,155.0,153.0,148.0,153.0,,51600.0,
1999-05-03,,,,,,,
1999-05-04,170.0,159.0,165.0,160.0,,365713.0,
1999-05-05,170.0,160.0,163.5,170.0,,188249.0,
1999-05-06,167.0,165.0,163.5,167.0,,119014.0,
1999-05-07,168.0,167.0,164.0,167.0,,31607.0,
1999-05-10,168.0,160.0,164.0,168.0,,32495.0,
1999-05-11,168.0,160.0,164.0,167.0,,29050.0,
1999-05-12,168.0,165.0,164.0,168.0,,172017.0,
1999-05-13,170.0,162.0,165.0,168.0,,16094.0,
1999-05-14,170.0,161.0,165.0,169.0,,13578.0,
1999-05-17,170.0,161.0,165.0,162.0,,5173.0,
1999-05-18,170.0,160.0,165.0,160.0,,15458.0,
1999-05-19,168.0,168.0,165.0,168.0,,325.0,
1999-05-20,169.0,160.0,165.0,169.0,,3177.0,
1999-05-21,170.0,169.0,165.0,169.0,,4445.0,
1999-05-24,170.0,169.0,165.0,170.0,,10257.0,
1999-05-25,169.0,169.0,165.0,169.0,,593.0,
1999-05-26,170.0,160.0,165.0,169.0,,16798.0,
1999-05-27,169.0,160.0,165.0,169.0,,42327.0,
1999-05-28,,,165.0,,,,
1999-05-31,,,,,,,
1999-06-01,170.0,160.0,162.5,162.0,,17860.0,
1999-06-02,167.0,158.0,161.5,167.0,,16299.0,
1999-06-03,164.0,159.0,161.5,164.0,,4350.0,
1999-06-04,164.0,159.0,161.5,164.0,,2200.0,
1999-06-07,165.0,164.0,161.5,164.0,,1593.0,
1999-06-08,165.0,165.0,161.5,165.0,,606.0,
1999-06-09,165.0,158.0,161.5,158.0,,3699.0,
1999-06-10,164.0,164.0,161.5,164.0,,900.0,
1999-06-11,164.0,158.0,161.5,159.0,,10236.0,
1999-06-14,164.0,157.0,161.0,164.0,,28726.0,
1999-06-15,164.0,164.0,161.0,164.0,,3850.0,
1999-06-16,158.0,157.0,161.0,158.0,,11109.0,
1999-06-17,165.0,158.0,161.0,164.0,,8089.0,
1999-06-18,165.0,164.0,161.0,164.0,,5809.0,
1999-06-21,164.0,158.0,161.0,164.0,,3300.0,
1999-06-22,165.0,164.0,161.0,165.0,,2556.0,
1999-06-23,166.0,157.0,161.0,157.0,,5903.0,
1999-06-24,164.0,164.0,161.0,164.0,,3000.0,
1999-06-25,164.0,150.0,161.0,158.0,,58031.0,
1999-06-28,157.0,155.0,160.0,157.0,,15281.0,
1999-06-29,165.0,155.0,160.0,155.0,,8606.0,
1999-06-30,156.0,156.0,160.0,156.0,,200.0,
1999-07-01,164.0,164.0,160.0,164.0,,500.0,
1999-07-02,,,160.0,,,,
1999-07-05,164.0,155.0,160.0,155.0,,21519.0,
1999-07-06,164.0,155.0,160.0,155.0,,107054.0,
1999-07-07,163.0,157.0,160.0,163.0,,36950.0,
1999-07-08,164.0,163.0,160.0,164.0,,4095.0,
1999-07-09,164.0,164.0,160.0,164.0,,1115.0,
1999-07-12,164.0,163.0,160.0,163.0,,2809.0,
1999-07-13,164.0,156.0,160.0,156.0,,2384.0,
1999-07-14,165.0,156.0,160.0,165.0,,5658.0,
1999-07-15,165.0,164.0,160.0,165.0,,5047.0,
1999-07-16,164.0,156.0,160.0,156.0,,5250.0,
1999-07-19,164.0,157.0,160.0,164.0,,23794.0,
1999-07-20,164.0,156.0,160.0,156.0,,3585.0,
1999-07-21,165.0,157.0,160.0,160.0,,64405.0,
1999-07-22,167.0,158.0,163.0,158.0,,249517.0,
1999-07-23,169.5,165.0,163.0,169.5,,9075.0,
1999-07-26,167.0,167.0,163.0,167.0,,1184.0,
1999-07-27,167.0,163.0,163.0,166.0,,34178.0,
1999-07-28,168.0,168.0,163.0,168.0,,1190.0,
1999-07-29,167.0,159.0,163.0,167.0,,808.0,
1999-07-30,168.0,167.0,163.0,167.0,,6887.0,
1999-08-02,168.0,159.0,163.0,168.0,,27585.0,
1999-08-03,167.0,159.0,163.0,167.0,,6358.0,
1999-08-04,169.0,159.0,163.0,169.0,,48388.0,
1999-08-05,164.0,159.0,156.0,164.0,,13807.0,
1999-08-06,160.0,159.0,156.0,160.0,,7372.0,
1999-08-09,159.0,153.0,154.0,159.0,,21735.0,
1999-08-10,154.0,141.0,144.0,154.0,,55896.0,
1999-08-11,148.0,140.0,144.0,140.0,,21395.0,
1999-08-12,148.0,147.0,144.0,148.0,,5302.0,
1999-08-13,146.0,135.0,139.0,146.0,,21416.0,
1999-08-16,144.0,136.0,139.0,143.0,,90552.0,
1999-08-17,155.0,142.5,145.0,145.0,,590182.0,
1999-08-18,220.0,157.0,213.0,158.0,,451649.0,
1999-08-19,230.0,210.0,225.0,220.0,,115545.0,
1999-08-20,230.0,215.0,218.5,220.0,,105263.0,
1999-08-23,228.0,215.0,220.0,216.0,,2748271.0,
1999-08-24,225.0,215.0,220.0,220.0,,100950.0,
1999-08-25,225.0,215.0,220.0,215.0,,22044.0,
1999-08-26,215.0,215.0,220.0,215.0,,2662.0,
1999-08-27,218.0,218.0,223.0,218.0,,1000.0,
1999-08-30,,,,,,,
1999-08-31,228.0,218.0,223.0,218.0,,12500.0,
1999-09-01,219.0,218.0,223.0,218.0,,1100.0,
1999-09-02,227.0,227.0,223.0,227.0,,2.0,
1999-09-03,219.0,219.0,223.0,219.0,,500.0,
1999-09-06,220.0,220.0,223.0,220.0,,10000.0,
1999-09-07,,,223.0,,,,
1999-09-08,218.0,218.0,223.0,218.0,,3261.0,
1999-09-09,220.0,220.0,223.0,220.0,,20000.0,
1999-09-10,,,223.0,,,,
1999-09-13,218.0,218.0,223.0,218.0,,4315.0,
1999-09-14,,,223.0,,,,
1999-09-15,220.0,220.0,223.0,220.0,,5000.0,
1999-09-16,,,223.0,,,,
1999-09-17,,,225.0,,,,
1999-09-20,220.0,220.0,225.0,220.0,,1500.0,
1999-09-21,229.0,220.0,225.0,220.0,,1095.0,
1999-09-22,230.0,228.0,225.0,230.0,,6065.0,
1999-09-23,,,225.0,,,,
1999-09-24,,,225.0,,,,
1999-09-27,221.0,221.0,225.0,221.0,,483.0,
1999-09-28,220.0,220.0,225.0,220.0,,294.0,
1999-09-29,,,225.0,,,,
1999-09-30,,,225.0,,,,
1999-10-01,220.0,220.0,225.0,220.0,,7600.0,
1999-10-04,,,225.0,,,,
1999-10-05,,,225.0,,,,
1999-10-06,,,225.0,,,,
1999-10-07,,,225.0,,,,
1999-10-08,,,225.0,,,,
1999-10-11,230.0,230.0,225.0,230.0,,483.0,
1999-10-12,,,225.0,,,,
1999-10-13,,,225.0,,,,
1999-10-14,230.0,230.0,225.0,230.0,,300.0,
1999-10-15,,,225.0,,,,
1999-10-18,,,225.0,,,,
1999-10-19,,,225.0,,,,
1999-10-20,229.0,229.0,225.0,229.0,,600.0,
1999-10-21,221.0,221.0,225.0,221.0,,345.0,
1999-10-22,220.0,220.0,225.0,220.0,,294.0,
1999-10-25,,,225.0,,,,
1999-10-26,,,,,,,
1999-10-27,,,,,,,
1999-10-28,,,,,,,
1999-10-29,,,,,,,
1999-11-01,,,,,,,
1999-11-02,,,,,,,
1999-11-03,,,,,,,
1999-11-04,,,,,,,
1999-11-05,,,,,,,
1999-11-08,,,,,,,
1999-11-09,,,,,,,
1999-11-10,,,,,,,
1999-11-11,,,,,,,
1999-11-12,,,,,,,
1999-11-15,,,,,,,
1999-11-16,,,,,,,
1999-11-17,,,,,,,
1999-11-18,,,,,,,
1999-11-19,,,,,,,
1999-11-22,,,,,,,
1999-11-23,,,,,,,
1999-11-24,,,,,,,
1999-11-25,,,,,,,
1999-11-26,,,,,,,
1999-11-29,,,,,,,
1999-11-30,,,,,,,
1999-12-01,,,,,,,
1999-12-02,,,,,,,
1999-12-03,,,,,,,
1999-12-06,,,,,,,
1999-12-07,,,,,,,
1999-12-08,,,,,,,
1999-12-09,,,,,,,
1999-12-10,,,,,,,
1999-12-13,,,,,,,
1999-12-14,,,,,,,
1999-12-15,,,,,,,
1999-12-16,,,,,,,
1999-12-17,,,,,,,
1999-12-20,,,,,,,
1999-12-21,,,,,,,
1999-12-22,,,,,,,
1999-12-23,,,,,,,
1999-12-24,,,,,,,
1999-12-27,,,,,,,
1999-12-28,,,,,,,
1999-12-29,,,,,,,
1999-12-30,,,,,,,
1999-12-31,,,,,,,
2000-01-03,,,,,,,
2000-01-04,,,,,,,
2000-01-05,,,,,,,
2000-01-06,,,,,,,
2000-01-07,,,,,,,
2000-01-10,,,,,,,
2000-01-11,,,,,,,
2000-01-12,,,,,,,
2000-01-13,,,,,,,
2000-01-14,,,,,,,
2000-01-17,,,,,,,
2000-01-18,,,,,,,
2000-01-19,,,,,,,
2000-01-20,,,,,,,
2000-01-21,,,,,,,
2000-01-24,,,,,,,
2000-01-25,,,,,,,
2000-01-26,,,,,,,
2000-01-27,,,,,,,
2000-01-28,,,,,,,
2000-01-31,,,,,,,
2000-02-01,,,,,,,
2000-02-02,,,,,,,
2000-02-03,,,,,,,
2000-02-04,,,,,,,
2000-02-07,,,,,,,
2000-02-08,,,,,,,
2000-02-09,,,,,,,
2000-02-10,,,,,,,
2000-02-11,,,,,,,
2000-02-14,,,,,,,
2000-02-15,,,,,,,
2000-02-16,,,,,,,
2000-02-17,,,,,,,
2000-02-18,,,,,,,
2000-02-21,,,,,,,
2000-02-22,,,,,,,
2000-02-23,,,,,,,
2000-02-24,,,,,,,
2000-02-25,,,,,,,
2000-02-28,,,,,,,
2000-02-29,,,,,,,
2000-03-01,,,,,,,
2000-03-02,,,,,,,
2000-03-03,,,,,,,
2000-03-06,,,,,,,
2000-03-07,,,,,,,
2000-03-08,,,,,,,
2000-03-09,,,,,,,
2000-03-10,,,,,,,
2000-03-13,,,,,,,
2000-03-14,,,,,,,
2000-03-15,,,,,,,
2000-03-16,,,,,,,
2000-03-17,,,,,,,
2000-03-20,,,,,,,
2000-03-21,,,,,,,
2000-03-22,,,,,,,
2000-03-23,,,,,,,
2000-03-24,,,,,,,
2000-03-27,,,,,,,
2000-03-28,,,,,,,
2000-03-29,,,,,,,
2000-03-30,,,,,,,
2000-03-31,,,,,,,
2000-04-03,,,,,,,
2000-04-04,,,,,,,
2000-04-05,,,,,,,
2000-04-06,,,,,,,
2000-04-07,,,,,,,
2000-04-10,,,,,,,
2000-04-11,,,,,,,
2000-04-12,,,,,,,
2000-04-13,,,,,,,
2000-04-14,,,,,,,
2000-04-17,,,,,,,
2000-04-18,,,,,,,
2000-04-19,,,,,,,
2000-04-20,,,,,,,
2000-04-21,,,,,,,
2000-04-24,,,,,,,
2000-04-25,,,,,,,
2000-04-26,,,,,,,
2000-04-27,,,,,,,
2000-04-28,,,,,,,
2000-05-01,,,,,,,
2000-05-02,,,,,,,
2000-05-03,,,,,,,
2000-05-04,,,,,,,
2000-05-05,,,,,,,
2000-05-08,,,,,,,
2000-05-09,,,,,,,
2000-05-10,,,,,,,
2000-05-11,,,,,,,
2000-05-12,,,,,,,
2000-05-15,,,,,,,
2000-05-16,,,,,,,
2000-05-17,,,,,,,
2000-05-18,,,,,,,
2000-05-19,,,,,,,
2000-05-22,,,,,,,
2000-05-23,,,,,,,
2000-05-24,,,,,,,
2000-05-25,,,,,,,
2000-05-26,,,,,,,
2000-05-29,,,,,,,
2000-05-30,,,,,,,
2000-05-31,,,,,,,
2000-06-01,,,,,,,
2000-06-02,,,,,,,
2000-06-05,,,,,,,
2000-06-06,,,,,,,
2000-06-07,,,,,,,
2000-06-08,,,,,,,
2000-06-09,,,,,,,
2000-06-12,,,,,,,
2000-06-13,,,,,,,
2000-06-14,,,,,,,
2000-06-15,,,,,,,
2000-06-16,,,,,,,
2000-06-19,,,,,,,
2000-06-20,,,,,,,
2000-06-21,,,,,,,
2000-06-22,,,,,,,
2000-06-23,,,,,,,
2000-06-26,,,,,,,
2000-06-27,,,,,,,
2000-06-28,,,,,,,
2000-06-29,,,,,,,
2000-06-30,,,,,,,
2000-07-03,,,,,,,
2000-07-04,,,,,,,
2000-07-05,,,,,,,
2000-07-06,,,,,,,
2000-07-07,,,,,,,
2000-07-10,,,,,,,
2000-07-11,,,,,,,
2000-07-12,,,,,,,
2000-07-13,,,,,,,
2000-07-14,,,,,,,
2000-07-17,,,,,,,
2000-07-18,,,,,,,
2000-07-19,,,,,,,
2000-07-20,,,,,,,
2000-07-21,,,,,,,
2000-07-24,,,,,,,
2000-07-25,,,,,,,
2000-07-26,,,,,,,
2000-07-27,,,,,,,
2000-07-28,,,,,,,
2000-07-31,,,,,,,
2000-08-01,,,,,,,
2000-08-02,,,,,,,
2000-08-03,,,,,,,
2000-08-04,,,,,,,
2000-08-07,,,,,,,
2000-08-08,,,,,,,
2000-08-09,,,,,,,
2000-08-10,,,,,,,
2000-08-11,,,,,,,
2000-08-14,,,,,,,
2000-08-15,,,,,,,
2000-08-16,,,,,,,
2000-08-17,,,,,,,
2000-08-18,,,,,,,
2000-08-21,,,,,,,
2000-08-22,,,,,,,
2000-08-23,,,,,,,
2000-08-24,,,,,,,
2000-08-25,,,,,,,
2000-08-28,,,,,,,
2000-08-29,,,,,,,
2000-08-30,,,,,,,
2000-08-31,,,,,,,
2000-09-01,,,,,,,
2000-09-04,,,,,,,
2000-09-05,,,,,,,
2000-09-06,,,,,,,
2000-09-07,,,,,,,
2000-09-08,,,,,,,
2000-09-11,,,,,,,
2000-09-12,,,,,,,
2000-09-13,,,,,,,
2000-09-14,,,,,,,
2000-09-15,,,,,,,
2000-09-18,,,,,,,
2000-09-19,,,,,,,
2000-09-20,,,,,,,
2000-09-21,,,,,,,
2000-09-22,,,,,,,
2000-09-25,,,,,,,
2000-09-26,,,,,,,
2000-09-27,,,,,,,
2000-09-28,,,,,,,
2000-09-29,,,,,,,
2000-10-02,,,,,,,
2000-10-03,,,,,,,
2000-10-04,,,,,,,
2000-10-05,,,,,,,
2000-10-06,,,,,,,
2000-10-09,,,,,,,
2000-10-10,,,,,,,
2000-10-11,,,,,,,
2000-10-12,,,,,,,
2000-10-13,,,,,,,
2000-10-16,,,,,,,
2000-10-17,,,,,,,
2000-10-18,,,,,,,
2000-10-19,,,,,,,
2000-10-20,,,,,,,
2000-10-23,,,,,,,
2000-10-24,,,,,,,
2000-10-25,,,,,,,
2000-10-26,,,,,,,
2000-10-27,,,,,,,
2000-10-30,,,,,,,
2000-10-31,,,,,,,
2000-11-01,,,,,,,
2000-11-02,,,,,,,
2000-11-03,,,,,,,
2000-11-06,,,,,,,
2000-11-07,,,,,,,
2000-11-08,,,,,,,
2000-11-09,,,,,,,
2000-11-10,,,,,,,
2000-11-13,,,,,,,
2000-11-14,,,,,,,
2000-11-15,,,,,,,
2000-11-16,,,,,,,
2000-11-17,,,,,,,
2000-11-20,,,,,,,
2000-11-21,,,,,,,
2000-11-22,,,,,,,
2000-11-23,,,,,,,
2000-11-24,,,,,,,
2000-11-27,,,,,,,
2000-11-28,,,,,,,
2000-11-29,,,,,,,
2000-11-30,,,,,,,
2000-12-01,,,,,,,
2000-12-04,,,,,,,
2000-12-05,,,,,,,
2000-12-06,,,,,,,
2000-12-07,,,,,,,
2000-12-08,,,,,,,
2000-12-11,,,,,,,
2000-12-12,,,,,,,
2000-12-13,,,,,,,
2000-12-14,,,,,,,
2000-12-15,,,,,,,
2000-12-18,,,,,,,
2000-12-19,,,,,,,
2000-12-20,,,,,,,
2000-12-21,,,,,,,
2000-12-22,,,,,,,
2000-12-25,,,,,,,
2000-12-26,,,,,,,
2000-12-27,,,,,,,
2000-12-28,,,,,,,
2000-12-29,,,,,,,
2001-01-01,,,,,,,
2001-01-02,,,,,,,
2001-01-03,,,,,,,
2001-01-04,,,,,,,
2001-01-05,,,,,,,
2001-01-08,,,,,,,
2001-01-09,,,,,,,
2001-01-10,,,,,,,
2001-01-11,,,,,,,
2001-01-12,,,,,,,
2001-01-15,,,,,,,
2001-01-16,,,,,,,
2001-01-17,,,,,,,
2001-01-18,,,,,,,
2001-01-19,,,,,,,
2001-01-22,,,,,,,
2001-01-23,,,,,,,
2001-01-24,,,,,,,
2001-01-25,,,,,,,
2001-01-26,,,,,,,
2001-01-29,,,,,,,
2001-01-30,,,,,,,
2001-01-31,,,,,,,
2001-02-01,,,,,,,
2001-02-02,,,,,,,
2001-02-05,,,,,,,
2001-02-06,,,,,,,
2001-02-07,,,,,,,
2001-02-08,,,,,,,
2001-02-09,,,,,,,
2001-02-12,,,,,,,
2001-02-13,,,,,,,
2001-02-14,,,,,,,
2001-02-15,,,,,,,
2001-02-16,,,,,,,
2001-02-19,,,,,,,
2001-02-20,,,,,,,
2001-02-21,,,,,,,
2001-02-22,,,,,,,
2001-02-23,,,,,,,
2001-02-26,,,,,,,
2001-02-27,,,,,,,
2001-02-28,,,,,,,
2001-03-01,,,,,,,
2001-03-02,,,,,,,
2001-03-05,,,,,,,
2001-03-06,,,,,,,
2001-03-07,,,,,,,
2001-03-08,,,,,,,
2001-03-09,,,,,,,
2001-03-12,,,,,,,
2001-03-13,,,,,,,
2001-03-14,,,,,,,
2001-03-15,,,,,,,
2001-03-16,,,,,,,
2001-03-19,,,,,,,
2001-03-20,,,,,,,
2001-03-21,,,,,,,
2001-03-22,,,,,,,
2001-03-23,,,,,,,
2001-03-26,,,,,,,
2001-03-27,,,,,,,
2001-03-28,,,,,,,
2001-03-29,,,,,,,
2001-03-30,,,,,,,
2001-04-02,,,,,,,
2001-04-03,,,,,,,
2001-04-04,,,,,,,
2001-04-05,,,,,,,
2001-04-06,,,,,,,
2001-04-09,,,,,,,
2001-04-10,,,,,,,
2001-04-11,,,,,,,
2001-04-12,,,,,,,
2001-04-13,,,,,,,
2001-04-16,,,,,,,
2001-04-17,,,,,,,
2001-04-18,,,,,,,
2001-04-19,,,,,,,
2001-04-20,,,,,,,
2001-04-23,,,,,,,
2001-04-24,,,,,,,
2001-04-25,,,,,,,
2001-04-26,,,,,,,
2001-04-27,,,,,,,
2001-04-30,,,,,,,
2001-05-01,,,,,,,
2001-05-02,,,,,,,
2001-05-03,,,,,,,
2001-05-04,,,,,,,
2001-05-07,,,,,,,
2001-05-08,,,,,,,
2001-05-09,,,,,,,
2001-05-10,,,,,,,
2001-05-11,,,,,,,
2001-05-14,,,,,,,
2001-05-15,,,,,,,
2001-05-16,,,,,,,
2001-05-17,,,,,,,
2001-05-18,,,,,,,
2001-05-21,,,,,,,
2001-05-22,,,,,,,
2001-05-23,,,,,,,
2001-05-24,,,,,,,
2001-05-25,,,,,,,
2001-05-28,,,,,,,
2001-05-29,,,,,,,
2001-05-30,,,,,,,
2001-05-31,,,,,,,
2001-06-01,,,,,,,
2001-06-04,,,,,,,
2001-06-05,,,,,,,
2001-06-06,,,,,,,
2001-06-07,,,,,,,
2001-06-08,,,,,,,
2001-06-11,,,,,,,
2001-06-12,,,,,,,
2001-06-13,,,,,,,
2001-06-14,,,,,,,
2001-06-15,,,,,,,
2001-06-18,,,,,,,
2001-06-19,,,,,,,
2001-06-20,,,,,,,
2001-06-21,,,,,,,
2001-06-22,,,,,,,
2001-06-25,,,,,,,
2001-06-26,,,,,,,
2001-06-27,,,,,,,
2001-06-28,,,,,,,
2001-06-29,,,,,,,
2001-07-02,,,,,,,
2001-07-03,,,,,,,
2001-07-04,,,,,,,
2001-07-05,,,,,,,
2001-07-06,,,,,,,
2001-07-09,,,,,,,
2001-07-10,,,,,,,
2001-07-11,,,,,,,
2001-07-12,,,,,,,
2001-07-13,,,,,,,
2001-07-16,,,,,,,
2001-07-17,,,,,,,
2001-07-18,,,,,,,
2001-07-19,,,,,,,
2001-07-20,,,,,,,
2001-07-23,,,,,,,
2001-07-24,,,,,,,
2001-07-25,,,,,,,
2001-07-26,,,,,,,
2001-07-27,,,,,,,
2001-07-30,,,,,,,
2001-07-31,,,,,,,
2001-08-01,,,,,,,
2001-08-02,,,,,,,
2001-08-03,,,,,,,
2001-08-06,,,,,,,
2001-08-07,,,,,,,
2001-08-08,,,,,,,
2001-08-09,,,,,,,
2001-08-10,,,,,,,
2001-08-13,,,,,,,
2001-08-14,,,,,,,
2001-08-15,,,,,,,
2001-08-16,,,,,,,
2001-08-17,,,,,,,
2001-08-20,,,,,,,
2001-08-21,,,,,,,
2001-08-22,,,,,,,
2001-08-23,,,,,,,
2001-08-24,,,,,,,
2001-08-27,,,,,,,
2001-08-28,,,,,,,
2001-08-29,,,,,,,
2001-08-30,,,,,,,
2001-08-31,,,,,,,
2001-09-03,,,,,,,
2001-09-04,,,,,,,
2001-09-05,,,,,,,
2001-09-06,,,,,,,
2001-09-07,,,,,,,
2001-09-10,,,,,,,
2001-09-11,,,,,,,
2001-09-12,,,,,,,
2001-09-13,,,,,,,
2001-09-14,,,,,,,
2001-09-17,,,,,,,
2001-09-18,,,,,,,
2001-09-19,,,,,,,
2001-09-20,,,,,,,
2001-09-21,,,,,,,
2001-09-24,,,,,,,
2001-09-25,,,,,,,
2001-09-26,,,,,,,
2001-09-27,,,,,,,
2001-09-28,,,,,,,
2001-10-01,,,,,,,
2001-10-02,,,,,,,
2001-10-03,,,,,,,
2001-10-04,,,,,,,
2001-10-05,,,,,,,
2001-10-08,,,,,,,
2001-10-09,,,,,,,
2001-10-10,,,,,,,
2001-10-11,,,,,,,
2001-10-12,,,,,,,
2001-10-15,,,,,,,
2001-10-16,,,,,,,
2001-10-17,,,,,,,
2001-10-18,,,,,,,
2001-10-19,,,,,,,
2001-10-22,,,,,,,
2001-10-23,,,,,,,
2001-10-24,,,,,,,
2001-10-25,,,,,,,
2001-10-26,,,,,,,
2001-10-29,,,,,,,
2001-10-30,,,,,,,
2001-10-31,,,,,,,
2001-11-01,,,,,,,
2001-11-02,,,,,,,
2001-11-05,,,,,,,
2001-11-06,,,,,,,
2001-11-07,,,,,,,
2001-11-08,,,,,,,
2001-11-09,,,,,,,
2001-11-12,,,,,,,
2001-11-13,,,,,,,
2001-11-14,,,,,,,
2001-11-15,,,,,,,
2001-11-16,,,,,,,
2001-11-19,,,,,,,
2001-11-20,,,,,,,
2001-11-21,,,,,,,
2001-11-22,,,,,,,
2001-11-23,,,,,,,
2001-11-26,,,,,,,
2001-11-27,,,,,,,
2001-11-28,,,,,,,
2001-11-29,,,,,,,
2001-11-30,,,,,,,
2001-12-01,,,,,,,
2001-12-03,,,,,,,
2001-12-04,,,,,,,
2001-12-05,,,,,,,
2001-12-06,,,,,,,
2001-12-07,,,,,,,
2001-12-10,,,,,,,
2001-12-11,,,,,,,
2001-12-12,,,,,,,
2001-12-13,,,,,,,
2001-12-14,,,,,,,
2001-12-17,,,,,,,
2001-12-18,,,,,,,
2001-12-19,,,,,,,
2001-12-20,,,,,,,
2001-12-21,,,,,,,
2001-12-24,,,,,,,
2001-12-25,,,,,,,
2001-12-26,,,,,,,
2001-12-27,,,,,,,
2001-12-28,,,,,,,
2001-12-31,,,,,,,
2002-01-01,,,,,,,
2002-01-02,,,,,,,
2002-01-03,,,,,,,
2002-01-04,,,,,,,
2002-01-07,,,,,,,
2002-01-08,,,,,,,
2002-01-09,,,,,,,
2002-01-10,,,,,,,
2002-01-11,,,,,,,
2002-01-14,,,,,,,
2002-01-15,,,,,,,
2002-01-16,,,,,,,
2002-01-17,,,,,,,
2002-01-18,,,,,,,
2002-01-21,,,,,,,
2002-01-22,,,,,,,
2002-01-23,,,,,,,
2002-01-24,,,,,,,
2002-01-25,,,,,,,
2002-01-28,,,,,,,
2002-01-29,,,,,,,
2002-01-30,,,,,,,
2002-01-31,,,,,,,
2002-02-01,,,,,,,
2002-02-04,,,,,,,
2002-02-05,,,,,,,
2002-02-06,,,,,,,
2002-02-07,,,,,,,
2002-02-08,,,,,,,
2002-02-11,,,,,,,
2002-02-12,,,,,,,
2002-02-13,,,,,,,
2002-02-14,,,,,,,
2002-02-15,,,,,,,
2002-02-18,,,,,,,
2002-02-19,,,,,,,
2002-02-20,,,,,,,
2002-02-21,,,,,,,
2002-02-22,,,,,,,
2002-02-25,,,,,,,
2002-02-26,,,,,,,
2002-02-27,,,,,,,
2002-02-28,,,,,,,
2002-03-01,,,,,,,
2002-03-04,,,,,,,
2002-03-05,,,,,,,
2002-03-06,,,,,,,
2002-03-07,,,,,,,
2002-03-08,,,,,,,
2002-03-11,,,,,,,
2002-03-12,,,,,,,
2002-03-13,,,,,,,
2002-03-14,,,,,,,
2002-03-15,,,,,,,
2002-03-18,,,,,,,
2002-03-19,,,,,,,
2002-03-20,,,,,,,
2002-03-21,,,,,,,
2002-03-22,,,,,,,
2002-03-25,,,,,,,
2002-03-26,,,,,,,
2002-03-27,,,,,,,
2002-03-28,,,,,,,
2002-03-29,,,,,,,
2002-04-01,,,,,,,
2002-04-02,,,,,,,
2002-04-03,,,,,,,
2002-04-04,,,,,,,
2002-04-05,,,,,,,
2002-04-08,,,,,,,
2002-04-09,,,,,,,
2002-04-10,,,,,,,
2002-04-11,,,,,,,
2002-04-12,,,,,,,
2002-04-15,,,,,,,
2002-04-16,,,,,,,
2002-04-17,,,,,,,
2002-04-18,,,,,,,
2002-04-19,,,,,,,
2002-04-22,,,,,,,
2002-04-23,,,,,,,
2002-04-24,,,,,,,
2002-04-25,,,,,,,
2002-04-26,,,,,,,
2002-04-29,,,,,,,
2002-04-30,,,,,,,
2002-05-01,,,,,,,
2002-05-02,,,,,,,
2002-05-03,,,,,,,
2002-05-06,,,,,,,
2002-05-07,,,,,,,
2002-05-08,,,,,,,
2002-05-09,,,,,,,
2002-05-10,,,,,,,
2002-05-13,,,,,,,
2002-05-14,,,,,,,
2002-05-15,,,,,,,
2002-05-16,,,,,,,
2002-05-17,,,,,,,
2002-05-20,,,,,,,
2002-05-21,,,,,,,
2002-05-22,,,,,,,
2002-05-23,,,,,,,
2002-05-24,,,,,,,
2002-05-27,,,,,,,
2002-05-28,,,,,,,
2002-05-29,,,,,,,
2002-05-30,,,,,,,
2002-05-31,,,,,,,
2002-06-03,,,,,,,
2002-06-04,,,,,,,
2002-06-05,,,,,,,
2002-06-06,,,,,,,
2002-06-07,,,,,,,
2002-06-10,,,,,,,
2002-06-11,,,,,,,
2002-06-12,,,,,,,
2002-06-13,,,,,,,
2002-06-14,,,,,,,
2002-06-17,,,,,,,
2002-06-18,,,,,,,
2002-06-19,,,,,,,
2002-06-20,,,,,,,
2002-06-21,,,,,,,
2002-06-24,,,,,,,
2002-06-25,,,,,,,
2002-06-26,,,,,,,
2002-06-27,,,,,,,
2002-06-28,,,,,,,
2002-07-01,,,,,,,
2002-07-02,,,,,,,
2002-07-03,,,,,,,
2002-07-04,,,,,,,
2002-07-05,,,,,,,
2002-07-08,,,,,,,
2002-07-09,,,,,,,
2002-07-10,,,,,,,
2002-07-11,,,,,,,
2002-07-12,,,,,,,
2002-07-15,,,,,,,
2002-07-16,,,,,,,
2002-07-17,,,,,,,
2002-07-18,,,,,,,
2002-07-19,,,,,,,
2002-07-22,,,,,,,
2002-07-23,,,,,,,
2002-07-24,,,,,,,
2002-07-25,,,,,,,
2002-07-26,,,,,,,
2002-07-29,,,,,,,
2002-07-30,,,,,,,
2002-07-31,,,,,,,
2002-08-01,,,,,,,
2002-08-02,,,,,,,
2002-08-05,,,,,,,
2002-08-06,,,,,,,
2002-08-07,,,,,,,
2002-08-08,,,,,,,
2002-08-09,,,,,,,
2002-08-12,,,,,,,
2002-08-13,,,,,,,
2002-08-14,,,,,,,
2002-08-15,,,,,,,
2002-08-16,,,,,,,
2002-08-19,,,,,,,
2002-08-20,,,,,,,
2002-08-21,,,,,,,
2002-08-22,,,,,,,
2002-08-23,,,,,,,
2002-08-26,,,,,,,
2002-08-27,,,,,,,
2002-08-28,,,,,,,
2002-08-29,,,,,,,
2002-08-30,,,,,,,
2002-09-02,,,,,,,
2002-09-03,,,,,,,
2002-09-04,,,,,,,
2002-09-05,,,,,,,
2002-09-06,,,,,,,
2002-09-09,,,,,,,
2002-09-10,,,,,,,
2002-09-11,,,,,,,
2002-09-12,,,,,,,
2002-09-13,,,,,,,
2002-09-16,,,,,,,
2002-09-17,,,,,,,
2002-09-18,,,,,,,
2002-09-19,,,,,,,
2002-09-20,,,,,,,
2002-09-23,,,,,,,
2002-09-24,,,,,,,
2002-09-25,,,,,,,
2002-09-26,,,,,,,
2002-09-27,,,,,,,
2002-09-30,,,,,,,
2002-10-01,,,,,,,
2002-10-02,,,,,,,
2002-10-03,,,,,,,
2002-10-04,,,,,,,
2002-10-07,,,,,,,
2002-10-08,,,,,,,
2002-10-09,,,,,,,
2002-10-10,,,,,,,
2002-10-11,,,,,,,
2002-10-14,,,,,,,
2002-10-15,,,,,,,
2002-10-16,,,,,,,
2002-10-17,,,,,,,
2002-10-18,,,,,,,
2002-10-21,,,,,,,
2002-10-22,,,,,,,
2002-10-23,,,,,,,
2002-10-24,,,,,,,
2002-10-25,,,,,,,
2002-10-28,,,,,,,
2002-10-29,,,,,,,
2002-10-30,,,,,,,
2002-10-31,,,,,,,
2002-11-01,,,,,,,
2002-11-04,,,,,,,
2002-11-05,,,,,,,
2002-11-06,,,,,,,
2002-11-07,,,,,,,
2002-11-08,,,,,,,
2002-11-11,,,,,,,
2002-11-12,,,,,,,
2002-11-13,,,,,,,
2002-11-14,,,,,,,
2002-11-15,,,,,,,
2002-11-18,,,,,,,
2002-11-19,,,,,,,
2002-11-20,,,,,,,
2002-11-21,,,,,,,
2002-11-22,,,,,,,
2002-11-25,,,,,,,
2002-11-26,,,,,,,
2002-11-27,,,,,,,
2002-11-28,,,,,,,
2002-11-29,,,,,,,
2002-12-02,,,,,,,
2002-12-03,,,,,,,
2002-12-04,,,,,,,
2002-12-05,,,,,,,
2002-12-06,,,,,,,
2002-12-09,,,,,,,
2002-12-10,,,,,,,
2002-12-11,,,,,,,
2002-12-12,,,,,,,
2002-12-13,,,,,,,
2002-12-16,,,,,,,
2002-12-17,,,,,,,
2002-12-18,,,,,,,
2002-12-19,,,,,,,
2002-12-20,,,,,,,
2002-12-23,,,,,,,
2002-12-24,,,,,,,
2002-12-25,,,,,,,
2002-12-26,,,,,,,
2002-12-27,,,,,,,
2002-12-30,,,,,,,
2002-12-31,,,,,,,
2003-01-01,,,,,,,
2003-01-02,,,,,,,
2003-01-03,,,,,,,
2003-01-06,,,,,,,
2003-01-07,,,,,,,
2003-01-08,,,,,,,
2003-01-09,,,,,,,
2003-01-10,,,,,,,
2003-01-13,,,,,,,
2003-01-14,,,,,,,
2003-01-15,,,,,,,
2003-01-16,,,,,,,
2003-01-17,,,,,,,
2003-01-20,,,,,,,
2003-01-21,,,,,,,
2003-01-22,,,,,,,
2003-01-23,,,,,,,
2003-01-24,,,,,,,
2003-01-27,,,,,,,
2003-01-28,,,,,,,
2003-01-29,,,,,,,
2003-01-30,,,,,,,
2003-01-31,,,,,,,
2003-02-03,,,,,,,
2003-02-04,,,,,,,
2003-02-05,,,,,,,
2003-02-06,,,,,,,
2003-02-07,,,,,,,
2003-02-10,,,,,,,
2003-02-11,,,,,,,
2003-02-12,,,,,,,
2003-02-13,,,,,,,
2003-02-14,,,,,,,
2003-02-17,,,,,,,
2003-02-18,,,,,,,
2003-02-19,,,,,,,
2003-02-20,,,,,,,
2003-02-21,,,,,,,
2003-02-24,,,,,,,
2003-02-25,,,,,,,
2003-02-26,,,,,,,
2003-02-27,,,,,,,
2003-02-28,,,,,,,
2003-03-03,,,,,,,
2003-03-04,,,,,,,
2003-03-05,,,,,,,
2003-03-06,,,,,,,
2003-03-07,,,,,,,
2003-03-10,,,,,,,
2003-03-11,,,,,,,
2003-03-12,,,,,,,
2003-03-13,,,,,,,
2003-03-14,,,,,,,
2003-03-17,,,,,,,
2003-03-18,,,,,,,
2003-03-19,,,,,,,
2003-03-20,,,,,,,
2003-03-21,,,,,,,
2003-03-24,,,,,,,
2003-03-25,,,,,,,
2003-03-26,,,,,,,
2003-03-27,,,,,,,
2003-03-28,,,,,,,
2003-03-31,,,,,,,
2003-04-01,,,,,,,
2003-04-02,,,,,,,
2003-04-03,,,,,,,
2003-04-04,,,,,,,
2003-04-07,,,,,,,
2003-04-08,,,,,,,
2003-04-09,,,,,,,
2003-04-10,,,,,,,
2003-04-11,,,,,,,
2003-04-14,,,,,,,
2003-04-15,,,,,,,
2003-04-16,,,,,,,
2003-04-17,,,,,,,
2003-04-18,,,,,,,
2003-04-21,,,,,,,
2003-04-22,,,,,,,
2003-04-23,,,,,,,
2003-04-24,,,,,,,
2003-04-25,,,,,,,
2003-04-28,,,,,,,
2003-04-29,,,,,,,
2003-04-30,,,,,,,
2003-05-01,,,,,,,
2003-05-02,,,,,,,
2003-05-05,,,,,,,
2003-05-06,,,,,,,
2003-05-07,,,,,,,
2003-05-08,,,,,,,
2003-05-09,,,,,,,
2003-05-12,,,,,,,
2003-05-13,,,,,,,
2003-05-14,,,,,,,
2003-05-15,,,,,,,
2003-05-16,,,,,,,
2003-05-19,,,,,,,
2003-05-20,,,,,,,
2003-05-21,,,,,,,
2003-05-22,,,,,,,
2003-05-23,,,,,,,
2003-05-26,,,,,,,
2003-05-27,,,,,,,
2003-05-28,,,,,,,
2003-05-29,,,,,,,
2003-05-30,,,,,,,
2003-06-02,,,,,,,
2003-06-03,,,,,,,
2003-06-04,,,,,,,
2003-06-05,,,,,,,
2003-06-06,,,,,,,
2003-06-09,,,,,,,
2003-06-10,,,,,,,
2003-06-11,,,,,,,
2003-06-12,,,,,,,
2003-06-13,,,,,,,
2003-06-16,,,,,,,
2003-06-17,,,,,,,
2003-06-18,,,,,,,
2003-06-19,,,,,,,
2003-06-20,,,,,,,
2003-06-23,,,,,,,
2003-06-24,,,,,,,
2003-06-25,,,,,,,
2003-06-26,,,,,,,
2003-06-27,,,,,,,
2003-06-30,,,,,,,
2003-07-01,,,,,,,
2003-07-02,,,,,,,
2003-07-03,,,,,,,
2003-07-04,,,,,,,
2003-07-07,,,,,,,
2003-07-08,,,,,,,
2003-07-09,,,,,,,
2003-07-10,,,,,,,
2003-07-11,,,,,,,
2003-07-14,,,,,,,
2003-07-15,,,,,,,
2003-07-16,,,,,,,
2003-07-17,,,,,,,
2003-07-18,,,,,,,
2003-07-21,,,,,,,
2003-07-22,,,,,,,
2003-07-23,,,,,,,
2003-07-24,,,,,,,
2003-07-25,,,,,,,
2003-07-28,,,,,,,
2003-07-29,,,,,,,
2003-07-30,,,,,,,
2003-07-31,,,,,,,
2003-08-01,,,,,,,
2003-08-04,,,,,,,
2003-08-05,,,,,,,
2003-08-06,,,,,,,
2003-08-07,,,,,,,
2003-08-08,,,,,,,
2003-08-11,,,,,,,
2003-08-12,,,,,,,
2003-08-13,,,,,,,
2003-08-14,,,,,,,
2003-08-15,,,,,,,
2003-08-18,,,,,,,
2003-08-19,,,,,,,
2003-08-20,,,,,,,
2003-08-21,,,,,,,
2003-08-22,,,,,,,
2003-08-25,,,,,,,
2003-08-26,,,,,,,
2003-08-27,,,,,,,
2003-08-28,,,,,,,
2003-08-29,,,,,,,
2003-09-01,,,,,,,
2003-09-02,,,,,,,
2003-09-03,,,,,,,
2003-09-04,,,,,,,
2003-09-05,,,,,,,
2003-09-08,,,,,,,
2003-09-09,,,,,,,
2003-09-10,,,,,,,
2003-09-11,,,,,,,
2003-09-12,,,,,,,
2003-09-15,,,,,,,
2003-09-16,,,,,,,
2003-09-17,,,,,,,
2003-09-18,,,,,,,
2003-09-19,,,,,,,
2003-09-22,,,,,,,
2003-09-23,,,,,,,
2003-09-24,,,,,,,
2003-09-25,,,,,,,
2003-09-26,,,,,,,
2003-09-29,,,,,,,
2003-09-30,,,,,,,
2003-10-01,,,,,,,
2003-10-02,,,,,,,
2003-10-03,,,,,,,
2003-10-06,,,,,,,
2003-10-07,,,,,,,
2003-10-08,,,,,,,
2003-10-09,,,,,,,
2003-10-10,,,,,,,
2003-10-13,,,,,,,
2003-10-14,,,,,,,
2003-10-15,,,,,,,
2003-10-16,,,,,,,
2003-10-17,,,,,,,
2003-10-20,,,,,,,
2003-10-21,,,,,,,
2003-10-22,,,,,,,
2003-10-23,,,,,,,
2003-10-24,,,,,,,
2003-10-27,,,,,,,
2003-10-28,,,,,,,
2003-10-29,,,,,,,
2003-10-30,,,,,,,
2003-10-31,,,,,,,
2003-11-03,,,,,,,
2003-11-04,,,,,,,
2003-11-05,,,,,,,
2003-11-06,,,,,,,
2003-11-07,,,,,,,
2003-11-10,,,,,,,
2003-11-11,,,,,,,
2003-11-12,,,,,,,
2003-11-13,,,,,,,
2003-11-14,,,,,,,
2003-11-17,,,,,,,
2003-11-18,,,,,,,
2003-11-19,,,,,,,
2003-11-20,,,,,,,
2003-11-21,,,,,,,
2003-11-24,,,,,,,
2003-11-25,,,,,,,
2003-11-26,,,,,,,
2003-11-27,,,,,,,
2003-11-28,,,,,,,
2003-12-01,,,,,,,
2003-12-02,,,,,,,
2003-12-03,,,,,,,
2003-12-04,,,,,,,
2003-12-05,,,,,,,
2003-12-08,,,,,,,
2003-12-09,,,,,,,
2003-12-10,,,,,,,
2003-12-11,,,,,,,
2003-12-12,,,,,,,
2003-12-15,,,,,,,
2003-12-16,,,,,,,
2003-12-17,,,,,,,
2003-12-18,,,,,,,
2003-12-19,,,,,,,
2003-12-22,,,,,,,
2003-12-23,,,,,,,
2003-12-24,,,,,,,
2003-12-25,,,,,,,
2003-12-26,,,,,,,
2003-12-29,,,,,,,
2003-12-30,,,,,,,
2003-12-31,,,,,,,
2004-01-01,,,,,,,
2004-01-02,,,,,,,
2004-01-04,,,,,,,
2004-01-05,,,,,,,
2004-01-06,,,,,,,
2004-01-07,,,,,,,
2004-01-08,,,,,,,
2004-01-09,,,,,,,
2004-01-12,,,,,,,
2004-01-13,,,,,,,
2004-01-14,,,,,,,
2004-01-15,,,,,,,
2004-01-16,,,,,,,
2004-01-19,,,,,,,
2004-01-20,,,,,,,
2004-01-21,,,,,,,
2004-01-22,,,,,,,
2004-01-23,,,,,,,
2004-01-26,,,,,,,
2004-01-27,,,,,,,
2004-01-28,,,,,,,
2004-01-29,,,,,,,
2004-01-30,,,,,,,
2004-02-02,,,,,,,
2004-02-03,,,,,,,
2004-02-04,,,,,,,
2004-02-05,,,,,,,
2004-02-06,,,,,,,
2004-02-09,,,,,,,
2004-02-10,,,,,,,
2004-02-11,,,,,,,
2004-02-12,,,,,,,
2004-02-13,,,,,,,
2004-02-16,,,,,,,
2004-02-17,,,,,,,
2004-02-18,,,,,,,
2004-02-19,,,,,,,
2004-02-20,,,,,,,
2004-02-23,,,,,,,
2004-02-24,,,,,,,
2004-02-25,,,,,,,
2004-02-26,,,,,,,
2004-02-27,,,,,,,
2004-03-01,,,,,,,
2004-03-02,,,,,,,
2004-03-03,,,,,,,
2004-03-04,,,,,,,
2004-03-05,,,,,,,
2004-03-08,,,,,,,
2004-03-09,,,,,,,
2004-03-10,,,,,,,
2004-03-11,,,,,,,
2004-03-12,,,,,,,
2004-03-15,,,,,,,
2004-03-16,,,,,,,
2004-03-17,,,,,,,
2004-03-18,,,,,,,
2004-03-19,,,,,,,
2004-03-22,,,,,,,
2004-03-23,,,,,,,
2004-03-24,,,,,,,
2004-03-25,,,,,,,
2004-03-26,,,,,,,
2004-03-29,,,,,,,
2004-03-30,,,,,,,
2004-03-31,,,,,,,
2004-04-01,,,,,,,
2004-04-02,,,,,,,
2004-04-05,,,,,,,
2004-04-06,,,,,,,
2004-04-07,,,,,,,
2004-04-08,,,,,,,
2004-04-09,,,,,,,
2004-04-12,,,,,,,
2004-04-13,,,,,,,
2004-04-14,,,,,,,
2004-04-15,,,,,,,
2004-04-16,,,,,,,
2004-04-19,,,,,,,
2004-04-20,,,,,,,
2004-04-21,,,,,,,
2004-04-22,,,,,,,
2004-04-23,,,,,,,
2004-04-26,,,,,,,
2004-04-27,,,,,,,
2004-04-28,,,,,,,
2004-04-29,,,,,,,
2004-04-30,,,,,,,
2004-05-03,,,,,,,
2004-05-04,,,,,,,
2004-05-05,,,,,,,
2004-05-06,,,,,,,
2004-05-07,,,,,,,
2004-05-10,,,,,,,
2004-05-11,,,,,,,
2004-05-12,,,,,,,
2004-05-13,,,,,,,
2004-05-14,,,,,,,
2004-05-17,,,,,,,
2004-05-18,,,,,,,
2004-05-19,,,,,,,
2004-05-20,,,,,,,
2004-05-21,,,,,,,
2004-05-24,,,,,,,
2004-05-25,,,,,,,
2004-05-26,,,,,,,
2004-05-27,,,,,,,
2004-05-28,,,,,,,
2004-05-31,,,,,,,
2004-06-01,,,,,,,
2004-06-02,,,,,,,
2004-06-03,,,,,,,
2004-06-04,,,,,,,
2004-06-07,,,,,,,
2004-06-08,,,,,,,
2004-06-09,,,,,,,
2004-06-10,,,,,,,
2004-06-11,,,,,,,
2004-06-14,,,,,,,
2004-06-15,,,,,,,
2004-06-16,,,,,,,
2004-06-17,,,,,,,
2004-06-18,,,,,,,
2004-06-21,,,,,,,
2004-06-22,,,,,,,
2004-06-23,,,,,,,
2004-06-24,,,,,,,
2004-06-25,,,,,,,
2004-06-28,,,,,,,
2004-06-29,,,,,,,
2004-06-30,,,,,,,
2004-07-01,,,,,,,
2004-07-02,,,,,,,
2004-07-05,,,,,,,
2004-07-06,,,,,,,
2004-07-07,,,,,,,
2004-07-08,,,,,,,
2004-07-09,,,,,,,
2004-07-12,,,,,,,
2004-07-13,,,,,,,
2004-07-14,,,,,,,
2004-07-15,,,,,,,
2004-07-16,,,,,,,
2004-07-19,,,,,,,
2004-07-20,,,,,,,
2004-07-21,,,,,,,
2004-07-22,,,,,,,
2004-07-23,,,,,,,
2004-07-26,,,,,,,
2004-07-27,,,,,,,
2004-07-28,,,,,,,
2004-07-29,,,,,,,
2004-07-30,,,,,,,
2004-08-02,,,,,,,
2004-08-03,,,,,,,
2004-08-04,,,,,,,
2004-08-05,,,,,,,
2004-08-06,,,,,,,
2004-08-09,,,,,,,
2004-08-10,,,,,,,
2004-08-11,,,,,,,
2004-08-12,,,,,,,
2004-08-13,,,,,,,
2004-08-16,,,,,,,
2004-08-17,,,,,,,
2004-08-18,,,,,,,
2004-08-19,,,,,,,
2004-08-20,,,,,,,
2004-08-23,,,,,,,
2004-08-24,,,,,,,
2004-08-25,,,,,,,
2004-08-26,,,,,,,
2004-08-27,,,,,,,
2004-08-30,,,,,,,
2004-08-31,,,,,,,
2004-09-01,,,,,,,
2004-09-02,,,,,,,
2004-09-03,,,,,,,
2004-09-06,,,,,,,
2004-09-07,,,,,,,
2004-09-08,,,,,,,
2004-09-09,,,,,,,
2004-09-10,,,,,,,
2004-09-13,,,,,,,
2004-09-14,,,,,,,
2004-09-15,,,,,,,
2004-09-16,,,,,,,
2004-09-17,,,,,,,
2004-09-20,,,,,,,
2004-09-21,,,,,,,
2004-09-22,,,,,,,
2004-09-23,,,,,,,
2004-09-24,,,,,,,
2004-09-27,,,,,,,
2004-09-28,,,,,,,
2004-09-29,,,,,,,
2004-09-30,,,,,,,
2004-10-01,,,,,,,
2004-10-04,,,,,,,
2004-10-05,,,,,,,
2004-10-06,,,,,,,
2004-10-07,,,,,,,
2004-10-08,,,,,,,
2004-10-11,,,,,,,
2004-10-12,,,,,,,
2004-10-13,,,,,,,
2004-10-14,,,,,,,
2004-10-15,,,,,,,
2004-10-18,,,,,,,
2004-10-19,,,,,,,
2004-10-20,,,,,,,
2004-10-21,,,,,,,
2004-10-22,,,,,,,
2004-10-25,,,,,,,
2004-10-26,,,,,,,
2004-10-27,,,,,,,
2004-10-28,,,,,,,
2004-10-29,,,,,,,
2004-11-01,,,,,,,
2004-11-02,,,,,,,
2004-11-03,,,,,,,
2004-11-04,,,,,,,
2004-11-05,,,,,,,
2004-11-08,,,,,,,
2004-11-09,,,,,,,
2004-11-10,,,,,,,
2004-11-11,,,,,,,
2004-11-12,,,,,,,
2004-11-15,,,,,,,
2004-11-16,,,,,,,
2004-11-17,,,,,,,
2004-11-18,,,,,,,
2004-11-19,,,,,,,
2004-11-22,,,,,,,
2004-11-23,,,,,,,
2004-11-24,,,,,,,
2004-11-25,,,,,,,
2004-11-26,,,,,,,
2004-11-29,,,,,,,
2004-11-30,,,,,,,
2004-12-01,,,,,,,
2004-12-02,,,,,,,
2004-12-03,,,,,,,
2004-12-06,,,,,,,
2004-12-07,,,,,,,
2004-12-08,,,,,,,
2004-12-09,,,,,,,
2004-12-10,,,,,,,
2004-12-13,,,,,,,
2004-12-14,,,,,,,
2004-12-15,,,,,,,
2004-12-16,,,,,,,
2004-12-17,,,,,,,
2004-12-20,,,,,,,
2004-12-21,,,,,,,
2004-12-22,,,,,,,
2004-12-23,,,,,,,
2004-12-24,,,,,,,
2004-12-27,,,,,,,
2004-12-28,,,,,,,
2004-12-29,,,,,,,
2004-12-30,,,,,,,
2004-12-31,,,,,,,
2005-01-03,,,,,,,
2005-01-04,,,,,,,
2005-01-05,,,,,,,
2005-01-06,,,,,,,
2005-01-07,,,,,,,
2005-01-10,,,,,,,
2005-01-11,,,,,,,
2005-01-12,,,,,,,
2005-01-13,,,,,,,
2005-01-14,,,,,,,
2005-01-17,,,,,,,
2005-01-18,,,,,,,
2005-01-19,,,,,,,
2005-01-20,,,,,,,
2005-01-21,,,,,,,
2005-01-24,,,,,,,
2005-01-25,,,,,,,
2005-01-26,,,,,,,
2005-01-27,,,,,,,
2005-01-28,,,,,,,
2005-01-31,,,,,,,
2005-02-01,,,,,,,
2005-02-02,,,,,,,
2005-02-03,,,,,,,
2005-02-04,,,,,,,
2005-02-07,,,,,,,
2005-02-08,,,,,,,
2005-02-09,,,,,,,
2005-02-10,,,,,,,
2005-02-11,,,,,,,
2005-02-14,,,,,,,
2005-02-15,,,,,,,
2005-02-16,,,,,,,
2005-02-17,,,,,,,
2005-02-18,,,,,,,
2005-02-21,,,,,,,
2005-02-22,,,,,,,
2005-02-23,,,,,,,
2005-02-24,,,,,,,
2005-02-25,,,,,,,
2005-02-28,,,,,,,
2005-03-01,,,,,,,
2005-03-02,,,,,,,
2005-03-03,,,,,,,
2005-03-04,,,,,,,
2005-03-07,,,,,,,
2005-03-08,,,,,,,
2005-03-09,,,,,,,
2005-03-10,,,,,,,
2005-03-11,,,,,,,
2005-03-14,,,,,,,
2005-03-15,,,,,,,
2005-03-16,,,,,,,
2005-03-17,,,,,,,
2005-03-18,,,,,,,
2005-03-21,,,,,,,
2005-03-22,,,,,,,
2005-03-23,,,,,,,
2005-03-24,,,,,,,
2005-03-25,,,,,,,
2005-03-28,,,,,,,
2005-03-29,,,,,,,
2005-03-30,,,,,,,
2005-03-31,,,,,,,
2005-04-01,,,,,,,
2005-04-04,,,,,,,
2005-04-05,,,,,,,
2005-04-06,,,,,,,
2005-04-07,,,,,,,
2005-04-08,,,,,,,
2005-04-11,,,,,,,
2005-04-12,,,,,,,
2005-04-13,,,,,,,
2005-04-14,,,,,,,
2005-04-15,,,,,,,
2005-04-18,,,,,,,
2005-04-19,,,,,,,
2005-04-20,,,,,,,
2005-04-21,,,,,,,
2005-04-22,,,,,,,
2005-04-25,,,,,,,
2005-04-26,,,,,,,
2005-04-27,,,,,,,
2005-04-28,,,,,,,
2005-04-29,,,,,,,
2005-05-02,,,,,,,
2005-05-03,,,,,,,
2005-05-04,,,,,,,
2005-05-05,,,,,,,
2005-05-06,,,,,,,
2005-05-09,,,,,,,
2005-05-10,,,,,,,
2005-05-11,,,,,,,
2005-05-12,,,,,,,
2005-05-13,,,,,,,
2005-05-16,,,,,,,
2005-05-17,,,,,,,
2005-05-18,,,,,,,
2005-05-19,,,,,,,
2005-05-20,,,,,,,
2005-05-23,,,,,,,
2005-05-24,,,,,,,
2005-05-25,,,,,,,
2005-05-26,,,,,,,
2005-05-27,,,,,,,
2005-05-30,,,,,,,
2005-05-31,,,,,,,
2005-06-01,,,,,,,
2005-06-02,,,,,,,
2005-06-03,,,,,,,
2005-06-06,,,,,,,
2005-06-07,,,,,,,
2005-06-08,,,,,,,
2005-06-09,,,,,,,
2005-06-10,,,,,,,
2005-06-13,,,,,,,
2005-06-14,,,,,,,
2005-06-15,,,,,,,
2005-06-16,,,,,,,
2005-06-17,,,,,,,
2005-06-20,,,,,,,
2005-06-21,,,,,,,
2005-06-22,,,,,,,
2005-06-23,,,,,,,
2005-06-24,,,,,,,
2005-06-27,,,,,,,
2005-06-28,,,,,,,
2005-06-29,,,,,,,
2005-06-30,,,,,,,
2005-07-01,,,,,,,
2005-07-04,,,,,,,
2005-07-05,,,,,,,
2005-07-06,,,,,,,
2005-07-07,,,,,,,
2005-07-08,,,,,,,
2005-07-11,,,,,,,
2005-07-12,,,,,,,
2005-07-13,,,,,,,
2005-07-14,,,,,,,
2005-07-15,,,,,,,
2005-07-18,,,,,,,
2005-07-19,,,,,,,
2005-07-20,,,,,,,
2005-07-21,,,,,,,
2005-07-22,,,,,,,
2005-07-25,,,,,,,
2005-07-26,,,,,,,
2005-07-27,,,,,,,
2005-07-28,,,,,,,
2005-07-29,,,,,,,
2005-08-01,,,,,,,
2005-08-02,,,,,,,
2005-08-03,,,,,,,
2005-08-04,,,,,,,
2005-08-05,,,,,,,
2005-08-08,,,,,,,
2005-08-09,,,,,,,
2005-08-10,,,,,,,
2005-08-11,,,,,,,
2005-08-12,,,,,,,
2005-08-15,,,,,,,
2005-08-16,,,,,,,
2005-08-17,,,,,,,
2005-08-18,,,,,,,
2005-08-19,,,,,,,
2005-08-22,,,,,,,
2005-08-23,,,,,,,
2005-08-24,,,,,,,
2005-08-25,,,,,,,
2005-08-26,,,,,,,
2005-08-29,,,,,,,
2005-08-30,,,,,,,
2005-08-31,,,,,,,
2005-09-01,,,,,,,
2005-09-02,,,,,,,
2005-09-05,,,,,,,
2005-09-06,,,,,,,
2005-09-07,,,,,,,
2005-09-08,,,,,,,
2005-09-09,,,,,,,
2005-09-12,,,,,,,
2005-09-13,,,,,,,
2005-09-14,,,,,,,
2005-09-15,,,,,,,
2005-09-16,,,,,,,
2005-09-19,,,,,,,
2005-09-20,,,,,,,
2005-09-21,,,,,,,
2005-09-22,,,,,,,
2005-09-23,,,,,,,
2005-09-26,,,,,,,
2005-09-27,,,,,,,
2005-09-28,,,,,,,
2005-09-29,,,,,,,
2005-09-30,,,,,,,
2005-10-03,,,,,,,
2005-10-04,,,,,,,
2005-10-05,,,,,,,
2005-10-06,,,,,,,
2005-10-07,,,,,,,
2005-10-10,,,,,,,
2005-10-11,,,,,,,
2005-10-12,,,,,,,
2005-10-13,,,,,,,
2005-10-14,,,,,,,
2005-10-17,,,,,,,
2005-10-18,,,,,,,
2005-10-19,,,,,,,
2005-10-20,,,,,,,
2005-10-21,,,,,,,
2005-10-24,,,,,,,
2005-10-25,,,,,,,
2005-10-26,,,,,,,
2005-10-27,,,,,,,
2005-10-28,,,,,,,
2005-10-31,,,,,,,
2005-11-01,,,,,,,
2005-11-02,,,,,,,
2005-11-03,,,,,,,
2005-11-04,,,,,,,
2005-11-07,,,,,,,
2005-11-08,,,,,,,
2005-11-09,,,,,,,
2005-11-10,,,,,,,
2005-11-11,,,,,,,
2005-11-14,,,,,,,
2005-11-15,,,,,,,
2005-11-16,,,,,,,
2005-11-17,,,,,,,
2005-11-18,,,,,,,
2005-11-21,,,,,,,
2005-11-22,,,,,,,
2005-11-23,,,,,,,
2005-11-24,,,,,,,
2005-11-25,,,,,,,
2005-11-28,,,,,,,
2005-11-29,,,,,,,
2005-11-30,,,,,,,
2005-12-01,,,,,,,
2005-12-02,,,,,,,
2005-12-05,,,,,,,
2005-12-06,,,,,,,
2005-12-07,,,,,,,
2005-12-08,,,,,,,
2005-12-09,,,,,,,
2005-12-12,,,,,,,
2005-12-13,,,,,,,
2005-12-14,,,,,,,
2005-12-15,,,,,,,
2005-12-16,,,,,,,
2005-12-19,,,,,,,
2005-12-20,,,,,,,
2005-12-21,,,,,,,
2005-12-22,,,,,,,
2005-12-23,,,,,,,
2005-12-26,,,,,,,
2005-12-27,,,,,,,
2005-12-28,,,,,,,
2005-12-29,,,,,,,
2005-12-30,,,,,,,
2006-01-02,,,,,,,
2006-01-03,,,,,,,
2006-01-04,,,,,,,
2006-01-05,,,,,,,
2006-01-06,,,,,,,
2006-01-09,,,,,,,
2006-01-10,,,,,,,
2006-01-11,,,,,,,
2006-01-12,,,,,,,
2006-01-13,,,,,,,
2006-01-16,,,,,,,
2006-01-17,,,,,,,
2006-01-18,,,,,,,
2006-01-19,,,,,,,
2006-01-20,,,,,,,
2006-01-23,,,,,,,
2006-01-24,,,,,,,
2006-01-25,,,,,,,
2006-01-26,,,,,,,
2006-01-27,,,,,,,
2006-01-30,,,,,,,
2006-01-31,,,,,,,
2006-02-01,,,,,,,
2006-02-02,,,,,,,
2006-02-03,,,,,,,
2006-02-06,,,,,,,
2006-02-07,,,,,,,
2006-02-08,,,,,,,
2006-02-09,,,,,,,
2006-02-10,,,,,,,
2006-02-13,,,,,,,
2006-02-14,,,,,,,
2006-02-15,,,,,,,
2006-02-16,,,,,,,
2006-02-17,,,,,,,
2006-02-20,,,,,,,
2006-02-21,,,,,,,
2006-02-22,,,,,,,
2006-02-23,,,,,,,
2006-02-24,,,,,,,
2006-02-27,,,,,,,
2006-02-28,,,,,,,
2006-03-01,,,,,,,
2006-03-02,,,,,,,
2006-03-03,,,,,,,
2006-03-06,,,,,,,
2006-03-07,,,,,,,
2006-03-08,,,,,,,
2006-03-09,,,,,,,
2006-03-10,,,,,,,
2006-03-13,,,,,,,
2006-03-14,,,,,,,
2006-03-15,,,,,,,
2006-03-16,,,,,,,
2006-03-17,,,,,,,
2006-03-20,,,,,,,
2006-03-21,,,,,,,
2006-03-22,,,,,,,
2006-03-23,,,,,,,
2006-03-24,,,,,,,
2006-03-27,,,,,,,
2006-03-28,,,,,,,
2006-03-29,,,,,,,
2006-03-30,,,,,,,
2006-03-31,,,,,,,
2006-04-03,,,,,,,
2006-04-04,,,,,,,
2006-04-05,,,,,,,
2006-04-06,,,,,,,
2006-04-07,,,,,,,
2006-04-10,,,,,,,
2006-04-11,,,,,,,
2006-04-12,,,,,,,
2006-04-13,,,,,,,
2006-04-14,,,,,,,
2006-04-17,,,,,,,
2006-04-18,,,,,,,
2006-04-19,,,,,,,
2006-04-20,,,,,,,
2006-04-21,,,,,,,
2006-04-24,,,,,,,
2006-04-25,,,,,,,
2006-04-26,,,,,,,
2006-04-27,,,,,,,
2006-04-28,,,,,,,
2006-05-01,,,,,,,
2006-05-02,,,,,,,
2006-05-03,,,,,,,
2006-05-04,,,,,,,
2006-05-05,,,,,,,
2006-05-08,,,,,,,
2006-05-09,,,,,,,
2006-05-10,,,,,,,
2006-05-11,,,,,,,
2006-05-12,,,,,,,
2006-05-15,,,,,,,
2006-05-16,,,,,,,
2006-05-17,,,,,,,
2006-05-18,,,,,,,
2006-05-19,,,,,,,
2006-05-22,,,,,,,
2006-05-23,,,,,,,
2006-05-24,,,,,,,
2006-05-25,,,,,,,
2006-05-26,,,,,,,
2006-05-29,,,,,,,
2006-05-30,,,,,,,
2006-05-31,,,,,,,
2006-06-01,,,,,,,
2006-06-02,,,,,,,
2006-06-05,,,,,,,
2006-06-06,,,,,,,
2006-06-07,,,,,,,
2006-06-08,,,,,,,
2006-06-09,,,,,,,
2006-06-12,,,,,,,
2006-06-13,,,,,,,
2006-06-14,,,,,,,
2006-06-15,,,,,,,
2006-06-16,,,,,,,
2006-06-19,,,,,,,
2006-06-20,,,,,,,
2006-06-21,,,,,,,
2006-06-22,,,,,,,
2006-06-23,,,,,,,
2006-06-26,,,,,,,
2006-06-27,,,,,,,
2006-06-28,,,,,,,
2006-06-29,,,,,,,
2006-06-30,,,,,,,
2006-07-03,,,,,,,
2006-07-04,,,,,,,
2006-07-05,,,,,,,
2006-07-06,,,,,,,
2006-07-07,,,,,,,
2006-07-10,,,,,,,
2006-07-11,,,,,,,
2006-07-12,,,,,,,
2006-07-13,,,,,,,
2006-07-14,,,,,,,
2006-07-17,,,,,,,
2006-07-18,,,,,,,
2006-07-19,,,,,,,
2006-07-20,,,,,,,
2006-07-21,,,,,,,
2006-07-24,,,,,,,
2006-07-25,,,,,,,
2006-07-26,,,,,,,
2006-07-27,,,,,,,
2006-07-28,,,,,,,
2006-07-31,,,,,,,
2006-08-01,,,,,,,
2006-08-02,,,,,,,
2006-08-03,,,,,,,
2006-08-04,,,,,,,
2006-08-07,,,,,,,
2006-08-08,,,,,,,
2006-08-09,,,,,,,
2006-08-10,,,,,,,
2006-08-11,,,,,,,
2006-08-14,,,,,,,
2006-08-15,,,,,,,
2006-08-16,,,,,,,
2006-08-17,,,,,,,
2006-08-18,,,,,,,
2006-08-21,,,,,,,
2006-08-22,,,,,,,
2006-08-23,,,,,,,
2006-08-24,,,,,,,
2006-08-25,,,,,,,
2006-08-28,,,,,,,
2006-08-29,,,,,,,
2006-08-30,,,,,,,
2006-08-31,,,,,,,
2006-09-01,,,,,,,
2006-09-04,,,,,,,
2006-09-05,,,,,,,
2006-09-06,,,,,,,
2006-09-07,,,,,,,
2006-09-08,,,,,,,
2006-09-11,,,,,,,
2006-09-12,,,,,,,
2006-09-13,,,,,,,
2006-09-14,,,,,,,
2006-09-15,,,,,,,
2006-09-18,,,,,,,
2006-09-19,,,,,,,
2006-09-20,,,,,,,
2006-09-21,,,,,,,
2006-09-22,,,,,,,
2006-09-25,,,,,,,
2006-09-26,,,,,,,
2006-09-27,,,,,,,
2006-09-28,,,,,,,
2006-09-29,,,,,,,
2006-10-02,,,,,,,
2006-10-03,,,,,,,
2006-10-04,,,,,,,
2006-10-05,,,,,,,
2006-10-06,,,,,,,
2006-10-09,,,,,,,
2006-10-10,,,,,,,
2006-10-11,,,,,,,
2006-10-12,,,,,,,
2006-10-13,,,,,,,
2006-10-16,,,,,,,
2006-10-17,,,,,,,
2006-10-18,,,,,,,
2006-10-19,,,,,,,
2006-10-20,,,,,,,
2006-10-23,,,,,,,
2006-10-24,,,,,,,
2006-10-25,,,,,,,
2006-10-26,,,,,,,
2006-10-27,,,,,,,
2006-10-30,,,,,,,
2006-10-31,,,,,,,
2006-11-01,,,,,,,
2006-11-02,,,,,,,
2006-11-03,,,,,,,
2006-11-06,,,,,,,
2006-11-07,,,,,,,
2006-11-08,,,,,,,
2006-11-09,,,,,,,
2006-11-10,,,,,,,
2006-11-13,,,,,,,
2006-11-14,,,,,,,
2006-11-15,,,,,,,
2006-11-16,,,,,,,
2006-11-17,,,,,,,
2006-11-20,,,,,,,
2006-11-21,,,,,,,
2006-11-22,,,,,,,
2006-11-23,,,,,,,
2006-11-24,,,,,,,
2006-11-27,,,,,,,
2006-11-28,,,,,,,
2006-11-29,,,,,,,
2006-11-30,,,,,,,
2006-12-01,,,,,,,
2006-12-04,,,,,,,
2006-12-05,,,,,,,
2006-12-06,,,,,,,
2006-12-07,,,,,,,
2006-12-08,,,,,,,
2006-12-11,,,,,,,
2006-12-12,,,,,,,
2006-12-13,,,,,,,
2006-12-14,,,,,,,
2006-12-15,,,,,,,
2006-12-18,,,,,,,
2006-12-19,,,,,,,
2006-12-20,,,,,,,
2006-12-21,,,,,,,
2006-12-22,,,,,,,
2006-12-25,,,,,,,
2006-12-26,,,,,,,
2006-12-27,,,,,,,
2006-12-28,,,,,,,
2006-12-29,,,,,,,
2007-01-01,,,,,,,
2007-01-02,,,,,,,
2007-01-03,,,,,,,
2007-01-04,,,,,,,
2007-01-05,,,,,,,
2007-01-08,,,,,,,
2007-01-09,,,,,,,
2007-01-10,,,,,,,
2007-01-11,,,,,,,
2007-01-12,,,,,,,
2007-01-15,,,,,,,
2007-01-16,,,,,,,
2007-01-17,,,,,,,
2007-01-18,,,,,,,
2007-01-19,,,,,,,
2007-01-22,,,,,,,
2007-01-23,,,,,,,
2007-01-24,,,,,,,
2007-01-25,,,,,,,
2007-01-26,,,,,,,
2007-01-29,,,,,,,
2007-01-30,,,,,,,
2007-01-31,,,,,,,
2007-02-01,,,,,,,
2007-02-02,,,,,,,
2007-02-05,,,,,,,
2007-02-06,,,,,,,
2007-02-07,,,,,,,
2007-02-08,,,,,,,
2007-02-09,,,,,,,
2007-02-12,,,,,,,
2007-02-13,,,,,,,
2007-02-14,,,,,,,
2007-02-15,,,,,,,
2007-02-16,,,,,,,
2007-02-19,,,,,,,
2007-02-20,,,,,,,
2007-02-21,,,,,,,
2007-02-22,,,,,,,
2007-02-23,,,,,,,
2007-02-26,,,,,,,
2007-02-27,,,,,,,
2007-02-28,,,,,,,
2007-03-01,,,,,,,
2007-03-02,,,,,,,
2007-03-05,,,,,,,
2007-03-06,,,,,,,
2007-03-07,,,,,,,
2007-03-08,,,,,,,
2007-03-09,,,,,,,
2007-03-12,,,,,,,
2007-03-13,,,,,,,
2007-03-14,,,,,,,
2007-03-15,,,,,,,
2007-03-16,,,,,,,
2007-03-19,,,,,,,
2007-03-20,,,,,,,
2007-03-21,,,,,,,
2007-03-22,,,,,,,
2007-03-23,,,,,,,
2007-03-26,,,,,,,
2007-03-27,,,,,,,
2007-03-28,,,,,,,
2007-03-29,,,,,,,
2007-03-30,,,,,,,
2007-04-02,,,,,,,
2007-04-03,,,,,,,
2007-04-04,,,,,,,
2007-04-05,,,,,,,
2007-04-06,,,,,,,
2007-04-09,,,,,,,
2007-04-10,,,,,,,
2007-04-11,,,,,,,
2007-04-12,,,,,,,
2007-04-13,,,,,,,
2007-04-16,,,,,,,
2007-04-17,,,,,,,
2007-04-18,,,,,,,
2007-04-19,,,,,,,
2007-04-20,,,,,,,
2007-04-23,,,,,,,
2007-04-24,,,,,,,
2007-04-25,,,,,,,
2007-04-26,,,,,,,
2007-04-27,,,,,,,
2007-04-30,,,,,,,
2007-05-01,,,,,,,
2007-05-02,,,,,,,
2007-05-03,,,,,,,
2007-05-04,,,,,,,
2007-05-06,,,,,,,
2007-05-07,,,,,,,
2007-05-08,,,,,,,
2007-05-09,,,,,,,
2007-05-10,,,,,,,
2007-05-11,,,,,,,
2007-05-14,,,,,,,
2007-05-15,,,,,,,
2007-05-16,,,,,,,
2007-05-17,,,,,,,
2007-05-18,,,,,,,
2007-05-21,,,,,,,
2007-05-22,,,,,,,
2007-05-23,,,,,,,
2007-05-24,,,,,,,
2007-05-25,,,,,,,
2007-05-28,,,,,,,
2007-05-29,,,,,,,
2007-05-30,,,,,,,
2007-05-31,,,,,,,
2007-06-01,,,,,,,
2007-06-04,,,,,,,
2007-06-05,,,,,,,
2007-06-06,,,,,,,
2007-06-07,,,,,,,
2007-06-08,,,,,,,
2007-06-11,,,,,,,
2007-06-12,,,,,,,
2007-06-13,,,,,,,
2007-06-14,,,,,,,
2007-06-15,,,,,,,
2007-06-18,,,,,,,
2007-06-19,,,,,,,
2007-06-20,,,,,,,
2007-06-21,,,,,,,
2007-06-22,,,,,,,
2007-06-25,,,,,,,
2007-06-26,,,,,,,
2007-06-27,,,,,,,
2007-06-28,,,,,,,
2007-06-29,,,,,,,
2007-07-02,,,,,,,
2007-07-03,,,,,,,
2007-07-04,,,,,,,
2007-07-05,,,,,,,
2007-07-06,,,,,,,
2007-07-09,,,,,,,
2007-07-10,,,,,,,
2007-07-11,,,,,,,
2007-07-12,,,,,,,
2007-07-13,,,,,,,
2007-07-16,,,,,,,
2007-07-17,,,,,,,
2007-07-18,,,,,,,
2007-07-19,,,,,,,
2007-07-20,,,,,,,
2007-07-23,,,,,,,
2007-07-24,,,,,,,
2007-07-25,,,,,,,
2007-07-26,,,,,,,
2007-07-27,,,,,,,
2007-07-30,,,,,,,
2007-07-31,,,,,,,
2007-08-01,,,,,,,
2007-08-02,,,,,,,
2007-08-03,,,,,,,
2007-08-06,,,,,,,
2007-08-07,,,,,,,
2007-08-08,,,,,,,
2007-08-09,,,,,,,
2007-08-10,,,,,,,
2007-08-13,,,,,,,
2007-08-14,,,,,,,
2007-08-15,,,,,,,
2007-08-16,,,,,,,
2007-08-17,,,,,,,
2007-08-20,,,,,,,
2007-08-21,,,,,,,
2007-08-22,,,,,,,
2007-08-23,,,,,,,
2007-08-24,,,,,,,
2007-08-27,,,,,,,
2007-08-28,,,,,,,
2007-08-29,,,,,,,
2007-08-30,,,,,,,
2007-08-31,,,,,,,
2007-09-03,,,,,,,
2007-09-04,,,,,,,
2007-09-05,,,,,,,
2007-09-06,,,,,,,
2007-09-07,,,,,,,
2007-09-10,,,,,,,
2007-09-11,,,,,,,
2007-09-12,,,,,,,
2007-09-13,,,,,,,
2007-09-14,,,,,,,
2007-09-17,,,,,,,
2007-09-18,,,,,,,
2007-09-19,,,,,,,
2007-09-20,,,,,,,
2007-09-21,,,,,,,
2007-09-24,,,,,,,
2007-09-25,,,,,,,
2007-09-26,,,,,,,
2007-09-27,,,,,,,
2007-09-28,,,,,,,
2007-10-01,,,,,,,
2007-10-02,,,,,,,
2007-10-03,,,,,,,
2007-10-04,,,,,,,
2007-10-05,,,,,,,
2007-10-08,,,,,,,
2007-10-09,,,,,,,
2007-10-10,,,,,,,
2007-10-11,,,,,,,
2007-10-12,,,,,,,
2007-10-15,,,,,,,
2007-10-16,,,,,,,
2007-10-17,,,,,,,
2007-10-18,,,,,,,
2007-10-19,,,,,,,
2007-10-22,,,,,,,
2007-10-23,,,,,,,
2007-10-24,,,,,,,
2007-10-25,,,,,,,
2007-10-26,,,,,,,
2007-10-29,,,,,,,
2007-10-30,,,,,,,
2007-10-31,,,,,,,
2007-11-01,,,,,,,
2007-11-02,,,,,,,
2007-11-05,,,,,,,
2007-11-06,,,,,,,
2007-11-07,,,,,,,
2007-11-08,,,,,,,
2007-11-09,,,,,,,
2007-11-12,,,,,,,
2007-11-13,,,,,,,
2007-11-14,,,,,,,
2007-11-15,,,,,,,
2007-11-16,,,,,,,
2007-11-19,,,,,,,
2007-11-20,,,,,,,
2007-11-21,,,,,,,
2007-11-22,,,,,,,
2007-11-23,,,,,,,
2007-11-26,,,,,,,
2007-11-27,,,,,,,
2007-11-28,,,,,,,
2007-11-29,,,,,,,
2007-11-30,,,,,,,
2007-12-03,,,,,,,
2007-12-04,,,,,,,
2007-12-05,,,,,,,
2007-12-06,,,,,,,
2007-12-07,,,,,,,
2007-12-10,,,,,,,
2007-12-11,,,,,,,
2007-12-12,,,,,,,
2007-12-13,,,,,,,
2007-12-14,,,,,,,
2007-12-17,,,,,,,
2007-12-18,,,,,,,
2007-12-19,,,,,,,
2007-12-20,,,,,,,
2007-12-21,,,,,,,
2007-12-24,,,,,,,
2007-12-25,,,,,,,
2007-12-26,,,,,,,
2007-12-27,,,,,,,
2007-12-28,,,,,,,
2007-12-31,,,,,,,
2008-01-01,,,,,,,
2008-01-02,,,,,,,
2008-01-03,,,,,,,
2008-01-04,,,,,,,
2008-01-07,,,,,,,
2008-01-08,,,,,,,
2008-01-09,,,,,,,
2008-01-10,,,,,,,
2008-01-11,,,,,,,
2008-01-14,,,,,,,
2008-01-15,,,,,,,
2008-01-16,,,,,,,
2008-01-17,,,,,,,
2008-01-18,,,,,,,
2008-01-21,,,,,,,
2008-01-22,,,,,,,
2008-01-23,,,,,,,
2008-01-24,,,,,,,
2008-01-25,,,,,,,
2008-01-28,,,,,,,
2008-01-29,,,,,,,
2008-01-30,,,,,,,
2008-01-31,,,,,,,
2008-02-01,,,,,,,
2008-02-04,,,,,,,
2008-02-05,,,,,,,
2008-02-06,,,,,,,
2008-02-07,,,,,,,
2008-02-08,,,,,,,
2008-02-11,,,,,,,
2008-02-12,,,,,,,
2008-02-13,,,,,,,
2008-02-14,,,,,,,
2008-02-15,,,,,,,
2008-02-18,,,,,,,
2008-02-19,,,,,,,
2008-02-20,,,,,,,
2008-02-21,,,,,,,
2008-02-22,,,,,,,
2008-02-25,,,,,,,
2008-02-26,,,,,,,
2008-02-27,,,,,,,
2008-02-28,,,,,,,
2008-02-29,,,,,,,
2008-03-03,,,,,,,
2008-03-04,,,,,,,
2008-03-05,,,,,,,
2008-03-06,,,,,,,
2008-03-07,,,,,,,
2008-03-10,,,,,,,
2008-03-11,,,,,,,
2008-03-12,,,,,,,
2008-03-13,,,,,,,
2008-03-14,,,,,,,
2008-03-17,,,,,,,
2008-03-18,,,,,,,
2008-03-19,,,,,,,
2008-03-20,,,,,,,
2008-03-21,,,,,,,
2008-03-24,,,,,,,
2008-03-25,,,,,,,
2008-03-26,,,,,,,
2008-03-27,,,,,,,
2008-03-28,,,,,,,
2008-03-31,,,,,,,
2008-04-01,,,,,,,
2008-04-02,,,,,,,
2008-04-03,,,,,,,
2008-04-04,,,,,,,
2008-04-07,,,,,,,
2008-04-08,,,,,,,
2008-04-09,,,,,,,
2008-04-10,,,,,,,
2008-04-11,,,,,,,
2008-04-14,,,,,,,
2008-04-15,,,,,,,
2008-04-16,,,,,,,
2008-04-17,,,,,,,
2008-04-18,,,,,,,
2008-04-21,,,,,,,
2008-04-22,,,,,,,
2008-04-23,,,,,,,
2008-04-24,,,,,,,
2008-04-25,,,,,,,
2008-04-28,,,,,,,
2008-04-29,,,,,,,
2008-04-30,,,,,,,
2008-05-01,,,,,,,
2008-05-02,,,,,,,
2008-05-05,,,,,,,
2008-05-06,,,,,,,
2008-05-07,,,,,,,
2008-05-08,,,,,,,
2008-05-09,,,,,,,
2008-05-12,,,,,,,
2008-05-13,,,,,,,
2008-05-14,,,,,,,
2008-05-15,,,,,,,
2008-05-16,,,,,,,
2008-05-19,,,,,,,
2008-05-20,,,,,,,
2008-05-21,,,,,,,
2008-05-22,,,,,,,
2008-05-23,,,,,,,
2008-05-26,,,,,,,
2008-05-27,,,,,,,
2008-05-28,,,,,,,
2008-05-29,,,,,,,
2008-05-30,,,,,,,
2008-06-02,,,,,,,
2008-06-03,,,,,,,
2008-06-04,,,,,,,
2008-06-05,,,,,,,
2008-06-06,,,,,,,
2008-06-09,,,,,,,
2008-06-10,,,,,,,
2008-06-11,,,,,,,
2008-06-12,,,,,,,
2008-06-13,,,,,,,
2008-06-16,,,,,,,
2008-06-17,,,,,,,
2008-06-18,,,,,,,
2008-06-19,,,,,,,
2008-06-20,,,,,,,
2008-06-23,,,,,,,
2008-06-24,,,,,,,
2008-06-25,,,,,,,
2008-06-26,,,,,,,
2008-06-27,,,,,,,
2008-06-30,,,,,,,
2008-07-01,,,,,,,
2008-07-02,,,,,,,
2008-07-03,,,,,,,
2008-07-04,,,,,,,
2008-07-07,,,,,,,
2008-07-08,,,,,,,
2008-07-09,,,,,,,
2008-07-10,,,,,,,
2008-07-11,,,,,,,
2008-07-14,,,,,,,
2008-07-15,,,,,,,
2008-07-16,,,,,,,
2008-07-17,,,,,,,
2008-07-18,,,,,,,
2008-07-21,,,,,,,
2008-07-22,,,,,,,
2008-07-23,,,,,,,
2008-07-24,,,,,,,
2008-07-25,,,,,,,
2008-07-28,,,,,,,
2008-07-29,,,,,,,
2008-07-30,,,,,,,
2008-07-31,,,,,,,
2008-08-01,,,,,,,
2008-08-04,,,,,,,
2008-08-05,,,,,,,
2008-08-06,,,,,,,
2008-08-07,,,,,,,
2008-08-08,,,,,,,
2008-08-11,,,,,,,
2008-08-12,,,,,,,
2008-08-13,,,,,,,
2008-08-14,,,,,,,
2008-08-15,,,,,,,
2008-08-18,,,,,,,
2008-08-19,,,,,,,
2008-08-20,,,,,,,
2008-08-21,,,,,,,
2008-08-22,,,,,,,
2008-08-25,,,,,,,
2008-08-26,,,,,,,
2008-08-27,,,,,,,
2008-08-28,,,,,,,
2008-08-29,,,,,,,
2008-09-01,,,,,,,
2008-09-02,,,,,,,
2008-09-03,,,,,,,
2008-09-04,,,,,,,
2008-09-05,,,,,,,
2008-09-08,,,,,,,
2008-09-09,,,,,,,
2008-09-10,,,,,,,
2008-09-11,,,,,,,
2008-09-12,,,,,,,
2008-09-15,,,,,,,
2008-09-16,,,,,,,
2008-09-17,,,,,,,
2008-09-18,,,,,,,
2008-09-19,,,,,,,
2008-09-22,,,,,,,
2008-09-23,,,,,,,
2008-09-24,,,,,,,
2008-09-25,,,,,,,
2008-09-26,,,,,,,
2008-09-29,,,,,,,
2008-09-30,,,,,,,
2008-10-01,,,,,,,
2008-10-02,,,,,,,
2008-10-03,,,,,,,
2008-10-06,,,,,,,
2008-10-07,,,,,,,
2008-10-08,,,,,,,
2008-10-09,,,,,,,
2008-10-10,,,,,,,
2008-10-13,,,,,,,
2008-10-14,,,,,,,
2008-10-15,,,,,,,
2008-10-16,,,,,,,
2008-10-17,,,,,,,
2008-10-20,,,,,,,
2008-10-21,,,,,,,
2008-10-22,,,,,,,
2008-10-23,,,,,,,
2008-10-24,,,,,,,
2008-10-27,,,,,,,
2008-10-28,,,,,,,
2008-10-29,,,,,,,
2008-10-30,,,,,,,
2008-10-31,,,,,,,
2008-11-03,,,,,,,
2008-11-04,,,,,,,
2008-11-05,,,,,,,
2008-11-06,,,,,,,
2008-11-07,,,,,,,
2008-11-10,,,,,,,
2008-11-11,,,,,,,
2008-11-12,,,,,,,
2008-11-13,,,,,,,
2008-11-14,,,,,,,
2008-11-17,,,,,,,
2008-11-18,,,,,,,
2008-11-19,,,,,,,
2008-11-20,,,,,,,
2008-11-21,,,,,,,
2008-11-24,,,,,,,
2008-11-25,,,,,,,
2008-11-26,,,,,,,
2008-11-27,,,,,,,
2008-11-28,,,,,,,
2008-12-01,,,,,,,
2008-12-02,,,,,,,
2008-12-03,,,,,,,
2008-12-04,,,,,,,
2008-12-05,,,,,,,
2008-12-08,,,,,,,
2008-12-09,,,,,,,
2008-12-10,,,,,,,
2008-12-11,,,,,,,
2008-12-12,,,,,,,
2008-12-15,,,,,,,
2008-12-16,,,,,,,
2008-12-17,,,,,,,
2008-12-18,,,,,,,
2008-12-19,,,,,,,
2008-12-22,,,,,,,
2008-12-23,,,,,,,
2008-12-24,,,,,,,
2008-12-25,,,,,,,
2008-12-26,,,,,,,
2008-12-29,,,,,,,
2008-12-30,,,,,,,
2008-12-31,,,,,,,
2009-01-01,,,,,,,
2009-01-02,,,,,,,
2009-01-05,,,,,,,
2009-01-06,,,,,,,
2009-01-07,,,,,,,
2009-01-08,,,,,,,
2009-01-09,,,,,,,
2009-01-12,,,,,,,
2009-01-13,,,,,,,
2009-01-14,,,,,,,
2009-01-15,,,,,,,
2009-01-16,,,,,,,
2009-01-19,,,,,,,
2009-01-20,,,,,,,
2009-01-21,,,,,,,
2009-01-22,,,,,,,
2009-01-23,,,,,,,
2009-01-26,,,,,,,
2009-01-27,,,,,,,
2009-01-28,,,,,,,
2009-01-29,,,,,,,
2009-01-30,,,,,,,
2009-02-02,,,,,,,
2009-02-03,,,,,,,
2009-02-04,,,,,,,
2009-02-05,,,,,,,
2009-02-06,,,,,,,
2009-02-09,,,,,,,
2009-02-10,,,,,,,
2009-02-11,,,,,,,
2009-02-12,,,,,,,
2009-02-13,,,,,,,
2009-02-16,,,,,,,
2009-02-17,,,,,,,
2009-02-18,,,,,,,
2009-02-19,,,,,,,
2009-02-20,,,,,,,
2009-02-23,,,,,,,
2009-02-24,,,,,,,
2009-02-25,,,,,,,
2009-02-26,,,,,,,
2009-02-27,,,,,,,
2009-03-02,,,,,,,
2009-03-03,,,,,,,
2009-03-04,,,,,,,
2009-03-05,,,,,,,
2009-03-06,,,,,,,
2009-03-09,,,,,,,
2009-03-10,,,,,,,
2009-03-11,,,,,,,
2009-03-12,,,,,,,
2009-03-13,,,,,,,
2009-03-16,,,,,,,
2009-03-17,,,,,,,
2009-03-18,,,,,,,
2009-03-19,,,,,,,
2009-03-20,,,,,,,
2009-03-23,,,,,,,
2009-03-24,,,,,,,
2009-03-25,,,,,,,
2009-03-26,,,,,,,
2009-03-27,,,,,,,
2009-03-29,,,,,,,
2009-03-30,,,,,,,
2009-03-31,,,,,,,
2009-04-01,,,,,,,
2009-04-02,,,,,,,
2009-04-03,,,,,,,
2009-04-06,,,,,,,
2009-04-07,,,,,,,
2009-04-08,,,,,,,
2009-04-09,,,,,,,
2009-04-10,,,,,,,
2009-04-13,,,,,,,
2009-04-14,,,,,,,
2009-04-15,,,,,,,
2009-04-16,,,,,,,
2009-04-17,,,,,,,
2009-04-20,,,,,,,
2009-04-21,,,,,,,
2009-04-22,,,,,,,
2009-04-23,,,,,,,
2009-04-24,,,,,,,
2009-04-27,,,,,,,
2009-04-28,,,,,,,
2009-04-29,,,,,,,
2009-04-30,,,,,,,
2009-05-01,,,,,,,
2009-05-04,,,,,,,
2009-05-05,,,,,,,
2009-05-06,,,,,,,
2009-05-07,,,,,,,
2009-05-08,,,,,,,
2009-05-11,,,,,,,
2009-05-12,,,,,,,
2009-05-13,,,,,,,
2009-05-14,,,,,,,
2009-05-15,,,,,,,
2009-05-18,,,,,,,
2009-05-19,,,,,,,
2009-05-20,,,,,,,
2009-05-21,,,,,,,
2009-05-22,,,,,,,
2009-05-25,,,,,,,
2009-05-26,,,,,,,
2009-05-27,,,,,,,
2009-05-28,,,,,,,
2009-05-29,,,,,,,
2009-06-01,,,,,,,
2009-06-02,,,,,,,
2009-06-03,,,,,,,
2009-06-04,,,,,,,
2009-06-05,,,,,,,
2009-06-08,,,,,,,
2009-06-09,,,,,,,
2009-06-10,,,,,,,
2009-06-11,,,,,,,
2009-06-12,,,,,,,
2009-06-15,,,,,,,
2009-06-16,,,,,,,
2009-06-17,,,,,,,
2009-06-18,,,,,,,
2009-06-19,,,,,,,
2009-06-22,,,,,,,
2009-06-23,,,,,,,
2009-06-24,,,,,,,
2009-06-25,,,,,,,
2009-06-26,,,,,,,
2009-06-29,,,,,,,
2009-06-30,,,,,,,
2009-07-01,,,,,,,
2009-07-02,,,,,,,
2009-07-03,,,,,,,
2009-07-06,,,,,,,
2009-07-07,,,,,,,
2009-07-08,,,,,,,
2009-07-09,,,,,,,
2009-07-10,,,,,,,
2009-07-13,,,,,,,
2009-07-14,,,,,,,
2009-07-15,,,,,,,
2009-07-16,,,,,,,
2009-07-17,,,,,,,
2009-07-20,,,,,,,
2009-07-21,,,,,,,
2009-07-22,,,,,,,
2009-07-23,,,,,,,
2009-07-24,,,,,,,
2009-07-27,,,,,,,
2009-07-28,,,,,,,
2009-07-29,,,,,,,
2009-07-30,,,,,,,
2009-07-31,,,,,,,
2009-08-03,,,,,,,
2009-08-04,,,,,,,
2009-08-05,,,,,,,
2009-08-06,,,,,,,
2009-08-07,,,,,,,
2009-08-10,,,,,,,
2009-08-11,,,,,,,
2009-08-12,,,,,,,
2009-08-13,,,,,,,
2009-08-14,,,,,,,
2009-08-17,,,,,,,
2009-08-18,,,,,,,
2009-08-19,,,,,,,
2009-08-20,,,,,,,
2009-08-21,,,,,,,
2009-08-24,,,,,,,
2009-08-25,,,,,,,
2009-08-26,,,,,,,
2009-08-27,,,,,,,
2009-08-28,,,,,,,
2009-08-31,,,,,,,
2009-09-01,,,,,,,
2009-09-02,,,,,,,
2009-09-03,,,,,,,
2009-09-04,,,,,,,
2009-09-07,,,,,,,
2009-09-08,,,,,,,
2009-09-09,,,,,,,
2009-09-10,,,,,,,
2009-09-11,,,,,,,
2009-09-14,,,,,,,
2009-09-15,,,,,,,
2009-09-16,,,,,,,
2009-09-17,,,,,,,
2009-09-18,,,,,,,
2009-09-21,,,,,,,
2009-09-22,,,,,,,
2009-09-23,,,,,,,
2009-09-24,,,,,,,
2009-09-25,,,,,,,
2009-09-28,,,,,,,
2009-09-29,,,,,,,
2009-09-30,,,,,,,
2009-10-01,,,,,,,
2009-10-02,,,,,,,
2009-10-05,,,,,,,
2009-10-06,,,,,,,
2009-10-07,,,,,,,
2009-10-08,,,,,,,
2009-10-09,,,,,,,
2009-10-12,,,,,,,
2009-10-13,,,,,,,
2009-10-14,,,,,,,
2009-10-15,,,,,,,
2009-10-16,,,,,,,
2009-10-17,,,,,,,
2009-10-19,,,,,,,
2009-10-20,,,,,,,
2009-10-21,,,,,,,
2009-10-22,,,,,,,
2009-10-23,,,,,,,
2009-10-26,,,,,,,
2009-10-27,,,,,,,
2009-10-28,,,,,,,
2009-10-29,,,,,,,
2009-10-30,,,,,,,
2009-11-02,,,,,,,
2009-11-03,,,,,,,
2009-11-04,,,,,,,
2009-11-05,,,,,,,
2009-11-06,,,,,,,
2009-11-09,,,,,,,
2009-11-10,,,,,,,
2009-11-11,,,,,,,
2009-11-12,,,,,,,
2009-11-13,,,,,,,
2009-11-16,,,,,,,
2009-11-17,,,,,,,
2009-11-18,,,,,,,
2009-11-19,,,,,,,
2009-11-20,,,,,,,
2009-11-23,,,,,,,
2009-11-24,,,,,,,
2009-11-25,,,,,,,
2009-11-26,,,,,,,
2009-11-27,,,,,,,
2009-11-30,,,,,,,
2009-12-01,,,,,,,
2009-12-02,,,,,,,
2009-12-03,,,,,,,
2009-12-04,,,,,,,
2009-12-07,,,,,,,
2009-12-08,,,,,,,
2009-12-09,,,,,,,
2009-12-10,,,,,,,
2009-12-11,,,,,,,
2009-12-14,,,,,,,
2009-12-15,,,,,,,
2009-12-16,,,,,,,
2009-12-17,,,,,,,
2009-12-18,,,,,,,
2009-12-21,,,,,,,
2009-12-22,,,,,,,
2009-12-23,,,,,,,
2009-12-24,,,,,,,
2009-12-25,,,,,,,
2009-12-28,,,,,,,
2009-12-29,,,,,,,
2009-12-30,,,,,,,
2009-12-31,,,,,,,
2010-01-01,,,,,,,
2010-01-04,,,,,,,
2010-01-05,,,,,,,
2010-01-06,,,,,,,
2010-01-07,,,,,,,
2010-01-08,,,,,,,
2010-01-11,,,,,,,
2010-01-12,,,,,,,
2010-01-13,,,,,,,
2010-01-14,,,,,,,
2010-01-15,,,,,,,
2010-01-18,,,,,,,
2010-01-19,,,,,,,
2010-01-20,,,,,,,
2010-01-21,,,,,,,
2010-01-22,,,,,,,
2010-01-25,,,,,,,
2010-01-26,,,,,,,
2010-01-27,,,,,,,
2010-01-28,,,,,,,
2010-01-29,,,,,,,
2010-02-01,,,,,,,
2010-02-02,,,,,,,
2010-02-03,,,,,,,
2010-02-04,,,,,,,
2010-02-05,,,,,,,
2010-02-08,,,,,,,
2010-02-09,,,,,,,
2010-02-10,,,,,,,
2010-02-11,,,,,,,
2010-02-12,,,,,,,
2010-02-15,,,,,,,
2010-02-16,,,,,,,
2010-02-17,,,,,,,
2010-02-18,,,,,,,
2010-02-19,,,,,,,
2010-02-22,,,,,,,
2010-02-23,,,,,,,
2010-02-24,,,,,,,
2010-02-25,,,,,,,
2010-02-26,,,,,,,
2010-03-01,,,,,,,
2010-03-02,,,,,,,
2010-03-03,,,,,,,
2010-03-04,,,,,,,
2010-03-05,,,,,,,
2010-03-08,,,,,,,
2010-03-09,,,,,,,
2010-03-10,,,,,,,
2010-03-11,,,,,,,
2010-03-12,,,,,,,
2010-03-15,,,,,,,
2010-03-16,,,,,,,
2010-03-17,,,,,,,
2010-03-18,,,,,,,
2010-03-19,,,,,,,
2010-03-22,,,,,,,
2010-03-23,,,,,,,
2010-03-24,,,,,,,
2010-03-25,,,,,,,
2010-03-26,,,,,,,
2010-03-29,,,,,,,
2010-03-30,,,,,,,
2010-03-31,,,,,,,
2010-04-01,,,,,,,
2010-04-02,,,,,,,
2010-04-05,,,,,,,
2010-04-06,,,,,,,
2010-04-07,,,,,,,
2010-04-08,,,,,,,
2010-04-09,,,,,,,
2010-04-12,,,,,,,
2010-04-13,,,,,,,
2010-04-14,,,,,,,
2010-04-15,,,,,,,
2010-04-16,,,,,,,
2010-04-19,,,,,,,
2010-04-20,,,,,,,
2010-04-21,,,,,,,
2010-04-22,,,,,,,
2010-04-23,,,,,,,
2010-04-26,,,,,,,
2010-04-27,,,,,,,
2010-04-28,,,,,,,
2010-04-29,,,,,,,
2010-04-30,,,,,,,
2010-05-03,,,,,,,
2010-05-04,,,,,,,
2010-05-05,,,,,,,
2010-05-06,,,,,,,
2010-05-07,,,,,,,
2010-05-10,,,,,,,
2010-05-11,,,,,,,
2010-05-12,,,,,,,
2010-05-13,,,,,,,
2010-05-14,,,,,,,
2010-05-17,,,,,,,
2010-05-18,,,,,,,
2010-05-19,,,,,,,
2010-05-20,,,,,,,
2010-05-21,,,,,,,
2010-05-24,,,,,,,
2010-05-25,,,,,,,
2010-05-26,,,,,,,
2010-05-27,,,,,,,
2010-05-28,,,,,,,
2010-05-31,,,,,,,
2010-06-01,,,,,,,
2010-06-02,,,,,,,
2010-06-03,,,,,,,
2010-06-04,,,,,,,
2010-06-07,,,,,,,
2010-06-08,,,,,,,
2010-06-09,,,,,,,
2010-06-10,,,,,,,
2010-06-11,,,,,,,
2010-06-14,,,,,,,
2010-06-15,,,,,,,
2010-06-16,,,,,,,
2010-06-17,,,,,,,
2010-06-18,,,,,,,
2010-06-21,,,,,,,
2010-06-22,,,,,,,
2010-06-23,,,,,,,
2010-06-24,,,,,,,
2010-06-25,,,,,,,
2010-06-28,,,,,,,
2010-06-29,,,,,,,
2010-06-30,,,,,,,
2010-07-01,,,,,,,
2010-07-02,,,,,,,
2010-07-05,,,,,,,
2010-07-06,,,,,,,
2010-07-07,,,,,,,
2010-07-08,,,,,,,
2010-07-09,,,,,,,
2010-07-12,,,,,,,
2010-07-13,,,,,,,
2010-07-14,,,,,,,
2010-07-15,,,,,,,
2010-07-16,,,,,,,
2010-07-19,,,,,,,
2010-07-20,,,,,,,
2010-07-21,,,,,,,
2010-07-22,,,,,,,
2010-07-23,,,,,,,
2010-07-26,,,,,,,
2010-07-27,,,,,,,
2010-07-28,,,,,,,
2010-07-29,,,,,,,
2010-07-30,,,,,,,
2010-08-02,,,,,,,
2010-08-03,,,,,,,
2010-08-04,,,,,,,
2010-08-05,,,,,,,
2010-08-06,,,,,,,
2010-08-09,,,,,,,
2010-08-10,,,,,,,
2010-08-11,,,,,,,
2010-08-12,,,,,,,
2010-08-13,,,,,,,
2010-08-16,,,,,,,
2010-08-17,,,,,,,
2010-08-18,,,,,,,
2010-08-19,,,,,,,
2010-08-20,,,,,,,
2010-08-23,,,,,,,
2010-08-24,,,,,,,
2010-08-25,,,,,,,
2010-08-26,,,,,,,
2010-08-27,,,,,,,
2010-08-30,,,,,,,
2010-08-31,,,,,,,
2010-09-01,,,,,,,
2010-09-02,,,,,,,
2010-09-03,,,,,,,
2010-09-06,,,,,,,
2010-09-07,,,,,,,
2010-09-08,,,,,,,
2010-09-09,,,,,,,
2010-09-10,,,,,,,
2010-09-13,,,,,,,
2010-09-14,,,,,,,
2010-09-15,,,,,,,
2010-09-16,,,,,,,
2010-09-17,,,,,,,
2010-09-20,,,,,,,
2010-09-21,,,,,,,
2010-09-22,,,,,,,
2010-09-23,,,,,,,
2010-09-24,,,,,,,
2010-09-27,,,,,,,
2010-09-28,,,,,,,
2010-09-29,,,,,,,
2010-09-30,,,,,,,
2010-10-01,,,,,,,
2010-10-02,,,,,,,
2010-10-04,,,,,,,
2010-10-05,,,,,,,
2010-10-06,,,,,,,
2010-10-07,,,,,,,
2010-10-08,,,,,,,
2010-10-11,,,,,,,
2010-10-12,,,,,,,
2010-10-13,,,,,,,
2010-10-14,,,,,,,
2010-10-15,,,,,,,
2010-10-18,,,,,,,
2010-10-19,,,,,,,
2010-10-20,,,,,,,
2010-10-21,,,,,,,
2010-10-22,,,,,,,
2010-10-25,,,,,,,
2010-10-26,,,,,,,
2010-10-27,,,,,,,
2010-10-28,,,,,,,
2010-10-29,,,,,,,
2010-11-01,,,,,,,
2010-11-02,,,,,,,
2010-11-03,,,,,,,
2010-11-04,,,,,,,
2010-11-05,,,,,,,
2010-11-08,,,,,,,
2010-11-09,,,,,,,
2010-11-10,,,,,,,
2010-11-11,,,,,,,
2010-11-12,,,,,,,
2010-11-15,,,,,,,
2010-11-16,,,,,,,
2010-11-17,,,,,,,
2010-11-18,,,,,,,
2010-11-19,,,,,,,
2010-11-22,,,,,,,
2010-11-23,,,,,,,
2010-11-24,,,,,,,
2010-11-25,,,,,,,
2010-11-26,,,,,,,
2010-11-29,,,,,,,
2010-11-30,,,,,,,
2010-12-01,,,,,,,
2010-12-02,,,,,,,
2010-12-03,,,,,,,
2010-12-06,,,,,,,
2010-12-07,,,,,,,
2010-12-08,,,,,,,
2010-12-09,,,,,,,
2010-12-10,,,,,,,
2010-12-13,,,,,,,
2010-12-14,,,,,,,
2010-12-15,,,,,,,
2010-12-16,,,,,,,
2010-12-17,,,,,,,
2010-12-20,,,,,,,
2010-12-21,,,,,,,
2010-12-22,,,,,,,
2010-12-23,,,,,,,
2010-12-24,,,,,,,
2010-12-27,,,,,,,
2010-12-28,,,,,,,
2010-12-29,,,,,,,
2010-12-30,,,,,,,
2010-12-31,,,,,,,
2011-01-03,,,,,,,
2011-01-04,,,,,,,
2011-01-05,,,,,,,
2011-01-06,,,,,,,
2011-01-07,,,,,,,
2011-01-10,,,,,,,
2011-01-11,,,,,,,
2011-01-12,,,,,,,
2011-01-13,,,,,,,
2011-01-14,,,,,,,
2011-01-17,,,,,,,
2011-01-18,,,,,,,
2011-01-19,,,,,,,
2011-01-20,,,,,,,
2011-01-21,,,,,,,
2011-01-24,,,,,,,
2011-01-25,,,,,,,
2011-01-26,,,,,,,
2011-01-27,,,,,,,
2011-01-28,,,,,,,
2011-01-31,,,,,,,
2011-02-01,,,,,,,
2011-02-02,,,,,,,
2011-02-03,,,,,,,
2011-02-04,,,,,,,
2011-02-07,,,,,,,
2011-02-08,,,,,,,
2011-02-09,,,,,,,
2011-02-10,,,,,,,
2011-02-11,,,,,,,
2011-02-14,,,,,,,
2011-02-15,,,,,,,
2011-02-16,,,,,,,
2011-02-17,,,,,,,
2011-02-18,,,,,,,
2011-02-21,,,,,,,
2011-02-22,,,,,,,
2011-02-23,,,,,,,
2011-02-24,,,,,,,
2011-02-25,,,,,,,
2011-02-28,,,,,,,
2011-03-01,,,,,,,
2011-03-02,,,,,,,
2011-03-03,,,,,,,
2011-03-04,,,,,,,
2011-03-07,,,,,,,
2011-03-08,,,,,,,
2011-03-09,,,,,,,
2011-03-10,,,,,,,
2011-03-11,,,,,,,
2011-03-14,,,,,,,
2011-03-15,,,,,,,
2011-03-16,,,,,,,
2011-03-17,,,,,,,
2011-03-18,,,,,,,
2011-03-19,,,,,,,
2011-03-21,,,,,,,
2011-03-22,,,,,,,
2011-03-23,,,,,,,
2011-03-24,,,,,,,
2011-03-25,,,,,,,
2011-03-28,,,,,,,
2011-03-29,,,,,,,
2011-03-30,,,,,,,
2011-03-31,,,,,,,
2011-04-01,,,,,,,
2011-04-04,,,,,,,
2011-04-05,,,,,,,
2011-04-06,,,,,,,
2011-04-07,,,,,,,
2011-04-08,,,,,,,
2011-04-11,,,,,,,
2011-04-12,,,,,,,
2011-04-13,,,,,,,
2011-04-14,,,,,,,
2011-04-15,,,,,,,
2011-04-18,,,,,,,
2011-04-19,,,,,,,
2011-04-20,,,,,,,
2011-04-21,,,,,,,
2011-04-26,,,,,,,
2011-04-27,,,,,,,
2011-04-28,,,,,,,
2011-04-29,,,,,,,
2011-05-02,,,,,,,
2011-05-03,,,,,,,
2011-05-04,,,,,,,
2011-05-05,,,,,,,
2011-05-06,,,,,,,
2011-05-09,,,,,,,
2011-05-10,,,,,,,
2011-05-11,,,,,,,
2011-05-12,,,,,,,
2011-05-13,,,,,,,
2011-05-16,,,,,,,
2011-05-17,,,,,,,
2011-05-18,,,,,,,
2011-05-19,,,,,,,
2011-05-20,,,,,,,
2011-05-23,,,,,,,
2011-05-24,,,,,,,
2011-05-25,,,,,,,
2011-05-26,,,,,,,
2011-05-27,,,,,,,
2011-05-30,,,,,,,
2011-05-31,,,,,,,
2011-06-01,,,,,,,
2011-06-02,,,,,,,
2011-06-03,,,,,,,
2011-06-06,,,,,,,
2011-06-07,,,,,,,
2011-06-08,,,,,,,
2011-06-09,,,,,,,
2011-06-10,,,,,,,
2011-06-13,,,,,,,
2011-06-14,,,,,,,
2011-06-15,,,,,,,
2011-06-16,,,,,,,
2011-06-17,,,,,,,
2011-06-20,,,,,,,
2011-06-21,,,,,,,
2011-06-22,,,,,,,
2011-06-23,,,,,,,
2011-06-24,,,,,,,
2011-06-27,,,,,,,
2011-06-28,,,,,,,
2011-06-29,,,,,,,
2011-06-30,,,,,,,
2011-07-01,,,,,,,
2011-07-04,,,,,,,
2011-07-05,,,,,,,
2011-07-06,,,,,,,
2011-07-07,,,,,,,
2011-07-08,,,,,,,
2011-07-11,,,,,,,
2011-07-12,,,,,,,
2011-07-13,,,,,,,
2011-07-14,,,,,,,
2011-07-15,,,,,,,
2011-07-18,,,,,,,
2011-07-19,,,,,,,
2011-07-20,,,,,,,
2011-07-21,,,,,,,
2011-07-22,,,,,,,
2011-07-23,,,,,,,
2011-07-25,,,,,,,
2011-07-26,,,,,,,
2011-07-27,,,,,,,
2011-07-28,,,,,,,
2011-07-29,,,,,,,
2011-08-01,,,,,,,
2011-08-02,,,,,,,
2011-08-03,,,,,,,
2011-08-04,,,,,,,
2011-08-05,,,,,,,
2011-08-08,,,,,,,
2011-08-09,,,,,,,
2011-08-10,,,,,,,
2011-08-11,,,,,,,
2011-08-12,,,,,,,
2011-08-15,,,,,,,
2011-08-16,,,,,,,
2011-08-17,,,,,,,
2011-08-18,,,,,,,
2011-08-19,,,,,,,
2011-08-22,,,,,,,
2011-08-23,,,,,,,
2011-08-24,,,,,,,
2011-08-25,,,,,,,
2011-08-26,,,,,,,
2011-08-29,,,,,,,
2011-08-30,,,,,,,
2011-08-31,,,,,,,
2011-09-01,,,,,,,
2011-09-02,,,,,,,
2011-09-05,,,,,,,
2011-09-06,,,,,,,
2011-09-07,,,,,,,
2011-09-08,,,,,,,
2011-09-09,,,,,,,
2011-09-12,,,,,,,
2011-09-13,,,,,,,
2011-09-14,,,,,,,
2011-09-15,,,,,,,
2011-09-16,,,,,,,
2011-09-19,,,,,,,
2011-09-20,,,,,,,
2011-09-21,,,,,,,
2011-09-22,,,,,,,
2011-09-23,,,,,,,
2011-09-26,,,,,,,
2011-09-27,,,,,,,
2011-09-28,,,,,,,
2011-09-29,,,,,,,
2011-09-30,,,,,,,
2011-10-03,,,,,,,
2011-10-04,,,,,,,
2011-10-05,,,,,,,
2011-10-06,,,,,,,
2011-10-07,,,,,,,
2011-10-10,,,,,,,
2011-10-11,,,,,,,
2011-10-12,,,,,,,
2011-10-13,,,,,,,
2011-10-14,,,,,,,
2011-10-17,,,,,,,
2011-10-18,,,,,,,
2011-10-19,,,,,,,
2011-10-20,,,,,,,
2011-10-21,,,,,,,
2011-10-24,,,,,,,
2011-10-25,,,,,,,
2011-10-26,,,,,,,
2011-10-27,,,,,,,
2011-10-28,,,,,,,
2011-10-31,,,,,,,
2011-11-01,,,,,,,
2011-11-02,,,,,,,
2011-11-03,,,,,,,
2011-11-04,,,,,,,
2011-11-07,,,,,,,
2011-11-08,,,,,,,
2011-11-09,,,,,,,
2011-11-10,,,,,,,
2011-11-11,,,,,,,
2011-11-14,,,,,,,
2011-11-15,,,,,,,
2011-11-16,,,,,,,
2011-11-17,,,,,,,
2011-11-18,,,,,,,
2011-11-21,,,,,,,
2011-11-22,,,,,,,
2011-11-23,,,,,,,
2011-11-24,,,,,,,
2011-11-25,,,,,,,
2011-11-28,,,,,,,
2011-11-29,,,,,,,
2011-11-30,,,,,,,
2011-12-01,,,,,,,
2011-12-02,,,,,,,
2011-12-05,,,,,,,
2011-12-06,,,,,,,
2011-12-07,,,,,,,
2011-12-08,,,,,,,
2011-12-09,,,,,,,
2011-12-12,,,,,,,
2011-12-13,,,,,,,
2011-12-14,,,,,,,
2011-12-15,,,,,,,
2011-12-16,,,,,,,
2011-12-19,,,,,,,
2011-12-20,,,,,,,
2011-12-21,,,,,,,
2011-12-22,,,,,,,
2011-12-23,,,,,,,
2011-12-27,,,,,,,
2011-12-28,,,,,,,
2011-12-29,,,,,,,
2011-12-30,,,,,,,
2012-01-02,,,,,,,
2012-01-03,,,,,,,
2012-01-04,,,,,,,
2012-01-05,,,,,,,
2012-01-06,,,,,,,
2012-01-09,,,,,,,
2012-01-10,,,,,,,
2012-01-11,,,,,,,
2012-01-12,,,,,,,
2012-01-13,,,,,,,
2012-01-16,,,,,,,
2012-01-17,,,,,,,
2012-01-18,,,,,,,
2012-01-19,,,,,,,
2012-01-20,,,,,,,
2012-01-23,,,,,,,
2012-01-24,,,,,,,
2012-01-25,,,,,,,
2012-01-26,,,,,,,
2012-01-27,,,,,,,
2012-01-30,,,,,,,
2012-01-31,,,,,,,
2012-02-01,,,,,,,
2012-02-02,,,,,,,
2012-02-03,,,,,,,
2012-02-05,,,,,,,
2012-02-06,,,,,,,
2012-02-07,,,,,,,
2012-02-08,,,,,,,
2012-02-09,,,,,,,
2012-02-10,,,,,,,
2012-02-13,,,,,,,
2012-02-14,,,,,,,
2012-02-15,,,,,,,
2012-02-16,,,,,,,
2012-02-17,,,,,,,
2012-02-20,,,,,,,
2012-02-21,,,,,,,
2012-02-22,,,,,,,
2012-02-23,,,,,,,
2012-02-24,,,,,,,
2012-02-27,,,,,,,
2012-02-28,,,,,,,
2012-02-29,,,,,,,
2012-03-01,,,,,,,
2012-03-02,,,,,,,
2012-03-05,,,,,,,
2012-03-06,,,,,,,
2012-03-07,,,,,,,
2012-03-08,,,,,,,
2012-03-09,,,,,,,
2012-03-12,,,,,,,
2012-03-13,,,,,,,
2012-03-14,,,,,,,
2012-03-15,,,,,,,
2012-03-16,,,,,,,
2012-03-19,,,,,,,
2012-03-20,,,,,,,
2012-03-21,,,,,,,
2012-03-22,,,,,,,
2012-03-23,,,,,,,
2012-03-26,,,,,,,
2012-03-27,,,,,,,
2012-03-28,,,,,,,
2012-03-29,,,,,,,
2012-03-30,,,,,,,
2012-04-02,,,,,,,
2012-04-03,,,,,,,
2012-04-04,,,,,,,
2012-04-05,,,,,,,
2012-04-08,,,,,,,
2012-04-09,,,,,,,
2012-04-10,,,,,,,
2012-04-11,,,,,,,
2012-04-12,,,,,,,
2012-04-13,,,,,,,
2012-04-16,,,,,,,
2012-04-17,,,,,,,
2012-04-18,,,,,,,
2012-04-19,,,,,,,
2012-04-20,,,,,,,
2012-04-23,,,,,,,
2012-04-24,,,,,,,
2012-04-25,,,,,,,
2012-04-26,,,,,,,
2012-04-27,,,,,,,
2012-04-30,,,,,,,
2012-05-01,,,,,,,
2012-05-02,,,,,,,
2012-05-03,,,,,,,
2012-05-04,,,,,,,
2012-05-07,,,,,,,
2012-05-08,,,,,,,
2012-05-09,,,,,,,
2012-05-10,,,,,,,
2012-05-11,,,,,,,
2012-05-14,,,,,,,
2012-05-15,,,,,,,
2012-05-16,,,,,,,
2012-05-17,,,,,,,
2012-05-18,,,,,,,
2012-05-21,,,,,,,
2012-05-22,,,,,,,
2012-05-23,,,,,,,
2012-05-24,,,,,,,
2012-05-25,,,,,,,
2012-05-28,,,,,,,
2012-05-29,,,,,,,
2012-05-30,,,,,,,
2012-05-31,,,,,,,
2012-06-01,,,,,,,
2012-06-04,,,,,,,
2012-06-05,,,,,,,
2012-06-06,,,,,,,
2012-06-07,,,,,,,
2012-06-08,,,,,,,
2012-06-11,,,,,,,
2012-06-12,,,,,,,
2012-06-13,,,,,,,
2012-06-14,,,,,,,
2012-06-15,,,,,,,
2012-06-18,,,,,,,
2012-06-19,,,,,,,
2012-06-20,,,,,,,
2012-06-21,,,,,,,
2012-06-22,,,,,,,
2012-06-25,,,,,,,
2012-06-26,,,,,,,
2012-06-27,,,,,,,
2012-06-28,,,,,,,
2012-06-29,,,,,,,
2012-07-02,,,,,,,
2012-07-03,,,,,,,
2012-07-04,,,,,,,
2012-07-05,,,,,,,
2012-07-06,,,,,,,
2012-07-07,,,,,,,
2012-07-08,,,,,,,
2012-07-09,,,,,,,
2012-07-10,,,,,,,
2012-07-11,,,,,,,
2012-07-12,,,,,,,
2012-07-13,,,,,,,
2012-07-16,,,,,,,
2012-07-17,,,,,,,
2012-07-18,,,,,,,
2012-07-19,,,,,,,
2012-07-20,,,,,,,
2012-07-23,,,,,,,
2012-07-24,,,,,,,
2012-07-25,,,,,,,
2012-07-26,,,,,,,
2012-07-27,,,,,,,
2012-07-30,,,,,,,
2012-07-31,,,,,,,
2012-08-01,,,,,,,
2012-08-02,,,,,,,
2012-08-03,,,,,,,
2012-08-06,,,,,,,
2012-08-07,,,,,,,
2012-08-08,,,,,,,
2012-08-09,,,,,,,
2012-08-10,,,,,,,
2012-08-13,,,,,,,
2012-08-14,,,,,,,
2012-08-15,,,,,,,
2012-08-16,,,,,,,
2012-08-17,,,,,,,
2012-08-20,,,,,,,
2012-08-21,,,,,,,
2012-08-22,,,,,,,
2012-08-23,,,,,,,
2012-08-24,,,,,,,
2012-08-27,,,,,,,
2012-08-28,,,,,,,
2012-08-29,,,,,,,
2012-08-30,,,,,,,
2012-08-31,,,,,,,
2012-09-03,,,,,,,
2012-09-04,,,,,,,
2012-09-05,,,,,,,
2012-09-06,,,,,,,
2012-09-07,,,,,,,
2012-09-10,,,,,,,
2012-09-11,,,,,,,
2012-09-12,,,,,,,
2012-09-13,,,,,,,
2012-09-14,,,,,,,
2012-09-17,,,,,,,
2012-09-18,,,,,,,
2012-09-19,,,,,,,
2012-09-20,,,,,,,
2012-09-21,,,,,,,
2012-09-24,,,,,,,
2012-09-25,,,,,,,
2012-09-26,,,,,,,
2012-09-27,,,,,,,
2012-09-28,,,,,,,
2012-10-01,,,,,,,
2012-10-02,,,,,,,
2012-10-03,,,,,,,
2012-10-04,,,,,,,
2012-10-05,,,,,,,
2012-10-08,,,,,,,
2012-10-09,,,,,,,
2012-10-10,,,,,,,
2012-10-11,,,,,,,
2012-10-12,,,,,,,
2012-10-15,,,,,,,
2012-10-16,,,,,,,
2012-10-17,,,,,,,
2012-10-18,,,,,,,
2012-10-19,,,,,,,
2012-10-22,,,,,,,
2012-10-23,,,,,,,
2012-10-24,,,,,,,
2012-10-25,,,,,,,
2012-10-26,,,,,,,
2012-10-29,,,,,,,
2012-10-30,,,,,,,
2012-10-31,,,,,,,
2012-11-01,,,,,,,
2012-11-02,,,,,,,
2012-11-05,,,,,,,
2012-11-06,,,,,,,
2012-11-07,,,,,,,
2012-11-08,,,,,,,
2012-11-09,,,,,,,
2012-11-12,,,,,,,
2012-11-13,,,,,,,
2012-11-14,,,,,,,
2012-11-15,,,,,,,
2012-11-16,,,,,,,
2012-11-19,,,,,,,
2012-11-20,,,,,,,
2012-11-21,,,,,,,
2012-11-22,,,,,,,
2012-11-23,,,,,,,
2012-11-26,,,,,,,
2012-11-27,,,,,,,
2012-11-28,,,,,,,
2012-11-29,,,,,,,
2012-11-30,,,,,,,
2012-12-03,,,,,,,
2012-12-04,,,,,,,
2012-12-05,,,,,,,
2012-12-06,,,,,,,
2012-12-07,,,,,,,
2012-12-10,,,,,,,
2012-12-11,,,,,,,
2012-12-12,,,,,,,
2012-12-13,,,,,,,
2012-12-14,,,,,,,
2012-12-17,,,,,,,
2012-12-18,,,,,,,
2012-12-19,,,,,,,
2012-12-20,,,,,,,
2012-12-21,,,,,,,
2012-12-24,,,,,,,
2012-12-27,,,,,,,
2012-12-28,,,,,,,
2012-12-31,,,,,,,
2013-01-02,,,,,,,
2013-01-03,,,,,,,
2013-01-04,,,,,,,
2013-01-07,,,,,,,
2013-01-08,,,,,,,
2013-01-09,,,,,,,
2013-01-10,,,,,,,
2013-01-11,,,,,,,
2013-01-14,,,,,,,
2013-01-15,,,,,,,
2013-01-16,,,,,,,
2013-01-17,,,,,,,
2013-01-18,,,,,,,
2013-01-21,,,,,,,
2013-01-22,,,,,,,
2013-01-23,,,,,,,
2013-01-24,,,,,,,
2013-01-25,,,,,,,
2013-01-28,,,,,,,
2013-01-29,,,,,,,
2013-01-30,,,,,,,
2013-01-31,,,,,,,
2013-02-01,,,,,,,
2013-02-04,,,,,,,
2013-02-05,,,,,,,
2013-02-06,,,,,,,
2013-02-07,,,,,,,
2013-02-08,,,,,,,
2013-02-11,,,,,,,
2013-02-12,,,,,,,
2013-02-13,,,,,,,
2013-02-14,,,,,,,
2013-02-15,,,,,,,
2013-02-18,,,,,,,
2013-02-19,,,,,,,
2013-02-20,,,,,,,
2013-02-21,,,,,,,
2013-02-22,,,,,,,
2013-02-25,,,,,,,
2013-02-26,,,,,,,
2013-02-27,,,,,,,
2013-02-28,,,,,,,
2013-03-01,,,,,,,
2013-03-04,,,,,,,
2013-03-05,,,,,,,
2013-03-06,,,,,,,
2013-03-07,,,,,,,
2013-03-08,,,,,,,
2013-03-11,,,,,,,
2013-03-12,,,,,,,
2013-03-13,,,,,,,
2013-03-14,,,,,,,
2013-03-15,,,,,,,
2013-03-18,,,,,,,
2013-03-19,,,,,,,
2013-03-20,,,,,,,
2013-03-21,,,,,,,
2013-03-22,,,,,,,
2013-03-25,,,,,,,
2013-03-26,,,,,,,
2013-03-27,,,,,,,
2013-03-28,,,,,,,
2013-04-01,,,,,,,
2013-04-02,,,,,,,
2013-04-03,,,,,,,
2013-04-04,,,,,,,
2013-04-05,,,,,,,
2013-04-08,,,,,,,
2013-04-09,,,,,,,
2013-04-10,,,,,,,
2013-04-11,,,,,,,
2013-04-12,,,,,,,
2013-04-15,,,,,,,
2013-04-16,,,,,,,
2013-04-17,,,,,,,
2013-04-18,,,,,,,
2013-04-19,,,,,,,
2013-04-22,,,,,,,
2013-04-23,,,,,,,
2013-04-24,,,,,,,
2013-04-25,,,,,,,
2013-04-26,,,,,,,
2013-04-29,,,,,,,
2013-04-30,,,,,,,
2013-05-01,,,,,,,
2013-05-02,,,,,,,
2013-05-03,,,,,,,
2013-05-06,,,,,,,
2013-05-07,,,,,,,
2013-05-08,,,,,,,
2013-05-09,,,,,,,
2013-05-10,,,,,,,
2013-05-13,,,,,,,
2013-05-14,,,,,,,
2013-05-15,,,,,,,
2013-05-16,,,,,,,
2013-05-17,,,,,,,
2013-05-20,,,,,,,
2013-05-21,,,,,,,
2013-05-22,,,,,,,
2013-05-23,,,,,,,
2013-05-24,,,,,,,
2013-05-27,,,,,,,
2013-05-28,,,,,,,
2013-05-29,,,,,,,
2013-05-30,,,,,,,
2013-05-31,,,,,,,
2013-06-03,,,,,,,
2013-06-04,,,,,,,
2013-06-05,,,,,,,
2013-06-06,,,,,,,
2013-06-07,,,,,,,
2013-06-10,,,,,,,
2013-06-11,,,,,,,
2013-06-12,,,,,,,
2013-06-13,,,,,,,
2013-06-14,,,,,,,
2013-06-17,,,,,,,
2013-06-18,,,,,,,
2013-06-19,,,,,,,
2013-06-20,,,,,,,
2013-06-21,,,,,,,
2013-06-24,,,,,,,
2013-06-25,,,,,,,
2013-06-26,,,,,,,
2013-06-27,,,,,,,
2013-06-28,,,,,,,
2013-07-01,,,,,,,
2013-07-02,,,,,,,
2013-07-03,,,,,,,
2013-07-04,,,,,,,
2013-07-05,,,,,,,
2013-07-08,,,,,,,
2013-07-09,,,,,,,
2013-07-10,,,,,,,
2013-07-11,,,,,,,
2013-07-12,,,,,,,
2013-07-15,,,,,,,
2013-07-16,,,,,,,
2013-07-17,,,,,,,
2013-07-18,,,,,,,
2013-07-19,,,,,,,
2013-07-22,,,,,,,
2013-07-23,,,,,,,
2013-07-24,,,,,,,
2013-07-25,,,,,,,
2013-07-26,,,,,,,
2013-07-29,,,,,,,
2013-07-30,,,,,,,
2013-07-31,,,,,,,
2013-08-01,,,,,,,
2013-08-02,,,,,,,
2013-08-05,,,,,,,
2013-08-06,,,,,,,
2013-08-07,,,,,,,
2013-08-08,,,,,,,
2013-08-09,,,,,,,
2013-08-12,,,,,,,
2013-08-13,,,,,,,
2013-08-14,,,,,,,
2013-08-15,,,,,,,
2013-08-16,,,,,,,
2013-08-19,,,,,,,
2013-08-20,,,,,,,
2013-08-21,,,,,,,
2013-08-22,,,,,,,
2013-08-23,,,,,,,
2013-08-26,,,,,,,
2013-08-27,,,,,,,
2013-08-28,,,,,,,
2013-08-29,,,,,,,
2013-08-30,,,,,,,
2013-09-02,,,,,,,
2013-09-03,,,,,,,
2013-09-04,,,,,,,
2013-09-05,,,,,,,
2013-09-06,,,,,,,
2013-09-09,,,,,,,
2013-09-10,,,,,,,
2013-09-11,,,,,,,
2013-09-12,,,,,,,
2013-09-13,,,,,,,
2013-09-16,,,,,,,
2013-09-17,,,,,,,
2013-09-18,,,,,,,
2013-09-19,,,,,,,
2013-09-20,,,,,,,
2013-09-23,,,,,,,
2013-09-24,,,,,,,
2013-09-25,,,,,,,
2013-09-26,,,,,,,
2013-09-27,,,,,,,
2013-09-30,,,,,,,
2013-10-01,,,,,,,
2013-10-02,,,,,,,
2013-10-03,,,,,,,
2013-10-04,,,,,,,
2013-10-07,,,,,,,
2013-10-08,,,,,,,
2013-10-09,,,,,,,
2013-10-10,,,,,,,
2013-10-11,,,,,,,
2013-10-14,,,,,,,
2013-10-15,,,,,,,
2013-10-16,,,,,,,
2013-10-17,,,,,,,
2013-10-18,,,,,,,
2013-10-21,,,,,,,
2013-10-22,,,,,,,
2013-10-23,,,,,,,
2013-10-24,,,,,,,
2013-10-25,,,,,,,
2013-10-28,,,,,,,
2013-10-29,,,,,,,
2013-10-30,,,,,,,
2013-10-31,,,,,,,
2013-11-01,,,,,,,
2013-11-04,,,,,,,
2013-11-05,,,,,,,
2013-11-06,,,,,,,
2013-11-07,,,,,,,
2013-11-08,,,,,,,
2013-11-11,,,,,,,
2013-11-12,,,,,,,
2013-11-13,,,,,,,
2013-11-14,,,,,,,
2013-11-15,,,,,,,
2013-11-18,,,,,,,
2013-11-19,,,,,,,
2013-11-20,,,,,,,
2013-11-21,,,,,,,
2013-11-22,,,,,,,
2013-11-25,,,,,,,
2013-11-26,,,,,,,
2013-11-27,,,,,,,
2013-11-28,,,,,,,
2013-11-29,,,,,,,
2013-12-02,,,,,,,
2013-12-03,,,,,,,
2013-12-04,,,,,,,
2013-12-05,,,,,,,
2013-12-06,,,,,,,
2013-12-09,,,,,,,
2013-12-10,,,,,,,
2013-12-11,,,,,,,
2013-12-12,,,,,,,
2013-12-13,,,,,,,
2013-12-16,,,,,,,
2013-12-17,,,,,,,
2013-12-18,,,,,,,
2013-12-19,,,,,,,
2013-12-20,,,,,,,
2013-12-23,,,,,,,
2013-12-24,,,,,,,
2013-12-27,,,,,,,
2013-12-30,,,,,,,
2013-12-31,,,,,,,
2014-01-02,,,,,,,
2014-01-03,,,,,,,
2014-01-06,,,,,,,
2014-01-07,,,,,,,
2014-01-08,,,,,,,
2014-01-09,,,,,,,
2014-01-10,,,,,,,
2014-01-13,,,,,,,
2014-01-14,,,,,,,
2014-01-15,,,,,,,
2014-01-16,,,,,,,
2014-01-17,,,,,,,
2014-01-20,,,,,,,
2014-01-21,,,,,,,
2014-01-22,,,,,,,
2014-01-23,,,,,,,
2014-01-24,,,,,,,
2014-01-27,,,,,,,
2014-01-28,,,,,,,
2014-01-29,,,,,,,
2014-01-30,,,,,,,
2014-01-31,,,,,,,
2014-02-03,,,,,,,
2014-02-04,,,,,,,
2014-02-05,,,,,,,
2014-02-06,,,,,,,
2014-02-07,,,,,,,
2014-02-10,,,,,,,
2014-02-11,,,,,,,
2014-02-12,,,,,,,
2014-02-13,,,,,,,
2014-02-14,,,,,,,
2014-02-17,,,,,,,
2014-02-18,,,,,,,
2014-02-19,,,,,,,
2014-02-20,,,,,,,
2014-02-21,,,,,,,
2014-02-24,,,,,,,
2014-02-25,,,,,,,
2014-02-26,,,,,,,
2014-02-27,,,,,,,
2014-02-28,,,,,,,
2014-03-03,,,,,,,
2014-03-04,,,,,,,
2014-03-05,,,,,,,
2014-03-06,,,,,,,
2014-03-07,,,,,,,
2014-03-10,,,,,,,
2014-03-11,,,,,,,
2014-03-12,,,,,,,
2014-03-13,,,,,,,
2014-03-14,,,,,,,
2014-03-17,,,,,,,
2014-03-18,,,,,,,
2014-03-19,,,,,,,
2014-03-20,,,,,,,
2014-03-21,,,,,,,
2014-03-24,,,,,,,
2014-03-25,,,,,,,
2014-03-26,,,,,,,
2014-03-27,,,,,,,
2014-03-28,,,,,,,
2014-03-31,,,,,,,
2014-04-01,,,,,,,
2014-04-02,,,,,,,
2014-04-03,,,,,,,
2014-04-04,,,,,,,
2014-04-07,,,,,,,
2014-04-08,,,,,,,
2014-04-09,,,,,,,
2014-04-10,,,,,,,
2014-04-11,,,,,,,
2014-04-14,,,,,,,
2014-04-15,,,,,,,
2014-04-16,,,,,,,
2014-04-17,,,,,,,
2014-04-22,,,,,,,
2014-04-23,,,,,,,
2014-04-24,,,,,,,
2014-04-25,,,,,,,
2014-04-28,,,,,,,
2014-04-29,,,,,,,
2014-04-30,,,,,,,
2014-05-01,,,,,,,
2014-05-02,,,,,,,
2014-05-05,,,,,,,
2014-05-06,,,,,,,
2014-05-07,,,,,,,
2014-05-08,,,,,,,
2014-05-09,,,,,,,
2014-05-12,,,,,,,
2014-05-13,,,,,,,
2014-05-14,,,,,,,
2014-05-15,,,,,,,
2014-05-16,,,,,,,
2014-05-19,,,,,,,
2014-05-20,,,,,,,
2014-05-21,,,,,,,
2014-05-22,,,,,,,
2014-05-23,,,,,,,
2014-05-26,,,,,,,
2014-05-27,,,,,,,
2014-05-28,,,,,,,
2014-05-29,,,,,,,
2014-05-30,,,,,,,
2014-06-02,,,,,,,
2014-06-03,,,,,,,
2014-06-04,,,,,,,
2014-06-05,,,,,,,
2014-06-06,,,,,,,
2014-06-09,,,,,,,
2014-06-10,,,,,,,
2014-06-11,,,,,,,
2014-06-12,,,,,,,
2014-06-13,,,,,,,
2014-06-16,,,,,,,
2014-06-17,,,,,,,
2014-06-18,,,,,,,
2014-06-19,,,,,,,
2014-06-20,,,,,,,
2014-06-23,,,,,,,
2014-06-24,,,,,,,
2014-06-25,,,,,,,
2014-06-26,,,,,,,
2014-06-27,,,,,,,
2014-06-30,,,,,,,
2014-07-01,,,,,,,
2014-07-02,,,,,,,
2014-07-03,,,,,,,
2014-07-04,,,,,,,
2014-07-07,,,,,,,
2014-07-08,,,,,,,
2014-07-09,,,,,,,
2014-07-10,,,,,,,
2014-07-11,,,,,,,
2014-07-14,,,,,,,
2014-07-15,,,,,,,
2014-07-16,,,,,,,
2014-07-17,,,,,,,
2014-07-18,,,,,,,
2014-07-21,,,,,,,
2014-07-22,,,,,,,
2014-07-23,,,,,,,
2014-07-24,,,,,,,
2014-07-25,,,,,,,
2014-07-28,,,,,,,
2014-07-29,,,,,,,
2014-07-30,,,,,,,
2014-07-31,,,,,,,
2014-08-01,,,,,,,
2014-08-04,,,,,,,
2014-08-05,,,,,,,
2014-08-06,,,,,,,
2014-08-07,,,,,,,
2014-08-08,,,,,,,
2014-08-11,,,,,,,
2014-08-12,,,,,,,
2014-08-13,,,,,,,
2014-08-14,,,,,,,
2014-08-15,,,,,,,
2014-08-18,,,,,,,
2014-08-19,,,,,,,
2014-08-20,,,,,,,
2014-08-21,,,,,,,
2014-08-22,,,,,,,
2014-08-25,,,,,,,
2014-08-26,,,,,,,
2014-08-27,,,,,,,
2014-08-28,,,,,,,
2014-08-29,,,,,,,
2014-09-01,,,,,,,
2014-09-02,,,,,,,
2014-09-03,,,,,,,
2014-09-04,,,,,,,
2014-09-05,,,,,,,
2014-09-08,,,,,,,
2014-09-09,,,,,,,
2014-09-10,,,,,,,
2014-09-11,,,,,,,
2014-09-12,,,,,,,
2014-09-15,,,,,,,
2014-09-16,,,,,,,
2014-09-17,,,,,,,
2014-09-18,,,,,,,
2014-09-19,,,,,,,
2014-09-22,,,,,,,
2014-09-23,,,,,,,
2014-09-24,,,,,,,
2014-09-25,,,,,,,
2014-09-26,,,,,,,
2014-09-29,,,,,,,
2014-09-30,,,,,,,
2014-10-01,,,,,,,
2014-10-02,,,,,,,
2014-10-03,,,,,,,
2014-10-06,,,,,,,
2014-10-07,,,,,,,
2014-10-08,,,,,,,
2014-10-09,,,,,,,
2014-10-10,,,,,,,
2014-10-13,,,,,,,
2014-10-14,,,,,,,
2014-10-15,,,,,,,
2014-10-16,,,,,,,
2014-10-17,,,,,,,
2014-10-20,,,,,,,
2014-10-21,,,,,,,
2014-10-22,,,,,,,
2014-10-23,,,,,,,
2014-10-24,,,,,,,
2014-10-27,,,,,,,
2014-10-28,,,,,,,
2014-10-29,,,,,,,
2014-10-30,,,,,,,
2014-10-31,,,,,,,
2014-11-03,,,,,,,
2014-11-04,,,,,,,
2014-11-05,,,,,,,
2014-11-06,,,,,,,
2014-11-07,,,,,,,
2014-11-10,,,,,,,
2014-11-11,,,,,,,
2014-11-12,,,,,,,
2014-11-13,,,,,,,
2014-11-14,,,,,,,
2014-11-17,,,,,,,
2014-11-18,,,,,,,
2014-11-19,,,,,,,
2014-11-20,,,,,,,
2014-11-21,,,,,,,
2014-11-24,,,,,,,
2014-11-25,,,,,,,
2014-11-26,,,,,,,
2014-11-27,,,,,,,
2014-11-28,,,,,,,
2014-12-01,,,,,,,
2014-12-02,,,,,,,
2014-12-03,,,,,,,
2014-12-04,,,,,,,
2014-12-05,,,,,,,
2014-12-08,,,,,,,
2014-12-09,,,,,,,
2014-12-10,,,,,,,
2014-12-11,,,,,,,
2014-12-12,,,,,,,
2014-12-15,,,,,,,
2014-12-16,,,,,,,
2014-12-17,,,,,,,
2014-12-18,,,,,,,
2014-12-19,,,,,,,
2014-12-22,,,,,,,
2014-12-23,,,,,,,
2014-12-24,,,,,,,
2014-12-29,,,,,,,
2014-12-30,,,,,,,
2014-12-31,,,,,,,
2015-01-02,,,,,,,
2015-01-05,,,,,,,
2015-01-06,,,,,,,
2015-01-07,,,,,,,
2015-01-08,,,,,,,
2015-01-09,,,,,,,
2015-01-12,,,,,,,
2015-01-13,,,,,,,
2015-01-14,,,,,,,
2015-01-15,,,,,,,
2015-01-16,,,,,,,
2015-01-19,,,,,,,
2015-01-20,,,,,,,
2015-01-21,,,,,,,
2015-01-22,,,,,,,
2015-01-23,,,,,,,
2015-01-26,,,,,,,
2015-01-27,,,,,,,
2015-01-28,,,,,,,
2015-01-29,,,,,,,
2015-01-30,,,,,,,
2015-02-02,,,,,,,
2015-02-03,,,,,,,
2015-02-04,,,,,,,
2015-02-05,,,,,,,
2015-02-06,,,,,,,
2015-02-09,,,,,,,
2015-02-10,,,,,,,
2015-02-11,,,,,,,
2015-02-12,,,,,,,
2015-02-13,,,,,,,
2015-02-16,,,,,,,
2015-02-17,,,,,,,
2015-02-18,,,,,,,
2015-02-19,,,,,,,
2015-02-20,,,,,,,
2015-02-23,,,,,,,
2015-02-24,,,,,,,
2015-02-25,,,,,,,
2015-02-26,,,,,,,
2015-02-27,,,,,,,
2015-03-02,,,,,,,
2015-03-03,,,,,,,
2015-03-04,,,,,,,
2015-03-05,,,,,,,
2015-03-06,,,,,,,
2015-03-09,,,,,,,
2015-03-10,,,,,,,
2015-03-11,,,,,,,
2015-03-12,,,,,,,
2015-03-13,,,,,,,
2015-03-16,,,,,,,
2015-03-17,,,,,,,
2015-03-18,,,,,,,
2015-03-19,,,,,,,
2015-03-20,,,,,,,
2015-03-23,,,,,,,
2015-03-24,,,,,,,
2015-03-25,,,,,,,
2015-03-26,,,,,,,
2015-03-27,,,,,,,
2015-03-30,,,,,,,
2015-03-31,,,,,,,
2015-04-01,,,,,,,
2015-04-02,,,,,,,
2015-04-06,,,,,,,
2015-04-07,,,,,,,
2015-04-08,,,,,,,
2015-04-09,,,,,,,
2015-04-10,,,,,,,
2015-04-13,,,,,,,
2015-04-14,,,,,,,
2015-04-15,,,,,,,
2015-04-16,,,,,,,
2015-04-17,,,,,,,
2015-04-20,,,,,,,
2015-04-21,,,,,,,
2015-04-22,,,,,,,
2015-04-23,,,,,,,
2015-04-24,,,,,,,
2015-04-27,,,,,,,
2015-04-28,,,,,,,
2015-04-29,,,,,,,
2015-04-30,,,,,,,
2015-05-01,,,,,,,
2015-05-04,,,,,,,
2015-05-05,,,,,,,
2015-05-06,,,,,,,
2015-05-07,,,,,,,
2015-05-08,,,,,,,
2015-05-11,,,,,,,
2015-05-12,,,,,,,
2015-05-13,,,,,,,
2015-05-14,,,,,,,
2015-05-15,,,,,,,
2015-05-18,,,,,,,
2015-05-19,,,,,,,
2015-05-20,,,,,,,
2015-05-21,,,,,,,
2015-05-22,,,,,,,
2015-05-25,,,,,,,
2015-05-26,,,,,,,
2015-05-27,,,,,,,
2015-05-28,,,,,,,
2015-05-29,,,,,,,
2015-06-01,,,,,,,
2015-06-02,,,,,,,
2015-06-03,,,,,,,
2015-06-04,,,,,,,
2015-06-05,,,,,,,
2015-06-08,,,,,,,
2015-06-09,,,,,,,
2015-06-10,,,,,,,
2015-06-11,,,,,,,
2015-06-12,,,,,,,
2015-06-15,,,,,,,
2015-06-16,,,,,,,
2015-06-17,,,,,,,
2015-06-18,,,,,,,
2015-06-19,,,,,,,
2015-06-22,,,,,,,
2015-06-23,,,,,,,
2015-06-24,,,,,,,
2015-06-25,,,,,,,
2015-06-26,,,,,,,
2015-06-29,,,,,,,
2015-06-30,,,,,,,
2015-07-01,,,,,,,
2015-07-02,,,,,,,
2015-07-03,,,,,,,
2015-07-06,,,,,,,
2015-07-07,,,,,,,
2015-07-08,,,,,,,
2015-07-09,,,,,,,
2015-07-10,,,,,,,
2015-07-13,,,,,,,
2015-07-14,,,,,,,
2015-07-15,,,,,,,
2015-07-16,,,,,,,
2015-07-17,,,,,,,
2015-07-20,,,,,,,
2015-07-21,,,,,,,
2015-07-22,,,,,,,
2015-07-23,,,,,,,
2015-07-24,,,,,,,
2015-07-27,,,,,,,
2015-07-28,,,,,,,
2015-07-29,,,,,,,
2015-07-30,,,,,,,
2015-07-31,,,,,,,
2015-08-03,,,,,,,
2015-08-04,,,,,,,
2015-08-05,,,,,,,
2015-08-06,,,,,,,
2015-08-07,,,,,,,
2015-08-10,,,,,,,
2015-08-11,,,,,,,
2015-08-12,,,,,,,
2015-08-13,,,,,,,
2015-08-14,,,,,,,
2015-08-17,,,,,,,
2015-08-18,,,,,,,
2015-08-19,,,,,,,
2015-08-20,,,,,,,
2015-08-21,,,,,,,
2015-08-24,,,,,,,
2015-08-25,,,,,,,
2015-08-26,,,,,,,
2015-08-27,,,,,,,
2015-08-28,,,,,,,
2015-08-31,,,,,,,
2015-09-01,,,,,,,
2015-09-02,,,,,,,
2015-09-03,,,,,,,
2015-09-04,,,,,,,
2015-09-07,,,,,,,
2015-09-08,,,,,,,
2015-09-09,,,,,,,
2015-09-10,,,,,,,
2015-09-11,,,,,,,
2015-09-14,,,,,,,
2015-09-15,,,,,,,
2015-09-16,,,,,,,
2015-09-17,,,,,,,
2015-09-18,,,,,,,
2015-09-21,,,,,,,
2015-09-22,,,,,,,
2015-09-23,,,,,,,
2015-09-24,,,,,,,
2015-09-25,,,,,,,
2015-09-28,,,,,,,
2015-09-29,,,,,,,
2015-09-30,,,,,,,
2015-10-01,,,,,,,
2015-10-02,,,,,,,
2015-10-05,,,,,,,
2015-10-06,,,,,,,
2015-10-07,,,,,,,
2015-10-08,,,,,,,
2015-10-09,,,,,,,
2015-10-12,,,,,,,
2015-10-13,,,,,,,
2015-10-14,,,,,,,
2015-10-15,,,,,,,
2015-10-16,,,,,,,
2015-10-19,,,,,,,
2015-10-20,,,,,,,
2015-10-21,,,,,,,
2015-10-22,,,,,,,
2015-10-23,,,,,,,
2015-10-26,,,,,,,
2015-10-27,,,,,,,
2015-10-28,,,,,,,
2015-10-29,,,,,,,
2015-10-30,,,,,,,
2015-11-02,,,,,,,
2015-11-03,,,,,,,
2015-11-04,,,,,,,
2015-11-05,,,,,,,
2015-11-06,,,,,,,
2015-11-09,,,,,,,
2015-11-10,,,,,,,
2015-11-11,,,,,,,
2015-11-12,,,,,,,
2015-11-13,,,,,,,
2015-11-16,,,,,,,
2015-11-17,,,,,,,
2015-11-18,,,,,,,
2015-11-19,,,,,,,
2015-11-20,,,,,,,
2015-11-23,,,,,,,
2015-11-24,,,,,,,
2015-11-25,,,,,,,
2015-11-26,,,,,,,
2015-11-27,,,,,,,
2015-11-30,,,,,,,
2015-12-01,,,,,,,
2015-12-02,,,,,,,
2015-12-03,,,,,,,
2015-12-04,,,,,,,
2015-12-07,,,,,,,
2015-12-08,,,,,,,
2015-12-09,,,,,,,
2015-12-10,,,,,,,
2015-12-11,,,,,,,
2015-12-14,,,,,,,
2015-12-15,,,,,,,
2015-12-16,,,,,,,
2015-12-17,,,,,,,
2015-12-18,,,,,,,
2015-12-21,,,,,,,
2015-12-22,,,,,,,
2015-12-23,,,,,,,
2015-12-24,,,,,,,
2015-12-28,,,,,,,
2015-12-29,,,,,,,
2015-12-30,,,,,,,
2015-12-31,,,,,,,
2016-01-04,,,,,,,
2016-01-05,,,,,,,
2016-01-06,,,,,,,
2016-01-07,,,,,,,
2016-01-08,,,,,,,
2016-01-11,,,,,,,
2016-01-12,,,,,,,
2016-01-13,,,,,,,
2016-01-14,,,,,,,
2016-01-15,,,,,,,
2016-01-18,,,,,,,
2016-01-19,,,,,,,
2016-01-20,,,,,,,
2016-01-21,,,,,,,
2016-01-22,,,,,,,
2016-01-25,,,,,,,
2016-01-26,,,,,,,
2016-01-27,,,,,,,
2016-01-28,,,,,,,
2016-01-29,,,,,,,
2016-02-01,,,,,,,
2016-02-02,,,,,,,
2016-02-03,,,,,,,
2016-02-04,,,,,,,
2016-02-05,,,,,,,
2016-02-08,,,,,,,
2016-02-09,,,,,,,
2016-02-10,,,,,,,
2016-02-11,,,,,,,
2016-02-12,,,,,,,
2016-02-15,,,,,,,
2016-02-16,,,,,,,
2016-02-17,,,,,,,
2016-02-18,,,,,,,
2016-02-19,,,,,,,
2016-02-22,,,,,,,
2016-02-23,,,,,,,
2016-02-24,,,,,,,
2016-02-25,,,,,,,
2016-02-26,,,,,,,
2016-02-29,,,,,,,
2016-03-01,,,,,,,
2016-03-02,,,,,,,
2016-03-03,,,,,,,
2016-03-04,,,,,,,
2016-03-07,,,,,,,
2016-03-08,,,,,,,
2016-03-09,,,,,,,
2016-03-10,,,,,,,
2016-03-11,,,,,,,
2016-03-14,,,,,,,
2016-03-15,,,,,,,
2016-03-16,,,,,,,
2016-03-17,,,,,,,
2016-03-18,,,,,,,
2016-03-21,,,,,,,
2016-03-22,,,,,,,
2016-03-23,,,,,,,
2016-03-24,,,,,,,
2016-03-28,,,,,,,
2016-03-29,,,,,,,
2016-03-30,,,,,,,
2016-03-31,,,,,,,
2016-04-01,,,,,,,
2016-04-04,,,,,,,
2016-04-05,,,,,,,
2016-04-06,,,,,,,
2016-04-07,,,,,,,
2016-04-08,,,,,,,
2016-04-11,,,,,,,
2016-04-12,,,,,,,
2016-04-13,,,,,,,
2016-04-14,,,,,,,
2016-04-15,,,,,,,
2016-04-18,,,,,,,
2016-04-19,,,,,,,
2016-04-20,,,,,,,
2016-04-21,,,,,,,
2016-04-22,,,,,,,
2016-04-25,,,,,,,
2016-04-26,,,,,,,
2016-04-27,,,,,,,
2016-04-28,,,,,,,
2016-04-29,,,,,,,
2016-05-02,,,,,,,
2016-05-03,,,,,,,
2016-05-04,,,,,,,
2016-05-05,,,,,,,
2016-05-06,,,,,,,
2016-05-09,,,,,,,
2016-05-10,,,,,,,
2016-05-11,,,,,,,
2016-05-12,,,,,,,
2016-05-13,,,,,,,
2016-05-16,,,,,,,
2016-05-17,,,,,,,
2016-05-18,,,,,,,
2016-05-19,,,,,,,
2016-05-20,,,,,,,
2016-05-23,,,,,,,
2016-05-24,,,,,,,
2016-05-25,,,,,,,
2016-05-26,,,,,,,
2016-05-27,,,,,,,
2016-05-30,,,,,,,
2016-05-31,,,,,,,
2016-06-01,,,,,,,
2016-06-02,,,,,,,
2016-06-03,,,,,,,
2016-06-06,,,,,,,
2016-06-07,,,,,,,
2016-06-08,,,,,,,
2016-06-09,,,,,,,
2016-06-10,,,,,,,
2016-06-13,,,,,,,
2016-06-14,,,,,,,
2016-06-15,,,,,,,
2016-06-16,,,,,,,
2016-06-17,,,,,,,
2016-06-20,,,,,,,
2016-06-21,,,,,,,
2016-06-22,,,,,,,
2016-06-23,,,,,,,
2016-06-24,,,,,,,
2016-06-27,,,,,,,
2016-06-28,,,,,,,
2016-06-29,,,,,,,
2016-06-30,,,,,,,
2016-07-01,,,,,,,
2016-07-04,,,,,,,
2016-07-05,,,,,,,
2016-07-06,,,,,,,
2016-07-07,,,,,,,
2016-07-08,,,,,,,
2016-07-11,,,,,,,
2016-07-12,,,,,,,
2016-07-13,,,,,,,
2016-07-14,,,,,,,
2016-07-15,,,,,,,
2016-07-18,,,,,,,
2016-07-19,,,,,,,
2016-07-20,,,,,,,
2016-07-21,,,,,,,
2016-07-22,,,,,,,
2016-07-25,,,,,,,
2016-07-26,,,,,,,
2016-07-27,,,,,,,
2016-07-28,,,,,,,
2016-07-29,,,,,,,
2016-08-01,,,,,,,
2016-08-02,,,,,,,
2016-08-03,,,,,,,
2016-08-04,,,,,,,
2016-08-05,,,,,,,
2016-08-08,,,,,,,
2016-08-09,,,,,,,
2016-08-10,,,,,,,
2016-08-11,,,,,,,
2016-08-12,,,,,,,
2016-08-15,,,,,,,
2016-08-16,,,,,,,
2016-08-17,,,,,,,
2016-08-18,,,,,,,
2016-08-19,,,,,,,
2016-08-22,,,,,,,
2016-08-23,,,,,,,
2016-08-24,,,,,,,
2016-08-25,,,,,,,
2016-08-26,,,,,,,
2016-08-29,,,,,,,
2016-08-30,,,,,,,
2016-08-31,,,,,,,
2016-09-01,,,,,,,
2016-09-02,,,,,,,
2016-09-05,,,,,,,
2016-09-06,,,,,,,
2016-09-07,,,,,,,
2016-09-08,,,,,,,
2016-09-09,,,,,,,
2016-09-12,,,,,,,
2016-09-13,,,,,,,
2016-09-14,,,,,,,
2016-09-15,,,,,,,
2016-09-16,,,,,,,
2016-09-19,,,,,,,
2016-09-20,,,,,,,
2016-09-21,,,,,,,
2016-09-22,,,,,,,
2016-09-23,,,,,,,
2016-09-26,,,,,,,
2016-09-27,,,,,,,
2016-09-28,,,,,,,
2016-09-29,,,,,,,
2016-09-30,,,,,,,
2016-10-03,,,,,,,
2016-10-04,,,,,,,
2016-10-05,,,,,,,
2016-10-06,,,,,,,
2016-10-07,,,,,,,
2016-10-10,,,,,,,
2016-10-11,,,,,,,
2016-10-12,,,,,,,
2016-10-13,,,,,,,
2016-10-14,,,,,,,
2016-10-17,,,,,,,
2016-10-18,,,,,,,
2016-10-19,,,,,,,
2016-10-20,,,,,,,
2016-10-21,,,,,,,
2016-10-24,,,,,,,
2016-10-25,,,,,,,
2016-10-26,,,,,,,
2016-10-27,,,,,,,
2016-10-28,,,,,,,
2016-10-31,,,,,,,
2016-11-01,,,,,,,
2016-11-02,,,,,,,
2016-11-03,,,,,,,
2016-11-04,,,,,,,
2016-11-07,,,,,,,
2016-11-08,,,,,,,
2016-11-09,,,,,,,
2016-11-10,,,,,,,
2016-11-11,,,,,,,
2016-11-14,,,,,,,
2016-11-15,,,,,,,
2016-11-16,,,,,,,
2016-11-17,,,,,,,
2016-11-18,,,,,,,
2016-11-21,,,,,,,
2016-11-22,,,,,,,
2016-11-23,,,,,,,
2016-11-24,,,,,,,
2016-11-25,,,,,,,
2016-11-28,,,,,,,
2016-11-29,,,,,,,
2016-11-30,,,,,,,
2016-12-01,,,,,,,
2016-12-02,,,,,,,
2016-12-05,,,,,,,
2016-12-06,,,,,,,
2016-12-07,,,,,,,
2016-12-08,,,,,,,
2016-12-09,,,,,,,
2016-12-12,,,,,,,
2016-12-13,,,,,,,
2016-12-14,,,,,,,
2016-12-15,,,,,,,
2016-12-16,,,,,,,
2016-12-19,,,,,,,
2016-12-20,,,,,,,
2016-12-21,,,,,,,
2016-12-22,,,,,,,
2016-12-23,,,,,,,
2016-12-27,,,,,,,
2016-12-28,,,,,,,
2016-12-29,,,,,,,
2016-12-30,,,,,,,
2017-01-02,,,,,,,
2017-01-03,,,,,,,
2017-01-04,,,,,,,
2017-01-05,,,,,,,
2017-01-06,,,,,,,
2017-01-09,,,,,,,
2017-01-10,,,,,,,
2017-01-11,,,,,,,
2017-01-12,,,,,,,
2017-01-13,,,,,,,
2017-01-16,,,,,,,
2017-01-17,,,,,,,
2017-01-18,,,,,,,
2017-01-19,,,,,,,
2017-01-20,,,,,,,
2017-01-23,,,,,,,
2017-01-24,,,,,,,
2017-01-25,,,,,,,
2017-01-26,,,,,,,
2017-01-27,,,,,,,
2017-01-30,,,,,,,
2017-01-31,,,,,,,
2017-02-01,,,,,,,
2017-02-02,,,,,,,
2017-02-03,,,,,,,
2017-02-06,,,,,,,
2017-02-07,,,,,,,
2017-02-08,,,,,,,
2017-02-09,,,,,,,
2017-02-10,,,,,,,
2017-02-13,,,,,,,
2017-02-14,,,,,,,
2017-02-15,,,,,,,
2017-02-16,,,,,,,
2017-02-17,,,,,,,
2017-02-20,,,,,,,
2017-02-21,,,,,,,
2017-02-22,,,,,,,
2017-02-23,,,,,,,
2017-02-24,,,,,,,
2017-02-27,,,,,,,
2017-02-28,,,,,,,
2017-03-01,,,,,,,
2017-03-02,,,,,,,
2017-03-03,,,,,,,
2017-03-06,,,,,,,
2017-03-07,,,,,,,
2017-03-08,,,,,,,
2017-03-09,,,,,,,
2017-03-10,,,,,,,
2017-03-13,,,,,,,
2017-03-14,,,,,,,
2017-03-15,,,,,,,
2017-03-16,,,,,,,
2017-03-17,,,,,,,
2017-03-20,,,,,,,
2017-03-21,,,,,,,
2017-03-22,,,,,,,
2017-03-23,,,,,,,
2017-03-24,,,,,,,
2017-03-27,,,,,,,
2017-03-28,,,,,,,
2017-03-29,,,,,,,
2017-03-30,,,,,,,
2017-03-31,,,,,,,
2017-04-03,,,,,,,
2017-04-04,,,,,,,
2017-04-05,,,,,,,
2017-04-06,,,,,,,
2017-04-07,,,,,,,
2017-04-10,,,,,,,
2017-04-11,,,,,,,
2017-04-12,,,,,,,
2017-04-13,,,,,,,
2017-04-17,,,,,,,
2017-04-18,,,,,,,
2017-04-19,,,,,,,
2017-04-20,,,,,,,
2017-04-21,,,,,,,
2017-04-24,,,,,,,
2017-04-25,,,,,,,
2017-04-26,,,,,,,
2017-04-27,,,,,,,
2017-04-28,,,,,,,
2017-05-01,,,,,,,
2017-05-02,,,,,,,
2017-05-03,,,,,,,
2017-05-04,,,,,,,
2017-05-05,,,,,,,
2017-05-08,,,,,,,
2017-05-09,,,,,,,
2017-05-10,,,,,,,
2017-05-11,,,,,,,
2017-05-12,,,,,,,
2017-05-15,,,,,,,
2017-05-16,,,,,,,
2017-05-17,,,,,,,
2017-05-18,,,,,,,
2017-05-19,,,,,,,
2017-05-22,,,,,,,
2017-05-23,,,,,,,
2017-05-24,,,,,,,
2017-05-25,,,,,,,
2017-05-26,,,,,,,
2017-05-29,,,,,,,
2017-05-30,,,,,,,
2017-05-31,,,,,,,
2017-06-01,,,,,,,
2017-06-02,,,,,,,
2017-06-05,,,,,,,
2017-06-06,,,,,,,
2017-06-07,,,,,,,
2017-06-08,,,,,,,
2017-06-09,,,,,,,
2017-06-12,,,,,,,
2017-06-13,,,,,,,
2017-06-14,,,,,,,
2017-06-15,,,,,,,
2017-06-16,,,,,,,
2017-06-19,,,,,,,
2017-06-20,,,,,,,
2017-06-21,,,,,,,
2017-06-22,,,,,,,
2017-06-23,,,,,,,
2017-06-26,,,,,,,
2017-06-27,,,,,,,
2017-06-28,,,,,,,
2017-06-29,,,,,,,
2017-06-30,,,,,,,
2017-07-03,,,,,,,
2017-07-04,,,,,,,
2017-07-05,,,,,,,
2017-07-06,,,,,,,
2017-07-07,,,,,,,
2017-07-10,,,,,,,
2017-07-11,,,,,,,
2017-07-12,,,,,,,
2017-07-13,,,,,,,
2017-07-14,,,,,,,
2017-07-17,,,,,,,
2017-07-18,,,,,,,
2017-07-19,,,,,,,
2017-07-20,,,,,,,
2017-07-21,,,,,,,
2017-07-24,,,,,,,
2017-07-25,,,,,,,
2017-07-26,,,,,,,
2017-07-27,,,,,,,
2017-07-28,,,,,,,
2017-07-31,,,,,,,
2017-08-01,,,,,,,
2017-08-02,,,,,,,
2017-08-03,,,,,,,
2017-08-04,,,,,,,
2017-08-07,,,,,,,
2017-08-08,,,,,,,
2017-08-09,,,,,,,
2017-08-10,,,,,,,
2017-08-11,,,,,,,
2017-08-14,,,,,,,
2017-08-15,,,,,,,
2017-08-16,,,,,,,
2017-08-17,,,,,,,
2017-08-18,,,,,,,
2017-08-21,,,,,,,
2017-08-22,,,,,,,
2017-08-23,,,,,,,
2017-08-24,,,,,,,
2017-08-25,,,,,,,
2017-08-28,,,,,,,
2017-08-29,,,,,,,
2017-08-30,,,,,,,
2017-08-31,,,,,,,
2017-09-01,,,,,,,
2017-09-04,,,,,,,
2017-09-05,,,,,,,
2017-09-06,,,,,,,
2017-09-07,,,,,,,
2017-09-08,,,,,,,
2017-09-11,,,,,,,
2017-09-12,,,,,,,
2017-09-13,,,,,,,
2017-09-14,,,,,,,
2017-09-15,,,,,,,
2017-09-18,,,,,,,
2017-09-19,,,,,,,
2017-09-20,,,,,,,
2017-09-21,,,,,,,
2017-09-22,,,,,,,
2017-09-25,,,,,,,
2017-09-26,,,,,,,
2017-09-27,,,,,,,
2017-09-28,,,,,,,
2017-09-29,,,,,,,
2017-10-02,,,,,,,
2017-10-03,,,,,,,
2017-10-04,,,,,,,
2017-10-05,,,,,,,
2017-10-06,,,,,,,
2017-10-09,,,,,,,
2017-10-10,,,,,,,
2017-10-11,,,,,,,
2017-10-12,,,,,,,
2017-10-13,,,,,,,
2017-10-16,,,,,,,
2017-10-17,,,,,,,
2017-10-18,,,,,,,
2017-10-19,,,,,,,
2017-10-20,,,,,,,
2017-10-23,,,,,,,
2017-10-24,,,,,,,
2017-10-25,,,,,,,
2017-10-26,,,,,,,
2017-10-27,,,,,,,
2017-10-30,,,,,,,
2017-10-31,,,,,,,
2017-11-01,,,,,,,
2017-11-02,,,,,,,
2017-11-03,,,,,,,
2017-11-06,,,,,,,
2017-11-07,,,,,,,
2017-11-08,,,,,,,
2017-11-09,,,,,,,
2017-11-10,,,,,,,
2017-11-13,,,,,,,
2017-11-14,,,,,,,
2017-11-15,,,,,,,
2017-11-16,,,,,,,
2017-11-17,,,,,,,
2017-11-20,,,,,,,
2017-11-21,,,,,,,
2017-11-22,,,,,,,
2017-11-23,,,,,,,
2017-11-24,,,,,,,
2017-11-27,,,,,,,
2017-11-28,,,,,,,
2017-11-29,,,,,,,
2017-11-30,,,,,,,
2017-12-01,,,,,,,
2017-12-04,,,,,,,
2017-12-05,,,,,,,
2017-12-06,,,,,,,
2017-12-07,,,,,,,
2017-12-08,,,,,,,
2017-12-11,,,,,,,
2017-12-12,,,,,,,
2017-12-13,,,,,,,
2017-12-14,,,,,,,
2017-12-15,,,,,,,
2017-12-18,,,,,,,
2017-12-19,,,,,,,
2017-12-20,,,,,,,
2017-12-21,,,,,,,
2017-12-22,,,,,,,
2017-12-27,,,,,,,
2017-12-28,,,,,,,
2017-12-29,,,,,,,
2018-01-02,,,,,,,
2018-01-03,,,,,,,
2018-01-04,,,,,,,
2018-01-05,,,,,,,
2018-01-08,,,,,,,
2018-01-09,,,,,,,
2018-01-10,,,,,,,
2018-01-11,,,,,,,
2018-01-12,,,,,,,
2018-01-15,,,,,,,
2018-01-16,,,,,,,
2018-01-17,,,,,,,
2018-01-18,,,,,,,
2018-01-19,,,,,,,
2018-01-22,,,,,,,
2018-01-23,,,,,,,
2018-01-24,,,,,,,
2018-01-25,,,,,,,
2018-01-26,,,,,,,
2018-01-29,,,,,,,
2018-01-30,,,,,,,
2018-01-31,,,,,,,
2018-02-01,,,,,,,
2018-02-02,,,,,,,
2018-02-05,,,,,,,
2018-02-06,,,,,,,
2018-02-07,,,,,,,
2018-02-08,,,,,,,
2018-02-09,,,,,,,
2018-02-12,,,,,,,
2018-02-13,,,,,,,
2018-02-14,,,,,,,
2018-02-15,,,,,,,
2018-02-16,,,,,,,
2018-02-19,,,,,,,
2018-02-20,,,,,,,
2018-02-21,,,,,,,
2018-02-22,,,,,,,
2018-02-23,,,,,,,
2018-02-26,,,,,,,
2018-02-27,,,,,,,
2018-02-28,,,,,,,
2018-03-01,,,,,,,
2018-03-02,,,,,,,
2018-03-05,,,,,,,
2018-03-06,,,,,,,
2018-03-07,,,,,,,
2018-03-08,,,,,,,
2018-03-09,,,,,,,
2018-03-12,,,,,,,
2018-03-13,,,,,,,
2018-03-14,,,,,,,
2018-03-15,,,,,,,
2018-03-16,,,,,,,
2018-03-19,,,,,,,
2018-03-20,,,,,,,
2018-03-21,,,,,,,
2018-03-22,,,,,,,
2018-03-23,,,,,,,
2018-03-26,,,,,,,
2018-03-27,,,,,,,
2018-03-28,,,,,,,
2018-03-29,,,,,,,
2018-04-03,,,,,,,
2018-04-04,,,,,,,
2018-04-05,,,,,,,
2018-04-06,,,,,,,
2018-04-09,,,,,,,
2018-04-10,,,,,,,
2018-04-11,,,,,,,
2018-04-12,,,,,,,
2018-04-13,,,,,,,
2018-04-16,,,,,,,
2018-04-17,,,,,,,
2018-04-18,,,,,,,
2018-04-19,,,,,,,
2018-04-20,,,,,,,
2018-04-23,,,,,,,
2018-04-24,,,,,,,
2018-04-25,,,,,,,
2018-04-26,,,,,,,
2018-04-27,,,,,,,
2018-04-30,,,,,,,
2018-05-01,,,,,,,
2018-05-02,,,,,,,
2018-05-03,,,,,,,
2018-05-04,,,,,,,
2018-05-07,,,,,,,
2018-05-08,,,,,,,
2018-05-09,,,,,,,
2018-05-10,,,,,,,
2018-05-11,,,,,,,
2018-05-14,,,,,,,
2018-05-15,,,,,,,
2018-05-16,,,,,,,
2018-05-17,,,,,,,
2018-05-18,,,,,,,
2018-05-21,,,,,,,
2018-05-22,,,,,,,
2018-05-23,,,,,,,
2018-05-24,,,,,,,
2018-05-25,,,,,,,
2018-05-28,,,,,,,
2018-05-29,,,,,,,
2018-05-30,,,,,,,
2018-05-31,,,,,,,
2018-06-01,,,,,,,
2018-06-04,,,,,,,
2018-06-05,,,,,,,
2018-06-06,,,,,,,
2018-06-07,,,,,,,
2018-06-08,,,,,,,
2018-06-11,,,,,,,
2018-06-12,,,,,,,
2018-06-13,,,,,,,
2018-06-14,,,,,,,
2018-06-15,,,,,,,
2018-06-18,,,,,,,
2018-06-19,,,,,,,
2018-06-20,,,,,,,
2018-06-21,,,,,,,
2018-06-22,,,,,,,
2018-06-25,,,,,,,
2018-06-26,,,,,,,
2018-06-27,,,,,,,
2018-06-28,,,,,,,
2018-06-29,,,,,,,
2018-07-02,,,,,,,
2018-07-03,,,,,,,
2018-07-04,,,,,,,
2018-07-05,,,,,,,
2018-07-06,,,,,,,
2018-07-09,,,,,,,
2018-07-10,,,,,,,
2018-07-11,,,,,,,
2018-07-12,,,,,,,
2018-07-13,,,,,,,
2018-07-16,,,,,,,
2018-07-17,,,,,,,
2018-07-18,,,,,,,
2018-07-19,,,,,,,
2018-07-20,,,,,,,
2018-07-23,,,,,,,
2018-07-24,,,,,,,
2018-07-25,,,,,,,
2018-07-26,,,,,,,
2018-07-27,,,,,,,
2018-07-30,,,,,,,
2018-07-31,,,,,,,
2018-08-01,,,,,,,
2018-08-02,,,,,,,
2018-08-03,,,,,,,
2018-08-06,,,,,,,
2018-08-07,,,,,,,
2018-08-08,,,,,,,
2018-08-09,,,,,,,
2018-08-10,,,,,,,
2018-08-13,,,,,,,
2018-08-14,,,,,,,
2018-08-15,,,,,,,
2018-08-16,,,,,,,
2018-08-17,,,,,,,
2018-08-20,,,,,,,
2018-08-21,,,,,,,
2018-08-22,,,,,,,
2018-08-23,,,,,,,
2018-08-24,,,,,,,
2018-08-27,,,,,,,
2018-08-28,,,,,,,
2018-08-29,,,,,,,
2018-08-30,,,,,,,
2018-08-31,,,,,,,
2018-09-03,,,,,,,
2018-09-04,,,,,,,
2018-09-05,,,,,,,
2018-09-06,,,,,,,
2018-09-07,,,,,,,
2018-09-10,,,,,,,
2018-09-11,,,,,,,
2018-09-12,,,,,,,
2018-09-13,,,,,,,
2018-09-14,,,,,,,
2018-09-17,,,,,,,
2018-09-18,,,,,,,
2018-09-19,,,,,,,
2018-09-20,,,,,,,
2018-09-21,,,,,,,
2018-09-24,,,,,,,
2018-09-25,,,,,,,
2018-09-26,,,,,,,
2018-09-27,,,,,,,
2018-09-28,,,,,,,
2018-10-01,,,,,,,
2018-10-02,,,,,,,
2018-10-03,,,,,,,
2018-10-04,,,,,,,
2018-10-05,,,,,,,
2018-10-08,,,,,,,
2018-10-09,,,,,,,
2018-10-10,,,,,,,
2018-10-11,,,,,,,
2018-10-12,,,,,,,
2018-10-15,,,,,,,
2018-10-16,,,,,,,
2018-10-17,,,,,,,
2018-10-18,,,,,,,
2018-10-19,,,,,,,
2018-10-22,,,,,,,
2018-10-23,,,,,,,
2018-10-24,,,,,,,
2018-10-25,,,,,,,
2018-10-26,,,,,,,
2018-10-29,,,,,,,
2018-10-30,,,,,,,
2018-10-31,,,,,,,
2018-11-01,,,,,,,
2018-11-02,,,,,,,
2018-11-05,,,,,,,
2018-11-06,,,,,,,
2018-11-07,,,,,,,
2018-11-08,,,,,,,
2018-11-09,,,,,,,
2018-11-12,,,,,,,
2018-11-13,,,,,,,
2018-11-14,,,,,,,
2018-11-15,,,,,,,
2018-11-16,,,,,,,
2018-11-19,,,,,,,
2018-11-20,,,,,,,
2018-11-21,,,,,,,
2018-11-22,,,,,,,
2018-11-23,,,,,,,
2018-11-26,,,,,,,
2018-11-27,,,,,,,
2018-11-28,,,,,,,
2018-11-29,,,,,,,
2018-11-30,,,,,,,
2018-12-03,,,,,,,
2018-12-04,,,,,,,
2018-12-05,,,,,,,
2018-12-06,,,,,,,
2018-12-07,,,,,,,
2018-12-10,,,,,,,
2018-12-11,,,,,,,
2018-12-12,,,,,,,
2018-12-13,,,,,,,
2018-12-14,,,,,,,
2018-12-17,,,,,,,
2018-12-18,,,,,,,
2018-12-19,,,,,,,
2018-12-20,,,,,,,
2018-12-21,,,,,,,
2018-12-24,,,,,,,
2018-12-27,,,,,,,
2018-12-28,,,,,,,
2018-12-31,,,,,,,
2019-01-02,,,,,,,
2019-01-03,,,,,,,
2019-01-04,,,,,,,
2019-01-07,,,,,,,
2019-01-08,,,,,,,
2019-01-09,,,,,,,
2019-01-10,,,,,,,
2019-01-11,,,,,,,
2019-01-14,,,,,,,
2019-01-15,,,,,,,
2019-01-16,,,,,,,
2019-01-17,,,,,,,
2019-01-18,,,,,,,
2019-01-21,,,,,,,
2019-01-22,,,,,,,
2019-01-23,,,,,,,
2019-01-24,,,,,,,
2019-01-25,,,,,,,
2019-01-28,,,,,,,
2019-01-29,,,,,,,
2019-01-30,,,,,,,
2019-01-31,,,,,,,
2019-02-01,,,,,,,
2019-02-04,,,,,,,
2019-02-05,,,,,,,
2019-02-06,,,,,,,
2019-02-07,,,,,,,
2019-02-08,,,,,,,
2019-02-11,,,,,,,
2019-02-12,,,,,,,
2019-02-13,,,,,,,
2019-02-14,,,,,,,
2019-02-15,,,,,,,
2019-02-18,,,,,,,
2019-02-19,,,,,,,
2019-02-20,,,,,,,
2019-02-21,,,,,,,
2019-02-22,,,,,,,
2019-02-25,,,,,,,
2019-02-26,,,,,,,
2019-02-27,,,,,,,
2019-02-28,,,,,,,
2019-03-01,,,,,,,
2019-03-04,,,,,,,
2019-03-05,,,,,,,
2019-03-06,,,,,,,
2019-03-07,,,,,,,
2019-03-08,,,,,,,
2019-03-11,,,,,,,
2019-03-12,,,,,,,
2019-03-13,,,,,,,
2019-03-14,,,,,,,
2019-03-15,,,,,,,
2019-03-18,,,,,,,
2019-03-19,,,,,,,
2019-03-20,,,,,,,
2019-03-21,,,,,,,
2019-03-22,,,,,,,
2019-03-25,,,,,,,
2019-03-26,,,,,,,
2019-03-27,,,,,,,
2019-03-28,,,,,,,
2019-03-29,,,,,,,
2019-04-01,,,,,,,
2019-04-02,,,,,,,
2019-04-03,,,,,,,
2019-04-04,,,,,,,
2019-04-05,,,,,,,
2019-04-08,,,,,,,
2019-04-09,,,,,,,
2019-04-10,,,,,,,
2019-04-11,,,,,,,
2019-04-12,,,,,,,
2019-04-15,,,,,,,
2019-04-16,,,,,,,
2019-04-17,,,,,,,
2019-04-18,,,,,,,
2019-04-23,,,,,,,
2019-04-24,,,,,,,
2019-04-25,,,,,,,
2019-04-26,,,,,,,
2019-04-29,,,,,,,
2019-04-30,,,,,,,
2019-05-01,,,,,,,
2019-05-02,,,,,,,
2019-05-03,,,,,,,
2019-05-06,,,,,,,
2019-05-07,,,,,,,
2019-05-08,,,,,,,
2019-05-09,,,,,,,
2019-05-10,,,,,,,
2019-05-13,,,,,,,
2019-05-14,,,,,,,
2019-05-15,,,,,,,
2019-05-16,,,,,,,
2019-05-17,,,,,,,
2019-05-20,,,,,,,
2019-05-21,,,,,,,
2019-05-22,,,,,,,
2019-05-23,,,,,,,
2019-05-24,,,,,,,
2019-05-27,,,,,,,
2019-05-28,,,,,,,
2019-05-29,,,,,,,
2019-05-30,,,,,,,
2019-05-31,,,,,,,
2019-06-03,,,,,,,
2019-06-04,,,,,,,
2019-06-05,,,,,,,
2019-06-06,,,,,,,
2019-06-07,,,,,,,
2019-06-10,,,,,,,
2019-06-11,,,,,,,
2019-06-12,,,,,,,
2019-06-13,,,,,,,
2019-06-14,,,,,,,
2019-06-17,,,,,,,
2019-06-18,,,,,,,
2019-06-19,,,,,,,
2019-06-20,,,,,,,
2019-06-21,,,,,,,
2019-06-24,,,,,,,
2019-06-25,,,,,,,
2019-06-26,,,,,,,
2019-06-27,,,,,,,
2019-06-28,,,,,,,
2019-07-01,,,,,,,
2019-07-02,,,,,,,
2019-07-03,,,,,,,
2019-07-04,,,,,,,
2019-07-05,,,,,,,
2019-07-08,,,,,,,
2019-07-09,,,,,,,
2019-07-10,,,,,,,
2019-07-11,,,,,,,
2019-07-12,,,,,,,
2019-07-15,,,,,,,
2019-07-16,,,,,,,
2019-07-17,,,,,,,
2019-07-18,,,,,,,
2019-07-19,,,,,,,
2019-07-22,,,,,,,
2019-07-23,,,,,,,
2019-07-24,,,,,,,
2019-07-25,,,,,,,
2019-07-26,,,,,,,
2019-07-29,,,,,,,
2019-07-30,,,,,,,
2019-07-31,,,,,,,
2019-08-01,,,,,,,
2019-08-02,,,,,,,
2019-08-05,,,,,,,
2019-08-06,,,,,,,
2019-08-07,,,,,,,
2019-08-08,,,,,,,
2019-08-09,,,,,,,
2019-08-12,,,,,,,
2019-08-13,,,,,,,
2019-08-14,,,,,,,
2019-08-15,,,,,,,
2019-08-16,,,,,,,
2019-08-19,,,,,,,
2019-08-20,,,,,,,
2019-08-21,,,,,,,
2019-08-22,,,,,,,
2019-08-23,,,,,,,
2019-08-26,,,,,,,
2019-08-27,,,,,,,
2019-08-28,,,,,,,
2019-08-29,,,,,,,
2019-08-30,,,,,,,
2019-09-02,,,,,,,
2019-09-03,,,,,,,
2019-09-04,,,,,,,
2019-09-05,,,,,,,
2019-09-06,,,,,,,
2019-09-09,,,,,,,
2019-09-10,,,,,,,
2019-09-11,,,,,,,
2019-09-12,,,,,,,
2019-09-13,,,,,,,
2019-09-16,,,,,,,
2019-09-17,,,,,,,
2019-09-18,,,,,,,
2019-09-19,,,,,,,
2019-09-20,,,,,,,
2019-09-23,,,,,,,
2019-09-24,,,,,,,
2019-09-25,,,,,,,
2019-09-26,,,,,,,
2019-09-27,,,,,,,
2019-09-30,,,,,,,
2019-10-01,,,,,,,
2019-10-02,,,,,,,
2019-10-03,,,,,,,
2019-10-04,,,,,,,
2019-10-07,,,,,,,
2019-10-08,,,,,,,
2019-10-09,,,,,,,
2019-10-10,,,,,,,
2019-10-11,,,,,,,
2019-10-14,,,,,,,
2019-10-15,,,,,,,
2019-10-16,,,,,,,
2019-10-17,,,,,,,
2019-10-18,,,,,,,
2019-10-21,,,,,,,
2019-10-22,,,,,,,
2019-10-23,,,,,,,
2019-10-24,,,,,,,
2019-10-25,,,,,,,
2019-10-28,,,,,,,
2019-10-29,,,,,,,
2019-10-30,,,,,,,
2019-10-31,,,,,,,
2019-11-01,,,,,,,
2019-11-04,,,,,,,
2019-11-05,,,,,,,
2019-11-06,,,,,,,
2019-11-07,,,,,,,
2019-11-08,,,,,,,
2019-11-11,,,,,,,
2019-11-12,,,,,,,
2019-11-13,,,,,,,
2019-11-14,,,,,,,
2019-11-15,,,,,,,
2019-11-18,,,,,,,
2019-11-19,,,,,,,
2019-11-20,,,,,,,
2019-11-21,,,,,,,
2019-11-22,,,,,,,
2019-11-25,,,,,,,
2019-11-26,,,,,,,
2019-11-27,,,,,,,
2019-11-28,,,,,,,
2019-11-29,,,,,,,
2019-12-02,,,,,,,
2019-12-03,,,,,,,
2019-12-04,,,,,,,
2019-12-05,,,,,,,
2019-12-06,,,,,,,
2019-12-09,,,,,,,
2019-12-10,,,,,,,
2019-12-11,,,,,,,
2019-12-12,,,,,,,
2019-12-13,,,,,,,
2019-12-16,,,,,,,
2019-12-17,,,,,,,
2019-12-18,,,,,,,
2019-12-19,,,,,,,
2019-12-20,,,,,,,
2019-12-23,,,,,,,
2019-12-24,,,,,,,
2019-12-27,,,,,,,
2019-12-30,,,,,,,
2019-12-31,,,,,,,
2020-01-02,,,,,,,
2020-01-03,,,,,,,
2020-01-06,,,,,,,
2020-01-07,,,,,,,
2020-01-08,,,,,,,
2020-01-09,,,,,,,
2020-01-10,,,,,,,
2020-01-13,,,,,,,
2020-01-14,,,,,,,
2020-01-15,,,,,,,
2020-01-16,,,,,,,
2020-01-17,,,,,,,
2020-01-20,,,,,,,
2020-01-21,,,,,,,
2020-01-22,,,,,,,
2020-01-23,,,,,,,
2020-01-24,,,,,,,
2020-01-27,,,,,,,
2020-01-28,,,,,,,
2020-01-29,,,,,,,
2020-01-30,,,,,,,
2020-01-31,,,,,,,
2020-02-03,,,,,,,
2020-02-04,,,,,,,
2020-02-05,,,,,,,
2020-02-06,,,,,,,
2020-02-07,,,,,,,
2020-02-10,,,,,,,
2020-02-11,,,,,,,
2020-02-12,,,,,,,
2020-02-13,,,,,,,
2020-02-14,,,,,,,
2020-02-17,,,,,,,
2020-02-18,,,,,,,
2020-02-19,,,,,,,
2020-02-20,,,,,,,
2020-02-21,,,,,,,
2020-02-24,,,,,,,
2020-02-25,,,,,,,
2020-02-26,,,,,,,
2020-02-27,,,,,,,
2020-02-28,,,,,,,
2020-03-02,,,,,,,
2020-03-03,,,,,,,
2020-03-04,,,,,,,
2020-03-05,,,,,,,
2020-03-06,,,,,,,
2020-03-09,,,,,,,
2020-03-10,,,,,,,
2020-03-11,,,,,,,
2020-03-12,,,,,,,
2020-03-13,,,,,,,
2020-03-16,,,,,,,
2020-03-17,,,,,,,
2020-03-18,,,,,,,
2020-03-19,,,,,,,
2020-03-20,,,,,,,
2020-03-23,,,,,,,
2020-03-24,,,,,,,
2020-03-25,,,,,,,
2020-03-26,,,,,,,
2020-03-27,,,,,,,
2020-03-30,,,,,,,
2020-03-31,,,,,,,
2020-04-01,,,,,,,
2020-04-02,,,,,,,
2020-04-03,,,,,,,
2020-04-06,,,,,,,
2020-04-07,,,,,,,
2020-04-08,,,,,,,
2020-04-09,,,,,,,
2020-04-14,,,,,,,
2020-04-15,,,,,,,
2020-04-16,,,,,,,
2020-04-17,,,,,,,
2020-04-20,,,,,,,
2020-04-21,,,,,,,
2020-04-22,,,,,,,
2020-04-23,,,,,,,
2020-04-24,,,,,,,
2020-04-27,,,,,,,
2020-04-28,,,,,,,
2020-04-29,,,,,,,
2020-04-30,,,,,,,
2020-05-01,,,,,,,
2020-05-04,,,,,,,
2020-05-05,,,,,,,
2020-05-06,,,,,,,
2020-05-07,,,,,,,
2020-05-08,,,,,,,
2020-05-11,,,,,,,
2020-05-12,,,,,,,
2020-05-13,,,,,,,
2020-05-14,,,,,,,
2020-05-15,,,,,,,
2020-05-18,,,,,,,
2020-05-19,,,,,,,
2020-05-20,,,,,,,
2020-05-21,,,,,,,
2020-05-22,,,,,,,
2020-05-25,,,,,,,
2020-05-26,,,,,,,
2020-05-27,,,,,,,
2020-05-28,,,,,,,
2020-05-29,,,,,,,
2020-06-01,,,,,,,
2020-06-02,,,,,,,
2020-06-03,,,,,,,
2020-06-04,,,,,,,
2020-06-05,,,,,,,
2020-06-08,,,,,,,
2020-06-09,,,,,,,
2020-06-10,,,,,,,
2020-06-11,,,,,,,
2020-06-12,,,,,,,
2020-06-15,,,,,,,
2020-06-16,,,,,,,
2020-06-17,,,,,,,
2020-06-18,,,,,,,
2020-06-19,,,,,,,
2020-06-22,,,,,,,
2020-06-23,,,,,,,
2020-06-24,,,,,,,
2020-06-25,,,,,,,
2020-06-26,,,,,,,
2020-06-29,,,,,,,
2020-06-30,,,,,,,
2020-07-01,,,,,,,
2020-07-02,,,,,,,
2020-07-03,,,,,,,
2020-07-06,,,,,,,
2020-07-07,,,,,,,
2020-07-08,,,,,,,
2020-07-09,,,,,,,
2020-07-10,,,,,,,
2020-07-13,,,,,,,
2020-07-14,,,,,,,
2020-07-15,,,,,,,
2020-07-16,,,,,,,
2020-07-17,,,,,,,
2020-07-20,,,,,,,
2020-07-21,,,,,,,
2020-07-22,,,,,,,
2020-07-23,,,,,,,
2020-07-24,,,,,,,
2020-07-27,,,,,,,
2020-07-28,,,,,,,
2020-07-29,,,,,,,
2020-07-30,,,,,,,
2020-07-31,,,,,,,
2020-08-03,,,,,,,
2020-08-04,,,,,,,
2020-08-05,,,,,,,
2020-08-06,,,,,,,
2020-08-07,,,,,,,
2020-08-10,,,,,,,
2020-08-11,,,,,,,
2020-08-12,,,,,,,
2020-08-13,,,,,,,
2020-08-14,,,,,,,
2020-08-17,,,,,,,
2020-08-18,,,,,,,
2020-08-19,,,,,,,
2020-08-20,,,,,,,
2020-08-21,,,,,,,
2020-08-24,,,,,,,
2020-08-25,,,,,,,
2020-08-26,,,,,,,
2020-08-27,,,,,,,
2020-08-28,,,,,,,
2020-08-31,,,,,,,
2020-09-01,,,,,,,
2020-09-02,,,,,,,
2020-09-03,,,,,,,
2020-09-04,,,,,,,
2020-09-07,,,,,,,
2020-09-08,,,,,,,
2020-09-09,,,,,,,
2020-09-10,,,,,,,
2020-09-11,,,,,,,
2020-09-14,,,,,,,
2020-09-15,,,,,,,
2020-09-16,,,,,,,
2020-09-17,,,,,,,
2020-09-18,,,,,,,
2020-09-21,,,,,,,
2020-09-22,,,,,,,
2020-09-23,,,,,,,
2020-09-24,,,,,,,
2020-09-25,,,,,,,
2020-09-28,,,,,,,
2020-09-29,,,,,,,
2020-09-30,,,,,,,
2020-10-01,,,,,,,
2020-10-02,,,,,,,
2020-10-05,,,,,,,
2020-10-06,,,,,,,
2020-10-07,,,,,,,
2020-10-08,,,,,,,
2020-10-09,,,,,,,
2020-10-12,,,,,,,
2020-10-13,,,,,,,
2020-10-14,,,,,,,
2020-10-15,,,,,,,
2020-10-16,,,,,,,
2020-10-19,,,,,,,
2020-10-20,,,,,,,
2020-10-21,,,,,,,
2020-10-22,,,,,,,
2020-10-23,,,,,,,
2020-10-26,,,,,,,
2020-10-27,,,,,,,
2020-10-28,,,,,,,
2020-10-29,,,,,,,
2020-10-30,,,,,,,
2020-11-02,,,,,,,
2020-11-03,,,,,,,
2020-11-04,,,,,,,
2020-11-05,,,,,,,
2020-11-06,,,,,,,
2020-11-09,,,,,,,
2020-11-10,,,,,,,
2020-11-11,,,,,,,
2020-11-12,,,,,,,
2020-11-13,,,,,,,
2020-11-16,,,,,,,
2020-11-17,,,,,,,
2020-11-18,,,,,,,
2020-11-19,,,,,,,
2020-11-20,,,,,,,
2020-11-23,,,,,,,
2020-11-24,,,,,,,
2020-11-25,,,,,,,
2020-11-26,,,,,,,
2020-11-27,,,,,,,
2020-11-30,,,,,,,
2020-12-01,,,,,,,
2020-12-02,,,,,,,
2020-12-03,,,,,,,
2020-12-04,,,,,,,
2020-12-07,,,,,,,
2020-12-08,,,,,,,
2020-12-09,,,,,,,
2020-12-10,,,,,,,
2020-12-11,,,,,,,
2020-12-14,,,,,,,
2020-12-15,,,,,,,
2020-12-16,,,,,,,
2020-12-17,,,,,,,
2020-12-18,,,,,,,
2020-12-21,,,,,,,
2020-12-22,,,,,,,
2020-12-23,,,,,,,
2020-12-24,,,,,,,
2020-12-28,,,,,,,
2020-12-29,,,,,,,
2020-12-30,,,,,,,
2020-12-31,,,,,,,
2021-01-04,,,,,,,
2021-01-05,,,,,,,
2021-01-06,,,,,,,
2021-01-07,,,,,,,
2021-01-08,,,,,,,
2021-01-11,,,,,,,
2021-01-12,,,,,,,
2021-01-13,,,,,,,
2021-01-14,,,,,,,
2021-01-15,,,,,,,
2021-01-18,,,,,,,
2021-01-19,,,,,,,
2021-01-20,,,,,,,
2021-01-21,,,,,,,
2021-01-22,,,,,,,
2021-01-25,,,,,,,
2021-01-26,,,,,,,
2021-01-27,,,,,,,
2021-01-28,,,,,,,
2021-01-29,,,,,,,
2021-02-01,,,,,,,
2021-02-02,,,,,,,
2021-02-03,,,,,,,
2021-02-04,,,,,,,
2021-02-05,,,,,,,
2021-02-08,,,,,,,
2021-02-09,,,,,,,
2021-02-10,,,,,,,
2021-02-11,,,,,,,
2021-02-12,,,,,,,
2021-02-15,,,,,,,
2021-02-16,,,,,,,
2021-02-17,,,,,,,
2021-02-18,,,,,,,
2021-02-19,,,,,,,
2021-02-22,,,,,,,
2021-02-23,,,,,,,
2021-02-24,,,,,,,
2021-02-25,,,,,,,
2021-02-26,,,,,,,
2021-03-01,,,,,,,
2021-03-02,,,,,,,
2021-03-03,,,,,,,
2021-03-04,,,,,,,
2021-03-05,,,,,,,
2021-03-08,,,,,,,
2021-03-09,,,,,,,
2021-03-10,,,,,,,
2021-03-11,,,,,,,
2021-03-12,,,,,,,
2021-03-15,,,,,,,
2021-03-16,,,,,,,
2021-03-17,,,,,,,
2021-03-18,,,,,,,
2021-03-19,,,,,,,
2021-03-22,,,,,,,
2021-03-23,,,,,,,
2021-03-24,,,,,,,
2021-03-25,,,,,,,
2021-03-26,,,,,,,
2021-03-29,,,,,,,
2021-03-30,,,,,,,
2021-03-31,,,,,,,
2021-04-01,,,,,,,
2021-04-06,,,,,,,
2021-04-07,,,,,,,
2021-04-08,,,,,,,
2021-04-09,,,,,,,
2021-04-12,,,,,,,
2021-04-13,,,,,,,
2021-04-14,,,,,,,
2021-04-15,,,,,,,
2021-04-16,,,,,,,
2021-04-19,,,,,,,
2021-04-20,,,,,,,
2021-04-21,,,,,,,
2021-04-22,,,,,,,
2021-04-23,,,,,,,
2021-04-26,,,,,,,
2021-04-27,,,,,,,
2021-04-28,,,,,,,
2021-04-29,,,,,,,
2021-04-30,,,,,,,
2021-05-03,,,,,,,
2021-05-04,,,,,,,
2021-05-05,,,,,,,
2021-05-06,,,,,,,
2021-05-07,,,,,,,
2021-05-10,,,,,,,
2021-05-11,,,,,,,
2021-05-12,,,,,,,
2021-05-13,,,,,,,
2021-05-14,,,,,,,
2021-05-17,,,,,,,
2021-05-18,,,,,,,
2021-05-19,,,,,,,
2021-05-20,,,,,,,
2021-05-21,,,,,,,
2021-05-24,,,,,,,
2021-05-25,,,,,,,
2021-05-26,,,,,,,
2021-05-27,,,,,,,
2021-05-28,,,,,,,
2021-05-31,,,,,,,
2021-06-01,,,,,,,
2021-06-02,,,,,,,
2021-06-03,,,,,,,
2021-06-04,,,,,,,
2021-06-07,,,,,,,
2021-06-08,,,,,,,
2021-06-09,,,,,,,
2021-06-10,,,,,,,
2021-06-11,,,,,,,
2021-06-14,,,,,,,
2021-06-15,,,,,,,
2021-06-16,,,,,,,
2021-06-17,,,,,,,
2021-06-18,,,,,,,
2021-06-21,,,,,,,
2021-06-22,,,,,,,
2021-06-23,,,,,,,
2021-06-24,,,,,,,
2021-06-25,,,,,,,
2021-06-28,,,,,,,
2021-06-29,,,,,,,
2021-06-30,,,,,,,
2021-07-01,,,,,,,
2021-07-02,,,,,,,
2021-07-05,,,,,,,
2021-07-06,,,,,,,
2021-07-07,,,,,,,
2021-07-08,,,,,,,
2021-07-09,,,,,,,
2021-07-12,,,,,,,
2021-07-13,,,,,,,
2021-07-14,,,,,,,
2021-07-15,,,,,,,
2021-07-16,,,,,,,
2021-07-19,,,,,,,
2021-07-20,,,,,,,
2021-07-21,,,,,,,
2021-07-22,,,,,,,
2021-07-23,,,,,,,
2021-07-26,,,,,,,
2021-07-27,,,,,,,
2021-07-28,,,,,,,
2021-07-29,,,,,,,
2021-07-30,,,,,,,
2021-08-02,,,,,,,
2021-08-03,,,,,,,
2021-08-04,,,,,,,
2021-08-05,,,,,,,
2021-08-06,,,,,,,
2021-08-09,,,,,,,
2021-08-10,,,,,,,
2021-08-11,,,,,,,
2021-08-12,,,,,,,
2021-08-13,,,,,,,
2021-08-16,,,,,,,
2021-08-17,,,,,,,
2021-08-18,,,,,,,
2021-08-19,,,,,,,
2021-08-20,,,,,,,
2021-08-23,,,,,,,
2021-08-24,,,,,,,
2021-08-25,,,,,,,
2021-08-26,,,,,,,
2021-08-27,,,,,,,
2021-08-30,,,,,,,
2021-08-31,,,,,,,
2021-09-01,,,,,,,
2021-09-02,,,,,,,
2021-09-03,,,,,,,
2021-09-06,,,,,,,
2021-09-07,,,,,,,
2021-09-08,,,,,,,
2021-09-09,,,,,,,
2021-09-10,,,,,,,
2021-09-13,,,,,,,
2021-09-14,,,,,,,
2021-09-15,,,,,,,
2021-09-16,,,,,,,
2021-09-17,,,,,,,
2021-09-20,,,,,,,
2021-09-21,,,,,,,
2021-09-22,,,,,,,
2021-09-23,,,,,,,
2021-09-24,,,,,,,
2021-09-27,,,,,,,
2021-09-28,,,,,,,
2021-09-29,,,,,,,
2021-09-30,,,,,,,
2021-10-01,,,,,,,
2021-10-04,,,,,,,
2021-10-05,,,,,,,
2021-10-06,,,,,,,
2021-10-07,,,,,,,
2021-10-08,,,,,,,
2021-10-11,,,,,,,
2021-10-12,,,,,,,
2021-10-13,,,,,,,
2021-10-14,,,,,,,
2021-10-15,,,,,,,
2021-10-18,,,,,,,
2021-10-19,,,,,,,
2021-10-20,,,,,,,
2021-10-21,,,,,,,
2021-10-22,,,,,,,
2021-10-25,,,,,,,
2021-10-26,,,,,,,
2021-10-27,,,,,,,
2021-10-28,,,,,,,
2021-10-29,,,,,,,
2021-11-01,,,,,,,
2021-11-02,,,,,,,
2021-11-03,,,,,,,
2021-11-04,,,,,,,
2021-11-05,,,,,,,
2021-11-08,,,,,,,
2021-11-09,,,,,,,
2021-11-10,,,,,,,
2021-11-11,,,,,,,
2021-11-12,,,,,,,
2021-11-15,,,,,,,
2021-11-16,,,,,,,
2021-11-17,,,,,,,
2021-11-18,,,,,,,
2021-11-19,,,,,,,
2021-11-22,,,,,,,
2021-11-23,,,,,,,
2021-11-24,,,,,,,
2021-11-25,,,,,,,
2021-11-26,,,,,,,
2021-11-29,,,,,,,
2021-11-30,,,,,,,
2021-12-01,,,,,,,
2021-12-02,,,,,,,
2021-12-03,,,,,,,
2021-12-06,,,,,,,
2021-12-07,,,,,,,
2021-12-08,,,,,,,
2021-12-09,,,,,,,
2021-12-10,,,,,,,
2021-12-13,,,,,,,
2021-12-14,,,,,,,
2021-12-15,,,,,,,
2021-12-16,,,,,,,
2021-12-17,,,,,,,
2021-12-20,,,,,,,
2021-12-21,,,,,,,
2021-12-22,,,,,,,
2021-12-23,,,,,,,
2021-12-24,,,,,,,
2021-12-27,,,,,,,
2021-12-28,,,,,,,
2021-12-29,,,,,,,
2021-12-30,,,,,,,
2021-12-31,,,,,,,
2022-01-03,,,,,,,
2022-01-04,,,,,,,
2022-01-05,,,,,,,
2022-01-06,,,,,,,
2022-01-07,,,,,,,
2022-01-10,,,,,,,
2022-01-11,,,,,,,
2022-01-12,,,,,,,
2022-01-13,,,,,,,
2022-01-14,,,,,,,
2022-01-17,,,,,,,
2022-01-18,,,,,,,
2022-01-19,,,,,,,
2022-01-20,,,,,,,
2022-01-21,,,,,,,
2022-01-24,,,,,,,
2022-01-25,,,,,,,
2022-01-26,,,,,,,
2022-01-27,,,,,,,
2022-01-28,,,,,,,
2022-01-31,,,,,,,
2022-02-01,,,,,,,
2022-02-02,,,,,,,
2022-02-03,,,,,,,
2022-02-04,,,,,,,
2022-02-07,,,,,,,
2022-02-08,,,,,,,
2022-02-09,,,,,,,
2022-02-10,,,,,,,
2022-02-11,,,,,,,
2022-02-14,,,,,,,
2022-02-15,,,,,,,
2022-02-16,,,,,,,
2022-02-17,,,,,,,
2022-02-18,,,,,,,
2022-02-21,,,,,,,
2022-02-22,,,,,,,
2022-02-23,,,,,,,
2022-02-24,,,,,,,
2022-02-25,,,,,,,
2022-02-28,,,,,,,
2022-03-01,,,,,,,
2022-03-02,,,,,,,
2022-03-03,,,,,,,
2022-03-04,,,,,,,
2022-03-07,,,,,,,
2022-03-08,,,,,,,
2022-03-09,,,,,,,
2022-03-10,,,,,,,
2022-03-11,,,,,,,
2022-03-14,,,,,,,
2022-03-15,,,,,,,
2022-03-16,,,,,,,
2022-03-17,,,,,,,
2022-03-18,,,,,,,
2022-03-21,,,,,,,
2022-03-22,,,,,,,
2022-03-23,,,,,,,
2022-03-24,,,,,,,
2022-03-25,,,,,,,
2022-03-28,,,,,,,
2022-03-29,,,,,,,
2022-03-30,,,,,,,
2022-03-31,,,,,,,
2022-04-01,,,,,,,
2022-04-04,,,,,,,
2022-04-05,,,,,,,
2022-04-06,,,,,,,
2022-04-07,,,,,,,
2022-04-08,,,,,,,
2022-04-11,,,,,,,
2022-04-12,,,,,,,
2022-04-13,,,,,,,
2022-04-14,,,,,,,
2022-04-19,,,,,,,
2022-04-20,,,,,,,
2022-04-21,,,,,,,
2022-04-22,,,,,,,
2022-04-25,,,,,,,
2022-04-26,,,,,,,
2022-04-27,,,,,,,
2022-04-28,,,,,,,
2022-04-29,,,,,,,
2022-05-02,,,,,,,
2022-05-03,,,,,,,
2022-05-04,,,,,,,
2022-05-05,,,,,,,
2022-05-06,,,,,,,
2022-05-09,,,,,,,
2022-05-10,,,,,,,
2022-05-11,,,,,,,
2022-05-12,,,,,,,
2022-05-13,,,,,,,
2022-05-16,,,,,,,
2022-05-17,,,,,,,
2022-05-18,,,,,,,
2022-05-19,,,,,,,
2022-05-20,,,,,,,
2022-05-23,,,,,,,
2022-05-24,,,,,,,
2022-05-25,,,,,,,
2022-05-26,,,,,,,
2022-05-27,,,,,,,
2022-05-30,,,,,,,
2022-05-31,,,,,,,
2022-06-01,,,,,,,
2022-06-02,,,,,,,
2022-06-03,,,,,,,
2022-06-06,,,,,,,
2022-06-07,,,,,,,
2022-06-08,,,,,,,
2022-06-09,,,,,,,
2022-06-10,,,,,,,
2022-06-13,,,,,,,
2022-06-14,,,,,,,
2022-06-15,,,,,,,
2022-06-16,,,,,,,
2022-06-17,,,,,,,
2022-06-20,,,,,,,
2022-06-21,,,,,,,
2022-06-22,,,,,,,
2022-06-23,,,,,,,
2022-06-24,,,,,,,
2022-06-27,,,,,,,
2022-06-28,,,,,,,
2022-06-29,,,,,,,
2022-06-30,,,,,,,
2022-07-01,,,,,,,
2022-07-04,,,,,,,
2022-07-05,,,,,,,
2022-07-06,,,,,,,
2022-07-07,,,,,,,
2022-07-08,,,,,,,
2022-07-11,,,,,,,
2022-07-12,,,,,,,
2022-07-13,,,,,,,
2022-07-14,,,,,,,
2022-07-15,,,,,,,
2022-07-18,,,,,,,
2022-07-19,,,,,,,
2022-07-20,,,,,,,
2022-07-21,,,,,,,
2022-07-22,,,,,,,
2022-07-25,,,,,,,
2022-07-26,,,,,,,
2022-07-27,,,,,,,
2022-07-28,,,,,,,
2022-07-29,,,,,,,
2022-08-01,,,,,,,
2022-08-02,,,,,,,
2022-08-03,,,,,,,
2022-08-04,,,,,,,
2022-08-05,,,,,,,
2022-08-08,,,,,,,
2022-08-09,,,,,,,
2022-08-10,,,,,,,
2022-08-11,,,,,,,
2022-08-12,,,,,,,
2022-08-15,,,,,,,
2022-08-16,,,,,,,
2022-08-17,,,,,,,
2022-08-18,,,,,,,
2022-08-19,,,,,,,
2022-08-22,,,,,,,
2022-08-23,,,,,,,
2022-08-24,,,,,,,
2022-08-25,,,,,,,
2022-08-26,,,,,,,
2022-08-29,,,,,,,
2022-08-30,,,,,,,
2022-08-31,,,,,,,
2022-09-01,,,,,,,
2022-09-02,,,,,,,
2022-09-05,,,,,,,
2022-09-06,,,,,,,
2022-09-07,,,,,,,
2022-09-08,,,,,,,
2022-09-09,,,,,,,
2022-09-12,,,,,,,
2022-09-13,,,,,,,
2022-09-14,,,,,,,
2022-09-15,,,,,,,
2022-09-16,,,,,,,
2022-09-19,,,,,,,
2022-09-20,,,,,,,
2022-09-21,,,,,,,
2022-09-22,,,,,,,
2022-09-23,,,,,,,
2022-09-26,,,,,,,
2022-09-27,,,,,,,
2022-09-28,,,,,,,
2022-09-29,,,,,,,
2022-09-30,,,,,,,
2022-10-03,,,,,,,
2022-10-04,,,,,,,
2022-10-05,,,,,,,
2022-10-06,,,,,,,
2022-10-07,,,,,,,
2022-10-10,,,,,,,
2022-10-11,,,,,,,
2022-10-12,,,,,,,
2022-10-13,,,,,,,
2022-10-14,,,,,,,
2022-10-17,,,,,,,
2022-10-18,,,,,,,
2022-10-19,,,,,,,
2022-10-20,,,,,,,
2022-10-21,,,,,,,
2022-10-24,,,,,,,
2022-10-25,,,,,,,
2022-10-26,,,,,,,
2022-10-27,,,,,,,
2022-10-28,,,,,,,
2022-10-31,,,,,,,
2022-11-01,,,,,,,
2022-11-02,,,,,,,
2022-11-03,,,,,,,
2022-11-04,,,,,,,
2022-11-07,,,,,,,
2022-11-08,,,,,,,
2022-11-09,,,,,,,
2022-11-10,,,,,,,
2022-11-11,,,,,,,
2022-11-14,,,,,,,
2022-11-15,,,,,,,
2022-11-16,,,,,,,
2022-11-17,,,,,,,
2022-11-18,,,,,,,
2022-11-21,,,,,,,
2022-11-22,,,,,,,
2022-11-23,,,,,,,
2022-11-24,,,,,,,
2022-11-25,,,,,,,
2022-11-28,,,,,,,
2022-11-29,,,,,,,
2022-11-30,,,,,,,
2022-12-01,,,,,,,
2022-12-02,,,,,,,
2022-12-05,,,,,,,
2022-12-06,,,,,,,
2022-12-07,,,,,,,
2022-12-08,,,,,,,
2022-12-09,,,,,,,
2022-12-12,,,,,,,
2022-12-13,,,,,,,
2022-12-14,,,,,,,
2022-12-15,,,,,,,
2022-12-16,,,,,,,
2022-12-19,,,,,,,
2022-12-20,,,,,,,
2022-12-21,,,,,,,
2022-12-22,,,,,,,
2022-12-23,,,,,,,
2022-12-27,,,,,,,
2022-12-28,,,,,,,
2022-12-29,,,,,,,
2022-12-30,,,,,,,
2023-01-02,,,,,,,
2023-01-03,,,,,,,
2023-01-04,,,,,,,
2023-01-05,,,,,,,
2023-01-06,,,,,,,
2023-01-09,,,,,,,
2023-01-10,,,,,,,
2023-01-11,,,,,,,
2023-01-12,,,,,,,
2023-01-13,,,,,,,
2023-01-16,,,,,,,
2023-01-17,,,,,,,
2023-01-18,,,,,,,
2023-01-19,,,,,,,
2023-01-20,,,,,,,
2023-01-23,,,,,,,
2023-01-24,,,,,,,
2023-01-25,,,,,,,
2023-01-26,,,,,,,
2023-01-27,,,,,,,
2023-01-30,,,,,,,
2023-01-31,,,,,,,
2023-02-01,,,,,,,
2023-02-02,,,,,,,
2023-02-03,,,,,,,
2023-02-06,,,,,,,
2023-02-07,,,,,,,
2023-02-08,,,,,,,
2023-02-09,,,,,,,
2023-02-10,,,,,,,
2023-02-13,,,,,,,
2023-02-14,,,,,,,
2023-02-15,,,,,,,
2023-02-16,,,,,,,
2023-02-17,,,,,,,
2023-02-20,,,,,,,
2023-02-21,,,,,,,
2023-02-22,,,,,,,
2023-02-23,,,,,,,
2023-02-24,,,,,,,
2023-02-27,,,,,,,
2023-02-28,,,,,,,
2023-03-01,,,,,,,
2023-03-02,,,,,,,
2023-03-03,,,,,,,
2023-03-06,,,,,,,
2023-03-07,,,,,,,
2023-03-08,,,,,,,
2023-03-09,,,,,,,
2023-03-10,,,,,,,
2023-03-13,,,,,,,
2023-03-14,,,,,,,
2023-03-15,,,,,,,
2023-03-16,,,,,,,
2023-03-17,,,,,,,
2023-03-20,,,,,,,
2023-03-21,,,,,,,
2023-03-22,,,,,,,
2023-03-23,,,,,,,
2023-03-24,,,,,,,
2023-03-27,,,,,,,
2023-03-28,,,,,,,
2023-03-29,,,,,,,
2023-03-30,,,,,,,
2023-03-31,,,,,,,
2023-04-03,,,,,,,
2023-04-04,,,,,,,
2023-04-05,,,,,,,
2023-04-06,,,,,,,
2023-04-11,,,,,,,
2023-04-12,,,,,,,
2023-04-13,,,,,,,
2023-04-14,,,,,,,
2023-04-17,,,,,,,
2023-04-18,,,,,,,
2023-04-19,,,,,,,
2023-04-20,,,,,,,
2023-04-21,,,,,,,
2023-04-24,,,,,,,
2023-04-25,,,,,,,
2023-04-26,,,,,,,
2023-04-27,,,,,,,
2023-04-28,,,,,,,
2023-05-02,,,,,,,
2023-05-03,,,,,,,
2023-05-04,,,,,,,
2023-05-05,,,,,,,
2023-05-08,,,,,,,
2023-05-09,,,,,,,
2023-05-10,,,,,,,
2023-05-11,,,,,,,
2023-05-12,,,,,,,
2023-05-15,,,,,,,
2023-05-16,,,,,,,
2023-05-17,,,,,,,
2023-05-18,,,,,,,
2023-05-19,,,,,,,
2023-05-22,,,,,,,
2023-05-23,,,,,,,
2023-05-24,,,,,,,
2023-05-25,,,,,,,
2023-05-26,,,,,,,
2023-05-29,,,,,,,
2023-05-30,,,,,,,
2023-05-31,,,,,,,
2023-06-01,,,,,,,
2023-06-02,,,,,,,
2023-06-05,,,,,,,
2023-06-06,,,,,,,
2023-06-07,,,,,,,
2023-06-08,,,,,,,
2023-06-09,,,,,,,
2023-06-12,,,,,,,
2023-06-13,,,,,,,
2023-06-14,,,,,,,
2023-06-15,,,,,,,
2023-06-16,,,,,,,
2023-06-19,,,,,,,
2023-06-20,,,,,,,
2023-06-21,,,,,,,
2023-06-22,,,,,,,
2023-06-23,,,,,,,
2023-06-26,,,,,,,
2023-06-27,,,,,,,
2023-06-28,,,,,,,
2023-06-29,,,,,,,
2023-06-30,,,,,,,
2023-07-03,,,,,,,
2023-07-04,,,,,,,
2023-07-05,,,,,,,
2023-07-06,,,,,,,
2023-07-07,,,,,,,
2023-07-10,,,,,,,
2023-07-11,,,,,,,
2023-07-12,,,,,,,
2023-07-13,,,,,,,
2023-07-14,,,,,,,
2023-07-17,,,,,,,
2023-07-18,,,,,,,
2023-07-19,,,,,,,
2023-07-20,,,,,,,
2023-07-21,,,,,,,
