Date,HIGH,LOW,CLOSE,OPEN,COUNT,VOLUME
1983-01-04,,,,,0.0,0.0
1983-01-05,,,,,0.0,1.0
1983-01-06,,,,,0.0,1.0
1983-01-07,,,,,0.0,1.0
1983-01-10,,,,,0.0,1.0
1983-01-11,,,,,0.0,1.0
1983-01-12,,,,,0.0,1.0
1983-01-13,,,,,0.0,1.0
1983-01-14,,,,,0.0,1.0
1983-01-17,,,,,0.0,1.0
1983-01-18,,,,,0.0,1.0
1983-01-19,,,,,0.0,1.0
1983-01-20,,,,,0.0,1.0
1983-01-21,,,,,0.0,1.0
1983-01-24,,,,,0.0,1.0
1983-01-25,,,,,0.0,1.0
1983-01-26,,,,,0.0,1.0
1983-01-27,,,,,0.0,1.0
1983-01-28,,,,,0.0,1.0
1983-01-31,,,,,0.0,1.0
1983-02-01,,,,,0.0,1.0
1983-02-02,,,,,0.0,1.0
1983-02-03,,,,,0.0,1.0
1983-02-04,,,,,0.0,1.0
1983-02-07,,,,,0.0,1.0
1983-02-08,,,,,0.0,1.0
1983-02-09,,,,,0.0,1.0
1983-02-10,,,,,0.0,1.0
1983-02-11,,,,,0.0,1.0
1983-02-14,,,,,0.0,1.0
1983-02-15,,,,,0.0,1.0
1983-02-16,,,,,0.0,1.0
1983-02-17,,,,,0.0,1.0
1983-02-18,,,,,0.0,1.0
1983-02-21,,,,,0.0,1.0
1983-02-22,,,,,0.0,1.0
1983-02-23,,,,,0.0,1.0
1983-02-24,,,,,0.0,1.0
1983-02-25,,,,,0.0,1.0
1983-02-28,,,,,0.0,1.0
1983-03-01,,,,,0.0,1.0
1983-03-02,,,,,0.0,1.0
1983-03-03,,,,,0.0,1.0
1983-03-04,,,,,0.0,1.0
1983-03-07,,,,,0.0,1.0
1983-03-08,,,,,0.0,1.0
1983-03-09,,,,,0.0,1.0
1983-03-10,,,,,0.0,1.0
1983-03-11,,,,,0.0,1.0
1983-03-14,,,,,0.0,1.0
1983-03-15,,,,,0.0,1.0
1983-03-16,,,,,0.0,1.0
1983-03-17,,,,,0.0,1.0
1983-03-18,,,,,0.0,1.0
1983-03-21,,,,,0.0,1.0
1983-03-22,,,,,0.0,1.0
1983-03-23,,,,,0.0,1.0
1983-03-24,,,,,0.0,1.0
1983-03-25,,,,,0.0,1.0
1983-03-28,,,,,0.0,1.0
1983-03-29,,,,,0.0,1.0
1983-03-30,,,,,0.0,1.0
1983-03-31,,,,,0.0,1.0
1983-04-01,,,,,0.0,1.0
1983-04-04,,,,,0.0,1.0
1983-04-05,,,,,0.0,1.0
1983-04-06,,,,,0.0,1.0
1983-04-07,,,,,0.0,1.0
1983-04-08,,,,,0.0,1.0
1983-04-11,,,,,0.0,1.0
1983-04-12,,,,,0.0,1.0
1983-04-13,,,,,0.0,1.0
1983-04-14,,,,,0.0,1.0
1983-04-15,,,,,0.0,1.0
1983-04-18,,,,,0.0,1.0
1983-04-19,,,,,0.0,1.0
1983-04-20,,,,,0.0,1.0
1983-04-21,,,,,0.0,1.0
1983-04-22,,,,,0.0,1.0
1983-04-25,,,,,0.0,1.0
1983-04-26,,,,,0.0,1.0
1983-04-27,,,,,0.0,1.0
1983-04-28,,,,,0.0,1.0
1983-04-29,,,,,0.0,1.0
1983-05-02,,,,,0.0,1.0
1983-05-03,,,,,0.0,1.0
1983-05-04,,,,,0.0,1.0
1983-05-05,,,,,0.0,1.0
1983-05-06,,,,,0.0,1.0
1983-05-09,,,,,0.0,1.0
1983-05-10,,,,,0.0,1.0
1983-05-11,,,,,0.0,1.0
1983-05-12,,,,,0.0,1.0
1983-05-13,,,,,0.0,1.0
1983-05-16,,,,,0.0,1.0
1983-05-17,,,,,0.0,1.0
1983-05-18,,,,,0.0,1.0
1983-05-19,,,,,0.0,1.0
1983-05-20,,,,,0.0,1.0
1983-05-23,,,,,0.0,1.0
1983-05-24,,,,,0.0,1.0
1983-05-25,,,,,0.0,1.0
1983-05-26,,,,,0.0,1.0
1983-05-27,,,,,0.0,1.0
1983-05-30,,,,,0.0,1.0
1983-05-31,,,,,0.0,1.0
1983-06-01,,,,,0.0,1.0
1983-06-02,,,,,0.0,1.0
1983-06-03,,,,,0.0,1.0
1983-06-06,,,,,0.0,1.0
1983-06-07,,,,,0.0,1.0
1983-06-08,,,,,0.0,1.0
1983-06-09,,,,,0.0,1.0
1983-06-10,,,,,0.0,1.0
1983-06-13,,,,,0.0,1.0
1983-06-14,,,,,0.0,1.0
1983-06-15,,,,,0.0,1.0
1983-06-16,,,,,0.0,1.0
1983-06-17,,,,,0.0,1.0
1983-06-20,,,,,0.0,1.0
1983-06-21,,,,,0.0,1.0
1983-06-22,,,,,0.0,1.0
1983-06-23,,,,,0.0,1.0
1983-06-24,,,,,0.0,1.0
1983-06-27,,,,,0.0,1.0
1983-06-28,,,,,0.0,1.0
1983-06-29,,,,,0.0,1.0
1983-06-30,,,,,0.0,1.0
1983-07-01,,,,,0.0,1.0
1983-07-04,,,,,0.0,1.0
1983-07-05,,,,,0.0,1.0
1983-07-06,,,,,0.0,1.0
1983-07-07,,,,,0.0,1.0
1983-07-08,,,,,0.0,1.0
1983-07-11,,,,,0.0,1.0
1983-07-12,,,,,0.0,1.0
1983-07-13,,,,,0.0,1.0
1983-07-14,,,,,0.0,1.0
1983-07-15,,,,,0.0,1.0
1983-07-18,,,,,0.0,1.0
1983-07-19,,,,,0.0,1.0
1983-07-20,,,,,0.0,1.0
1983-07-21,,,,,0.0,1.0
1983-07-22,,,,,0.0,1.0
1983-07-25,,,,,0.0,1.0
1983-07-26,,,,,0.0,1.0
1983-07-27,,,,,0.0,1.0
1983-07-28,,,,,0.0,1.0
1983-07-29,,,,,0.0,1.0
1983-08-01,,,,,0.0,1.0
1983-08-02,,,,,0.0,1.0
1983-08-03,,,,,0.0,1.0
1983-08-04,,,,,0.0,1.0
1983-08-05,,,,,0.0,1.0
1983-08-08,,,,,0.0,1.0
1983-08-09,,,,,0.0,1.0
1983-08-10,,,,,0.0,1.0
1983-08-11,,,,,0.0,1.0
1983-08-12,,,,,0.0,1.0
1983-08-15,,,,,0.0,1.0
1983-08-16,,,,,0.0,1.0
1983-08-17,,,,,0.0,1.0
1983-08-18,,,,,0.0,1.0
1983-08-19,,,,,0.0,1.0
1983-08-22,,,,,0.0,1.0
1983-08-23,,,,,0.0,1.0
1983-08-24,,,,,0.0,1.0
1983-08-25,,,,,0.0,1.0
1983-08-26,,,,,0.0,1.0
1983-08-29,,,,,0.0,1.0
1983-08-30,,,,,0.0,1.0
1983-08-31,,,,,0.0,1.0
1983-09-01,,,,,0.0,1.0
1983-09-02,,,,,0.0,1.0
1983-09-05,,,,,0.0,1.0
1983-09-06,,,,,0.0,1.0
1983-09-07,,,,,0.0,1.0
1983-09-08,,,,,0.0,1.0
1983-09-09,,,,,0.0,1.0
1983-09-12,,,,,0.0,1.0
1983-09-13,,,,,0.0,1.0
1983-09-14,,,,,0.0,1.0
1983-09-15,,,,,0.0,1.0
1983-09-16,,,,,0.0,1.0
1983-09-19,,,,,0.0,1.0
1983-09-20,,,,,0.0,1.0
1983-09-21,,,,,0.0,1.0
1983-09-22,,,,,0.0,1.0
1983-09-23,,,,,0.0,1.0
1983-09-26,,,,,0.0,1.0
1983-09-27,,,,,0.0,1.0
1983-09-28,,,,,0.0,1.0
1983-09-29,,,,,0.0,1.0
1983-09-30,,,,,0.0,1.0
1983-10-03,,,,,0.0,1.0
1983-10-04,,,,,0.0,1.0
1983-10-05,,,,,0.0,1.0
1983-10-06,,,,,0.0,1.0
1983-10-07,,,,,0.0,1.0
1983-10-10,,,,,0.0,1.0
1983-10-11,,,,,0.0,1.0
1983-10-12,,,,,0.0,1.0
1983-10-13,,,,,0.0,1.0
1983-10-14,,,,,0.0,1.0
1983-10-17,,,,,0.0,1.0
1983-10-18,,,,,0.0,1.0
1983-10-19,,,,,0.0,1.0
1983-10-20,,,,,0.0,1.0
1983-10-21,,,,,0.0,1.0
1983-10-24,,,,,0.0,1.0
1983-10-25,,,,,0.0,1.0
1983-10-26,,,,,0.0,1.0
1983-10-27,,,,,0.0,1.0
1983-10-28,,,,,0.0,1.0
1983-10-31,,,,,0.0,1.0
1983-11-01,,,,,0.0,1.0
1983-11-02,,,,,0.0,1.0
1983-11-03,,,,,0.0,1.0
1983-11-04,,,,,0.0,1.0
1983-11-07,,,,,0.0,1.0
1983-11-08,,,,,0.0,1.0
1983-11-09,,,,,0.0,1.0
1983-11-10,,,,,0.0,1.0
1983-11-11,,,,,0.0,1.0
1983-11-14,,,,,0.0,1.0
1983-11-15,,,,,0.0,1.0
1983-11-16,,,,,0.0,1.0
1983-11-17,,,,,0.0,1.0
1983-11-18,,,,,0.0,1.0
1983-11-21,,,,,0.0,1.0
1983-11-22,,,,,0.0,1.0
1983-11-23,,,,,0.0,1.0
1983-11-24,,,,,0.0,1.0
1983-11-25,,,,,0.0,1.0
1983-11-28,,,,,0.0,1.0
1983-11-29,,,,,0.0,1.0
1983-11-30,,,,,0.0,1.0
1983-12-01,,,,,0.0,1.0
1983-12-02,,,,,0.0,1.0
1983-12-05,,,,,0.0,1.0
1983-12-06,,,,,0.0,1.0
1983-12-07,,,,,0.0,1.0
1983-12-08,,,,,0.0,1.0
1983-12-09,,,,,0.0,1.0
1983-12-12,,,,,0.0,1.0
1983-12-13,,,,,0.0,1.0
1983-12-14,,,,,0.0,1.0
1983-12-15,,,,,0.0,1.0
1983-12-16,,,,,0.0,1.0
1983-12-19,,,,,0.0,1.0
1983-12-20,,,,,0.0,1.0
1983-12-21,,,,,0.0,1.0
1983-12-22,,,,,0.0,1.0
1983-12-23,,,,,0.0,1.0
1983-12-26,,,,,0.0,1.0
1983-12-27,,,,,0.0,1.0
1983-12-28,,,,,0.0,1.0
1983-12-29,,,,,0.0,1.0
1983-12-30,,,,,0.0,1.0
1984-01-02,,,,,0.0,1.0
1984-01-03,,,,,0.0,1.0
1984-01-04,,,,,0.0,1.0
1984-01-05,,,,,0.0,1.0
1984-01-06,,,,,0.0,1.0
1984-01-09,,,,,0.0,1.0
1984-01-10,,,,,0.0,1.0
1984-01-11,,,,,0.0,1.0
1984-01-12,,,,,0.0,1.0
1984-01-13,,,,,0.0,1.0
1984-01-16,,,,,0.0,1.0
1984-01-17,,,,,0.0,1.0
1984-01-18,,,,,0.0,1.0
1984-01-19,,,,,0.0,1.0
1984-01-20,,,,,0.0,1.0
1984-01-23,,,,,0.0,1.0
1984-01-24,,,,,0.0,1.0
1984-01-25,,,,,0.0,1.0
1984-01-26,,,,,0.0,1.0
1984-01-27,,,,,0.0,1.0
1984-01-30,,,,,0.0,1.0
1984-01-31,,,,,0.0,1.0
1984-02-01,,,,,0.0,1.0
1984-02-02,,,,,0.0,1.0
1984-02-03,,,,,0.0,1.0
1984-02-06,,,,,0.0,1.0
1984-02-07,,,,,0.0,1.0
1984-02-08,,,,,0.0,1.0
1984-02-09,,,,,0.0,1.0
1984-02-10,,,,,0.0,1.0
1984-02-13,,,,,0.0,1.0
1984-02-14,,,,,0.0,1.0
1984-02-15,,,,,0.0,1.0
1984-02-16,,,,,0.0,1.0
1984-02-17,,,,,0.0,1.0
1984-02-20,,,,,0.0,1.0
1984-02-21,,,,,0.0,1.0
1984-02-22,,,,,0.0,1.0
1984-02-23,,,,,0.0,1.0
1984-02-24,,,,,0.0,1.0
1984-02-27,,,,,0.0,1.0
1984-02-28,,,,,0.0,1.0
1984-02-29,,,,,0.0,1.0
1984-03-01,,,,,0.0,1.0
1984-03-02,,,,,0.0,1.0
1984-03-05,,,,,0.0,1.0
1984-03-06,,,,,0.0,1.0
1984-03-07,,,,,0.0,1.0
1984-03-08,,,,,0.0,1.0
1984-03-09,,,,,0.0,1.0
1984-03-12,,,,,0.0,1.0
1984-03-13,,,,,0.0,1.0
1984-03-14,,,,,0.0,1.0
1984-03-15,,,,,0.0,1.0
1984-03-16,,,,,0.0,1.0
1984-03-19,,,,,0.0,1.0
1984-03-20,,,,,0.0,1.0
1984-03-21,,,,,0.0,1.0
1984-03-22,,,,,0.0,1.0
1984-03-23,,,,,0.0,1.0
1984-03-26,,,,,0.0,1.0
1984-03-27,,,,,0.0,1.0
1984-03-28,,,,,0.0,1.0
1984-03-29,,,,,0.0,1.0
1984-03-30,,,,,0.0,1.0
1984-04-02,,,,,0.0,1.0
1984-04-03,,,,,0.0,1.0
1984-04-04,,,,,0.0,1.0
1984-04-05,,,,,0.0,1.0
1984-04-06,,,,,0.0,1.0
1984-04-09,,,,,0.0,1.0
1984-04-10,,,,,0.0,1.0
1984-04-11,,,,,0.0,1.0
1984-04-12,,,,,0.0,1.0
1984-04-13,,,,,0.0,1.0
1984-04-16,,,,,0.0,1.0
1984-04-17,,,,,0.0,1.0
1984-04-18,,,,,0.0,1.0
1984-04-19,,,,,0.0,1.0
1984-04-20,,,,,0.0,1.0
1984-04-23,,,,,0.0,1.0
1984-04-24,,,,,0.0,1.0
1984-04-25,,,,,0.0,1.0
1984-04-26,,,,,0.0,1.0
1984-04-27,,,,,0.0,1.0
1984-04-30,,,,,0.0,1.0
1984-05-01,,,,,0.0,1.0
1984-05-02,,,,,0.0,1.0
1984-05-03,,,,,0.0,1.0
1984-05-04,,,,,0.0,1.0
1984-05-07,,,,,0.0,1.0
1984-05-08,,,,,0.0,1.0
1984-05-09,,,,,0.0,1.0
1984-05-10,,,,,0.0,1.0
1984-05-11,,,,,0.0,1.0
1984-05-14,,,,,0.0,1.0
1984-05-15,,,,,0.0,1.0
1984-05-16,,,,,0.0,1.0
1984-05-17,,,,,0.0,1.0
1984-05-18,,,,,0.0,1.0
1984-05-21,,,,,0.0,1.0
1984-05-22,,,,,0.0,1.0
1984-05-23,,,,,0.0,1.0
1984-05-24,,,,,0.0,1.0
1984-05-25,,,,,0.0,1.0
1984-05-28,,,,,0.0,1.0
1984-05-29,,,,,0.0,1.0
1984-05-30,,,,,0.0,1.0
1984-05-31,,,,,0.0,1.0
1984-06-01,,,,,0.0,1.0
1984-06-04,,,,,0.0,1.0
1984-06-05,,,,,0.0,1.0
1984-06-06,,,,,0.0,1.0
1984-06-07,,,,,0.0,1.0
1984-06-08,,,,,0.0,1.0
1984-06-11,,,,,0.0,1.0
1984-06-12,,,,,0.0,1.0
1984-06-13,,,,,0.0,1.0
1984-06-14,,,,,0.0,1.0
1984-06-15,,,,,0.0,1.0
1984-06-18,,,,,0.0,1.0
1984-06-19,,,,,0.0,1.0
1984-06-20,,,,,0.0,1.0
1984-06-21,,,,,0.0,1.0
1984-06-22,,,,,0.0,1.0
1984-06-25,,,,,0.0,1.0
1984-06-26,,,,,0.0,1.0
1984-06-27,,,,,0.0,1.0
1984-06-28,,,,,0.0,1.0
1984-06-29,,,,,0.0,1.0
1984-07-02,,,,,0.0,1.0
1984-07-03,,,,,0.0,1.0
1984-07-04,,,,,0.0,1.0
1984-07-05,,,,,0.0,1.0
1984-07-06,,,,,0.0,1.0
1984-07-09,,,,,0.0,1.0
1984-07-10,,,,,0.0,1.0
1984-07-11,,,,,0.0,1.0
1984-07-12,,,,,0.0,1.0
1984-07-13,,,,,0.0,1.0
1984-07-16,,,,,0.0,1.0
1984-07-17,,,,,0.0,1.0
1984-07-18,,,,,0.0,1.0
1984-07-19,,,,,0.0,1.0
1984-07-20,,,,,0.0,1.0
1984-07-23,,,,,0.0,1.0
1984-07-24,,,,,0.0,1.0
1984-07-25,,,,,0.0,1.0
1984-07-26,,,,,0.0,1.0
1984-07-27,,,,,0.0,1.0
1984-07-30,,,,,0.0,1.0
1984-07-31,,,,,0.0,1.0
1984-08-01,,,,,0.0,1.0
1984-08-02,,,,,0.0,1.0
1984-08-03,,,,,0.0,1.0
1984-08-06,,,,,0.0,1.0
1984-08-07,,,,,0.0,1.0
1984-08-08,,,,,0.0,1.0
1984-08-09,,,,,0.0,1.0
1984-08-10,,,,,0.0,1.0
1984-08-13,,,,,0.0,1.0
1984-08-14,,,,,0.0,1.0
1984-08-15,,,,,0.0,1.0
1984-08-16,,,,,0.0,1.0
1984-08-17,,,,,0.0,1.0
1984-08-20,,,,,0.0,1.0
1984-08-21,,,,,0.0,1.0
1984-08-22,,,,,0.0,1.0
1984-08-23,,,,,0.0,1.0
1984-08-24,,,,,0.0,1.0
1984-08-27,,,,,0.0,1.0
1984-08-28,,,,,0.0,1.0
1984-08-29,,,,,0.0,1.0
1984-08-30,,,,,0.0,1.0
1984-08-31,,,,,0.0,1.0
1984-09-03,,,,,0.0,1.0
1984-09-04,,,,,0.0,1.0
1984-09-05,,,,,0.0,1.0
1984-09-06,,,,,0.0,1.0
1984-09-07,,,,,0.0,1.0
1984-09-10,,,,,0.0,1.0
1984-09-11,,,,,0.0,1.0
1984-09-12,,,,,0.0,1.0
1984-09-13,,,,,0.0,1.0
1984-09-14,,,,,0.0,1.0
1984-09-17,,,,,0.0,1.0
1984-09-18,,,,,0.0,1.0
1984-09-19,,,,,0.0,1.0
1984-09-20,,,,,0.0,1.0
1984-09-21,,,,,0.0,1.0
1984-09-24,,,,,0.0,1.0
1984-09-25,,,,,0.0,1.0
1984-09-26,,,,,0.0,1.0
1984-09-27,,,,,0.0,1.0
1984-09-28,,,,,0.0,1.0
1984-10-01,,,,,0.0,1.0
1984-10-02,,,,,0.0,1.0
1984-10-03,,,,,0.0,1.0
1984-10-04,,,,,0.0,1.0
1984-10-05,,,,,0.0,1.0
1984-10-08,,,,,0.0,1.0
1984-10-09,,,,,0.0,1.0
1984-10-10,,,,,0.0,1.0
1984-10-11,,,,,0.0,1.0
1984-10-12,,,,,0.0,1.0
1984-10-15,,,,,0.0,1.0
1984-10-16,,,,,0.0,1.0
1984-10-17,,,,,0.0,1.0
1984-10-18,,,,,0.0,1.0
1984-10-19,,,,,0.0,1.0
1984-10-22,,,,,0.0,1.0
1984-10-23,,,,,0.0,1.0
1984-10-24,,,,,0.0,1.0
1984-10-25,,,,,0.0,1.0
1984-10-26,,,,,0.0,1.0
1984-10-29,,,,,0.0,1.0
1984-10-30,,,,,0.0,1.0
1984-10-31,,,,,0.0,1.0
1984-11-01,,,,,0.0,1.0
1984-11-02,,,,,0.0,1.0
1984-11-05,,,,,0.0,1.0
1984-11-06,,,,,0.0,1.0
1984-11-07,,,,,0.0,1.0
1984-11-08,,,,,0.0,1.0
1984-11-09,,,,,0.0,1.0
1984-11-12,,,,,0.0,1.0
1984-11-13,,,,,0.0,1.0
1984-11-14,,,,,0.0,1.0
1984-11-15,,,,,0.0,1.0
1984-11-16,,,,,0.0,1.0
1984-11-19,,,,,0.0,1.0
1984-11-20,,,,,0.0,1.0
1984-11-21,,,,,0.0,1.0
1984-11-22,,,,,0.0,1.0
1984-11-23,,,,,0.0,1.0
1984-11-26,,,,,0.0,1.0
1984-11-27,,,,,0.0,1.0
1984-11-28,,,,,0.0,1.0
1984-11-29,,,,,0.0,1.0
1984-11-30,,,,,0.0,1.0
1984-12-03,,,,,0.0,1.0
1984-12-04,,,,,0.0,1.0
1984-12-05,,,,,0.0,1.0
1984-12-06,,,,,0.0,1.0
1984-12-07,,,,,0.0,1.0
1984-12-10,,,,,0.0,1.0
1984-12-11,,,,,0.0,1.0
1984-12-12,,,,,0.0,1.0
1984-12-13,,,,,0.0,1.0
1984-12-14,,,,,0.0,1.0
1984-12-17,,,,,0.0,1.0
1984-12-18,,,,,0.0,1.0
1984-12-19,,,,,0.0,1.0
1984-12-20,,,,,0.0,1.0
1984-12-21,,,,,0.0,1.0
1984-12-24,,,,,0.0,1.0
1984-12-25,,,,,0.0,1.0
1984-12-26,,,,,0.0,1.0
1984-12-27,,,,,0.0,1.0
1984-12-28,,,,,0.0,1.0
1984-12-31,,,,,0.0,1.0
1985-01-01,,,,,0.0,1.0
1985-01-02,,,,,0.0,1.0
1985-01-03,,,,,0.0,1.0
1985-01-04,,,,,0.0,1.0
1985-01-07,,,,,0.0,1.0
1985-01-08,,,,,0.0,1.0
1985-01-09,,,,,0.0,1.0
1985-01-10,,,,,0.0,1.0
1985-01-11,,,,,0.0,1.0
1985-01-14,,,,,0.0,1.0
1985-01-15,,,,,0.0,1.0
1985-01-16,,,,,0.0,1.0
1985-01-17,,,,,0.0,1.0
1985-01-18,,,,,0.0,1.0
1985-01-21,,,,,0.0,1.0
1985-01-22,,,,,0.0,1.0
1985-01-23,,,,,0.0,1.0
1985-01-24,,,,,0.0,1.0
1985-01-25,,,,,0.0,1.0
1985-01-28,,,,,0.0,1.0
1985-01-29,,,,,0.0,1.0
1985-01-30,,,,,0.0,1.0
1985-01-31,,,,,0.0,1.0
1985-02-01,,,,,0.0,1.0
1985-02-04,,,,,0.0,1.0
1985-02-05,,,,,0.0,1.0
1985-02-06,,,,,0.0,1.0
1985-02-07,,,,,0.0,1.0
1985-02-08,,,,,0.0,1.0
1985-02-11,,,,,0.0,1.0
1985-02-12,,,,,0.0,1.0
1985-02-13,,,,,0.0,1.0
1985-02-14,,,,,0.0,1.0
1985-02-15,,,,,0.0,1.0
1985-02-18,,,,,0.0,1.0
1985-02-19,,,,,0.0,1.0
1985-02-20,,,,,0.0,1.0
1985-02-21,,,,,0.0,1.0
1985-02-22,,,,,0.0,1.0
1985-02-25,,,,,0.0,1.0
1985-02-26,,,,,0.0,1.0
1985-02-27,,,,,0.0,1.0
1985-02-28,,,,,0.0,1.0
1985-03-01,,,,,0.0,1.0
1985-03-04,,,,,0.0,1.0
1985-03-05,,,,,0.0,1.0
1985-03-06,,,,,0.0,1.0
1985-03-07,,,,,0.0,1.0
1985-03-08,,,,,0.0,1.0
1985-03-11,,,,,0.0,1.0
1985-03-12,,,,,0.0,1.0
1985-03-13,,,,,0.0,1.0
1985-03-14,,,,,0.0,1.0
1985-03-15,,,,,0.0,1.0
1985-03-18,,,,,0.0,1.0
1985-03-19,,,,,0.0,1.0
1985-03-20,,,,,0.0,1.0
1985-03-21,,,,,0.0,1.0
1985-03-22,,,,,0.0,1.0
1985-03-25,,,,,0.0,1.0
1985-03-26,,,,,0.0,1.0
1985-03-27,,,,,0.0,1.0
1985-03-28,,,,,0.0,1.0
1985-03-29,,,,,0.0,1.0
1985-04-01,,,,,0.0,1.0
1985-04-02,,,,,0.0,1.0
1985-04-03,,,,,0.0,1.0
1985-04-04,,,,,0.0,1.0
1985-04-05,,,,,0.0,1.0
1985-04-08,,,,,0.0,1.0
1985-04-09,,,,,0.0,1.0
1985-04-10,,,,,0.0,1.0
1985-04-11,,,,,0.0,1.0
1985-04-12,,,,,0.0,1.0
1985-04-15,,,,,0.0,1.0
1985-04-16,,,,,0.0,1.0
1985-04-17,,,,,0.0,1.0
1985-04-18,,,,,0.0,1.0
1985-04-19,,,,,0.0,1.0
1985-04-22,,,,,0.0,1.0
1985-04-23,,,,,0.0,1.0
1985-04-24,,,,,0.0,1.0
1985-04-25,,,,,0.0,1.0
1985-04-26,,,,,0.0,1.0
1985-04-29,,,,,0.0,1.0
1985-04-30,,,,,0.0,1.0
1985-05-01,,,,,0.0,1.0
1985-05-02,,,,,0.0,1.0
1985-05-03,,,,,0.0,1.0
1985-05-06,,,,,0.0,1.0
1985-05-07,,,,,0.0,1.0
1985-05-08,,,,,0.0,1.0
1985-05-09,,,,,0.0,1.0
1985-05-10,,,,,0.0,1.0
1985-05-13,,,,,0.0,1.0
1985-05-14,,,,,0.0,1.0
1985-05-15,,,,,0.0,1.0
1985-05-16,,,,,0.0,1.0
1985-05-17,,,,,0.0,1.0
1985-05-20,,,,,0.0,1.0
1985-05-21,,,,,0.0,1.0
1985-05-22,,,,,0.0,1.0
1985-05-23,,,,,0.0,1.0
1985-05-24,,,,,0.0,1.0
1985-05-27,,,,,0.0,1.0
1985-05-28,,,,,0.0,1.0
1985-05-29,,,,,0.0,1.0
1985-05-30,,,,,0.0,1.0
1985-05-31,,,,,0.0,1.0
1985-06-03,,,,,0.0,1.0
1985-06-04,,,,,0.0,1.0
1985-06-05,,,,,0.0,1.0
1985-06-06,,,,,0.0,1.0
1985-06-07,,,,,0.0,1.0
1985-06-10,,,,,0.0,1.0
1985-06-11,,,,,0.0,1.0
1985-06-12,,,,,0.0,1.0
1985-06-13,,,,,0.0,1.0
1985-06-14,,,,,0.0,1.0
1985-06-17,,,,,0.0,1.0
1985-06-18,,,,,0.0,1.0
1985-06-19,,,,,0.0,1.0
1985-06-20,,,,,0.0,1.0
1985-06-21,,,,,0.0,1.0
1985-06-24,,,,,0.0,1.0
1985-06-25,,,,,0.0,1.0
1985-06-26,,,,,0.0,1.0
1985-06-27,,,,,0.0,1.0
1985-06-28,,,,,0.0,1.0
1985-07-01,,,,,0.0,1.0
1985-07-02,,,,,0.0,1.0
1985-07-03,,,,,0.0,1.0
1985-07-04,,,,,0.0,1.0
1985-07-05,,,,,0.0,1.0
1985-07-08,,,,,0.0,1.0
1985-07-09,,,,,0.0,1.0
1985-07-10,,,,,0.0,1.0
1985-07-11,,,,,0.0,1.0
1985-07-12,,,,,0.0,1.0
1985-07-15,,,,,0.0,1.0
1985-07-16,,,,,0.0,1.0
1985-07-17,,,,,0.0,1.0
1985-07-18,,,,,0.0,1.0
1985-07-19,,,,,0.0,1.0
1985-07-22,,,,,0.0,1.0
1985-07-23,,,,,0.0,1.0
1985-07-24,,,,,0.0,1.0
1985-07-25,,,,,0.0,1.0
1985-07-26,,,,,0.0,1.0
1985-07-29,,,,,0.0,1.0
1985-07-30,,,,,0.0,1.0
1985-07-31,,,,,0.0,1.0
1985-08-01,,,,,0.0,1.0
1985-08-02,,,,,0.0,1.0
1985-08-05,,,,,0.0,1.0
1985-08-06,,,,,0.0,1.0
1985-08-07,,,,,0.0,1.0
1985-08-08,,,,,0.0,1.0
1985-08-09,,,,,0.0,1.0
1985-08-12,,,,,0.0,1.0
1985-08-13,,,,,0.0,1.0
1985-08-14,,,,,0.0,1.0
1985-08-15,,,,,0.0,1.0
1985-08-16,,,,,0.0,1.0
1985-08-19,,,,,0.0,1.0
1985-08-20,,,,,0.0,1.0
1985-08-21,,,,,0.0,1.0
1985-08-22,,,,,0.0,1.0
1985-08-23,,,,,0.0,1.0
1985-08-26,,,,,0.0,1.0
1985-08-27,,,,,0.0,1.0
1985-08-28,,,,,0.0,1.0
1985-08-29,,,,,0.0,1.0
1985-08-30,,,,,0.0,1.0
1985-09-02,,,,,0.0,1.0
1985-09-03,,,,,0.0,1.0
1985-09-04,,,,,0.0,1.0
1985-09-05,,,,,0.0,1.0
1985-09-06,,,,,0.0,1.0
1985-09-09,,,,,0.0,1.0
1985-09-10,,,,,0.0,1.0
1985-09-11,,,,,0.0,1.0
1985-09-12,,,,,0.0,1.0
1985-09-13,,,,,0.0,1.0
1985-09-16,,,,,0.0,1.0
1985-09-17,,,,,0.0,1.0
1985-09-18,,,,,0.0,1.0
1985-09-19,,,,,0.0,1.0
1985-09-20,,,,,0.0,1.0
1985-09-23,,,,,0.0,1.0
1985-09-24,,,,,0.0,1.0
1985-09-25,,,,,0.0,1.0
1985-09-26,,,,,0.0,1.0
1985-09-27,,,,,0.0,1.0
1985-09-30,,,,,0.0,1.0
1985-10-01,,,,,0.0,1.0
1985-10-02,,,,,0.0,1.0
1985-10-03,,,,,0.0,1.0
1985-10-04,,,,,0.0,1.0
1985-10-07,,,,,0.0,1.0
1985-10-08,,,,,0.0,1.0
1985-10-09,,,,,0.0,1.0
1985-10-10,,,,,0.0,1.0
1985-10-11,,,,,0.0,1.0
1985-10-14,,,,,0.0,1.0
1985-10-15,,,,,0.0,1.0
1985-10-16,,,,,0.0,1.0
1985-10-17,,,,,0.0,1.0
1985-10-18,,,,,0.0,1.0
1985-10-21,,,,,0.0,1.0
1985-10-22,,,,,0.0,1.0
1985-10-23,,,,,0.0,1.0
1985-10-24,,,,,0.0,1.0
1985-10-25,,,,,0.0,1.0
1985-10-28,,,,,0.0,1.0
1985-10-29,,,,,0.0,1.0
1985-10-30,,,,,0.0,1.0
1985-10-31,,,,,0.0,1.0
1985-11-01,,,,,0.0,1.0
1985-11-04,,,,,0.0,1.0
1985-11-05,,,,,0.0,1.0
1985-11-06,,,,,0.0,1.0
1985-11-07,,,,,0.0,1.0
1985-11-08,,,,,0.0,1.0
1985-11-11,,,,,0.0,1.0
1985-11-12,,,,,0.0,1.0
1985-11-13,,,,,0.0,1.0
1985-11-14,,,,,0.0,1.0
1985-11-15,,,,,0.0,1.0
1985-11-18,,,,,0.0,1.0
1985-11-19,,,,,0.0,1.0
1985-11-20,,,,,0.0,1.0
1985-11-21,,,,,0.0,1.0
1985-11-22,,,,,0.0,1.0
1985-11-25,,,,,0.0,1.0
1985-11-26,,,,,0.0,1.0
1985-11-27,,,,,0.0,1.0
1985-11-28,,,,,0.0,1.0
1985-11-29,,,,,0.0,1.0
1985-12-02,,,,,0.0,1.0
1985-12-03,,,,,0.0,1.0
1985-12-04,,,,,0.0,1.0
1985-12-05,,,,,0.0,1.0
1985-12-06,,,,,0.0,1.0
1985-12-09,,,,,0.0,1.0
1985-12-10,,,,,0.0,1.0
1985-12-11,,,,,0.0,1.0
1985-12-12,,,,,0.0,1.0
1985-12-13,,,,,0.0,1.0
1985-12-16,,,,,0.0,1.0
1985-12-17,,,,,0.0,1.0
1985-12-18,,,,,0.0,1.0
1985-12-19,,,,,0.0,1.0
1985-12-20,,,,,0.0,1.0
1985-12-23,,,,,0.0,1.0
1985-12-24,,,,,0.0,1.0
1985-12-25,,,,,0.0,1.0
1985-12-26,,,,,0.0,1.0
1985-12-27,,,,,0.0,1.0
1985-12-30,,,,,0.0,1.0
1985-12-31,,,,,0.0,1.0
1986-01-02,,,,,0.0,1.0
1986-01-03,,,,,0.0,1.0
1986-01-06,,,,,0.0,1.0
1986-01-07,,,,,0.0,1.0
1986-01-08,,,,,0.0,1.0
1986-01-09,,,,,0.0,1.0
1986-01-10,,,,,0.0,1.0
1986-01-13,,,,,0.0,1.0
1986-01-14,,,,,0.0,1.0
1986-01-15,,,,,0.0,1.0
1986-01-16,,,,,0.0,1.0
1986-01-17,,,,,0.0,1.0
1986-01-20,,,,,0.0,1.0
1986-01-21,,,,,0.0,1.0
1986-01-22,,,,,0.0,1.0
1986-01-23,,,,,0.0,1.0
1986-01-24,,,,,0.0,1.0
1986-01-27,,,,,0.0,1.0
1986-01-28,,,,,0.0,1.0
1986-01-29,,,,,0.0,1.0
1986-01-30,,,,,0.0,1.0
1986-01-31,,,,,0.0,1.0
1986-02-03,,,,,0.0,1.0
1986-02-04,,,,,0.0,1.0
1986-02-05,,,,,0.0,1.0
1986-02-06,,,,,0.0,1.0
1986-02-07,,,,,0.0,1.0
1986-02-10,,,,,0.0,1.0
1986-02-11,,,,,0.0,1.0
1986-02-12,,,,,0.0,1.0
1986-02-13,,,,,0.0,1.0
1986-02-14,,,,,0.0,1.0
1986-02-17,,,,,0.0,1.0
1986-02-18,,,,,0.0,1.0
1986-02-19,,,,,0.0,1.0
1986-02-20,,,,,0.0,1.0
1986-02-21,,,,,0.0,1.0
1986-02-24,,,,,0.0,1.0
1986-02-25,,,,,0.0,1.0
1986-02-26,,,,,0.0,1.0
1986-02-27,,,,,0.0,1.0
1986-02-28,,,,,0.0,1.0
1986-03-03,,,,,0.0,1.0
1986-03-04,,,,,0.0,1.0
1986-03-05,,,,,0.0,1.0
1986-03-06,,,,,0.0,1.0
1986-03-07,,,,,0.0,1.0
1986-03-10,,,,,0.0,1.0
1986-03-11,,,,,0.0,1.0
1986-03-12,,,,,0.0,1.0
1986-03-13,,,,,0.0,1.0
1986-03-14,,,,,0.0,1.0
1986-03-17,,,,,0.0,1.0
1986-03-18,,,,,0.0,1.0
1986-03-19,,,,,0.0,1.0
1986-03-20,,,,,0.0,1.0
1986-03-21,,,,,0.0,1.0
1986-03-24,,,,,0.0,1.0
1986-03-25,,,,,0.0,1.0
1986-03-26,,,,,0.0,1.0
1986-03-27,,,,,0.0,1.0
1986-04-01,,,,,0.0,1.0
1986-04-02,,,,,0.0,1.0
1986-04-03,,,,,0.0,1.0
1986-04-04,,,,,0.0,1.0
1986-04-07,,,,,0.0,1.0
1986-04-08,,,,,0.0,1.0
1986-04-09,,,,,0.0,1.0
1986-04-10,,,,,0.0,1.0
1986-04-11,,,,,0.0,1.0
1986-04-14,,,,,0.0,1.0
1986-04-15,,,,,0.0,1.0
1986-04-16,,,,,0.0,1.0
1986-04-17,,,,,0.0,1.0
1986-04-18,,,,,0.0,1.0
1986-04-21,,,,,0.0,1.0
1986-04-22,,,,,0.0,1.0
1986-04-23,,,,,0.0,1.0
1986-04-24,,,,,0.0,1.0
1986-04-25,,,,,0.0,1.0
1986-04-28,,,,,0.0,1.0
1986-04-29,,,,,0.0,1.0
1986-04-30,,,,,0.0,1.0
1986-05-01,,,,,0.0,1.0
1986-05-02,,,,,0.0,1.0
1986-05-05,,,,,0.0,1.0
1986-05-06,,,,,0.0,1.0
1986-05-07,,,,,0.0,1.0
1986-05-08,,,,,0.0,1.0
1986-05-09,,,,,0.0,1.0
1986-05-12,,,,,0.0,1.0
1986-05-13,,,,,0.0,1.0
1986-05-14,,,,,0.0,1.0
1986-05-15,,,,,0.0,1.0
1986-05-16,,,,,0.0,1.0
1986-05-19,,,,,0.0,1.0
1986-05-20,,,,,0.0,1.0
1986-05-21,,,,,0.0,1.0
1986-05-22,,,,,0.0,1.0
1986-05-23,,,,,0.0,1.0
1986-05-26,,,,,0.0,1.0
1986-05-27,,,,,0.0,1.0
1986-05-28,,,,,0.0,1.0
1986-05-29,,,,,0.0,1.0
1986-05-30,,,,,0.0,1.0
1986-06-02,,,,,0.0,1.0
1986-06-03,,,,,0.0,1.0
1986-06-04,,,,,0.0,1.0
1986-06-05,,,,,0.0,1.0
1986-06-06,,,,,0.0,1.0
1986-06-09,,,,,0.0,1.0
1986-06-10,,,,,0.0,1.0
1986-06-11,,,,,0.0,1.0
1986-06-12,,,,,0.0,1.0
1986-06-13,,,,,0.0,1.0
1986-06-16,,,,,0.0,1.0
1986-06-17,,,,,0.0,1.0
1986-06-18,,,,,0.0,1.0
1986-06-19,,,,,0.0,1.0
1986-06-20,,,,,0.0,1.0
1986-06-23,,,,,0.0,1.0
1986-06-24,,,,,0.0,1.0
1986-06-25,,,,,0.0,1.0
1986-06-26,,,,,0.0,1.0
1986-06-27,,,,,0.0,1.0
1986-06-30,,,,,0.0,1.0
1986-07-01,,,,,0.0,1.0
1986-07-02,,,,,0.0,1.0
1986-07-03,,,,,0.0,1.0
1986-07-04,,,,,0.0,1.0
1986-07-07,,,,,0.0,1.0
1986-07-08,,,,,0.0,1.0
1986-07-09,,,,,0.0,1.0
1986-07-10,,,,,0.0,1.0
1986-07-11,,,,,0.0,1.0
1986-07-14,,,,,0.0,1.0
1986-07-15,,,,,0.0,1.0
1986-07-16,,,,,0.0,1.0
1986-07-17,,,,,0.0,1.0
1986-07-18,,,,,0.0,1.0
1986-07-21,,,,,0.0,1.0
1986-07-22,,,,,0.0,1.0
1986-07-23,,,,,0.0,1.0
1986-07-24,,,,,0.0,1.0
1986-07-25,,,,,0.0,1.0
1986-07-28,,,,,0.0,1.0
1986-07-29,,,,,0.0,1.0
1986-07-30,,,,,0.0,1.0
1986-07-31,,,,,0.0,1.0
1986-08-01,,,,,0.0,1.0
1986-08-04,,,,,0.0,1.0
1986-08-05,,,,,0.0,1.0
1986-08-06,,,,,0.0,1.0
1986-08-07,,,,,0.0,1.0
1986-08-08,,,,,0.0,1.0
1986-08-11,,,,,0.0,1.0
1986-08-12,,,,,0.0,1.0
1986-08-13,,,,,0.0,1.0
1986-08-14,,,,,0.0,1.0
1986-08-15,,,,,0.0,1.0
1986-08-18,,,,,0.0,1.0
1986-08-19,,,,,0.0,1.0
1986-08-20,,,,,0.0,1.0
1986-08-21,,,,,0.0,1.0
1986-08-22,,,,,0.0,1.0
1986-08-25,,,,,0.0,1.0
1986-08-26,,,,,0.0,1.0
1986-08-27,,,,,0.0,1.0
1986-08-28,,,,,0.0,1.0
1986-08-29,,,,,0.0,1.0
1986-09-01,,,,,0.0,1.0
1986-09-02,,,,,0.0,1.0
1986-09-03,,,,,0.0,1.0
1986-09-04,,,,,0.0,1.0
1986-09-05,,,,,0.0,1.0
1986-09-08,,,,,0.0,1.0
1986-09-09,,,,,0.0,1.0
1986-09-10,,,,,0.0,1.0
1986-09-11,,,,,0.0,1.0
1986-09-12,,,,,0.0,1.0
1986-09-15,,,,,0.0,1.0
1986-09-16,,,,,0.0,1.0
1986-09-17,,,,,0.0,1.0
1986-09-18,,,,,0.0,1.0
1986-09-19,,,,,0.0,1.0
1986-09-22,,,,,0.0,1.0
1986-09-23,,,,,0.0,1.0
1986-09-24,,,,,0.0,1.0
1986-09-25,,,,,0.0,1.0
1986-09-26,,,,,0.0,1.0
1986-09-29,,,,,0.0,1.0
1986-09-30,,,,,0.0,1.0
1986-10-01,,,,,0.0,1.0
1986-10-02,,,,,0.0,1.0
1986-10-03,,,,,0.0,1.0
1986-10-06,,,,,0.0,1.0
1986-10-07,,,,,0.0,1.0
1986-10-08,,,,,0.0,1.0
1986-10-09,,,,,0.0,1.0
1986-10-10,,,,,0.0,1.0
1986-10-13,,,,,0.0,1.0
1986-10-14,,,,,0.0,1.0
1986-10-15,,,,,0.0,1.0
1986-10-16,,,,,0.0,1.0
1986-10-17,,,,,0.0,1.0
1986-10-20,,,,,0.0,1.0
1986-10-21,,,,,0.0,1.0
1986-10-22,,,,,0.0,1.0
1986-10-23,,,,,0.0,1.0
1986-10-24,,,,,0.0,1.0
1986-10-27,,,,,0.0,1.0
1986-10-28,,,,,0.0,1.0
1986-10-29,,,,,0.0,1.0
1986-10-30,,,,,0.0,1.0
1986-10-31,,,,,0.0,1.0
1986-11-03,,,,,0.0,1.0
1986-11-04,,,,,0.0,1.0
1986-11-05,,,,,0.0,1.0
1986-11-06,,,,,0.0,1.0
1986-11-07,,,,,0.0,1.0
1986-11-10,,,,,0.0,1.0
1986-11-11,,,,,0.0,1.0
1986-11-12,,,,,0.0,1.0
1986-11-13,,,,,0.0,1.0
1986-11-14,,,,,0.0,1.0
1986-11-17,,,,,0.0,1.0
1986-11-18,,,,,0.0,1.0
1986-11-19,,,,,0.0,1.0
1986-11-20,,,,,0.0,1.0
1986-11-21,,,,,0.0,1.0
1986-11-24,,,,,0.0,1.0
1986-11-25,,,,,0.0,1.0
1986-11-26,,,,,0.0,1.0
1986-11-27,,,,,0.0,1.0
1986-11-28,,,,,0.0,1.0
1986-12-01,,,,,0.0,1.0
1986-12-02,,,,,0.0,1.0
1986-12-03,,,,,0.0,1.0
1986-12-04,,,,,0.0,1.0
1986-12-05,,,,,0.0,1.0
1986-12-08,,,,,0.0,1.0
1986-12-09,,,,,0.0,1.0
1986-12-10,,,,,0.0,1.0
1986-12-11,,,,,0.0,1.0
1986-12-12,,,,,0.0,1.0
1986-12-15,,,,,0.0,1.0
1986-12-16,,,,,0.0,1.0
1986-12-17,,,,,0.0,1.0
1986-12-18,,,,,0.0,1.0
1986-12-19,,,,,0.0,1.0
1986-12-22,,,,,0.0,1.0
1986-12-23,,,,,0.0,1.0
1986-12-24,,,,,0.0,1.0
1986-12-29,,,,,0.0,1.0
1986-12-30,,,,,0.0,1.0
1986-12-31,,,,,0.0,1.0
1987-01-02,,,,,0.0,1.0
1987-01-05,,,,,0.0,1.0
1987-01-06,,,,,0.0,1.0
1987-01-07,,,,,0.0,1.0
1987-01-08,,,,,0.0,1.0
1987-01-09,,,,,0.0,1.0
1987-01-12,,,,,0.0,1.0
1987-01-13,,,,,0.0,1.0
1987-01-14,,,,,0.0,1.0
1987-01-15,,,,,0.0,1.0
1987-01-16,,,,,0.0,1.0
1987-01-19,,,,,0.0,1.0
1987-01-20,,,,,0.0,1.0
1987-01-21,,,,,0.0,1.0
1987-01-22,,,,,0.0,1.0
1987-01-23,,,,,0.0,1.0
1987-01-26,,,,,0.0,1.0
1987-01-27,,,,,0.0,1.0
1987-01-28,,,,,0.0,1.0
1987-01-29,,,,,0.0,1.0
1987-01-30,,,,,0.0,1.0
1987-02-02,,,,,0.0,1.0
1987-02-03,,,,,0.0,1.0
1987-02-04,,,,,0.0,1.0
1987-02-05,,,,,0.0,1.0
1987-02-06,,,,,0.0,1.0
1987-02-09,,,,,0.0,1.0
1987-02-10,,,,,0.0,1.0
1987-02-11,,,,,0.0,1.0
1987-02-12,,,,,0.0,1.0
1987-02-13,,,,,0.0,1.0
1987-02-16,,,,,0.0,1.0
1987-02-17,,,,,0.0,1.0
1987-02-18,,,,,0.0,1.0
1987-02-19,,,,,0.0,1.0
1987-02-20,,,,,0.0,1.0
1987-02-23,,,,,0.0,1.0
1987-02-24,,,,,0.0,1.0
1987-02-25,,,,,0.0,1.0
1987-02-26,,,,,0.0,1.0
1987-02-27,,,,,0.0,1.0
1987-03-02,,,,,0.0,1.0
1987-03-03,,,,,0.0,1.0
1987-03-04,,,,,0.0,1.0
1987-03-05,,,,,0.0,1.0
1987-03-06,,,,,0.0,1.0
1987-03-09,,,,,0.0,1.0
1987-03-10,,,,,0.0,1.0
1987-03-11,,,,,0.0,1.0
1987-03-12,,,,,0.0,1.0
1987-03-13,,,,,0.0,1.0
1987-03-16,,,,,0.0,1.0
1987-03-17,,,,,0.0,1.0
1987-03-18,,,,,0.0,1.0
1987-03-19,,,,,0.0,1.0
1987-03-20,,,,,0.0,1.0
1987-03-23,,,,,0.0,1.0
1987-03-24,,,,,0.0,1.0
1987-03-25,,,,,0.0,1.0
1987-03-26,,,,,0.0,1.0
1987-03-27,,,,,0.0,1.0
1987-03-30,,,,,0.0,1.0
1987-03-31,,,,,0.0,1.0
1987-04-01,,,,,0.0,1.0
1987-04-02,,,,,0.0,1.0
1987-04-03,,,,,0.0,1.0
1987-04-06,,,,,0.0,1.0
1987-04-07,,,,,0.0,1.0
1987-04-08,,,,,0.0,1.0
1987-04-09,,,,,0.0,1.0
1987-04-10,,,,,0.0,1.0
1987-04-13,,,,,0.0,1.0
1987-04-14,,,,,0.0,1.0
1987-04-15,,,,,0.0,1.0
1987-04-16,,,,,0.0,1.0
1987-04-21,,,,,0.0,1.0
1987-04-22,,,,,0.0,1.0
1987-04-23,,,,,0.0,1.0
1987-04-24,,,,,0.0,1.0
1987-04-27,,,,,0.0,1.0
1987-04-28,,,,,0.0,1.0
1987-04-29,,,,,0.0,1.0
1987-04-30,,,,,0.0,1.0
1987-05-01,,,,,0.0,1.0
1987-05-04,,,,,0.0,1.0
1987-05-05,,,,,0.0,1.0
1987-05-06,,,,,0.0,1.0
1987-05-07,,,,,0.0,1.0
1987-05-08,,,,,0.0,1.0
1987-05-11,,,,,0.0,1.0
1987-05-12,,,,,0.0,1.0
1987-05-13,,,,,0.0,1.0
1987-05-14,,,,,0.0,1.0
1987-05-15,,,,,0.0,1.0
1987-05-18,,,,,0.0,1.0
1987-05-19,,,,,0.0,1.0
1987-05-20,,,,,0.0,1.0
1987-05-21,,,,,0.0,1.0
1987-05-22,,,,,0.0,1.0
1987-05-25,,,,,0.0,1.0
1987-05-26,,,,,0.0,1.0
1987-05-27,,,,,0.0,1.0
1987-05-28,,,,,0.0,1.0
1987-05-29,,,,,0.0,1.0
1987-06-01,,,,,0.0,1.0
1987-06-02,,,,,0.0,1.0
1987-06-03,,,,,0.0,1.0
1987-06-04,,,,,0.0,1.0
1987-06-05,,,,,0.0,1.0
1987-06-08,,,,,0.0,1.0
1987-06-09,,,,,0.0,1.0
1987-06-10,,,,,0.0,1.0
1987-06-11,,,,,0.0,1.0
1987-06-12,,,,,0.0,1.0
1987-06-15,,,,,0.0,1.0
1987-06-16,,,,,0.0,1.0
1987-06-17,,,,,0.0,1.0
1987-06-18,,,,,0.0,1.0
1987-06-19,,,,,0.0,1.0
1987-06-22,,,,,0.0,1.0
1987-06-23,,,,,0.0,1.0
1987-06-24,,,,,0.0,1.0
1987-06-25,,,,,0.0,1.0
1987-06-26,,,,,0.0,1.0
1987-06-29,,,,,0.0,1.0
1987-06-30,,,,,0.0,1.0
1987-07-01,,,,,0.0,1.0
1987-07-02,,,,,0.0,1.0
1987-07-03,,,,,0.0,1.0
1987-07-06,,,,,0.0,1.0
1987-07-07,,,,,0.0,1.0
1987-07-08,,,,,0.0,1.0
1987-07-09,,,,,0.0,1.0
1987-07-10,,,,,0.0,1.0
1987-07-13,,,,,0.0,1.0
1987-07-14,,,,,0.0,1.0
1987-07-15,,,,,0.0,1.0
1987-07-16,,,,,0.0,1.0
1987-07-17,,,,,0.0,1.0
1987-07-20,,,,,0.0,1.0
1987-07-21,,,,,0.0,1.0
1987-07-22,,,,,0.0,1.0
1987-07-23,,,,,0.0,1.0
1987-07-24,,,,,0.0,1.0
1987-07-27,,,,,0.0,1.0
1987-07-28,,,,,0.0,1.0
1987-07-29,,,,,0.0,1.0
1987-07-30,,,,,0.0,1.0
1987-07-31,,,,,0.0,1.0
1987-08-03,,,,,0.0,1.0
1987-08-04,,,,,0.0,1.0
1987-08-05,,,,,0.0,1.0
1987-08-06,,,,,0.0,1.0
1987-08-07,,,,,0.0,1.0
1987-08-10,,,,,0.0,1.0
1987-08-11,,,,,0.0,1.0
1987-08-12,,,,,0.0,1.0
1987-08-13,,,,,0.0,1.0
1987-08-14,,,,,0.0,1.0
1987-08-17,,,,,0.0,1.0
1987-08-18,,,,,0.0,1.0
1987-08-19,,,,,0.0,1.0
1987-08-20,,,,,0.0,1.0
1987-08-21,,,,,0.0,1.0
1987-08-24,128.561282,128.561282,128.561282,128.561282,0.0,1.0
1987-08-25,128.561282,128.561282,128.561282,128.561282,0.0,0.0
1987-08-26,128.561282,128.561282,128.561282,128.561282,0.0,0.0
1987-08-27,128.561282,128.561282,128.561282,128.561282,0.0,0.0
1987-08-28,128.561282,128.561282,128.561282,128.561282,0.0,0.0
1987-08-31,128.561282,128.561282,128.561282,128.561282,0.0,0.0
1987-09-01,128.561282,128.561282,128.561282,128.561282,0.0,0.0
1987-09-02,128.561282,128.561282,128.561282,128.561282,0.0,0.0
1987-09-03,128.561282,128.561282,128.561282,128.561282,0.0,0.0
1987-09-04,128.561282,128.561282,128.561282,128.561282,0.0,0.0
1987-09-07,128.561282,128.561282,128.561282,128.561282,0.0,0.0
1987-09-08,128.561282,128.561282,128.561282,128.561282,0.0,0.0
1987-09-09,128.561282,128.561282,128.561282,128.561282,0.0,0.0
1987-09-10,128.561282,128.561282,128.561282,128.561282,0.0,0.0
1987-09-11,141.41741,141.41741,141.41741,141.41741,0.0,1.0
1987-09-14,141.41741,141.41741,141.41741,141.41741,0.0,0.0
1987-09-15,141.41741,141.41741,141.41741,141.41741,0.0,0.0
1987-09-16,141.41741,141.41741,141.41741,141.41741,0.0,0.0
1987-09-17,164.374782,164.374782,164.374782,164.374782,0.0,1.0
1987-09-18,168.047961,168.047961,168.047961,168.047961,0.0,1.0
1987-09-21,170.802846,170.802846,170.802846,170.802846,0.0,1.0
1987-09-22,166.211372,166.211372,166.211372,166.211372,0.0,1.0
1987-09-23,165.293077,165.293077,165.293077,165.293077,0.0,1.0
1987-09-24,165.293077,165.293077,165.293077,165.293077,0.0,0.0
1987-09-25,165.293077,165.293077,165.293077,165.293077,0.0,0.0
1987-09-28,168.047961,168.047961,168.047961,168.047961,0.0,1.0
1987-09-29,165.293077,165.293077,165.293077,165.293077,0.0,1.0
1987-09-30,168.047961,168.047961,168.047961,168.047961,0.0,1.0
1987-10-01,169.884551,169.884551,169.884551,169.884551,0.0,1.0
1987-10-02,171.721141,171.721141,171.721141,171.721141,0.0,1.0
1987-10-05,172.639436,172.639436,172.639436,172.639436,0.0,1.0
1987-10-06,177.23091,177.23091,177.23091,177.23091,0.0,1.0
1987-10-07,188.250448,188.250448,188.250448,188.250448,0.0,1.0
1987-10-08,192.841923,192.841923,192.841923,192.841923,0.0,1.0
1987-10-09,192.841923,192.841923,192.841923,192.841923,0.0,0.0
1987-10-12,189.168743,189.168743,189.168743,189.168743,0.0,1.0
1987-10-13,191.005333,191.005333,191.005333,191.005333,0.0,1.0
1987-10-14,190.087038,190.087038,190.087038,190.087038,0.0,1.0
1987-10-15,190.087038,190.087038,190.087038,190.087038,0.0,0.0
1987-10-16,190.087038,190.087038,190.087038,190.087038,0.0,0.0
1987-10-19,183.658974,183.658974,183.658974,183.658974,0.0,1.0
1987-10-20,169.884551,169.884551,169.884551,169.884551,0.0,1.0
1987-10-21,172.639436,172.639436,172.639436,172.639436,0.0,1.0
1987-10-22,160.701602,160.701602,160.701602,160.701602,0.0,1.0
1987-10-23,151.518654,151.518654,151.518654,151.518654,0.0,1.0
1987-10-26,142.335705,142.335705,142.335705,142.335705,0.0,1.0
1987-10-27,142.335705,142.335705,142.335705,142.335705,0.0,0.0
1987-10-28,137.744231,137.744231,137.744231,137.744231,0.0,1.0
1987-10-29,133.152756,133.152756,133.152756,133.152756,0.0,1.0
1987-10-30,134.989346,134.989346,134.989346,134.989346,0.0,1.0
1987-11-02,133.152756,133.152756,133.152756,133.152756,0.0,1.0
1987-11-03,128.561282,128.561282,128.561282,128.561282,0.0,1.0
1987-11-04,128.561282,128.561282,128.561282,128.561282,0.0,0.0
1987-11-05,128.561282,128.561282,128.561282,128.561282,0.0,0.0
1987-11-06,128.561282,128.561282,128.561282,128.561282,0.0,0.0
1987-11-09,128.561282,128.561282,128.561282,128.561282,0.0,0.0
1987-11-10,123.969807,123.969807,123.969807,123.969807,0.0,1.0
1987-11-11,123.969807,123.969807,123.969807,123.969807,0.0,0.0
1987-11-12,123.969807,123.969807,123.969807,123.969807,0.0,0.0
1987-11-13,123.969807,123.969807,123.969807,123.969807,0.0,0.0
1987-11-16,122.133218,122.133218,122.133218,122.133218,0.0,1.0
1987-11-17,123.969807,123.969807,123.969807,123.969807,0.0,1.0
1987-11-18,123.969807,123.969807,123.969807,123.969807,0.0,0.0
1987-11-19,123.969807,123.969807,123.969807,123.969807,0.0,0.0
1987-11-20,123.969807,123.969807,123.969807,123.969807,0.0,0.0
1987-11-23,125.806397,125.806397,125.806397,125.806397,0.0,1.0
1987-11-24,123.969807,123.969807,123.969807,123.969807,0.0,1.0
1987-11-25,125.806397,125.806397,125.806397,125.806397,0.0,1.0
1987-11-26,123.969807,123.969807,123.969807,123.969807,0.0,1.0
1987-11-27,126.724692,126.724692,126.724692,126.724692,0.0,1.0
1987-11-30,121.214923,121.214923,121.214923,121.214923,0.0,1.0
1987-12-01,121.214923,121.214923,121.214923,121.214923,0.0,0.0
1987-12-02,121.214923,121.214923,121.214923,121.214923,0.0,0.0
1987-12-03,121.214923,121.214923,121.214923,121.214923,0.0,0.0
1987-12-04,122.133218,122.133218,122.133218,122.133218,0.0,1.0
1987-12-07,121.214923,121.214923,121.214923,121.214923,0.0,1.0
1987-12-08,121.214923,121.214923,121.214923,121.214923,0.0,0.0
1987-12-09,119.378333,119.378333,119.378333,119.378333,0.0,1.0
1987-12-10,121.214923,121.214923,121.214923,121.214923,0.0,1.0
1987-12-11,121.214923,121.214923,121.214923,121.214923,0.0,0.0
1987-12-14,121.214923,121.214923,121.214923,121.214923,0.0,0.0
1987-12-15,121.214923,121.214923,121.214923,121.214923,0.0,0.0
1987-12-16,119.378333,119.378333,119.378333,119.378333,0.0,1.0
1987-12-17,121.214923,121.214923,121.214923,121.214923,0.0,1.0
1987-12-18,121.214923,121.214923,121.214923,121.214923,0.0,0.0
1987-12-21,121.214923,121.214923,121.214923,121.214923,0.0,0.0
1987-12-22,121.214923,121.214923,121.214923,121.214923,0.0,0.0
1987-12-23,121.214923,121.214923,121.214923,121.214923,0.0,0.0
1987-12-24,121.214923,121.214923,121.214923,121.214923,0.0,0.0
1987-12-28,121.214923,121.214923,121.214923,121.214923,0.0,0.0
1987-12-29,119.378333,119.378333,119.378333,119.378333,0.0,1.0
1987-12-30,119.378333,119.378333,119.378333,119.378333,0.0,0.0
1987-12-31,119.378333,119.378333,119.378333,119.378333,0.0,0.0
1988-01-04,119.378333,119.378333,119.378333,119.378333,0.0,0.0
1988-01-05,119.378333,119.378333,119.378333,119.378333,0.0,0.0
1988-01-06,121.214923,121.214923,121.214923,121.214923,0.0,1.0
1988-01-07,121.214923,121.214923,121.214923,121.214923,0.0,0.0
1988-01-08,121.214923,121.214923,121.214923,121.214923,0.0,0.0
1988-01-11,119.378333,119.378333,119.378333,119.378333,0.0,1.0
1988-01-12,119.378333,119.378333,119.378333,119.378333,0.0,0.0
1988-01-13,119.378333,119.378333,119.378333,119.378333,0.0,0.0
1988-01-14,119.378333,119.378333,119.378333,119.378333,0.0,0.0
1988-01-15,121.214923,121.214923,121.214923,121.214923,0.0,1.0
1988-01-18,121.214923,121.214923,121.214923,121.214923,0.0,0.0
1988-01-19,123.969807,123.969807,123.969807,123.969807,0.0,1.0
1988-01-20,123.969807,123.969807,123.969807,123.969807,0.0,0.0
1988-01-21,119.378333,119.378333,119.378333,119.378333,0.0,1.0
1988-01-22,119.378333,119.378333,119.378333,119.378333,0.0,0.0
1988-01-25,119.378333,119.378333,119.378333,119.378333,0.0,0.0
1988-01-26,119.378333,119.378333,119.378333,119.378333,0.0,0.0
1988-01-27,119.378333,119.378333,119.378333,119.378333,0.0,0.0
1988-01-28,119.378333,119.378333,119.378333,119.378333,0.0,0.0
1988-01-29,119.378333,119.378333,119.378333,119.378333,0.0,0.0
1988-02-01,119.378333,119.378333,119.378333,119.378333,0.0,0.0
1988-02-02,119.378333,119.378333,119.378333,119.378333,0.0,0.0
1988-02-03,119.378333,119.378333,119.378333,119.378333,0.0,0.0
1988-02-04,119.378333,119.378333,119.378333,119.378333,0.0,0.0
1988-02-05,119.378333,119.378333,119.378333,119.378333,0.0,0.0
1988-02-06,119.378333,119.378333,119.378333,119.378333,0.0,0.0
1988-02-08,119.378333,119.378333,119.378333,119.378333,0.0,0.0
1988-02-09,119.378333,119.378333,119.378333,119.378333,0.0,0.0
1988-02-10,119.378333,119.378333,119.378333,119.378333,0.0,0.0
1988-02-11,119.378333,119.378333,119.378333,119.378333,0.0,0.0
1988-02-12,119.378333,119.378333,119.378333,119.378333,0.0,0.0
1988-02-15,119.378333,119.378333,119.378333,119.378333,0.0,0.0
1988-02-16,119.378333,119.378333,119.378333,119.378333,0.0,0.0
1988-02-17,114.786859,114.786859,114.786859,114.786859,0.0,1.0
1988-02-18,114.786859,114.786859,114.786859,114.786859,0.0,0.0
1988-02-19,114.786859,114.786859,114.786859,114.786859,0.0,0.0
1988-02-22,114.786859,114.786859,114.786859,114.786859,0.0,0.0
1988-02-23,114.786859,114.786859,114.786859,114.786859,0.0,0.0
1988-02-24,114.786859,114.786859,114.786859,114.786859,0.0,0.0
1988-02-25,114.786859,114.786859,114.786859,114.786859,0.0,0.0
1988-02-26,114.786859,114.786859,114.786859,114.786859,0.0,0.0
1988-02-29,114.786859,114.786859,114.786859,114.786859,0.0,0.0
1988-03-01,114.786859,114.786859,114.786859,114.786859,0.0,0.0
1988-03-02,114.786859,114.786859,114.786859,114.786859,0.0,0.0
1988-03-03,114.786859,114.786859,114.786859,114.786859,0.0,0.0
1988-03-04,114.786859,114.786859,114.786859,114.786859,0.0,0.0
1988-03-07,114.786859,114.786859,114.786859,114.786859,0.0,0.0
1988-03-08,114.786859,114.786859,114.786859,114.786859,0.0,0.0
1988-03-09,114.786859,114.786859,114.786859,114.786859,0.0,0.0
1988-03-10,114.786859,114.786859,114.786859,114.786859,0.0,0.0
1988-03-11,114.786859,114.786859,114.786859,114.786859,0.0,0.0
1988-03-14,114.786859,114.786859,114.786859,114.786859,0.0,0.0
1988-03-15,114.786859,114.786859,114.786859,114.786859,0.0,0.0
1988-03-16,114.786859,114.786859,114.786859,114.786859,0.0,0.0
1988-03-17,114.786859,114.786859,114.786859,114.786859,0.0,0.0
1988-03-18,114.786859,114.786859,114.786859,114.786859,0.0,0.0
1988-03-21,114.786859,114.786859,114.786859,114.786859,0.0,0.0
1988-03-22,114.786859,114.786859,114.786859,114.786859,0.0,0.0
1988-03-23,114.786859,114.786859,114.786859,114.786859,0.0,0.0
1988-03-24,114.786859,114.786859,114.786859,114.786859,0.0,0.0
1988-03-25,114.786859,114.786859,114.786859,114.786859,0.0,0.0
1988-03-28,114.786859,114.786859,114.786859,114.786859,0.0,0.0
1988-03-29,114.786859,114.786859,114.786859,114.786859,0.0,0.0
1988-03-30,114.786859,114.786859,114.786859,114.786859,0.0,0.0
1988-03-31,110.195384,110.195384,110.195384,110.195384,0.0,1.0
1988-04-05,110.195384,110.195384,110.195384,110.195384,0.0,0.0
1988-04-06,110.195384,110.195384,110.195384,110.195384,0.0,0.0
1988-04-07,110.195384,110.195384,110.195384,110.195384,0.0,0.0
1988-04-08,110.195384,110.195384,110.195384,110.195384,0.0,0.0
1988-04-11,110.195384,110.195384,110.195384,110.195384,0.0,0.0
1988-04-12,110.195384,110.195384,110.195384,110.195384,0.0,0.0
1988-04-13,110.195384,110.195384,110.195384,110.195384,0.0,0.0
1988-04-14,110.195384,110.195384,110.195384,110.195384,0.0,0.0
1988-04-15,110.195384,110.195384,110.195384,110.195384,0.0,0.0
1988-04-18,110.195384,110.195384,110.195384,110.195384,0.0,0.0
1988-04-19,110.195384,110.195384,110.195384,110.195384,0.0,0.0
1988-04-20,110.195384,110.195384,110.195384,110.195384,0.0,0.0
1988-04-21,110.195384,110.195384,110.195384,110.195384,0.0,0.0
1988-04-22,112.031974,112.031974,112.031974,112.031974,0.0,1.0
1988-04-25,112.031974,112.031974,112.031974,112.031974,0.0,0.0
1988-04-26,112.031974,112.031974,112.031974,112.031974,0.0,0.0
1988-04-27,112.031974,112.031974,112.031974,112.031974,0.0,0.0
1988-04-28,112.031974,112.031974,112.031974,112.031974,0.0,0.0
1988-04-29,112.031974,112.031974,112.031974,112.031974,0.0,0.0
1988-05-02,112.031974,112.031974,112.031974,112.031974,0.0,0.0
1988-05-03,112.031974,112.031974,112.031974,112.031974,0.0,0.0
1988-05-04,112.031974,112.031974,112.031974,112.031974,0.0,0.0
1988-05-05,112.031974,112.031974,112.031974,112.031974,0.0,0.0
1988-05-06,110.195384,110.195384,110.195384,110.195384,0.0,1.0
1988-05-09,110.195384,110.195384,110.195384,110.195384,0.0,0.0
1988-05-10,110.195384,110.195384,110.195384,110.195384,0.0,0.0
1988-05-11,110.195384,110.195384,110.195384,110.195384,0.0,0.0
1988-05-12,110.195384,110.195384,110.195384,110.195384,0.0,0.0
1988-05-13,110.195384,110.195384,110.195384,110.195384,0.0,0.0
1988-05-16,110.195384,110.195384,110.195384,110.195384,0.0,0.0
1988-05-17,110.195384,110.195384,110.195384,110.195384,0.0,0.0
1988-05-18,110.195384,110.195384,110.195384,110.195384,0.0,0.0
1988-05-19,110.195384,110.195384,110.195384,110.195384,0.0,0.0
1988-05-20,110.195384,110.195384,110.195384,110.195384,0.0,0.0
1988-05-23,110.195384,110.195384,110.195384,110.195384,0.0,0.0
1988-05-24,110.195384,110.195384,110.195384,110.195384,0.0,0.0
1988-05-25,108.358795,108.358795,108.358795,108.358795,0.0,1.0
1988-05-26,110.195384,110.195384,110.195384,110.195384,0.0,1.0
1988-05-27,110.195384,110.195384,110.195384,110.195384,0.0,0.0
1988-05-30,110.195384,110.195384,110.195384,110.195384,0.0,0.0
1988-05-31,108.358795,108.358795,108.358795,108.358795,0.0,1.0
1988-06-01,108.358795,108.358795,108.358795,108.358795,0.0,0.0
1988-06-02,110.195384,110.195384,110.195384,110.195384,0.0,1.0
1988-06-03,110.195384,110.195384,110.195384,110.195384,0.0,0.0
1988-06-06,108.358795,108.358795,108.358795,108.358795,0.0,1.0
1988-06-07,108.358795,108.358795,108.358795,108.358795,0.0,0.0
1988-06-08,108.358795,108.358795,108.358795,108.358795,0.0,0.0
1988-06-09,110.195384,110.195384,110.195384,110.195384,0.0,1.0
1988-06-10,110.195384,110.195384,110.195384,110.195384,0.0,0.0
1988-06-13,108.358795,108.358795,108.358795,108.358795,0.0,1.0
1988-06-14,110.195384,110.195384,110.195384,110.195384,0.0,1.0
1988-06-15,110.195384,110.195384,110.195384,110.195384,0.0,0.0
1988-06-16,110.195384,110.195384,110.195384,110.195384,0.0,0.0
1988-06-17,110.195384,110.195384,110.195384,110.195384,0.0,0.0
1988-06-20,108.358795,108.358795,108.358795,108.358795,0.0,1.0
1988-06-21,110.195384,110.195384,110.195384,110.195384,0.0,1.0
1988-06-22,108.358795,108.358795,108.358795,108.358795,0.0,1.0
1988-06-23,108.358795,108.358795,108.358795,108.358795,0.0,0.0
1988-06-24,108.358795,108.358795,108.358795,108.358795,0.0,0.0
1988-06-27,108.358795,108.358795,108.358795,108.358795,0.0,0.0
1988-06-28,108.358795,108.358795,108.358795,108.358795,0.0,0.0
1988-06-29,108.358795,108.358795,108.358795,108.358795,0.0,0.0
1988-06-30,108.358795,108.358795,108.358795,108.358795,0.0,0.0
1988-07-01,108.358795,108.358795,108.358795,108.358795,0.0,0.0
1988-07-04,108.358795,108.358795,108.358795,108.358795,0.0,0.0
1988-07-05,108.358795,108.358795,108.358795,108.358795,0.0,0.0
1988-07-06,108.358795,108.358795,108.358795,108.358795,0.0,0.0
1988-07-07,108.358795,108.358795,108.358795,108.358795,0.0,0.0
1988-07-08,108.358795,108.358795,108.358795,108.358795,0.0,0.0
1988-07-11,107.4405,107.4405,107.4405,107.4405,0.0,1.0
1988-07-12,105.60391,105.60391,105.60391,105.60391,0.0,1.0
1988-07-13,107.4405,107.4405,107.4405,107.4405,0.0,1.0
1988-07-14,107.4405,107.4405,107.4405,107.4405,0.0,0.0
1988-07-15,107.4405,107.4405,107.4405,107.4405,0.0,0.0
1988-07-18,107.4405,107.4405,107.4405,107.4405,0.0,0.0
1988-07-19,105.60391,105.60391,105.60391,105.60391,0.0,1.0
1988-07-20,105.60391,105.60391,105.60391,105.60391,0.0,0.0
1988-07-21,105.60391,105.60391,105.60391,105.60391,0.0,0.0
1988-07-22,107.4405,107.4405,107.4405,107.4405,0.0,1.0
1988-07-25,105.60391,105.60391,105.60391,105.60391,0.0,1.0
1988-07-26,107.4405,107.4405,107.4405,107.4405,0.0,1.0
1988-07-27,107.4405,107.4405,107.4405,107.4405,0.0,0.0
1988-07-28,107.4405,107.4405,107.4405,107.4405,0.0,0.0
1988-07-29,105.60391,105.60391,105.60391,105.60391,0.0,1.0
1988-08-01,105.60391,105.60391,105.60391,105.60391,0.0,0.0
1988-08-02,107.4405,107.4405,107.4405,107.4405,0.0,1.0
1988-08-03,107.4405,107.4405,107.4405,107.4405,0.0,0.0
1988-08-04,107.4405,107.4405,107.4405,107.4405,0.0,0.0
1988-08-05,107.4405,107.4405,107.4405,107.4405,0.0,0.0
1988-08-08,114.786859,114.786859,114.786859,114.786859,0.0,1.0
1988-08-09,114.786859,114.786859,114.786859,114.786859,0.0,0.0
1988-08-10,112.031974,112.031974,112.031974,112.031974,0.0,1.0
1988-08-11,110.195384,110.195384,110.195384,110.195384,0.0,1.0
1988-08-12,110.195384,110.195384,110.195384,110.195384,0.0,0.0
1988-08-15,110.195384,110.195384,110.195384,110.195384,0.0,0.0
1988-08-16,110.195384,110.195384,110.195384,110.195384,0.0,0.0
1988-08-17,110.195384,110.195384,110.195384,110.195384,0.0,0.0
1988-08-18,110.195384,110.195384,110.195384,110.195384,0.0,0.0
1988-08-19,110.195384,110.195384,110.195384,110.195384,0.0,0.0
1988-08-22,110.195384,110.195384,110.195384,110.195384,0.0,0.0
1988-08-23,110.195384,110.195384,110.195384,110.195384,0.0,0.0
1988-08-24,110.195384,110.195384,110.195384,110.195384,0.0,0.0
1988-08-25,110.195384,110.195384,110.195384,110.195384,0.0,0.0
1988-08-26,112.031974,112.031974,112.031974,112.031974,0.0,1.0
1988-08-29,112.031974,112.031974,112.031974,112.031974,0.0,0.0
1988-08-30,102.849025,102.849025,102.849025,102.849025,0.0,1.0
1988-08-31,103.76732,103.76732,103.76732,103.76732,0.0,1.0
1988-09-01,102.849025,102.849025,102.849025,102.849025,0.0,1.0
1988-09-02,102.849025,102.849025,102.849025,102.849025,0.0,0.0
1988-09-05,101.012436,101.012436,101.012436,101.012436,0.0,1.0
1988-09-06,102.849025,102.849025,102.849025,102.849025,0.0,1.0
1988-09-07,101.012436,101.012436,101.012436,101.012436,0.0,1.0
1988-09-08,101.012436,101.012436,101.012436,101.012436,0.0,0.0
1988-09-09,101.012436,101.012436,101.012436,101.012436,0.0,0.0
1988-09-12,101.012436,101.012436,101.012436,101.012436,0.0,0.0
1988-09-13,101.012436,101.012436,101.012436,101.012436,0.0,0.0
1988-09-14,101.012436,101.012436,101.012436,101.012436,0.0,0.0
1988-09-15,101.012436,101.012436,101.012436,101.012436,0.0,0.0
1988-09-16,101.012436,101.012436,101.012436,101.012436,0.0,0.0
1988-09-19,101.012436,101.012436,101.012436,101.012436,0.0,0.0
1988-09-20,101.012436,101.012436,101.012436,101.012436,0.0,0.0
1988-09-21,101.012436,101.012436,101.012436,101.012436,0.0,0.0
1988-09-22,101.012436,101.012436,101.012436,101.012436,0.0,0.0
1988-09-23,101.012436,101.012436,101.012436,101.012436,0.0,0.0
1988-09-26,101.012436,101.012436,101.012436,101.012436,0.0,0.0
1988-09-27,101.012436,101.012436,101.012436,101.012436,0.0,0.0
1988-09-28,101.012436,101.012436,101.012436,101.012436,0.0,0.0
1988-09-29,101.012436,101.012436,101.012436,101.012436,0.0,0.0
1988-09-30,101.012436,101.012436,101.012436,101.012436,0.0,0.0
1988-10-03,101.012436,101.012436,101.012436,101.012436,0.0,0.0
1988-10-04,101.012436,101.012436,101.012436,101.012436,0.0,0.0
1988-10-05,101.012436,101.012436,101.012436,101.012436,0.0,0.0
1988-10-06,101.012436,101.012436,101.012436,101.012436,0.0,0.0
1988-10-07,101.012436,101.012436,101.012436,101.012436,0.0,0.0
1988-10-10,101.012436,101.012436,101.012436,101.012436,0.0,0.0
1988-10-11,101.012436,101.012436,101.012436,101.012436,0.0,0.0
1988-10-12,101.012436,101.012436,101.012436,101.012436,0.0,0.0
1988-10-13,101.012436,101.012436,101.012436,101.012436,0.0,0.0
1988-10-14,101.012436,101.012436,101.012436,101.012436,0.0,0.0
1988-10-17,101.012436,101.012436,101.012436,101.012436,0.0,0.0
1988-10-18,101.012436,101.012436,101.012436,101.012436,0.0,0.0
1988-10-19,101.012436,101.012436,101.012436,101.012436,0.0,0.0
1988-10-20,101.012436,101.012436,101.012436,101.012436,0.0,0.0
1988-10-21,102.849025,102.849025,102.849025,102.849025,0.0,1.0
1988-10-24,102.849025,102.849025,102.849025,102.849025,0.0,0.0
1988-10-25,103.76732,103.76732,103.76732,103.76732,0.0,1.0
1988-10-26,103.76732,103.76732,103.76732,103.76732,0.0,0.0
1988-10-27,103.76732,103.76732,103.76732,103.76732,0.0,0.0
1988-10-28,103.76732,103.76732,103.76732,103.76732,0.0,0.0
1988-10-31,103.76732,103.76732,103.76732,103.76732,0.0,0.0
1988-11-01,103.76732,103.76732,103.76732,103.76732,0.0,0.0
1988-11-02,103.76732,103.76732,103.76732,103.76732,0.0,0.0
1988-11-03,103.76732,103.76732,103.76732,103.76732,0.0,0.0
1988-11-04,103.76732,103.76732,103.76732,103.76732,0.0,0.0
1988-11-07,103.76732,103.76732,103.76732,103.76732,0.0,0.0
1988-11-08,101.012436,101.012436,101.012436,101.012436,0.0,1.0
1988-11-09,103.76732,103.76732,103.76732,103.76732,0.0,1.0
1988-11-10,103.76732,103.76732,103.76732,103.76732,0.0,0.0
1988-11-11,103.76732,103.76732,103.76732,103.76732,0.0,0.0
1988-11-14,99.175846,99.175846,99.175846,99.175846,0.0,1.0
1988-11-15,96.420961,96.420961,96.420961,96.420961,0.0,1.0
1988-11-16,97.339256,97.339256,97.339256,97.339256,0.0,1.0
1988-11-17,97.339256,97.339256,97.339256,97.339256,0.0,0.0
1988-11-18,103.76732,103.76732,103.76732,103.76732,0.0,1.0
1988-11-21,101.012436,101.012436,101.012436,101.012436,0.0,1.0
1988-11-22,101.012436,101.012436,101.012436,101.012436,0.0,0.0
1988-11-23,101.012436,101.012436,101.012436,101.012436,0.0,0.0
1988-11-24,101.012436,101.012436,101.012436,101.012436,0.0,0.0
1988-11-25,103.76732,103.76732,103.76732,103.76732,0.0,1.0
1988-11-28,102.849025,102.849025,102.849025,102.849025,0.0,1.0
1988-11-29,102.849025,102.849025,102.849025,102.849025,0.0,0.0
1988-11-30,102.849025,102.849025,102.849025,102.849025,0.0,0.0
1988-12-01,102.849025,102.849025,102.849025,102.849025,0.0,0.0
1988-12-02,102.849025,102.849025,102.849025,102.849025,0.0,0.0
1988-12-05,102.849025,102.849025,102.849025,102.849025,0.0,0.0
1988-12-06,102.849025,102.849025,102.849025,102.849025,0.0,0.0
1988-12-07,102.849025,102.849025,102.849025,102.849025,0.0,0.0
1988-12-08,102.849025,102.849025,102.849025,102.849025,0.0,0.0
1988-12-09,102.849025,102.849025,102.849025,102.849025,0.0,0.0
1988-12-12,101.012436,101.012436,101.012436,101.012436,0.0,1.0
1988-12-13,101.012436,101.012436,101.012436,101.012436,0.0,0.0
1988-12-14,101.012436,101.012436,101.012436,101.012436,0.0,0.0
1988-12-15,101.012436,101.012436,101.012436,101.012436,0.0,0.0
1988-12-16,101.012436,101.012436,101.012436,101.012436,0.0,0.0
1988-12-19,101.012436,101.012436,101.012436,101.012436,0.0,0.0
1988-12-20,101.012436,101.012436,101.012436,101.012436,0.0,0.0
1988-12-21,101.012436,101.012436,101.012436,101.012436,0.0,0.0
1988-12-22,101.012436,101.012436,101.012436,101.012436,0.0,0.0
1988-12-23,101.012436,101.012436,101.012436,101.012436,0.0,0.0
1988-12-26,101.012436,101.012436,101.012436,101.012436,0.0,0.0
1988-12-27,101.012436,101.012436,101.012436,101.012436,0.0,0.0
1988-12-28,101.012436,101.012436,101.012436,101.012436,0.0,0.0
1988-12-29,101.012436,101.012436,101.012436,101.012436,0.0,0.0
1988-12-30,101.012436,101.012436,101.012436,101.012436,0.0,0.0
1989-01-02,101.012436,101.012436,101.012436,101.012436,0.0,0.0
1989-01-03,101.012436,101.012436,101.012436,101.012436,0.0,0.0
1989-01-04,101.012436,101.012436,101.012436,101.012436,0.0,0.0
1989-01-05,101.012436,101.012436,101.012436,101.012436,0.0,0.0
1989-01-06,101.012436,101.012436,101.012436,101.012436,0.0,0.0
1989-01-09,101.012436,101.012436,101.012436,101.012436,0.0,0.0
1989-01-10,101.012436,101.012436,101.012436,101.012436,0.0,0.0
1989-01-11,101.012436,101.012436,101.012436,101.012436,0.0,0.0
1989-01-12,101.012436,101.012436,101.012436,101.012436,0.0,0.0
1989-01-13,96.420961,96.420961,96.420961,96.420961,0.0,1.0
1989-01-16,96.420961,96.420961,96.420961,96.420961,0.0,0.0
1989-01-17,96.420961,96.420961,96.420961,96.420961,0.0,0.0
1989-01-18,96.420961,96.420961,96.420961,96.420961,0.0,0.0
1989-01-19,96.420961,96.420961,96.420961,96.420961,0.0,0.0
1989-01-20,96.420961,96.420961,96.420961,96.420961,0.0,0.0
1989-01-23,91.829487,91.829487,91.829487,91.829487,0.0,1.0
1989-01-24,96.420961,96.420961,96.420961,96.420961,0.0,1.0
1989-01-25,96.420961,96.420961,96.420961,96.420961,0.0,0.0
1989-01-26,91.829487,91.829487,91.829487,91.829487,0.0,1.0
1989-01-27,96.420961,96.420961,96.420961,96.420961,0.0,1.0
1989-01-30,96.420961,96.420961,96.420961,96.420961,0.0,0.0
1989-01-31,91.829487,91.829487,91.829487,91.829487,0.0,1.0
1989-02-01,91.829487,91.829487,91.829487,91.829487,0.0,0.0
1989-02-02,91.829487,91.829487,91.829487,91.829487,0.0,0.0
1989-02-03,91.829487,91.829487,91.829487,91.829487,0.0,0.0
1989-02-06,91.829487,91.829487,91.829487,91.829487,0.0,0.0
1989-02-07,96.420961,96.420961,96.420961,96.420961,0.0,1.0
1989-02-08,91.829487,91.829487,91.829487,91.829487,0.0,1.0
1989-02-09,91.829487,91.829487,91.829487,91.829487,0.0,0.0
1989-02-10,91.829487,91.829487,91.829487,91.829487,0.0,0.0
1989-02-13,91.829487,91.829487,91.829487,91.829487,0.0,0.0
1989-02-14,92.747782,92.747782,92.747782,92.747782,0.0,1.0
1989-02-15,92.747782,92.747782,92.747782,92.747782,0.0,0.0
1989-02-16,92.747782,92.747782,92.747782,92.747782,0.0,0.0
1989-02-17,91.829487,91.829487,91.829487,91.829487,0.0,1.0
1989-02-20,91.829487,91.829487,91.829487,91.829487,0.0,0.0
1989-02-21,91.829487,91.829487,91.829487,91.829487,0.0,0.0
1989-02-22,92.747782,92.747782,92.747782,92.747782,0.0,1.0
1989-02-23,92.747782,92.747782,92.747782,92.747782,0.0,0.0
1989-02-24,91.829487,91.829487,91.829487,91.829487,0.0,1.0
1989-02-27,91.829487,91.829487,91.829487,91.829487,0.0,0.0
1989-02-28,92.747782,92.747782,92.747782,92.747782,0.0,1.0
1989-03-01,92.747782,92.747782,92.747782,92.747782,0.0,0.0
1989-03-02,92.747782,92.747782,92.747782,92.747782,0.0,0.0
1989-03-03,91.829487,91.829487,91.829487,91.829487,0.0,1.0
1989-03-06,92.747782,92.747782,92.747782,92.747782,0.0,1.0
1989-03-07,92.747782,92.747782,92.747782,92.747782,0.0,0.0
1989-03-08,91.829487,91.829487,91.829487,91.829487,0.0,1.0
1989-03-09,92.747782,92.747782,92.747782,92.747782,0.0,1.0
1989-03-10,92.747782,92.747782,92.747782,92.747782,0.0,0.0
1989-03-13,96.420961,96.420961,96.420961,96.420961,0.0,1.0
1989-03-14,101.012436,101.012436,101.012436,101.012436,0.0,1.0
1989-03-15,101.012436,101.012436,101.012436,101.012436,0.0,0.0
1989-03-16,101.012436,101.012436,101.012436,101.012436,0.0,0.0
1989-03-17,101.012436,101.012436,101.012436,101.012436,0.0,0.0
1989-03-20,101.012436,101.012436,101.012436,101.012436,0.0,0.0
1989-03-21,101.012436,101.012436,101.012436,101.012436,0.0,0.0
1989-03-22,101.012436,101.012436,101.012436,101.012436,0.0,0.0
1989-03-23,101.012436,101.012436,101.012436,101.012436,0.0,0.0
1989-03-24,101.012436,101.012436,101.012436,101.012436,0.0,0.0
1989-03-27,101.012436,101.012436,101.012436,101.012436,0.0,0.0
1989-03-28,101.012436,101.012436,101.012436,101.012436,0.0,0.0
1989-03-29,101.012436,101.012436,101.012436,101.012436,0.0,0.0
1989-03-30,101.012436,101.012436,101.012436,101.012436,0.0,0.0
1989-03-31,101.012436,101.012436,101.012436,101.012436,0.0,0.0
1989-04-03,101.012436,101.012436,101.012436,101.012436,0.0,0.0
1989-04-04,101.012436,101.012436,101.012436,101.012436,0.0,0.0
1989-04-05,101.012436,101.012436,101.012436,101.012436,0.0,0.0
1989-04-06,101.012436,101.012436,101.012436,101.012436,0.0,0.0
1989-04-07,101.012436,101.012436,101.012436,101.012436,0.0,0.0
1989-04-10,101.012436,101.012436,101.012436,101.012436,0.0,0.0
1989-04-11,101.012436,101.012436,101.012436,101.012436,0.0,0.0
1989-04-12,101.012436,101.012436,101.012436,101.012436,0.0,0.0
1989-04-13,101.012436,101.012436,101.012436,101.012436,0.0,0.0
1989-04-14,101.012436,101.012436,101.012436,101.012436,0.0,0.0
1989-04-17,101.012436,101.012436,101.012436,101.012436,0.0,0.0
1989-04-18,101.012436,101.012436,101.012436,101.012436,0.0,0.0
1989-04-19,101.012436,101.012436,101.012436,101.012436,0.0,0.0
1989-04-20,101.012436,101.012436,101.012436,101.012436,0.0,0.0
1989-04-21,101.012436,101.012436,101.012436,101.012436,0.0,0.0
1989-04-24,101.012436,101.012436,101.012436,101.012436,0.0,0.0
1989-04-25,101.012436,101.012436,101.012436,101.012436,0.0,0.0
1989-04-26,101.012436,101.012436,101.012436,101.012436,0.0,0.0
1989-04-27,101.012436,101.012436,101.012436,101.012436,0.0,0.0
1989-04-28,101.012436,101.012436,101.012436,101.012436,0.0,0.0
1989-05-01,101.012436,101.012436,101.012436,101.012436,0.0,0.0
1989-05-02,101.012436,101.012436,101.012436,101.012436,0.0,0.0
1989-05-03,101.012436,101.012436,101.012436,101.012436,0.0,0.0
1989-05-04,98.257551,98.257551,98.257551,98.257551,0.0,1.0
1989-05-05,91.829487,91.829487,91.829487,91.829487,0.0,1.0
1989-05-08,91.829487,91.829487,91.829487,91.829487,0.0,0.0
1989-05-09,91.829487,91.829487,91.829487,91.829487,0.0,0.0
1989-05-10,91.829487,91.829487,91.829487,91.829487,0.0,0.0
1989-05-11,91.829487,91.829487,91.829487,91.829487,0.0,0.0
1989-05-12,91.829487,91.829487,91.829487,91.829487,0.0,0.0
1989-05-15,91.829487,91.829487,91.829487,91.829487,0.0,0.0
1989-05-16,91.829487,91.829487,91.829487,91.829487,0.0,0.0
1989-05-17,91.829487,91.829487,91.829487,91.829487,0.0,0.0
1989-05-18,91.829487,91.829487,91.829487,91.829487,0.0,0.0
1989-05-19,91.829487,91.829487,91.829487,91.829487,0.0,0.0
1989-05-22,89.992897,89.992897,89.992897,89.992897,0.0,1.0
1989-05-23,89.992897,89.992897,89.992897,89.992897,0.0,0.0
1989-05-24,89.992897,89.992897,89.992897,89.992897,0.0,0.0
1989-05-25,89.992897,89.992897,89.992897,89.992897,0.0,0.0
1989-05-26,89.992897,89.992897,89.992897,89.992897,0.0,0.0
1989-05-29,89.992897,89.992897,89.992897,89.992897,0.0,0.0
1989-05-30,89.992897,89.992897,89.992897,89.992897,0.0,0.0
1989-05-31,89.992897,89.992897,89.992897,89.992897,0.0,0.0
1989-06-01,89.992897,89.992897,89.992897,89.992897,0.0,0.0
1989-06-02,89.992897,89.992897,89.992897,89.992897,0.0,0.0
1989-06-05,89.992897,89.992897,89.992897,89.992897,0.0,0.0
1989-06-06,89.992897,89.992897,89.992897,89.992897,0.0,0.0
1989-06-07,89.992897,89.992897,89.992897,89.992897,0.0,0.0
1989-06-08,89.992897,89.992897,89.992897,89.992897,0.0,0.0
1989-06-09,87.238013,87.238013,87.238013,87.238013,0.0,1.0
1989-06-12,87.238013,87.238013,87.238013,87.238013,0.0,0.0
1989-06-13,87.238013,87.238013,87.238013,87.238013,0.0,0.0
1989-06-14,87.238013,87.238013,87.238013,87.238013,0.0,0.0
1989-06-15,87.238013,87.238013,87.238013,87.238013,0.0,0.0
1989-06-16,87.238013,87.238013,87.238013,87.238013,0.0,0.0
1989-06-19,87.238013,87.238013,87.238013,87.238013,0.0,0.0
1989-06-20,87.238013,87.238013,87.238013,87.238013,0.0,0.0
1989-06-21,87.238013,87.238013,87.238013,87.238013,0.0,0.0
1989-06-22,87.238013,87.238013,87.238013,87.238013,0.0,0.0
1989-06-23,87.238013,87.238013,87.238013,87.238013,0.0,0.0
1989-06-26,87.238013,87.238013,87.238013,87.238013,0.0,0.0
1989-06-27,87.238013,87.238013,87.238013,87.238013,0.0,0.0
1989-06-28,87.238013,87.238013,87.238013,87.238013,0.0,0.0
1989-06-29,87.238013,87.238013,87.238013,87.238013,0.0,0.0
1989-06-30,87.238013,87.238013,87.238013,87.238013,0.0,0.0
1989-07-03,87.238013,87.238013,87.238013,87.238013,0.0,0.0
1989-07-04,85.401423,85.401423,85.401423,85.401423,0.0,1.0
1989-07-05,85.401423,85.401423,85.401423,85.401423,0.0,0.0
1989-07-06,85.401423,85.401423,85.401423,85.401423,0.0,0.0
1989-07-07,85.401423,85.401423,85.401423,85.401423,0.0,0.0
1989-07-10,85.401423,85.401423,85.401423,85.401423,0.0,0.0
1989-07-11,85.401423,85.401423,85.401423,85.401423,0.0,0.0
1989-07-12,85.401423,85.401423,85.401423,85.401423,0.0,0.0
1989-07-13,85.401423,85.401423,85.401423,85.401423,0.0,0.0
1989-07-14,80.809949,80.809949,80.809949,80.809949,0.0,1.0
1989-07-17,78.055064,78.055064,78.055064,78.055064,0.0,1.0
1989-07-18,78.055064,78.055064,78.055064,78.055064,0.0,0.0
1989-07-19,78.055064,78.055064,78.055064,78.055064,0.0,0.0
1989-07-20,78.055064,78.055064,78.055064,78.055064,0.0,0.0
1989-07-21,78.055064,78.055064,78.055064,78.055064,0.0,0.0
1989-07-24,78.055064,78.055064,78.055064,78.055064,0.0,0.0
1989-07-25,78.055064,78.055064,78.055064,78.055064,0.0,0.0
1989-07-26,78.055064,78.055064,78.055064,78.055064,0.0,0.0
1989-07-27,78.055064,78.055064,78.055064,78.055064,0.0,0.0
1989-07-28,78.055064,78.055064,78.055064,78.055064,0.0,0.0
1989-07-31,78.055064,78.055064,78.055064,78.055064,0.0,0.0
1989-08-01,78.055064,78.055064,78.055064,78.055064,0.0,0.0
1989-08-02,78.055064,78.055064,78.055064,78.055064,0.0,0.0
1989-08-03,78.055064,78.055064,78.055064,78.055064,0.0,0.0
1989-08-04,78.055064,78.055064,78.055064,78.055064,0.0,0.0
1989-08-07,78.055064,78.055064,78.055064,78.055064,0.0,0.0
1989-08-08,78.055064,78.055064,78.055064,78.055064,0.0,0.0
1989-08-09,78.055064,78.055064,78.055064,78.055064,0.0,0.0
1989-08-10,78.055064,78.055064,78.055064,78.055064,0.0,0.0
1989-08-11,78.055064,78.055064,78.055064,78.055064,0.0,0.0
1989-08-14,78.055064,78.055064,78.055064,78.055064,0.0,0.0
1989-08-15,78.055064,78.055064,78.055064,78.055064,0.0,0.0
1989-08-16,78.055064,78.055064,78.055064,78.055064,0.0,0.0
1989-08-17,75.300179,75.300179,75.300179,75.300179,0.0,1.0
1989-08-18,78.055064,78.055064,78.055064,78.055064,0.0,1.0
1989-08-21,75.300179,75.300179,75.300179,75.300179,0.0,1.0
1989-08-22,73.46359,73.46359,73.46359,73.46359,0.0,1.0
1989-08-23,75.300179,75.300179,75.300179,75.300179,0.0,1.0
1989-08-24,73.46359,73.46359,73.46359,73.46359,0.0,1.0
1989-08-25,73.46359,73.46359,73.46359,73.46359,0.0,0.0
1989-08-28,73.46359,73.46359,73.46359,73.46359,0.0,0.0
1989-08-29,73.46359,73.46359,73.46359,73.46359,0.0,0.0
1989-08-30,73.46359,73.46359,73.46359,73.46359,0.0,0.0
1989-08-31,73.46359,73.46359,73.46359,73.46359,0.0,0.0
1989-09-01,73.46359,73.46359,73.46359,73.46359,0.0,0.0
1989-09-04,73.46359,73.46359,73.46359,73.46359,0.0,0.0
1989-09-05,73.46359,73.46359,73.46359,73.46359,0.0,0.0
1989-09-06,73.46359,73.46359,73.46359,73.46359,0.0,0.0
1989-09-07,73.46359,73.46359,73.46359,73.46359,0.0,0.0
1989-09-08,73.46359,73.46359,73.46359,73.46359,0.0,0.0
1989-09-11,73.46359,73.46359,73.46359,73.46359,0.0,0.0
1989-09-12,73.46359,73.46359,73.46359,73.46359,0.0,0.0
1989-09-13,73.46359,73.46359,73.46359,73.46359,0.0,0.0
1989-09-14,73.46359,73.46359,73.46359,73.46359,0.0,0.0
1989-09-15,73.46359,73.46359,73.46359,73.46359,0.0,0.0
1989-09-18,73.46359,73.46359,73.46359,73.46359,0.0,0.0
1989-09-19,73.46359,73.46359,73.46359,73.46359,0.0,0.0
1989-09-20,73.46359,73.46359,73.46359,73.46359,0.0,0.0
1989-09-21,73.46359,73.46359,73.46359,73.46359,0.0,0.0
1989-09-22,73.46359,73.46359,73.46359,73.46359,0.0,0.0
1989-09-25,68.872115,68.872115,68.872115,68.872115,0.0,1.0
1989-09-26,68.872115,68.872115,68.872115,68.872115,0.0,0.0
1989-09-27,68.872115,68.872115,68.872115,68.872115,0.0,0.0
1989-09-28,68.872115,68.872115,68.872115,68.872115,0.0,0.0
1989-09-29,68.872115,68.872115,68.872115,68.872115,0.0,0.0
1989-10-02,68.872115,68.872115,68.872115,68.872115,0.0,0.0
1989-10-03,68.872115,68.872115,68.872115,68.872115,0.0,0.0
1989-10-04,68.872115,68.872115,68.872115,68.872115,0.0,0.0
1989-10-05,68.872115,68.872115,68.872115,68.872115,0.0,0.0
1989-10-06,68.872115,68.872115,68.872115,68.872115,0.0,0.0
1989-10-09,68.872115,68.872115,68.872115,68.872115,0.0,0.0
1989-10-10,68.872115,68.872115,68.872115,68.872115,0.0,0.0
1989-10-11,68.872115,68.872115,68.872115,68.872115,0.0,0.0
1989-10-12,68.872115,68.872115,68.872115,68.872115,0.0,0.0
1989-10-13,68.872115,68.872115,68.872115,68.872115,0.0,0.0
1989-10-16,55.097692,55.097692,55.097692,55.097692,0.0,1.0
1989-10-17,59.689167,59.689167,59.689167,59.689167,0.0,1.0
1989-10-18,59.689167,59.689167,59.689167,59.689167,0.0,0.0
1989-10-19,59.689167,59.689167,59.689167,59.689167,0.0,0.0
1989-10-20,59.689167,59.689167,59.689167,59.689167,0.0,0.0
1989-10-23,59.689167,59.689167,59.689167,59.689167,0.0,0.0
1989-10-24,59.689167,59.689167,59.689167,59.689167,0.0,0.0
1989-10-25,59.689167,59.689167,59.689167,59.689167,0.0,0.0
1989-10-26,59.689167,59.689167,59.689167,59.689167,0.0,0.0
1989-10-27,59.689167,59.689167,59.689167,59.689167,0.0,0.0
1989-10-30,59.689167,59.689167,59.689167,59.689167,0.0,0.0
1989-10-31,59.689167,59.689167,59.689167,59.689167,0.0,0.0
1989-11-01,59.689167,59.689167,59.689167,59.689167,0.0,0.0
1989-11-02,59.689167,59.689167,59.689167,59.689167,0.0,0.0
1989-11-03,59.689167,59.689167,59.689167,59.689167,0.0,0.0
1989-11-06,59.689167,59.689167,59.689167,59.689167,0.0,0.0
1989-11-07,59.689167,59.689167,59.689167,59.689167,0.0,0.0
1989-11-08,59.689167,59.689167,59.689167,59.689167,0.0,0.0
1989-11-09,59.689167,59.689167,59.689167,59.689167,0.0,0.0
1989-11-10,59.689167,59.689167,59.689167,59.689167,0.0,0.0
1989-11-13,59.689167,59.689167,59.689167,59.689167,0.0,0.0
1989-11-14,59.689167,59.689167,59.689167,59.689167,0.0,0.0
1989-11-15,59.689167,59.689167,59.689167,59.689167,0.0,0.0
1989-11-16,59.689167,59.689167,59.689167,59.689167,0.0,0.0
1989-11-17,59.689167,59.689167,59.689167,59.689167,0.0,0.0
1989-11-20,59.689167,59.689167,59.689167,59.689167,0.0,0.0
1989-11-21,59.689167,59.689167,59.689167,59.689167,0.0,0.0
1989-11-22,59.689167,59.689167,59.689167,59.689167,0.0,0.0
1989-11-23,59.689167,59.689167,59.689167,59.689167,0.0,0.0
1989-11-24,59.689167,59.689167,59.689167,59.689167,0.0,0.0
1989-11-27,59.689167,59.689167,59.689167,59.689167,0.0,0.0
1989-11-28,59.689167,59.689167,59.689167,59.689167,0.0,0.0
1989-11-29,55.097692,55.097692,55.097692,55.097692,0.0,1.0
1989-11-30,55.097692,55.097692,55.097692,55.097692,0.0,0.0
1989-12-01,55.097692,55.097692,55.097692,55.097692,0.0,0.0
1989-12-04,50.506218,50.506218,50.506218,50.506218,0.0,1.0
1989-12-05,50.506218,50.506218,50.506218,50.506218,0.0,0.0
1989-12-06,50.506218,50.506218,50.506218,50.506218,0.0,0.0
1989-12-07,50.506218,50.506218,50.506218,50.506218,0.0,0.0
1989-12-08,50.506218,50.506218,50.506218,50.506218,0.0,0.0
1989-12-11,50.506218,50.506218,50.506218,50.506218,0.0,0.0
1989-12-12,50.506218,50.506218,50.506218,50.506218,0.0,0.0
1989-12-13,50.506218,50.506218,50.506218,50.506218,0.0,0.0
1989-12-14,50.506218,50.506218,50.506218,50.506218,0.0,0.0
1989-12-15,50.506218,50.506218,50.506218,50.506218,0.0,0.0
1989-12-18,50.506218,50.506218,50.506218,50.506218,0.0,0.0
1989-12-19,50.506218,50.506218,50.506218,50.506218,0.0,0.0
1989-12-20,50.506218,50.506218,50.506218,50.506218,0.0,0.0
1989-12-21,50.506218,50.506218,50.506218,50.506218,0.0,0.0
1989-12-22,50.506218,50.506218,50.506218,50.506218,0.0,0.0
1989-12-25,50.506218,50.506218,50.506218,50.506218,0.0,0.0
1989-12-26,50.506218,50.506218,50.506218,50.506218,0.0,0.0
1989-12-27,50.506218,50.506218,50.506218,50.506218,0.0,0.0
1989-12-28,50.506218,50.506218,50.506218,50.506218,0.0,0.0
1989-12-29,50.506218,50.506218,50.506218,50.506218,0.0,0.0
1990-01-01,50.506218,50.506218,50.506218,50.506218,0.0,0.0
1990-01-02,50.506218,50.506218,50.506218,50.506218,0.0,0.0
1990-01-03,50.506218,50.506218,50.506218,50.506218,0.0,0.0
1990-01-04,50.506218,50.506218,50.506218,50.506218,0.0,0.0
1990-01-05,50.506218,50.506218,50.506218,50.506218,0.0,0.0
1990-01-08,50.506218,50.506218,50.506218,50.506218,0.0,0.0
1990-01-09,50.506218,50.506218,50.506218,50.506218,0.0,0.0
1990-01-10,50.506218,50.506218,50.506218,50.506218,0.0,0.0
1990-01-11,50.506218,50.506218,50.506218,50.506218,0.0,0.0
1990-01-12,50.506218,50.506218,50.506218,50.506218,0.0,0.0
1990-01-15,50.506218,50.506218,50.506218,50.506218,0.0,0.0
1990-01-16,50.506218,50.506218,50.506218,50.506218,0.0,0.0
1990-01-17,50.506218,50.506218,50.506218,50.506218,0.0,0.0
1990-01-18,50.506218,50.506218,50.506218,50.506218,0.0,0.0
1990-01-19,50.506218,50.506218,50.506218,50.506218,0.0,0.0
1990-01-22,50.506218,50.506218,50.506218,50.506218,0.0,0.0
1990-01-23,50.506218,50.506218,50.506218,50.506218,0.0,0.0
1990-01-24,50.506218,50.506218,50.506218,50.506218,0.0,0.0
1990-01-25,50.506218,50.506218,50.506218,50.506218,0.0,0.0
1990-01-26,50.506218,50.506218,50.506218,50.506218,0.0,0.0
1990-01-29,50.506218,50.506218,50.506218,50.506218,0.0,0.0
1990-01-30,50.506218,50.506218,50.506218,50.506218,0.0,0.0
1990-01-31,36.731795,36.731795,36.731795,36.731795,0.0,1.0
1990-02-01,32.14032,32.14032,32.14032,32.14032,0.0,1.0
1990-02-02,32.14032,32.14032,32.14032,32.14032,0.0,0.0
1990-02-05,34.895205,34.895205,34.895205,34.895205,0.0,1.0
1990-02-06,34.895205,34.895205,34.895205,34.895205,0.0,0.0
1990-02-07,36.731795,36.731795,36.731795,36.731795,0.0,1.0
1990-02-08,43.159859,43.159859,43.159859,43.159859,0.0,1.0
1990-02-09,48.669628,48.669628,48.669628,48.669628,0.0,1.0
1990-02-12,48.669628,48.669628,48.669628,48.669628,0.0,0.0
1990-02-13,48.669628,48.669628,48.669628,48.669628,0.0,0.0
1990-02-14,48.669628,48.669628,48.669628,48.669628,0.0,0.0
1990-02-15,50.506218,50.506218,50.506218,50.506218,0.0,1.0
1990-02-16,50.506218,50.506218,50.506218,50.506218,0.0,0.0
1990-02-19,50.506218,50.506218,50.506218,50.506218,0.0,0.0
1990-02-20,50.506218,50.506218,50.506218,50.506218,0.0,0.0
1990-02-21,50.506218,50.506218,50.506218,50.506218,0.0,0.0
1990-02-22,50.506218,50.506218,50.506218,50.506218,0.0,0.0
1990-02-23,50.506218,50.506218,50.506218,50.506218,0.0,0.0
1990-02-26,50.506218,50.506218,50.506218,50.506218,0.0,0.0
1990-02-27,50.506218,50.506218,50.506218,50.506218,0.0,0.0
1990-02-28,50.506218,50.506218,50.506218,50.506218,0.0,0.0
1990-03-01,45.914744,45.914744,45.914744,45.914744,0.0,1.0
1990-03-02,45.914744,45.914744,45.914744,45.914744,0.0,0.0
1990-03-05,45.914744,45.914744,45.914744,45.914744,0.0,0.0
1990-03-06,45.914744,45.914744,45.914744,45.914744,0.0,0.0
1990-03-07,45.914744,45.914744,45.914744,45.914744,0.0,0.0
1990-03-08,45.914744,45.914744,45.914744,45.914744,0.0,0.0
1990-03-09,45.914744,45.914744,45.914744,45.914744,0.0,0.0
1990-03-12,45.914744,45.914744,45.914744,45.914744,0.0,0.0
1990-03-13,45.914744,45.914744,45.914744,45.914744,0.0,0.0
1990-03-14,45.914744,45.914744,45.914744,45.914744,0.0,0.0
1990-03-15,45.914744,45.914744,45.914744,45.914744,0.0,0.0
1990-03-16,45.914744,45.914744,45.914744,45.914744,0.0,0.0
1990-03-19,45.914744,45.914744,45.914744,45.914744,0.0,0.0
1990-03-20,45.914744,45.914744,45.914744,45.914744,0.0,0.0
1990-03-21,45.914744,45.914744,45.914744,45.914744,0.0,0.0
1990-03-22,45.914744,45.914744,45.914744,45.914744,0.0,0.0
1990-03-23,45.914744,45.914744,45.914744,45.914744,0.0,0.0
1990-03-26,45.914744,45.914744,45.914744,45.914744,0.0,0.0
1990-03-27,45.914744,45.914744,45.914744,45.914744,0.0,0.0
1990-03-28,45.914744,45.914744,45.914744,45.914744,0.0,0.0
1990-03-29,45.914744,45.914744,45.914744,45.914744,0.0,0.0
1990-03-30,45.914744,45.914744,45.914744,45.914744,0.0,0.0
1990-04-02,43.159859,43.159859,43.159859,43.159859,0.0,1.0
1990-04-03,43.159859,43.159859,43.159859,43.159859,0.0,0.0
1990-04-04,43.159859,43.159859,43.159859,43.159859,0.0,0.0
1990-04-05,43.159859,43.159859,43.159859,43.159859,0.0,0.0
1990-04-06,43.159859,43.159859,43.159859,43.159859,0.0,0.0
1990-04-09,41.323269,41.323269,41.323269,41.323269,0.0,1.0
1990-04-10,38.568385,38.568385,38.568385,38.568385,0.0,1.0
1990-04-11,38.568385,38.568385,38.568385,38.568385,0.0,0.0
1990-04-12,38.568385,38.568385,38.568385,38.568385,0.0,0.0
1990-04-13,38.568385,38.568385,38.568385,38.568385,0.0,0.0
1990-04-16,38.568385,38.568385,38.568385,38.568385,0.0,0.0
1990-04-17,38.568385,38.568385,38.568385,38.568385,0.0,0.0
1990-04-18,38.568385,38.568385,38.568385,38.568385,0.0,0.0
1990-04-19,38.568385,38.568385,38.568385,38.568385,0.0,0.0
1990-04-20,38.568385,38.568385,38.568385,38.568385,0.0,0.0
1990-04-23,38.568385,38.568385,38.568385,38.568385,0.0,0.0
1990-04-24,38.568385,38.568385,38.568385,38.568385,0.0,0.0
1990-04-25,38.568385,38.568385,38.568385,38.568385,0.0,0.0
1990-04-26,38.568385,38.568385,38.568385,38.568385,0.0,0.0
1990-04-27,38.568385,38.568385,38.568385,38.568385,0.0,0.0
1990-04-30,38.568385,38.568385,38.568385,38.568385,0.0,0.0
1990-05-01,38.568385,38.568385,38.568385,38.568385,0.0,0.0
1990-05-02,38.568385,38.568385,38.568385,38.568385,0.0,0.0
1990-05-03,38.568385,38.568385,38.568385,38.568385,0.0,0.0
1990-05-04,38.568385,38.568385,38.568385,38.568385,0.0,0.0
1990-05-07,38.568385,38.568385,38.568385,38.568385,0.0,0.0
1990-05-08,38.568385,38.568385,38.568385,38.568385,0.0,0.0
1990-05-09,38.568385,38.568385,38.568385,38.568385,0.0,0.0
1990-05-10,36.731795,36.731795,36.731795,36.731795,0.0,1.0
1990-05-11,36.731795,36.731795,36.731795,36.731795,0.0,0.0
1990-05-14,35.8135,35.8135,35.8135,35.8135,0.0,1.0
1990-05-15,35.8135,35.8135,35.8135,35.8135,0.0,0.0
1990-05-16,35.8135,35.8135,35.8135,35.8135,0.0,0.0
1990-05-17,35.8135,35.8135,35.8135,35.8135,0.0,0.0
1990-05-18,35.8135,35.8135,35.8135,35.8135,0.0,0.0
1990-05-21,35.8135,35.8135,35.8135,35.8135,0.0,0.0
1990-05-22,35.8135,35.8135,35.8135,35.8135,0.0,0.0
1990-05-23,35.8135,35.8135,35.8135,35.8135,0.0,0.0
1990-05-24,35.8135,35.8135,35.8135,35.8135,0.0,0.0
1990-05-25,35.8135,35.8135,35.8135,35.8135,0.0,0.0
1990-05-28,35.8135,35.8135,35.8135,35.8135,0.0,0.0
1990-05-29,35.8135,35.8135,35.8135,35.8135,0.0,0.0
1990-05-30,35.8135,35.8135,35.8135,35.8135,0.0,0.0
1990-05-31,35.8135,35.8135,35.8135,35.8135,0.0,0.0
1990-06-01,35.8135,35.8135,35.8135,35.8135,0.0,0.0
1990-06-04,35.8135,35.8135,35.8135,35.8135,0.0,0.0
1990-06-05,35.8135,35.8135,35.8135,35.8135,0.0,0.0
1990-06-06,35.8135,35.8135,35.8135,35.8135,0.0,0.0
1990-06-07,35.8135,35.8135,35.8135,35.8135,0.0,0.0
1990-06-08,35.8135,35.8135,35.8135,35.8135,0.0,0.0
1990-06-11,35.8135,35.8135,35.8135,35.8135,0.0,0.0
1990-06-12,35.8135,35.8135,35.8135,35.8135,0.0,0.0
1990-06-13,35.8135,35.8135,35.8135,35.8135,0.0,0.0
1990-06-14,35.8135,35.8135,35.8135,35.8135,0.0,0.0
1990-06-15,35.8135,35.8135,35.8135,35.8135,0.0,0.0
1990-06-18,35.8135,35.8135,35.8135,35.8135,0.0,0.0
1990-06-19,35.8135,35.8135,35.8135,35.8135,0.0,0.0
1990-06-20,35.8135,35.8135,35.8135,35.8135,0.0,0.0
1990-06-21,35.8135,35.8135,35.8135,35.8135,0.0,0.0
1990-06-22,35.8135,35.8135,35.8135,35.8135,0.0,0.0
1990-06-25,35.8135,35.8135,35.8135,35.8135,0.0,0.0
1990-06-26,33.97691,33.97691,33.97691,33.97691,0.0,1.0
1990-06-27,33.97691,33.97691,33.97691,33.97691,0.0,0.0
1990-06-28,31.222026,31.222026,31.222026,31.222026,0.0,1.0
1990-06-29,31.222026,31.222026,31.222026,31.222026,0.0,0.0
1990-07-02,31.222026,31.222026,31.222026,31.222026,0.0,0.0
1990-07-03,31.222026,31.222026,31.222026,31.222026,0.0,0.0
1990-07-04,31.222026,31.222026,31.222026,31.222026,0.0,0.0
1990-07-05,31.222026,31.222026,31.222026,31.222026,0.0,0.0
1990-07-06,31.222026,31.222026,31.222026,31.222026,0.0,0.0
1990-07-09,31.222026,31.222026,31.222026,31.222026,0.0,0.0
1990-07-10,31.222026,31.222026,31.222026,31.222026,0.0,0.0
1990-07-11,31.222026,31.222026,31.222026,31.222026,0.0,0.0
1990-07-12,31.222026,31.222026,31.222026,31.222026,0.0,0.0
1990-07-13,31.222026,31.222026,31.222026,31.222026,0.0,0.0
1990-07-16,31.222026,31.222026,31.222026,31.222026,0.0,0.0
1990-07-17,31.222026,31.222026,31.222026,31.222026,0.0,0.0
1990-07-18,31.222026,31.222026,31.222026,31.222026,0.0,0.0
1990-07-19,31.222026,31.222026,31.222026,31.222026,0.0,0.0
1990-07-20,31.222026,24.793961,24.793961,31.222026,0.0,1.0
1990-07-23,24.793961,24.793961,24.793961,24.793961,0.0,0.0
1990-07-24,24.793961,24.793961,24.793961,24.793961,0.0,0.0
1990-07-25,24.793961,24.793961,24.793961,24.793961,0.0,0.0
1990-07-26,24.793961,24.793961,24.793961,24.793961,0.0,0.0
1990-07-27,24.793961,24.793961,24.793961,24.793961,0.0,0.0
1990-07-30,24.793961,24.793961,24.793961,24.793961,0.0,0.0
1990-07-31,24.793961,24.793961,24.793961,24.793961,0.0,0.0
1990-08-01,24.793961,24.793961,24.793961,24.793961,0.0,0.0
1990-08-02,24.793961,24.793961,24.793961,24.793961,0.0,0.0
1990-08-03,24.793961,24.793961,24.793961,24.793961,0.0,0.0
1990-08-06,26.630551,24.793961,26.630551,24.793961,0.0,1.0
1990-08-07,26.630551,26.630551,26.630551,26.630551,0.0,0.0
1990-08-08,26.630551,26.630551,26.630551,26.630551,0.0,0.0
1990-08-09,26.630551,26.630551,26.630551,26.630551,0.0,0.0
1990-08-10,26.630551,26.630551,26.630551,26.630551,0.0,0.0
1990-08-13,26.630551,26.630551,26.630551,26.630551,0.0,0.0
1990-08-14,26.630551,26.630551,26.630551,26.630551,0.0,0.0
1990-08-15,26.630551,26.630551,26.630551,26.630551,0.0,0.0
1990-08-16,26.630551,26.630551,26.630551,26.630551,0.0,0.0
1990-08-17,26.630551,26.630551,26.630551,26.630551,0.0,0.0
1990-08-20,26.630551,26.630551,26.630551,26.630551,0.0,0.0
1990-08-21,26.630551,26.630551,26.630551,26.630551,0.0,0.0
1990-08-22,26.630551,26.630551,26.630551,26.630551,0.0,0.0
1990-08-23,26.630551,26.630551,26.630551,26.630551,0.0,0.0
1990-08-24,26.630551,26.630551,26.630551,26.630551,0.0,0.0
1990-08-27,26.630551,26.630551,26.630551,26.630551,0.0,0.0
1990-08-28,26.630551,26.630551,26.630551,26.630551,0.0,0.0
1990-08-29,26.630551,26.630551,26.630551,26.630551,0.0,0.0
1990-08-30,26.630551,26.630551,26.630551,26.630551,0.0,0.0
1990-08-31,26.630551,26.630551,26.630551,26.630551,0.0,0.0
1990-09-03,26.630551,26.630551,26.630551,26.630551,0.0,0.0
1990-09-04,26.630551,26.630551,26.630551,26.630551,0.0,0.0
1990-09-05,26.630551,26.630551,26.630551,26.630551,0.0,0.0
1990-09-06,26.630551,26.630551,26.630551,26.630551,0.0,0.0
1990-09-07,26.630551,26.630551,26.630551,26.630551,0.0,0.0
1990-09-10,26.630551,26.630551,26.630551,26.630551,0.0,0.0
1990-09-11,26.630551,26.630551,26.630551,26.630551,0.0,0.0
1990-09-12,26.630551,26.630551,26.630551,26.630551,0.0,0.0
1990-09-13,26.630551,26.630551,26.630551,26.630551,0.0,0.0
1990-09-14,26.630551,26.630551,26.630551,26.630551,0.0,0.0
1990-09-17,26.630551,26.630551,26.630551,26.630551,0.0,0.0
1990-09-18,26.630551,26.630551,26.630551,26.630551,0.0,0.0
1990-09-19,26.630551,26.630551,26.630551,26.630551,0.0,0.0
1990-09-20,26.630551,26.630551,26.630551,26.630551,0.0,0.0
1990-09-21,26.630551,26.630551,26.630551,26.630551,0.0,0.0
1990-09-24,26.630551,26.630551,26.630551,26.630551,0.0,0.0
1990-09-25,26.630551,26.630551,26.630551,26.630551,0.0,0.0
1990-09-26,26.630551,26.630551,26.630551,26.630551,0.0,0.0
1990-09-27,26.630551,26.630551,26.630551,26.630551,0.0,0.0
1990-09-28,26.630551,26.630551,26.630551,26.630551,0.0,0.0
1990-10-01,26.630551,26.630551,26.630551,26.630551,0.0,0.0
1990-10-02,26.630551,26.630551,26.630551,26.630551,0.0,0.0
1990-10-03,26.630551,26.630551,26.630551,26.630551,0.0,0.0
1990-10-04,26.630551,26.630551,26.630551,26.630551,0.0,0.0
1990-10-05,26.630551,26.630551,26.630551,26.630551,0.0,0.0
1990-10-08,26.630551,26.630551,26.630551,26.630551,0.0,0.0
1990-10-09,26.630551,26.630551,26.630551,26.630551,0.0,0.0
1990-10-10,26.630551,26.630551,26.630551,26.630551,0.0,0.0
1990-10-11,26.630551,26.630551,26.630551,26.630551,0.0,0.0
1990-10-12,26.630551,26.630551,26.630551,26.630551,0.0,0.0
1990-10-15,26.630551,26.630551,26.630551,26.630551,0.0,0.0
1990-10-16,26.630551,26.630551,26.630551,26.630551,0.0,0.0
1990-10-17,26.630551,26.630551,26.630551,26.630551,0.0,0.0
1990-10-18,26.630551,26.630551,26.630551,26.630551,0.0,0.0
1990-10-19,26.630551,26.630551,26.630551,26.630551,0.0,0.0
1990-10-22,29.385436,26.630551,29.385436,26.630551,0.0,1.0
1990-10-23,29.385436,29.385436,29.385436,29.385436,0.0,0.0
1990-10-24,29.385436,29.385436,29.385436,29.385436,0.0,0.0
1990-10-25,29.385436,29.385436,29.385436,29.385436,0.0,0.0
1990-10-26,29.385436,29.385436,29.385436,29.385436,0.0,0.0
1990-10-29,29.385436,29.385436,29.385436,29.385436,0.0,0.0
1990-10-30,29.385436,29.385436,29.385436,29.385436,0.0,0.0
1990-10-31,29.385436,29.385436,29.385436,29.385436,0.0,0.0
1990-11-01,29.385436,29.385436,29.385436,29.385436,0.0,0.0
1990-11-02,29.385436,29.385436,29.385436,29.385436,0.0,0.0
1990-11-05,29.385436,29.385436,29.385436,29.385436,0.0,0.0
1990-11-06,29.385436,29.385436,29.385436,29.385436,0.0,0.0
1990-11-07,29.385436,29.385436,29.385436,29.385436,0.0,0.0
1990-11-08,29.385436,29.385436,29.385436,29.385436,0.0,0.0
1990-11-09,29.385436,29.385436,29.385436,29.385436,0.0,0.0
1990-11-12,29.385436,29.385436,29.385436,29.385436,0.0,0.0
1990-11-13,29.385436,29.385436,29.385436,29.385436,0.0,0.0
1990-11-14,29.385436,29.385436,29.385436,29.385436,0.0,0.0
1990-11-15,29.385436,29.385436,29.385436,29.385436,0.0,0.0
1990-11-16,29.385436,29.385436,29.385436,29.385436,0.0,0.0
1990-11-19,29.385436,29.385436,29.385436,29.385436,0.0,0.0
1990-11-20,29.385436,29.385436,29.385436,29.385436,0.0,0.0
1990-11-21,29.385436,29.385436,29.385436,29.385436,0.0,0.0
1990-11-22,29.385436,29.385436,29.385436,29.385436,0.0,0.0
1990-11-23,29.385436,29.385436,29.385436,29.385436,0.0,0.0
1990-11-26,29.385436,29.385436,29.385436,29.385436,0.0,0.0
1990-11-27,29.385436,29.385436,29.385436,29.385436,0.0,0.0
1990-11-28,29.385436,29.385436,29.385436,29.385436,0.0,0.0
1990-11-29,29.385436,29.385436,29.385436,29.385436,0.0,0.0
1990-11-30,29.385436,29.385436,29.385436,29.385436,0.0,0.0
1990-12-03,29.385436,29.385436,29.385436,29.385436,0.0,0.0
1990-12-04,29.385436,29.385436,29.385436,29.385436,0.0,0.0
1990-12-05,29.385436,29.385436,29.385436,29.385436,0.0,0.0
1990-12-06,29.385436,29.385436,29.385436,29.385436,0.0,0.0
1990-12-07,29.385436,29.385436,29.385436,29.385436,0.0,0.0
1990-12-10,29.385436,29.385436,29.385436,29.385436,0.0,0.0
1990-12-11,29.385436,29.385436,29.385436,29.385436,0.0,0.0
1990-12-12,29.385436,29.385436,29.385436,29.385436,0.0,0.0
1990-12-13,29.385436,29.385436,29.385436,29.385436,0.0,0.0
1990-12-14,29.385436,29.385436,29.385436,29.385436,0.0,0.0
1990-12-17,29.385436,29.385436,29.385436,29.385436,0.0,0.0
1990-12-18,29.385436,29.385436,29.385436,29.385436,0.0,0.0
1990-12-19,29.385436,29.385436,29.385436,29.385436,0.0,0.0
1990-12-20,29.385436,29.385436,29.385436,29.385436,0.0,0.0
1990-12-21,29.385436,29.385436,29.385436,29.385436,0.0,0.0
1990-12-24,29.385436,29.385436,29.385436,29.385436,0.0,0.0
1990-12-25,29.385436,29.385436,29.385436,29.385436,0.0,0.0
1990-12-26,29.385436,29.385436,29.385436,29.385436,0.0,0.0
1990-12-27,29.385436,29.385436,29.385436,29.385436,0.0,0.0
1990-12-28,29.385436,29.385436,29.385436,29.385436,0.0,0.0
1990-12-31,29.385436,29.385436,29.385436,29.385436,0.0,0.0
1991-01-01,29.385436,29.385436,29.385436,29.385436,0.0,0.0
1991-01-02,29.385436,29.385436,29.385436,29.385436,0.0,0.0
1991-01-03,29.385436,29.385436,29.385436,29.385436,0.0,0.0
1991-01-04,29.385436,29.385436,29.385436,29.385436,0.0,0.0
1991-01-07,29.385436,29.385436,29.385436,29.385436,0.0,0.0
1991-01-08,29.385436,29.385436,29.385436,29.385436,0.0,0.0
1991-01-09,29.385436,29.385436,29.385436,29.385436,0.0,0.0
1991-01-10,29.385436,29.385436,29.385436,29.385436,0.0,0.0
1991-01-11,29.385436,29.385436,29.385436,29.385436,0.0,0.0
1991-01-14,29.385436,29.385436,29.385436,29.385436,0.0,0.0
1991-01-15,29.385436,29.385436,29.385436,29.385436,0.0,0.0
1991-01-16,29.385436,29.385436,29.385436,29.385436,0.0,0.0
1991-01-17,29.385436,29.385436,29.385436,29.385436,0.0,0.0
1991-01-18,29.385436,29.385436,29.385436,29.385436,0.0,0.0
1991-01-21,29.385436,29.385436,29.385436,29.385436,0.0,0.0
1991-01-22,29.385436,29.385436,29.385436,29.385436,0.0,0.0
1991-01-23,29.385436,29.385436,29.385436,29.385436,0.0,0.0
1991-01-24,29.385436,29.385436,29.385436,29.385436,0.0,0.0
1991-01-25,29.385436,29.385436,29.385436,29.385436,0.0,0.0
1991-01-28,29.385436,29.385436,29.385436,29.385436,0.0,0.0
1991-01-29,29.385436,29.385436,29.385436,29.385436,0.0,0.0
1991-01-30,29.385436,29.385436,29.385436,29.385436,0.0,0.0
1991-01-31,29.385436,29.385436,29.385436,29.385436,0.0,0.0
1991-02-01,29.385436,29.385436,29.385436,29.385436,0.0,0.0
1991-02-04,29.385436,29.385436,29.385436,29.385436,0.0,0.0
1991-02-05,29.385436,29.385436,29.385436,29.385436,0.0,0.0
1991-02-06,29.385436,29.385436,29.385436,29.385436,0.0,0.0
1991-02-07,29.385436,29.385436,29.385436,29.385436,0.0,0.0
1991-02-08,29.385436,29.385436,29.385436,29.385436,0.0,0.0
1991-02-11,29.385436,29.385436,29.385436,29.385436,0.0,0.0
1991-02-12,29.385436,29.385436,29.385436,29.385436,0.0,0.0
1991-02-13,29.385436,29.385436,29.385436,29.385436,0.0,0.0
1991-02-14,29.385436,29.385436,29.385436,29.385436,0.0,0.0
1991-02-15,29.385436,29.385436,29.385436,29.385436,0.0,0.0
1991-02-18,29.385436,29.385436,29.385436,29.385436,0.0,0.0
1991-02-19,29.385436,29.385436,29.385436,29.385436,0.0,0.0
1991-02-20,29.385436,29.385436,29.385436,29.385436,0.0,0.0
1991-02-21,29.385436,29.385436,29.385436,29.385436,0.0,0.0
1991-02-22,29.385436,29.385436,29.385436,29.385436,0.0,0.0
1991-02-25,29.385436,29.385436,29.385436,29.385436,0.0,0.0
1991-02-26,29.385436,29.385436,29.385436,29.385436,0.0,0.0
1991-02-27,29.385436,29.385436,29.385436,29.385436,0.0,0.0
1991-02-28,29.385436,29.385436,29.385436,29.385436,0.0,0.0
1991-03-01,29.385436,29.385436,29.385436,29.385436,0.0,0.0
1991-03-04,29.385436,29.385436,29.385436,29.385436,0.0,0.0
1991-03-05,29.385436,29.385436,29.385436,29.385436,0.0,0.0
1991-03-06,29.385436,29.385436,29.385436,29.385436,0.0,0.0
1991-03-07,29.385436,29.385436,29.385436,29.385436,0.0,0.0
1991-03-08,29.385436,29.385436,29.385436,29.385436,0.0,0.0
1991-03-11,29.385436,29.385436,29.385436,29.385436,0.0,0.0
1991-03-12,29.385436,29.385436,29.385436,29.385436,0.0,0.0
1991-03-13,29.385436,29.385436,29.385436,29.385436,0.0,0.0
1991-03-14,29.385436,29.385436,29.385436,29.385436,0.0,0.0
1991-03-15,29.385436,29.385436,29.385436,29.385436,0.0,0.0
1991-03-18,29.385436,29.385436,29.385436,29.385436,0.0,0.0
1991-03-19,29.385436,29.385436,29.385436,29.385436,0.0,0.0
1991-03-20,29.385436,29.385436,29.385436,29.385436,0.0,0.0
1991-03-21,29.385436,29.385436,29.385436,29.385436,0.0,0.0
1991-03-22,29.385436,29.385436,29.385436,29.385436,0.0,0.0
1991-03-25,29.385436,29.385436,29.385436,29.385436,0.0,0.0
1991-03-26,29.385436,29.385436,29.385436,29.385436,0.0,0.0
1991-03-27,29.385436,29.385436,29.385436,29.385436,0.0,0.0
1991-03-28,29.385436,29.385436,29.385436,29.385436,0.0,0.0
1991-03-29,29.385436,29.385436,29.385436,29.385436,0.0,0.0
1991-04-01,29.385436,29.385436,29.385436,29.385436,0.0,0.0
1991-04-02,29.385436,29.385436,29.385436,29.385436,0.0,0.0
1991-04-03,29.385436,29.385436,29.385436,29.385436,0.0,0.0
1991-04-04,29.385436,29.385436,29.385436,29.385436,0.0,0.0
1991-04-05,29.385436,29.385436,29.385436,29.385436,0.0,0.0
1991-04-08,29.385436,29.385436,29.385436,29.385436,0.0,0.0
1991-04-09,29.385436,29.385436,29.385436,29.385436,0.0,0.0
1991-04-10,29.385436,29.385436,29.385436,29.385436,0.0,0.0
1991-04-11,29.385436,29.385436,29.385436,29.385436,0.0,0.0
1991-04-12,29.385436,29.385436,29.385436,29.385436,0.0,0.0
1991-04-15,29.385436,29.385436,29.385436,29.385436,0.0,0.0
1991-04-16,29.385436,29.385436,29.385436,29.385436,0.0,0.0
1991-04-17,29.385436,29.385436,29.385436,29.385436,0.0,0.0
1991-04-18,29.385436,29.385436,29.385436,29.385436,0.0,0.0
1991-04-19,29.385436,29.385436,29.385436,29.385436,0.0,0.0
1991-04-22,29.385436,29.385436,29.385436,29.385436,0.0,0.0
1991-04-23,29.385436,29.385436,29.385436,29.385436,0.0,0.0
1991-04-24,29.385436,29.385436,29.385436,29.385436,0.0,0.0
1991-04-25,29.385436,29.385436,29.385436,29.385436,0.0,0.0
1991-04-26,29.385436,29.385436,29.385436,29.385436,0.0,0.0
1991-04-29,29.385436,29.385436,29.385436,29.385436,0.0,0.0
1991-04-30,29.385436,29.385436,29.385436,29.385436,0.0,0.0
1991-05-01,29.385436,29.385436,29.385436,29.385436,0.0,0.0
1991-05-02,29.385436,29.385436,29.385436,29.385436,0.0,0.0
1991-05-03,29.385436,29.385436,29.385436,29.385436,0.0,0.0
1991-05-06,29.385436,29.385436,29.385436,29.385436,0.0,0.0
1991-05-07,29.385436,29.385436,29.385436,29.385436,0.0,0.0
1991-05-08,29.385436,29.385436,29.385436,29.385436,0.0,0.0
1991-05-09,29.385436,29.385436,29.385436,29.385436,0.0,0.0
1991-05-10,29.385436,29.385436,29.385436,29.385436,0.0,0.0
1991-05-13,29.385436,29.385436,29.385436,29.385436,0.0,0.0
1991-05-14,29.385436,29.385436,29.385436,29.385436,0.0,0.0
1991-05-15,29.385436,29.385436,29.385436,29.385436,0.0,0.0
1991-05-16,29.385436,29.385436,29.385436,29.385436,0.0,0.0
1991-05-17,29.385436,29.385436,29.385436,29.385436,0.0,0.0
1991-05-20,29.385436,29.385436,29.385436,29.385436,0.0,0.0
1991-05-21,29.385436,29.385436,29.385436,29.385436,0.0,0.0
1991-05-22,29.385436,29.385436,29.385436,29.385436,0.0,0.0
1991-05-23,29.385436,29.385436,29.385436,29.385436,0.0,0.0
1991-05-24,29.385436,29.385436,29.385436,29.385436,0.0,0.0
1991-05-27,29.385436,29.385436,29.385436,29.385436,0.0,0.0
1991-05-28,29.385436,29.385436,29.385436,29.385436,0.0,0.0
1991-05-29,29.385436,29.385436,29.385436,29.385436,0.0,0.0
1991-05-30,29.385436,29.385436,29.385436,29.385436,0.0,0.0
1991-05-31,29.385436,29.385436,29.385436,29.385436,0.0,0.0
1991-06-03,29.385436,29.385436,29.385436,29.385436,0.0,0.0
1991-06-04,29.385436,29.385436,29.385436,29.385436,0.0,0.0
1991-06-05,29.385436,29.385436,29.385436,29.385436,0.0,0.0
1991-06-06,29.385436,29.385436,29.385436,29.385436,0.0,0.0
1991-06-07,29.385436,29.385436,29.385436,29.385436,0.0,0.0
1991-06-10,29.385436,29.385436,29.385436,29.385436,0.0,0.0
1991-06-11,29.385436,29.385436,29.385436,29.385436,0.0,0.0
1991-06-12,29.385436,29.385436,29.385436,29.385436,0.0,0.0
1991-06-13,29.385436,29.385436,29.385436,29.385436,0.0,0.0
1991-06-14,29.385436,29.385436,29.385436,29.385436,0.0,0.0
1991-06-17,29.385436,29.385436,29.385436,29.385436,0.0,0.0
1991-06-18,29.385436,29.385436,29.385436,29.385436,0.0,0.0
1991-06-19,29.385436,29.385436,29.385436,29.385436,0.0,0.0
1991-06-20,29.385436,29.385436,29.385436,29.385436,0.0,0.0
1991-06-21,29.385436,29.385436,29.385436,29.385436,0.0,0.0
1991-06-24,29.385436,29.385436,29.385436,29.385436,0.0,0.0
1991-06-25,29.385436,29.385436,29.385436,29.385436,0.0,0.0
1991-06-26,29.385436,29.385436,29.385436,29.385436,0.0,0.0
1991-06-27,29.385436,29.385436,29.385436,29.385436,0.0,0.0
1991-06-28,29.385436,29.385436,29.385436,29.385436,0.0,0.0
1991-07-01,29.385436,29.385436,29.385436,29.385436,0.0,0.0
1991-07-02,29.385436,29.385436,29.385436,29.385436,0.0,0.0
1991-07-03,29.385436,29.385436,29.385436,29.385436,0.0,0.0
1991-07-04,29.385436,29.385436,29.385436,29.385436,0.0,0.0
1991-07-05,29.385436,29.385436,29.385436,29.385436,0.0,0.0
1991-07-08,29.385436,29.385436,29.385436,29.385436,0.0,0.0
1991-07-09,29.385436,29.385436,29.385436,29.385436,0.0,0.0
1991-07-10,29.385436,29.385436,29.385436,29.385436,0.0,0.0
1991-07-11,29.385436,29.385436,29.385436,29.385436,0.0,0.0
1991-07-12,29.385436,29.385436,29.385436,29.385436,0.0,0.0
1991-07-15,29.385436,29.385436,29.385436,29.385436,0.0,0.0
1991-07-16,29.385436,29.385436,29.385436,29.385436,0.0,0.0
1991-07-17,29.385436,29.385436,29.385436,29.385436,0.0,0.0
1991-07-18,29.385436,29.385436,29.385436,29.385436,0.0,0.0
1991-07-19,29.385436,29.385436,29.385436,29.385436,0.0,0.0
1991-07-22,29.385436,29.385436,29.385436,29.385436,0.0,0.0
1991-07-23,29.385436,29.385436,29.385436,29.385436,0.0,0.0
1991-07-24,29.385436,29.385436,29.385436,29.385436,0.0,0.0
1991-07-25,29.385436,29.385436,29.385436,29.385436,0.0,0.0
1991-07-26,29.385436,29.385436,29.385436,29.385436,0.0,0.0
1991-07-29,29.385436,29.385436,29.385436,29.385436,0.0,0.0
1991-07-30,29.385436,29.385436,29.385436,29.385436,0.0,0.0
1991-07-31,29.385436,29.385436,29.385436,29.385436,0.0,0.0
1991-08-01,29.385436,29.385436,29.385436,29.385436,0.0,0.0
1991-08-02,29.385436,29.385436,29.385436,29.385436,0.0,0.0
1991-08-05,29.385436,29.385436,29.385436,29.385436,0.0,0.0
1991-08-06,29.385436,29.385436,29.385436,29.385436,0.0,0.0
1991-08-07,29.385436,29.385436,29.385436,29.385436,0.0,0.0
1991-08-08,29.385436,29.385436,29.385436,29.385436,0.0,0.0
1991-08-09,29.385436,29.385436,29.385436,29.385436,0.0,0.0
1991-08-12,29.385436,29.385436,29.385436,29.385436,0.0,0.0
1991-08-13,29.385436,29.385436,29.385436,29.385436,0.0,0.0
1991-08-14,29.385436,29.385436,29.385436,29.385436,0.0,0.0
1991-08-15,29.385436,29.385436,29.385436,29.385436,0.0,0.0
1991-08-16,29.385436,29.385436,29.385436,29.385436,0.0,0.0
1991-08-19,29.385436,29.385436,29.385436,29.385436,0.0,0.0
1991-08-20,29.385436,29.385436,29.385436,29.385436,0.0,0.0
1991-08-21,29.385436,29.385436,29.385436,29.385436,0.0,0.0
1991-08-22,29.385436,29.385436,29.385436,29.385436,0.0,0.0
1991-08-23,29.385436,29.385436,29.385436,29.385436,0.0,0.0
1991-08-26,29.385436,29.385436,29.385436,29.385436,0.0,0.0
1991-08-27,29.385436,29.385436,29.385436,29.385436,0.0,0.0
1991-08-28,29.385436,29.385436,29.385436,29.385436,0.0,0.0
1991-08-29,29.385436,29.385436,29.385436,29.385436,0.0,0.0
1991-08-30,29.385436,29.385436,29.385436,29.385436,0.0,0.0
1991-09-02,29.385436,29.385436,29.385436,29.385436,0.0,0.0
1991-09-03,29.385436,29.385436,29.385436,29.385436,0.0,0.0
1991-09-04,29.385436,29.385436,29.385436,29.385436,0.0,0.0
1991-09-05,29.385436,29.385436,29.385436,29.385436,0.0,0.0
1991-09-06,29.385436,29.385436,29.385436,29.385436,0.0,0.0
1991-09-09,29.385436,29.385436,29.385436,29.385436,0.0,0.0
1991-09-10,29.385436,29.385436,29.385436,29.385436,0.0,0.0
1991-09-11,29.385436,29.385436,29.385436,29.385436,0.0,0.0
1991-09-12,29.385436,29.385436,29.385436,29.385436,0.0,0.0
1991-09-13,29.385436,29.385436,29.385436,29.385436,0.0,0.0
1991-09-16,29.385436,29.385436,29.385436,29.385436,0.0,0.0
1991-09-17,29.385436,29.385436,29.385436,29.385436,0.0,0.0
1991-09-18,29.385436,29.385436,29.385436,29.385436,0.0,0.0
1991-09-19,29.385436,29.385436,29.385436,29.385436,0.0,0.0
1991-09-20,29.385436,29.385436,29.385436,29.385436,0.0,0.0
1991-09-23,29.385436,29.385436,29.385436,29.385436,0.0,0.0
1991-09-24,29.385436,29.385436,29.385436,29.385436,0.0,0.0
1991-09-25,29.385436,29.385436,29.385436,29.385436,0.0,0.0
1991-09-26,29.385436,29.385436,29.385436,29.385436,0.0,0.0
1991-09-27,29.385436,29.385436,29.385436,29.385436,0.0,0.0
1991-09-30,29.385436,29.385436,29.385436,29.385436,0.0,0.0
1991-10-01,29.385436,29.385436,29.385436,29.385436,0.0,0.0
1991-10-02,29.385436,29.385436,29.385436,29.385436,0.0,0.0
1991-10-03,29.385436,29.385436,29.385436,29.385436,0.0,0.0
1991-10-04,29.385436,29.385436,29.385436,29.385436,0.0,0.0
1991-10-07,29.385436,29.385436,29.385436,29.385436,0.0,0.0
1991-10-08,29.385436,29.385436,29.385436,29.385436,0.0,0.0
1991-10-09,29.385436,29.385436,29.385436,29.385436,0.0,0.0
1991-10-10,29.385436,29.385436,29.385436,29.385436,0.0,0.0
1991-10-11,29.385436,29.385436,29.385436,29.385436,0.0,0.0
1991-10-14,29.385436,29.385436,29.385436,29.385436,0.0,0.0
1991-10-15,29.385436,29.385436,29.385436,29.385436,0.0,0.0
1991-10-16,29.385436,29.385436,29.385436,29.385436,0.0,0.0
1991-10-17,29.385436,29.385436,29.385436,29.385436,0.0,0.0
1991-10-18,29.385436,29.385436,29.385436,29.385436,0.0,0.0
1991-10-21,23.875667,23.875667,23.875667,23.875667,0.0,1.0
1991-10-22,23.875667,23.875667,23.875667,23.875667,0.0,0.0
1991-10-23,23.875667,23.875667,23.875667,23.875667,0.0,0.0
1991-10-24,23.875667,23.875667,23.875667,23.875667,0.0,0.0
1991-10-25,23.875667,23.875667,23.875667,23.875667,0.0,0.0
1991-10-28,23.875667,23.875667,23.875667,23.875667,0.0,0.0
1991-10-29,23.875667,23.875667,23.875667,23.875667,0.0,0.0
1991-10-30,23.875667,23.875667,23.875667,23.875667,0.0,0.0
1991-10-31,23.875667,23.875667,23.875667,23.875667,0.0,0.0
1991-11-01,23.875667,23.875667,23.875667,23.875667,0.0,0.0
1991-11-04,23.875667,23.875667,23.875667,23.875667,0.0,0.0
1991-11-05,23.875667,23.875667,23.875667,23.875667,0.0,0.0
1991-11-06,23.875667,23.875667,23.875667,23.875667,0.0,0.0
1991-11-07,23.875667,23.875667,23.875667,23.875667,0.0,0.0
1991-11-08,23.875667,23.875667,23.875667,23.875667,0.0,0.0
1991-11-11,23.875667,23.875667,23.875667,23.875667,0.0,0.0
1991-11-12,23.875667,23.875667,23.875667,23.875667,0.0,0.0
1991-11-13,23.875667,23.875667,23.875667,23.875667,0.0,0.0
1991-11-14,23.875667,23.875667,23.875667,23.875667,0.0,0.0
1991-11-15,23.875667,23.875667,23.875667,23.875667,0.0,0.0
1991-11-18,23.875667,23.875667,23.875667,23.875667,0.0,0.0
1991-11-19,23.875667,23.875667,23.875667,23.875667,0.0,0.0
1991-11-20,23.875667,23.875667,23.875667,23.875667,0.0,0.0
1991-11-21,23.875667,23.875667,23.875667,23.875667,0.0,0.0
1991-11-22,23.875667,23.875667,23.875667,23.875667,0.0,0.0
1991-11-25,23.875667,23.875667,23.875667,23.875667,0.0,0.0
1991-11-26,23.875667,23.875667,23.875667,23.875667,0.0,0.0
1991-11-27,23.875667,23.875667,23.875667,23.875667,0.0,0.0
1991-11-28,23.875667,23.875667,23.875667,23.875667,0.0,0.0
1991-11-29,23.875667,23.875667,23.875667,23.875667,0.0,0.0
1991-12-02,23.875667,23.875667,23.875667,23.875667,0.0,0.0
1991-12-03,23.875667,23.875667,23.875667,23.875667,0.0,0.0
1991-12-04,23.875667,23.875667,23.875667,23.875667,0.0,0.0
1991-12-05,23.875667,23.875667,23.875667,23.875667,0.0,0.0
1991-12-06,23.875667,23.875667,23.875667,23.875667,0.0,0.0
1991-12-09,23.875667,23.875667,23.875667,23.875667,0.0,0.0
1991-12-10,23.875667,23.875667,23.875667,23.875667,0.0,0.0
1991-12-11,23.875667,23.875667,23.875667,23.875667,0.0,0.0
1991-12-12,23.875667,23.875667,23.875667,23.875667,0.0,0.0
1991-12-13,23.875667,23.875667,23.875667,23.875667,0.0,0.0
1991-12-16,23.875667,23.875667,23.875667,23.875667,0.0,0.0
1991-12-17,23.875667,23.875667,23.875667,23.875667,0.0,0.0
1991-12-18,23.875667,23.875667,23.875667,23.875667,0.0,0.0
1991-12-19,23.875667,23.875667,23.875667,23.875667,0.0,0.0
1991-12-20,23.875667,23.875667,23.875667,23.875667,0.0,0.0
1991-12-23,23.875667,23.875667,23.875667,23.875667,0.0,0.0
1991-12-24,23.875667,23.875667,23.875667,23.875667,0.0,0.0
1991-12-25,23.875667,23.875667,23.875667,23.875667,0.0,0.0
1991-12-26,23.875667,23.875667,23.875667,23.875667,0.0,0.0
1991-12-27,23.875667,23.875667,23.875667,23.875667,0.0,0.0
1991-12-30,23.875667,23.875667,23.875667,23.875667,0.0,0.0
1991-12-31,23.875667,23.875667,23.875667,23.875667,0.0,0.0
1992-01-01,23.875667,23.875667,23.875667,23.875667,0.0,0.0
1992-01-02,23.875667,23.875667,23.875667,23.875667,0.0,0.0
1992-01-03,23.875667,23.875667,23.875667,23.875667,0.0,0.0
1992-01-06,23.875667,23.875667,23.875667,23.875667,0.0,0.0
1992-01-07,23.875667,23.875667,23.875667,23.875667,0.0,0.0
1992-01-08,23.875667,23.875667,23.875667,23.875667,0.0,0.0
1992-01-09,23.875667,23.875667,23.875667,23.875667,0.0,0.0
1992-01-10,23.875667,23.875667,23.875667,23.875667,0.0,0.0
1992-01-13,23.875667,22.957372,22.957372,23.875667,0.0,1.0
1992-01-14,22.957372,22.957372,22.957372,22.957372,0.0,0.0
1992-01-15,22.957372,22.957372,22.957372,22.957372,0.0,0.0
1992-01-16,22.957372,22.957372,22.957372,22.957372,0.0,0.0
1992-01-17,22.957372,22.957372,22.957372,22.957372,0.0,0.0
1992-01-20,22.957372,22.957372,22.957372,22.957372,0.0,0.0
1992-01-21,22.957372,22.957372,22.957372,22.957372,0.0,0.0
1992-01-22,22.957372,22.039077,22.039077,22.957372,0.0,1.0
1992-01-23,22.039077,21.579929,21.579929,22.039077,0.0,1.0
1992-01-24,22.039077,21.579929,21.579929,22.039077,0.0,1.0
1992-01-27,22.039077,21.579929,21.579929,22.039077,0.0,1.0
1992-01-28,21.579929,21.120782,21.579929,21.120782,0.0,1.0
1992-01-29,22.039077,21.579929,21.579929,22.039077,0.0,1.0
1992-01-30,22.039077,21.579929,21.579929,22.039077,0.0,1.0
1992-01-31,22.039077,21.579929,21.579929,22.039077,0.0,1.0
1992-02-03,22.039077,21.579929,21.579929,22.039077,0.0,1.0
1992-02-04,21.579929,21.120782,21.579929,21.120782,0.0,1.0
1992-02-05,21.579929,21.120782,21.579929,21.120782,0.0,1.0
1992-02-06,22.039077,19.284192,19.284192,22.039077,0.0,1.0
1992-02-07,19.284192,19.284192,19.284192,19.284192,0.0,0.0
1992-02-10,19.284192,19.284192,19.284192,19.284192,0.0,0.0
1992-02-11,19.284192,19.284192,19.284192,19.284192,0.0,0.0
1992-02-12,19.284192,19.284192,19.284192,19.284192,0.0,0.0
1992-02-13,19.284192,17.447603,17.447603,19.284192,0.0,1.0
1992-02-14,19.284192,17.447603,17.447603,19.284192,0.0,1.0
1992-02-17,19.284192,19.284192,19.284192,19.284192,0.0,1.0
1992-02-18,19.284192,18.365897,18.365897,19.284192,0.0,1.0
1992-02-19,19.284192,19.284192,19.284192,19.284192,0.0,1.0
1992-02-20,19.284192,19.284192,19.284192,19.284192,0.0,0.0
1992-02-21,20.202487,20.202487,20.202487,20.202487,0.0,1.0
1992-02-24,21.120782,20.202487,21.120782,20.202487,0.0,1.0
1992-02-25,21.120782,21.120782,21.120782,21.120782,0.0,0.0
1992-02-26,21.120782,21.120782,21.120782,21.120782,0.0,0.0
1992-02-27,21.120782,21.120782,21.120782,21.120782,0.0,0.0
1992-02-28,21.120782,21.120782,21.120782,21.120782,0.0,0.0
1992-03-02,21.120782,21.120782,21.120782,21.120782,0.0,0.0
1992-03-03,21.120782,21.120782,21.120782,21.120782,0.0,0.0
1992-03-04,21.120782,21.120782,21.120782,21.120782,0.0,0.0
1992-03-05,21.120782,21.120782,21.120782,21.120782,0.0,0.0
1992-03-06,21.120782,21.120782,21.120782,21.120782,0.0,0.0
1992-03-09,21.120782,20.661635,20.661635,21.120782,0.0,1.0
1992-03-10,20.661635,20.202487,20.202487,20.202487,0.0,1.0
1992-03-11,20.202487,20.202487,20.202487,20.202487,0.0,0.0
1992-03-12,20.202487,20.202487,20.202487,20.202487,0.0,0.0
1992-03-13,20.202487,20.202487,20.202487,20.202487,0.0,0.0
1992-03-16,20.202487,20.202487,20.202487,20.202487,0.0,0.0
1992-03-17,20.202487,20.202487,20.202487,20.202487,0.0,0.0
1992-03-18,20.202487,20.202487,20.202487,20.202487,0.0,0.0
1992-03-19,20.202487,19.74334,19.74334,20.202487,0.0,1.0
1992-03-20,20.202487,20.202487,20.202487,20.202487,0.0,1.0
1992-03-23,20.202487,20.202487,20.202487,20.202487,0.0,0.0
1992-03-24,20.202487,20.202487,20.202487,20.202487,0.0,0.0
1992-03-25,20.202487,20.202487,20.202487,20.202487,0.0,0.0
1992-03-26,20.202487,20.202487,20.202487,20.202487,0.0,0.0
1992-03-27,20.202487,20.202487,20.202487,20.202487,0.0,0.0
1992-03-30,20.202487,20.202487,20.202487,20.202487,0.0,0.0
1992-03-31,20.202487,20.202487,20.202487,20.202487,0.0,0.0
1992-04-01,20.202487,20.202487,20.202487,20.202487,0.0,0.0
1992-04-02,20.202487,20.202487,20.202487,20.202487,0.0,0.0
1992-04-03,20.202487,20.202487,20.202487,20.202487,0.0,0.0
1992-04-06,20.202487,20.202487,20.202487,20.202487,0.0,0.0
1992-04-07,20.202487,20.202487,20.202487,20.202487,0.0,0.0
1992-04-08,20.202487,20.202487,20.202487,20.202487,0.0,0.0
1992-04-09,20.202487,20.202487,20.202487,20.202487,0.0,0.0
1992-04-10,20.202487,20.202487,20.202487,20.202487,0.0,0.0
1992-04-13,20.202487,20.202487,20.202487,20.202487,0.0,0.0
1992-04-14,20.202487,20.202487,20.202487,20.202487,0.0,0.0
1992-04-15,20.202487,20.202487,20.202487,20.202487,0.0,0.0
1992-04-16,20.202487,20.202487,20.202487,20.202487,0.0,0.0
1992-04-17,20.202487,20.202487,20.202487,20.202487,0.0,0.0
1992-04-20,20.202487,20.202487,20.202487,20.202487,0.0,0.0
1992-04-21,20.202487,20.202487,20.202487,20.202487,0.0,0.0
1992-04-22,20.202487,20.202487,20.202487,20.202487,0.0,0.0
1992-04-23,20.202487,20.202487,20.202487,20.202487,0.0,0.0
1992-04-24,20.202487,20.202487,20.202487,20.202487,0.0,0.0
1992-04-27,20.202487,20.202487,20.202487,20.202487,0.0,0.0
1992-04-28,20.202487,20.202487,20.202487,20.202487,0.0,0.0
1992-04-29,20.202487,20.202487,20.202487,20.202487,0.0,0.0
1992-04-30,20.202487,19.284192,19.284192,20.202487,0.0,1.0
1992-05-01,19.284192,18.825045,18.825045,19.284192,0.0,1.0
1992-05-04,18.825045,18.825045,18.825045,18.825045,0.0,0.0
1992-05-05,18.825045,18.365897,18.825045,18.365897,0.0,1.0
1992-05-06,18.825045,18.365897,18.825045,18.365897,0.0,1.0
1992-05-07,18.825045,18.365897,18.825045,18.365897,0.0,1.0
1992-05-08,18.825045,18.365897,18.825045,18.365897,0.0,1.0
1992-05-11,18.825045,18.365897,18.825045,18.365897,0.0,1.0
1992-05-12,18.825045,18.365897,18.825045,18.365897,0.0,1.0
1992-05-13,12.396981,11.937833,11.937833,11.937833,0.0,1.0
1992-05-14,11.937833,11.937833,12.856128,11.937833,0.0,1.0
1992-05-15,13.774423,12.856128,13.774423,12.856128,0.0,1.0
1992-05-18,13.774423,13.774423,13.774423,13.774423,0.0,0.0
1992-05-19,13.774423,13.774423,13.774423,13.774423,0.0,0.0
1992-05-20,13.774423,13.774423,13.774423,13.774423,0.0,0.0
1992-05-21,13.774423,12.856128,12.856128,13.774423,0.0,1.0
1992-05-22,13.774423,12.856128,12.856128,13.774423,0.0,1.0
1992-05-25,12.856128,12.856128,12.856128,12.856128,0.0,0.0
1992-05-26,13.774423,12.856128,12.856128,13.774423,0.0,1.0
1992-05-27,13.774423,12.856128,12.856128,13.774423,0.0,1.0
1992-05-28,13.774423,12.856128,12.856128,13.774423,0.0,1.0
1992-05-29,12.856128,11.937833,11.937833,12.856128,0.0,1.0
1992-06-01,11.937833,11.937833,11.937833,11.937833,0.0,0.0
1992-06-02,11.937833,11.937833,11.937833,11.937833,0.0,0.0
1992-06-03,11.937833,11.937833,11.937833,11.937833,0.0,0.0
1992-06-04,11.937833,11.937833,11.937833,11.937833,0.0,0.0
1992-06-05,11.937833,11.937833,11.937833,11.937833,0.0,0.0
1992-06-08,11.937833,11.937833,11.937833,11.937833,0.0,0.0
1992-06-09,11.937833,11.937833,11.937833,11.937833,0.0,0.0
1992-06-10,11.937833,11.937833,11.937833,11.937833,0.0,0.0
1992-06-11,11.937833,11.937833,11.937833,11.937833,0.0,0.0
1992-06-12,11.937833,11.937833,11.937833,11.937833,0.0,0.0
1992-06-15,11.937833,11.937833,11.937833,11.937833,0.0,0.0
1992-06-16,11.937833,11.937833,11.937833,11.937833,0.0,0.0
1992-06-17,11.937833,11.937833,11.937833,11.937833,0.0,0.0
1992-06-18,11.937833,11.937833,11.937833,11.937833,0.0,0.0
1992-06-19,11.937833,11.937833,11.937833,11.937833,0.0,0.0
1992-06-22,11.937833,11.937833,11.937833,11.937833,0.0,0.0
1992-06-23,11.937833,11.937833,11.937833,11.937833,0.0,0.0
1992-06-24,11.937833,11.937833,11.937833,11.937833,0.0,0.0
1992-06-25,11.937833,11.937833,11.937833,11.937833,0.0,0.0
1992-06-26,11.937833,11.937833,11.937833,11.937833,0.0,0.0
1992-06-29,11.937833,11.937833,11.937833,11.937833,0.0,0.0
1992-06-30,11.937833,11.937833,11.937833,11.937833,0.0,0.0
1992-07-01,11.937833,11.937833,11.937833,11.937833,0.0,0.0
1992-07-02,11.937833,11.937833,11.937833,11.937833,0.0,0.0
1992-07-03,11.937833,11.937833,11.937833,11.937833,0.0,0.0
1992-07-06,11.937833,11.937833,11.937833,11.937833,0.0,0.0
1992-07-07,11.937833,11.937833,11.937833,11.937833,0.0,0.0
1992-07-08,11.937833,11.937833,11.937833,11.937833,0.0,0.0
1992-07-09,11.937833,11.937833,11.937833,11.937833,0.0,0.0
1992-07-10,11.937833,11.937833,11.937833,11.937833,0.0,0.0
1992-07-13,11.937833,11.937833,11.937833,11.937833,0.0,0.0
1992-07-14,11.937833,11.937833,11.937833,11.937833,0.0,0.0
1992-07-15,11.937833,11.937833,11.937833,11.937833,0.0,0.0
1992-07-16,11.937833,11.937833,11.937833,11.937833,0.0,0.0
1992-07-17,11.937833,11.937833,11.937833,11.937833,0.0,0.0
1992-07-20,11.937833,11.937833,11.937833,11.937833,0.0,0.0
1992-07-21,11.937833,11.937833,11.937833,11.937833,0.0,0.0
1992-07-22,11.937833,11.937833,11.937833,11.937833,0.0,0.0
1992-07-23,11.937833,11.937833,11.937833,11.937833,0.0,0.0
1992-07-24,11.937833,11.937833,11.937833,11.937833,0.0,0.0
1992-07-27,11.937833,11.937833,11.937833,11.937833,0.0,0.0
1992-07-28,11.937833,9.182949,9.182949,11.937833,0.0,1.0
1992-07-29,9.182949,7.346359,7.346359,9.182949,0.0,1.0
1992-07-30,7.346359,7.346359,7.346359,7.346359,0.0,0.0
1992-07-31,7.346359,7.346359,7.346359,7.346359,0.0,0.0
1992-08-03,7.346359,7.346359,7.346359,7.346359,0.0,0.0
1992-08-04,7.346359,7.346359,7.346359,7.346359,0.0,0.0
1992-08-05,7.346359,7.346359,7.346359,7.346359,0.0,0.0
1992-08-06,7.346359,7.346359,7.346359,7.346359,0.0,0.0
1992-08-07,7.346359,7.346359,7.346359,7.346359,0.0,0.0
1992-08-10,7.346359,7.346359,7.346359,7.346359,0.0,0.0
1992-08-11,7.346359,7.346359,7.346359,7.346359,0.0,0.0
1992-08-12,7.346359,7.346359,7.346359,7.346359,0.0,0.0
1992-08-13,7.346359,7.346359,7.346359,7.346359,0.0,0.0
1992-08-14,7.346359,7.346359,7.346359,7.346359,0.0,0.0
1992-08-17,7.346359,7.346359,7.346359,7.346359,0.0,0.0
1992-08-18,7.346359,7.346359,7.346359,7.346359,0.0,0.0
1992-08-19,7.346359,7.346359,7.346359,7.346359,0.0,0.0
1992-08-20,7.346359,7.346359,7.346359,7.346359,0.0,0.0
1992-08-21,7.346359,7.346359,7.346359,7.346359,0.0,0.0
1992-08-24,7.346359,7.346359,7.346359,7.346359,0.0,0.0
1992-08-25,7.346359,7.346359,7.346359,7.346359,0.0,0.0
1992-08-26,7.346359,7.346359,7.346359,7.346359,0.0,0.0
1992-08-27,7.346359,7.346359,7.346359,7.346359,0.0,0.0
1992-08-28,7.346359,7.346359,7.346359,7.346359,0.0,0.0
1992-08-31,7.346359,7.346359,7.346359,7.346359,0.0,0.0
1992-09-01,7.346359,7.346359,7.346359,7.346359,0.0,0.0
1992-09-02,7.346359,7.346359,7.346359,7.346359,0.0,0.0
1992-09-03,7.346359,7.346359,7.346359,7.346359,0.0,0.0
1992-09-04,7.346359,7.346359,7.346359,7.346359,0.0,0.0
1992-09-07,7.346359,7.346359,7.346359,7.346359,0.0,0.0
1992-09-08,7.346359,7.346359,7.346359,7.346359,0.0,0.0
1992-09-09,7.346359,7.346359,7.346359,7.346359,0.0,0.0
1992-09-10,7.346359,7.346359,7.346359,7.346359,0.0,0.0
1992-09-11,7.346359,7.346359,7.346359,7.346359,0.0,0.0
1992-09-14,7.346359,7.346359,7.346359,7.346359,0.0,0.0
1992-09-15,7.346359,7.346359,7.346359,7.346359,0.0,0.0
1992-09-16,7.346359,7.346359,7.346359,7.346359,0.0,0.0
1992-09-17,7.346359,7.346359,7.346359,7.346359,0.0,0.0
1992-09-18,7.346359,7.346359,7.346359,7.346359,0.0,0.0
1992-09-21,7.346359,7.346359,7.346359,7.346359,0.0,0.0
1992-09-22,7.346359,7.346359,7.346359,7.346359,0.0,0.0
1992-09-23,7.346359,7.346359,7.346359,7.346359,0.0,0.0
1992-09-24,7.346359,7.346359,7.346359,7.346359,0.0,0.0
1992-09-25,7.346359,7.346359,7.346359,7.346359,0.0,0.0
1992-09-28,7.346359,7.346359,7.346359,7.346359,0.0,0.0
1992-09-29,7.346359,7.346359,7.346359,7.346359,0.0,0.0
1992-09-30,7.346359,7.346359,7.346359,7.346359,0.0,0.0
1992-10-01,7.346359,7.346359,7.346359,7.346359,0.0,0.0
1992-10-02,7.346359,7.346359,7.346359,7.346359,0.0,0.0
1992-10-03,7.346359,7.346359,7.346359,7.346359,0.0,0.0
1992-10-05,7.346359,7.346359,7.346359,7.346359,0.0,0.0
1992-10-06,7.346359,7.346359,7.346359,7.346359,0.0,0.0
1992-10-07,7.346359,7.346359,7.346359,7.346359,0.0,0.0
1992-10-08,7.346359,7.346359,7.346359,7.346359,0.0,0.0
1992-10-09,7.346359,7.346359,7.346359,7.346359,0.0,0.0
1992-10-10,7.346359,7.346359,7.346359,7.346359,0.0,0.0
1992-10-12,7.346359,7.346359,7.346359,7.346359,0.0,0.0
1992-10-13,7.346359,7.346359,7.346359,7.346359,0.0,0.0
1992-10-14,7.346359,7.346359,7.346359,7.346359,0.0,0.0
1992-10-15,7.346359,7.346359,7.346359,7.346359,0.0,0.0
1992-10-16,7.346359,7.346359,7.346359,7.346359,0.0,0.0
1992-10-19,7.346359,7.346359,7.346359,7.346359,0.0,0.0
1992-10-20,7.346359,7.346359,7.346359,7.346359,0.0,0.0
1992-10-21,7.346359,7.346359,7.346359,7.346359,0.0,0.0
1992-10-22,7.346359,7.346359,7.346359,7.346359,0.0,0.0
1992-10-23,7.346359,7.346359,7.346359,7.346359,0.0,0.0
1992-10-26,7.346359,7.346359,7.346359,7.346359,0.0,0.0
1992-10-27,7.346359,7.346359,7.346359,7.346359,0.0,0.0
1992-10-28,7.346359,7.346359,7.346359,7.346359,0.0,0.0
1992-10-29,7.346359,7.346359,7.346359,7.346359,0.0,0.0
1992-10-30,7.346359,7.346359,7.346359,7.346359,0.0,0.0
1992-11-02,7.346359,7.346359,7.346359,7.346359,0.0,0.0
1992-11-03,7.346359,7.346359,7.346359,7.346359,0.0,0.0
1992-11-04,7.346359,7.346359,7.346359,7.346359,0.0,0.0
1992-11-05,7.346359,7.346359,7.346359,7.346359,0.0,0.0
1992-11-06,7.346359,7.346359,7.346359,7.346359,0.0,0.0
1992-11-07,7.346359,7.346359,7.346359,7.346359,0.0,0.0
1992-11-08,7.346359,7.346359,7.346359,7.346359,0.0,0.0
1992-11-09,7.346359,7.346359,7.346359,7.346359,0.0,0.0
1992-11-10,7.346359,7.346359,7.346359,7.346359,0.0,0.0
1992-11-11,7.346359,7.346359,7.346359,7.346359,0.0,0.0
1992-11-12,7.346359,7.346359,7.346359,7.346359,0.0,0.0
1992-11-13,7.346359,7.346359,7.346359,7.346359,0.0,0.0
1992-11-14,7.346359,7.346359,7.346359,7.346359,0.0,0.0
1992-11-16,7.346359,7.346359,7.346359,7.346359,0.0,0.0
1992-11-17,7.346359,7.346359,7.346359,7.346359,0.0,0.0
1992-11-18,7.346359,7.346359,7.346359,7.346359,0.0,0.0
1992-11-19,7.346359,7.346359,7.346359,7.346359,0.0,0.0
1992-11-20,7.346359,7.346359,7.346359,7.346359,0.0,0.0
1992-11-23,7.346359,7.346359,7.346359,7.346359,0.0,0.0
1992-11-24,7.346359,7.346359,7.346359,7.346359,0.0,0.0
1992-11-25,7.346359,7.346359,7.346359,7.346359,0.0,0.0
1992-11-26,7.346359,7.346359,7.346359,7.346359,0.0,0.0
1992-11-27,7.346359,7.346359,7.346359,7.346359,0.0,0.0
1992-11-28,7.346359,7.346359,7.346359,7.346359,0.0,0.0
1992-11-30,7.346359,7.346359,7.346359,7.346359,0.0,0.0
1992-12-01,7.346359,7.346359,7.346359,7.346359,0.0,0.0
1992-12-02,7.346359,7.346359,7.346359,7.346359,0.0,0.0
1992-12-03,7.346359,7.346359,7.346359,7.346359,0.0,0.0
1992-12-04,7.346359,7.346359,7.346359,7.346359,0.0,0.0
1992-12-07,7.346359,7.346359,7.346359,7.346359,0.0,0.0
1992-12-08,7.346359,7.346359,7.346359,7.346359,0.0,0.0
1992-12-09,7.346359,7.346359,7.346359,7.346359,0.0,0.0
1992-12-10,7.346359,7.346359,7.346359,7.346359,0.0,0.0
1992-12-11,7.346359,7.346359,7.346359,7.346359,0.0,0.0
1992-12-14,7.346359,7.346359,7.346359,7.346359,0.0,0.0
1992-12-15,7.346359,7.346359,7.346359,7.346359,0.0,0.0
1992-12-16,7.346359,7.346359,7.346359,7.346359,0.0,0.0
1992-12-17,7.346359,7.346359,7.346359,7.346359,0.0,0.0
1992-12-18,7.346359,7.346359,7.346359,7.346359,0.0,0.0
1992-12-21,7.346359,7.346359,7.346359,7.346359,0.0,0.0
1992-12-22,7.346359,7.346359,7.346359,7.346359,0.0,0.0
1992-12-23,7.346359,7.346359,7.346359,7.346359,0.0,0.0
1992-12-24,7.346359,7.346359,7.346359,7.346359,0.0,0.0
1992-12-25,7.346359,7.346359,7.346359,7.346359,0.0,0.0
1992-12-28,7.346359,7.346359,7.346359,7.346359,0.0,0.0
1992-12-29,7.346359,7.346359,7.346359,7.346359,0.0,0.0
1992-12-30,7.346359,7.346359,7.346359,7.346359,0.0,0.0
1992-12-31,7.346359,7.346359,7.346359,7.346359,0.0,0.0
1993-01-01,7.346359,7.346359,7.346359,7.346359,0.0,0.0
1993-01-04,7.346359,7.346359,7.346359,7.346359,0.0,0.0
1993-01-05,7.346359,7.346359,7.346359,7.346359,0.0,0.0
1993-01-06,7.346359,7.346359,7.346359,7.346359,0.0,0.0
1993-01-07,7.346359,7.346359,7.346359,7.346359,0.0,0.0
1993-01-08,7.346359,7.346359,7.346359,7.346359,0.0,0.0
1993-01-11,7.346359,7.346359,7.346359,7.346359,0.0,0.0
1993-01-12,7.346359,7.346359,7.346359,7.346359,0.0,0.0
1993-01-13,7.346359,7.346359,7.346359,7.346359,0.0,0.0
1993-01-14,7.346359,7.346359,7.346359,7.346359,0.0,0.0
1993-01-15,7.346359,7.346359,7.346359,7.346359,0.0,0.0
1993-01-18,7.346359,7.346359,7.346359,7.346359,0.0,0.0
1993-01-19,7.346359,7.346359,7.346359,7.346359,0.0,0.0
1993-01-20,7.346359,7.346359,7.346359,7.346359,0.0,0.0
1993-01-21,7.346359,7.346359,7.346359,7.346359,0.0,0.0
1993-01-22,7.346359,7.346359,7.346359,7.346359,0.0,0.0
1993-01-25,7.346359,7.346359,7.346359,7.346359,0.0,0.0
1993-01-26,7.346359,7.346359,7.346359,7.346359,0.0,0.0
1993-01-27,7.346359,7.346359,7.346359,7.346359,0.0,0.0
1993-01-28,7.346359,7.346359,7.346359,7.346359,0.0,0.0
1993-01-29,7.346359,7.346359,7.346359,7.346359,0.0,0.0
1993-02-01,7.346359,7.346359,7.346359,7.346359,0.0,0.0
1993-02-02,7.346359,7.346359,7.346359,7.346359,0.0,0.0
1993-02-03,7.346359,7.346359,7.346359,7.346359,0.0,0.0
1993-02-04,7.346359,7.346359,7.346359,7.346359,0.0,0.0
1993-02-05,7.346359,7.346359,7.346359,7.346359,0.0,0.0
1993-02-08,7.346359,7.346359,7.346359,7.346359,0.0,0.0
1993-02-09,7.346359,7.346359,7.346359,7.346359,0.0,0.0
1993-02-10,7.346359,7.346359,7.346359,7.346359,0.0,0.0
1993-02-11,7.346359,7.346359,7.346359,7.346359,0.0,0.0
1993-02-12,5.509769,4.591474,4.591474,5.509769,0.0,1.0
1993-02-15,5.050622,4.591474,5.050622,5.050622,0.0,1.0
1993-02-16,6.19849,6.19849,6.19849,6.19849,0.0,1.0
1993-02-17,6.428064,6.428064,6.428064,6.428064,0.0,1.0
1993-02-18,6.887212,6.428064,6.428064,6.887212,0.0,1.0
1993-02-19,6.887212,6.428064,6.428064,6.887212,0.0,1.0
1993-02-22,6.428064,5.968917,5.968917,6.428064,0.0,1.0
1993-02-23,5.968917,5.968917,5.968917,5.968917,0.0,0.0
1993-02-24,5.968917,5.968917,5.968917,5.968917,0.0,0.0
1993-02-25,5.968917,5.968917,5.968917,5.968917,0.0,0.0
1993-02-26,5.968917,5.968917,5.968917,5.968917,0.0,0.0
1993-03-01,5.968917,4.935835,5.968917,5.968917,0.0,0.0
1993-03-02,5.968917,5.968917,5.968917,5.968917,0.0,0.0
1993-03-03,5.968917,5.968917,5.968917,5.968917,0.0,0.0
1993-03-04,6.887212,5.968917,6.887212,5.968917,0.0,1.0
1993-03-05,6.887212,6.887212,6.887212,6.887212,0.0,0.0
1993-03-08,6.887212,6.19849,6.887212,6.887212,0.0,0.0
1993-03-09,6.887212,6.887212,6.887212,6.887212,0.0,0.0
1993-03-10,6.887212,6.887212,6.887212,6.887212,0.0,0.0
1993-03-11,6.887212,6.887212,6.887212,6.887212,0.0,0.0
1993-03-12,6.887212,6.428064,6.428064,6.887212,0.0,1.0
1993-03-15,6.428064,5.968917,5.968917,6.428064,0.0,1.0
1993-03-16,6.428064,5.968917,6.428064,6.428064,0.0,1.0
1993-03-17,6.887212,6.428064,6.428064,6.887212,0.0,1.0
1993-03-18,6.428064,6.428064,6.428064,6.428064,0.0,0.0
1993-03-19,6.428064,6.428064,6.428064,6.428064,0.0,0.0
1993-03-22,6.428064,6.428064,6.428064,6.428064,0.0,0.0
1993-03-23,6.428064,6.428064,6.428064,6.428064,0.0,0.0
1993-03-24,6.428064,6.428064,6.428064,6.428064,0.0,0.0
1993-03-25,6.428064,5.968917,5.968917,6.428064,0.0,1.0
1993-03-26,6.428064,5.968917,5.968917,6.428064,0.0,1.0
1993-03-29,5.968917,5.968917,5.968917,5.968917,0.0,0.0
1993-03-30,5.968917,5.968917,5.968917,5.968917,0.0,0.0
1993-03-31,5.968917,5.968917,5.968917,5.968917,0.0,0.0
1993-04-01,5.968917,5.968917,5.968917,5.968917,0.0,0.0
1993-04-02,5.968917,5.968917,5.968917,5.968917,0.0,0.0
1993-04-05,5.968917,5.968917,5.968917,5.968917,0.0,0.0
1993-04-06,5.968917,5.968917,5.968917,5.968917,0.0,0.0
1993-04-07,5.968917,5.968917,5.968917,5.968917,0.0,0.0
1993-04-08,5.968917,5.968917,5.968917,5.968917,0.0,0.0
1993-04-09,5.968917,5.968917,5.968917,5.968917,0.0,0.0
1993-04-12,5.968917,5.968917,5.968917,5.968917,0.0,0.0
1993-04-13,5.968917,5.509769,5.509769,5.968917,0.0,1.0
1993-04-14,5.509769,5.509769,5.509769,5.509769,0.0,0.0
1993-04-15,5.509769,5.509769,5.509769,5.509769,0.0,0.0
1993-04-16,5.509769,5.509769,5.509769,5.509769,0.0,0.0
1993-04-19,5.509769,5.050622,5.509769,5.509769,0.0,0.0
1993-04-20,5.509769,5.509769,5.509769,5.509769,0.0,0.0
1993-04-21,5.509769,5.509769,5.509769,5.509769,0.0,0.0
1993-04-22,5.509769,5.509769,5.509769,5.509769,0.0,0.0
1993-04-23,5.509769,5.509769,5.509769,5.509769,0.0,0.0
1993-04-26,5.509769,5.509769,5.509769,5.509769,0.0,0.0
1993-04-27,5.968917,5.509769,5.968917,5.509769,0.0,1.0
1993-04-28,6.887212,5.968917,6.887212,5.968917,0.0,1.0
1993-04-29,7.346359,6.887212,6.887212,7.346359,0.0,1.0
1993-04-30,7.346359,6.887212,7.346359,7.346359,0.0,1.0
1993-05-03,7.346359,7.346359,7.346359,7.346359,0.0,0.0
1993-05-04,7.346359,7.346359,7.346359,7.346359,0.0,0.0
1993-05-05,7.346359,7.346359,7.346359,7.346359,0.0,0.0
1993-05-06,7.346359,7.346359,7.346359,7.346359,0.0,0.0
1993-05-07,7.346359,6.887212,6.887212,7.346359,0.0,1.0
1993-05-10,6.887212,6.887212,6.887212,6.887212,0.0,0.0
1993-05-11,6.887212,6.887212,6.887212,6.887212,0.0,0.0
1993-05-12,6.887212,6.428064,6.428064,6.887212,0.0,1.0
1993-05-13,6.887212,5.968917,5.968917,6.887212,0.0,1.0
1993-05-14,5.968917,5.968917,5.968917,5.968917,0.0,0.0
1993-05-17,5.968917,5.968917,5.968917,5.968917,0.0,0.0
1993-05-18,5.968917,5.968917,5.968917,5.968917,0.0,0.0
1993-05-19,5.968917,5.968917,5.968917,5.968917,0.0,0.0
1993-05-20,5.968917,5.968917,5.968917,5.968917,0.0,0.0
1993-05-21,5.968917,5.968917,5.968917,5.968917,0.0,0.0
1993-05-24,5.968917,5.968917,5.968917,5.968917,0.0,0.0
1993-05-25,5.968917,5.968917,5.968917,5.968917,0.0,0.0
1993-05-26,5.968917,5.968917,5.968917,5.968917,0.0,0.0
1993-05-27,5.968917,5.509769,5.509769,5.968917,0.0,1.0
1993-05-28,5.968917,5.509769,5.509769,5.968917,0.0,1.0
1993-05-31,5.509769,5.509769,5.509769,5.509769,0.0,0.0
1993-06-01,5.968917,5.509769,5.509769,5.968917,0.0,1.0
1993-06-02,5.968917,5.509769,5.509769,5.968917,0.0,1.0
1993-06-03,5.509769,5.509769,5.509769,5.509769,0.0,0.0
1993-06-04,5.968917,5.509769,5.509769,5.968917,0.0,1.0
1993-06-07,5.968917,5.509769,5.509769,5.968917,0.0,1.0
1993-06-08,5.968917,5.509769,5.509769,5.968917,0.0,1.0
1993-06-09,5.968917,5.509769,5.968917,5.509769,0.0,1.0
1993-06-10,5.968917,5.968917,5.968917,5.968917,0.0,0.0
1993-06-11,5.968917,5.968917,5.968917,5.968917,0.0,0.0
1993-06-14,5.968917,5.968917,5.968917,5.968917,0.0,0.0
1993-06-15,5.968917,5.968917,5.968917,5.968917,0.0,0.0
1993-06-16,5.968917,5.968917,5.968917,5.968917,0.0,0.0
1993-06-17,5.968917,5.968917,5.968917,5.968917,0.0,0.0
1993-06-18,5.968917,5.968917,5.968917,5.968917,0.0,0.0
1993-06-21,6.428064,5.968917,5.968917,5.968917,0.0,0.0
1993-06-22,5.968917,5.968917,5.968917,5.968917,0.0,0.0
1993-06-23,5.968917,5.968917,5.968917,5.968917,0.0,0.0
1993-06-24,5.968917,5.968917,5.968917,5.968917,0.0,0.0
1993-06-25,5.968917,5.968917,5.968917,5.968917,0.0,0.0
1993-06-28,5.968917,5.968917,5.968917,5.968917,0.0,0.0
1993-06-29,5.968917,5.968917,5.968917,5.968917,0.0,0.0
1993-06-30,5.968917,5.968917,5.968917,5.968917,0.0,0.0
1993-07-01,5.968917,5.968917,5.968917,5.968917,0.0,0.0
1993-07-02,5.968917,5.968917,5.968917,5.968917,0.0,0.0
1993-07-05,5.968917,5.968917,5.968917,5.968917,0.0,0.0
1993-07-06,5.968917,5.968917,5.968917,5.968917,0.0,0.0
1993-07-07,5.968917,5.968917,5.968917,5.968917,0.0,0.0
1993-07-08,5.968917,5.968917,5.968917,5.968917,0.0,0.0
1993-07-09,5.968917,5.968917,5.968917,5.968917,0.0,0.0
1993-07-12,5.968917,5.968917,5.968917,5.968917,0.0,0.0
1993-07-13,5.968917,5.968917,5.968917,5.968917,0.0,0.0
1993-07-14,5.968917,5.968917,5.968917,5.968917,0.0,0.0
1993-07-15,5.968917,5.968917,5.968917,5.968917,0.0,0.0
1993-07-16,5.968917,5.968917,5.968917,5.968917,0.0,0.0
1993-07-19,5.968917,5.968917,5.968917,5.968917,0.0,0.0
1993-07-20,5.968917,5.968917,5.968917,5.968917,0.0,0.0
1993-07-21,5.968917,5.968917,5.968917,5.968917,0.0,0.0
1993-07-22,5.968917,5.968917,5.968917,5.968917,0.0,0.0
1993-07-23,5.968917,5.968917,5.968917,5.968917,0.0,0.0
1993-07-26,5.968917,5.968917,5.968917,5.968917,0.0,0.0
1993-07-27,5.968917,5.968917,5.968917,5.968917,0.0,0.0
1993-07-28,5.968917,5.968917,5.968917,5.968917,0.0,0.0
1993-07-29,5.968917,5.968917,5.968917,5.968917,0.0,0.0
1993-07-30,6.428064,5.968917,6.428064,6.428064,0.0,1.0
1993-08-02,6.428064,6.428064,6.428064,6.428064,0.0,0.0
1993-08-03,6.428064,5.968917,5.968917,6.428064,0.0,1.0
1993-08-04,6.428064,5.968917,5.968917,6.428064,0.0,1.0
1993-08-05,5.968917,5.968917,5.968917,5.968917,0.0,0.0
1993-08-06,5.968917,5.968917,5.968917,5.968917,0.0,0.0
1993-08-09,5.968917,5.968917,5.968917,5.968917,0.0,0.0
1993-08-10,5.968917,5.968917,5.968917,5.968917,0.0,0.0
1993-08-11,5.968917,5.968917,5.968917,5.968917,0.0,0.0
1993-08-12,5.968917,5.968917,5.968917,5.968917,0.0,0.0
1993-08-13,5.968917,5.968917,5.968917,5.968917,0.0,0.0
1993-08-16,5.968917,5.509769,5.509769,5.968917,0.0,1.0
1993-08-17,5.509769,5.509769,5.509769,5.509769,0.0,0.0
1993-08-18,5.509769,5.509769,5.509769,5.509769,0.0,0.0
1993-08-19,5.509769,5.509769,5.509769,5.509769,0.0,0.0
1993-08-20,5.509769,5.509769,5.509769,5.509769,0.0,0.0
1993-08-23,5.509769,5.509769,5.509769,5.509769,0.0,0.0
1993-08-24,5.509769,5.509769,5.509769,5.509769,0.0,0.0
1993-08-25,5.509769,5.509769,5.509769,5.509769,0.0,0.0
1993-08-26,5.509769,5.509769,5.509769,5.509769,0.0,0.0
1993-08-27,5.509769,5.509769,5.509769,5.509769,0.0,0.0
1993-08-30,5.509769,5.509769,5.509769,5.509769,0.0,0.0
1993-08-31,5.509769,5.509769,5.509769,5.509769,0.0,0.0
1993-09-01,5.509769,5.050622,5.509769,5.509769,0.0,0.0
1993-09-02,5.509769,5.509769,5.509769,5.509769,0.0,0.0
1993-09-03,5.509769,5.509769,5.509769,5.509769,0.0,0.0
1993-09-06,5.509769,5.509769,5.509769,5.509769,0.0,0.0
1993-09-07,5.509769,5.509769,5.509769,5.509769,0.0,0.0
1993-09-08,5.509769,5.509769,5.509769,5.509769,0.0,0.0
1993-09-09,5.509769,5.509769,5.509769,5.509769,0.0,0.0
1993-09-10,5.509769,5.509769,5.509769,5.509769,0.0,0.0
1993-09-13,5.509769,5.509769,5.509769,5.509769,0.0,0.0
1993-09-14,5.509769,5.050622,5.050622,5.509769,0.0,1.0
1993-09-15,5.050622,5.050622,5.050622,5.050622,0.0,0.0
1993-09-16,5.050622,5.050622,5.050622,5.050622,0.0,0.0
1993-09-17,5.050622,5.050622,5.050622,5.050622,0.0,0.0
1993-09-20,5.509769,5.050622,5.050622,5.050622,0.0,0.0
1993-09-21,5.968917,5.050622,5.968917,5.509769,0.0,1.0
1993-09-22,5.968917,5.968917,5.968917,5.968917,0.0,0.0
1993-09-23,5.968917,5.968917,5.968917,5.968917,0.0,0.0
1993-09-24,5.968917,5.968917,5.968917,5.968917,0.0,0.0
1993-09-27,5.968917,5.968917,5.968917,5.968917,0.0,0.0
1993-09-28,5.968917,5.968917,5.968917,5.968917,0.0,0.0
1993-09-29,5.968917,5.968917,5.968917,5.968917,0.0,0.0
1993-09-30,5.968917,5.968917,5.968917,5.968917,0.0,0.0
1993-10-01,5.968917,5.968917,5.968917,5.968917,0.0,0.0
1993-10-04,5.968917,5.968917,5.968917,5.968917,0.0,0.0
1993-10-05,5.968917,5.968917,5.968917,5.968917,0.0,0.0
1993-10-06,5.968917,5.968917,5.968917,5.968917,0.0,0.0
1993-10-07,5.968917,5.968917,5.968917,5.968917,0.0,0.0
1993-10-08,5.968917,5.968917,5.968917,5.968917,0.0,0.0
1993-10-11,5.968917,5.509769,5.509769,5.968917,0.0,1.0
1993-10-12,5.968917,5.509769,5.509769,5.968917,0.0,1.0
1993-10-13,5.968917,5.509769,5.509769,5.968917,0.0,1.0
1993-10-14,5.509769,5.509769,5.509769,5.509769,0.0,0.0
1993-10-15,5.509769,5.509769,5.509769,5.509769,0.0,0.0
1993-10-18,5.509769,5.509769,5.509769,5.509769,0.0,0.0
1993-10-19,5.509769,5.509769,5.509769,5.509769,0.0,0.0
1993-10-20,5.509769,5.050622,5.050622,5.509769,0.0,1.0
1993-10-21,5.050622,5.050622,5.050622,5.050622,0.0,0.0
1993-10-22,5.050622,5.050622,5.050622,5.050622,0.0,0.0
1993-10-25,5.050622,5.050622,5.050622,5.050622,0.0,0.0
1993-10-26,5.050622,5.050622,5.050622,5.050622,0.0,0.0
1993-10-27,5.050622,5.050622,5.050622,5.050622,0.0,0.0
1993-10-28,5.050622,5.050622,5.050622,5.050622,0.0,0.0
1993-10-29,5.509769,5.050622,5.509769,5.050622,0.0,1.0
1993-11-01,5.509769,5.509769,5.509769,5.509769,0.0,0.0
1993-11-02,5.509769,5.509769,5.509769,5.509769,0.0,0.0
1993-11-03,5.509769,5.509769,5.509769,5.509769,0.0,0.0
1993-11-04,5.509769,5.509769,5.509769,5.509769,0.0,0.0
1993-11-05,5.509769,5.509769,5.509769,5.509769,0.0,0.0
1993-11-08,5.509769,5.509769,5.509769,5.509769,0.0,0.0
1993-11-09,5.509769,5.509769,5.509769,5.509769,0.0,0.0
1993-11-10,5.509769,5.509769,5.509769,5.509769,0.0,0.0
1993-11-11,5.509769,5.509769,5.509769,5.509769,0.0,0.0
1993-11-12,5.509769,5.509769,5.509769,5.509769,0.0,0.0
1993-11-15,5.509769,5.509769,5.509769,5.509769,0.0,0.0
1993-11-16,5.509769,5.509769,5.509769,5.509769,0.0,0.0
1993-11-17,5.509769,5.509769,5.509769,5.509769,0.0,0.0
1993-11-18,5.509769,5.509769,5.509769,5.509769,0.0,0.0
1993-11-19,5.509769,5.050622,5.050622,5.509769,0.0,1.0
1993-11-22,5.280196,5.050622,5.050622,5.280196,0.0,96918.759843
1993-11-23,5.050622,5.050622,5.050622,5.050622,0.0,0.0
1993-11-24,5.050622,5.050622,5.050622,5.050622,0.0,0.0
1993-11-25,5.050622,5.050622,5.050622,5.050622,0.0,0.0
1993-11-26,5.050622,5.050622,5.050622,5.050622,0.0,0.0
1993-11-29,5.050622,5.050622,5.050622,5.050622,0.0,0.0
1993-11-30,5.050622,5.050622,5.050622,5.050622,0.0,0.0
1993-12-01,5.050622,5.050622,5.050622,5.050622,0.0,0.0
1993-12-02,5.050622,5.050622,5.050622,5.050622,0.0,0.0
1993-12-03,5.050622,5.050622,5.050622,5.050622,0.0,0.0
1993-12-06,5.050622,5.050622,5.050622,5.050622,0.0,0.0
1993-12-07,5.050622,5.050622,5.050622,5.050622,0.0,0.0
1993-12-08,5.050622,5.050622,5.050622,5.050622,0.0,0.0
1993-12-09,5.050622,5.050622,5.050622,5.050622,0.0,0.0
1993-12-10,5.050622,5.050622,5.050622,5.050622,0.0,0.0
1993-12-13,5.509769,5.509769,5.509769,5.509769,0.0,289914.501985
1993-12-14,5.968917,4.821048,5.509769,5.968917,0.0,345369.456212
1993-12-15,5.509769,5.280196,5.509769,5.280196,0.0,348471.945502
1993-12-16,5.509769,4.591474,5.509769,4.591474,0.0,249324.054183
1993-12-17,5.968917,5.280196,5.509769,5.968917,0.0,2208277.608393
1993-12-20,5.968917,5.280196,5.509769,5.968917,0.0,1757022.773591
1993-12-21,5.968917,5.050622,5.509769,5.968917,0.0,113331.788476
1993-12-22,6.428064,5.968917,5.968917,5.968917,0.0,191659.570026
1993-12-23,5.968917,5.968917,5.968917,5.968917,0.0,0.0
1993-12-24,5.968917,5.968917,5.968917,5.968917,0.0,0.0
1993-12-27,5.968917,5.968917,5.968917,5.968917,0.0,0.0
1993-12-28,5.968917,5.968917,5.968917,5.968917,0.0,0.0
1993-12-29,5.968917,5.968917,5.968917,5.968917,0.0,0.0
1993-12-30,5.968917,5.968917,5.968917,5.968917,0.0,0.0
1993-12-31,5.968917,5.968917,5.968917,5.968917,0.0,0.0
1994-01-03,5.968917,5.968917,5.968917,5.968917,0.0,0.0
1994-01-04,5.968917,5.968917,5.968917,5.968917,0.0,0.0
1994-01-05,5.968917,5.968917,5.968917,5.968917,0.0,0.0
1994-01-06,5.968917,5.968917,5.968917,5.968917,0.0,0.0
1994-01-07,5.968917,5.968917,5.968917,5.968917,0.0,0.0
1994-01-10,5.968917,5.968917,5.968917,5.968917,0.0,0.0
1994-01-11,5.968917,5.968917,5.968917,5.968917,0.0,0.0
1994-01-12,5.968917,5.968917,5.968917,5.968917,0.0,0.0
1994-01-13,5.968917,5.968917,5.968917,5.968917,0.0,0.0
1994-01-14,5.968917,5.968917,5.968917,5.968917,0.0,0.0
1994-01-17,5.968917,5.968917,5.968917,5.968917,0.0,0.0
1994-01-18,5.968917,5.968917,5.968917,5.968917,0.0,0.0
1994-01-19,5.968917,5.968917,5.968917,5.968917,0.0,0.0
1994-01-20,5.968917,5.968917,5.968917,5.968917,0.0,0.0
1994-01-21,5.968917,5.968917,5.968917,5.968917,0.0,0.0
1994-01-24,5.968917,5.968917,5.968917,5.968917,0.0,0.0
1994-01-25,13.774423,9.182949,11.937833,12.856128,0.0,7788563.598981
1994-01-26,12.396981,10.101244,11.478686,11.019538,0.0,1207526.074528
1994-01-27,13.430062,10.560391,12.856128,11.937833,0.0,1277359.852406
1994-01-28,14.23357,12.396981,13.315276,13.315276,0.0,902128.528414
1994-01-31,14.23357,11.937833,12.856128,12.396981,0.0,644735.170744
1994-02-01,13.315276,11.019538,11.937833,11.937833,0.0,434911.500558
1994-02-02,12.396981,11.019538,11.937833,12.396981,0.0,163532.43915
1994-02-03,12.856128,11.019538,11.937833,12.856128,0.0,212864.08791
1994-02-04,12.856128,11.019538,11.937833,12.856128,0.0,199720.161715
1994-02-07,11.019538,9.182949,10.101244,11.019538,0.0,227773.242303
1994-02-08,11.478686,10.101244,11.478686,11.019538,0.0,341434.990152
1994-02-09,12.396981,10.560391,11.478686,10.560391,0.0,212726.877081
1994-02-10,11.937833,10.101244,11.019538,11.937833,0.0,347502.757903
1994-02-11,11.019538,9.642096,10.560391,10.101244,0.0,246548.257342
1994-02-14,11.019538,10.101244,10.101244,11.019538,0.0,138905.273376
1994-02-15,10.101244,9.182949,10.101244,9.182949,0.0,129966.967974
1994-02-16,9.182949,9.182949,9.642096,9.182949,0.0,363799.26623
1994-02-17,10.101244,9.182949,9.182949,9.182949,0.0,7790166.56993
1994-02-18,10.789965,9.182949,10.101244,9.642096,0.0,445796.892956
1994-02-21,11.019538,9.182949,10.101244,9.182949,0.0,147512.53043
1994-02-22,10.101244,9.642096,10.101244,9.642096,0.0,66400.240241
1994-02-23,9.182949,9.182949,10.101244,9.182949,0.0,13067.697956
1994-02-24,10.101244,9.182949,10.101244,9.182949,0.0,408365.561135
1994-02-25,11.019538,9.182949,10.101244,11.019538,0.0,169075.321033
1994-02-28,10.560391,10.560391,10.101244,10.560391,0.0,59893.615633
1994-03-01,10.560391,9.182949,10.101244,9.182949,0.0,51181.816996
1994-03-02,10.560391,10.560391,9.642096,10.560391,0.0,11731.52584
1994-03-03,10.101244,10.101244,9.642096,10.101244,0.0,20144.945374
1994-03-04,10.560391,9.182949,9.642096,10.560391,0.0,125609.979681
1994-03-07,10.560391,8.723801,9.642096,10.560391,0.0,289676.016497
1994-03-08,8.723801,8.723801,9.642096,8.723801,0.0,13612.185371
1994-03-09,10.560391,10.560391,9.642096,10.560391,0.0,13067.697956
1994-03-10,9.642096,9.642096,9.642096,9.642096,0.0,0.0
1994-03-11,9.642096,8.723801,9.642096,8.723801,0.0,128771.273611
1994-03-14,9.182949,9.182949,9.642096,9.182949,0.0,68341.882362
1994-03-15,10.101244,10.101244,9.642096,10.101244,0.0,11978.723127
1994-03-16,9.182949,9.182949,9.642096,9.182949,0.0,22868.471424
1994-03-17,9.642096,8.723801,9.642096,9.182949,0.0,96088.961022
1994-03-18,8.723801,8.723801,9.642096,8.723801,0.0,40292.068699
1994-03-21,8.723801,8.264654,9.182949,8.723801,0.0,65387.493649
1994-03-22,8.953375,8.953375,9.182949,8.953375,0.0,283900.094
1994-03-23,10.101244,8.723801,9.182949,8.723801,0.0,69853.379425
1994-03-24,8.838588,8.838588,9.182949,8.838588,0.0,21779.496594
1994-03-25,8.264654,8.264654,9.182949,8.264654,0.0,110095.355282
1994-03-28,8.264654,8.264654,9.182949,8.264654,0.0,55428.818831
1994-03-29,8.379441,8.264654,8.723801,8.264654,0.0,125232.105415
1994-03-30,8.494228,8.494228,8.723801,8.494228,0.0,21779.496594
1994-03-31,9.182949,7.69072,8.723801,7.69072,0.0,68278.721822
1994-04-01,8.723801,8.723801,8.723801,8.723801,0.0,0.0
1994-04-04,8.723801,8.723801,8.723801,8.723801,0.0,0.0
1994-04-05,8.264654,8.264654,8.723801,8.264654,0.0,110400.268234
1994-04-06,9.182949,8.379441,9.182949,8.609014,0.0,151585.296293
1994-04-07,9.642096,8.723801,9.182949,8.723801,0.0,112284.19469
1994-04-08,8.838588,7.805506,8.723801,8.723801,0.0,339983.386704
1994-04-11,8.723801,8.723801,8.723801,8.723801,0.0,0.0
1994-04-12,9.412522,8.264654,9.182949,8.264654,0.0,214883.047244
1994-04-13,9.182949,9.182949,9.182949,9.182949,0.0,0.0
1994-04-14,8.723801,8.264654,9.182949,8.264654,0.0,190570.595196
1994-04-15,9.642096,8.264654,9.182949,9.642096,0.0,41952.755314
1994-04-18,8.264654,8.264654,9.182949,8.264654,0.0,108794.03036
1994-04-19,9.182949,7.805506,9.182949,8.723801,0.0,176835.355669
1994-04-20,8.723801,8.723801,8.723801,8.723801,0.0,1.0
1994-04-21,8.723801,8.723801,8.723801,8.723801,0.0,0.0
1994-04-22,8.723801,7.805506,8.723801,8.723801,0.0,42470.018358
1994-04-25,8.264654,8.264654,8.264654,8.264654,0.0,1.0
1994-04-26,8.264654,7.346359,8.264654,7.346359,0.0,59893.615633
1994-04-27,7.346359,7.346359,8.264654,7.346359,0.0,32669.244891
1994-04-28,8.723801,8.723801,8.264654,8.723801,0.0,23957.446253
1994-04-29,8.723801,8.723801,8.264654,8.723801,0.0,31961.411251
1994-05-02,8.264654,8.264654,8.264654,8.264654,0.0,0.0
1994-05-03,8.723801,7.346359,8.264654,7.346359,0.0,79250.143231
1994-05-04,8.264654,8.264654,8.264654,8.264654,0.0,0.0
1994-05-05,8.264654,8.264654,8.264654,8.264654,0.0,0.0
1994-05-06,8.264654,8.264654,8.264654,8.264654,0.0,0.0
1994-05-09,7.346359,7.346359,8.264654,7.346359,0.0,18512.572105
1994-05-10,8.264654,8.264654,8.264654,8.264654,0.0,0.0
1994-05-11,7.575933,7.346359,8.264654,7.346359,0.0,80475.239914
1994-05-12,7.346359,7.346359,7.805506,7.346359,0.0,56626.691144
1994-05-13,7.805506,7.805506,7.805506,7.805506,0.0,0.0
1994-05-16,7.805506,6.887212,7.346359,6.887212,0.0,70290.058332
1994-05-17,6.657638,5.968917,7.346359,5.968917,0.0,435589.931877
1994-05-18,6.887212,6.428064,7.346359,6.887212,0.0,61418.180395
1994-05-19,6.657638,6.428064,7.346359,6.657638,0.0,234129.588384
1994-05-20,7.346359,7.346359,7.346359,7.346359,0.0,0.0
1994-05-23,8.264654,7.346359,7.805506,7.346359,0.0,166923.506769
1994-05-24,7.346359,7.346359,7.805506,7.346359,0.0,36535.105536
1994-05-25,7.805506,7.805506,7.805506,7.805506,0.0,0.0
1994-05-26,8.264654,6.887212,7.805506,8.264654,0.0,42361.120875
1994-05-27,6.887212,6.887212,7.805506,6.887212,0.0,35088.946962
1994-05-30,7.805506,7.805506,7.805506,7.805506,0.0,0.0
1994-05-31,7.805506,7.805506,7.805506,7.805506,0.0,0.0
1994-06-01,7.805506,7.805506,7.805506,7.805506,0.0,0.0
1994-06-02,7.805506,7.805506,7.805506,7.805506,0.0,0.0
1994-06-03,7.805506,7.805506,7.805506,7.805506,0.0,0.0
1994-06-06,7.805506,7.805506,7.805506,7.805506,0.0,0.0
1994-06-07,7.805506,7.805506,7.805506,7.805506,0.0,0.0
1994-06-08,7.805506,7.805506,7.805506,7.805506,0.0,0.0
1994-06-09,7.805506,7.805506,7.805506,7.805506,0.0,0.0
1994-06-10,7.805506,7.805506,7.805506,7.805506,0.0,0.0
1994-06-13,7.805506,7.805506,7.805506,7.805506,0.0,0.0
1994-06-14,7.805506,7.805506,7.805506,7.805506,0.0,0.0
1994-06-15,7.805506,7.805506,7.805506,7.805506,0.0,0.0
1994-06-16,7.805506,7.805506,7.805506,7.805506,0.0,0.0
1994-06-17,7.346359,7.346359,7.805506,7.346359,0.0,62850.182296
1994-06-20,8.03508,7.346359,7.805506,8.03508,0.0,267343.32069
1994-06-21,8.264654,7.346359,7.805506,8.264654,0.0,72355.843584
1994-06-22,8.264654,8.264654,7.805506,8.264654,0.0,19601.546934
1994-06-23,7.805506,7.805506,7.805506,7.805506,0.0,0.0
1994-06-24,7.805506,7.805506,7.805506,7.805506,0.0,0.0
1994-06-27,7.805506,7.805506,7.805506,7.805506,0.0,0.0
1994-06-28,7.805506,7.805506,7.805506,7.805506,0.0,0.0
1994-06-29,7.346359,7.346359,7.805506,7.346359,0.0,27224.370742
1994-06-30,7.805506,7.805506,7.805506,7.805506,0.0,0.0
1994-07-01,7.805506,7.805506,7.805506,7.805506,0.0,0.0
1994-07-04,8.264654,8.264654,7.805506,8.264654,0.0,58804.640803
1994-07-05,7.346359,7.346359,7.346359,7.346359,0.0,1.0
1994-07-06,7.346359,7.346359,7.346359,7.346359,0.0,0.0
1994-07-07,7.346359,7.346359,7.346359,7.346359,0.0,0.0
1994-07-08,6.887212,6.887212,7.346359,6.887212,0.0,23873.595191
1994-07-11,7.346359,7.346359,7.346359,7.346359,0.0,0.0
1994-07-12,7.346359,7.346359,7.346359,7.346359,0.0,0.0
1994-07-13,6.887212,6.887212,7.346359,6.887212,0.0,35088.946962
1994-07-14,7.346359,7.346359,7.346359,7.346359,0.0,0.0
1994-07-15,7.346359,7.346359,7.346359,7.346359,0.0,0.0
1994-07-18,7.805506,7.805506,7.346359,7.805506,0.0,107432.811823
1994-07-19,7.346359,7.346359,7.346359,7.346359,0.0,0.0
1994-07-20,7.346359,7.346359,7.346359,7.346359,0.0,0.0
1994-07-21,7.346359,7.346359,7.346359,7.346359,0.0,0.0
1994-07-22,7.346359,7.346359,7.346359,7.346359,0.0,0.0
1994-07-25,7.805506,7.805506,7.346359,7.805506,0.0,25046.421083
1994-07-26,7.805506,7.805506,7.346359,7.805506,0.0,32669.244891
1994-07-27,7.346359,7.346359,7.805506,7.346359,0.0,108897.482969
1994-07-28,8.03508,8.03508,7.805506,8.03508,0.0,32669.244891
1994-07-29,7.346359,7.346359,7.805506,7.346359,0.0,38114.119039
1994-08-01,7.805506,7.346359,7.805506,7.346359,0.0,63296.661976
1994-08-02,7.346359,7.346359,7.805506,7.346359,0.0,19687.575946
1994-08-03,7.805506,7.805506,7.805506,7.805506,0.0,0.0
1994-08-04,7.805506,7.805506,7.805506,7.805506,0.0,0.0
1994-08-05,7.805506,7.805506,7.805506,7.805506,0.0,0.0
1994-08-08,7.805506,7.805506,7.805506,7.805506,0.0,0.0
1994-08-09,7.805506,7.805506,7.805506,7.805506,0.0,0.0
1994-08-10,7.805506,7.805506,7.805506,7.805506,0.0,0.0
1994-08-11,8.264654,7.346359,7.805506,8.264654,0.0,177502.89724
1994-08-12,7.805506,7.805506,7.805506,7.805506,0.0,0.0
1994-08-15,7.805506,7.805506,7.805506,7.805506,0.0,0.0
1994-08-16,8.03508,8.03508,7.805506,8.03508,0.0,119787.231266
1994-08-17,8.264654,8.264654,8.264654,8.264654,0.0,1.0
1994-08-18,8.264654,8.264654,8.264654,8.264654,0.0,0.0
1994-08-19,8.264654,8.264654,8.264654,8.264654,0.0,0.0
1994-08-22,8.264654,8.264654,8.264654,8.264654,0.0,0.0
1994-08-23,8.723801,8.723801,8.264654,8.723801,0.0,22323.984009
1994-08-24,7.575933,7.575933,8.264654,7.575933,0.0,119787.231266
1994-08-25,8.264654,8.264654,8.264654,8.264654,0.0,108897.482969
1994-08-26,7.575933,7.575933,8.264654,7.575933,0.0,24501.933668
1994-08-29,8.264654,8.264654,8.264654,8.264654,0.0,0.0
1994-08-30,8.264654,8.264654,8.264654,8.264654,0.0,0.0
1994-08-31,7.346359,7.346359,8.264654,7.346359,0.0,25797.813715
1994-09-01,7.805506,7.805506,8.264654,7.805506,0.0,30491.295231
1994-09-02,8.723801,8.723801,8.264654,8.723801,0.0,71261.42388
1994-09-05,8.264654,8.264654,8.264654,8.264654,0.0,0.0
1994-09-06,8.264654,8.264654,8.264654,8.264654,0.0,0.0
1994-09-07,7.805506,7.805506,8.264654,7.805506,0.0,17423.597275
1994-09-08,7.805506,7.346359,8.264654,7.805506,0.0,157356.862891
1994-09-09,8.264654,8.264654,8.264654,8.264654,0.0,0.0
1994-09-12,8.264654,8.264654,8.264654,8.264654,0.0,0.0
1994-09-13,8.494228,8.494228,8.264654,8.494228,0.0,223239.840087
1994-09-14,7.805506,7.805506,8.264654,7.805506,0.0,32669.244891
1994-09-15,8.723801,7.346359,8.264654,7.346359,0.0,98007.734672
1994-09-16,8.264654,8.264654,8.264654,8.264654,0.0,0.0
1994-09-19,7.346359,7.346359,8.264654,7.346359,0.0,46841.163324
1994-09-20,8.264654,8.264654,8.264654,8.264654,0.0,0.0
1994-09-21,8.264654,8.264654,8.264654,8.264654,0.0,0.0
1994-09-22,8.264654,8.264654,8.264654,8.264654,0.0,0.0
1994-09-23,8.264654,8.264654,8.264654,8.264654,0.0,0.0
1994-09-26,8.264654,8.264654,8.264654,8.264654,0.0,0.0
1994-09-27,8.264654,8.264654,8.264654,8.264654,0.0,0.0
1994-09-28,8.264654,8.264654,8.264654,8.264654,0.0,0.0
1994-09-29,8.264654,8.264654,8.264654,8.264654,0.0,0.0
1994-09-30,8.264654,8.264654,8.264654,8.264654,0.0,0.0
1994-10-03,8.264654,8.264654,8.264654,8.264654,0.0,0.0
1994-10-04,8.723801,8.723801,8.264654,8.723801,0.0,27224.370742
1994-10-05,8.264654,8.264654,8.264654,8.264654,0.0,0.0
1994-10-06,8.264654,8.264654,8.264654,8.264654,0.0,0.0
1994-10-07,8.264654,8.264654,8.264654,8.264654,0.0,0.0
1994-10-10,7.346359,7.346359,8.264654,7.346359,0.0,42470.018358
1994-10-11,8.264654,8.264654,8.264654,8.264654,0.0,0.0
1994-10-12,8.264654,8.264654,8.264654,8.264654,0.0,0.0
1994-10-13,8.264654,8.264654,8.264654,8.264654,0.0,0.0
1994-10-14,8.264654,8.264654,8.264654,8.264654,0.0,0.0
1994-10-17,8.264654,8.264654,8.264654,8.264654,0.0,0.0
1994-10-18,8.264654,8.264654,8.264654,8.264654,0.0,0.0
1994-10-19,8.264654,8.264654,8.264654,8.264654,0.0,0.0
1994-10-20,8.264654,8.264654,8.264654,8.264654,0.0,0.0
1994-10-21,8.264654,8.264654,8.264654,8.264654,0.0,0.0
1994-10-24,8.264654,8.264654,8.264654,8.264654,0.0,0.0
1994-10-25,8.264654,8.264654,8.264654,8.264654,0.0,0.0
1994-10-26,7.346359,7.346359,8.264654,7.346359,0.0,34847.19455
1994-10-27,8.264654,8.264654,8.264654,8.264654,0.0,0.0
1994-10-28,8.264654,8.264654,8.264654,8.264654,0.0,0.0
1994-10-31,8.723801,8.723801,8.264654,8.723801,0.0,15245.647616
1994-11-01,7.346359,7.346359,8.264654,7.346359,0.0,35391.681965
1994-11-02,8.264654,8.264654,8.264654,8.264654,0.0,0.0
1994-11-03,8.264654,8.264654,8.264654,8.264654,0.0,0.0
1994-11-04,8.264654,8.264654,8.264654,8.264654,0.0,0.0
1994-11-07,8.264654,8.264654,8.264654,8.264654,0.0,0.0
1994-11-08,8.264654,8.264654,8.264654,8.264654,0.0,29402.320402
1994-11-09,8.264654,8.264654,8.264654,8.264654,0.0,0.0
1994-11-10,7.346359,7.346359,8.264654,7.346359,0.0,23331.285726
1994-11-11,8.264654,8.264654,8.264654,8.264654,0.0,0.0
1994-11-14,8.264654,8.264654,8.264654,8.264654,0.0,0.0
1994-11-15,8.953375,7.805506,8.723801,8.723801,0.0,220735.197979
1994-11-16,7.805506,7.805506,8.723801,7.805506,0.0,47594.733907
1994-11-17,8.723801,8.494228,8.723801,8.494228,0.0,154634.425816
1994-11-18,9.182949,7.805506,8.723801,9.182949,0.0,48845.965986
1994-11-21,8.723801,7.805506,8.723801,8.723801,0.0,108020.858231
1994-11-22,8.03508,7.805506,8.723801,7.805506,0.0,40292.068699
1994-11-23,8.723801,8.723801,8.723801,8.723801,0.0,0.0
1994-11-24,8.03508,8.03508,8.723801,8.03508,0.0,27224.370742
1994-11-25,8.609014,7.805506,8.723801,7.805506,0.0,321247.574759
1994-11-28,8.723801,8.723801,8.723801,8.723801,0.0,0.0
1994-11-29,7.805506,7.805506,8.723801,7.805506,0.0,272243.707423
1994-11-30,7.805506,7.805506,8.723801,7.805506,0.0,47006.687499
1994-12-01,8.723801,8.723801,8.723801,8.723801,0.0,0.0
1994-12-02,7.805506,7.805506,8.723801,7.805506,0.0,22222.70935
1994-12-05,8.723801,8.723801,8.723801,8.723801,0.0,0.0
1994-12-06,8.723801,8.723801,8.723801,8.723801,0.0,0.0
1994-12-07,8.723801,7.805506,8.723801,7.805506,0.0,75081.547583
1994-12-08,8.723801,8.723801,8.723801,8.723801,0.0,0.0
1994-12-09,8.723801,8.723801,8.723801,8.723801,0.0,0.0
1994-12-12,9.182949,7.805506,8.723801,9.182949,0.0,57715.665974
1994-12-13,8.723801,8.723801,8.723801,8.723801,0.0,0.0
1994-12-14,9.182949,9.182949,8.723801,9.182949,0.0,10889.748297
1994-12-15,8.723801,8.723801,8.723801,8.723801,0.0,0.0
1994-12-16,8.723801,8.723801,8.723801,8.723801,0.0,0.0
1994-12-19,8.723801,8.723801,8.723801,8.723801,0.0,0.0
1994-12-20,8.953375,8.953375,8.723801,8.953375,0.0,54285.39526
1994-12-21,8.723801,8.723801,8.723801,8.723801,0.0,0.0
1994-12-22,8.723801,8.723801,8.723801,8.723801,0.0,0.0
1994-12-23,7.805506,7.805506,8.723801,7.805506,0.0,33213.732306
1994-12-26,8.723801,8.723801,8.723801,8.723801,0.0,0.0
1994-12-27,8.723801,8.723801,8.723801,8.723801,0.0,0.0
1994-12-28,8.723801,8.723801,8.723801,8.723801,0.0,0.0
1994-12-29,9.182949,9.182949,8.723801,9.182949,0.0,16024.264619
1994-12-30,8.723801,8.723801,8.723801,8.723801,0.0,0.0
1995-01-02,8.723801,8.723801,8.723801,8.723801,0.0,0.0
1995-01-03,9.182949,7.805506,8.723801,9.182949,0.0,51715.414662
1995-01-04,8.03508,8.03508,8.723801,8.03508,0.0,32669.244891
1995-01-05,8.723801,8.723801,8.723801,8.723801,0.0,0.0
1995-01-06,8.494228,8.03508,8.723801,8.03508,0.0,300317.478533
1995-01-09,8.723801,8.723801,8.723801,8.723801,0.0,0.0
1995-01-10,8.723801,8.723801,8.723801,8.723801,0.0,0.0
1995-01-11,8.723801,8.723801,8.723801,8.723801,0.0,0.0
1995-01-12,8.723801,8.723801,8.723801,8.723801,0.0,0.0
1995-01-13,8.494228,8.494228,8.723801,8.494228,0.0,227922.431855
1995-01-16,9.182949,9.182949,8.723801,9.182949,0.0,22754.129066
1995-01-17,8.723801,8.03508,8.723801,8.723801,0.0,568444.8611
1995-01-18,8.723801,8.723801,8.723801,8.723801,0.0,0.0
1995-01-19,8.723801,8.723801,8.723801,8.723801,0.0,0.0
1995-01-20,8.723801,8.723801,8.723801,8.723801,0.0,0.0
1995-01-23,8.723801,8.723801,8.723801,8.723801,0.0,0.0
1995-01-24,8.723801,8.723801,8.723801,8.723801,0.0,0.0
1995-01-25,8.723801,8.723801,8.723801,8.723801,0.0,0.0
1995-01-26,8.723801,8.723801,8.723801,8.723801,0.0,0.0
1995-01-27,8.723801,8.723801,8.723801,8.723801,0.0,0.0
1995-01-30,9.182949,7.346359,8.264654,9.182949,0.0,178047.384655
1995-01-31,8.264654,8.264654,8.264654,8.264654,0.0,0.0
1995-02-01,7.920293,7.920293,8.264654,7.920293,0.0,21779.496594
1995-02-02,8.264654,8.264654,8.264654,8.264654,0.0,0.0
1995-02-03,8.723801,8.723801,8.723801,8.723801,0.0,1.0
1995-02-06,8.723801,8.723801,8.723801,8.723801,0.0,0.0
1995-02-07,8.264654,8.264654,8.723801,8.264654,0.0,54993.228899
1995-02-08,8.723801,8.723801,8.723801,8.723801,0.0,0.0
1995-02-09,8.723801,8.723801,8.723801,8.723801,0.0,0.0
1995-02-10,8.723801,8.723801,8.723801,8.723801,0.0,0.0
1995-02-13,8.264654,8.264654,8.723801,8.264654,0.0,41081.57545
1995-02-14,8.264654,8.264654,8.723801,8.264654,0.0,56262.973551
1995-02-15,8.264654,8.264654,8.723801,8.264654,0.0,15245.647616
1995-02-16,8.264654,8.264654,8.723801,8.264654,0.0,59893.615633
1995-02-17,8.264654,8.264654,8.723801,8.264654,0.0,27224.370742
1995-02-20,8.723801,8.723801,8.723801,8.723801,0.0,0.0
1995-02-21,8.264654,8.264654,8.723801,8.264654,0.0,18730.367071
1995-02-22,7.805506,7.805506,8.723801,7.805506,0.0,81673.112227
1995-02-23,8.723801,8.723801,8.723801,8.723801,0.0,0.0
1995-02-24,8.723801,8.723801,8.723801,8.723801,0.0,0.0
1995-02-27,7.805506,7.805506,8.723801,7.805506,0.0,27224.370742
1995-02-28,8.723801,8.723801,8.723801,8.723801,0.0,0.0
1995-03-01,8.723801,8.723801,8.723801,8.723801,0.0,0.0
1995-03-02,8.723801,8.723801,8.723801,8.723801,0.0,0.0
1995-03-03,7.805506,7.805506,8.723801,7.805506,0.0,21779.496594
1995-03-06,8.723801,8.723801,8.723801,8.723801,0.0,0.0
1995-03-07,8.723801,8.723801,8.723801,8.723801,0.0,0.0
1995-03-08,8.723801,8.723801,8.723801,8.723801,0.0,0.0
1995-03-09,8.723801,8.723801,8.723801,8.723801,0.0,0.0
1995-03-10,8.723801,8.723801,8.723801,8.723801,0.0,0.0
1995-03-13,6.428064,6.428064,8.264654,6.428064,0.0,109866.670568
1995-03-14,7.346359,7.346359,8.264654,7.346359,0.0,54262.526789
1995-03-15,8.264654,8.264654,8.264654,8.264654,0.0,0.0
1995-03-16,7.346359,7.346359,8.264654,7.346359,0.0,21779.496594
1995-03-17,8.264654,8.264654,8.264654,8.264654,0.0,0.0
1995-03-20,8.264654,8.264654,8.264654,8.264654,0.0,0.0
1995-03-21,8.264654,8.264654,8.264654,8.264654,0.0,0.0
1995-03-22,8.264654,8.264654,8.264654,8.264654,0.0,0.0
1995-03-23,7.805506,7.805506,7.805506,7.805506,0.0,1.0
1995-03-24,7.346359,7.346359,7.805506,7.346359,0.0,50310.637132
1995-03-27,7.346359,7.346359,7.805506,7.346359,0.0,108897.482969
1995-03-28,7.346359,7.346359,7.805506,7.346359,0.0,108897.482969
1995-03-29,7.805506,7.805506,7.805506,7.805506,0.0,0.0
1995-03-30,7.805506,7.805506,7.805506,7.805506,0.0,0.0
1995-03-31,7.805506,7.805506,7.805506,7.805506,0.0,0.0
1995-04-03,7.346359,7.346359,7.805506,7.346359,0.0,59893.615633
1995-04-04,8.264654,7.346359,7.805506,8.264654,0.0,44103.480603
1995-04-05,7.805506,7.805506,7.805506,7.805506,0.0,0.0
1995-04-06,7.805506,7.805506,7.805506,7.805506,0.0,0.0
1995-04-07,7.805506,7.805506,7.805506,7.805506,0.0,0.0
1995-04-10,7.805506,7.805506,7.805506,7.805506,0.0,0.0
1995-04-11,7.346359,7.346359,7.805506,7.346359,0.0,32124.757476
1995-04-12,7.346359,7.346359,7.805506,7.346359,0.0,19375.04017
1995-04-13,7.805506,7.805506,7.805506,7.805506,0.0,0.0
1995-04-14,7.805506,7.805506,7.805506,7.805506,0.0,0.0
1995-04-17,7.805506,7.805506,7.805506,7.805506,0.0,0.0
1995-04-18,7.805506,7.805506,7.805506,7.805506,0.0,0.0
1995-04-19,7.805506,7.805506,7.805506,7.805506,0.0,0.0
1995-04-20,7.805506,7.805506,7.805506,7.805506,0.0,0.0
1995-04-21,7.805506,7.805506,7.805506,7.805506,0.0,0.0
1995-04-24,6.887212,6.887212,7.805506,6.887212,0.0,16334.622445
1995-04-25,7.805506,7.805506,7.805506,7.805506,0.0,0.0
1995-04-26,7.805506,7.805506,7.805506,7.805506,0.0,0.0
1995-04-27,7.805506,7.805506,7.805506,7.805506,0.0,0.0
1995-04-28,7.805506,7.805506,7.805506,7.805506,0.0,0.0
1995-05-01,7.805506,7.805506,7.805506,7.805506,0.0,0.0
1995-05-02,7.805506,7.805506,7.805506,7.805506,0.0,0.0
1995-05-03,7.805506,7.805506,7.805506,7.805506,0.0,0.0
1995-05-04,6.887212,6.887212,7.805506,6.887212,0.0,16334.622445
1995-05-05,7.805506,7.805506,7.805506,7.805506,0.0,0.0
1995-05-08,7.805506,7.805506,7.805506,7.805506,0.0,0.0
1995-05-09,7.805506,7.805506,7.805506,7.805506,0.0,0.0
1995-05-10,7.805506,7.805506,7.805506,7.805506,0.0,0.0
1995-05-11,7.805506,7.805506,7.805506,7.805506,0.0,0.0
1995-05-12,7.805506,7.805506,7.805506,7.805506,0.0,0.0
1995-05-15,6.887212,6.887212,7.805506,6.887212,0.0,17968.08469
1995-05-16,7.805506,7.805506,7.805506,7.805506,0.0,117609.281607
1995-05-17,7.805506,7.805506,7.805506,7.805506,0.0,0.0
1995-05-18,7.805506,7.805506,7.805506,7.805506,0.0,0.0
1995-05-19,7.805506,7.805506,7.805506,7.805506,0.0,0.0
1995-05-22,7.805506,7.805506,7.805506,7.805506,0.0,0.0
1995-05-23,8.264654,7.805506,7.805506,8.264654,0.0,1.0
1995-05-24,8.264654,7.805506,7.805506,8.264654,0.0,1.0
1995-05-25,7.805506,7.805506,7.805506,7.805506,0.0,0.0
1995-05-26,7.805506,7.805506,7.805506,7.805506,0.0,0.0
1995-05-29,7.805506,7.805506,7.805506,7.805506,0.0,0.0
1995-05-30,7.805506,7.805506,7.805506,7.805506,0.0,0.0
1995-05-31,7.805506,7.805506,7.805506,7.805506,0.0,0.0
1995-06-01,7.805506,7.805506,7.805506,7.805506,0.0,0.0
1995-06-02,7.805506,7.805506,7.805506,7.805506,0.0,0.0
1995-06-05,7.805506,7.805506,7.805506,7.805506,0.0,0.0
1995-06-06,7.805506,7.805506,7.805506,7.805506,0.0,0.0
1995-06-07,7.805506,7.805506,7.805506,7.805506,0.0,0.0
1995-06-08,7.805506,7.805506,7.805506,7.805506,0.0,0.0
1995-06-09,7.805506,7.805506,7.805506,7.805506,0.0,0.0
1995-06-12,7.805506,7.805506,7.805506,7.805506,0.0,0.0
1995-06-13,7.805506,7.805506,7.805506,7.805506,0.0,0.0
1995-06-14,7.805506,7.805506,7.805506,7.805506,0.0,0.0
1995-06-15,7.805506,7.805506,7.805506,7.805506,0.0,0.0
1995-06-16,7.805506,7.805506,7.805506,7.805506,0.0,0.0
1995-06-19,7.805506,7.805506,7.805506,7.805506,0.0,0.0
1995-06-20,7.805506,7.805506,7.805506,7.805506,0.0,0.0
1995-06-21,7.805506,7.805506,7.805506,7.805506,0.0,0.0
1995-06-22,7.805506,7.805506,7.805506,7.805506,0.0,0.0
1995-06-23,7.805506,7.805506,7.805506,7.805506,0.0,0.0
1995-06-26,7.805506,7.805506,7.805506,7.805506,0.0,0.0
1995-06-27,7.805506,7.805506,7.805506,7.805506,0.0,0.0
1995-06-28,7.805506,7.805506,7.805506,7.805506,0.0,0.0
1995-06-29,7.805506,7.805506,7.805506,7.805506,0.0,0.0
1995-06-30,7.805506,7.805506,7.805506,7.805506,0.0,0.0
1995-07-03,7.805506,7.805506,7.805506,7.805506,0.0,0.0
1995-07-04,7.805506,7.805506,7.805506,7.805506,0.0,0.0
1995-07-05,7.805506,7.805506,7.805506,7.805506,0.0,0.0
1995-07-06,7.805506,7.346359,7.346359,7.805506,0.0,1.0
1995-07-07,7.346359,7.346359,7.346359,7.346359,0.0,0.0
1995-07-10,7.346359,7.346359,7.346359,7.346359,0.0,0.0
1995-07-11,7.346359,6.887212,7.346359,7.346359,0.0,0.0
1995-07-12,7.346359,7.346359,7.346359,7.346359,0.0,0.0
1995-07-13,7.346359,7.346359,7.346359,7.346359,0.0,0.0
1995-07-14,7.346359,6.887212,6.887212,7.346359,0.0,1.0
1995-07-17,6.887212,6.887212,6.887212,6.887212,0.0,0.0
1995-07-18,7.346359,6.887212,6.887212,7.346359,0.0,1.0
1995-07-19,7.346359,6.887212,6.887212,7.346359,0.0,1.0
1995-07-20,7.346359,6.887212,6.887212,7.346359,0.0,1.0
1995-07-21,7.346359,6.887212,6.887212,7.346359,0.0,1.0
1995-07-24,7.346359,6.887212,6.887212,7.346359,0.0,1.0
1995-07-25,7.346359,6.887212,6.887212,7.346359,0.0,1.0
1995-07-26,7.346359,6.887212,6.887212,7.346359,0.0,1.0
1995-07-27,7.346359,6.887212,6.887212,7.346359,0.0,1.0
1995-07-28,7.346359,6.887212,6.887212,7.346359,0.0,1.0
1995-07-31,7.116785,6.887212,7.116785,6.887212,0.0,1.0
1995-08-01,7.805506,7.116785,7.116785,7.805506,0.0,1.0
1995-08-02,7.805506,7.116785,7.116785,7.805506,0.0,1.0
1995-08-03,7.805506,7.116785,7.116785,7.805506,0.0,1.0
1995-08-04,7.805506,6.887212,6.887212,7.805506,0.0,1.0
1995-08-07,7.346359,6.887212,6.887212,7.346359,0.0,1.0
1995-08-08,7.346359,6.887212,6.887212,7.346359,0.0,1.0
1995-08-09,7.346359,6.887212,6.887212,7.346359,0.0,1.0
1995-08-10,7.346359,6.887212,6.887212,7.346359,0.0,1.0
1995-08-11,7.346359,6.887212,6.887212,7.346359,0.0,1.0
1995-08-14,7.346359,6.887212,6.887212,7.346359,0.0,1.0
1995-08-15,7.346359,6.887212,6.887212,7.346359,0.0,1.0
1995-08-16,7.346359,6.887212,6.887212,7.346359,0.0,1.0
1995-08-17,7.346359,6.887212,6.887212,7.346359,0.0,1.0
1995-08-18,7.346359,6.887212,6.887212,7.346359,0.0,1.0
1995-08-21,6.887212,6.887212,6.887212,6.887212,0.0,0.0
1995-08-22,7.346359,6.887212,6.887212,7.346359,0.0,1.0
1995-08-23,7.346359,6.887212,6.887212,7.346359,0.0,1.0
1995-08-24,6.887212,6.887212,6.887212,6.887212,0.0,0.0
1995-08-25,6.887212,6.887212,6.887212,6.887212,0.0,0.0
1995-08-28,6.887212,6.887212,6.887212,6.887212,0.0,0.0
1995-08-29,6.887212,6.887212,6.887212,6.887212,0.0,0.0
1995-08-30,7.346359,6.887212,6.887212,7.346359,0.0,1.0
1995-08-31,7.346359,6.887212,6.887212,7.346359,0.0,1.0
1995-09-01,6.887212,6.887212,6.887212,6.887212,0.0,0.0
1995-09-04,6.887212,6.887212,6.887212,6.887212,0.0,0.0
1995-09-05,6.887212,6.887212,6.887212,6.887212,0.0,0.0
1995-09-06,6.887212,6.887212,6.887212,6.887212,0.0,0.0
1995-09-07,6.887212,6.887212,6.887212,6.887212,0.0,0.0
1995-09-08,6.887212,6.887212,6.887212,6.887212,0.0,0.0
1995-09-11,6.887212,6.887212,6.887212,6.887212,0.0,0.0
1995-09-12,6.887212,6.887212,6.887212,6.887212,0.0,0.0
1995-09-13,7.805506,6.887212,7.805506,6.887212,0.0,1.0
1995-09-14,7.805506,7.805506,7.805506,7.805506,0.0,0.0
1995-09-15,7.805506,7.805506,7.805506,7.805506,0.0,0.0
1995-09-18,7.805506,7.805506,7.805506,7.805506,0.0,0.0
1995-09-19,7.805506,7.805506,7.805506,7.805506,0.0,0.0
1995-09-20,7.805506,7.805506,7.805506,7.805506,0.0,0.0
1995-09-21,7.805506,7.805506,7.805506,7.805506,0.0,0.0
1995-09-22,7.805506,7.805506,7.805506,7.805506,0.0,0.0
1995-09-25,7.805506,7.805506,7.805506,7.805506,0.0,0.0
1995-09-26,7.805506,7.805506,7.805506,7.805506,0.0,0.0
1995-09-27,7.805506,7.805506,7.805506,7.805506,0.0,0.0
1995-09-28,7.805506,7.805506,7.805506,7.805506,0.0,0.0
1995-09-29,7.805506,7.805506,7.805506,7.805506,0.0,0.0
1995-10-02,7.805506,7.805506,7.805506,7.805506,0.0,0.0
1995-10-03,7.805506,7.805506,7.805506,7.805506,0.0,0.0
1995-10-04,7.805506,7.805506,7.805506,7.805506,0.0,0.0
1995-10-05,7.805506,7.805506,7.805506,7.805506,0.0,0.0
1995-10-06,7.805506,7.805506,7.805506,7.805506,0.0,0.0
1995-10-09,7.805506,7.805506,7.805506,7.805506,0.0,0.0
1995-10-10,7.805506,7.805506,7.805506,7.805506,0.0,0.0
1995-10-11,7.805506,7.805506,7.805506,7.805506,0.0,0.0
1995-10-12,7.805506,7.805506,7.805506,7.805506,0.0,0.0
1995-10-13,7.805506,7.805506,7.805506,7.805506,0.0,0.0
1995-10-16,7.805506,7.805506,7.805506,7.805506,0.0,0.0
1995-10-17,7.805506,7.805506,7.805506,7.805506,0.0,0.0
1995-10-18,7.805506,7.805506,7.805506,7.805506,0.0,0.0
1995-10-19,7.805506,7.805506,7.805506,7.805506,0.0,0.0
1995-10-20,7.805506,7.805506,7.805506,7.805506,0.0,0.0
1995-10-23,7.805506,7.805506,7.805506,7.805506,0.0,0.0
1995-10-24,7.805506,7.805506,7.805506,7.805506,0.0,0.0
1995-10-25,7.805506,7.805506,7.805506,7.805506,0.0,0.0
1995-10-26,7.805506,7.805506,7.805506,7.805506,0.0,0.0
1995-10-27,7.805506,7.805506,7.805506,7.805506,0.0,0.0
1995-10-30,7.805506,7.805506,7.805506,7.805506,0.0,0.0
1995-10-31,7.805506,7.805506,7.805506,7.805506,0.0,0.0
1995-11-01,7.805506,7.805506,7.805506,7.805506,0.0,0.0
1995-11-02,7.805506,7.805506,7.805506,7.805506,0.0,0.0
1995-11-03,7.805506,7.346359,7.346359,7.805506,0.0,1.0
1995-11-06,7.805506,6.887212,7.346359,7.805506,0.0,56626.691144
1995-11-07,7.805506,7.805506,7.805506,7.805506,0.0,248.286261
1995-11-08,6.428064,6.428064,7.805506,6.428064,0.0,65338.489782
1995-11-09,5.968917,5.968917,6.887212,5.968917,0.0,163346.224454
1995-11-10,6.887212,6.887212,6.887212,6.887212,0.0,0.0
1995-11-13,7.346359,5.968917,6.887212,6.887212,0.0,58668.51895
1995-11-14,7.116785,6.428064,7.116785,6.428064,0.0,105086.071065
1995-11-15,7.116785,7.116785,7.116785,7.116785,0.0,16334.622445
1995-11-16,6.887212,6.887212,7.346359,6.887212,0.0,33439.150095
1995-11-17,7.805506,6.887212,7.346359,7.805506,0.0,51617.406927
1995-11-20,7.805506,6.887212,7.346359,6.887212,0.0,47850.642992
1995-11-21,7.346359,5.968917,7.346359,5.968917,0.0,157901.350305
1995-11-22,6.428064,6.428064,6.428064,6.428064,0.0,38114.119039
1995-11-23,6.428064,6.428064,6.428064,6.428064,0.0,0.0
1995-11-24,6.887212,5.968917,6.428064,5.968917,0.0,15245.647616
1995-11-27,5.968917,5.968917,6.428064,5.968917,0.0,2504.642108
1995-11-28,6.428064,6.428064,6.428064,6.428064,0.0,0.0
1995-11-29,6.428064,6.428064,6.428064,6.428064,0.0,0.0
1995-11-30,6.428064,6.428064,6.428064,6.428064,0.0,0.0
1995-12-01,5.968917,5.968917,6.428064,5.968917,0.0,4900.386734
1995-12-04,6.887212,5.968917,6.428064,5.968917,0.0,44647.968017
1995-12-05,6.428064,5.509769,6.428064,5.509769,0.0,27224.370742
1995-12-06,6.428064,5.509769,6.428064,5.85413,0.0,654473.872646
1995-12-07,6.428064,6.428064,6.428064,6.428064,0.0,0.0
1995-12-08,5.624556,5.509769,6.428064,5.624556,0.0,32669.244891
1995-12-11,5.739343,5.739343,6.428064,5.739343,0.0,4355.899319
1995-12-12,6.887212,6.19849,6.428064,6.19849,0.0,22432.881492
1995-12-13,6.428064,6.428064,6.428064,6.428064,0.0,0.0
1995-12-14,6.428064,6.428064,6.428064,6.428064,0.0,0.0
1995-12-15,5.968917,5.509769,6.428064,5.968917,0.0,40292.068699
1995-12-18,5.509769,5.509769,6.428064,5.509769,0.0,185125.721048
1995-12-19,6.428064,6.428064,6.428064,6.428064,0.0,0.0
1995-12-20,6.428064,6.428064,6.428064,6.428064,0.0,0.0
1995-12-21,5.509769,5.509769,6.428064,5.509769,0.0,16334.622445
1995-12-22,6.428064,6.428064,6.428064,6.428064,0.0,0.0
1995-12-25,6.428064,6.428064,6.428064,6.428064,0.0,0.0
1995-12-26,6.428064,6.428064,6.428064,6.428064,0.0,0.0
1995-12-27,6.428064,6.428064,6.428064,6.428064,0.0,0.0
1995-12-28,6.887212,5.509769,6.428064,5.509769,0.0,27224.370742
1995-12-29,5.968917,5.968917,6.428064,5.968917,0.0,13067.697956
1996-01-01,6.428064,6.428064,6.428064,6.428064,0.0,0.0
1996-01-02,6.887212,6.657638,6.887212,6.657638,0.0,143744.677519
1996-01-03,5.968917,5.968917,6.428064,5.968917,0.0,12632.108024
1996-01-04,6.887212,6.887212,6.428064,6.887212,0.0,5444.874148
1996-01-05,5.968917,5.968917,6.428064,5.968917,0.0,1088.97483
1996-01-08,6.657638,5.968917,6.428064,6.657638,0.0,120331.718681
1996-01-09,5.968917,5.968917,6.428064,5.968917,0.0,10889.748297
1996-01-10,6.887212,5.509769,6.428064,5.968917,0.0,82049.897518
1996-01-11,5.509769,4.821048,5.280196,5.509769,0.0,146957.153267
1996-01-12,5.509769,5.050622,5.280196,5.509769,0.0,88812.43121
1996-01-15,5.050622,5.050622,5.280196,5.050622,0.0,40836.556113
1996-01-16,5.050622,5.050622,5.280196,5.050622,0.0,17423.597275
1996-01-17,4.591474,4.591474,5.050622,4.591474,0.0,67516.439441
1996-01-18,4.591474,4.591474,5.050622,4.591474,0.0,36107.138428
1996-01-19,5.280196,4.591474,5.050622,4.591474,0.0,77317.212908
1996-01-22,4.591474,4.591474,5.050622,4.591474,0.0,27224.370742
1996-01-23,5.050622,5.050622,5.050622,5.050622,0.0,0.0
1996-01-24,5.509769,4.591474,5.050622,4.591474,0.0,12414.313059
1996-01-25,4.591474,4.591474,5.050622,4.591474,0.0,21779.496594
1996-01-26,5.050622,5.050622,5.050622,5.050622,0.0,0.0
1996-01-29,5.509769,5.050622,5.050622,5.509769,0.0,32669.244891
1996-01-30,5.394982,4.591474,5.050622,4.591474,0.0,127410.055074
1996-01-31,5.509769,4.591474,5.050622,4.591474,0.0,64249.514952
1996-02-01,5.394982,5.050622,5.050622,5.394982,0.0,203638.293153
1996-02-02,5.509769,4.361901,5.050622,5.509769,0.0,167493.040605
1996-02-05,5.509769,4.591474,5.050622,4.591474,0.0,5812.947641
1996-02-06,5.509769,5.509769,5.050622,5.509769,0.0,2177.949659
1996-02-07,4.132327,4.132327,5.050622,4.132327,0.0,90744.272558
1996-02-08,5.050622,5.050622,5.050622,5.050622,0.0,0.0
1996-02-09,5.050622,5.050622,5.050622,5.050622,0.0,0.0
1996-02-12,5.509769,4.591474,5.050622,5.509769,0.0,132854.929223
1996-02-13,5.509769,5.509769,5.050622,5.509769,0.0,9800.773467
1996-02-14,5.280196,5.280196,5.050622,5.280196,0.0,27224.370742
1996-02-15,4.591474,4.591474,5.050622,4.591474,0.0,38114.119039
1996-02-16,5.050622,5.050622,5.050622,5.050622,0.0,0.0
1996-02-19,5.509769,4.591474,5.050622,4.591474,0.0,29402.320402
1996-02-20,5.280196,4.591474,5.050622,4.591474,0.0,65338.489782
1996-02-21,4.591474,4.591474,5.050622,4.591474,0.0,27224.370742
1996-02-22,5.509769,5.509769,5.050622,5.509769,0.0,21741.382475
1996-02-23,5.050622,5.050622,5.050622,5.050622,0.0,0.0
1996-02-26,5.509769,4.361901,4.591474,4.591474,0.0,78356.094896
1996-02-27,4.132327,4.132327,4.591474,4.132327,0.0,16334.622445
1996-02-28,4.132327,4.132327,4.591474,4.132327,0.0,21779.496594
1996-02-29,4.132327,4.132327,4.591474,4.132327,0.0,17423.597275
1996-03-01,4.821048,4.591474,4.591474,4.591474,0.0,103452.608821
1996-03-04,5.050622,3.673179,3.673179,5.050622,0.0,55329.722122
1996-03-05,5.050622,3.673179,4.591474,3.673179,0.0,494176.777715
1996-03-06,4.591474,4.247114,4.591474,4.247114,0.0,700210.815493
1996-03-07,4.591474,4.591474,4.591474,4.591474,0.0,0.0
1996-03-08,5.050622,4.361901,4.591474,4.591474,0.0,178591.87207
1996-03-11,4.132327,4.132327,4.591474,4.132327,0.0,8711.798638
1996-03-12,5.050622,4.132327,4.591474,5.050622,0.0,31216.552468
1996-03-13,4.821048,3.902753,4.591474,4.132327,0.0,223193.014169
1996-03-14,5.050622,4.132327,4.591474,4.648868,0.0,296287.182688
1996-03-15,4.591474,4.591474,4.591474,4.591474,0.0,0.0
1996-03-18,4.591474,4.591474,4.591474,4.591474,0.0,1088.97483
1996-03-19,4.132327,4.132327,4.591474,4.132327,0.0,21779.496594
1996-03-20,5.050622,4.132327,4.591474,5.050622,0.0,57171.178559
1996-03-21,5.050622,4.132327,4.591474,5.050622,0.0,80137.657717
1996-03-22,4.591474,4.591474,4.591474,4.591474,0.0,0.0
1996-03-25,4.132327,4.132327,4.591474,4.132327,0.0,108897.482969
1996-03-26,5.050622,4.132327,4.591474,4.16107,0.0,163999.609352
1996-03-27,4.132327,4.132327,4.591474,4.132327,0.0,10889.748297
1996-03-28,5.050622,4.132327,4.591474,4.132327,0.0,24719.728634
1996-03-29,4.132327,4.132327,4.591474,4.132327,0.0,10889.748297
1996-04-01,4.132327,3.673179,3.902753,4.132327,0.0,164652.99425
1996-04-02,3.902753,3.673179,4.132327,3.902753,0.0,77535.007874
1996-04-03,4.361901,3.673179,4.132327,4.361901,0.0,130676.979563
1996-04-04,5.050622,5.050622,4.591474,5.050622,0.0,27224.370742
1996-04-05,4.591474,4.591474,4.591474,4.591474,0.0,0.0
1996-04-08,4.591474,4.591474,4.591474,4.591474,0.0,0.0
1996-04-09,5.050622,4.132327,4.591474,4.132327,0.0,22236.866022
1996-04-10,4.132327,4.132327,4.591474,4.132327,0.0,21432.113623
1996-04-11,4.591474,4.591474,4.591474,4.591474,0.0,0.0
1996-04-12,5.050622,5.050622,4.591474,5.050622,0.0,13067.697956
1996-04-15,5.050622,3.902753,4.591474,4.132327,0.0,1091757.160383
1996-04-16,5.050622,4.132327,4.591474,5.050622,0.0,14036.885555
1996-04-17,4.132327,4.132327,4.591474,4.132327,0.0,27224.370742
1996-04-18,4.132327,4.132327,4.132327,4.132327,0.0,65338.489782
1996-04-19,4.132327,4.132327,4.132327,4.132327,0.0,0.0
1996-04-22,4.591474,3.673179,4.132327,4.591474,0.0,34847.19455
1996-04-23,3.673179,3.673179,4.132327,3.673179,0.0,41816.63346
1996-04-24,3.673179,3.673179,4.132327,3.673179,0.0,26178.954906
1996-04-25,4.591474,3.673179,4.132327,3.673179,0.0,166028.369459
1996-04-26,4.591474,4.361901,4.132327,4.591474,0.0,111619.920044
1996-04-29,4.591474,4.591474,4.132327,4.591474,0.0,43558.993188
1996-04-30,3.673179,3.673179,4.132327,3.673179,0.0,2722.437074
1996-05-01,4.591474,3.673179,4.132327,4.591474,0.0,1524.564762
1996-05-02,3.787966,3.673179,4.132327,3.673179,0.0,65338.489782
1996-05-03,4.591474,3.673179,4.132327,4.591474,0.0,43760.453531
1996-05-06,4.132327,4.132327,4.132327,4.132327,0.0,0.0
1996-05-07,4.361901,3.673179,4.132327,4.361901,0.0,98007.734672
1996-05-08,4.361901,3.673179,4.132327,3.673179,0.0,165765.926526
1996-05-09,4.132327,4.132327,4.132327,4.132327,0.0,0.0
1996-05-10,4.591474,4.591474,4.132327,4.591474,0.0,2177.949659
1996-05-13,3.673179,3.673179,4.132327,3.673179,0.0,20690.521764
1996-05-14,4.591474,3.673179,4.132327,4.591474,0.0,92045.59748
1996-05-15,4.591474,3.673179,4.132327,4.591474,0.0,22868.471424
1996-05-16,4.132327,4.132327,4.132327,4.132327,0.0,0.0
1996-05-17,4.132327,4.132327,4.132327,4.132327,0.0,0.0
1996-05-20,4.591474,3.673179,4.591474,4.591474,0.0,174780.460166
1996-05-21,5.050622,4.132327,4.361901,5.050622,0.0,89533.332548
1996-05-22,4.821048,4.591474,4.361901,4.591474,0.0,46877.099494
1996-05-23,4.361901,4.361901,4.361901,4.361901,0.0,0.0
1996-05-24,4.361901,4.361901,4.361901,4.361901,0.0,0.0
1996-05-27,4.361901,4.361901,4.361901,4.361901,0.0,0.0
1996-05-28,4.591474,3.902753,4.361901,3.902753,0.0,23412.958838
1996-05-29,4.821048,4.821048,4.361901,4.821048,0.0,37025.14421
1996-05-30,4.361901,4.361901,4.361901,4.361901,0.0,0.0
1996-05-31,4.361901,4.361901,4.361901,4.361901,0.0,0.0
1996-06-03,5.050622,4.706261,5.050622,4.706261,0.0,200371.368664
1996-06-04,5.509769,4.821048,5.050622,4.821048,0.0,14156.672786
1996-06-05,5.509769,4.591474,5.050622,5.509769,0.0,32941.488598
1996-06-06,5.050622,5.050622,5.050622,5.050622,0.0,0.0
1996-06-07,5.050622,5.050622,5.050622,5.050622,0.0,0.0
1996-06-10,4.821048,4.821048,5.050622,4.821048,0.0,8711.798638
1996-06-11,5.509769,4.591474,5.509769,4.591474,0.0,13620.89717
1996-06-12,5.050622,5.050622,5.509769,5.050622,0.0,45628.045364
1996-06-13,5.968917,5.050622,5.509769,5.050622,0.0,28313.345572
1996-06-14,5.509769,5.509769,5.509769,5.509769,0.0,0.0
1996-06-17,5.050622,5.050622,5.509769,5.050622,0.0,48622.726146
1996-06-18,5.739343,4.821048,5.280196,5.050622,0.0,210172.142131
1996-06-19,4.591474,4.591474,5.050622,4.591474,0.0,47914.892506
1996-06-20,4.591474,4.591474,5.050622,4.591474,0.0,19601.546934
1996-06-21,5.050622,5.050622,5.050622,5.050622,0.0,0.0
1996-06-24,5.968917,5.280196,5.509769,5.280196,0.0,169385.678859
1996-06-25,5.968917,5.050622,5.509769,5.968917,0.0,28857.832987
1996-06-26,5.509769,5.509769,5.509769,5.509769,0.0,0.0
1996-06-27,5.968917,5.968917,5.509769,5.968917,0.0,4900.386734
1996-06-28,5.165409,5.165409,5.509769,5.165409,0.0,27224.370742
1996-07-01,5.739343,5.050622,5.509769,5.280196,0.0,105380.094269
1996-07-02,5.050622,5.050622,5.509769,5.050622,0.0,32669.244891
1996-07-03,5.968917,5.050622,5.509769,5.050622,0.0,13067.697956
1996-07-04,5.509769,5.509769,5.509769,5.509769,0.0,0.0
1996-07-05,5.509769,5.509769,5.509769,5.509769,0.0,0.0
1996-07-08,5.739343,5.050622,5.509769,5.050622,0.0,57798.428061
1996-07-09,5.050622,5.050622,5.509769,5.050622,0.0,69460.259512
1996-07-10,5.509769,5.509769,5.509769,5.509769,0.0,0.0
1996-07-11,5.968917,5.509769,5.968917,5.968917,0.0,313869.770288
1996-07-12,5.968917,5.968917,5.968917,5.968917,0.0,0.0
1996-07-15,5.509769,5.509769,5.968917,5.509769,0.0,65338.489782
1996-07-16,5.509769,5.509769,5.968917,5.509769,0.0,26135.395913
1996-07-17,5.968917,5.509769,5.509769,5.509769,0.0,160079.299965
1996-07-18,6.19849,5.968917,5.968917,5.968917,0.0,62071.565293
1996-07-19,5.509769,5.509769,5.968917,5.509769,0.0,34847.19455
1996-07-22,6.19849,6.19849,5.968917,6.19849,0.0,26445.753739
1996-07-23,5.968917,5.968917,5.968917,5.968917,0.0,0.0
1996-07-24,5.509769,5.509769,5.739343,5.509769,0.0,119787.231266
1996-07-25,6.19849,5.280196,5.739343,5.280196,0.0,54993.228899
1996-07-26,6.887212,5.968917,6.428064,6.887212,0.0,802389.323763
1996-07-29,6.887212,5.968917,6.428064,6.887212,0.0,99450.626322
1996-07-30,7.346359,6.428064,6.887212,6.887212,0.0,123326.399463
1996-07-31,7.346359,6.657638,6.887212,7.346359,0.0,78133.94403
1996-08-01,7.346359,6.887212,6.887212,7.346359,0.0,99096.709502
1996-08-02,7.346359,6.657638,6.887212,7.346359,0.0,70783.36393
1996-08-05,7.346359,6.887212,7.346359,7.346359,0.0,79094.41983
1996-08-06,8.723801,7.346359,7.575933,7.805506,0.0,316891.675441
1996-08-07,7.805506,7.116785,7.346359,7.116785,0.0,78950.675153
1996-08-08,7.575933,6.887212,7.346359,6.887212,0.0,40183.171216
1996-08-09,7.805506,6.887212,7.346359,6.887212,0.0,88751.44862
1996-08-12,8.264654,7.346359,7.805506,7.805506,0.0,390941.96386
1996-08-13,8.264654,7.346359,7.805506,8.264654,0.0,126538.87521
1996-08-14,8.264654,7.346359,7.805506,7.346359,0.0,71629.497373
1996-08-15,7.346359,7.346359,7.805506,7.346359,0.0,31580.270061
1996-08-16,8.264654,7.346359,7.805506,8.264654,0.0,30491.295231
1996-08-19,8.264654,7.116785,7.575933,8.264654,0.0,80872.715727
1996-08-20,8.03508,8.03508,7.575933,8.03508,0.0,112611.976113
1996-08-21,7.575933,7.116785,7.346359,7.116785,0.0,98007.734672
1996-08-22,6.887212,6.887212,7.346359,6.887212,0.0,31580.270061
1996-08-23,7.805506,6.887212,7.346359,6.887212,0.0,65011.797333
1996-08-26,7.346359,7.346359,7.346359,7.346359,0.0,0.0
1996-08-27,6.887212,6.657638,7.116785,6.887212,0.0,59349.128218
1996-08-28,7.575933,6.428064,6.657638,6.657638,0.0,167919.918739
1996-08-29,6.657638,6.657638,6.657638,6.657638,0.0,0.0
1996-08-30,6.19849,6.19849,6.428064,6.19849,0.0,43558.993188
1996-09-02,6.887212,5.968917,6.428064,6.887212,0.0,21779.496594
1996-09-03,6.428064,6.428064,6.428064,6.428064,0.0,0.0
1996-09-04,5.968917,5.968917,6.428064,5.968917,0.0,9074.427256
1996-09-05,6.428064,6.428064,6.428064,6.428064,0.0,0.0
1996-09-06,6.887212,6.887212,6.428064,6.887212,0.0,16334.622445
1996-09-09,5.968917,5.968917,6.428064,5.968917,0.0,10889.748297
1996-09-10,5.968917,5.968917,6.428064,5.968917,0.0,9800.773467
1996-09-11,6.887212,6.887212,6.428064,6.887212,0.0,2896.673047
1996-09-12,6.428064,6.428064,6.428064,6.428064,0.0,0.0
1996-09-13,5.968917,5.968917,6.428064,5.968917,0.0,5989.361563
1996-09-16,5.968917,5.968917,6.428064,5.968917,0.0,26135.395913
1996-09-17,5.968917,5.968917,6.428064,5.968917,0.0,13067.697956
1996-09-18,5.968917,5.968917,6.428064,5.968917,0.0,32669.244891
1996-09-19,5.968917,5.968917,6.428064,5.968917,0.0,21550.81188
1996-09-20,6.428064,6.428064,6.428064,6.428064,0.0,0.0
1996-09-23,6.428064,5.509769,5.968917,5.968917,0.0,89840.42345
1996-09-24,6.19849,6.19849,6.19849,6.19849,0.0,1.0
1996-09-25,5.509769,5.509769,6.19849,5.509769,0.0,6533.848978
1996-09-26,5.509769,5.509769,6.19849,5.509769,0.0,11735.88174
1996-09-27,6.19849,6.19849,6.19849,6.19849,0.0,0.0
1996-09-30,5.509769,5.509769,6.19849,5.509769,0.0,25590.908498
1996-10-01,6.19849,6.19849,6.19849,6.19849,0.0,0.0
1996-10-02,5.509769,5.509769,6.19849,5.509769,0.0,48095.662328
1996-10-03,5.509769,5.509769,6.19849,5.509769,0.0,316.891675
1996-10-04,5.509769,5.509769,6.19849,5.509769,0.0,1932.930323
1996-10-07,6.19849,6.19849,6.19849,6.19849,0.0,0.0
1996-10-08,6.19849,6.19849,6.19849,6.19849,0.0,0.0
1996-10-09,6.19849,6.19849,6.19849,6.19849,0.0,0.0
1996-10-10,5.509769,5.509769,6.19849,5.509769,0.0,13612.185371
1996-10-11,6.428064,5.509769,6.19849,6.428064,0.0,27737.277887
1996-10-14,5.509769,5.509769,6.19849,5.509769,0.0,1759.783325
1996-10-15,5.509769,5.509769,6.19849,5.509769,0.0,7296.131359
1996-10-16,6.428064,5.050622,5.968917,5.509769,0.0,21779.496594
1996-10-17,5.624556,5.509769,6.19849,5.624556,0.0,594580.257012
1996-10-18,5.509769,5.509769,6.19849,5.509769,0.0,4355.899319
1996-10-21,6.657638,5.509769,6.19849,5.509769,0.0,30660.08633
1996-10-22,5.509769,5.509769,6.19849,5.509769,0.0,29891.2701
1996-10-23,6.428064,6.19849,6.19849,6.428064,0.0,43558.993188
1996-10-24,5.739343,5.739343,6.19849,5.739343,0.0,13285.492922
1996-10-25,6.887212,6.887212,6.19849,6.887212,0.0,10889.748297
1996-10-28,6.887212,6.657638,6.19849,6.657638,0.0,74594.775834
1996-10-29,6.657638,6.657638,6.657638,6.657638,0.0,1.0
1996-10-30,8.723801,7.346359,7.575933,7.805506,0.0,743129.49148
1996-10-31,8.264654,6.887212,7.575933,8.264654,0.0,244986.667436
1996-11-01,8.264654,6.887212,7.575933,8.03508,0.0,203564.242864
1996-11-04,8.723801,7.346359,7.575933,8.264654,0.0,47115.584981
1996-11-05,7.805506,6.428064,7.116785,7.805506,0.0,32160.693645
1996-11-06,8.264654,7.805506,7.116785,7.805506,0.0,1088.97483
1996-11-07,7.805506,6.887212,7.116785,7.805506,0.0,16953.160149
1996-11-08,7.805506,7.805506,7.116785,7.805506,0.0,11107.543263
1996-11-11,7.805506,5.968917,6.657638,7.805506,0.0,25626.844667
1996-11-12,7.346359,5.968917,6.657638,7.346359,0.0,15594.119561
1996-11-13,5.968917,5.968917,6.657638,5.968917,0.0,2767.085042
1996-11-14,7.346359,5.968917,7.116785,5.968917,0.0,131765.954393
1996-11-15,7.805506,6.428064,7.116785,6.428064,0.0,42470.018358
1996-11-18,7.805506,7.116785,7.116785,7.805506,0.0,117323.970201
1996-11-19,6.887212,6.887212,7.116785,6.887212,0.0,98007.734672
1996-11-20,7.805506,6.428064,7.116785,6.887212,0.0,218943.834384
1996-11-21,7.116785,7.116785,7.116785,7.116785,0.0,0.0
1996-11-22,7.805506,6.428064,7.116785,6.428064,0.0,2275.957394
1996-11-25,6.428064,6.428064,7.116785,6.428064,0.0,21779.496594
1996-11-26,7.805506,7.805506,7.116785,7.805506,0.0,8194.535593
1996-11-27,7.805506,6.428064,7.116785,7.805506,0.0,38506.149978
1996-11-28,7.805506,6.428064,7.116785,7.805506,0.0,42470.018358
1996-11-29,7.805506,7.805506,7.116785,7.805506,0.0,28584.500305
1996-12-02,7.805506,6.657638,7.116785,7.805506,0.0,32033.28359
1996-12-03,7.805506,6.428064,7.116785,7.805506,0.0,11625.895282
1996-12-04,7.805506,7.805506,7.116785,7.805506,0.0,7078.336393
1996-12-05,7.805506,6.428064,7.116785,7.805506,0.0,91555.558806
1996-12-06,6.428064,5.509769,6.19849,6.428064,0.0,92381.001727
1996-12-09,6.887212,5.509769,6.19849,6.887212,0.0,322797.185942
1996-12-10,6.428064,5.968917,6.657638,6.428064,0.0,3868.038595
1996-12-11,7.346359,6.887212,6.887212,6.887212,0.0,113079.146315
1996-12-12,7.346359,6.428064,7.116785,7.346359,0.0,43558.993188
1996-12-13,7.805506,6.428064,7.116785,7.575933,0.0,69149.901686
1996-12-16,7.116785,7.116785,7.116785,7.116785,0.0,0.0
1996-12-17,7.805506,6.428064,7.116785,7.346359,0.0,26135.395913
1996-12-18,7.805506,6.428064,7.116785,6.428064,0.0,87662.47379
1996-12-19,6.428064,6.428064,7.116785,6.428064,0.0,16334.622445
1996-12-20,7.805506,7.346359,7.116785,7.805506,0.0,22323.984009
1996-12-23,6.428064,6.428064,7.116785,6.428064,0.0,27677.384271
1996-12-24,7.805506,7.805506,7.116785,7.805506,0.0,10889.748297
1996-12-25,7.116785,7.116785,7.116785,7.116785,0.0,0.0
1996-12-26,7.116785,7.116785,7.116785,7.116785,0.0,0.0
1996-12-27,7.805506,7.575933,7.116785,7.575933,0.0,22323.984009
1996-12-30,7.805506,6.428064,7.116785,7.805506,0.0,45736.942847
1996-12-31,7.116785,7.116785,7.116785,7.116785,0.0,0.0
1997-01-01,7.116785,7.116785,7.116785,7.116785,0.0,0.0
1997-01-02,7.346359,6.428064,7.116785,6.428064,0.0,48911.304476
1997-01-03,7.805506,6.428064,7.116785,7.805506,0.0,51545.534589
1997-01-06,6.428064,6.428064,7.116785,6.428064,0.0,17913.635948
1997-01-07,7.805506,6.428064,7.116785,7.346359,0.0,13648.121541
1997-01-08,7.346359,6.428064,7.116785,6.428064,0.0,23524.034271
1997-01-09,8.264654,7.346359,8.03508,7.346359,0.0,53904.25407
1997-01-10,8.723801,7.346359,8.03508,8.723801,0.0,33195.219734
1997-01-13,8.723801,7.346359,8.03508,7.346359,0.0,122327.809544
1997-01-14,8.723801,7.346359,8.03508,8.723801,0.0,48781.716471
1997-01-15,7.346359,7.346359,7.575933,7.346359,0.0,23412.958838
1997-01-16,8.264654,6.428064,7.116785,6.887212,0.0,58859.089545
1997-01-17,7.116785,7.116785,7.116785,7.116785,0.0,0.0
1997-01-20,7.346359,5.968917,6.657638,6.887212,0.0,97970.709528
1997-01-21,6.887212,6.887212,6.657638,6.887212,0.0,6567.607198
1997-01-22,6.657638,6.657638,6.657638,6.657638,0.0,0.0
1997-01-23,7.346359,5.968917,6.657638,7.346359,0.0,16334.622445
1997-01-24,6.657638,6.657638,6.657638,6.657638,0.0,0.0
1997-01-27,5.968917,5.968917,6.657638,5.968917,0.0,7622.823808
1997-01-28,6.657638,6.657638,6.657638,6.657638,0.0,0.0
1997-01-29,5.509769,5.509769,6.428064,5.509769,0.0,43558.993188
1997-01-30,6.887212,6.428064,6.19849,6.657638,0.0,43558.993188
1997-01-31,6.887212,5.509769,6.19849,5.509769,0.0,10889.748297
1997-02-03,5.509769,5.509769,6.19849,5.509769,0.0,2994.680782
1997-02-04,6.428064,5.509769,6.19849,6.428064,0.0,17968.08469
1997-02-05,6.19849,6.19849,6.19849,6.19849,0.0,0.0
1997-02-06,6.428064,5.509769,6.19849,5.509769,0.0,30581.680142
1997-02-07,8.264654,6.887212,7.575933,6.887212,0.0,414899.410113
1997-02-10,8.264654,8.264654,7.575933,8.264654,0.0,6291.007591
1997-02-11,8.264654,8.264654,7.575933,8.264654,0.0,15245.647616
1997-02-12,8.264654,6.887212,7.575933,8.264654,0.0,44520.557962
1997-02-13,8.264654,6.887212,7.575933,6.887212,0.0,13647.032566
1997-02-14,7.575933,7.575933,7.575933,7.575933,0.0,0.0
1997-02-17,7.575933,7.575933,7.575933,7.575933,0.0,0.0
1997-02-18,8.264654,6.428064,7.116785,6.887212,0.0,235167.381397
1997-02-19,6.657638,6.428064,7.116785,6.657638,0.0,20151.479223
1997-02-20,6.887212,6.428064,7.116785,6.428064,0.0,38534.463324
1997-02-21,7.116785,7.116785,7.116785,7.116785,0.0,0.0
1997-02-24,7.805506,6.428064,7.116785,7.805506,0.0,104117.972442
1997-02-25,7.346359,7.346359,7.116785,7.346359,0.0,26570.985845
1997-02-26,7.805506,6.428064,7.116785,7.805506,0.0,60501.263588
1997-02-27,6.428064,6.428064,7.116785,6.428064,0.0,7426.808339
1997-02-28,7.116785,7.116785,7.116785,7.116785,0.0,0.0
1997-03-03,7.116785,7.116785,7.116785,7.116785,0.0,0.0
1997-03-04,6.657638,6.428064,7.116785,6.428064,0.0,103184.721013
1997-03-05,6.428064,6.428064,7.116785,6.428064,0.0,5444.874148
1997-03-06,6.428064,6.428064,7.116785,6.428064,0.0,4355.899319
1997-03-07,7.901086,6.506777,7.203931,7.436316,0.0,113998.381874
1997-03-10,7.901086,6.506777,7.436316,7.901086,0.0,57757.630995
1997-03-11,7.901086,7.901086,7.436316,7.901086,0.0,39550.766389
1997-03-12,6.971546,6.971546,7.203931,6.971546,0.0,537.900751
1997-03-13,7.901086,7.901086,7.203931,7.901086,0.0,10028.621594
1997-03-14,7.901086,6.506777,7.203931,7.901086,0.0,24246.414234
1997-03-17,7.901086,6.506777,7.203931,7.901086,0.0,123429.933635
1997-03-18,7.901086,7.901086,7.203931,7.901086,0.0,47335.266052
1997-03-19,6.506777,6.506777,7.203931,6.506777,0.0,48858.600978
1997-03-20,6.506777,6.506777,7.203931,6.506777,0.0,26895.037529
1997-03-21,7.901086,7.436316,7.203931,7.436316,0.0,12371.717264
1997-03-24,6.506777,6.506777,7.203931,6.506777,0.0,10758.015012
1997-03-25,6.506777,6.506777,7.203931,6.506777,0.0,5981.456347
1997-03-26,6.506777,6.506777,7.203931,6.506777,0.0,28687.32283
1997-03-27,7.203931,7.203931,7.203931,7.203931,0.0,0.0
1997-03-28,7.203931,7.203931,7.203931,7.203931,0.0,0.0
1997-03-31,7.203931,7.203931,7.203931,7.203931,0.0,0.0
1997-04-01,7.203931,7.203931,7.203931,7.203931,0.0,0.0
1997-04-02,7.203931,7.203931,7.203931,7.203931,0.0,0.0
1997-04-03,7.203931,7.203931,7.203931,7.203931,0.0,0.0
1997-04-04,7.203931,7.203931,7.203931,7.203931,0.0,0.0
1997-04-07,7.203931,7.203931,7.203931,7.203931,0.0,0.0
1997-04-08,7.203931,7.203931,7.203931,7.203931,0.0,0.0
1997-04-09,7.203931,7.203931,7.203931,7.203931,0.0,0.0
1997-04-10,7.203931,7.203931,7.203931,7.203931,0.0,0.0
1997-04-11,7.203931,7.203931,7.203931,7.203931,0.0,0.0
1997-04-14,7.203931,7.203931,7.203931,7.203931,0.0,0.0
1997-04-15,7.203931,7.203931,7.203931,7.203931,0.0,0.0
1997-04-16,7.203931,7.203931,7.203931,7.203931,0.0,0.0
1997-04-17,7.203931,7.203931,7.203931,7.203931,0.0,0.0
1997-04-18,7.203931,7.203931,7.203931,7.203931,0.0,0.0
1997-04-21,7.203931,7.203931,7.203931,7.203931,0.0,0.0
1997-04-22,7.203931,7.203931,7.203931,7.203931,0.0,0.0
1997-04-23,7.203931,7.203931,7.203931,7.203931,0.0,0.0
1997-04-24,7.203931,7.203931,7.203931,7.203931,0.0,0.0
1997-04-25,7.203931,7.203931,7.203931,7.203931,0.0,0.0
1997-04-28,7.203931,7.203931,7.203931,7.203931,0.0,0.0
1997-04-29,7.203931,7.203931,7.203931,7.203931,0.0,0.0
1997-04-30,7.203931,7.203931,7.203931,7.203931,0.0,0.0
1997-05-01,7.203931,7.203931,7.203931,7.203931,0.0,0.0
1997-05-02,7.203931,7.203931,7.203931,7.203931,0.0,0.0
1997-05-05,7.203931,7.203931,7.203931,7.203931,0.0,0.0
1997-05-06,7.203931,7.203931,7.203931,7.203931,0.0,0.0
1997-05-07,7.203931,7.203931,7.203931,7.203931,0.0,0.0
1997-05-08,7.203931,7.203931,7.203931,7.203931,0.0,0.0
1997-05-09,7.203931,7.203931,7.203931,7.203931,0.0,0.0
1997-05-12,7.203931,7.203931,7.203931,7.203931,0.0,0.0
1997-05-13,7.203931,7.203931,7.203931,7.203931,0.0,0.0
1997-05-14,7.203931,7.203931,7.203931,7.203931,0.0,0.0
1997-05-15,7.203931,7.203931,7.203931,7.203931,0.0,0.0
1997-05-16,7.203931,7.203931,7.203931,7.203931,0.0,0.0
1997-05-19,7.203931,7.203931,7.203931,7.203931,0.0,0.0
1997-05-20,7.203931,7.203931,7.203931,7.203931,0.0,0.0
1997-05-21,7.203931,7.203931,7.203931,7.203931,0.0,0.0
1997-05-22,7.203931,7.203931,7.203931,7.203931,0.0,0.0
1997-05-23,7.203931,7.203931,7.203931,7.203931,0.0,0.0
1997-05-26,7.203931,7.203931,7.203931,7.203931,0.0,0.0
1997-05-27,7.203931,7.203931,7.203931,7.203931,0.0,0.0
1997-05-28,7.203931,7.203931,7.203931,7.203931,0.0,0.0
1997-05-29,7.203931,7.203931,7.203931,7.203931,0.0,0.0
1997-05-30,7.203931,7.203931,7.203931,7.203931,0.0,0.0
1997-06-02,7.203931,7.203931,7.203931,7.203931,0.0,0.0
1997-06-03,7.203931,7.203931,7.203931,7.203931,0.0,0.0
1997-06-04,7.203931,7.203931,7.203931,7.203931,0.0,0.0
1997-06-05,7.203931,7.203931,7.203931,7.203931,0.0,0.0
1997-06-06,7.203931,7.203931,7.203931,7.203931,0.0,0.0
1997-06-09,7.203931,7.203931,7.203931,7.203931,0.0,0.0
1997-06-10,7.203931,7.203931,7.203931,7.203931,0.0,0.0
1997-06-11,7.203931,7.203931,7.203931,7.203931,0.0,0.0
1997-06-12,7.203931,7.203931,7.203931,7.203931,0.0,0.0
1997-06-13,7.203931,7.203931,7.203931,7.203931,0.0,0.0
1997-06-16,7.203931,7.203931,7.203931,7.203931,0.0,0.0
1997-06-17,7.203931,7.203931,7.203931,7.203931,0.0,0.0
1997-06-18,7.203931,7.203931,7.203931,7.203931,0.0,0.0
1997-06-19,7.203931,7.203931,7.203931,7.203931,0.0,0.0
1997-06-20,7.203931,7.203931,7.203931,7.203931,0.0,0.0
1997-06-23,7.203931,7.203931,7.203931,7.203931,0.0,0.0
1997-06-24,9.760165,7.436316,8.830625,8.365856,0.0,782652.046916
1997-06-25,8.830625,8.830625,8.830625,8.830625,0.0,0.0
1997-06-26,8.830625,8.830625,8.830625,8.830625,0.0,0.0
1997-06-27,9.760165,8.365856,9.06301,9.760165,0.0,62844.020493
1997-06-30,9.760165,8.133471,8.59824,9.760165,0.0,220087.471111
1997-07-01,8.830625,7.436316,7.901086,8.830625,0.0,201353.46377
1997-07-02,9.295395,7.901086,8.365856,9.295395,0.0,195936.803211
1997-07-03,9.295395,7.901086,8.59824,8.830625,0.0,48915.618457
1997-07-04,9.760165,8.365856,9.295395,8.365856,0.0,335147.669067
1997-07-07,10.224935,8.830625,9.760165,10.224935,0.0,18805.010241
1997-07-08,10.224935,9.06301,9.52778,10.224935,0.0,266358.769478
1997-07-09,9.760165,8.830625,9.06301,9.760165,0.0,436751.741845
1997-07-10,9.760165,8.365856,9.06301,8.365856,0.0,35501.449539
1997-07-11,9.295395,9.295395,9.06301,9.295395,0.0,3227.404504
1997-07-14,12.084014,9.760165,10.922089,9.760165,0.0,538329.995388
1997-07-15,11.619244,9.760165,10.224935,11.619244,0.0,280411.964488
1997-07-16,11.154474,9.760165,10.457319,10.689704,0.0,249123.353628
1997-07-17,11.154474,9.760165,10.689704,11.154474,0.0,192138.14811
1997-07-18,11.619244,10.224935,10.224935,11.154474,0.0,202512.101986
1997-07-21,11.154474,9.760165,10.457319,9.760165,0.0,354451.851204
1997-07-22,10.689704,9.295395,9.99255,10.689704,0.0,62380.350046
1997-07-23,10.689704,9.760165,10.224935,10.689704,0.0,73488.000545
1997-07-24,10.689704,9.760165,10.224935,9.760165,0.0,39299.028838
1997-07-25,10.689704,9.760165,10.224935,10.689704,0.0,32274.045035
1997-07-28,10.689704,9.760165,10.224935,10.689704,0.0,232652.832645
1997-07-29,10.224935,9.295395,9.52778,9.295395,0.0,79328.526895
1997-07-30,9.760165,8.830625,9.52778,9.295395,0.0,202608.924121
1997-07-31,10.224935,8.830625,9.52778,10.224935,0.0,61417.507702
1997-08-01,10.224935,8.830625,9.52778,9.295395,0.0,61666.017849
1997-08-04,10.224935,9.295395,9.52778,9.760165,0.0,49882.764007
1997-08-05,9.760165,8.830625,9.06301,9.06301,0.0,402860.767154
1997-08-06,9.760165,9.295395,9.06301,9.295395,0.0,51381.355498
1997-08-07,9.760165,8.365856,9.06301,9.760165,0.0,15061.221016
1997-08-08,9.760165,8.365856,9.06301,9.760165,0.0,80649.611139
1997-08-11,9.295395,8.365856,8.830625,9.295395,0.0,23129.732275
1997-08-12,9.295395,8.365856,8.830625,8.365856,0.0,57017.479562
1997-08-13,9.295395,8.365856,8.830625,8.365856,0.0,53790.075059
1997-08-14,8.365856,8.365856,8.830625,8.365856,0.0,14582.489348
1997-08-15,8.830625,7.901086,8.59824,8.365856,0.0,117351.655153
1997-08-18,9.295395,8.830625,8.59824,8.830625,0.0,10910.778825
1997-08-19,9.295395,9.295395,8.59824,9.295395,0.0,48411.067553
1997-08-20,9.295395,9.295395,8.59824,9.295395,0.0,10758.015012
1997-08-21,8.59824,8.59824,8.59824,8.59824,0.0,0.0
1997-08-22,9.295395,8.830625,8.59824,8.830625,0.0,31843.724435
1997-08-25,8.59824,8.59824,8.59824,8.59824,0.0,0.0
1997-08-26,7.901086,7.436316,8.365856,7.901086,0.0,71594.589903
1997-08-27,8.830625,8.365856,8.59824,8.830625,0.0,108146.021707
1997-08-28,9.295395,9.295395,8.59824,9.295395,0.0,26895.037529
1997-08-29,8.59824,8.59824,8.59824,8.59824,0.0,0.0
1997-09-01,9.295395,7.901086,8.59824,9.295395,0.0,5916.908256
1997-09-02,7.901086,7.901086,8.59824,7.901086,0.0,10936.598061
1997-09-03,7.901086,7.901086,8.59824,7.901086,0.0,23129.732275
1997-09-04,9.295395,7.901086,8.59824,7.901086,0.0,34963.548788
1997-09-05,9.295395,8.830625,9.06301,8.830625,0.0,121836.671611
1997-09-08,10.224935,9.295395,9.52778,10.224935,0.0,521763.728071
1997-09-09,10.224935,8.830625,9.52778,10.224935,0.0,7449.925396
1997-09-10,10.224935,8.830625,9.52778,8.830625,0.0,32662.409377
1997-09-11,10.224935,10.224935,9.52778,10.224935,0.0,4303.206005
1997-09-12,10.224935,8.830625,9.52778,9.760165,0.0,48264.758549
1997-09-15,10.208331,8.749998,9.479165,10.208331,0.0,65582.757847
1997-09-16,10.208331,8.749998,9.479165,8.749998,0.0,35728.465309
1997-09-17,10.208331,8.749998,9.479165,10.208331,0.0,24170.405525
1997-09-18,8.749998,8.749998,9.479165,8.749998,0.0,20571.433273
1997-09-19,10.208331,9.236109,9.72222,9.236109,0.0,61714.29982
1997-09-22,10.208331,8.749998,9.479165,9.236109,0.0,52457.154847
1997-09-23,10.208331,8.749998,9.479165,10.208331,0.0,69574.644474
1997-09-24,10.208331,8.749998,9.479165,10.208331,0.0,54702.526789
1997-09-25,8.749998,8.749998,8.993054,8.749998,0.0,10456.459533
1997-09-26,8.993054,8.993054,8.993054,8.993054,0.0,0.0
1997-09-29,9.236109,9.236109,8.993054,9.236109,0.0,10491.430969
1997-09-30,9.72222,8.263887,8.749998,8.263887,0.0,66394.30089
1997-10-01,9.236109,9.236109,8.506943,9.236109,0.0,20571.433273
1997-10-02,7.777776,7.777776,8.506943,7.777776,0.0,25714.291592
1997-10-03,9.236109,7.777776,8.506943,9.236109,0.0,165085.75202
1997-10-06,9.236109,8.263887,8.749998,9.236109,0.0,31885.721574
1997-10-07,9.236109,9.236109,8.749998,9.236109,0.0,218492.278513
1997-10-08,9.72222,9.236109,9.236109,9.236109,0.0,157937.178957
1997-10-09,9.72222,9.72222,9.236109,9.72222,0.0,9000.002057
1997-10-10,9.236109,9.236109,9.236109,9.236109,0.0,0.0
1997-10-13,9.72222,8.749998,9.236109,9.72222,0.0,49687.211357
1997-10-14,9.72222,8.749998,9.236109,9.72222,0.0,54568.812473
1997-10-15,9.72222,8.263887,8.993054,9.72222,0.0,342730.364053
1997-10-16,9.72222,8.263887,8.993054,9.72222,0.0,23142.862433
1997-10-17,9.72222,8.749998,8.993054,9.72222,0.0,13371.431628
1997-10-20,9.236109,8.263887,8.506943,8.263887,0.0,51697.040388
1997-10-21,9.236109,7.777776,8.506943,7.777776,0.0,59538.870752
1997-10-22,9.236109,7.777776,8.506943,9.236109,0.0,2262.85766
1997-10-23,9.236109,7.777776,8.506943,9.236109,0.0,23008.119545
1997-10-24,9.236109,8.263887,8.506943,8.263887,0.0,78171.446439
1997-10-27,9.236109,9.236109,8.506943,9.236109,0.0,4371.429571
1997-10-28,8.263887,8.263887,8.263887,8.263887,0.0,1.0
1997-10-29,8.263887,8.263887,8.263887,8.263887,0.0,0.0
1997-10-30,9.236109,7.777776,8.506943,8.749998,0.0,32670.521753
1997-10-31,7.291665,7.291665,8.506943,7.291665,0.0,154285.749551
1997-11-03,8.506943,8.506943,8.506943,8.506943,0.0,0.0
1997-11-04,9.236109,7.777776,8.506943,9.236109,0.0,62823.100074
1997-11-05,9.236109,9.236109,8.506943,9.236109,0.0,2624.914886
1997-11-06,8.749998,8.749998,8.506943,8.749998,0.0,3085.714991
1997-11-07,8.993054,8.749998,8.506943,8.993054,0.0,32914.293238
1997-11-10,9.236109,7.777776,8.506943,9.236109,0.0,77713.732049
1997-11-11,9.236109,8.749998,8.749998,9.236109,0.0,115714.312163
1997-11-12,9.236109,8.993054,8.749998,9.236109,0.0,92278.306806
1997-11-13,9.236109,8.993054,8.749998,9.236109,0.0,94164.707238
1997-11-14,9.236109,8.263887,8.506943,8.993054,0.0,788914.466038
1997-11-17,8.749998,8.749998,8.263887,8.749998,0.0,10285.716637
1997-11-18,8.749998,7.777776,8.263887,8.263887,0.0,32833.036076
1997-11-19,8.749998,7.291665,8.020832,7.291665,0.0,87368.934256
1997-11-20,8.749998,7.291665,8.020832,8.749998,0.0,21428.233469
1997-11-21,9.236109,7.777776,8.506943,9.236109,0.0,760429.202384
1997-11-24,9.236109,7.777776,8.506943,9.236109,0.0,317358.586825
1997-11-25,9.236109,8.020832,8.506943,9.236109,0.0,457054.047327
1997-11-26,9.236109,7.777776,8.506943,9.236109,0.0,75805.731613
1997-11-27,9.236109,9.236109,8.506943,9.236109,0.0,32914.293238
1997-11-28,9.236109,7.777776,8.506943,7.777776,0.0,59588.242192
1997-12-01,9.236109,7.777776,8.506943,9.236109,0.0,33419.321924
1997-12-02,9.236109,7.777776,8.506943,9.236109,0.0,51476.926052
1997-12-03,9.236109,7.777776,8.506943,8.871526,0.0,132737.173197
1997-12-04,9.236109,9.236109,8.506943,9.236109,0.0,2057.143327
1997-12-05,9.236109,9.236109,8.506943,9.236109,0.0,33210.521877
1997-12-08,9.236109,7.777776,8.506943,7.777776,0.0,59405.156435
1997-12-09,9.236109,9.236109,8.506943,9.236109,0.0,5142.858318
1997-12-10,8.749998,7.777776,8.506943,7.777776,0.0,54451.555303
1997-12-11,8.993054,7.291665,8.020832,7.777776,0.0,158055.464698
1997-12-12,7.413193,7.291665,8.020832,7.413193,0.0,30256.464059
1997-12-15,8.749998,7.291665,8.020832,7.291665,0.0,50283.782922
1997-12-16,8.749998,8.749998,8.020832,8.749998,0.0,10285.716637
1997-12-17,8.749998,8.749998,8.020832,8.749998,0.0,41142.866547
1997-12-18,8.749998,7.291665,8.020832,7.291665,0.0,135372.373799
1997-12-19,8.749998,7.291665,8.020832,8.749998,0.0,20571.433273
1997-12-22,8.020832,8.020832,8.020832,8.020832,0.0,0.0
1997-12-23,8.263887,8.263887,7.777776,8.263887,0.0,5142.858318
1997-12-24,7.777776,7.777776,7.777776,7.777776,0.0,0.0
1997-12-25,7.777776,7.777776,7.777776,7.777776,0.0,0.0
1997-12-26,7.777776,7.777776,7.777776,7.777776,0.0,0.0
1997-12-29,8.263887,8.263887,7.777776,8.263887,0.0,18000.004114
1997-12-30,8.263887,8.263887,7.777776,8.263887,0.0,8228.573309
1997-12-31,7.291665,7.291665,7.777776,7.291665,0.0,6050.058526
1998-01-01,7.777776,7.777776,7.777776,7.777776,0.0,0.0
1998-01-02,7.777776,7.777776,7.777776,7.777776,0.0,0.0
1998-01-05,7.777776,7.777776,7.777776,7.777776,0.0,0.0
1998-01-06,8.263887,7.899304,7.777776,7.899304,0.0,52714.297763
1998-01-07,8.263887,7.291665,7.777776,7.291665,0.0,183523.927663
1998-01-08,8.263887,6.805554,7.777776,6.805554,0.0,166171.923696
1998-01-09,8.263887,8.263887,7.777776,8.263887,0.0,5142.858318
1998-01-12,8.263887,7.291665,7.777776,8.263887,0.0,49236.696968
1998-01-13,7.291665,7.291665,7.777776,7.291665,0.0,11314.2883
1998-01-14,7.777776,7.777776,7.777776,7.777776,0.0,0.0
1998-01-15,7.291665,7.291665,7.777776,7.291665,0.0,7714.287478
1998-01-16,8.263887,8.020832,7.777776,8.020832,0.0,6352.458595
1998-01-19,8.749998,8.020832,8.506943,8.749998,0.0,1236666.111238
1998-01-20,8.749998,8.263887,8.506943,8.749998,0.0,190262.100631
1998-01-21,8.749998,8.749998,8.020832,8.749998,0.0,184778.785092
1998-01-22,8.749998,8.263887,8.020832,8.749998,0.0,100830.88019
1998-01-23,8.749998,7.291665,8.020832,8.749998,0.0,3006794.74441
1998-01-26,8.749998,8.020832,8.020832,8.749998,0.0,535111.322311
1998-01-27,8.749998,7.291665,8.263887,8.749998,0.0,984942.739415
1998-01-28,8.749998,8.263887,8.263887,8.749998,0.0,584135.104945
1998-01-29,8.749998,8.62847,8.263887,8.749998,0.0,95790.879038
1998-01-30,8.749998,7.777776,8.263887,8.749998,0.0,57482.755996
1998-02-02,8.749998,7.777776,8.263887,8.749998,0.0,424426.725583
1998-02-03,8.749998,7.777776,8.263887,8.749998,0.0,111060.025385
1998-02-04,8.749998,7.777776,8.263887,7.777776,0.0,321748.530685
1998-02-05,8.749998,7.777776,8.263887,8.62847,0.0,124398.54272
1998-02-06,8.749998,7.777776,8.263887,7.777776,0.0,68793.958581
1998-02-09,8.749998,7.777776,8.263887,8.749998,0.0,333394.019061
1998-02-10,8.749998,7.777776,8.263887,7.777776,0.0,1104529.623892
1998-02-11,8.749998,7.777776,8.263887,7.777776,0.0,184655.356493
1998-02-12,8.749998,7.777776,8.263887,8.749998,0.0,48677.153983
1998-02-13,8.749998,7.777776,8.263887,8.749998,0.0,33028.464692
1998-02-16,8.749998,7.291665,8.020832,8.749998,0.0,356078.138532
1998-02-17,8.749998,7.291665,8.020832,8.749998,0.0,65760.700745
1998-02-18,8.749998,7.291665,8.263887,8.749998,0.0,203239.589312
1998-02-19,8.749998,8.263887,8.506943,8.749998,0.0,152943.46353
1998-02-20,8.749998,8.749998,8.506943,8.749998,0.0,2399.657691
1998-02-23,8.749998,8.263887,8.506943,8.749998,0.0,113921.511753
1998-02-24,8.749998,8.263887,8.506943,8.749998,0.0,566482.758053
1998-02-25,8.749998,8.749998,8.506943,8.749998,0.0,1958.400448
1998-02-26,8.749998,8.263887,8.506943,8.749998,0.0,1331314.247158
1998-02-27,9.236109,9.236109,8.749998,9.236109,0.0,42246.523942
1998-03-02,9.236109,8.263887,8.749998,9.236109,0.0,127991.343541
1998-03-03,9.236109,9.114581,8.749998,9.236109,0.0,108188.2533
1998-03-04,10.208331,8.263887,9.479165,9.72222,0.0,196350.216309
1998-03-05,10.208331,8.749998,9.479165,10.208331,0.0,203179.932155
1998-03-06,10.208331,8.749998,9.479165,10.208331,0.0,106582.652933
1998-03-09,11.666664,9.236109,10.937498,10.208331,0.0,426730.72611
1998-03-10,13.124997,10.694442,12.395831,11.666664,0.0,700560.160128
1998-03-11,13.124997,11.180553,11.666664,13.124997,0.0,393461.575648
1998-03-12,12.152775,10.208331,10.937498,10.694442,0.0,329808.418242
1998-03-13,11.666664,10.208331,10.937498,10.723609,0.0,319739.730226
1998-03-16,11.666664,9.72222,10.451387,11.666664,0.0,134944.487987
1998-03-17,10.694442,9.72222,10.208331,10.694442,0.0,227313.3091
1998-03-18,11.180553,9.72222,10.451387,10.694442,0.0,922054.839327
1998-03-19,11.180553,9.72222,10.451387,9.72222,0.0,110966.425364
1998-03-20,11.180553,9.72222,10.451387,11.180553,0.0,49959.782848
1998-03-23,11.180553,9.72222,10.208331,9.72222,0.0,233219.367593
1998-03-24,10.694442,9.72222,10.208331,9.72222,0.0,169200.038674
1998-03-25,10.694442,9.72222,10.208331,10.694442,0.0,95464.821821
1998-03-26,11.180553,10.208331,10.451387,11.180553,0.0,76775.674692
1998-03-27,11.180553,9.72222,10.451387,9.72222,0.0,218429.535641
1998-03-30,11.180553,9.72222,10.451387,10.208331,0.0,125403.457235
1998-03-31,11.180553,9.72222,10.451387,9.72222,0.0,36595.551222
1998-04-01,10.694442,9.72222,10.208331,10.451387,0.0,149994.54857
1998-04-02,10.694442,9.72222,10.208331,10.694442,0.0,16143.432261
1998-04-03,10.694442,9.72222,10.208331,9.72222,0.0,112638.882889
1998-04-06,10.694442,9.236109,9.965276,9.72222,0.0,101787.451837
1998-04-07,10.208331,9.236109,9.72222,9.236109,0.0,171152.267692
1998-04-08,10.208331,9.236109,9.72222,10.208331,0.0,205089.989735
1998-04-09,10.694442,9.72222,10.451387,9.72222,0.0,27095.663336
1998-04-10,10.451387,10.451387,10.451387,10.451387,0.0,0.0
1998-04-13,10.451387,10.451387,10.451387,10.451387,0.0,0.0
1998-04-14,10.694442,10.208331,10.451387,10.694442,0.0,145224.033194
1998-04-15,10.694442,10.694442,10.208331,10.694442,0.0,27134.749059
1998-04-16,10.694442,9.72222,10.208331,9.72222,0.0,148634.776831
1998-04-17,11.666664,9.72222,10.937498,9.72222,0.0,108083.33899
1998-04-20,11.666664,10.208331,10.937498,11.666664,0.0,115893.283633
1998-04-21,11.666664,10.694442,10.937498,11.666664,0.0,18514.289946
1998-04-22,11.666664,10.208331,10.937498,10.208331,0.0,185328.042361
1998-04-23,10.208331,10.208331,10.937498,10.208331,0.0,115198.99776
1998-04-24,10.208331,10.208331,10.937498,10.208331,0.0,60742.299598
1998-04-27,12.152775,9.72222,11.666664,12.152775,0.0,38007038.515895
1998-04-28,12.152775,10.694442,11.423609,11.180553,0.0,203084.274991
1998-04-29,11.666664,10.694442,10.694442,10.694442,0.0,438111.871568
1998-04-30,11.180553,10.208331,10.694442,11.180553,0.0,291751.266686
1998-05-01,11.180553,10.208331,10.937498,11.180553,0.0,154405.063864
1998-05-04,10.937498,10.937498,10.937498,10.937498,0.0,0.0
1998-05-05,11.666664,10.694442,11.180553,11.180553,0.0,217290.906809
1998-05-06,11.666664,11.545136,11.180553,11.545136,0.0,120651.456149
1998-05-07,11.666664,11.180553,11.180553,11.180553,0.0,1593436.4785
1998-05-08,11.666664,10.694442,11.180553,11.666664,0.0,31988.57874
1998-05-11,11.666664,10.694442,11.423609,11.666664,0.0,319386.930146
1998-05-12,12.152775,10.694442,11.423609,10.694442,0.0,30591.778421
1998-05-13,12.152775,10.694442,11.423609,11.666664,0.0,52427.326269
1998-05-14,12.152775,11.180553,11.666664,11.180553,0.0,70092.016021
1998-05-15,12.152775,12.152775,11.666664,12.152775,0.0,12790.288638
1998-05-18,12.152775,11.180553,11.666664,12.152775,0.0,271079.033389
1998-05-19,12.5,11.0,11.75,12.5,0.0,59123.0
1998-05-20,12.5,11.0,11.75,11.0,0.0,214915.0
1998-05-21,12.5,12.5,11.75,12.5,0.0,6526.0
1998-05-22,12.5,12.125,11.75,12.5,0.0,171700.0
1998-05-25,11.75,11.75,11.75,11.75,0.0,0.0
1998-05-26,12.5,11.0,11.75,12.5,0.0,89550.0
1998-05-27,12.5,11.0,11.5,12.5,0.0,33583.0
1998-05-28,12.0,11.0,11.5,11.75,0.0,25266.0
1998-05-29,12.0,11.0,11.5,11.0,0.0,22946.0
1998-06-01,12.0,11.0,11.5,11.0,0.0,14840.0
1998-06-02,11.75,11.75,11.5,11.75,0.0,110000.0
1998-06-03,11.0,11.0,11.25,11.0,0.0,34057.0
1998-06-04,11.0,10.5,10.75,10.5,0.0,242853.0
1998-06-05,11.0,10.5,10.75,10.5,0.0,7000.0
1998-06-08,11.0,10.5,10.75,10.5,0.0,6716.0
1998-06-09,11.5,10.5,11.25,11.0,0.0,403508.0
1998-06-10,11.5,11.0,11.25,11.0,0.0,86611.0
1998-06-11,11.5,11.0,11.25,11.0,0.0,16609.0
1998-06-12,11.5,10.5,11.25,11.0,0.0,3989340.0
1998-06-15,12.0,11.0,11.5,11.5,0.0,290453.0
1998-06-16,12.0,11.0,11.5,11.0,0.0,56885.0
1998-06-17,12.0,11.5,11.5,12.0,0.0,142751.0
1998-06-18,12.0,11.25,11.5,12.0,0.0,219438.0
1998-06-19,12.0,11.0,11.5,11.0,0.0,27798.0
1998-06-22,12.0,11.0,11.5,11.0,0.0,65908.0
1998-06-23,12.0,12.0,11.5,12.0,0.0,6500.0
1998-06-24,12.0,11.0,11.5,11.0,0.0,112117.0
1998-06-25,12.0,11.0,11.5,11.0,0.0,36300.0
1998-06-26,12.0,11.0,11.5,12.0,0.0,53272.0
1998-06-29,12.0,11.0,11.5,11.0,0.0,207146.0
1998-06-30,12.0,11.0,11.5,12.0,0.0,114750.0
1998-07-01,12.0,10.5,11.0,12.0,0.0,170394.0
1998-07-02,11.5,11.5,11.0,11.5,0.0,14076.0
1998-07-03,11.5,10.5,11.0,10.5,0.0,1402906.0
1998-07-06,11.5,11.5,11.0,11.5,0.0,12435.0
1998-07-07,11.5,10.5,11.0,10.5,0.0,143544.0
1998-07-08,11.5,10.5,11.0,10.5,0.0,13728.0
1998-07-09,11.5,10.75,11.25,11.5,0.0,21148.0
1998-07-10,11.5,10.75,11.25,11.5,0.0,139791.0
1998-07-13,11.5,10.75,11.25,10.75,0.0,58314.0
1998-07-14,11.5,10.75,11.25,11.5,0.0,139331.0
1998-07-15,11.5,10.75,11.25,11.5,0.0,19421.0
1998-07-16,11.25,10.75,11.25,10.75,0.0,24500.0
1998-07-17,11.5,10.75,11.25,11.5,0.0,318131.0
1998-07-20,11.5,10.75,11.25,11.5,0.0,45763.0
1998-07-21,11.5,10.0,11.0,10.5,0.0,180103.0
1998-07-22,11.5,11.5,11.0,11.5,0.0,10969.0
1998-07-23,11.0,11.0,11.0,11.0,0.0,0.0
1998-07-24,11.5,10.5,11.0,11.5,0.0,41600.0
1998-07-27,11.5,10.5,11.0,11.5,0.0,58238.0
1998-07-28,11.5,10.5,10.75,11.5,0.0,82366.0
1998-07-29,11.0,11.0,10.75,11.0,0.0,19167.0
1998-07-30,11.0,10.0,10.5,10.5,0.0,30457.0
1998-07-31,11.0,10.0,10.5,11.0,0.0,12666.0
1998-08-03,10.0,10.0,10.5,10.0,0.0,50400.0
1998-08-04,11.0,10.0,10.5,10.0,0.0,123025.0
1998-08-05,10.0,10.0,10.5,10.0,0.0,130000.0
1998-08-06,10.25,10.0,10.5,10.0,0.0,28837.0
1998-08-07,11.0,11.0,10.5,11.0,0.0,100.0
1998-08-10,10.0,10.0,10.5,10.0,0.0,50483.0
1998-08-11,11.0,10.0,10.5,10.0,0.0,321012.0
1998-08-12,10.25,9.5,10.0,10.0,0.0,301859.0
1998-08-13,10.5,9.5,10.0,10.0,0.0,20760.0
1998-08-14,10.5,9.5,10.0,10.5,0.0,4000.0
1998-08-17,9.5,9.5,10.0,9.5,0.0,41000.0
1998-08-18,9.5,9.5,10.0,9.5,0.0,27332.0
1998-08-19,9.5,9.5,10.0,9.5,0.0,10000.0
1998-08-20,10.5,9.5,10.0,10.0,0.0,149830.0
1998-08-21,10.5,9.5,10.0,10.5,0.0,39839.0
1998-08-24,10.5,9.5,10.0,10.5,0.0,378507.0
1998-08-25,10.5,10.5,10.0,10.5,0.0,88813.0
1998-08-26,10.5,10.5,10.0,10.5,0.0,11380.0
1998-08-27,10.5,9.5,10.0,10.5,0.0,141704.0
1998-08-28,10.5,9.5,10.0,10.5,0.0,10039.0
1998-08-31,10.0,10.0,10.0,10.0,0.0,0.0
1998-09-01,10.5,9.5,10.0,10.0,0.0,33274.0
1998-09-02,10.5,9.5,10.0,9.5,0.0,14000.0
1998-09-03,10.5,9.5,10.0,9.5,0.0,2856.0
1998-09-04,10.5,9.0,9.0,10.5,0.0,261164.0
1998-09-07,9.5,8.5,9.0,9.5,0.0,114694.0
1998-09-08,9.5,8.5,9.0,9.5,0.0,38826.0
1998-09-09,9.5,9.5,9.0,9.5,0.0,54500.0
1998-09-10,9.5,8.5,9.0,8.5,0.0,36450.0
1998-09-11,9.5,8.5,9.25,8.5,0.0,119602.0
1998-09-14,9.5,9.0,9.25,9.5,0.0,144350.0
1998-09-15,9.5,9.0,9.25,9.5,0.0,79498.0
1998-09-16,9.0,9.0,9.0,9.0,0.0,75000.0
1998-09-17,9.0,8.5,8.75,8.5,0.0,140600.0
1998-09-18,9.0,8.5,8.75,9.0,0.0,66896.0
1998-09-21,9.0,8.5,8.75,9.0,0.0,7680.0
1998-09-22,9.0,8.5,8.75,9.0,0.0,1058464.0
1998-09-23,9.0,8.5,8.75,8.5,0.0,22086.0
1998-09-24,9.0,8.5,8.75,9.0,0.0,22940.0
1998-09-25,9.0,8.5,8.75,9.0,0.0,3800.0
1998-09-28,8.5,8.5,8.75,8.5,0.0,30000.0
1998-09-29,9.0,8.5,8.75,9.0,0.0,53500.0
1998-09-30,8.0,8.0,8.5,8.0,0.0,58000.0
1998-10-01,8.5,8.0,8.25,8.0,0.0,63000.0
1998-10-02,8.375,8.0,8.25,8.0,0.0,23400.0
1998-10-05,8.5,8.0,8.25,8.5,0.0,50344.0
1998-10-06,8.5,8.5,8.25,8.5,0.0,4000.0
1998-10-07,8.5,8.0,8.25,8.25,0.0,37072.0
1998-10-08,8.5,8.0,8.25,8.0,0.0,19800.0
1998-10-09,8.5,8.0,8.25,8.0,0.0,64765.0
1998-10-12,8.25,8.25,8.25,8.25,0.0,0.0
1998-10-13,8.375,8.0,8.25,8.375,0.0,30000.0
1998-10-14,8.25,8.25,8.25,8.25,0.0,0.0
1998-10-15,8.5,8.0,8.25,8.5,0.0,54353.0
1998-10-16,8.5,8.0,8.25,8.0,0.0,68717.0
1998-10-19,8.5,8.0,8.25,8.5,0.0,16775.0
1998-10-20,8.0,7.0,7.5,8.0,0.0,173400.0
1998-10-21,8.0,7.0,7.5,7.0,0.0,7512.0
1998-10-22,8.0,7.0,7.5,8.0,0.0,161250.0
1998-10-23,7.5,7.5,7.0,7.5,0.0,10000.0
1998-10-26,7.5,6.0,7.0,7.5,0.0,2740100.0
1998-10-27,7.5,7.0,7.0,7.0,0.0,76000.0
1998-10-28,7.5,6.5,7.0,7.5,0.0,202132.0
1998-10-29,7.5,6.0,7.0,6.0,0.0,1140187.0
1998-10-30,7.5,6.0,7.0,6.0,0.0,717000.0
1998-11-02,7.5,6.0,7.0,7.5,0.0,592567.0
1998-11-03,7.5,6.0,6.75,7.5,0.0,35279.0
1998-11-04,7.0,6.5,7.0,6.75,0.0,1300000.0
1998-11-05,7.5,7.0,7.0,7.0,0.0,110000.0
1998-11-06,7.5,7.5,7.0,7.5,0.0,12254.0
1998-11-09,7.5,6.5,7.0,7.5,0.0,81000.0
1998-11-10,6.5,6.5,7.0,6.5,0.0,22250.0
1998-11-11,7.5,7.0,7.0,7.5,0.0,192244.0
1998-11-12,7.5,7.25,7.0,7.5,0.0,136900.0
1998-11-13,7.5,7.0,7.0,7.5,0.0,141500.0
1998-11-16,7.5,6.75,7.0,7.5,0.0,573134.0
1998-11-17,7.5,7.5,7.0,7.5,0.0,26000.0
1998-11-18,6.5,6.5,7.0,6.5,0.0,6000.0
1998-11-19,6.75,6.5,7.0,6.5,0.0,48200.0
1998-11-20,7.5,7.5,7.0,7.5,0.0,199864.0
1998-11-23,7.5,7.25,7.0,7.5,0.0,101155.0
1998-11-24,7.5,7.25,7.0,7.5,0.0,146600.0
1998-11-25,7.5,7.0,7.0,7.0,0.0,183000.0
1998-11-26,7.5,6.5,7.0,6.5,0.0,106666.0
1998-11-27,7.5,6.0,6.75,6.5,0.0,2053600.0
1998-11-30,7.5,6.0,6.75,6.0,0.0,90309.0
1998-12-01,6.0625,6.0,6.75,6.0,0.0,2610595.0
1998-12-02,7.0,6.0,6.75,6.0,0.0,2943669.0
1998-12-03,7.0,6.0,6.75,7.0,0.0,108918.0
1998-12-04,6.75,6.75,6.75,6.75,0.0,0.0
1998-12-07,7.5,6.0,6.75,7.5,0.0,83862.0
1998-12-08,7.0,7.0,6.5,7.0,0.0,20000.0
1998-12-09,7.0,6.5,6.5,7.0,0.0,140000.0
1998-12-10,7.0,7.0,6.5,7.0,0.0,75000.0
1998-12-11,6.0,6.0,6.5,6.0,0.0,102825.0
1998-12-14,7.0,6.0,6.5,7.0,0.0,222346.0
1998-12-15,7.0,6.75,6.5,7.0,0.0,91978.0
1998-12-16,7.0,6.75,6.5,7.0,0.0,79400.0
1998-12-17,7.0,6.0,6.5,6.75,0.0,773415.0
1998-12-18,7.0,6.01,6.5,6.01,0.0,749858.0
1998-12-21,7.0,5.5,6.5,7.0,0.0,2420192.0
1998-12-22,7.0,6.0,6.5,7.0,0.0,477038.0
1998-12-23,6.75,6.75,6.5,6.75,0.0,5000.0
1998-12-24,6.0,6.0,6.5,6.0,0.0,15000.0
1998-12-25,6.5,6.5,6.5,6.5,0.0,0.0
1998-12-28,6.5,6.5,6.5,6.5,0.0,0.0
1998-12-29,6.5,6.5,6.5,6.5,0.0,0.0
1998-12-30,6.5,6.5,6.5,6.5,0.0,0.0
1998-12-31,6.5,6.5,6.5,6.5,0.0,0.0
1999-01-01,6.5,6.5,6.5,6.5,0.0,0.0
1999-01-04,7.0,6.0,6.5,6.0,0.0,116026.0
1999-01-05,7.0,6.0,6.5,6.0,0.0,121378.0
1999-01-06,6.5,5.5,6.0,6.5,0.0,159409.0
1999-01-07,6.5,5.5,6.0,6.5,0.0,15723.0
1999-01-08,6.5,5.5,6.0,5.5,0.0,188050.0
1999-01-11,6.5,5.5,6.0,6.5,0.0,37097.0
1999-01-12,6.25,5.5,6.0,5.5,0.0,189636.0
1999-01-13,6.5,5.5,6.0,6.0,0.0,35875.0
1999-01-14,6.5,5.5,6.0,5.5,0.0,275428.0
1999-01-15,6.25,5.5,6.0,5.5,0.0,206088.0
1999-01-18,6.25,5.5,6.0,6.25,0.0,75557.0
1999-01-19,6.25,6.25,6.0,6.25,0.0,80000.0
1999-01-20,6.25,5.5,5.75,6.25,0.0,153667.0
1999-01-21,6.0,5.5,5.75,6.0,0.0,185962.0
1999-01-22,5.75,5.75,5.75,5.75,0.0,0.0
1999-01-25,6.0,6.0,5.75,6.0,0.0,529658.0
1999-01-26,6.0,5.5,5.75,5.5,0.0,167089.0
1999-01-27,6.0,5.5,5.75,6.0,0.0,1637830.0
1999-01-28,6.0,5.5,5.75,6.0,0.0,349933.0
1999-01-29,6.0,6.0,5.75,6.0,0.0,146697.0
1999-02-01,6.25,5.5,6.0,6.0,0.0,6731502.0
1999-02-02,6.25,5.75,6.0,5.75,0.0,1258464.0
1999-02-03,6.25,5.75,6.0,6.25,0.0,2451031.0
1999-02-04,6.25,5.75,6.0,6.25,0.0,360412.0
1999-02-05,6.5,6.0,6.25,6.25,0.0,1213109.0
1999-02-08,6.75,6.0,6.25,6.5,0.0,695416.0
1999-02-09,6.5,6.0,6.25,6.375,0.0,476703.0
1999-02-10,6.5,6.0,6.25,6.0,0.0,181782.0
1999-02-11,6.5,6.0,6.25,6.5,0.0,202361.0
1999-02-12,6.5,6.0,6.25,6.5,0.0,175288.0
1999-02-15,6.5,6.0,6.25,6.5,0.0,548688.0
1999-02-16,6.5,6.0,6.25,6.5,0.0,280260.0
1999-02-17,6.5,6.375,6.25,6.5,0.0,43030.0
1999-02-18,6.5,6.0,6.25,6.5,0.0,101600.0
1999-02-19,6.5,6.0,6.25,6.5,0.0,182908.0
1999-02-22,6.5,6.5,6.25,6.5,0.0,84122.0
1999-02-23,6.5,6.375,6.25,6.5,0.0,76665.0
1999-02-24,6.5,4.5,5.0,6.5,0.0,1633432.0
1999-02-25,5.25,4.5,4.75,4.75,0.0,616033.0
1999-02-26,5.0,4.5,4.75,4.5,0.0,962273.0
1999-03-01,5.0,4.25,4.75,4.5,0.0,562272.0
1999-03-02,5.0,4.25,4.5,5.0,0.0,552870.0
1999-03-03,5.0,4.25,4.5,4.75,0.0,1163950.0
1999-03-04,4.75,4.25,4.75,4.75,0.0,467125.0
1999-03-05,4.75,4.75,4.75,4.75,0.0,442409.0
1999-03-08,4.75,4.5,4.75,4.75,0.0,467852.0
1999-03-09,4.75,4.25,4.5,4.25,0.0,230838.0
1999-03-10,4.75,4.25,4.5,4.75,0.0,220623.0
1999-03-11,4.75,4.75,4.5,4.75,0.0,50198.0
1999-03-12,4.75,4.25,4.5,4.75,0.0,376258.0
1999-03-15,4.75,4.25,4.5,4.25,0.0,405687.0
1999-03-16,4.75,4.25,4.5,4.25,0.0,72000.0
1999-03-17,4.75,4.25,4.5,4.75,0.0,289025.0
1999-03-18,4.75,4.0,4.5,4.25,0.0,3866400.0
1999-03-19,4.75,4.0,4.25,4.0,0.0,810607.0
1999-03-22,4.5,4.0,4.25,4.5,0.0,205727.0
1999-03-23,4.5,4.0,4.25,4.5,0.0,312200.0
1999-03-24,4.5,4.0,4.25,4.0,0.0,684177.0
1999-03-25,4.5,4.0,4.25,4.0,0.0,705833.0
1999-03-26,4.5,4.0,4.25,4.0,0.0,209051.0
1999-03-29,4.5,4.0,4.25,4.5,0.0,158636.0
1999-03-30,4.5,4.0,4.25,4.0,0.0,53615.0
1999-03-31,4.5,4.0,4.25,4.0,0.0,314761.0
1999-04-01,4.5,3.75,4.25,4.5,0.0,291394.0
1999-04-02,4.25,4.25,4.25,4.25,0.0,0.0
1999-04-05,4.25,4.25,4.25,4.25,0.0,0.0
1999-04-06,4.25,3.75,4.0,3.75,0.0,116370.0
1999-04-07,4.25,3.75,4.0,4.25,0.0,290423.0
1999-04-08,4.25,3.75,4.0,4.25,0.0,254888.0
1999-04-09,4.25,3.75,4.0,4.25,0.0,1629262.0
1999-04-12,4.25,3.75,4.0,3.75,0.0,190017.0
1999-04-13,4.25,3.75,4.0,4.25,0.0,128000.0
1999-04-14,4.5,3.75,4.5,4.0,0.0,7987739.0
1999-04-15,5.75,5.0,5.5,5.0,0.0,2769969.0
1999-04-16,5.75,5.5,5.75,5.75,0.0,3358749.0
1999-04-19,6.5,5.75,6.25,5.75,0.0,7053610.0
1999-04-20,7.25,6.25,7.0,6.5,0.0,1554862.0
1999-04-21,7.5,6.0,6.5,7.5,0.0,2141579.0
1999-04-22,6.75,6.0,6.25,6.0,0.0,415928.0
1999-04-23,6.5,5.75,6.25,6.0,0.0,427633.0
1999-04-26,7.0,6.0,6.75,6.75,0.0,1875408.0
1999-04-27,6.75,6.25,6.5,6.75,0.0,3495764.0
1999-04-28,6.75,6.0,6.5,6.25,0.0,1458733.0
1999-04-29,6.75,6.0,6.5,6.75,0.0,170944.0
1999-04-30,6.75,6.0,6.5,6.0,0.0,160490.0
1999-05-03,6.5,6.5,6.5,6.5,0.0,0.0
1999-05-04,6.75,6.0,6.5,6.75,0.0,458834.0
1999-05-05,6.5,6.0,6.25,6.5,0.0,154808.0
1999-05-06,6.5,6.0,6.25,6.5,0.0,94462.0
1999-05-07,6.5,5.75,6.25,6.0,0.0,479145.0
1999-05-10,6.5,5.75,6.25,6.5,0.0,540438.0
1999-05-11,6.5,5.75,6.25,5.75,0.0,275563.0
1999-05-12,6.5,5.75,6.25,5.75,0.0,170346.0
1999-05-13,6.5,5.75,6.25,5.75,0.0,192306.0
1999-05-14,6.5,5.75,6.25,5.75,0.0,30730.0
1999-05-17,6.5,5.75,6.25,6.5,0.0,348981.0
1999-05-18,6.25,5.75,6.25,5.75,0.0,65307.0
1999-05-19,6.5,5.75,6.0,6.5,0.0,693500.0
1999-05-20,6.25,5.75,6.0,5.75,0.0,109291.0
1999-05-21,6.25,5.75,6.0,5.75,0.0,45091.0
1999-05-24,6.25,5.75,6.0,6.25,0.0,229180.0
1999-05-25,6.0,6.0,6.0,6.0,0.0,33333.0
1999-05-26,5.75,5.5,5.75,5.75,0.0,53441.0
1999-05-27,6.0,5.5,5.75,5.5,0.0,10000.0
1999-05-28,6.0,5.5,5.75,5.5,0.0,170888.0
1999-05-31,5.75,5.75,5.75,5.75,0.0,0.0
1999-06-01,6.0,5.5,5.75,5.75,0.0,292855.0
1999-06-02,6.0,5.5,5.75,5.5,0.0,179044.0
1999-06-03,6.0,5.75,6.0,6.0,0.0,244757.0
1999-06-04,6.0,5.75,6.0,6.0,0.0,145161.0
1999-06-07,6.0,5.75,6.0,5.75,0.0,122162.0
1999-06-08,6.0,5.75,6.0,6.0,0.0,542701.0
1999-06-09,6.0,5.75,6.0,6.0,0.0,289019.0
1999-06-10,6.0,5.75,6.0,6.0,0.0,160899.0
1999-06-11,5.75,5.75,6.0,5.75,0.0,33980.0
1999-06-14,6.0,5.75,6.0,5.75,0.0,123404.0
1999-06-15,6.0,5.75,6.0,6.0,0.0,231513.0
1999-06-16,6.0,5.75,6.0,5.75,0.0,208114.0
1999-06-17,6.0,5.75,6.0,5.75,0.0,169500.0
1999-06-18,6.0,5.75,6.0,5.75,0.0,204159.0
1999-06-21,5.75,5.75,6.0,5.75,0.0,48894.0
1999-06-22,6.0,5.75,6.0,6.0,0.0,118333.0
1999-06-23,6.0,5.75,6.0,5.75,0.0,42892.0
1999-06-24,6.0,5.75,6.0,5.75,0.0,25000.0
1999-06-25,6.0,5.75,6.0,6.0,0.0,70799.0
1999-06-28,6.25,6.0,6.25,6.0,0.0,748255.0
1999-06-29,6.25,5.75,6.0,6.25,0.0,619035.0
1999-06-30,6.25,5.75,6.0,6.25,0.0,759697.0
1999-07-01,6.0,5.5,5.75,5.75,0.0,262719.0
1999-07-02,6.25,5.75,6.0,6.0,0.0,287900.0
1999-07-05,6.0,5.3125,5.75,5.75,0.0,527088.0
1999-07-06,6.0,5.5,5.75,6.0,0.0,110000.0
1999-07-07,6.0,6.0,5.75,6.0,0.0,211500.0
1999-07-08,6.0,5.5,5.75,5.5,0.0,592180.0
1999-07-09,6.75,6.25,6.5,6.75,0.0,3561904.0
1999-07-12,6.5,6.25,6.5,6.5,0.0,3399455.0
1999-07-13,6.5,6.0,6.25,6.5,0.0,623773.0
1999-07-14,6.5,5.75,6.0,6.5,0.0,467935.0
1999-07-15,6.25,5.75,6.0,6.25,0.0,207083.0
1999-07-16,6.25,5.75,6.0,6.25,0.0,901169.0
1999-07-19,6.25,5.75,6.0,6.25,0.0,304282.0
1999-07-20,6.25,5.75,6.0,6.25,0.0,149605.0
1999-07-21,6.25,5.75,6.0,6.25,0.0,1634586.0
1999-07-22,6.25,5.75,6.0,6.25,0.0,232407.0
1999-07-23,6.25,5.25,6.0,5.75,0.0,792240.0
1999-07-26,6.25,5.75,6.0,5.75,0.0,185129.0
1999-07-27,6.25,5.75,6.0,6.25,0.0,190000.0
1999-07-28,6.25,5.75,6.0,6.25,0.0,96582.0
1999-07-29,6.25,5.5,5.75,6.25,0.0,192120.0
1999-07-30,6.0,5.5,5.75,5.5,0.0,148663.0
1999-08-02,6.0,5.5,5.75,6.0,0.0,52500.0
1999-08-03,6.0,5.25,5.75,6.0,0.0,880207.0
1999-08-04,6.0,5.5,5.75,6.0,0.0,72333.0
1999-08-05,6.0,5.5,5.75,6.0,0.0,298584.0
1999-08-06,6.25,5.5,5.75,5.5,0.0,516612.0
1999-08-09,6.0,5.5,5.75,6.0,0.0,199770.0
1999-08-10,6.0,5.5,5.75,6.0,0.0,448887.0
1999-08-11,6.0,5.5,5.75,5.5,0.0,705752.0
1999-08-12,6.0,5.5,5.75,5.5,0.0,77459.0
1999-08-13,6.25,5.5,6.0,6.25,0.0,239638.0
1999-08-16,6.25,5.5,6.0,6.25,0.0,145190.0
1999-08-17,6.25,5.5,6.0,5.5,0.0,282300.0
1999-08-18,6.25,6.25,6.0,6.25,0.0,104000.0
1999-08-19,6.25,5.5,6.0,5.5,0.0,257760.0
1999-08-20,6.25,5.5,6.0,6.25,0.0,119000.0
1999-08-23,6.0,5.5,5.75,6.0,0.0,664636.0
1999-08-24,6.0,6.0,5.75,6.0,0.0,35000.0
1999-08-25,6.25,5.75,6.0,6.25,0.0,333191.0
1999-08-26,6.0,5.75,6.0,6.0,0.0,52816.0
1999-08-27,6.0,5.75,6.0,6.0,0.0,69513.0
1999-08-30,6.0,6.0,6.0,6.0,0.0,0.0
1999-08-31,6.0,5.75,6.0,5.75,0.0,238100.0
1999-09-01,6.0,5.75,6.0,5.75,0.0,47704.0
1999-09-02,6.0,5.75,6.0,6.0,0.0,173744.0
1999-09-03,6.0,5.75,6.0,6.0,0.0,112667.0
1999-09-06,6.0,5.75,6.0,5.75,0.0,417355.0
1999-09-07,6.0,5.75,6.0,5.75,0.0,96353.0
1999-09-08,5.8,5.5,5.75,5.75,0.0,197138.0
1999-09-09,6.0,5.5,5.75,6.0,0.0,257678.0
1999-09-10,6.0,5.5,6.0,5.5,0.0,409501.0
1999-09-13,6.0,5.75,6.0,5.75,0.0,146003.0
1999-09-14,6.0,5.75,6.0,5.75,0.0,276684.0
1999-09-15,6.0,5.5,5.75,5.5,0.0,202844.0
1999-09-16,6.0,6.0,5.75,6.0,0.0,2500.0
1999-09-17,6.0,5.5,5.75,6.0,0.0,168669.0
1999-09-20,6.0,5.5,5.75,5.5,0.0,597285.0
1999-09-21,6.0,5.5,5.75,6.0,0.0,196407.0
1999-09-22,6.0,5.5,5.5,6.0,0.0,176499.0
1999-09-23,5.75,5.25,5.5,5.75,0.0,80770.0
1999-09-24,5.75,5.25,5.5,5.25,0.0,179605.0
1999-09-27,5.75,5.25,5.5,5.75,0.0,144856.0
1999-09-28,5.75,5.25,5.5,5.25,0.0,72600.0
1999-09-29,5.75,5.25,5.5,5.75,0.0,190489.0
1999-09-30,5.5,5.0,5.5,5.25,0.0,44720.0
1999-10-01,5.75,5.0,5.5,5.75,0.0,40782.0
1999-10-04,5.5,5.0,5.25,5.0,0.0,202000.0
1999-10-05,5.5,5.5,5.25,5.5,0.0,92018.0
1999-10-06,5.5,4.75,5.25,5.5,0.0,247328.0
1999-10-07,5.25,4.5,5.0,4.5,0.0,453457.0
1999-10-08,5.25,4.75,5.0,5.25,0.0,253000.0
1999-10-11,5.25,4.75,5.0,5.25,0.0,119850.0
1999-10-12,5.25,4.75,5.0,4.75,0.0,144279.0
1999-10-13,4.75,4.75,5.0,4.75,0.0,18268.0
1999-10-14,5.25,4.75,5.0,4.75,0.0,47000.0
1999-10-15,5.25,4.75,5.0,5.0,0.0,800595.0
1999-10-18,5.25,4.5,4.75,5.25,0.0,111372.0
1999-10-19,5.0,4.5,4.75,5.0,0.0,164052.0
1999-10-20,4.75,4.5,4.75,4.75,0.0,72000.0
1999-10-21,4.75,4.5,4.75,4.5,0.0,70411.0
1999-10-22,5.0,4.5,4.75,4.75,0.0,103778.0
1999-10-25,5.0,4.5,4.75,4.5,0.0,107125.0
1999-10-26,5.0,4.5,4.75,5.0,0.0,85706.0
1999-10-27,5.0,5.0,5.25,5.0,0.0,192740.0
1999-10-28,5.25,4.5,5.0,4.75,0.0,819671.0
1999-10-29,4.75,4.75,5.0,4.75,0.0,67212.0
1999-11-01,5.25,4.75,5.0,4.75,0.0,174000.0
1999-11-02,5.25,4.75,5.0,5.25,0.0,30000.0
1999-11-03,4.75,4.75,5.0,4.75,0.0,54083.0
1999-11-04,5.0,4.75,5.0,4.75,0.0,212500.0
1999-11-05,5.0,4.75,5.0,4.75,0.0,31617.0
1999-11-08,5.0,4.5,4.75,4.75,0.0,359365.0
1999-11-09,5.0,4.5,5.0,4.5,0.0,512836.0
1999-11-10,5.0,4.75,5.0,4.75,0.0,298533.0
1999-11-11,5.0,4.75,5.0,4.75,0.0,404940.0
1999-11-12,5.0,4.75,5.0,4.75,0.0,71735.0
1999-11-15,5.0,4.75,5.0,4.75,0.0,404012.0
1999-11-16,5.0,4.75,5.0,4.75,0.0,163658.0
1999-11-17,5.0,4.75,5.0,4.75,0.0,243580.0
1999-11-18,5.0,4.75,5.0,4.75,0.0,117118.0
1999-11-19,5.0,4.75,5.0,4.75,0.0,374806.0
1999-11-22,5.0,4.75,5.0,4.75,0.0,284090.0
1999-11-23,5.0,4.75,5.0,4.75,0.0,301273.0
1999-11-24,5.0,4.75,5.0,5.0,0.0,266663.0
1999-11-25,5.0,4.5,4.75,4.75,0.0,281652.0
1999-11-26,4.5,4.5,4.75,4.5,0.0,62626.0
1999-11-29,5.0,4.5,4.75,5.0,0.0,219455.0
1999-11-30,4.5,3.5,4.0,4.5,0.0,2026841.0
1999-12-01,4.25,3.75,4.0,4.25,0.0,472272.0
1999-12-02,4.25,3.5,4.0,4.25,0.0,503979.0
1999-12-03,4.0,3.75,4.0,4.0,0.0,301919.0
1999-12-06,4.0,3.75,4.0,3.75,0.0,263064.0
1999-12-07,4.25,3.75,4.0,4.0,0.0,329325.0
1999-12-08,4.5,3.75,4.25,4.25,0.0,3150384.0
1999-12-09,4.5,3.75,4.25,4.5,0.0,396740.0
1999-12-10,4.5,3.75,4.0,4.0,0.0,989621.0
1999-12-13,4.25,3.75,4.0,4.25,0.0,54835.0
1999-12-14,4.25,3.75,4.0,4.25,0.0,312345.0
1999-12-15,4.25,3.75,4.0,3.75,0.0,227135.0
1999-12-16,4.25,3.75,4.0,4.25,0.0,397000.0
1999-12-17,4.5,3.75,4.25,4.25,0.0,338756.0
1999-12-20,4.5,3.75,4.0,4.5,0.0,1208448.0
1999-12-21,4.25,3.75,4.25,4.25,0.0,972230.0
1999-12-22,4.25,4.0,4.25,4.25,0.0,283831.0
1999-12-23,4.5,4.5,4.25,4.5,0.0,46111.0
1999-12-24,4.5,4.0,4.25,4.0,0.0,284416.0
1999-12-27,4.25,4.25,4.25,4.25,0.0,0.0
1999-12-28,4.25,4.25,4.25,4.25,0.0,0.0
1999-12-29,4.5,4.0,4.25,4.0,0.0,384265.0
1999-12-30,4.5,4.0,4.25,4.5,0.0,62146.0
1999-12-31,4.25,4.25,4.25,4.25,0.0,0.0
2000-01-03,4.25,4.25,4.25,4.25,0.0,0.0
2000-01-04,4.5,4.0,4.25,4.5,0.0,290200.0
2000-01-05,4.5,4.0,4.25,4.0,0.0,251010.0
2000-01-06,4.5,4.0,4.25,4.0,0.0,351863.0
2000-01-07,4.5,4.0,4.25,4.0,0.0,258527.0
2000-01-10,4.5,4.0,4.25,4.0,0.0,421584.0
2000-01-11,4.5,4.0,4.25,4.0,0.0,209498.0
2000-01-12,4.5,4.0,4.25,4.25,0.0,327434.0
2000-01-13,4.5,4.0,4.25,4.0,0.0,159554.0
2000-01-14,4.5,4.0,4.25,4.0,0.0,423222.0
2000-01-17,4.0,4.0,4.25,4.0,0.0,185952.0
2000-01-18,4.5,4.0,4.25,4.0,0.0,475033.0
2000-01-19,4.5,4.0,4.25,4.0,0.0,455983.0
2000-01-20,4.75,4.0,4.5,4.5,0.0,459893.0
2000-01-21,6.0,4.0,5.75,4.0,0.0,2111686.0
2000-01-24,7.0,5.5,6.25,6.0,0.0,4179558.0
2000-01-25,6.5,5.75,6.25,6.5,0.0,2328824.0
2000-01-26,6.5,6.0,6.25,6.5,0.0,1293415.0
2000-01-27,6.5,5.25,5.5,6.5,0.0,1207605.0
2000-01-28,5.75,4.75,5.5,5.5,0.0,1781543.0
2000-01-31,6.25,5.5,6.0,5.75,0.0,1068850.0
2000-02-01,6.25,5.75,6.0,6.25,0.0,1160667.0
2000-02-02,6.5,5.75,6.25,5.75,0.0,1839268.0
2000-02-03,6.5,5.75,6.25,5.75,0.0,431411.0
2000-02-04,6.5,5.75,6.0,5.75,0.0,408417.0
2000-02-07,6.25,5.5,5.75,5.75,0.0,452591.0
2000-02-08,5.5,5.5,5.75,5.5,0.0,342484.0
2000-02-09,5.75,5.5,5.75,5.5,0.0,893014.0
2000-02-10,5.75,5.25,5.25,5.5,0.0,234308.0
2000-02-11,5.5,5.0,5.25,5.5,0.0,63600.0
2000-02-14,5.5,5.0,5.25,5.0,0.0,284792.0
2000-02-15,5.25,4.5,4.75,5.0,0.0,240927.0
2000-02-16,5.0,4.25,4.5,4.5,0.0,535097.0
2000-02-17,5.25,4.25,5.0,4.25,0.0,1071812.0
2000-02-18,5.25,4.5,5.0,4.5,0.0,276500.0
2000-02-21,5.25,4.5,4.75,4.5,0.0,270500.0
2000-02-22,4.5,4.5,4.75,4.5,0.0,61866.0
2000-02-23,5.0,4.5,4.75,4.5,0.0,158000.0
2000-02-24,4.8125,4.5,4.75,4.5,0.0,292262.0
2000-02-25,4.75,4.5,4.75,4.5,0.0,150603.0
2000-02-28,4.75,4.5,4.75,4.5,0.0,279428.0
2000-02-29,4.75,4.25,4.5,4.5,0.0,432162.0
2000-03-01,4.75,4.25,4.5,4.25,0.0,325792.0
2000-03-02,4.75,4.25,4.5,4.25,0.0,513740.0
2000-03-03,4.75,4.25,4.5,4.25,0.0,798146.0
2000-03-06,4.75,4.25,4.5,4.25,0.0,497833.0
2000-03-07,4.75,4.25,4.5,4.75,0.0,352713.0
2000-03-08,4.75,4.25,4.5,4.75,0.0,188725.0
2000-03-09,4.75,4.0,4.5,4.25,0.0,536821.0
2000-03-10,4.5,3.75,4.25,4.0,0.0,759087.0
2000-03-13,4.5,3.75,4.25,4.5,0.0,924526.0
2000-03-14,4.5,4.0,4.25,4.0,0.0,143857.0
2000-03-15,4.0,4.0,4.25,4.0,0.0,82874.0
2000-03-16,4.5,4.0,4.25,4.5,0.0,92376.0
2000-03-17,4.5,4.0,4.25,4.0,0.0,338600.0
2000-03-20,4.25,3.75,4.25,4.0,0.0,601548.0
2000-03-21,4.25,4.0,4.25,4.0,0.0,664188.0
2000-03-22,4.25,4.0,4.25,4.0,0.0,84723.0
2000-03-23,4.25,4.0,4.25,4.25,0.0,329622.0
2000-03-24,4.25,3.75,4.0,4.0,0.0,523051.0
2000-03-27,4.75,3.75,4.5,4.25,0.0,1639251.0
2000-03-28,4.75,4.25,4.5,4.75,0.0,487254.0
2000-03-29,4.5,3.75,4.0,4.125,0.0,572965.0
2000-03-30,4.25,3.75,4.0,4.25,0.0,168141.0
2000-03-31,4.25,3.75,4.0,4.25,0.0,297115.0
2000-04-03,4.25,3.5,4.0,4.25,0.0,203938.0
2000-04-04,4.0,3.5,3.75,3.5,0.0,615078.0
2000-04-05,3.75,3.25,3.5,3.5,0.0,159000.0
2000-04-06,3.75,3.25,3.5,3.75,0.0,1583538.0
2000-04-07,4.25,3.75,4.0,3.75,0.0,1583241.0
2000-04-10,4.25,3.75,4.0,4.25,0.0,47115.0
2000-04-11,4.25,3.75,4.0,3.75,0.0,146151.0
2000-04-12,4.25,3.75,4.0,4.25,0.0,58142.0
2000-04-13,4.25,3.5,4.0,4.25,0.0,798563.0
2000-04-14,4.25,3.75,4.0,3.75,0.0,284013.0
2000-04-17,3.75,3.5,4.0,3.75,0.0,210000.0
2000-04-18,4.25,3.75,4.0,4.25,0.0,95633.0
2000-04-19,4.25,3.75,4.0,4.25,0.0,52500.0
2000-04-20,4.25,3.75,4.0,4.25,0.0,315682.0
2000-04-21,4.0,4.0,4.0,4.0,0.0,0.0
2000-04-24,4.0,4.0,4.0,4.0,0.0,0.0
2000-04-25,3.75,3.75,4.0,3.75,0.0,15384.0
2000-04-26,4.25,3.75,4.0,3.75,0.0,32100.0
2000-04-27,4.25,3.75,4.0,3.75,0.0,119460.0
2000-04-28,4.25,3.75,4.0,4.25,0.0,313000.0
2000-05-01,4.0,4.0,4.0,4.0,0.0,0.0
2000-05-02,4.25,3.75,4.0,3.75,0.0,80131.0
2000-05-03,4.25,4.25,4.0,4.25,0.0,1000.0
2000-05-04,3.75,3.5,4.0,3.75,0.0,342574.0
2000-05-05,3.75,3.5,3.75,3.75,0.0,396100.0
2000-05-08,3.75,3.5,3.75,3.75,0.0,150000.0
2000-05-09,3.75,3.5,3.75,3.5,0.0,74666.0
2000-05-10,3.75,3.25,3.5,3.5,0.0,216192.0
2000-05-11,3.75,3.0,3.5,3.25,0.0,330000.0
2000-05-12,3.75,3.0,3.5,3.0,0.0,91408.0
2000-05-15,3.75,3.0,3.5,3.75,0.0,2156000.0
2000-05-16,3.75,3.25,3.5,3.75,0.0,39307.0
2000-05-17,3.75,3.25,3.5,3.75,0.0,41743.0
2000-05-18,3.5,3.5,3.5,3.5,0.0,0.0
2000-05-19,3.75,3.25,3.5,3.5,0.0,67000.0
2000-05-22,3.75,3.25,3.5,3.75,0.0,75750.0
2000-05-23,3.75,3.0,3.5,3.75,0.0,121379.0
2000-05-24,3.75,3.0,3.5,3.0,0.0,55000.0
2000-05-25,3.75,3.25,3.5,3.75,0.0,38400.0
2000-05-26,3.5,3.0,3.5,3.0,0.0,11850.0
2000-05-29,3.5,3.5,3.5,3.5,0.0,0.0
2000-05-30,3.75,3.0,3.5,3.75,0.0,135728.0
2000-05-31,3.75,3.0,3.5,3.75,0.0,210000.0
2000-06-01,3.0,3.0,3.5,3.0,0.0,16690.0
2000-06-02,3.75,3.0,3.5,3.0,0.0,31913.0
2000-06-05,3.75,3.0,3.5,3.0,0.0,93800.0
2000-06-06,3.75,3.75,3.5,3.75,0.0,109324.0
2000-06-07,3.75,3.0,3.5,3.75,0.0,22869.0
2000-06-08,3.75,3.0,3.5,3.0,0.0,258032.0
2000-06-09,3.0,3.0,3.5,3.0,0.0,5000.0
2000-06-12,3.65,3.0,3.5,3.65,0.0,23013.0
2000-06-13,3.75,3.0,3.5,3.75,0.0,110240.0
2000-06-14,3.75,3.0,3.5,3.0,0.0,29000.0
2000-06-15,3.75,3.0,3.5,3.75,0.0,414610.0
2000-06-16,3.0,3.0,3.5,3.0,0.0,50000.0
2000-06-19,3.75,3.75,3.5,3.75,0.0,5000.0
2000-06-20,3.5,3.0,3.25,3.0,0.0,225343.0
2000-06-21,3.5,3.25,3.25,3.5,0.0,105000.0
2000-06-22,3.5,2.75,3.0,3.5,0.0,536941.0
2000-06-23,3.25,2.75,3.0,2.75,0.0,171000.0
2000-06-26,3.25,2.75,3.0,3.25,0.0,219467.0
2000-06-27,3.25,2.75,3.0,2.75,0.0,287000.0
2000-06-28,3.0,2.75,3.0,2.75,0.0,61632.0
2000-06-29,3.25,2.75,3.0,3.25,0.0,17191.0
2000-06-30,3.25,2.75,3.0,2.75,0.0,127630.0
2000-07-03,3.25,2.75,3.0,3.25,0.0,81978.0
2000-07-04,3.0,3.0,3.0,3.0,0.0,0.0
2000-07-05,3.0,3.0,3.0,3.0,0.0,0.0
2000-07-06,3.25,2.75,3.0,2.75,0.0,71884.0
2000-07-07,3.25,2.75,3.0,3.25,0.0,49500.0
2000-07-10,3.25,2.75,3.0,3.25,0.0,309482.0
2000-07-11,3.0,1.75,2.75,2.75,0.0,369500.0
2000-07-12,3.25,2.5,3.0,3.0,0.0,176000.0
2000-07-13,3.0,3.0,2.75,3.0,0.0,53333.0
2000-07-14,3.0,2.75,3.0,3.0,0.0,178498.0
2000-07-17,3.0,2.75,3.0,3.0,0.0,97505.0
2000-07-18,3.0,2.5,3.0,3.0,0.0,531136.0
2000-07-19,3.0,2.75,3.0,3.0,0.0,451666.0
2000-07-20,3.0,2.75,3.0,3.0,0.0,65833.0
2000-07-21,3.0,3.0,3.0,3.0,0.0,10000.0
2000-07-24,3.0,2.75,3.0,2.75,0.0,112345.0
2000-07-25,2.75,2.75,3.0,2.75,0.0,5000.0
2000-07-26,2.75,2.75,3.0,2.75,0.0,54000.0
2000-07-27,3.0,2.75,3.0,3.0,0.0,79378.0
2000-07-28,3.0,2.75,3.0,2.75,0.0,68955.0
2000-07-31,2.5,2.5,2.75,2.5,0.0,27922.0
2000-08-01,2.75,2.5,2.75,2.5,0.0,7500.0
2000-08-02,2.75,2.5,2.75,2.75,0.0,43257.0
2000-08-03,3.0,2.5,2.75,2.75,0.0,131410.0
2000-08-04,3.0,2.5,2.75,3.0,0.0,133000.0
2000-08-07,2.75,2.5,2.75,2.5,0.0,520333.0
2000-08-08,3.0,2.5,2.75,2.5,0.0,300400.0
2000-08-09,3.25,2.75,3.0,2.75,0.0,121832.0
2000-08-10,3.0,2.75,3.0,2.75,0.0,107000.0
2000-08-11,2.75,2.75,3.0,2.75,0.0,12197.0
2000-08-14,3.25,2.75,3.0,3.25,0.0,105800.0
2000-08-15,3.25,2.75,3.0,3.25,0.0,112834.0
2000-08-16,2.75,2.75,3.0,2.75,0.0,312348.0
2000-08-17,3.25,2.75,3.0,3.25,0.0,389350.0
2000-08-18,3.25,2.75,3.0,2.75,0.0,15000.0
2000-08-21,3.25,2.75,3.0,3.25,0.0,143535.0
2000-08-22,3.25,2.75,3.0,2.75,0.0,102000.0
2000-08-23,3.25,2.75,3.0,2.75,0.0,64800.0
2000-08-24,3.25,2.75,3.0,2.75,0.0,92917.0
2000-08-25,3.25,3.25,3.0,3.25,0.0,22984.0
2000-08-28,3.0,3.0,3.0,3.0,0.0,0.0
2000-08-29,3.25,2.5,3.0,3.25,0.0,81518.0
2000-08-30,2.5,2.5,3.0,2.5,0.0,50000.0
2000-08-31,3.25,2.5,3.0,2.5,0.0,83940.0
2000-09-01,3.25,2.5,3.0,2.5,0.0,102977.0
2000-09-04,3.25,2.5,3.0,2.5,0.0,116000.0
2000-09-05,3.25,2.5,3.0,2.5,0.0,54769.0
2000-09-06,3.25,2.5,3.0,3.25,0.0,32156.0
2000-09-07,3.25,2.5,3.0,2.5,0.0,107745.0
2000-09-08,3.25,2.5,3.0,3.25,0.0,10153.0
2000-09-11,2.5,2.5,3.0,2.5,0.0,16433.0
2000-09-12,3.25,2.5,3.0,2.5,0.0,86000.0
2000-09-13,2.5,2.5,3.0,2.5,0.0,50000.0
2000-09-14,2.625,2.625,3.0,2.625,0.0,31032.0
2000-09-15,3.25,2.5,3.0,2.5,0.0,70428.0
2000-09-18,3.0,3.0,3.0,3.0,0.0,0.0
2000-09-19,2.5,2.5,3.0,2.5,0.0,35000.0
2000-09-20,3.25,3.25,3.0,3.25,0.0,60332.0
2000-09-21,3.25,2.5,3.0,3.25,0.0,43499.0
2000-09-22,2.5,2.5,2.75,2.5,0.0,211572.0
2000-09-25,3.0,2.5,2.75,3.0,0.0,199325.0
2000-09-26,3.0,2.5,2.75,2.5,0.0,40000.0
2000-09-27,2.75,2.75,2.75,2.75,0.0,0.0
2000-09-28,2.5,2.5,2.75,2.5,0.0,26618.0
2000-09-29,2.75,2.75,2.75,2.75,0.0,0.0
2000-10-02,3.0,2.5,2.75,2.5,0.0,199760.0
2000-10-03,2.875,2.25,2.5,2.875,0.0,864013.0
2000-10-04,2.25,2.25,2.5,2.25,0.0,110723.0
2000-10-05,2.5,2.25,2.5,2.25,0.0,55115.0
2000-10-06,2.5,2.25,2.5,2.5,0.0,81588.0
2000-10-09,2.5,2.5,2.5,2.5,0.0,0.0
2000-10-10,2.5,2.25,2.5,2.5,0.0,105000.0
2000-10-11,2.25,2.25,2.5,2.25,0.0,50000.0
2000-10-12,2.5,2.25,2.5,2.5,0.0,311182.0
2000-10-13,2.5,2.0,2.25,2.25,0.0,112000.0
2000-10-16,2.5,2.5,2.25,2.5,0.0,58856.0
2000-10-17,2.5,2.25,2.25,2.25,0.0,106000.0
2000-10-18,2.5,2.5,2.25,2.5,0.0,9254.0
2000-10-19,2.5,2.0,2.25,2.0,0.0,24100.0
2000-10-20,2.5,2.0,2.25,2.0,0.0,82750.0
2000-10-23,2.25,2.0,2.25,2.25,0.0,300000.0
2000-10-24,2.0,2.0,2.25,2.0,0.0,64000.0
2000-10-25,2.0,2.0,2.25,2.0,0.0,28000.0
2000-10-26,2.5,2.5,2.25,2.5,0.0,100.0
2000-10-27,2.5,2.5,2.25,2.5,0.0,391751.0
2000-10-30,2.75,2.0,2.5,2.5,0.0,1933395.0
2000-10-31,2.75,2.0,2.5,2.75,0.0,348001.0
2000-11-01,2.5,2.0,2.25,2.5,0.0,297500.0
2000-11-02,2.5,2.0,2.25,2.5,0.0,58000.0
2000-11-03,2.75,2.0,2.5,2.5,0.0,2770141.0
2000-11-06,2.75,2.74,2.75,2.74,0.0,707296.0
2000-11-07,2.75,2.75,2.75,2.75,0.0,208139.0
2000-11-08,2.75,2.5,2.75,2.75,0.0,210700.0
2000-11-09,2.75,2.75,2.75,2.75,0.0,150000.0
2000-11-10,3.0,2.5,2.75,2.5,0.0,212000.0
2000-11-13,2.5,2.5,2.75,2.5,0.0,96000.0
2000-11-14,3.0,2.5,3.0,2.5,0.0,378268.0
2000-11-15,3.0,3.0,3.0,3.0,0.0,144500.0
2000-11-16,3.0,2.75,3.0,2.75,0.0,323092.0
2000-11-17,3.0,2.75,3.0,2.75,0.0,573950.0
2000-11-20,3.0,2.75,3.0,2.75,0.0,70000.0
2000-11-21,2.76,2.75,3.0,2.75,0.0,42000.0
2000-11-22,2.75,2.75,3.0,2.75,0.0,221358.0
2000-11-23,3.0,2.75,3.0,2.75,0.0,112637.0
2000-11-24,3.0,2.75,3.0,3.0,0.0,73700.0
2000-11-27,3.0,2.75,3.0,3.0,0.0,76080.0
2000-11-28,3.0,2.75,3.0,3.0,0.0,91096.0
2000-11-29,3.0,2.75,3.0,2.75,0.0,48243.0
2000-11-30,3.0,2.75,3.0,3.0,0.0,167000.0
2000-12-01,2.75,2.75,3.0,2.75,0.0,15000.0
2000-12-04,3.0,2.75,3.0,2.75,0.0,62523.0
2000-12-05,3.0,2.75,3.0,2.75,0.0,117690.0
2000-12-06,3.0,2.75,3.0,2.75,0.0,119983.0
2000-12-07,2.75,2.75,3.0,2.75,0.0,16000.0
2000-12-08,3.0,2.75,3.0,3.0,0.0,98355.0
2000-12-11,3.0,3.0,3.0,3.0,0.0,0.0
2000-12-12,3.0,2.75,3.0,2.76,0.0,66600.0
2000-12-13,2.75,2.75,3.0,2.75,0.0,15000.0
2000-12-14,2.75,2.75,3.0,2.75,0.0,23333.0
2000-12-15,3.0,2.75,3.0,3.0,0.0,118521.0
2000-12-18,3.0,2.75,3.0,2.75,0.0,108643.0
2000-12-19,2.75,2.75,3.0,2.75,0.0,37000.0
2000-12-20,3.0,3.0,3.0,3.0,0.0,2000.0
2000-12-21,3.0,2.75,3.0,2.75,0.0,166910.0
2000-12-22,3.0,2.75,3.0,2.75,0.0,55000.0
2000-12-25,3.0,3.0,3.0,3.0,0.0,0.0
2000-12-26,3.0,3.0,3.0,3.0,0.0,0.0
2000-12-27,3.0,3.0,3.0,3.0,0.0,0.0
2000-12-28,2.76,2.76,3.0,2.76,0.0,40486.0
2000-12-29,3.0,3.0,3.0,3.0,0.0,0.0
2001-01-01,3.0,3.0,3.0,3.0,0.0,0.0
2001-01-02,3.0,2.75,3.0,2.75,0.0,7614.0
2001-01-03,2.75,2.75,3.0,2.75,0.0,5000.0
2001-01-04,2.75,2.75,3.0,2.75,0.0,137826.0
2001-01-05,3.0,2.75,3.0,3.0,0.0,336000.0
2001-01-08,2.75,2.75,3.0,2.75,0.0,26930.0
2001-01-09,2.75,2.75,3.0,2.75,0.0,95384.0
2001-01-10,2.75,2.25,2.75,2.75,0.0,160848.0
2001-01-11,2.75,2.25,2.5,2.75,0.0,211715.0
2001-01-12,2.25,2.25,2.5,2.25,0.0,30000.0
2001-01-15,2.75,2.25,2.5,2.75,0.0,41605.0
2001-01-16,2.375,2.25,2.5,2.25,0.0,128745.0
2001-01-17,2.75,2.25,2.5,2.75,0.0,1152500.0
2001-01-18,2.5,2.5,2.5,2.5,0.0,0.0
2001-01-19,2.75,2.26,2.5,2.26,0.0,60000.0
2001-01-22,2.75,2.25,2.5,2.25,0.0,33000.0
2001-01-23,2.25,2.25,2.5,2.25,0.0,16250.0
2001-01-24,2.25,2.25,2.5,2.25,0.0,44593.0
2001-01-25,2.75,2.75,2.5,2.75,0.0,10000.0
2001-01-26,2.25,2.25,2.5,2.25,0.0,10000.0
2001-01-29,2.25,2.25,2.5,2.25,0.0,12960.0
2001-01-30,2.75,2.25,2.5,2.25,0.0,179094.0
2001-01-31,2.5,2.5,2.5,2.5,0.0,0.0
2001-02-01,2.75,2.25,2.5,2.5,0.0,417535.0
2001-02-02,2.26,2.25,2.5,2.26,0.0,34899.0
2001-02-05,2.6,2.25,2.5,2.6,0.0,60169.0
2001-02-06,2.25,2.25,2.5,2.25,0.0,100000.0
2001-02-07,2.75,2.25,2.5,2.25,0.0,365147.0
2001-02-08,2.25,2.25,2.5,2.25,0.0,100000.0
2001-02-09,2.26,2.26,2.5,2.26,0.0,16263.0
2001-02-12,2.25,2.25,2.5,2.25,0.0,27318.0
2001-02-13,2.75,2.25,2.5,2.25,0.0,269712.0
2001-02-14,2.26,2.26,2.5,2.26,0.0,15000.0
2001-02-15,2.75,2.25,2.5,2.75,0.0,49694.0
2001-02-16,2.75,2.25,2.5,2.25,0.0,107269.0
2001-02-19,2.26,2.26,2.5,2.26,0.0,7440.0
2001-02-20,2.625,2.25,2.5,2.25,0.0,287500.0
2001-02-21,2.25,2.25,2.5,2.25,0.0,35834.0
2001-02-22,2.75,2.25,2.5,2.25,0.0,92909.0
2001-02-23,2.75,2.25,2.5,2.75,0.0,58863.0
2001-02-26,2.75,2.25,2.5,2.75,0.0,49924.0
2001-02-27,2.25,2.25,2.5,2.25,0.0,51587.0
2001-02-28,2.25,2.25,2.5,2.25,0.0,22500.0
2001-03-01,2.25,2.25,2.5,2.25,0.0,14772.0
2001-03-02,2.75,2.25,2.5,2.25,0.0,105000.0
2001-03-05,2.75,2.25,2.5,2.26,0.0,216005.0
2001-03-06,2.375,2.0,2.5,2.25,0.0,276111.0
2001-03-07,2.75,2.0,2.5,2.75,0.0,196627.0
2001-03-08,2.5,2.0,2.5,2.0,0.0,47849.0
2001-03-09,2.0,2.0,2.5,2.0,0.0,41520.0
2001-03-12,2.5,2.5,2.5,2.5,0.0,0.0
2001-03-13,2.0,2.0,2.5,2.0,0.0,15000.0
2001-03-14,2.49,2.0,2.5,2.49,0.0,100400.0
2001-03-15,2.5,2.0,2.5,2.0,0.0,259699.0
2001-03-16,2.01,2.0,2.5,2.01,0.0,52187.0
2001-03-19,2.5,2.5,2.5,2.5,0.0,0.0
2001-03-20,2.5,2.5,2.5,2.5,0.0,0.0
2001-03-21,2.0,2.0,2.5,2.0,0.0,50000.0
2001-03-22,2.0,2.0,2.25,2.0,0.0,97451.0
2001-03-23,2.5,2.0,2.25,2.0,0.0,194352.0
2001-03-26,2.3,2.0,2.25,2.0,0.0,216977.0
2001-03-27,2.0,2.0,2.25,2.0,0.0,15000.0
2001-03-28,2.25,2.25,2.25,2.25,0.0,0.0
2001-03-29,2.3,2.0,2.25,2.0625,0.0,330000.0
2001-03-30,2.0,2.0,2.25,2.0,0.0,91227.0
2001-04-02,2.3,2.0,2.25,2.3,0.0,203371.0
2001-04-03,2.0,2.0,2.25,2.0,0.0,46064.0
2001-04-04,2.3,2.0,2.25,2.3,0.0,275000.0
2001-04-05,1.75,1.75,2.0,1.75,0.0,290499.0
2001-04-06,2.0,1.75,2.0,2.0,0.0,65446.0
2001-04-09,2.25,2.25,2.0,2.25,0.0,43000.0
2001-04-10,1.75,1.75,2.0,1.75,0.0,1830.0
2001-04-11,1.75,1.75,2.0,1.75,0.0,3084.0
2001-04-12,2.0,1.76,2.0,1.76,0.0,7500.0
2001-04-13,2.0,2.0,2.0,2.0,0.0,0.0
2001-04-16,2.0,2.0,2.0,2.0,0.0,0.0
2001-04-17,2.25,1.75,2.0,2.25,0.0,17100.0
2001-04-18,1.75,1.75,2.0,1.75,0.0,1880.0
2001-04-19,2.25,2.25,2.0,2.25,0.0,5000.0
2001-04-20,1.75,1.75,2.0,1.75,0.0,10000.0
2001-04-23,1.75,1.75,2.0,1.75,0.0,40000.0
2001-04-24,2.0,2.0,2.0,2.0,0.0,0.0
2001-04-25,1.75,1.75,2.0,1.75,0.0,183539.0
2001-04-26,1.75,1.75,2.0,1.75,0.0,14000.0
2001-04-27,2.25,1.75,2.0,1.75,0.0,36666.0
2001-04-30,2.2,1.75,2.0,1.75,0.0,139812.0
2001-05-01,2.0,1.75,2.0,2.0,0.0,25270.0
2001-05-02,2.0,2.0,2.0,2.0,0.0,210000.0
2001-05-03,2.0,1.75,2.0,1.75,0.0,84025.0
2001-05-04,2.0,1.75,2.0,1.75,0.0,118750.0
2001-05-07,2.0,2.0,2.0,2.0,0.0,0.0
2001-05-08,2.0,2.0,2.0,2.0,0.0,0.0
2001-05-09,2.0,1.75,2.0,1.76,0.0,351743.0
2001-05-10,2.25,2.25,2.25,2.25,0.0,61000.0
2001-05-11,2.25,2.25,2.25,2.25,0.0,0.0
2001-05-14,2.25,2.25,2.25,2.25,0.0,0.0
2001-05-15,2.25,2.25,2.25,2.25,0.0,49231.0
2001-05-16,2.0,2.0,2.25,2.0,0.0,6666.0
2001-05-17,2.25,2.25,2.25,2.25,0.0,122000.0
2001-05-18,2.25,2.25,2.25,2.25,0.0,0.0
2001-05-21,2.25,2.25,2.25,2.25,0.0,0.0
2001-05-22,2.25,2.25,2.25,2.25,0.0,0.0
2001-05-23,2.5,2.0,2.25,2.5,0.0,192965.0
2001-05-24,2.06,2.0,2.25,2.06,0.0,324086.0
2001-05-25,2.49,2.06,2.25,2.06,0.0,177150.0
2001-05-28,2.25,2.25,2.25,2.25,0.0,0.0
2001-05-29,2.44,2.06,2.25,2.44,0.0,81979.0
2001-05-30,2.06,2.06,2.25,2.06,0.0,137930.0
2001-05-31,2.25,2.25,2.25,2.25,0.0,0.0
2001-06-01,2.0,2.0,2.25,2.0,0.0,50000.0
2001-06-04,2.5,2.06,2.25,2.5,0.0,395000.0
2001-06-05,2.0,2.0,2.25,2.0,0.0,70499.0
2001-06-06,2.25,2.25,2.25,2.25,0.0,0.0
2001-06-07,2.44,2.44,2.25,2.44,0.0,5000.0
2001-06-08,2.25,2.25,2.25,2.25,0.0,0.0
2001-06-11,2.25,2.0,2.25,2.06,0.0,277930.0
2001-06-12,2.44,2.06,2.25,2.25,0.0,162930.0
2001-06-13,2.0,2.0,2.25,2.0,0.0,268000.0
2001-06-14,2.44,2.01,2.25,2.01,0.0,31449.0
2001-06-15,2.22,2.125,2.25,2.22,0.0,650000.0
2001-06-18,2.24,2.22,2.25,2.24,0.0,90000.0
2001-06-19,2.0,2.0,2.25,2.0,0.0,2000.0
2001-06-20,2.03,2.03,2.25,2.03,0.0,15000.0
2001-06-21,2.22,2.22,2.25,2.22,0.0,200000.0
2001-06-22,2.25,2.25,2.25,2.25,0.0,350000.0
2001-06-25,2.49,2.03,2.25,2.03,0.0,203608.0
2001-06-26,2.44,2.44,2.25,2.44,0.0,1000.0
2001-06-27,2.44,2.25,2.25,2.25,0.0,540000.0
2001-06-28,2.25,2.06,2.25,2.06,0.0,258940.0
2001-06-29,2.25,2.25,2.25,2.25,0.0,0.0
2001-07-02,2.25,2.25,2.25,2.25,0.0,0.0
2001-07-03,2.5,2.06,2.25,2.5,0.0,290000.0
2001-07-04,2.06,2.0,2.25,2.0,0.0,337000.0
2001-07-05,2.44,2.44,2.25,2.44,0.0,10000.0
2001-07-06,2.03,1.5,1.75,2.03,0.0,369824.0
2001-07-09,1.94,1.56,1.75,1.56,0.0,89692.0
2001-07-10,1.56,1.5,1.75,1.56,0.0,72000.0
2001-07-11,1.94,1.56,1.75,1.94,0.0,41260.0
2001-07-12,1.94,1.94,1.75,1.94,0.0,2000.0
2001-07-13,1.99,1.56,1.75,1.56,0.0,70000.0
2001-07-16,1.75,1.75,1.75,1.75,0.0,0.0
2001-07-17,1.75,1.75,1.75,1.75,0.0,0.0
2001-07-18,1.89,1.56,1.75,1.89,0.0,30895.0
2001-07-19,1.5,1.5,1.75,1.5,0.0,53000.0
2001-07-20,1.53,1.53,1.75,1.53,0.0,95000.0
2001-07-23,1.75,1.67,1.75,1.75,0.0,60661.0
2001-07-24,1.67,1.67,1.75,1.67,0.0,100000.0
2001-07-25,1.67,1.67,1.75,1.67,0.0,100000.0
2001-07-26,1.75,1.75,1.75,1.75,0.0,0.0
2001-07-27,1.56,1.56,1.75,1.56,0.0,25000.0
2001-07-30,1.75,1.75,1.75,1.75,0.0,0.0
2001-07-31,1.75,1.75,1.75,1.75,0.0,0.0
2001-08-01,1.56,1.56,1.75,1.56,0.0,909.0
2001-08-02,1.75,1.75,1.75,1.75,0.0,0.0
2001-08-03,1.56,1.56,1.75,1.56,0.0,27250.0
2001-08-06,1.75,1.75,1.75,1.75,0.0,0.0
2001-08-07,1.75,1.75,1.75,1.75,0.0,0.0
2001-08-08,1.93,1.93,1.75,1.93,0.0,40000.0
2001-08-09,1.93,1.5,1.75,1.5,0.0,79434.0
2001-08-10,1.93,1.56,1.75,1.85,0.0,42390.0
2001-08-13,1.56,1.56,1.75,1.56,0.0,14770.0
2001-08-14,1.75,1.75,1.75,1.75,0.0,0.0
2001-08-15,1.75,1.75,1.75,1.75,0.0,0.0
2001-08-16,1.5,1.5,1.75,1.5,0.0,38918.0
2001-08-17,1.75,1.75,1.75,1.75,0.0,0.0
2001-08-20,2.0,1.56,1.75,1.56,0.0,145000.0
2001-08-21,1.93,1.93,1.75,1.93,0.0,10000.0
2001-08-22,1.89,1.51,1.75,1.89,0.0,225500.0
2001-08-23,1.56,1.56,1.75,1.56,0.0,10000.0
2001-08-24,1.99,1.56,1.75,1.99,0.0,107500.0
2001-08-27,1.75,1.75,1.75,1.75,0.0,0.0
2001-08-28,1.93,1.56,1.75,1.93,0.0,50004.0
2001-08-29,1.5,1.5,1.75,1.5,0.0,226000.0
2001-08-30,1.5,1.5,1.75,1.5,0.0,41150.0
2001-08-31,1.93,1.93,1.75,1.93,0.0,10000.0
2001-09-03,1.0,1.0,1.75,1.0,0.0,250000.0
2001-09-04,1.75,1.75,1.75,1.75,0.0,0.0
2001-09-05,1.5,1.5,1.75,1.5,0.0,30000.0
2001-09-06,1.5,1.5,1.75,1.5,0.0,43551.0
2001-09-07,1.75,1.56,1.75,1.56,0.0,65516.0
2001-09-10,1.56,1.56,1.75,1.56,0.0,69441.0
2001-09-11,1.56,1.56,1.75,1.56,0.0,8514.0
2001-09-12,1.5,1.5,1.5,1.5,0.0,170215.0
2001-09-13,1.46,1.28,1.5,1.46,0.0,28000.0
2001-09-14,1.5,1.5,1.5,1.5,0.0,100000.0
2001-09-17,1.49,1.49,1.5,1.49,0.0,131675.0
2001-09-18,1.5,1.46,1.5,1.5,0.0,42338.0
2001-09-19,1.5,1.5,1.5,1.5,0.0,0.0
2001-09-20,1.46,1.46,1.5,1.46,0.0,7000.0
2001-09-21,1.46,1.25,1.5,1.25,0.0,60000.0
2001-09-24,1.5,1.5,1.5,1.5,0.0,0.0
2001-09-25,1.375,1.375,1.5,1.375,0.0,37500.0
2001-09-26,1.5,1.25,1.5,1.5,0.0,120205.0
2001-09-27,1.28,1.25,1.5,1.28,0.0,115000.0
2001-09-28,1.46,1.46,1.5,1.46,0.0,25000.0
2001-10-01,1.45,1.45,1.5,1.45,0.0,2000.0
2001-10-02,1.5,1.5,1.5,1.5,0.0,0.0
2001-10-03,1.46,1.46,1.5,1.46,0.0,10000.0
2001-10-04,1.5,1.5,1.5,1.5,0.0,0.0
2001-10-05,1.46,1.25,1.5,1.46,0.0,45000.0
2001-10-08,1.28,1.28,1.5,1.28,0.0,24500.0
2001-10-09,1.5,1.5,1.5,1.5,0.0,100000.0
2001-10-10,1.5,1.5,1.5,1.5,0.0,0.0
2001-10-11,1.5,1.5,1.5,1.5,0.0,0.0
2001-10-12,1.46,1.4375,1.5,1.4375,0.0,120000.0
2001-10-15,1.5,1.5,1.5,1.5,0.0,0.0
2001-10-16,1.5,1.5,1.5,1.5,0.0,0.0
2001-10-17,1.68,1.68,1.5,1.68,0.0,5715.0
2001-10-18,1.5,1.5,1.5,1.5,0.0,0.0
2001-10-19,1.75,1.68,1.5,1.68,0.0,255000.0
2001-10-22,1.31,1.31,1.5,1.31,0.0,50000.0
2001-10-23,1.5,1.5,1.5,1.5,0.0,0.0
2001-10-24,1.31,1.25,1.5,1.31,0.0,20000.0
2001-10-25,1.5,1.5,1.5,1.5,0.0,0.0
2001-10-26,1.31,1.26,1.5,1.26,0.0,4663.0
2001-10-29,1.31,1.26,1.5,1.31,0.0,52164.0
2001-10-30,1.68,1.68,1.5,1.68,0.0,100000.0
2001-10-31,1.25,1.25,1.5,1.25,0.0,100000.0
2001-11-01,1.375,1.375,1.5,1.375,0.0,100000.0
2001-11-02,1.5,1.5,1.5,1.5,0.0,700000.0
2001-11-05,1.75,1.68,1.5,1.75,0.0,100000.0
2001-11-06,1.31,1.31,1.5,1.31,0.0,7641.0
2001-11-07,1.31,1.26,1.5,1.26,0.0,31500.0
2001-11-08,1.5,1.5,1.5,1.5,0.0,0.0
2001-11-09,1.31,1.31,1.5,1.31,0.0,30000.0
2001-11-12,1.69,1.69,1.5,1.69,0.0,10000.0
2001-11-13,1.31,1.31,1.5,1.31,0.0,76700.0
2001-11-14,1.69,1.31,1.5,1.31,0.0,63690.0
2001-11-15,1.5,1.5,1.5,1.5,0.0,0.0
2001-11-16,1.69,1.31,1.5,1.69,0.0,75004.0
2001-11-19,1.69,1.25,1.5,1.69,0.0,105000.0
2001-11-20,1.68,1.68,1.5,1.68,0.0,59000.0
2001-11-21,1.75,1.53,1.75,1.74,0.0,162444.0
2001-11-22,1.75,1.72,1.75,1.72,0.0,106000.0
2001-11-23,1.75,1.75,1.75,1.75,0.0,43000.0
2001-11-26,1.75,1.75,1.75,1.75,0.0,0.0
2001-11-27,1.75,1.75,1.75,1.75,0.0,41791.0
2001-11-28,1.75,1.75,1.75,1.75,0.0,0.0
2001-11-29,1.75,1.75,1.75,1.75,0.0,95423.0
2001-11-30,1.5,1.5,1.75,1.5,0.0,14000.0
2001-12-01,1.75,1.75,1.75,1.75,0.0,0.0
2001-12-03,1.75,1.5,1.75,1.5,0.0,344894.0
2001-12-04,1.625,1.5,1.75,1.625,0.0,800000.0
2001-12-05,1.75,1.75,1.75,1.75,0.0,0.0
2001-12-06,1.5,1.5,1.75,1.5,0.0,4000.0
2001-12-07,1.75,1.75,1.75,1.75,0.0,0.0
2001-12-10,1.75,1.74,1.75,1.75,0.0,55678.0
2001-12-11,1.5,1.5,1.75,1.5,0.0,28334.0
2001-12-12,1.5,1.5,1.75,1.5,0.0,127500.0
2001-12-13,1.75,1.75,1.75,1.75,0.0,0.0
2001-12-14,1.5,1.5,1.75,1.5,0.0,54550.0
2001-12-17,1.75,1.5,1.75,1.75,0.0,95002.0
2001-12-18,1.75,1.5,1.75,1.5,0.0,26543.0
2001-12-19,1.75,1.5,1.75,1.5,0.0,83250.0
2001-12-20,1.5,1.5,1.75,1.5,0.0,5543.0
2001-12-21,1.75,1.5,1.75,1.75,0.0,63791.0
2001-12-24,1.75,1.75,1.75,1.75,0.0,0.0
2001-12-25,1.75,1.75,1.75,1.75,0.0,0.0
2001-12-26,1.75,1.75,1.75,1.75,0.0,0.0
2001-12-27,1.75,1.75,1.75,1.75,0.0,0.0
2001-12-28,1.75,1.75,1.75,1.75,0.0,0.0
2001-12-31,1.5,1.5,1.75,1.5,0.0,46905.0
2002-01-01,1.75,1.75,1.75,1.75,0.0,0.0
2002-01-02,1.75,1.75,1.75,1.75,0.0,200000.0
2002-01-03,1.75,1.5,1.75,1.75,0.0,126111.0
2002-01-04,1.75,1.75,1.75,1.75,0.0,150000.0
2002-01-07,1.75,1.75,1.75,1.75,0.0,80000.0
2002-01-08,1.75,1.5,1.75,1.5,0.0,116000.0
2002-01-09,1.72,1.72,1.75,1.72,0.0,25000.0
2002-01-10,1.5,1.5,1.75,1.5,0.0,77000.0
2002-01-11,1.53,1.53,1.75,1.53,0.0,24000.0
2002-01-14,1.75,1.72,1.75,1.72,0.0,74451.0
2002-01-15,1.72,1.51,1.75,1.53,0.0,71883.0
2002-01-16,1.53,1.53,1.75,1.53,0.0,27000.0
2002-01-17,1.72,1.53,1.75,1.72,0.0,66707.0
2002-01-18,1.72,1.53,1.75,1.53,0.0,5200.0
2002-01-21,1.75,1.75,1.75,1.75,0.0,0.0
2002-01-22,1.72,1.53,1.75,1.72,0.0,118072.0
2002-01-23,1.5,1.5,1.75,1.5,0.0,2608.0
2002-01-24,1.5,1.5,1.75,1.5,0.0,80625.0
2002-01-25,1.53,1.53,1.75,1.53,0.0,25182.0
2002-01-28,1.53,1.53,1.75,1.53,0.0,60000.0
2002-01-29,1.625,1.625,1.75,1.625,0.0,200000.0
2002-01-30,1.72,1.5,1.75,1.5,0.0,117248.0
2002-01-31,1.53,1.53,1.75,1.53,0.0,5000.0
2002-02-01,1.5,1.5,1.75,1.5,0.0,11316.0
2002-02-04,1.75,1.75,1.75,1.75,0.0,50000.0
2002-02-05,1.53,1.5,1.75,1.5,0.0,105516.0
2002-02-06,1.75,1.53,1.75,1.75,0.0,232864.0
2002-02-07,1.74,1.74,1.75,1.74,0.0,16375.0
2002-02-08,1.72,1.53,1.75,1.53,0.0,235000.0
2002-02-11,1.53,1.53,1.75,1.53,0.0,1000.0
2002-02-12,1.75,1.75,1.75,1.75,0.0,0.0
2002-02-13,1.74,1.74,1.75,1.74,0.0,620185.0
2002-02-14,1.75,1.75,1.75,1.75,0.0,171428.0
2002-02-15,1.72,1.72,1.75,1.72,0.0,29000.0
2002-02-18,1.7,1.53,1.75,1.7,0.0,58000.0
2002-02-19,1.72,1.72,1.75,1.72,0.0,30000.0
2002-02-20,1.75,1.75,1.75,1.75,0.0,0.0
2002-02-21,1.75,1.75,1.75,1.75,0.0,0.0
2002-02-22,1.53,1.5,1.75,1.53,0.0,65000.0
2002-02-25,1.75,1.75,1.75,1.75,0.0,0.0
2002-02-26,1.75,1.75,1.75,1.75,0.0,0.0
2002-02-27,1.5,1.5,1.75,1.5,0.0,168428.0
2002-02-28,1.72,1.53,1.75,1.72,0.0,42870.0
2002-03-01,1.51,1.51,1.75,1.51,0.0,12935.0
2002-03-04,1.53,1.53,1.75,1.53,0.0,4000.0
2002-03-05,1.53,1.53,1.75,1.53,0.0,120000.0
2002-03-06,1.72,1.53,1.75,1.53,0.0,94068.0
2002-03-07,1.72,1.72,1.75,1.72,0.0,1500.0
2002-03-08,1.53,1.53,1.75,1.53,0.0,42000.0
2002-03-11,1.75,1.75,1.75,1.75,0.0,0.0
2002-03-12,1.72,1.5,1.75,1.72,0.0,55083.0
2002-03-13,1.75,1.75,1.75,1.75,0.0,0.0
2002-03-14,1.72,1.53,1.75,1.72,0.0,45069.0
2002-03-15,1.75,1.75,1.75,1.75,0.0,0.0
2002-03-18,1.53,1.53,1.75,1.53,0.0,9657.0
2002-03-19,1.72,1.53,1.75,1.53,0.0,39574.0
2002-03-20,1.72,1.5,1.75,1.72,0.0,56376.0
2002-03-21,1.53,1.53,1.75,1.53,0.0,4166.0
2002-03-22,1.75,1.75,1.75,1.75,0.0,0.0
2002-03-25,1.72,1.53,1.75,1.72,0.0,100500.0
2002-03-26,1.5,1.375,1.75,1.5,0.0,3382500.0
2002-03-27,1.53,1.5,1.75,1.53,0.0,560000.0
2002-03-28,1.72,1.72,1.75,1.72,0.0,80000.0
2002-03-29,1.75,1.75,1.75,1.75,0.0,0.0
2002-04-01,1.75,1.75,1.75,1.75,0.0,0.0
2002-04-02,1.72,1.53,1.75,1.53,0.0,66500.0
2002-04-03,1.53,1.51,1.75,1.51,0.0,95368.0
2002-04-04,1.25,1.25,1.75,1.25,0.0,300000.0
2002-04-05,1.53,1.5,1.75,1.53,0.0,51093.0
2002-04-08,1.75,1.75,1.75,1.75,0.0,0.0
2002-04-09,1.5,1.5,1.75,1.5,0.0,80000.0
2002-04-10,1.5,1.5,1.75,1.5,0.0,25860.0
2002-04-11,1.5,1.5,1.75,1.5,0.0,100000.0
2002-04-12,1.53,1.53,1.75,1.53,0.0,50000.0
2002-04-15,1.75,1.75,1.75,1.75,0.0,0.0
2002-04-16,1.75,1.75,1.75,1.75,0.0,0.0
2002-04-17,1.75,1.75,1.75,1.75,0.0,0.0
2002-04-18,1.4,1.4,1.5,1.4,0.0,140000.0
2002-04-19,1.28,1.28,1.5,1.28,0.0,20000.0
2002-04-22,1.28,1.28,1.5,1.28,0.0,25000.0
2002-04-23,1.5,1.5,1.5,1.5,0.0,0.0
2002-04-24,1.4,1.4,1.5,1.4,0.0,15000.0
2002-04-25,1.28,1.28,1.5,1.28,0.0,50000.0
2002-04-26,1.5,1.5,1.5,1.5,0.0,0.0
2002-04-29,1.25,1.25,1.5,1.25,0.0,424.0
2002-04-30,1.28,1.28,1.5,1.28,0.0,13000.0
2002-05-01,1.28,1.28,1.5,1.28,0.0,47200.0
2002-05-02,1.5,1.5,1.5,1.5,0.0,0.0
2002-05-03,1.28,1.28,1.5,1.28,0.0,5000.0
2002-05-06,1.5,1.5,1.5,1.5,0.0,0.0
2002-05-07,1.4,1.28,1.5,1.28,0.0,74967.0
2002-05-08,1.28,1.28,1.5,1.28,0.0,15000.0
2002-05-09,1.4,1.0,1.25,1.4,0.0,463677.0
2002-05-10,1.0,0.5,0.75,1.0,0.0,756233.0
2002-05-13,0.5,0.5,0.75,0.5,0.0,250000.0
2002-05-14,0.75,0.75,0.75,0.75,0.0,0.0
2002-05-15,0.75,0.75,0.75,0.75,0.0,0.0
2002-05-16,0.75,0.75,0.75,0.75,0.0,0.0
2002-05-17,0.75,0.75,0.75,0.75,0.0,0.0
2002-05-20,0.75,0.75,0.75,0.75,0.0,0.0
2002-05-21,0.75,0.75,0.75,0.75,0.0,0.0
2002-05-22,0.75,0.75,0.75,0.75,0.0,0.0
2002-05-23,0.75,0.75,0.75,0.75,0.0,0.0
2002-05-24,0.75,0.75,0.75,0.75,0.0,0.0
2002-05-27,0.75,0.75,0.75,0.75,0.0,0.0
2002-05-28,0.75,0.75,0.75,0.75,0.0,0.0
2002-05-29,0.75,0.75,0.75,0.75,0.0,0.0
2002-05-30,0.75,0.75,0.75,0.75,0.0,0.0
2002-05-31,0.75,0.75,0.75,0.75,0.0,0.0
2002-06-03,0.75,0.75,0.75,0.75,0.0,0.0
2002-06-04,0.75,0.75,0.75,0.75,0.0,0.0
2002-06-05,0.75,0.75,0.75,0.75,0.0,0.0
2002-06-06,0.75,0.75,0.75,0.75,0.0,0.0
2002-06-07,0.75,0.75,0.75,0.75,0.0,0.0
2002-06-10,0.75,0.75,0.75,0.75,0.0,0.0
2002-06-11,0.75,0.75,0.75,0.75,0.0,0.0
2002-06-12,0.75,0.75,0.75,0.75,0.0,0.0
2002-06-13,0.75,0.75,0.75,0.75,0.0,0.0
2002-06-14,0.75,0.75,0.75,0.75,0.0,0.0
2002-06-17,0.75,0.75,0.75,0.75,0.0,0.0
2002-06-18,0.75,0.75,0.75,0.75,0.0,0.0
2002-06-19,0.75,0.75,0.75,0.75,0.0,0.0
2002-06-20,0.75,0.75,0.75,0.75,0.0,0.0
2002-06-21,0.75,0.75,0.75,0.75,0.0,0.0
2002-06-24,0.75,0.75,0.75,0.75,0.0,0.0
2002-06-25,0.75,0.75,0.75,0.75,0.0,0.0
2002-06-26,0.75,0.75,0.75,0.75,0.0,0.0
2002-06-27,0.75,0.75,0.75,0.75,0.0,0.0
2002-06-28,0.75,0.75,0.75,0.75,0.0,0.0
2002-07-01,0.75,0.75,0.75,0.75,0.0,0.0
2002-07-02,0.75,0.75,0.75,0.75,0.0,0.0
2002-07-03,0.75,0.75,0.75,0.75,0.0,0.0
2002-07-04,0.75,0.75,0.75,0.75,0.0,0.0
2002-07-05,0.75,0.75,0.75,0.75,0.0,0.0
2002-07-08,0.75,0.75,0.75,0.75,0.0,0.0
2002-07-09,0.75,0.75,0.75,0.75,0.0,0.0
2002-07-10,0.75,0.75,0.75,0.75,0.0,0.0
2002-07-11,0.75,0.75,0.75,0.75,0.0,0.0
2002-07-12,0.75,0.75,0.75,0.75,0.0,0.0
2002-07-15,0.75,0.75,0.75,0.75,0.0,0.0
2002-07-16,0.75,0.75,0.75,0.75,0.0,0.0
2002-07-17,0.75,0.75,0.75,0.75,0.0,0.0
2002-07-18,0.75,0.75,0.75,0.75,0.0,0.0
2002-07-19,0.75,0.75,0.75,0.75,0.0,0.0
2002-07-22,0.75,0.75,0.75,0.75,0.0,0.0
2002-07-23,0.75,0.75,0.75,0.75,0.0,0.0
2002-07-24,0.75,0.75,0.75,0.75,0.0,0.0
2002-07-25,0.75,0.75,0.75,0.75,0.0,0.0
2002-07-26,0.75,0.75,0.75,0.75,0.0,0.0
2002-07-29,0.75,0.75,0.75,0.75,0.0,0.0
2002-07-30,0.75,0.75,0.75,0.75,0.0,0.0
2002-07-31,0.75,0.75,0.75,0.75,0.0,0.0
2002-08-01,0.75,0.75,0.75,0.75,0.0,0.0
2002-08-02,0.75,0.75,0.75,0.75,0.0,0.0
2002-08-05,0.75,0.75,0.75,0.75,0.0,0.0
2002-08-06,0.75,0.75,0.75,0.75,0.0,0.0
2002-08-07,0.75,0.75,0.75,0.75,0.0,0.0
2002-08-08,0.75,0.75,0.75,0.75,0.0,0.0
2002-08-09,0.75,0.75,0.75,0.75,0.0,0.0
2002-08-12,0.75,0.75,0.75,0.75,0.0,0.0
2002-08-13,0.75,0.75,0.75,0.75,0.0,0.0
2002-08-14,0.75,0.75,0.75,0.75,0.0,0.0
2002-08-15,0.75,0.75,0.75,0.75,0.0,0.0
2002-08-16,0.75,0.75,0.75,0.75,0.0,0.0
2002-08-19,0.75,0.75,0.75,0.75,0.0,0.0
2002-08-20,0.75,0.75,0.75,0.75,0.0,0.0
2002-08-21,0.75,0.75,0.75,0.75,0.0,0.0
2002-08-22,0.75,0.75,0.75,0.75,0.0,0.0
2002-08-23,0.75,0.75,0.75,0.75,0.0,0.0
2002-08-26,0.75,0.75,0.75,0.75,0.0,0.0
2002-08-27,0.75,0.75,0.75,0.75,0.0,0.0
2002-08-28,0.75,0.75,0.75,0.75,0.0,0.0
2002-08-29,0.75,0.75,0.75,0.75,0.0,0.0
2002-08-30,0.75,0.75,0.75,0.75,0.0,0.0
2002-09-02,0.75,0.75,0.75,0.75,0.0,0.0
2002-09-03,0.75,0.75,0.75,0.75,0.0,0.0
2002-09-04,0.75,0.75,0.75,0.75,0.0,0.0
2002-09-05,0.75,0.75,0.75,0.75,0.0,0.0
2002-09-06,0.75,0.75,0.75,0.75,0.0,0.0
2002-09-09,0.75,0.75,0.75,0.75,0.0,0.0
2002-09-10,0.75,0.75,0.75,0.75,0.0,0.0
2002-09-11,0.75,0.75,0.75,0.75,0.0,0.0
2002-09-12,0.75,0.75,0.75,0.75,0.0,0.0
2002-09-13,0.75,0.75,0.75,0.75,0.0,0.0
2002-09-16,0.75,0.75,0.75,0.75,0.0,0.0
2002-09-17,0.75,0.75,0.75,0.75,0.0,0.0
2002-09-18,0.75,0.75,0.75,0.75,0.0,0.0
2002-09-19,0.75,0.75,0.75,0.75,0.0,0.0
2002-09-20,0.75,0.75,0.75,0.75,0.0,0.0
2002-09-23,0.75,0.75,0.75,0.75,0.0,0.0
2002-09-24,0.75,0.75,0.75,0.75,0.0,0.0
2002-09-25,0.75,0.75,0.75,0.75,0.0,0.0
2002-09-26,0.75,0.75,0.75,0.75,0.0,0.0
2002-09-27,0.75,0.75,0.75,0.75,0.0,0.0
2002-09-30,0.75,0.75,0.75,0.75,0.0,0.0
2002-10-01,0.75,0.75,0.75,0.75,0.0,0.0
2002-10-02,0.75,0.75,0.75,0.75,0.0,0.0
2002-10-03,0.75,0.75,0.75,0.75,0.0,0.0
2002-10-04,0.75,0.75,0.75,0.75,0.0,0.0
2002-10-07,0.75,0.75,0.75,0.75,0.0,0.0
2002-10-08,0.75,0.75,0.75,0.75,0.0,0.0
2002-10-09,0.75,0.75,0.75,0.75,0.0,0.0
2002-10-10,0.75,0.75,0.75,0.75,0.0,0.0
2002-10-11,0.75,0.75,0.75,0.75,0.0,0.0
2002-10-14,0.75,0.75,0.75,0.75,0.0,0.0
2002-10-15,0.75,0.75,0.75,0.75,0.0,0.0
2002-10-16,0.75,0.75,0.75,0.75,0.0,0.0
2002-10-17,0.75,0.75,0.75,0.75,0.0,0.0
2002-10-18,0.75,0.75,0.75,0.75,0.0,0.0
2002-10-21,0.75,0.75,0.75,0.75,0.0,0.0
2002-10-22,0.75,0.75,0.75,0.75,0.0,0.0
2002-10-23,0.75,0.75,0.75,0.75,0.0,0.0
2002-10-24,0.75,0.75,0.75,0.75,0.0,0.0
2002-10-25,0.75,0.75,0.75,0.75,0.0,0.0
2002-10-28,0.75,0.75,0.75,0.75,0.0,0.0
2002-10-29,0.75,0.75,0.75,0.75,0.0,0.0
2002-10-30,0.75,0.75,0.75,0.75,0.0,0.0
2002-10-31,0.75,0.75,0.75,0.75,0.0,0.0
2002-11-01,0.75,0.75,0.75,0.75,0.0,0.0
2002-11-04,0.75,0.75,0.75,0.75,0.0,0.0
2002-11-05,0.75,0.75,0.75,0.75,0.0,0.0
2002-11-06,0.75,0.75,0.75,0.75,0.0,0.0
2002-11-07,0.75,0.75,0.75,0.75,0.0,0.0
2002-11-08,0.75,0.75,0.75,0.75,0.0,0.0
2002-11-11,0.75,0.75,0.75,0.75,0.0,0.0
2002-11-12,0.75,0.75,0.75,0.75,0.0,0.0
2002-11-13,0.75,0.75,0.75,0.75,0.0,0.0
2002-11-14,0.75,0.75,0.75,0.75,0.0,0.0
2002-11-15,0.75,0.75,0.75,0.75,0.0,0.0
2002-11-18,0.75,0.75,0.75,0.75,0.0,0.0
2002-11-19,0.75,0.75,0.75,0.75,0.0,0.0
2002-11-20,0.75,0.75,0.75,0.75,0.0,0.0
2002-11-21,0.75,0.75,0.75,0.75,0.0,0.0
2002-11-22,0.75,0.75,0.75,0.75,0.0,0.0
2002-11-25,0.75,0.75,0.75,0.75,0.0,0.0
2002-11-26,0.75,0.75,0.75,0.75,0.0,0.0
2002-11-27,0.75,0.75,0.75,0.75,0.0,0.0
2002-11-28,0.75,0.75,0.75,0.75,0.0,0.0
2002-11-29,0.75,0.75,0.75,0.75,0.0,0.0
2002-12-02,0.75,0.75,0.75,0.75,0.0,0.0
2002-12-03,0.75,0.75,0.75,0.75,0.0,0.0
2002-12-04,0.75,0.75,0.75,0.75,0.0,0.0
2002-12-05,0.75,0.75,0.75,0.75,0.0,0.0
2002-12-06,0.75,0.75,0.75,0.75,0.0,0.0
2002-12-09,0.75,0.75,0.75,0.75,0.0,0.0
2002-12-10,0.75,0.75,0.75,0.75,0.0,0.0
2002-12-11,0.75,0.75,0.75,0.75,0.0,0.0
2002-12-12,0.75,0.75,0.75,0.75,0.0,0.0
2002-12-13,0.75,0.75,0.75,0.75,0.0,0.0
2002-12-16,0.75,0.75,0.75,0.75,0.0,0.0
2002-12-17,0.75,0.75,0.75,0.75,0.0,0.0
2002-12-18,0.75,0.75,0.75,0.75,0.0,0.0
2002-12-19,0.75,0.75,0.75,0.75,0.0,0.0
2002-12-20,0.75,0.75,0.75,0.75,0.0,0.0
2002-12-23,0.75,0.75,0.75,0.75,0.0,0.0
2002-12-24,0.75,0.75,0.75,0.75,0.0,0.0
2002-12-25,0.75,0.75,0.75,0.75,0.0,0.0
2002-12-26,0.75,0.75,0.75,0.75,0.0,0.0
2002-12-27,0.75,0.75,0.75,0.75,0.0,0.0
2002-12-30,0.75,0.75,0.75,0.75,0.0,0.0
2002-12-31,0.75,0.75,0.75,0.75,0.0,0.0
2003-01-01,0.75,0.75,0.75,0.75,0.0,0.0
2003-01-02,0.75,0.75,0.75,0.75,0.0,0.0
2003-01-03,0.75,0.75,0.75,0.75,0.0,0.0
2003-01-06,0.75,0.75,0.75,0.75,0.0,0.0
2003-01-07,0.75,0.75,0.75,0.75,0.0,0.0
2003-01-08,0.75,0.75,0.75,0.75,0.0,0.0
2003-01-09,0.75,0.75,0.75,0.75,0.0,0.0
2003-01-10,0.75,0.75,0.75,0.75,0.0,0.0
2003-01-13,0.75,0.75,0.75,0.75,0.0,0.0
2003-01-14,0.75,0.75,0.75,0.75,0.0,0.0
2003-01-15,0.75,0.75,0.75,0.75,0.0,0.0
2003-01-16,0.75,0.75,0.75,0.75,0.0,0.0
2003-01-17,0.75,0.75,0.75,0.75,0.0,0.0
2003-01-20,0.75,0.75,0.75,0.75,0.0,0.0
2003-01-21,0.75,0.75,0.75,0.75,0.0,0.0
2003-01-22,0.75,0.75,0.75,0.75,0.0,0.0
2003-01-23,0.75,0.75,0.75,0.75,0.0,0.0
2003-01-24,0.75,0.75,0.75,0.75,0.0,0.0
2003-01-27,0.75,0.75,0.75,0.75,0.0,0.0
2003-01-28,0.75,0.75,0.75,0.75,0.0,0.0
2003-01-29,0.75,0.75,0.75,0.75,0.0,0.0
2003-01-30,0.75,0.75,0.75,0.75,0.0,0.0
2003-01-31,0.75,0.75,0.75,0.75,0.0,0.0
2003-02-03,0.75,0.75,0.75,0.75,0.0,0.0
2003-02-04,0.75,0.75,0.75,0.75,0.0,0.0
2003-02-05,0.75,0.75,0.75,0.75,0.0,0.0
2003-02-06,0.75,0.75,0.75,0.75,0.0,0.0
2003-02-07,0.75,0.75,0.75,0.75,0.0,0.0
2003-02-10,0.75,0.75,0.75,0.75,0.0,0.0
2003-02-11,0.75,0.75,0.75,0.75,0.0,0.0
2003-02-12,0.75,0.75,0.75,0.75,0.0,0.0
2003-02-13,0.75,0.75,0.75,0.75,0.0,0.0
2003-02-14,0.75,0.75,0.75,0.75,0.0,0.0
2003-02-17,0.75,0.75,0.75,0.75,0.0,0.0
2003-02-18,0.75,0.75,0.75,0.75,0.0,0.0
2003-02-19,0.75,0.75,0.75,0.75,0.0,0.0
2003-02-20,0.75,0.75,0.75,0.75,0.0,0.0
2003-02-21,0.75,0.75,0.75,0.75,0.0,0.0
2003-02-24,0.75,0.75,0.75,0.75,0.0,0.0
2003-02-25,0.75,0.75,0.75,0.75,0.0,0.0
2003-02-26,0.75,0.75,0.75,0.75,0.0,0.0
2003-02-27,0.75,0.75,0.75,0.75,0.0,0.0
2003-02-28,0.75,0.75,0.75,0.75,0.0,0.0
2003-03-03,0.75,0.75,0.75,0.75,0.0,0.0
2003-03-04,0.75,0.75,0.75,0.75,0.0,0.0
2003-03-05,0.75,0.75,0.75,0.75,0.0,0.0
2003-03-06,0.75,0.75,0.75,0.75,0.0,0.0
2003-03-07,0.75,0.75,0.75,0.75,0.0,0.0
2003-03-10,0.75,0.75,0.75,0.75,0.0,0.0
2003-03-11,0.75,0.75,0.75,0.75,0.0,0.0
2003-03-12,0.75,0.75,0.75,0.75,0.0,0.0
2003-03-13,0.75,0.75,0.75,0.75,0.0,0.0
2003-03-14,0.75,0.75,0.75,0.75,0.0,0.0
2003-03-17,0.75,0.75,0.75,0.75,0.0,0.0
2003-03-18,0.75,0.75,0.75,0.75,0.0,0.0
2003-03-19,0.75,0.75,0.75,0.75,0.0,0.0
2003-03-20,0.75,0.75,0.75,0.75,0.0,0.0
2003-03-21,0.75,0.75,0.75,0.75,0.0,0.0
2003-03-24,0.75,0.75,0.75,0.75,0.0,0.0
2003-03-25,0.75,0.75,0.75,0.75,0.0,0.0
2003-03-26,0.75,0.75,0.75,0.75,0.0,0.0
2003-03-27,0.75,0.75,0.75,0.75,0.0,0.0
2003-03-28,0.75,0.75,0.75,0.75,0.0,0.0
2003-03-31,0.75,0.75,0.75,0.75,0.0,0.0
2003-04-01,0.75,0.75,0.75,0.75,0.0,0.0
2003-04-02,0.75,0.75,0.75,0.75,0.0,0.0
2003-04-03,0.75,0.75,0.75,0.75,0.0,0.0
2003-04-04,0.75,0.75,0.75,0.75,0.0,0.0
2003-04-07,0.75,0.75,0.75,0.75,0.0,0.0
2003-04-08,0.75,0.75,0.75,0.75,0.0,0.0
2003-04-09,0.75,0.75,0.75,0.75,0.0,0.0
2003-04-10,0.75,0.75,0.75,0.75,0.0,0.0
2003-04-11,0.75,0.75,0.75,0.75,0.0,0.0
2003-04-14,0.75,0.75,0.75,0.75,0.0,0.0
2003-04-15,0.75,0.75,0.75,0.75,0.0,0.0
2003-04-16,0.75,0.75,0.75,0.75,0.0,0.0
2003-04-17,0.75,0.75,0.75,0.75,0.0,0.0
2003-04-18,0.75,0.75,0.75,0.75,0.0,0.0
2003-04-21,0.75,0.75,0.75,0.75,0.0,0.0
2003-04-22,0.75,0.75,0.75,0.75,0.0,0.0
2003-04-23,0.75,0.75,0.75,0.75,0.0,0.0
2003-04-24,0.75,0.75,0.75,0.75,0.0,0.0
2003-04-25,0.75,0.75,0.75,0.75,0.0,0.0
2003-04-28,0.75,0.75,0.75,0.75,0.0,0.0
2003-04-29,0.75,0.75,0.75,0.75,0.0,0.0
2003-04-30,0.75,0.75,0.75,0.75,0.0,0.0
2003-05-01,0.75,0.75,0.75,0.75,0.0,0.0
2003-05-02,0.75,0.75,0.75,0.75,0.0,0.0
2003-05-05,0.75,0.75,0.75,0.75,0.0,0.0
2003-05-06,0.75,0.75,0.75,0.75,0.0,0.0
2003-05-07,0.75,0.75,0.75,0.75,0.0,0.0
2003-05-08,0.75,0.75,0.75,0.75,0.0,0.0
2003-05-09,0.75,0.75,0.75,0.75,0.0,0.0
2003-05-12,0.75,0.75,0.75,0.75,0.0,0.0
2003-05-13,0.75,0.75,0.75,0.75,0.0,0.0
2003-05-14,0.75,0.75,0.75,0.75,0.0,0.0
2003-05-15,0.75,0.75,0.75,0.75,0.0,0.0
2003-05-16,0.75,0.75,0.75,0.75,0.0,0.0
2003-05-19,0.75,0.75,0.75,0.75,0.0,0.0
2003-05-20,0.75,0.75,0.75,0.75,0.0,0.0
2003-05-21,0.75,0.75,0.75,0.75,0.0,0.0
2003-05-22,0.75,0.75,0.75,0.75,0.0,0.0
2003-05-23,0.75,0.75,0.75,0.75,0.0,0.0
2003-05-26,0.75,0.75,0.75,0.75,0.0,0.0
2003-05-27,0.75,0.75,0.75,0.75,0.0,0.0
2003-05-28,0.75,0.75,0.75,0.75,0.0,0.0
2003-05-29,0.75,0.75,0.75,0.75,0.0,0.0
2003-05-30,0.75,0.75,0.75,0.75,0.0,0.0
2003-06-02,0.75,0.75,0.75,0.75,0.0,0.0
2003-06-03,0.75,0.75,0.75,0.75,0.0,0.0
2003-06-04,0.75,0.75,0.75,0.75,0.0,0.0
2003-06-05,0.75,0.75,0.75,0.75,0.0,0.0
2003-06-06,0.75,0.75,0.75,0.75,0.0,0.0
2003-06-09,0.75,0.75,0.75,0.75,0.0,0.0
2003-06-10,0.75,0.75,0.75,0.75,0.0,0.0
2003-06-11,0.75,0.75,0.75,0.75,0.0,0.0
2003-06-12,0.75,0.75,0.75,0.75,0.0,0.0
2003-06-13,0.75,0.75,0.75,0.75,0.0,0.0
2003-06-16,0.75,0.75,0.75,0.75,0.0,0.0
2003-06-17,0.75,0.75,0.75,0.75,0.0,0.0
2003-06-18,0.75,0.75,0.75,0.75,0.0,0.0
2003-06-19,0.75,0.75,0.75,0.75,0.0,0.0
2003-06-20,0.75,0.75,0.75,0.75,0.0,0.0
2003-06-23,0.75,0.75,0.75,0.75,0.0,0.0
2003-06-24,0.75,0.75,0.75,0.75,0.0,0.0
2003-06-25,0.75,0.75,0.75,0.75,0.0,0.0
2003-06-26,0.75,0.75,0.75,0.75,0.0,0.0
2003-06-27,0.75,0.75,0.75,0.75,0.0,0.0
2003-06-30,0.75,0.75,0.75,0.75,0.0,0.0
2003-07-01,0.75,0.75,0.75,0.75,0.0,0.0
2003-07-02,0.75,0.75,0.75,0.75,0.0,0.0
2003-07-03,0.75,0.75,0.75,0.75,0.0,0.0
2003-07-04,0.75,0.75,0.75,0.75,0.0,0.0
2003-07-07,0.75,0.75,0.75,0.75,0.0,0.0
2003-07-08,0.75,0.75,0.75,0.75,0.0,0.0
2003-07-09,0.75,0.75,0.75,0.75,0.0,0.0
2003-07-10,0.75,0.75,0.75,0.75,0.0,0.0
2003-07-11,0.75,0.75,0.75,0.75,0.0,0.0
2003-07-14,0.75,0.75,0.75,0.75,0.0,0.0
2003-07-15,0.75,0.75,0.75,0.75,0.0,0.0
2003-07-16,0.75,0.75,0.75,0.75,0.0,0.0
2003-07-17,0.75,0.75,0.75,0.75,0.0,0.0
2003-07-18,0.75,0.75,0.75,0.75,0.0,0.0
2003-07-21,0.75,0.75,0.75,0.75,0.0,0.0
2003-07-22,0.75,0.75,0.75,0.75,0.0,0.0
2003-07-23,0.75,0.75,0.75,0.75,0.0,0.0
2003-07-24,0.75,0.75,0.75,0.75,0.0,0.0
2003-07-25,0.75,0.75,0.75,0.75,0.0,0.0
2003-07-28,0.75,0.75,0.75,0.75,0.0,0.0
2003-07-29,0.75,0.75,0.75,0.75,0.0,0.0
2003-07-30,0.75,0.75,0.75,0.75,0.0,0.0
2003-07-31,0.75,0.75,0.75,0.75,0.0,0.0
2003-08-01,0.75,0.75,0.75,0.75,0.0,0.0
2003-08-04,0.75,0.75,0.75,0.75,0.0,0.0
2003-08-05,0.75,0.75,0.75,0.75,0.0,0.0
2003-08-06,0.75,0.75,0.75,0.75,0.0,0.0
2003-08-07,0.75,0.75,0.75,0.75,0.0,0.0
2003-08-08,0.75,0.75,0.75,0.75,0.0,0.0
2003-08-11,0.75,0.75,0.75,0.75,0.0,0.0
2003-08-12,0.75,0.75,0.75,0.75,0.0,0.0
2003-08-13,0.75,0.75,0.75,0.75,0.0,0.0
2003-08-14,0.75,0.75,0.75,0.75,0.0,0.0
2003-08-15,0.75,0.75,0.75,0.75,0.0,0.0
2003-08-18,0.75,0.75,0.75,0.75,0.0,0.0
2003-08-19,0.75,0.75,0.75,0.75,0.0,0.0
2003-08-20,0.75,0.75,0.75,0.75,0.0,0.0
2003-08-21,0.75,0.75,0.75,0.75,0.0,0.0
2003-08-22,0.75,0.75,0.75,0.75,0.0,0.0
2003-08-25,0.75,0.75,0.75,0.75,0.0,0.0
2003-08-26,0.75,0.75,0.75,0.75,0.0,0.0
2003-08-27,0.75,0.75,0.75,0.75,0.0,0.0
2003-08-28,0.75,0.75,0.75,0.75,0.0,0.0
2003-08-29,0.75,0.75,0.75,0.75,0.0,0.0
2003-09-01,0.75,0.75,0.75,0.75,0.0,0.0
2003-09-02,0.75,0.75,0.75,0.75,0.0,0.0
2003-09-03,0.75,0.75,0.75,0.75,0.0,0.0
2003-09-04,0.75,0.75,0.75,0.75,0.0,0.0
2003-09-05,0.75,0.75,0.75,0.75,0.0,0.0
2003-09-08,0.75,0.75,0.75,0.75,0.0,0.0
2003-09-09,0.75,0.75,0.75,0.75,0.0,0.0
2003-09-10,0.75,0.75,0.75,0.75,0.0,0.0
2003-09-11,0.75,0.75,0.75,0.75,0.0,0.0
2003-09-12,0.75,0.75,0.75,0.75,0.0,0.0
2003-09-15,0.75,0.75,0.75,0.75,0.0,0.0
2003-09-16,0.75,0.75,0.75,0.75,0.0,0.0
2003-09-17,0.75,0.75,0.75,0.75,0.0,0.0
2003-09-18,0.75,0.75,0.75,0.75,0.0,0.0
2003-09-19,0.75,0.75,0.75,0.75,0.0,0.0
2003-09-22,0.75,0.75,0.75,0.75,0.0,0.0
2003-09-23,0.75,0.75,0.75,0.75,0.0,0.0
2003-09-24,0.75,0.75,0.75,0.75,0.0,0.0
2003-09-25,0.75,0.75,0.75,0.75,0.0,0.0
2003-09-26,0.75,0.75,0.75,0.75,0.0,0.0
2003-09-29,0.75,0.75,0.75,0.75,0.0,0.0
2003-09-30,0.75,0.75,0.75,0.75,0.0,0.0
2003-10-01,0.75,0.75,0.75,0.75,0.0,0.0
2003-10-02,0.75,0.75,0.75,0.75,0.0,0.0
2003-10-03,0.75,0.75,0.75,0.75,0.0,0.0
2003-10-06,0.75,0.75,0.75,0.75,0.0,0.0
2003-10-07,0.75,0.75,0.75,0.75,0.0,0.0
2003-10-08,0.75,0.75,0.75,0.75,0.0,0.0
2003-10-09,0.75,0.75,0.75,0.75,0.0,0.0
2003-10-10,0.75,0.75,0.75,0.75,0.0,0.0
2003-10-13,0.75,0.75,0.75,0.75,0.0,0.0
2003-10-14,0.75,0.75,0.75,0.75,0.0,0.0
2003-10-15,0.75,0.75,0.75,0.75,0.0,0.0
2003-10-16,0.75,0.75,0.75,0.75,0.0,0.0
2003-10-17,0.75,0.75,0.75,0.75,0.0,0.0
2003-10-20,0.75,0.75,0.75,0.75,0.0,0.0
2003-10-21,0.75,0.75,0.75,0.75,0.0,0.0
2003-10-22,0.75,0.75,0.75,0.75,0.0,0.0
2003-10-23,0.75,0.75,0.75,0.75,0.0,0.0
2003-10-24,0.75,0.75,0.75,0.75,0.0,0.0
2003-10-27,0.75,0.75,0.75,0.75,0.0,0.0
2003-10-28,0.75,0.75,0.75,0.75,0.0,0.0
2003-10-29,0.75,0.75,0.75,0.75,0.0,0.0
2003-10-30,0.75,0.75,0.75,0.75,0.0,0.0
2003-10-31,0.75,0.75,0.75,0.75,0.0,0.0
2003-11-03,0.75,0.75,0.75,0.75,0.0,0.0
2003-11-04,0.75,0.75,0.75,0.75,0.0,0.0
2003-11-05,0.75,0.75,0.75,0.75,0.0,0.0
2003-11-06,0.75,0.75,0.75,0.75,0.0,0.0
2003-11-07,0.75,0.75,0.75,0.75,0.0,0.0
2003-11-10,0.75,0.75,0.75,0.75,0.0,0.0
2003-11-11,0.75,0.75,0.75,0.75,0.0,0.0
2003-11-12,0.75,0.75,0.75,0.75,0.0,0.0
2003-11-13,0.75,0.75,0.75,0.75,0.0,0.0
2003-11-14,0.75,0.75,0.75,0.75,0.0,0.0
2003-11-17,0.75,0.75,0.75,0.75,0.0,0.0
2003-11-18,0.75,0.75,0.75,0.75,0.0,0.0
2003-11-19,0.75,0.75,0.75,0.75,0.0,0.0
2003-11-20,0.75,0.75,0.75,0.75,0.0,0.0
2003-11-21,0.75,0.75,0.75,0.75,0.0,0.0
2003-11-24,0.75,0.75,0.75,0.75,0.0,0.0
2003-11-25,0.75,0.75,0.75,0.75,0.0,0.0
2003-11-26,0.75,0.75,0.75,0.75,0.0,0.0
2003-11-27,0.75,0.75,0.75,0.75,0.0,0.0
2003-11-28,0.75,0.75,0.75,0.75,0.0,0.0
2003-12-01,0.75,0.75,0.75,0.75,0.0,0.0
2003-12-02,0.75,0.75,0.75,0.75,0.0,0.0
2003-12-03,0.75,0.75,0.75,0.75,0.0,0.0
2003-12-04,0.75,0.75,0.75,0.75,0.0,0.0
2003-12-05,0.75,0.75,0.75,0.75,0.0,0.0
2003-12-08,0.75,0.75,0.75,0.75,0.0,0.0
2003-12-09,0.75,0.75,0.75,0.75,0.0,0.0
2003-12-10,0.75,0.75,0.75,0.75,0.0,0.0
2003-12-11,0.75,0.75,0.75,0.75,0.0,0.0
2003-12-12,0.75,0.75,0.75,0.75,0.0,0.0
2003-12-15,0.75,0.75,0.75,0.75,0.0,0.0
2003-12-16,0.75,0.75,0.75,0.75,0.0,0.0
2003-12-17,0.75,0.75,0.75,0.75,0.0,0.0
2003-12-18,0.75,0.75,0.75,0.75,0.0,0.0
2003-12-19,0.75,0.75,0.75,0.75,0.0,0.0
2003-12-22,0.75,0.75,0.75,0.75,0.0,0.0
2003-12-23,0.75,0.75,0.75,0.75,0.0,0.0
2003-12-24,0.75,0.75,0.75,0.75,0.0,0.0
2003-12-25,0.75,0.75,0.75,0.75,0.0,0.0
2003-12-26,0.75,0.75,0.75,0.75,0.0,0.0
2003-12-29,0.75,0.75,0.75,0.75,0.0,0.0
2003-12-30,0.75,0.75,0.75,0.75,0.0,0.0
2003-12-31,0.75,0.75,0.75,0.75,0.0,0.0
2004-01-01,0.75,0.75,0.75,0.75,0.0,0.0
2004-01-02,0.75,0.75,0.75,0.75,0.0,0.0
2004-01-04,0.75,0.75,0.75,0.75,0.0,0.0
2004-01-05,0.75,0.75,0.75,0.75,0.0,0.0
2004-01-06,0.75,0.75,0.75,0.75,0.0,0.0
2004-01-07,0.75,0.75,0.75,0.75,0.0,0.0
2004-01-08,0.75,0.75,0.75,0.75,0.0,0.0
2004-01-09,0.75,0.75,0.75,0.75,0.0,0.0
2004-01-12,0.75,0.75,0.75,0.75,0.0,0.0
2004-01-13,0.75,0.75,0.75,0.75,0.0,0.0
2004-01-14,0.75,0.75,0.75,0.75,0.0,0.0
2004-01-15,0.75,0.75,0.75,0.75,0.0,0.0
2004-01-16,0.75,0.75,0.75,0.75,0.0,0.0
2004-01-19,0.75,0.75,0.75,0.75,0.0,0.0
2004-01-20,0.75,0.75,0.75,0.75,0.0,0.0
2004-01-21,0.75,0.75,0.75,0.75,0.0,0.0
2004-01-22,0.75,0.75,0.75,0.75,0.0,0.0
2004-01-23,0.75,0.75,0.75,0.75,0.0,0.0
2004-01-26,0.75,0.75,0.75,0.75,0.0,0.0
2004-01-27,0.75,0.75,0.75,0.75,0.0,0.0
2004-01-28,0.75,0.75,0.75,0.75,0.0,0.0
2004-01-29,0.75,0.75,0.75,0.75,0.0,0.0
2004-01-30,0.75,0.75,0.75,0.75,0.0,0.0
2004-02-02,0.75,0.75,0.75,0.75,0.0,0.0
2004-02-03,0.75,0.75,0.75,0.75,0.0,0.0
2004-02-04,0.75,0.75,0.75,0.75,0.0,0.0
2004-02-05,0.75,0.75,0.75,0.75,0.0,0.0
2004-02-06,0.75,0.75,0.75,0.75,0.0,0.0
2004-02-09,0.75,0.75,0.75,0.75,0.0,0.0
2004-02-10,0.75,0.75,0.75,0.75,0.0,0.0
2004-02-11,0.75,0.75,0.75,0.75,0.0,0.0
2004-02-12,0.75,0.75,0.75,0.75,0.0,0.0
2004-02-13,0.75,0.75,0.75,0.75,0.0,0.0
2004-02-16,0.75,0.75,0.75,0.75,0.0,0.0
2004-02-17,0.75,0.75,0.75,0.75,0.0,0.0
2004-02-18,0.75,0.75,0.75,0.75,0.0,0.0
2004-02-19,0.75,0.75,0.75,0.75,0.0,0.0
2004-02-20,0.75,0.75,0.75,0.75,0.0,0.0
2004-02-23,0.75,0.75,0.75,0.75,0.0,0.0
2004-02-24,0.75,0.75,0.75,0.75,0.0,0.0
2004-02-25,0.75,0.75,0.75,0.75,0.0,0.0
2004-02-26,0.75,0.75,0.75,0.75,0.0,0.0
2004-02-27,0.75,0.75,0.75,0.75,0.0,0.0
2004-03-01,0.75,0.75,0.75,0.75,0.0,0.0
2004-03-02,0.75,0.75,0.75,0.75,0.0,0.0
2004-03-03,0.75,0.75,0.75,0.75,0.0,0.0
2004-03-04,0.75,0.75,0.75,0.75,0.0,0.0
2004-03-05,0.75,0.75,0.75,0.75,0.0,0.0
2004-03-08,0.75,0.75,0.75,0.75,0.0,0.0
2004-03-09,0.75,0.75,0.75,0.75,0.0,0.0
2004-03-10,0.75,0.75,0.75,0.75,0.0,0.0
2004-03-11,0.75,0.75,0.75,0.75,0.0,0.0
2004-03-12,0.75,0.75,0.75,0.75,0.0,0.0
2004-03-15,0.75,0.75,0.75,0.75,0.0,0.0
2004-03-16,0.75,0.75,0.75,0.75,0.0,0.0
2004-03-17,0.75,0.75,0.75,0.75,0.0,0.0
2004-03-18,0.75,0.75,0.75,0.75,0.0,0.0
2004-03-19,0.75,0.75,0.75,0.75,0.0,0.0
2004-03-22,0.75,0.75,0.75,0.75,0.0,0.0
2004-03-23,0.75,0.75,0.75,0.75,0.0,0.0
2004-03-24,0.75,0.75,0.75,0.75,0.0,0.0
2004-03-25,0.75,0.75,0.75,0.75,0.0,0.0
2004-03-26,0.75,0.75,0.75,0.75,0.0,0.0
2004-03-29,0.75,0.75,0.75,0.75,0.0,0.0
2004-03-30,0.75,0.75,0.75,0.75,0.0,0.0
2004-03-31,0.75,0.75,0.75,0.75,0.0,0.0
2004-04-01,0.75,0.75,0.75,0.75,0.0,0.0
2004-04-02,0.75,0.75,0.75,0.75,0.0,0.0
2004-04-05,0.75,0.75,0.75,0.75,0.0,0.0
2004-04-06,0.75,0.75,0.75,0.75,0.0,0.0
2004-04-07,0.75,0.75,0.75,0.75,0.0,0.0
2004-04-08,0.75,0.75,0.75,0.75,0.0,0.0
2004-04-09,0.75,0.75,0.75,0.75,0.0,0.0
2004-04-12,0.75,0.75,0.75,0.75,0.0,0.0
2004-04-13,0.75,0.75,0.75,0.75,0.0,0.0
2004-04-14,0.75,0.75,0.75,0.75,0.0,0.0
2004-04-15,0.75,0.75,0.75,0.75,0.0,0.0
2004-04-16,0.75,0.75,0.75,0.75,0.0,0.0
2004-04-19,0.75,0.75,0.75,0.75,0.0,0.0
2004-04-20,0.75,0.75,0.75,0.75,0.0,0.0
2004-04-21,0.75,0.75,0.75,0.75,0.0,0.0
2004-04-22,0.75,0.75,0.75,0.75,0.0,0.0
2004-04-23,0.75,0.75,0.75,0.75,0.0,0.0
2004-04-26,0.75,0.75,0.75,0.75,0.0,0.0
2004-04-27,0.75,0.75,0.75,0.75,0.0,0.0
2004-04-28,0.75,0.75,0.75,0.75,0.0,0.0
2004-04-29,0.75,0.75,0.75,0.75,0.0,0.0
2004-04-30,0.75,0.75,0.75,0.75,0.0,0.0
2004-05-03,0.75,0.75,0.75,0.75,0.0,0.0
2004-05-04,0.75,0.75,0.75,0.75,0.0,0.0
2004-05-05,0.75,0.75,0.75,0.75,0.0,0.0
2004-05-06,0.75,0.75,0.75,0.75,0.0,0.0
2004-05-07,0.75,0.75,0.75,0.75,0.0,0.0
2004-05-10,0.75,0.75,0.75,0.75,0.0,0.0
2004-05-11,0.75,0.75,0.75,0.75,0.0,0.0
2004-05-12,0.75,0.75,0.75,0.75,0.0,0.0
2004-05-13,0.75,0.75,0.75,0.75,0.0,0.0
2004-05-14,0.75,0.75,0.75,0.75,0.0,0.0
2004-05-17,0.75,0.75,0.75,0.75,0.0,0.0
2004-05-18,0.75,0.75,0.75,0.75,0.0,0.0
2004-05-19,0.75,0.75,0.75,0.75,0.0,0.0
2004-05-20,0.75,0.75,0.75,0.75,0.0,0.0
2004-05-21,0.75,0.75,0.75,0.75,0.0,0.0
2004-05-24,0.75,0.75,0.75,0.75,0.0,0.0
2004-05-25,0.75,0.75,0.75,0.75,0.0,0.0
2004-05-26,0.75,0.75,0.75,0.75,0.0,0.0
2004-05-27,0.75,0.75,0.75,0.75,0.0,0.0
2004-05-28,0.75,0.75,0.75,0.75,0.0,0.0
2004-05-31,0.75,0.75,0.75,0.75,0.0,0.0
2004-06-01,0.75,0.75,0.75,0.75,0.0,0.0
2004-06-02,0.75,0.75,0.75,0.75,0.0,0.0
2004-06-03,0.75,0.75,0.75,0.75,0.0,0.0
2004-06-04,0.75,0.75,0.75,0.75,0.0,0.0
2004-06-07,0.75,0.75,0.75,0.75,0.0,0.0
2004-06-08,0.75,0.75,0.75,0.75,0.0,0.0
2004-06-09,0.75,0.75,0.75,0.75,0.0,0.0
2004-06-10,0.75,0.75,0.75,0.75,0.0,0.0
2004-06-11,0.75,0.75,0.75,0.75,0.0,0.0
2004-06-14,0.75,0.75,0.75,0.75,0.0,0.0
2004-06-15,0.75,0.75,0.75,0.75,0.0,0.0
2004-06-16,0.75,0.75,0.75,0.75,0.0,0.0
2004-06-17,0.75,0.75,0.75,0.75,0.0,0.0
2004-06-18,0.75,0.75,0.75,0.75,0.0,0.0
2004-06-21,0.75,0.75,0.75,0.75,0.0,0.0
2004-06-22,0.75,0.75,0.75,0.75,0.0,0.0
2004-06-23,0.75,0.75,0.75,0.75,0.0,0.0
2004-06-24,0.75,0.75,0.75,0.75,0.0,0.0
2004-06-25,0.75,0.75,0.75,0.75,0.0,0.0
2004-06-28,0.75,0.75,0.75,0.75,0.0,0.0
2004-06-29,0.75,0.75,0.75,0.75,0.0,0.0
2004-06-30,0.75,0.75,0.75,0.75,0.0,0.0
2004-07-01,0.75,0.75,0.75,0.75,0.0,0.0
2004-07-02,0.75,0.75,0.75,0.75,0.0,0.0
2004-07-05,0.75,0.75,0.75,0.75,0.0,0.0
2004-07-06,0.75,0.75,0.75,0.75,0.0,0.0
2004-07-07,0.75,0.75,0.75,0.75,0.0,0.0
2004-07-08,0.75,0.75,0.75,0.75,0.0,0.0
2004-07-09,0.75,0.75,0.75,0.75,0.0,0.0
2004-07-12,0.75,0.75,0.75,0.75,0.0,0.0
2004-07-13,0.75,0.75,0.75,0.75,0.0,0.0
2004-07-14,0.75,0.75,0.75,0.75,0.0,0.0
2004-07-15,0.75,0.75,0.75,0.75,0.0,0.0
2004-07-16,0.75,0.75,0.75,0.75,0.0,0.0
2004-07-19,0.75,0.75,0.75,0.75,0.0,0.0
2004-07-20,0.75,0.75,0.75,0.75,0.0,0.0
2004-07-21,0.75,0.75,0.75,0.75,0.0,0.0
2004-07-22,0.75,0.75,0.75,0.75,0.0,0.0
2004-07-23,0.75,0.75,0.75,0.75,0.0,0.0
2004-07-26,0.75,0.75,0.75,0.75,0.0,0.0
2004-07-27,0.75,0.75,0.75,0.75,0.0,0.0
2004-07-28,0.75,0.75,0.75,0.75,0.0,0.0
2004-07-29,0.75,0.75,0.75,0.75,0.0,0.0
2004-07-30,0.75,0.75,0.75,0.75,0.0,0.0
2004-08-02,0.75,0.75,0.75,0.75,0.0,0.0
2004-08-03,0.75,0.75,0.75,0.75,0.0,0.0
2004-08-04,0.75,0.75,0.75,0.75,0.0,0.0
2004-08-05,0.75,0.75,0.75,0.75,0.0,0.0
2004-08-06,0.75,0.75,0.75,0.75,0.0,0.0
2004-08-09,0.75,0.75,0.75,0.75,0.0,0.0
2004-08-10,0.75,0.75,0.75,0.75,0.0,0.0
2004-08-11,0.75,0.75,0.75,0.75,0.0,0.0
2004-08-12,0.75,0.75,0.75,0.75,0.0,0.0
2004-08-13,0.75,0.75,0.75,0.75,0.0,0.0
2004-08-16,0.75,0.75,0.75,0.75,0.0,0.0
2004-08-17,0.75,0.75,0.75,0.75,0.0,0.0
2004-08-18,0.75,0.75,0.75,0.75,0.0,0.0
2004-08-19,0.75,0.75,0.75,0.75,0.0,0.0
2004-08-20,0.75,0.75,0.75,0.75,0.0,0.0
2004-08-23,0.75,0.75,0.75,0.75,0.0,0.0
2004-08-24,0.75,0.75,0.75,0.75,0.0,0.0
2004-08-25,0.75,0.75,0.75,0.75,0.0,0.0
2004-08-26,0.75,0.75,0.75,0.75,0.0,0.0
2004-08-27,0.75,0.75,0.75,0.75,0.0,0.0
2004-08-30,0.75,0.75,0.75,0.75,0.0,0.0
2004-08-31,0.75,0.75,0.75,0.75,0.0,0.0
2004-09-01,0.75,0.75,0.75,0.75,0.0,0.0
2004-09-02,0.75,0.75,0.75,0.75,0.0,0.0
2004-09-03,0.75,0.75,0.75,0.75,0.0,0.0
2004-09-06,0.75,0.75,0.75,0.75,0.0,0.0
2004-09-07,0.75,0.75,0.75,0.75,0.0,0.0
2004-09-08,0.75,0.75,0.75,0.75,0.0,0.0
2004-09-09,0.75,0.75,0.75,0.75,0.0,0.0
2004-09-10,0.75,0.75,0.75,0.75,0.0,0.0
2004-09-13,0.75,0.75,0.75,0.75,0.0,0.0
2004-09-14,0.75,0.75,0.75,0.75,0.0,0.0
2004-09-15,0.75,0.75,0.75,0.75,0.0,0.0
2004-09-16,0.75,0.75,0.75,0.75,0.0,0.0
2004-09-17,0.75,0.75,0.75,0.75,0.0,0.0
2004-09-20,0.75,0.75,0.75,0.75,0.0,0.0
2004-09-21,0.75,0.75,0.75,0.75,0.0,0.0
2004-09-22,0.75,0.75,0.75,0.75,0.0,0.0
2004-09-23,0.75,0.75,0.75,0.75,0.0,0.0
2004-09-24,0.75,0.75,0.75,0.75,0.0,0.0
2004-09-27,0.75,0.75,0.75,0.75,0.0,0.0
2004-09-28,0.75,0.75,0.75,0.75,0.0,0.0
2004-09-29,0.75,0.75,0.75,0.75,0.0,0.0
2004-09-30,0.75,0.75,0.75,0.75,0.0,0.0
2004-10-01,0.75,0.75,0.75,0.75,0.0,0.0
2004-10-04,0.75,0.75,0.75,0.75,0.0,0.0
2004-10-05,0.75,0.75,0.75,0.75,0.0,0.0
2004-10-06,0.75,0.75,0.75,0.75,0.0,0.0
2004-10-07,0.75,0.75,0.75,0.75,0.0,0.0
2004-10-08,0.75,0.75,0.75,0.75,0.0,0.0
2004-10-11,0.75,0.75,0.75,0.75,0.0,0.0
2004-10-12,0.75,0.75,0.75,0.75,0.0,0.0
2004-10-13,0.75,0.75,0.75,0.75,0.0,0.0
2004-10-14,0.75,0.75,0.75,0.75,0.0,0.0
2004-10-15,0.75,0.75,0.75,0.75,0.0,0.0
2004-10-18,0.75,0.75,0.75,0.75,0.0,0.0
2004-10-19,0.75,0.75,0.75,0.75,0.0,0.0
2004-10-20,0.75,0.75,0.75,0.75,0.0,0.0
2004-10-21,0.75,0.75,0.75,0.75,0.0,0.0
2004-10-22,0.75,0.75,0.75,0.75,0.0,0.0
2004-10-25,0.75,0.75,0.75,0.75,0.0,0.0
2004-10-26,0.75,0.75,0.75,0.75,0.0,0.0
2004-10-27,0.75,0.75,0.75,0.75,0.0,0.0
2004-10-28,0.75,0.75,0.75,0.75,0.0,0.0
2004-10-29,0.75,0.75,0.75,0.75,0.0,0.0
2004-11-01,0.75,0.75,0.75,0.75,0.0,0.0
2004-11-02,0.75,0.75,0.75,0.75,0.0,0.0
2004-11-03,0.75,0.75,0.75,0.75,0.0,0.0
2004-11-04,0.75,0.75,0.75,0.75,0.0,0.0
2004-11-05,0.75,0.75,0.75,0.75,0.0,0.0
2004-11-08,0.75,0.75,0.75,0.75,0.0,0.0
2004-11-09,0.75,0.75,0.75,0.75,0.0,0.0
2004-11-10,0.75,0.75,0.75,0.75,0.0,0.0
2004-11-11,0.75,0.75,0.75,0.75,0.0,0.0
2004-11-12,0.75,0.75,0.75,0.75,0.0,0.0
2004-11-15,0.75,0.75,0.75,0.75,0.0,0.0
2004-11-16,0.75,0.75,0.75,0.75,0.0,0.0
2004-11-17,0.75,0.75,0.75,0.75,0.0,0.0
2004-11-18,0.75,0.75,0.75,0.75,0.0,0.0
2004-11-19,0.75,0.75,0.75,0.75,0.0,0.0
2004-11-22,0.75,0.75,0.75,0.75,0.0,0.0
2004-11-23,0.75,0.75,0.75,0.75,0.0,0.0
2004-11-24,0.75,0.75,0.75,0.75,0.0,0.0
2004-11-25,0.75,0.75,0.75,0.75,0.0,0.0
2004-11-26,0.75,0.75,0.75,0.75,0.0,0.0
2004-11-29,0.75,0.75,0.75,0.75,0.0,0.0
2004-11-30,0.75,0.75,0.75,0.75,0.0,0.0
2004-12-01,0.75,0.75,0.75,0.75,0.0,0.0
2004-12-02,0.75,0.75,0.75,0.75,0.0,0.0
2004-12-03,0.75,0.75,0.75,0.75,0.0,0.0
2004-12-06,0.75,0.75,0.75,0.75,0.0,0.0
2004-12-07,0.75,0.75,0.75,0.75,0.0,0.0
2004-12-08,0.75,0.75,0.75,0.75,0.0,0.0
2004-12-09,0.75,0.75,0.75,0.75,0.0,0.0
2004-12-10,0.75,0.75,0.75,0.75,0.0,0.0
2004-12-13,0.75,0.75,0.75,0.75,0.0,0.0
2004-12-14,0.75,0.75,0.75,0.75,0.0,0.0
2004-12-15,0.75,0.75,0.75,0.75,0.0,0.0
2004-12-16,0.75,0.75,0.75,0.75,0.0,0.0
2004-12-17,0.75,0.75,0.75,0.75,0.0,0.0
2004-12-20,0.75,0.75,0.75,0.75,0.0,0.0
2004-12-21,0.75,0.75,0.75,0.75,0.0,0.0
2004-12-22,0.75,0.75,0.75,0.75,0.0,0.0
2004-12-23,0.75,0.75,0.75,0.75,0.0,0.0
2004-12-24,0.75,0.75,0.75,0.75,0.0,0.0
2004-12-27,0.75,0.75,0.75,0.75,0.0,0.0
2004-12-28,0.75,0.75,0.75,0.75,0.0,0.0
2004-12-29,0.75,0.75,0.75,0.75,0.0,0.0
2004-12-30,0.75,0.75,0.75,0.75,0.0,0.0
2004-12-31,0.75,0.75,0.75,0.75,0.0,0.0
2005-01-03,0.75,0.75,0.75,0.75,0.0,0.0
2005-01-04,0.75,0.75,0.75,0.75,0.0,0.0
2005-01-05,0.75,0.75,0.75,0.75,0.0,0.0
2005-01-06,0.75,0.75,0.75,0.75,0.0,0.0
2005-01-07,0.75,0.75,0.75,0.75,0.0,0.0
2005-01-10,0.75,0.75,0.75,0.75,0.0,0.0
2005-01-11,0.75,0.75,0.75,0.75,0.0,0.0
2005-01-12,0.75,0.75,0.75,0.75,0.0,0.0
2005-01-13,0.75,0.75,0.75,0.75,0.0,0.0
2005-01-14,0.75,0.75,0.75,0.75,0.0,0.0
2005-01-17,0.75,0.75,0.75,0.75,0.0,0.0
2005-01-18,0.75,0.75,0.75,0.75,0.0,0.0
2005-01-19,0.75,0.75,0.75,0.75,0.0,0.0
2005-01-20,0.75,0.75,0.75,0.75,0.0,0.0
2005-01-21,0.75,0.75,0.75,0.75,0.0,0.0
2005-01-24,0.75,0.75,0.75,0.75,0.0,0.0
2005-01-25,0.75,0.75,0.75,0.75,0.0,0.0
2005-01-26,0.75,0.75,0.75,0.75,0.0,0.0
2005-01-27,0.75,0.75,0.75,0.75,0.0,0.0
2005-01-28,0.75,0.75,0.75,0.75,0.0,0.0
2005-01-31,0.75,0.75,0.75,0.75,0.0,0.0
2005-02-01,0.75,0.75,0.75,0.75,0.0,0.0
2005-02-02,0.75,0.75,0.75,0.75,0.0,0.0
2005-02-03,0.75,0.75,0.75,0.75,0.0,0.0
2005-02-04,0.75,0.75,0.75,0.75,0.0,0.0
2005-02-07,0.75,0.75,0.75,0.75,0.0,0.0
2005-02-08,0.75,0.75,0.75,0.75,0.0,0.0
2005-02-09,0.75,0.75,0.75,0.75,0.0,0.0
2005-02-10,0.75,0.75,0.75,0.75,0.0,0.0
2005-02-11,0.75,0.75,0.75,0.75,0.0,0.0
2005-02-14,0.75,0.75,0.75,0.75,0.0,0.0
2005-02-15,0.75,0.75,0.75,0.75,0.0,0.0
2005-02-16,0.75,0.75,0.75,0.75,0.0,0.0
2005-02-17,0.75,0.75,0.75,0.75,0.0,0.0
2005-02-18,0.75,0.75,0.75,0.75,0.0,0.0
2005-02-21,0.75,0.75,0.75,0.75,0.0,0.0
2005-02-22,0.75,0.75,0.75,0.75,0.0,0.0
2005-02-23,0.75,0.75,0.75,0.75,0.0,0.0
2005-02-24,0.75,0.75,0.75,0.75,0.0,0.0
2005-02-25,0.75,0.75,0.75,0.75,0.0,0.0
2005-02-28,0.75,0.75,0.75,0.75,0.0,0.0
2005-03-01,0.75,0.75,0.75,0.75,0.0,0.0
2005-03-02,0.75,0.75,0.75,0.75,0.0,0.0
2005-03-03,0.75,0.75,0.75,0.75,0.0,0.0
2005-03-04,0.75,0.75,0.75,0.75,0.0,0.0
2005-03-07,0.75,0.75,0.75,0.75,0.0,0.0
2005-03-08,0.75,0.75,0.75,0.75,0.0,0.0
2005-03-09,0.75,0.75,0.75,0.75,0.0,0.0
2005-03-10,0.75,0.75,0.75,0.75,0.0,0.0
2005-03-11,0.75,0.75,0.75,0.75,0.0,0.0
2005-03-14,0.75,0.75,0.75,0.75,0.0,0.0
2005-03-15,0.75,0.75,0.75,0.75,0.0,0.0
2005-03-16,0.75,0.75,0.75,0.75,0.0,0.0
2005-03-17,0.75,0.75,0.75,0.75,0.0,0.0
2005-03-18,0.75,0.75,0.75,0.75,0.0,0.0
2005-03-21,0.75,0.75,0.75,0.75,0.0,0.0
2005-03-22,0.75,0.75,0.75,0.75,0.0,0.0
2005-03-23,0.75,0.75,0.75,0.75,0.0,0.0
2005-03-24,0.75,0.75,0.75,0.75,0.0,0.0
2005-03-25,0.75,0.75,0.75,0.75,0.0,0.0
2005-03-28,0.75,0.75,0.75,0.75,0.0,0.0
2005-03-29,0.75,0.75,0.75,0.75,0.0,0.0
2005-03-30,0.75,0.75,0.75,0.75,0.0,0.0
2005-03-31,0.75,0.75,0.75,0.75,0.0,0.0
2005-04-01,0.75,0.75,0.75,0.75,0.0,0.0
2005-04-04,0.75,0.75,0.75,0.75,0.0,0.0
2005-04-05,0.75,0.75,0.75,0.75,0.0,0.0
2005-04-06,0.75,0.75,0.75,0.75,0.0,0.0
2005-04-07,0.75,0.75,0.75,0.75,0.0,0.0
2005-04-08,0.75,0.75,0.75,0.75,0.0,0.0
2005-04-11,0.75,0.75,0.75,0.75,0.0,0.0
2005-04-12,0.75,0.75,0.75,0.75,0.0,0.0
2005-04-13,0.75,0.75,0.75,0.75,0.0,0.0
2005-04-14,0.75,0.75,0.75,0.75,0.0,0.0
2005-04-15,0.75,0.75,0.75,0.75,0.0,0.0
2005-04-18,0.75,0.75,0.75,0.75,0.0,0.0
2005-04-19,0.75,0.75,0.75,0.75,0.0,0.0
2005-04-20,0.75,0.75,0.75,0.75,0.0,0.0
2005-04-21,0.75,0.75,0.75,0.75,0.0,0.0
2005-04-22,0.75,0.75,0.75,0.75,0.0,0.0
2005-04-25,0.75,0.75,0.75,0.75,0.0,0.0
2005-04-26,0.75,0.75,0.75,0.75,0.0,0.0
2005-04-27,0.75,0.75,0.75,0.75,0.0,0.0
2005-04-28,0.75,0.75,0.75,0.75,0.0,0.0
2005-04-29,0.75,0.75,0.75,0.75,0.0,0.0
2005-05-02,0.75,0.75,0.75,0.75,0.0,0.0
2005-05-03,0.75,0.75,0.75,0.75,0.0,0.0
2005-05-04,0.75,0.75,0.75,0.75,0.0,0.0
2005-05-05,0.75,0.75,0.75,0.75,0.0,0.0
2005-05-06,0.75,0.75,0.75,0.75,0.0,0.0
2005-05-09,0.75,0.75,0.75,0.75,0.0,0.0
2005-05-10,0.75,0.75,0.75,0.75,0.0,0.0
2005-05-11,0.75,0.75,0.75,0.75,0.0,0.0
2005-05-12,0.75,0.75,0.75,0.75,0.0,0.0
2005-05-13,0.75,0.75,0.75,0.75,0.0,0.0
2005-05-16,0.75,0.75,0.75,0.75,0.0,0.0
2005-05-17,0.75,0.75,0.75,0.75,0.0,0.0
2005-05-18,0.75,0.75,0.75,0.75,0.0,0.0
2005-05-19,0.75,0.75,0.75,0.75,0.0,0.0
2005-05-20,0.75,0.75,0.75,0.75,0.0,0.0
2005-05-23,0.75,0.75,0.75,0.75,0.0,0.0
2005-05-24,0.75,0.75,0.75,0.75,0.0,0.0
2005-05-25,0.75,0.75,0.75,0.75,0.0,0.0
2005-05-26,0.75,0.75,0.75,0.75,0.0,0.0
2005-05-27,0.75,0.75,0.75,0.75,0.0,0.0
2005-05-30,0.75,0.75,0.75,0.75,0.0,0.0
2005-05-31,0.75,0.75,0.75,0.75,0.0,0.0
2005-06-01,0.75,0.75,0.75,0.75,0.0,0.0
2005-06-02,0.75,0.75,0.75,0.75,0.0,0.0
2005-06-03,0.75,0.75,0.75,0.75,0.0,0.0
2005-06-06,0.75,0.75,0.75,0.75,0.0,0.0
2005-06-07,0.75,0.75,0.75,0.75,0.0,0.0
2005-06-08,0.75,0.75,0.75,0.75,0.0,0.0
2005-06-09,0.75,0.75,0.75,0.75,0.0,0.0
2005-06-10,0.75,0.75,0.75,0.75,0.0,0.0
2005-06-13,0.75,0.75,0.75,0.75,0.0,0.0
2005-06-14,0.75,0.75,0.75,0.75,0.0,0.0
2005-06-15,0.75,0.75,0.75,0.75,0.0,0.0
2005-06-16,0.75,0.75,0.75,0.75,0.0,0.0
2005-06-17,0.75,0.75,0.75,0.75,0.0,0.0
2005-06-20,0.75,0.75,0.75,0.75,0.0,0.0
2005-06-21,0.75,0.75,0.75,0.75,0.0,0.0
2005-06-22,0.75,0.75,0.75,0.75,0.0,0.0
2005-06-23,0.75,0.75,0.75,0.75,0.0,0.0
2005-06-24,0.75,0.75,0.75,0.75,0.0,0.0
2005-06-27,0.75,0.75,0.75,0.75,0.0,0.0
2005-06-28,0.75,0.75,0.75,0.75,0.0,0.0
2005-06-29,0.75,0.75,0.75,0.75,0.0,0.0
2005-06-30,0.75,0.75,0.75,0.75,0.0,0.0
2005-07-01,0.75,0.75,0.75,0.75,0.0,0.0
2005-07-04,0.75,0.75,0.75,0.75,0.0,0.0
2005-07-05,0.75,0.75,0.75,0.75,0.0,0.0
2005-07-06,0.75,0.75,0.75,0.75,0.0,0.0
2005-07-07,0.75,0.75,0.75,0.75,0.0,0.0
2005-07-08,0.75,0.75,0.75,0.75,0.0,0.0
2005-07-11,0.75,0.75,0.75,0.75,0.0,0.0
2005-07-12,0.75,0.75,0.75,0.75,0.0,0.0
2005-07-13,0.75,0.75,0.75,0.75,0.0,0.0
2005-07-14,0.75,0.75,0.75,0.75,0.0,0.0
2005-07-15,0.75,0.75,0.75,0.75,0.0,0.0
2005-07-18,0.75,0.75,0.75,0.75,0.0,0.0
2005-07-19,0.75,0.75,0.75,0.75,0.0,0.0
2005-07-20,0.75,0.75,0.75,0.75,0.0,0.0
2005-07-21,0.75,0.75,0.75,0.75,0.0,0.0
2005-07-22,0.75,0.75,0.75,0.75,0.0,0.0
2005-07-25,0.75,0.75,0.75,0.75,0.0,0.0
2005-07-26,0.75,0.75,0.75,0.75,0.0,0.0
2005-07-27,0.75,0.75,0.75,0.75,0.0,0.0
2005-07-28,0.75,0.75,0.75,0.75,0.0,0.0
2005-07-29,0.75,0.75,0.75,0.75,0.0,0.0
2005-08-01,0.75,0.75,0.75,0.75,0.0,0.0
2005-08-02,0.75,0.75,0.75,0.75,0.0,0.0
2005-08-03,0.75,0.75,0.75,0.75,0.0,0.0
2005-08-04,0.75,0.75,0.75,0.75,0.0,0.0
2005-08-05,0.75,0.75,0.75,0.75,0.0,0.0
2005-08-08,0.75,0.75,0.75,0.75,0.0,0.0
2005-08-09,0.75,0.75,0.75,0.75,0.0,0.0
2005-08-10,0.75,0.75,0.75,0.75,0.0,0.0
2005-08-11,0.75,0.75,0.75,0.75,0.0,0.0
2005-08-12,0.75,0.75,0.75,0.75,0.0,0.0
2005-08-15,0.75,0.75,0.75,0.75,0.0,0.0
2005-08-16,0.75,0.75,0.75,0.75,0.0,0.0
2005-08-17,0.75,0.75,0.75,0.75,0.0,0.0
2005-08-18,0.75,0.75,0.75,0.75,0.0,0.0
2005-08-19,0.75,0.75,0.75,0.75,0.0,0.0
2005-08-22,0.75,0.75,0.75,0.75,0.0,0.0
2005-08-23,0.75,0.75,0.75,0.75,0.0,0.0
2005-08-24,0.75,0.75,0.75,0.75,0.0,0.0
2005-08-25,0.75,0.75,0.75,0.75,0.0,0.0
2005-08-26,0.75,0.75,0.75,0.75,0.0,0.0
2005-08-29,0.75,0.75,0.75,0.75,0.0,0.0
2005-08-30,0.75,0.75,0.75,0.75,0.0,0.0
2005-08-31,0.75,0.75,0.75,0.75,0.0,0.0
2005-09-01,0.75,0.75,0.75,0.75,0.0,0.0
2005-09-02,0.75,0.75,0.75,0.75,0.0,0.0
2005-09-05,0.75,0.75,0.75,0.75,0.0,0.0
2005-09-06,0.75,0.75,0.75,0.75,0.0,0.0
2005-09-07,0.75,0.75,0.75,0.75,0.0,0.0
2005-09-08,0.75,0.75,0.75,0.75,0.0,0.0
2005-09-09,0.75,0.75,0.75,0.75,0.0,0.0
2005-09-12,0.75,0.75,0.75,0.75,0.0,0.0
2005-09-13,0.75,0.75,0.75,0.75,0.0,0.0
2005-09-14,0.75,0.75,0.75,0.75,0.0,0.0
2005-09-15,0.75,0.75,0.75,0.75,0.0,0.0
2005-09-16,0.75,0.75,0.75,0.75,0.0,0.0
2005-09-19,0.75,0.75,0.75,0.75,0.0,0.0
2005-09-20,0.75,0.75,0.75,0.75,0.0,0.0
2005-09-21,0.75,0.75,0.75,0.75,0.0,0.0
2005-09-22,0.75,0.75,0.75,0.75,0.0,0.0
2005-09-23,0.75,0.75,0.75,0.75,0.0,0.0
2005-09-26,0.75,0.75,0.75,0.75,0.0,0.0
2005-09-27,0.75,0.75,0.75,0.75,0.0,0.0
2005-09-28,0.75,0.75,0.75,0.75,0.0,0.0
2005-09-29,0.75,0.75,0.75,0.75,0.0,0.0
2005-09-30,0.75,0.75,0.75,0.75,0.0,0.0
2005-10-03,0.75,0.75,0.75,0.75,0.0,0.0
2005-10-04,0.75,0.75,0.75,0.75,0.0,0.0
2005-10-05,0.75,0.75,0.75,0.75,0.0,0.0
2005-10-06,0.75,0.75,0.75,0.75,0.0,0.0
2005-10-07,0.75,0.75,0.75,0.75,0.0,0.0
2005-10-10,0.75,0.75,0.75,0.75,0.0,0.0
2005-10-11,0.75,0.75,0.75,0.75,0.0,0.0
2005-10-12,0.75,0.75,0.75,0.75,0.0,0.0
2005-10-13,0.75,0.75,0.75,0.75,0.0,0.0
2005-10-14,0.75,0.75,0.75,0.75,0.0,0.0
2005-10-17,0.75,0.75,0.75,0.75,0.0,0.0
2005-10-18,0.75,0.75,0.75,0.75,0.0,0.0
2005-10-19,0.75,0.75,0.75,0.75,0.0,0.0
2005-10-20,0.75,0.75,0.75,0.75,0.0,0.0
2005-10-21,0.75,0.75,0.75,0.75,0.0,0.0
2005-10-24,0.75,0.75,0.75,0.75,0.0,0.0
2005-10-25,0.75,0.75,0.75,0.75,0.0,0.0
2005-10-26,0.75,0.75,0.75,0.75,0.0,0.0
2005-10-27,0.75,0.75,0.75,0.75,0.0,0.0
2005-10-28,0.75,0.75,0.75,0.75,0.0,0.0
2005-10-31,0.75,0.75,0.75,0.75,0.0,0.0
2005-11-01,0.75,0.75,0.75,0.75,0.0,0.0
2005-11-02,0.75,0.75,0.75,0.75,0.0,0.0
2005-11-03,0.75,0.75,0.75,0.75,0.0,0.0
2005-11-04,0.75,0.75,0.75,0.75,0.0,0.0
2005-11-07,0.75,0.75,0.75,0.75,0.0,0.0
2005-11-08,0.75,0.75,0.75,0.75,0.0,0.0
2005-11-09,0.75,0.75,0.75,0.75,0.0,0.0
2005-11-10,0.75,0.75,0.75,0.75,0.0,0.0
2005-11-11,0.75,0.75,0.75,0.75,0.0,0.0
2005-11-14,0.75,0.75,0.75,0.75,0.0,0.0
2005-11-15,0.75,0.75,0.75,0.75,0.0,0.0
2005-11-16,0.75,0.75,0.75,0.75,0.0,0.0
2005-11-17,0.75,0.75,0.75,0.75,0.0,0.0
2005-11-18,0.75,0.75,0.75,0.75,0.0,0.0
2005-11-21,0.75,0.75,0.75,0.75,0.0,0.0
2005-11-22,0.75,0.75,0.75,0.75,0.0,0.0
2005-11-23,0.75,0.75,0.75,0.75,0.0,0.0
2005-11-24,0.75,0.75,0.75,0.75,0.0,0.0
2005-11-25,0.75,0.75,0.75,0.75,0.0,0.0
2005-11-28,0.75,0.75,0.75,0.75,0.0,0.0
2005-11-29,0.75,0.75,0.75,0.75,0.0,0.0
2005-11-30,0.75,0.75,0.75,0.75,0.0,0.0
2005-12-01,0.75,0.75,0.75,0.75,0.0,0.0
2005-12-02,0.75,0.75,0.75,0.75,0.0,0.0
2005-12-05,0.75,0.75,0.75,0.75,0.0,0.0
2005-12-06,0.75,0.75,0.75,0.75,0.0,0.0
2005-12-07,0.75,0.75,0.75,0.75,0.0,0.0
2005-12-08,0.75,0.75,0.75,0.75,0.0,0.0
2005-12-09,0.75,0.75,0.75,0.75,0.0,0.0
2005-12-12,0.75,0.75,0.75,0.75,0.0,0.0
2005-12-13,0.75,0.75,0.75,0.75,0.0,0.0
2005-12-14,0.75,0.75,0.75,0.75,0.0,0.0
2005-12-15,0.75,0.75,0.75,0.75,0.0,0.0
2005-12-16,0.75,0.75,0.75,0.75,0.0,0.0
2005-12-19,0.75,0.75,0.75,0.75,0.0,0.0
2005-12-20,0.75,0.75,0.75,0.75,0.0,0.0
2005-12-21,0.75,0.75,0.75,0.75,0.0,0.0
2005-12-22,0.75,0.75,0.75,0.75,0.0,0.0
2005-12-23,0.75,0.75,0.75,0.75,0.0,0.0
2005-12-26,0.75,0.75,0.75,0.75,0.0,0.0
2005-12-27,0.75,0.75,0.75,0.75,0.0,0.0
2005-12-28,0.75,0.75,0.75,0.75,0.0,0.0
2005-12-29,0.75,0.75,0.75,0.75,0.0,0.0
2005-12-30,0.75,0.75,0.75,0.75,0.0,0.0
2006-01-02,0.75,0.75,0.75,0.75,0.0,0.0
2006-01-03,0.75,0.75,0.75,0.75,0.0,0.0
2006-01-04,0.75,0.75,0.75,0.75,0.0,0.0
2006-01-05,0.75,0.75,0.75,0.75,0.0,0.0
2006-01-06,0.75,0.75,0.75,0.75,0.0,0.0
2006-01-09,0.75,0.75,0.75,0.75,0.0,0.0
2006-01-10,0.75,0.75,0.75,0.75,0.0,0.0
2006-01-11,0.75,0.75,0.75,0.75,0.0,0.0
2006-01-12,0.75,0.75,0.75,0.75,0.0,0.0
2006-01-13,0.75,0.75,0.75,0.75,0.0,0.0
2006-01-16,0.75,0.75,0.75,0.75,0.0,0.0
2006-01-17,0.75,0.75,0.75,0.75,0.0,0.0
2006-01-18,0.75,0.75,0.75,0.75,0.0,0.0
2006-01-19,0.75,0.75,0.75,0.75,0.0,0.0
2006-01-20,0.75,0.75,0.75,0.75,0.0,0.0
2006-01-23,0.75,0.75,0.75,0.75,0.0,0.0
2006-01-24,0.75,0.75,0.75,0.75,0.0,0.0
2006-01-25,0.75,0.75,0.75,0.75,0.0,0.0
2006-01-26,0.75,0.75,0.75,0.75,0.0,0.0
2006-01-27,0.75,0.75,0.75,0.75,0.0,0.0
2006-01-30,0.75,0.75,0.75,0.75,0.0,0.0
2006-01-31,0.75,0.75,0.75,0.75,0.0,0.0
2006-02-01,0.75,0.75,0.75,0.75,0.0,0.0
2006-02-02,0.75,0.75,0.75,0.75,0.0,0.0
2006-02-03,0.75,0.75,0.75,0.75,0.0,0.0
2006-02-06,0.75,0.75,0.75,0.75,0.0,0.0
2006-02-07,0.75,0.75,0.75,0.75,0.0,0.0
2006-02-08,0.75,0.75,0.75,0.75,0.0,0.0
2006-02-09,0.75,0.75,0.75,0.75,0.0,0.0
2006-02-10,0.75,0.75,0.75,0.75,0.0,0.0
2006-02-13,0.75,0.75,0.75,0.75,0.0,0.0
2006-02-14,0.75,0.75,0.75,0.75,0.0,0.0
2006-02-15,0.75,0.75,0.75,0.75,0.0,0.0
2006-02-16,0.75,0.75,0.75,0.75,0.0,0.0
2006-02-17,0.75,0.75,0.75,0.75,0.0,0.0
2006-02-20,0.75,0.75,0.75,0.75,0.0,0.0
2006-02-21,0.75,0.75,0.75,0.75,0.0,0.0
2006-02-22,0.75,0.75,0.75,0.75,0.0,0.0
2006-02-23,0.75,0.75,0.75,0.75,0.0,0.0
2006-02-24,0.75,0.75,0.75,0.75,0.0,0.0
2006-02-27,0.75,0.75,0.75,0.75,0.0,0.0
2006-02-28,0.75,0.75,0.75,0.75,0.0,0.0
2006-03-01,0.75,0.75,0.75,0.75,0.0,0.0
2006-03-02,0.75,0.75,0.75,0.75,0.0,0.0
2006-03-03,0.75,0.75,0.75,0.75,0.0,0.0
2006-03-06,0.75,0.75,0.75,0.75,0.0,0.0
2006-03-07,0.75,0.75,0.75,0.75,0.0,0.0
2006-03-08,0.75,0.75,0.75,0.75,0.0,0.0
2006-03-09,0.75,0.75,0.75,0.75,0.0,0.0
2006-03-10,0.75,0.75,0.75,0.75,0.0,0.0
2006-03-13,0.75,0.75,0.75,0.75,0.0,0.0
2006-03-14,0.75,0.75,0.75,0.75,0.0,0.0
2006-03-15,0.75,0.75,0.75,0.75,0.0,0.0
2006-03-16,0.75,0.75,0.75,0.75,0.0,0.0
2006-03-17,0.75,0.75,0.75,0.75,0.0,0.0
2006-03-20,0.75,0.75,0.75,0.75,0.0,0.0
2006-03-21,0.75,0.75,0.75,0.75,0.0,0.0
2006-03-22,0.75,0.75,0.75,0.75,0.0,0.0
2006-03-23,0.75,0.75,0.75,0.75,0.0,0.0
2006-03-24,0.75,0.75,0.75,0.75,0.0,0.0
2006-03-27,0.75,0.75,0.75,0.75,0.0,0.0
2006-03-28,0.75,0.75,0.75,0.75,0.0,0.0
2006-03-29,0.75,0.75,0.75,0.75,0.0,0.0
2006-03-30,0.75,0.75,0.75,0.75,0.0,0.0
2006-03-31,0.75,0.75,0.75,0.75,0.0,0.0
2006-04-03,0.75,0.75,0.75,0.75,0.0,0.0
2006-04-04,0.75,0.75,0.75,0.75,0.0,0.0
2006-04-05,0.75,0.75,0.75,0.75,0.0,0.0
2006-04-06,0.75,0.75,0.75,0.75,0.0,0.0
2006-04-07,0.75,0.75,0.75,0.75,0.0,0.0
2006-04-10,0.75,0.75,0.75,0.75,0.0,0.0
2006-04-11,0.75,0.75,0.75,0.75,0.0,0.0
2006-04-12,0.75,0.75,0.75,0.75,0.0,0.0
2006-04-13,0.75,0.75,0.75,0.75,0.0,0.0
2006-04-14,0.75,0.75,0.75,0.75,0.0,0.0
2006-04-17,0.75,0.75,0.75,0.75,0.0,0.0
2006-04-18,0.75,0.75,0.75,0.75,0.0,0.0
2006-04-19,0.75,0.75,0.75,0.75,0.0,0.0
2006-04-20,0.75,0.75,0.75,0.75,0.0,0.0
2006-04-21,0.75,0.75,0.75,0.75,0.0,0.0
2006-04-24,0.75,0.75,0.75,0.75,0.0,0.0
2006-04-25,0.75,0.75,0.75,0.75,0.0,0.0
2006-04-26,0.75,0.75,0.75,0.75,0.0,0.0
2006-04-27,0.75,0.75,0.75,0.75,0.0,0.0
2006-04-28,0.75,0.75,0.75,0.75,0.0,0.0
2006-05-01,0.75,0.75,0.75,0.75,0.0,0.0
2006-05-02,0.75,0.75,0.75,0.75,0.0,0.0
2006-05-03,0.75,0.75,0.75,0.75,0.0,0.0
2006-05-04,0.75,0.75,0.75,0.75,0.0,0.0
2006-05-05,0.75,0.75,0.75,0.75,0.0,0.0
2006-05-08,0.75,0.75,0.75,0.75,0.0,0.0
2006-05-09,0.75,0.75,0.75,0.75,0.0,0.0
2006-05-10,0.75,0.75,0.75,0.75,0.0,0.0
2006-05-11,0.75,0.75,0.75,0.75,0.0,0.0
2006-05-12,0.75,0.75,0.75,0.75,0.0,0.0
2006-05-15,0.75,0.75,0.75,0.75,0.0,0.0
2006-05-16,0.75,0.75,0.75,0.75,0.0,0.0
2006-05-17,0.75,0.75,0.75,0.75,0.0,0.0
2006-05-18,0.75,0.75,0.75,0.75,0.0,0.0
2006-05-19,0.75,0.75,0.75,0.75,0.0,0.0
2006-05-22,0.75,0.75,0.75,0.75,0.0,0.0
2006-05-23,0.75,0.75,0.75,0.75,0.0,0.0
2006-05-24,0.75,0.75,0.75,0.75,0.0,0.0
2006-05-25,0.75,0.75,0.75,0.75,0.0,0.0
2006-05-26,0.75,0.75,0.75,0.75,0.0,0.0
2006-05-29,0.75,0.75,0.75,0.75,0.0,0.0
2006-05-30,0.75,0.75,0.75,0.75,0.0,0.0
2006-05-31,0.75,0.75,0.75,0.75,0.0,0.0
2006-06-01,0.75,0.75,0.75,0.75,0.0,0.0
2006-06-02,0.75,0.75,0.75,0.75,0.0,0.0
2006-06-05,0.75,0.75,0.75,0.75,0.0,0.0
2006-06-06,0.75,0.75,0.75,0.75,0.0,0.0
2006-06-07,0.75,0.75,0.75,0.75,0.0,0.0
2006-06-08,0.75,0.75,0.75,0.75,0.0,0.0
2006-06-09,0.75,0.75,0.75,0.75,0.0,0.0
2006-06-12,0.75,0.75,0.75,0.75,0.0,0.0
2006-06-13,0.75,0.75,0.75,0.75,0.0,0.0
2006-06-14,0.75,0.75,0.75,0.75,0.0,0.0
2006-06-15,0.75,0.75,0.75,0.75,0.0,0.0
2006-06-16,0.75,0.75,0.75,0.75,0.0,0.0
2006-06-19,0.75,0.75,0.75,0.75,0.0,0.0
2006-06-20,0.75,0.75,0.75,0.75,0.0,0.0
2006-06-21,0.75,0.75,0.75,0.75,0.0,0.0
2006-06-22,0.75,0.75,0.75,0.75,0.0,0.0
2006-06-23,0.75,0.75,0.75,0.75,0.0,0.0
2006-06-26,0.75,0.75,0.75,0.75,0.0,0.0
2006-06-27,0.75,0.75,0.75,0.75,0.0,0.0
2006-06-28,0.75,0.75,0.75,0.75,0.0,0.0
2006-06-29,0.75,0.75,0.75,0.75,0.0,0.0
2006-06-30,0.75,0.75,0.75,0.75,0.0,0.0
2006-07-03,0.75,0.75,0.75,0.75,0.0,0.0
2006-07-04,0.75,0.75,0.75,0.75,0.0,0.0
2006-07-05,0.75,0.75,0.75,0.75,0.0,0.0
2006-07-06,0.75,0.75,0.75,0.75,0.0,0.0
2006-07-07,0.75,0.75,0.75,0.75,0.0,0.0
2006-07-10,0.75,0.75,0.75,0.75,0.0,0.0
2006-07-11,0.75,0.75,0.75,0.75,0.0,0.0
2006-07-12,0.75,0.75,0.75,0.75,0.0,0.0
2006-07-13,0.75,0.75,0.75,0.75,0.0,0.0
2006-07-14,0.75,0.75,0.75,0.75,0.0,0.0
2006-07-17,0.75,0.75,0.75,0.75,0.0,0.0
2006-07-18,0.75,0.75,0.75,0.75,0.0,0.0
2006-07-19,0.75,0.75,0.75,0.75,0.0,0.0
2006-07-20,0.75,0.75,0.75,0.75,0.0,0.0
2006-07-21,0.75,0.75,0.75,0.75,0.0,0.0
2006-07-24,0.75,0.75,0.75,0.75,0.0,0.0
2006-07-25,0.75,0.75,0.75,0.75,0.0,0.0
2006-07-26,0.75,0.75,0.75,0.75,0.0,0.0
2006-07-27,0.75,0.75,0.75,0.75,0.0,0.0
2006-07-28,0.75,0.75,0.75,0.75,0.0,0.0
2006-07-31,0.75,0.75,0.75,0.75,0.0,0.0
2006-08-01,0.75,0.75,0.75,0.75,0.0,0.0
2006-08-02,0.75,0.75,0.75,0.75,0.0,0.0
2006-08-03,0.75,0.75,0.75,0.75,0.0,0.0
2006-08-04,0.75,0.75,0.75,0.75,0.0,0.0
2006-08-07,0.75,0.75,0.75,0.75,0.0,0.0
2006-08-08,0.75,0.75,0.75,0.75,0.0,0.0
2006-08-09,0.75,0.75,0.75,0.75,0.0,0.0
2006-08-10,0.75,0.75,0.75,0.75,0.0,0.0
2006-08-11,0.75,0.75,0.75,0.75,0.0,0.0
2006-08-14,0.75,0.75,0.75,0.75,0.0,0.0
2006-08-15,0.75,0.75,0.75,0.75,0.0,0.0
2006-08-16,0.75,0.75,0.75,0.75,0.0,0.0
2006-08-17,0.75,0.75,0.75,0.75,0.0,0.0
2006-08-18,0.75,0.75,0.75,0.75,0.0,0.0
2006-08-21,0.75,0.75,0.75,0.75,0.0,0.0
2006-08-22,0.75,0.75,0.75,0.75,0.0,0.0
2006-08-23,0.75,0.75,0.75,0.75,0.0,0.0
2006-08-24,0.75,0.75,0.75,0.75,0.0,0.0
2006-08-25,0.75,0.75,0.75,0.75,0.0,0.0
2006-08-28,0.75,0.75,0.75,0.75,0.0,0.0
2006-08-29,0.75,0.75,0.75,0.75,0.0,0.0
2006-08-30,0.75,0.75,0.75,0.75,0.0,0.0
2006-08-31,0.75,0.75,0.75,0.75,0.0,0.0
2006-09-01,0.75,0.75,0.75,0.75,0.0,0.0
2006-09-04,0.75,0.75,0.75,0.75,0.0,0.0
2006-09-05,0.75,0.75,0.75,0.75,0.0,0.0
2006-09-06,0.75,0.75,0.75,0.75,0.0,0.0
2006-09-07,0.75,0.75,0.75,0.75,0.0,0.0
2006-09-08,0.75,0.75,0.75,0.75,0.0,0.0
2006-09-11,0.75,0.75,0.75,0.75,0.0,0.0
2006-09-12,0.75,0.75,0.75,0.75,0.0,0.0
2006-09-13,0.75,0.75,0.75,0.75,0.0,0.0
2006-09-14,0.75,0.75,0.75,0.75,0.0,0.0
2006-09-15,0.75,0.75,0.75,0.75,0.0,0.0
2006-09-18,0.75,0.75,0.75,0.75,0.0,0.0
2006-09-19,0.75,0.75,0.75,0.75,0.0,0.0
2006-09-20,0.75,0.75,0.75,0.75,0.0,0.0
2006-09-21,0.75,0.75,0.75,0.75,0.0,0.0
2006-09-22,0.75,0.75,0.75,0.75,0.0,0.0
2006-09-25,0.75,0.75,0.75,0.75,0.0,0.0
2006-09-26,0.75,0.75,0.75,0.75,0.0,0.0
2006-09-27,0.75,0.75,0.75,0.75,0.0,0.0
2006-09-28,0.75,0.75,0.75,0.75,0.0,0.0
2006-09-29,0.75,0.75,0.75,0.75,0.0,0.0
2006-10-02,0.75,0.75,0.75,0.75,0.0,0.0
2006-10-03,0.75,0.75,0.75,0.75,0.0,0.0
2006-10-04,0.75,0.75,0.75,0.75,0.0,0.0
2006-10-05,0.75,0.75,0.75,0.75,0.0,0.0
2006-10-06,0.75,0.75,0.75,0.75,0.0,0.0
2006-10-09,0.75,0.75,0.75,0.75,0.0,0.0
2006-10-10,0.75,0.75,0.75,0.75,0.0,0.0
2006-10-11,0.75,0.75,0.75,0.75,0.0,0.0
2006-10-12,0.75,0.75,0.75,0.75,0.0,0.0
2006-10-13,0.75,0.75,0.75,0.75,0.0,0.0
2006-10-16,0.75,0.75,0.75,0.75,0.0,0.0
2006-10-17,0.75,0.75,0.75,0.75,0.0,0.0
2006-10-18,0.75,0.75,0.75,0.75,0.0,0.0
2006-10-19,0.75,0.75,0.75,0.75,0.0,0.0
2006-10-20,0.75,0.75,0.75,0.75,0.0,0.0
2006-10-23,0.75,0.75,0.75,0.75,0.0,0.0
2006-10-24,0.75,0.75,0.75,0.75,0.0,0.0
2006-10-25,0.75,0.75,0.75,0.75,0.0,0.0
2006-10-26,0.75,0.75,0.75,0.75,0.0,0.0
2006-10-27,0.75,0.75,0.75,0.75,0.0,0.0
2006-10-30,0.75,0.75,0.75,0.75,0.0,0.0
2006-10-31,0.75,0.75,0.75,0.75,0.0,0.0
2006-11-01,0.75,0.75,0.75,0.75,0.0,0.0
2006-11-02,0.75,0.75,0.75,0.75,0.0,0.0
2006-11-03,0.75,0.75,0.75,0.75,0.0,0.0
2006-11-06,0.75,0.75,0.75,0.75,0.0,0.0
2006-11-07,0.75,0.75,0.75,0.75,0.0,0.0
2006-11-08,0.75,0.75,0.75,0.75,0.0,0.0
2006-11-09,0.75,0.75,0.75,0.75,0.0,0.0
2006-11-10,0.75,0.75,0.75,0.75,0.0,0.0
2006-11-13,0.75,0.75,0.75,0.75,0.0,0.0
2006-11-14,0.75,0.75,0.75,0.75,0.0,0.0
2006-11-15,0.75,0.75,0.75,0.75,0.0,0.0
2006-11-16,0.75,0.75,0.75,0.75,0.0,0.0
2006-11-17,0.75,0.75,0.75,0.75,0.0,0.0
2006-11-20,0.75,0.75,0.75,0.75,0.0,0.0
2006-11-21,0.75,0.75,0.75,0.75,0.0,0.0
2006-11-22,0.75,0.75,0.75,0.75,0.0,0.0
2006-11-23,0.75,0.75,0.75,0.75,0.0,0.0
2006-11-24,0.75,0.75,0.75,0.75,0.0,0.0
2006-11-27,0.75,0.75,0.75,0.75,0.0,0.0
2006-11-28,0.75,0.75,0.75,0.75,0.0,0.0
2006-11-29,0.75,0.75,0.75,0.75,0.0,0.0
2006-11-30,0.75,0.75,0.75,0.75,0.0,0.0
2006-12-01,0.75,0.75,0.75,0.75,0.0,0.0
2006-12-04,0.75,0.75,0.75,0.75,0.0,0.0
2006-12-05,0.75,0.75,0.75,0.75,0.0,0.0
2006-12-06,0.75,0.75,0.75,0.75,0.0,0.0
2006-12-07,0.75,0.75,0.75,0.75,0.0,0.0
2006-12-08,0.75,0.75,0.75,0.75,0.0,0.0
2006-12-11,0.75,0.75,0.75,0.75,0.0,0.0
2006-12-12,0.75,0.75,0.75,0.75,0.0,0.0
2006-12-13,0.75,0.75,0.75,0.75,0.0,0.0
2006-12-14,0.75,0.75,0.75,0.75,0.0,0.0
2006-12-15,0.75,0.75,0.75,0.75,0.0,0.0
2006-12-18,0.75,0.75,0.75,0.75,0.0,0.0
2006-12-19,0.75,0.75,0.75,0.75,0.0,0.0
2006-12-20,0.75,0.75,0.75,0.75,0.0,0.0
2006-12-21,0.75,0.75,0.75,0.75,0.0,0.0
2006-12-22,0.75,0.75,0.75,0.75,0.0,0.0
2006-12-25,0.75,0.75,0.75,0.75,0.0,0.0
2006-12-26,0.75,0.75,0.75,0.75,0.0,0.0
2006-12-27,0.75,0.75,0.75,0.75,0.0,0.0
2006-12-28,0.75,0.75,0.75,0.75,0.0,0.0
2006-12-29,0.75,0.75,0.75,0.75,0.0,0.0
2007-01-01,0.75,0.75,0.75,0.75,0.0,0.0
2007-01-02,0.75,0.75,0.75,0.75,0.0,0.0
2007-01-03,0.75,0.75,0.75,0.75,0.0,0.0
2007-01-04,0.75,0.75,0.75,0.75,0.0,0.0
2007-01-05,0.75,0.75,0.75,0.75,0.0,0.0
2007-01-08,0.75,0.75,0.75,0.75,0.0,0.0
2007-01-09,0.75,0.75,0.75,0.75,0.0,0.0
2007-01-10,0.75,0.75,0.75,0.75,0.0,0.0
2007-01-11,0.75,0.75,0.75,0.75,0.0,0.0
2007-01-12,0.75,0.75,0.75,0.75,0.0,0.0
2007-01-15,0.75,0.75,0.75,0.75,0.0,0.0
2007-01-16,0.75,0.75,0.75,0.75,0.0,0.0
2007-01-17,0.75,0.75,0.75,0.75,0.0,0.0
2007-01-18,0.75,0.75,0.75,0.75,0.0,0.0
2007-01-19,0.75,0.75,0.75,0.75,0.0,0.0
2007-01-22,0.75,0.75,0.75,0.75,0.0,0.0
2007-01-23,0.75,0.75,0.75,0.75,0.0,0.0
2007-01-24,0.75,0.75,0.75,0.75,0.0,0.0
2007-01-25,0.75,0.75,0.75,0.75,0.0,0.0
2007-01-26,0.75,0.75,0.75,0.75,0.0,0.0
2007-01-29,0.75,0.75,0.75,0.75,0.0,0.0
2007-01-30,0.75,0.75,0.75,0.75,0.0,0.0
2007-01-31,0.75,0.75,0.75,0.75,0.0,0.0
2007-02-01,0.75,0.75,0.75,0.75,0.0,0.0
2007-02-02,0.75,0.75,0.75,0.75,0.0,0.0
2007-02-05,0.75,0.75,0.75,0.75,0.0,0.0
2007-02-06,0.75,0.75,0.75,0.75,0.0,0.0
2007-02-07,0.75,0.75,0.75,0.75,0.0,0.0
2007-02-08,0.75,0.75,0.75,0.75,0.0,0.0
2007-02-09,0.75,0.75,0.75,0.75,0.0,0.0
2007-02-12,0.75,0.75,0.75,0.75,0.0,0.0
2007-02-13,0.75,0.75,0.75,0.75,0.0,0.0
2007-02-14,0.75,0.75,0.75,0.75,0.0,0.0
2007-02-15,0.75,0.75,0.75,0.75,0.0,0.0
2007-02-16,0.75,0.75,0.75,0.75,0.0,0.0
2007-02-19,0.75,0.75,0.75,0.75,0.0,0.0
2007-02-20,0.75,0.75,0.75,0.75,0.0,0.0
2007-02-21,0.75,0.75,0.75,0.75,0.0,0.0
2007-02-22,0.75,0.75,0.75,0.75,0.0,0.0
2007-02-23,0.75,0.75,0.75,0.75,0.0,0.0
2007-02-26,0.75,0.75,0.75,0.75,0.0,0.0
2007-02-27,0.75,0.75,0.75,0.75,0.0,0.0
2007-02-28,0.75,0.75,0.75,0.75,0.0,0.0
2007-03-01,0.75,0.75,0.75,0.75,0.0,0.0
2007-03-02,0.75,0.75,0.75,0.75,0.0,0.0
2007-03-05,0.75,0.75,0.75,0.75,0.0,0.0
2007-03-06,0.75,0.75,0.75,0.75,0.0,0.0
2007-03-07,0.75,0.75,0.75,0.75,0.0,0.0
2007-03-08,0.75,0.75,0.75,0.75,0.0,0.0
2007-03-09,0.75,0.75,0.75,0.75,0.0,0.0
2007-03-12,0.75,0.75,0.75,0.75,0.0,0.0
2007-03-13,0.75,0.75,0.75,0.75,0.0,0.0
2007-03-14,0.75,0.75,0.75,0.75,0.0,0.0
2007-03-15,0.75,0.75,0.75,0.75,0.0,0.0
2007-03-16,0.75,0.75,0.75,0.75,0.0,0.0
2007-03-19,0.75,0.75,0.75,0.75,0.0,0.0
2007-03-20,0.75,0.75,0.75,0.75,0.0,0.0
2007-03-21,0.75,0.75,0.75,0.75,0.0,0.0
2007-03-22,0.75,0.75,0.75,0.75,0.0,0.0
2007-03-23,0.75,0.75,0.75,0.75,0.0,0.0
2007-03-26,0.75,0.75,0.75,0.75,0.0,0.0
2007-03-27,0.75,0.75,0.75,0.75,0.0,0.0
2007-03-28,0.75,0.75,0.75,0.75,0.0,0.0
2007-03-29,0.75,0.75,0.75,0.75,0.0,0.0
2007-03-30,0.75,0.75,0.75,0.75,0.0,0.0
2007-04-02,0.75,0.75,0.75,0.75,0.0,0.0
2007-04-03,0.75,0.75,0.75,0.75,0.0,0.0
2007-04-04,0.75,0.75,0.75,0.75,0.0,0.0
2007-04-05,0.75,0.75,0.75,0.75,0.0,0.0
2007-04-06,0.75,0.75,0.75,0.75,0.0,0.0
2007-04-09,0.75,0.75,0.75,0.75,0.0,0.0
2007-04-10,0.75,0.75,0.75,0.75,0.0,0.0
2007-04-11,0.75,0.75,0.75,0.75,0.0,0.0
2007-04-12,0.75,0.75,0.75,0.75,0.0,0.0
2007-04-13,0.75,0.75,0.75,0.75,0.0,0.0
2007-04-16,0.75,0.75,0.75,0.75,0.0,0.0
2007-04-17,0.75,0.75,0.75,0.75,0.0,0.0
2007-04-18,0.75,0.75,0.75,0.75,0.0,0.0
2007-04-19,0.75,0.75,0.75,0.75,0.0,0.0
2007-04-20,0.75,0.75,0.75,0.75,0.0,0.0
2007-04-23,0.75,0.75,0.75,0.75,0.0,0.0
2007-04-24,0.75,0.75,0.75,0.75,0.0,0.0
2007-04-25,0.75,0.75,0.75,0.75,0.0,0.0
2007-04-26,0.75,0.75,0.75,0.75,0.0,0.0
2007-04-27,0.75,0.75,0.75,0.75,0.0,0.0
2007-04-30,0.75,0.75,0.75,0.75,0.0,0.0
2007-05-01,0.75,0.75,0.75,0.75,0.0,0.0
2007-05-02,0.75,0.75,0.75,0.75,0.0,0.0
2007-05-03,0.75,0.75,0.75,0.75,0.0,0.0
2007-05-04,0.75,0.75,0.75,0.75,0.0,0.0
2007-05-06,0.75,0.75,0.75,0.75,0.0,0.0
2007-05-07,0.75,0.75,0.75,0.75,0.0,0.0
2007-05-08,0.75,0.75,0.75,0.75,0.0,0.0
2007-05-09,0.75,0.75,0.75,0.75,0.0,0.0
2007-05-10,0.75,0.75,0.75,0.75,0.0,0.0
2007-05-11,0.75,0.75,0.75,0.75,0.0,0.0
2007-05-14,0.75,0.75,0.75,0.75,0.0,0.0
2007-05-15,0.75,0.75,0.75,0.75,0.0,0.0
2007-05-16,0.75,0.75,0.75,0.75,0.0,0.0
2007-05-17,0.75,0.75,0.75,0.75,0.0,0.0
2007-05-18,0.75,0.75,0.75,0.75,0.0,0.0
2007-05-21,0.75,0.75,0.75,0.75,0.0,0.0
2007-05-22,0.75,0.75,0.75,0.75,0.0,0.0
2007-05-23,0.75,0.75,0.75,0.75,0.0,0.0
2007-05-24,0.75,0.75,0.75,0.75,0.0,0.0
2007-05-25,0.75,0.75,0.75,0.75,0.0,0.0
2007-05-28,0.75,0.75,0.75,0.75,0.0,0.0
2007-05-29,0.75,0.75,0.75,0.75,0.0,0.0
2007-05-30,0.75,0.75,0.75,0.75,0.0,0.0
2007-05-31,0.75,0.75,0.75,0.75,0.0,0.0
2007-06-01,0.75,0.75,0.75,0.75,0.0,0.0
2007-06-04,0.75,0.75,0.75,0.75,0.0,0.0
2007-06-05,0.75,0.75,0.75,0.75,0.0,0.0
2007-06-06,0.75,0.75,0.75,0.75,0.0,0.0
2007-06-07,0.75,0.75,0.75,0.75,0.0,0.0
2007-06-08,0.75,0.75,0.75,0.75,0.0,0.0
2007-06-11,0.75,0.75,0.75,0.75,0.0,0.0
2007-06-12,0.75,0.75,0.75,0.75,0.0,0.0
2007-06-13,0.75,0.75,0.75,0.75,0.0,0.0
2007-06-14,0.75,0.75,0.75,0.75,0.0,0.0
2007-06-15,0.75,0.75,0.75,0.75,0.0,0.0
2007-06-18,0.75,0.75,0.75,0.75,0.0,0.0
2007-06-19,0.75,0.75,0.75,0.75,0.0,0.0
2007-06-20,0.75,0.75,0.75,0.75,0.0,0.0
2007-06-21,0.75,0.75,0.75,0.75,0.0,0.0
2007-06-22,0.75,0.75,0.75,0.75,0.0,0.0
2007-06-25,0.75,0.75,0.75,0.75,0.0,0.0
2007-06-26,0.75,0.75,0.75,0.75,0.0,0.0
2007-06-27,0.75,0.75,0.75,0.75,0.0,0.0
2007-06-28,0.75,0.75,0.75,0.75,0.0,0.0
2007-06-29,0.75,0.75,0.75,0.75,0.0,0.0
2007-07-02,0.75,0.75,0.75,0.75,0.0,0.0
2007-07-03,0.75,0.75,0.75,0.75,0.0,0.0
2007-07-04,0.75,0.75,0.75,0.75,0.0,0.0
2007-07-05,0.75,0.75,0.75,0.75,0.0,0.0
2007-07-06,0.75,0.75,0.75,0.75,0.0,0.0
2007-07-09,0.75,0.75,0.75,0.75,0.0,0.0
2007-07-10,0.75,0.75,0.75,0.75,0.0,0.0
2007-07-11,0.75,0.75,0.75,0.75,0.0,0.0
2007-07-12,0.75,0.75,0.75,0.75,0.0,0.0
2007-07-13,0.75,0.75,0.75,0.75,0.0,0.0
2007-07-16,0.75,0.75,0.75,0.75,0.0,0.0
2007-07-17,0.75,0.75,0.75,0.75,0.0,0.0
2007-07-18,0.75,0.75,0.75,0.75,0.0,0.0
2007-07-19,0.75,0.75,0.75,0.75,0.0,0.0
2007-07-20,0.75,0.75,0.75,0.75,0.0,0.0
2007-07-23,0.75,0.75,0.75,0.75,0.0,0.0
2007-07-24,0.75,0.75,0.75,0.75,0.0,0.0
2007-07-25,0.75,0.75,0.75,0.75,0.0,0.0
2007-07-26,0.75,0.75,0.75,0.75,0.0,0.0
2007-07-27,0.75,0.75,0.75,0.75,0.0,0.0
2007-07-30,0.75,0.75,0.75,0.75,0.0,0.0
2007-07-31,0.75,0.75,0.75,0.75,0.0,0.0
2007-08-01,0.75,0.75,0.75,0.75,0.0,0.0
2007-08-02,0.75,0.75,0.75,0.75,0.0,0.0
2007-08-03,0.75,0.75,0.75,0.75,0.0,0.0
2007-08-06,0.75,0.75,0.75,0.75,0.0,0.0
2007-08-07,0.75,0.75,0.75,0.75,0.0,0.0
2007-08-08,0.75,0.75,0.75,0.75,0.0,0.0
2007-08-09,0.75,0.75,0.75,0.75,0.0,0.0
2007-08-10,0.75,0.75,0.75,0.75,0.0,0.0
2007-08-13,0.75,0.75,0.75,0.75,0.0,0.0
2007-08-14,0.75,0.75,0.75,0.75,0.0,0.0
2007-08-15,0.75,0.75,0.75,0.75,0.0,0.0
2007-08-16,0.75,0.75,0.75,0.75,0.0,0.0
2007-08-17,0.75,0.75,0.75,0.75,0.0,0.0
2007-08-20,0.75,0.75,0.75,0.75,0.0,0.0
2007-08-21,0.75,0.75,0.75,0.75,0.0,0.0
2007-08-22,0.75,0.75,0.75,0.75,0.0,0.0
2007-08-23,0.75,0.75,0.75,0.75,0.0,0.0
2007-08-24,0.75,0.75,0.75,0.75,0.0,0.0
2007-08-27,0.75,0.75,0.75,0.75,0.0,0.0
2007-08-28,0.75,0.75,0.75,0.75,0.0,0.0
2007-08-29,0.75,0.75,0.75,0.75,0.0,0.0
2007-08-30,0.75,0.75,0.75,0.75,0.0,0.0
2007-08-31,0.75,0.75,0.75,0.75,0.0,0.0
2007-09-03,0.75,0.75,0.75,0.75,0.0,0.0
2007-09-04,0.75,0.75,0.75,0.75,0.0,0.0
2007-09-05,0.75,0.75,0.75,0.75,0.0,0.0
2007-09-06,0.75,0.75,0.75,0.75,0.0,0.0
2007-09-07,0.75,0.75,0.75,0.75,0.0,0.0
2007-09-10,0.75,0.75,0.75,0.75,0.0,0.0
2007-09-11,0.75,0.75,0.75,0.75,0.0,0.0
2007-09-12,0.75,0.75,0.75,0.75,0.0,0.0
2007-09-13,0.75,0.75,0.75,0.75,0.0,0.0
2007-09-14,0.75,0.75,0.75,0.75,0.0,0.0
2007-09-17,0.75,0.75,0.75,0.75,0.0,0.0
2007-09-18,0.75,0.75,0.75,0.75,0.0,0.0
2007-09-19,0.75,0.75,0.75,0.75,0.0,0.0
2007-09-20,0.75,0.75,0.75,0.75,0.0,0.0
2007-09-21,0.75,0.75,0.75,0.75,0.0,0.0
2007-09-24,0.75,0.75,0.75,0.75,0.0,0.0
2007-09-25,0.75,0.75,0.75,0.75,0.0,0.0
2007-09-26,0.75,0.75,0.75,0.75,0.0,0.0
2007-09-27,0.75,0.75,0.75,0.75,0.0,0.0
2007-09-28,0.75,0.75,0.75,0.75,0.0,0.0
2007-10-01,0.75,0.75,0.75,0.75,0.0,0.0
2007-10-02,0.75,0.75,0.75,0.75,0.0,0.0
2007-10-03,0.75,0.75,0.75,0.75,0.0,0.0
2007-10-04,0.75,0.75,0.75,0.75,0.0,0.0
2007-10-05,0.75,0.75,0.75,0.75,0.0,0.0
2007-10-08,0.75,0.75,0.75,0.75,0.0,0.0
2007-10-09,0.75,0.75,0.75,0.75,0.0,0.0
2007-10-10,0.75,0.75,0.75,0.75,0.0,0.0
2007-10-11,0.75,0.75,0.75,0.75,0.0,0.0
2007-10-12,0.75,0.75,0.75,0.75,0.0,0.0
2007-10-15,0.75,0.75,0.75,0.75,0.0,0.0
2007-10-16,0.75,0.75,0.75,0.75,0.0,0.0
2007-10-17,0.75,0.75,0.75,0.75,0.0,0.0
2007-10-18,0.75,0.75,0.75,0.75,0.0,0.0
2007-10-19,0.75,0.75,0.75,0.75,0.0,0.0
2007-10-22,0.75,0.75,0.75,0.75,0.0,0.0
2007-10-23,0.75,0.75,0.75,0.75,0.0,0.0
2007-10-24,0.75,0.75,0.75,0.75,0.0,0.0
2007-10-25,0.75,0.75,0.75,0.75,0.0,0.0
2007-10-26,0.75,0.75,0.75,0.75,0.0,0.0
2007-10-29,0.75,0.75,0.75,0.75,0.0,0.0
2007-10-30,0.75,0.75,0.75,0.75,0.0,0.0
2007-10-31,0.75,0.75,0.75,0.75,0.0,0.0
2007-11-01,0.75,0.75,0.75,0.75,0.0,0.0
2007-11-02,0.75,0.75,0.75,0.75,0.0,0.0
2007-11-05,0.75,0.75,0.75,0.75,0.0,0.0
2007-11-06,0.75,0.75,0.75,0.75,0.0,0.0
2007-11-07,0.75,0.75,0.75,0.75,0.0,0.0
2007-11-08,0.75,0.75,0.75,0.75,0.0,0.0
2007-11-09,0.75,0.75,0.75,0.75,0.0,0.0
2007-11-12,0.75,0.75,0.75,0.75,0.0,0.0
2007-11-13,0.75,0.75,0.75,0.75,0.0,0.0
2007-11-14,0.75,0.75,0.75,0.75,0.0,0.0
2007-11-15,0.75,0.75,0.75,0.75,0.0,0.0
2007-11-16,0.75,0.75,0.75,0.75,0.0,0.0
2007-11-19,0.75,0.75,0.75,0.75,0.0,0.0
2007-11-20,0.75,0.75,0.75,0.75,0.0,0.0
2007-11-21,0.75,0.75,0.75,0.75,0.0,0.0
2007-11-22,0.75,0.75,0.75,0.75,0.0,0.0
2007-11-23,0.75,0.75,0.75,0.75,0.0,0.0
2007-11-26,0.75,0.75,0.75,0.75,0.0,0.0
2007-11-27,0.75,0.75,0.75,0.75,0.0,0.0
2007-11-28,0.75,0.75,0.75,0.75,0.0,0.0
2007-11-29,0.75,0.75,0.75,0.75,0.0,0.0
2007-11-30,0.75,0.75,0.75,0.75,0.0,0.0
2007-12-03,0.75,0.75,0.75,0.75,0.0,0.0
2007-12-04,0.75,0.75,0.75,0.75,0.0,0.0
2007-12-05,0.75,0.75,0.75,0.75,0.0,0.0
2007-12-06,0.75,0.75,0.75,0.75,0.0,0.0
2007-12-07,0.75,0.75,0.75,0.75,0.0,0.0
2007-12-10,0.75,0.75,0.75,0.75,0.0,0.0
2007-12-11,0.75,0.75,0.75,0.75,0.0,0.0
2007-12-12,0.75,0.75,0.75,0.75,0.0,0.0
2007-12-13,0.75,0.75,0.75,0.75,0.0,0.0
2007-12-14,0.75,0.75,0.75,0.75,0.0,0.0
2007-12-17,0.75,0.75,0.75,0.75,0.0,0.0
2007-12-18,0.75,0.75,0.75,0.75,0.0,0.0
2007-12-19,0.75,0.75,0.75,0.75,0.0,0.0
2007-12-20,0.75,0.75,0.75,0.75,0.0,0.0
2007-12-21,0.75,0.75,0.75,0.75,0.0,0.0
2007-12-24,0.75,0.75,0.75,0.75,0.0,0.0
2007-12-25,0.75,0.75,0.75,0.75,0.0,0.0
2007-12-26,0.75,0.75,0.75,0.75,0.0,0.0
2007-12-27,0.75,0.75,0.75,0.75,0.0,0.0
2007-12-28,0.75,0.75,0.75,0.75,0.0,0.0
2007-12-31,0.75,0.75,0.75,0.75,0.0,0.0
2008-01-01,0.75,0.75,0.75,0.75,0.0,0.0
2008-01-02,0.75,0.75,0.75,0.75,0.0,0.0
2008-01-03,0.75,0.75,0.75,0.75,0.0,0.0
2008-01-04,0.75,0.75,0.75,0.75,0.0,0.0
2008-01-07,0.75,0.75,0.75,0.75,0.0,0.0
2008-01-08,0.75,0.75,0.75,0.75,0.0,0.0
2008-01-09,0.75,0.75,0.75,0.75,0.0,0.0
2008-01-10,0.75,0.75,0.75,0.75,0.0,0.0
2008-01-11,0.75,0.75,0.75,0.75,0.0,0.0
2008-01-14,0.75,0.75,0.75,0.75,0.0,0.0
2008-01-15,0.75,0.75,0.75,0.75,0.0,0.0
2008-01-16,0.75,0.75,0.75,0.75,0.0,0.0
2008-01-17,0.75,0.75,0.75,0.75,0.0,0.0
2008-01-18,0.75,0.75,0.75,0.75,0.0,0.0
2008-01-21,0.75,0.75,0.75,0.75,0.0,0.0
2008-01-22,0.75,0.75,0.75,0.75,0.0,0.0
2008-01-23,0.75,0.75,0.75,0.75,0.0,0.0
2008-01-24,0.75,0.75,0.75,0.75,0.0,0.0
2008-01-25,0.75,0.75,0.75,0.75,0.0,0.0
2008-01-28,0.75,0.75,0.75,0.75,0.0,0.0
2008-01-29,0.75,0.75,0.75,0.75,0.0,0.0
2008-01-30,0.75,0.75,0.75,0.75,0.0,0.0
2008-01-31,0.75,0.75,0.75,0.75,0.0,0.0
2008-02-01,0.75,0.75,0.75,0.75,0.0,0.0
2008-02-04,0.75,0.75,0.75,0.75,0.0,0.0
2008-02-05,0.75,0.75,0.75,0.75,0.0,0.0
2008-02-06,0.75,0.75,0.75,0.75,0.0,0.0
2008-02-07,0.75,0.75,0.75,0.75,0.0,0.0
2008-02-08,0.75,0.75,0.75,0.75,0.0,0.0
2008-02-11,0.75,0.75,0.75,0.75,0.0,0.0
2008-02-12,0.75,0.75,0.75,0.75,0.0,0.0
2008-02-13,0.75,0.75,0.75,0.75,0.0,0.0
2008-02-14,0.75,0.75,0.75,0.75,0.0,0.0
2008-02-15,0.75,0.75,0.75,0.75,0.0,0.0
2008-02-18,0.75,0.75,0.75,0.75,0.0,0.0
2008-02-19,0.75,0.75,0.75,0.75,0.0,0.0
2008-02-20,0.75,0.75,0.75,0.75,0.0,0.0
2008-02-21,0.75,0.75,0.75,0.75,0.0,0.0
2008-02-22,0.75,0.75,0.75,0.75,0.0,0.0
2008-02-25,0.75,0.75,0.75,0.75,0.0,0.0
2008-02-26,0.75,0.75,0.75,0.75,0.0,0.0
2008-02-27,0.75,0.75,0.75,0.75,0.0,0.0
2008-02-28,0.75,0.75,0.75,0.75,0.0,0.0
2008-02-29,0.75,0.75,0.75,0.75,0.0,0.0
2008-03-03,0.75,0.75,0.75,0.75,0.0,0.0
2008-03-04,0.75,0.75,0.75,0.75,0.0,0.0
2008-03-05,0.75,0.75,0.75,0.75,0.0,0.0
2008-03-06,0.75,0.75,0.75,0.75,0.0,0.0
2008-03-07,0.75,0.75,0.75,0.75,0.0,0.0
2008-03-10,0.75,0.75,0.75,0.75,0.0,0.0
2008-03-11,0.75,0.75,0.75,0.75,0.0,0.0
2008-03-12,0.75,0.75,0.75,0.75,0.0,0.0
2008-03-13,0.75,0.75,0.75,0.75,0.0,0.0
2008-03-14,0.75,0.75,0.75,0.75,0.0,0.0
2008-03-17,0.75,0.75,0.75,0.75,0.0,0.0
2008-03-18,0.75,0.75,0.75,0.75,0.0,0.0
2008-03-19,0.75,0.75,0.75,0.75,0.0,0.0
2008-03-20,0.75,0.75,0.75,0.75,0.0,0.0
2008-03-21,0.75,0.75,0.75,0.75,0.0,0.0
2008-03-24,0.75,0.75,0.75,0.75,0.0,0.0
2008-03-25,0.75,0.75,0.75,0.75,0.0,0.0
2008-03-26,0.75,0.75,0.75,0.75,0.0,0.0
2008-03-27,0.75,0.75,0.75,0.75,0.0,0.0
2008-03-28,0.75,0.75,0.75,0.75,0.0,0.0
2008-03-31,0.75,0.75,0.75,0.75,0.0,0.0
2008-04-01,0.75,0.75,0.75,0.75,0.0,0.0
2008-04-02,0.75,0.75,0.75,0.75,0.0,0.0
2008-04-03,0.75,0.75,0.75,0.75,0.0,0.0
2008-04-04,0.75,0.75,0.75,0.75,0.0,0.0
2008-04-07,0.75,0.75,0.75,0.75,0.0,0.0
2008-04-08,0.75,0.75,0.75,0.75,0.0,0.0
2008-04-09,0.75,0.75,0.75,0.75,0.0,0.0
2008-04-10,0.75,0.75,0.75,0.75,0.0,0.0
2008-04-11,0.75,0.75,0.75,0.75,0.0,0.0
2008-04-14,0.75,0.75,0.75,0.75,0.0,0.0
2008-04-15,0.75,0.75,0.75,0.75,0.0,0.0
2008-04-16,0.75,0.75,0.75,0.75,0.0,0.0
2008-04-17,0.75,0.75,0.75,0.75,0.0,0.0
2008-04-18,0.75,0.75,0.75,0.75,0.0,0.0
2008-04-21,0.75,0.75,0.75,0.75,0.0,0.0
2008-04-22,0.75,0.75,0.75,0.75,0.0,0.0
2008-04-23,0.75,0.75,0.75,0.75,0.0,0.0
2008-04-24,0.75,0.75,0.75,0.75,0.0,0.0
2008-04-25,0.75,0.75,0.75,0.75,0.0,0.0
2008-04-28,0.75,0.75,0.75,0.75,0.0,0.0
2008-04-29,0.75,0.75,0.75,0.75,0.0,0.0
2008-04-30,0.75,0.75,0.75,0.75,0.0,0.0
2008-05-01,0.75,0.75,0.75,0.75,0.0,0.0
2008-05-02,0.75,0.75,0.75,0.75,0.0,0.0
2008-05-05,0.75,0.75,0.75,0.75,0.0,0.0
2008-05-06,0.75,0.75,0.75,0.75,0.0,0.0
2008-05-07,0.75,0.75,0.75,0.75,0.0,0.0
2008-05-08,0.75,0.75,0.75,0.75,0.0,0.0
2008-05-09,0.75,0.75,0.75,0.75,0.0,0.0
2008-05-12,0.75,0.75,0.75,0.75,0.0,0.0
2008-05-13,0.75,0.75,0.75,0.75,0.0,0.0
2008-05-14,0.75,0.75,0.75,0.75,0.0,0.0
2008-05-15,0.75,0.75,0.75,0.75,0.0,0.0
2008-05-16,0.75,0.75,0.75,0.75,0.0,0.0
2008-05-19,0.75,0.75,0.75,0.75,0.0,0.0
2008-05-20,0.75,0.75,0.75,0.75,0.0,0.0
2008-05-21,0.75,0.75,0.75,0.75,0.0,0.0
2008-05-22,0.75,0.75,0.75,0.75,0.0,0.0
2008-05-23,0.75,0.75,0.75,0.75,0.0,0.0
2008-05-26,0.75,0.75,0.75,0.75,0.0,0.0
2008-05-27,0.75,0.75,0.75,0.75,0.0,0.0
2008-05-28,0.75,0.75,0.75,0.75,0.0,0.0
2008-05-29,0.75,0.75,0.75,0.75,0.0,0.0
2008-05-30,0.75,0.75,0.75,0.75,0.0,0.0
2008-06-02,0.75,0.75,0.75,0.75,0.0,0.0
2008-06-03,0.75,0.75,0.75,0.75,0.0,0.0
2008-06-04,0.75,0.75,0.75,0.75,0.0,0.0
2008-06-05,0.75,0.75,0.75,0.75,0.0,0.0
2008-06-06,0.75,0.75,0.75,0.75,0.0,0.0
2008-06-09,0.75,0.75,0.75,0.75,0.0,0.0
2008-06-10,0.75,0.75,0.75,0.75,0.0,0.0
2008-06-11,0.75,0.75,0.75,0.75,0.0,0.0
2008-06-12,0.75,0.75,0.75,0.75,0.0,0.0
2008-06-13,0.75,0.75,0.75,0.75,0.0,0.0
2008-06-16,0.75,0.75,0.75,0.75,0.0,0.0
2008-06-17,0.75,0.75,0.75,0.75,0.0,0.0
2008-06-18,0.75,0.75,0.75,0.75,0.0,0.0
2008-06-19,0.75,0.75,0.75,0.75,0.0,0.0
2008-06-20,0.75,0.75,0.75,0.75,0.0,0.0
2008-06-23,0.75,0.75,0.75,0.75,0.0,0.0
2008-06-24,0.75,0.75,0.75,0.75,0.0,0.0
2008-06-25,0.75,0.75,0.75,0.75,0.0,0.0
2008-06-26,0.75,0.75,0.75,0.75,0.0,0.0
2008-06-27,0.75,0.75,0.75,0.75,0.0,0.0
2008-06-30,0.75,0.75,0.75,0.75,0.0,0.0
2008-07-01,0.75,0.75,0.75,0.75,0.0,0.0
2008-07-02,0.75,0.75,0.75,0.75,0.0,0.0
2008-07-03,0.75,0.75,0.75,0.75,0.0,0.0
2008-07-04,0.75,0.75,0.75,0.75,0.0,0.0
2008-07-07,0.75,0.75,0.75,0.75,0.0,0.0
2008-07-08,0.75,0.75,0.75,0.75,0.0,0.0
2008-07-09,0.75,0.75,0.75,0.75,0.0,0.0
2008-07-10,0.75,0.75,0.75,0.75,0.0,0.0
2008-07-11,0.75,0.75,0.75,0.75,0.0,0.0
2008-07-14,0.75,0.75,0.75,0.75,0.0,0.0
2008-07-15,0.75,0.75,0.75,0.75,0.0,0.0
2008-07-16,0.75,0.75,0.75,0.75,0.0,0.0
2008-07-17,0.75,0.75,0.75,0.75,0.0,0.0
2008-07-18,0.75,0.75,0.75,0.75,0.0,0.0
2008-07-21,0.75,0.75,0.75,0.75,0.0,0.0
2008-07-22,0.75,0.75,0.75,0.75,0.0,0.0
2008-07-23,0.75,0.75,0.75,0.75,0.0,0.0
2008-07-24,0.75,0.75,0.75,0.75,0.0,0.0
2008-07-25,0.75,0.75,0.75,0.75,0.0,0.0
2008-07-28,0.75,0.75,0.75,0.75,0.0,0.0
2008-07-29,0.75,0.75,0.75,0.75,0.0,0.0
2008-07-30,0.75,0.75,0.75,0.75,0.0,0.0
2008-07-31,0.75,0.75,0.75,0.75,0.0,0.0
2008-08-01,0.75,0.75,0.75,0.75,0.0,0.0
2008-08-04,0.75,0.75,0.75,0.75,0.0,0.0
2008-08-05,0.75,0.75,0.75,0.75,0.0,0.0
2008-08-06,0.75,0.75,0.75,0.75,0.0,0.0
2008-08-07,0.75,0.75,0.75,0.75,0.0,0.0
2008-08-08,0.75,0.75,0.75,0.75,0.0,0.0
2008-08-11,0.75,0.75,0.75,0.75,0.0,0.0
2008-08-12,0.75,0.75,0.75,0.75,0.0,0.0
2008-08-13,0.75,0.75,0.75,0.75,0.0,0.0
2008-08-14,0.75,0.75,0.75,0.75,0.0,0.0
2008-08-15,0.75,0.75,0.75,0.75,0.0,0.0
2008-08-18,0.75,0.75,0.75,0.75,0.0,0.0
2008-08-19,0.75,0.75,0.75,0.75,0.0,0.0
2008-08-20,0.75,0.75,0.75,0.75,0.0,0.0
2008-08-21,0.75,0.75,0.75,0.75,0.0,0.0
2008-08-22,0.75,0.75,0.75,0.75,0.0,0.0
2008-08-25,0.75,0.75,0.75,0.75,0.0,0.0
2008-08-26,0.75,0.75,0.75,0.75,0.0,0.0
2008-08-27,0.75,0.75,0.75,0.75,0.0,0.0
2008-08-28,0.75,0.75,0.75,0.75,0.0,0.0
2008-08-29,0.75,0.75,0.75,0.75,0.0,0.0
2008-09-01,0.75,0.75,0.75,0.75,0.0,0.0
2008-09-02,0.75,0.75,0.75,0.75,0.0,0.0
2008-09-03,0.75,0.75,0.75,0.75,0.0,0.0
2008-09-04,0.75,0.75,0.75,0.75,0.0,0.0
2008-09-05,0.75,0.75,0.75,0.75,0.0,0.0
2008-09-08,0.75,0.75,0.75,0.75,0.0,0.0
2008-09-09,0.75,0.75,0.75,0.75,0.0,0.0
2008-09-10,0.75,0.75,0.75,0.75,0.0,0.0
2008-09-11,0.75,0.75,0.75,0.75,0.0,0.0
2008-09-12,0.75,0.75,0.75,0.75,0.0,0.0
2008-09-15,0.75,0.75,0.75,0.75,0.0,0.0
2008-09-16,0.75,0.75,0.75,0.75,0.0,0.0
2008-09-17,0.75,0.75,0.75,0.75,0.0,0.0
2008-09-18,0.75,0.75,0.75,0.75,0.0,0.0
2008-09-19,0.75,0.75,0.75,0.75,0.0,0.0
2008-09-22,0.75,0.75,0.75,0.75,0.0,0.0
2008-09-23,0.75,0.75,0.75,0.75,0.0,0.0
2008-09-24,0.75,0.75,0.75,0.75,0.0,0.0
2008-09-25,0.75,0.75,0.75,0.75,0.0,0.0
2008-09-26,0.75,0.75,0.75,0.75,0.0,0.0
2008-09-29,0.75,0.75,0.75,0.75,0.0,0.0
2008-09-30,0.75,0.75,0.75,0.75,0.0,0.0
2008-10-01,0.75,0.75,0.75,0.75,0.0,0.0
2008-10-02,0.75,0.75,0.75,0.75,0.0,0.0
2008-10-03,0.75,0.75,0.75,0.75,0.0,0.0
2008-10-06,0.75,0.75,0.75,0.75,0.0,0.0
2008-10-07,0.75,0.75,0.75,0.75,0.0,0.0
2008-10-08,0.75,0.75,0.75,0.75,0.0,0.0
2008-10-09,0.75,0.75,0.75,0.75,0.0,0.0
2008-10-10,0.75,0.75,0.75,0.75,0.0,0.0
2008-10-13,0.75,0.75,0.75,0.75,0.0,0.0
2008-10-14,0.75,0.75,0.75,0.75,0.0,0.0
2008-10-15,0.75,0.75,0.75,0.75,0.0,0.0
2008-10-16,0.75,0.75,0.75,0.75,0.0,0.0
2008-10-17,0.75,0.75,0.75,0.75,0.0,0.0
2008-10-20,0.75,0.75,0.75,0.75,0.0,0.0
2008-10-21,0.75,0.75,0.75,0.75,0.0,0.0
2008-10-22,0.75,0.75,0.75,0.75,0.0,0.0
2008-10-23,0.75,0.75,0.75,0.75,0.0,0.0
2008-10-24,0.75,0.75,0.75,0.75,0.0,0.0
2008-10-27,0.75,0.75,0.75,0.75,0.0,0.0
2008-10-28,0.75,0.75,0.75,0.75,0.0,0.0
2008-10-29,0.75,0.75,0.75,0.75,0.0,0.0
2008-10-30,0.75,0.75,0.75,0.75,0.0,0.0
2008-10-31,0.75,0.75,0.75,0.75,0.0,0.0
2008-11-03,0.75,0.75,0.75,0.75,0.0,0.0
2008-11-04,0.75,0.75,0.75,0.75,0.0,0.0
2008-11-05,0.75,0.75,0.75,0.75,0.0,0.0
2008-11-06,0.75,0.75,0.75,0.75,0.0,0.0
2008-11-07,0.75,0.75,0.75,0.75,0.0,0.0
2008-11-10,0.75,0.75,0.75,0.75,0.0,0.0
2008-11-11,0.75,0.75,0.75,0.75,0.0,0.0
2008-11-12,0.75,0.75,0.75,0.75,0.0,0.0
2008-11-13,0.75,0.75,0.75,0.75,0.0,0.0
2008-11-14,0.75,0.75,0.75,0.75,0.0,0.0
2008-11-17,0.75,0.75,0.75,0.75,0.0,0.0
2008-11-18,0.75,0.75,0.75,0.75,0.0,0.0
2008-11-19,0.75,0.75,0.75,0.75,0.0,0.0
2008-11-20,0.75,0.75,0.75,0.75,0.0,0.0
2008-11-21,0.75,0.75,0.75,0.75,0.0,0.0
2008-11-24,0.75,0.75,0.75,0.75,0.0,0.0
2008-11-25,0.75,0.75,0.75,0.75,0.0,0.0
2008-11-26,0.75,0.75,0.75,0.75,0.0,0.0
2008-11-27,0.75,0.75,0.75,0.75,0.0,0.0
2008-11-28,0.75,0.75,0.75,0.75,0.0,0.0
2008-12-01,0.75,0.75,0.75,0.75,0.0,0.0
2008-12-02,0.75,0.75,0.75,0.75,0.0,0.0
2008-12-03,0.75,0.75,0.75,0.75,0.0,0.0
2008-12-04,0.75,0.75,0.75,0.75,0.0,0.0
2008-12-05,0.75,0.75,0.75,0.75,0.0,0.0
2008-12-08,0.75,0.75,0.75,0.75,0.0,0.0
2008-12-09,0.75,0.75,0.75,0.75,0.0,0.0
2008-12-10,0.75,0.75,0.75,0.75,0.0,0.0
2008-12-11,0.75,0.75,0.75,0.75,0.0,0.0
2008-12-12,0.75,0.75,0.75,0.75,0.0,0.0
2008-12-15,0.75,0.75,0.75,0.75,0.0,0.0
2008-12-16,0.75,0.75,0.75,0.75,0.0,0.0
2008-12-17,0.75,0.75,0.75,0.75,0.0,0.0
2008-12-18,0.75,0.75,0.75,0.75,0.0,0.0
2008-12-19,0.75,0.75,0.75,0.75,0.0,0.0
2008-12-22,0.75,0.75,0.75,0.75,0.0,0.0
2008-12-23,0.75,0.75,0.75,0.75,0.0,0.0
2008-12-24,0.75,0.75,0.75,0.75,0.0,0.0
2008-12-25,0.75,0.75,0.75,0.75,0.0,0.0
2008-12-26,0.75,0.75,0.75,0.75,0.0,0.0
2008-12-29,0.75,0.75,0.75,0.75,0.0,0.0
2008-12-30,0.75,0.75,0.75,0.75,0.0,0.0
2008-12-31,0.75,0.75,0.75,0.75,0.0,0.0
2009-01-01,0.75,0.75,0.75,0.75,0.0,0.0
2009-01-02,0.75,0.75,0.75,0.75,0.0,0.0
2009-01-05,0.75,0.75,0.75,0.75,0.0,0.0
2009-01-06,0.75,0.75,0.75,0.75,0.0,0.0
2009-01-07,0.75,0.75,0.75,0.75,0.0,0.0
2009-01-08,0.75,0.75,0.75,0.75,0.0,0.0
2009-01-09,0.75,0.75,0.75,0.75,0.0,0.0
2009-01-12,0.75,0.75,0.75,0.75,0.0,0.0
2009-01-13,0.75,0.75,0.75,0.75,0.0,0.0
2009-01-14,0.75,0.75,0.75,0.75,0.0,0.0
2009-01-15,0.75,0.75,0.75,0.75,0.0,0.0
2009-01-16,0.75,0.75,0.75,0.75,0.0,0.0
2009-01-19,0.75,0.75,0.75,0.75,0.0,0.0
2009-01-20,0.75,0.75,0.75,0.75,0.0,0.0
2009-01-21,0.75,0.75,0.75,0.75,0.0,0.0
2009-01-22,0.75,0.75,0.75,0.75,0.0,0.0
2009-01-23,0.75,0.75,0.75,0.75,0.0,0.0
2009-01-26,0.75,0.75,0.75,0.75,0.0,0.0
2009-01-27,0.75,0.75,0.75,0.75,0.0,0.0
2009-01-28,0.75,0.75,0.75,0.75,0.0,0.0
2009-01-29,0.75,0.75,0.75,0.75,0.0,0.0
2009-01-30,0.75,0.75,0.75,0.75,0.0,0.0
2009-02-02,0.75,0.75,0.75,0.75,0.0,0.0
2009-02-03,0.75,0.75,0.75,0.75,0.0,0.0
2009-02-04,0.75,0.75,0.75,0.75,0.0,0.0
2009-02-05,0.75,0.75,0.75,0.75,0.0,0.0
2009-02-06,0.75,0.75,0.75,0.75,0.0,0.0
2009-02-09,0.75,0.75,0.75,0.75,0.0,0.0
2009-02-10,0.75,0.75,0.75,0.75,0.0,0.0
2009-02-11,0.75,0.75,0.75,0.75,0.0,0.0
2009-02-12,0.75,0.75,0.75,0.75,0.0,0.0
2009-02-13,0.75,0.75,0.75,0.75,0.0,0.0
2009-02-16,0.75,0.75,0.75,0.75,0.0,0.0
2009-02-17,0.75,0.75,0.75,0.75,0.0,0.0
2009-02-18,0.75,0.75,0.75,0.75,0.0,0.0
2009-02-19,0.75,0.75,0.75,0.75,0.0,0.0
2009-02-20,0.75,0.75,0.75,0.75,0.0,0.0
2009-02-23,0.75,0.75,0.75,0.75,0.0,0.0
2009-02-24,0.75,0.75,0.75,0.75,0.0,0.0
2009-02-25,0.75,0.75,0.75,0.75,0.0,0.0
2009-02-26,0.75,0.75,0.75,0.75,0.0,0.0
2009-02-27,0.75,0.75,0.75,0.75,0.0,0.0
2009-03-02,0.75,0.75,0.75,0.75,0.0,0.0
2009-03-03,0.75,0.75,0.75,0.75,0.0,0.0
2009-03-04,0.75,0.75,0.75,0.75,0.0,0.0
2009-03-05,0.75,0.75,0.75,0.75,0.0,0.0
2009-03-06,0.75,0.75,0.75,0.75,0.0,0.0
2009-03-09,0.75,0.75,0.75,0.75,0.0,0.0
2009-03-10,0.75,0.75,0.75,0.75,0.0,0.0
2009-03-11,0.75,0.75,0.75,0.75,0.0,0.0
2009-03-12,0.75,0.75,0.75,0.75,0.0,0.0
2009-03-13,0.75,0.75,0.75,0.75,0.0,0.0
2009-03-16,0.75,0.75,0.75,0.75,0.0,0.0
2009-03-17,0.75,0.75,0.75,0.75,0.0,0.0
2009-03-18,0.75,0.75,0.75,0.75,0.0,0.0
2009-03-19,0.75,0.75,0.75,0.75,0.0,0.0
2009-03-20,0.75,0.75,0.75,0.75,0.0,0.0
2009-03-23,0.75,0.75,0.75,0.75,0.0,0.0
2009-03-24,0.75,0.75,0.75,0.75,0.0,0.0
2009-03-25,0.75,0.75,0.75,0.75,0.0,0.0
2009-03-26,0.75,0.75,0.75,0.75,0.0,0.0
2009-03-27,0.75,0.75,0.75,0.75,0.0,0.0
2009-03-29,0.75,0.75,0.75,0.75,0.0,0.0
2009-03-30,0.75,0.75,0.75,0.75,0.0,0.0
2009-03-31,0.75,0.75,0.75,0.75,0.0,0.0
2009-04-01,0.75,0.75,0.75,0.75,0.0,0.0
2009-04-02,0.75,0.75,0.75,0.75,0.0,0.0
2009-04-03,0.75,0.75,0.75,0.75,0.0,0.0
2009-04-06,0.75,0.75,0.75,0.75,0.0,0.0
2009-04-07,0.75,0.75,0.75,0.75,0.0,0.0
2009-04-08,0.75,0.75,0.75,0.75,0.0,0.0
2009-04-09,0.75,0.75,0.75,0.75,0.0,0.0
2009-04-10,0.75,0.75,0.75,0.75,0.0,0.0
2009-04-13,0.75,0.75,0.75,0.75,0.0,0.0
2009-04-14,0.75,0.75,0.75,0.75,0.0,0.0
2009-04-15,0.75,0.75,0.75,0.75,0.0,0.0
2009-04-16,0.75,0.75,0.75,0.75,0.0,0.0
2009-04-17,0.75,0.75,0.75,0.75,0.0,0.0
2009-04-20,0.75,0.75,0.75,0.75,0.0,0.0
2009-04-21,0.75,0.75,0.75,0.75,0.0,0.0
2009-04-22,0.75,0.75,0.75,0.75,0.0,0.0
2009-04-23,0.75,0.75,0.75,0.75,0.0,0.0
2009-04-24,0.75,0.75,0.75,0.75,0.0,0.0
2009-04-27,0.75,0.75,0.75,0.75,0.0,0.0
2009-04-28,0.75,0.75,0.75,0.75,0.0,0.0
2009-04-29,0.75,0.75,0.75,0.75,0.0,0.0
2009-04-30,0.75,0.75,0.75,0.75,0.0,0.0
2009-05-01,0.75,0.75,0.75,0.75,0.0,0.0
2009-05-04,0.75,0.75,0.75,0.75,0.0,0.0
2009-05-05,0.75,0.75,0.75,0.75,0.0,0.0
2009-05-06,0.75,0.75,0.75,0.75,0.0,0.0
2009-05-07,0.75,0.75,0.75,0.75,0.0,0.0
2009-05-08,0.75,0.75,0.75,0.75,0.0,0.0
2009-05-11,0.75,0.75,0.75,0.75,0.0,0.0
2009-05-12,0.75,0.75,0.75,0.75,0.0,0.0
2009-05-13,0.75,0.75,0.75,0.75,0.0,0.0
2009-05-14,0.75,0.75,0.75,0.75,0.0,0.0
2009-05-15,0.75,0.75,0.75,0.75,0.0,0.0
2009-05-18,0.75,0.75,0.75,0.75,0.0,0.0
2009-05-19,0.75,0.75,0.75,0.75,0.0,0.0
2009-05-20,0.75,0.75,0.75,0.75,0.0,0.0
2009-05-21,0.75,0.75,0.75,0.75,0.0,0.0
2009-05-22,0.75,0.75,0.75,0.75,0.0,0.0
2009-05-25,0.75,0.75,0.75,0.75,0.0,0.0
2009-05-26,0.75,0.75,0.75,0.75,0.0,0.0
2009-05-27,0.75,0.75,0.75,0.75,0.0,0.0
2009-05-28,0.75,0.75,0.75,0.75,0.0,0.0
2009-05-29,0.75,0.75,0.75,0.75,0.0,0.0
2009-06-01,0.75,0.75,0.75,0.75,0.0,0.0
2009-06-02,0.75,0.75,0.75,0.75,0.0,0.0
2009-06-03,0.75,0.75,0.75,0.75,0.0,0.0
2009-06-04,0.75,0.75,0.75,0.75,0.0,0.0
2009-06-05,0.75,0.75,0.75,0.75,0.0,0.0
2009-06-08,0.75,0.75,0.75,0.75,0.0,0.0
2009-06-09,0.75,0.75,0.75,0.75,0.0,0.0
2009-06-10,0.75,0.75,0.75,0.75,0.0,0.0
2009-06-11,0.75,0.75,0.75,0.75,0.0,0.0
2009-06-12,0.75,0.75,0.75,0.75,0.0,0.0
2009-06-15,0.75,0.75,0.75,0.75,0.0,0.0
2009-06-16,0.75,0.75,0.75,0.75,0.0,0.0
2009-06-17,0.75,0.75,0.75,0.75,0.0,0.0
2009-06-18,0.75,0.75,0.75,0.75,0.0,0.0
2009-06-19,0.75,0.75,0.75,0.75,0.0,0.0
2009-06-22,0.75,0.75,0.75,0.75,0.0,0.0
2009-06-23,0.75,0.75,0.75,0.75,0.0,0.0
2009-06-24,0.75,0.75,0.75,0.75,0.0,0.0
2009-06-25,0.75,0.75,0.75,0.75,0.0,0.0
2009-06-26,0.75,0.75,0.75,0.75,0.0,0.0
2009-06-29,0.75,0.75,0.75,0.75,0.0,0.0
2009-06-30,0.75,0.75,0.75,0.75,0.0,0.0
2009-07-01,0.75,0.75,0.75,0.75,0.0,0.0
2009-07-02,0.75,0.75,0.75,0.75,0.0,0.0
2009-07-03,0.75,0.75,0.75,0.75,0.0,0.0
2009-07-06,0.75,0.75,0.75,0.75,0.0,0.0
2009-07-07,0.75,0.75,0.75,0.75,0.0,0.0
2009-07-08,0.75,0.75,0.75,0.75,0.0,0.0
2009-07-09,0.75,0.75,0.75,0.75,0.0,0.0
2009-07-10,0.75,0.75,0.75,0.75,0.0,0.0
2009-07-13,0.75,0.75,0.75,0.75,0.0,0.0
2009-07-14,0.75,0.75,0.75,0.75,0.0,0.0
2009-07-15,0.75,0.75,0.75,0.75,0.0,0.0
2009-07-16,0.75,0.75,0.75,0.75,0.0,0.0
2009-07-17,0.75,0.75,0.75,0.75,0.0,0.0
2009-07-20,0.75,0.75,0.75,0.75,0.0,0.0
2009-07-21,0.75,0.75,0.75,0.75,0.0,0.0
2009-07-22,0.75,0.75,0.75,0.75,0.0,0.0
2009-07-23,0.75,0.75,0.75,0.75,0.0,0.0
2009-07-24,0.75,0.75,0.75,0.75,0.0,0.0
2009-07-27,0.75,0.75,0.75,0.75,0.0,0.0
2009-07-28,0.75,0.75,0.75,0.75,0.0,0.0
2009-07-29,0.75,0.75,0.75,0.75,0.0,0.0
2009-07-30,0.75,0.75,0.75,0.75,0.0,0.0
2009-07-31,0.75,0.75,0.75,0.75,0.0,0.0
2009-08-03,0.75,0.75,0.75,0.75,0.0,0.0
2009-08-04,0.75,0.75,0.75,0.75,0.0,0.0
2009-08-05,0.75,0.75,0.75,0.75,0.0,0.0
2009-08-06,0.75,0.75,0.75,0.75,0.0,0.0
2009-08-07,0.75,0.75,0.75,0.75,0.0,0.0
2009-08-10,0.75,0.75,0.75,0.75,0.0,0.0
2009-08-11,0.75,0.75,0.75,0.75,0.0,0.0
2009-08-12,0.75,0.75,0.75,0.75,0.0,0.0
2009-08-13,0.75,0.75,0.75,0.75,0.0,0.0
2009-08-14,0.75,0.75,0.75,0.75,0.0,0.0
2009-08-17,0.75,0.75,0.75,0.75,0.0,0.0
2009-08-18,0.75,0.75,0.75,0.75,0.0,0.0
2009-08-19,0.75,0.75,0.75,0.75,0.0,0.0
2009-08-20,0.75,0.75,0.75,0.75,0.0,0.0
2009-08-21,0.75,0.75,0.75,0.75,0.0,0.0
2009-08-24,0.75,0.75,0.75,0.75,0.0,0.0
2009-08-25,0.75,0.75,0.75,0.75,0.0,0.0
2009-08-26,0.75,0.75,0.75,0.75,0.0,0.0
2009-08-27,0.75,0.75,0.75,0.75,0.0,0.0
2009-08-28,0.75,0.75,0.75,0.75,0.0,0.0
2009-08-31,0.75,0.75,0.75,0.75,0.0,0.0
2009-09-01,0.75,0.75,0.75,0.75,0.0,0.0
2009-09-02,0.75,0.75,0.75,0.75,0.0,0.0
2009-09-03,0.75,0.75,0.75,0.75,0.0,0.0
2009-09-04,0.75,0.75,0.75,0.75,0.0,0.0
2009-09-07,0.75,0.75,0.75,0.75,0.0,0.0
2009-09-08,0.75,0.75,0.75,0.75,0.0,0.0
2009-09-09,0.75,0.75,0.75,0.75,0.0,0.0
2009-09-10,0.75,0.75,0.75,0.75,0.0,0.0
2009-09-11,0.75,0.75,0.75,0.75,0.0,0.0
2009-09-14,0.75,0.75,0.75,0.75,0.0,0.0
2009-09-15,0.75,0.75,0.75,0.75,0.0,0.0
2009-09-16,0.75,0.75,0.75,0.75,0.0,0.0
2009-09-17,0.75,0.75,0.75,0.75,0.0,0.0
2009-09-18,0.75,0.75,0.75,0.75,0.0,0.0
2009-09-21,0.75,0.75,0.75,0.75,0.0,0.0
2009-09-22,0.75,0.75,0.75,0.75,0.0,0.0
2009-09-23,0.75,0.75,0.75,0.75,0.0,0.0
2009-09-24,0.75,0.75,0.75,0.75,0.0,0.0
2009-09-25,0.75,0.75,0.75,0.75,0.0,0.0
2009-09-28,0.75,0.75,0.75,0.75,0.0,0.0
2009-09-29,0.75,0.75,0.75,0.75,0.0,0.0
2009-09-30,0.75,0.75,0.75,0.75,0.0,0.0
2009-10-01,0.75,0.75,0.75,0.75,0.0,0.0
2009-10-02,0.75,0.75,0.75,0.75,0.0,0.0
2009-10-05,0.75,0.75,0.75,0.75,0.0,0.0
2009-10-06,0.75,0.75,0.75,0.75,0.0,0.0
2009-10-07,0.75,0.75,0.75,0.75,0.0,0.0
2009-10-08,0.75,0.75,0.75,0.75,0.0,0.0
2009-10-09,0.75,0.75,0.75,0.75,0.0,0.0
2009-10-12,0.75,0.75,0.75,0.75,0.0,0.0
2009-10-13,0.75,0.75,0.75,0.75,0.0,0.0
2009-10-14,0.75,0.75,0.75,0.75,0.0,0.0
2009-10-15,0.75,0.75,0.75,0.75,0.0,0.0
2009-10-16,0.75,0.75,0.75,0.75,0.0,0.0
2009-10-17,0.75,0.75,0.75,0.75,0.0,0.0
2009-10-19,0.75,0.75,0.75,0.75,0.0,0.0
2009-10-20,0.75,0.75,0.75,0.75,0.0,0.0
2009-10-21,0.75,0.75,0.75,0.75,0.0,0.0
2009-10-22,0.75,0.75,0.75,0.75,0.0,0.0
2009-10-23,0.75,0.75,0.75,0.75,0.0,0.0
2009-10-26,0.75,0.75,0.75,0.75,0.0,0.0
2009-10-27,0.75,0.75,0.75,0.75,0.0,0.0
2009-10-28,0.75,0.75,0.75,0.75,0.0,0.0
2009-10-29,0.75,0.75,0.75,0.75,0.0,0.0
2009-10-30,0.75,0.75,0.75,0.75,0.0,0.0
2009-11-02,0.75,0.75,0.75,0.75,0.0,0.0
2009-11-03,0.75,0.75,0.75,0.75,0.0,0.0
2009-11-04,0.75,0.75,0.75,0.75,0.0,0.0
2009-11-05,0.75,0.75,0.75,0.75,0.0,0.0
2009-11-06,0.75,0.75,0.75,0.75,0.0,0.0
2009-11-09,0.75,0.75,0.75,0.75,0.0,0.0
2009-11-10,0.75,0.75,0.75,0.75,0.0,0.0
2009-11-11,0.75,0.75,0.75,0.75,0.0,0.0
2009-11-12,0.75,0.75,0.75,0.75,0.0,0.0
2009-11-13,0.75,0.75,0.75,0.75,0.0,0.0
2009-11-16,0.75,0.75,0.75,0.75,0.0,0.0
2009-11-17,0.75,0.75,0.75,0.75,0.0,0.0
2009-11-18,0.75,0.75,0.75,0.75,0.0,0.0
2009-11-19,0.75,0.75,0.75,0.75,0.0,0.0
2009-11-20,0.75,0.75,0.75,0.75,0.0,0.0
2009-11-23,0.75,0.75,0.75,0.75,0.0,0.0
2009-11-24,0.75,0.75,0.75,0.75,0.0,0.0
2009-11-25,0.75,0.75,0.75,0.75,0.0,0.0
2009-11-26,0.75,0.75,0.75,0.75,0.0,0.0
2009-11-27,0.75,0.75,0.75,0.75,0.0,0.0
2009-11-30,0.75,0.75,0.75,0.75,0.0,0.0
2009-12-01,0.75,0.75,0.75,0.75,0.0,0.0
2009-12-02,0.75,0.75,0.75,0.75,0.0,0.0
2009-12-03,0.75,0.75,0.75,0.75,0.0,0.0
2009-12-04,0.75,0.75,0.75,0.75,0.0,0.0
2009-12-07,0.75,0.75,0.75,0.75,0.0,0.0
2009-12-08,0.75,0.75,0.75,0.75,0.0,0.0
2009-12-09,0.75,0.75,0.75,0.75,0.0,0.0
2009-12-10,0.75,0.75,0.75,0.75,0.0,0.0
2009-12-11,0.75,0.75,0.75,0.75,0.0,0.0
2009-12-14,0.75,0.75,0.75,0.75,0.0,0.0
2009-12-15,0.75,0.75,0.75,0.75,0.0,0.0
2009-12-16,0.75,0.75,0.75,0.75,0.0,0.0
2009-12-17,0.75,0.75,0.75,0.75,0.0,0.0
2009-12-18,0.75,0.75,0.75,0.75,0.0,0.0
2009-12-21,0.75,0.75,0.75,0.75,0.0,0.0
2009-12-22,0.75,0.75,0.75,0.75,0.0,0.0
2009-12-23,0.75,0.75,0.75,0.75,0.0,0.0
2009-12-24,0.75,0.75,0.75,0.75,0.0,0.0
2009-12-25,0.75,0.75,0.75,0.75,0.0,0.0
2009-12-28,0.75,0.75,0.75,0.75,0.0,0.0
2009-12-29,0.75,0.75,0.75,0.75,0.0,0.0
2009-12-30,0.75,0.75,0.75,0.75,0.0,0.0
2009-12-31,0.75,0.75,0.75,0.75,0.0,0.0
2010-01-01,0.75,0.75,0.75,0.75,0.0,0.0
2010-01-04,0.75,0.75,0.75,0.75,0.0,0.0
2010-01-05,0.75,0.75,0.75,0.75,0.0,0.0
2010-01-06,0.75,0.75,0.75,0.75,0.0,0.0
2010-01-07,0.75,0.75,0.75,0.75,0.0,0.0
2010-01-08,0.75,0.75,0.75,0.75,0.0,0.0
2010-01-11,0.75,0.75,0.75,0.75,0.0,0.0
2010-01-12,0.75,0.75,0.75,0.75,0.0,0.0
2010-01-13,0.75,0.75,0.75,0.75,0.0,0.0
2010-01-14,0.75,0.75,0.75,0.75,0.0,0.0
2010-01-15,0.75,0.75,0.75,0.75,0.0,0.0
2010-01-18,0.75,0.75,0.75,0.75,0.0,0.0
2010-01-19,0.75,0.75,0.75,0.75,0.0,0.0
2010-01-20,0.75,0.75,0.75,0.75,0.0,0.0
2010-01-21,0.75,0.75,0.75,0.75,0.0,0.0
2010-01-22,0.75,0.75,0.75,0.75,0.0,0.0
2010-01-25,0.75,0.75,0.75,0.75,0.0,0.0
2010-01-26,0.75,0.75,0.75,0.75,0.0,0.0
2010-01-27,0.75,0.75,0.75,0.75,0.0,0.0
2010-01-28,0.75,0.75,0.75,0.75,0.0,0.0
2010-01-29,0.75,0.75,0.75,0.75,0.0,0.0
2010-02-01,0.75,0.75,0.75,0.75,0.0,0.0
2010-02-02,0.75,0.75,0.75,0.75,0.0,0.0
2010-02-03,0.75,0.75,0.75,0.75,0.0,0.0
2010-02-04,0.75,0.75,0.75,0.75,0.0,0.0
2010-02-05,0.75,0.75,0.75,0.75,0.0,0.0
2010-02-08,0.75,0.75,0.75,0.75,0.0,0.0
2010-02-09,0.75,0.75,0.75,0.75,0.0,0.0
2010-02-10,0.75,0.75,0.75,0.75,0.0,0.0
2010-02-11,0.75,0.75,0.75,0.75,0.0,0.0
2010-02-12,0.75,0.75,0.75,0.75,0.0,0.0
2010-02-15,0.75,0.75,0.75,0.75,0.0,0.0
2010-02-16,0.75,0.75,0.75,0.75,0.0,0.0
2010-02-17,0.75,0.75,0.75,0.75,0.0,0.0
2010-02-18,0.75,0.75,0.75,0.75,0.0,0.0
2010-02-19,0.75,0.75,0.75,0.75,0.0,0.0
2010-02-22,0.75,0.75,0.75,0.75,0.0,0.0
2010-02-23,0.75,0.75,0.75,0.75,0.0,0.0
2010-02-24,0.75,0.75,0.75,0.75,0.0,0.0
2010-02-25,0.75,0.75,0.75,0.75,0.0,0.0
2010-02-26,0.75,0.75,0.75,0.75,0.0,0.0
2010-03-01,0.75,0.75,0.75,0.75,0.0,0.0
2010-03-02,0.75,0.75,0.75,0.75,0.0,0.0
2010-03-03,0.75,0.75,0.75,0.75,0.0,0.0
2010-03-04,0.75,0.75,0.75,0.75,0.0,0.0
2010-03-05,0.75,0.75,0.75,0.75,0.0,0.0
2010-03-08,0.75,0.75,0.75,0.75,0.0,0.0
2010-03-09,0.75,0.75,0.75,0.75,0.0,0.0
2010-03-10,0.75,0.75,0.75,0.75,0.0,0.0
2010-03-11,0.75,0.75,0.75,0.75,0.0,0.0
2010-03-12,0.75,0.75,0.75,0.75,0.0,0.0
2010-03-15,0.75,0.75,0.75,0.75,0.0,0.0
2010-03-16,0.75,0.75,0.75,0.75,0.0,0.0
2010-03-17,0.75,0.75,0.75,0.75,0.0,0.0
2010-03-18,0.75,0.75,0.75,0.75,0.0,0.0
2010-03-19,0.75,0.75,0.75,0.75,0.0,0.0
2010-03-22,0.75,0.75,0.75,0.75,0.0,0.0
2010-03-23,0.75,0.75,0.75,0.75,0.0,0.0
2010-03-24,0.75,0.75,0.75,0.75,0.0,0.0
2010-03-25,0.75,0.75,0.75,0.75,0.0,0.0
2010-03-26,0.75,0.75,0.75,0.75,0.0,0.0
2010-03-29,0.75,0.75,0.75,0.75,0.0,0.0
2010-03-30,0.75,0.75,0.75,0.75,0.0,0.0
2010-03-31,0.75,0.75,0.75,0.75,0.0,0.0
2010-04-01,0.75,0.75,0.75,0.75,0.0,0.0
2010-04-02,0.75,0.75,0.75,0.75,0.0,0.0
2010-04-05,0.75,0.75,0.75,0.75,0.0,0.0
2010-04-06,0.75,0.75,0.75,0.75,0.0,0.0
2010-04-07,0.75,0.75,0.75,0.75,0.0,0.0
2010-04-08,0.75,0.75,0.75,0.75,0.0,0.0
2010-04-09,0.75,0.75,0.75,0.75,0.0,0.0
2010-04-12,0.75,0.75,0.75,0.75,0.0,0.0
2010-04-13,0.75,0.75,0.75,0.75,0.0,0.0
2010-04-14,0.75,0.75,0.75,0.75,0.0,0.0
2010-04-15,0.75,0.75,0.75,0.75,0.0,0.0
2010-04-16,0.75,0.75,0.75,0.75,0.0,0.0
2010-04-19,0.75,0.75,0.75,0.75,0.0,0.0
2010-04-20,0.75,0.75,0.75,0.75,0.0,0.0
2010-04-21,0.75,0.75,0.75,0.75,0.0,0.0
2010-04-22,0.75,0.75,0.75,0.75,0.0,0.0
2010-04-23,0.75,0.75,0.75,0.75,0.0,0.0
2010-04-26,0.75,0.75,0.75,0.75,0.0,0.0
2010-04-27,0.75,0.75,0.75,0.75,0.0,0.0
2010-04-28,0.75,0.75,0.75,0.75,0.0,0.0
2010-04-29,0.75,0.75,0.75,0.75,0.0,0.0
2010-04-30,0.75,0.75,0.75,0.75,0.0,0.0
2010-05-03,0.75,0.75,0.75,0.75,0.0,0.0
2010-05-04,0.75,0.75,0.75,0.75,0.0,0.0
2010-05-05,0.75,0.75,0.75,0.75,0.0,0.0
2010-05-06,0.75,0.75,0.75,0.75,0.0,0.0
2010-05-07,0.75,0.75,0.75,0.75,0.0,0.0
2010-05-10,0.75,0.75,0.75,0.75,0.0,0.0
2010-05-11,0.75,0.75,0.75,0.75,0.0,0.0
2010-05-12,0.75,0.75,0.75,0.75,0.0,0.0
2010-05-13,0.75,0.75,0.75,0.75,0.0,0.0
2010-05-14,0.75,0.75,0.75,0.75,0.0,0.0
2010-05-17,0.75,0.75,0.75,0.75,0.0,0.0
2010-05-18,0.75,0.75,0.75,0.75,0.0,0.0
2010-05-19,0.75,0.75,0.75,0.75,0.0,0.0
2010-05-20,0.75,0.75,0.75,0.75,0.0,0.0
2010-05-21,0.75,0.75,0.75,0.75,0.0,0.0
2010-05-24,0.75,0.75,0.75,0.75,0.0,0.0
2010-05-25,0.75,0.75,0.75,0.75,0.0,0.0
2010-05-26,0.75,0.75,0.75,0.75,0.0,0.0
2010-05-27,0.75,0.75,0.75,0.75,0.0,0.0
2010-05-28,0.75,0.75,0.75,0.75,0.0,0.0
2010-05-31,0.75,0.75,0.75,0.75,0.0,0.0
2010-06-01,0.75,0.75,0.75,0.75,0.0,0.0
2010-06-02,0.75,0.75,0.75,0.75,0.0,0.0
2010-06-03,0.75,0.75,0.75,0.75,0.0,0.0
2010-06-04,0.75,0.75,0.75,0.75,0.0,0.0
2010-06-07,0.75,0.75,0.75,0.75,0.0,0.0
2010-06-08,0.75,0.75,0.75,0.75,0.0,0.0
2010-06-09,0.75,0.75,0.75,0.75,0.0,0.0
2010-06-10,0.75,0.75,0.75,0.75,0.0,0.0
2010-06-11,0.75,0.75,0.75,0.75,0.0,0.0
2010-06-14,0.75,0.75,0.75,0.75,0.0,0.0
2010-06-15,0.75,0.75,0.75,0.75,0.0,0.0
2010-06-16,0.75,0.75,0.75,0.75,0.0,0.0
2010-06-17,0.75,0.75,0.75,0.75,0.0,0.0
2010-06-18,0.75,0.75,0.75,0.75,0.0,0.0
2010-06-21,0.75,0.75,0.75,0.75,0.0,0.0
2010-06-22,0.75,0.75,0.75,0.75,0.0,0.0
2010-06-23,0.75,0.75,0.75,0.75,0.0,0.0
2010-06-24,0.75,0.75,0.75,0.75,0.0,0.0
2010-06-25,0.75,0.75,0.75,0.75,0.0,0.0
2010-06-28,0.75,0.75,0.75,0.75,0.0,0.0
2010-06-29,0.75,0.75,0.75,0.75,0.0,0.0
2010-06-30,0.75,0.75,0.75,0.75,0.0,0.0
2010-07-01,0.75,0.75,0.75,0.75,0.0,0.0
2010-07-02,0.75,0.75,0.75,0.75,0.0,0.0
2010-07-05,0.75,0.75,0.75,0.75,0.0,0.0
2010-07-06,0.75,0.75,0.75,0.75,0.0,0.0
2010-07-07,0.75,0.75,0.75,0.75,0.0,0.0
2010-07-08,0.75,0.75,0.75,0.75,0.0,0.0
2010-07-09,0.75,0.75,0.75,0.75,0.0,0.0
2010-07-12,0.75,0.75,0.75,0.75,0.0,0.0
2010-07-13,0.75,0.75,0.75,0.75,0.0,0.0
2010-07-14,0.75,0.75,0.75,0.75,0.0,0.0
2010-07-15,0.75,0.75,0.75,0.75,0.0,0.0
2010-07-16,0.75,0.75,0.75,0.75,0.0,0.0
2010-07-19,0.75,0.75,0.75,0.75,0.0,0.0
2010-07-20,0.75,0.75,0.75,0.75,0.0,0.0
2010-07-21,0.75,0.75,0.75,0.75,0.0,0.0
2010-07-22,0.75,0.75,0.75,0.75,0.0,0.0
2010-07-23,0.75,0.75,0.75,0.75,0.0,0.0
2010-07-26,0.75,0.75,0.75,0.75,0.0,0.0
2010-07-27,0.75,0.75,0.75,0.75,0.0,0.0
2010-07-28,0.75,0.75,0.75,0.75,0.0,0.0
2010-07-29,0.75,0.75,0.75,0.75,0.0,0.0
2010-07-30,0.75,0.75,0.75,0.75,0.0,0.0
2010-08-02,0.75,0.75,0.75,0.75,0.0,0.0
2010-08-03,0.75,0.75,0.75,0.75,0.0,0.0
2010-08-04,0.75,0.75,0.75,0.75,0.0,0.0
2010-08-05,0.75,0.75,0.75,0.75,0.0,0.0
2010-08-06,0.75,0.75,0.75,0.75,0.0,0.0
2010-08-09,0.75,0.75,0.75,0.75,0.0,0.0
2010-08-10,0.75,0.75,0.75,0.75,0.0,0.0
2010-08-11,0.75,0.75,0.75,0.75,0.0,0.0
2010-08-12,0.75,0.75,0.75,0.75,0.0,0.0
2010-08-13,0.75,0.75,0.75,0.75,0.0,0.0
2010-08-16,0.75,0.75,0.75,0.75,0.0,0.0
2010-08-17,0.75,0.75,0.75,0.75,0.0,0.0
2010-08-18,0.75,0.75,0.75,0.75,0.0,0.0
2010-08-19,0.75,0.75,0.75,0.75,0.0,0.0
2010-08-20,0.75,0.75,0.75,0.75,0.0,0.0
2010-08-23,0.75,0.75,0.75,0.75,0.0,0.0
2010-08-24,0.75,0.75,0.75,0.75,0.0,0.0
2010-08-25,0.75,0.75,0.75,0.75,0.0,0.0
2010-08-26,0.75,0.75,0.75,0.75,0.0,0.0
2010-08-27,0.75,0.75,0.75,0.75,0.0,0.0
2010-08-30,0.75,0.75,0.75,0.75,0.0,0.0
2010-08-31,0.75,0.75,0.75,0.75,0.0,0.0
2010-09-01,0.75,0.75,0.75,0.75,0.0,0.0
2010-09-02,0.75,0.75,0.75,0.75,0.0,0.0
2010-09-03,0.75,0.75,0.75,0.75,0.0,0.0
2010-09-06,0.75,0.75,0.75,0.75,0.0,0.0
2010-09-07,0.75,0.75,0.75,0.75,0.0,0.0
2010-09-08,0.75,0.75,0.75,0.75,0.0,0.0
2010-09-09,0.75,0.75,0.75,0.75,0.0,0.0
2010-09-10,0.75,0.75,0.75,0.75,0.0,0.0
2010-09-13,0.75,0.75,0.75,0.75,0.0,0.0
2010-09-14,0.75,0.75,0.75,0.75,0.0,0.0
2010-09-15,0.75,0.75,0.75,0.75,0.0,0.0
2010-09-16,0.75,0.75,0.75,0.75,0.0,0.0
2010-09-17,0.75,0.75,0.75,0.75,0.0,0.0
2010-09-20,0.75,0.75,0.75,0.75,0.0,0.0
2010-09-21,0.75,0.75,0.75,0.75,0.0,0.0
2010-09-22,0.75,0.75,0.75,0.75,0.0,0.0
2010-09-23,0.75,0.75,0.75,0.75,0.0,0.0
2010-09-24,0.75,0.75,0.75,0.75,0.0,0.0
2010-09-27,0.75,0.75,0.75,0.75,0.0,0.0
2010-09-28,0.75,0.75,0.75,0.75,0.0,0.0
2010-09-29,0.75,0.75,0.75,0.75,0.0,0.0
2010-09-30,0.75,0.75,0.75,0.75,0.0,0.0
2010-10-01,0.75,0.75,0.75,0.75,0.0,0.0
2010-10-02,0.75,0.75,0.75,0.75,0.0,0.0
2010-10-04,0.75,0.75,0.75,0.75,0.0,0.0
2010-10-05,0.75,0.75,0.75,0.75,0.0,0.0
2010-10-06,0.75,0.75,0.75,0.75,0.0,0.0
2010-10-07,0.75,0.75,0.75,0.75,0.0,0.0
2010-10-08,0.75,0.75,0.75,0.75,0.0,0.0
2010-10-11,0.75,0.75,0.75,0.75,0.0,0.0
2010-10-12,0.75,0.75,0.75,0.75,0.0,0.0
2010-10-13,0.75,0.75,0.75,0.75,0.0,0.0
2010-10-14,0.75,0.75,0.75,0.75,0.0,0.0
2010-10-15,0.75,0.75,0.75,0.75,0.0,0.0
2010-10-18,0.75,0.75,0.75,0.75,0.0,0.0
2010-10-19,0.75,0.75,0.75,0.75,0.0,0.0
2010-10-20,0.75,0.75,0.75,0.75,0.0,0.0
2010-10-21,0.75,0.75,0.75,0.75,0.0,0.0
2010-10-22,0.75,0.75,0.75,0.75,0.0,0.0
2010-10-25,0.75,0.75,0.75,0.75,0.0,0.0
2010-10-26,0.75,0.75,0.75,0.75,0.0,0.0
2010-10-27,0.75,0.75,0.75,0.75,0.0,0.0
2010-10-28,0.75,0.75,0.75,0.75,0.0,0.0
2010-10-29,0.75,0.75,0.75,0.75,0.0,0.0
2010-11-01,0.75,0.75,0.75,0.75,0.0,0.0
2010-11-02,0.75,0.75,0.75,0.75,0.0,0.0
2010-11-03,0.75,0.75,0.75,0.75,0.0,0.0
2010-11-04,0.75,0.75,0.75,0.75,0.0,0.0
2010-11-05,0.75,0.75,0.75,0.75,0.0,0.0
2010-11-08,0.75,0.75,0.75,0.75,0.0,0.0
2010-11-09,0.75,0.75,0.75,0.75,0.0,0.0
2010-11-10,0.75,0.75,0.75,0.75,0.0,0.0
2010-11-11,0.75,0.75,0.75,0.75,0.0,0.0
2010-11-12,0.75,0.75,0.75,0.75,0.0,0.0
2010-11-15,0.75,0.75,0.75,0.75,0.0,0.0
2010-11-16,0.75,0.75,0.75,0.75,0.0,0.0
2010-11-17,0.75,0.75,0.75,0.75,0.0,0.0
2010-11-18,0.75,0.75,0.75,0.75,0.0,0.0
2010-11-19,0.75,0.75,0.75,0.75,0.0,0.0
2010-11-22,0.75,0.75,0.75,0.75,0.0,0.0
2010-11-23,0.75,0.75,0.75,0.75,0.0,0.0
2010-11-24,0.75,0.75,0.75,0.75,0.0,0.0
2010-11-25,0.75,0.75,0.75,0.75,0.0,0.0
2010-11-26,0.75,0.75,0.75,0.75,0.0,0.0
2010-11-29,0.75,0.75,0.75,0.75,0.0,0.0
2010-11-30,0.75,0.75,0.75,0.75,0.0,0.0
2010-12-01,0.75,0.75,0.75,0.75,0.0,0.0
2010-12-02,0.75,0.75,0.75,0.75,0.0,0.0
2010-12-03,0.75,0.75,0.75,0.75,0.0,0.0
2010-12-06,0.75,0.75,0.75,0.75,0.0,0.0
2010-12-07,0.75,0.75,0.75,0.75,0.0,0.0
2010-12-08,0.75,0.75,0.75,0.75,0.0,0.0
2010-12-09,0.75,0.75,0.75,0.75,0.0,0.0
2010-12-10,0.75,0.75,0.75,0.75,0.0,0.0
2010-12-13,0.75,0.75,0.75,0.75,0.0,0.0
2010-12-14,0.75,0.75,0.75,0.75,0.0,0.0
2010-12-15,0.75,0.75,0.75,0.75,0.0,0.0
2010-12-16,0.75,0.75,0.75,0.75,0.0,0.0
2010-12-17,0.75,0.75,0.75,0.75,0.0,0.0
2010-12-20,0.75,0.75,0.75,0.75,0.0,0.0
2010-12-21,0.75,0.75,0.75,0.75,0.0,0.0
2010-12-22,0.75,0.75,0.75,0.75,0.0,0.0
2010-12-23,0.75,0.75,0.75,0.75,0.0,0.0
2010-12-24,0.75,0.75,0.75,0.75,0.0,0.0
2010-12-27,0.75,0.75,0.75,0.75,0.0,0.0
2010-12-28,0.75,0.75,0.75,0.75,0.0,0.0
2010-12-29,0.75,0.75,0.75,0.75,0.0,0.0
2010-12-30,0.75,0.75,0.75,0.75,0.0,0.0
2010-12-31,0.75,0.75,0.75,0.75,0.0,0.0
2011-01-03,0.75,0.75,0.75,0.75,0.0,0.0
2011-01-04,0.75,0.75,0.75,0.75,0.0,0.0
2011-01-05,0.75,0.75,0.75,0.75,0.0,0.0
2011-01-06,0.75,0.75,0.75,0.75,0.0,0.0
2011-01-07,0.75,0.75,0.75,0.75,0.0,0.0
2011-01-10,0.75,0.75,0.75,0.75,0.0,0.0
2011-01-11,0.75,0.75,0.75,0.75,0.0,0.0
2011-01-12,0.75,0.75,0.75,0.75,0.0,0.0
2011-01-13,0.75,0.75,0.75,0.75,0.0,0.0
2011-01-14,0.75,0.75,0.75,0.75,0.0,0.0
2011-01-17,0.75,0.75,0.75,0.75,0.0,0.0
2011-01-18,0.75,0.75,0.75,0.75,0.0,0.0
2011-01-19,0.75,0.75,0.75,0.75,0.0,0.0
2011-01-20,0.75,0.75,0.75,0.75,0.0,0.0
2011-01-21,0.75,0.75,0.75,0.75,0.0,0.0
2011-01-24,0.75,0.75,0.75,0.75,0.0,0.0
2011-01-25,0.75,0.75,0.75,0.75,0.0,0.0
2011-01-26,0.75,0.75,0.75,0.75,0.0,0.0
2011-01-27,0.75,0.75,0.75,0.75,0.0,0.0
2011-01-28,0.75,0.75,0.75,0.75,0.0,0.0
2011-01-31,0.75,0.75,0.75,0.75,0.0,0.0
2011-02-01,0.75,0.75,0.75,0.75,0.0,0.0
2011-02-02,0.75,0.75,0.75,0.75,0.0,0.0
2011-02-03,0.75,0.75,0.75,0.75,0.0,0.0
2011-02-04,0.75,0.75,0.75,0.75,0.0,0.0
2011-02-07,0.75,0.75,0.75,0.75,0.0,0.0
2011-02-08,0.75,0.75,0.75,0.75,0.0,0.0
2011-02-09,0.75,0.75,0.75,0.75,0.0,0.0
2011-02-10,0.75,0.75,0.75,0.75,0.0,0.0
2011-02-11,0.75,0.75,0.75,0.75,0.0,0.0
2011-02-14,0.75,0.75,0.75,0.75,0.0,0.0
2011-02-15,0.75,0.75,0.75,0.75,0.0,0.0
2011-02-16,0.75,0.75,0.75,0.75,0.0,0.0
2011-02-17,0.75,0.75,0.75,0.75,0.0,0.0
2011-02-18,0.75,0.75,0.75,0.75,0.0,0.0
2011-02-21,0.75,0.75,0.75,0.75,0.0,0.0
2011-02-22,0.75,0.75,0.75,0.75,0.0,0.0
2011-02-23,0.75,0.75,0.75,0.75,0.0,0.0
2011-02-24,0.75,0.75,0.75,0.75,0.0,0.0
2011-02-25,0.75,0.75,0.75,0.75,0.0,0.0
2011-02-28,0.75,0.75,0.75,0.75,0.0,0.0
2011-03-01,0.75,0.75,0.75,0.75,0.0,0.0
2011-03-02,0.75,0.75,0.75,0.75,0.0,0.0
2011-03-03,0.75,0.75,0.75,0.75,0.0,0.0
2011-03-04,0.75,0.75,0.75,0.75,0.0,0.0
2011-03-07,0.75,0.75,0.75,0.75,0.0,0.0
2011-03-08,0.75,0.75,0.75,0.75,0.0,0.0
2011-03-09,0.75,0.75,0.75,0.75,0.0,0.0
2011-03-10,0.75,0.75,0.75,0.75,0.0,0.0
2011-03-11,0.75,0.75,0.75,0.75,0.0,0.0
2011-03-14,0.75,0.75,0.75,0.75,0.0,0.0
2011-03-15,0.75,0.75,0.75,0.75,0.0,0.0
2011-03-16,0.75,0.75,0.75,0.75,0.0,0.0
2011-03-17,0.75,0.75,0.75,0.75,0.0,0.0
2011-03-18,0.75,0.75,0.75,0.75,0.0,0.0
2011-03-19,0.75,0.75,0.75,0.75,0.0,0.0
2011-03-21,0.75,0.75,0.75,0.75,0.0,0.0
2011-03-22,0.75,0.75,0.75,0.75,0.0,0.0
2011-03-23,0.75,0.75,0.75,0.75,0.0,0.0
2011-03-24,0.75,0.75,0.75,0.75,0.0,0.0
2011-03-25,0.75,0.75,0.75,0.75,0.0,0.0
2011-03-28,0.75,0.75,0.75,0.75,0.0,0.0
2011-03-29,0.75,0.75,0.75,0.75,0.0,0.0
2011-03-30,0.75,0.75,0.75,0.75,0.0,0.0
2011-03-31,0.75,0.75,0.75,0.75,0.0,0.0
2011-04-01,0.75,0.75,0.75,0.75,0.0,0.0
2011-04-04,0.75,0.75,0.75,0.75,0.0,0.0
2011-04-05,0.75,0.75,0.75,0.75,0.0,0.0
2011-04-06,0.75,0.75,0.75,0.75,0.0,0.0
2011-04-07,0.75,0.75,0.75,0.75,0.0,0.0
2011-04-08,0.75,0.75,0.75,0.75,0.0,0.0
2011-04-11,0.75,0.75,0.75,0.75,0.0,0.0
2011-04-12,0.75,0.75,0.75,0.75,0.0,0.0
2011-04-13,0.75,0.75,0.75,0.75,0.0,0.0
2011-04-14,0.75,0.75,0.75,0.75,0.0,0.0
2011-04-15,0.75,0.75,0.75,0.75,0.0,0.0
2011-04-18,0.75,0.75,0.75,0.75,0.0,0.0
2011-04-19,0.75,0.75,0.75,0.75,0.0,0.0
2011-04-20,0.75,0.75,0.75,0.75,0.0,0.0
2011-04-21,0.75,0.75,0.75,0.75,0.0,0.0
2011-04-26,0.75,0.75,0.75,0.75,0.0,0.0
2011-04-27,0.75,0.75,0.75,0.75,0.0,0.0
2011-04-28,0.75,0.75,0.75,0.75,0.0,0.0
2011-04-29,0.75,0.75,0.75,0.75,0.0,0.0
2011-05-02,0.75,0.75,0.75,0.75,0.0,0.0
2011-05-03,0.75,0.75,0.75,0.75,0.0,0.0
2011-05-04,0.75,0.75,0.75,0.75,0.0,0.0
2011-05-05,0.75,0.75,0.75,0.75,0.0,0.0
2011-05-06,0.75,0.75,0.75,0.75,0.0,0.0
2011-05-09,0.75,0.75,0.75,0.75,0.0,0.0
2011-05-10,0.75,0.75,0.75,0.75,0.0,0.0
2011-05-11,0.75,0.75,0.75,0.75,0.0,0.0
2011-05-12,0.75,0.75,0.75,0.75,0.0,0.0
2011-05-13,0.75,0.75,0.75,0.75,0.0,0.0
2011-05-16,0.75,0.75,0.75,0.75,0.0,0.0
2011-05-17,0.75,0.75,0.75,0.75,0.0,0.0
2011-05-18,0.75,0.75,0.75,0.75,0.0,0.0
2011-05-19,0.75,0.75,0.75,0.75,0.0,0.0
2011-05-20,0.75,0.75,0.75,0.75,0.0,0.0
2011-05-23,0.75,0.75,0.75,0.75,0.0,0.0
2011-05-24,0.75,0.75,0.75,0.75,0.0,0.0
2011-05-25,0.75,0.75,0.75,0.75,0.0,0.0
2011-05-26,0.75,0.75,0.75,0.75,0.0,0.0
2011-05-27,0.75,0.75,0.75,0.75,0.0,0.0
2011-05-30,0.75,0.75,0.75,0.75,0.0,0.0
2011-05-31,0.75,0.75,0.75,0.75,0.0,0.0
2011-06-01,0.75,0.75,0.75,0.75,0.0,0.0
2011-06-02,0.75,0.75,0.75,0.75,0.0,0.0
2011-06-03,0.75,0.75,0.75,0.75,0.0,0.0
2011-06-06,0.75,0.75,0.75,0.75,0.0,0.0
2011-06-07,0.75,0.75,0.75,0.75,0.0,0.0
2011-06-08,0.75,0.75,0.75,0.75,0.0,0.0
2011-06-09,0.75,0.75,0.75,0.75,0.0,0.0
2011-06-10,0.75,0.75,0.75,0.75,0.0,0.0
2011-06-13,0.75,0.75,0.75,0.75,0.0,0.0
2011-06-14,0.75,0.75,0.75,0.75,0.0,0.0
2011-06-15,0.75,0.75,0.75,0.75,0.0,0.0
2011-06-16,0.75,0.75,0.75,0.75,0.0,0.0
2011-06-17,0.75,0.75,0.75,0.75,0.0,0.0
2011-06-20,0.75,0.75,0.75,0.75,0.0,0.0
2011-06-21,0.75,0.75,0.75,0.75,0.0,0.0
2011-06-22,0.75,0.75,0.75,0.75,0.0,0.0
2011-06-23,0.75,0.75,0.75,0.75,0.0,0.0
2011-06-24,0.75,0.75,0.75,0.75,0.0,0.0
2011-06-27,0.75,0.75,0.75,0.75,0.0,0.0
2011-06-28,0.75,0.75,0.75,0.75,0.0,0.0
2011-06-29,0.75,0.75,0.75,0.75,0.0,0.0
2011-06-30,0.75,0.75,0.75,0.75,0.0,0.0
2011-07-01,0.75,0.75,0.75,0.75,0.0,0.0
2011-07-04,0.75,0.75,0.75,0.75,0.0,0.0
2011-07-05,0.75,0.75,0.75,0.75,0.0,0.0
2011-07-06,0.75,0.75,0.75,0.75,0.0,0.0
2011-07-07,0.75,0.75,0.75,0.75,0.0,0.0
2011-07-08,0.75,0.75,0.75,0.75,0.0,0.0
2011-07-11,0.75,0.75,0.75,0.75,0.0,0.0
2011-07-12,0.75,0.75,0.75,0.75,0.0,0.0
2011-07-13,0.75,0.75,0.75,0.75,0.0,0.0
2011-07-14,0.75,0.75,0.75,0.75,0.0,0.0
2011-07-15,0.75,0.75,0.75,0.75,0.0,0.0
2011-07-18,0.75,0.75,0.75,0.75,0.0,0.0
2011-07-19,0.75,0.75,0.75,0.75,0.0,0.0
2011-07-20,0.75,0.75,0.75,0.75,0.0,0.0
2011-07-21,0.75,0.75,0.75,0.75,0.0,0.0
2011-07-22,0.75,0.75,0.75,0.75,0.0,0.0
2011-07-23,0.75,0.75,0.75,0.75,0.0,0.0
2011-07-25,0.75,0.75,0.75,0.75,0.0,0.0
2011-07-26,0.75,0.75,0.75,0.75,0.0,0.0
2011-07-27,0.75,0.75,0.75,0.75,0.0,0.0
2011-07-28,0.75,0.75,0.75,0.75,0.0,0.0
2011-07-29,0.75,0.75,0.75,0.75,0.0,0.0
2011-08-01,0.75,0.75,0.75,0.75,0.0,0.0
2011-08-02,0.75,0.75,0.75,0.75,0.0,0.0
2011-08-03,0.75,0.75,0.75,0.75,0.0,0.0
2011-08-04,0.75,0.75,0.75,0.75,0.0,0.0
2011-08-05,0.75,0.75,0.75,0.75,0.0,0.0
2011-08-08,0.75,0.75,0.75,0.75,0.0,0.0
2011-08-09,0.75,0.75,0.75,0.75,0.0,0.0
2011-08-10,0.75,0.75,0.75,0.75,0.0,0.0
2011-08-11,0.75,0.75,0.75,0.75,0.0,0.0
2011-08-12,0.75,0.75,0.75,0.75,0.0,0.0
2011-08-15,0.75,0.75,0.75,0.75,0.0,0.0
2011-08-16,0.75,0.75,0.75,0.75,0.0,0.0
2011-08-17,0.75,0.75,0.75,0.75,0.0,0.0
2011-08-18,0.75,0.75,0.75,0.75,0.0,0.0
2011-08-19,0.75,0.75,0.75,0.75,0.0,0.0
2011-08-22,0.75,0.75,0.75,0.75,0.0,0.0
2011-08-23,0.75,0.75,0.75,0.75,0.0,0.0
2011-08-24,0.75,0.75,0.75,0.75,0.0,0.0
2011-08-25,0.75,0.75,0.75,0.75,0.0,0.0
2011-08-26,0.75,0.75,0.75,0.75,0.0,0.0
2011-08-29,0.75,0.75,0.75,0.75,0.0,0.0
2011-08-30,0.75,0.75,0.75,0.75,0.0,0.0
2011-08-31,0.75,0.75,0.75,0.75,0.0,0.0
2011-09-01,0.75,0.75,0.75,0.75,0.0,0.0
2011-09-02,0.75,0.75,0.75,0.75,0.0,0.0
2011-09-05,0.75,0.75,0.75,0.75,0.0,0.0
2011-09-06,0.75,0.75,0.75,0.75,0.0,0.0
2011-09-07,0.75,0.75,0.75,0.75,0.0,0.0
2011-09-08,0.75,0.75,0.75,0.75,0.0,0.0
2011-09-09,0.75,0.75,0.75,0.75,0.0,0.0
2011-09-12,0.75,0.75,0.75,0.75,0.0,0.0
2011-09-13,0.75,0.75,0.75,0.75,0.0,0.0
2011-09-14,0.75,0.75,0.75,0.75,0.0,0.0
2011-09-15,0.75,0.75,0.75,0.75,0.0,0.0
2011-09-16,0.75,0.75,0.75,0.75,0.0,0.0
2011-09-19,0.75,0.75,0.75,0.75,0.0,0.0
2011-09-20,0.75,0.75,0.75,0.75,0.0,0.0
2011-09-21,0.75,0.75,0.75,0.75,0.0,0.0
2011-09-22,0.75,0.75,0.75,0.75,0.0,0.0
2011-09-23,0.75,0.75,0.75,0.75,0.0,0.0
2011-09-26,0.75,0.75,0.75,0.75,0.0,0.0
2011-09-27,0.75,0.75,0.75,0.75,0.0,0.0
2011-09-28,0.75,0.75,0.75,0.75,0.0,0.0
2011-09-29,0.75,0.75,0.75,0.75,0.0,0.0
2011-09-30,0.75,0.75,0.75,0.75,0.0,0.0
2011-10-03,0.75,0.75,0.75,0.75,0.0,0.0
2011-10-04,0.75,0.75,0.75,0.75,0.0,0.0
2011-10-05,0.75,0.75,0.75,0.75,0.0,0.0
2011-10-06,0.75,0.75,0.75,0.75,0.0,0.0
2011-10-07,0.75,0.75,0.75,0.75,0.0,0.0
2011-10-10,0.75,0.75,0.75,0.75,0.0,0.0
2011-10-11,0.75,0.75,0.75,0.75,0.0,0.0
2011-10-12,0.75,0.75,0.75,0.75,0.0,0.0
2011-10-13,0.75,0.75,0.75,0.75,0.0,0.0
2011-10-14,0.75,0.75,0.75,0.75,0.0,0.0
2011-10-17,0.75,0.75,0.75,0.75,0.0,0.0
2011-10-18,0.75,0.75,0.75,0.75,0.0,0.0
2011-10-19,0.75,0.75,0.75,0.75,0.0,0.0
2011-10-20,0.75,0.75,0.75,0.75,0.0,0.0
2011-10-21,0.75,0.75,0.75,0.75,0.0,0.0
2011-10-24,0.75,0.75,0.75,0.75,0.0,0.0
2011-10-25,0.75,0.75,0.75,0.75,0.0,0.0
2011-10-26,0.75,0.75,0.75,0.75,0.0,0.0
2011-10-27,0.75,0.75,0.75,0.75,0.0,0.0
2011-10-28,0.75,0.75,0.75,0.75,0.0,0.0
2011-10-31,0.75,0.75,0.75,0.75,0.0,0.0
2011-11-01,0.75,0.75,0.75,0.75,0.0,0.0
2011-11-02,0.75,0.75,0.75,0.75,0.0,0.0
2011-11-03,0.75,0.75,0.75,0.75,0.0,0.0
2011-11-04,0.75,0.75,0.75,0.75,0.0,0.0
2011-11-07,0.75,0.75,0.75,0.75,0.0,0.0
2011-11-08,0.75,0.75,0.75,0.75,0.0,0.0
2011-11-09,0.75,0.75,0.75,0.75,0.0,0.0
2011-11-10,0.75,0.75,0.75,0.75,0.0,0.0
2011-11-11,0.75,0.75,0.75,0.75,0.0,0.0
2011-11-14,0.75,0.75,0.75,0.75,0.0,0.0
2011-11-15,0.75,0.75,0.75,0.75,0.0,0.0
2011-11-16,0.75,0.75,0.75,0.75,0.0,0.0
2011-11-17,0.75,0.75,0.75,0.75,0.0,0.0
2011-11-18,0.75,0.75,0.75,0.75,0.0,0.0
2011-11-21,0.75,0.75,0.75,0.75,0.0,0.0
2011-11-22,0.75,0.75,0.75,0.75,0.0,0.0
2011-11-23,0.75,0.75,0.75,0.75,0.0,0.0
2011-11-24,0.75,0.75,0.75,0.75,0.0,0.0
2011-11-25,0.75,0.75,0.75,0.75,0.0,0.0
2011-11-28,0.75,0.75,0.75,0.75,0.0,0.0
2011-11-29,0.75,0.75,0.75,0.75,0.0,0.0
2011-11-30,0.75,0.75,0.75,0.75,0.0,0.0
2011-12-01,0.75,0.75,0.75,0.75,0.0,0.0
2011-12-02,0.75,0.75,0.75,0.75,0.0,0.0
2011-12-05,0.75,0.75,0.75,0.75,0.0,0.0
2011-12-06,0.75,0.75,0.75,0.75,0.0,0.0
2011-12-07,0.75,0.75,0.75,0.75,0.0,0.0
2011-12-08,0.75,0.75,0.75,0.75,0.0,0.0
2011-12-09,0.75,0.75,0.75,0.75,0.0,0.0
2011-12-12,0.75,0.75,0.75,0.75,0.0,0.0
2011-12-13,0.75,0.75,0.75,0.75,0.0,0.0
2011-12-14,0.75,0.75,0.75,0.75,0.0,0.0
2011-12-15,0.75,0.75,0.75,0.75,0.0,0.0
2011-12-16,0.75,0.75,0.75,0.75,0.0,0.0
2011-12-19,0.75,0.75,0.75,0.75,0.0,0.0
2011-12-20,0.75,0.75,0.75,0.75,0.0,0.0
2011-12-21,0.75,0.75,0.75,0.75,0.0,0.0
2011-12-22,0.75,0.75,0.75,0.75,0.0,0.0
2011-12-23,0.75,0.75,0.75,0.75,0.0,0.0
2011-12-27,0.75,0.75,0.75,0.75,0.0,0.0
2011-12-28,0.75,0.75,0.75,0.75,0.0,0.0
2011-12-29,0.75,0.75,0.75,0.75,0.0,0.0
2011-12-30,0.75,0.75,0.75,0.75,0.0,0.0
2012-01-02,0.75,0.75,0.75,0.75,0.0,0.0
2012-01-03,0.75,0.75,0.75,0.75,0.0,0.0
2012-01-04,0.75,0.75,0.75,0.75,0.0,0.0
2012-01-05,0.75,0.75,0.75,0.75,0.0,0.0
2012-01-06,0.75,0.75,0.75,0.75,0.0,0.0
2012-01-09,0.75,0.75,0.75,0.75,0.0,0.0
2012-01-10,0.75,0.75,0.75,0.75,0.0,0.0
2012-01-11,0.75,0.75,0.75,0.75,0.0,0.0
2012-01-12,0.75,0.75,0.75,0.75,0.0,0.0
2012-01-13,0.75,0.75,0.75,0.75,0.0,0.0
2012-01-16,0.75,0.75,0.75,0.75,0.0,0.0
2012-01-17,0.75,0.75,0.75,0.75,0.0,0.0
2012-01-18,0.75,0.75,0.75,0.75,0.0,0.0
2012-01-19,0.75,0.75,0.75,0.75,0.0,0.0
2012-01-20,0.75,0.75,0.75,0.75,0.0,0.0
2012-01-23,0.75,0.75,0.75,0.75,0.0,0.0
2012-01-24,0.75,0.75,0.75,0.75,0.0,0.0
2012-01-25,0.75,0.75,0.75,0.75,0.0,0.0
2012-01-26,0.75,0.75,0.75,0.75,0.0,0.0
2012-01-27,0.75,0.75,0.75,0.75,0.0,0.0
2012-01-30,0.75,0.75,0.75,0.75,0.0,0.0
2012-01-31,0.75,0.75,0.75,0.75,0.0,0.0
2012-02-01,0.75,0.75,0.75,0.75,0.0,0.0
2012-02-02,0.75,0.75,0.75,0.75,0.0,0.0
2012-02-03,0.75,0.75,0.75,0.75,0.0,0.0
2012-02-05,0.75,0.75,0.75,0.75,0.0,0.0
2012-02-06,0.75,0.75,0.75,0.75,0.0,0.0
2012-02-07,0.75,0.75,0.75,0.75,0.0,0.0
2012-02-08,0.75,0.75,0.75,0.75,0.0,0.0
2012-02-09,0.75,0.75,0.75,0.75,0.0,0.0
2012-02-10,0.75,0.75,0.75,0.75,0.0,0.0
2012-02-13,0.75,0.75,0.75,0.75,0.0,0.0
2012-02-14,0.75,0.75,0.75,0.75,0.0,0.0
2012-02-15,0.75,0.75,0.75,0.75,0.0,0.0
2012-02-16,0.75,0.75,0.75,0.75,0.0,0.0
2012-02-17,0.75,0.75,0.75,0.75,0.0,0.0
2012-02-20,0.75,0.75,0.75,0.75,0.0,0.0
2012-02-21,0.75,0.75,0.75,0.75,0.0,0.0
2012-02-22,0.75,0.75,0.75,0.75,0.0,0.0
2012-02-23,0.75,0.75,0.75,0.75,0.0,0.0
2012-02-24,0.75,0.75,0.75,0.75,0.0,0.0
2012-02-27,0.75,0.75,0.75,0.75,0.0,0.0
2012-02-28,0.75,0.75,0.75,0.75,0.0,0.0
2012-02-29,0.75,0.75,0.75,0.75,0.0,0.0
2012-03-01,0.75,0.75,0.75,0.75,0.0,0.0
2012-03-02,0.75,0.75,0.75,0.75,0.0,0.0
2012-03-05,0.75,0.75,0.75,0.75,0.0,0.0
2012-03-06,0.75,0.75,0.75,0.75,0.0,0.0
2012-03-07,0.75,0.75,0.75,0.75,0.0,0.0
2012-03-08,0.75,0.75,0.75,0.75,0.0,0.0
2012-03-09,0.75,0.75,0.75,0.75,0.0,0.0
2012-03-12,0.75,0.75,0.75,0.75,0.0,0.0
2012-03-13,0.75,0.75,0.75,0.75,0.0,0.0
2012-03-14,0.75,0.75,0.75,0.75,0.0,0.0
2012-03-15,0.75,0.75,0.75,0.75,0.0,0.0
2012-03-16,0.75,0.75,0.75,0.75,0.0,0.0
2012-03-19,0.75,0.75,0.75,0.75,0.0,0.0
2012-03-20,0.75,0.75,0.75,0.75,0.0,0.0
2012-03-21,0.75,0.75,0.75,0.75,0.0,0.0
2012-03-22,0.75,0.75,0.75,0.75,0.0,0.0
2012-03-23,0.75,0.75,0.75,0.75,0.0,0.0
2012-03-26,0.75,0.75,0.75,0.75,0.0,0.0
2012-03-27,0.75,0.75,0.75,0.75,0.0,0.0
2012-03-28,0.75,0.75,0.75,0.75,0.0,0.0
2012-03-29,0.75,0.75,0.75,0.75,0.0,0.0
2012-03-30,0.75,0.75,0.75,0.75,0.0,0.0
2012-04-02,0.75,0.75,0.75,0.75,0.0,0.0
2012-04-03,0.75,0.75,0.75,0.75,0.0,0.0
2012-04-04,0.75,0.75,0.75,0.75,0.0,0.0
2012-04-05,0.75,0.75,0.75,0.75,0.0,0.0
2012-04-08,0.75,0.75,0.75,0.75,0.0,0.0
2012-04-09,0.75,0.75,0.75,0.75,0.0,0.0
2012-04-10,0.75,0.75,0.75,0.75,0.0,0.0
2012-04-11,0.75,0.75,0.75,0.75,0.0,0.0
2012-04-12,0.75,0.75,0.75,0.75,0.0,0.0
2012-04-13,0.75,0.75,0.75,0.75,0.0,0.0
2012-04-16,0.75,0.75,0.75,0.75,0.0,0.0
2012-04-17,0.75,0.75,0.75,0.75,0.0,0.0
2012-04-18,0.75,0.75,0.75,0.75,0.0,0.0
2012-04-19,0.75,0.75,0.75,0.75,0.0,0.0
2012-04-20,0.75,0.75,0.75,0.75,0.0,0.0
2012-04-23,0.75,0.75,0.75,0.75,0.0,0.0
2012-04-24,0.75,0.75,0.75,0.75,0.0,0.0
2012-04-25,0.75,0.75,0.75,0.75,0.0,0.0
2012-04-26,0.75,0.75,0.75,0.75,0.0,0.0
2012-04-27,0.75,0.75,0.75,0.75,0.0,0.0
2012-04-30,0.75,0.75,0.75,0.75,0.0,0.0
2012-05-01,0.75,0.75,0.75,0.75,0.0,0.0
2012-05-02,0.75,0.75,0.75,0.75,0.0,0.0
2012-05-03,0.75,0.75,0.75,0.75,0.0,0.0
2012-05-04,0.75,0.75,0.75,0.75,0.0,0.0
2012-05-07,0.75,0.75,0.75,0.75,0.0,0.0
2012-05-08,0.75,0.75,0.75,0.75,0.0,0.0
2012-05-09,0.75,0.75,0.75,0.75,0.0,0.0
2012-05-10,0.75,0.75,0.75,0.75,0.0,0.0
2012-05-11,0.75,0.75,0.75,0.75,0.0,0.0
2012-05-14,0.75,0.75,0.75,0.75,0.0,0.0
2012-05-15,0.75,0.75,0.75,0.75,0.0,0.0
2012-05-16,0.75,0.75,0.75,0.75,0.0,0.0
2012-05-17,0.75,0.75,0.75,0.75,0.0,0.0
2012-05-18,0.75,0.75,0.75,0.75,0.0,0.0
2012-05-21,0.75,0.75,0.75,0.75,0.0,0.0
2012-05-22,0.75,0.75,0.75,0.75,0.0,0.0
2012-05-23,0.75,0.75,0.75,0.75,0.0,0.0
2012-05-24,0.75,0.75,0.75,0.75,0.0,0.0
2012-05-25,0.75,0.75,0.75,0.75,0.0,0.0
2012-05-28,0.75,0.75,0.75,0.75,0.0,0.0
2012-05-29,0.75,0.75,0.75,0.75,0.0,0.0
2012-05-30,0.75,0.75,0.75,0.75,0.0,0.0
2012-05-31,0.75,0.75,0.75,0.75,0.0,0.0
2012-06-01,0.75,0.75,0.75,0.75,0.0,0.0
2012-06-04,0.75,0.75,0.75,0.75,0.0,0.0
2012-06-05,0.75,0.75,0.75,0.75,0.0,0.0
2012-06-06,0.75,0.75,0.75,0.75,0.0,0.0
2012-06-07,0.75,0.75,0.75,0.75,0.0,0.0
2012-06-08,0.75,0.75,0.75,0.75,0.0,0.0
2012-06-11,0.75,0.75,0.75,0.75,0.0,0.0
2012-06-12,0.75,0.75,0.75,0.75,0.0,0.0
2012-06-13,0.75,0.75,0.75,0.75,0.0,0.0
2012-06-14,0.75,0.75,0.75,0.75,0.0,0.0
2012-06-15,0.75,0.75,0.75,0.75,0.0,0.0
2012-06-18,0.75,0.75,0.75,0.75,0.0,0.0
2012-06-19,0.75,0.75,0.75,0.75,0.0,0.0
2012-06-20,0.75,0.75,0.75,0.75,0.0,0.0
2012-06-21,0.75,0.75,0.75,0.75,0.0,0.0
2012-06-22,0.75,0.75,0.75,0.75,0.0,0.0
2012-06-25,0.75,0.75,0.75,0.75,0.0,0.0
2012-06-26,0.75,0.75,0.75,0.75,0.0,0.0
2012-06-27,0.75,0.75,0.75,0.75,0.0,0.0
2012-06-28,0.75,0.75,0.75,0.75,0.0,0.0
2012-06-29,0.75,0.75,0.75,0.75,0.0,0.0
2012-07-02,0.75,0.75,0.75,0.75,0.0,0.0
2012-07-03,0.75,0.75,0.75,0.75,0.0,0.0
2012-07-04,0.75,0.75,0.75,0.75,0.0,0.0
2012-07-05,0.75,0.75,0.75,0.75,0.0,0.0
2012-07-06,0.75,0.75,0.75,0.75,0.0,0.0
2012-07-07,0.75,0.75,0.75,0.75,0.0,0.0
2012-07-08,0.75,0.75,0.75,0.75,0.0,0.0
2012-07-09,0.75,0.75,0.75,0.75,0.0,0.0
2012-07-10,0.75,0.75,0.75,0.75,0.0,0.0
2012-07-11,0.75,0.75,0.75,0.75,0.0,0.0
2012-07-12,0.75,0.75,0.75,0.75,0.0,0.0
2012-07-13,0.75,0.75,0.75,0.75,0.0,0.0
2012-07-16,0.75,0.75,0.75,0.75,0.0,0.0
2012-07-17,0.75,0.75,0.75,0.75,0.0,0.0
2012-07-18,0.75,0.75,0.75,0.75,0.0,0.0
2012-07-19,0.75,0.75,0.75,0.75,0.0,0.0
2012-07-20,0.75,0.75,0.75,0.75,0.0,0.0
2012-07-23,0.75,0.75,0.75,0.75,0.0,0.0
2012-07-24,0.75,0.75,0.75,0.75,0.0,0.0
2012-07-25,0.75,0.75,0.75,0.75,0.0,0.0
2012-07-26,0.75,0.75,0.75,0.75,0.0,0.0
2012-07-27,0.75,0.75,0.75,0.75,0.0,0.0
2012-07-30,0.75,0.75,0.75,0.75,0.0,0.0
2012-07-31,0.75,0.75,0.75,0.75,0.0,0.0
2012-08-01,0.75,0.75,0.75,0.75,0.0,0.0
2012-08-02,0.75,0.75,0.75,0.75,0.0,0.0
2012-08-03,0.75,0.75,0.75,0.75,0.0,0.0
2012-08-06,0.75,0.75,0.75,0.75,0.0,0.0
2012-08-07,0.75,0.75,0.75,0.75,0.0,0.0
2012-08-08,0.75,0.75,0.75,0.75,0.0,0.0
2012-08-09,0.75,0.75,0.75,0.75,0.0,0.0
2012-08-10,0.75,0.75,0.75,0.75,0.0,0.0
2012-08-13,0.75,0.75,0.75,0.75,0.0,0.0
2012-08-14,0.75,0.75,0.75,0.75,0.0,0.0
2012-08-15,0.75,0.75,0.75,0.75,0.0,0.0
2012-08-16,0.75,0.75,0.75,0.75,0.0,0.0
2012-08-17,0.75,0.75,0.75,0.75,0.0,0.0
2012-08-20,0.75,0.75,0.75,0.75,0.0,0.0
2012-08-21,0.75,0.75,0.75,0.75,0.0,0.0
2012-08-22,0.75,0.75,0.75,0.75,0.0,0.0
2012-08-23,0.75,0.75,0.75,0.75,0.0,0.0
2012-08-24,0.75,0.75,0.75,0.75,0.0,0.0
2012-08-27,0.75,0.75,0.75,0.75,0.0,0.0
2012-08-28,0.75,0.75,0.75,0.75,0.0,0.0
2012-08-29,0.75,0.75,0.75,0.75,0.0,0.0
2012-08-30,0.75,0.75,0.75,0.75,0.0,0.0
2012-08-31,0.75,0.75,0.75,0.75,0.0,0.0
2012-09-03,0.75,0.75,0.75,0.75,0.0,0.0
2012-09-04,0.75,0.75,0.75,0.75,0.0,0.0
2012-09-05,0.75,0.75,0.75,0.75,0.0,0.0
2012-09-06,0.75,0.75,0.75,0.75,0.0,0.0
2012-09-07,0.75,0.75,0.75,0.75,0.0,0.0
2012-09-10,0.75,0.75,0.75,0.75,0.0,0.0
2012-09-11,0.75,0.75,0.75,0.75,0.0,0.0
2012-09-12,0.75,0.75,0.75,0.75,0.0,0.0
2012-09-13,0.75,0.75,0.75,0.75,0.0,0.0
2012-09-14,0.75,0.75,0.75,0.75,0.0,0.0
2012-09-17,0.75,0.75,0.75,0.75,0.0,0.0
2012-09-18,0.75,0.75,0.75,0.75,0.0,0.0
2012-09-19,0.75,0.75,0.75,0.75,0.0,0.0
2012-09-20,0.75,0.75,0.75,0.75,0.0,0.0
2012-09-21,0.75,0.75,0.75,0.75,0.0,0.0
2012-09-24,0.75,0.75,0.75,0.75,0.0,0.0
2012-09-25,0.75,0.75,0.75,0.75,0.0,0.0
2012-09-26,0.75,0.75,0.75,0.75,0.0,0.0
2012-09-27,0.75,0.75,0.75,0.75,0.0,0.0
2012-09-28,0.75,0.75,0.75,0.75,0.0,0.0
2012-10-01,0.75,0.75,0.75,0.75,0.0,0.0
2012-10-02,0.75,0.75,0.75,0.75,0.0,0.0
2012-10-03,0.75,0.75,0.75,0.75,0.0,0.0
2012-10-04,0.75,0.75,0.75,0.75,0.0,0.0
2012-10-05,0.75,0.75,0.75,0.75,0.0,0.0
2012-10-08,0.75,0.75,0.75,0.75,0.0,0.0
2012-10-09,0.75,0.75,0.75,0.75,0.0,0.0
2012-10-10,0.75,0.75,0.75,0.75,0.0,0.0
2012-10-11,0.75,0.75,0.75,0.75,0.0,0.0
2012-10-12,0.75,0.75,0.75,0.75,0.0,0.0
2012-10-15,0.75,0.75,0.75,0.75,0.0,0.0
2012-10-16,0.75,0.75,0.75,0.75,0.0,0.0
2012-10-17,0.75,0.75,0.75,0.75,0.0,0.0
2012-10-18,0.75,0.75,0.75,0.75,0.0,0.0
2012-10-19,0.75,0.75,0.75,0.75,0.0,0.0
2012-10-22,0.75,0.75,0.75,0.75,0.0,0.0
2012-10-23,0.75,0.75,0.75,0.75,0.0,0.0
2012-10-24,0.75,0.75,0.75,0.75,0.0,0.0
2012-10-25,0.75,0.75,0.75,0.75,0.0,0.0
2012-10-26,0.75,0.75,0.75,0.75,0.0,0.0
2012-10-29,0.75,0.75,0.75,0.75,0.0,0.0
2012-10-30,0.75,0.75,0.75,0.75,0.0,0.0
2012-10-31,0.75,0.75,0.75,0.75,0.0,0.0
2012-11-01,0.75,0.75,0.75,0.75,0.0,0.0
2012-11-02,0.75,0.75,0.75,0.75,0.0,0.0
2012-11-05,0.75,0.75,0.75,0.75,0.0,0.0
2012-11-06,0.75,0.75,0.75,0.75,0.0,0.0
2012-11-07,0.75,0.75,0.75,0.75,0.0,0.0
2012-11-08,0.75,0.75,0.75,0.75,0.0,0.0
2012-11-09,0.75,0.75,0.75,0.75,0.0,0.0
2012-11-12,0.75,0.75,0.75,0.75,0.0,0.0
2012-11-13,0.75,0.75,0.75,0.75,0.0,0.0
2012-11-14,0.75,0.75,0.75,0.75,0.0,0.0
2012-11-15,0.75,0.75,0.75,0.75,0.0,0.0
2012-11-16,0.75,0.75,0.75,0.75,0.0,0.0
2012-11-19,0.75,0.75,0.75,0.75,0.0,0.0
2012-11-20,0.75,0.75,0.75,0.75,0.0,0.0
2012-11-21,0.75,0.75,0.75,0.75,0.0,0.0
2012-11-22,0.75,0.75,0.75,0.75,0.0,0.0
2012-11-23,0.75,0.75,0.75,0.75,0.0,0.0
2012-11-26,0.75,0.75,0.75,0.75,0.0,0.0
2012-11-27,0.75,0.75,0.75,0.75,0.0,0.0
2012-11-28,0.75,0.75,0.75,0.75,0.0,0.0
2012-11-29,0.75,0.75,0.75,0.75,0.0,0.0
2012-11-30,0.75,0.75,0.75,0.75,0.0,0.0
2012-12-03,0.75,0.75,0.75,0.75,0.0,0.0
2012-12-04,0.75,0.75,0.75,0.75,0.0,0.0
2012-12-05,0.75,0.75,0.75,0.75,0.0,0.0
2012-12-06,0.75,0.75,0.75,0.75,0.0,0.0
2012-12-07,0.75,0.75,0.75,0.75,0.0,0.0
2012-12-10,0.75,0.75,0.75,0.75,0.0,0.0
2012-12-11,0.75,0.75,0.75,0.75,0.0,0.0
2012-12-12,0.75,0.75,0.75,0.75,0.0,0.0
2012-12-13,0.75,0.75,0.75,0.75,0.0,0.0
2012-12-14,0.75,0.75,0.75,0.75,0.0,0.0
2012-12-17,0.75,0.75,0.75,0.75,0.0,0.0
2012-12-18,0.75,0.75,0.75,0.75,0.0,0.0
2012-12-19,0.75,0.75,0.75,0.75,0.0,0.0
2012-12-20,0.75,0.75,0.75,0.75,0.0,0.0
2012-12-21,0.75,0.75,0.75,0.75,0.0,0.0
2012-12-24,0.75,0.75,0.75,0.75,0.0,0.0
2012-12-27,0.75,0.75,0.75,0.75,0.0,0.0
2012-12-28,0.75,0.75,0.75,0.75,0.0,0.0
2012-12-31,0.75,0.75,0.75,0.75,0.0,0.0
2013-01-02,0.75,0.75,0.75,0.75,0.0,0.0
2013-01-03,0.75,0.75,0.75,0.75,0.0,0.0
2013-01-04,0.75,0.75,0.75,0.75,0.0,0.0
2013-01-07,0.75,0.75,0.75,0.75,0.0,0.0
2013-01-08,0.75,0.75,0.75,0.75,0.0,0.0
2013-01-09,0.75,0.75,0.75,0.75,0.0,0.0
2013-01-10,0.75,0.75,0.75,0.75,0.0,0.0
2013-01-11,0.75,0.75,0.75,0.75,0.0,0.0
2013-01-14,0.75,0.75,0.75,0.75,0.0,0.0
2013-01-15,0.75,0.75,0.75,0.75,0.0,0.0
2013-01-16,0.75,0.75,0.75,0.75,0.0,0.0
2013-01-17,0.75,0.75,0.75,0.75,0.0,0.0
2013-01-18,0.75,0.75,0.75,0.75,0.0,0.0
2013-01-21,0.75,0.75,0.75,0.75,0.0,0.0
2013-01-22,0.75,0.75,0.75,0.75,0.0,0.0
2013-01-23,0.75,0.75,0.75,0.75,0.0,0.0
2013-01-24,0.75,0.75,0.75,0.75,0.0,0.0
2013-01-25,0.75,0.75,0.75,0.75,0.0,0.0
2013-01-28,0.75,0.75,0.75,0.75,0.0,0.0
2013-01-29,0.75,0.75,0.75,0.75,0.0,0.0
2013-01-30,0.75,0.75,0.75,0.75,0.0,0.0
2013-01-31,0.75,0.75,0.75,0.75,0.0,0.0
2013-02-01,0.75,0.75,0.75,0.75,0.0,0.0
2013-02-04,0.75,0.75,0.75,0.75,0.0,0.0
2013-02-05,0.75,0.75,0.75,0.75,0.0,0.0
2013-02-06,0.75,0.75,0.75,0.75,0.0,0.0
2013-02-07,0.75,0.75,0.75,0.75,0.0,0.0
2013-02-08,0.75,0.75,0.75,0.75,0.0,0.0
2013-02-11,0.75,0.75,0.75,0.75,0.0,0.0
2013-02-12,0.75,0.75,0.75,0.75,0.0,0.0
2013-02-13,0.75,0.75,0.75,0.75,0.0,0.0
2013-02-14,0.75,0.75,0.75,0.75,0.0,0.0
2013-02-15,0.75,0.75,0.75,0.75,0.0,0.0
2013-02-18,0.75,0.75,0.75,0.75,0.0,0.0
2013-02-19,0.75,0.75,0.75,0.75,0.0,0.0
2013-02-20,0.75,0.75,0.75,0.75,0.0,0.0
2013-02-21,0.75,0.75,0.75,0.75,0.0,0.0
2013-02-22,0.75,0.75,0.75,0.75,0.0,0.0
2013-02-25,0.75,0.75,0.75,0.75,0.0,0.0
2013-02-26,0.75,0.75,0.75,0.75,0.0,0.0
2013-02-27,0.75,0.75,0.75,0.75,0.0,0.0
2013-02-28,0.75,0.75,0.75,0.75,0.0,0.0
2013-03-01,0.75,0.75,0.75,0.75,0.0,0.0
2013-03-04,0.75,0.75,0.75,0.75,0.0,0.0
2013-03-05,0.75,0.75,0.75,0.75,0.0,0.0
2013-03-06,0.75,0.75,0.75,0.75,0.0,0.0
2013-03-07,0.75,0.75,0.75,0.75,0.0,0.0
2013-03-08,0.75,0.75,0.75,0.75,0.0,0.0
2013-03-11,0.75,0.75,0.75,0.75,0.0,0.0
2013-03-12,0.75,0.75,0.75,0.75,0.0,0.0
2013-03-13,0.75,0.75,0.75,0.75,0.0,0.0
2013-03-14,0.75,0.75,0.75,0.75,0.0,0.0
2013-03-15,0.75,0.75,0.75,0.75,0.0,0.0
2013-03-18,0.75,0.75,0.75,0.75,0.0,0.0
2013-03-19,0.75,0.75,0.75,0.75,0.0,0.0
2013-03-20,0.75,0.75,0.75,0.75,0.0,0.0
2013-03-21,0.75,0.75,0.75,0.75,0.0,0.0
2013-03-22,0.75,0.75,0.75,0.75,0.0,0.0
2013-03-25,0.75,0.75,0.75,0.75,0.0,0.0
2013-03-26,0.75,0.75,0.75,0.75,0.0,0.0
2013-03-27,0.75,0.75,0.75,0.75,0.0,0.0
2013-03-28,0.75,0.75,0.75,0.75,0.0,0.0
2013-04-01,0.75,0.75,0.75,0.75,0.0,0.0
2013-04-02,0.75,0.75,0.75,0.75,0.0,0.0
2013-04-03,0.75,0.75,0.75,0.75,0.0,0.0
2013-04-04,0.75,0.75,0.75,0.75,0.0,0.0
2013-04-05,0.75,0.75,0.75,0.75,0.0,0.0
2013-04-08,0.75,0.75,0.75,0.75,0.0,0.0
2013-04-09,0.75,0.75,0.75,0.75,0.0,0.0
2013-04-10,0.75,0.75,0.75,0.75,0.0,0.0
2013-04-11,0.75,0.75,0.75,0.75,0.0,0.0
2013-04-12,0.75,0.75,0.75,0.75,0.0,0.0
2013-04-15,0.75,0.75,0.75,0.75,0.0,0.0
2013-04-16,0.75,0.75,0.75,0.75,0.0,0.0
2013-04-17,0.75,0.75,0.75,0.75,0.0,0.0
2013-04-18,0.75,0.75,0.75,0.75,0.0,0.0
2013-04-19,0.75,0.75,0.75,0.75,0.0,0.0
2013-04-22,0.75,0.75,0.75,0.75,0.0,0.0
2013-04-23,0.75,0.75,0.75,0.75,0.0,0.0
2013-04-24,0.75,0.75,0.75,0.75,0.0,0.0
2013-04-25,0.75,0.75,0.75,0.75,0.0,0.0
2013-04-26,0.75,0.75,0.75,0.75,0.0,0.0
2013-04-29,0.75,0.75,0.75,0.75,0.0,0.0
2013-04-30,0.75,0.75,0.75,0.75,0.0,0.0
2013-05-01,0.75,0.75,0.75,0.75,0.0,0.0
2013-05-02,0.75,0.75,0.75,0.75,0.0,0.0
2013-05-03,0.75,0.75,0.75,0.75,0.0,0.0
2013-05-06,0.75,0.75,0.75,0.75,0.0,0.0
2013-05-07,0.75,0.75,0.75,0.75,0.0,0.0
2013-05-08,0.75,0.75,0.75,0.75,0.0,0.0
2013-05-09,0.75,0.75,0.75,0.75,0.0,0.0
2013-05-10,0.75,0.75,0.75,0.75,0.0,0.0
2013-05-13,0.75,0.75,0.75,0.75,0.0,0.0
2013-05-14,0.75,0.75,0.75,0.75,0.0,0.0
2013-05-15,0.75,0.75,0.75,0.75,0.0,0.0
2013-05-16,0.75,0.75,0.75,0.75,0.0,0.0
2013-05-17,0.75,0.75,0.75,0.75,0.0,0.0
2013-05-20,0.75,0.75,0.75,0.75,0.0,0.0
2013-05-21,0.75,0.75,0.75,0.75,0.0,0.0
2013-05-22,0.75,0.75,0.75,0.75,0.0,0.0
2013-05-23,0.75,0.75,0.75,0.75,0.0,0.0
2013-05-24,0.75,0.75,0.75,0.75,0.0,0.0
2013-05-27,0.75,0.75,0.75,0.75,0.0,0.0
2013-05-28,0.75,0.75,0.75,0.75,0.0,0.0
2013-05-29,0.75,0.75,0.75,0.75,0.0,0.0
2013-05-30,0.75,0.75,0.75,0.75,0.0,0.0
2013-05-31,0.75,0.75,0.75,0.75,0.0,0.0
2013-06-03,0.75,0.75,0.75,0.75,0.0,0.0
2013-06-04,0.75,0.75,0.75,0.75,0.0,0.0
2013-06-05,0.75,0.75,0.75,0.75,0.0,0.0
2013-06-06,0.75,0.75,0.75,0.75,0.0,0.0
2013-06-07,0.75,0.75,0.75,0.75,0.0,0.0
2013-06-10,0.75,0.75,0.75,0.75,0.0,0.0
2013-06-11,0.75,0.75,0.75,0.75,0.0,0.0
2013-06-12,0.75,0.75,0.75,0.75,0.0,0.0
2013-06-13,0.75,0.75,0.75,0.75,0.0,0.0
2013-06-14,0.75,0.75,0.75,0.75,0.0,0.0
2013-06-17,0.75,0.75,0.75,0.75,0.0,0.0
2013-06-18,0.75,0.75,0.75,0.75,0.0,0.0
2013-06-19,0.75,0.75,0.75,0.75,0.0,0.0
2013-06-20,0.75,0.75,0.75,0.75,0.0,0.0
2013-06-21,0.75,0.75,0.75,0.75,0.0,0.0
2013-06-24,0.75,0.75,0.75,0.75,0.0,0.0
2013-06-25,0.75,0.75,0.75,0.75,0.0,0.0
2013-06-26,0.75,0.75,0.75,0.75,0.0,0.0
2013-06-27,0.75,0.75,0.75,0.75,0.0,0.0
2013-06-28,0.75,0.75,0.75,0.75,0.0,0.0
2013-07-01,0.75,0.75,0.75,0.75,0.0,0.0
2013-07-02,0.75,0.75,0.75,0.75,0.0,0.0
2013-07-03,0.75,0.75,0.75,0.75,0.0,0.0
2013-07-04,0.75,0.75,0.75,0.75,0.0,0.0
2013-07-05,0.75,0.75,0.75,0.75,0.0,0.0
2013-07-08,0.75,0.75,0.75,0.75,0.0,0.0
2013-07-09,0.75,0.75,0.75,0.75,0.0,0.0
2013-07-10,0.75,0.75,0.75,0.75,0.0,0.0
2013-07-11,0.75,0.75,0.75,0.75,0.0,0.0
2013-07-12,0.75,0.75,0.75,0.75,0.0,0.0
2013-07-15,0.75,0.75,0.75,0.75,0.0,0.0
2013-07-16,0.75,0.75,0.75,0.75,0.0,0.0
2013-07-17,0.75,0.75,0.75,0.75,0.0,0.0
2013-07-18,0.75,0.75,0.75,0.75,0.0,0.0
2013-07-19,0.75,0.75,0.75,0.75,0.0,0.0
2013-07-22,0.75,0.75,0.75,0.75,0.0,0.0
2013-07-23,0.75,0.75,0.75,0.75,0.0,0.0
2013-07-24,0.75,0.75,0.75,0.75,0.0,0.0
2013-07-25,0.75,0.75,0.75,0.75,0.0,0.0
2013-07-26,0.75,0.75,0.75,0.75,0.0,0.0
2013-07-29,0.75,0.75,0.75,0.75,0.0,0.0
2013-07-30,0.75,0.75,0.75,0.75,0.0,0.0
2013-07-31,0.75,0.75,0.75,0.75,0.0,0.0
2013-08-01,0.75,0.75,0.75,0.75,0.0,0.0
2013-08-02,0.75,0.75,0.75,0.75,0.0,0.0
2013-08-05,0.75,0.75,0.75,0.75,0.0,0.0
2013-08-06,0.75,0.75,0.75,0.75,0.0,0.0
2013-08-07,0.75,0.75,0.75,0.75,0.0,0.0
2013-08-08,0.75,0.75,0.75,0.75,0.0,0.0
2013-08-09,0.75,0.75,0.75,0.75,0.0,0.0
2013-08-12,0.75,0.75,0.75,0.75,0.0,0.0
2013-08-13,0.75,0.75,0.75,0.75,0.0,0.0
2013-08-14,0.75,0.75,0.75,0.75,0.0,0.0
2013-08-15,0.75,0.75,0.75,0.75,0.0,0.0
2013-08-16,0.75,0.75,0.75,0.75,0.0,0.0
2013-08-19,0.75,0.75,0.75,0.75,0.0,0.0
2013-08-20,0.75,0.75,0.75,0.75,0.0,0.0
2013-08-21,0.75,0.75,0.75,0.75,0.0,0.0
2013-08-22,0.75,0.75,0.75,0.75,0.0,0.0
2013-08-23,0.75,0.75,0.75,0.75,0.0,0.0
2013-08-26,0.75,0.75,0.75,0.75,0.0,0.0
2013-08-27,0.75,0.75,0.75,0.75,0.0,0.0
2013-08-28,0.75,0.75,0.75,0.75,0.0,0.0
2013-08-29,0.75,0.75,0.75,0.75,0.0,0.0
2013-08-30,0.75,0.75,0.75,0.75,0.0,0.0
2013-09-02,0.75,0.75,0.75,0.75,0.0,0.0
2013-09-03,0.75,0.75,0.75,0.75,0.0,0.0
2013-09-04,0.75,0.75,0.75,0.75,0.0,0.0
2013-09-05,0.75,0.75,0.75,0.75,0.0,0.0
2013-09-06,0.75,0.75,0.75,0.75,0.0,0.0
2013-09-09,0.75,0.75,0.75,0.75,0.0,0.0
2013-09-10,0.75,0.75,0.75,0.75,0.0,0.0
2013-09-11,0.75,0.75,0.75,0.75,0.0,0.0
2013-09-12,0.75,0.75,0.75,0.75,0.0,0.0
2013-09-13,0.75,0.75,0.75,0.75,0.0,0.0
2013-09-16,0.75,0.75,0.75,0.75,0.0,0.0
2013-09-17,0.75,0.75,0.75,0.75,0.0,0.0
2013-09-18,0.75,0.75,0.75,0.75,0.0,0.0
2013-09-19,0.75,0.75,0.75,0.75,0.0,0.0
2013-09-20,0.75,0.75,0.75,0.75,0.0,0.0
2013-09-23,0.75,0.75,0.75,0.75,0.0,0.0
2013-09-24,0.75,0.75,0.75,0.75,0.0,0.0
2013-09-25,0.75,0.75,0.75,0.75,0.0,0.0
2013-09-26,0.75,0.75,0.75,0.75,0.0,0.0
2013-09-27,0.75,0.75,0.75,0.75,0.0,0.0
2013-09-30,0.75,0.75,0.75,0.75,0.0,0.0
2013-10-01,0.75,0.75,0.75,0.75,0.0,0.0
2013-10-02,0.75,0.75,0.75,0.75,0.0,0.0
2013-10-03,0.75,0.75,0.75,0.75,0.0,0.0
2013-10-04,0.75,0.75,0.75,0.75,0.0,0.0
2013-10-07,0.75,0.75,0.75,0.75,0.0,0.0
2013-10-08,0.75,0.75,0.75,0.75,0.0,0.0
2013-10-09,0.75,0.75,0.75,0.75,0.0,0.0
2013-10-10,0.75,0.75,0.75,0.75,0.0,0.0
2013-10-11,0.75,0.75,0.75,0.75,0.0,0.0
2013-10-14,0.75,0.75,0.75,0.75,0.0,0.0
2013-10-15,0.75,0.75,0.75,0.75,0.0,0.0
2013-10-16,0.75,0.75,0.75,0.75,0.0,0.0
2013-10-17,0.75,0.75,0.75,0.75,0.0,0.0
2013-10-18,0.75,0.75,0.75,0.75,0.0,0.0
2013-10-21,0.75,0.75,0.75,0.75,0.0,0.0
2013-10-22,0.75,0.75,0.75,0.75,0.0,0.0
2013-10-23,0.75,0.75,0.75,0.75,0.0,0.0
2013-10-24,0.75,0.75,0.75,0.75,0.0,0.0
2013-10-25,0.75,0.75,0.75,0.75,0.0,0.0
2013-10-28,0.75,0.75,0.75,0.75,0.0,0.0
2013-10-29,0.75,0.75,0.75,0.75,0.0,0.0
2013-10-30,0.75,0.75,0.75,0.75,0.0,0.0
2013-10-31,0.75,0.75,0.75,0.75,0.0,0.0
2013-11-01,0.75,0.75,0.75,0.75,0.0,0.0
2013-11-04,0.75,0.75,0.75,0.75,0.0,0.0
2013-11-05,0.75,0.75,0.75,0.75,0.0,0.0
2013-11-06,0.75,0.75,0.75,0.75,0.0,0.0
2013-11-07,0.75,0.75,0.75,0.75,0.0,0.0
2013-11-08,0.75,0.75,0.75,0.75,0.0,0.0
2013-11-11,0.75,0.75,0.75,0.75,0.0,0.0
2013-11-12,0.75,0.75,0.75,0.75,0.0,0.0
2013-11-13,0.75,0.75,0.75,0.75,0.0,0.0
2013-11-14,0.75,0.75,0.75,0.75,0.0,0.0
2013-11-15,0.75,0.75,0.75,0.75,0.0,0.0
2013-11-18,0.75,0.75,0.75,0.75,0.0,0.0
2013-11-19,0.75,0.75,0.75,0.75,0.0,0.0
2013-11-20,0.75,0.75,0.75,0.75,0.0,0.0
2013-11-21,0.75,0.75,0.75,0.75,0.0,0.0
2013-11-22,0.75,0.75,0.75,0.75,0.0,0.0
2013-11-25,0.75,0.75,0.75,0.75,0.0,0.0
2013-11-26,0.75,0.75,0.75,0.75,0.0,0.0
2013-11-27,0.75,0.75,0.75,0.75,0.0,0.0
2013-11-28,0.75,0.75,0.75,0.75,0.0,0.0
2013-11-29,0.75,0.75,0.75,0.75,0.0,0.0
2013-12-02,0.75,0.75,0.75,0.75,0.0,0.0
2013-12-03,0.75,0.75,0.75,0.75,0.0,0.0
2013-12-04,0.75,0.75,0.75,0.75,0.0,0.0
2013-12-05,0.75,0.75,0.75,0.75,0.0,0.0
2013-12-06,0.75,0.75,0.75,0.75,0.0,0.0
2013-12-09,0.75,0.75,0.75,0.75,0.0,0.0
2013-12-10,0.75,0.75,0.75,0.75,0.0,0.0
2013-12-11,0.75,0.75,0.75,0.75,0.0,0.0
2013-12-12,0.75,0.75,0.75,0.75,0.0,0.0
2013-12-13,0.75,0.75,0.75,0.75,0.0,0.0
2013-12-16,0.75,0.75,0.75,0.75,0.0,0.0
2013-12-17,0.75,0.75,0.75,0.75,0.0,0.0
2013-12-18,0.75,0.75,0.75,0.75,0.0,0.0
2013-12-19,0.75,0.75,0.75,0.75,0.0,0.0
2013-12-20,0.75,0.75,0.75,0.75,0.0,0.0
2013-12-23,0.75,0.75,0.75,0.75,0.0,0.0
2013-12-24,0.75,0.75,0.75,0.75,0.0,0.0
2013-12-27,0.75,0.75,0.75,0.75,0.0,0.0
2013-12-30,0.75,0.75,0.75,0.75,0.0,0.0
2013-12-31,0.75,0.75,0.75,0.75,0.0,0.0
2014-01-02,0.75,0.75,0.75,0.75,0.0,0.0
2014-01-03,0.75,0.75,0.75,0.75,0.0,0.0
2014-01-06,0.75,0.75,0.75,0.75,0.0,0.0
2014-01-07,0.75,0.75,0.75,0.75,0.0,0.0
2014-01-08,0.75,0.75,0.75,0.75,0.0,0.0
2014-01-09,0.75,0.75,0.75,0.75,0.0,0.0
2014-01-10,0.75,0.75,0.75,0.75,0.0,0.0
2014-01-13,0.75,0.75,0.75,0.75,0.0,0.0
2014-01-14,0.75,0.75,0.75,0.75,0.0,0.0
2014-01-15,0.75,0.75,0.75,0.75,0.0,0.0
2014-01-16,0.75,0.75,0.75,0.75,0.0,0.0
2014-01-17,0.75,0.75,0.75,0.75,0.0,0.0
2014-01-20,0.75,0.75,0.75,0.75,0.0,0.0
2014-01-21,0.75,0.75,0.75,0.75,0.0,0.0
2014-01-22,0.75,0.75,0.75,0.75,0.0,0.0
2014-01-23,0.75,0.75,0.75,0.75,0.0,0.0
2014-01-24,0.75,0.75,0.75,0.75,0.0,0.0
2014-01-27,0.75,0.75,0.75,0.75,0.0,0.0
2014-01-28,0.75,0.75,0.75,0.75,0.0,0.0
2014-01-29,0.75,0.75,0.75,0.75,0.0,0.0
2014-01-30,0.75,0.75,0.75,0.75,0.0,0.0
2014-01-31,0.75,0.75,0.75,0.75,0.0,0.0
2014-02-03,0.75,0.75,0.75,0.75,0.0,0.0
2014-02-04,0.75,0.75,0.75,0.75,0.0,0.0
2014-02-05,0.75,0.75,0.75,0.75,0.0,0.0
2014-02-06,0.75,0.75,0.75,0.75,0.0,0.0
2014-02-07,0.75,0.75,0.75,0.75,0.0,0.0
2014-02-10,0.75,0.75,0.75,0.75,0.0,0.0
2014-02-11,0.75,0.75,0.75,0.75,0.0,0.0
2014-02-12,0.75,0.75,0.75,0.75,0.0,0.0
2014-02-13,0.75,0.75,0.75,0.75,0.0,0.0
2014-02-14,0.75,0.75,0.75,0.75,0.0,0.0
2014-02-17,0.75,0.75,0.75,0.75,0.0,0.0
2014-02-18,0.75,0.75,0.75,0.75,0.0,0.0
2014-02-19,0.75,0.75,0.75,0.75,0.0,0.0
2014-02-20,0.75,0.75,0.75,0.75,0.0,0.0
2014-02-21,0.75,0.75,0.75,0.75,0.0,0.0
2014-02-24,0.75,0.75,0.75,0.75,0.0,0.0
2014-02-25,0.75,0.75,0.75,0.75,0.0,0.0
2014-02-26,0.75,0.75,0.75,0.75,0.0,0.0
2014-02-27,0.75,0.75,0.75,0.75,0.0,0.0
2014-02-28,0.75,0.75,0.75,0.75,0.0,0.0
2014-03-03,0.75,0.75,0.75,0.75,0.0,0.0
2014-03-04,0.75,0.75,0.75,0.75,0.0,0.0
2014-03-05,0.75,0.75,0.75,0.75,0.0,0.0
2014-03-06,0.75,0.75,0.75,0.75,0.0,0.0
2014-03-07,0.75,0.75,0.75,0.75,0.0,0.0
2014-03-10,0.75,0.75,0.75,0.75,0.0,0.0
2014-03-11,0.75,0.75,0.75,0.75,0.0,0.0
2014-03-12,0.75,0.75,0.75,0.75,0.0,0.0
2014-03-13,0.75,0.75,0.75,0.75,0.0,0.0
2014-03-14,0.75,0.75,0.75,0.75,0.0,0.0
2014-03-17,0.75,0.75,0.75,0.75,0.0,0.0
2014-03-18,0.75,0.75,0.75,0.75,0.0,0.0
2014-03-19,0.75,0.75,0.75,0.75,0.0,0.0
2014-03-20,0.75,0.75,0.75,0.75,0.0,0.0
2014-03-21,0.75,0.75,0.75,0.75,0.0,0.0
2014-03-24,0.75,0.75,0.75,0.75,0.0,0.0
2014-03-25,0.75,0.75,0.75,0.75,0.0,0.0
2014-03-26,0.75,0.75,0.75,0.75,0.0,0.0
2014-03-27,0.75,0.75,0.75,0.75,0.0,0.0
2014-03-28,0.75,0.75,0.75,0.75,0.0,0.0
2014-03-31,0.75,0.75,0.75,0.75,0.0,0.0
2014-04-01,0.75,0.75,0.75,0.75,0.0,0.0
2014-04-02,0.75,0.75,0.75,0.75,0.0,0.0
2014-04-03,0.75,0.75,0.75,0.75,0.0,0.0
2014-04-04,0.75,0.75,0.75,0.75,0.0,0.0
2014-04-07,0.75,0.75,0.75,0.75,0.0,0.0
2014-04-08,0.75,0.75,0.75,0.75,0.0,0.0
2014-04-09,0.75,0.75,0.75,0.75,0.0,0.0
2014-04-10,0.75,0.75,0.75,0.75,0.0,0.0
2014-04-11,0.75,0.75,0.75,0.75,0.0,0.0
2014-04-14,0.75,0.75,0.75,0.75,0.0,0.0
2014-04-15,0.75,0.75,0.75,0.75,0.0,0.0
2014-04-16,0.75,0.75,0.75,0.75,0.0,0.0
2014-04-17,0.75,0.75,0.75,0.75,0.0,0.0
2014-04-22,0.75,0.75,0.75,0.75,0.0,0.0
2014-04-23,0.75,0.75,0.75,0.75,0.0,0.0
2014-04-24,0.75,0.75,0.75,0.75,0.0,0.0
2014-04-25,0.75,0.75,0.75,0.75,0.0,0.0
2014-04-28,0.75,0.75,0.75,0.75,0.0,0.0
2014-04-29,0.75,0.75,0.75,0.75,0.0,0.0
2014-04-30,0.75,0.75,0.75,0.75,0.0,0.0
2014-05-01,0.75,0.75,0.75,0.75,0.0,0.0
2014-05-02,0.75,0.75,0.75,0.75,0.0,0.0
2014-05-05,0.75,0.75,0.75,0.75,0.0,0.0
2014-05-06,0.75,0.75,0.75,0.75,0.0,0.0
2014-05-07,0.75,0.75,0.75,0.75,0.0,0.0
2014-05-08,0.75,0.75,0.75,0.75,0.0,0.0
2014-05-09,0.75,0.75,0.75,0.75,0.0,0.0
2014-05-12,0.75,0.75,0.75,0.75,0.0,0.0
2014-05-13,0.75,0.75,0.75,0.75,0.0,0.0
2014-05-14,0.75,0.75,0.75,0.75,0.0,0.0
2014-05-15,0.75,0.75,0.75,0.75,0.0,0.0
2014-05-16,0.75,0.75,0.75,0.75,0.0,0.0
2014-05-19,0.75,0.75,0.75,0.75,0.0,0.0
2014-05-20,0.75,0.75,0.75,0.75,0.0,0.0
2014-05-21,0.75,0.75,0.75,0.75,0.0,0.0
2014-05-22,0.75,0.75,0.75,0.75,0.0,0.0
2014-05-23,0.75,0.75,0.75,0.75,0.0,0.0
2014-05-26,0.75,0.75,0.75,0.75,0.0,0.0
2014-05-27,0.75,0.75,0.75,0.75,0.0,0.0
2014-05-28,0.75,0.75,0.75,0.75,0.0,0.0
2014-05-29,0.75,0.75,0.75,0.75,0.0,0.0
2014-05-30,0.75,0.75,0.75,0.75,0.0,0.0
2014-06-02,0.75,0.75,0.75,0.75,0.0,0.0
2014-06-03,0.75,0.75,0.75,0.75,0.0,0.0
2014-06-04,0.75,0.75,0.75,0.75,0.0,0.0
2014-06-05,0.75,0.75,0.75,0.75,0.0,0.0
2014-06-06,0.75,0.75,0.75,0.75,0.0,0.0
2014-06-09,0.75,0.75,0.75,0.75,0.0,0.0
2014-06-10,0.75,0.75,0.75,0.75,0.0,0.0
2014-06-11,0.75,0.75,0.75,0.75,0.0,0.0
2014-06-12,0.75,0.75,0.75,0.75,0.0,0.0
2014-06-13,0.75,0.75,0.75,0.75,0.0,0.0
2014-06-16,0.75,0.75,0.75,0.75,0.0,0.0
2014-06-17,0.75,0.75,0.75,0.75,0.0,0.0
2014-06-18,0.75,0.75,0.75,0.75,0.0,0.0
2014-06-19,0.75,0.75,0.75,0.75,0.0,0.0
2014-06-20,0.75,0.75,0.75,0.75,0.0,0.0
2014-06-23,0.75,0.75,0.75,0.75,0.0,0.0
2014-06-24,0.75,0.75,0.75,0.75,0.0,0.0
2014-06-25,0.75,0.75,0.75,0.75,0.0,0.0
2014-06-26,0.75,0.75,0.75,0.75,0.0,0.0
2014-06-27,0.75,0.75,0.75,0.75,0.0,0.0
2014-06-30,0.75,0.75,0.75,0.75,0.0,0.0
2014-07-01,0.75,0.75,0.75,0.75,0.0,0.0
2014-07-02,0.75,0.75,0.75,0.75,0.0,0.0
2014-07-03,0.75,0.75,0.75,0.75,0.0,0.0
2014-07-04,0.75,0.75,0.75,0.75,0.0,0.0
2014-07-07,0.75,0.75,0.75,0.75,0.0,0.0
2014-07-08,0.75,0.75,0.75,0.75,0.0,0.0
2014-07-09,0.75,0.75,0.75,0.75,0.0,0.0
2014-07-10,0.75,0.75,0.75,0.75,0.0,0.0
2014-07-11,0.75,0.75,0.75,0.75,0.0,0.0
2014-07-14,0.75,0.75,0.75,0.75,0.0,0.0
2014-07-15,0.75,0.75,0.75,0.75,0.0,0.0
2014-07-16,0.75,0.75,0.75,0.75,0.0,0.0
2014-07-17,0.75,0.75,0.75,0.75,0.0,0.0
2014-07-18,0.75,0.75,0.75,0.75,0.0,0.0
2014-07-21,0.75,0.75,0.75,0.75,0.0,0.0
2014-07-22,0.75,0.75,0.75,0.75,0.0,0.0
2014-07-23,0.75,0.75,0.75,0.75,0.0,0.0
2014-07-24,0.75,0.75,0.75,0.75,0.0,0.0
2014-07-25,0.75,0.75,0.75,0.75,0.0,0.0
2014-07-28,0.75,0.75,0.75,0.75,0.0,0.0
2014-07-29,0.75,0.75,0.75,0.75,0.0,0.0
2014-07-30,0.75,0.75,0.75,0.75,0.0,0.0
2014-07-31,0.75,0.75,0.75,0.75,0.0,0.0
2014-08-01,0.75,0.75,0.75,0.75,0.0,0.0
2014-08-04,0.75,0.75,0.75,0.75,0.0,0.0
2014-08-05,0.75,0.75,0.75,0.75,0.0,0.0
2014-08-06,0.75,0.75,0.75,0.75,0.0,0.0
2014-08-07,0.75,0.75,0.75,0.75,0.0,0.0
2014-08-08,0.75,0.75,0.75,0.75,0.0,0.0
2014-08-11,0.75,0.75,0.75,0.75,0.0,0.0
2014-08-12,0.75,0.75,0.75,0.75,0.0,0.0
2014-08-13,0.75,0.75,0.75,0.75,0.0,0.0
2014-08-14,0.75,0.75,0.75,0.75,0.0,0.0
2014-08-15,0.75,0.75,0.75,0.75,0.0,0.0
2014-08-18,0.75,0.75,0.75,0.75,0.0,0.0
2014-08-19,0.75,0.75,0.75,0.75,0.0,0.0
2014-08-20,0.75,0.75,0.75,0.75,0.0,0.0
2014-08-21,0.75,0.75,0.75,0.75,0.0,0.0
2014-08-22,0.75,0.75,0.75,0.75,0.0,0.0
2014-08-25,0.75,0.75,0.75,0.75,0.0,0.0
2014-08-26,0.75,0.75,0.75,0.75,0.0,0.0
2014-08-27,0.75,0.75,0.75,0.75,0.0,0.0
2014-08-28,0.75,0.75,0.75,0.75,0.0,0.0
2014-08-29,0.75,0.75,0.75,0.75,0.0,0.0
2014-09-01,0.75,0.75,0.75,0.75,0.0,0.0
2014-09-02,0.75,0.75,0.75,0.75,0.0,0.0
2014-09-03,0.75,0.75,0.75,0.75,0.0,0.0
2014-09-04,0.75,0.75,0.75,0.75,0.0,0.0
2014-09-05,0.75,0.75,0.75,0.75,0.0,0.0
2014-09-08,0.75,0.75,0.75,0.75,0.0,0.0
2014-09-09,0.75,0.75,0.75,0.75,0.0,0.0
2014-09-10,0.75,0.75,0.75,0.75,0.0,0.0
2014-09-11,0.75,0.75,0.75,0.75,0.0,0.0
2014-09-12,0.75,0.75,0.75,0.75,0.0,0.0
2014-09-15,0.75,0.75,0.75,0.75,0.0,0.0
2014-09-16,0.75,0.75,0.75,0.75,0.0,0.0
2014-09-17,0.75,0.75,0.75,0.75,0.0,0.0
2014-09-18,0.75,0.75,0.75,0.75,0.0,0.0
2014-09-19,0.75,0.75,0.75,0.75,0.0,0.0
2014-09-22,0.75,0.75,0.75,0.75,0.0,0.0
2014-09-23,0.75,0.75,0.75,0.75,0.0,0.0
2014-09-24,0.75,0.75,0.75,0.75,0.0,0.0
2014-09-25,0.75,0.75,0.75,0.75,0.0,0.0
2014-09-26,0.75,0.75,0.75,0.75,0.0,0.0
2014-09-29,0.75,0.75,0.75,0.75,0.0,0.0
2014-09-30,0.75,0.75,0.75,0.75,0.0,0.0
2014-10-01,0.75,0.75,0.75,0.75,0.0,0.0
2014-10-02,0.75,0.75,0.75,0.75,0.0,0.0
2014-10-03,0.75,0.75,0.75,0.75,0.0,0.0
2014-10-06,0.75,0.75,0.75,0.75,0.0,0.0
2014-10-07,0.75,0.75,0.75,0.75,0.0,0.0
2014-10-08,0.75,0.75,0.75,0.75,0.0,0.0
2014-10-09,0.75,0.75,0.75,0.75,0.0,0.0
2014-10-10,0.75,0.75,0.75,0.75,0.0,0.0
2014-10-13,0.75,0.75,0.75,0.75,0.0,0.0
2014-10-14,0.75,0.75,0.75,0.75,0.0,0.0
2014-10-15,0.75,0.75,0.75,0.75,0.0,0.0
2014-10-16,0.75,0.75,0.75,0.75,0.0,0.0
2014-10-17,0.75,0.75,0.75,0.75,0.0,0.0
2014-10-20,0.75,0.75,0.75,0.75,0.0,0.0
2014-10-21,0.75,0.75,0.75,0.75,0.0,0.0
2014-10-22,0.75,0.75,0.75,0.75,0.0,0.0
2014-10-23,0.75,0.75,0.75,0.75,0.0,0.0
2014-10-24,0.75,0.75,0.75,0.75,0.0,0.0
2014-10-27,0.75,0.75,0.75,0.75,0.0,0.0
2014-10-28,0.75,0.75,0.75,0.75,0.0,0.0
2014-10-29,0.75,0.75,0.75,0.75,0.0,0.0
2014-10-30,0.75,0.75,0.75,0.75,0.0,0.0
2014-10-31,0.75,0.75,0.75,0.75,0.0,0.0
2014-11-03,0.75,0.75,0.75,0.75,0.0,0.0
2014-11-04,0.75,0.75,0.75,0.75,0.0,0.0
2014-11-05,0.75,0.75,0.75,0.75,0.0,0.0
2014-11-06,0.75,0.75,0.75,0.75,0.0,0.0
2014-11-07,0.75,0.75,0.75,0.75,0.0,0.0
2014-11-10,0.75,0.75,0.75,0.75,0.0,0.0
2014-11-11,0.75,0.75,0.75,0.75,0.0,0.0
2014-11-12,0.75,0.75,0.75,0.75,0.0,0.0
2014-11-13,0.75,0.75,0.75,0.75,0.0,0.0
2014-11-14,0.75,0.75,0.75,0.75,0.0,0.0
2014-11-17,0.75,0.75,0.75,0.75,0.0,0.0
2014-11-18,0.75,0.75,0.75,0.75,0.0,0.0
2014-11-19,0.75,0.75,0.75,0.75,0.0,0.0
2014-11-20,0.75,0.75,0.75,0.75,0.0,0.0
2014-11-21,0.75,0.75,0.75,0.75,0.0,0.0
2014-11-24,0.75,0.75,0.75,0.75,0.0,0.0
2014-11-25,0.75,0.75,0.75,0.75,0.0,0.0
2014-11-26,0.75,0.75,0.75,0.75,0.0,0.0
2014-11-27,0.75,0.75,0.75,0.75,0.0,0.0
2014-11-28,0.75,0.75,0.75,0.75,0.0,0.0
2014-12-01,0.75,0.75,0.75,0.75,0.0,0.0
2014-12-02,0.75,0.75,0.75,0.75,0.0,0.0
2014-12-03,0.75,0.75,0.75,0.75,0.0,0.0
2014-12-04,0.75,0.75,0.75,0.75,0.0,0.0
2014-12-05,0.75,0.75,0.75,0.75,0.0,0.0
2014-12-08,0.75,0.75,0.75,0.75,0.0,0.0
2014-12-09,0.75,0.75,0.75,0.75,0.0,0.0
2014-12-10,0.75,0.75,0.75,0.75,0.0,0.0
2014-12-11,0.75,0.75,0.75,0.75,0.0,0.0
2014-12-12,0.75,0.75,0.75,0.75,0.0,0.0
2014-12-15,0.75,0.75,0.75,0.75,0.0,0.0
2014-12-16,0.75,0.75,0.75,0.75,0.0,0.0
2014-12-17,0.75,0.75,0.75,0.75,0.0,0.0
2014-12-18,0.75,0.75,0.75,0.75,0.0,0.0
2014-12-19,0.75,0.75,0.75,0.75,0.0,0.0
2014-12-22,0.75,0.75,0.75,0.75,0.0,0.0
2014-12-23,0.75,0.75,0.75,0.75,0.0,0.0
2014-12-24,0.75,0.75,0.75,0.75,0.0,0.0
2014-12-29,0.75,0.75,0.75,0.75,0.0,0.0
2014-12-30,0.75,0.75,0.75,0.75,0.0,0.0
2014-12-31,0.75,0.75,0.75,0.75,0.0,0.0
2015-01-02,0.75,0.75,0.75,0.75,0.0,0.0
2015-01-05,0.75,0.75,0.75,0.75,0.0,0.0
2015-01-06,0.75,0.75,0.75,0.75,0.0,0.0
2015-01-07,0.75,0.75,0.75,0.75,0.0,0.0
2015-01-08,0.75,0.75,0.75,0.75,0.0,0.0
2015-01-09,0.75,0.75,0.75,0.75,0.0,0.0
2015-01-12,0.75,0.75,0.75,0.75,0.0,0.0
2015-01-13,0.75,0.75,0.75,0.75,0.0,0.0
2015-01-14,0.75,0.75,0.75,0.75,0.0,0.0
2015-01-15,0.75,0.75,0.75,0.75,0.0,0.0
2015-01-16,0.75,0.75,0.75,0.75,0.0,0.0
2015-01-19,0.75,0.75,0.75,0.75,0.0,0.0
2015-01-20,0.75,0.75,0.75,0.75,0.0,0.0
2015-01-21,0.75,0.75,0.75,0.75,0.0,0.0
2015-01-22,0.75,0.75,0.75,0.75,0.0,0.0
2015-01-23,0.75,0.75,0.75,0.75,0.0,0.0
2015-01-26,0.75,0.75,0.75,0.75,0.0,0.0
2015-01-27,0.75,0.75,0.75,0.75,0.0,0.0
2015-01-28,0.75,0.75,0.75,0.75,0.0,0.0
2015-01-29,0.75,0.75,0.75,0.75,0.0,0.0
2015-01-30,0.75,0.75,0.75,0.75,0.0,0.0
2015-02-02,0.75,0.75,0.75,0.75,0.0,0.0
2015-02-03,0.75,0.75,0.75,0.75,0.0,0.0
2015-02-04,0.75,0.75,0.75,0.75,0.0,0.0
2015-02-05,0.75,0.75,0.75,0.75,0.0,0.0
2015-02-06,0.75,0.75,0.75,0.75,0.0,0.0
2015-02-09,0.75,0.75,0.75,0.75,0.0,0.0
2015-02-10,0.75,0.75,0.75,0.75,0.0,0.0
2015-02-11,0.75,0.75,0.75,0.75,0.0,0.0
2015-02-12,0.75,0.75,0.75,0.75,0.0,0.0
2015-02-13,0.75,0.75,0.75,0.75,0.0,0.0
2015-02-16,0.75,0.75,0.75,0.75,0.0,0.0
2015-02-17,0.75,0.75,0.75,0.75,0.0,0.0
2015-02-18,0.75,0.75,0.75,0.75,0.0,0.0
2015-02-19,0.75,0.75,0.75,0.75,0.0,0.0
2015-02-20,0.75,0.75,0.75,0.75,0.0,0.0
2015-02-23,0.75,0.75,0.75,0.75,0.0,0.0
2015-02-24,0.75,0.75,0.75,0.75,0.0,0.0
2015-02-25,0.75,0.75,0.75,0.75,0.0,0.0
2015-02-26,0.75,0.75,0.75,0.75,0.0,0.0
2015-02-27,0.75,0.75,0.75,0.75,0.0,0.0
2015-03-02,0.75,0.75,0.75,0.75,0.0,0.0
2015-03-03,0.75,0.75,0.75,0.75,0.0,0.0
2015-03-04,0.75,0.75,0.75,0.75,0.0,0.0
2015-03-05,0.75,0.75,0.75,0.75,0.0,0.0
2015-03-06,0.75,0.75,0.75,0.75,0.0,0.0
2015-03-09,0.75,0.75,0.75,0.75,0.0,0.0
2015-03-10,0.75,0.75,0.75,0.75,0.0,0.0
2015-03-11,0.75,0.75,0.75,0.75,0.0,0.0
2015-03-12,0.75,0.75,0.75,0.75,0.0,0.0
2015-03-13,0.75,0.75,0.75,0.75,0.0,0.0
2015-03-16,0.75,0.75,0.75,0.75,0.0,0.0
2015-03-17,0.75,0.75,0.75,0.75,0.0,0.0
2015-03-18,0.75,0.75,0.75,0.75,0.0,0.0
2015-03-19,0.75,0.75,0.75,0.75,0.0,0.0
2015-03-20,0.75,0.75,0.75,0.75,0.0,0.0
2015-03-23,0.75,0.75,0.75,0.75,0.0,0.0
2015-03-24,0.75,0.75,0.75,0.75,0.0,0.0
2015-03-25,0.75,0.75,0.75,0.75,0.0,0.0
2015-03-26,0.75,0.75,0.75,0.75,0.0,0.0
2015-03-27,0.75,0.75,0.75,0.75,0.0,0.0
2015-03-30,0.75,0.75,0.75,0.75,0.0,0.0
2015-03-31,0.75,0.75,0.75,0.75,0.0,0.0
2015-04-01,0.75,0.75,0.75,0.75,0.0,0.0
2015-04-02,0.75,0.75,0.75,0.75,0.0,0.0
2015-04-06,0.75,0.75,0.75,0.75,0.0,0.0
2015-04-07,0.75,0.75,0.75,0.75,0.0,0.0
2015-04-08,0.75,0.75,0.75,0.75,0.0,0.0
2015-04-09,0.75,0.75,0.75,0.75,0.0,0.0
2015-04-10,0.75,0.75,0.75,0.75,0.0,0.0
2015-04-13,0.75,0.75,0.75,0.75,0.0,0.0
2015-04-14,0.75,0.75,0.75,0.75,0.0,0.0
2015-04-15,0.75,0.75,0.75,0.75,0.0,0.0
2015-04-16,0.75,0.75,0.75,0.75,0.0,0.0
2015-04-17,0.75,0.75,0.75,0.75,0.0,0.0
2015-04-20,0.75,0.75,0.75,0.75,0.0,0.0
2015-04-21,0.75,0.75,0.75,0.75,0.0,0.0
2015-04-22,0.75,0.75,0.75,0.75,0.0,0.0
2015-04-23,0.75,0.75,0.75,0.75,0.0,0.0
2015-04-24,0.75,0.75,0.75,0.75,0.0,0.0
2015-04-27,0.75,0.75,0.75,0.75,0.0,0.0
2015-04-28,0.75,0.75,0.75,0.75,0.0,0.0
2015-04-29,0.75,0.75,0.75,0.75,0.0,0.0
2015-04-30,0.75,0.75,0.75,0.75,0.0,0.0
2015-05-01,0.75,0.75,0.75,0.75,0.0,0.0
2015-05-04,0.75,0.75,0.75,0.75,0.0,0.0
2015-05-05,0.75,0.75,0.75,0.75,0.0,0.0
2015-05-06,0.75,0.75,0.75,0.75,0.0,0.0
2015-05-07,0.75,0.75,0.75,0.75,0.0,0.0
2015-05-08,0.75,0.75,0.75,0.75,0.0,0.0
2015-05-11,0.75,0.75,0.75,0.75,0.0,0.0
2015-05-12,0.75,0.75,0.75,0.75,0.0,0.0
2015-05-13,0.75,0.75,0.75,0.75,0.0,0.0
2015-05-14,0.75,0.75,0.75,0.75,0.0,0.0
2015-05-15,0.75,0.75,0.75,0.75,0.0,0.0
2015-05-18,0.75,0.75,0.75,0.75,0.0,0.0
2015-05-19,0.75,0.75,0.75,0.75,0.0,0.0
2015-05-20,0.75,0.75,0.75,0.75,0.0,0.0
2015-05-21,0.75,0.75,0.75,0.75,0.0,0.0
2015-05-22,0.75,0.75,0.75,0.75,0.0,0.0
2015-05-25,0.75,0.75,0.75,0.75,0.0,0.0
2015-05-26,0.75,0.75,0.75,0.75,0.0,0.0
2015-05-27,0.75,0.75,0.75,0.75,0.0,0.0
2015-05-28,0.75,0.75,0.75,0.75,0.0,0.0
2015-05-29,0.75,0.75,0.75,0.75,0.0,0.0
2015-06-01,0.75,0.75,0.75,0.75,0.0,0.0
2015-06-02,0.75,0.75,0.75,0.75,0.0,0.0
2015-06-03,0.75,0.75,0.75,0.75,0.0,0.0
2015-06-04,0.75,0.75,0.75,0.75,0.0,0.0
2015-06-05,0.75,0.75,0.75,0.75,0.0,0.0
2015-06-08,0.75,0.75,0.75,0.75,0.0,0.0
2015-06-09,0.75,0.75,0.75,0.75,0.0,0.0
2015-06-10,0.75,0.75,0.75,0.75,0.0,0.0
2015-06-11,0.75,0.75,0.75,0.75,0.0,0.0
2015-06-12,0.75,0.75,0.75,0.75,0.0,0.0
2015-06-15,0.75,0.75,0.75,0.75,0.0,0.0
2015-06-16,0.75,0.75,0.75,0.75,0.0,0.0
2015-06-17,0.75,0.75,0.75,0.75,0.0,0.0
2015-06-18,0.75,0.75,0.75,0.75,0.0,0.0
2015-06-19,0.75,0.75,0.75,0.75,0.0,0.0
2015-06-22,0.75,0.75,0.75,0.75,0.0,0.0
2015-06-23,0.75,0.75,0.75,0.75,0.0,0.0
2015-06-24,0.75,0.75,0.75,0.75,0.0,0.0
2015-06-25,0.75,0.75,0.75,0.75,0.0,0.0
2015-06-26,0.75,0.75,0.75,0.75,0.0,0.0
2015-06-29,0.75,0.75,0.75,0.75,0.0,0.0
2015-06-30,0.75,0.75,0.75,0.75,0.0,0.0
2015-07-01,0.75,0.75,0.75,0.75,0.0,0.0
2015-07-02,0.75,0.75,0.75,0.75,0.0,0.0
2015-07-03,0.75,0.75,0.75,0.75,0.0,0.0
2015-07-06,0.75,0.75,0.75,0.75,0.0,0.0
2015-07-07,0.75,0.75,0.75,0.75,0.0,0.0
2015-07-08,0.75,0.75,0.75,0.75,0.0,0.0
2015-07-09,0.75,0.75,0.75,0.75,0.0,0.0
2015-07-10,0.75,0.75,0.75,0.75,0.0,0.0
2015-07-13,0.75,0.75,0.75,0.75,0.0,0.0
2015-07-14,0.75,0.75,0.75,0.75,0.0,0.0
2015-07-15,0.75,0.75,0.75,0.75,0.0,0.0
2015-07-16,0.75,0.75,0.75,0.75,0.0,0.0
2015-07-17,0.75,0.75,0.75,0.75,0.0,0.0
2015-07-20,0.75,0.75,0.75,0.75,0.0,0.0
2015-07-21,0.75,0.75,0.75,0.75,0.0,0.0
2015-07-22,0.75,0.75,0.75,0.75,0.0,0.0
2015-07-23,0.75,0.75,0.75,0.75,0.0,0.0
2015-07-24,0.75,0.75,0.75,0.75,0.0,0.0
2015-07-27,0.75,0.75,0.75,0.75,0.0,0.0
2015-07-28,0.75,0.75,0.75,0.75,0.0,0.0
2015-07-29,0.75,0.75,0.75,0.75,0.0,0.0
2015-07-30,0.75,0.75,0.75,0.75,0.0,0.0
2015-07-31,0.75,0.75,0.75,0.75,0.0,0.0
2015-08-03,0.75,0.75,0.75,0.75,0.0,0.0
2015-08-04,0.75,0.75,0.75,0.75,0.0,0.0
2015-08-05,0.75,0.75,0.75,0.75,0.0,0.0
2015-08-06,0.75,0.75,0.75,0.75,0.0,0.0
2015-08-07,0.75,0.75,0.75,0.75,0.0,0.0
2015-08-10,0.75,0.75,0.75,0.75,0.0,0.0
2015-08-11,0.75,0.75,0.75,0.75,0.0,0.0
2015-08-12,0.75,0.75,0.75,0.75,0.0,0.0
2015-08-13,0.75,0.75,0.75,0.75,0.0,0.0
2015-08-14,0.75,0.75,0.75,0.75,0.0,0.0
2015-08-17,0.75,0.75,0.75,0.75,0.0,0.0
2015-08-18,0.75,0.75,0.75,0.75,0.0,0.0
2015-08-19,0.75,0.75,0.75,0.75,0.0,0.0
2015-08-20,0.75,0.75,0.75,0.75,0.0,0.0
2015-08-21,0.75,0.75,0.75,0.75,0.0,0.0
2015-08-24,0.75,0.75,0.75,0.75,0.0,0.0
2015-08-25,0.75,0.75,0.75,0.75,0.0,0.0
2015-08-26,0.75,0.75,0.75,0.75,0.0,0.0
2015-08-27,0.75,0.75,0.75,0.75,0.0,0.0
2015-08-28,0.75,0.75,0.75,0.75,0.0,0.0
2015-08-31,0.75,0.75,0.75,0.75,0.0,0.0
2015-09-01,0.75,0.75,0.75,0.75,0.0,0.0
2015-09-02,0.75,0.75,0.75,0.75,0.0,0.0
2015-09-03,0.75,0.75,0.75,0.75,0.0,0.0
2015-09-04,0.75,0.75,0.75,0.75,0.0,0.0
2015-09-07,0.75,0.75,0.75,0.75,0.0,0.0
2015-09-08,0.75,0.75,0.75,0.75,0.0,0.0
2015-09-09,0.75,0.75,0.75,0.75,0.0,0.0
2015-09-10,0.75,0.75,0.75,0.75,0.0,0.0
2015-09-11,0.75,0.75,0.75,0.75,0.0,0.0
2015-09-14,0.75,0.75,0.75,0.75,0.0,0.0
2015-09-15,0.75,0.75,0.75,0.75,0.0,0.0
2015-09-16,0.75,0.75,0.75,0.75,0.0,0.0
2015-09-17,0.75,0.75,0.75,0.75,0.0,0.0
2015-09-18,0.75,0.75,0.75,0.75,0.0,0.0
2015-09-21,0.75,0.75,0.75,0.75,0.0,0.0
2015-09-22,0.75,0.75,0.75,0.75,0.0,0.0
2015-09-23,0.75,0.75,0.75,0.75,0.0,0.0
2015-09-24,0.75,0.75,0.75,0.75,0.0,0.0
2015-09-25,0.75,0.75,0.75,0.75,0.0,0.0
2015-09-28,0.75,0.75,0.75,0.75,0.0,0.0
2015-09-29,0.75,0.75,0.75,0.75,0.0,0.0
2015-09-30,0.75,0.75,0.75,0.75,0.0,0.0
2015-10-01,0.75,0.75,0.75,0.75,0.0,0.0
2015-10-02,0.75,0.75,0.75,0.75,0.0,0.0
2015-10-05,0.75,0.75,0.75,0.75,0.0,0.0
2015-10-06,0.75,0.75,0.75,0.75,0.0,0.0
2015-10-07,0.75,0.75,0.75,0.75,0.0,0.0
2015-10-08,0.75,0.75,0.75,0.75,0.0,0.0
2015-10-09,0.75,0.75,0.75,0.75,0.0,0.0
2015-10-12,0.75,0.75,0.75,0.75,0.0,0.0
2015-10-13,0.75,0.75,0.75,0.75,0.0,0.0
2015-10-14,0.75,0.75,0.75,0.75,0.0,0.0
2015-10-15,0.75,0.75,0.75,0.75,0.0,0.0
2015-10-16,0.75,0.75,0.75,0.75,0.0,0.0
2015-10-19,0.75,0.75,0.75,0.75,0.0,0.0
2015-10-20,0.75,0.75,0.75,0.75,0.0,0.0
2015-10-21,0.75,0.75,0.75,0.75,0.0,0.0
2015-10-22,0.75,0.75,0.75,0.75,0.0,0.0
2015-10-23,0.75,0.75,0.75,0.75,0.0,0.0
2015-10-26,0.75,0.75,0.75,0.75,0.0,0.0
2015-10-27,0.75,0.75,0.75,0.75,0.0,0.0
2015-10-28,0.75,0.75,0.75,0.75,0.0,0.0
2015-10-29,0.75,0.75,0.75,0.75,0.0,0.0
2015-10-30,0.75,0.75,0.75,0.75,0.0,0.0
2015-11-02,0.75,0.75,0.75,0.75,0.0,0.0
2015-11-03,0.75,0.75,0.75,0.75,0.0,0.0
2015-11-04,0.75,0.75,0.75,0.75,0.0,0.0
2015-11-05,0.75,0.75,0.75,0.75,0.0,0.0
2015-11-06,0.75,0.75,0.75,0.75,0.0,0.0
2015-11-09,0.75,0.75,0.75,0.75,0.0,0.0
2015-11-10,0.75,0.75,0.75,0.75,0.0,0.0
2015-11-11,0.75,0.75,0.75,0.75,0.0,0.0
2015-11-12,0.75,0.75,0.75,0.75,0.0,0.0
2015-11-13,0.75,0.75,0.75,0.75,0.0,0.0
2015-11-16,0.75,0.75,0.75,0.75,0.0,0.0
2015-11-17,0.75,0.75,0.75,0.75,0.0,0.0
2015-11-18,0.75,0.75,0.75,0.75,0.0,0.0
2015-11-19,0.75,0.75,0.75,0.75,0.0,0.0
2015-11-20,0.75,0.75,0.75,0.75,0.0,0.0
2015-11-23,0.75,0.75,0.75,0.75,0.0,0.0
2015-11-24,0.75,0.75,0.75,0.75,0.0,0.0
2015-11-25,0.75,0.75,0.75,0.75,0.0,0.0
2015-11-26,0.75,0.75,0.75,0.75,0.0,0.0
2015-11-27,0.75,0.75,0.75,0.75,0.0,0.0
2015-11-30,0.75,0.75,0.75,0.75,0.0,0.0
2015-12-01,0.75,0.75,0.75,0.75,0.0,0.0
2015-12-02,0.75,0.75,0.75,0.75,0.0,0.0
2015-12-03,0.75,0.75,0.75,0.75,0.0,0.0
2015-12-04,0.75,0.75,0.75,0.75,0.0,0.0
2015-12-07,0.75,0.75,0.75,0.75,0.0,0.0
2015-12-08,0.75,0.75,0.75,0.75,0.0,0.0
2015-12-09,0.75,0.75,0.75,0.75,0.0,0.0
2015-12-10,0.75,0.75,0.75,0.75,0.0,0.0
2015-12-11,0.75,0.75,0.75,0.75,0.0,0.0
2015-12-14,0.75,0.75,0.75,0.75,0.0,0.0
2015-12-15,0.75,0.75,0.75,0.75,0.0,0.0
2015-12-16,0.75,0.75,0.75,0.75,0.0,0.0
2015-12-17,0.75,0.75,0.75,0.75,0.0,0.0
2015-12-18,0.75,0.75,0.75,0.75,0.0,0.0
2015-12-21,0.75,0.75,0.75,0.75,0.0,0.0
2015-12-22,0.75,0.75,0.75,0.75,0.0,0.0
2015-12-23,0.75,0.75,0.75,0.75,0.0,0.0
2015-12-24,0.75,0.75,0.75,0.75,0.0,0.0
2015-12-28,0.75,0.75,0.75,0.75,0.0,0.0
2015-12-29,0.75,0.75,0.75,0.75,0.0,0.0
2015-12-30,0.75,0.75,0.75,0.75,0.0,0.0
2015-12-31,0.75,0.75,0.75,0.75,0.0,0.0
2016-01-04,0.75,0.75,0.75,0.75,0.0,0.0
2016-01-05,0.75,0.75,0.75,0.75,0.0,0.0
2016-01-06,0.75,0.75,0.75,0.75,0.0,0.0
2016-01-07,0.75,0.75,0.75,0.75,0.0,0.0
2016-01-08,0.75,0.75,0.75,0.75,0.0,0.0
2016-01-11,0.75,0.75,0.75,0.75,0.0,0.0
2016-01-12,0.75,0.75,0.75,0.75,0.0,0.0
2016-01-13,0.75,0.75,0.75,0.75,0.0,0.0
2016-01-14,0.75,0.75,0.75,0.75,0.0,0.0
2016-01-15,0.75,0.75,0.75,0.75,0.0,0.0
2016-01-18,0.75,0.75,0.75,0.75,0.0,0.0
2016-01-19,0.75,0.75,0.75,0.75,0.0,0.0
2016-01-20,0.75,0.75,0.75,0.75,0.0,0.0
2016-01-21,0.75,0.75,0.75,0.75,0.0,0.0
2016-01-22,0.75,0.75,0.75,0.75,0.0,0.0
2016-01-25,0.75,0.75,0.75,0.75,0.0,0.0
2016-01-26,0.75,0.75,0.75,0.75,0.0,0.0
2016-01-27,0.75,0.75,0.75,0.75,0.0,0.0
2016-01-28,0.75,0.75,0.75,0.75,0.0,0.0
2016-01-29,0.75,0.75,0.75,0.75,0.0,0.0
2016-02-01,0.75,0.75,0.75,0.75,0.0,0.0
2016-02-02,0.75,0.75,0.75,0.75,0.0,0.0
2016-02-03,0.75,0.75,0.75,0.75,0.0,0.0
2016-02-04,0.75,0.75,0.75,0.75,0.0,0.0
2016-02-05,0.75,0.75,0.75,0.75,0.0,0.0
2016-02-08,0.75,0.75,0.75,0.75,0.0,0.0
2016-02-09,0.75,0.75,0.75,0.75,0.0,0.0
2016-02-10,0.75,0.75,0.75,0.75,0.0,0.0
2016-02-11,0.75,0.75,0.75,0.75,0.0,0.0
2016-02-12,0.75,0.75,0.75,0.75,0.0,0.0
2016-02-15,0.75,0.75,0.75,0.75,0.0,0.0
2016-02-16,0.75,0.75,0.75,0.75,0.0,0.0
2016-02-17,0.75,0.75,0.75,0.75,0.0,0.0
2016-02-18,0.75,0.75,0.75,0.75,0.0,0.0
2016-02-19,0.75,0.75,0.75,0.75,0.0,0.0
2016-02-22,0.75,0.75,0.75,0.75,0.0,0.0
2016-02-23,0.75,0.75,0.75,0.75,0.0,0.0
2016-02-24,0.75,0.75,0.75,0.75,0.0,0.0
2016-02-25,0.75,0.75,0.75,0.75,0.0,0.0
2016-02-26,0.75,0.75,0.75,0.75,0.0,0.0
2016-02-29,0.75,0.75,0.75,0.75,0.0,0.0
2016-03-01,0.75,0.75,0.75,0.75,0.0,0.0
2016-03-02,0.75,0.75,0.75,0.75,0.0,0.0
2016-03-03,0.75,0.75,0.75,0.75,0.0,0.0
2016-03-04,0.75,0.75,0.75,0.75,0.0,0.0
2016-03-07,0.75,0.75,0.75,0.75,0.0,0.0
2016-03-08,0.75,0.75,0.75,0.75,0.0,0.0
2016-03-09,0.75,0.75,0.75,0.75,0.0,0.0
2016-03-10,0.75,0.75,0.75,0.75,0.0,0.0
2016-03-11,0.75,0.75,0.75,0.75,0.0,0.0
2016-03-14,0.75,0.75,0.75,0.75,0.0,0.0
2016-03-15,0.75,0.75,0.75,0.75,0.0,0.0
2016-03-16,0.75,0.75,0.75,0.75,0.0,0.0
2016-03-17,0.75,0.75,0.75,0.75,0.0,0.0
2016-03-18,0.75,0.75,0.75,0.75,0.0,0.0
2016-03-21,0.75,0.75,0.75,0.75,0.0,0.0
2016-03-22,0.75,0.75,0.75,0.75,0.0,0.0
2016-03-23,0.75,0.75,0.75,0.75,0.0,0.0
2016-03-24,0.75,0.75,0.75,0.75,0.0,0.0
2016-03-28,0.75,0.75,0.75,0.75,0.0,0.0
2016-03-29,0.75,0.75,0.75,0.75,0.0,0.0
2016-03-30,0.75,0.75,0.75,0.75,0.0,0.0
2016-03-31,0.75,0.75,0.75,0.75,0.0,0.0
2016-04-01,0.75,0.75,0.75,0.75,0.0,0.0
2016-04-04,0.75,0.75,0.75,0.75,0.0,0.0
2016-04-05,0.75,0.75,0.75,0.75,0.0,0.0
2016-04-06,0.75,0.75,0.75,0.75,0.0,0.0
2016-04-07,0.75,0.75,0.75,0.75,0.0,0.0
2016-04-08,0.75,0.75,0.75,0.75,0.0,0.0
2016-04-11,0.75,0.75,0.75,0.75,0.0,0.0
2016-04-12,0.75,0.75,0.75,0.75,0.0,0.0
2016-04-13,0.75,0.75,0.75,0.75,0.0,0.0
2016-04-14,0.75,0.75,0.75,0.75,0.0,0.0
2016-04-15,0.75,0.75,0.75,0.75,0.0,0.0
2016-04-18,0.75,0.75,0.75,0.75,0.0,0.0
2016-04-19,0.75,0.75,0.75,0.75,0.0,0.0
2016-04-20,0.75,0.75,0.75,0.75,0.0,0.0
2016-04-21,0.75,0.75,0.75,0.75,0.0,0.0
2016-04-22,0.75,0.75,0.75,0.75,0.0,0.0
2016-04-25,0.75,0.75,0.75,0.75,0.0,0.0
2016-04-26,0.75,0.75,0.75,0.75,0.0,0.0
2016-04-27,0.75,0.75,0.75,0.75,0.0,0.0
2016-04-28,0.75,0.75,0.75,0.75,0.0,0.0
2016-04-29,0.75,0.75,0.75,0.75,0.0,0.0
2016-05-02,0.75,0.75,0.75,0.75,0.0,0.0
2016-05-03,0.75,0.75,0.75,0.75,0.0,0.0
2016-05-04,0.75,0.75,0.75,0.75,0.0,0.0
2016-05-05,0.75,0.75,0.75,0.75,0.0,0.0
2016-05-06,0.75,0.75,0.75,0.75,0.0,0.0
2016-05-09,0.75,0.75,0.75,0.75,0.0,0.0
2016-05-10,0.75,0.75,0.75,0.75,0.0,0.0
2016-05-11,0.75,0.75,0.75,0.75,0.0,0.0
2016-05-12,0.75,0.75,0.75,0.75,0.0,0.0
2016-05-13,0.75,0.75,0.75,0.75,0.0,0.0
2016-05-16,0.75,0.75,0.75,0.75,0.0,0.0
2016-05-17,0.75,0.75,0.75,0.75,0.0,0.0
2016-05-18,0.75,0.75,0.75,0.75,0.0,0.0
2016-05-19,0.75,0.75,0.75,0.75,0.0,0.0
2016-05-20,0.75,0.75,0.75,0.75,0.0,0.0
2016-05-23,0.75,0.75,0.75,0.75,0.0,0.0
2016-05-24,0.75,0.75,0.75,0.75,0.0,0.0
2016-05-25,0.75,0.75,0.75,0.75,0.0,0.0
2016-05-26,0.75,0.75,0.75,0.75,0.0,0.0
2016-05-27,0.75,0.75,0.75,0.75,0.0,0.0
2016-05-30,0.75,0.75,0.75,0.75,0.0,0.0
2016-05-31,0.75,0.75,0.75,0.75,0.0,0.0
2016-06-01,0.75,0.75,0.75,0.75,0.0,0.0
2016-06-02,0.75,0.75,0.75,0.75,0.0,0.0
2016-06-03,0.75,0.75,0.75,0.75,0.0,0.0
2016-06-06,0.75,0.75,0.75,0.75,0.0,0.0
2016-06-07,0.75,0.75,0.75,0.75,0.0,0.0
2016-06-08,0.75,0.75,0.75,0.75,0.0,0.0
2016-06-09,0.75,0.75,0.75,0.75,0.0,0.0
2016-06-10,0.75,0.75,0.75,0.75,0.0,0.0
2016-06-13,0.75,0.75,0.75,0.75,0.0,0.0
2016-06-14,0.75,0.75,0.75,0.75,0.0,0.0
2016-06-15,0.75,0.75,0.75,0.75,0.0,0.0
2016-06-16,0.75,0.75,0.75,0.75,0.0,0.0
2016-06-17,0.75,0.75,0.75,0.75,0.0,0.0
2016-06-20,0.75,0.75,0.75,0.75,0.0,0.0
2016-06-21,0.75,0.75,0.75,0.75,0.0,0.0
2016-06-22,0.75,0.75,0.75,0.75,0.0,0.0
2016-06-23,0.75,0.75,0.75,0.75,0.0,0.0
2016-06-24,0.75,0.75,0.75,0.75,0.0,0.0
2016-06-27,0.75,0.75,0.75,0.75,0.0,0.0
2016-06-28,0.75,0.75,0.75,0.75,0.0,0.0
2016-06-29,0.75,0.75,0.75,0.75,0.0,0.0
2016-06-30,0.75,0.75,0.75,0.75,0.0,0.0
2016-07-01,0.75,0.75,0.75,0.75,0.0,0.0
2016-07-04,0.75,0.75,0.75,0.75,0.0,0.0
2016-07-05,0.75,0.75,0.75,0.75,0.0,0.0
2016-07-06,0.75,0.75,0.75,0.75,0.0,0.0
2016-07-07,0.75,0.75,0.75,0.75,0.0,0.0
2016-07-08,0.75,0.75,0.75,0.75,0.0,0.0
2016-07-11,0.75,0.75,0.75,0.75,0.0,0.0
2016-07-12,0.75,0.75,0.75,0.75,0.0,0.0
2016-07-13,0.75,0.75,0.75,0.75,0.0,0.0
2016-07-14,0.75,0.75,0.75,0.75,0.0,0.0
2016-07-15,0.75,0.75,0.75,0.75,0.0,0.0
2016-07-18,0.75,0.75,0.75,0.75,0.0,0.0
2016-07-19,0.75,0.75,0.75,0.75,0.0,0.0
2016-07-20,0.75,0.75,0.75,0.75,0.0,0.0
2016-07-21,0.75,0.75,0.75,0.75,0.0,0.0
2016-07-22,0.75,0.75,0.75,0.75,0.0,0.0
2016-07-25,0.75,0.75,0.75,0.75,0.0,0.0
2016-07-26,0.75,0.75,0.75,0.75,0.0,0.0
2016-07-27,0.75,0.75,0.75,0.75,0.0,0.0
2016-07-28,0.75,0.75,0.75,0.75,0.0,0.0
2016-07-29,0.75,0.75,0.75,0.75,0.0,0.0
2016-08-01,0.75,0.75,0.75,0.75,0.0,0.0
2016-08-02,0.75,0.75,0.75,0.75,0.0,0.0
2016-08-03,0.75,0.75,0.75,0.75,0.0,0.0
2016-08-04,0.75,0.75,0.75,0.75,0.0,0.0
2016-08-05,0.75,0.75,0.75,0.75,0.0,0.0
2016-08-08,0.75,0.75,0.75,0.75,0.0,0.0
2016-08-09,0.75,0.75,0.75,0.75,0.0,0.0
2016-08-10,0.75,0.75,0.75,0.75,0.0,0.0
2016-08-11,0.75,0.75,0.75,0.75,0.0,0.0
2016-08-12,0.75,0.75,0.75,0.75,0.0,0.0
2016-08-15,0.75,0.75,0.75,0.75,0.0,0.0
2016-08-16,0.75,0.75,0.75,0.75,0.0,0.0
2016-08-17,0.75,0.75,0.75,0.75,0.0,0.0
2016-08-18,0.75,0.75,0.75,0.75,0.0,0.0
2016-08-19,0.75,0.75,0.75,0.75,0.0,0.0
2016-08-22,0.75,0.75,0.75,0.75,0.0,0.0
2016-08-23,0.75,0.75,0.75,0.75,0.0,0.0
2016-08-24,0.75,0.75,0.75,0.75,0.0,0.0
2016-08-25,0.75,0.75,0.75,0.75,0.0,0.0
2016-08-26,0.75,0.75,0.75,0.75,0.0,0.0
2016-08-29,0.75,0.75,0.75,0.75,0.0,0.0
2016-08-30,0.75,0.75,0.75,0.75,0.0,0.0
2016-08-31,0.75,0.75,0.75,0.75,0.0,0.0
2016-09-01,0.75,0.75,0.75,0.75,0.0,0.0
2016-09-02,0.75,0.75,0.75,0.75,0.0,0.0
2016-09-05,0.75,0.75,0.75,0.75,0.0,0.0
2016-09-06,0.75,0.75,0.75,0.75,0.0,0.0
2016-09-07,0.75,0.75,0.75,0.75,0.0,0.0
2016-09-08,0.75,0.75,0.75,0.75,0.0,0.0
2016-09-09,0.75,0.75,0.75,0.75,0.0,0.0
2016-09-12,0.75,0.75,0.75,0.75,0.0,0.0
2016-09-13,0.75,0.75,0.75,0.75,0.0,0.0
2016-09-14,0.75,0.75,0.75,0.75,0.0,0.0
2016-09-15,0.75,0.75,0.75,0.75,0.0,0.0
2016-09-16,0.75,0.75,0.75,0.75,0.0,0.0
2016-09-19,0.75,0.75,0.75,0.75,0.0,0.0
2016-09-20,0.75,0.75,0.75,0.75,0.0,0.0
2016-09-21,0.75,0.75,0.75,0.75,0.0,0.0
2016-09-22,0.75,0.75,0.75,0.75,0.0,0.0
2016-09-23,0.75,0.75,0.75,0.75,0.0,0.0
2016-09-26,0.75,0.75,0.75,0.75,0.0,0.0
2016-09-27,0.75,0.75,0.75,0.75,0.0,0.0
2016-09-28,0.75,0.75,0.75,0.75,0.0,0.0
2016-09-29,0.75,0.75,0.75,0.75,0.0,0.0
2016-09-30,0.75,0.75,0.75,0.75,0.0,0.0
2016-10-03,0.75,0.75,0.75,0.75,0.0,0.0
2016-10-04,0.75,0.75,0.75,0.75,0.0,0.0
2016-10-05,0.75,0.75,0.75,0.75,0.0,0.0
2016-10-06,0.75,0.75,0.75,0.75,0.0,0.0
2016-10-07,0.75,0.75,0.75,0.75,0.0,0.0
2016-10-10,0.75,0.75,0.75,0.75,0.0,0.0
2016-10-11,0.75,0.75,0.75,0.75,0.0,0.0
2016-10-12,0.75,0.75,0.75,0.75,0.0,0.0
2016-10-13,0.75,0.75,0.75,0.75,0.0,0.0
2016-10-14,0.75,0.75,0.75,0.75,0.0,0.0
2016-10-17,0.75,0.75,0.75,0.75,0.0,0.0
2016-10-18,0.75,0.75,0.75,0.75,0.0,0.0
2016-10-19,0.75,0.75,0.75,0.75,0.0,0.0
2016-10-20,0.75,0.75,0.75,0.75,0.0,0.0
2016-10-21,0.75,0.75,0.75,0.75,0.0,0.0
2016-10-24,0.75,0.75,0.75,0.75,0.0,0.0
2016-10-25,0.75,0.75,0.75,0.75,0.0,0.0
2016-10-26,0.75,0.75,0.75,0.75,0.0,0.0
2016-10-27,0.75,0.75,0.75,0.75,0.0,0.0
2016-10-28,0.75,0.75,0.75,0.75,0.0,0.0
2016-10-31,0.75,0.75,0.75,0.75,0.0,0.0
2016-11-01,0.75,0.75,0.75,0.75,0.0,0.0
2016-11-02,0.75,0.75,0.75,0.75,0.0,0.0
2016-11-03,0.75,0.75,0.75,0.75,0.0,0.0
2016-11-04,0.75,0.75,0.75,0.75,0.0,0.0
2016-11-07,0.75,0.75,0.75,0.75,0.0,0.0
2016-11-08,0.75,0.75,0.75,0.75,0.0,0.0
2016-11-09,0.75,0.75,0.75,0.75,0.0,0.0
2016-11-10,0.75,0.75,0.75,0.75,0.0,0.0
2016-11-11,0.75,0.75,0.75,0.75,0.0,0.0
2016-11-14,0.75,0.75,0.75,0.75,0.0,0.0
2016-11-15,0.75,0.75,0.75,0.75,0.0,0.0
2016-11-16,0.75,0.75,0.75,0.75,0.0,0.0
2016-11-17,0.75,0.75,0.75,0.75,0.0,0.0
2016-11-18,0.75,0.75,0.75,0.75,0.0,0.0
2016-11-21,0.75,0.75,0.75,0.75,0.0,0.0
2016-11-22,0.75,0.75,0.75,0.75,0.0,0.0
2016-11-23,0.75,0.75,0.75,0.75,0.0,0.0
2016-11-24,0.75,0.75,0.75,0.75,0.0,0.0
2016-11-25,0.75,0.75,0.75,0.75,0.0,0.0
2016-11-28,0.75,0.75,0.75,0.75,0.0,0.0
2016-11-29,0.75,0.75,0.75,0.75,0.0,0.0
2016-11-30,0.75,0.75,0.75,0.75,0.0,0.0
2016-12-01,0.75,0.75,0.75,0.75,0.0,0.0
2016-12-02,0.75,0.75,0.75,0.75,0.0,0.0
2016-12-05,0.75,0.75,0.75,0.75,0.0,0.0
2016-12-06,0.75,0.75,0.75,0.75,0.0,0.0
2016-12-07,0.75,0.75,0.75,0.75,0.0,0.0
2016-12-08,0.75,0.75,0.75,0.75,0.0,0.0
2016-12-09,0.75,0.75,0.75,0.75,0.0,0.0
2016-12-12,0.75,0.75,0.75,0.75,0.0,0.0
2016-12-13,0.75,0.75,0.75,0.75,0.0,0.0
2016-12-14,0.75,0.75,0.75,0.75,0.0,0.0
2016-12-15,0.75,0.75,0.75,0.75,0.0,0.0
2016-12-16,0.75,0.75,0.75,0.75,0.0,0.0
2016-12-19,0.75,0.75,0.75,0.75,0.0,0.0
2016-12-20,0.75,0.75,0.75,0.75,0.0,0.0
2016-12-21,0.75,0.75,0.75,0.75,0.0,0.0
2016-12-22,0.75,0.75,0.75,0.75,0.0,0.0
2016-12-23,0.75,0.75,0.75,0.75,0.0,0.0
2016-12-27,0.75,0.75,0.75,0.75,0.0,0.0
2016-12-28,0.75,0.75,0.75,0.75,0.0,0.0
2016-12-29,0.75,0.75,0.75,0.75,0.0,0.0
2016-12-30,0.75,0.75,0.75,0.75,0.0,0.0
2017-01-02,0.75,0.75,0.75,0.75,0.0,0.0
2017-01-03,0.75,0.75,0.75,0.75,0.0,0.0
2017-01-04,0.75,0.75,0.75,0.75,0.0,0.0
2017-01-05,0.75,0.75,0.75,0.75,0.0,0.0
2017-01-06,0.75,0.75,0.75,0.75,0.0,0.0
2017-01-09,0.75,0.75,0.75,0.75,0.0,0.0
2017-01-10,0.75,0.75,0.75,0.75,0.0,0.0
2017-01-11,0.75,0.75,0.75,0.75,0.0,0.0
2017-01-12,0.75,0.75,0.75,0.75,0.0,0.0
2017-01-13,0.75,0.75,0.75,0.75,0.0,0.0
2017-01-16,0.75,0.75,0.75,0.75,0.0,0.0
2017-01-17,0.75,0.75,0.75,0.75,0.0,0.0
2017-01-18,0.75,0.75,0.75,0.75,0.0,0.0
2017-01-19,0.75,0.75,0.75,0.75,0.0,0.0
2017-01-20,0.75,0.75,0.75,0.75,0.0,0.0
2017-01-23,0.75,0.75,0.75,0.75,0.0,0.0
2017-01-24,0.75,0.75,0.75,0.75,0.0,0.0
2017-01-25,0.75,0.75,0.75,0.75,0.0,0.0
2017-01-26,0.75,0.75,0.75,0.75,0.0,0.0
2017-01-27,0.75,0.75,0.75,0.75,0.0,0.0
2017-01-30,0.75,0.75,0.75,0.75,0.0,0.0
2017-01-31,0.75,0.75,0.75,0.75,0.0,0.0
2017-02-01,0.75,0.75,0.75,0.75,0.0,0.0
2017-02-02,0.75,0.75,0.75,0.75,0.0,0.0
2017-02-03,0.75,0.75,0.75,0.75,0.0,0.0
2017-02-06,0.75,0.75,0.75,0.75,0.0,0.0
2017-02-07,0.75,0.75,0.75,0.75,0.0,0.0
2017-02-08,0.75,0.75,0.75,0.75,0.0,0.0
2017-02-09,0.75,0.75,0.75,0.75,0.0,0.0
2017-02-10,0.75,0.75,0.75,0.75,0.0,0.0
2017-02-13,0.75,0.75,0.75,0.75,0.0,0.0
2017-02-14,0.75,0.75,0.75,0.75,0.0,0.0
2017-02-15,0.75,0.75,0.75,0.75,0.0,0.0
2017-02-16,0.75,0.75,0.75,0.75,0.0,0.0
2017-02-17,0.75,0.75,0.75,0.75,0.0,0.0
2017-02-20,0.75,0.75,0.75,0.75,0.0,0.0
2017-02-21,0.75,0.75,0.75,0.75,0.0,0.0
2017-02-22,0.75,0.75,0.75,0.75,0.0,0.0
2017-02-23,0.75,0.75,0.75,0.75,0.0,0.0
2017-02-24,0.75,0.75,0.75,0.75,0.0,0.0
2017-02-27,0.75,0.75,0.75,0.75,0.0,0.0
2017-02-28,0.75,0.75,0.75,0.75,0.0,0.0
2017-03-01,0.75,0.75,0.75,0.75,0.0,0.0
2017-03-02,0.75,0.75,0.75,0.75,0.0,0.0
2017-03-03,0.75,0.75,0.75,0.75,0.0,0.0
2017-03-06,0.75,0.75,0.75,0.75,0.0,0.0
2017-03-07,0.75,0.75,0.75,0.75,0.0,0.0
2017-03-08,0.75,0.75,0.75,0.75,0.0,0.0
2017-03-09,0.75,0.75,0.75,0.75,0.0,0.0
2017-03-10,0.75,0.75,0.75,0.75,0.0,0.0
2017-03-13,0.75,0.75,0.75,0.75,0.0,0.0
2017-03-14,0.75,0.75,0.75,0.75,0.0,0.0
2017-03-15,0.75,0.75,0.75,0.75,0.0,0.0
2017-03-16,0.75,0.75,0.75,0.75,0.0,0.0
2017-03-17,0.75,0.75,0.75,0.75,0.0,0.0
2017-03-20,0.75,0.75,0.75,0.75,0.0,0.0
2017-03-21,0.75,0.75,0.75,0.75,0.0,0.0
2017-03-22,0.75,0.75,0.75,0.75,0.0,0.0
2017-03-23,0.75,0.75,0.75,0.75,0.0,0.0
2017-03-24,0.75,0.75,0.75,0.75,0.0,0.0
2017-03-27,0.75,0.75,0.75,0.75,0.0,0.0
2017-03-28,0.75,0.75,0.75,0.75,0.0,0.0
2017-03-29,0.75,0.75,0.75,0.75,0.0,0.0
2017-03-30,0.75,0.75,0.75,0.75,0.0,0.0
2017-03-31,0.75,0.75,0.75,0.75,0.0,0.0
2017-04-03,0.75,0.75,0.75,0.75,0.0,0.0
2017-04-04,0.75,0.75,0.75,0.75,0.0,0.0
2017-04-05,0.75,0.75,0.75,0.75,0.0,0.0
2017-04-06,0.75,0.75,0.75,0.75,0.0,0.0
2017-04-07,0.75,0.75,0.75,0.75,0.0,0.0
2017-04-10,0.75,0.75,0.75,0.75,0.0,0.0
2017-04-11,0.75,0.75,0.75,0.75,0.0,0.0
2017-04-12,0.75,0.75,0.75,0.75,0.0,0.0
2017-04-13,0.75,0.75,0.75,0.75,0.0,0.0
2017-04-17,0.75,0.75,0.75,0.75,0.0,0.0
2017-04-18,0.75,0.75,0.75,0.75,0.0,0.0
2017-04-19,0.75,0.75,0.75,0.75,0.0,0.0
2017-04-20,0.75,0.75,0.75,0.75,0.0,0.0
2017-04-21,0.75,0.75,0.75,0.75,0.0,0.0
2017-04-24,0.75,0.75,0.75,0.75,0.0,0.0
2017-04-25,0.75,0.75,0.75,0.75,0.0,0.0
2017-04-26,0.75,0.75,0.75,0.75,0.0,0.0
2017-04-27,0.75,0.75,0.75,0.75,0.0,0.0
2017-04-28,0.75,0.75,0.75,0.75,0.0,0.0
2017-05-01,0.75,0.75,0.75,0.75,0.0,0.0
2017-05-02,0.75,0.75,0.75,0.75,0.0,0.0
2017-05-03,0.75,0.75,0.75,0.75,0.0,0.0
2017-05-04,0.75,0.75,0.75,0.75,0.0,0.0
2017-05-05,0.75,0.75,0.75,0.75,0.0,0.0
2017-05-08,0.75,0.75,0.75,0.75,0.0,0.0
2017-05-09,0.75,0.75,0.75,0.75,0.0,0.0
2017-05-10,0.75,0.75,0.75,0.75,0.0,0.0
2017-05-11,0.75,0.75,0.75,0.75,0.0,0.0
2017-05-12,0.75,0.75,0.75,0.75,0.0,0.0
2017-05-15,0.75,0.75,0.75,0.75,0.0,0.0
2017-05-16,0.75,0.75,0.75,0.75,0.0,0.0
2017-05-17,0.75,0.75,0.75,0.75,0.0,0.0
2017-05-18,0.75,0.75,0.75,0.75,0.0,0.0
2017-05-19,0.75,0.75,0.75,0.75,0.0,0.0
2017-05-22,0.75,0.75,0.75,0.75,0.0,0.0
2017-05-23,0.75,0.75,0.75,0.75,0.0,0.0
2017-05-24,0.75,0.75,0.75,0.75,0.0,0.0
2017-05-25,0.75,0.75,0.75,0.75,0.0,0.0
2017-05-26,0.75,0.75,0.75,0.75,0.0,0.0
2017-05-29,0.75,0.75,0.75,0.75,0.0,0.0
2017-05-30,0.75,0.75,0.75,0.75,0.0,0.0
2017-05-31,0.75,0.75,0.75,0.75,0.0,0.0
2017-06-01,0.75,0.75,0.75,0.75,0.0,0.0
2017-06-02,0.75,0.75,0.75,0.75,0.0,0.0
2017-06-05,0.75,0.75,0.75,0.75,0.0,0.0
2017-06-06,0.75,0.75,0.75,0.75,0.0,0.0
2017-06-07,0.75,0.75,0.75,0.75,0.0,0.0
2017-06-08,0.75,0.75,0.75,0.75,0.0,0.0
2017-06-09,0.75,0.75,0.75,0.75,0.0,0.0
2017-06-12,0.75,0.75,0.75,0.75,0.0,0.0
2017-06-13,0.75,0.75,0.75,0.75,0.0,0.0
2017-06-14,0.75,0.75,0.75,0.75,0.0,0.0
2017-06-15,0.75,0.75,0.75,0.75,0.0,0.0
2017-06-16,0.75,0.75,0.75,0.75,0.0,0.0
2017-06-19,0.75,0.75,0.75,0.75,0.0,0.0
2017-06-20,0.75,0.75,0.75,0.75,0.0,0.0
2017-06-21,0.75,0.75,0.75,0.75,0.0,0.0
2017-06-22,0.75,0.75,0.75,0.75,0.0,0.0
2017-06-23,0.75,0.75,0.75,0.75,0.0,0.0
2017-06-26,0.75,0.75,0.75,0.75,0.0,0.0
2017-06-27,0.75,0.75,0.75,0.75,0.0,0.0
2017-06-28,0.75,0.75,0.75,0.75,0.0,0.0
2017-06-29,0.75,0.75,0.75,0.75,0.0,0.0
2017-06-30,0.75,0.75,0.75,0.75,0.0,0.0
2017-07-03,0.75,0.75,0.75,0.75,0.0,0.0
2017-07-04,0.75,0.75,0.75,0.75,0.0,0.0
2017-07-05,0.75,0.75,0.75,0.75,0.0,0.0
2017-07-06,0.75,0.75,0.75,0.75,0.0,0.0
2017-07-07,0.75,0.75,0.75,0.75,0.0,0.0
2017-07-10,0.75,0.75,0.75,0.75,0.0,0.0
2017-07-11,0.75,0.75,0.75,0.75,0.0,0.0
2017-07-12,0.75,0.75,0.75,0.75,0.0,0.0
2017-07-13,0.75,0.75,0.75,0.75,0.0,0.0
2017-07-14,0.75,0.75,0.75,0.75,0.0,0.0
2017-07-17,0.75,0.75,0.75,0.75,0.0,0.0
2017-07-18,0.75,0.75,0.75,0.75,0.0,0.0
2017-07-19,0.75,0.75,0.75,0.75,0.0,0.0
2017-07-20,0.75,0.75,0.75,0.75,0.0,0.0
2017-07-21,0.75,0.75,0.75,0.75,0.0,0.0
2017-07-24,0.75,0.75,0.75,0.75,0.0,0.0
2017-07-25,0.75,0.75,0.75,0.75,0.0,0.0
2017-07-26,0.75,0.75,0.75,0.75,0.0,0.0
2017-07-27,0.75,0.75,0.75,0.75,0.0,0.0
2017-07-28,0.75,0.75,0.75,0.75,0.0,0.0
2017-07-31,0.75,0.75,0.75,0.75,0.0,0.0
2017-08-01,0.75,0.75,0.75,0.75,0.0,0.0
2017-08-02,0.75,0.75,0.75,0.75,0.0,0.0
2017-08-03,0.75,0.75,0.75,0.75,0.0,0.0
2017-08-04,0.75,0.75,0.75,0.75,0.0,0.0
2017-08-07,0.75,0.75,0.75,0.75,0.0,0.0
2017-08-08,0.75,0.75,0.75,0.75,0.0,0.0
2017-08-09,0.75,0.75,0.75,0.75,0.0,0.0
2017-08-10,0.75,0.75,0.75,0.75,0.0,0.0
2017-08-11,0.75,0.75,0.75,0.75,0.0,0.0
2017-08-14,0.75,0.75,0.75,0.75,0.0,0.0
2017-08-15,0.75,0.75,0.75,0.75,0.0,0.0
2017-08-16,0.75,0.75,0.75,0.75,0.0,0.0
2017-08-17,0.75,0.75,0.75,0.75,0.0,0.0
2017-08-18,0.75,0.75,0.75,0.75,0.0,0.0
2017-08-21,0.75,0.75,0.75,0.75,0.0,0.0
2017-08-22,0.75,0.75,0.75,0.75,0.0,0.0
2017-08-23,0.75,0.75,0.75,0.75,0.0,0.0
2017-08-24,0.75,0.75,0.75,0.75,0.0,0.0
2017-08-25,0.75,0.75,0.75,0.75,0.0,0.0
2017-08-28,0.75,0.75,0.75,0.75,0.0,0.0
2017-08-29,0.75,0.75,0.75,0.75,0.0,0.0
2017-08-30,0.75,0.75,0.75,0.75,0.0,0.0
2017-08-31,0.75,0.75,0.75,0.75,0.0,0.0
2017-09-01,0.75,0.75,0.75,0.75,0.0,0.0
2017-09-04,0.75,0.75,0.75,0.75,0.0,0.0
2017-09-05,0.75,0.75,0.75,0.75,0.0,0.0
2017-09-06,0.75,0.75,0.75,0.75,0.0,0.0
2017-09-07,0.75,0.75,0.75,0.75,0.0,0.0
2017-09-08,0.75,0.75,0.75,0.75,0.0,0.0
2017-09-11,0.75,0.75,0.75,0.75,0.0,0.0
2017-09-12,0.75,0.75,0.75,0.75,0.0,0.0
2017-09-13,0.75,0.75,0.75,0.75,0.0,0.0
2017-09-14,0.75,0.75,0.75,0.75,0.0,0.0
2017-09-15,0.75,0.75,0.75,0.75,0.0,0.0
2017-09-18,0.75,0.75,0.75,0.75,0.0,0.0
2017-09-19,0.75,0.75,0.75,0.75,0.0,0.0
2017-09-20,0.75,0.75,0.75,0.75,0.0,0.0
2017-09-21,0.75,0.75,0.75,0.75,0.0,0.0
2017-09-22,0.75,0.75,0.75,0.75,0.0,0.0
2017-09-25,0.75,0.75,0.75,0.75,0.0,0.0
2017-09-26,0.75,0.75,0.75,0.75,0.0,0.0
2017-09-27,0.75,0.75,0.75,0.75,0.0,0.0
2017-09-28,0.75,0.75,0.75,0.75,0.0,0.0
2017-09-29,0.75,0.75,0.75,0.75,0.0,0.0
2017-10-02,0.75,0.75,0.75,0.75,0.0,0.0
2017-10-03,0.75,0.75,0.75,0.75,0.0,0.0
2017-10-04,0.75,0.75,0.75,0.75,0.0,0.0
2017-10-05,0.75,0.75,0.75,0.75,0.0,0.0
2017-10-06,0.75,0.75,0.75,0.75,0.0,0.0
2017-10-09,0.75,0.75,0.75,0.75,0.0,0.0
2017-10-10,0.75,0.75,0.75,0.75,0.0,0.0
2017-10-11,0.75,0.75,0.75,0.75,0.0,0.0
2017-10-12,0.75,0.75,0.75,0.75,0.0,0.0
2017-10-13,0.75,0.75,0.75,0.75,0.0,0.0
2017-10-16,0.75,0.75,0.75,0.75,0.0,0.0
2017-10-17,0.75,0.75,0.75,0.75,0.0,0.0
2017-10-18,0.75,0.75,0.75,0.75,0.0,0.0
2017-10-19,0.75,0.75,0.75,0.75,0.0,0.0
2017-10-20,0.75,0.75,0.75,0.75,0.0,0.0
2017-10-23,0.75,0.75,0.75,0.75,0.0,0.0
2017-10-24,0.75,0.75,0.75,0.75,0.0,0.0
2017-10-25,0.75,0.75,0.75,0.75,0.0,0.0
2017-10-26,0.75,0.75,0.75,0.75,0.0,0.0
2017-10-27,0.75,0.75,0.75,0.75,0.0,0.0
2017-10-30,0.75,0.75,0.75,0.75,0.0,0.0
2017-10-31,0.75,0.75,0.75,0.75,0.0,0.0
2017-11-01,0.75,0.75,0.75,0.75,0.0,0.0
2017-11-02,0.75,0.75,0.75,0.75,0.0,0.0
2017-11-03,0.75,0.75,0.75,0.75,0.0,0.0
2017-11-06,0.75,0.75,0.75,0.75,0.0,0.0
2017-11-07,0.75,0.75,0.75,0.75,0.0,0.0
2017-11-08,0.75,0.75,0.75,0.75,0.0,0.0
2017-11-09,0.75,0.75,0.75,0.75,0.0,0.0
2017-11-10,0.75,0.75,0.75,0.75,0.0,0.0
2017-11-13,0.75,0.75,0.75,0.75,0.0,0.0
2017-11-14,0.75,0.75,0.75,0.75,0.0,0.0
2017-11-15,0.75,0.75,0.75,0.75,0.0,0.0
2017-11-16,0.75,0.75,0.75,0.75,0.0,0.0
2017-11-17,0.75,0.75,0.75,0.75,0.0,0.0
2017-11-20,0.75,0.75,0.75,0.75,0.0,0.0
2017-11-21,0.75,0.75,0.75,0.75,0.0,0.0
2017-11-22,0.75,0.75,0.75,0.75,0.0,0.0
2017-11-23,0.75,0.75,0.75,0.75,0.0,0.0
2017-11-24,0.75,0.75,0.75,0.75,0.0,0.0
2017-11-27,0.75,0.75,0.75,0.75,0.0,0.0
2017-11-28,0.75,0.75,0.75,0.75,0.0,0.0
2017-11-29,0.75,0.75,0.75,0.75,0.0,0.0
2017-11-30,0.75,0.75,0.75,0.75,0.0,0.0
2017-12-01,0.75,0.75,0.75,0.75,0.0,0.0
2017-12-04,0.75,0.75,0.75,0.75,0.0,0.0
2017-12-05,0.75,0.75,0.75,0.75,0.0,0.0
2017-12-06,0.75,0.75,0.75,0.75,0.0,0.0
2017-12-07,0.75,0.75,0.75,0.75,0.0,0.0
2017-12-08,0.75,0.75,0.75,0.75,0.0,0.0
2017-12-11,0.75,0.75,0.75,0.75,0.0,0.0
2017-12-12,0.75,0.75,0.75,0.75,0.0,0.0
2017-12-13,0.75,0.75,0.75,0.75,0.0,0.0
2017-12-14,0.75,0.75,0.75,0.75,0.0,0.0
2017-12-15,0.75,0.75,0.75,0.75,0.0,0.0
2017-12-18,0.75,0.75,0.75,0.75,0.0,0.0
2017-12-19,0.75,0.75,0.75,0.75,0.0,0.0
2017-12-20,0.75,0.75,0.75,0.75,0.0,0.0
2017-12-21,0.75,0.75,0.75,0.75,0.0,0.0
2017-12-22,0.75,0.75,0.75,0.75,0.0,0.0
2017-12-27,0.75,0.75,0.75,0.75,0.0,0.0
2017-12-28,0.75,0.75,0.75,0.75,0.0,0.0
2017-12-29,0.75,0.75,0.75,0.75,0.0,0.0
2018-01-02,0.75,0.75,0.75,0.75,0.0,0.0
2018-01-03,0.75,0.75,0.75,0.75,0.0,0.0
2018-01-04,0.75,0.75,0.75,0.75,0.0,0.0
2018-01-05,0.75,0.75,0.75,0.75,0.0,0.0
2018-01-08,0.75,0.75,0.75,0.75,0.0,0.0
2018-01-09,0.75,0.75,0.75,0.75,0.0,0.0
2018-01-10,0.75,0.75,0.75,0.75,0.0,0.0
2018-01-11,0.75,0.75,0.75,0.75,0.0,0.0
2018-01-12,0.75,0.75,0.75,0.75,0.0,0.0
2018-01-15,0.75,0.75,0.75,0.75,0.0,0.0
2018-01-16,0.75,0.75,0.75,0.75,0.0,0.0
2018-01-17,0.75,0.75,0.75,0.75,0.0,0.0
2018-01-18,0.75,0.75,0.75,0.75,0.0,0.0
2018-01-19,0.75,0.75,0.75,0.75,0.0,0.0
2018-01-22,0.75,0.75,0.75,0.75,0.0,0.0
2018-01-23,0.75,0.75,0.75,0.75,0.0,0.0
2018-01-24,0.75,0.75,0.75,0.75,0.0,0.0
2018-01-25,0.75,0.75,0.75,0.75,0.0,0.0
2018-01-26,0.75,0.75,0.75,0.75,0.0,0.0
2018-01-29,0.75,0.75,0.75,0.75,0.0,0.0
2018-01-30,0.75,0.75,0.75,0.75,0.0,0.0
2018-01-31,0.75,0.75,0.75,0.75,0.0,0.0
2018-02-01,0.75,0.75,0.75,0.75,0.0,0.0
2018-02-02,0.75,0.75,0.75,0.75,0.0,0.0
2018-02-05,0.75,0.75,0.75,0.75,0.0,0.0
2018-02-06,0.75,0.75,0.75,0.75,0.0,0.0
2018-02-07,0.75,0.75,0.75,0.75,0.0,0.0
2018-02-08,0.75,0.75,0.75,0.75,0.0,0.0
2018-02-09,0.75,0.75,0.75,0.75,0.0,0.0
2018-02-12,0.75,0.75,0.75,0.75,0.0,0.0
2018-02-13,0.75,0.75,0.75,0.75,0.0,0.0
2018-02-14,0.75,0.75,0.75,0.75,0.0,0.0
2018-02-15,0.75,0.75,0.75,0.75,0.0,0.0
2018-02-16,0.75,0.75,0.75,0.75,0.0,0.0
2018-02-19,0.75,0.75,0.75,0.75,0.0,0.0
2018-02-20,0.75,0.75,0.75,0.75,0.0,0.0
2018-02-21,0.75,0.75,0.75,0.75,0.0,0.0
2018-02-22,0.75,0.75,0.75,0.75,0.0,0.0
2018-02-23,0.75,0.75,0.75,0.75,0.0,0.0
2018-02-26,0.75,0.75,0.75,0.75,0.0,0.0
2018-02-27,0.75,0.75,0.75,0.75,0.0,0.0
2018-02-28,0.75,0.75,0.75,0.75,0.0,0.0
2018-03-01,0.75,0.75,0.75,0.75,0.0,0.0
2018-03-02,0.75,0.75,0.75,0.75,0.0,0.0
2018-03-05,0.75,0.75,0.75,0.75,0.0,0.0
2018-03-06,0.75,0.75,0.75,0.75,0.0,0.0
2018-03-07,0.75,0.75,0.75,0.75,0.0,0.0
2018-03-08,0.75,0.75,0.75,0.75,0.0,0.0
2018-03-09,0.75,0.75,0.75,0.75,0.0,0.0
2018-03-12,0.75,0.75,0.75,0.75,0.0,0.0
2018-03-13,0.75,0.75,0.75,0.75,0.0,0.0
2018-03-14,0.75,0.75,0.75,0.75,0.0,0.0
2018-03-15,0.75,0.75,0.75,0.75,0.0,0.0
2018-03-16,0.75,0.75,0.75,0.75,0.0,0.0
2018-03-19,0.75,0.75,0.75,0.75,0.0,0.0
2018-03-20,0.75,0.75,0.75,0.75,0.0,0.0
2018-03-21,0.75,0.75,0.75,0.75,0.0,0.0
2018-03-22,0.75,0.75,0.75,0.75,0.0,0.0
2018-03-23,0.75,0.75,0.75,0.75,0.0,0.0
2018-03-26,0.75,0.75,0.75,0.75,0.0,0.0
2018-03-27,0.75,0.75,0.75,0.75,0.0,0.0
2018-03-28,0.75,0.75,0.75,0.75,0.0,0.0
2018-03-29,0.75,0.75,0.75,0.75,0.0,0.0
2018-04-03,0.75,0.75,0.75,0.75,0.0,0.0
2018-04-04,0.75,0.75,0.75,0.75,0.0,0.0
2018-04-05,0.75,0.75,0.75,0.75,0.0,0.0
2018-04-06,0.75,0.75,0.75,0.75,0.0,0.0
2018-04-09,0.75,0.75,0.75,0.75,0.0,0.0
2018-04-10,0.75,0.75,0.75,0.75,0.0,0.0
2018-04-11,0.75,0.75,0.75,0.75,0.0,0.0
2018-04-12,0.75,0.75,0.75,0.75,0.0,0.0
2018-04-13,0.75,0.75,0.75,0.75,0.0,0.0
2018-04-16,0.75,0.75,0.75,0.75,0.0,0.0
2018-04-17,0.75,0.75,0.75,0.75,0.0,0.0
2018-04-18,0.75,0.75,0.75,0.75,0.0,0.0
2018-04-19,0.75,0.75,0.75,0.75,0.0,0.0
2018-04-20,0.75,0.75,0.75,0.75,0.0,0.0
2018-04-23,0.75,0.75,0.75,0.75,0.0,0.0
2018-04-24,0.75,0.75,0.75,0.75,0.0,0.0
2018-04-25,0.75,0.75,0.75,0.75,0.0,0.0
2018-04-26,0.75,0.75,0.75,0.75,0.0,0.0
2018-04-27,0.75,0.75,0.75,0.75,0.0,0.0
2018-04-30,0.75,0.75,0.75,0.75,0.0,0.0
2018-05-01,0.75,0.75,0.75,0.75,0.0,0.0
2018-05-02,0.75,0.75,0.75,0.75,0.0,0.0
2018-05-03,0.75,0.75,0.75,0.75,0.0,0.0
2018-05-04,0.75,0.75,0.75,0.75,0.0,0.0
2018-05-07,0.75,0.75,0.75,0.75,0.0,0.0
2018-05-08,0.75,0.75,0.75,0.75,0.0,0.0
2018-05-09,0.75,0.75,0.75,0.75,0.0,0.0
2018-05-10,0.75,0.75,0.75,0.75,0.0,0.0
2018-05-11,0.75,0.75,0.75,0.75,0.0,0.0
2018-05-14,0.75,0.75,0.75,0.75,0.0,0.0
2018-05-15,0.75,0.75,0.75,0.75,0.0,0.0
2018-05-16,0.75,0.75,0.75,0.75,0.0,0.0
2018-05-17,0.75,0.75,0.75,0.75,0.0,0.0
2018-05-18,0.75,0.75,0.75,0.75,0.0,0.0
2018-05-21,0.75,0.75,0.75,0.75,0.0,0.0
2018-05-22,0.75,0.75,0.75,0.75,0.0,0.0
2018-05-23,0.75,0.75,0.75,0.75,0.0,0.0
2018-05-24,0.75,0.75,0.75,0.75,0.0,0.0
2018-05-25,0.75,0.75,0.75,0.75,0.0,0.0
2018-05-28,0.75,0.75,0.75,0.75,0.0,0.0
2018-05-29,0.75,0.75,0.75,0.75,0.0,0.0
2018-05-30,0.75,0.75,0.75,0.75,0.0,0.0
2018-05-31,0.75,0.75,0.75,0.75,0.0,0.0
2018-06-01,0.75,0.75,0.75,0.75,0.0,0.0
2018-06-04,0.75,0.75,0.75,0.75,0.0,0.0
2018-06-05,0.75,0.75,0.75,0.75,0.0,0.0
2018-06-06,0.75,0.75,0.75,0.75,0.0,0.0
2018-06-07,0.75,0.75,0.75,0.75,0.0,0.0
2018-06-08,0.75,0.75,0.75,0.75,0.0,0.0
2018-06-11,0.75,0.75,0.75,0.75,0.0,0.0
2018-06-12,0.75,0.75,0.75,0.75,0.0,0.0
2018-06-13,0.75,0.75,0.75,0.75,0.0,0.0
2018-06-14,0.75,0.75,0.75,0.75,0.0,0.0
2018-06-15,0.75,0.75,0.75,0.75,0.0,0.0
2018-06-18,0.75,0.75,0.75,0.75,0.0,0.0
2018-06-19,0.75,0.75,0.75,0.75,0.0,0.0
2018-06-20,0.75,0.75,0.75,0.75,0.0,0.0
2018-06-21,0.75,0.75,0.75,0.75,0.0,0.0
2018-06-22,0.75,0.75,0.75,0.75,0.0,0.0
2018-06-25,0.75,0.75,0.75,0.75,0.0,0.0
2018-06-26,0.75,0.75,0.75,0.75,0.0,0.0
2018-06-27,0.75,0.75,0.75,0.75,0.0,0.0
2018-06-28,0.75,0.75,0.75,0.75,0.0,0.0
2018-06-29,0.75,0.75,0.75,0.75,0.0,0.0
2018-07-02,0.75,0.75,0.75,0.75,0.0,0.0
2018-07-03,0.75,0.75,0.75,0.75,0.0,0.0
2018-07-04,0.75,0.75,0.75,0.75,0.0,0.0
2018-07-05,0.75,0.75,0.75,0.75,0.0,0.0
2018-07-06,0.75,0.75,0.75,0.75,0.0,0.0
2018-07-09,0.75,0.75,0.75,0.75,0.0,0.0
2018-07-10,0.75,0.75,0.75,0.75,0.0,0.0
2018-07-11,0.75,0.75,0.75,0.75,0.0,0.0
2018-07-12,0.75,0.75,0.75,0.75,0.0,0.0
2018-07-13,0.75,0.75,0.75,0.75,0.0,0.0
2018-07-16,0.75,0.75,0.75,0.75,0.0,0.0
2018-07-17,0.75,0.75,0.75,0.75,0.0,0.0
2018-07-18,0.75,0.75,0.75,0.75,0.0,0.0
2018-07-19,0.75,0.75,0.75,0.75,0.0,0.0
2018-07-20,0.75,0.75,0.75,0.75,0.0,0.0
2018-07-23,0.75,0.75,0.75,0.75,0.0,0.0
2018-07-24,0.75,0.75,0.75,0.75,0.0,0.0
2018-07-25,0.75,0.75,0.75,0.75,0.0,0.0
2018-07-26,0.75,0.75,0.75,0.75,0.0,0.0
2018-07-27,0.75,0.75,0.75,0.75,0.0,0.0
2018-07-30,0.75,0.75,0.75,0.75,0.0,0.0
2018-07-31,0.75,0.75,0.75,0.75,0.0,0.0
2018-08-01,0.75,0.75,0.75,0.75,0.0,0.0
2018-08-02,0.75,0.75,0.75,0.75,0.0,0.0
2018-08-03,0.75,0.75,0.75,0.75,0.0,0.0
2018-08-06,0.75,0.75,0.75,0.75,0.0,0.0
2018-08-07,0.75,0.75,0.75,0.75,0.0,0.0
2018-08-08,0.75,0.75,0.75,0.75,0.0,0.0
2018-08-09,0.75,0.75,0.75,0.75,0.0,0.0
2018-08-10,0.75,0.75,0.75,0.75,0.0,0.0
2018-08-13,0.75,0.75,0.75,0.75,0.0,0.0
2018-08-14,0.75,0.75,0.75,0.75,0.0,0.0
2018-08-15,0.75,0.75,0.75,0.75,0.0,0.0
2018-08-16,0.75,0.75,0.75,0.75,0.0,0.0
2018-08-17,0.75,0.75,0.75,0.75,0.0,0.0
2018-08-20,0.75,0.75,0.75,0.75,0.0,0.0
2018-08-21,0.75,0.75,0.75,0.75,0.0,0.0
2018-08-22,0.75,0.75,0.75,0.75,0.0,0.0
2018-08-23,0.75,0.75,0.75,0.75,0.0,0.0
2018-08-24,0.75,0.75,0.75,0.75,0.0,0.0
2018-08-27,0.75,0.75,0.75,0.75,0.0,0.0
2018-08-28,0.75,0.75,0.75,0.75,0.0,0.0
2018-08-29,0.75,0.75,0.75,0.75,0.0,0.0
2018-08-30,0.75,0.75,0.75,0.75,0.0,0.0
2018-08-31,0.75,0.75,0.75,0.75,0.0,0.0
2018-09-03,0.75,0.75,0.75,0.75,0.0,0.0
2018-09-04,0.75,0.75,0.75,0.75,0.0,0.0
2018-09-05,0.75,0.75,0.75,0.75,0.0,0.0
2018-09-06,0.75,0.75,0.75,0.75,0.0,0.0
2018-09-07,0.75,0.75,0.75,0.75,0.0,0.0
2018-09-10,0.75,0.75,0.75,0.75,0.0,0.0
2018-09-11,0.75,0.75,0.75,0.75,0.0,0.0
2018-09-12,0.75,0.75,0.75,0.75,0.0,0.0
2018-09-13,0.75,0.75,0.75,0.75,0.0,0.0
2018-09-14,0.75,0.75,0.75,0.75,0.0,0.0
2018-09-17,0.75,0.75,0.75,0.75,0.0,0.0
2018-09-18,0.75,0.75,0.75,0.75,0.0,0.0
2018-09-19,0.75,0.75,0.75,0.75,0.0,0.0
2018-09-20,0.75,0.75,0.75,0.75,0.0,0.0
2018-09-21,0.75,0.75,0.75,0.75,0.0,0.0
2018-09-24,0.75,0.75,0.75,0.75,0.0,0.0
2018-09-25,0.75,0.75,0.75,0.75,0.0,0.0
2018-09-26,0.75,0.75,0.75,0.75,0.0,0.0
2018-09-27,0.75,0.75,0.75,0.75,0.0,0.0
2018-09-28,0.75,0.75,0.75,0.75,0.0,0.0
2018-10-01,0.75,0.75,0.75,0.75,0.0,0.0
2018-10-02,0.75,0.75,0.75,0.75,0.0,0.0
2018-10-03,0.75,0.75,0.75,0.75,0.0,0.0
2018-10-04,0.75,0.75,0.75,0.75,0.0,0.0
2018-10-05,0.75,0.75,0.75,0.75,0.0,0.0
2018-10-08,0.75,0.75,0.75,0.75,0.0,0.0
2018-10-09,0.75,0.75,0.75,0.75,0.0,0.0
2018-10-10,0.75,0.75,0.75,0.75,0.0,0.0
2018-10-11,0.75,0.75,0.75,0.75,0.0,0.0
2018-10-12,0.75,0.75,0.75,0.75,0.0,0.0
2018-10-15,0.75,0.75,0.75,0.75,0.0,0.0
2018-10-16,0.75,0.75,0.75,0.75,0.0,0.0
2018-10-17,0.75,0.75,0.75,0.75,0.0,0.0
2018-10-18,0.75,0.75,0.75,0.75,0.0,0.0
2018-10-19,0.75,0.75,0.75,0.75,0.0,0.0
2018-10-22,0.75,0.75,0.75,0.75,0.0,0.0
2018-10-23,0.75,0.75,0.75,0.75,0.0,0.0
2018-10-24,0.75,0.75,0.75,0.75,0.0,0.0
2018-10-25,0.75,0.75,0.75,0.75,0.0,0.0
2018-10-26,0.75,0.75,0.75,0.75,0.0,0.0
2018-10-29,0.75,0.75,0.75,0.75,0.0,0.0
2018-10-30,0.75,0.75,0.75,0.75,0.0,0.0
2018-10-31,0.75,0.75,0.75,0.75,0.0,0.0
2018-11-01,0.75,0.75,0.75,0.75,0.0,0.0
2018-11-02,0.75,0.75,0.75,0.75,0.0,0.0
2018-11-05,0.75,0.75,0.75,0.75,0.0,0.0
2018-11-06,0.75,0.75,0.75,0.75,0.0,0.0
2018-11-07,0.75,0.75,0.75,0.75,0.0,0.0
2018-11-08,0.75,0.75,0.75,0.75,0.0,0.0
2018-11-09,0.75,0.75,0.75,0.75,0.0,0.0
2018-11-12,0.75,0.75,0.75,0.75,0.0,0.0
2018-11-13,0.75,0.75,0.75,0.75,0.0,0.0
2018-11-14,0.75,0.75,0.75,0.75,0.0,0.0
2018-11-15,0.75,0.75,0.75,0.75,0.0,0.0
2018-11-16,0.75,0.75,0.75,0.75,0.0,0.0
2018-11-19,0.75,0.75,0.75,0.75,0.0,0.0
2018-11-20,0.75,0.75,0.75,0.75,0.0,0.0
2018-11-21,0.75,0.75,0.75,0.75,0.0,0.0
2018-11-22,0.75,0.75,0.75,0.75,0.0,0.0
2018-11-23,0.75,0.75,0.75,0.75,0.0,0.0
2018-11-26,0.75,0.75,0.75,0.75,0.0,0.0
2018-11-27,0.75,0.75,0.75,0.75,0.0,0.0
2018-11-28,0.75,0.75,0.75,0.75,0.0,0.0
2018-11-29,0.75,0.75,0.75,0.75,0.0,0.0
2018-11-30,0.75,0.75,0.75,0.75,0.0,0.0
2018-12-03,0.75,0.75,0.75,0.75,0.0,0.0
2018-12-04,0.75,0.75,0.75,0.75,0.0,0.0
2018-12-05,0.75,0.75,0.75,0.75,0.0,0.0
2018-12-06,0.75,0.75,0.75,0.75,0.0,0.0
2018-12-07,0.75,0.75,0.75,0.75,0.0,0.0
2018-12-10,0.75,0.75,0.75,0.75,0.0,0.0
2018-12-11,0.75,0.75,0.75,0.75,0.0,0.0
2018-12-12,0.75,0.75,0.75,0.75,0.0,0.0
2018-12-13,0.75,0.75,0.75,0.75,0.0,0.0
2018-12-14,0.75,0.75,0.75,0.75,0.0,0.0
2018-12-17,0.75,0.75,0.75,0.75,0.0,0.0
2018-12-18,0.75,0.75,0.75,0.75,0.0,0.0
2018-12-19,0.75,0.75,0.75,0.75,0.0,0.0
2018-12-20,0.75,0.75,0.75,0.75,0.0,0.0
2018-12-21,0.75,0.75,0.75,0.75,0.0,0.0
2018-12-24,0.75,0.75,0.75,0.75,0.0,0.0
2018-12-27,0.75,0.75,0.75,0.75,0.0,0.0
2018-12-28,0.75,0.75,0.75,0.75,0.0,0.0
2018-12-31,0.75,0.75,0.75,0.75,0.0,0.0
2019-01-02,0.75,0.75,0.75,0.75,0.0,0.0
2019-01-03,0.75,0.75,0.75,0.75,0.0,0.0
2019-01-04,0.75,0.75,0.75,0.75,0.0,0.0
2019-01-07,0.75,0.75,0.75,0.75,0.0,0.0
2019-01-08,0.75,0.75,0.75,0.75,0.0,0.0
2019-01-09,0.75,0.75,0.75,0.75,0.0,0.0
2019-01-10,0.75,0.75,0.75,0.75,0.0,0.0
2019-01-11,0.75,0.75,0.75,0.75,0.0,0.0
2019-01-14,0.75,0.75,0.75,0.75,0.0,0.0
2019-01-15,0.75,0.75,0.75,0.75,0.0,0.0
2019-01-16,0.75,0.75,0.75,0.75,0.0,0.0
2019-01-17,0.75,0.75,0.75,0.75,0.0,0.0
2019-01-18,0.75,0.75,0.75,0.75,0.0,0.0
2019-01-21,0.75,0.75,0.75,0.75,0.0,0.0
2019-01-22,0.75,0.75,0.75,0.75,0.0,0.0
2019-01-23,0.75,0.75,0.75,0.75,0.0,0.0
2019-01-24,0.75,0.75,0.75,0.75,0.0,0.0
2019-01-25,0.75,0.75,0.75,0.75,0.0,0.0
2019-01-28,0.75,0.75,0.75,0.75,0.0,0.0
2019-01-29,0.75,0.75,0.75,0.75,0.0,0.0
2019-01-30,0.75,0.75,0.75,0.75,0.0,0.0
2019-01-31,0.75,0.75,0.75,0.75,0.0,0.0
2019-02-01,0.75,0.75,0.75,0.75,0.0,0.0
2019-02-04,0.75,0.75,0.75,0.75,0.0,0.0
2019-02-05,0.75,0.75,0.75,0.75,0.0,0.0
2019-02-06,0.75,0.75,0.75,0.75,0.0,0.0
2019-02-07,0.75,0.75,0.75,0.75,0.0,0.0
2019-02-08,0.75,0.75,0.75,0.75,0.0,0.0
2019-02-11,0.75,0.75,0.75,0.75,0.0,0.0
2019-02-12,0.75,0.75,0.75,0.75,0.0,0.0
2019-02-13,0.75,0.75,0.75,0.75,0.0,0.0
2019-02-14,0.75,0.75,0.75,0.75,0.0,0.0
2019-02-15,0.75,0.75,0.75,0.75,0.0,0.0
2019-02-18,0.75,0.75,0.75,0.75,0.0,0.0
2019-02-19,0.75,0.75,0.75,0.75,0.0,0.0
2019-02-20,0.75,0.75,0.75,0.75,0.0,0.0
2019-02-21,0.75,0.75,0.75,0.75,0.0,0.0
2019-02-22,0.75,0.75,0.75,0.75,0.0,0.0
2019-02-25,0.75,0.75,0.75,0.75,0.0,0.0
2019-02-26,0.75,0.75,0.75,0.75,0.0,0.0
2019-02-27,0.75,0.75,0.75,0.75,0.0,0.0
2019-02-28,0.75,0.75,0.75,0.75,0.0,0.0
2019-03-01,0.75,0.75,0.75,0.75,0.0,0.0
2019-03-04,0.75,0.75,0.75,0.75,0.0,0.0
2019-03-05,0.75,0.75,0.75,0.75,0.0,0.0
2019-03-06,0.75,0.75,0.75,0.75,0.0,0.0
2019-03-07,0.75,0.75,0.75,0.75,0.0,0.0
2019-03-08,0.75,0.75,0.75,0.75,0.0,0.0
2019-03-11,0.75,0.75,0.75,0.75,0.0,0.0
2019-03-12,0.75,0.75,0.75,0.75,0.0,0.0
2019-03-13,0.75,0.75,0.75,0.75,0.0,0.0
2019-03-14,0.75,0.75,0.75,0.75,0.0,0.0
2019-03-15,0.75,0.75,0.75,0.75,0.0,0.0
2019-03-18,0.75,0.75,0.75,0.75,0.0,0.0
2019-03-19,0.75,0.75,0.75,0.75,0.0,0.0
2019-03-20,0.75,0.75,0.75,0.75,0.0,0.0
2019-03-21,0.75,0.75,0.75,0.75,0.0,0.0
2019-03-22,0.75,0.75,0.75,0.75,0.0,0.0
2019-03-25,0.75,0.75,0.75,0.75,0.0,0.0
2019-03-26,0.75,0.75,0.75,0.75,0.0,0.0
2019-03-27,0.75,0.75,0.75,0.75,0.0,0.0
2019-03-28,0.75,0.75,0.75,0.75,0.0,0.0
2019-03-29,0.75,0.75,0.75,0.75,0.0,0.0
2019-04-01,0.75,0.75,0.75,0.75,0.0,0.0
2019-04-02,0.75,0.75,0.75,0.75,0.0,0.0
2019-04-03,0.75,0.75,0.75,0.75,0.0,0.0
2019-04-04,0.75,0.75,0.75,0.75,0.0,0.0
2019-04-05,0.75,0.75,0.75,0.75,0.0,0.0
2019-04-08,0.75,0.75,0.75,0.75,0.0,0.0
2019-04-09,0.75,0.75,0.75,0.75,0.0,0.0
2019-04-10,0.75,0.75,0.75,0.75,0.0,0.0
2019-04-11,0.75,0.75,0.75,0.75,0.0,0.0
2019-04-12,0.75,0.75,0.75,0.75,0.0,0.0
2019-04-15,0.75,0.75,0.75,0.75,0.0,0.0
2019-04-16,0.75,0.75,0.75,0.75,0.0,0.0
2019-04-17,0.75,0.75,0.75,0.75,0.0,0.0
2019-04-18,0.75,0.75,0.75,0.75,0.0,0.0
2019-04-23,0.75,0.75,0.75,0.75,0.0,0.0
2019-04-24,0.75,0.75,0.75,0.75,0.0,0.0
2019-04-25,0.75,0.75,0.75,0.75,0.0,0.0
2019-04-26,0.75,0.75,0.75,0.75,0.0,0.0
2019-04-29,0.75,0.75,0.75,0.75,0.0,0.0
2019-04-30,0.75,0.75,0.75,0.75,0.0,0.0
2019-05-01,0.75,0.75,0.75,0.75,0.0,0.0
2019-05-02,0.75,0.75,0.75,0.75,0.0,0.0
2019-05-03,0.75,0.75,0.75,0.75,0.0,0.0
2019-05-06,0.75,0.75,0.75,0.75,0.0,0.0
2019-05-07,0.75,0.75,0.75,0.75,0.0,0.0
2019-05-08,0.75,0.75,0.75,0.75,0.0,0.0
2019-05-09,0.75,0.75,0.75,0.75,0.0,0.0
2019-05-10,0.75,0.75,0.75,0.75,0.0,0.0
2019-05-13,0.75,0.75,0.75,0.75,0.0,0.0
2019-05-14,0.75,0.75,0.75,0.75,0.0,0.0
2019-05-15,0.75,0.75,0.75,0.75,0.0,0.0
2019-05-16,0.75,0.75,0.75,0.75,0.0,0.0
2019-05-17,0.75,0.75,0.75,0.75,0.0,0.0
2019-05-20,0.75,0.75,0.75,0.75,0.0,0.0
2019-05-21,0.75,0.75,0.75,0.75,0.0,0.0
2019-05-22,0.75,0.75,0.75,0.75,0.0,0.0
2019-05-23,0.75,0.75,0.75,0.75,0.0,0.0
2019-05-24,0.75,0.75,0.75,0.75,0.0,0.0
2019-05-27,0.75,0.75,0.75,0.75,0.0,0.0
2019-05-28,0.75,0.75,0.75,0.75,0.0,0.0
2019-05-29,0.75,0.75,0.75,0.75,0.0,0.0
2019-05-30,0.75,0.75,0.75,0.75,0.0,0.0
2019-05-31,0.75,0.75,0.75,0.75,0.0,0.0
2019-06-03,0.75,0.75,0.75,0.75,0.0,0.0
2019-06-04,0.75,0.75,0.75,0.75,0.0,0.0
2019-06-05,0.75,0.75,0.75,0.75,0.0,0.0
2019-06-06,0.75,0.75,0.75,0.75,0.0,0.0
2019-06-07,0.75,0.75,0.75,0.75,0.0,0.0
2019-06-10,0.75,0.75,0.75,0.75,0.0,0.0
2019-06-11,0.75,0.75,0.75,0.75,0.0,0.0
2019-06-12,0.75,0.75,0.75,0.75,0.0,0.0
2019-06-13,0.75,0.75,0.75,0.75,0.0,0.0
2019-06-14,0.75,0.75,0.75,0.75,0.0,0.0
2019-06-17,0.75,0.75,0.75,0.75,0.0,0.0
2019-06-18,0.75,0.75,0.75,0.75,0.0,0.0
2019-06-19,0.75,0.75,0.75,0.75,0.0,0.0
2019-06-20,0.75,0.75,0.75,0.75,0.0,0.0
2019-06-21,0.75,0.75,0.75,0.75,0.0,0.0
2019-06-24,0.75,0.75,0.75,0.75,0.0,0.0
2019-06-25,0.75,0.75,0.75,0.75,0.0,0.0
2019-06-26,0.75,0.75,0.75,0.75,0.0,0.0
2019-06-27,0.75,0.75,0.75,0.75,0.0,0.0
2019-06-28,0.75,0.75,0.75,0.75,0.0,0.0
2019-07-01,0.75,0.75,0.75,0.75,0.0,0.0
2019-07-02,0.75,0.75,0.75,0.75,0.0,0.0
2019-07-03,0.75,0.75,0.75,0.75,0.0,0.0
2019-07-04,0.75,0.75,0.75,0.75,0.0,0.0
2019-07-05,0.75,0.75,0.75,0.75,0.0,0.0
2019-07-08,0.75,0.75,0.75,0.75,0.0,0.0
2019-07-09,0.75,0.75,0.75,0.75,0.0,0.0
2019-07-10,0.75,0.75,0.75,0.75,0.0,0.0
2019-07-11,0.75,0.75,0.75,0.75,0.0,0.0
2019-07-12,0.75,0.75,0.75,0.75,0.0,0.0
2019-07-15,0.75,0.75,0.75,0.75,0.0,0.0
2019-07-16,0.75,0.75,0.75,0.75,0.0,0.0
2019-07-17,0.75,0.75,0.75,0.75,0.0,0.0
2019-07-18,0.75,0.75,0.75,0.75,0.0,0.0
2019-07-19,0.75,0.75,0.75,0.75,0.0,0.0
2019-07-22,0.75,0.75,0.75,0.75,0.0,0.0
2019-07-23,0.75,0.75,0.75,0.75,0.0,0.0
2019-07-24,0.75,0.75,0.75,0.75,0.0,0.0
2019-07-25,0.75,0.75,0.75,0.75,0.0,0.0
2019-07-26,0.75,0.75,0.75,0.75,0.0,0.0
2019-07-29,0.75,0.75,0.75,0.75,0.0,0.0
2019-07-30,0.75,0.75,0.75,0.75,0.0,0.0
2019-07-31,0.75,0.75,0.75,0.75,0.0,0.0
2019-08-01,0.75,0.75,0.75,0.75,0.0,0.0
2019-08-02,0.75,0.75,0.75,0.75,0.0,0.0
2019-08-05,0.75,0.75,0.75,0.75,0.0,0.0
2019-08-06,0.75,0.75,0.75,0.75,0.0,0.0
2019-08-07,0.75,0.75,0.75,0.75,0.0,0.0
2019-08-08,0.75,0.75,0.75,0.75,0.0,0.0
2019-08-09,0.75,0.75,0.75,0.75,0.0,0.0
2019-08-12,0.75,0.75,0.75,0.75,0.0,0.0
2019-08-13,0.75,0.75,0.75,0.75,0.0,0.0
2019-08-14,0.75,0.75,0.75,0.75,0.0,0.0
2019-08-15,0.75,0.75,0.75,0.75,0.0,0.0
2019-08-16,0.75,0.75,0.75,0.75,0.0,0.0
2019-08-19,0.75,0.75,0.75,0.75,0.0,0.0
2019-08-20,0.75,0.75,0.75,0.75,0.0,0.0
2019-08-21,0.75,0.75,0.75,0.75,0.0,0.0
2019-08-22,0.75,0.75,0.75,0.75,0.0,0.0
2019-08-23,0.75,0.75,0.75,0.75,0.0,0.0
2019-08-26,0.75,0.75,0.75,0.75,0.0,0.0
2019-08-27,0.75,0.75,0.75,0.75,0.0,0.0
2019-08-28,0.75,0.75,0.75,0.75,0.0,0.0
2019-08-29,0.75,0.75,0.75,0.75,0.0,0.0
2019-08-30,0.75,0.75,0.75,0.75,0.0,0.0
2019-09-02,0.75,0.75,0.75,0.75,0.0,0.0
2019-09-03,0.75,0.75,0.75,0.75,0.0,0.0
2019-09-04,0.75,0.75,0.75,0.75,0.0,0.0
2019-09-05,0.75,0.75,0.75,0.75,0.0,0.0
2019-09-06,0.75,0.75,0.75,0.75,0.0,0.0
2019-09-09,0.75,0.75,0.75,0.75,0.0,0.0
2019-09-10,0.75,0.75,0.75,0.75,0.0,0.0
2019-09-11,0.75,0.75,0.75,0.75,0.0,0.0
2019-09-12,0.75,0.75,0.75,0.75,0.0,0.0
2019-09-13,0.75,0.75,0.75,0.75,0.0,0.0
2019-09-16,0.75,0.75,0.75,0.75,0.0,0.0
2019-09-17,0.75,0.75,0.75,0.75,0.0,0.0
2019-09-18,0.75,0.75,0.75,0.75,0.0,0.0
2019-09-19,0.75,0.75,0.75,0.75,0.0,0.0
2019-09-20,0.75,0.75,0.75,0.75,0.0,0.0
2019-09-23,0.75,0.75,0.75,0.75,0.0,0.0
2019-09-24,0.75,0.75,0.75,0.75,0.0,0.0
2019-09-25,0.75,0.75,0.75,0.75,0.0,0.0
2019-09-26,0.75,0.75,0.75,0.75,0.0,0.0
2019-09-27,0.75,0.75,0.75,0.75,0.0,0.0
2019-09-30,0.75,0.75,0.75,0.75,0.0,0.0
2019-10-01,0.75,0.75,0.75,0.75,0.0,0.0
2019-10-02,0.75,0.75,0.75,0.75,0.0,0.0
2019-10-03,0.75,0.75,0.75,0.75,0.0,0.0
2019-10-04,0.75,0.75,0.75,0.75,0.0,0.0
2019-10-07,0.75,0.75,0.75,0.75,0.0,0.0
2019-10-08,0.75,0.75,0.75,0.75,0.0,0.0
2019-10-09,0.75,0.75,0.75,0.75,0.0,0.0
2019-10-10,0.75,0.75,0.75,0.75,0.0,0.0
2019-10-11,0.75,0.75,0.75,0.75,0.0,0.0
2019-10-14,0.75,0.75,0.75,0.75,0.0,0.0
2019-10-15,0.75,0.75,0.75,0.75,0.0,0.0
2019-10-16,0.75,0.75,0.75,0.75,0.0,0.0
2019-10-17,0.75,0.75,0.75,0.75,0.0,0.0
2019-10-18,0.75,0.75,0.75,0.75,0.0,0.0
2019-10-21,0.75,0.75,0.75,0.75,0.0,0.0
2019-10-22,0.75,0.75,0.75,0.75,0.0,0.0
2019-10-23,0.75,0.75,0.75,0.75,0.0,0.0
2019-10-24,0.75,0.75,0.75,0.75,0.0,0.0
2019-10-25,0.75,0.75,0.75,0.75,0.0,0.0
2019-10-28,0.75,0.75,0.75,0.75,0.0,0.0
2019-10-29,0.75,0.75,0.75,0.75,0.0,0.0
2019-10-30,0.75,0.75,0.75,0.75,0.0,0.0
2019-10-31,0.75,0.75,0.75,0.75,0.0,0.0
2019-11-01,0.75,0.75,0.75,0.75,0.0,0.0
2019-11-04,0.75,0.75,0.75,0.75,0.0,0.0
2019-11-05,0.75,0.75,0.75,0.75,0.0,0.0
2019-11-06,0.75,0.75,0.75,0.75,0.0,0.0
2019-11-07,0.75,0.75,0.75,0.75,0.0,0.0
2019-11-08,0.75,0.75,0.75,0.75,0.0,0.0
2019-11-11,0.75,0.75,0.75,0.75,0.0,0.0
2019-11-12,0.75,0.75,0.75,0.75,0.0,0.0
2019-11-13,0.75,0.75,0.75,0.75,0.0,0.0
2019-11-14,0.75,0.75,0.75,0.75,0.0,0.0
2019-11-15,0.75,0.75,0.75,0.75,0.0,0.0
2019-11-18,0.75,0.75,0.75,0.75,0.0,0.0
2019-11-19,0.75,0.75,0.75,0.75,0.0,0.0
2019-11-20,0.75,0.75,0.75,0.75,0.0,0.0
2019-11-21,0.75,0.75,0.75,0.75,0.0,0.0
2019-11-22,0.75,0.75,0.75,0.75,0.0,0.0
2019-11-25,0.75,0.75,0.75,0.75,0.0,0.0
2019-11-26,0.75,0.75,0.75,0.75,0.0,0.0
2019-11-27,0.75,0.75,0.75,0.75,0.0,0.0
2019-11-28,0.75,0.75,0.75,0.75,0.0,0.0
2019-11-29,0.75,0.75,0.75,0.75,0.0,0.0
2019-12-02,0.75,0.75,0.75,0.75,0.0,0.0
2019-12-03,0.75,0.75,0.75,0.75,0.0,0.0
2019-12-04,0.75,0.75,0.75,0.75,0.0,0.0
2019-12-05,0.75,0.75,0.75,0.75,0.0,0.0
2019-12-06,0.75,0.75,0.75,0.75,0.0,0.0
2019-12-09,0.75,0.75,0.75,0.75,0.0,0.0
2019-12-10,0.75,0.75,0.75,0.75,0.0,0.0
2019-12-11,0.75,0.75,0.75,0.75,0.0,0.0
2019-12-12,0.75,0.75,0.75,0.75,0.0,0.0
2019-12-13,0.75,0.75,0.75,0.75,0.0,0.0
2019-12-16,0.75,0.75,0.75,0.75,0.0,0.0
2019-12-17,0.75,0.75,0.75,0.75,0.0,0.0
2019-12-18,0.75,0.75,0.75,0.75,0.0,0.0
2019-12-19,0.75,0.75,0.75,0.75,0.0,0.0
2019-12-20,0.75,0.75,0.75,0.75,0.0,0.0
2019-12-23,0.75,0.75,0.75,0.75,0.0,0.0
2019-12-24,0.75,0.75,0.75,0.75,0.0,0.0
2019-12-27,0.75,0.75,0.75,0.75,0.0,0.0
2019-12-30,0.75,0.75,0.75,0.75,0.0,0.0
2019-12-31,0.75,0.75,0.75,0.75,0.0,0.0
2020-01-02,0.75,0.75,0.75,0.75,0.0,0.0
2020-01-03,0.75,0.75,0.75,0.75,0.0,0.0
2020-01-06,0.75,0.75,0.75,0.75,0.0,0.0
2020-01-07,0.75,0.75,0.75,0.75,0.0,0.0
2020-01-08,0.75,0.75,0.75,0.75,0.0,0.0
2020-01-09,0.75,0.75,0.75,0.75,0.0,0.0
2020-01-10,0.75,0.75,0.75,0.75,0.0,0.0
2020-01-13,0.75,0.75,0.75,0.75,0.0,0.0
2020-01-14,0.75,0.75,0.75,0.75,0.0,0.0
2020-01-15,0.75,0.75,0.75,0.75,0.0,0.0
2020-01-16,0.75,0.75,0.75,0.75,0.0,0.0
2020-01-17,0.75,0.75,0.75,0.75,0.0,0.0
2020-01-20,0.75,0.75,0.75,0.75,0.0,0.0
2020-01-21,0.75,0.75,0.75,0.75,0.0,0.0
2020-01-22,0.75,0.75,0.75,0.75,0.0,0.0
2020-01-23,0.75,0.75,0.75,0.75,0.0,0.0
2020-01-24,0.75,0.75,0.75,0.75,0.0,0.0
2020-01-27,0.75,0.75,0.75,0.75,0.0,0.0
2020-01-28,0.75,0.75,0.75,0.75,0.0,0.0
2020-01-29,0.75,0.75,0.75,0.75,0.0,0.0
2020-01-30,0.75,0.75,0.75,0.75,0.0,0.0
2020-01-31,0.75,0.75,0.75,0.75,0.0,0.0
2020-02-03,0.75,0.75,0.75,0.75,0.0,0.0
2020-02-04,0.75,0.75,0.75,0.75,0.0,0.0
2020-02-05,0.75,0.75,0.75,0.75,0.0,0.0
2020-02-06,0.75,0.75,0.75,0.75,0.0,0.0
2020-02-07,0.75,0.75,0.75,0.75,0.0,0.0
2020-02-10,0.75,0.75,0.75,0.75,0.0,0.0
2020-02-11,0.75,0.75,0.75,0.75,0.0,0.0
2020-02-12,0.75,0.75,0.75,0.75,0.0,0.0
2020-02-13,0.75,0.75,0.75,0.75,0.0,0.0
2020-02-14,0.75,0.75,0.75,0.75,0.0,0.0
2020-02-17,0.75,0.75,0.75,0.75,0.0,0.0
2020-02-18,0.75,0.75,0.75,0.75,0.0,0.0
2020-02-19,0.75,0.75,0.75,0.75,0.0,0.0
2020-02-20,0.75,0.75,0.75,0.75,0.0,0.0
2020-02-21,0.75,0.75,0.75,0.75,0.0,0.0
2020-02-24,0.75,0.75,0.75,0.75,0.0,0.0
2020-02-25,0.75,0.75,0.75,0.75,0.0,0.0
2020-02-26,0.75,0.75,0.75,0.75,0.0,0.0
2020-02-27,0.75,0.75,0.75,0.75,0.0,0.0
2020-02-28,0.75,0.75,0.75,0.75,0.0,0.0
2020-03-02,0.75,0.75,0.75,0.75,0.0,0.0
2020-03-03,0.75,0.75,0.75,0.75,0.0,0.0
2020-03-04,0.75,0.75,0.75,0.75,0.0,0.0
2020-03-05,0.75,0.75,0.75,0.75,0.0,0.0
2020-03-06,0.75,0.75,0.75,0.75,0.0,0.0
2020-03-09,0.75,0.75,0.75,0.75,0.0,0.0
2020-03-10,0.75,0.75,0.75,0.75,0.0,0.0
2020-03-11,0.75,0.75,0.75,0.75,0.0,0.0
2020-03-12,0.75,0.75,0.75,0.75,0.0,0.0
2020-03-13,0.75,0.75,0.75,0.75,0.0,0.0
2020-03-16,0.75,0.75,0.75,0.75,0.0,0.0
2020-03-17,0.75,0.75,0.75,0.75,0.0,0.0
2020-03-18,0.75,0.75,0.75,0.75,0.0,0.0
2020-03-19,0.75,0.75,0.75,0.75,0.0,0.0
2020-03-20,0.75,0.75,0.75,0.75,0.0,0.0
2020-03-23,0.75,0.75,0.75,0.75,0.0,0.0
2020-03-24,0.75,0.75,0.75,0.75,0.0,0.0
2020-03-25,0.75,0.75,0.75,0.75,0.0,0.0
2020-03-26,0.75,0.75,0.75,0.75,0.0,0.0
2020-03-27,0.75,0.75,0.75,0.75,0.0,0.0
2020-03-30,0.75,0.75,0.75,0.75,0.0,0.0
2020-03-31,0.75,0.75,0.75,0.75,0.0,0.0
2020-04-01,0.75,0.75,0.75,0.75,0.0,0.0
2020-04-02,0.75,0.75,0.75,0.75,0.0,0.0
2020-04-03,0.75,0.75,0.75,0.75,0.0,0.0
2020-04-06,0.75,0.75,0.75,0.75,0.0,0.0
2020-04-07,0.75,0.75,0.75,0.75,0.0,0.0
2020-04-08,0.75,0.75,0.75,0.75,0.0,0.0
2020-04-09,0.75,0.75,0.75,0.75,0.0,0.0
2020-04-14,0.75,0.75,0.75,0.75,0.0,0.0
2020-04-15,0.75,0.75,0.75,0.75,0.0,0.0
2020-04-16,0.75,0.75,0.75,0.75,0.0,0.0
2020-04-17,0.75,0.75,0.75,0.75,0.0,0.0
2020-04-20,0.75,0.75,0.75,0.75,0.0,0.0
2020-04-21,0.75,0.75,0.75,0.75,0.0,0.0
2020-04-22,0.75,0.75,0.75,0.75,0.0,0.0
2020-04-23,0.75,0.75,0.75,0.75,0.0,0.0
2020-04-24,0.75,0.75,0.75,0.75,0.0,0.0
2020-04-27,0.75,0.75,0.75,0.75,0.0,0.0
2020-04-28,0.75,0.75,0.75,0.75,0.0,0.0
2020-04-29,0.75,0.75,0.75,0.75,0.0,0.0
2020-04-30,0.75,0.75,0.75,0.75,0.0,0.0
2020-05-01,0.75,0.75,0.75,0.75,0.0,0.0
2020-05-04,0.75,0.75,0.75,0.75,0.0,0.0
2020-05-05,0.75,0.75,0.75,0.75,0.0,0.0
2020-05-06,0.75,0.75,0.75,0.75,0.0,0.0
2020-05-07,0.75,0.75,0.75,0.75,0.0,0.0
2020-05-08,0.75,0.75,0.75,0.75,0.0,0.0
2020-05-11,0.75,0.75,0.75,0.75,0.0,0.0
2020-05-12,0.75,0.75,0.75,0.75,0.0,0.0
2020-05-13,0.75,0.75,0.75,0.75,0.0,0.0
2020-05-14,0.75,0.75,0.75,0.75,0.0,0.0
2020-05-15,0.75,0.75,0.75,0.75,0.0,0.0
2020-05-18,0.75,0.75,0.75,0.75,0.0,0.0
2020-05-19,0.75,0.75,0.75,0.75,0.0,0.0
2020-05-20,0.75,0.75,0.75,0.75,0.0,0.0
2020-05-21,0.75,0.75,0.75,0.75,0.0,0.0
2020-05-22,0.75,0.75,0.75,0.75,0.0,0.0
2020-05-25,0.75,0.75,0.75,0.75,0.0,0.0
2020-05-26,0.75,0.75,0.75,0.75,0.0,0.0
2020-05-27,0.75,0.75,0.75,0.75,0.0,0.0
2020-05-28,0.75,0.75,0.75,0.75,0.0,0.0
2020-05-29,0.75,0.75,0.75,0.75,0.0,0.0
2020-06-01,0.75,0.75,0.75,0.75,0.0,0.0
2020-06-02,0.75,0.75,0.75,0.75,0.0,0.0
2020-06-03,0.75,0.75,0.75,0.75,0.0,0.0
2020-06-04,0.75,0.75,0.75,0.75,0.0,0.0
2020-06-05,0.75,0.75,0.75,0.75,0.0,0.0
2020-06-08,0.75,0.75,0.75,0.75,0.0,0.0
2020-06-09,0.75,0.75,0.75,0.75,0.0,0.0
2020-06-10,0.75,0.75,0.75,0.75,0.0,0.0
2020-06-11,0.75,0.75,0.75,0.75,0.0,0.0
2020-06-12,0.75,0.75,0.75,0.75,0.0,0.0
2020-06-15,0.75,0.75,0.75,0.75,0.0,0.0
2020-06-16,0.75,0.75,0.75,0.75,0.0,0.0
2020-06-17,0.75,0.75,0.75,0.75,0.0,0.0
2020-06-18,0.75,0.75,0.75,0.75,0.0,0.0
2020-06-19,0.75,0.75,0.75,0.75,0.0,0.0
2020-06-22,0.75,0.75,0.75,0.75,0.0,0.0
2020-06-23,0.75,0.75,0.75,0.75,0.0,0.0
2020-06-24,0.75,0.75,0.75,0.75,0.0,0.0
2020-06-25,0.75,0.75,0.75,0.75,0.0,0.0
2020-06-26,0.75,0.75,0.75,0.75,0.0,0.0
2020-06-29,0.75,0.75,0.75,0.75,0.0,0.0
2020-06-30,0.75,0.75,0.75,0.75,0.0,0.0
2020-07-01,0.75,0.75,0.75,0.75,0.0,0.0
2020-07-02,0.75,0.75,0.75,0.75,0.0,0.0
2020-07-03,0.75,0.75,0.75,0.75,0.0,0.0
2020-07-06,0.75,0.75,0.75,0.75,0.0,0.0
2020-07-07,0.75,0.75,0.75,0.75,0.0,0.0
2020-07-08,0.75,0.75,0.75,0.75,0.0,0.0
2020-07-09,0.75,0.75,0.75,0.75,0.0,0.0
2020-07-10,0.75,0.75,0.75,0.75,0.0,0.0
2020-07-13,0.75,0.75,0.75,0.75,0.0,0.0
2020-07-14,0.75,0.75,0.75,0.75,0.0,0.0
2020-07-15,0.75,0.75,0.75,0.75,0.0,0.0
2020-07-16,0.75,0.75,0.75,0.75,0.0,0.0
2020-07-17,0.75,0.75,0.75,0.75,0.0,0.0
2020-07-20,0.75,0.75,0.75,0.75,0.0,0.0
2020-07-21,0.75,0.75,0.75,0.75,0.0,0.0
2020-07-22,0.75,0.75,0.75,0.75,0.0,0.0
2020-07-23,0.75,0.75,0.75,0.75,0.0,0.0
2020-07-24,0.75,0.75,0.75,0.75,0.0,0.0
2020-07-27,0.75,0.75,0.75,0.75,0.0,0.0
2020-07-28,0.75,0.75,0.75,0.75,0.0,0.0
2020-07-29,0.75,0.75,0.75,0.75,0.0,0.0
2020-07-30,0.75,0.75,0.75,0.75,0.0,0.0
2020-07-31,0.75,0.75,0.75,0.75,0.0,0.0
2020-08-03,0.75,0.75,0.75,0.75,0.0,0.0
2020-08-04,0.75,0.75,0.75,0.75,0.0,0.0
2020-08-05,0.75,0.75,0.75,0.75,0.0,0.0
2020-08-06,0.75,0.75,0.75,0.75,0.0,0.0
2020-08-07,0.75,0.75,0.75,0.75,0.0,0.0
2020-08-10,0.75,0.75,0.75,0.75,0.0,0.0
2020-08-11,0.75,0.75,0.75,0.75,0.0,0.0
2020-08-12,0.75,0.75,0.75,0.75,0.0,0.0
2020-08-13,0.75,0.75,0.75,0.75,0.0,0.0
2020-08-14,0.75,0.75,0.75,0.75,0.0,0.0
2020-08-17,0.75,0.75,0.75,0.75,0.0,0.0
2020-08-18,0.75,0.75,0.75,0.75,0.0,0.0
2020-08-19,0.75,0.75,0.75,0.75,0.0,0.0
2020-08-20,0.75,0.75,0.75,0.75,0.0,0.0
2020-08-21,0.75,0.75,0.75,0.75,0.0,0.0
2020-08-24,0.75,0.75,0.75,0.75,0.0,0.0
2020-08-25,0.75,0.75,0.75,0.75,0.0,0.0
2020-08-26,0.75,0.75,0.75,0.75,0.0,0.0
2020-08-27,0.75,0.75,0.75,0.75,0.0,0.0
2020-08-28,0.75,0.75,0.75,0.75,0.0,0.0
2020-08-31,0.75,0.75,0.75,0.75,0.0,0.0
2020-09-01,0.75,0.75,0.75,0.75,0.0,0.0
2020-09-02,0.75,0.75,0.75,0.75,0.0,0.0
2020-09-03,0.75,0.75,0.75,0.75,0.0,0.0
2020-09-04,0.75,0.75,0.75,0.75,0.0,0.0
2020-09-07,0.75,0.75,0.75,0.75,0.0,0.0
2020-09-08,0.75,0.75,0.75,0.75,0.0,0.0
2020-09-09,0.75,0.75,0.75,0.75,0.0,0.0
2020-09-10,0.75,0.75,0.75,0.75,0.0,0.0
2020-09-11,0.75,0.75,0.75,0.75,0.0,0.0
2020-09-14,0.75,0.75,0.75,0.75,0.0,0.0
2020-09-15,0.75,0.75,0.75,0.75,0.0,0.0
2020-09-16,0.75,0.75,0.75,0.75,0.0,0.0
2020-09-17,0.75,0.75,0.75,0.75,0.0,0.0
2020-09-18,0.75,0.75,0.75,0.75,0.0,0.0
2020-09-21,0.75,0.75,0.75,0.75,0.0,0.0
2020-09-22,0.75,0.75,0.75,0.75,0.0,0.0
2020-09-23,0.75,0.75,0.75,0.75,0.0,0.0
2020-09-24,0.75,0.75,0.75,0.75,0.0,0.0
2020-09-25,0.75,0.75,0.75,0.75,0.0,0.0
2020-09-28,0.75,0.75,0.75,0.75,0.0,0.0
2020-09-29,0.75,0.75,0.75,0.75,0.0,0.0
2020-09-30,0.75,0.75,0.75,0.75,0.0,0.0
2020-10-01,0.75,0.75,0.75,0.75,0.0,0.0
2020-10-02,0.75,0.75,0.75,0.75,0.0,0.0
2020-10-05,0.75,0.75,0.75,0.75,0.0,0.0
2020-10-06,0.75,0.75,0.75,0.75,0.0,0.0
2020-10-07,0.75,0.75,0.75,0.75,0.0,0.0
2020-10-08,0.75,0.75,0.75,0.75,0.0,0.0
2020-10-09,0.75,0.75,0.75,0.75,0.0,0.0
2020-10-12,0.75,0.75,0.75,0.75,0.0,0.0
2020-10-13,0.75,0.75,0.75,0.75,0.0,0.0
2020-10-14,0.75,0.75,0.75,0.75,0.0,0.0
2020-10-15,0.75,0.75,0.75,0.75,0.0,0.0
2020-10-16,0.75,0.75,0.75,0.75,0.0,0.0
2020-10-19,0.75,0.75,0.75,0.75,0.0,0.0
2020-10-20,0.75,0.75,0.75,0.75,0.0,0.0
2020-10-21,0.75,0.75,0.75,0.75,0.0,0.0
2020-10-22,0.75,0.75,0.75,0.75,0.0,0.0
2020-10-23,0.75,0.75,0.75,0.75,0.0,0.0
2020-10-26,0.75,0.75,0.75,0.75,0.0,0.0
2020-10-27,0.75,0.75,0.75,0.75,0.0,0.0
2020-10-28,0.75,0.75,0.75,0.75,0.0,0.0
2020-10-29,0.75,0.75,0.75,0.75,0.0,0.0
2020-10-30,0.75,0.75,0.75,0.75,0.0,0.0
2020-11-02,0.75,0.75,0.75,0.75,0.0,0.0
2020-11-03,0.75,0.75,0.75,0.75,0.0,0.0
2020-11-04,0.75,0.75,0.75,0.75,0.0,0.0
2020-11-05,0.75,0.75,0.75,0.75,0.0,0.0
2020-11-06,0.75,0.75,0.75,0.75,0.0,0.0
2020-11-09,0.75,0.75,0.75,0.75,0.0,0.0
2020-11-10,0.75,0.75,0.75,0.75,0.0,0.0
2020-11-11,0.75,0.75,0.75,0.75,0.0,0.0
2020-11-12,0.75,0.75,0.75,0.75,0.0,0.0
2020-11-13,0.75,0.75,0.75,0.75,0.0,0.0
2020-11-16,0.75,0.75,0.75,0.75,0.0,0.0
2020-11-17,0.75,0.75,0.75,0.75,0.0,0.0
2020-11-18,0.75,0.75,0.75,0.75,0.0,0.0
2020-11-19,0.75,0.75,0.75,0.75,0.0,0.0
2020-11-20,0.75,0.75,0.75,0.75,0.0,0.0
2020-11-23,0.75,0.75,0.75,0.75,0.0,0.0
2020-11-24,0.75,0.75,0.75,0.75,0.0,0.0
2020-11-25,0.75,0.75,0.75,0.75,0.0,0.0
2020-11-26,0.75,0.75,0.75,0.75,0.0,0.0
2020-11-27,0.75,0.75,0.75,0.75,0.0,0.0
2020-11-30,0.75,0.75,0.75,0.75,0.0,0.0
2020-12-01,0.75,0.75,0.75,0.75,0.0,0.0
2020-12-02,0.75,0.75,0.75,0.75,0.0,0.0
2020-12-03,0.75,0.75,0.75,0.75,0.0,0.0
2020-12-04,0.75,0.75,0.75,0.75,0.0,0.0
2020-12-07,0.75,0.75,0.75,0.75,0.0,0.0
2020-12-08,0.75,0.75,0.75,0.75,0.0,0.0
2020-12-09,0.75,0.75,0.75,0.75,0.0,0.0
2020-12-10,0.75,0.75,0.75,0.75,0.0,0.0
2020-12-11,0.75,0.75,0.75,0.75,0.0,0.0
2020-12-14,0.75,0.75,0.75,0.75,0.0,0.0
2020-12-15,0.75,0.75,0.75,0.75,0.0,0.0
2020-12-16,0.75,0.75,0.75,0.75,0.0,0.0
2020-12-17,0.75,0.75,0.75,0.75,0.0,0.0
2020-12-18,0.75,0.75,0.75,0.75,0.0,0.0
2020-12-21,0.75,0.75,0.75,0.75,0.0,0.0
2020-12-22,0.75,0.75,0.75,0.75,0.0,0.0
2020-12-23,0.75,0.75,0.75,0.75,0.0,0.0
2020-12-24,0.75,0.75,0.75,0.75,0.0,0.0
2020-12-28,0.75,0.75,0.75,0.75,0.0,0.0
2020-12-29,0.75,0.75,0.75,0.75,0.0,0.0
2020-12-30,0.75,0.75,0.75,0.75,0.0,0.0
2020-12-31,0.75,0.75,0.75,0.75,0.0,0.0
2021-01-04,0.75,0.75,0.75,0.75,0.0,0.0
2021-01-05,0.75,0.75,0.75,0.75,0.0,0.0
2021-01-06,0.75,0.75,0.75,0.75,0.0,0.0
2021-01-07,0.75,0.75,0.75,0.75,0.0,0.0
2021-01-08,0.75,0.75,0.75,0.75,0.0,0.0
2021-01-11,0.75,0.75,0.75,0.75,0.0,0.0
2021-01-12,0.75,0.75,0.75,0.75,0.0,0.0
2021-01-13,0.75,0.75,0.75,0.75,0.0,0.0
2021-01-14,0.75,0.75,0.75,0.75,0.0,0.0
2021-01-15,0.75,0.75,0.75,0.75,0.0,0.0
2021-01-18,0.75,0.75,0.75,0.75,0.0,0.0
2021-01-19,0.75,0.75,0.75,0.75,0.0,0.0
2021-01-20,0.75,0.75,0.75,0.75,0.0,0.0
2021-01-21,0.75,0.75,0.75,0.75,0.0,0.0
2021-01-22,0.75,0.75,0.75,0.75,0.0,0.0
2021-01-25,0.75,0.75,0.75,0.75,0.0,0.0
2021-01-26,0.75,0.75,0.75,0.75,0.0,0.0
2021-01-27,0.75,0.75,0.75,0.75,0.0,0.0
2021-01-28,0.75,0.75,0.75,0.75,0.0,0.0
2021-01-29,0.75,0.75,0.75,0.75,0.0,0.0
2021-02-01,0.75,0.75,0.75,0.75,0.0,0.0
2021-02-02,0.75,0.75,0.75,0.75,0.0,0.0
2021-02-03,0.75,0.75,0.75,0.75,0.0,0.0
2021-02-04,0.75,0.75,0.75,0.75,0.0,0.0
2021-02-05,0.75,0.75,0.75,0.75,0.0,0.0
2021-02-08,0.75,0.75,0.75,0.75,0.0,0.0
2021-02-09,0.75,0.75,0.75,0.75,0.0,0.0
2021-02-10,0.75,0.75,0.75,0.75,0.0,0.0
2021-02-11,0.75,0.75,0.75,0.75,0.0,0.0
2021-02-12,0.75,0.75,0.75,0.75,0.0,0.0
2021-02-15,0.75,0.75,0.75,0.75,0.0,0.0
2021-02-16,0.75,0.75,0.75,0.75,0.0,0.0
2021-02-17,0.75,0.75,0.75,0.75,0.0,0.0
2021-02-18,0.75,0.75,0.75,0.75,0.0,0.0
2021-02-19,0.75,0.75,0.75,0.75,0.0,0.0
2021-02-22,0.75,0.75,0.75,0.75,0.0,0.0
2021-02-23,0.75,0.75,0.75,0.75,0.0,0.0
2021-02-24,0.75,0.75,0.75,0.75,0.0,0.0
2021-02-25,0.75,0.75,0.75,0.75,0.0,0.0
2021-02-26,0.75,0.75,0.75,0.75,0.0,0.0
2021-03-01,0.75,0.75,0.75,0.75,0.0,0.0
2021-03-02,0.75,0.75,0.75,0.75,0.0,0.0
2021-03-03,0.75,0.75,0.75,0.75,0.0,0.0
2021-03-04,0.75,0.75,0.75,0.75,0.0,0.0
2021-03-05,0.75,0.75,0.75,0.75,0.0,0.0
2021-03-08,0.75,0.75,0.75,0.75,0.0,0.0
2021-03-09,0.75,0.75,0.75,0.75,0.0,0.0
2021-03-10,0.75,0.75,0.75,0.75,0.0,0.0
2021-03-11,0.75,0.75,0.75,0.75,0.0,0.0
2021-03-12,0.75,0.75,0.75,0.75,0.0,0.0
2021-03-15,0.75,0.75,0.75,0.75,0.0,0.0
2021-03-16,0.75,0.75,0.75,0.75,0.0,0.0
2021-03-17,0.75,0.75,0.75,0.75,0.0,0.0
2021-03-18,0.75,0.75,0.75,0.75,0.0,0.0
2021-03-19,0.75,0.75,0.75,0.75,0.0,0.0
2021-03-22,0.75,0.75,0.75,0.75,0.0,0.0
2021-03-23,0.75,0.75,0.75,0.75,0.0,0.0
2021-03-24,0.75,0.75,0.75,0.75,0.0,0.0
2021-03-25,0.75,0.75,0.75,0.75,0.0,0.0
2021-03-26,0.75,0.75,0.75,0.75,0.0,0.0
2021-03-29,0.75,0.75,0.75,0.75,0.0,0.0
2021-03-30,0.75,0.75,0.75,0.75,0.0,0.0
2021-03-31,0.75,0.75,0.75,0.75,0.0,0.0
2021-04-01,0.75,0.75,0.75,0.75,0.0,0.0
2021-04-06,0.75,0.75,0.75,0.75,0.0,0.0
2021-04-07,0.75,0.75,0.75,0.75,0.0,0.0
2021-04-08,0.75,0.75,0.75,0.75,0.0,0.0
2021-04-09,0.75,0.75,0.75,0.75,0.0,0.0
2021-04-12,0.75,0.75,0.75,0.75,0.0,0.0
2021-04-13,0.75,0.75,0.75,0.75,0.0,0.0
2021-04-14,0.75,0.75,0.75,0.75,0.0,0.0
2021-04-15,0.75,0.75,0.75,0.75,0.0,0.0
2021-04-16,0.75,0.75,0.75,0.75,0.0,0.0
2021-04-19,0.75,0.75,0.75,0.75,0.0,0.0
2021-04-20,0.75,0.75,0.75,0.75,0.0,0.0
2021-04-21,0.75,0.75,0.75,0.75,0.0,0.0
2021-04-22,0.75,0.75,0.75,0.75,0.0,0.0
2021-04-23,0.75,0.75,0.75,0.75,0.0,0.0
2021-04-26,0.75,0.75,0.75,0.75,0.0,0.0
2021-04-27,0.75,0.75,0.75,0.75,0.0,0.0
2021-04-28,0.75,0.75,0.75,0.75,0.0,0.0
2021-04-29,0.75,0.75,0.75,0.75,0.0,0.0
2021-04-30,0.75,0.75,0.75,0.75,0.0,0.0
2021-05-03,0.75,0.75,0.75,0.75,0.0,0.0
2021-05-04,0.75,0.75,0.75,0.75,0.0,0.0
2021-05-05,0.75,0.75,0.75,0.75,0.0,0.0
2021-05-06,0.75,0.75,0.75,0.75,0.0,0.0
2021-05-07,0.75,0.75,0.75,0.75,0.0,0.0
2021-05-10,0.75,0.75,0.75,0.75,0.0,0.0
2021-05-11,0.75,0.75,0.75,0.75,0.0,0.0
2021-05-12,0.75,0.75,0.75,0.75,0.0,0.0
2021-05-13,0.75,0.75,0.75,0.75,0.0,0.0
2021-05-14,0.75,0.75,0.75,0.75,0.0,0.0
2021-05-17,0.75,0.75,0.75,0.75,0.0,0.0
2021-05-18,0.75,0.75,0.75,0.75,0.0,0.0
2021-05-19,0.75,0.75,0.75,0.75,0.0,0.0
2021-05-20,0.75,0.75,0.75,0.75,0.0,0.0
2021-05-21,0.75,0.75,0.75,0.75,0.0,0.0
2021-05-24,0.75,0.75,0.75,0.75,0.0,0.0
2021-05-25,0.75,0.75,0.75,0.75,0.0,0.0
2021-05-26,0.75,0.75,0.75,0.75,0.0,0.0
2021-05-27,0.75,0.75,0.75,0.75,0.0,0.0
2021-05-28,0.75,0.75,0.75,0.75,0.0,0.0
2021-05-31,0.75,0.75,0.75,0.75,0.0,0.0
2021-06-01,0.75,0.75,0.75,0.75,0.0,0.0
2021-06-02,0.75,0.75,0.75,0.75,0.0,0.0
2021-06-03,0.75,0.75,0.75,0.75,0.0,0.0
2021-06-04,0.75,0.75,0.75,0.75,0.0,0.0
2021-06-07,0.75,0.75,0.75,0.75,0.0,0.0
2021-06-08,0.75,0.75,0.75,0.75,0.0,0.0
2021-06-09,0.75,0.75,0.75,0.75,0.0,0.0
2021-06-10,0.75,0.75,0.75,0.75,0.0,0.0
2021-06-11,0.75,0.75,0.75,0.75,0.0,0.0
2021-06-14,0.75,0.75,0.75,0.75,0.0,0.0
2021-06-15,0.75,0.75,0.75,0.75,0.0,0.0
2021-06-16,0.75,0.75,0.75,0.75,0.0,0.0
2021-06-17,0.75,0.75,0.75,0.75,0.0,0.0
2021-06-18,0.75,0.75,0.75,0.75,0.0,0.0
2021-06-21,0.75,0.75,0.75,0.75,0.0,0.0
2021-06-22,0.75,0.75,0.75,0.75,0.0,0.0
2021-06-23,0.75,0.75,0.75,0.75,0.0,0.0
2021-06-24,0.75,0.75,0.75,0.75,0.0,0.0
2021-06-25,0.75,0.75,0.75,0.75,0.0,0.0
2021-06-28,0.75,0.75,0.75,0.75,0.0,0.0
2021-06-29,0.75,0.75,0.75,0.75,0.0,0.0
2021-06-30,0.75,0.75,0.75,0.75,0.0,0.0
2021-07-01,0.75,0.75,0.75,0.75,0.0,0.0
2021-07-02,0.75,0.75,0.75,0.75,0.0,0.0
2021-07-05,0.75,0.75,0.75,0.75,0.0,0.0
2021-07-06,0.75,0.75,0.75,0.75,0.0,0.0
2021-07-07,0.75,0.75,0.75,0.75,0.0,0.0
2021-07-08,0.75,0.75,0.75,0.75,0.0,0.0
2021-07-09,0.75,0.75,0.75,0.75,0.0,0.0
2021-07-12,0.75,0.75,0.75,0.75,0.0,0.0
2021-07-13,0.75,0.75,0.75,0.75,0.0,0.0
2021-07-14,0.75,0.75,0.75,0.75,0.0,0.0
2021-07-15,0.75,0.75,0.75,0.75,0.0,0.0
2021-07-16,0.75,0.75,0.75,0.75,0.0,0.0
2021-07-19,0.75,0.75,0.75,0.75,0.0,0.0
2021-07-20,0.75,0.75,0.75,0.75,0.0,0.0
2021-07-21,0.75,0.75,0.75,0.75,0.0,0.0
2021-07-22,0.75,0.75,0.75,0.75,0.0,0.0
2021-07-23,0.75,0.75,0.75,0.75,0.0,0.0
2021-07-26,0.75,0.75,0.75,0.75,0.0,0.0
2021-07-27,0.75,0.75,0.75,0.75,0.0,0.0
2021-07-28,0.75,0.75,0.75,0.75,0.0,0.0
2021-07-29,0.75,0.75,0.75,0.75,0.0,0.0
2021-07-30,0.75,0.75,0.75,0.75,0.0,0.0
2021-08-02,0.75,0.75,0.75,0.75,0.0,0.0
2021-08-03,0.75,0.75,0.75,0.75,0.0,0.0
2021-08-04,0.75,0.75,0.75,0.75,0.0,0.0
2021-08-05,0.75,0.75,0.75,0.75,0.0,0.0
2021-08-06,0.75,0.75,0.75,0.75,0.0,0.0
2021-08-09,0.75,0.75,0.75,0.75,0.0,0.0
2021-08-10,0.75,0.75,0.75,0.75,0.0,0.0
2021-08-11,0.75,0.75,0.75,0.75,0.0,0.0
2021-08-12,0.75,0.75,0.75,0.75,0.0,0.0
2021-08-13,0.75,0.75,0.75,0.75,0.0,0.0
2021-08-16,0.75,0.75,0.75,0.75,0.0,0.0
2021-08-17,0.75,0.75,0.75,0.75,0.0,0.0
2021-08-18,0.75,0.75,0.75,0.75,0.0,0.0
2021-08-19,0.75,0.75,0.75,0.75,0.0,0.0
2021-08-20,0.75,0.75,0.75,0.75,0.0,0.0
2021-08-23,0.75,0.75,0.75,0.75,0.0,0.0
2021-08-24,0.75,0.75,0.75,0.75,0.0,0.0
2021-08-25,0.75,0.75,0.75,0.75,0.0,0.0
2021-08-26,0.75,0.75,0.75,0.75,0.0,0.0
2021-08-27,0.75,0.75,0.75,0.75,0.0,0.0
2021-08-30,0.75,0.75,0.75,0.75,0.0,0.0
2021-08-31,0.75,0.75,0.75,0.75,0.0,0.0
2021-09-01,0.75,0.75,0.75,0.75,0.0,0.0
2021-09-02,0.75,0.75,0.75,0.75,0.0,0.0
2021-09-03,0.75,0.75,0.75,0.75,0.0,0.0
2021-09-06,0.75,0.75,0.75,0.75,0.0,0.0
2021-09-07,0.75,0.75,0.75,0.75,0.0,0.0
2021-09-08,0.75,0.75,0.75,0.75,0.0,0.0
2021-09-09,0.75,0.75,0.75,0.75,0.0,0.0
2021-09-10,0.75,0.75,0.75,0.75,0.0,0.0
2021-09-13,0.75,0.75,0.75,0.75,0.0,0.0
2021-09-14,0.75,0.75,0.75,0.75,0.0,0.0
2021-09-15,0.75,0.75,0.75,0.75,0.0,0.0
2021-09-16,0.75,0.75,0.75,0.75,0.0,0.0
2021-09-17,0.75,0.75,0.75,0.75,0.0,0.0
2021-09-20,0.75,0.75,0.75,0.75,0.0,0.0
2021-09-21,0.75,0.75,0.75,0.75,0.0,0.0
2021-09-22,0.75,0.75,0.75,0.75,0.0,0.0
2021-09-23,0.75,0.75,0.75,0.75,0.0,0.0
2021-09-24,0.75,0.75,0.75,0.75,0.0,0.0
2021-09-27,0.75,0.75,0.75,0.75,0.0,0.0
2021-09-28,0.75,0.75,0.75,0.75,0.0,0.0
2021-09-29,0.75,0.75,0.75,0.75,0.0,0.0
2021-09-30,0.75,0.75,0.75,0.75,0.0,0.0
2021-10-01,0.75,0.75,0.75,0.75,0.0,0.0
2021-10-04,0.75,0.75,0.75,0.75,0.0,0.0
2021-10-05,0.75,0.75,0.75,0.75,0.0,0.0
2021-10-06,0.75,0.75,0.75,0.75,0.0,0.0
2021-10-07,0.75,0.75,0.75,0.75,0.0,0.0
2021-10-08,0.75,0.75,0.75,0.75,0.0,0.0
2021-10-11,0.75,0.75,0.75,0.75,0.0,0.0
2021-10-12,0.75,0.75,0.75,0.75,0.0,0.0
2021-10-13,0.75,0.75,0.75,0.75,0.0,0.0
2021-10-14,0.75,0.75,0.75,0.75,0.0,0.0
2021-10-15,0.75,0.75,0.75,0.75,0.0,0.0
2021-10-18,0.75,0.75,0.75,0.75,0.0,0.0
2021-10-19,0.75,0.75,0.75,0.75,0.0,0.0
2021-10-20,0.75,0.75,0.75,0.75,0.0,0.0
2021-10-21,0.75,0.75,0.75,0.75,0.0,0.0
2021-10-22,0.75,0.75,0.75,0.75,0.0,0.0
2021-10-25,0.75,0.75,0.75,0.75,0.0,0.0
2021-10-26,0.75,0.75,0.75,0.75,0.0,0.0
2021-10-27,0.75,0.75,0.75,0.75,0.0,0.0
2021-10-28,0.75,0.75,0.75,0.75,0.0,0.0
2021-10-29,0.75,0.75,0.75,0.75,0.0,0.0
2021-11-01,0.75,0.75,0.75,0.75,0.0,0.0
2021-11-02,0.75,0.75,0.75,0.75,0.0,0.0
2021-11-03,0.75,0.75,0.75,0.75,0.0,0.0
2021-11-04,0.75,0.75,0.75,0.75,0.0,0.0
2021-11-05,0.75,0.75,0.75,0.75,0.0,0.0
2021-11-08,0.75,0.75,0.75,0.75,0.0,0.0
2021-11-09,0.75,0.75,0.75,0.75,0.0,0.0
2021-11-10,0.75,0.75,0.75,0.75,0.0,0.0
2021-11-11,0.75,0.75,0.75,0.75,0.0,0.0
2021-11-12,0.75,0.75,0.75,0.75,0.0,0.0
2021-11-15,0.75,0.75,0.75,0.75,0.0,0.0
2021-11-16,0.75,0.75,0.75,0.75,0.0,0.0
2021-11-17,0.75,0.75,0.75,0.75,0.0,0.0
2021-11-18,0.75,0.75,0.75,0.75,0.0,0.0
2021-11-19,0.75,0.75,0.75,0.75,0.0,0.0
2021-11-22,0.75,0.75,0.75,0.75,0.0,0.0
2021-11-23,0.75,0.75,0.75,0.75,0.0,0.0
2021-11-24,0.75,0.75,0.75,0.75,0.0,0.0
2021-11-25,0.75,0.75,0.75,0.75,0.0,0.0
2021-11-26,0.75,0.75,0.75,0.75,0.0,0.0
2021-11-29,0.75,0.75,0.75,0.75,0.0,0.0
2021-11-30,0.75,0.75,0.75,0.75,0.0,0.0
2021-12-01,0.75,0.75,0.75,0.75,0.0,0.0
2021-12-02,0.75,0.75,0.75,0.75,0.0,0.0
2021-12-03,0.75,0.75,0.75,0.75,0.0,0.0
2021-12-06,0.75,0.75,0.75,0.75,0.0,0.0
2021-12-07,0.75,0.75,0.75,0.75,0.0,0.0
2021-12-08,0.75,0.75,0.75,0.75,0.0,0.0
2021-12-09,0.75,0.75,0.75,0.75,0.0,0.0
2021-12-10,0.75,0.75,0.75,0.75,0.0,0.0
2021-12-13,0.75,0.75,0.75,0.75,0.0,0.0
2021-12-14,0.75,0.75,0.75,0.75,0.0,0.0
2021-12-15,0.75,0.75,0.75,0.75,0.0,0.0
2021-12-16,0.75,0.75,0.75,0.75,0.0,0.0
2021-12-17,0.75,0.75,0.75,0.75,0.0,0.0
2021-12-20,0.75,0.75,0.75,0.75,0.0,0.0
2021-12-21,0.75,0.75,0.75,0.75,0.0,0.0
2021-12-22,0.75,0.75,0.75,0.75,0.0,0.0
2021-12-23,0.75,0.75,0.75,0.75,0.0,0.0
2021-12-24,0.75,0.75,0.75,0.75,0.0,0.0
2021-12-27,0.75,0.75,0.75,0.75,0.0,0.0
2021-12-28,0.75,0.75,0.75,0.75,0.0,0.0
2021-12-29,0.75,0.75,0.75,0.75,0.0,0.0
2021-12-30,0.75,0.75,0.75,0.75,0.0,0.0
2021-12-31,0.75,0.75,0.75,0.75,0.0,0.0
2022-01-03,0.75,0.75,0.75,0.75,0.0,0.0
2022-01-04,0.75,0.75,0.75,0.75,0.0,0.0
2022-01-05,0.75,0.75,0.75,0.75,0.0,0.0
2022-01-06,0.75,0.75,0.75,0.75,0.0,0.0
2022-01-07,0.75,0.75,0.75,0.75,0.0,0.0
2022-01-10,0.75,0.75,0.75,0.75,0.0,0.0
2022-01-11,0.75,0.75,0.75,0.75,0.0,0.0
2022-01-12,0.75,0.75,0.75,0.75,0.0,0.0
2022-01-13,0.75,0.75,0.75,0.75,0.0,0.0
2022-01-14,0.75,0.75,0.75,0.75,0.0,0.0
2022-01-17,0.75,0.75,0.75,0.75,0.0,0.0
2022-01-18,0.75,0.75,0.75,0.75,0.0,0.0
2022-01-19,0.75,0.75,0.75,0.75,0.0,0.0
2022-01-20,0.75,0.75,0.75,0.75,0.0,0.0
2022-01-21,0.75,0.75,0.75,0.75,0.0,0.0
2022-01-24,0.75,0.75,0.75,0.75,0.0,0.0
2022-01-25,0.75,0.75,0.75,0.75,0.0,0.0
2022-01-26,0.75,0.75,0.75,0.75,0.0,0.0
2022-01-27,0.75,0.75,0.75,0.75,0.0,0.0
2022-01-28,0.75,0.75,0.75,0.75,0.0,0.0
2022-01-31,0.75,0.75,0.75,0.75,0.0,0.0
2022-02-01,0.75,0.75,0.75,0.75,0.0,0.0
2022-02-02,0.75,0.75,0.75,0.75,0.0,0.0
2022-02-03,0.75,0.75,0.75,0.75,0.0,0.0
2022-02-04,0.75,0.75,0.75,0.75,0.0,0.0
2022-02-07,0.75,0.75,0.75,0.75,0.0,0.0
2022-02-08,0.75,0.75,0.75,0.75,0.0,0.0
2022-02-09,0.75,0.75,0.75,0.75,0.0,0.0
2022-02-10,0.75,0.75,0.75,0.75,0.0,0.0
2022-02-11,0.75,0.75,0.75,0.75,0.0,0.0
2022-02-14,0.75,0.75,0.75,0.75,0.0,0.0
2022-02-15,0.75,0.75,0.75,0.75,0.0,0.0
2022-02-16,0.75,0.75,0.75,0.75,0.0,0.0
2022-02-17,0.75,0.75,0.75,0.75,0.0,0.0
2022-02-18,0.75,0.75,0.75,0.75,0.0,0.0
2022-02-21,0.75,0.75,0.75,0.75,0.0,0.0
2022-02-22,0.75,0.75,0.75,0.75,0.0,0.0
2022-02-23,0.75,0.75,0.75,0.75,0.0,0.0
2022-02-24,0.75,0.75,0.75,0.75,0.0,0.0
2022-02-25,0.75,0.75,0.75,0.75,0.0,0.0
2022-02-28,0.75,0.75,0.75,0.75,0.0,0.0
2022-03-01,0.75,0.75,0.75,0.75,0.0,0.0
2022-03-02,0.75,0.75,0.75,0.75,0.0,0.0
2022-03-03,0.75,0.75,0.75,0.75,0.0,0.0
2022-03-04,0.75,0.75,0.75,0.75,0.0,0.0
2022-03-07,0.75,0.75,0.75,0.75,0.0,0.0
2022-03-08,0.75,0.75,0.75,0.75,0.0,0.0
2022-03-09,0.75,0.75,0.75,0.75,0.0,0.0
2022-03-10,0.75,0.75,0.75,0.75,0.0,0.0
2022-03-11,0.75,0.75,0.75,0.75,0.0,0.0
2022-03-14,0.75,0.75,0.75,0.75,0.0,0.0
2022-03-15,0.75,0.75,0.75,0.75,0.0,0.0
2022-03-16,0.75,0.75,0.75,0.75,0.0,0.0
2022-03-17,0.75,0.75,0.75,0.75,0.0,0.0
2022-03-18,0.75,0.75,0.75,0.75,0.0,0.0
2022-03-21,0.75,0.75,0.75,0.75,0.0,0.0
2022-03-22,0.75,0.75,0.75,0.75,0.0,0.0
2022-03-23,0.75,0.75,0.75,0.75,0.0,0.0
2022-03-24,0.75,0.75,0.75,0.75,0.0,0.0
2022-03-25,0.75,0.75,0.75,0.75,0.0,0.0
2022-03-28,0.75,0.75,0.75,0.75,0.0,0.0
2022-03-29,0.75,0.75,0.75,0.75,0.0,0.0
2022-03-30,0.75,0.75,0.75,0.75,0.0,0.0
2022-03-31,0.75,0.75,0.75,0.75,0.0,0.0
2022-04-01,0.75,0.75,0.75,0.75,0.0,0.0
2022-04-04,0.75,0.75,0.75,0.75,0.0,0.0
2022-04-05,0.75,0.75,0.75,0.75,0.0,0.0
2022-04-06,0.75,0.75,0.75,0.75,0.0,0.0
2022-04-07,0.75,0.75,0.75,0.75,0.0,0.0
2022-04-08,0.75,0.75,0.75,0.75,0.0,0.0
2022-04-11,0.75,0.75,0.75,0.75,0.0,0.0
2022-04-12,0.75,0.75,0.75,0.75,0.0,0.0
2022-04-13,0.75,0.75,0.75,0.75,0.0,0.0
2022-04-14,0.75,0.75,0.75,0.75,0.0,0.0
2022-04-19,0.75,0.75,0.75,0.75,0.0,0.0
2022-04-20,0.75,0.75,0.75,0.75,0.0,0.0
2022-04-21,0.75,0.75,0.75,0.75,0.0,0.0
2022-04-22,0.75,0.75,0.75,0.75,0.0,0.0
2022-04-25,0.75,0.75,0.75,0.75,0.0,0.0
2022-04-26,0.75,0.75,0.75,0.75,0.0,0.0
2022-04-27,0.75,0.75,0.75,0.75,0.0,0.0
2022-04-28,0.75,0.75,0.75,0.75,0.0,0.0
2022-04-29,0.75,0.75,0.75,0.75,0.0,0.0
2022-05-02,0.75,0.75,0.75,0.75,0.0,0.0
2022-05-03,0.75,0.75,0.75,0.75,0.0,0.0
2022-05-04,0.75,0.75,0.75,0.75,0.0,0.0
2022-05-05,0.75,0.75,0.75,0.75,0.0,0.0
2022-05-06,0.75,0.75,0.75,0.75,0.0,0.0
2022-05-09,0.75,0.75,0.75,0.75,0.0,0.0
2022-05-10,0.75,0.75,0.75,0.75,0.0,0.0
2022-05-11,0.75,0.75,0.75,0.75,0.0,0.0
2022-05-12,0.75,0.75,0.75,0.75,0.0,0.0
2022-05-13,0.75,0.75,0.75,0.75,0.0,0.0
2022-05-16,0.75,0.75,0.75,0.75,0.0,0.0
2022-05-17,0.75,0.75,0.75,0.75,0.0,0.0
2022-05-18,0.75,0.75,0.75,0.75,0.0,0.0
2022-05-19,0.75,0.75,0.75,0.75,0.0,0.0
2022-05-20,0.75,0.75,0.75,0.75,0.0,0.0
2022-05-23,0.75,0.75,0.75,0.75,0.0,0.0
2022-05-24,0.75,0.75,0.75,0.75,0.0,0.0
2022-05-25,0.75,0.75,0.75,0.75,0.0,0.0
2022-05-26,0.75,0.75,0.75,0.75,0.0,0.0
2022-05-27,0.75,0.75,0.75,0.75,0.0,0.0
2022-05-30,0.75,0.75,0.75,0.75,0.0,0.0
2022-05-31,0.75,0.75,0.75,0.75,0.0,0.0
2022-06-01,0.75,0.75,0.75,0.75,0.0,0.0
2022-06-02,0.75,0.75,0.75,0.75,0.0,0.0
2022-06-03,0.75,0.75,0.75,0.75,0.0,0.0
2022-06-06,0.75,0.75,0.75,0.75,0.0,0.0
2022-06-07,0.75,0.75,0.75,0.75,0.0,0.0
2022-06-08,0.75,0.75,0.75,0.75,0.0,0.0
2022-06-09,0.75,0.75,0.75,0.75,0.0,0.0
2022-06-10,0.75,0.75,0.75,0.75,0.0,0.0
2022-06-13,0.75,0.75,0.75,0.75,0.0,0.0
2022-06-14,0.75,0.75,0.75,0.75,0.0,0.0
2022-06-15,0.75,0.75,0.75,0.75,0.0,0.0
2022-06-16,0.75,0.75,0.75,0.75,0.0,0.0
2022-06-17,0.75,0.75,0.75,0.75,0.0,0.0
2022-06-20,0.75,0.75,0.75,0.75,0.0,0.0
2022-06-21,0.75,0.75,0.75,0.75,0.0,0.0
2022-06-22,0.75,0.75,0.75,0.75,0.0,0.0
2022-06-23,0.75,0.75,0.75,0.75,0.0,0.0
2022-06-24,0.75,0.75,0.75,0.75,0.0,0.0
2022-06-27,0.75,0.75,0.75,0.75,0.0,0.0
2022-06-28,0.75,0.75,0.75,0.75,0.0,0.0
2022-06-29,0.75,0.75,0.75,0.75,0.0,0.0
2022-06-30,0.75,0.75,0.75,0.75,0.0,0.0
2022-07-01,0.75,0.75,0.75,0.75,0.0,0.0
2022-07-04,0.75,0.75,0.75,0.75,0.0,0.0
2022-07-05,0.75,0.75,0.75,0.75,0.0,0.0
2022-07-06,0.75,0.75,0.75,0.75,0.0,0.0
2022-07-07,0.75,0.75,0.75,0.75,0.0,0.0
2022-07-08,0.75,0.75,0.75,0.75,0.0,0.0
2022-07-11,0.75,0.75,0.75,0.75,0.0,0.0
2022-07-12,0.75,0.75,0.75,0.75,0.0,0.0
2022-07-13,0.75,0.75,0.75,0.75,0.0,0.0
2022-07-14,0.75,0.75,0.75,0.75,0.0,0.0
2022-07-15,0.75,0.75,0.75,0.75,0.0,0.0
2022-07-18,0.75,0.75,0.75,0.75,0.0,0.0
2022-07-19,0.75,0.75,0.75,0.75,0.0,0.0
2022-07-20,0.75,0.75,0.75,0.75,0.0,0.0
2022-07-21,0.75,0.75,0.75,0.75,0.0,0.0
2022-07-22,0.75,0.75,0.75,0.75,0.0,0.0
2022-07-25,0.75,0.75,0.75,0.75,0.0,0.0
2022-07-26,0.75,0.75,0.75,0.75,0.0,0.0
2022-07-27,0.75,0.75,0.75,0.75,0.0,0.0
2022-07-28,0.75,0.75,0.75,0.75,0.0,0.0
2022-07-29,0.75,0.75,0.75,0.75,0.0,0.0
2022-08-01,0.75,0.75,0.75,0.75,0.0,0.0
2022-08-02,0.75,0.75,0.75,0.75,0.0,0.0
2022-08-03,0.75,0.75,0.75,0.75,0.0,0.0
2022-08-04,0.75,0.75,0.75,0.75,0.0,0.0
2022-08-05,0.75,0.75,0.75,0.75,0.0,0.0
2022-08-08,0.75,0.75,0.75,0.75,0.0,0.0
2022-08-09,0.75,0.75,0.75,0.75,0.0,0.0
2022-08-10,0.75,0.75,0.75,0.75,0.0,0.0
2022-08-11,0.75,0.75,0.75,0.75,0.0,0.0
2022-08-12,0.75,0.75,0.75,0.75,0.0,0.0
2022-08-15,0.75,0.75,0.75,0.75,0.0,0.0
2022-08-16,0.75,0.75,0.75,0.75,0.0,0.0
2022-08-17,0.75,0.75,0.75,0.75,0.0,0.0
2022-08-18,0.75,0.75,0.75,0.75,0.0,0.0
2022-08-19,0.75,0.75,0.75,0.75,0.0,0.0
2022-08-22,0.75,0.75,0.75,0.75,0.0,0.0
2022-08-23,0.75,0.75,0.75,0.75,0.0,0.0
2022-08-24,0.75,0.75,0.75,0.75,0.0,0.0
2022-08-25,0.75,0.75,0.75,0.75,0.0,0.0
2022-08-26,0.75,0.75,0.75,0.75,0.0,0.0
2022-08-29,0.75,0.75,0.75,0.75,0.0,0.0
2022-08-30,0.75,0.75,0.75,0.75,0.0,0.0
2022-08-31,0.75,0.75,0.75,0.75,0.0,0.0
2022-09-01,0.75,0.75,0.75,0.75,0.0,0.0
2022-09-02,0.75,0.75,0.75,0.75,0.0,0.0
2022-09-05,0.75,0.75,0.75,0.75,0.0,0.0
2022-09-06,0.75,0.75,0.75,0.75,0.0,0.0
2022-09-07,0.75,0.75,0.75,0.75,0.0,0.0
2022-09-08,0.75,0.75,0.75,0.75,0.0,0.0
2022-09-09,0.75,0.75,0.75,0.75,0.0,0.0
2022-09-12,0.75,0.75,0.75,0.75,0.0,0.0
2022-09-13,0.75,0.75,0.75,0.75,0.0,0.0
2022-09-14,0.75,0.75,0.75,0.75,0.0,0.0
2022-09-15,0.75,0.75,0.75,0.75,0.0,0.0
2022-09-16,0.75,0.75,0.75,0.75,0.0,0.0
2022-09-19,0.75,0.75,0.75,0.75,0.0,0.0
2022-09-20,0.75,0.75,0.75,0.75,0.0,0.0
2022-09-21,0.75,0.75,0.75,0.75,0.0,0.0
2022-09-22,0.75,0.75,0.75,0.75,0.0,0.0
2022-09-23,0.75,0.75,0.75,0.75,0.0,0.0
2022-09-26,0.75,0.75,0.75,0.75,0.0,0.0
2022-09-27,0.75,0.75,0.75,0.75,0.0,0.0
2022-09-28,0.75,0.75,0.75,0.75,0.0,0.0
2022-09-29,0.75,0.75,0.75,0.75,0.0,0.0
2022-09-30,0.75,0.75,0.75,0.75,0.0,0.0
2022-10-03,0.75,0.75,0.75,0.75,0.0,0.0
2022-10-04,0.75,0.75,0.75,0.75,0.0,0.0
2022-10-05,0.75,0.75,0.75,0.75,0.0,0.0
2022-10-06,0.75,0.75,0.75,0.75,0.0,0.0
2022-10-07,0.75,0.75,0.75,0.75,0.0,0.0
2022-10-10,0.75,0.75,0.75,0.75,0.0,0.0
2022-10-11,0.75,0.75,0.75,0.75,0.0,0.0
2022-10-12,0.75,0.75,0.75,0.75,0.0,0.0
2022-10-13,0.75,0.75,0.75,0.75,0.0,0.0
2022-10-14,0.75,0.75,0.75,0.75,0.0,0.0
2022-10-17,0.75,0.75,0.75,0.75,0.0,0.0
2022-10-18,0.75,0.75,0.75,0.75,0.0,0.0
2022-10-19,0.75,0.75,0.75,0.75,0.0,0.0
2022-10-20,0.75,0.75,0.75,0.75,0.0,0.0
2022-10-21,0.75,0.75,0.75,0.75,0.0,0.0
2022-10-24,0.75,0.75,0.75,0.75,0.0,0.0
2022-10-25,0.75,0.75,0.75,0.75,0.0,0.0
2022-10-26,0.75,0.75,0.75,0.75,0.0,0.0
2022-10-27,0.75,0.75,0.75,0.75,0.0,0.0
2022-10-28,0.75,0.75,0.75,0.75,0.0,0.0
2022-10-31,0.75,0.75,0.75,0.75,0.0,0.0
2022-11-01,0.75,0.75,0.75,0.75,0.0,0.0
2022-11-02,0.75,0.75,0.75,0.75,0.0,0.0
2022-11-03,0.75,0.75,0.75,0.75,0.0,0.0
2022-11-04,0.75,0.75,0.75,0.75,0.0,0.0
2022-11-07,0.75,0.75,0.75,0.75,0.0,0.0
2022-11-08,0.75,0.75,0.75,0.75,0.0,0.0
2022-11-09,0.75,0.75,0.75,0.75,0.0,0.0
2022-11-10,0.75,0.75,0.75,0.75,0.0,0.0
2022-11-11,0.75,0.75,0.75,0.75,0.0,0.0
2022-11-14,0.75,0.75,0.75,0.75,0.0,0.0
2022-11-15,0.75,0.75,0.75,0.75,0.0,0.0
2022-11-16,0.75,0.75,0.75,0.75,0.0,0.0
2022-11-17,0.75,0.75,0.75,0.75,0.0,0.0
2022-11-18,0.75,0.75,0.75,0.75,0.0,0.0
2022-11-21,0.75,0.75,0.75,0.75,0.0,0.0
2022-11-22,0.75,0.75,0.75,0.75,0.0,0.0
2022-11-23,0.75,0.75,0.75,0.75,0.0,0.0
2022-11-24,0.75,0.75,0.75,0.75,0.0,0.0
2022-11-25,0.75,0.75,0.75,0.75,0.0,0.0
2022-11-28,0.75,0.75,0.75,0.75,0.0,0.0
2022-11-29,0.75,0.75,0.75,0.75,0.0,0.0
2022-11-30,0.75,0.75,0.75,0.75,0.0,0.0
2022-12-01,0.75,0.75,0.75,0.75,0.0,0.0
2022-12-02,0.75,0.75,0.75,0.75,0.0,0.0
2022-12-05,0.75,0.75,0.75,0.75,0.0,0.0
2022-12-06,0.75,0.75,0.75,0.75,0.0,0.0
2022-12-07,0.75,0.75,0.75,0.75,0.0,0.0
2022-12-08,0.75,0.75,0.75,0.75,0.0,0.0
2022-12-09,0.75,0.75,0.75,0.75,0.0,0.0
2022-12-12,0.75,0.75,0.75,0.75,0.0,0.0
2022-12-13,0.75,0.75,0.75,0.75,0.0,0.0
2022-12-14,0.75,0.75,0.75,0.75,0.0,0.0
2022-12-15,0.75,0.75,0.75,0.75,0.0,0.0
2022-12-16,0.75,0.75,0.75,0.75,0.0,0.0
2022-12-19,0.75,0.75,0.75,0.75,0.0,0.0
2022-12-20,0.75,0.75,0.75,0.75,0.0,0.0
2022-12-21,0.75,0.75,0.75,0.75,0.0,0.0
2022-12-22,0.75,0.75,0.75,0.75,0.0,0.0
2022-12-23,0.75,0.75,0.75,0.75,0.0,0.0
2022-12-27,0.75,0.75,0.75,0.75,0.0,0.0
2022-12-28,0.75,0.75,0.75,0.75,0.0,0.0
2022-12-29,0.75,0.75,0.75,0.75,0.0,0.0
2022-12-30,0.75,0.75,0.75,0.75,0.0,0.0
2023-01-02,0.75,0.75,0.75,0.75,0.0,0.0
2023-01-03,0.75,0.75,0.75,0.75,0.0,0.0
2023-01-04,0.75,0.75,0.75,0.75,0.0,0.0
2023-01-05,0.75,0.75,0.75,0.75,0.0,0.0
2023-01-06,0.75,0.75,0.75,0.75,0.0,0.0
2023-01-09,0.75,0.75,0.75,0.75,0.0,0.0
2023-01-10,0.75,0.75,0.75,0.75,0.0,0.0
2023-01-11,0.75,0.75,0.75,0.75,0.0,0.0
2023-01-12,0.75,0.75,0.75,0.75,0.0,0.0
2023-01-13,0.75,0.75,0.75,0.75,0.0,0.0
2023-01-16,0.75,0.75,0.75,0.75,0.0,0.0
2023-01-17,0.75,0.75,0.75,0.75,0.0,0.0
2023-01-18,0.75,0.75,0.75,0.75,0.0,0.0
2023-01-19,0.75,0.75,0.75,0.75,0.0,0.0
2023-01-20,0.75,0.75,0.75,0.75,0.0,0.0
2023-01-23,0.75,0.75,0.75,0.75,0.0,0.0
2023-01-24,0.75,0.75,0.75,0.75,0.0,0.0
2023-01-25,0.75,0.75,0.75,0.75,0.0,0.0
2023-01-26,0.75,0.75,0.75,0.75,0.0,0.0
2023-01-27,0.75,0.75,0.75,0.75,0.0,0.0
2023-01-30,0.75,0.75,0.75,0.75,0.0,0.0
2023-01-31,0.75,0.75,0.75,0.75,0.0,0.0
2023-02-01,0.75,0.75,0.75,0.75,0.0,0.0
2023-02-02,0.75,0.75,0.75,0.75,0.0,0.0
2023-02-03,0.75,0.75,0.75,0.75,0.0,0.0
2023-02-06,0.75,0.75,0.75,0.75,0.0,0.0
2023-02-07,0.75,0.75,0.75,0.75,0.0,0.0
2023-02-08,0.75,0.75,0.75,0.75,0.0,0.0
2023-02-09,0.75,0.75,0.75,0.75,0.0,0.0
2023-02-10,0.75,0.75,0.75,0.75,0.0,0.0
2023-02-13,0.75,0.75,0.75,0.75,0.0,0.0
2023-02-14,0.75,0.75,0.75,0.75,0.0,0.0
2023-02-15,0.75,0.75,0.75,0.75,0.0,0.0
2023-02-16,0.75,0.75,0.75,0.75,0.0,0.0
2023-02-17,0.75,0.75,0.75,0.75,0.0,0.0
2023-02-20,0.75,0.75,0.75,0.75,0.0,0.0
2023-02-21,0.75,0.75,0.75,0.75,0.0,0.0
2023-02-22,0.75,0.75,0.75,0.75,0.0,0.0
2023-02-23,0.75,0.75,0.75,0.75,0.0,0.0
2023-02-24,0.75,0.75,0.75,0.75,0.0,0.0
2023-02-27,0.75,0.75,0.75,0.75,0.0,0.0
2023-02-28,0.75,0.75,0.75,0.75,0.0,0.0
2023-03-01,0.75,0.75,0.75,0.75,0.0,0.0
2023-03-02,0.75,0.75,0.75,0.75,0.0,0.0
2023-03-03,0.75,0.75,0.75,0.75,0.0,0.0
2023-03-06,0.75,0.75,0.75,0.75,0.0,0.0
2023-03-07,0.75,0.75,0.75,0.75,0.0,0.0
2023-03-08,0.75,0.75,0.75,0.75,0.0,0.0
2023-03-09,0.75,0.75,0.75,0.75,0.0,0.0
2023-03-10,0.75,0.75,0.75,0.75,0.0,0.0
2023-03-13,0.75,0.75,0.75,0.75,0.0,0.0
2023-03-14,0.75,0.75,0.75,0.75,0.0,0.0
2023-03-15,0.75,0.75,0.75,0.75,0.0,0.0
2023-03-16,0.75,0.75,0.75,0.75,0.0,0.0
2023-03-17,0.75,0.75,0.75,0.75,0.0,0.0
2023-03-20,0.75,0.75,0.75,0.75,0.0,0.0
2023-03-21,0.75,0.75,0.75,0.75,0.0,0.0
2023-03-22,0.75,0.75,0.75,0.75,0.0,0.0
2023-03-23,0.75,0.75,0.75,0.75,0.0,0.0
2023-03-24,0.75,0.75,0.75,0.75,0.0,0.0
2023-03-27,0.75,0.75,0.75,0.75,0.0,0.0
2023-03-28,0.75,0.75,0.75,0.75,0.0,0.0
2023-03-29,0.75,0.75,0.75,0.75,0.0,0.0
2023-03-30,0.75,0.75,0.75,0.75,0.0,0.0
2023-03-31,0.75,0.75,0.75,0.75,0.0,0.0
2023-04-03,0.75,0.75,0.75,0.75,0.0,0.0
2023-04-04,0.75,0.75,0.75,0.75,0.0,0.0
2023-04-05,0.75,0.75,0.75,0.75,0.0,0.0
2023-04-06,0.75,0.75,0.75,0.75,0.0,0.0
2023-04-11,0.75,0.75,0.75,0.75,0.0,0.0
2023-04-12,0.75,0.75,0.75,0.75,0.0,0.0
2023-04-13,0.75,0.75,0.75,0.75,0.0,0.0
2023-04-14,0.75,0.75,0.75,0.75,0.0,0.0
2023-04-17,0.75,0.75,0.75,0.75,0.0,0.0
2023-04-18,0.75,0.75,0.75,0.75,0.0,0.0
2023-04-19,0.75,0.75,0.75,0.75,0.0,0.0
2023-04-20,0.75,0.75,0.75,0.75,0.0,0.0
2023-04-21,0.75,0.75,0.75,0.75,0.0,0.0
2023-04-24,0.75,0.75,0.75,0.75,0.0,0.0
2023-04-25,0.75,0.75,0.75,0.75,0.0,0.0
2023-04-26,0.75,0.75,0.75,0.75,0.0,0.0
2023-04-27,0.75,0.75,0.75,0.75,0.0,0.0
2023-04-28,0.75,0.75,0.75,0.75,0.0,0.0
2023-05-02,0.75,0.75,0.75,0.75,0.0,0.0
2023-05-03,0.75,0.75,0.75,0.75,0.0,0.0
2023-05-04,0.75,0.75,0.75,0.75,0.0,0.0
2023-05-05,0.75,0.75,0.75,0.75,0.0,0.0
2023-05-08,0.75,0.75,0.75,0.75,0.0,0.0
2023-05-09,0.75,0.75,0.75,0.75,0.0,0.0
2023-05-10,0.75,0.75,0.75,0.75,0.0,0.0
2023-05-11,0.75,0.75,0.75,0.75,0.0,0.0
2023-05-12,0.75,0.75,0.75,0.75,0.0,0.0
2023-05-15,0.75,0.75,0.75,0.75,0.0,0.0
2023-05-16,0.75,0.75,0.75,0.75,0.0,0.0
2023-05-17,0.75,0.75,0.75,0.75,0.0,0.0
2023-05-18,0.75,0.75,0.75,0.75,0.0,0.0
2023-05-19,0.75,0.75,0.75,0.75,0.0,0.0
2023-05-22,0.75,0.75,0.75,0.75,0.0,0.0
2023-05-23,0.75,0.75,0.75,0.75,0.0,0.0
2023-05-24,0.75,0.75,0.75,0.75,0.0,0.0
2023-05-25,0.75,0.75,0.75,0.75,0.0,0.0
2023-05-26,0.75,0.75,0.75,0.75,0.0,0.0
2023-05-29,0.75,0.75,0.75,0.75,0.0,0.0
2023-05-30,0.75,0.75,0.75,0.75,0.0,0.0
2023-05-31,0.75,0.75,0.75,0.75,0.0,0.0
2023-06-01,0.75,0.75,0.75,0.75,0.0,0.0
2023-06-02,0.75,0.75,0.75,0.75,0.0,0.0
2023-06-05,0.75,0.75,0.75,0.75,0.0,0.0
2023-06-06,0.75,0.75,0.75,0.75,0.0,0.0
2023-06-07,0.75,0.75,0.75,0.75,0.0,0.0
2023-06-08,0.75,0.75,0.75,0.75,0.0,0.0
2023-06-09,0.75,0.75,0.75,0.75,0.0,0.0
2023-06-12,0.75,0.75,0.75,0.75,0.0,0.0
2023-06-13,0.75,0.75,0.75,0.75,0.0,0.0
2023-06-14,0.75,0.75,0.75,0.75,0.0,0.0
2023-06-15,0.75,0.75,0.75,0.75,0.0,0.0
2023-06-16,0.75,0.75,0.75,0.75,0.0,0.0
2023-06-19,0.75,0.75,0.75,0.75,0.0,0.0
2023-06-20,0.75,0.75,0.75,0.75,0.0,0.0
2023-06-21,0.75,0.75,0.75,0.75,0.0,0.0
2023-06-22,0.75,0.75,0.75,0.75,0.0,0.0
2023-06-23,0.75,0.75,0.75,0.75,0.0,0.0
2023-06-26,0.75,0.75,0.75,0.75,0.0,0.0
2023-06-27,0.75,0.75,0.75,0.75,0.0,0.0
2023-06-28,0.75,0.75,0.75,0.75,0.0,0.0
2023-06-29,0.75,0.75,0.75,0.75,0.0,0.0
2023-06-30,0.75,0.75,0.75,0.75,0.0,0.0
2023-07-03,0.75,0.75,0.75,0.75,0.0,0.0
2023-07-04,0.75,0.75,0.75,0.75,0.0,0.0
2023-07-05,0.75,0.75,0.75,0.75,0.0,0.0
2023-07-06,0.75,0.75,0.75,0.75,0.0,0.0
2023-07-07,0.75,0.75,0.75,0.75,0.0,0.0
2023-07-10,0.75,0.75,0.75,0.75,0.0,0.0
2023-07-11,0.75,0.75,0.75,0.75,0.0,0.0
2023-07-12,0.75,0.75,0.75,0.75,0.0,0.0
2023-07-13,0.75,0.75,0.75,0.75,0.0,0.0
2023-07-14,0.75,0.75,0.75,0.75,0.0,0.0
2023-07-17,0.75,0.75,0.75,0.75,0.0,0.0
2023-07-18,0.75,0.75,0.75,0.75,0.0,0.0
2023-07-19,0.75,0.75,0.75,0.75,0.0,0.0
2023-07-20,0.75,0.75,0.75,0.75,0.0,0.0
2023-07-21,0.75,0.75,0.75,0.75,0.0,0.0
2023-07-24,0.75,0.75,0.75,0.75,0.0,0.0
2023-07-25,0.75,0.75,0.75,0.75,0.0,0.0
2023-07-26,0.75,0.75,0.75,0.75,0.0,0.0
2023-07-27,0.75,0.75,0.75,0.75,0.0,0.0
