Date,HIGH,LOW,CLOSE,OPEN,COUNT,VOLUME
1983-01-04,,,,,0.0,0.0
1983-01-05,,,,,0.0,1.0
1983-01-06,,,,,0.0,1.0
1983-01-07,,,,,0.0,1.0
1983-01-10,,,,,0.0,1.0
1983-01-11,,,,,0.0,1.0
1983-01-12,,,,,0.0,1.0
1983-01-13,,,,,0.0,1.0
1983-01-14,,,,,0.0,1.0
1983-01-17,,,,,0.0,1.0
1983-01-18,,,,,0.0,1.0
1983-01-19,,,,,0.0,1.0
1983-01-20,,,,,0.0,1.0
1983-01-21,,,,,0.0,1.0
1983-01-24,,,,,0.0,1.0
1983-01-25,,,,,0.0,1.0
1983-01-26,,,,,0.0,1.0
1983-01-27,,,,,0.0,1.0
1983-01-28,,,,,0.0,1.0
1983-01-31,,,,,0.0,1.0
1983-02-01,,,,,0.0,1.0
1983-02-02,,,,,0.0,1.0
1983-02-03,,,,,0.0,1.0
1983-02-04,,,,,0.0,1.0
1983-02-07,,,,,0.0,1.0
1983-02-08,,,,,0.0,1.0
1983-02-09,,,,,0.0,1.0
1983-02-10,,,,,0.0,1.0
1983-02-11,,,,,0.0,1.0
1983-02-14,,,,,0.0,1.0
1983-02-15,,,,,0.0,1.0
1983-02-16,,,,,0.0,1.0
1983-02-17,,,,,0.0,1.0
1983-02-18,,,,,0.0,1.0
1983-02-21,,,,,0.0,1.0
1983-02-22,,,,,0.0,1.0
1983-02-23,,,,,0.0,1.0
1983-02-24,,,,,0.0,1.0
1983-02-25,,,,,0.0,1.0
1983-02-28,,,,,0.0,1.0
1983-03-01,,,,,0.0,1.0
1983-03-02,,,,,0.0,1.0
1983-03-03,,,,,0.0,1.0
1983-03-04,,,,,0.0,1.0
1983-03-07,,,,,0.0,1.0
1983-03-08,,,,,0.0,1.0
1983-03-09,,,,,0.0,1.0
1983-03-10,,,,,0.0,1.0
1983-03-11,,,,,0.0,1.0
1983-03-14,,,,,0.0,1.0
1983-03-15,,,,,0.0,1.0
1983-03-16,,,,,0.0,1.0
1983-03-17,,,,,0.0,1.0
1983-03-18,,,,,0.0,1.0
1983-03-21,,,,,0.0,1.0
1983-03-22,,,,,0.0,1.0
1983-03-23,,,,,0.0,1.0
1983-03-24,,,,,0.0,1.0
1983-03-25,,,,,0.0,1.0
1983-03-28,,,,,0.0,1.0
1983-03-29,,,,,0.0,1.0
1983-03-30,,,,,0.0,1.0
1983-03-31,,,,,0.0,1.0
1983-04-01,,,,,0.0,1.0
1983-04-04,,,,,0.0,1.0
1983-04-05,,,,,0.0,1.0
1983-04-06,,,,,0.0,1.0
1983-04-07,,,,,0.0,1.0
1983-04-08,,,,,0.0,1.0
1983-04-11,,,,,0.0,1.0
1983-04-12,,,,,0.0,1.0
1983-04-13,,,,,0.0,1.0
1983-04-14,,,,,0.0,1.0
1983-04-15,,,,,0.0,1.0
1983-04-18,,,,,0.0,1.0
1983-04-19,,,,,0.0,1.0
1983-04-20,,,,,0.0,1.0
1983-04-21,,,,,0.0,1.0
1983-04-22,,,,,0.0,1.0
1983-04-25,,,,,0.0,1.0
1983-04-26,,,,,0.0,1.0
1983-04-27,,,,,0.0,1.0
1983-04-28,,,,,0.0,1.0
1983-04-29,,,,,0.0,1.0
1983-05-02,,,,,0.0,1.0
1983-05-03,,,,,0.0,1.0
1983-05-04,,,,,0.0,1.0
1983-05-05,,,,,0.0,1.0
1983-05-06,,,,,0.0,1.0
1983-05-09,,,,,0.0,1.0
1983-05-10,,,,,0.0,1.0
1983-05-11,,,,,0.0,1.0
1983-05-12,,,,,0.0,1.0
1983-05-13,,,,,0.0,1.0
1983-05-16,,,,,0.0,1.0
1983-05-17,,,,,0.0,1.0
1983-05-18,,,,,0.0,1.0
1983-05-19,,,,,0.0,1.0
1983-05-20,,,,,0.0,1.0
1983-05-23,,,,,0.0,1.0
1983-05-24,,,,,0.0,1.0
1983-05-25,,,,,0.0,1.0
1983-05-26,,,,,0.0,1.0
1983-05-27,,,,,0.0,1.0
1983-05-30,,,,,0.0,1.0
1983-05-31,,,,,0.0,1.0
1983-06-01,,,,,0.0,1.0
1983-06-02,,,,,0.0,1.0
1983-06-03,,,,,0.0,1.0
1983-06-06,,,,,0.0,1.0
1983-06-07,,,,,0.0,1.0
1983-06-08,,,,,0.0,1.0
1983-06-09,,,,,0.0,1.0
1983-06-10,,,,,0.0,1.0
1983-06-13,,,,,0.0,1.0
1983-06-14,,,,,0.0,1.0
1983-06-15,,,,,0.0,1.0
1983-06-16,,,,,0.0,1.0
1983-06-17,,,,,0.0,1.0
1983-06-20,,,,,0.0,1.0
1983-06-21,,,,,0.0,1.0
1983-06-22,,,,,0.0,1.0
1983-06-23,,,,,0.0,1.0
1983-06-24,,,,,0.0,1.0
1983-06-27,,,,,0.0,1.0
1983-06-28,,,,,0.0,1.0
1983-06-29,,,,,0.0,1.0
1983-06-30,,,,,0.0,1.0
1983-07-01,,,,,0.0,1.0
1983-07-04,,,,,0.0,1.0
1983-07-05,,,,,0.0,1.0
1983-07-06,,,,,0.0,1.0
1983-07-07,,,,,0.0,1.0
1983-07-08,,,,,0.0,1.0
1983-07-11,,,,,0.0,1.0
1983-07-12,,,,,0.0,1.0
1983-07-13,,,,,0.0,1.0
1983-07-14,,,,,0.0,1.0
1983-07-15,,,,,0.0,1.0
1983-07-18,,,,,0.0,1.0
1983-07-19,,,,,0.0,1.0
1983-07-20,,,,,0.0,1.0
1983-07-21,,,,,0.0,1.0
1983-07-22,,,,,0.0,1.0
1983-07-25,,,,,0.0,1.0
1983-07-26,,,,,0.0,1.0
1983-07-27,,,,,0.0,1.0
1983-07-28,,,,,0.0,1.0
1983-07-29,,,,,0.0,1.0
1983-08-01,,,,,0.0,1.0
1983-08-02,,,,,0.0,1.0
1983-08-03,,,,,0.0,1.0
1983-08-04,,,,,0.0,1.0
1983-08-05,,,,,0.0,1.0
1983-08-08,,,,,0.0,1.0
1983-08-09,,,,,0.0,1.0
1983-08-10,,,,,0.0,1.0
1983-08-11,,,,,0.0,1.0
1983-08-12,,,,,0.0,1.0
1983-08-15,,,,,0.0,1.0
1983-08-16,,,,,0.0,1.0
1983-08-17,,,,,0.0,1.0
1983-08-18,,,,,0.0,1.0
1983-08-19,,,,,0.0,1.0
1983-08-22,,,,,0.0,1.0
1983-08-23,,,,,0.0,1.0
1983-08-24,,,,,0.0,1.0
1983-08-25,,,,,0.0,1.0
1983-08-26,,,,,0.0,1.0
1983-08-29,,,,,0.0,1.0
1983-08-30,,,,,0.0,1.0
1983-08-31,,,,,0.0,1.0
1983-09-01,,,,,0.0,1.0
1983-09-02,,,,,0.0,1.0
1983-09-05,,,,,0.0,1.0
1983-09-06,,,,,0.0,1.0
1983-09-07,,,,,0.0,1.0
1983-09-08,,,,,0.0,1.0
1983-09-09,,,,,0.0,1.0
1983-09-12,,,,,0.0,1.0
1983-09-13,,,,,0.0,1.0
1983-09-14,,,,,0.0,1.0
1983-09-15,,,,,0.0,1.0
1983-09-16,,,,,0.0,1.0
1983-09-19,,,,,0.0,1.0
1983-09-20,,,,,0.0,1.0
1983-09-21,,,,,0.0,1.0
1983-09-22,,,,,0.0,1.0
1983-09-23,,,,,0.0,1.0
1983-09-26,,,,,0.0,1.0
1983-09-27,,,,,0.0,1.0
1983-09-28,,,,,0.0,1.0
1983-09-29,,,,,0.0,1.0
1983-09-30,,,,,0.0,1.0
1983-10-03,,,,,0.0,1.0
1983-10-04,,,,,0.0,1.0
1983-10-05,,,,,0.0,1.0
1983-10-06,,,,,0.0,1.0
1983-10-07,,,,,0.0,1.0
1983-10-10,,,,,0.0,1.0
1983-10-11,,,,,0.0,1.0
1983-10-12,,,,,0.0,1.0
1983-10-13,,,,,0.0,1.0
1983-10-14,,,,,0.0,1.0
1983-10-17,,,,,0.0,1.0
1983-10-18,,,,,0.0,1.0
1983-10-19,,,,,0.0,1.0
1983-10-20,,,,,0.0,1.0
1983-10-21,,,,,0.0,1.0
1983-10-24,,,,,0.0,1.0
1983-10-25,,,,,0.0,1.0
1983-10-26,,,,,0.0,1.0
1983-10-27,,,,,0.0,1.0
1983-10-28,,,,,0.0,1.0
1983-10-31,,,,,0.0,1.0
1983-11-01,,,,,0.0,1.0
1983-11-02,,,,,0.0,1.0
1983-11-03,,,,,0.0,1.0
1983-11-04,,,,,0.0,1.0
1983-11-07,,,,,0.0,1.0
1983-11-08,,,,,0.0,1.0
1983-11-09,,,,,0.0,1.0
1983-11-10,,,,,0.0,1.0
1983-11-11,,,,,0.0,1.0
1983-11-14,,,,,0.0,1.0
1983-11-15,,,,,0.0,1.0
1983-11-16,,,,,0.0,1.0
1983-11-17,,,,,0.0,1.0
1983-11-18,,,,,0.0,1.0
1983-11-21,,,,,0.0,1.0
1983-11-22,,,,,0.0,1.0
1983-11-23,,,,,0.0,1.0
1983-11-24,,,,,0.0,1.0
1983-11-25,,,,,0.0,1.0
1983-11-28,,,,,0.0,1.0
1983-11-29,,,,,0.0,1.0
1983-11-30,,,,,0.0,1.0
1983-12-01,,,,,0.0,1.0
1983-12-02,,,,,0.0,1.0
1983-12-05,,,,,0.0,1.0
1983-12-06,,,,,0.0,1.0
1983-12-07,,,,,0.0,1.0
1983-12-08,,,,,0.0,1.0
1983-12-09,,,,,0.0,1.0
1983-12-12,,,,,0.0,1.0
1983-12-13,,,,,0.0,1.0
1983-12-14,,,,,0.0,1.0
1983-12-15,,,,,0.0,1.0
1983-12-16,,,,,0.0,1.0
1983-12-19,,,,,0.0,1.0
1983-12-20,,,,,0.0,1.0
1983-12-21,,,,,0.0,1.0
1983-12-22,,,,,0.0,1.0
1983-12-23,,,,,0.0,1.0
1983-12-26,,,,,0.0,1.0
1983-12-27,,,,,0.0,1.0
1983-12-28,,,,,0.0,1.0
1983-12-29,,,,,0.0,1.0
1983-12-30,,,,,0.0,1.0
1984-01-02,,,,,0.0,1.0
1984-01-03,,,,,0.0,1.0
1984-01-04,,,,,0.0,1.0
1984-01-05,,,,,0.0,1.0
1984-01-06,,,,,0.0,1.0
1984-01-09,,,,,0.0,1.0
1984-01-10,,,,,0.0,1.0
1984-01-11,,,,,0.0,1.0
1984-01-12,,,,,0.0,1.0
1984-01-13,,,,,0.0,1.0
1984-01-16,,,,,0.0,1.0
1984-01-17,,,,,0.0,1.0
1984-01-18,,,,,0.0,1.0
1984-01-19,,,,,0.0,1.0
1984-01-20,,,,,0.0,1.0
1984-01-23,,,,,0.0,1.0
1984-01-24,,,,,0.0,1.0
1984-01-25,,,,,0.0,1.0
1984-01-26,,,,,0.0,1.0
1984-01-27,,,,,0.0,1.0
1984-01-30,,,,,0.0,1.0
1984-01-31,,,,,0.0,1.0
1984-02-01,,,,,0.0,1.0
1984-02-02,,,,,0.0,1.0
1984-02-03,,,,,0.0,1.0
1984-02-06,,,,,0.0,1.0
1984-02-07,,,,,0.0,1.0
1984-02-08,,,,,0.0,1.0
1984-02-09,,,,,0.0,1.0
1984-02-10,,,,,0.0,1.0
1984-02-13,,,,,0.0,1.0
1984-02-14,,,,,0.0,1.0
1984-02-15,,,,,0.0,1.0
1984-02-16,,,,,0.0,1.0
1984-02-17,,,,,0.0,1.0
1984-02-20,,,,,0.0,1.0
1984-02-21,,,,,0.0,1.0
1984-02-22,,,,,0.0,1.0
1984-02-23,,,,,0.0,1.0
1984-02-24,,,,,0.0,1.0
1984-02-27,,,,,0.0,1.0
1984-02-28,,,,,0.0,1.0
1984-02-29,,,,,0.0,1.0
1984-03-01,,,,,0.0,1.0
1984-03-02,,,,,0.0,1.0
1984-03-05,,,,,0.0,1.0
1984-03-06,,,,,0.0,1.0
1984-03-07,,,,,0.0,1.0
1984-03-08,,,,,0.0,1.0
1984-03-09,,,,,0.0,1.0
1984-03-12,,,,,0.0,1.0
1984-03-13,,,,,0.0,1.0
1984-03-14,,,,,0.0,1.0
1984-03-15,,,,,0.0,1.0
1984-03-16,,,,,0.0,1.0
1984-03-19,,,,,0.0,1.0
1984-03-20,,,,,0.0,1.0
1984-03-21,,,,,0.0,1.0
1984-03-22,,,,,0.0,1.0
1984-03-23,,,,,0.0,1.0
1984-03-26,,,,,0.0,1.0
1984-03-27,,,,,0.0,1.0
1984-03-28,,,,,0.0,1.0
1984-03-29,,,,,0.0,1.0
1984-03-30,,,,,0.0,1.0
1984-04-02,,,,,0.0,1.0
1984-04-03,,,,,0.0,1.0
1984-04-04,,,,,0.0,1.0
1984-04-05,,,,,0.0,1.0
1984-04-06,,,,,0.0,1.0
1984-04-09,,,,,0.0,1.0
1984-04-10,,,,,0.0,1.0
1984-04-11,,,,,0.0,1.0
1984-04-12,,,,,0.0,1.0
1984-04-13,,,,,0.0,1.0
1984-04-16,,,,,0.0,1.0
1984-04-17,,,,,0.0,1.0
1984-04-18,,,,,0.0,1.0
1984-04-19,,,,,0.0,1.0
1984-04-20,,,,,0.0,1.0
1984-04-23,,,,,0.0,1.0
1984-04-24,,,,,0.0,1.0
1984-04-25,,,,,0.0,1.0
1984-04-26,,,,,0.0,1.0
1984-04-27,,,,,0.0,1.0
1984-04-30,,,,,0.0,1.0
1984-05-01,,,,,0.0,1.0
1984-05-02,,,,,0.0,1.0
1984-05-03,,,,,0.0,1.0
1984-05-04,,,,,0.0,1.0
1984-05-07,,,,,0.0,1.0
1984-05-08,,,,,0.0,1.0
1984-05-09,,,,,0.0,1.0
1984-05-10,,,,,0.0,1.0
1984-05-11,,,,,0.0,1.0
1984-05-14,,,,,0.0,1.0
1984-05-15,,,,,0.0,1.0
1984-05-16,,,,,0.0,1.0
1984-05-17,,,,,0.0,1.0
1984-05-18,,,,,0.0,1.0
1984-05-21,,,,,0.0,1.0
1984-05-22,,,,,0.0,1.0
1984-05-23,,,,,0.0,1.0
1984-05-24,,,,,0.0,1.0
1984-05-25,,,,,0.0,1.0
1984-05-28,,,,,0.0,1.0
1984-05-29,,,,,0.0,1.0
1984-05-30,,,,,0.0,1.0
1984-05-31,,,,,0.0,1.0
1984-06-01,,,,,0.0,1.0
1984-06-04,,,,,0.0,1.0
1984-06-05,,,,,0.0,1.0
1984-06-06,,,,,0.0,1.0
1984-06-07,,,,,0.0,1.0
1984-06-08,,,,,0.0,1.0
1984-06-11,,,,,0.0,1.0
1984-06-12,,,,,0.0,1.0
1984-06-13,,,,,0.0,1.0
1984-06-14,,,,,0.0,1.0
1984-06-15,,,,,0.0,1.0
1984-06-18,,,,,0.0,1.0
1984-06-19,,,,,0.0,1.0
1984-06-20,,,,,0.0,1.0
1984-06-21,,,,,0.0,1.0
1984-06-22,,,,,0.0,1.0
1984-06-25,,,,,0.0,1.0
1984-06-26,,,,,0.0,1.0
1984-06-27,,,,,0.0,1.0
1984-06-28,,,,,0.0,1.0
1984-06-29,,,,,0.0,1.0
1984-07-02,,,,,0.0,1.0
1984-07-03,,,,,0.0,1.0
1984-07-04,,,,,0.0,1.0
1984-07-05,,,,,0.0,1.0
1984-07-06,,,,,0.0,1.0
1984-07-09,,,,,0.0,1.0
1984-07-10,,,,,0.0,1.0
1984-07-11,,,,,0.0,1.0
1984-07-12,,,,,0.0,1.0
1984-07-13,,,,,0.0,1.0
1984-07-16,,,,,0.0,1.0
1984-07-17,,,,,0.0,1.0
1984-07-18,,,,,0.0,1.0
1984-07-19,,,,,0.0,1.0
1984-07-20,,,,,0.0,1.0
1984-07-23,,,,,0.0,1.0
1984-07-24,,,,,0.0,1.0
1984-07-25,,,,,0.0,1.0
1984-07-26,,,,,0.0,1.0
1984-07-27,,,,,0.0,1.0
1984-07-30,,,,,0.0,1.0
1984-07-31,,,,,0.0,1.0
1984-08-01,,,,,0.0,1.0
1984-08-02,,,,,0.0,1.0
1984-08-03,,,,,0.0,1.0
1984-08-06,,,,,0.0,1.0
1984-08-07,,,,,0.0,1.0
1984-08-08,,,,,0.0,1.0
1984-08-09,,,,,0.0,1.0
1984-08-10,,,,,0.0,1.0
1984-08-13,,,,,0.0,1.0
1984-08-14,,,,,0.0,1.0
1984-08-15,,,,,0.0,1.0
1984-08-16,,,,,0.0,1.0
1984-08-17,,,,,0.0,1.0
1984-08-20,,,,,0.0,1.0
1984-08-21,,,,,0.0,1.0
1984-08-22,,,,,0.0,1.0
1984-08-23,,,,,0.0,1.0
1984-08-24,,,,,0.0,1.0
1984-08-27,,,,,0.0,1.0
1984-08-28,,,,,0.0,1.0
1984-08-29,,,,,0.0,1.0
1984-08-30,,,,,0.0,1.0
1984-08-31,,,,,0.0,1.0
1984-09-03,,,,,0.0,1.0
1984-09-04,,,,,0.0,1.0
1984-09-05,,,,,0.0,1.0
1984-09-06,,,,,0.0,1.0
1984-09-07,,,,,0.0,1.0
1984-09-10,,,,,0.0,1.0
1984-09-11,,,,,0.0,1.0
1984-09-12,,,,,0.0,1.0
1984-09-13,,,,,0.0,1.0
1984-09-14,,,,,0.0,1.0
1984-09-17,,,,,0.0,1.0
1984-09-18,,,,,0.0,1.0
1984-09-19,,,,,0.0,1.0
1984-09-20,,,,,0.0,1.0
1984-09-21,,,,,0.0,1.0
1984-09-24,,,,,0.0,1.0
1984-09-25,,,,,0.0,1.0
1984-09-26,,,,,0.0,1.0
1984-09-27,,,,,0.0,1.0
1984-09-28,,,,,0.0,1.0
1984-10-01,,,,,0.0,1.0
1984-10-02,,,,,0.0,1.0
1984-10-03,,,,,0.0,1.0
1984-10-04,,,,,0.0,1.0
1984-10-05,,,,,0.0,1.0
1984-10-08,,,,,0.0,1.0
1984-10-09,,,,,0.0,1.0
1984-10-10,,,,,0.0,1.0
1984-10-11,,,,,0.0,1.0
1984-10-12,,,,,0.0,1.0
1984-10-15,,,,,0.0,1.0
1984-10-16,,,,,0.0,1.0
1984-10-17,,,,,0.0,1.0
1984-10-18,,,,,0.0,1.0
1984-10-19,,,,,0.0,1.0
1984-10-22,,,,,0.0,1.0
1984-10-23,,,,,0.0,1.0
1984-10-24,,,,,0.0,1.0
1984-10-25,,,,,0.0,1.0
1984-10-26,,,,,0.0,1.0
1984-10-29,,,,,0.0,1.0
1984-10-30,,,,,0.0,1.0
1984-10-31,,,,,0.0,1.0
1984-11-01,,,,,0.0,1.0
1984-11-02,,,,,0.0,1.0
1984-11-05,,,,,0.0,1.0
1984-11-06,,,,,0.0,1.0
1984-11-07,,,,,0.0,1.0
1984-11-08,,,,,0.0,1.0
1984-11-09,,,,,0.0,1.0
1984-11-12,,,,,0.0,1.0
1984-11-13,,,,,0.0,1.0
1984-11-14,,,,,0.0,1.0
1984-11-15,,,,,0.0,1.0
1984-11-16,,,,,0.0,1.0
1984-11-19,,,,,0.0,1.0
1984-11-20,,,,,0.0,1.0
1984-11-21,,,,,0.0,1.0
1984-11-22,,,,,0.0,1.0
1984-11-23,,,,,0.0,1.0
1984-11-26,,,,,0.0,1.0
1984-11-27,,,,,0.0,1.0
1984-11-28,,,,,0.0,1.0
1984-11-29,,,,,0.0,1.0
1984-11-30,,,,,0.0,1.0
1984-12-03,,,,,0.0,1.0
1984-12-04,,,,,0.0,1.0
1984-12-05,,,,,0.0,1.0
1984-12-06,,,,,0.0,1.0
1984-12-07,,,,,0.0,1.0
1984-12-10,,,,,0.0,1.0
1984-12-11,,,,,0.0,1.0
1984-12-12,,,,,0.0,1.0
1984-12-13,,,,,0.0,1.0
1984-12-14,,,,,0.0,1.0
1984-12-17,,,,,0.0,1.0
1984-12-18,,,,,0.0,1.0
1984-12-19,,,,,0.0,1.0
1984-12-20,,,,,0.0,1.0
1984-12-21,,,,,0.0,1.0
1984-12-24,,,,,0.0,1.0
1984-12-25,,,,,0.0,1.0
1984-12-26,,,,,0.0,1.0
1984-12-27,,,,,0.0,1.0
1984-12-28,,,,,0.0,1.0
1984-12-31,,,,,0.0,1.0
1985-01-01,,,,,0.0,1.0
1985-01-02,,,,,0.0,1.0
1985-01-03,,,,,0.0,1.0
1985-01-04,,,,,0.0,1.0
1985-01-07,,,,,0.0,1.0
1985-01-08,,,,,0.0,1.0
1985-01-09,,,,,0.0,1.0
1985-01-10,,,,,0.0,1.0
1985-01-11,,,,,0.0,1.0
1985-01-14,,,,,0.0,1.0
1985-01-15,,,,,0.0,1.0
1985-01-16,,,,,0.0,1.0
1985-01-17,,,,,0.0,1.0
1985-01-18,,,,,0.0,1.0
1985-01-21,,,,,0.0,1.0
1985-01-22,,,,,0.0,1.0
1985-01-23,,,,,0.0,1.0
1985-01-24,,,,,0.0,1.0
1985-01-25,,,,,0.0,1.0
1985-01-28,,,,,0.0,1.0
1985-01-29,,,,,0.0,1.0
1985-01-30,,,,,0.0,1.0
1985-01-31,,,,,0.0,1.0
1985-02-01,,,,,0.0,1.0
1985-02-04,,,,,0.0,1.0
1985-02-05,,,,,0.0,1.0
1985-02-06,,,,,0.0,1.0
1985-02-07,,,,,0.0,1.0
1985-02-08,,,,,0.0,1.0
1985-02-11,,,,,0.0,1.0
1985-02-12,,,,,0.0,1.0
1985-02-13,,,,,0.0,1.0
1985-02-14,,,,,0.0,1.0
1985-02-15,,,,,0.0,1.0
1985-02-18,,,,,0.0,1.0
1985-02-19,,,,,0.0,1.0
1985-02-20,,,,,0.0,1.0
1985-02-21,,,,,0.0,1.0
1985-02-22,,,,,0.0,1.0
1985-02-25,,,,,0.0,1.0
1985-02-26,,,,,0.0,1.0
1985-02-27,,,,,0.0,1.0
1985-02-28,,,,,0.0,1.0
1985-03-01,,,,,0.0,1.0
1985-03-04,,,,,0.0,1.0
1985-03-05,,,,,0.0,1.0
1985-03-06,,,,,0.0,1.0
1985-03-07,,,,,0.0,1.0
1985-03-08,,,,,0.0,1.0
1985-03-11,,,,,0.0,1.0
1985-03-12,,,,,0.0,1.0
1985-03-13,,,,,0.0,1.0
1985-03-14,,,,,0.0,1.0
1985-03-15,,,,,0.0,1.0
1985-03-18,,,,,0.0,1.0
1985-03-19,,,,,0.0,1.0
1985-03-20,,,,,0.0,1.0
1985-03-21,,,,,0.0,1.0
1985-03-22,,,,,0.0,1.0
1985-03-25,,,,,0.0,1.0
1985-03-26,,,,,0.0,1.0
1985-03-27,,,,,0.0,1.0
1985-03-28,,,,,0.0,1.0
1985-03-29,,,,,0.0,1.0
1985-04-01,,,,,0.0,1.0
1985-04-02,,,,,0.0,1.0
1985-04-03,,,,,0.0,1.0
1985-04-04,,,,,0.0,1.0
1985-04-05,,,,,0.0,1.0
1985-04-08,,,,,0.0,1.0
1985-04-09,,,,,0.0,1.0
1985-04-10,,,,,0.0,1.0
1985-04-11,,,,,0.0,1.0
1985-04-12,,,,,0.0,1.0
1985-04-15,,,,,0.0,1.0
1985-04-16,,,,,0.0,1.0
1985-04-17,,,,,0.0,1.0
1985-04-18,,,,,0.0,1.0
1985-04-19,,,,,0.0,1.0
1985-04-22,,,,,0.0,1.0
1985-04-23,,,,,0.0,1.0
1985-04-24,,,,,0.0,1.0
1985-04-25,,,,,0.0,1.0
1985-04-26,,,,,0.0,1.0
1985-04-29,,,,,0.0,1.0
1985-04-30,,,,,0.0,1.0
1985-05-01,,,,,0.0,1.0
1985-05-02,,,,,0.0,1.0
1985-05-03,,,,,0.0,1.0
1985-05-06,,,,,0.0,1.0
1985-05-07,,,,,0.0,1.0
1985-05-08,,,,,0.0,1.0
1985-05-09,,,,,0.0,1.0
1985-05-10,,,,,0.0,1.0
1985-05-13,,,,,0.0,1.0
1985-05-14,,,,,0.0,1.0
1985-05-15,,,,,0.0,1.0
1985-05-16,,,,,0.0,1.0
1985-05-17,,,,,0.0,1.0
1985-05-20,,,,,0.0,1.0
1985-05-21,,,,,0.0,1.0
1985-05-22,,,,,0.0,1.0
1985-05-23,,,,,0.0,1.0
1985-05-24,,,,,0.0,1.0
1985-05-27,,,,,0.0,1.0
1985-05-28,,,,,0.0,1.0
1985-05-29,,,,,0.0,1.0
1985-05-30,,,,,0.0,1.0
1985-05-31,,,,,0.0,1.0
1985-06-03,,,,,0.0,1.0
1985-06-04,,,,,0.0,1.0
1985-06-05,,,,,0.0,1.0
1985-06-06,,,,,0.0,1.0
1985-06-07,,,,,0.0,1.0
1985-06-10,,,,,0.0,1.0
1985-06-11,,,,,0.0,1.0
1985-06-12,,,,,0.0,1.0
1985-06-13,,,,,0.0,1.0
1985-06-14,,,,,0.0,1.0
1985-06-17,,,,,0.0,1.0
1985-06-18,,,,,0.0,1.0
1985-06-19,,,,,0.0,1.0
1985-06-20,,,,,0.0,1.0
1985-06-21,,,,,0.0,1.0
1985-06-24,,,,,0.0,1.0
1985-06-25,,,,,0.0,1.0
1985-06-26,,,,,0.0,1.0
1985-06-27,,,,,0.0,1.0
1985-06-28,,,,,0.0,1.0
1985-07-01,,,,,0.0,1.0
1985-07-02,,,,,0.0,1.0
1985-07-03,,,,,0.0,1.0
1985-07-04,,,,,0.0,1.0
1985-07-05,,,,,0.0,1.0
1985-07-08,,,,,0.0,1.0
1985-07-09,,,,,0.0,1.0
1985-07-10,,,,,0.0,1.0
1985-07-11,,,,,0.0,1.0
1985-07-12,,,,,0.0,1.0
1985-07-15,,,,,0.0,1.0
1985-07-16,,,,,0.0,1.0
1985-07-17,,,,,0.0,1.0
1985-07-18,,,,,0.0,1.0
1985-07-19,,,,,0.0,1.0
1985-07-22,,,,,0.0,1.0
1985-07-23,,,,,0.0,1.0
1985-07-24,,,,,0.0,1.0
1985-07-25,,,,,0.0,1.0
1985-07-26,,,,,0.0,1.0
1985-07-29,,,,,0.0,1.0
1985-07-30,,,,,0.0,1.0
1985-07-31,,,,,0.0,1.0
1985-08-01,,,,,0.0,1.0
1985-08-02,,,,,0.0,1.0
1985-08-05,,,,,0.0,1.0
1985-08-06,,,,,0.0,1.0
1985-08-07,,,,,0.0,1.0
1985-08-08,,,,,0.0,1.0
1985-08-09,,,,,0.0,1.0
1985-08-12,,,,,0.0,1.0
1985-08-13,,,,,0.0,1.0
1985-08-14,,,,,0.0,1.0
1985-08-15,,,,,0.0,1.0
1985-08-16,,,,,0.0,1.0
1985-08-19,,,,,0.0,1.0
1985-08-20,,,,,0.0,1.0
1985-08-21,,,,,0.0,1.0
1985-08-22,,,,,0.0,1.0
1985-08-23,,,,,0.0,1.0
1985-08-26,,,,,0.0,1.0
1985-08-27,,,,,0.0,1.0
1985-08-28,,,,,0.0,1.0
1985-08-29,,,,,0.0,1.0
1985-08-30,,,,,0.0,1.0
1985-09-02,,,,,0.0,1.0
1985-09-03,,,,,0.0,1.0
1985-09-04,,,,,0.0,1.0
1985-09-05,,,,,0.0,1.0
1985-09-06,,,,,0.0,1.0
1985-09-09,,,,,0.0,1.0
1985-09-10,,,,,0.0,1.0
1985-09-11,,,,,0.0,1.0
1985-09-12,,,,,0.0,1.0
1985-09-13,,,,,0.0,1.0
1985-09-16,,,,,0.0,1.0
1985-09-17,,,,,0.0,1.0
1985-09-18,,,,,0.0,1.0
1985-09-19,,,,,0.0,1.0
1985-09-20,,,,,0.0,1.0
1985-09-23,,,,,0.0,1.0
1985-09-24,,,,,0.0,1.0
1985-09-25,,,,,0.0,1.0
1985-09-26,,,,,0.0,1.0
1985-09-27,,,,,0.0,1.0
1985-09-30,,,,,0.0,1.0
1985-10-01,,,,,0.0,1.0
1985-10-02,,,,,0.0,1.0
1985-10-03,,,,,0.0,1.0
1985-10-04,,,,,0.0,1.0
1985-10-07,,,,,0.0,1.0
1985-10-08,,,,,0.0,1.0
1985-10-09,,,,,0.0,1.0
1985-10-10,,,,,0.0,1.0
1985-10-11,,,,,0.0,1.0
1985-10-14,,,,,0.0,1.0
1985-10-15,,,,,0.0,1.0
1985-10-16,,,,,0.0,1.0
1985-10-17,,,,,0.0,1.0
1985-10-18,,,,,0.0,1.0
1985-10-21,,,,,0.0,1.0
1985-10-22,,,,,0.0,1.0
1985-10-23,,,,,0.0,1.0
1985-10-24,,,,,0.0,1.0
1985-10-25,,,,,0.0,1.0
1985-10-28,,,,,0.0,1.0
1985-10-29,,,,,0.0,1.0
1985-10-30,,,,,0.0,1.0
1985-10-31,,,,,0.0,1.0
1985-11-01,,,,,0.0,1.0
1985-11-04,,,,,0.0,1.0
1985-11-05,,,,,0.0,1.0
1985-11-06,,,,,0.0,1.0
1985-11-07,,,,,0.0,1.0
1985-11-08,,,,,0.0,1.0
1985-11-11,,,,,0.0,1.0
1985-11-12,,,,,0.0,1.0
1985-11-13,,,,,0.0,1.0
1985-11-14,,,,,0.0,1.0
1985-11-15,,,,,0.0,1.0
1985-11-18,,,,,0.0,1.0
1985-11-19,,,,,0.0,1.0
1985-11-20,,,,,0.0,1.0
1985-11-21,,,,,0.0,1.0
1985-11-22,,,,,0.0,1.0
1985-11-25,,,,,0.0,1.0
1985-11-26,,,,,0.0,1.0
1985-11-27,,,,,0.0,1.0
1985-11-28,,,,,0.0,1.0
1985-11-29,,,,,0.0,1.0
1985-12-02,,,,,0.0,1.0
1985-12-03,,,,,0.0,1.0
1985-12-04,,,,,0.0,1.0
1985-12-05,,,,,0.0,1.0
1985-12-06,,,,,0.0,1.0
1985-12-09,,,,,0.0,1.0
1985-12-10,,,,,0.0,1.0
1985-12-11,,,,,0.0,1.0
1985-12-12,,,,,0.0,1.0
1985-12-13,,,,,0.0,1.0
1985-12-16,,,,,0.0,1.0
1985-12-17,,,,,0.0,1.0
1985-12-18,,,,,0.0,1.0
1985-12-19,,,,,0.0,1.0
1985-12-20,,,,,0.0,1.0
1985-12-23,,,,,0.0,1.0
1985-12-24,,,,,0.0,1.0
1985-12-25,,,,,0.0,1.0
1985-12-26,,,,,0.0,1.0
1985-12-27,,,,,0.0,1.0
1985-12-30,,,,,0.0,1.0
1985-12-31,,,,,0.0,1.0
1986-01-02,,,,,0.0,1.0
1986-01-03,,,,,0.0,1.0
1986-01-06,,,,,0.0,1.0
1986-01-07,,,,,0.0,1.0
1986-01-08,,,,,0.0,1.0
1986-01-09,92.228462,92.228462,92.228462,92.228462,0.0,1.0
1986-01-10,92.228462,92.228462,92.228462,92.228462,0.0,0.0
1986-01-13,89.960549,89.960549,89.960549,89.960549,0.0,1.0
1986-01-14,91.472491,91.472491,91.472491,91.472491,0.0,1.0
1986-01-15,91.472491,91.472491,91.472491,91.472491,0.0,0.0
1986-01-16,90.71652,90.71652,90.71652,90.71652,0.0,1.0
1986-01-17,90.71652,90.71652,90.71652,90.71652,0.0,0.0
1986-01-20,89.204578,89.204578,89.204578,89.204578,0.0,1.0
1986-01-21,89.204578,89.204578,89.204578,89.204578,0.0,0.0
1986-01-22,89.204578,89.204578,89.204578,89.204578,0.0,0.0
1986-01-23,89.204578,89.204578,89.204578,89.204578,0.0,0.0
1986-01-24,87.692636,87.692636,87.692636,87.692636,0.0,1.0
1986-01-27,87.692636,87.692636,87.692636,87.692636,0.0,0.0
1986-01-28,87.692636,87.692636,87.692636,87.692636,0.0,0.0
1986-01-29,87.692636,87.692636,87.692636,87.692636,0.0,0.0
1986-01-30,88.448607,88.448607,88.448607,88.448607,0.0,1.0
1986-01-31,89.204578,89.204578,89.204578,89.204578,0.0,1.0
1986-02-03,90.71652,90.71652,90.71652,90.71652,0.0,1.0
1986-02-04,89.960549,89.960549,89.960549,89.960549,0.0,1.0
1986-02-05,89.960549,89.960549,89.960549,89.960549,0.0,0.0
1986-02-06,90.71652,90.71652,90.71652,90.71652,0.0,1.0
1986-02-07,92.228462,92.228462,92.228462,92.228462,0.0,1.0
1986-02-10,92.984433,92.984433,92.984433,92.984433,0.0,1.0
1986-02-11,92.228462,92.228462,92.228462,92.228462,0.0,1.0
1986-02-12,92.228462,92.228462,92.228462,92.228462,0.0,0.0
1986-02-13,92.228462,92.228462,92.228462,92.228462,0.0,0.0
1986-02-14,94.496375,94.496375,94.496375,94.496375,0.0,1.0
1986-02-17,94.496375,94.496375,94.496375,94.496375,0.0,0.0
1986-02-18,95.252346,95.252346,95.252346,95.252346,0.0,1.0
1986-02-19,95.252346,95.252346,95.252346,95.252346,0.0,0.0
1986-02-20,96.008317,96.008317,96.008317,96.008317,0.0,1.0
1986-02-21,96.008317,96.008317,96.008317,96.008317,0.0,0.0
1986-02-24,95.252346,95.252346,95.252346,95.252346,0.0,1.0
1986-02-25,96.764288,96.764288,96.764288,96.764288,0.0,1.0
1986-02-26,98.27623,98.27623,98.27623,98.27623,0.0,1.0
1986-02-27,98.27623,98.27623,98.27623,98.27623,0.0,0.0
1986-02-28,99.788172,99.788172,99.788172,99.788172,0.0,1.0
1986-03-03,99.788172,99.788172,99.788172,99.788172,0.0,0.0
1986-03-04,101.300114,101.300114,101.300114,101.300114,0.0,1.0
1986-03-05,102.056085,102.056085,102.056085,102.056085,0.0,1.0
1986-03-06,105.83594,105.83594,105.83594,105.83594,0.0,1.0
1986-03-07,110.371766,110.371766,110.371766,110.371766,0.0,1.0
1986-03-10,109.615795,109.615795,109.615795,109.615795,0.0,1.0
1986-03-11,115.663563,115.663563,115.663563,115.663563,0.0,1.0
1986-03-12,124.735215,124.735215,124.735215,124.735215,0.0,1.0
1986-03-13,124.735215,124.735215,124.735215,124.735215,0.0,0.0
1986-03-14,119.443418,119.443418,119.443418,119.443418,0.0,1.0
1986-03-17,119.443418,119.443418,119.443418,119.443418,0.0,0.0
1986-03-18,119.443418,119.443418,119.443418,119.443418,0.0,0.0
1986-03-19,113.39565,113.39565,113.39565,113.39565,0.0,1.0
1986-03-20,111.883708,111.883708,111.883708,111.883708,0.0,1.0
1986-03-21,109.615795,109.615795,109.615795,109.615795,0.0,1.0
1986-03-24,105.83594,105.83594,105.83594,105.83594,0.0,1.0
1986-03-25,102.056085,102.056085,102.056085,102.056085,0.0,1.0
1986-03-26,104.323998,104.323998,104.323998,104.323998,0.0,1.0
1986-03-27,108.103853,108.103853,108.103853,108.103853,0.0,1.0
1986-04-01,117.931476,117.931476,117.931476,117.931476,0.0,1.0
1986-04-02,117.931476,117.931476,117.931476,117.931476,0.0,0.0
1986-04-03,119.443418,119.443418,119.443418,119.443418,0.0,1.0
1986-04-04,120.95536,120.95536,120.95536,120.95536,0.0,1.0
1986-04-07,120.95536,120.95536,120.95536,120.95536,0.0,0.0
1986-04-08,120.95536,120.95536,120.95536,120.95536,0.0,0.0
1986-04-09,123.223273,123.223273,123.223273,123.223273,0.0,1.0
1986-04-10,123.223273,123.223273,123.223273,123.223273,0.0,0.0
1986-04-11,124.735215,124.735215,124.735215,124.735215,0.0,1.0
1986-04-14,123.223273,123.223273,123.223273,123.223273,0.0,1.0
1986-04-15,123.223273,123.223273,123.223273,123.223273,0.0,0.0
1986-04-16,124.735215,124.735215,124.735215,124.735215,0.0,1.0
1986-04-17,124.735215,124.735215,124.735215,124.735215,0.0,0.0
1986-04-18,124.735215,124.735215,124.735215,124.735215,0.0,0.0
1986-04-21,124.735215,124.735215,124.735215,124.735215,0.0,0.0
1986-04-22,124.735215,124.735215,124.735215,124.735215,0.0,0.0
1986-04-23,124.735215,124.735215,124.735215,124.735215,0.0,0.0
1986-04-24,124.735215,124.735215,124.735215,124.735215,0.0,0.0
1986-04-25,124.735215,124.735215,124.735215,124.735215,0.0,0.0
1986-04-28,124.735215,124.735215,124.735215,124.735215,0.0,0.0
1986-04-29,128.51507,128.51507,128.51507,128.51507,0.0,1.0
1986-04-30,134.562838,134.562838,134.562838,134.562838,0.0,1.0
1986-05-01,130.782983,130.782983,130.782983,130.782983,0.0,1.0
1986-05-02,130.782983,130.782983,130.782983,130.782983,0.0,0.0
1986-05-05,130.782983,130.782983,130.782983,130.782983,0.0,0.0
1986-05-06,130.782983,130.782983,130.782983,130.782983,0.0,0.0
1986-05-07,132.294925,132.294925,132.294925,132.294925,0.0,1.0
1986-05-08,128.51507,128.51507,128.51507,128.51507,0.0,1.0
1986-05-09,128.51507,128.51507,128.51507,128.51507,0.0,0.0
1986-05-12,124.735215,124.735215,124.735215,124.735215,0.0,1.0
1986-05-13,123.223273,123.223273,123.223273,123.223273,0.0,1.0
1986-05-14,123.223273,123.223273,123.223273,123.223273,0.0,0.0
1986-05-15,123.223273,123.223273,123.223273,123.223273,0.0,0.0
1986-05-16,123.223273,123.223273,123.223273,123.223273,0.0,0.0
1986-05-19,121.711331,121.711331,121.711331,121.711331,0.0,1.0
1986-05-20,121.711331,121.711331,121.711331,121.711331,0.0,0.0
1986-05-21,121.711331,121.711331,121.711331,121.711331,0.0,0.0
1986-05-22,121.711331,121.711331,121.711331,121.711331,0.0,0.0
1986-05-23,121.711331,121.711331,121.711331,121.711331,0.0,0.0
1986-05-26,121.711331,121.711331,121.711331,121.711331,0.0,0.0
1986-05-27,121.711331,121.711331,121.711331,121.711331,0.0,0.0
1986-05-28,121.711331,121.711331,121.711331,121.711331,0.0,0.0
1986-05-29,121.711331,121.711331,121.711331,121.711331,0.0,0.0
1986-05-30,121.711331,121.711331,121.711331,121.711331,0.0,0.0
1986-06-02,121.711331,121.711331,121.711331,121.711331,0.0,0.0
1986-06-03,121.711331,121.711331,121.711331,121.711331,0.0,0.0
1986-06-04,121.711331,121.711331,121.711331,121.711331,0.0,0.0
1986-06-05,120.95536,120.95536,120.95536,120.95536,0.0,1.0
1986-06-06,119.443418,119.443418,119.443418,119.443418,0.0,1.0
1986-06-09,117.175505,117.175505,117.175505,117.175505,0.0,1.0
1986-06-10,117.175505,117.175505,117.175505,117.175505,0.0,0.0
1986-06-11,115.663563,115.663563,115.663563,115.663563,0.0,1.0
1986-06-12,115.663563,115.663563,115.663563,115.663563,0.0,0.0
1986-06-13,111.883708,111.883708,111.883708,111.883708,0.0,1.0
1986-06-16,111.883708,111.883708,111.883708,111.883708,0.0,0.0
1986-06-17,111.883708,111.883708,111.883708,111.883708,0.0,0.0
1986-06-18,111.883708,111.883708,111.883708,111.883708,0.0,0.0
1986-06-19,111.883708,111.883708,111.883708,111.883708,0.0,0.0
1986-06-20,111.883708,111.883708,111.883708,111.883708,0.0,0.0
1986-06-23,111.883708,111.883708,111.883708,111.883708,0.0,0.0
1986-06-24,113.39565,113.39565,113.39565,113.39565,0.0,1.0
1986-06-25,113.39565,113.39565,113.39565,113.39565,0.0,0.0
1986-06-26,115.663563,115.663563,115.663563,115.663563,0.0,1.0
1986-06-27,115.663563,115.663563,115.663563,115.663563,0.0,0.0
1986-06-30,115.663563,115.663563,115.663563,115.663563,0.0,0.0
1986-07-01,117.175505,117.175505,117.175505,117.175505,0.0,1.0
1986-07-02,117.175505,117.175505,117.175505,117.175505,0.0,0.0
1986-07-03,127.003128,127.003128,127.003128,127.003128,0.0,1.0
1986-07-04,136.830751,136.830751,136.830751,136.830751,0.0,1.0
1986-07-07,136.07478,136.07478,136.07478,136.07478,0.0,1.0
1986-07-08,139.854635,139.854635,139.854635,139.854635,0.0,1.0
1986-07-09,142.122548,142.122548,142.122548,142.122548,0.0,1.0
1986-07-10,143.63449,143.63449,143.63449,143.63449,0.0,1.0
1986-07-11,138.342693,138.342693,138.342693,138.342693,0.0,1.0
1986-07-14,139.854635,139.854635,139.854635,139.854635,0.0,1.0
1986-07-15,136.07478,136.07478,136.07478,136.07478,0.0,1.0
1986-07-16,132.294925,132.294925,132.294925,132.294925,0.0,1.0
1986-07-17,130.782983,130.782983,130.782983,130.782983,0.0,1.0
1986-07-18,130.782983,130.782983,130.782983,130.782983,0.0,0.0
1986-07-21,130.782983,130.782983,130.782983,130.782983,0.0,0.0
1986-07-22,130.782983,130.782983,130.782983,130.782983,0.0,0.0
1986-07-23,130.782983,130.782983,130.782983,130.782983,0.0,0.0
1986-07-24,130.782983,130.782983,130.782983,130.782983,0.0,0.0
1986-07-25,130.782983,130.782983,130.782983,130.782983,0.0,0.0
1986-07-28,130.782983,130.782983,130.782983,130.782983,0.0,0.0
1986-07-29,130.782983,130.782983,130.782983,130.782983,0.0,0.0
1986-07-30,130.782983,130.782983,130.782983,130.782983,0.0,0.0
1986-07-31,130.782983,130.782983,130.782983,130.782983,0.0,0.0
1986-08-01,130.782983,130.782983,130.782983,130.782983,0.0,0.0
1986-08-04,130.782983,130.782983,130.782983,130.782983,0.0,0.0
1986-08-05,130.782983,130.782983,130.782983,130.782983,0.0,0.0
1986-08-06,130.782983,130.782983,130.782983,130.782983,0.0,0.0
1986-08-07,130.782983,130.782983,130.782983,130.782983,0.0,0.0
1986-08-08,130.782983,130.782983,130.782983,130.782983,0.0,0.0
1986-08-11,130.782983,130.782983,130.782983,130.782983,0.0,0.0
1986-08-12,130.782983,130.782983,130.782983,130.782983,0.0,0.0
1986-08-13,130.782983,130.782983,130.782983,130.782983,0.0,0.0
1986-08-14,130.782983,130.782983,130.782983,130.782983,0.0,0.0
1986-08-15,130.782983,130.782983,130.782983,130.782983,0.0,0.0
1986-08-18,130.782983,130.782983,130.782983,130.782983,0.0,0.0
1986-08-19,128.51507,128.51507,128.51507,128.51507,0.0,1.0
1986-08-20,128.51507,128.51507,128.51507,128.51507,0.0,0.0
1986-08-21,128.51507,128.51507,128.51507,128.51507,0.0,0.0
1986-08-22,128.51507,128.51507,128.51507,128.51507,0.0,0.0
1986-08-25,128.51507,128.51507,128.51507,128.51507,0.0,0.0
1986-08-26,128.51507,128.51507,128.51507,128.51507,0.0,0.0
1986-08-27,128.51507,128.51507,128.51507,128.51507,0.0,0.0
1986-08-28,128.51507,128.51507,128.51507,128.51507,0.0,0.0
1986-08-29,128.51507,128.51507,128.51507,128.51507,0.0,0.0
1986-09-01,128.51507,128.51507,128.51507,128.51507,0.0,0.0
1986-09-02,128.51507,128.51507,128.51507,128.51507,0.0,0.0
1986-09-03,128.51507,128.51507,128.51507,128.51507,0.0,0.0
1986-09-04,128.51507,128.51507,128.51507,128.51507,0.0,0.0
1986-09-05,128.51507,128.51507,128.51507,128.51507,0.0,0.0
1986-09-08,128.51507,128.51507,128.51507,128.51507,0.0,0.0
1986-09-09,127.003128,127.003128,127.003128,127.003128,0.0,1.0
1986-09-10,127.003128,127.003128,127.003128,127.003128,0.0,0.0
1986-09-11,127.003128,127.003128,127.003128,127.003128,0.0,0.0
1986-09-12,120.95536,120.95536,120.95536,120.95536,0.0,1.0
1986-09-15,124.735215,124.735215,124.735215,124.735215,0.0,1.0
1986-09-16,124.735215,124.735215,124.735215,124.735215,0.0,0.0
1986-09-17,124.735215,124.735215,124.735215,124.735215,0.0,0.0
1986-09-18,124.735215,124.735215,124.735215,124.735215,0.0,0.0
1986-09-19,124.735215,124.735215,124.735215,124.735215,0.0,0.0
1986-09-22,127.003128,127.003128,127.003128,127.003128,0.0,1.0
1986-09-23,127.003128,127.003128,127.003128,127.003128,0.0,0.0
1986-09-24,128.51507,128.51507,128.51507,128.51507,0.0,1.0
1986-09-25,128.51507,128.51507,128.51507,128.51507,0.0,0.0
1986-09-26,128.51507,128.51507,128.51507,128.51507,0.0,0.0
1986-09-29,130.782983,130.782983,130.782983,130.782983,0.0,1.0
1986-09-30,134.562838,134.562838,134.562838,134.562838,0.0,1.0
1986-10-01,136.07478,136.07478,136.07478,136.07478,0.0,1.0
1986-10-02,138.342693,138.342693,138.342693,138.342693,0.0,1.0
1986-10-03,136.07478,136.07478,136.07478,136.07478,0.0,1.0
1986-10-06,138.342693,138.342693,138.342693,138.342693,0.0,1.0
1986-10-07,139.854635,139.854635,139.854635,139.854635,0.0,1.0
1986-10-08,138.342693,138.342693,138.342693,138.342693,0.0,1.0
1986-10-09,138.342693,138.342693,138.342693,138.342693,0.0,0.0
1986-10-10,136.07478,136.07478,136.07478,136.07478,0.0,1.0
1986-10-13,136.07478,136.07478,136.07478,136.07478,0.0,0.0
1986-10-14,136.07478,136.07478,136.07478,136.07478,0.0,0.0
1986-10-15,136.07478,136.07478,136.07478,136.07478,0.0,0.0
1986-10-16,136.07478,136.07478,136.07478,136.07478,0.0,0.0
1986-10-17,134.562838,134.562838,134.562838,134.562838,0.0,1.0
1986-10-20,134.562838,134.562838,134.562838,134.562838,0.0,0.0
1986-10-21,132.294925,132.294925,132.294925,132.294925,0.0,1.0
1986-10-22,134.562838,134.562838,134.562838,134.562838,0.0,1.0
1986-10-23,134.562838,134.562838,134.562838,134.562838,0.0,0.0
1986-10-24,134.562838,134.562838,134.562838,134.562838,0.0,0.0
1986-10-27,136.07478,136.07478,136.07478,136.07478,0.0,1.0
1986-10-28,136.07478,136.07478,136.07478,136.07478,0.0,0.0
1986-10-29,133.050896,133.050896,133.050896,133.050896,0.0,1.0
1986-10-30,134.562838,134.562838,134.562838,134.562838,0.0,1.0
1986-10-31,134.562838,134.562838,134.562838,134.562838,0.0,0.0
1986-11-03,134.562838,134.562838,134.562838,134.562838,0.0,0.0
1986-11-04,136.07478,136.07478,136.07478,136.07478,0.0,1.0
1986-11-05,136.07478,136.07478,136.07478,136.07478,0.0,0.0
1986-11-06,134.562838,134.562838,134.562838,134.562838,0.0,1.0
1986-11-07,134.562838,134.562838,134.562838,134.562838,0.0,0.0
1986-11-10,136.07478,136.07478,136.07478,136.07478,0.0,1.0
1986-11-11,134.562838,134.562838,134.562838,134.562838,0.0,1.0
1986-11-12,134.562838,134.562838,134.562838,134.562838,0.0,0.0
1986-11-13,136.07478,136.07478,136.07478,136.07478,0.0,1.0
1986-11-14,133.050896,133.050896,133.050896,133.050896,0.0,1.0
1986-11-17,134.562838,134.562838,134.562838,134.562838,0.0,1.0
1986-11-18,134.562838,134.562838,134.562838,134.562838,0.0,0.0
1986-11-19,129.271041,129.271041,129.271041,129.271041,0.0,1.0
1986-11-20,128.51507,128.51507,128.51507,128.51507,0.0,1.0
1986-11-21,129.271041,129.271041,129.271041,129.271041,0.0,1.0
1986-11-24,128.51507,128.51507,128.51507,128.51507,0.0,1.0
1986-11-25,129.271041,129.271041,129.271041,129.271041,0.0,1.0
1986-11-26,128.51507,128.51507,128.51507,128.51507,0.0,1.0
1986-11-27,128.51507,128.51507,128.51507,128.51507,0.0,0.0
1986-11-28,129.271041,129.271041,129.271041,129.271041,0.0,1.0
1986-12-01,129.271041,129.271041,129.271041,129.271041,0.0,0.0
1986-12-02,129.271041,129.271041,129.271041,129.271041,0.0,0.0
1986-12-03,124.735215,124.735215,124.735215,124.735215,0.0,1.0
1986-12-04,125.491186,125.491186,125.491186,125.491186,0.0,1.0
1986-12-05,127.003128,127.003128,127.003128,127.003128,0.0,1.0
1986-12-08,127.003128,127.003128,127.003128,127.003128,0.0,0.0
1986-12-09,124.735215,124.735215,124.735215,124.735215,0.0,1.0
1986-12-10,125.491186,125.491186,125.491186,125.491186,0.0,1.0
1986-12-11,130.782983,130.782983,130.782983,130.782983,0.0,1.0
1986-12-12,130.782983,130.782983,130.782983,130.782983,0.0,0.0
1986-12-15,134.562838,134.562838,134.562838,134.562838,0.0,1.0
1986-12-16,138.342693,138.342693,138.342693,138.342693,0.0,1.0
1986-12-17,138.342693,138.342693,138.342693,138.342693,0.0,0.0
1986-12-18,138.342693,138.342693,138.342693,138.342693,0.0,0.0
1986-12-19,139.854635,139.854635,139.854635,139.854635,0.0,1.0
1986-12-22,138.342693,138.342693,138.342693,138.342693,0.0,1.0
1986-12-23,138.342693,138.342693,138.342693,138.342693,0.0,0.0
1986-12-24,138.342693,138.342693,138.342693,138.342693,0.0,0.0
1986-12-29,144.390461,144.390461,144.390461,144.390461,0.0,1.0
1986-12-30,144.390461,144.390461,144.390461,144.390461,0.0,0.0
1986-12-31,145.902403,145.902403,145.902403,145.902403,0.0,1.0
1987-01-02,147.414345,147.414345,147.414345,147.414345,0.0,1.0
1987-01-05,148.170316,148.170316,148.170316,148.170316,0.0,1.0
1987-01-06,149.682258,149.682258,149.682258,149.682258,0.0,1.0
1987-01-07,153.462113,153.462113,153.462113,153.462113,0.0,1.0
1987-01-08,158.75391,158.75391,158.75391,158.75391,0.0,1.0
1987-01-09,159.509881,159.509881,159.509881,159.509881,0.0,1.0
1987-01-12,157.241968,157.241968,157.241968,157.241968,0.0,1.0
1987-01-13,153.462113,153.462113,153.462113,153.462113,0.0,1.0
1987-01-14,149.682258,149.682258,149.682258,149.682258,0.0,1.0
1987-01-15,149.682258,149.682258,149.682258,149.682258,0.0,0.0
1987-01-16,149.682258,149.682258,149.682258,149.682258,0.0,0.0
1987-01-19,147.414345,147.414345,147.414345,147.414345,0.0,1.0
1987-01-20,144.390461,144.390461,144.390461,144.390461,0.0,1.0
1987-01-21,140.610606,140.610606,140.610606,140.610606,0.0,1.0
1987-01-22,140.610606,140.610606,140.610606,140.610606,0.0,0.0
1987-01-23,140.610606,140.610606,140.610606,140.610606,0.0,0.0
1987-01-26,145.902403,145.902403,145.902403,145.902403,0.0,1.0
1987-01-27,145.902403,145.902403,145.902403,145.902403,0.0,0.0
1987-01-28,147.414345,147.414345,147.414345,147.414345,0.0,1.0
1987-01-29,147.414345,147.414345,147.414345,147.414345,0.0,0.0
1987-01-30,149.682258,149.682258,149.682258,149.682258,0.0,1.0
1987-02-02,151.1942,151.1942,151.1942,151.1942,0.0,1.0
1987-02-03,151.950171,151.950171,151.950171,151.950171,0.0,1.0
1987-02-04,154.974055,154.974055,154.974055,154.974055,0.0,1.0
1987-02-05,155.730026,155.730026,155.730026,155.730026,0.0,1.0
1987-02-06,155.730026,155.730026,155.730026,155.730026,0.0,0.0
1987-02-09,159.509881,159.509881,159.509881,159.509881,0.0,1.0
1987-02-10,162.533765,162.533765,162.533765,162.533765,0.0,1.0
1987-02-11,162.533765,162.533765,162.533765,162.533765,0.0,0.0
1987-02-12,164.801678,164.801678,164.801678,164.801678,0.0,1.0
1987-02-13,167.069591,167.069591,167.069591,167.069591,0.0,1.0
1987-02-16,168.581533,168.581533,168.581533,168.581533,0.0,1.0
1987-02-17,168.581533,168.581533,168.581533,168.581533,0.0,0.0
1987-02-18,168.581533,168.581533,168.581533,168.581533,0.0,0.0
1987-02-19,168.581533,168.581533,168.581533,168.581533,0.0,0.0
1987-02-20,170.093475,170.093475,170.093475,170.093475,0.0,1.0
1987-02-23,174.629301,174.629301,174.629301,174.629301,0.0,1.0
1987-02-24,176.141243,176.141243,176.141243,176.141243,0.0,1.0
1987-02-25,177.653185,177.653185,177.653185,177.653185,0.0,1.0
1987-02-26,181.43304,181.43304,181.43304,181.43304,0.0,1.0
1987-02-27,182.189011,182.189011,182.189011,182.189011,0.0,1.0
1987-03-02,198.820373,198.820373,198.820373,198.820373,0.0,1.0
1987-03-03,201.088286,201.088286,201.088286,201.088286,0.0,1.0
1987-03-04,202.600228,202.600228,202.600228,202.600228,0.0,1.0
1987-03-05,202.600228,202.600228,202.600228,202.600228,0.0,0.0
1987-03-06,198.820373,198.820373,198.820373,198.820373,0.0,1.0
1987-03-09,198.820373,198.820373,198.820373,198.820373,0.0,0.0
1987-03-10,196.55246,196.55246,196.55246,196.55246,0.0,1.0
1987-03-11,193.528576,193.528576,193.528576,193.528576,0.0,1.0
1987-03-12,187.480808,187.480808,187.480808,187.480808,0.0,1.0
1987-03-13,187.480808,187.480808,187.480808,187.480808,0.0,0.0
1987-03-16,187.480808,187.480808,187.480808,187.480808,0.0,0.0
1987-03-17,187.480808,187.480808,187.480808,187.480808,0.0,0.0
1987-03-18,187.480808,187.480808,187.480808,187.480808,0.0,0.0
1987-03-19,185.212895,185.212895,185.212895,185.212895,0.0,1.0
1987-03-20,185.212895,185.212895,185.212895,185.212895,0.0,0.0
1987-03-23,185.212895,185.212895,185.212895,185.212895,0.0,0.0
1987-03-24,191.260663,191.260663,191.260663,191.260663,0.0,1.0
1987-03-25,204.11217,204.11217,204.11217,204.11217,0.0,1.0
1987-03-26,215.451735,215.451735,215.451735,215.451735,0.0,1.0
1987-03-27,215.451735,215.451735,215.451735,215.451735,0.0,0.0
1987-03-30,215.451735,215.451735,215.451735,215.451735,0.0,0.0
1987-03-31,207.892025,207.892025,207.892025,207.892025,0.0,1.0
1987-04-01,207.892025,207.892025,207.892025,207.892025,0.0,0.0
1987-04-02,211.67188,211.67188,211.67188,211.67188,0.0,1.0
1987-04-03,211.67188,211.67188,211.67188,211.67188,0.0,0.0
1987-04-06,215.451735,215.451735,215.451735,215.451735,0.0,1.0
1987-04-07,215.451735,215.451735,215.451735,215.451735,0.0,0.0
1987-04-08,207.892025,207.892025,207.892025,207.892025,0.0,1.0
1987-04-09,223.767416,223.767416,223.767416,223.767416,0.0,1.0
1987-04-10,229.059213,229.059213,229.059213,229.059213,0.0,1.0
1987-04-13,223.011445,223.011445,223.011445,223.011445,0.0,1.0
1987-04-14,223.011445,223.011445,223.011445,223.011445,0.0,0.0
1987-04-15,223.011445,223.011445,223.011445,223.011445,0.0,0.0
1987-04-16,226.7913,226.7913,226.7913,226.7913,0.0,1.0
1987-04-21,226.7913,226.7913,226.7913,226.7913,0.0,0.0
1987-04-22,226.7913,226.7913,226.7913,226.7913,0.0,0.0
1987-04-23,225.279358,225.279358,225.279358,225.279358,0.0,1.0
1987-04-24,223.011445,223.011445,223.011445,223.011445,0.0,1.0
1987-04-27,230.571155,230.571155,230.571155,230.571155,0.0,1.0
1987-04-28,230.571155,230.571155,230.571155,230.571155,0.0,0.0
1987-04-29,228.303242,228.303242,228.303242,228.303242,0.0,1.0
1987-04-30,235.862952,235.862952,235.862952,235.862952,0.0,1.0
1987-05-01,238.130865,238.130865,238.130865,238.130865,0.0,1.0
1987-05-04,238.130865,238.130865,238.130865,238.130865,0.0,0.0
1987-05-05,241.91072,241.91072,241.91072,241.91072,0.0,1.0
1987-05-06,253.250285,253.250285,253.250285,253.250285,0.0,1.0
1987-05-07,253.250285,253.250285,253.250285,253.250285,0.0,0.0
1987-05-08,255.518198,255.518198,255.518198,255.518198,0.0,1.0
1987-05-11,254.762227,254.762227,254.762227,254.762227,0.0,1.0
1987-05-12,264.58985,264.58985,264.58985,264.58985,0.0,1.0
1987-05-13,291.048835,291.048835,291.048835,291.048835,0.0,1.0
1987-05-14,291.048835,291.048835,291.048835,291.048835,0.0,0.0
1987-05-15,294.82869,294.82869,294.82869,294.82869,0.0,1.0
1987-05-18,303.900342,303.900342,303.900342,303.900342,0.0,1.0
1987-05-19,308.436168,308.436168,308.436168,308.436168,0.0,1.0
1987-05-20,308.436168,308.436168,308.436168,308.436168,0.0,0.0
1987-05-21,308.436168,308.436168,308.436168,308.436168,0.0,0.0
1987-05-22,307.680197,307.680197,307.680197,307.680197,0.0,1.0
1987-05-25,307.680197,307.680197,307.680197,307.680197,0.0,0.0
1987-05-26,306.168255,306.168255,306.168255,306.168255,0.0,1.0
1987-05-27,304.656313,304.656313,304.656313,304.656313,0.0,1.0
1987-05-28,303.900342,303.900342,303.900342,303.900342,0.0,1.0
1987-05-29,293.316748,293.316748,293.316748,293.316748,0.0,1.0
1987-06-01,297.096603,297.096603,297.096603,297.096603,0.0,1.0
1987-06-02,298.608545,298.608545,298.608545,298.608545,0.0,1.0
1987-06-03,304.656313,304.656313,304.656313,304.656313,0.0,1.0
1987-06-04,306.168255,306.168255,306.168255,306.168255,0.0,1.0
1987-06-05,307.680197,307.680197,307.680197,307.680197,0.0,1.0
1987-06-08,304.656313,304.656313,304.656313,304.656313,0.0,1.0
1987-06-09,302.3884,302.3884,302.3884,302.3884,0.0,1.0
1987-06-10,302.3884,302.3884,302.3884,302.3884,0.0,0.0
1987-06-11,302.3884,302.3884,302.3884,302.3884,0.0,0.0
1987-06-12,302.3884,302.3884,302.3884,302.3884,0.0,0.0
1987-06-15,303.900342,303.900342,303.900342,303.900342,0.0,1.0
1987-06-16,302.3884,302.3884,302.3884,302.3884,0.0,1.0
1987-06-17,306.168255,306.168255,306.168255,306.168255,0.0,1.0
1987-06-18,303.144371,303.144371,303.144371,303.144371,0.0,1.0
1987-06-19,302.3884,302.3884,302.3884,302.3884,0.0,1.0
1987-06-22,302.3884,302.3884,302.3884,302.3884,0.0,0.0
1987-06-23,303.900342,303.900342,303.900342,303.900342,0.0,1.0
1987-06-24,303.900342,303.900342,303.900342,303.900342,0.0,0.0
1987-06-25,302.3884,302.3884,302.3884,302.3884,0.0,1.0
1987-06-26,297.096603,297.096603,297.096603,297.096603,0.0,1.0
1987-06-29,292.560777,292.560777,292.560777,292.560777,0.0,1.0
1987-06-30,287.26898,287.26898,287.26898,287.26898,0.0,1.0
1987-07-01,283.489125,283.489125,283.489125,283.489125,0.0,1.0
1987-07-02,283.489125,283.489125,283.489125,283.489125,0.0,0.0
1987-07-03,287.26898,287.26898,287.26898,287.26898,0.0,1.0
1987-07-06,287.26898,287.26898,287.26898,287.26898,0.0,0.0
1987-07-07,287.26898,287.26898,287.26898,287.26898,0.0,0.0
1987-07-08,287.26898,287.26898,287.26898,287.26898,0.0,0.0
1987-07-09,291.048835,291.048835,291.048835,291.048835,0.0,1.0
1987-07-10,296.340632,296.340632,296.340632,296.340632,0.0,1.0
1987-07-13,300.120487,300.120487,300.120487,300.120487,0.0,1.0
1987-07-14,302.3884,302.3884,302.3884,302.3884,0.0,1.0
1987-07-15,309.94811,309.94811,309.94811,309.94811,0.0,1.0
1987-07-16,313.727965,313.727965,313.727965,313.727965,0.0,1.0
1987-07-17,313.727965,313.727965,313.727965,313.727965,0.0,0.0
1987-07-20,313.727965,313.727965,313.727965,313.727965,0.0,0.0
1987-07-21,313.727965,313.727965,313.727965,313.727965,0.0,0.0
1987-07-22,309.94811,309.94811,309.94811,309.94811,0.0,1.0
1987-07-23,306.168255,306.168255,306.168255,306.168255,0.0,1.0
1987-07-24,313.727965,313.727965,313.727965,313.727965,0.0,1.0
1987-07-27,309.94811,309.94811,309.94811,309.94811,0.0,1.0
1987-07-28,313.727965,313.727965,313.727965,313.727965,0.0,1.0
1987-07-29,313.727965,313.727965,313.727965,313.727965,0.0,0.0
1987-07-30,313.727965,313.727965,313.727965,313.727965,0.0,0.0
1987-07-31,317.50782,317.50782,317.50782,317.50782,0.0,1.0
1987-08-03,317.50782,317.50782,317.50782,317.50782,0.0,0.0
1987-08-04,317.50782,317.50782,317.50782,317.50782,0.0,0.0
1987-08-05,317.50782,317.50782,317.50782,317.50782,0.0,0.0
1987-08-06,315.995878,315.995878,315.995878,315.995878,0.0,1.0
1987-08-07,309.94811,309.94811,309.94811,309.94811,0.0,1.0
1987-08-10,303.900342,303.900342,303.900342,303.900342,0.0,1.0
1987-08-11,304.656313,304.656313,304.656313,304.656313,0.0,1.0
1987-08-12,302.3884,302.3884,302.3884,302.3884,0.0,1.0
1987-08-13,302.3884,302.3884,302.3884,302.3884,0.0,0.0
1987-08-14,302.3884,302.3884,302.3884,302.3884,0.0,0.0
1987-08-17,302.3884,302.3884,302.3884,302.3884,0.0,0.0
1987-08-18,300.876458,300.876458,300.876458,300.876458,0.0,1.0
1987-08-19,302.3884,302.3884,302.3884,302.3884,0.0,1.0
1987-08-20,298.608545,298.608545,298.608545,298.608545,0.0,1.0
1987-08-21,300.120487,300.120487,300.120487,300.120487,0.0,1.0
1987-08-24,300.876458,300.876458,300.876458,300.876458,0.0,1.0
1987-08-25,306.168255,306.168255,306.168255,306.168255,0.0,1.0
1987-08-26,307.680197,307.680197,307.680197,307.680197,0.0,1.0
1987-08-27,306.168255,306.168255,306.168255,306.168255,0.0,1.0
1987-08-28,306.168255,306.168255,306.168255,306.168255,0.0,0.0
1987-08-31,306.168255,306.168255,306.168255,306.168255,0.0,0.0
1987-09-01,306.168255,306.168255,306.168255,306.168255,0.0,0.0
1987-09-02,308.436168,308.436168,308.436168,308.436168,0.0,1.0
1987-09-03,313.727965,313.727965,313.727965,313.727965,0.0,1.0
1987-09-04,317.50782,317.50782,317.50782,317.50782,0.0,1.0
1987-09-07,313.727965,313.727965,313.727965,313.727965,0.0,1.0
1987-09-08,317.50782,317.50782,317.50782,317.50782,0.0,1.0
1987-09-09,313.727965,313.727965,313.727965,313.727965,0.0,1.0
1987-09-10,313.727965,313.727965,313.727965,313.727965,0.0,0.0
1987-09-11,313.727965,313.727965,313.727965,313.727965,0.0,0.0
1987-09-14,317.50782,317.50782,317.50782,317.50782,0.0,1.0
1987-09-15,313.727965,313.727965,313.727965,313.727965,0.0,1.0
1987-09-16,313.727965,313.727965,313.727965,313.727965,0.0,0.0
1987-09-17,313.727965,313.727965,313.727965,313.727965,0.0,0.0
1987-09-18,317.50782,317.50782,317.50782,317.50782,0.0,1.0
1987-09-21,319.019762,319.019762,319.019762,319.019762,0.0,1.0
1987-09-22,326.579472,326.579472,326.579472,326.579472,0.0,1.0
1987-09-23,328.847385,328.847385,328.847385,328.847385,0.0,1.0
1987-09-24,328.847385,328.847385,328.847385,328.847385,0.0,0.0
1987-09-25,328.847385,328.847385,328.847385,328.847385,0.0,0.0
1987-09-28,334.139182,334.139182,334.139182,334.139182,0.0,1.0
1987-09-29,336.407095,336.407095,336.407095,336.407095,0.0,1.0
1987-09-30,340.18695,340.18695,340.18695,340.18695,0.0,1.0
1987-10-01,341.698892,341.698892,341.698892,341.698892,0.0,1.0
1987-10-02,351.526515,351.526515,351.526515,351.526515,0.0,1.0
1987-10-05,359.086225,359.086225,359.086225,359.086225,0.0,1.0
1987-10-06,355.30637,355.30637,355.30637,355.30637,0.0,1.0
1987-10-07,351.526515,351.526515,351.526515,351.526515,0.0,1.0
1987-10-08,355.30637,355.30637,355.30637,355.30637,0.0,1.0
1987-10-09,362.86608,362.86608,362.86608,362.86608,0.0,1.0
1987-10-12,379.497442,379.497442,379.497442,379.497442,0.0,1.0
1987-10-13,381.765355,381.765355,381.765355,381.765355,0.0,1.0
1987-10-14,381.765355,381.765355,381.765355,381.765355,0.0,0.0
1987-10-15,377.9855,377.9855,377.9855,377.9855,0.0,1.0
1987-10-16,379.497442,379.497442,379.497442,379.497442,0.0,1.0
1987-10-19,371.937732,371.937732,371.937732,371.937732,0.0,1.0
1987-10-20,309.94811,309.94811,309.94811,309.94811,0.0,1.0
1987-10-21,330.359327,330.359327,330.359327,330.359327,0.0,1.0
1987-10-22,343.966805,343.966805,343.966805,343.966805,0.0,1.0
1987-10-23,347.74666,347.74666,347.74666,347.74666,0.0,1.0
1987-10-26,313.727965,313.727965,313.727965,313.727965,0.0,1.0
1987-10-27,309.94811,309.94811,309.94811,309.94811,0.0,1.0
1987-10-28,293.316748,293.316748,293.316748,293.316748,0.0,1.0
1987-10-29,298.608545,298.608545,298.608545,298.608545,0.0,1.0
1987-10-30,298.608545,298.608545,298.608545,298.608545,0.0,0.0
1987-11-02,298.608545,298.608545,298.608545,298.608545,0.0,0.0
1987-11-03,298.608545,298.608545,298.608545,298.608545,0.0,0.0
1987-11-04,291.048835,291.048835,291.048835,291.048835,0.0,1.0
1987-11-05,291.048835,291.048835,291.048835,291.048835,0.0,0.0
1987-11-06,275.929415,275.929415,275.929415,275.929415,0.0,1.0
1987-11-09,253.250285,253.250285,253.250285,253.250285,0.0,1.0
1987-11-10,234.35101,234.35101,234.35101,234.35101,0.0,1.0
1987-11-11,234.35101,234.35101,234.35101,234.35101,0.0,0.0
1987-11-12,257.03014,257.03014,257.03014,257.03014,0.0,1.0
1987-11-13,257.03014,257.03014,257.03014,257.03014,0.0,0.0
1987-11-16,257.03014,257.03014,257.03014,257.03014,0.0,0.0
1987-11-17,257.03014,257.03014,257.03014,257.03014,0.0,0.0
1987-11-18,257.03014,257.03014,257.03014,257.03014,0.0,0.0
1987-11-19,257.03014,257.03014,257.03014,257.03014,0.0,0.0
1987-11-20,257.03014,257.03014,257.03014,257.03014,0.0,0.0
1987-11-23,257.03014,257.03014,257.03014,257.03014,0.0,0.0
1987-11-24,257.03014,257.03014,257.03014,257.03014,0.0,0.0
1987-11-25,257.03014,257.03014,257.03014,257.03014,0.0,0.0
1987-11-26,257.03014,257.03014,257.03014,257.03014,0.0,0.0
1987-11-27,257.03014,257.03014,257.03014,257.03014,0.0,0.0
1987-11-30,249.47043,249.47043,249.47043,249.47043,0.0,1.0
1987-12-01,245.690575,245.690575,245.690575,245.690575,0.0,1.0
1987-12-02,215.451735,215.451735,215.451735,215.451735,0.0,1.0
1987-12-03,219.23159,219.23159,219.23159,219.23159,0.0,1.0
1987-12-04,219.23159,219.23159,219.23159,219.23159,0.0,0.0
1987-12-07,219.23159,219.23159,219.23159,219.23159,0.0,0.0
1987-12-08,219.23159,219.23159,219.23159,219.23159,0.0,0.0
1987-12-09,211.67188,211.67188,211.67188,211.67188,0.0,1.0
1987-12-10,211.67188,211.67188,211.67188,211.67188,0.0,0.0
1987-12-11,210.159938,210.159938,210.159938,210.159938,0.0,1.0
1987-12-14,207.892025,207.892025,207.892025,207.892025,0.0,1.0
1987-12-15,207.892025,207.892025,207.892025,207.892025,0.0,0.0
1987-12-16,209.403967,209.403967,209.403967,209.403967,0.0,1.0
1987-12-17,210.159938,210.159938,210.159938,210.159938,0.0,1.0
1987-12-18,211.67188,211.67188,211.67188,211.67188,0.0,1.0
1987-12-21,228.303242,228.303242,228.303242,228.303242,0.0,1.0
1987-12-22,238.130865,238.130865,238.130865,238.130865,0.0,1.0
1987-12-23,238.130865,238.130865,238.130865,238.130865,0.0,0.0
1987-12-24,238.130865,238.130865,238.130865,238.130865,0.0,0.0
1987-12-28,238.130865,238.130865,238.130865,238.130865,0.0,0.0
1987-12-29,238.130865,238.130865,238.130865,238.130865,0.0,0.0
1987-12-30,238.130865,238.130865,238.130865,238.130865,0.0,0.0
1987-12-31,235.862952,235.862952,235.862952,235.862952,0.0,1.0
1988-01-04,235.862952,235.862952,235.862952,235.862952,0.0,0.0
1988-01-05,235.862952,235.862952,235.862952,235.862952,0.0,0.0
1988-01-06,235.862952,235.862952,235.862952,235.862952,0.0,0.0
1988-01-07,239.642807,239.642807,239.642807,239.642807,0.0,1.0
1988-01-08,239.642807,239.642807,239.642807,239.642807,0.0,0.0
1988-01-11,239.642807,239.642807,239.642807,239.642807,0.0,0.0
1988-01-12,238.130865,238.130865,238.130865,238.130865,0.0,1.0
1988-01-13,238.130865,238.130865,238.130865,238.130865,0.0,0.0
1988-01-14,238.130865,238.130865,238.130865,238.130865,0.0,0.0
1988-01-15,245.690575,245.690575,245.690575,245.690575,0.0,1.0
1988-01-18,249.47043,249.47043,249.47043,249.47043,0.0,1.0
1988-01-19,250.982372,250.982372,250.982372,250.982372,0.0,1.0
1988-01-20,249.47043,249.47043,249.47043,249.47043,0.0,1.0
1988-01-21,249.47043,249.47043,249.47043,249.47043,0.0,0.0
1988-01-22,257.03014,257.03014,257.03014,257.03014,0.0,1.0
1988-01-25,260.809995,260.809995,260.809995,260.809995,0.0,1.0
1988-01-26,262.321937,262.321937,262.321937,262.321937,0.0,1.0
1988-01-27,264.58985,264.58985,264.58985,264.58985,0.0,1.0
1988-01-28,264.58985,264.58985,264.58985,264.58985,0.0,0.0
1988-01-29,264.58985,264.58985,264.58985,264.58985,0.0,0.0
1988-02-01,264.58985,264.58985,264.58985,264.58985,0.0,0.0
1988-02-02,260.809995,260.809995,260.809995,260.809995,0.0,1.0
1988-02-03,264.58985,264.58985,264.58985,264.58985,0.0,1.0
1988-02-04,264.58985,264.58985,264.58985,264.58985,0.0,0.0
1988-02-05,264.58985,264.58985,264.58985,264.58985,0.0,0.0
1988-02-06,264.58985,264.58985,264.58985,264.58985,0.0,0.0
1988-02-08,264.58985,264.58985,264.58985,264.58985,0.0,0.0
1988-02-09,264.58985,264.58985,264.58985,264.58985,0.0,0.0
1988-02-10,264.58985,264.58985,264.58985,264.58985,0.0,0.0
1988-02-11,264.58985,264.58985,264.58985,264.58985,0.0,0.0
1988-02-12,264.58985,264.58985,264.58985,264.58985,0.0,0.0
1988-02-15,263.077908,263.077908,263.077908,263.077908,0.0,1.0
1988-02-16,263.077908,263.077908,263.077908,263.077908,0.0,0.0
1988-02-17,263.077908,263.077908,263.077908,263.077908,0.0,0.0
1988-02-18,263.077908,263.077908,263.077908,263.077908,0.0,0.0
1988-02-19,263.077908,263.077908,263.077908,263.077908,0.0,0.0
1988-02-22,264.58985,264.58985,264.58985,264.58985,0.0,1.0
1988-02-23,263.077908,263.077908,263.077908,263.077908,0.0,1.0
1988-02-24,264.58985,264.58985,264.58985,264.58985,0.0,1.0
1988-02-25,264.58985,264.58985,264.58985,264.58985,0.0,0.0
1988-02-26,264.58985,264.58985,264.58985,264.58985,0.0,0.0
1988-02-29,266.101792,266.101792,266.101792,266.101792,0.0,1.0
1988-03-01,266.101792,266.101792,266.101792,266.101792,0.0,0.0
1988-03-02,264.58985,264.58985,264.58985,264.58985,0.0,1.0
1988-03-03,272.14956,272.14956,272.14956,272.14956,0.0,1.0
1988-03-04,275.929415,275.929415,275.929415,275.929415,0.0,1.0
1988-03-07,275.929415,275.929415,275.929415,275.929415,0.0,0.0
1988-03-08,272.14956,272.14956,272.14956,272.14956,0.0,1.0
1988-03-09,275.929415,275.929415,275.929415,275.929415,0.0,1.0
1988-03-10,283.489125,283.489125,283.489125,283.489125,0.0,1.0
1988-03-11,283.489125,283.489125,283.489125,283.489125,0.0,0.0
1988-03-14,281.977183,281.977183,281.977183,281.977183,0.0,1.0
1988-03-15,281.977183,281.977183,281.977183,281.977183,0.0,0.0
1988-03-16,281.977183,281.977183,281.977183,281.977183,0.0,0.0
1988-03-17,281.977183,281.977183,281.977183,281.977183,0.0,0.0
1988-03-18,283.489125,283.489125,283.489125,283.489125,0.0,1.0
1988-03-21,281.977183,281.977183,281.977183,281.977183,0.0,1.0
1988-03-22,281.977183,281.977183,281.977183,281.977183,0.0,0.0
1988-03-23,278.197328,278.197328,278.197328,278.197328,0.0,1.0
1988-03-24,272.14956,272.14956,272.14956,272.14956,0.0,1.0
1988-03-25,272.14956,272.14956,272.14956,272.14956,0.0,0.0
1988-03-28,268.369705,268.369705,268.369705,268.369705,0.0,1.0
1988-03-29,270.637618,270.637618,270.637618,270.637618,0.0,1.0
1988-03-30,266.101792,266.101792,266.101792,266.101792,0.0,1.0
1988-03-31,266.101792,266.101792,266.101792,266.101792,0.0,0.0
1988-04-05,264.58985,264.58985,264.58985,264.58985,0.0,1.0
1988-04-06,264.58985,264.58985,264.58985,264.58985,0.0,0.0
1988-04-07,264.58985,264.58985,264.58985,264.58985,0.0,0.0
1988-04-08,264.58985,264.58985,264.58985,264.58985,0.0,0.0
1988-04-11,266.857763,266.857763,266.857763,266.857763,0.0,1.0
1988-04-12,268.369705,268.369705,268.369705,268.369705,0.0,1.0
1988-04-13,268.369705,268.369705,268.369705,268.369705,0.0,0.0
1988-04-14,268.369705,268.369705,268.369705,268.369705,0.0,0.0
1988-04-15,268.369705,268.369705,268.369705,268.369705,0.0,0.0
1988-04-18,270.637618,270.637618,270.637618,270.637618,0.0,1.0
1988-04-19,275.929415,275.929415,275.929415,275.929415,0.0,1.0
1988-04-20,275.929415,275.929415,275.929415,275.929415,0.0,0.0
1988-04-21,275.929415,275.929415,275.929415,275.929415,0.0,0.0
1988-04-22,279.70927,279.70927,279.70927,279.70927,0.0,1.0
1988-04-25,279.70927,279.70927,279.70927,279.70927,0.0,0.0
1988-04-26,281.221212,281.221212,281.221212,281.221212,0.0,1.0
1988-04-27,279.70927,279.70927,279.70927,279.70927,0.0,1.0
1988-04-28,277.441357,277.441357,277.441357,277.441357,0.0,1.0
1988-04-29,277.441357,277.441357,277.441357,277.441357,0.0,0.0
1988-05-02,277.441357,277.441357,277.441357,277.441357,0.0,0.0
1988-05-03,281.221212,281.221212,281.221212,281.221212,0.0,1.0
1988-05-04,277.441357,277.441357,277.441357,277.441357,0.0,1.0
1988-05-05,277.441357,277.441357,277.441357,277.441357,0.0,0.0
1988-05-06,281.221212,281.221212,281.221212,281.221212,0.0,1.0
1988-05-09,281.221212,281.221212,281.221212,281.221212,0.0,0.0
1988-05-10,281.221212,281.221212,281.221212,281.221212,0.0,0.0
1988-05-11,279.70927,279.70927,279.70927,279.70927,0.0,1.0
1988-05-12,279.70927,279.70927,279.70927,279.70927,0.0,0.0
1988-05-13,279.70927,279.70927,279.70927,279.70927,0.0,0.0
1988-05-16,279.70927,279.70927,279.70927,279.70927,0.0,0.0
1988-05-17,279.70927,279.70927,279.70927,279.70927,0.0,0.0
1988-05-18,279.70927,279.70927,279.70927,279.70927,0.0,0.0
1988-05-19,279.70927,279.70927,279.70927,279.70927,0.0,0.0
1988-05-20,279.70927,279.70927,279.70927,279.70927,0.0,0.0
1988-05-23,279.70927,279.70927,279.70927,279.70927,0.0,0.0
1988-05-24,279.70927,279.70927,279.70927,279.70927,0.0,0.0
1988-05-25,279.70927,279.70927,279.70927,279.70927,0.0,0.0
1988-05-26,279.70927,279.70927,279.70927,279.70927,0.0,0.0
1988-05-27,279.70927,279.70927,279.70927,279.70927,0.0,0.0
1988-05-30,279.70927,279.70927,279.70927,279.70927,0.0,0.0
1988-05-31,279.70927,279.70927,279.70927,279.70927,0.0,0.0
1988-06-01,279.70927,279.70927,279.70927,279.70927,0.0,0.0
1988-06-02,279.70927,279.70927,279.70927,279.70927,0.0,0.0
1988-06-03,278.197328,278.197328,278.197328,278.197328,0.0,1.0
1988-06-06,278.197328,278.197328,278.197328,278.197328,0.0,0.0
1988-06-07,278.197328,278.197328,278.197328,278.197328,0.0,0.0
1988-06-08,278.197328,278.197328,278.197328,278.197328,0.0,0.0
1988-06-09,279.70927,279.70927,279.70927,279.70927,0.0,1.0
1988-06-10,278.197328,278.197328,278.197328,278.197328,0.0,1.0
1988-06-13,278.197328,278.197328,278.197328,278.197328,0.0,0.0
1988-06-14,278.197328,278.197328,278.197328,278.197328,0.0,0.0
1988-06-15,279.70927,279.70927,279.70927,279.70927,0.0,1.0
1988-06-16,279.70927,279.70927,279.70927,279.70927,0.0,0.0
1988-06-17,279.70927,279.70927,279.70927,279.70927,0.0,0.0
1988-06-20,279.70927,279.70927,279.70927,279.70927,0.0,0.0
1988-06-21,280.465241,280.465241,280.465241,280.465241,0.0,1.0
1988-06-22,279.70927,279.70927,279.70927,279.70927,0.0,1.0
1988-06-23,279.70927,279.70927,279.70927,279.70927,0.0,0.0
1988-06-24,279.70927,279.70927,279.70927,279.70927,0.0,0.0
1988-06-27,279.70927,279.70927,279.70927,279.70927,0.0,0.0
1988-06-28,279.70927,279.70927,279.70927,279.70927,0.0,0.0
1988-06-29,279.70927,279.70927,279.70927,279.70927,0.0,0.0
1988-06-30,279.70927,279.70927,279.70927,279.70927,0.0,0.0
1988-07-01,283.489125,283.489125,283.489125,283.489125,0.0,1.0
1988-07-04,285.001067,285.001067,285.001067,285.001067,0.0,1.0
1988-07-05,285.001067,285.001067,285.001067,285.001067,0.0,0.0
1988-07-06,287.26898,287.26898,287.26898,287.26898,0.0,1.0
1988-07-07,287.26898,287.26898,287.26898,287.26898,0.0,0.0
1988-07-08,287.26898,287.26898,287.26898,287.26898,0.0,0.0
1988-07-11,287.26898,287.26898,287.26898,287.26898,0.0,0.0
1988-07-12,287.26898,287.26898,287.26898,287.26898,0.0,0.0
1988-07-13,286.513009,286.513009,286.513009,286.513009,0.0,1.0
1988-07-14,287.26898,287.26898,287.26898,287.26898,0.0,1.0
1988-07-15,287.26898,287.26898,287.26898,287.26898,0.0,0.0
1988-07-18,287.26898,287.26898,287.26898,287.26898,0.0,0.0
1988-07-19,287.26898,287.26898,287.26898,287.26898,0.0,0.0
1988-07-20,287.26898,287.26898,287.26898,287.26898,0.0,0.0
1988-07-21,287.26898,287.26898,287.26898,287.26898,0.0,0.0
1988-07-22,287.26898,287.26898,287.26898,287.26898,0.0,0.0
1988-07-25,287.26898,287.26898,287.26898,287.26898,0.0,0.0
1988-07-26,286.513009,286.513009,286.513009,286.513009,0.0,1.0
1988-07-27,288.780922,288.780922,288.780922,288.780922,0.0,1.0
1988-07-28,288.780922,288.780922,288.780922,288.780922,0.0,0.0
1988-07-29,288.780922,288.780922,288.780922,288.780922,0.0,0.0
1988-08-01,288.780922,288.780922,288.780922,288.780922,0.0,0.0
1988-08-02,288.780922,288.780922,288.780922,288.780922,0.0,0.0
1988-08-03,288.780922,288.780922,288.780922,288.780922,0.0,0.0
1988-08-04,288.780922,288.780922,288.780922,288.780922,0.0,0.0
1988-08-05,288.780922,288.780922,288.780922,288.780922,0.0,0.0
1988-08-08,291.048835,291.048835,291.048835,291.048835,0.0,1.0
1988-08-09,287.26898,287.26898,287.26898,287.26898,0.0,1.0
1988-08-10,288.780922,288.780922,288.780922,288.780922,0.0,1.0
1988-08-11,287.26898,287.26898,287.26898,287.26898,0.0,1.0
1988-08-12,288.780922,288.780922,288.780922,288.780922,0.0,1.0
1988-08-15,288.780922,288.780922,288.780922,288.780922,0.0,0.0
1988-08-16,287.26898,287.26898,287.26898,287.26898,0.0,1.0
1988-08-17,287.26898,287.26898,287.26898,287.26898,0.0,0.0
1988-08-18,288.780922,288.780922,288.780922,288.780922,0.0,1.0
1988-08-19,288.780922,288.780922,288.780922,288.780922,0.0,0.0
1988-08-22,287.26898,287.26898,287.26898,287.26898,0.0,1.0
1988-08-23,288.780922,288.780922,288.780922,288.780922,0.0,1.0
1988-08-24,288.780922,288.780922,288.780922,288.780922,0.0,0.0
1988-08-25,287.26898,287.26898,287.26898,287.26898,0.0,1.0
1988-08-26,285.757038,285.757038,285.757038,285.757038,0.0,1.0
1988-08-29,285.757038,285.757038,285.757038,285.757038,0.0,0.0
1988-08-30,281.221212,281.221212,281.221212,281.221212,0.0,1.0
1988-08-31,279.70927,279.70927,279.70927,279.70927,0.0,1.0
1988-09-01,275.929415,275.929415,275.929415,275.929415,0.0,1.0
1988-09-02,275.929415,275.929415,275.929415,275.929415,0.0,0.0
1988-09-05,273.661502,273.661502,273.661502,273.661502,0.0,1.0
1988-09-06,272.14956,272.14956,272.14956,272.14956,0.0,1.0
1988-09-07,273.661502,273.661502,273.661502,273.661502,0.0,1.0
1988-09-08,270.637618,270.637618,270.637618,270.637618,0.0,1.0
1988-09-09,268.369705,268.369705,268.369705,268.369705,0.0,1.0
1988-09-12,268.369705,268.369705,268.369705,268.369705,0.0,0.0
1988-09-13,268.369705,268.369705,268.369705,268.369705,0.0,0.0
1988-09-14,268.369705,268.369705,268.369705,268.369705,0.0,0.0
1988-09-15,269.881647,269.881647,269.881647,269.881647,0.0,1.0
1988-09-16,268.369705,268.369705,268.369705,268.369705,0.0,1.0
1988-09-19,272.14956,272.14956,272.14956,272.14956,0.0,1.0
1988-09-20,272.14956,272.14956,272.14956,272.14956,0.0,0.0
1988-09-21,272.14956,272.14956,272.14956,272.14956,0.0,0.0
1988-09-22,272.14956,272.14956,272.14956,272.14956,0.0,0.0
1988-09-23,272.14956,272.14956,272.14956,272.14956,0.0,0.0
1988-09-26,272.14956,272.14956,272.14956,272.14956,0.0,0.0
1988-09-27,274.417473,274.417473,274.417473,274.417473,0.0,1.0
1988-09-28,272.14956,272.14956,272.14956,272.14956,0.0,1.0
1988-09-29,274.417473,274.417473,274.417473,274.417473,0.0,1.0
1988-09-30,273.661502,273.661502,273.661502,273.661502,0.0,1.0
1988-10-03,273.661502,273.661502,273.661502,273.661502,0.0,0.0
1988-10-04,273.661502,273.661502,273.661502,273.661502,0.0,0.0
1988-10-05,275.929415,275.929415,275.929415,275.929415,0.0,1.0
1988-10-06,275.929415,275.929415,275.929415,275.929415,0.0,0.0
1988-10-07,277.441357,277.441357,277.441357,277.441357,0.0,1.0
1988-10-10,277.441357,277.441357,277.441357,277.441357,0.0,0.0
1988-10-11,278.197328,278.197328,278.197328,278.197328,0.0,1.0
1988-10-12,278.197328,278.197328,278.197328,278.197328,0.0,0.0
1988-10-13,278.197328,278.197328,278.197328,278.197328,0.0,0.0
1988-10-14,278.197328,278.197328,278.197328,278.197328,0.0,0.0
1988-10-17,278.953299,278.953299,278.953299,278.953299,0.0,1.0
1988-10-18,279.70927,279.70927,279.70927,279.70927,0.0,1.0
1988-10-19,279.70927,279.70927,279.70927,279.70927,0.0,0.0
1988-10-20,279.70927,279.70927,279.70927,279.70927,0.0,0.0
1988-10-21,279.70927,279.70927,279.70927,279.70927,0.0,0.0
1988-10-24,279.70927,279.70927,279.70927,279.70927,0.0,0.0
1988-10-25,279.70927,279.70927,279.70927,279.70927,0.0,0.0
1988-10-26,279.70927,279.70927,279.70927,279.70927,0.0,0.0
1988-10-27,279.70927,279.70927,279.70927,279.70927,0.0,0.0
1988-10-28,279.70927,279.70927,279.70927,279.70927,0.0,0.0
1988-10-31,279.70927,279.70927,279.70927,279.70927,0.0,0.0
1988-11-01,279.70927,279.70927,279.70927,279.70927,0.0,0.0
1988-11-02,279.70927,279.70927,279.70927,279.70927,0.0,0.0
1988-11-03,281.221212,281.221212,281.221212,281.221212,0.0,1.0
1988-11-04,281.977183,281.977183,281.977183,281.977183,0.0,1.0
1988-11-07,283.489125,283.489125,283.489125,283.489125,0.0,1.0
1988-11-08,283.489125,283.489125,283.489125,283.489125,0.0,0.0
1988-11-09,285.001067,285.001067,285.001067,285.001067,0.0,1.0
1988-11-10,283.489125,283.489125,283.489125,283.489125,0.0,1.0
1988-11-11,283.489125,283.489125,283.489125,283.489125,0.0,0.0
1988-11-14,283.489125,283.489125,283.489125,283.489125,0.0,0.0
1988-11-15,283.489125,283.489125,283.489125,283.489125,0.0,0.0
1988-11-16,283.489125,283.489125,283.489125,283.489125,0.0,0.0
1988-11-17,283.489125,283.489125,283.489125,283.489125,0.0,0.0
1988-11-18,285.001067,285.001067,285.001067,285.001067,0.0,1.0
1988-11-21,283.489125,283.489125,283.489125,283.489125,0.0,1.0
1988-11-22,283.489125,283.489125,283.489125,283.489125,0.0,0.0
1988-11-23,283.489125,283.489125,283.489125,283.489125,0.0,0.0
1988-11-24,283.489125,283.489125,283.489125,283.489125,0.0,0.0
1988-11-25,283.489125,283.489125,283.489125,283.489125,0.0,0.0
1988-11-28,283.489125,283.489125,283.489125,283.489125,0.0,0.0
1988-11-29,283.489125,283.489125,283.489125,283.489125,0.0,0.0
1988-11-30,283.489125,283.489125,283.489125,283.489125,0.0,0.0
1988-12-01,279.70927,279.70927,279.70927,279.70927,0.0,1.0
1988-12-02,275.929415,275.929415,275.929415,275.929415,0.0,1.0
1988-12-05,257.03014,257.03014,257.03014,257.03014,0.0,1.0
1988-12-06,257.03014,257.03014,257.03014,257.03014,0.0,0.0
1988-12-07,251.738343,251.738343,251.738343,251.738343,0.0,1.0
1988-12-08,253.250285,253.250285,253.250285,253.250285,0.0,1.0
1988-12-09,250.982372,250.982372,250.982372,250.982372,0.0,1.0
1988-12-12,250.982372,250.982372,250.982372,250.982372,0.0,0.0
1988-12-13,249.47043,249.47043,249.47043,249.47043,0.0,1.0
1988-12-14,250.982372,250.982372,250.982372,250.982372,0.0,1.0
1988-12-15,247.202517,247.202517,247.202517,247.202517,0.0,1.0
1988-12-16,249.47043,249.47043,249.47043,249.47043,0.0,1.0
1988-12-19,247.202517,247.202517,247.202517,247.202517,0.0,1.0
1988-12-20,247.202517,247.202517,247.202517,247.202517,0.0,0.0
1988-12-21,249.47043,249.47043,249.47043,249.47043,0.0,1.0
1988-12-22,247.202517,247.202517,247.202517,247.202517,0.0,1.0
1988-12-23,247.202517,247.202517,247.202517,247.202517,0.0,0.0
1988-12-26,247.202517,247.202517,247.202517,247.202517,0.0,0.0
1988-12-27,247.202517,247.202517,247.202517,247.202517,0.0,0.0
1988-12-28,247.202517,247.202517,247.202517,247.202517,0.0,0.0
1988-12-29,247.202517,247.202517,247.202517,247.202517,0.0,0.0
1988-12-30,247.202517,247.202517,247.202517,247.202517,0.0,0.0
1989-01-02,247.202517,247.202517,247.202517,247.202517,0.0,0.0
1989-01-03,249.47043,249.47043,249.47043,249.47043,0.0,1.0
1989-01-04,247.202517,247.202517,247.202517,247.202517,0.0,1.0
1989-01-05,247.202517,247.202517,247.202517,247.202517,0.0,0.0
1989-01-06,247.202517,247.202517,247.202517,247.202517,0.0,0.0
1989-01-09,247.202517,247.202517,247.202517,247.202517,0.0,0.0
1989-01-10,247.202517,247.202517,247.202517,247.202517,0.0,0.0
1989-01-11,247.202517,247.202517,247.202517,247.202517,0.0,0.0
1989-01-12,249.47043,249.47043,249.47043,249.47043,0.0,1.0
1989-01-13,249.47043,249.47043,249.47043,249.47043,0.0,0.0
1989-01-16,249.47043,249.47043,249.47043,249.47043,0.0,0.0
1989-01-17,247.202517,247.202517,247.202517,247.202517,0.0,1.0
1989-01-18,247.202517,247.202517,247.202517,247.202517,0.0,0.0
1989-01-19,247.202517,247.202517,247.202517,247.202517,0.0,0.0
1989-01-20,247.202517,247.202517,247.202517,247.202517,0.0,0.0
1989-01-23,247.202517,247.202517,247.202517,247.202517,0.0,0.0
1989-01-24,247.202517,247.202517,247.202517,247.202517,0.0,0.0
1989-01-25,247.202517,247.202517,247.202517,247.202517,0.0,0.0
1989-01-26,247.202517,247.202517,247.202517,247.202517,0.0,0.0
1989-01-27,250.982372,250.982372,250.982372,250.982372,0.0,1.0
1989-01-30,255.518198,255.518198,255.518198,255.518198,0.0,1.0
1989-01-31,253.250285,253.250285,253.250285,253.250285,0.0,1.0
1989-02-01,255.518198,255.518198,255.518198,255.518198,0.0,1.0
1989-02-02,255.518198,255.518198,255.518198,255.518198,0.0,0.0
1989-02-03,253.250285,253.250285,253.250285,253.250285,0.0,1.0
1989-02-06,251.738343,251.738343,251.738343,251.738343,0.0,1.0
1989-02-07,255.518198,255.518198,255.518198,255.518198,0.0,1.0
1989-02-08,253.250285,253.250285,253.250285,253.250285,0.0,1.0
1989-02-09,255.518198,255.518198,255.518198,255.518198,0.0,1.0
1989-02-10,255.518198,255.518198,255.518198,255.518198,0.0,0.0
1989-02-13,257.03014,257.03014,257.03014,257.03014,0.0,1.0
1989-02-14,255.518198,255.518198,255.518198,255.518198,0.0,1.0
1989-02-15,255.518198,255.518198,255.518198,255.518198,0.0,0.0
1989-02-16,257.03014,257.03014,257.03014,257.03014,0.0,1.0
1989-02-17,255.518198,255.518198,255.518198,255.518198,0.0,1.0
1989-02-20,258.542082,258.542082,258.542082,258.542082,0.0,1.0
1989-02-21,258.542082,258.542082,258.542082,258.542082,0.0,0.0
1989-02-22,260.809995,260.809995,260.809995,260.809995,0.0,1.0
1989-02-23,260.809995,260.809995,260.809995,260.809995,0.0,0.0
1989-02-24,259.298053,259.298053,259.298053,259.298053,0.0,1.0
1989-02-27,260.809995,260.809995,260.809995,260.809995,0.0,1.0
1989-02-28,260.809995,260.809995,260.809995,260.809995,0.0,0.0
1989-03-01,260.809995,260.809995,260.809995,260.809995,0.0,0.0
1989-03-02,260.809995,260.809995,260.809995,260.809995,0.0,0.0
1989-03-03,262.321937,262.321937,262.321937,262.321937,0.0,1.0
1989-03-06,262.321937,262.321937,262.321937,262.321937,0.0,0.0
1989-03-07,259.298053,259.298053,259.298053,259.298053,0.0,1.0
1989-03-08,262.321937,262.321937,262.321937,262.321937,0.0,1.0
1989-03-09,262.321937,262.321937,262.321937,262.321937,0.0,0.0
1989-03-10,262.321937,262.321937,262.321937,262.321937,0.0,0.0
1989-03-13,262.321937,262.321937,262.321937,262.321937,0.0,0.0
1989-03-14,262.321937,262.321937,262.321937,262.321937,0.0,0.0
1989-03-15,264.58985,264.58985,264.58985,264.58985,0.0,1.0
1989-03-16,264.58985,264.58985,264.58985,264.58985,0.0,0.0
1989-03-17,266.101792,266.101792,266.101792,266.101792,0.0,1.0
1989-03-20,266.101792,266.101792,266.101792,266.101792,0.0,0.0
1989-03-21,266.101792,266.101792,266.101792,266.101792,0.0,0.0
1989-03-22,266.101792,266.101792,266.101792,266.101792,0.0,0.0
1989-03-23,266.101792,266.101792,266.101792,266.101792,0.0,0.0
1989-03-24,266.101792,266.101792,266.101792,266.101792,0.0,0.0
1989-03-27,266.101792,266.101792,266.101792,266.101792,0.0,0.0
1989-03-28,266.101792,266.101792,266.101792,266.101792,0.0,0.0
1989-03-29,266.101792,266.101792,266.101792,266.101792,0.0,0.0
1989-03-30,266.101792,266.101792,266.101792,266.101792,0.0,0.0
1989-03-31,268.369705,268.369705,268.369705,268.369705,0.0,1.0
1989-04-03,264.58985,264.58985,264.58985,264.58985,0.0,1.0
1989-04-04,260.809995,260.809995,260.809995,260.809995,0.0,1.0
1989-04-05,262.321937,262.321937,262.321937,262.321937,0.0,1.0
1989-04-06,260.809995,260.809995,260.809995,260.809995,0.0,1.0
1989-04-07,262.321937,262.321937,262.321937,262.321937,0.0,1.0
1989-04-10,260.809995,260.809995,260.809995,260.809995,0.0,1.0
1989-04-11,260.809995,260.809995,260.809995,260.809995,0.0,0.0
1989-04-12,260.809995,260.809995,260.809995,260.809995,0.0,0.0
1989-04-13,262.321937,262.321937,262.321937,262.321937,0.0,1.0
1989-04-14,262.321937,262.321937,262.321937,262.321937,0.0,0.0
1989-04-17,260.809995,260.809995,260.809995,260.809995,0.0,1.0
1989-04-18,262.321937,262.321937,262.321937,262.321937,0.0,1.0
1989-04-19,263.077908,263.077908,263.077908,263.077908,0.0,1.0
1989-04-20,260.809995,260.809995,260.809995,260.809995,0.0,1.0
1989-04-21,263.077908,263.077908,263.077908,263.077908,0.0,1.0
1989-04-24,263.077908,263.077908,263.077908,263.077908,0.0,0.0
1989-04-25,263.077908,263.077908,263.077908,263.077908,0.0,0.0
1989-04-26,264.58985,264.58985,264.58985,264.58985,0.0,1.0
1989-04-27,266.101792,266.101792,266.101792,266.101792,0.0,1.0
1989-04-28,268.369705,268.369705,268.369705,268.369705,0.0,1.0
1989-05-01,268.369705,268.369705,268.369705,268.369705,0.0,0.0
1989-05-02,269.881647,269.881647,269.881647,269.881647,0.0,1.0
1989-05-03,269.881647,269.881647,269.881647,269.881647,0.0,0.0
1989-05-04,270.637618,270.637618,270.637618,270.637618,0.0,1.0
1989-05-05,270.637618,270.637618,270.637618,270.637618,0.0,0.0
1989-05-08,269.881647,269.881647,269.881647,269.881647,0.0,1.0
1989-05-09,270.637618,270.637618,270.637618,270.637618,0.0,1.0
1989-05-10,270.637618,270.637618,270.637618,270.637618,0.0,0.0
1989-05-11,270.637618,270.637618,270.637618,270.637618,0.0,0.0
1989-05-12,270.637618,270.637618,270.637618,270.637618,0.0,0.0
1989-05-15,270.637618,270.637618,270.637618,270.637618,0.0,0.0
1989-05-16,270.637618,270.637618,270.637618,270.637618,0.0,0.0
1989-05-17,270.637618,270.637618,270.637618,270.637618,0.0,0.0
1989-05-18,270.637618,270.637618,270.637618,270.637618,0.0,0.0
1989-05-19,270.637618,270.637618,270.637618,270.637618,0.0,0.0
1989-05-22,270.637618,270.637618,270.637618,270.637618,0.0,0.0
1989-05-23,268.369705,268.369705,268.369705,268.369705,0.0,1.0
1989-05-24,268.369705,268.369705,268.369705,268.369705,0.0,0.0
1989-05-25,270.637618,270.637618,270.637618,270.637618,0.0,1.0
1989-05-26,268.369705,268.369705,268.369705,268.369705,0.0,1.0
1989-05-29,268.369705,268.369705,268.369705,268.369705,0.0,0.0
1989-05-30,268.369705,268.369705,268.369705,268.369705,0.0,0.0
1989-05-31,264.58985,264.58985,264.58985,264.58985,0.0,1.0
1989-06-01,264.58985,264.58985,264.58985,264.58985,0.0,0.0
1989-06-02,264.58985,264.58985,264.58985,264.58985,0.0,0.0
1989-06-05,266.857763,266.857763,266.857763,266.857763,0.0,1.0
1989-06-06,264.58985,264.58985,264.58985,264.58985,0.0,1.0
1989-06-07,264.58985,264.58985,264.58985,264.58985,0.0,0.0
1989-06-08,266.101792,266.101792,266.101792,266.101792,0.0,1.0
1989-06-09,264.58985,264.58985,264.58985,264.58985,0.0,1.0
1989-06-12,266.101792,266.101792,266.101792,266.101792,0.0,1.0
1989-06-13,266.101792,266.101792,266.101792,266.101792,0.0,0.0
1989-06-14,266.101792,266.101792,266.101792,266.101792,0.0,0.0
1989-06-15,264.58985,264.58985,264.58985,264.58985,0.0,1.0
1989-06-16,264.58985,264.58985,264.58985,264.58985,0.0,0.0
1989-06-19,266.101792,266.101792,266.101792,266.101792,0.0,1.0
1989-06-20,264.58985,264.58985,264.58985,264.58985,0.0,1.0
1989-06-21,264.58985,264.58985,264.58985,264.58985,0.0,0.0
1989-06-22,264.58985,264.58985,264.58985,264.58985,0.0,0.0
1989-06-23,264.58985,264.58985,264.58985,264.58985,0.0,0.0
1989-06-26,264.58985,264.58985,264.58985,264.58985,0.0,0.0
1989-06-27,266.101792,266.101792,266.101792,266.101792,0.0,1.0
1989-06-28,266.101792,266.101792,266.101792,266.101792,0.0,0.0
1989-06-29,266.101792,266.101792,266.101792,266.101792,0.0,0.0
1989-06-30,264.58985,264.58985,264.58985,264.58985,0.0,1.0
1989-07-03,266.101792,266.101792,266.101792,266.101792,0.0,1.0
1989-07-04,266.101792,266.101792,266.101792,266.101792,0.0,0.0
1989-07-05,264.58985,264.58985,264.58985,264.58985,0.0,1.0
1989-07-06,266.101792,266.101792,266.101792,266.101792,0.0,1.0
1989-07-07,266.101792,266.101792,266.101792,266.101792,0.0,0.0
1989-07-10,266.101792,266.101792,266.101792,266.101792,0.0,0.0
1989-07-11,266.101792,266.101792,266.101792,266.101792,0.0,0.0
1989-07-12,266.101792,266.101792,266.101792,266.101792,0.0,0.0
1989-07-13,266.101792,266.101792,266.101792,266.101792,0.0,0.0
1989-07-14,264.58985,264.58985,264.58985,264.58985,0.0,1.0
1989-07-17,266.101792,266.101792,266.101792,266.101792,0.0,1.0
1989-07-18,266.101792,266.101792,266.101792,266.101792,0.0,0.0
1989-07-19,264.58985,264.58985,264.58985,264.58985,0.0,1.0
1989-07-20,264.58985,264.58985,264.58985,264.58985,0.0,0.0
1989-07-21,264.58985,264.58985,264.58985,264.58985,0.0,0.0
1989-07-24,266.857763,266.857763,266.857763,266.857763,0.0,1.0
1989-07-25,264.58985,264.58985,264.58985,264.58985,0.0,1.0
1989-07-26,264.58985,264.58985,264.58985,264.58985,0.0,0.0
1989-07-27,273.661502,273.661502,273.661502,273.661502,0.0,1.0
1989-07-28,275.929415,275.929415,275.929415,275.929415,0.0,1.0
1989-07-31,275.929415,275.929415,275.929415,275.929415,0.0,0.0
1989-08-01,275.929415,275.929415,275.929415,275.929415,0.0,0.0
1989-08-02,275.929415,275.929415,275.929415,275.929415,0.0,0.0
1989-08-03,275.929415,275.929415,275.929415,275.929415,0.0,0.0
1989-08-04,275.929415,275.929415,275.929415,275.929415,0.0,0.0
1989-08-07,275.929415,275.929415,275.929415,275.929415,0.0,0.0
1989-08-08,275.929415,275.929415,275.929415,275.929415,0.0,0.0
1989-08-09,275.929415,275.929415,275.929415,275.929415,0.0,0.0
1989-08-10,275.929415,275.929415,275.929415,275.929415,0.0,0.0
1989-08-11,275.929415,275.929415,275.929415,275.929415,0.0,0.0
1989-08-14,275.929415,275.929415,275.929415,275.929415,0.0,0.0
1989-08-15,275.929415,275.929415,275.929415,275.929415,0.0,0.0
1989-08-16,275.929415,275.929415,275.929415,275.929415,0.0,0.0
1989-08-17,275.929415,275.929415,275.929415,275.929415,0.0,0.0
1989-08-18,275.929415,275.929415,275.929415,275.929415,0.0,0.0
1989-08-21,275.929415,275.929415,275.929415,275.929415,0.0,0.0
1989-08-22,275.929415,275.929415,275.929415,275.929415,0.0,0.0
1989-08-23,274.417473,274.417473,274.417473,274.417473,0.0,1.0
1989-08-24,275.929415,275.929415,275.929415,275.929415,0.0,1.0
1989-08-25,275.929415,275.929415,275.929415,275.929415,0.0,0.0
1989-08-28,275.929415,275.929415,275.929415,275.929415,0.0,0.0
1989-08-29,275.929415,275.929415,275.929415,275.929415,0.0,0.0
1989-08-30,275.929415,275.929415,275.929415,275.929415,0.0,0.0
1989-08-31,274.417473,274.417473,274.417473,274.417473,0.0,1.0
1989-09-01,275.929415,275.929415,275.929415,275.929415,0.0,1.0
1989-09-04,275.929415,275.929415,275.929415,275.929415,0.0,0.0
1989-09-05,275.929415,275.929415,275.929415,275.929415,0.0,0.0
1989-09-06,275.929415,275.929415,275.929415,275.929415,0.0,0.0
1989-09-07,275.929415,275.929415,275.929415,275.929415,0.0,0.0
1989-09-08,274.417473,274.417473,274.417473,274.417473,0.0,1.0
1989-09-11,273.661502,273.661502,273.661502,273.661502,0.0,1.0
1989-09-12,272.14956,272.14956,272.14956,272.14956,0.0,1.0
1989-09-13,272.14956,272.14956,272.14956,272.14956,0.0,0.0
1989-09-14,264.58985,264.58985,264.58985,264.58985,0.0,1.0
1989-09-15,264.58985,264.58985,264.58985,264.58985,0.0,0.0
1989-09-18,260.809995,260.809995,260.809995,260.809995,0.0,1.0
1989-09-19,264.58985,264.58985,264.58985,264.58985,0.0,1.0
1989-09-20,260.809995,260.809995,260.809995,260.809995,0.0,1.0
1989-09-21,260.809995,260.809995,260.809995,260.809995,0.0,0.0
1989-09-22,257.03014,257.03014,257.03014,257.03014,0.0,1.0
1989-09-25,257.03014,257.03014,257.03014,257.03014,0.0,0.0
1989-09-26,257.03014,257.03014,257.03014,257.03014,0.0,0.0
1989-09-27,257.03014,257.03014,257.03014,257.03014,0.0,0.0
1989-09-28,257.03014,257.03014,257.03014,257.03014,0.0,0.0
1989-09-29,257.03014,257.03014,257.03014,257.03014,0.0,0.0
1989-10-02,245.690575,245.690575,245.690575,245.690575,0.0,1.0
1989-10-03,245.690575,245.690575,245.690575,245.690575,0.0,0.0
1989-10-04,247.202517,247.202517,247.202517,247.202517,0.0,1.0
1989-10-05,245.690575,245.690575,245.690575,245.690575,0.0,1.0
1989-10-06,244.178633,244.178633,244.178633,244.178633,0.0,1.0
1989-10-09,241.91072,241.91072,241.91072,241.91072,0.0,1.0
1989-10-10,238.130865,238.130865,238.130865,238.130865,0.0,1.0
1989-10-11,238.130865,238.130865,238.130865,238.130865,0.0,0.0
1989-10-12,238.130865,238.130865,238.130865,238.130865,0.0,0.0
1989-10-13,238.130865,238.130865,238.130865,238.130865,0.0,0.0
1989-10-16,215.451735,215.451735,215.451735,215.451735,0.0,1.0
1989-10-17,219.23159,219.23159,219.23159,219.23159,0.0,1.0
1989-10-18,220.743532,220.743532,220.743532,220.743532,0.0,1.0
1989-10-19,220.743532,220.743532,220.743532,220.743532,0.0,0.0
1989-10-20,223.011445,223.011445,223.011445,223.011445,0.0,1.0
1989-10-23,223.011445,223.011445,223.011445,223.011445,0.0,0.0
1989-10-24,221.499503,221.499503,221.499503,221.499503,0.0,1.0
1989-10-25,223.011445,223.011445,223.011445,223.011445,0.0,1.0
1989-10-26,223.011445,223.011445,223.011445,223.011445,0.0,0.0
1989-10-27,219.23159,219.23159,219.23159,219.23159,0.0,1.0
1989-10-30,219.23159,219.23159,219.23159,219.23159,0.0,0.0
1989-10-31,219.23159,219.23159,219.23159,219.23159,0.0,0.0
1989-11-01,219.23159,219.23159,219.23159,219.23159,0.0,0.0
1989-11-02,219.23159,219.23159,219.23159,219.23159,0.0,0.0
1989-11-03,220.743532,220.743532,220.743532,220.743532,0.0,1.0
1989-11-06,220.743532,220.743532,220.743532,220.743532,0.0,0.0
1989-11-07,220.743532,220.743532,220.743532,220.743532,0.0,0.0
1989-11-08,220.743532,220.743532,220.743532,220.743532,0.0,0.0
1989-11-09,220.743532,220.743532,220.743532,220.743532,0.0,0.0
1989-11-10,220.743532,220.743532,220.743532,220.743532,0.0,0.0
1989-11-13,220.743532,220.743532,220.743532,220.743532,0.0,0.0
1989-11-14,220.743532,220.743532,220.743532,220.743532,0.0,0.0
1989-11-15,223.011445,223.011445,223.011445,223.011445,0.0,1.0
1989-11-16,223.011445,223.011445,223.011445,223.011445,0.0,0.0
1989-11-17,223.011445,223.011445,223.011445,223.011445,0.0,0.0
1989-11-20,223.011445,223.011445,223.011445,223.011445,0.0,0.0
1989-11-21,219.23159,219.23159,219.23159,219.23159,0.0,1.0
1989-11-22,223.011445,223.011445,223.011445,223.011445,0.0,1.0
1989-11-23,223.011445,223.011445,223.011445,223.011445,0.0,0.0
1989-11-24,223.011445,223.011445,223.011445,223.011445,0.0,0.0
1989-11-27,223.011445,223.011445,223.011445,223.011445,0.0,0.0
1989-11-28,223.011445,223.011445,223.011445,223.011445,0.0,0.0
1989-11-29,223.011445,223.011445,223.011445,223.011445,0.0,0.0
1989-11-30,223.011445,223.011445,223.011445,223.011445,0.0,0.0
1989-12-01,223.011445,223.011445,223.011445,223.011445,0.0,0.0
1989-12-04,223.011445,223.011445,223.011445,223.011445,0.0,0.0
1989-12-05,223.011445,223.011445,223.011445,223.011445,0.0,0.0
1989-12-06,219.23159,219.23159,219.23159,219.23159,0.0,1.0
1989-12-07,220.743532,220.743532,220.743532,220.743532,0.0,1.0
1989-12-08,220.743532,220.743532,220.743532,220.743532,0.0,0.0
1989-12-11,220.743532,220.743532,220.743532,220.743532,0.0,0.0
1989-12-12,220.743532,220.743532,220.743532,220.743532,0.0,0.0
1989-12-13,220.743532,220.743532,220.743532,220.743532,0.0,0.0
1989-12-14,220.743532,220.743532,220.743532,220.743532,0.0,0.0
1989-12-15,220.743532,220.743532,220.743532,220.743532,0.0,0.0
1989-12-18,219.23159,219.23159,219.23159,219.23159,0.0,1.0
1989-12-19,219.23159,219.23159,219.23159,219.23159,0.0,0.0
1989-12-20,219.23159,219.23159,219.23159,219.23159,0.0,0.0
1989-12-21,219.23159,219.23159,219.23159,219.23159,0.0,0.0
1989-12-22,219.23159,219.23159,219.23159,219.23159,0.0,0.0
1989-12-25,219.23159,219.23159,219.23159,219.23159,0.0,0.0
1989-12-26,219.23159,219.23159,219.23159,219.23159,0.0,0.0
1989-12-27,219.23159,219.23159,219.23159,219.23159,0.0,0.0
1989-12-28,219.23159,219.23159,219.23159,219.23159,0.0,0.0
1989-12-29,219.23159,219.23159,219.23159,219.23159,0.0,0.0
1990-01-01,219.23159,219.23159,219.23159,219.23159,0.0,0.0
1990-01-02,219.23159,219.23159,219.23159,219.23159,0.0,0.0
1990-01-03,219.23159,219.23159,219.23159,219.23159,0.0,0.0
1990-01-04,219.23159,219.23159,219.23159,219.23159,0.0,0.0
1990-01-05,219.23159,219.23159,219.23159,219.23159,0.0,0.0
1990-01-08,219.23159,219.23159,219.23159,219.23159,0.0,0.0
1990-01-09,216.963677,216.963677,216.963677,216.963677,0.0,1.0
1990-01-10,216.963677,216.963677,216.963677,216.963677,0.0,0.0
1990-01-11,216.963677,216.963677,216.963677,216.963677,0.0,0.0
1990-01-12,216.963677,216.963677,216.963677,216.963677,0.0,0.0
1990-01-15,216.963677,216.963677,216.963677,216.963677,0.0,0.0
1990-01-16,216.963677,216.963677,216.963677,216.963677,0.0,0.0
1990-01-17,216.963677,216.963677,216.963677,216.963677,0.0,0.0
1990-01-18,216.963677,216.963677,216.963677,216.963677,0.0,0.0
1990-01-19,216.963677,216.963677,216.963677,216.963677,0.0,0.0
1990-01-22,216.963677,216.963677,216.963677,216.963677,0.0,0.0
1990-01-23,216.963677,216.963677,216.963677,216.963677,0.0,0.0
1990-01-24,216.963677,216.963677,216.963677,216.963677,0.0,0.0
1990-01-25,217.719648,217.719648,217.719648,217.719648,0.0,1.0
1990-01-26,218.475619,218.475619,218.475619,218.475619,0.0,1.0
1990-01-29,211.67188,211.67188,211.67188,211.67188,0.0,1.0
1990-01-30,213.939793,213.939793,213.939793,213.939793,0.0,1.0
1990-01-31,213.183822,213.183822,213.183822,213.183822,0.0,1.0
1990-02-01,210.159938,210.159938,210.159938,210.159938,0.0,1.0
1990-02-02,211.67188,211.67188,211.67188,211.67188,0.0,1.0
1990-02-05,210.159938,210.159938,210.159938,210.159938,0.0,1.0
1990-02-06,210.159938,210.159938,210.159938,210.159938,0.0,0.0
1990-02-07,210.159938,210.159938,210.159938,210.159938,0.0,0.0
1990-02-08,211.67188,211.67188,211.67188,211.67188,0.0,1.0
1990-02-09,210.159938,210.159938,210.159938,210.159938,0.0,1.0
1990-02-12,210.159938,210.159938,210.159938,210.159938,0.0,0.0
1990-02-13,210.159938,210.159938,210.159938,210.159938,0.0,0.0
1990-02-14,207.892025,207.892025,207.892025,207.892025,0.0,1.0
1990-02-15,207.892025,207.892025,207.892025,207.892025,0.0,0.0
1990-02-16,207.892025,207.892025,207.892025,207.892025,0.0,0.0
1990-02-19,207.892025,207.892025,207.892025,207.892025,0.0,0.0
1990-02-20,207.892025,207.892025,207.892025,207.892025,0.0,0.0
1990-02-21,204.11217,204.11217,204.11217,204.11217,0.0,1.0
1990-02-22,204.11217,204.11217,204.11217,204.11217,0.0,0.0
1990-02-23,204.11217,204.11217,204.11217,204.11217,0.0,0.0
1990-02-26,204.11217,204.11217,204.11217,204.11217,0.0,0.0
1990-02-27,201.844257,201.844257,201.844257,201.844257,0.0,1.0
1990-02-28,201.844257,201.844257,201.844257,201.844257,0.0,0.0
1990-03-01,201.844257,201.844257,201.844257,201.844257,0.0,0.0
1990-03-02,201.844257,201.844257,201.844257,201.844257,0.0,0.0
1990-03-05,200.332315,200.332315,200.332315,200.332315,0.0,1.0
1990-03-06,201.844257,201.844257,201.844257,201.844257,0.0,1.0
1990-03-07,200.332315,200.332315,200.332315,200.332315,0.0,1.0
1990-03-08,200.332315,200.332315,200.332315,200.332315,0.0,0.0
1990-03-09,200.332315,200.332315,200.332315,200.332315,0.0,0.0
1990-03-12,200.332315,200.332315,200.332315,200.332315,0.0,0.0
1990-03-13,198.064402,198.064402,198.064402,198.064402,0.0,1.0
1990-03-14,198.064402,198.064402,198.064402,198.064402,0.0,0.0
1990-03-15,198.820373,198.820373,198.820373,198.820373,0.0,1.0
1990-03-16,198.820373,198.820373,198.820373,198.820373,0.0,0.0
1990-03-19,198.064402,198.064402,198.064402,198.064402,0.0,1.0
1990-03-20,196.55246,196.55246,196.55246,196.55246,0.0,1.0
1990-03-21,196.55246,196.55246,196.55246,196.55246,0.0,0.0
1990-03-22,196.55246,196.55246,196.55246,196.55246,0.0,0.0
1990-03-23,192.772605,192.772605,192.772605,192.772605,0.0,1.0
1990-03-26,191.260663,191.260663,191.260663,191.260663,0.0,1.0
1990-03-27,192.772605,192.772605,192.772605,192.772605,0.0,1.0
1990-03-28,192.772605,192.772605,192.772605,192.772605,0.0,0.0
1990-03-29,191.260663,191.260663,191.260663,191.260663,0.0,1.0
1990-03-30,188.99275,188.99275,188.99275,188.99275,0.0,1.0
1990-04-02,185.212895,185.212895,185.212895,185.212895,0.0,1.0
1990-04-03,188.99275,188.99275,188.99275,188.99275,0.0,1.0
1990-04-04,185.212895,185.212895,185.212895,185.212895,0.0,1.0
1990-04-05,185.212895,185.212895,185.212895,185.212895,0.0,0.0
1990-04-06,185.212895,185.212895,185.212895,185.212895,0.0,0.0
1990-04-09,185.212895,185.212895,185.212895,185.212895,0.0,0.0
1990-04-10,185.212895,185.212895,185.212895,185.212895,0.0,0.0
1990-04-11,185.212895,185.212895,185.212895,185.212895,0.0,0.0
1990-04-12,185.212895,185.212895,185.212895,185.212895,0.0,0.0
1990-04-13,185.212895,185.212895,185.212895,185.212895,0.0,0.0
1990-04-16,185.212895,185.212895,185.212895,185.212895,0.0,0.0
1990-04-17,185.212895,185.212895,185.212895,185.212895,0.0,0.0
1990-04-18,185.212895,185.212895,185.212895,185.212895,0.0,0.0
1990-04-19,181.43304,181.43304,181.43304,181.43304,0.0,1.0
1990-04-20,181.43304,181.43304,181.43304,181.43304,0.0,0.0
1990-04-23,181.43304,181.43304,181.43304,181.43304,0.0,0.0
1990-04-24,179.165127,179.165127,179.165127,179.165127,0.0,1.0
1990-04-25,175.385272,175.385272,175.385272,175.385272,0.0,1.0
1990-04-26,177.653185,177.653185,177.653185,177.653185,0.0,1.0
1990-04-27,173.87333,173.87333,173.87333,173.87333,0.0,1.0
1990-04-30,170.093475,170.093475,170.093475,170.093475,0.0,1.0
1990-05-01,168.581533,168.581533,168.581533,168.581533,0.0,1.0
1990-05-02,170.093475,170.093475,170.093475,170.093475,0.0,1.0
1990-05-03,170.093475,170.093475,170.093475,170.093475,0.0,0.0
1990-05-04,167.825562,167.825562,167.825562,167.825562,0.0,1.0
1990-05-07,167.825562,167.825562,167.825562,167.825562,0.0,0.0
1990-05-08,167.825562,167.825562,167.825562,167.825562,0.0,0.0
1990-05-09,167.825562,167.825562,167.825562,167.825562,0.0,0.0
1990-05-10,167.825562,167.825562,167.825562,167.825562,0.0,0.0
1990-05-11,167.825562,167.825562,167.825562,167.825562,0.0,0.0
1990-05-14,167.825562,167.825562,167.825562,167.825562,0.0,0.0
1990-05-15,168.581533,168.581533,168.581533,168.581533,0.0,1.0
1990-05-16,168.581533,168.581533,168.581533,168.581533,0.0,0.0
1990-05-17,167.825562,167.825562,167.825562,167.825562,0.0,1.0
1990-05-18,167.825562,167.825562,167.825562,167.825562,0.0,0.0
1990-05-21,167.825562,167.825562,167.825562,167.825562,0.0,0.0
1990-05-22,168.581533,168.581533,168.581533,168.581533,0.0,1.0
1990-05-23,167.825562,167.825562,167.825562,167.825562,0.0,1.0
1990-05-24,170.093475,170.093475,170.093475,170.093475,0.0,1.0
1990-05-25,170.093475,170.093475,170.093475,170.093475,0.0,0.0
1990-05-28,170.093475,170.093475,170.093475,170.093475,0.0,0.0
1990-05-29,170.093475,170.093475,170.093475,170.093475,0.0,0.0
1990-05-30,167.825562,167.825562,167.825562,167.825562,0.0,1.0
1990-05-31,167.825562,167.825562,167.825562,167.825562,0.0,0.0
1990-06-01,167.825562,167.825562,167.825562,167.825562,0.0,0.0
1990-06-04,170.093475,170.093475,170.093475,170.093475,0.0,1.0
1990-06-05,170.093475,170.093475,170.093475,170.093475,0.0,0.0
1990-06-06,170.093475,170.093475,170.093475,170.093475,0.0,0.0
1990-06-07,170.093475,170.093475,170.093475,170.093475,0.0,0.0
1990-06-08,170.093475,170.093475,170.093475,170.093475,0.0,0.0
1990-06-11,170.093475,170.093475,170.093475,170.093475,0.0,0.0
1990-06-12,167.825562,167.825562,167.825562,167.825562,0.0,1.0
1990-06-13,175.385272,175.385272,175.385272,175.385272,0.0,1.0
1990-06-14,177.653185,177.653185,177.653185,177.653185,0.0,1.0
1990-06-15,173.87333,173.87333,173.87333,173.87333,0.0,1.0
1990-06-18,173.87333,173.87333,173.87333,173.87333,0.0,0.0
1990-06-19,173.87333,173.87333,173.87333,173.87333,0.0,0.0
1990-06-20,173.87333,173.87333,173.87333,173.87333,0.0,0.0
1990-06-21,173.87333,173.87333,173.87333,173.87333,0.0,0.0
1990-06-22,173.87333,173.87333,173.87333,173.87333,0.0,0.0
1990-06-25,177.653185,177.653185,177.653185,177.653185,0.0,1.0
1990-06-26,173.87333,173.87333,173.87333,173.87333,0.0,1.0
1990-06-27,177.653185,177.653185,177.653185,177.653185,0.0,1.0
1990-06-28,173.87333,173.87333,173.87333,173.87333,0.0,1.0
1990-06-29,177.653185,173.87333,173.87333,177.653185,0.0,1.0
1990-07-02,177.653185,173.87333,173.87333,177.653185,0.0,1.0
1990-07-03,177.653185,173.87333,177.653185,177.653185,0.0,1.0
1990-07-04,177.653185,173.87333,173.87333,177.653185,0.0,1.0
1990-07-05,177.653185,173.87333,173.87333,177.653185,0.0,1.0
1990-07-06,177.653185,173.87333,173.87333,177.653185,0.0,1.0
1990-07-09,177.653185,173.87333,173.87333,177.653185,0.0,1.0
1990-07-10,177.653185,173.87333,173.87333,177.653185,0.0,1.0
1990-07-11,177.653185,173.87333,173.87333,177.653185,0.0,1.0
1990-07-12,177.653185,173.87333,173.87333,177.653185,0.0,1.0
1990-07-13,177.653185,173.87333,173.87333,177.653185,0.0,1.0
1990-07-16,177.653185,173.87333,173.87333,173.87333,0.0,0.0
1990-07-17,175.385272,173.87333,173.87333,175.385272,0.0,1.0
1990-07-18,175.385272,173.87333,173.87333,175.385272,0.0,1.0
1990-07-19,175.385272,173.87333,173.87333,175.385272,0.0,1.0
1990-07-20,175.385272,173.87333,173.87333,175.385272,0.0,1.0
1990-07-23,175.385272,173.87333,173.87333,175.385272,0.0,1.0
1990-07-24,173.87333,171.605417,171.605417,173.87333,0.0,1.0
1990-07-25,173.87333,171.605417,173.87333,173.87333,0.0,1.0
1990-07-26,173.87333,171.605417,171.605417,173.87333,0.0,1.0
1990-07-27,173.87333,171.605417,173.87333,173.87333,0.0,1.0
1990-07-30,173.87333,171.605417,171.605417,173.87333,0.0,1.0
1990-07-31,173.87333,171.605417,171.605417,173.87333,0.0,1.0
1990-08-01,177.653185,171.605417,177.653185,173.87333,0.0,1.0
1990-08-02,177.653185,173.87333,173.87333,177.653185,0.0,1.0
1990-08-03,177.653185,173.87333,173.87333,177.653185,0.0,1.0
1990-08-06,175.385272,173.87333,173.87333,173.87333,0.0,0.0
1990-08-07,175.385272,173.87333,175.385272,173.87333,0.0,1.0
1990-08-08,175.385272,173.87333,173.87333,173.87333,0.0,1.0
1990-08-09,175.385272,172.361388,172.361388,173.87333,0.0,1.0
1990-08-10,173.87333,172.361388,172.361388,173.87333,0.0,1.0
1990-08-13,173.87333,172.361388,172.361388,172.361388,0.0,0.0
1990-08-14,172.361388,172.361388,172.361388,172.361388,0.0,0.0
1990-08-15,172.361388,172.361388,172.361388,172.361388,0.0,0.0
1990-08-16,172.361388,172.361388,172.361388,172.361388,0.0,0.0
1990-08-17,172.361388,172.361388,172.361388,172.361388,0.0,0.0
1990-08-20,172.361388,168.581533,168.581533,172.361388,0.0,1.0
1990-08-21,168.581533,168.581533,168.581533,168.581533,0.0,0.0
1990-08-22,168.581533,168.581533,168.581533,168.581533,0.0,0.0
1990-08-23,168.581533,166.31362,166.31362,166.31362,0.0,1.0
1990-08-24,168.581533,166.31362,166.31362,166.31362,0.0,0.0
1990-08-27,166.31362,166.31362,166.31362,166.31362,0.0,0.0
1990-08-28,167.825562,166.31362,166.31362,166.31362,0.0,0.0
1990-08-29,166.31362,166.31362,166.31362,166.31362,0.0,0.0
1990-08-30,166.31362,166.31362,166.31362,166.31362,0.0,0.0
1990-08-31,166.31362,166.31362,166.31362,166.31362,0.0,0.0
1990-09-03,166.31362,166.31362,166.31362,166.31362,0.0,0.0
1990-09-04,166.31362,164.801678,164.801678,166.31362,0.0,1.0
1990-09-05,162.533765,162.533765,162.533765,162.533765,0.0,1.0
1990-09-06,164.801678,162.533765,162.533765,162.533765,0.0,0.0
1990-09-07,162.533765,162.533765,162.533765,162.533765,0.0,0.0
1990-09-10,162.533765,158.75391,158.75391,162.533765,0.0,1.0
1990-09-11,158.75391,158.75391,158.75391,158.75391,0.0,0.0
1990-09-12,158.75391,158.75391,158.75391,158.75391,0.0,0.0
1990-09-13,158.75391,154.974055,154.974055,158.75391,0.0,1.0
1990-09-14,154.974055,154.974055,154.974055,154.974055,0.0,0.0
1990-09-17,154.974055,154.974055,154.974055,154.974055,0.0,0.0
1990-09-18,154.974055,151.1942,151.1942,154.974055,0.0,1.0
1990-09-19,154.974055,151.1942,151.1942,154.974055,0.0,1.0
1990-09-20,154.974055,147.414345,147.414345,151.1942,0.0,1.0
1990-09-21,147.414345,147.414345,147.414345,147.414345,0.0,0.0
1990-09-24,147.414345,147.414345,147.414345,147.414345,0.0,0.0
1990-09-25,147.414345,147.414345,147.414345,147.414345,0.0,0.0
1990-09-26,147.414345,147.414345,147.414345,147.414345,0.0,0.0
1990-09-27,147.414345,147.414345,147.414345,147.414345,0.0,0.0
1990-09-28,147.414345,147.414345,147.414345,147.414345,0.0,0.0
1990-10-01,147.414345,147.414345,147.414345,147.414345,0.0,0.0
1990-10-02,147.414345,143.63449,143.63449,147.414345,0.0,1.0
1990-10-03,145.146432,143.63449,145.146432,143.63449,0.0,1.0
1990-10-04,145.146432,143.63449,145.146432,143.63449,0.0,1.0
1990-10-05,142.122548,142.122548,142.122548,142.122548,0.0,1.0
1990-10-08,143.63449,142.122548,142.122548,142.122548,0.0,0.0
1990-10-09,142.122548,139.854635,139.854635,142.122548,0.0,1.0
1990-10-10,142.122548,139.854635,139.854635,139.854635,0.0,0.0
1990-10-11,139.854635,79.376955,90.71652,139.854635,0.0,1.0
1990-10-12,102.056085,90.71652,98.27623,90.71652,0.0,1.0
1990-10-15,103.568027,98.27623,103.568027,98.27623,0.0,1.0
1990-10-16,105.83594,102.056085,105.83594,102.056085,0.0,1.0
1990-10-17,107.347882,102.056085,107.347882,102.056085,0.0,1.0
1990-10-18,107.347882,105.83594,107.347882,105.83594,0.0,1.0
1990-10-19,109.615795,107.347882,109.615795,107.347882,0.0,1.0
1990-10-22,109.615795,107.347882,107.347882,109.615795,0.0,1.0
1990-10-23,113.39565,107.347882,113.39565,109.615795,0.0,1.0
1990-10-24,113.39565,113.39565,113.39565,113.39565,0.0,0.0
1990-10-25,113.39565,113.39565,113.39565,113.39565,0.0,0.0
1990-10-26,113.39565,113.39565,113.39565,113.39565,0.0,0.0
1990-10-29,113.39565,113.39565,113.39565,113.39565,0.0,0.0
1990-10-30,113.39565,113.39565,113.39565,113.39565,0.0,0.0
1990-10-31,113.39565,113.39565,113.39565,113.39565,0.0,0.0
1990-11-01,113.39565,113.39565,113.39565,113.39565,0.0,0.0
1990-11-02,113.39565,113.39565,113.39565,113.39565,0.0,0.0
1990-11-05,113.39565,113.39565,113.39565,113.39565,0.0,0.0
1990-11-06,113.39565,113.39565,113.39565,113.39565,0.0,0.0
1990-11-07,113.39565,113.39565,113.39565,113.39565,0.0,0.0
1990-11-08,113.39565,113.39565,113.39565,113.39565,0.0,0.0
1990-11-09,113.39565,113.39565,113.39565,113.39565,0.0,0.0
1990-11-12,113.39565,113.39565,113.39565,113.39565,0.0,0.0
1990-11-13,113.39565,113.39565,113.39565,113.39565,0.0,0.0
1990-11-14,113.39565,113.39565,113.39565,113.39565,0.0,0.0
1990-11-15,113.39565,111.127737,111.127737,113.39565,0.0,1.0
1990-11-16,113.39565,111.127737,113.39565,113.39565,0.0,1.0
1990-11-19,113.39565,111.127737,113.39565,111.127737,0.0,1.0
1990-11-20,113.39565,111.127737,113.39565,111.127737,0.0,1.0
1990-11-21,113.39565,111.127737,113.39565,113.39565,0.0,0.0
1990-11-22,113.39565,111.127737,113.39565,111.127737,0.0,1.0
1990-11-23,114.907592,111.127737,114.907592,111.127737,0.0,1.0
1990-11-26,114.907592,113.39565,113.39565,113.39565,0.0,1.0
1990-11-27,114.907592,113.39565,113.39565,114.907592,0.0,1.0
1990-11-28,114.907592,113.39565,113.39565,114.907592,0.0,1.0
1990-11-29,114.907592,113.39565,113.39565,114.907592,0.0,1.0
1990-11-30,114.907592,113.39565,113.39565,113.39565,0.0,0.0
1990-12-03,114.907592,113.39565,113.39565,113.39565,0.0,0.0
1990-12-04,114.907592,113.39565,113.39565,114.907592,0.0,1.0
1990-12-05,114.907592,113.39565,113.39565,114.907592,0.0,1.0
1990-12-06,114.907592,113.39565,113.39565,114.907592,0.0,1.0
1990-12-07,114.907592,113.39565,114.907592,113.39565,0.0,1.0
1990-12-10,114.907592,113.39565,113.39565,113.39565,0.0,1.0
1990-12-11,114.907592,113.39565,113.39565,114.907592,0.0,1.0
1990-12-12,114.907592,113.39565,113.39565,113.39565,0.0,0.0
1990-12-13,113.39565,111.883708,111.883708,111.883708,0.0,1.0
1990-12-14,111.883708,111.883708,111.883708,111.883708,0.0,0.0
1990-12-17,111.883708,111.883708,111.883708,111.883708,0.0,0.0
1990-12-18,111.883708,111.883708,111.883708,111.883708,0.0,0.0
1990-12-19,111.883708,111.883708,111.883708,111.883708,0.0,0.0
1990-12-20,111.883708,111.883708,111.883708,111.883708,0.0,0.0
1990-12-21,111.883708,111.883708,111.883708,111.883708,0.0,0.0
1990-12-24,111.883708,111.883708,111.883708,111.883708,0.0,0.0
1990-12-25,111.883708,111.883708,111.883708,111.883708,0.0,0.0
1990-12-26,111.883708,111.883708,111.883708,111.883708,0.0,0.0
1990-12-27,111.883708,111.883708,111.883708,111.883708,0.0,0.0
1990-12-28,111.883708,111.883708,111.883708,111.883708,0.0,0.0
1990-12-31,111.883708,111.883708,111.883708,111.883708,0.0,0.0
1991-01-01,111.883708,111.883708,111.883708,111.883708,0.0,0.0
1991-01-02,111.883708,111.883708,111.883708,111.883708,0.0,0.0
1991-01-03,111.883708,111.883708,111.883708,111.883708,0.0,0.0
1991-01-04,111.883708,111.883708,111.883708,111.883708,0.0,0.0
1991-01-07,111.883708,111.883708,111.883708,111.883708,0.0,0.0
1991-01-08,111.883708,109.615795,109.615795,111.883708,0.0,1.0
1991-01-09,109.615795,109.615795,109.615795,109.615795,0.0,0.0
1991-01-10,109.615795,107.347882,107.347882,109.615795,0.0,1.0
1991-01-11,109.615795,107.347882,107.347882,107.347882,0.0,0.0
1991-01-14,109.615795,107.347882,108.859824,109.615795,0.0,1.0
1991-01-15,108.859824,107.347882,108.859824,107.347882,0.0,1.0
1991-01-16,108.859824,107.347882,108.859824,107.347882,0.0,1.0
1991-01-17,109.615795,108.859824,108.859824,109.615795,0.0,1.0
1991-01-18,108.859824,107.347882,108.859824,107.347882,0.0,1.0
1991-01-21,108.859824,107.347882,108.859824,107.347882,0.0,1.0
1991-01-22,109.615795,108.859824,108.859824,109.615795,0.0,1.0
1991-01-23,108.859824,107.347882,108.859824,107.347882,0.0,1.0
1991-01-24,108.859824,107.347882,108.859824,107.347882,0.0,1.0
1991-01-25,108.859824,107.347882,107.347882,107.347882,0.0,1.0
1991-01-28,109.615795,106.591911,106.591911,109.615795,0.0,1.0
1991-01-29,106.591911,105.83594,106.591911,105.83594,0.0,1.0
1991-01-30,106.591911,105.83594,106.591911,105.83594,0.0,1.0
1991-01-31,107.347882,106.591911,106.591911,107.347882,0.0,1.0
1991-02-01,106.591911,105.83594,106.591911,105.83594,0.0,1.0
1991-02-04,106.591911,105.83594,106.591911,105.83594,0.0,1.0
1991-02-05,107.347882,106.591911,106.591911,107.347882,0.0,1.0
1991-02-06,106.591911,105.83594,106.591911,105.83594,0.0,1.0
1991-02-07,106.591911,105.83594,106.591911,105.83594,0.0,1.0
1991-02-08,107.347882,106.591911,106.591911,107.347882,0.0,1.0
1991-02-11,106.591911,105.83594,106.591911,105.83594,0.0,1.0
1991-02-12,106.591911,105.83594,106.591911,105.83594,0.0,1.0
1991-02-13,107.347882,106.591911,106.591911,107.347882,0.0,1.0
1991-02-14,111.127737,106.591911,111.127737,107.347882,0.0,1.0
1991-02-15,111.127737,111.127737,111.127737,111.127737,0.0,0.0
1991-02-18,112.639679,111.127737,112.639679,111.127737,0.0,1.0
1991-02-19,112.639679,109.615795,109.615795,111.127737,0.0,1.0
1991-02-20,109.615795,108.103853,109.615795,108.103853,0.0,1.0
1991-02-21,109.615795,108.103853,109.615795,108.103853,0.0,1.0
1991-02-22,111.127737,108.103853,111.127737,108.103853,0.0,1.0
1991-02-25,108.859824,105.079969,108.859824,105.079969,0.0,1.0
1991-02-26,108.859824,107.347882,108.859824,107.347882,0.0,1.0
1991-02-27,108.859824,107.347882,107.347882,107.347882,0.0,1.0
1991-02-28,107.347882,107.347882,107.347882,107.347882,0.0,0.0
1991-03-01,113.39565,107.347882,113.39565,107.347882,0.0,1.0
1991-03-04,113.39565,113.39565,113.39565,113.39565,0.0,0.0
1991-03-05,113.39565,113.39565,113.39565,113.39565,0.0,0.0
1991-03-06,121.711331,113.39565,121.711331,113.39565,0.0,1.0
1991-03-07,121.711331,120.95536,121.711331,120.95536,0.0,1.0
1991-03-08,121.711331,120.95536,121.711331,120.95536,0.0,1.0
1991-03-11,121.711331,120.95536,121.711331,120.95536,0.0,1.0
1991-03-12,121.711331,120.95536,121.711331,120.95536,0.0,1.0
1991-03-13,120.95536,120.95536,120.95536,120.95536,0.0,1.0
1991-03-14,121.711331,120.95536,121.711331,120.95536,0.0,1.0
1991-03-15,121.711331,120.95536,121.711331,120.95536,0.0,1.0
1991-03-18,122.467302,120.95536,122.467302,120.95536,0.0,1.0
1991-03-19,123.223273,121.711331,123.223273,121.711331,0.0,1.0
1991-03-20,125.491186,123.223273,125.491186,123.223273,0.0,1.0
1991-03-21,126.247157,125.491186,125.491186,126.247157,0.0,1.0
1991-03-22,127.759099,126.247157,127.759099,126.247157,0.0,1.0
1991-03-25,128.51507,127.759099,127.759099,128.51507,0.0,1.0
1991-03-26,128.51507,127.759099,128.51507,128.51507,0.0,1.0
1991-03-27,128.51507,127.759099,127.759099,128.51507,0.0,1.0
1991-03-28,128.51507,128.51507,128.51507,128.51507,0.0,1.0
1991-03-29,128.51507,128.51507,128.51507,128.51507,0.0,0.0
1991-04-01,128.51507,128.51507,128.51507,128.51507,0.0,0.0
1991-04-02,128.51507,128.51507,128.51507,128.51507,0.0,0.0
1991-04-03,128.51507,128.51507,128.51507,128.51507,0.0,0.0
1991-04-04,128.51507,128.51507,128.51507,128.51507,0.0,0.0
1991-04-05,128.51507,128.51507,128.51507,128.51507,0.0,0.0
1991-04-08,128.51507,127.759099,127.759099,128.51507,0.0,1.0
1991-04-09,127.759099,127.003128,127.759099,127.003128,0.0,1.0
1991-04-10,127.759099,127.003128,127.003128,127.003128,0.0,1.0
1991-04-11,127.003128,127.003128,127.003128,127.003128,0.0,0.0
1991-04-12,127.003128,126.247157,126.247157,127.003128,0.0,1.0
1991-04-15,126.247157,124.735215,126.247157,124.735215,0.0,1.0
1991-04-16,126.247157,124.735215,126.247157,124.735215,0.0,1.0
1991-04-17,127.003128,126.247157,127.003128,127.003128,0.0,1.0
1991-04-18,127.003128,126.247157,127.003128,127.003128,0.0,0.0
1991-04-19,127.759099,127.003128,127.759099,127.003128,0.0,1.0
1991-04-22,127.759099,127.003128,127.759099,127.003128,0.0,1.0
1991-04-23,127.759099,127.003128,127.759099,127.003128,0.0,1.0
1991-04-24,127.759099,127.003128,127.759099,127.003128,0.0,1.0
1991-04-25,127.759099,127.003128,127.759099,127.003128,0.0,1.0
1991-04-26,127.759099,127.003128,127.759099,127.003128,0.0,1.0
1991-04-29,128.51507,127.759099,127.759099,128.51507,0.0,1.0
1991-04-30,127.759099,127.003128,127.759099,127.003128,0.0,1.0
1991-05-01,127.003128,127.003128,127.003128,127.003128,0.0,1.0
1991-05-02,127.759099,127.003128,127.759099,127.003128,0.0,1.0
1991-05-03,128.51507,127.759099,127.759099,128.51507,0.0,1.0
1991-05-06,127.759099,127.759099,127.759099,127.759099,0.0,0.0
1991-05-07,127.759099,127.003128,127.759099,127.003128,0.0,1.0
1991-05-08,131.538954,127.003128,131.538954,127.003128,0.0,1.0
1991-05-09,132.294925,131.538954,131.538954,132.294925,0.0,1.0
1991-05-10,132.294925,132.294925,132.294925,132.294925,0.0,1.0
1991-05-13,134.562838,132.294925,134.562838,132.294925,0.0,1.0
1991-05-14,147.414345,134.562838,147.414345,134.562838,0.0,1.0
1991-05-15,151.1942,147.414345,151.1942,147.414345,0.0,1.0
1991-05-16,151.1942,151.1942,151.1942,151.1942,0.0,0.0
1991-05-17,151.1942,151.1942,151.1942,151.1942,0.0,0.0
1991-05-20,151.1942,151.1942,151.1942,151.1942,0.0,0.0
1991-05-21,151.1942,151.1942,151.1942,151.1942,0.0,0.0
1991-05-22,151.1942,151.1942,151.1942,151.1942,0.0,0.0
1991-05-23,151.1942,147.414345,147.414345,151.1942,0.0,1.0
1991-05-24,147.414345,147.414345,147.414345,147.414345,0.0,0.0
1991-05-27,147.414345,147.414345,147.414345,147.414345,0.0,0.0
1991-05-28,154.218084,147.414345,154.218084,147.414345,0.0,1.0
1991-05-29,154.974055,154.218084,154.974055,154.974055,0.0,1.0
1991-05-30,156.485997,154.974055,156.485997,154.974055,0.0,1.0
1991-05-31,157.241968,151.1942,151.1942,157.241968,0.0,1.0
1991-06-03,151.1942,151.1942,151.1942,151.1942,0.0,0.0
1991-06-04,151.1942,150.438229,150.438229,151.1942,0.0,1.0
1991-06-05,150.438229,150.438229,150.438229,150.438229,0.0,0.0
1991-06-06,151.1942,150.438229,150.438229,151.1942,0.0,1.0
1991-06-07,150.438229,148.926287,150.438229,148.926287,0.0,1.0
1991-06-10,150.438229,148.926287,150.438229,148.926287,0.0,1.0
1991-06-11,151.1942,150.438229,150.438229,151.1942,0.0,1.0
1991-06-12,150.438229,148.926287,150.438229,148.926287,0.0,1.0
1991-06-13,150.438229,148.926287,150.438229,148.926287,0.0,1.0
1991-06-14,150.438229,148.170316,148.170316,148.926287,0.0,1.0
1991-06-17,148.926287,148.170316,148.170316,148.926287,0.0,1.0
1991-06-18,148.926287,148.170316,148.170316,148.926287,0.0,1.0
1991-06-19,148.926287,148.170316,148.170316,148.926287,0.0,1.0
1991-06-20,148.926287,148.170316,148.170316,148.926287,0.0,1.0
1991-06-21,148.926287,148.170316,148.170316,148.926287,0.0,1.0
1991-06-24,148.170316,148.170316,148.170316,148.170316,0.0,0.0
1991-06-25,148.170316,148.170316,148.170316,148.170316,0.0,0.0
1991-06-26,148.170316,146.658374,146.658374,147.414345,0.0,1.0
1991-06-27,147.414345,146.658374,146.658374,147.414345,0.0,1.0
1991-06-28,146.658374,145.902403,146.658374,145.902403,0.0,1.0
1991-07-01,146.658374,145.902403,146.658374,145.902403,0.0,1.0
1991-07-02,146.658374,143.63449,143.63449,145.902403,0.0,1.0
1991-07-03,143.63449,143.63449,143.63449,143.63449,0.0,0.0
1991-07-04,143.63449,142.122548,142.122548,143.63449,0.0,1.0
1991-07-05,142.122548,142.122548,142.122548,142.122548,0.0,0.0
1991-07-08,141.366577,138.342693,138.342693,141.366577,0.0,1.0
1991-07-09,139.854635,136.07478,136.07478,139.854635,0.0,1.0
1991-07-10,136.07478,136.07478,136.07478,136.07478,0.0,0.0
1991-07-11,136.07478,136.07478,136.07478,136.07478,0.0,0.0
1991-07-12,136.07478,136.07478,136.07478,136.07478,0.0,0.0
1991-07-15,136.07478,135.318809,135.318809,136.07478,0.0,1.0
1991-07-16,135.318809,133.050896,133.050896,133.806867,0.0,1.0
1991-07-17,133.806867,133.050896,133.050896,133.806867,0.0,1.0
1991-07-18,133.050896,132.294925,132.294925,132.294925,0.0,1.0
1991-07-19,132.294925,132.294925,132.294925,132.294925,0.0,0.0
1991-07-22,133.806867,132.294925,133.806867,132.294925,0.0,1.0
1991-07-23,137.586722,132.294925,137.586722,132.294925,0.0,1.0
1991-07-24,138.342693,136.07478,138.342693,136.07478,0.0,1.0
1991-07-25,138.342693,136.07478,138.342693,136.07478,0.0,1.0
1991-07-26,139.854635,138.342693,139.854635,139.854635,0.0,1.0
1991-07-29,139.854635,137.586722,139.854635,137.586722,0.0,1.0
1991-07-30,141.366577,137.586722,141.366577,137.586722,0.0,1.0
1991-07-31,142.122548,141.366577,141.366577,142.122548,0.0,1.0
1991-08-01,142.122548,141.366577,141.366577,142.122548,0.0,1.0
1991-08-02,142.122548,142.122548,142.122548,142.122548,0.0,1.0
1991-08-05,142.878519,141.366577,142.878519,142.122548,0.0,1.0
1991-08-06,142.878519,142.122548,142.878519,142.122548,0.0,1.0
1991-08-07,142.878519,142.122548,142.878519,142.122548,0.0,1.0
1991-08-08,142.878519,142.122548,142.878519,142.122548,0.0,1.0
1991-08-09,142.878519,142.122548,142.878519,142.122548,0.0,1.0
1991-08-12,142.878519,142.122548,142.878519,142.122548,0.0,1.0
1991-08-13,142.878519,142.122548,142.878519,142.122548,0.0,1.0
1991-08-14,142.878519,142.878519,142.878519,142.878519,0.0,0.0
1991-08-15,143.63449,142.122548,143.63449,142.122548,0.0,1.0
1991-08-16,144.390461,143.63449,144.390461,143.63449,0.0,1.0
1991-08-19,141.366577,141.366577,141.366577,141.366577,0.0,1.0
1991-08-20,142.122548,142.122548,142.122548,142.122548,0.0,1.0
1991-08-21,142.122548,142.122548,142.122548,142.122548,0.0,0.0
1991-08-22,142.878519,141.366577,142.878519,141.366577,0.0,1.0
1991-08-23,142.878519,141.366577,142.878519,141.366577,0.0,1.0
1991-08-26,142.878519,142.878519,142.878519,142.878519,0.0,0.0
1991-08-27,142.878519,141.366577,142.878519,141.366577,0.0,1.0
1991-08-28,142.878519,141.366577,142.878519,141.366577,0.0,1.0
1991-08-29,145.146432,141.366577,145.146432,141.366577,0.0,1.0
1991-08-30,145.902403,145.146432,145.902403,145.146432,0.0,1.0
1991-09-02,142.878519,142.122548,142.878519,142.122548,0.0,1.0
1991-09-03,143.63449,142.878519,142.878519,143.63449,0.0,1.0
1991-09-04,142.878519,142.122548,142.878519,142.122548,0.0,1.0
1991-09-05,142.878519,142.122548,142.878519,142.122548,0.0,1.0
1991-09-06,142.878519,142.122548,142.878519,142.122548,0.0,1.0
1991-09-09,142.878519,142.122548,142.878519,142.122548,0.0,1.0
1991-09-10,142.878519,142.122548,142.878519,142.122548,0.0,1.0
1991-09-11,142.878519,142.122548,142.878519,142.122548,0.0,1.0
1991-09-12,142.878519,142.122548,142.878519,142.122548,0.0,1.0
1991-09-13,144.390461,142.122548,144.390461,142.122548,0.0,1.0
1991-09-16,144.390461,143.63449,144.390461,143.63449,0.0,1.0
1991-09-17,147.414345,143.63449,147.414345,143.63449,0.0,1.0
1991-09-18,147.414345,147.414345,147.414345,147.414345,0.0,0.0
1991-09-19,147.414345,147.414345,147.414345,147.414345,0.0,0.0
1991-09-20,147.414345,147.414345,147.414345,147.414345,0.0,0.0
1991-09-23,147.414345,147.414345,147.414345,147.414345,0.0,0.0
1991-09-24,147.414345,147.414345,147.414345,147.414345,0.0,0.0
1991-09-25,147.414345,146.658374,146.658374,147.414345,0.0,1.0
1991-09-26,147.414345,146.658374,146.658374,147.414345,0.0,1.0
1991-09-27,146.658374,145.902403,146.658374,145.902403,0.0,1.0
1991-09-30,147.414345,146.658374,146.658374,147.414345,0.0,1.0
1991-10-01,151.1942,146.658374,148.170316,147.414345,0.0,1.0
1991-10-02,148.926287,148.170316,148.170316,148.926287,0.0,1.0
1991-10-03,148.170316,147.414345,148.170316,147.414345,0.0,1.0
1991-10-04,148.170316,147.414345,148.170316,147.414345,0.0,1.0
1991-10-07,147.414345,146.658374,146.658374,147.414345,0.0,1.0
1991-10-08,147.414345,146.658374,146.658374,147.414345,0.0,1.0
1991-10-09,147.414345,146.658374,146.658374,147.414345,0.0,1.0
1991-10-10,147.414345,146.658374,146.658374,147.414345,0.0,1.0
1991-10-11,147.414345,146.658374,146.658374,147.414345,0.0,1.0
1991-10-14,147.414345,146.658374,146.658374,147.414345,0.0,1.0
1991-10-15,147.414345,146.658374,146.658374,147.414345,0.0,1.0
1991-10-16,147.414345,146.658374,146.658374,147.414345,0.0,1.0
1991-10-17,147.414345,146.658374,146.658374,147.414345,0.0,1.0
1991-10-18,147.414345,146.658374,146.658374,147.414345,0.0,1.0
1991-10-21,147.414345,146.658374,146.658374,147.414345,0.0,1.0
1991-10-22,147.414345,147.414345,147.414345,147.414345,0.0,1.0
1991-10-23,147.414345,146.658374,146.658374,147.414345,0.0,1.0
1991-10-24,147.414345,146.658374,146.658374,147.414345,0.0,1.0
1991-10-25,146.658374,145.902403,146.658374,145.902403,0.0,1.0
1991-10-28,146.658374,145.902403,146.658374,145.902403,0.0,1.0
1991-10-29,146.658374,145.902403,146.658374,145.902403,0.0,1.0
1991-10-30,147.414345,146.658374,146.658374,147.414345,0.0,1.0
1991-10-31,146.658374,145.902403,146.658374,145.902403,0.0,1.0
1991-11-01,147.414345,146.658374,146.658374,147.414345,0.0,1.0
1991-11-04,146.658374,145.902403,146.658374,145.902403,0.0,1.0
1991-11-05,146.658374,145.902403,146.658374,145.902403,0.0,1.0
1991-11-06,147.414345,146.658374,147.414345,147.414345,0.0,1.0
1991-11-07,148.170316,147.414345,148.170316,147.414345,0.0,1.0
1991-11-08,149.682258,147.414345,149.682258,147.414345,0.0,1.0
1991-11-11,149.682258,147.414345,149.682258,147.414345,0.0,1.0
1991-11-12,149.682258,147.414345,149.682258,147.414345,0.0,1.0
1991-11-13,149.682258,147.414345,149.682258,147.414345,0.0,1.0
1991-11-14,149.682258,147.414345,149.682258,147.414345,0.0,1.0
1991-11-15,149.682258,147.414345,149.682258,147.414345,0.0,1.0
1991-11-18,147.414345,145.146432,147.414345,145.146432,0.0,1.0
1991-11-19,149.682258,147.414345,147.414345,149.682258,0.0,1.0
1991-11-20,147.414345,145.146432,147.414345,145.146432,0.0,1.0
1991-11-21,147.414345,145.146432,147.414345,145.146432,0.0,1.0
1991-11-22,147.414345,145.146432,146.658374,145.146432,0.0,1.0
1991-11-25,147.414345,146.658374,146.658374,147.414345,0.0,1.0
1991-11-26,147.414345,146.658374,146.658374,147.414345,0.0,1.0
1991-11-27,146.658374,145.146432,146.658374,145.146432,0.0,1.0
1991-11-28,146.658374,145.146432,146.658374,145.146432,0.0,1.0
1991-11-29,146.658374,145.146432,146.658374,145.146432,0.0,1.0
1991-12-02,146.658374,145.146432,146.658374,145.146432,0.0,1.0
1991-12-03,147.414345,145.902403,146.658374,145.902403,0.0,1.0
1991-12-04,146.658374,145.146432,146.658374,145.146432,0.0,1.0
1991-12-05,146.658374,145.146432,146.658374,145.146432,0.0,1.0
1991-12-06,146.658374,145.146432,146.658374,145.146432,0.0,1.0
1991-12-09,147.414345,146.658374,146.658374,147.414345,0.0,1.0
1991-12-10,147.414345,146.658374,146.658374,147.414345,0.0,1.0
1991-12-11,147.414345,146.658374,146.658374,147.414345,0.0,1.0
1991-12-12,147.414345,146.658374,146.658374,147.414345,0.0,1.0
1991-12-13,147.414345,146.658374,146.658374,147.414345,0.0,1.0
1991-12-16,146.658374,145.146432,146.658374,145.146432,0.0,1.0
1991-12-17,146.658374,145.146432,146.658374,145.146432,0.0,1.0
1991-12-18,147.414345,146.658374,146.658374,147.414345,0.0,1.0
1991-12-19,146.658374,145.146432,146.658374,145.146432,0.0,1.0
1991-12-20,147.414345,145.902403,145.902403,147.414345,0.0,1.0
1991-12-23,145.902403,143.63449,145.902403,143.63449,0.0,1.0
1991-12-24,145.902403,143.63449,145.902403,143.63449,0.0,1.0
1991-12-25,145.902403,145.902403,145.902403,145.902403,0.0,0.0
1991-12-26,145.902403,145.902403,145.902403,145.902403,0.0,0.0
1991-12-27,145.902403,143.63449,145.902403,143.63449,0.0,1.0
1991-12-30,145.902403,144.390461,145.902403,145.146432,0.0,1.0
1991-12-31,147.414345,145.902403,145.902403,147.414345,0.0,1.0
1992-01-01,145.902403,145.902403,145.902403,145.902403,0.0,0.0
1992-01-02,146.658374,145.146432,145.902403,145.146432,0.0,1.0
1992-01-03,146.658374,145.146432,145.902403,145.146432,0.0,1.0
1992-01-06,146.658374,145.146432,145.902403,145.146432,0.0,1.0
1992-01-07,147.414345,145.902403,145.902403,147.414345,0.0,1.0
1992-01-08,147.414345,145.902403,145.902403,147.414345,0.0,1.0
1992-01-09,146.658374,145.146432,145.902403,145.146432,0.0,1.0
1992-01-10,145.902403,144.390461,145.902403,145.146432,0.0,1.0
1992-01-13,141.366577,86.936665,90.71652,141.366577,0.0,1.0
1992-01-14,83.15681,75.5971,75.5971,83.15681,0.0,1.0
1992-01-15,75.5971,75.5971,75.5971,75.5971,0.0,0.0
1992-01-16,75.5971,71.817245,71.817245,75.5971,0.0,1.0
1992-01-17,71.817245,70.305303,71.061274,71.817245,0.0,1.0
1992-01-20,71.817245,71.061274,71.061274,71.817245,0.0,1.0
1992-01-21,71.817245,71.061274,71.061274,71.817245,0.0,1.0
1992-01-22,71.817245,71.061274,71.061274,71.817245,0.0,1.0
1992-01-23,71.817245,71.061274,71.061274,71.817245,0.0,1.0
1992-01-24,71.817245,71.061274,71.061274,71.817245,0.0,1.0
1992-01-27,70.305303,69.549332,69.549332,70.305303,0.0,1.0
1992-01-28,69.549332,68.03739,69.549332,68.03739,0.0,1.0
1992-01-29,70.305303,69.549332,69.549332,70.305303,0.0,1.0
1992-01-30,70.305303,69.549332,69.549332,70.305303,0.0,1.0
1992-01-31,70.305303,69.549332,69.549332,70.305303,0.0,1.0
1992-02-03,70.305303,69.549332,69.549332,70.305303,0.0,1.0
1992-02-04,70.305303,69.549332,69.549332,70.305303,0.0,1.0
1992-02-05,70.305303,69.549332,69.549332,70.305303,0.0,1.0
1992-02-06,70.305303,69.549332,69.549332,70.305303,0.0,1.0
1992-02-07,70.305303,69.549332,69.549332,70.305303,0.0,1.0
1992-02-10,70.305303,69.549332,69.549332,70.305303,0.0,1.0
1992-02-11,70.305303,69.549332,69.549332,70.305303,0.0,1.0
1992-02-12,70.305303,69.549332,69.549332,70.305303,0.0,1.0
1992-02-13,70.305303,69.549332,69.549332,70.305303,0.0,1.0
1992-02-14,70.305303,69.549332,69.549332,70.305303,0.0,1.0
1992-02-17,70.305303,69.549332,69.549332,70.305303,0.0,1.0
1992-02-18,69.549332,68.03739,69.549332,68.03739,0.0,1.0
1992-02-19,70.305303,69.549332,69.549332,70.305303,0.0,1.0
1992-02-20,70.305303,69.549332,69.549332,70.305303,0.0,1.0
1992-02-21,69.549332,68.03739,69.549332,68.03739,0.0,1.0
1992-02-24,69.549332,68.03739,69.549332,68.03739,0.0,1.0
1992-02-25,69.549332,68.03739,69.549332,68.03739,0.0,1.0
1992-02-26,70.305303,69.549332,69.549332,70.305303,0.0,1.0
1992-02-27,69.549332,68.03739,69.549332,68.03739,0.0,1.0
1992-02-28,70.305303,69.549332,69.549332,70.305303,0.0,1.0
1992-03-02,70.305303,68.03739,68.03739,70.305303,0.0,1.0
1992-03-03,68.03739,68.03739,68.03739,68.03739,0.0,0.0
1992-03-04,68.03739,68.03739,68.03739,68.03739,0.0,0.0
1992-03-05,68.03739,68.03739,68.03739,68.03739,0.0,0.0
1992-03-06,68.03739,68.03739,68.03739,68.03739,0.0,0.0
1992-03-09,68.03739,68.03739,68.03739,68.03739,0.0,0.0
1992-03-10,68.03739,68.03739,68.03739,68.03739,0.0,0.0
1992-03-11,68.03739,68.03739,68.03739,68.03739,0.0,0.0
1992-03-12,68.03739,66.525448,66.525448,68.03739,0.0,1.0
1992-03-13,66.525448,66.525448,66.525448,66.525448,0.0,0.0
1992-03-16,66.525448,66.525448,66.525448,66.525448,0.0,0.0
1992-03-17,66.525448,64.257535,64.257535,66.525448,0.0,1.0
1992-03-18,64.257535,62.745593,62.745593,64.257535,0.0,1.0
1992-03-19,62.745593,61.989622,61.989622,62.745593,0.0,1.0
1992-03-20,60.47768,59.721709,59.721709,60.47768,0.0,1.0
1992-03-23,60.47768,56.697825,56.697825,60.47768,0.0,1.0
1992-03-24,56.697825,44.602289,46.114231,56.697825,0.0,1.0
1992-03-25,50.650057,43.846318,50.650057,43.846318,0.0,1.0
1992-03-26,50.650057,47.626173,47.626173,49.138115,0.0,1.0
1992-03-27,49.138115,45.35826,45.35826,49.138115,0.0,1.0
1992-03-30,45.35826,41.578405,41.578405,45.35826,0.0,1.0
1992-03-31,41.578405,39.310492,39.310492,41.578405,0.0,1.0
1992-04-01,39.310492,37.042579,37.042579,39.310492,0.0,1.0
1992-04-02,36.286608,34.018695,34.018695,36.286608,0.0,1.0
1992-04-03,34.018695,34.018695,34.018695,34.018695,0.0,0.0
1992-04-06,34.018695,34.018695,34.018695,34.018695,0.0,0.0
1992-04-07,34.018695,33.262724,33.262724,34.018695,0.0,1.0
1992-04-08,31.750782,31.750782,31.750782,31.750782,0.0,1.0
1992-04-09,33.262724,31.750782,33.262724,31.750782,0.0,1.0
1992-04-10,43.090347,31.750782,40.066463,31.750782,0.0,1.0
1992-04-13,43.090347,41.578405,40.822434,41.578405,0.0,1.0
1992-04-14,41.578405,40.822434,40.822434,41.578405,0.0,1.0
1992-04-15,44.602289,40.822434,44.602289,41.578405,0.0,1.0
1992-04-16,45.35826,43.846318,43.846318,45.35826,0.0,1.0
1992-04-17,43.846318,43.846318,43.846318,43.846318,0.0,0.0
1992-04-20,43.846318,43.846318,43.846318,43.846318,0.0,0.0
1992-04-21,45.35826,43.846318,43.846318,45.35826,0.0,1.0
1992-04-22,45.35826,43.846318,43.846318,45.35826,0.0,1.0
1992-04-23,45.35826,43.846318,43.846318,45.35826,0.0,1.0
1992-04-24,45.35826,43.846318,43.846318,45.35826,0.0,1.0
1992-04-27,45.35826,43.846318,43.846318,45.35826,0.0,1.0
1992-04-28,45.35826,43.846318,43.846318,45.35826,0.0,1.0
1992-04-29,45.35826,43.846318,43.846318,45.35826,0.0,1.0
1992-04-30,45.35826,43.846318,43.846318,45.35826,0.0,1.0
1992-05-01,43.846318,41.578405,43.846318,41.578405,0.0,1.0
1992-05-04,43.846318,43.846318,43.846318,43.846318,0.0,0.0
1992-05-05,45.35826,43.846318,43.846318,45.35826,0.0,1.0
1992-05-06,45.35826,43.846318,43.846318,45.35826,0.0,1.0
1992-05-07,43.846318,41.578405,43.090347,41.578405,0.0,1.0
1992-05-08,45.35826,43.090347,43.090347,45.35826,0.0,1.0
1992-05-11,45.35826,41.578405,41.578405,45.35826,0.0,1.0
1992-05-12,41.578405,40.822434,40.822434,41.578405,0.0,1.0
1992-05-13,41.578405,40.822434,40.822434,41.578405,0.0,1.0
1992-05-14,41.578405,40.066463,40.066463,41.578405,0.0,1.0
1992-05-15,41.578405,40.066463,40.066463,41.578405,0.0,1.0
1992-05-18,41.578405,40.066463,40.066463,41.578405,0.0,1.0
1992-05-19,41.578405,40.066463,40.066463,41.578405,0.0,1.0
1992-05-20,41.578405,40.066463,40.066463,41.578405,0.0,1.0
1992-05-21,41.578405,40.066463,40.066463,41.578405,0.0,1.0
1992-05-22,41.578405,40.066463,40.066463,41.578405,0.0,1.0
1992-05-25,40.066463,40.066463,40.066463,40.066463,0.0,0.0
1992-05-26,41.578405,40.066463,40.066463,41.578405,0.0,1.0
1992-05-27,41.578405,40.066463,40.066463,41.578405,0.0,1.0
1992-05-28,41.578405,40.066463,40.066463,41.578405,0.0,1.0
1992-05-29,41.578405,40.066463,40.066463,41.578405,0.0,1.0
1992-06-01,43.846318,40.822434,43.846318,43.846318,0.0,1.0
1992-06-02,43.846318,43.846318,43.846318,43.846318,0.0,0.0
1992-06-03,43.846318,43.846318,43.846318,43.846318,0.0,0.0
1992-06-04,43.846318,43.846318,43.846318,43.846318,0.0,0.0
1992-06-05,43.846318,43.846318,43.846318,43.846318,0.0,0.0
1992-06-08,43.846318,43.846318,43.846318,43.846318,0.0,0.0
1992-06-09,44.602289,43.846318,44.602289,43.846318,0.0,1.0
1992-06-10,44.602289,43.846318,44.602289,43.846318,0.0,1.0
1992-06-11,44.602289,43.846318,44.602289,43.846318,0.0,1.0
1992-06-12,44.602289,43.846318,44.602289,43.846318,0.0,1.0
1992-06-15,44.602289,43.846318,44.602289,43.846318,0.0,1.0
1992-06-16,44.602289,43.846318,44.602289,43.846318,0.0,1.0
1992-06-17,44.602289,43.846318,43.846318,43.846318,0.0,1.0
1992-06-18,43.846318,42.334376,42.334376,43.846318,0.0,1.0
1992-06-19,42.334376,41.578405,42.334376,41.578405,0.0,1.0
1992-06-22,41.578405,41.578405,41.578405,41.578405,0.0,1.0
1992-06-23,41.578405,41.578405,41.578405,41.578405,0.0,0.0
1992-06-24,41.578405,41.578405,41.578405,41.578405,0.0,0.0
1992-06-25,41.578405,41.578405,41.578405,41.578405,0.0,0.0
1992-06-26,41.578405,41.578405,41.578405,41.578405,0.0,0.0
1992-06-29,41.578405,40.822434,41.578405,41.578405,0.0,0.0
1992-06-30,41.578405,41.578405,41.578405,41.578405,0.0,0.0
1992-07-01,41.578405,41.578405,41.578405,41.578405,0.0,0.0
1992-07-02,41.578405,41.578405,41.578405,41.578405,0.0,0.0
1992-07-03,41.578405,41.578405,41.578405,41.578405,0.0,0.0
1992-07-06,41.578405,41.578405,41.578405,41.578405,0.0,0.0
1992-07-07,41.578405,41.578405,41.578405,41.578405,0.0,0.0
1992-07-08,41.578405,40.822434,40.822434,41.578405,0.0,1.0
1992-07-09,41.578405,38.554521,38.554521,41.578405,0.0,1.0
1992-07-10,38.554521,37.79855,38.554521,37.79855,0.0,1.0
1992-07-13,38.554521,37.79855,38.554521,37.79855,0.0,1.0
1992-07-14,38.554521,37.79855,38.554521,37.79855,0.0,1.0
1992-07-15,38.554521,37.79855,38.554521,37.79855,0.0,1.0
1992-07-16,38.554521,37.042579,37.042579,37.79855,0.0,1.0
1992-07-17,37.79855,33.262724,33.262724,37.79855,0.0,1.0
1992-07-20,33.262724,31.750782,33.262724,31.750782,0.0,1.0
1992-07-21,34.018695,33.262724,33.262724,34.018695,0.0,1.0
1992-07-22,34.018695,32.506753,32.506753,34.018695,0.0,1.0
1992-07-23,34.018695,30.994811,30.994811,34.018695,0.0,1.0
1992-07-24,34.018695,32.506753,32.506753,34.018695,0.0,1.0
1992-07-27,33.262724,31.750782,32.506753,31.750782,0.0,1.0
1992-07-28,32.506753,30.23884,32.506753,30.23884,0.0,1.0
1992-07-29,34.018695,32.506753,32.506753,34.018695,0.0,1.0
1992-07-30,34.018695,32.506753,33.262724,34.018695,0.0,1.0
1992-07-31,34.018695,33.262724,33.262724,34.018695,0.0,1.0
1992-08-03,34.018695,31.750782,34.018695,31.750782,0.0,1.0
1992-08-04,34.018695,34.018695,34.018695,34.018695,0.0,0.0
1992-08-05,34.018695,34.018695,34.018695,34.018695,0.0,0.0
1992-08-06,34.018695,34.018695,34.018695,34.018695,0.0,0.0
1992-08-07,34.018695,34.018695,34.018695,34.018695,0.0,0.0
1992-08-10,34.018695,34.018695,34.018695,34.018695,0.0,0.0
1992-08-11,35.530637,34.018695,35.530637,34.018695,0.0,1.0
1992-08-12,36.286608,35.530637,35.530637,36.286608,0.0,1.0
1992-08-13,36.286608,35.530637,35.530637,36.286608,0.0,1.0
1992-08-14,36.286608,35.530637,35.530637,36.286608,0.0,1.0
1992-08-17,36.286608,35.530637,35.530637,36.286608,0.0,1.0
1992-08-18,36.286608,34.018695,34.018695,36.286608,0.0,1.0
1992-08-19,36.286608,35.530637,35.530637,36.286608,0.0,1.0
1992-08-20,36.286608,35.530637,35.530637,36.286608,0.0,1.0
1992-08-21,36.286608,35.530637,35.530637,36.286608,0.0,1.0
1992-08-24,35.530637,34.018695,35.530637,34.018695,0.0,1.0
1992-08-25,35.530637,34.018695,35.530637,34.018695,0.0,1.0
1992-08-26,35.530637,34.018695,35.530637,34.018695,0.0,1.0
1992-08-27,36.286608,35.530637,35.530637,36.286608,0.0,1.0
1992-08-28,35.530637,34.018695,34.018695,34.018695,0.0,1.0
1992-08-31,34.018695,34.018695,34.018695,34.018695,0.0,0.0
1992-09-01,34.018695,34.018695,34.018695,34.018695,0.0,0.0
1992-09-02,34.018695,34.018695,34.018695,34.018695,0.0,0.0
1992-09-03,34.018695,34.018695,34.018695,34.018695,0.0,0.0
1992-09-04,34.774666,34.018695,34.774666,34.018695,0.0,1.0
1992-09-07,34.774666,34.018695,34.774666,34.018695,0.0,1.0
1992-09-08,34.774666,34.018695,34.774666,34.018695,0.0,1.0
1992-09-09,34.774666,34.018695,34.774666,34.018695,0.0,1.0
1992-09-10,36.286608,34.018695,36.286608,34.018695,0.0,1.0
1992-09-11,36.286608,36.286608,36.286608,36.286608,0.0,0.0
1992-09-14,36.286608,36.286608,36.286608,36.286608,0.0,0.0
1992-09-15,36.286608,36.286608,36.286608,36.286608,0.0,0.0
1992-09-16,36.286608,36.286608,36.286608,36.286608,0.0,0.0
1992-09-17,36.286608,36.286608,36.286608,36.286608,0.0,0.0
1992-09-18,37.79855,36.286608,37.79855,36.286608,0.0,1.0
1992-09-21,40.066463,37.79855,40.066463,37.79855,0.0,1.0
1992-09-22,42.334376,40.066463,42.334376,40.066463,0.0,1.0
1992-09-23,43.846318,42.334376,43.846318,42.334376,0.0,1.0
1992-09-24,47.626173,43.846318,47.626173,43.846318,0.0,1.0
1992-09-25,47.626173,47.626173,47.626173,47.626173,0.0,0.0
1992-09-28,47.626173,47.626173,47.626173,47.626173,0.0,0.0
1992-09-29,48.382144,47.626173,48.382144,47.626173,0.0,1.0
1992-09-30,55.941854,47.626173,55.941854,47.626173,0.0,1.0
1992-10-01,55.185883,49.138115,49.138115,55.185883,0.0,1.0
1992-10-02,50.650057,49.138115,50.650057,49.894086,0.0,1.0
1992-10-03,50.650057,50.650057,50.650057,50.650057,0.0,0.0
1992-10-05,50.650057,49.894086,50.650057,49.894086,0.0,1.0
1992-10-06,50.650057,49.894086,50.650057,49.894086,0.0,1.0
1992-10-07,50.650057,49.894086,50.650057,49.894086,0.0,1.0
1992-10-08,50.650057,49.894086,50.650057,49.894086,0.0,1.0
1992-10-09,50.650057,49.894086,50.650057,49.894086,0.0,1.0
1992-10-10,50.650057,50.650057,50.650057,50.650057,0.0,0.0
1992-10-12,50.650057,49.894086,50.650057,49.894086,0.0,1.0
1992-10-13,49.894086,49.138115,49.138115,49.894086,0.0,1.0
1992-10-14,49.138115,49.138115,49.138115,49.138115,0.0,0.0
1992-10-15,49.138115,48.382144,48.382144,49.138115,0.0,1.0
1992-10-16,48.382144,47.626173,48.382144,47.626173,0.0,1.0
1992-10-19,48.382144,47.626173,48.382144,47.626173,0.0,1.0
1992-10-20,48.382144,47.626173,48.382144,47.626173,0.0,1.0
1992-10-21,48.382144,47.626173,48.382144,47.626173,0.0,1.0
1992-10-22,48.382144,47.626173,48.382144,47.626173,0.0,1.0
1992-10-23,48.382144,47.626173,48.382144,47.626173,0.0,1.0
1992-10-26,48.382144,47.626173,48.382144,47.626173,0.0,1.0
1992-10-27,48.382144,47.626173,48.382144,47.626173,0.0,1.0
1992-10-28,48.382144,47.626173,48.382144,47.626173,0.0,1.0
1992-10-29,48.382144,47.626173,48.382144,47.626173,0.0,1.0
1992-10-30,48.382144,47.626173,48.382144,47.626173,0.0,1.0
1992-11-02,48.382144,47.626173,48.382144,47.626173,0.0,1.0
1992-11-03,48.382144,47.626173,48.382144,47.626173,0.0,1.0
1992-11-04,48.382144,47.626173,48.382144,47.626173,0.0,1.0
1992-11-05,48.382144,47.626173,48.382144,47.626173,0.0,1.0
1992-11-06,48.382144,47.626173,48.382144,47.626173,0.0,1.0
1992-11-07,48.382144,48.382144,48.382144,48.382144,0.0,0.0
1992-11-08,48.382144,48.382144,48.382144,48.382144,0.0,0.0
1992-11-09,48.382144,47.626173,48.382144,47.626173,0.0,1.0
1992-11-10,48.382144,47.626173,48.382144,47.626173,0.0,1.0
1992-11-11,48.382144,47.626173,48.382144,47.626173,0.0,1.0
1992-11-12,48.382144,47.626173,48.382144,47.626173,0.0,1.0
1992-11-13,48.382144,47.626173,48.382144,47.626173,0.0,1.0
1992-11-14,48.382144,48.382144,48.382144,48.382144,0.0,0.0
1992-11-16,48.382144,47.626173,48.382144,47.626173,0.0,1.0
1992-11-17,48.382144,47.626173,48.382144,47.626173,0.0,1.0
1992-11-18,48.382144,47.626173,48.382144,47.626173,0.0,1.0
1992-11-19,49.138115,47.626173,49.138115,47.626173,0.0,1.0
1992-11-20,49.138115,49.138115,49.138115,49.138115,0.0,0.0
1992-11-23,49.138115,49.138115,49.138115,49.138115,0.0,0.0
1992-11-24,49.138115,49.138115,49.138115,49.138115,0.0,0.0
1992-11-25,49.138115,49.138115,49.138115,49.138115,0.0,0.0
1992-11-26,49.138115,49.138115,49.138115,49.138115,0.0,0.0
1992-11-27,49.138115,49.138115,49.138115,49.138115,0.0,0.0
1992-11-28,49.138115,49.138115,49.138115,49.138115,0.0,0.0
1992-11-30,49.138115,49.138115,49.138115,49.138115,0.0,0.0
1992-12-01,49.138115,49.138115,49.138115,49.138115,0.0,0.0
1992-12-02,49.138115,49.138115,49.138115,49.138115,0.0,0.0
1992-12-03,49.138115,49.138115,49.138115,49.138115,0.0,0.0
1992-12-04,49.138115,48.382144,48.382144,49.138115,0.0,1.0
1992-12-07,49.138115,48.382144,48.382144,49.138115,0.0,1.0
1992-12-08,49.138115,48.382144,48.382144,49.138115,0.0,1.0
1992-12-09,49.138115,48.382144,48.382144,49.138115,0.0,1.0
1992-12-10,49.138115,48.382144,48.382144,49.138115,0.0,1.0
1992-12-11,49.138115,48.382144,48.382144,49.138115,0.0,1.0
1992-12-14,49.138115,48.382144,48.382144,49.138115,0.0,1.0
1992-12-15,49.138115,48.382144,48.382144,49.138115,0.0,1.0
1992-12-16,49.138115,48.382144,48.382144,49.138115,0.0,1.0
1992-12-17,49.138115,48.382144,48.382144,49.138115,0.0,1.0
1992-12-18,49.138115,48.382144,48.382144,49.138115,0.0,1.0
1992-12-21,49.138115,48.382144,48.382144,49.138115,0.0,1.0
1992-12-22,49.138115,48.382144,48.382144,49.138115,0.0,1.0
1992-12-23,49.138115,48.382144,48.382144,49.138115,0.0,1.0
1992-12-24,49.138115,48.382144,48.382144,49.138115,0.0,1.0
1992-12-25,48.382144,48.382144,48.382144,48.382144,0.0,0.0
1992-12-28,48.382144,48.382144,48.382144,48.382144,0.0,0.0
1992-12-29,49.138115,48.382144,48.382144,49.138115,0.0,1.0
1992-12-30,49.138115,48.382144,48.382144,49.138115,0.0,1.0
1992-12-31,49.138115,48.382144,48.382144,49.138115,0.0,1.0
1993-01-01,48.382144,48.382144,48.382144,48.382144,0.0,0.0
1993-01-04,49.138115,48.382144,48.382144,49.138115,0.0,1.0
1993-01-05,49.138115,48.382144,48.382144,49.138115,0.0,1.0
1993-01-06,49.138115,48.382144,48.382144,49.138115,0.0,1.0
1993-01-07,49.138115,48.382144,48.382144,49.138115,0.0,1.0
1993-01-08,49.138115,48.382144,48.382144,49.138115,0.0,1.0
1993-01-11,49.138115,48.382144,48.382144,49.138115,0.0,1.0
1993-01-12,49.894086,48.382144,49.138115,49.894086,0.0,1.0
1993-01-13,49.894086,49.138115,49.138115,49.894086,0.0,1.0
1993-01-14,49.894086,49.138115,49.138115,49.894086,0.0,1.0
1993-01-15,49.894086,49.138115,49.138115,49.894086,0.0,1.0
1993-01-18,49.894086,49.138115,49.138115,49.894086,0.0,1.0
1993-01-19,49.894086,49.138115,49.138115,49.894086,0.0,1.0
1993-01-20,49.894086,49.138115,49.138115,49.894086,0.0,1.0
1993-01-21,49.894086,49.138115,49.138115,49.894086,0.0,1.0
1993-01-22,49.138115,49.138115,49.138115,49.138115,0.0,0.0
1993-01-25,49.138115,49.138115,49.138115,49.138115,0.0,0.0
1993-01-26,49.138115,49.138115,49.138115,49.138115,0.0,0.0
1993-01-27,49.138115,49.138115,49.138115,49.138115,0.0,0.0
1993-01-28,49.138115,49.138115,49.138115,49.138115,0.0,0.0
1993-01-29,49.138115,49.138115,49.138115,49.138115,0.0,0.0
1993-02-01,48.382144,47.626173,48.382144,48.382144,0.0,1.0
1993-02-02,49.138115,48.382144,48.382144,49.138115,0.0,1.0
1993-02-03,49.138115,48.382144,48.382144,49.138115,0.0,1.0
1993-02-04,49.138115,48.382144,48.382144,49.138115,0.0,1.0
1993-02-05,49.138115,48.382144,48.382144,49.138115,0.0,1.0
1993-02-08,49.138115,48.382144,48.382144,49.138115,0.0,1.0
1993-02-09,49.138115,48.382144,48.382144,49.138115,0.0,1.0
1993-02-10,49.138115,48.382144,48.382144,49.138115,0.0,1.0
1993-02-11,49.138115,48.382144,48.382144,49.138115,0.0,1.0
1993-02-12,49.138115,48.382144,48.382144,49.138115,0.0,1.0
1993-02-15,49.138115,48.382144,48.382144,49.138115,0.0,1.0
1993-02-16,49.138115,48.382144,48.382144,49.138115,0.0,1.0
1993-02-17,49.138115,48.382144,49.138115,49.138115,0.0,1.0
1993-02-18,49.138115,49.138115,49.138115,49.138115,0.0,0.0
1993-02-19,49.138115,49.138115,49.138115,49.138115,0.0,0.0
1993-02-22,49.138115,49.138115,49.138115,49.138115,0.0,0.0
1993-02-23,49.138115,49.138115,49.138115,49.138115,0.0,0.0
1993-02-24,49.138115,49.138115,49.138115,49.138115,0.0,0.0
1993-02-25,49.138115,48.382144,48.382144,49.138115,0.0,1.0
1993-02-26,49.138115,48.382144,48.382144,49.138115,0.0,1.0
1993-03-01,49.138115,48.382144,48.382144,49.138115,0.0,1.0
1993-03-02,49.138115,48.382144,48.382144,49.138115,0.0,1.0
1993-03-03,49.138115,48.382144,48.382144,49.138115,0.0,1.0
1993-03-04,49.138115,47.626173,47.626173,49.138115,0.0,1.0
1993-03-05,47.626173,47.626173,47.626173,47.626173,0.0,0.0
1993-03-08,47.626173,47.626173,47.626173,47.626173,0.0,0.0
1993-03-09,47.626173,47.626173,47.626173,47.626173,0.0,0.0
1993-03-10,47.626173,47.626173,47.626173,47.626173,0.0,0.0
1993-03-11,47.626173,47.626173,47.626173,47.626173,0.0,0.0
1993-03-12,47.626173,47.626173,47.626173,47.626173,0.0,0.0
1993-03-15,47.626173,47.626173,47.626173,47.626173,0.0,0.0
1993-03-16,47.626173,47.626173,47.626173,47.626173,0.0,0.0
1993-03-17,47.626173,47.626173,47.626173,47.626173,0.0,0.0
1993-03-18,47.626173,47.626173,47.626173,47.626173,0.0,0.0
1993-03-19,47.626173,47.626173,47.626173,47.626173,0.0,0.0
1993-03-22,47.626173,47.626173,47.626173,47.626173,0.0,0.0
1993-03-23,47.626173,47.626173,47.626173,47.626173,0.0,0.0
1993-03-24,47.626173,47.626173,47.626173,47.626173,0.0,0.0
1993-03-25,47.626173,47.626173,47.626173,47.626173,0.0,0.0
1993-03-26,47.626173,47.626173,47.626173,47.626173,0.0,0.0
1993-03-29,47.626173,47.626173,47.626173,47.626173,0.0,0.0
1993-03-30,47.626173,47.626173,47.626173,47.626173,0.0,0.0
1993-03-31,47.626173,47.626173,47.626173,47.626173,0.0,0.0
1993-04-01,47.626173,47.626173,47.626173,47.626173,0.0,0.0
1993-04-02,47.626173,47.626173,47.626173,47.626173,0.0,0.0
1993-04-05,47.626173,47.626173,47.626173,47.626173,0.0,0.0
1993-04-06,47.626173,47.626173,47.626173,47.626173,0.0,0.0
1993-04-07,47.626173,47.626173,47.626173,47.626173,0.0,0.0
1993-04-08,47.626173,47.626173,47.626173,47.626173,0.0,0.0
1993-04-09,47.626173,47.626173,47.626173,47.626173,0.0,0.0
1993-04-12,47.626173,47.626173,47.626173,47.626173,0.0,0.0
1993-04-13,47.626173,47.626173,47.626173,47.626173,0.0,0.0
1993-04-14,47.626173,47.626173,47.626173,47.626173,0.0,0.0
1993-04-15,47.626173,47.626173,47.626173,47.626173,0.0,0.0
1993-04-16,47.626173,47.626173,47.626173,47.626173,0.0,0.0
1993-04-19,47.626173,47.626173,47.626173,47.626173,0.0,0.0
1993-04-20,49.894086,47.626173,49.894086,47.626173,0.0,1.0
1993-04-21,50.650057,49.894086,50.650057,49.894086,0.0,1.0
1993-04-22,52.161999,49.894086,52.161999,49.894086,0.0,1.0
1993-04-23,53.673941,51.406028,53.673941,51.406028,0.0,1.0
1993-04-26,53.673941,53.673941,53.673941,53.673941,0.0,0.0
1993-04-27,58.965738,53.673941,58.965738,53.673941,0.0,1.0
1993-04-28,68.03739,59.721709,68.03739,60.47768,0.0,1.0
1993-04-29,69.549332,68.03739,69.549332,68.03739,0.0,1.0
1993-04-30,70.305303,69.549332,69.549332,70.305303,0.0,1.0
1993-05-03,69.549332,69.549332,69.549332,69.549332,0.0,0.0
1993-05-04,69.549332,68.793361,69.549332,68.793361,0.0,1.0
1993-05-05,70.305303,66.525448,66.525448,70.305303,0.0,1.0
1993-05-06,66.525448,65.769477,65.769477,66.525448,0.0,1.0
1993-05-07,65.769477,64.257535,64.257535,65.013506,0.0,1.0
1993-05-10,64.257535,64.257535,64.257535,64.257535,0.0,0.0
1993-05-11,65.013506,63.501564,63.501564,64.257535,0.0,1.0
1993-05-12,62.745593,62.745593,62.745593,62.745593,0.0,1.0
1993-05-13,62.745593,58.965738,58.965738,62.745593,0.0,1.0
1993-05-14,58.965738,58.965738,58.965738,58.965738,0.0,0.0
1993-05-17,58.965738,58.965738,58.965738,58.965738,0.0,0.0
1993-05-18,58.965738,58.965738,58.965738,58.965738,0.0,0.0
1993-05-19,58.965738,58.209767,58.209767,58.965738,0.0,1.0
1993-05-20,58.965738,58.209767,58.209767,58.965738,0.0,1.0
1993-05-21,58.965738,58.209767,58.209767,58.965738,0.0,1.0
1993-05-24,58.965738,58.209767,58.209767,58.965738,0.0,1.0
1993-05-25,58.965738,57.453796,57.453796,58.965738,0.0,1.0
1993-05-26,57.453796,57.453796,57.453796,57.453796,0.0,0.0
1993-05-27,57.453796,57.453796,57.453796,57.453796,0.0,0.0
1993-05-28,57.453796,57.453796,57.453796,57.453796,0.0,0.0
1993-05-31,57.453796,57.453796,57.453796,57.453796,0.0,0.0
1993-06-01,57.453796,57.453796,57.453796,57.453796,0.0,0.0
1993-06-02,57.453796,57.453796,57.453796,57.453796,0.0,0.0
1993-06-03,57.453796,57.453796,57.453796,57.453796,0.0,0.0
1993-06-04,57.453796,57.453796,57.453796,57.453796,0.0,0.0
1993-06-07,65.013506,58.965738,64.257535,61.233651,0.0,1.0
1993-06-08,64.257535,62.745593,62.745593,64.257535,0.0,1.0
1993-06-09,62.745593,62.745593,62.745593,62.745593,0.0,0.0
1993-06-10,62.745593,62.745593,62.745593,62.745593,0.0,0.0
1993-06-11,62.745593,62.745593,62.745593,62.745593,0.0,0.0
1993-06-14,62.745593,62.745593,62.745593,62.745593,0.0,0.0
1993-06-15,62.745593,62.745593,62.745593,62.745593,0.0,0.0
1993-06-16,62.745593,62.745593,62.745593,62.745593,0.0,0.0
1993-06-17,62.745593,62.745593,62.745593,62.745593,0.0,0.0
1993-06-18,62.745593,61.989622,61.989622,62.745593,0.0,1.0
1993-06-21,61.989622,61.233651,61.989622,61.233651,0.0,1.0
1993-06-22,61.989622,61.233651,61.989622,61.233651,0.0,1.0
1993-06-23,61.989622,61.233651,61.989622,61.233651,0.0,1.0
1993-06-24,61.989622,61.233651,61.989622,61.233651,0.0,1.0
1993-06-25,61.989622,61.233651,61.989622,61.233651,0.0,1.0
1993-06-28,62.745593,61.989622,61.989622,62.745593,0.0,1.0
1993-06-29,61.989622,61.233651,61.989622,61.233651,0.0,1.0
1993-06-30,61.989622,61.233651,61.989622,61.233651,0.0,1.0
1993-07-01,61.989622,61.233651,61.989622,61.233651,0.0,1.0
1993-07-02,61.989622,61.233651,61.989622,61.233651,0.0,1.0
1993-07-05,61.989622,61.233651,61.989622,61.233651,0.0,1.0
1993-07-06,61.989622,61.233651,61.989622,61.233651,0.0,1.0
1993-07-07,61.989622,61.233651,61.989622,61.233651,0.0,1.0
1993-07-08,61.989622,61.233651,61.989622,61.233651,0.0,1.0
1993-07-09,62.745593,61.989622,61.989622,62.745593,0.0,1.0
1993-07-12,65.769477,61.233651,65.769477,61.233651,0.0,1.0
1993-07-13,79.376955,74.463144,75.5971,75.5971,0.0,1.0
1993-07-14,75.5971,74.085158,74.085158,75.5971,0.0,1.0
1993-07-15,75.5971,74.085158,75.5971,74.085158,0.0,1.0
1993-07-16,82.400839,76.353071,82.400839,76.353071,0.0,1.0
1993-07-19,85.424723,83.912781,85.424723,83.912781,0.0,1.0
1993-07-20,86.180694,85.424723,86.180694,85.424723,0.0,1.0
1993-07-21,86.180694,85.424723,86.180694,85.424723,0.0,1.0
1993-07-22,86.180694,85.424723,86.180694,85.424723,0.0,1.0
1993-07-23,86.180694,85.424723,86.180694,85.424723,0.0,1.0
1993-07-26,86.180694,85.424723,86.180694,85.424723,0.0,1.0
1993-07-27,86.180694,85.424723,86.180694,85.424723,0.0,1.0
1993-07-28,86.180694,85.424723,86.180694,85.424723,0.0,1.0
1993-07-29,86.180694,85.424723,86.180694,85.424723,0.0,1.0
1993-07-30,86.180694,85.424723,86.180694,85.424723,0.0,1.0
1993-08-02,91.472491,88.448607,89.960549,91.472491,0.0,1.0
1993-08-03,92.228462,89.204578,92.228462,89.204578,0.0,1.0
1993-08-04,92.228462,91.472491,92.228462,91.472491,0.0,1.0
1993-08-05,92.984433,91.472491,92.984433,91.472491,0.0,1.0
1993-08-06,92.984433,92.984433,92.984433,92.984433,0.0,0.0
1993-08-09,92.984433,92.984433,92.984433,92.984433,0.0,0.0
1993-08-10,92.984433,92.984433,92.984433,92.984433,0.0,0.0
1993-08-11,92.984433,92.984433,92.984433,92.984433,0.0,0.0
1993-08-12,92.984433,92.984433,92.984433,92.984433,0.0,0.0
1993-08-13,92.984433,92.228462,92.228462,92.984433,0.0,1.0
1993-08-16,91.472491,90.71652,90.71652,91.472491,0.0,1.0
1993-08-17,91.472491,90.71652,90.71652,91.472491,0.0,1.0
1993-08-18,91.472491,90.71652,90.71652,91.472491,0.0,1.0
1993-08-19,90.71652,90.71652,90.71652,90.71652,0.0,0.0
1993-08-20,91.472491,90.71652,91.472491,91.472491,0.0,1.0
1993-08-23,91.472491,91.472491,91.472491,91.472491,0.0,0.0
1993-08-24,91.472491,91.472491,91.472491,91.472491,0.0,0.0
1993-08-25,91.472491,91.472491,91.472491,91.472491,0.0,0.0
1993-08-26,91.472491,91.472491,91.472491,91.472491,0.0,0.0
1993-08-27,91.472491,91.472491,91.472491,91.472491,0.0,0.0
1993-08-30,91.472491,91.472491,91.472491,91.472491,0.0,0.0
1993-08-31,91.472491,91.472491,91.472491,91.472491,0.0,0.0
1993-09-01,91.472491,91.472491,91.472491,91.472491,0.0,0.0
1993-09-02,91.472491,91.472491,91.472491,91.472491,0.0,0.0
1993-09-03,91.472491,91.472491,91.472491,91.472491,0.0,0.0
1993-09-06,91.472491,91.472491,91.472491,91.472491,0.0,0.0
1993-09-07,91.472491,91.472491,91.472491,91.472491,0.0,0.0
1993-09-08,91.472491,91.472491,91.472491,91.472491,0.0,0.0
1993-09-09,91.472491,91.472491,91.472491,91.472491,0.0,0.0
1993-09-10,91.472491,91.472491,91.472491,91.472491,0.0,0.0
1993-09-13,91.472491,91.472491,91.472491,91.472491,0.0,0.0
1993-09-14,92.228462,91.472491,92.228462,91.472491,0.0,1.0
1993-09-15,92.228462,91.472491,92.228462,91.472491,0.0,1.0
1993-09-16,93.740404,92.984433,93.740404,92.984433,0.0,1.0
1993-09-17,94.496375,92.984433,94.496375,92.984433,0.0,1.0
1993-09-20,95.252346,94.496375,95.252346,94.496375,0.0,1.0
1993-09-21,102.056085,96.764288,102.056085,96.764288,0.0,1.0
1993-09-22,115.663563,103.568027,110.371766,104.323998,0.0,1.0
1993-09-23,111.127737,108.859824,108.859824,110.371766,0.0,1.0
1993-09-24,108.859824,108.103853,108.859824,108.103853,0.0,1.0
1993-09-27,108.859824,106.591911,106.591911,108.103853,0.0,1.0
1993-09-28,106.591911,106.591911,106.591911,106.591911,0.0,0.0
1993-09-29,107.347882,106.591911,107.347882,106.591911,0.0,1.0
1993-09-30,114.151621,107.347882,113.39565,107.347882,0.0,1.0
1993-10-01,113.39565,111.883708,111.883708,113.39565,0.0,1.0
1993-10-04,112.639679,111.883708,111.883708,112.639679,0.0,1.0
1993-10-05,111.883708,110.371766,110.371766,111.883708,0.0,1.0
1993-10-06,109.615795,109.615795,109.615795,109.615795,0.0,1.0
1993-10-07,109.615795,109.615795,109.615795,109.615795,0.0,0.0
1993-10-08,109.615795,109.615795,109.615795,109.615795,0.0,0.0
1993-10-11,109.615795,109.615795,109.615795,109.615795,0.0,0.0
1993-10-12,109.615795,109.615795,109.615795,109.615795,0.0,0.0
1993-10-13,109.615795,108.859824,109.615795,109.615795,0.0,0.0
1993-10-14,109.615795,109.615795,109.615795,109.615795,0.0,0.0
1993-10-15,109.615795,109.615795,109.615795,109.615795,0.0,0.0
1993-10-18,109.615795,109.615795,109.615795,109.615795,0.0,0.0
1993-10-19,112.639679,109.615795,112.639679,109.615795,0.0,1.0
1993-10-20,112.639679,111.883708,112.639679,111.883708,0.0,1.0
1993-10-21,117.175505,111.883708,117.175505,111.883708,0.0,1.0
1993-10-22,120.199389,117.175505,120.199389,117.175505,0.0,1.0
1993-10-25,121.711331,120.199389,120.95536,120.95536,0.0,1.0
1993-10-26,120.95536,120.95536,120.95536,120.95536,0.0,0.0
1993-10-27,120.95536,120.95536,120.95536,120.95536,0.0,0.0
1993-10-28,120.95536,120.95536,120.95536,120.95536,0.0,0.0
1993-10-29,120.95536,120.95536,120.95536,120.95536,0.0,0.0
1993-11-01,120.95536,120.95536,120.95536,120.95536,0.0,0.0
1993-11-02,120.95536,120.95536,120.95536,120.95536,0.0,0.0
1993-11-03,120.95536,120.95536,120.95536,120.95536,0.0,0.0
1993-11-04,120.95536,120.95536,120.95536,120.95536,0.0,0.0
1993-11-05,120.95536,120.95536,120.95536,120.95536,0.0,0.0
1993-11-08,120.95536,118.687447,118.687447,120.95536,0.0,1.0
1993-11-09,118.687447,117.931476,118.687447,117.931476,0.0,1.0
1993-11-10,118.687447,117.931476,117.931476,117.931476,0.0,1.0
1993-11-11,117.931476,117.175505,117.931476,117.175505,0.0,1.0
1993-11-12,117.931476,117.175505,117.931476,117.175505,0.0,1.0
1993-11-15,117.931476,117.175505,117.931476,117.175505,0.0,1.0
1993-11-16,117.931476,117.175505,117.931476,117.175505,0.0,1.0
1993-11-17,117.931476,117.175505,117.931476,117.175505,0.0,1.0
1993-11-18,117.931476,117.175505,117.931476,117.175505,0.0,1.0
1993-11-19,119.443418,117.175505,117.931476,117.175505,0.0,1.0
1993-11-22,117.931476,117.175505,117.931476,117.175505,0.0,1.0
1993-11-23,117.931476,117.175505,117.931476,117.175505,0.0,1.0
1993-11-24,117.931476,117.175505,117.931476,117.175505,0.0,1.0
1993-11-25,117.931476,117.175505,117.931476,117.175505,0.0,1.0
1993-11-26,117.931476,117.175505,117.931476,117.175505,0.0,1.0
1993-11-29,117.931476,117.175505,117.931476,117.175505,0.0,1.0
1993-11-30,117.931476,117.175505,117.931476,117.175505,0.0,1.0
1993-12-01,117.931476,117.175505,117.931476,117.175505,0.0,1.0
1993-12-02,117.931476,117.175505,117.931476,117.175505,0.0,1.0
1993-12-03,117.931476,117.175505,117.931476,117.175505,0.0,1.0
1993-12-06,117.931476,117.175505,117.931476,117.175505,0.0,1.0
1993-12-07,117.931476,116.419534,116.419534,117.175505,0.0,1.0
1993-12-08,116.419534,115.663563,116.419534,115.663563,0.0,1.0
1993-12-09,116.419534,115.663563,116.419534,115.663563,0.0,1.0
1993-12-10,116.419534,115.663563,116.419534,115.663563,0.0,1.0
1993-12-13,115.285578,114.151621,114.907592,114.151621,0.0,1.0
1993-12-14,114.907592,114.151621,114.907592,114.151621,0.0,1.0
1993-12-15,114.907592,114.151621,114.907592,114.151621,0.0,1.0
1993-12-16,135.318809,117.931476,135.318809,117.931476,0.0,1.0
1993-12-17,135.318809,134.562838,135.318809,134.562838,0.0,1.0
1993-12-20,135.318809,134.562838,135.318809,134.562838,0.0,1.0
1993-12-21,136.830751,135.318809,135.318809,136.830751,0.0,1.0
1993-12-22,135.318809,134.562838,135.318809,134.562838,0.0,1.0
1993-12-23,135.318809,134.562838,135.318809,134.562838,0.0,1.0
1993-12-24,136.830751,135.318809,135.318809,136.830751,0.0,1.0
1993-12-27,135.318809,135.318809,135.318809,135.318809,0.0,0.0
1993-12-28,135.318809,135.318809,135.318809,135.318809,0.0,0.0
1993-12-29,135.318809,134.562838,135.318809,134.562838,0.0,1.0
1993-12-30,135.318809,134.562838,135.318809,134.562838,0.0,1.0
1993-12-31,135.318809,134.562838,135.318809,134.562838,0.0,1.0
1994-01-03,135.318809,135.318809,135.318809,135.318809,0.0,0.0
1994-01-04,137.586722,136.07478,137.586722,136.07478,0.0,1.0
1994-01-05,139.098664,136.830751,139.098664,136.830751,0.0,1.0
1994-01-06,142.878519,138.342693,142.878519,138.342693,0.0,1.0
1994-01-07,150.438229,143.63449,150.438229,143.63449,0.0,1.0
1994-01-10,155.730026,149.682258,155.730026,149.682258,0.0,1.0
1994-01-11,159.509881,151.1942,151.1942,155.730026,0.0,1.0
1994-01-12,152.706142,151.1942,152.706142,151.1942,0.0,1.0
1994-01-13,153.462113,152.706142,152.706142,153.462113,0.0,1.0
1994-01-14,153.462113,152.706142,152.706142,153.462113,0.0,1.0
1994-01-17,152.706142,151.950171,152.706142,151.950171,0.0,1.0
1994-01-18,153.462113,152.706142,152.706142,153.462113,0.0,1.0
1994-01-19,152.706142,151.950171,152.706142,151.950171,0.0,1.0
1994-01-20,153.462113,152.706142,152.706142,153.462113,0.0,1.0
1994-01-21,153.462113,152.706142,152.706142,153.462113,0.0,1.0
1994-01-24,153.462113,152.706142,152.706142,153.462113,0.0,1.0
1994-01-25,153.462113,152.706142,152.706142,153.462113,0.0,1.0
1994-01-26,152.706142,151.950171,152.706142,151.950171,0.0,1.0
1994-01-27,153.462113,152.706142,152.706142,153.462113,0.0,1.0
1994-01-28,153.462113,152.706142,152.706142,153.462113,0.0,1.0
1994-01-31,153.462113,152.706142,152.706142,153.462113,0.0,1.0
1994-02-01,153.462113,152.706142,152.706142,153.462113,0.0,1.0
1994-02-02,153.462113,152.706142,152.706142,153.462113,0.0,1.0
1994-02-03,153.462113,152.706142,152.706142,153.462113,0.0,1.0
1994-02-04,153.462113,152.706142,152.706142,153.462113,0.0,1.0
1994-02-07,149.682258,147.414345,147.414345,149.682258,0.0,1.0
1994-02-08,148.170316,147.414345,147.414345,148.170316,0.0,1.0
1994-02-09,148.170316,147.414345,147.414345,148.170316,0.0,1.0
1994-02-10,148.170316,147.414345,147.414345,148.170316,0.0,1.0
1994-02-11,148.170316,147.414345,147.414345,148.170316,0.0,1.0
1994-02-14,147.414345,147.414345,147.414345,147.414345,0.0,0.0
1994-02-15,147.414345,147.414345,147.414345,147.414345,0.0,0.0
1994-02-16,147.414345,147.414345,147.414345,147.414345,0.0,0.0
1994-02-17,147.414345,147.414345,147.414345,147.414345,0.0,0.0
1994-02-18,147.414345,147.414345,147.414345,147.414345,0.0,0.0
1994-02-21,147.414345,147.414345,147.414345,147.414345,0.0,0.0
1994-02-22,148.170316,145.146432,145.902403,148.170316,0.0,1.0
1994-02-23,145.902403,145.902403,145.902403,145.902403,0.0,0.0
1994-02-24,145.902403,145.902403,145.902403,145.902403,0.0,0.0
1994-02-25,145.902403,145.146432,145.146432,145.902403,0.0,1.0
1994-02-28,144.390461,144.390461,144.390461,144.390461,0.0,1.0
1994-03-01,144.390461,144.390461,144.390461,144.390461,0.0,0.0
1994-03-02,144.390461,144.390461,144.390461,144.390461,0.0,0.0
1994-03-03,144.390461,144.390461,144.390461,144.390461,0.0,0.0
1994-03-04,144.390461,142.122548,142.122548,144.390461,0.0,1.0
1994-03-07,142.122548,142.122548,142.122548,142.122548,0.0,0.0
1994-03-08,141.366577,140.610606,141.366577,140.610606,0.0,1.0
1994-03-09,141.366577,140.610606,141.366577,140.610606,0.0,1.0
1994-03-10,142.122548,141.366577,142.122548,142.122548,0.0,1.0
1994-03-11,143.63449,142.878519,142.878519,143.63449,0.0,1.0
1994-03-14,142.878519,142.122548,142.878519,142.122548,0.0,1.0
1994-03-15,143.63449,142.878519,142.878519,143.63449,0.0,1.0
1994-03-16,145.146432,142.878519,144.390461,142.878519,0.0,1.0
1994-03-17,144.390461,144.390461,144.390461,144.390461,0.0,0.0
1994-03-18,144.390461,144.390461,144.390461,144.390461,0.0,0.0
1994-03-21,144.390461,144.390461,144.390461,144.390461,0.0,0.0
1994-03-22,144.390461,144.390461,144.390461,144.390461,0.0,0.0
1994-03-23,144.390461,142.878519,142.878519,144.390461,0.0,1.0
1994-03-24,142.878519,142.122548,142.878519,142.122548,0.0,1.0
1994-03-25,142.878519,142.122548,142.122548,142.122548,0.0,1.0
1994-03-28,142.122548,142.122548,142.122548,142.122548,0.0,0.0
1994-03-29,142.122548,142.122548,142.122548,142.122548,0.0,0.0
1994-03-30,142.122548,142.122548,142.122548,142.122548,0.0,0.0
1994-03-31,140.610606,139.854635,139.854635,140.610606,0.0,1.0
1994-04-01,139.854635,139.854635,139.854635,139.854635,0.0,0.0
1994-04-04,139.854635,139.854635,139.854635,139.854635,0.0,0.0
1994-04-05,139.098664,138.342693,138.342693,139.098664,0.0,1.0
1994-04-06,138.342693,136.830751,136.830751,138.342693,0.0,1.0
1994-04-07,136.830751,136.830751,136.830751,136.830751,0.0,0.0
1994-04-08,136.830751,136.830751,136.830751,136.830751,0.0,0.0
1994-04-11,136.830751,134.562838,134.562838,136.830751,0.0,1.0
1994-04-12,134.562838,130.782983,132.294925,134.562838,0.0,1.0
1994-04-13,132.294925,132.294925,132.294925,132.294925,0.0,0.0
1994-04-14,132.294925,132.294925,132.294925,132.294925,0.0,0.0
1994-04-15,133.050896,132.294925,132.294925,133.050896,0.0,1.0
1994-04-18,132.294925,132.294925,132.294925,132.294925,0.0,0.0
1994-04-19,132.294925,132.294925,132.294925,132.294925,0.0,0.0
1994-04-20,132.294925,132.294925,132.294925,132.294925,0.0,0.0
1994-04-21,132.294925,132.294925,132.294925,132.294925,0.0,0.0
1994-04-22,132.294925,132.294925,132.294925,132.294925,0.0,0.0
1994-04-25,132.294925,132.294925,132.294925,132.294925,0.0,0.0
1994-04-26,132.294925,132.294925,132.294925,132.294925,0.0,0.0
1994-04-27,132.294925,132.294925,132.294925,132.294925,0.0,0.0
1994-04-28,132.294925,132.294925,132.294925,132.294925,0.0,0.0
1994-04-29,132.294925,132.294925,132.294925,132.294925,0.0,0.0
1994-05-02,132.294925,132.294925,132.294925,132.294925,0.0,0.0
1994-05-03,132.294925,132.294925,132.294925,132.294925,0.0,0.0
1994-05-04,132.294925,132.294925,132.294925,132.294925,0.0,0.0
1994-05-05,133.050896,132.294925,132.294925,133.050896,0.0,1.0
1994-05-06,132.294925,132.294925,132.294925,132.294925,0.0,0.0
1994-05-09,132.294925,132.294925,132.294925,132.294925,0.0,0.0
1994-05-10,132.294925,132.294925,132.294925,132.294925,0.0,0.0
1994-05-11,132.294925,132.294925,132.294925,132.294925,0.0,0.0
1994-05-12,132.294925,132.294925,132.294925,132.294925,0.0,0.0
1994-05-13,132.294925,132.294925,132.294925,132.294925,0.0,0.0
1994-05-16,132.294925,132.294925,132.294925,132.294925,0.0,0.0
1994-05-17,132.294925,132.294925,132.294925,132.294925,0.0,0.0
1994-05-18,132.294925,132.294925,132.294925,132.294925,0.0,0.0
1994-05-19,132.294925,132.294925,132.294925,132.294925,0.0,0.0
1994-05-20,132.294925,132.294925,132.294925,132.294925,0.0,0.0
1994-05-23,132.294925,132.294925,132.294925,132.294925,0.0,0.0
1994-05-24,132.294925,132.294925,132.294925,132.294925,0.0,0.0
1994-05-25,132.294925,132.294925,132.294925,132.294925,0.0,0.0
1994-05-26,132.294925,132.294925,132.294925,132.294925,0.0,0.0
1994-05-27,132.294925,132.294925,132.294925,132.294925,0.0,0.0
1994-05-30,132.294925,132.294925,132.294925,132.294925,0.0,0.0
1994-05-31,132.294925,132.294925,132.294925,132.294925,0.0,0.0
1994-06-01,132.294925,132.294925,132.294925,132.294925,0.0,0.0
1994-06-02,132.294925,132.294925,132.294925,132.294925,0.0,0.0
1994-06-03,132.294925,132.294925,132.294925,132.294925,0.0,0.0
1994-06-06,132.294925,132.294925,132.294925,132.294925,0.0,0.0
1994-06-07,132.294925,132.294925,132.294925,132.294925,0.0,0.0
1994-06-08,132.294925,132.294925,132.294925,132.294925,0.0,0.0
1994-06-09,132.294925,132.294925,132.294925,132.294925,0.0,0.0
1994-06-10,133.050896,132.294925,133.050896,132.294925,0.0,1.0
1994-06-13,133.050896,133.050896,133.050896,133.050896,0.0,0.0
1994-06-14,133.050896,133.050896,133.050896,133.050896,0.0,0.0
1994-06-15,133.050896,133.050896,133.050896,133.050896,0.0,0.0
1994-06-16,134.562838,133.050896,134.562838,133.050896,0.0,1.0
1994-06-17,139.854635,134.562838,139.854635,134.562838,0.0,1.0
1994-06-20,139.854635,139.098664,139.098664,139.854635,0.0,1.0
1994-06-21,139.854635,138.342693,138.342693,139.854635,0.0,1.0
1994-06-22,138.342693,138.342693,138.342693,138.342693,0.0,0.0
1994-06-23,138.342693,138.342693,138.342693,138.342693,0.0,0.0
1994-06-24,138.342693,138.342693,138.342693,138.342693,0.0,0.0
1994-06-27,138.342693,138.342693,138.342693,138.342693,0.0,0.0
1994-06-28,138.342693,138.342693,138.342693,138.342693,0.0,0.0
1994-06-29,138.342693,138.342693,138.342693,138.342693,0.0,0.0
1994-06-30,138.342693,138.342693,138.342693,138.342693,0.0,0.0
1994-07-01,138.342693,138.342693,138.342693,138.342693,0.0,0.0
1994-07-04,139.098664,138.342693,139.098664,138.342693,0.0,1.0
1994-07-05,139.098664,138.342693,139.098664,138.342693,0.0,1.0
1994-07-06,139.098664,138.342693,139.098664,138.342693,0.0,1.0
1994-07-07,139.854635,138.342693,139.854635,138.342693,0.0,1.0
1994-07-08,139.854635,139.854635,139.854635,139.854635,0.0,0.0
1994-07-11,143.63449,139.854635,143.63449,140.610606,0.0,1.0
1994-07-12,153.462113,143.63449,143.63449,153.462113,0.0,1.0
1994-07-13,143.63449,142.878519,143.63449,143.63449,0.0,0.0
1994-07-14,144.390461,143.63449,144.390461,143.63449,0.0,1.0
1994-07-15,144.390461,144.390461,144.390461,144.390461,0.0,0.0
1994-07-18,144.390461,144.390461,144.390461,144.390461,0.0,0.0
1994-07-19,144.390461,144.390461,144.390461,144.390461,0.0,0.0
1994-07-20,144.390461,144.390461,144.390461,144.390461,0.0,0.0
1994-07-21,144.390461,144.390461,144.390461,144.390461,0.0,0.0
1994-07-22,144.390461,144.390461,144.390461,144.390461,0.0,0.0
1994-07-25,144.390461,144.390461,144.390461,144.390461,0.0,0.0
1994-07-26,144.390461,144.390461,144.390461,144.390461,0.0,0.0
1994-07-27,144.390461,144.390461,144.390461,144.390461,0.0,0.0
1994-07-28,144.390461,144.390461,144.390461,144.390461,0.0,0.0
1994-07-29,144.390461,144.390461,144.390461,144.390461,0.0,0.0
1994-08-01,144.390461,144.390461,144.390461,144.390461,0.0,0.0
1994-08-02,144.390461,144.390461,144.390461,144.390461,0.0,0.0
1994-08-03,144.390461,144.390461,144.390461,144.390461,0.0,0.0
1994-08-04,144.390461,144.390461,144.390461,144.390461,0.0,0.0
1994-08-05,144.390461,141.366577,141.366577,144.390461,0.0,1.0
1994-08-08,141.366577,139.098664,139.098664,140.610606,0.0,1.0
1994-08-09,139.098664,138.342693,139.098664,138.342693,0.0,1.0
1994-08-10,139.098664,138.342693,139.098664,138.342693,0.0,1.0
1994-08-11,140.610606,138.342693,140.610606,138.342693,0.0,1.0
1994-08-12,140.610606,139.854635,140.610606,139.854635,0.0,1.0
1994-08-15,142.122548,140.610606,140.610606,142.122548,0.0,1.0
1994-08-16,140.610606,139.854635,140.610606,139.854635,0.0,1.0
1994-08-17,142.122548,140.610606,140.610606,142.122548,0.0,1.0
1994-08-18,142.122548,140.610606,140.610606,142.122548,0.0,1.0
1994-08-19,145.146432,139.854635,145.146432,139.854635,0.0,1.0
1994-08-22,145.902403,145.146432,145.146432,145.902403,0.0,1.0
1994-08-23,145.146432,144.390461,145.146432,144.390461,0.0,1.0
1994-08-24,149.682258,144.390461,149.682258,144.390461,0.0,1.0
1994-08-25,150.438229,149.682258,150.438229,150.438229,0.0,1.0
1994-08-26,150.438229,150.438229,150.438229,150.438229,0.0,0.0
1994-08-29,150.438229,150.438229,150.438229,150.438229,0.0,0.0
1994-08-30,150.438229,150.438229,150.438229,150.438229,0.0,0.0
1994-08-31,151.1942,150.438229,151.1942,150.438229,0.0,1.0
1994-09-01,151.1942,151.1942,151.1942,151.1942,0.0,0.0
1994-09-02,151.1942,151.1942,151.1942,151.1942,0.0,0.0
1994-09-05,151.950171,151.1942,151.950171,151.950171,0.0,1.0
1994-09-06,151.950171,151.1942,151.950171,151.950171,0.0,0.0
1994-09-07,151.950171,151.950171,151.950171,151.950171,0.0,0.0
1994-09-08,151.950171,151.950171,151.950171,151.950171,0.0,0.0
1994-09-09,151.950171,151.950171,151.950171,151.950171,0.0,0.0
1994-09-12,151.950171,148.170316,148.170316,151.950171,0.0,1.0
1994-09-13,148.170316,147.414345,147.414345,148.170316,0.0,1.0
1994-09-14,147.414345,147.414345,147.414345,147.414345,0.0,0.0
1994-09-15,147.414345,147.414345,147.414345,147.414345,0.0,0.0
1994-09-16,147.414345,144.390461,144.390461,147.414345,0.0,1.0
1994-09-19,144.390461,144.390461,144.390461,144.390461,0.0,0.0
1994-09-20,144.390461,144.390461,144.390461,144.390461,0.0,0.0
1994-09-21,144.390461,144.390461,144.390461,144.390461,0.0,0.0
1994-09-22,144.390461,144.390461,144.390461,144.390461,0.0,0.0
1994-09-23,144.390461,144.390461,144.390461,144.390461,0.0,0.0
1994-09-26,144.390461,144.390461,144.390461,144.390461,0.0,0.0
1994-09-27,144.390461,142.878519,142.878519,144.390461,0.0,1.0
1994-09-28,143.63449,142.878519,142.878519,143.63449,0.0,1.0
1994-09-29,143.63449,142.878519,142.878519,143.63449,0.0,1.0
1994-09-30,143.63449,142.878519,142.878519,143.63449,0.0,1.0
1994-10-03,143.63449,142.878519,142.878519,143.63449,0.0,1.0
1994-10-04,143.63449,142.878519,142.878519,143.63449,0.0,1.0
1994-10-05,143.63449,142.878519,142.878519,143.63449,0.0,1.0
1994-10-06,143.63449,142.878519,142.878519,143.63449,0.0,1.0
1994-10-07,143.63449,142.878519,143.63449,143.63449,0.0,1.0
1994-10-10,143.63449,143.63449,143.63449,143.63449,0.0,0.0
1994-10-11,143.63449,143.63449,143.63449,143.63449,0.0,0.0
1994-10-12,143.63449,143.63449,143.63449,143.63449,0.0,0.0
1994-10-13,143.63449,143.63449,143.63449,143.63449,0.0,0.0
1994-10-14,143.63449,143.63449,143.63449,143.63449,0.0,0.0
1994-10-17,143.63449,142.878519,142.878519,143.63449,0.0,1.0
1994-10-18,142.878519,142.122548,142.878519,142.122548,0.0,1.0
1994-10-19,143.63449,142.878519,142.878519,143.63449,0.0,1.0
1994-10-20,143.63449,142.878519,142.878519,143.63449,0.0,1.0
1994-10-21,143.63449,142.878519,142.878519,143.63449,0.0,1.0
1994-10-24,143.63449,142.122548,142.122548,143.63449,0.0,1.0
1994-10-25,142.122548,142.122548,142.122548,142.122548,0.0,0.0
1994-10-26,142.122548,142.122548,142.122548,142.122548,0.0,0.0
1994-10-27,142.122548,142.122548,142.122548,142.122548,0.0,0.0
1994-10-28,142.122548,142.122548,142.122548,142.122548,0.0,0.0
1994-10-31,142.122548,142.122548,142.122548,142.122548,0.0,0.0
1994-11-01,142.122548,142.122548,142.122548,142.122548,0.0,0.0
1994-11-02,142.122548,142.122548,142.122548,142.122548,0.0,0.0
1994-11-03,142.122548,142.122548,142.122548,142.122548,0.0,0.0
1994-11-04,142.122548,142.122548,142.122548,142.122548,0.0,0.0
1994-11-07,142.122548,142.122548,142.122548,142.122548,0.0,0.0
1994-11-08,142.122548,142.122548,142.122548,142.122548,0.0,0.0
1994-11-09,142.122548,142.122548,142.122548,142.122548,0.0,0.0
1994-11-10,142.122548,142.122548,142.122548,142.122548,0.0,0.0
1994-11-11,142.122548,141.366577,142.122548,142.122548,0.0,0.0
1994-11-14,141.366577,140.610606,141.366577,140.610606,0.0,1.0
1994-11-15,142.122548,141.366577,141.366577,142.122548,0.0,1.0
1994-11-16,142.122548,141.366577,141.366577,142.122548,0.0,1.0
1994-11-17,141.366577,140.610606,141.366577,140.610606,0.0,1.0
1994-11-18,141.366577,140.610606,141.366577,140.610606,0.0,1.0
1994-11-21,141.366577,140.610606,141.366577,140.610606,0.0,1.0
1994-11-22,141.366577,140.610606,141.366577,140.610606,0.0,1.0
1994-11-23,142.122548,140.610606,141.366577,142.122548,0.0,1.0
1994-11-24,141.366577,140.610606,141.366577,140.610606,0.0,1.0
1994-11-25,141.366577,140.610606,141.366577,140.610606,0.0,1.0
1994-11-28,141.366577,140.610606,141.366577,140.610606,0.0,1.0
1994-11-29,141.366577,140.610606,141.366577,140.610606,0.0,1.0
1994-11-30,141.366577,140.610606,141.366577,140.610606,0.0,1.0
1994-12-01,142.122548,141.366577,141.366577,142.122548,0.0,1.0
1994-12-02,141.366577,140.610606,141.366577,140.610606,0.0,1.0
1994-12-05,141.366577,140.610606,141.366577,140.610606,0.0,1.0
1994-12-06,141.366577,140.610606,141.366577,140.610606,0.0,1.0
1994-12-07,141.366577,140.610606,141.366577,140.610606,0.0,1.0
1994-12-08,141.366577,140.610606,141.366577,140.610606,0.0,1.0
1994-12-09,141.366577,140.610606,141.366577,140.610606,0.0,1.0
1994-12-12,141.366577,140.610606,141.366577,140.610606,0.0,1.0
1994-12-13,141.366577,140.610606,141.366577,140.610606,0.0,1.0
1994-12-14,141.366577,140.610606,141.366577,140.610606,0.0,1.0
1994-12-15,141.366577,140.610606,141.366577,140.610606,0.0,1.0
1994-12-16,141.366577,140.610606,141.366577,140.610606,0.0,1.0
1994-12-19,141.366577,140.610606,141.366577,140.610606,0.0,1.0
1994-12-20,141.366577,140.610606,141.366577,140.610606,0.0,1.0
1994-12-21,141.366577,140.610606,141.366577,140.610606,0.0,1.0
1994-12-22,141.366577,140.610606,141.366577,140.610606,0.0,1.0
1994-12-23,141.366577,140.610606,141.366577,140.610606,0.0,1.0
1994-12-26,141.366577,141.366577,141.366577,141.366577,0.0,0.0
1994-12-27,141.366577,141.366577,141.366577,141.366577,0.0,0.0
1994-12-28,141.366577,140.610606,141.366577,140.610606,0.0,1.0
1994-12-29,141.366577,140.610606,141.366577,140.610606,0.0,1.0
1994-12-30,142.122548,141.366577,141.366577,142.122548,0.0,1.0
1995-01-02,141.366577,141.366577,141.366577,141.366577,0.0,0.0
1995-01-03,142.122548,141.366577,142.122548,142.122548,0.0,1.0
1995-01-04,142.122548,142.122548,142.122548,142.122548,0.0,0.0
1995-01-05,142.122548,142.122548,142.122548,142.122548,0.0,0.0
1995-01-06,142.122548,142.122548,142.122548,142.122548,0.0,0.0
1995-01-09,142.122548,142.122548,142.122548,142.122548,0.0,0.0
1995-01-10,145.902403,142.122548,145.146432,142.122548,0.0,1.0
1995-01-11,145.902403,144.390461,145.902403,144.390461,0.0,1.0
1995-01-12,147.414345,145.902403,147.414345,145.902403,0.0,1.0
1995-01-13,147.414345,147.414345,147.414345,147.414345,0.0,0.0
1995-01-16,149.682258,148.170316,149.682258,149.682258,0.0,1.0
1995-01-17,151.1942,149.682258,151.1942,149.682258,0.0,1.0
1995-01-18,151.950171,151.1942,151.950171,151.950171,0.0,1.0
1995-01-19,154.974055,151.950171,154.974055,151.950171,0.0,1.0
1995-01-20,154.974055,154.974055,154.974055,154.974055,0.0,0.0
1995-01-23,155.730026,154.974055,155.730026,154.974055,0.0,1.0
1995-01-24,155.730026,155.730026,155.730026,155.730026,0.0,0.0
1995-01-25,157.241968,155.730026,157.241968,155.730026,0.0,1.0
1995-01-26,157.241968,157.241968,157.241968,157.241968,0.0,0.0
1995-01-27,157.241968,157.241968,157.241968,157.241968,0.0,0.0
1995-01-30,157.241968,157.241968,157.241968,157.241968,0.0,0.0
1995-01-31,157.241968,157.241968,157.241968,157.241968,0.0,0.0
1995-02-01,157.241968,157.241968,157.241968,157.241968,0.0,0.0
1995-02-02,157.241968,157.241968,157.241968,157.241968,0.0,0.0
1995-02-03,157.241968,157.241968,157.241968,157.241968,0.0,0.0
1995-02-06,157.241968,157.241968,157.241968,157.241968,0.0,0.0
1995-02-07,157.241968,157.241968,157.241968,157.241968,0.0,0.0
1995-02-08,157.241968,157.241968,157.241968,157.241968,0.0,0.0
1995-02-09,157.241968,157.241968,157.241968,157.241968,0.0,0.0
1995-02-10,157.241968,157.241968,157.241968,157.241968,0.0,0.0
1995-02-13,157.241968,157.241968,157.241968,157.241968,0.0,0.0
1995-02-14,157.241968,157.241968,157.241968,157.241968,0.0,0.0
1995-02-15,157.241968,157.241968,157.241968,157.241968,0.0,0.0
1995-02-16,158.75391,157.241968,157.997939,157.241968,0.0,1.0
1995-02-17,158.75391,157.997939,157.997939,158.75391,0.0,1.0
1995-02-20,157.241968,157.241968,157.241968,157.241968,0.0,1.0
1995-02-21,157.241968,157.241968,157.241968,157.241968,0.0,0.0
1995-02-22,157.241968,157.241968,157.241968,157.241968,0.0,0.0
1995-02-23,157.241968,157.241968,157.241968,157.241968,0.0,0.0
1995-02-24,157.997939,157.241968,157.997939,157.241968,0.0,1.0
1995-02-27,157.997939,157.997939,157.997939,157.997939,0.0,0.0
1995-02-28,157.997939,157.997939,157.997939,157.997939,0.0,0.0
1995-03-01,157.997939,156.485997,156.485997,157.997939,0.0,1.0
1995-03-02,156.485997,155.730026,156.485997,155.730026,0.0,1.0
1995-03-03,156.485997,155.730026,156.485997,155.730026,0.0,1.0
1995-03-06,156.485997,155.730026,156.485997,155.730026,0.0,1.0
1995-03-07,156.485997,155.730026,156.485997,155.730026,0.0,1.0
1995-03-08,156.485997,155.730026,156.485997,155.730026,0.0,1.0
1995-03-09,156.485997,155.730026,156.485997,155.730026,0.0,1.0
1995-03-10,156.485997,155.730026,156.485997,155.730026,0.0,1.0
1995-03-13,156.485997,155.730026,156.485997,155.730026,0.0,1.0
1995-03-14,156.485997,155.730026,156.485997,155.730026,0.0,1.0
1995-03-15,157.997939,156.485997,156.485997,157.997939,0.0,1.0
1995-03-16,156.485997,155.730026,156.485997,155.730026,0.0,1.0
1995-03-17,156.485997,155.730026,156.485997,155.730026,0.0,1.0
1995-03-20,156.485997,156.485997,156.485997,156.485997,0.0,0.0
1995-03-21,156.485997,155.730026,156.485997,155.730026,0.0,1.0
1995-03-22,156.485997,155.730026,156.485997,155.730026,0.0,1.0
1995-03-23,156.485997,155.730026,156.485997,155.730026,0.0,1.0
1995-03-24,156.485997,155.730026,156.485997,155.730026,0.0,1.0
1995-03-27,156.485997,155.730026,156.485997,155.730026,0.0,1.0
1995-03-28,156.485997,155.730026,156.485997,155.730026,0.0,1.0
1995-03-29,156.485997,155.730026,156.485997,155.730026,0.0,1.0
1995-03-30,156.485997,155.730026,156.485997,155.730026,0.0,1.0
1995-03-31,156.485997,155.730026,156.485997,155.730026,0.0,1.0
1995-04-03,156.485997,155.730026,156.485997,155.730026,0.0,1.0
1995-04-04,156.485997,155.730026,156.485997,155.730026,0.0,1.0
1995-04-05,156.485997,155.730026,156.485997,155.730026,0.0,1.0
1995-04-06,156.485997,155.730026,156.485997,155.730026,0.0,1.0
1995-04-07,156.485997,155.730026,156.485997,155.730026,0.0,1.0
1995-04-10,156.485997,155.730026,155.730026,155.730026,0.0,1.0
1995-04-11,155.730026,155.730026,155.730026,155.730026,0.0,0.0
1995-04-12,155.730026,154.974055,154.974055,155.730026,0.0,1.0
1995-04-13,154.974055,154.974055,154.974055,154.974055,0.0,0.0
1995-04-14,154.974055,154.974055,154.974055,154.974055,0.0,0.0
1995-04-17,154.974055,154.974055,154.974055,154.974055,0.0,0.0
1995-04-18,154.974055,154.218084,154.218084,154.974055,0.0,1.0
1995-04-19,154.218084,153.462113,154.218084,153.462113,0.0,1.0
1995-04-20,154.974055,154.218084,154.218084,154.974055,0.0,1.0
1995-04-21,154.218084,153.462113,154.218084,153.462113,0.0,1.0
1995-04-24,154.218084,153.462113,154.218084,153.462113,0.0,1.0
1995-04-25,154.974055,154.218084,154.218084,154.974055,0.0,1.0
1995-04-26,154.974055,154.218084,154.218084,154.974055,0.0,1.0
1995-04-27,154.218084,153.462113,154.218084,153.462113,0.0,1.0
1995-04-28,154.218084,153.462113,154.218084,153.462113,0.0,1.0
1995-05-01,154.218084,153.462113,154.218084,153.462113,0.0,1.0
1995-05-02,154.218084,153.462113,154.218084,153.462113,0.0,1.0
1995-05-03,154.218084,153.462113,154.218084,153.462113,0.0,1.0
1995-05-04,154.974055,154.218084,154.218084,154.974055,0.0,1.0
1995-05-05,154.974055,154.218084,154.218084,154.974055,0.0,1.0
1995-05-08,154.218084,154.218084,154.218084,154.218084,0.0,0.0
1995-05-09,154.218084,153.462113,154.218084,153.462113,0.0,1.0
1995-05-10,154.974055,154.218084,154.218084,154.974055,0.0,1.0
1995-05-11,154.974055,154.218084,154.218084,154.974055,0.0,1.0
1995-05-12,154.218084,153.462113,154.218084,153.462113,0.0,1.0
1995-05-15,154.218084,153.462113,154.218084,153.462113,0.0,1.0
1995-05-16,157.997939,153.462113,157.997939,153.462113,0.0,1.0
1995-05-17,163.289736,157.997939,163.289736,158.75391,0.0,1.0
1995-05-18,164.045707,163.289736,164.045707,163.289736,0.0,1.0
1995-05-19,164.045707,163.289736,164.045707,163.289736,0.0,1.0
1995-05-22,164.045707,163.289736,164.045707,163.289736,0.0,1.0
1995-05-23,164.801678,164.045707,164.045707,164.801678,0.0,1.0
1995-05-24,164.045707,163.289736,164.045707,163.289736,0.0,1.0
1995-05-25,164.045707,163.289736,164.045707,163.289736,0.0,1.0
1995-05-26,164.045707,163.289736,164.045707,163.289736,0.0,1.0
1995-05-29,164.045707,164.045707,164.045707,164.045707,0.0,0.0
1995-05-30,164.801678,164.045707,164.045707,164.801678,0.0,1.0
1995-05-31,164.045707,163.289736,164.045707,163.289736,0.0,1.0
1995-06-01,164.801678,164.045707,164.045707,164.801678,0.0,1.0
1995-06-02,164.045707,163.289736,164.045707,163.289736,0.0,1.0
1995-06-05,164.801678,164.045707,164.045707,164.801678,0.0,1.0
1995-06-06,164.801678,164.045707,164.045707,164.801678,0.0,1.0
1995-06-07,164.801678,164.045707,164.045707,164.801678,0.0,1.0
1995-06-08,164.801678,164.045707,164.045707,164.801678,0.0,1.0
1995-06-09,164.045707,163.289736,164.045707,163.289736,0.0,1.0
1995-06-12,164.045707,163.289736,164.045707,163.289736,0.0,1.0
1995-06-13,164.801678,164.045707,164.045707,164.801678,0.0,1.0
1995-06-14,164.045707,163.289736,164.045707,163.289736,0.0,1.0
1995-06-15,164.801678,164.045707,164.045707,164.801678,0.0,1.0
1995-06-16,164.045707,163.289736,164.045707,163.289736,0.0,1.0
1995-06-19,164.045707,163.289736,164.045707,163.289736,0.0,1.0
1995-06-20,164.045707,161.021823,161.021823,163.289736,0.0,1.0
1995-06-21,161.021823,161.021823,161.021823,161.021823,0.0,0.0
1995-06-22,161.021823,161.021823,161.021823,161.021823,0.0,0.0
1995-06-23,161.021823,161.021823,161.021823,161.021823,0.0,0.0
1995-06-26,161.021823,161.021823,161.021823,161.021823,0.0,0.0
1995-06-27,161.021823,161.021823,161.021823,161.021823,0.0,0.0
1995-06-28,161.021823,161.021823,161.021823,161.021823,0.0,0.0
1995-06-29,161.021823,161.021823,161.021823,161.021823,0.0,0.0
1995-06-30,161.021823,161.021823,161.021823,161.021823,0.0,0.0
1995-07-03,161.021823,161.021823,161.021823,161.021823,0.0,0.0
1995-07-04,161.021823,161.021823,161.021823,161.021823,0.0,0.0
1995-07-05,161.021823,161.021823,161.021823,161.021823,0.0,0.0
1995-07-06,161.021823,161.021823,161.021823,161.021823,0.0,0.0
1995-07-07,161.021823,161.021823,161.021823,161.021823,0.0,0.0
1995-07-10,161.021823,161.021823,161.021823,161.021823,0.0,0.0
1995-07-11,161.021823,154.218084,154.218084,161.021823,0.0,1.0
1995-07-12,154.218084,147.414345,147.414345,153.462113,0.0,1.0
1995-07-13,148.170316,147.414345,147.414345,148.170316,0.0,1.0
1995-07-14,147.414345,147.414345,147.414345,147.414345,0.0,0.0
1995-07-17,145.902403,137.586722,138.342693,145.902403,0.0,1.0
1995-07-18,138.342693,138.342693,138.342693,138.342693,0.0,0.0
1995-07-19,138.342693,138.342693,138.342693,138.342693,0.0,0.0
1995-07-20,138.342693,138.342693,138.342693,138.342693,0.0,0.0
1995-07-21,138.342693,138.342693,138.342693,138.342693,0.0,0.0
1995-07-24,138.342693,138.342693,138.342693,138.342693,0.0,0.0
1995-07-25,138.342693,138.342693,138.342693,138.342693,0.0,0.0
1995-07-26,138.342693,138.342693,138.342693,138.342693,0.0,0.0
1995-07-27,138.342693,138.342693,138.342693,138.342693,0.0,0.0
1995-07-28,141.366577,138.342693,141.366577,138.342693,0.0,1.0
1995-07-31,144.390461,140.610606,144.390461,140.610606,0.0,1.0
1995-08-01,145.146432,144.390461,145.146432,144.390461,0.0,1.0
1995-08-02,148.170316,144.390461,147.414345,144.390461,0.0,1.0
1995-08-03,149.682258,147.414345,149.682258,147.414345,0.0,1.0
1995-08-04,149.682258,149.682258,149.682258,149.682258,0.0,0.0
1995-08-07,149.682258,149.682258,149.682258,149.682258,0.0,0.0
1995-08-08,149.682258,149.682258,149.682258,149.682258,0.0,0.0
1995-08-09,151.1942,149.682258,151.1942,149.682258,0.0,1.0
1995-08-10,151.1942,151.1942,151.1942,151.1942,0.0,0.0
1995-08-11,151.950171,151.1942,151.950171,151.950171,0.0,1.0
1995-08-14,151.950171,151.950171,151.950171,151.950171,0.0,0.0
1995-08-15,151.950171,151.950171,151.950171,151.950171,0.0,0.0
1995-08-16,151.950171,151.950171,151.950171,151.950171,0.0,0.0
1995-08-17,151.950171,151.950171,151.950171,151.950171,0.0,0.0
1995-08-18,151.950171,151.950171,151.950171,151.950171,0.0,0.0
1995-08-21,151.950171,151.950171,151.950171,151.950171,0.0,0.0
1995-08-22,151.950171,151.950171,151.950171,151.950171,0.0,0.0
1995-08-23,151.950171,151.950171,151.950171,151.950171,0.0,0.0
1995-08-24,151.950171,151.950171,151.950171,151.950171,0.0,0.0
1995-08-25,151.950171,151.950171,151.950171,151.950171,0.0,0.0
1995-08-28,151.950171,151.950171,151.950171,151.950171,0.0,0.0
1995-08-29,151.950171,150.438229,150.438229,151.950171,0.0,1.0
1995-08-30,151.1942,150.438229,150.438229,151.1942,0.0,1.0
1995-08-31,151.1942,150.438229,150.438229,151.1942,0.0,1.0
1995-09-01,151.1942,150.438229,151.1942,151.1942,0.0,1.0
1995-09-04,151.1942,151.1942,151.1942,151.1942,0.0,0.0
1995-09-05,151.1942,151.1942,151.1942,151.1942,0.0,0.0
1995-09-06,151.1942,151.1942,151.1942,151.1942,0.0,0.0
1995-09-07,151.1942,151.1942,151.1942,151.1942,0.0,0.0
1995-09-08,150.438229,149.682258,149.682258,149.682258,0.0,1.0
1995-09-11,149.682258,149.682258,149.682258,149.682258,0.0,0.0
1995-09-12,149.682258,149.682258,149.682258,149.682258,0.0,0.0
1995-09-13,149.682258,149.682258,149.682258,149.682258,0.0,0.0
1995-09-14,149.682258,149.682258,149.682258,149.682258,0.0,0.0
1995-09-15,149.682258,149.682258,149.682258,149.682258,0.0,100495.918494
1995-09-18,149.682258,149.682258,149.682258,149.682258,0.0,0.0
1995-09-19,149.682258,149.682258,149.682258,149.682258,0.0,0.0
1995-09-20,149.682258,149.682258,149.682258,149.682258,0.0,0.0
1995-09-21,149.682258,149.682258,149.682258,149.682258,0.0,0.0
1995-09-22,149.682258,149.682258,149.682258,149.682258,0.0,0.0
1995-09-25,149.682258,148.170316,148.170316,149.682258,0.0,1.0
1995-09-26,148.170316,147.414345,148.170316,147.414345,0.0,1.0
1995-09-27,148.170316,147.414345,148.170316,147.414345,0.0,1.0
1995-09-28,148.170316,138.342693,138.342693,147.414345,0.0,1.0
1995-09-29,138.342693,138.342693,138.342693,138.342693,0.0,0.0
1995-10-02,138.342693,138.342693,138.342693,138.342693,0.0,0.0
1995-10-03,138.342693,138.342693,138.342693,138.342693,0.0,0.0
1995-10-04,138.342693,138.342693,138.342693,138.342693,0.0,0.0
1995-10-05,138.342693,138.342693,138.342693,138.342693,0.0,0.0
1995-10-06,138.342693,138.342693,138.342693,138.342693,0.0,0.0
1995-10-09,138.342693,138.342693,138.342693,138.342693,0.0,0.0
1995-10-10,138.342693,138.342693,138.342693,138.342693,0.0,0.0
1995-10-11,138.342693,138.342693,138.342693,138.342693,0.0,80955.486388
1995-10-12,138.342693,138.342693,138.342693,138.342693,0.0,0.0
1995-10-13,138.342693,138.342693,138.342693,138.342693,0.0,0.0
1995-10-16,138.342693,138.342693,138.342693,138.342693,0.0,0.0
1995-10-17,138.342693,138.342693,138.342693,138.342693,0.0,0.0
1995-10-18,138.342693,138.342693,138.342693,138.342693,0.0,0.0
1995-10-19,138.342693,138.342693,138.342693,138.342693,0.0,0.0
1995-10-20,138.342693,138.342693,138.342693,138.342693,0.0,0.0
1995-10-23,138.342693,138.342693,138.342693,138.342693,0.0,0.0
1995-10-24,138.342693,138.342693,138.342693,138.342693,0.0,0.0
1995-10-25,138.342693,138.342693,138.342693,138.342693,0.0,0.0
1995-10-26,138.342693,138.342693,138.342693,138.342693,0.0,0.0
1995-10-27,138.342693,138.342693,138.342693,138.342693,0.0,0.0
1995-10-30,138.342693,138.342693,138.342693,138.342693,0.0,0.0
1995-10-31,138.342693,138.342693,138.342693,138.342693,0.0,0.0
1995-11-01,138.342693,138.342693,138.342693,138.342693,0.0,0.0
1995-11-02,138.342693,138.342693,138.342693,138.342693,0.0,0.0
1995-11-03,138.342693,138.342693,138.342693,138.342693,0.0,0.0
1995-11-06,138.342693,138.342693,138.342693,138.342693,0.0,0.0
1995-11-07,136.830751,136.830751,136.830751,136.830751,0.0,1.0
1995-11-08,136.830751,136.830751,136.830751,136.830751,0.0,0.0
1995-11-09,136.830751,134.562838,134.562838,136.830751,0.0,1.0
1995-11-10,134.562838,134.562838,134.562838,134.562838,0.0,0.0
1995-11-13,134.562838,134.562838,134.562838,134.562838,0.0,0.0
1995-11-14,134.562838,134.562838,134.562838,134.562838,0.0,0.0
1995-11-15,134.562838,134.562838,134.562838,134.562838,0.0,0.0
1995-11-16,138.342693,136.07478,137.586722,138.342693,0.0,1.0
1995-11-17,137.586722,136.830751,137.586722,136.830751,0.0,1.0
1995-11-20,137.586722,136.830751,137.586722,136.830751,0.0,1.0
1995-11-21,137.586722,136.830751,137.586722,136.830751,0.0,1.0
1995-11-22,137.586722,136.830751,137.586722,136.830751,0.0,1.0
1995-11-23,137.586722,136.830751,137.586722,136.830751,0.0,1.0
1995-11-24,137.586722,136.830751,137.586722,136.830751,0.0,1.0
1995-11-27,137.586722,136.830751,137.586722,136.830751,0.0,1.0
1995-11-28,137.586722,136.830751,137.586722,136.830751,0.0,1.0
1995-11-29,137.586722,136.830751,137.586722,136.830751,0.0,1.0
1995-11-30,137.586722,136.830751,137.586722,136.830751,0.0,1.0
1995-12-01,137.586722,136.830751,137.586722,136.830751,0.0,1.0
1995-12-04,137.586722,136.830751,137.586722,136.830751,0.0,1.0
1995-12-05,138.342693,137.586722,137.586722,138.342693,0.0,1.0
1995-12-06,137.586722,136.830751,137.586722,136.830751,0.0,1.0
1995-12-07,137.586722,136.830751,137.586722,136.830751,0.0,1.0
1995-12-08,137.586722,136.830751,137.586722,136.830751,0.0,1.0
1995-12-11,137.586722,136.830751,137.586722,136.830751,0.0,1.0
1995-12-12,137.586722,136.830751,137.586722,136.830751,0.0,1.0
1995-12-13,137.586722,136.830751,137.586722,136.830751,0.0,1.0
1995-12-14,137.586722,136.830751,137.586722,136.830751,0.0,1.0
1995-12-15,137.586722,136.830751,137.586722,136.830751,0.0,1.0
1995-12-18,137.586722,136.830751,137.586722,136.830751,0.0,1.0
1995-12-19,137.586722,136.830751,137.586722,136.830751,0.0,1.0
1995-12-20,137.586722,136.830751,137.586722,136.830751,0.0,1.0
1995-12-21,137.586722,136.830751,137.586722,136.830751,0.0,1.0
1995-12-22,138.342693,137.586722,137.586722,138.342693,0.0,1.0
1995-12-25,137.586722,137.586722,137.586722,137.586722,0.0,0.0
1995-12-26,137.586722,137.586722,137.586722,137.586722,0.0,0.0
1995-12-27,138.342693,137.586722,137.586722,138.342693,0.0,1.0
1995-12-28,137.586722,136.830751,137.586722,136.830751,0.0,1.0
1995-12-29,137.586722,136.830751,137.586722,136.830751,0.0,1.0
1996-01-01,137.586722,137.586722,137.586722,137.586722,0.0,0.0
1996-01-02,137.586722,136.830751,136.830751,136.830751,0.0,1.0
1996-01-03,136.830751,136.830751,136.830751,136.830751,0.0,0.0
1996-01-04,136.830751,86.936665,86.936665,136.830751,0.0,1.0
1996-01-05,86.936665,79.376955,86.936665,79.376955,0.0,1.0
1996-01-08,86.936665,86.936665,86.936665,86.936665,0.0,2156167.366208
1996-01-09,86.936665,86.936665,86.936665,86.936665,0.0,332287.878768
1996-01-10,86.936665,86.936665,86.936665,86.936665,0.0,0.0
1996-01-11,86.936665,86.936665,86.936665,86.936665,0.0,0.0
1996-01-12,86.936665,86.936665,86.936665,86.936665,0.0,0.0
1996-01-15,86.936665,86.936665,86.936665,86.936665,0.0,0.0
1996-01-16,89.204578,86.936665,89.204578,86.936665,0.0,1.0
1996-01-17,90.71652,86.936665,90.71652,86.936665,0.0,1.0
1996-01-18,90.71652,90.71652,90.71652,90.71652,0.0,0.0
1996-01-19,91.472491,90.71652,91.472491,90.71652,0.0,1.0
1996-01-22,92.228462,91.472491,91.472491,92.228462,0.0,1.0
1996-01-23,91.472491,90.71652,91.472491,90.71652,0.0,1.0
1996-01-24,91.472491,90.71652,91.472491,90.71652,0.0,1.0
1996-01-25,91.472491,90.71652,91.472491,90.71652,0.0,1.0
1996-01-26,92.228462,90.71652,92.228462,90.71652,0.0,1.0
1996-01-29,93.740404,92.228462,93.740404,92.228462,0.0,1.0
1996-01-30,94.496375,93.740404,93.740404,94.496375,0.0,1.0
1996-01-31,94.496375,93.740404,94.496375,94.496375,0.0,1.0
1996-02-01,96.764288,94.496375,94.496375,96.764288,0.0,1.0
1996-02-02,96.764288,94.496375,94.496375,96.764288,0.0,1.0
1996-02-05,96.764288,93.740404,93.740404,96.764288,0.0,1.0
1996-02-06,94.496375,93.740404,93.740404,94.496375,0.0,1.0
1996-02-07,94.496375,93.740404,93.740404,94.496375,0.0,1.0
1996-02-08,93.740404,92.228462,93.740404,92.228462,0.0,1.0
1996-02-09,94.496375,93.740404,93.740404,94.496375,0.0,1.0
1996-02-12,94.496375,93.740404,93.740404,94.496375,0.0,1.0
1996-02-13,94.496375,93.740404,93.740404,94.496375,0.0,1.0
1996-02-14,94.496375,93.740404,93.740404,94.496375,0.0,1.0
1996-02-15,94.496375,93.740404,93.740404,94.496375,0.0,1.0
1996-02-16,94.496375,93.740404,93.740404,94.496375,0.0,1.0
1996-02-19,94.496375,92.228462,93.740404,94.496375,0.0,1.0
1996-02-20,93.740404,92.228462,93.740404,92.228462,0.0,1.0
1996-02-21,94.496375,93.740404,93.740404,94.496375,0.0,1.0
1996-02-22,94.496375,93.740404,93.740404,94.496375,0.0,1.0
1996-02-23,94.496375,92.228462,94.496375,92.228462,0.0,1.0
1996-02-26,94.496375,93.740404,93.740404,94.496375,0.0,1.0
1996-02-27,94.496375,93.740404,93.740404,94.496375,0.0,1.0
1996-02-28,94.496375,93.740404,93.740404,94.496375,0.0,1.0
1996-02-29,94.496375,93.740404,93.740404,94.496375,0.0,1.0
1996-03-01,94.496375,93.740404,93.740404,94.496375,0.0,1.0
1996-03-04,94.496375,93.740404,94.496375,94.496375,0.0,169318.66434
1996-03-05,94.496375,94.496375,94.496375,94.496375,0.0,0.0
1996-03-06,94.496375,94.496375,94.496375,94.496375,0.0,0.0
1996-03-07,94.496375,94.496375,94.496375,94.496375,0.0,0.0
1996-03-08,94.496375,94.496375,94.496375,94.496375,0.0,0.0
1996-03-11,94.496375,94.496375,94.496375,94.496375,0.0,0.0
1996-03-12,94.496375,94.496375,94.496375,94.496375,0.0,0.0
1996-03-13,94.496375,94.496375,94.496375,94.496375,0.0,0.0
1996-03-14,94.496375,94.496375,94.496375,94.496375,0.0,0.0
1996-03-15,94.496375,94.496375,94.496375,94.496375,0.0,0.0
1996-03-18,94.496375,94.496375,94.496375,94.496375,0.0,0.0
1996-03-19,94.496375,94.496375,94.496375,94.496375,0.0,0.0
1996-03-20,94.496375,94.496375,94.496375,94.496375,0.0,0.0
1996-03-21,94.496375,94.496375,94.496375,94.496375,0.0,0.0
1996-03-22,94.496375,94.496375,94.496375,94.496375,0.0,0.0
1996-03-25,94.496375,94.496375,94.496375,94.496375,0.0,0.0
1996-03-26,94.496375,94.496375,94.496375,94.496375,0.0,0.0
1996-03-27,94.496375,94.496375,94.496375,94.496375,0.0,0.0
1996-03-28,94.496375,56.697825,58.209767,94.496375,0.0,33070.051629
1996-03-29,58.209767,57.453796,57.453796,58.209767,0.0,1.0
1996-04-01,55.185883,55.185883,57.453796,55.185883,0.0,6614.010326
1996-04-02,58.209767,57.453796,57.453796,58.209767,0.0,6614.010326
1996-04-03,58.209767,56.697825,56.697825,58.209767,0.0,1.0
1996-04-04,56.697825,56.697825,56.697825,56.697825,0.0,0.0
1996-04-05,56.697825,56.697825,56.697825,56.697825,0.0,0.0
1996-04-08,56.697825,56.697825,56.697825,56.697825,0.0,0.0
1996-04-09,56.697825,56.697825,56.697825,56.697825,0.0,0.0
1996-04-10,56.697825,56.697825,56.697825,56.697825,0.0,0.0
1996-04-11,56.697825,56.697825,56.697825,56.697825,0.0,0.0
1996-04-12,56.697825,56.697825,56.697825,56.697825,0.0,0.0
1996-04-15,56.697825,56.697825,56.697825,56.697825,0.0,0.0
1996-04-16,56.697825,56.697825,56.697825,56.697825,0.0,0.0
1996-04-17,56.697825,56.697825,56.697825,56.697825,0.0,0.0
1996-04-18,56.697825,56.697825,56.697825,56.697825,0.0,0.0
1996-04-19,56.697825,56.697825,56.697825,56.697825,0.0,0.0
1996-04-22,56.697825,56.697825,56.697825,56.697825,0.0,0.0
1996-04-23,56.697825,56.697825,56.697825,56.697825,0.0,0.0
1996-04-24,56.697825,56.697825,56.697825,56.697825,0.0,0.0
1996-04-25,56.697825,56.697825,56.697825,56.697825,0.0,0.0
1996-04-26,56.697825,56.697825,56.697825,56.697825,0.0,0.0
1996-04-29,56.697825,56.697825,56.697825,56.697825,0.0,0.0
1996-04-30,59.721709,56.697825,59.721709,56.697825,0.0,1.0
1996-05-01,60.47768,58.209767,58.209767,60.47768,0.0,1.0
1996-05-02,58.209767,58.209767,58.209767,58.209767,0.0,0.0
1996-05-03,58.209767,58.209767,58.209767,58.209767,0.0,0.0
1996-05-06,58.209767,58.209767,58.209767,58.209767,0.0,0.0
1996-05-07,58.209767,58.209767,58.209767,58.209767,0.0,0.0
1996-05-08,58.209767,58.209767,58.209767,58.209767,0.0,0.0
1996-05-09,58.209767,58.209767,58.209767,58.209767,0.0,0.0
1996-05-10,58.209767,58.209767,58.209767,58.209767,0.0,0.0
1996-05-13,58.209767,58.209767,58.209767,58.209767,0.0,0.0
1996-05-14,58.209767,58.209767,58.209767,58.209767,0.0,0.0
1996-05-15,58.209767,58.209767,58.209767,58.209767,0.0,0.0
1996-05-16,58.209767,58.209767,58.209767,58.209767,0.0,0.0
1996-05-17,55.185883,55.185883,55.185883,55.185883,0.0,1.0
1996-05-20,55.185883,55.185883,55.185883,55.185883,0.0,0.0
1996-05-21,55.185883,55.185883,55.185883,55.185883,0.0,0.0
1996-05-22,55.185883,55.185883,55.185883,55.185883,0.0,0.0
1996-05-23,55.185883,55.185883,55.185883,55.185883,0.0,0.0
1996-05-24,55.185883,55.185883,55.185883,55.185883,0.0,0.0
1996-05-27,55.185883,55.185883,55.185883,55.185883,0.0,0.0
1996-05-28,55.185883,55.185883,55.185883,55.185883,0.0,0.0
1996-05-29,55.185883,55.185883,55.185883,55.185883,0.0,0.0
1996-05-30,55.185883,55.185883,55.185883,55.185883,0.0,0.0
1996-05-31,55.185883,55.185883,55.185883,55.185883,0.0,0.0
1996-06-03,55.185883,55.185883,55.185883,55.185883,0.0,0.0
1996-06-04,52.91797,52.91797,52.91797,52.91797,0.0,1.0
1996-06-05,52.91797,52.91797,52.91797,52.91797,0.0,0.0
1996-06-06,52.91797,52.91797,52.91797,52.91797,0.0,0.0
1996-06-07,49.894086,49.894086,49.894086,49.894086,0.0,1.0
1996-06-10,49.138115,49.138115,49.138115,49.138115,0.0,1.0
1996-06-11,49.138115,49.138115,49.138115,49.138115,0.0,0.0
1996-06-12,49.138115,49.138115,49.138115,49.138115,0.0,0.0
1996-06-13,49.138115,49.138115,49.138115,49.138115,0.0,0.0
1996-06-14,49.138115,49.138115,49.138115,49.138115,0.0,0.0
1996-06-17,49.138115,49.138115,49.138115,49.138115,0.0,0.0
1996-06-18,49.138115,49.138115,49.138115,49.138115,0.0,0.0
1996-06-19,49.138115,49.138115,49.138115,49.138115,0.0,0.0
1996-06-20,49.138115,49.138115,49.138115,49.138115,0.0,0.0
1996-06-21,49.138115,49.138115,49.138115,49.138115,0.0,0.0
1996-06-24,49.138115,49.138115,49.138115,49.138115,0.0,0.0
1996-06-25,49.138115,49.138115,49.138115,49.138115,0.0,0.0
1996-06-26,49.138115,49.138115,49.138115,49.138115,0.0,0.0
1996-06-27,49.138115,49.138115,49.138115,49.138115,0.0,0.0
1996-06-28,49.138115,49.138115,49.138115,49.138115,0.0,0.0
1996-07-01,49.138115,49.138115,49.138115,49.138115,0.0,0.0
1996-07-02,49.138115,49.138115,49.138115,49.138115,0.0,0.0
1996-07-03,49.138115,49.138115,49.138115,49.138115,0.0,0.0
1996-07-04,49.138115,49.138115,49.138115,49.138115,0.0,0.0
1996-07-05,49.138115,49.138115,49.138115,49.138115,0.0,0.0
1996-07-08,49.138115,49.138115,49.138115,49.138115,0.0,0.0
1996-07-09,49.138115,49.138115,49.138115,49.138115,0.0,0.0
1996-07-10,49.138115,49.138115,49.138115,49.138115,0.0,0.0
1996-07-11,49.138115,49.138115,49.138115,49.138115,0.0,0.0
1996-07-12,49.138115,49.138115,49.138115,49.138115,0.0,0.0
1996-07-15,49.138115,49.138115,49.138115,49.138115,0.0,0.0
1996-07-16,49.138115,49.138115,49.138115,49.138115,0.0,0.0
1996-07-17,49.138115,49.138115,49.138115,49.138115,0.0,0.0
1996-07-18,49.138115,49.138115,49.138115,49.138115,0.0,0.0
1996-07-19,49.138115,49.138115,49.138115,49.138115,0.0,0.0
1996-07-22,49.138115,49.138115,49.138115,49.138115,0.0,0.0
1996-07-23,49.138115,49.138115,49.138115,49.138115,0.0,0.0
1996-07-24,49.138115,49.138115,49.138115,49.138115,0.0,0.0
1996-07-25,49.138115,49.138115,49.138115,49.138115,0.0,0.0
1996-07-26,49.138115,49.138115,49.138115,49.138115,0.0,0.0
1996-07-29,49.138115,49.138115,49.138115,49.138115,0.0,0.0
1996-07-30,49.138115,49.138115,49.138115,49.138115,0.0,0.0
1996-07-31,49.138115,49.138115,49.138115,49.138115,0.0,0.0
1996-08-01,49.138115,49.138115,49.138115,49.138115,0.0,0.0
1996-08-02,40.822434,40.822434,40.822434,40.822434,0.0,1.0
1996-08-05,40.822434,40.822434,40.822434,40.822434,0.0,0.0
1996-08-06,40.066463,40.066463,40.066463,40.066463,0.0,1.0
1996-08-07,40.066463,40.066463,40.066463,40.066463,0.0,0.0
1996-08-08,40.822434,40.822434,40.822434,40.822434,0.0,1.0
1996-08-09,40.066463,40.066463,40.066463,40.066463,0.0,1.0
1996-08-12,40.822434,40.822434,40.822434,40.822434,0.0,1.0
1996-08-13,40.822434,40.822434,40.822434,40.822434,0.0,0.0
1996-08-14,40.822434,40.822434,40.822434,40.822434,0.0,0.0
1996-08-15,40.822434,39.688478,40.822434,40.822434,0.0,30424.447499
1996-08-16,40.444449,40.444449,40.822434,40.444449,0.0,3968.406195
1996-08-19,39.310492,39.310492,39.310492,39.310492,0.0,1.0
1996-08-20,39.310492,39.310492,39.310492,39.310492,0.0,0.0
1996-08-21,39.310492,39.310492,39.310492,39.310492,0.0,0.0
1996-08-22,39.310492,39.310492,39.310492,39.310492,0.0,0.0
1996-08-23,39.310492,39.310492,39.310492,39.310492,0.0,0.0
1996-08-26,39.310492,39.310492,39.310492,39.310492,0.0,0.0
1996-08-27,39.310492,39.310492,38.932507,39.310492,0.0,5932.767262
1996-08-28,41.578405,40.066463,38.932507,41.578405,0.0,1.0
1996-08-29,41.011427,36.286608,38.932507,40.822434,0.0,1.0
1996-08-30,40.066463,36.286608,38.932507,40.066463,0.0,1.0
1996-09-02,40.066463,37.79855,38.932507,39.310492,0.0,1.0
1996-09-03,41.578405,40.066463,38.932507,41.578405,0.0,1.0
1996-09-04,38.932507,38.932507,38.932507,38.932507,0.0,0.0
1996-09-05,38.932507,38.932507,38.932507,38.932507,0.0,0.0
1996-09-06,38.932507,38.932507,38.932507,38.932507,0.0,0.0
1996-09-09,38.932507,38.932507,38.932507,38.932507,0.0,0.0
1996-09-10,38.932507,38.932507,38.932507,38.932507,0.0,0.0
1996-09-11,38.932507,38.932507,38.932507,38.932507,0.0,0.0
1996-09-12,38.932507,38.932507,38.932507,38.932507,0.0,0.0
1996-09-13,38.932507,38.932507,38.932507,38.932507,0.0,0.0
1996-09-16,38.932507,38.932507,38.932507,38.932507,0.0,0.0
1996-09-17,38.932507,38.932507,38.932507,38.932507,0.0,0.0
1996-09-18,38.932507,38.932507,38.932507,38.932507,0.0,0.0
1996-09-19,38.932507,38.932507,38.932507,38.932507,0.0,0.0
1996-09-20,38.932507,38.932507,38.932507,38.932507,0.0,0.0
1996-09-23,38.932507,38.932507,38.932507,38.932507,0.0,0.0
1996-09-24,38.932507,38.932507,38.932507,38.932507,0.0,0.0
1996-09-25,38.932507,38.932507,38.932507,38.932507,0.0,0.0
1996-09-26,38.932507,38.932507,38.932507,38.932507,0.0,0.0
1996-09-27,38.932507,38.932507,38.932507,38.932507,0.0,0.0
1996-09-30,36.664594,36.664594,36.664594,36.664594,0.0,1.0
1996-10-01,36.664594,36.664594,36.664594,36.664594,0.0,0.0
1996-10-02,36.664594,36.664594,36.664594,36.664594,0.0,0.0
1996-10-03,36.664594,36.664594,36.664594,36.664594,0.0,0.0
1996-10-04,36.664594,36.664594,36.664594,36.664594,0.0,0.0
1996-10-07,36.664594,36.664594,36.664594,36.664594,0.0,0.0
1996-10-08,36.664594,36.664594,36.664594,36.664594,0.0,0.0
1996-10-09,36.664594,36.664594,36.664594,36.664594,0.0,0.0
1996-10-10,36.664594,36.664594,36.664594,36.664594,0.0,0.0
1996-10-11,36.664594,36.664594,36.664594,36.664594,0.0,0.0
1996-10-14,36.664594,36.664594,36.664594,36.664594,0.0,0.0
1996-10-15,32.884739,32.884739,32.884739,32.884739,0.0,1.0
1996-10-16,31.372797,31.372797,31.372797,31.372797,0.0,1.0
1996-10-17,22.301145,22.301145,22.301145,22.301145,0.0,1.0
1996-10-18,21.545174,21.545174,21.545174,21.545174,0.0,1.0
1996-10-21,22.301145,22.301145,22.301145,22.301145,0.0,1.0
1996-10-22,22.67913,22.67913,22.67913,22.67913,0.0,1.0
1996-10-23,22.67913,22.67913,22.67913,22.67913,0.0,0.0
1996-10-24,22.67913,22.67913,22.67913,22.67913,0.0,0.0
1996-10-25,22.67913,22.67913,22.67913,22.67913,0.0,0.0
1996-10-28,22.67913,22.67913,22.67913,22.67913,0.0,0.0
1996-10-29,22.67913,22.67913,22.67913,22.67913,0.0,0.0
1996-10-30,22.67913,22.67913,22.67913,22.67913,0.0,0.0
1996-10-31,22.67913,22.67913,22.67913,22.67913,0.0,0.0
1996-11-01,25.703014,25.703014,25.703014,25.703014,0.0,1.0
1996-11-04,28.726898,27.970927,28.348913,27.970927,0.0,36549.02106
1996-11-05,29.104884,29.104884,29.104884,29.104884,0.0,1.0
1996-11-06,29.860855,29.860855,29.860855,29.860855,0.0,1.0
1996-11-07,29.860855,29.860855,29.860855,29.860855,0.0,0.0
1996-11-08,30.994811,30.994811,30.616826,30.994811,0.0,66140.103258
1996-11-11,30.616826,30.616826,30.616826,30.616826,0.0,0.0
1996-11-12,29.860855,29.860855,29.860855,29.860855,0.0,1.0
1996-11-13,29.860855,29.860855,29.860855,29.860855,0.0,0.0
1996-11-14,29.860855,29.860855,29.860855,29.860855,0.0,0.0
1996-11-15,29.860855,29.860855,29.860855,29.860855,0.0,0.0
1996-11-18,29.860855,29.860855,29.860855,29.860855,0.0,0.0
1996-11-19,28.348913,28.348913,28.348913,28.348913,0.0,1.0
1996-11-20,28.348913,28.348913,28.348913,28.348913,0.0,0.0
1996-11-21,28.348913,28.348913,28.348913,28.348913,0.0,0.0
1996-11-22,28.348913,28.348913,28.348913,28.348913,0.0,0.0
1996-11-25,28.348913,28.348913,28.348913,28.348913,0.0,0.0
1996-11-26,28.348913,28.348913,28.348913,28.348913,0.0,0.0
1996-11-27,28.726898,28.726898,28.348913,28.726898,0.0,132280.206516
1996-11-28,28.348913,28.348913,28.348913,28.348913,0.0,0.0
1996-11-29,28.348913,28.348913,28.348913,28.348913,0.0,0.0
1996-12-02,28.348913,28.348913,28.348913,28.348913,0.0,0.0
1996-12-03,28.348913,28.348913,28.348913,28.348913,0.0,0.0
1996-12-04,27.592942,27.592942,27.592942,27.592942,0.0,1.0
1996-12-05,26.836971,26.836971,26.836971,26.836971,0.0,1.0
1996-12-06,25.325029,25.325029,26.081,25.325029,0.0,19842.030977
1996-12-09,26.081,26.081,26.081,26.081,0.0,0.0
1996-12-10,26.081,26.081,26.081,26.081,0.0,0.0
1996-12-11,26.081,26.081,26.081,26.081,0.0,0.0
1996-12-12,26.081,26.081,26.081,26.081,0.0,0.0
1996-12-13,26.081,26.081,26.081,26.081,0.0,0.0
1996-12-16,26.081,26.081,26.081,26.081,0.0,0.0
1996-12-17,26.081,26.081,26.081,26.081,0.0,0.0
1996-12-18,26.081,26.081,26.081,26.081,0.0,0.0
1996-12-19,26.081,26.081,26.081,26.081,0.0,0.0
1996-12-20,26.081,26.081,26.081,26.081,0.0,0.0
1996-12-23,25.325029,25.325029,25.325029,25.325029,0.0,1.0
1996-12-24,24.569058,24.569058,24.569058,24.569058,0.0,1.0
1996-12-25,24.569058,24.569058,24.569058,24.569058,0.0,0.0
1996-12-26,24.569058,24.569058,24.569058,24.569058,0.0,0.0
1996-12-27,24.569058,24.569058,24.569058,24.569058,0.0,0.0
1996-12-30,24.569058,24.569058,24.569058,24.569058,0.0,0.0
1996-12-31,24.569058,24.569058,24.569058,24.569058,0.0,0.0
1997-01-01,24.569058,24.569058,24.569058,24.569058,0.0,0.0
1997-01-02,24.569058,24.569058,24.569058,24.569058,0.0,0.0
1997-01-03,24.569058,24.569058,24.569058,24.569058,0.0,0.0
1997-01-06,24.569058,24.569058,24.569058,24.569058,0.0,0.0
1997-01-07,24.569058,24.569058,24.569058,24.569058,0.0,0.0
1997-01-08,24.569058,24.569058,24.569058,24.569058,0.0,0.0
1997-01-09,24.569058,24.569058,24.569058,24.569058,0.0,0.0
1997-01-10,24.569058,24.569058,24.569058,24.569058,0.0,0.0
1997-01-13,24.569058,24.569058,24.569058,24.569058,0.0,0.0
1997-01-14,24.569058,24.569058,24.569058,24.569058,0.0,0.0
1997-01-15,24.569058,24.569058,24.569058,24.569058,0.0,0.0
1997-01-16,24.569058,24.569058,24.569058,24.569058,0.0,0.0
1997-01-17,24.569058,24.569058,24.569058,24.569058,0.0,0.0
1997-01-20,24.569058,24.569058,24.569058,24.569058,0.0,0.0
1997-01-21,40.444449,40.444449,40.444449,40.444449,0.0,1.0
1997-01-22,47.5,47.5,45.5,47.5,0.0,15000.0
1997-01-23,50.0,50.0,50.0,50.0,0.0,1.0
1997-01-24,50.0,50.0,50.0,50.0,0.0,0.0
1997-01-27,50.5,50.5,50.5,50.5,0.0,1.0
1997-01-28,46.5,46.5,46.5,46.5,0.0,1.0
1997-01-29,45.0,45.0,45.0,45.0,0.0,1.0
1997-01-30,45.0,45.0,45.0,45.0,0.0,0.0
1997-01-31,42.5,42.5,42.5,42.5,0.0,1.0
1997-02-03,44.5,44.5,44.5,44.5,0.0,1.0
1997-02-04,47.5,47.5,47.5,47.5,0.0,1.0
1997-02-05,47.5,47.5,47.5,47.5,0.0,0.0
1997-02-06,41.5,41.5,41.5,41.5,0.0,1.0
1997-02-07,41.5,41.5,41.5,41.5,0.0,0.0
1997-02-10,42.5,42.5,42.5,42.5,0.0,1.0
1997-02-11,42.5,42.5,42.5,42.5,0.0,0.0
1997-02-12,42.5,42.5,42.5,42.5,0.0,0.0
1997-02-13,42.5,42.5,42.5,42.5,0.0,0.0
1997-02-14,42.5,42.5,42.5,42.5,0.0,0.0
1997-02-17,42.5,42.5,42.5,42.5,0.0,0.0
1997-02-18,42.5,42.5,42.5,42.5,0.0,0.0
1997-02-19,42.5,42.5,42.5,42.5,0.0,0.0
1997-02-20,40.5,40.5,40.5,40.5,0.0,1.0
1997-02-21,40.5,40.5,40.5,40.5,0.0,0.0
1997-02-24,40.5,40.5,40.5,40.5,0.0,0.0
1997-02-25,39.5,39.5,39.5,39.5,0.0,1.0
1997-02-26,38.5,38.5,38.5,38.5,0.0,1.0
1997-02-27,38.5,38.5,38.5,38.5,0.0,0.0
1997-02-28,38.5,38.5,38.5,38.5,0.0,0.0
1997-03-03,39.5,39.5,39.5,39.5,0.0,1.0
1997-03-04,41.5,41.5,41.5,41.5,0.0,1.0
1997-03-05,42.5,42.5,42.5,42.5,0.0,1.0
1997-03-06,45.0,45.0,45.0,45.0,0.0,1.0
1997-03-07,45.0,45.0,45.0,45.0,0.0,0.0
1997-03-10,50.0,50.0,50.0,50.0,0.0,1.0
1997-03-11,50.0,50.0,50.0,50.0,0.0,0.0
1997-03-12,49.5,49.5,49.5,49.5,0.0,1.0
1997-03-13,47.5,47.5,47.5,47.5,0.0,1.0
1997-03-14,45.5,45.5,45.5,45.5,0.0,1.0
1997-03-17,44.5,44.5,44.5,44.5,0.0,1.0
1997-03-18,41.0,41.0,42.5,41.0,0.0,35000.0
1997-03-19,42.5,42.5,42.5,42.5,0.0,0.0
1997-03-20,42.5,42.5,42.5,42.5,0.0,0.0
1997-03-21,42.5,42.5,42.5,42.5,0.0,0.0
1997-03-24,42.5,42.5,42.5,42.5,0.0,0.0
1997-03-25,42.5,42.5,42.5,42.5,0.0,0.0
1997-03-26,43.0,43.0,43.0,43.0,0.0,1.0
1997-03-27,46.0,46.0,46.0,46.0,0.0,1.0
1997-03-28,46.0,46.0,46.0,46.0,0.0,0.0
1997-03-31,46.0,46.0,46.0,46.0,0.0,0.0
1997-04-01,44.5,44.5,44.5,44.5,0.0,1.0
1997-04-02,43.0,43.0,44.5,43.0,0.0,22500.0
1997-04-03,43.125,43.125,44.5,43.125,0.0,22500.0
1997-04-04,45.0,45.0,44.5,45.0,0.0,30000.0
1997-04-07,44.5,44.5,44.5,44.5,0.0,0.0
1997-04-08,44.5,44.5,44.5,44.5,0.0,0.0
1997-04-09,44.5,44.5,44.5,44.5,0.0,0.0
1997-04-10,44.5,44.5,44.5,44.5,0.0,0.0
1997-04-11,44.5,44.5,44.5,44.5,0.0,0.0
1997-04-14,44.5,44.5,44.5,44.5,0.0,0.0
1997-04-15,44.5,44.5,44.5,44.5,0.0,0.0
1997-04-16,44.5,44.5,44.5,44.5,0.0,0.0
1997-04-17,44.5,44.5,44.5,44.5,0.0,0.0
1997-04-18,44.5,44.5,44.5,44.5,0.0,0.0
1997-04-21,44.5,44.5,44.5,44.5,0.0,0.0
1997-04-22,44.5,44.5,44.5,44.5,0.0,0.0
1997-04-23,44.5,44.5,44.5,44.5,0.0,0.0
1997-04-24,44.5,44.5,44.5,44.5,0.0,0.0
1997-04-25,44.5,44.5,44.5,44.5,0.0,0.0
1997-04-28,44.5,44.5,44.5,44.5,0.0,0.0
1997-04-29,44.5,44.5,44.5,44.5,0.0,0.0
1997-04-30,44.5,44.5,44.5,44.5,0.0,0.0
1997-05-01,44.5,42.5,42.5,44.5,0.0,1.0
1997-05-02,44.5,42.5,42.5,44.5,0.0,1.0
1997-05-05,42.5,42.5,42.5,42.5,0.0,0.0
1997-05-06,42.5,39.5,39.5,42.5,0.0,1.0
1997-05-07,37.5,22.5,25.5,37.5,0.0,1.0
1997-05-08,29.5,26.5,29.5,27.5,0.0,1.0
1997-05-09,29.5,27.5,27.5,29.5,0.0,1.0
1997-05-12,30.5,27.5,27.5,30.5,0.0,1.0
1997-05-13,27.5,27.5,27.5,27.5,0.0,0.0
1997-05-14,27.5,27.5,27.5,27.5,0.0,0.0
1997-05-15,27.5,25.5,25.5,27.5,0.0,1.0
1997-05-16,27.5,25.5,25.5,27.5,0.0,1.0
1997-05-19,25.5,25.5,25.5,25.5,0.0,0.0
1997-05-20,25.5,25.5,25.5,25.5,0.0,0.0
1997-05-21,25.5,25.5,25.5,25.5,0.0,0.0
1997-05-22,25.5,22.5,22.5,25.5,0.0,1.0
1997-05-23,22.5,16.5,20.5,22.5,0.0,1.0
1997-05-26,20.5,20.5,20.5,20.5,0.0,0.0
1997-05-27,20.5,19.5,20.5,19.5,0.0,1.0
1997-05-28,20.5,20.5,20.5,20.5,0.0,100000.0
1997-05-29,20.5,20.5,20.5,20.5,0.0,224501.0
1997-05-30,20.5,20.5,20.5,20.5,0.0,0.0
1997-06-02,20.5,20.5,20.5,20.5,0.0,0.0
1997-06-03,20.5,20.5,20.5,20.5,0.0,0.0
1997-06-04,22.5,20.5,22.5,20.5,0.0,1.0
1997-06-05,22.5,22.5,22.5,22.5,0.0,0.0
1997-06-06,26.5,23.5,25.5,24.5,0.0,1.0
1997-06-09,27.5,26.5,27.5,27.5,0.0,1.0
1997-06-10,27.5,25.5,25.5,27.5,0.0,1.0
1997-06-11,27.5,27.5,27.5,27.5,0.0,1.0
1997-06-12,27.5,27.5,27.5,27.5,0.0,0.0
1997-06-13,27.5,27.5,27.5,27.5,0.0,0.0
1997-06-16,29.5,28.5,29.5,29.5,0.0,1.0
1997-06-17,30.5,29.5,30.5,29.5,0.0,1.0
1997-06-18,33.5,30.5,32.5,30.5,0.0,25000.0
1997-06-19,32.5,30.5,30.5,32.5,0.0,1.0
1997-06-20,32.5,30.5,30.5,32.5,0.0,1.0
1997-06-23,32.5,30.5,30.5,32.5,0.0,1.0
1997-06-24,32.5,30.5,30.5,32.5,0.0,1.0
1997-06-25,32.5,31.5,32.5,32.5,0.0,1.0
1997-06-26,32.5,30.5,30.5,32.5,0.0,1.0
1997-06-27,32.5,30.5,30.5,32.5,0.0,1.0
1997-06-30,32.5,30.0,30.5,32.5,0.0,1.0
1997-07-01,30.5,26.0,27.5,30.5,0.0,1.0
1997-07-02,25.5,25.0,25.5,25.5,0.0,1.0
1997-07-03,25.5,24.5,25.5,24.5,0.0,1.0
1997-07-04,25.5,25.5,25.5,25.5,0.0,0.0
1997-07-07,25.5,25.5,25.5,25.5,0.0,0.0
1997-07-08,25.5,25.5,25.5,25.5,0.0,0.0
1997-07-09,25.5,25.5,25.5,25.5,0.0,0.0
1997-07-10,25.5,25.5,25.5,25.5,0.0,0.0
1997-07-11,25.5,25.5,25.5,25.5,0.0,0.0
1997-07-14,25.5,25.5,25.5,25.5,0.0,0.0
1997-07-15,25.5,25.5,25.5,25.5,0.0,0.0
1997-07-16,25.5,22.5,22.5,25.5,0.0,1.0
1997-07-17,24.5,23.5,24.5,24.5,0.0,1.0
1997-07-18,24.5,22.5,22.5,24.5,0.0,1.0
1997-07-21,24.5,22.5,22.5,24.5,0.0,1.0
1997-07-22,24.5,22.5,22.5,24.5,0.0,1.0
1997-07-23,24.5,22.5,22.5,24.5,0.0,1.0
1997-07-24,24.5,22.5,22.5,24.5,0.0,1.0
1997-07-25,24.5,22.5,22.5,24.5,0.0,1.0
1997-07-28,24.5,22.5,22.5,24.5,0.0,1.0
1997-07-29,24.5,22.5,22.5,24.5,0.0,1.0
1997-07-30,24.5,22.5,22.5,24.5,0.0,1.0
1997-07-31,24.5,22.5,22.5,24.5,0.0,1.0
1997-08-01,24.5,23.5,24.5,24.5,0.0,1.0
1997-08-04,24.5,22.5,22.5,24.5,0.0,1.0
1997-08-05,24.5,22.5,22.5,24.5,0.0,1.0
1997-08-06,24.5,20.0,24.5,20.5,0.0,1.0
1997-08-07,25.5,24.5,25.5,24.5,0.0,1.0
1997-08-08,25.5,25.5,25.5,25.5,0.0,0.0
1997-08-11,25.5,25.0,25.5,25.5,0.0,0.0
1997-08-12,25.0,24.5,24.5,24.5,0.0,1.0
1997-08-13,24.5,24.5,24.5,24.5,0.0,0.0
1997-08-14,24.5,24.5,24.5,24.5,0.0,0.0
1997-08-15,24.5,24.5,24.5,24.5,0.0,0.0
1997-08-18,24.5,24.5,24.5,24.5,0.0,0.0
1997-08-19,24.5,24.5,24.5,24.5,0.0,0.0
1997-08-20,24.5,24.5,24.5,24.5,0.0,0.0
1997-08-21,24.5,24.5,24.5,24.5,0.0,0.0
1997-08-22,24.5,24.5,24.5,24.5,0.0,0.0
1997-08-25,24.5,24.5,24.5,24.5,0.0,0.0
1997-08-26,24.5,24.5,24.5,24.5,0.0,0.0
1997-08-27,24.5,24.5,24.5,24.5,0.0,0.0
1997-08-28,24.5,24.5,24.5,24.5,0.0,0.0
1997-08-29,24.5,24.5,24.5,24.5,0.0,0.0
1997-09-01,24.5,24.5,24.5,24.5,0.0,0.0
1997-09-02,24.5,24.5,24.5,24.5,0.0,0.0
1997-09-03,25.0,24.5,24.5,24.5,0.0,0.0
1997-09-04,24.5,24.5,24.5,24.5,0.0,0.0
1997-09-05,24.5,24.5,24.5,24.5,0.0,0.0
1997-09-08,24.5,24.5,24.5,24.5,0.0,0.0
1997-09-09,24.5,24.5,24.5,24.5,0.0,0.0
1997-09-10,24.5,24.5,24.5,24.5,0.0,0.0
1997-09-11,24.5,22.5,22.5,24.5,0.0,1.0
1997-09-12,22.5,22.5,22.5,22.5,0.0,0.0
1997-09-15,22.5,22.5,22.5,22.5,0.0,0.0
1997-09-16,22.5,22.5,22.5,22.5,0.0,0.0
1997-09-17,22.5,22.5,22.5,22.5,0.0,0.0
1997-09-18,22.5,22.5,22.5,22.5,0.0,0.0
1997-09-19,22.5,22.5,22.5,22.5,0.0,0.0
1997-09-22,22.5,22.5,22.5,22.5,0.0,0.0
1997-09-23,22.5,22.5,22.5,22.5,0.0,0.0
1997-09-24,22.5,22.5,22.5,22.5,0.0,0.0
1997-09-25,22.5,22.5,22.5,22.5,0.0,0.0
1997-09-26,22.5,22.5,22.5,22.5,0.0,0.0
1997-09-29,22.5,22.5,22.5,22.5,0.0,0.0
1997-09-30,22.5,22.5,22.5,22.5,0.0,0.0
1997-10-01,22.5,22.5,22.5,22.5,0.0,0.0
1997-10-02,22.5,22.5,22.5,22.5,0.0,0.0
1997-10-03,22.5,22.5,22.5,22.5,0.0,0.0
1997-10-06,22.5,22.5,22.5,22.5,0.0,0.0
1997-10-07,22.5,22.5,22.5,22.5,0.0,0.0
1997-10-08,22.5,22.5,22.5,22.5,0.0,0.0
1997-10-09,22.5,22.5,22.5,22.5,0.0,0.0
1997-10-10,22.5,22.5,22.5,22.5,0.0,0.0
1997-10-13,22.5,22.5,22.5,22.5,0.0,0.0
1997-10-14,22.5,22.5,22.5,22.5,0.0,0.0
1997-10-15,22.5,22.5,22.5,22.5,0.0,0.0
1997-10-16,22.5,22.5,22.5,22.5,0.0,0.0
1997-10-17,22.5,22.5,22.5,22.5,0.0,0.0
1997-10-20,22.5,22.5,22.5,22.5,0.0,0.0
1997-10-21,22.5,22.5,22.5,22.5,0.0,0.0
1997-10-22,22.5,22.5,22.5,22.5,0.0,0.0
1997-10-23,22.5,22.5,22.5,22.5,0.0,0.0
1997-10-24,22.5,22.5,22.5,22.5,0.0,0.0
1997-10-27,22.5,22.5,22.5,22.5,0.0,0.0
1997-10-28,22.5,19.5,19.5,22.5,0.0,1.0
1997-10-29,21.5,19.5,20.5,19.5,0.0,1.0
1997-10-30,22.5,20.5,20.5,22.5,0.0,1.0
1997-10-31,22.5,20.5,20.5,22.5,0.0,1.0
1997-11-03,20.5,20.5,20.5,20.5,0.0,0.0
1997-11-04,20.5,20.5,20.5,20.5,0.0,0.0
1997-11-05,20.5,20.5,20.5,20.5,0.0,0.0
1997-11-06,20.5,20.5,20.5,20.5,0.0,0.0
1997-11-07,20.5,20.5,20.5,20.5,0.0,0.0
1997-11-10,20.5,20.5,20.5,20.5,0.0,0.0
1997-11-11,20.5,20.5,20.5,20.5,0.0,0.0
1997-11-12,20.5,20.5,20.5,20.5,0.0,0.0
1997-11-13,20.5,20.5,20.5,20.5,0.0,0.0
1997-11-14,20.5,20.5,20.5,20.5,0.0,0.0
1997-11-17,20.5,20.5,20.5,20.5,0.0,0.0
1997-11-18,20.5,20.5,20.5,20.5,0.0,0.0
1997-11-19,20.5,20.5,20.5,20.5,0.0,0.0
1997-11-20,20.5,20.5,20.5,20.5,0.0,0.0
1997-11-21,20.5,20.5,20.5,20.5,0.0,0.0
1997-11-24,20.5,20.5,20.5,20.5,0.0,0.0
1997-11-25,20.5,20.5,20.5,20.5,0.0,0.0
1997-11-26,20.5,20.5,20.5,20.5,0.0,0.0
1997-11-27,20.5,20.5,20.5,20.5,0.0,0.0
1997-11-28,20.5,20.5,20.5,20.5,0.0,0.0
1997-12-01,20.5,20.5,20.5,20.5,0.0,0.0
1997-12-02,20.5,20.5,20.5,20.5,0.0,0.0
1997-12-03,20.5,20.5,20.5,20.5,0.0,0.0
1997-12-04,20.5,20.5,20.5,20.5,0.0,0.0
1997-12-05,20.5,20.5,20.5,20.5,0.0,0.0
1997-12-08,20.5,20.5,20.5,20.5,0.0,0.0
1997-12-09,20.5,20.5,20.5,20.5,0.0,0.0
1997-12-10,20.5,20.5,20.5,20.5,0.0,0.0
1997-12-11,20.5,20.5,20.5,20.5,0.0,0.0
1997-12-12,20.5,20.5,20.5,20.5,0.0,0.0
1997-12-15,20.5,20.5,20.5,20.5,0.0,0.0
1997-12-16,20.5,20.5,20.5,20.5,0.0,0.0
1997-12-17,20.5,20.5,20.5,20.5,0.0,0.0
1997-12-18,20.5,20.5,20.5,20.5,0.0,0.0
1997-12-19,20.5,20.5,20.5,20.5,0.0,0.0
1997-12-22,20.5,20.5,20.5,20.5,0.0,0.0
1997-12-23,20.5,20.5,20.5,20.5,0.0,0.0
1997-12-24,20.5,20.5,20.5,20.5,0.0,0.0
1997-12-25,20.5,20.5,20.5,20.5,0.0,0.0
1997-12-26,20.5,20.5,20.5,20.5,0.0,0.0
1997-12-29,20.5,20.5,20.5,20.5,0.0,0.0
1997-12-30,20.5,20.5,20.5,20.5,0.0,0.0
1997-12-31,20.5,20.5,20.5,20.5,0.0,0.0
1998-01-01,20.5,20.5,20.5,20.5,0.0,0.0
1998-01-02,20.5,20.5,20.5,20.5,0.0,0.0
1998-01-05,20.5,20.5,20.5,20.5,0.0,0.0
1998-01-06,20.5,20.5,20.5,20.5,0.0,0.0
1998-01-07,25.5,22.5,22.5,22.5,0.0,1.0
1998-01-08,22.5,22.5,22.5,22.5,0.0,0.0
1998-01-09,22.5,22.5,22.5,22.5,0.0,0.0
1998-01-12,22.5,22.5,22.5,22.5,0.0,0.0
1998-01-13,22.5,22.5,22.5,22.5,0.0,0.0
1998-01-14,22.5,22.5,22.5,22.5,0.0,0.0
1998-01-15,22.5,22.5,22.5,22.5,0.0,0.0
1998-01-16,22.5,22.5,22.5,22.5,0.0,0.0
1998-01-19,22.5,22.5,22.5,22.5,0.0,0.0
1998-01-20,22.5,22.5,22.5,22.5,0.0,0.0
1998-01-21,22.5,22.5,22.5,22.5,0.0,0.0
1998-01-22,22.5,22.5,22.5,22.5,0.0,0.0
1998-01-23,22.5,22.5,22.5,22.5,0.0,0.0
1998-01-26,22.5,22.5,22.5,22.5,0.0,0.0
1998-01-27,22.5,22.5,22.5,22.5,0.0,0.0
1998-01-28,22.5,22.5,22.5,22.5,0.0,0.0
1998-01-29,22.5,22.5,22.5,22.5,0.0,0.0
1998-01-30,22.5,22.5,22.5,22.5,0.0,0.0
1998-02-02,22.5,22.5,22.5,22.5,0.0,0.0
1998-02-03,22.5,22.5,22.5,22.5,0.0,2250.0
1998-02-04,22.5,22.5,22.5,22.5,0.0,2250.0
1998-02-05,22.5,22.5,22.5,22.5,0.0,0.0
1998-02-06,22.5,22.5,22.5,22.5,0.0,0.0
1998-02-09,22.5,22.5,22.5,22.5,0.0,0.0
1998-02-10,22.5,22.5,22.5,22.5,0.0,0.0
1998-02-11,22.5,22.5,22.5,22.5,0.0,0.0
1998-02-12,22.5,22.5,22.5,22.5,0.0,0.0
1998-02-13,22.5,17.5,17.5,22.5,0.0,1.0
1998-02-16,19.5,17.5,17.5,19.5,0.0,1000.0
1998-02-17,19.5,17.5,17.5,19.5,0.0,34750.0
1998-02-18,19.5,16.0,16.5,19.5,0.0,33750.0
1998-02-19,15.5,13.5,13.5,15.5,0.0,1.0
1998-02-20,13.5,13.5,13.5,13.5,0.0,0.0
1998-02-23,13.5,13.5,13.5,13.5,0.0,0.0
1998-02-24,14.0,13.5,13.5,13.5,0.0,6750.0
1998-02-25,14.5,13.5,13.5,14.5,0.0,6750.0
1998-02-26,15.0,14.0,14.5,14.5,0.0,1.0
1998-02-27,16.5,15.0,15.5,16.5,0.0,1.0
1998-03-02,15.5,14.5,14.5,15.5,0.0,1.0
1998-03-03,15.5,14.5,14.5,15.5,0.0,1.0
1998-03-04,14.5,14.5,14.5,14.5,0.0,0.0
1998-03-05,14.5,14.5,14.5,14.5,0.0,10000.0
1998-03-06,14.5,14.5,14.5,14.5,0.0,10000.0
1998-03-09,14.5,14.5,14.5,14.5,0.0,0.0
1998-03-10,14.5,14.5,14.5,14.5,0.0,0.0
1998-03-11,14.5,14.5,14.5,14.5,0.0,0.0
1998-03-12,14.5,14.5,14.5,14.5,0.0,0.0
1998-03-13,14.5,14.5,14.5,14.5,0.0,0.0
1998-03-16,14.5,14.5,14.5,14.5,0.0,12000.0
1998-03-17,14.5,14.5,14.5,14.5,0.0,12000.0
1998-03-18,14.5,14.5,14.5,14.5,0.0,0.0
1998-03-19,14.5,14.5,14.5,14.5,0.0,0.0
1998-03-20,14.5,14.5,14.5,14.5,0.0,0.0
1998-03-23,14.5,14.5,14.5,14.5,0.0,0.0
1998-03-24,14.5,14.0,14.5,14.5,0.0,0.0
1998-03-25,14.5,13.5,14.5,14.5,0.0,0.0
1998-03-26,13.5,12.5,12.5,12.5,0.0,1.0
1998-03-27,12.5,12.5,12.5,12.5,0.0,0.0
1998-03-30,12.5,12.5,12.5,12.5,0.0,0.0
1998-03-31,12.5,12.5,12.5,12.5,0.0,0.0
1998-04-01,12.5,12.5,12.5,12.5,0.0,0.0
1998-04-02,12.5,12.5,12.5,12.5,0.0,0.0
1998-04-03,12.5,12.5,12.5,12.5,0.0,0.0
1998-04-06,12.5,12.5,12.5,12.5,0.0,0.0
1998-04-07,12.5,12.5,12.5,12.5,0.0,0.0
1998-04-08,12.5,12.5,12.5,12.5,0.0,0.0
1998-04-09,12.5,12.5,12.5,12.5,0.0,0.0
1998-04-10,12.5,12.5,12.5,12.5,0.0,0.0
1998-04-13,12.5,12.5,12.5,12.5,0.0,0.0
1998-04-14,12.5,12.5,12.5,12.5,0.0,0.0
1998-04-15,12.5,12.5,12.5,12.5,0.0,0.0
1998-04-16,12.5,12.5,12.5,12.5,0.0,0.0
1998-04-17,12.5,12.5,12.5,12.5,0.0,0.0
1998-04-20,12.5,12.5,12.5,12.5,0.0,0.0
1998-04-21,12.5,12.5,12.5,12.5,0.0,0.0
1998-04-22,12.5,12.5,12.5,12.5,0.0,0.0
1998-04-23,12.5,12.5,12.5,12.5,0.0,0.0
1998-04-24,12.5,12.5,12.5,12.5,0.0,0.0
1998-04-27,12.5,12.5,12.5,12.5,0.0,0.0
1998-04-28,12.5,12.5,12.5,12.5,0.0,0.0
1998-04-29,12.5,12.5,12.5,12.5,0.0,0.0
1998-04-30,12.5,12.5,12.5,12.5,0.0,0.0
1998-05-01,12.5,12.5,12.5,12.5,0.0,0.0
1998-05-04,12.5,12.5,12.5,12.5,0.0,0.0
1998-05-05,12.5,12.5,12.5,12.5,0.0,0.0
1998-05-06,12.5,11.0,11.5,12.5,0.0,1.0
1998-05-07,11.5,11.5,11.5,11.5,0.0,0.0
1998-05-08,11.5,11.5,11.5,11.5,0.0,0.0
1998-05-11,11.5,11.5,11.5,11.5,0.0,0.0
1998-05-12,11.5,11.5,11.5,11.5,0.0,0.0
1998-05-13,11.5,11.5,11.5,11.5,0.0,0.0
1998-05-14,11.5,11.5,11.5,11.5,0.0,0.0
1998-05-15,11.5,11.5,11.5,11.5,0.0,0.0
1998-05-18,11.5,11.5,11.5,11.5,0.0,0.0
1998-05-19,11.5,11.5,11.5,11.5,0.0,0.0
1998-05-20,11.5,11.5,11.5,11.5,0.0,0.0
1998-05-21,11.5,11.5,11.5,11.5,0.0,0.0
1998-05-22,11.5,11.5,11.5,11.5,0.0,0.0
1998-05-25,11.5,11.5,11.5,11.5,0.0,0.0
1998-05-26,11.5,11.5,11.5,11.5,0.0,0.0
1998-05-27,11.5,11.5,11.5,11.5,0.0,0.0
1998-05-28,11.5,11.0,11.5,11.5,0.0,0.0
1998-05-29,11.5,10.5,11.5,10.5,0.0,1.0
1998-06-01,10.5,9.5,9.5,9.5,0.0,1.0
1998-06-02,11.5,9.5,11.5,9.5,0.0,1.0
1998-06-03,11.5,10.5,11.5,10.5,0.0,1.0
1998-06-04,11.5,10.5,11.5,10.5,0.0,1.0
1998-06-05,11.5,10.5,11.5,10.5,0.0,1.0
1998-06-08,11.5,10.5,11.5,10.5,0.0,1.0
1998-06-09,11.5,10.5,11.5,10.5,0.0,1.0
1998-06-10,11.5,10.5,11.5,10.5,0.0,1.0
1998-06-11,11.0,10.5,10.5,10.5,0.0,1.0
1998-06-12,11.0,10.5,10.5,10.5,0.0,0.0
1998-06-15,11.5,10.5,10.5,11.5,0.0,1.0
1998-06-16,11.5,11.0,11.5,11.5,0.0,1.0
1998-06-17,11.5,10.5,10.5,11.5,0.0,1.0
1998-06-18,11.5,11.0,11.5,11.5,0.0,1.0
1998-06-19,11.5,10.5,10.5,11.5,0.0,1.0
1998-06-22,11.5,10.5,10.5,11.5,0.0,1.0
1998-06-23,11.5,11.0,11.5,11.5,0.0,1.0
1998-06-24,11.5,11.0,11.5,11.5,0.0,0.0
1998-06-25,11.5,10.5,11.5,10.5,0.0,1.0
1998-06-26,11.5,10.5,10.5,11.5,0.0,1.0
1998-06-29,10.5,10.5,10.5,10.5,0.0,0.0
1998-06-30,10.5,10.5,10.5,10.5,0.0,0.0
1998-07-01,10.5,10.5,10.5,10.5,0.0,0.0
1998-07-02,10.5,10.5,10.5,10.5,0.0,0.0
1998-07-03,10.5,10.5,10.5,10.5,0.0,0.0
1998-07-06,10.5,10.5,10.5,10.5,0.0,0.0
1998-07-07,10.5,10.5,10.5,10.5,0.0,0.0
1998-07-08,10.5,10.5,10.5,10.5,0.0,0.0
1998-07-09,10.5,10.5,10.5,10.5,0.0,0.0
1998-07-10,10.5,10.5,10.5,10.5,0.0,0.0
1998-07-13,10.5,10.5,10.5,10.5,0.0,0.0
1998-07-14,10.5,9.5,10.0,10.5,0.0,1.0
1998-07-15,10.0,9.5,10.0,9.5,0.0,1.0
1998-07-16,11.5,10.5,11.5,10.5,0.0,1.0
1998-07-17,11.5,11.5,11.5,11.5,0.0,0.0
1998-07-20,16.5,11.5,14.5,11.5,0.0,1.0
1998-07-21,21.5,14.5,19.5,14.5,0.0,1.0
1998-07-22,23.0,19.0,23.0,19.5,0.0,1.0
1998-07-23,23.5,22.5,22.5,23.5,0.0,1.0
1998-07-24,22.5,17.5,17.5,22.5,0.0,1.0
1998-07-27,17.5,15.5,15.5,17.5,0.0,1.0
1998-07-28,15.5,15.5,15.5,15.5,0.0,0.0
1998-07-29,16.0,15.0,15.5,15.5,0.0,0.0
1998-07-30,15.5,15.5,15.5,15.5,0.0,0.0
1998-07-31,15.5,15.5,15.5,15.5,0.0,0.0
1998-08-03,15.5,15.5,15.5,15.5,0.0,0.0
1998-08-04,15.5,15.5,15.5,15.5,0.0,0.0
1998-08-05,15.5,15.5,15.5,15.5,0.0,0.0
1998-08-06,15.5,15.5,15.5,15.5,0.0,0.0
1998-08-07,15.5,15.5,15.5,15.5,0.0,0.0
1998-08-10,15.5,15.5,15.5,15.5,0.0,0.0
1998-08-11,15.5,15.5,15.5,15.5,0.0,0.0
1998-08-12,15.5,15.5,15.5,15.5,0.0,0.0
1998-08-13,15.5,15.5,15.5,15.5,0.0,0.0
1998-08-14,15.5,15.5,15.5,15.5,0.0,0.0
1998-08-17,15.5,15.5,15.5,15.5,0.0,0.0
1998-08-18,15.5,15.5,15.5,15.5,0.0,0.0
1998-08-19,15.5,15.5,15.5,15.5,0.0,0.0
1998-08-20,15.5,15.5,15.5,15.5,0.0,0.0
1998-08-21,15.5,15.5,15.5,15.5,0.0,0.0
1998-08-24,15.5,14.5,14.5,15.5,0.0,1.0
1998-08-25,14.5,14.5,14.5,14.5,0.0,0.0
1998-08-26,14.5,14.5,14.5,14.5,0.0,0.0
1998-08-27,14.5,14.5,14.5,14.5,0.0,0.0
1998-08-28,14.5,14.5,14.5,14.5,0.0,0.0
1998-08-31,14.5,14.5,14.5,14.5,0.0,0.0
1998-09-01,14.5,12.5,13.0,14.5,0.0,1.0
1998-09-02,13.5,13.0,13.0,13.5,0.0,1.0
1998-09-03,13.5,12.5,13.0,13.5,0.0,1.0
1998-09-04,13.0,12.5,13.0,12.5,0.0,1.0
1998-09-07,13.5,13.0,13.0,13.5,0.0,1.0
1998-09-08,13.5,12.5,13.0,13.5,0.0,1.0
1998-09-09,13.5,12.5,13.0,13.5,0.0,1.0
1998-09-10,13.5,13.0,13.0,13.5,0.0,1.0
1998-09-11,13.5,12.5,13.0,13.5,0.0,1.0
1998-09-14,13.5,12.5,13.0,13.5,0.0,1.0
1998-09-15,13.5,12.5,12.5,13.5,0.0,1.0
1998-09-16,12.5,12.5,12.5,12.5,0.0,0.0
1998-09-17,12.5,12.5,12.5,12.5,0.0,0.0
1998-09-18,12.5,12.5,12.5,12.5,0.0,0.0
1998-09-21,12.5,12.5,12.5,12.5,0.0,0.0
1998-09-22,12.5,12.5,12.5,12.5,0.0,0.0
1998-09-23,13.5,12.5,13.0,12.5,0.0,1.0
1998-09-24,13.5,12.5,13.5,12.5,0.0,1.0
1998-09-25,13.5,13.5,13.5,13.5,0.0,0.0
1998-09-28,13.5,13.5,13.5,13.5,0.0,0.0
1998-09-29,13.5,13.5,13.5,13.5,0.0,0.0
1998-09-30,13.5,13.5,13.5,13.5,0.0,0.0
1998-10-01,13.5,13.5,13.5,13.5,0.0,0.0
1998-10-02,13.5,13.5,13.5,13.5,0.0,0.0
1998-10-05,13.5,13.5,13.5,13.5,0.0,0.0
1998-10-06,13.5,13.5,13.5,13.5,0.0,0.0
1998-10-07,13.5,13.5,13.5,13.5,0.0,0.0
1998-10-08,13.5,13.5,13.5,13.5,0.0,0.0
1998-10-09,13.5,13.5,13.5,13.5,0.0,0.0
1998-10-12,13.5,13.5,13.5,13.5,0.0,0.0
1998-10-13,13.5,13.5,13.5,13.5,0.0,0.0
1998-10-14,13.5,13.5,13.5,13.5,0.0,0.0
1998-10-15,13.5,13.5,13.5,13.5,0.0,0.0
1998-10-16,13.5,13.5,13.5,13.5,0.0,0.0
1998-10-19,13.5,13.5,13.5,13.5,0.0,0.0
1998-10-20,13.5,13.5,13.5,13.5,0.0,0.0
1998-10-21,13.5,13.5,13.5,13.5,0.0,0.0
1998-10-22,13.5,13.5,13.5,13.5,0.0,0.0
1998-10-23,13.5,13.5,13.5,13.5,0.0,0.0
1998-10-26,13.5,13.5,13.5,13.5,0.0,0.0
1998-10-27,13.5,12.5,13.0,13.5,0.0,1.0
1998-10-28,13.5,13.0,13.0,13.5,0.0,1.0
1998-10-29,13.5,12.5,13.0,13.5,0.0,1.0
1998-10-30,13.5,12.5,13.0,13.5,0.0,1.0
1998-11-02,13.5,12.5,13.0,13.5,0.0,1.0
1998-11-03,13.5,12.5,13.0,13.5,0.0,1.0
1998-11-04,13.0,12.5,13.0,12.5,0.0,1.0
1998-11-05,13.5,12.5,13.0,13.5,0.0,1.0
1998-11-06,13.5,12.5,13.0,13.5,0.0,1.0
1998-11-09,13.5,12.5,13.0,13.5,0.0,1.0
1998-11-10,13.5,13.0,13.0,13.5,0.0,1.0
1998-11-11,13.5,12.5,13.0,13.5,0.0,1.0
1998-11-12,13.5,12.5,13.0,13.5,0.0,1.0
1998-11-13,13.5,12.5,13.0,13.5,0.0,1.0
1998-11-16,13.5,12.5,13.0,13.5,0.0,1.0
1998-11-17,13.5,12.5,13.0,13.5,0.0,1.0
1998-11-18,13.5,12.5,13.0,13.5,0.0,1.0
1998-11-19,13.0,12.5,13.0,12.5,0.0,1.0
1998-11-20,13.5,13.0,13.0,13.5,0.0,1.0
1998-11-23,13.5,12.5,13.0,13.5,0.0,1.0
1998-11-24,13.5,12.5,13.0,13.5,0.0,1.0
1998-11-25,13.5,12.5,13.0,13.5,0.0,1.0
1998-11-26,13.5,12.5,13.0,13.5,0.0,1.0
1998-11-27,13.5,13.0,13.0,13.5,0.0,1.0
1998-11-30,12.5,12.5,12.5,12.5,0.0,1.0
1998-12-01,12.5,12.5,12.5,12.5,0.0,0.0
1998-12-02,12.5,12.5,12.5,12.5,0.0,0.0
1998-12-03,12.5,12.5,12.5,12.5,0.0,0.0
1998-12-04,12.5,12.5,12.5,12.5,0.0,0.0
1998-12-07,12.5,12.5,12.5,12.5,0.0,0.0
1998-12-08,12.5,12.5,12.5,12.5,0.0,0.0
1998-12-09,12.5,12.5,12.5,12.5,0.0,0.0
1998-12-10,12.5,12.5,12.5,12.5,0.0,0.0
1998-12-11,12.5,12.5,12.5,12.5,0.0,0.0
1998-12-14,12.5,12.5,12.5,12.5,0.0,0.0
1998-12-15,14.0,12.5,14.0,12.5,0.0,1.0
1998-12-16,14.5,14.5,14.5,14.5,0.0,1.0
1998-12-17,16.5,15.5,16.0,15.5,0.0,1.0
1998-12-18,16.5,15.5,16.0,16.5,0.0,1.0
1998-12-21,16.5,15.5,16.0,16.5,0.0,1.0
1998-12-22,16.5,15.5,16.0,16.5,0.0,1.0
1998-12-23,16.5,15.5,16.0,16.5,0.0,1.0
1998-12-24,16.0,15.5,16.0,15.5,0.0,1.0
1998-12-25,16.0,16.0,16.0,16.0,0.0,0.0
1998-12-28,16.0,16.0,16.0,16.0,0.0,0.0
1998-12-29,16.5,15.5,16.0,16.5,0.0,1.0
1998-12-30,17.5,16.5,17.0,16.5,0.0,1.0
1998-12-31,17.0,17.0,17.0,17.0,0.0,0.0
1999-01-01,17.0,17.0,17.0,17.0,0.0,0.0
1999-01-04,17.5,16.5,17.0,16.5,0.0,1.0
1999-01-05,17.5,16.5,17.0,16.5,0.0,1.0
1999-01-06,17.5,16.5,17.0,16.5,0.0,1.0
1999-01-07,17.5,16.5,17.0,16.5,0.0,1.0
1999-01-08,17.5,16.5,17.0,16.5,0.0,1.0
1999-01-11,17.5,16.5,17.0,16.5,0.0,1.0
1999-01-12,17.5,16.5,17.0,16.5,0.0,1.0
1999-01-13,17.5,16.5,17.0,16.5,0.0,1.0
1999-01-14,17.5,16.5,17.0,16.5,0.0,1.0
1999-01-15,17.5,16.5,17.0,16.5,0.0,1.0
1999-01-18,17.5,17.0,17.0,17.5,0.0,1.0
1999-01-19,17.5,16.5,17.0,16.5,0.0,1.0
1999-01-20,17.5,16.5,17.0,16.5,0.0,1.0
1999-01-21,17.5,16.5,17.0,16.5,0.0,1.0
1999-01-22,17.5,16.5,17.0,16.5,0.0,1.0
1999-01-25,17.5,16.5,17.0,16.5,0.0,1.0
1999-01-26,17.5,16.5,17.0,16.5,0.0,1.0
1999-01-27,17.0,16.5,17.0,16.5,0.0,1.0
1999-01-28,17.5,16.5,17.0,16.5,0.0,1.0
1999-01-29,17.5,16.5,17.0,16.5,0.0,1.0
1999-02-01,14.5,13.5,13.5,14.5,0.0,1.0
1999-02-02,13.5,13.5,13.5,13.5,0.0,0.0
1999-02-03,13.5,13.5,13.5,13.5,0.0,0.0
1999-02-04,13.5,13.5,13.5,13.5,0.0,0.0
1999-02-05,13.5,13.5,13.5,13.5,0.0,0.0
1999-02-08,13.5,13.5,13.5,13.5,0.0,0.0
1999-02-09,13.5,13.5,13.5,13.5,0.0,0.0
1999-02-10,13.5,13.5,13.5,13.5,0.0,0.0
1999-02-11,13.5,13.5,13.5,13.5,0.0,0.0
1999-02-12,13.5,13.5,13.5,13.5,0.0,0.0
1999-02-15,13.5,13.5,13.5,13.5,0.0,0.0
1999-02-16,13.5,13.5,13.5,13.5,0.0,0.0
1999-02-17,13.5,13.5,13.5,13.5,0.0,0.0
1999-02-18,13.5,13.5,13.5,13.5,0.0,0.0
1999-02-19,13.5,13.5,13.5,13.5,0.0,0.0
1999-02-22,13.5,13.5,13.5,13.5,0.0,0.0
1999-02-23,13.5,13.5,13.5,13.5,0.0,0.0
1999-02-24,13.5,13.5,13.5,13.5,0.0,0.0
1999-02-25,13.5,13.5,13.5,13.5,0.0,0.0
1999-02-26,13.5,13.5,13.5,13.5,0.0,0.0
1999-03-01,13.5,13.5,13.5,13.5,0.0,0.0
1999-03-02,13.5,13.5,13.5,13.5,0.0,0.0
1999-03-03,13.5,13.5,13.5,13.5,0.0,0.0
1999-03-04,13.5,13.5,13.5,13.5,0.0,0.0
1999-03-05,13.5,13.5,13.5,13.5,0.0,0.0
1999-03-08,13.5,13.5,13.5,13.5,0.0,0.0
1999-03-09,13.5,13.5,13.5,13.5,0.0,0.0
1999-03-10,13.5,13.5,13.5,13.5,0.0,0.0
1999-03-11,13.5,13.5,13.5,13.5,0.0,0.0
1999-03-12,13.5,13.5,13.5,13.5,0.0,0.0
1999-03-15,13.5,13.5,13.5,13.5,0.0,0.0
1999-03-16,13.5,13.5,13.5,13.5,0.0,0.0
1999-03-17,13.5,13.5,13.5,13.5,0.0,0.0
1999-03-18,13.5,13.5,13.5,13.5,0.0,0.0
1999-03-19,13.5,13.5,13.5,13.5,0.0,0.0
1999-03-22,13.5,13.5,13.5,13.5,0.0,0.0
1999-03-23,13.5,13.5,13.5,13.5,0.0,0.0
1999-03-24,13.5,13.5,13.5,13.5,0.0,0.0
1999-03-25,13.5,13.5,13.5,13.5,0.0,0.0
1999-03-26,13.5,13.5,13.5,13.5,0.0,0.0
1999-03-29,13.5,13.5,13.5,13.5,0.0,0.0
1999-03-30,13.5,13.5,13.5,13.5,0.0,0.0
1999-03-31,13.5,13.5,13.5,13.5,0.0,0.0
1999-04-01,13.5,13.5,13.5,13.5,0.0,0.0
1999-04-02,13.5,13.5,13.5,13.5,0.0,0.0
1999-04-05,13.5,13.5,13.5,13.5,0.0,0.0
1999-04-06,14.0,13.5,14.0,13.5,0.0,1.0
1999-04-07,14.5,13.5,14.0,14.5,0.0,1.0
1999-04-08,14.5,13.5,14.0,14.5,0.0,1.0
1999-04-09,14.5,13.5,14.0,14.5,0.0,1.0
1999-04-12,14.5,13.5,14.0,14.5,0.0,1.0
1999-04-13,14.5,13.5,14.0,14.5,0.0,1.0
1999-04-14,14.5,13.5,14.0,14.5,0.0,1.0
1999-04-15,14.5,14.0,14.0,14.5,0.0,1.0
1999-04-16,14.5,13.5,14.0,14.5,0.0,1.0
1999-04-19,16.5,14.5,16.5,14.5,0.0,1.0
1999-04-20,16.5,16.5,16.5,16.5,0.0,0.0
1999-04-21,17.5,16.5,17.0,16.5,0.0,1.0
1999-04-22,18.0,17.5,18.0,17.5,0.0,1.0
1999-04-23,18.5,17.5,18.0,18.5,0.0,1.0
1999-04-26,18.5,17.5,18.0,18.5,0.0,1.0
1999-04-27,18.5,18.0,18.0,18.5,0.0,1.0
1999-04-28,18.5,17.5,18.0,18.5,0.0,1.0
1999-04-29,18.5,17.5,18.0,18.5,0.0,1.0
1999-04-30,18.5,17.5,18.0,18.5,0.0,1.0
1999-05-03,18.0,18.0,18.0,18.0,0.0,0.0
1999-05-04,18.5,17.5,17.5,18.5,0.0,1.0
1999-05-05,17.5,17.5,17.5,17.5,0.0,0.0
1999-05-06,17.5,17.5,17.5,17.5,0.0,0.0
1999-05-07,17.5,17.5,17.5,17.5,0.0,0.0
1999-05-10,17.5,17.5,17.5,17.5,0.0,0.0
1999-05-11,17.5,17.5,17.5,17.5,0.0,0.0
1999-05-12,17.5,17.5,17.5,17.5,0.0,0.0
1999-05-13,17.5,17.5,17.5,17.5,0.0,0.0
1999-05-14,17.5,17.5,17.5,17.5,0.0,0.0
1999-05-17,17.5,17.5,17.5,17.5,0.0,0.0
1999-05-18,17.5,17.5,17.5,17.5,0.0,0.0
1999-05-19,17.5,17.5,17.5,17.5,0.0,0.0
1999-05-20,17.5,17.5,17.5,17.5,0.0,0.0
1999-05-21,17.5,17.5,17.5,17.5,0.0,0.0
1999-05-24,17.5,17.5,17.5,17.5,0.0,0.0
1999-05-25,17.5,17.5,17.5,17.5,0.0,0.0
1999-05-26,17.5,17.5,17.5,17.5,0.0,0.0
1999-05-27,17.5,17.5,17.5,17.5,0.0,0.0
1999-05-28,17.5,17.5,17.5,17.5,0.0,0.0
1999-05-31,17.5,17.5,17.5,17.5,0.0,0.0
1999-06-01,17.5,17.5,17.5,17.5,0.0,0.0
1999-06-02,17.5,17.5,17.5,17.5,0.0,0.0
1999-06-03,17.5,17.5,17.5,17.5,0.0,0.0
1999-06-04,17.5,17.5,17.5,17.5,0.0,0.0
1999-06-07,17.5,17.5,17.5,17.5,0.0,0.0
1999-06-08,17.5,17.5,17.5,17.5,0.0,0.0
1999-06-09,17.5,17.5,17.5,17.5,0.0,0.0
1999-06-10,17.5,17.5,17.5,17.5,0.0,0.0
1999-06-11,17.5,17.5,17.5,17.5,0.0,0.0
1999-06-14,17.5,17.5,17.5,17.5,0.0,0.0
1999-06-15,17.5,17.5,17.5,17.5,0.0,0.0
1999-06-16,17.5,17.5,17.5,17.5,0.0,0.0
1999-06-17,17.5,16.5,16.5,17.5,0.0,1.0
1999-06-18,16.0,15.5,16.0,15.5,0.0,1.0
1999-06-21,16.5,15.5,16.0,15.5,0.0,1.0
1999-06-22,16.0,15.5,16.0,15.5,0.0,1.0
1999-06-23,16.0,15.5,16.0,15.5,0.0,1.0
1999-06-24,16.0,15.5,16.0,15.5,0.0,1.0
1999-06-25,16.5,15.5,16.0,15.5,0.0,1.0
1999-06-28,16.0,15.5,16.0,15.5,0.0,1.0
1999-06-29,17.5,16.5,17.5,16.5,0.0,1.0
1999-06-30,18.0,17.5,18.0,17.5,0.0,1.0
1999-07-01,23.5,18.5,23.5,18.5,0.0,1.0
1999-07-02,26.5,23.5,26.5,23.5,0.0,1.0
1999-07-05,27.5,26.5,26.5,26.5,0.0,0.0
1999-07-06,26.5,26.5,26.5,26.5,0.0,0.0
1999-07-07,26.5,24.0,24.0,26.5,0.0,1.0
1999-07-08,24.0,21.5,22.5,23.5,0.0,1.0
1999-07-09,22.5,21.5,22.5,21.5,0.0,1.0
1999-07-12,22.0,21.5,22.0,21.5,0.0,1.0
1999-07-13,22.5,21.5,22.0,21.5,0.0,1.0
1999-07-14,22.5,21.5,22.0,21.5,0.0,1.0
1999-07-15,22.5,21.5,22.0,21.5,0.0,1.0
1999-07-16,22.5,21.5,22.0,21.5,0.0,1.0
1999-07-19,22.5,21.5,22.0,21.5,0.0,1.0
1999-07-20,22.5,21.5,22.0,21.5,0.0,1.0
1999-07-21,22.5,21.5,22.0,21.5,0.0,1.0
1999-07-22,22.0,21.5,22.0,21.5,0.0,1.0
1999-07-23,22.0,21.5,22.0,21.5,0.0,1.0
1999-07-26,22.5,21.5,22.0,21.5,0.0,1.0
1999-07-27,22.5,21.5,22.0,21.5,0.0,1.0
1999-07-28,22.0,21.5,22.0,21.5,0.0,1.0
1999-07-29,22.0,21.5,22.0,21.5,0.0,1.0
1999-07-30,22.0,21.5,21.5,21.5,0.0,1.0
1999-08-02,21.5,20.5,21.0,20.5,0.0,1.0
1999-08-03,21.5,20.5,21.0,20.5,0.0,1.0
1999-08-04,21.5,20.5,21.0,20.5,0.0,1.0
1999-08-05,21.5,20.5,21.0,20.5,0.0,1.0
1999-08-06,21.0,20.5,21.0,20.5,0.0,1.0
1999-08-09,21.5,20.5,21.0,20.5,0.0,1.0
1999-08-10,21.5,21.0,21.0,21.5,0.0,1.0
1999-08-11,21.0,20.0,20.5,20.5,0.0,1.0
1999-08-12,21.0,19.5,20.5,19.5,0.0,1.0
1999-08-13,21.5,19.5,20.5,19.5,0.0,1.0
1999-08-16,21.0,19.5,21.0,19.5,0.0,1.0
1999-08-17,21.0,19.5,20.5,19.5,0.0,1.0
1999-08-18,21.5,19.5,21.0,19.5,0.0,1.0
1999-08-19,21.0,20.5,21.0,20.5,0.0,1.0
1999-08-20,21.5,20.5,21.0,20.5,0.0,1.0
1999-08-23,21.5,20.5,21.0,20.5,0.0,1.0
1999-08-24,21.0,20.5,21.0,20.5,0.0,1.0
1999-08-25,21.0,20.5,21.0,20.5,0.0,1.0
1999-08-26,21.5,20.5,21.0,20.5,0.0,1.0
1999-08-27,21.0,20.5,21.0,20.5,0.0,1.0
1999-08-30,21.0,21.0,21.0,21.0,0.0,0.0
1999-08-31,21.5,21.0,21.0,21.5,0.0,1.0
1999-09-01,21.5,21.0,21.0,21.5,0.0,1.0
1999-09-02,21.5,21.0,21.0,21.5,0.0,1.0
1999-09-03,21.5,20.5,21.0,20.5,0.0,1.0
1999-09-06,21.5,20.5,21.0,21.5,0.0,1.0
1999-09-07,21.0,20.5,21.0,20.5,0.0,1.0
1999-09-08,21.0,20.5,21.0,20.5,0.0,1.0
1999-09-09,21.5,21.0,21.0,21.5,0.0,1.0
1999-09-10,21.5,20.5,21.0,21.5,0.0,1.0
1999-09-13,22.0,20.0,21.0,22.0,0.0,2877.0
1999-09-14,21.5,20.5,21.0,21.5,0.0,213849.0
1999-09-15,20.0,20.0,21.0,20.0,0.0,7500.0
1999-09-16,21.5,20.5,21.0,21.5,0.0,182151.0
1999-09-17,21.5,20.0,21.0,21.5,0.0,500.0
1999-09-20,20.0,20.0,21.0,20.0,0.0,7000.0
1999-09-21,21.0,21.0,21.0,21.0,0.0,0.0
1999-09-22,21.0,21.0,21.0,21.0,0.0,0.0
1999-09-23,20.0,20.0,21.0,20.0,0.0,32065.0
1999-09-24,20.0,20.0,21.0,20.0,0.0,11526.0
1999-09-27,22.0,20.0,21.0,22.0,0.0,23510.0
1999-09-28,20.0,20.0,21.0,20.0,0.0,4058.0
1999-09-29,20.0,20.0,21.0,20.0,0.0,8185.0
1999-09-30,20.0,20.0,21.0,20.0,0.0,3000.0
1999-10-01,22.0,20.0,21.0,22.0,0.0,5900.0
1999-10-04,20.0,20.0,21.0,20.0,0.0,10000.0
1999-10-05,21.0,21.0,21.0,21.0,0.0,0.0
1999-10-06,20.0,20.0,21.0,20.0,0.0,2000.0
1999-10-07,21.0,21.0,21.0,21.0,0.0,0.0
1999-10-08,20.0,20.0,21.0,20.0,0.0,5000.0
1999-10-11,20.0,20.0,21.0,20.0,0.0,26364.0
1999-10-12,21.0,21.0,21.0,21.0,0.0,0.0
1999-10-13,22.0,22.0,21.0,22.0,0.0,10000.0
1999-10-14,21.0,21.0,21.0,21.0,0.0,0.0
1999-10-15,21.0,21.0,21.0,21.0,0.0,0.0
1999-10-18,20.0,18.0,20.0,19.0,0.0,82222.0
1999-10-19,18.0,18.0,19.0,18.0,0.0,33000.0
1999-10-20,18.0,18.0,19.0,18.0,0.0,5740.0
1999-10-21,20.0,18.0,19.0,18.0,0.0,10140.0
1999-10-22,19.0,19.0,19.0,19.0,0.0,0.0
1999-10-25,18.0,18.0,18.5,18.0,0.0,15000.0
1999-10-26,19.0,19.0,18.5,19.0,0.0,3000.0
1999-10-27,18.5,18.5,18.5,18.5,0.0,0.0
1999-10-28,19.0,19.0,18.5,19.0,0.0,4000.0
1999-10-29,18.0,18.0,18.5,18.0,0.0,1125.0
1999-11-01,18.5,18.5,18.5,18.5,0.0,0.0
1999-11-02,19.0,19.0,18.5,19.0,0.0,9000.0
1999-11-03,18.5,18.5,18.5,18.5,0.0,0.0
1999-11-04,18.0,18.0,18.5,18.0,0.0,200.0
1999-11-05,18.5,18.5,18.5,18.5,0.0,0.0
1999-11-08,19.0,18.0,18.5,18.0,0.0,1715.0
1999-11-09,18.5,18.5,18.5,18.5,0.0,0.0
1999-11-10,18.0,18.0,18.5,18.0,0.0,2500.0
1999-11-11,18.0,18.0,18.5,18.0,0.0,2500.0
1999-11-12,18.0,18.0,18.5,18.0,0.0,5947.0
1999-11-15,19.0,18.0,18.5,19.0,0.0,7142.0
1999-11-16,18.0,18.0,18.5,18.0,0.0,3200.0
1999-11-17,18.0,18.0,18.5,18.0,0.0,11187.0
1999-11-18,18.0,18.0,18.5,18.0,0.0,3375.0
1999-11-19,19.0,18.0,18.5,18.0,0.0,3500.0
1999-11-22,19.0,18.0,18.5,18.0,0.0,19000.0
1999-11-23,18.0,18.0,18.5,18.0,0.0,3500.0
1999-11-24,19.0,18.0,18.5,18.0,0.0,18375.0
1999-11-25,18.5,18.5,18.5,18.5,0.0,0.0
1999-11-26,19.0,19.0,18.5,19.0,0.0,2500.0
1999-11-29,19.0,16.0,18.0,16.0,0.0,112500.0
1999-11-30,17.0,17.0,18.0,17.0,0.0,4800.0
1999-12-01,17.0,17.0,18.0,17.0,0.0,1500.0
1999-12-02,18.0,18.0,18.0,18.0,0.0,0.0
1999-12-03,17.0,17.0,18.0,17.0,0.0,500.0
1999-12-06,17.0,17.0,18.0,17.0,0.0,13112.0
1999-12-07,19.0,17.0,18.0,17.0,0.0,18098.0
1999-12-08,19.0,19.0,18.0,19.0,0.0,16000.0
1999-12-09,19.0,17.0,18.0,19.0,0.0,20000.0
1999-12-10,19.0,19.0,18.0,19.0,0.0,1000.0
1999-12-13,17.0,17.0,18.0,17.0,0.0,2825.0
1999-12-14,17.0,17.0,18.0,17.0,0.0,3000.0
1999-12-15,18.0,18.0,18.0,18.0,0.0,0.0
1999-12-16,18.0,18.0,18.0,18.0,0.0,0.0
1999-12-17,18.0,18.0,18.0,18.0,0.0,0.0
1999-12-20,19.0,17.0,18.0,19.0,0.0,4900.0
1999-12-21,18.0,18.0,18.0,18.0,0.0,0.0
1999-12-22,18.0,18.0,18.0,18.0,0.0,0.0
1999-12-23,18.0,18.0,18.0,18.0,0.0,0.0
1999-12-24,18.0,18.0,18.0,18.0,0.0,0.0
1999-12-27,18.0,18.0,18.0,18.0,0.0,0.0
1999-12-28,18.0,18.0,18.0,18.0,0.0,0.0
1999-12-29,19.0,17.0,18.0,19.0,0.0,3325.0
1999-12-30,18.0,18.0,18.0,18.0,0.0,0.0
1999-12-31,18.0,18.0,18.0,18.0,0.0,0.0
2000-01-03,18.0,18.0,18.0,18.0,0.0,0.0
2000-01-04,17.0,15.0,18.0,17.0,0.0,56750.0
2000-01-05,18.0,18.0,18.0,18.0,0.0,0.0
2000-01-06,17.0,17.0,18.0,17.0,0.0,4000.0
2000-01-07,19.0,17.0,18.0,17.0,0.0,8500.0
2000-01-10,17.0,17.0,18.0,17.0,0.0,10000.0
2000-01-11,18.0,17.0,18.0,17.0,0.0,13250.0
2000-01-12,19.0,17.0,18.0,17.0,0.0,27125.0
2000-01-13,17.0,17.0,18.0,17.0,0.0,12500.0
2000-01-14,18.0,18.0,18.0,18.0,0.0,0.0
2000-01-17,18.5,17.0,18.0,17.0,0.0,51209.0
2000-01-18,18.0,18.0,18.0,18.0,0.0,0.0
2000-01-19,19.0,19.0,18.0,19.0,0.0,5185.0
2000-01-20,17.0,17.0,18.0,17.0,0.0,2000.0
2000-01-21,18.0,18.0,18.0,18.0,0.0,0.0
2000-01-24,17.0,17.0,18.0,17.0,0.0,11737.0
2000-01-25,19.0,17.0,18.0,17.0,0.0,17144.0
2000-01-26,18.0,18.0,18.0,18.0,0.0,0.0
2000-01-27,18.0,17.0,18.0,17.0,0.0,27586.0
2000-01-28,17.0,17.0,18.0,17.0,0.0,1841.0
2000-01-31,17.0,17.0,18.0,17.0,0.0,1000.0
2000-02-01,18.5,17.0,18.0,17.0,0.0,16525.0
2000-02-02,17.0,17.0,18.0,17.0,0.0,2094.0
2000-02-03,18.0,18.0,18.0,18.0,0.0,0.0
2000-02-04,17.0,17.0,18.0,17.0,0.0,5753.0
2000-02-07,19.0,17.0,18.0,17.0,0.0,44000.0
2000-02-08,17.0,17.0,18.0,17.0,0.0,23900.0
2000-02-09,19.0,17.0,18.0,17.0,0.0,6319.0
2000-02-10,19.0,17.0,18.0,19.0,0.0,2090.0
2000-02-11,17.0,17.0,18.0,17.0,0.0,400.0
2000-02-14,19.0,19.0,18.0,19.0,0.0,300.0
2000-02-15,19.0,17.0,18.0,19.0,0.0,28033.0
2000-02-16,18.0,18.0,18.0,18.0,0.0,0.0
2000-02-17,17.0,17.0,18.0,17.0,0.0,750.0
2000-02-18,17.0,17.0,18.0,17.0,0.0,17250.0
2000-02-21,19.0,17.0,17.5,17.0,0.0,21350.0
2000-02-22,16.0,16.0,17.0,16.0,0.0,19000.0
2000-02-23,16.0,16.0,17.0,16.0,0.0,13000.0
2000-02-24,16.0,16.0,17.0,16.0,0.0,14000.0
2000-02-25,18.0,16.0,17.0,18.0,0.0,88719.0
2000-02-28,16.0,16.0,17.0,16.0,0.0,6185.0
2000-02-29,17.5,16.0,17.0,16.0,0.0,79450.0
2000-03-01,18.0,15.0,16.5,18.0,0.0,4877.0
2000-03-02,18.0,15.0,16.5,15.0,0.0,23580.0
2000-03-03,16.5,16.5,16.5,16.5,0.0,0.0
2000-03-06,16.0,15.0,16.5,16.0,0.0,17675.0
2000-03-07,15.0,15.0,16.5,15.0,0.0,9285.0
2000-03-08,15.0,15.0,16.5,15.0,0.0,500.0
2000-03-09,18.0,16.5,17.0,18.0,0.0,185000.0
2000-03-10,18.0,17.0,18.0,18.0,0.0,77552.0
2000-03-13,19.0,17.0,18.0,19.0,0.0,6960.0
2000-03-14,19.0,17.0,18.0,17.0,0.0,15500.0
2000-03-15,17.0,17.0,18.0,17.0,0.0,14904.0
2000-03-16,19.0,17.0,18.0,17.0,0.0,41767.0
2000-03-17,17.0,17.0,18.0,17.0,0.0,5000.0
2000-03-20,18.0,18.0,18.0,18.0,0.0,0.0
2000-03-21,17.0,17.0,18.0,17.0,0.0,34400.0
2000-03-22,19.0,17.0,18.0,17.0,0.0,21068.0
2000-03-23,17.0,17.0,18.0,17.0,0.0,1500.0
2000-03-24,18.0,18.0,18.0,18.0,0.0,0.0
2000-03-27,17.0,17.0,18.0,17.0,0.0,5000.0
2000-03-28,17.0,17.0,18.0,17.0,0.0,3000.0
2000-03-29,17.0,17.0,18.0,17.0,0.0,10000.0
2000-03-30,17.0,17.0,18.0,17.0,0.0,10000.0
2000-03-31,17.0,17.0,18.0,17.0,0.0,9230.0
2000-04-03,19.0,16.0,17.5,17.0,0.0,51200.0
2000-04-04,19.0,16.0,17.0,19.0,0.0,18500.0
2000-04-05,16.0,16.0,17.0,16.0,0.0,15300.0
2000-04-06,18.0,18.0,17.0,18.0,0.0,4000.0
2000-04-07,16.0,14.0,17.0,14.0,0.0,65000.0
2000-04-10,17.0,17.0,17.0,17.0,0.0,0.0
2000-04-11,16.0,16.0,17.0,16.0,0.0,6323.0
2000-04-12,17.0,17.0,17.0,17.0,0.0,0.0
2000-04-13,16.0,16.0,17.0,16.0,0.0,20380.0
2000-04-14,17.0,17.0,17.0,17.0,0.0,0.0
2000-04-17,17.0,17.0,17.0,17.0,0.0,0.0
2000-04-18,17.0,17.0,17.0,17.0,0.0,0.0
2000-04-19,17.0,17.0,17.0,17.0,0.0,0.0
2000-04-20,17.0,17.0,17.0,17.0,0.0,0.0
2000-04-21,17.0,17.0,17.0,17.0,0.0,0.0
2000-04-24,17.0,17.0,17.0,17.0,0.0,0.0
2000-04-25,17.0,17.0,17.0,17.0,0.0,0.0
2000-04-26,17.0,17.0,17.0,17.0,0.0,0.0
2000-04-27,17.0,17.0,17.0,17.0,0.0,0.0
2000-04-28,16.0,16.0,17.0,16.0,0.0,2810.0
2000-05-01,17.0,17.0,17.0,17.0,0.0,0.0
2000-05-02,16.0,16.0,17.0,16.0,0.0,2000.0
2000-05-03,18.0,18.0,17.0,18.0,0.0,1000.0
2000-05-04,16.0,16.0,17.0,16.0,0.0,3000.0
2000-05-05,17.0,17.0,17.0,17.0,0.0,0.0
2000-05-08,17.0,17.0,17.0,17.0,0.0,0.0
2000-05-09,17.0,17.0,17.0,17.0,0.0,0.0
2000-05-10,16.1,16.0,17.0,16.0,0.0,10902.0
2000-05-11,17.0,17.0,17.0,17.0,0.0,0.0
2000-05-12,18.0,18.0,17.0,18.0,0.0,5555.0
2000-05-15,18.0,16.0,17.0,16.0,0.0,11400.0
2000-05-16,16.0,16.0,17.0,16.0,0.0,7000.0
2000-05-17,17.0,17.0,17.0,17.0,0.0,0.0
2000-05-18,17.0,17.0,17.0,17.0,0.0,0.0
2000-05-19,16.0,16.0,17.0,16.0,0.0,1000.0
2000-05-22,18.0,18.0,17.0,18.0,0.0,3000.0
2000-05-23,17.0,17.0,17.0,17.0,0.0,0.0
2000-05-24,17.0,17.0,17.0,17.0,0.0,0.0
2000-05-25,17.0,17.0,17.0,17.0,0.0,0.0
2000-05-26,17.0,17.0,17.0,17.0,0.0,0.0
2000-05-29,17.0,17.0,17.0,17.0,0.0,0.0
2000-05-30,17.0,17.0,17.0,17.0,0.0,0.0
2000-05-31,18.0,16.0,17.0,18.0,0.0,420.0
2000-06-01,18.0,18.0,17.0,18.0,0.0,1000.0
2000-06-02,17.0,17.0,17.0,17.0,0.0,0.0
2000-06-05,16.0,16.0,17.0,16.0,0.0,20000.0
2000-06-06,18.0,16.0,17.0,18.0,0.0,5500.0
2000-06-07,17.0,17.0,17.0,17.0,0.0,0.0
2000-06-08,18.0,18.0,17.0,18.0,0.0,10000.0
2000-06-09,17.0,17.0,17.0,17.0,0.0,0.0
2000-06-12,17.0,17.0,17.0,17.0,0.0,0.0
2000-06-13,17.0,17.0,17.0,17.0,0.0,0.0
2000-06-14,17.0,17.0,17.0,17.0,0.0,0.0
2000-06-15,17.0,17.0,17.0,17.0,0.0,0.0
2000-06-16,16.0,16.0,17.0,16.0,0.0,15000.0
2000-06-19,16.0,16.0,17.0,16.0,0.0,1000.0
2000-06-20,16.0,16.0,17.0,16.0,0.0,1500.0
2000-06-21,17.0,17.0,17.0,17.0,0.0,0.0
2000-06-22,18.0,18.0,17.0,18.0,0.0,5795.0
2000-06-23,17.0,17.0,17.0,17.0,0.0,36450.0
2000-06-26,17.0,17.0,17.0,17.0,0.0,0.0
2000-06-27,16.5,16.5,16.5,16.5,0.0,1.0
2000-06-28,16.5,16.5,16.5,16.5,0.0,0.0
2000-06-29,16.5,16.5,16.5,16.5,0.0,0.0
2000-06-30,18.0,18.0,16.5,18.0,0.0,27800.0
2000-07-03,16.5,16.5,16.5,16.5,0.0,0.0
2000-07-04,18.0,17.5,16.5,18.0,0.0,33555.0
2000-07-05,18.0,18.0,16.5,18.0,0.0,4000.0
2000-07-06,16.5,16.5,16.5,16.5,0.0,0.0
2000-07-07,17.6,17.5,16.5,17.5,0.0,33000.0
2000-07-10,18.0,15.0,16.5,18.0,0.0,10827.0
2000-07-11,15.0,15.0,16.5,15.0,0.0,260.0
2000-07-12,15.0,15.0,16.5,15.0,0.0,10000.0
2000-07-13,17.6,17.6,16.5,17.6,0.0,3000.0
2000-07-14,16.5,16.5,16.5,16.5,0.0,0.0
2000-07-17,15.0,15.0,16.5,15.0,0.0,30000.0
2000-07-18,15.0,15.0,16.5,15.0,0.0,16627.0
2000-07-19,16.5,16.5,16.5,16.5,0.0,0.0
2000-07-20,18.0,15.5,16.5,18.0,0.0,1500.0
2000-07-21,15.0,15.0,16.0,15.0,0.0,10000.0
2000-07-24,15.0,15.0,16.0,15.0,0.0,21000.0
2000-07-25,15.0,15.0,16.0,15.0,0.0,5000.0
2000-07-26,16.0,16.0,16.0,16.0,0.0,0.0
2000-07-27,16.0,16.0,16.0,16.0,0.0,0.0
2000-07-28,17.0,15.0,16.0,15.0,0.0,7000.0
2000-07-31,15.0,15.0,15.5,15.0,0.0,10500.0
2000-08-01,15.5,15.5,15.5,15.5,0.0,0.0
2000-08-02,15.0,15.0,15.5,15.0,0.0,1920.0
2000-08-03,15.0,15.0,15.5,15.0,0.0,5670.0
2000-08-04,15.0,15.0,15.5,15.0,0.0,11500.0
2000-08-07,15.1,15.0,15.5,15.0,0.0,7825.0
2000-08-08,15.0,15.0,15.5,15.0,0.0,3600.0
2000-08-09,15.5,15.5,15.5,15.5,0.0,0.0
2000-08-10,15.5,15.5,15.5,15.5,0.0,0.0
2000-08-11,15.5,15.5,15.5,15.5,0.0,0.0
2000-08-14,15.5,15.5,15.5,15.5,0.0,0.0
2000-08-15,15.5,15.5,15.5,15.5,0.0,0.0
2000-08-16,15.1,15.0,15.5,15.0,0.0,12000.0
2000-08-17,15.5,15.5,15.5,15.5,0.0,0.0
2000-08-18,15.5,15.5,15.5,15.5,0.0,0.0
2000-08-21,16.0,15.0,15.5,16.0,0.0,13556.0
2000-08-22,15.1,15.1,15.5,15.1,0.0,3704.0
2000-08-23,15.1,15.1,15.5,15.1,0.0,3500.0
2000-08-24,15.1,15.1,15.5,15.1,0.0,1000.0
2000-08-25,15.5,15.5,15.5,15.5,0.0,0.0
2000-08-28,15.5,15.5,15.5,15.5,0.0,0.0
2000-08-29,15.5,15.5,15.5,15.5,0.0,0.0
2000-08-30,15.5,15.5,15.5,15.5,0.0,0.0
2000-08-31,15.1,15.1,15.5,15.1,0.0,2250.0
2000-09-01,15.0,15.0,15.5,15.0,0.0,10000.0
2000-09-04,15.0,15.0,15.5,15.0,0.0,770.0
2000-09-05,15.1,15.1,15.5,15.1,0.0,4500.0
2000-09-06,15.5,15.5,15.5,15.5,0.0,0.0
2000-09-07,15.5,15.5,15.5,15.5,0.0,0.0
2000-09-08,16.0,15.0,15.5,16.0,0.0,9063.0
2000-09-11,16.0,16.0,15.5,16.0,0.0,3034.0
2000-09-12,15.5,15.5,15.5,15.5,0.0,0.0
2000-09-13,15.5,15.5,15.5,15.5,0.0,0.0
2000-09-14,24.0,16.0,21.0,19.0,0.0,1884319.0
2000-09-15,22.0,20.0,21.0,22.0,0.0,153481.0
2000-09-18,23.0,22.0,22.5,22.0,0.0,426004.0
2000-09-19,23.0,21.0,21.5,23.0,0.0,301294.0
2000-09-20,22.0,21.0,21.5,22.0,0.0,52821.0
2000-09-21,22.0,18.0,19.5,22.0,0.0,125225.0
2000-09-22,21.0,18.0,19.5,21.0,0.0,49484.0
2000-09-25,21.0,20.6,19.5,21.0,0.0,13130.0
2000-09-26,21.0,18.3,19.5,20.6,0.0,36688.0
2000-09-27,21.0,18.0,19.5,20.5,0.0,26148.0
2000-09-28,21.0,21.0,19.5,21.0,0.0,13000.0
2000-09-29,18.3,18.3,19.5,18.3,0.0,850.0
2000-10-02,21.0,18.3,19.5,18.3,0.0,1800.0
2000-10-03,19.5,19.5,19.5,19.5,0.0,0.0
2000-10-04,21.0,18.0,19.5,21.0,0.0,15048.0
2000-10-05,21.0,18.0,19.5,21.0,0.0,5450.0
2000-10-06,18.0,18.0,19.5,18.0,0.0,16842.0
2000-10-09,18.3,18.0,19.5,18.3,0.0,12206.0
2000-10-10,18.3,18.0,19.5,18.3,0.0,44067.0
2000-10-11,20.0,18.0,19.0,20.0,0.0,63833.0
2000-10-12,18.2,18.0,19.0,18.0,0.0,16747.0
2000-10-13,20.0,18.0,19.0,20.0,0.0,22000.0
2000-10-16,20.0,18.0,19.0,18.0,0.0,10360.0
2000-10-17,18.0,18.0,19.0,18.0,0.0,125100.0
2000-10-18,20.0,17.0,19.0,20.0,0.0,22928.0
2000-10-19,20.0,20.0,19.0,20.0,0.0,250.0
2000-10-20,20.0,18.0,19.0,20.0,0.0,6954.0
2000-10-23,18.0,17.0,19.0,17.0,0.0,55555.0
2000-10-24,19.8,19.8,19.0,19.8,0.0,2500.0
2000-10-25,18.2,18.0,19.0,18.0,0.0,4377.0
2000-10-26,19.0,19.0,19.0,19.0,0.0,0.0
2000-10-27,19.0,19.0,19.0,19.0,0.0,0.0
2000-10-30,18.0,18.0,19.0,18.0,0.0,1300.0
2000-10-31,20.0,18.2,19.0,20.0,0.0,6157.0
2000-11-01,20.0,18.0,18.5,20.0,0.0,28000.0
2000-11-02,19.6,17.0,18.5,19.6,0.0,10887.0
2000-11-03,17.0,17.0,18.5,17.0,0.0,40859.0
2000-11-06,19.6,17.0,18.5,17.05,0.0,197804.0
2000-11-07,17.0,17.0,18.5,17.0,0.0,36500.0
2000-11-08,17.3,17.0,18.5,17.3,0.0,15866.0
2000-11-09,17.0,17.0,18.5,17.0,0.0,5054.0
2000-11-10,17.0,17.0,18.5,17.0,0.0,8000.0
2000-11-13,17.2,17.2,18.5,17.2,0.0,1508.0
2000-11-14,17.0,17.0,18.5,17.0,0.0,8548.0
2000-11-15,20.0,20.0,18.5,20.0,0.0,4000.0
2000-11-16,17.0,17.0,18.5,17.0,0.0,11500.0
2000-11-17,17.0,17.0,18.5,17.0,0.0,2839.0
2000-11-20,17.3,17.3,18.0,17.3,0.0,7687.0
2000-11-21,18.8,18.8,18.0,18.8,0.0,952.0
2000-11-22,17.0,17.0,18.0,17.0,0.0,8000.0
2000-11-23,17.0,17.0,18.0,17.0,0.0,6500.0
2000-11-24,18.0,18.0,18.0,18.0,0.0,0.0
2000-11-27,18.0,18.0,18.0,18.0,0.0,0.0
2000-11-28,18.0,18.0,18.0,18.0,0.0,0.0
2000-11-29,17.0,17.0,18.0,17.0,0.0,26500.0
2000-11-30,17.0,17.0,18.0,17.0,0.0,6000.0
2000-12-01,17.0,17.0,18.0,17.0,0.0,3000.0
2000-12-04,18.0,18.0,18.0,18.0,0.0,0.0
2000-12-05,17.2,17.0,18.0,17.2,0.0,9525.0
2000-12-06,18.0,18.0,18.0,18.0,0.0,0.0
2000-12-07,17.2,17.2,18.0,17.2,0.0,7000.0
2000-12-08,17.0,17.0,18.0,17.0,0.0,3225.0
2000-12-11,18.0,18.0,18.0,18.0,0.0,0.0
2000-12-12,17.5,17.5,17.5,17.5,0.0,1.0
2000-12-13,17.5,17.0,17.5,17.0,0.0,986623.0
2000-12-14,17.0,17.0,17.5,17.0,0.0,702.0
2000-12-15,17.0,17.0,17.5,17.0,0.0,1000.0
2000-12-18,17.5,17.5,17.5,17.5,0.0,0.0
2000-12-19,18.0,16.2,17.0,16.2,0.0,12000.0
2000-12-20,17.0,17.0,17.0,17.0,0.0,0.0
2000-12-21,16.0,16.0,17.0,16.0,0.0,2000.0
2000-12-22,18.0,18.0,17.0,18.0,0.0,200.0
2000-12-25,17.0,17.0,17.0,17.0,0.0,0.0
2000-12-26,17.0,17.0,17.0,17.0,0.0,0.0
2000-12-27,17.0,17.0,17.0,17.0,0.0,0.0
2000-12-28,18.0,18.0,17.0,18.0,0.0,1000.0
2000-12-29,16.5,16.5,16.5,16.5,0.0,1.0
2001-01-01,16.5,16.5,16.5,16.5,0.0,0.0
2001-01-02,17.0,16.0,16.5,16.0,0.0,8630.0
2001-01-03,16.5,16.5,16.5,16.5,0.0,0.0
2001-01-04,16.0,16.0,16.5,16.0,0.0,1800.0
2001-01-05,17.0,16.0,16.5,17.0,0.0,45482.0
2001-01-08,16.0,15.0,16.5,16.0,0.0,48466.0
2001-01-09,16.0,16.0,16.5,16.0,0.0,2000.0
2001-01-10,16.5,16.5,16.5,16.5,0.0,0.0
2001-01-11,16.5,16.5,16.5,16.5,0.0,0.0
2001-01-12,17.0,17.0,16.5,17.0,0.0,10000.0
2001-01-15,16.0,16.0,16.5,16.0,0.0,3156.0
2001-01-16,16.0,16.0,16.5,16.0,0.0,25500.0
2001-01-17,16.0,16.0,16.5,16.0,0.0,3031.0
2001-01-18,17.0,16.0,16.5,17.0,0.0,16000.0
2001-01-19,16.1,16.0,16.5,16.0,0.0,16000.0
2001-01-22,16.1,16.1,16.5,16.1,0.0,8750.0
2001-01-23,17.0,16.0,16.5,16.0,0.0,5250.0
2001-01-24,16.9,16.0,16.5,16.0,0.0,5703.0
2001-01-25,16.9,16.9,16.5,16.9,0.0,5882.0
2001-01-26,16.0,16.0,16.5,16.0,0.0,11900.0
2001-01-29,17.0,16.0,16.5,16.0,0.0,27287.0
2001-01-30,17.0,16.0,16.5,17.0,0.0,6500.0
2001-01-31,16.0,16.0,16.5,16.0,0.0,10667.0
2001-02-01,16.0,16.0,16.5,16.0,0.0,5000.0
2001-02-02,16.0,16.0,16.5,16.0,0.0,2809.0
2001-02-05,17.0,16.0,16.5,16.0,0.0,2838.0
2001-02-06,16.25,16.125,16.5,16.125,0.0,67000.0
2001-02-07,16.5,16.5,16.5,16.5,0.0,0.0
2001-02-08,16.0,16.0,16.5,16.0,0.0,500.0
2001-02-09,16.0,16.0,16.5,16.0,0.0,4677.0
2001-02-12,17.0,16.0,16.5,17.0,0.0,8500.0
2001-02-13,16.0,16.0,16.5,16.0,0.0,17875.0
2001-02-14,15.0,15.0,16.5,15.0,0.0,25000.0
2001-02-15,16.1,16.1,16.5,16.1,0.0,5917.0
2001-02-16,14.6,12.0,13.5,12.0,0.0,72204.0
2001-02-19,12.0,12.0,13.5,12.0,0.0,1500.0
2001-02-20,13.5,13.5,13.5,13.5,0.0,0.0
2001-02-21,12.3,12.3,13.5,12.3,0.0,854.0
2001-02-22,10.0,10.0,13.0,10.0,0.0,55000.0
2001-02-23,13.0,12.2,13.0,12.2,0.0,14050.0
2001-02-26,12.2,12.2,13.0,12.2,0.0,1257.0
2001-02-27,12.2,12.0,13.0,12.2,0.0,27250.0
2001-02-28,13.0,12.0,13.0,12.0,0.0,19400.0
2001-03-01,14.0,12.0,13.0,12.0,0.0,17000.0
2001-03-02,12.2,12.2,13.0,12.2,0.0,19800.0
2001-03-05,13.8,13.8,13.0,13.8,0.0,5750.0
2001-03-06,12.2,12.2,13.0,12.2,0.0,6000.0
2001-03-07,13.0,13.0,13.0,13.0,0.0,0.0
2001-03-08,14.0,12.0,13.0,14.0,0.0,15375.0
2001-03-09,12.2,12.2,13.0,12.2,0.0,500.0
2001-03-12,13.0,13.0,13.0,13.0,0.0,0.0
2001-03-13,13.0,13.0,13.0,13.0,0.0,0.0
2001-03-14,13.0,13.0,13.0,13.0,0.0,0.0
2001-03-15,13.0,13.0,13.0,13.0,0.0,0.0
2001-03-16,12.0625,12.0,13.0,12.0,0.0,210000.0
2001-03-19,12.0,12.0,13.0,12.0,0.0,2000.0
2001-03-20,12.0,12.0,13.0,12.0,0.0,2054.0
2001-03-21,12.2,12.2,13.0,12.2,0.0,7010.0
2001-03-22,13.5,12.2,13.0,13.5,0.0,19500.0
2001-03-23,13.0,13.0,13.0,13.0,0.0,0.0
2001-03-26,12.2,12.2,13.0,12.2,0.0,2000.0
2001-03-27,14.0,13.8,13.0,14.0,0.0,9070.0
2001-03-28,12.2,12.0,13.0,12.0,0.0,23302.0
2001-03-29,13.0,13.0,13.0,13.0,0.0,0.0
2001-03-30,13.4,12.2,13.0,13.4,0.0,1473.0
2001-04-02,13.0,13.0,13.0,13.0,0.0,0.0
2001-04-03,12.2,12.2,13.0,12.2,0.0,2000.0
2001-04-04,12.0156,11.0,13.0,11.0,0.0,653428.0
2001-04-05,12.2,12.2,13.0,12.2,0.0,9250.0
2001-04-06,12.2,12.2,13.0,12.2,0.0,400.0
2001-04-09,13.0,13.0,13.0,13.0,0.0,0.0
2001-04-10,13.0,13.0,13.0,13.0,0.0,0.0
2001-04-11,13.0,13.0,13.0,13.0,0.0,0.0
2001-04-12,12.0,12.0,13.0,12.0,0.0,1000.0
2001-04-13,13.0,13.0,13.0,13.0,0.0,0.0
2001-04-16,13.0,13.0,13.0,13.0,0.0,0.0
2001-04-17,13.0,13.0,13.0,13.0,0.0,0.0
2001-04-18,12.2,12.2,13.0,12.2,0.0,2000.0
2001-04-19,13.0,13.0,13.0,13.0,0.0,0.0
2001-04-20,13.0,13.0,13.0,13.0,0.0,0.0
2001-04-23,13.0,13.0,13.0,13.0,0.0,0.0
2001-04-24,13.0,13.0,13.0,13.0,0.0,4000.0
2001-04-25,13.0,13.0,13.0,13.0,0.0,0.0
2001-04-26,13.0,13.0,13.0,13.0,0.0,0.0
2001-04-27,13.8,12.0,13.0,12.0,0.0,13361.0
2001-04-30,12.0,12.0,13.0,12.0,0.0,2000.0
2001-05-01,13.0,13.0,13.0,13.0,0.0,0.0
2001-05-02,13.8,13.8,13.0,13.8,0.0,14100.0
2001-05-03,13.0,13.0,13.0,13.0,0.0,0.0
2001-05-04,13.0,13.0,13.0,13.0,0.0,0.0
2001-05-07,13.0,13.0,13.0,13.0,0.0,0.0
2001-05-08,13.0,13.0,13.0,13.0,0.0,3500.0
2001-05-09,13.0,13.0,13.0,13.0,0.0,0.0
2001-05-10,13.0,12.2,13.0,12.2,0.0,17000.0
2001-05-11,13.0,13.0,13.0,13.0,0.0,0.0
2001-05-14,12.0,12.0,13.0,12.0,0.0,1200.0
2001-05-15,13.8,13.8,13.0,13.8,0.0,20000.0
2001-05-16,13.0,13.0,13.0,13.0,0.0,0.0
2001-05-17,12.2,12.2,13.0,12.2,0.0,500.0
2001-05-18,13.0,13.0,13.0,13.0,0.0,0.0
2001-05-21,13.0,13.0,13.0,13.0,0.0,0.0
2001-05-22,13.0,13.0,13.0,13.0,0.0,0.0
2001-05-23,13.0,13.0,13.0,13.0,0.0,0.0
2001-05-24,13.0,13.0,13.0,13.0,0.0,0.0
2001-05-25,13.0,13.0,13.0,13.0,0.0,10000.0
2001-05-28,13.0,13.0,13.0,13.0,0.0,0.0
2001-05-29,13.8,12.2,13.0,13.8,0.0,850.0
2001-05-30,12.2,12.2,13.0,12.2,0.0,2000.0
2001-05-31,13.0,13.0,13.0,13.0,0.0,0.0
2001-06-01,13.0,13.0,13.0,13.0,0.0,0.0
2001-06-04,13.0,11.0,13.0,13.0,0.0,77089.0
2001-06-05,13.0,13.0,13.0,13.0,0.0,0.0
2001-06-06,13.5,12.0,13.0,12.2,0.0,22252.0
2001-06-07,13.0,12.2,13.0,12.2,0.0,11000.0
2001-06-08,12.2,12.2,13.0,12.2,0.0,1000.0
2001-06-11,13.0,13.0,13.0,13.0,0.0,0.0
2001-06-12,13.0,13.0,13.0,13.0,0.0,0.0
2001-06-13,13.0,13.0,13.0,13.0,0.0,0.0
2001-06-14,14.0,12.2,13.0,14.0,0.0,10150.0
2001-06-15,13.0,13.0,13.0,13.0,0.0,0.0
2001-06-18,13.0,12.2,13.0,12.2,0.0,5002.0
2001-06-19,13.0,13.0,13.0,13.0,0.0,0.0
2001-06-20,12.0,12.0,13.0,12.0,0.0,4500.0
2001-06-21,13.8,13.0,13.0,13.0,0.0,11000.0
2001-06-22,13.0,13.0,13.0,13.0,0.0,0.0
2001-06-25,13.8,13.8,13.0,13.8,0.0,20000.0
2001-06-26,13.0,13.0,13.0,13.0,0.0,0.0
2001-06-27,13.0,13.0,13.0,13.0,0.0,0.0
2001-06-28,13.0,13.0,13.0,13.0,0.0,0.0
2001-06-29,13.0,13.0,13.0,13.0,0.0,0.0
2001-07-02,12.0,12.0,13.0,12.0,0.0,2216.0
2001-07-03,13.0,13.0,13.0,13.0,0.0,0.0
2001-07-04,13.0,13.0,13.0,13.0,0.0,0.0
2001-07-05,13.0,13.0,13.0,13.0,0.0,0.0
2001-07-06,13.0,13.0,13.0,13.0,0.0,0.0
2001-07-09,12.5,11.0,11.5,12.2,0.0,108609.0
2001-07-10,11.5,11.1,11.5,11.1,0.0,13692.0
2001-07-11,11.5,11.5,11.5,11.5,0.0,0.0
2001-07-12,11.1,11.0,11.5,11.0,0.0,5037.0
2001-07-13,11.5,11.5,11.5,11.5,0.0,0.0
2001-07-16,11.5,11.5,11.5,11.5,0.0,0.0
2001-07-17,11.5,11.5,11.5,11.5,0.0,0.0
2001-07-18,11.5,11.5,11.5,11.5,0.0,0.0
2001-07-19,11.5,11.5,11.5,11.5,0.0,0.0
2001-07-20,11.5,11.5,11.5,11.5,0.0,0.0
2001-07-23,11.1,11.1,11.5,11.1,0.0,500.0
2001-07-24,11.0,11.0,11.5,11.0,0.0,1250.0
2001-07-25,11.0,11.0,11.5,11.0,0.0,23750.0
2001-07-26,11.1,11.1,11.5,11.1,0.0,10000.0
2001-07-27,11.5,11.5,11.5,11.5,0.0,0.0
2001-07-30,10.2,9.9,11.0,10.0,0.0,1955186.0
2001-07-31,10.25,10.0,11.0,10.0,0.0,40750.0
2001-08-01,11.0,10.5,11.0,11.0,0.0,486265.0
2001-08-02,11.8,10.2,11.0,11.8,0.0,26983.0
2001-08-03,11.8125,10.0,11.0,11.8,0.0,199525.0
2001-08-06,12.0,10.0,11.0,10.2,0.0,17438.0
2001-08-07,10.0,10.0,11.0,10.0,0.0,1000.0
2001-08-08,10.2,10.0,11.0,10.2,0.0,26500.0
2001-08-09,10.2,10.0,11.0,10.2,0.0,12250.0
2001-08-10,11.0,11.0,11.0,11.0,0.0,0.0
2001-08-13,10.2,10.2,11.0,10.2,0.0,3518.0
2001-08-14,11.0,11.0,11.0,11.0,0.0,0.0
2001-08-15,10.2,10.2,11.0,10.2,0.0,4594.0
2001-08-16,10.2,10.2,11.0,10.2,0.0,4000.0
2001-08-17,10.0,10.0,11.0,10.0,0.0,1190.0
2001-08-20,11.8,10.2,11.0,11.8,0.0,5217.0
2001-08-21,11.0,11.0,11.0,11.0,0.0,0.0
2001-08-22,10.2,10.2,11.0,10.2,0.0,4218.0
2001-08-23,10.2,10.0,11.0,10.0,0.0,6750.0
2001-08-24,11.4,11.4,11.0,11.4,0.0,1000.0
2001-08-27,11.0,11.0,11.0,11.0,0.0,0.0
2001-08-28,11.0,11.0,11.0,11.0,0.0,0.0
2001-08-29,11.0,11.0,11.0,11.0,0.0,0.0
2001-08-30,10.2,10.2,11.0,10.2,0.0,1000.0
2001-08-31,10.2,10.0,11.0,10.0,0.0,23903.0
2001-09-03,10.2,10.0,11.0,10.2,0.0,4491.0
2001-09-04,10.2,10.2,11.0,10.2,0.0,2358.0
2001-09-05,10.2,10.2,11.0,10.2,0.0,3823.0
2001-09-06,10.0,10.0,11.0,10.0,0.0,48976.0
2001-09-07,10.2,10.0,11.0,10.2,0.0,12925.0
2001-09-10,10.0,10.0,11.0,10.0,0.0,10000.0
2001-09-11,11.0,11.0,11.0,11.0,0.0,0.0
2001-09-12,10.2,10.0,11.0,10.0,0.0,8826.0
2001-09-13,11.0,11.0,11.0,11.0,0.0,0.0
2001-09-14,10.2,10.2,11.0,10.2,0.0,5000.0
2001-09-17,10.0,10.0,11.0,10.0,0.0,6572.0
2001-09-18,10.2,10.2,11.0,10.2,0.0,4233.0
2001-09-19,10.2,10.0,11.0,10.0,0.0,7000.0
2001-09-20,9.1,9.0,9.5,9.0,0.0,50000.0
2001-09-21,9.6,9.1,9.5,9.1,0.0,8850.0
2001-09-24,9.5,9.5,9.5,9.5,0.0,0.0
2001-09-25,9.5,9.5,9.5,9.5,0.0,0.0
2001-09-26,8.5,6.0,8.25,8.5,0.0,95000.0
2001-09-27,7.5,7.5,8.0,7.5,0.0,12500.0
2001-09-28,7.5,6.7,7.5,7.5,0.0,10000.0
2001-10-01,7.25,7.25,7.25,7.25,0.0,1.0
2001-10-02,6.68,6.6,7.25,6.6,0.0,2751.0
2001-10-03,7.55,7.55,7.25,7.55,0.0,3000.0
2001-10-04,7.25,7.25,7.25,7.25,0.0,0.0
2001-10-05,7.75,7.75,7.25,7.75,0.0,20000.0
2001-10-08,6.65,6.65,7.25,6.65,0.0,4100.0
2001-10-09,7.05,6.0,6.75,6.15,0.0,38496.0
2001-10-10,6.0,6.0,6.75,6.0,0.0,8000.0
2001-10-11,6.75,6.75,6.75,6.75,0.0,0.0
2001-10-12,7.0,7.0,7.0,7.0,0.0,37500.0
2001-10-15,6.6,6.5,7.0,6.5,0.0,2355.0
2001-10-16,7.15,7.15,7.0,7.15,0.0,3000.0
2001-10-17,7.15,7.15,7.25,7.15,0.0,5000.0
2001-10-18,7.0,7.0,7.25,7.0,0.0,2500.0
2001-10-19,7.25,7.25,7.25,7.25,0.0,0.0
2001-10-22,7.25,7.25,7.25,7.25,0.0,0.0
2001-10-23,7.25,7.25,7.25,7.25,0.0,0.0
2001-10-24,7.25,7.25,7.25,7.25,0.0,0.0
2001-10-25,7.25,7.25,7.25,7.25,0.0,0.0
2001-10-26,7.45,7.45,7.25,7.45,0.0,13501.0
2001-10-29,7.0,7.0,7.25,7.0,0.0,10000.0
2001-10-30,7.25,7.25,7.25,7.25,0.0,0.0
2001-10-31,8.0,8.0,8.0,8.0,0.0,1.0
2001-11-01,9.15,9.15,8.5,9.15,0.0,500.0
2001-11-02,9.15,7.75,8.5,8.5,0.0,33875.0
2001-11-05,9.35,9.35,8.5,9.35,0.0,5111.0
2001-11-06,7.5,6.5,7.5,6.5,0.0,63088.0
2001-11-07,7.0,7.0,7.5,7.0,0.0,800.0
2001-11-08,7.5,7.5,7.5,7.5,0.0,0.0
2001-11-09,7.8,7.8,7.5,7.8,0.0,5000.0
2001-11-12,7.5,7.5,7.5,7.5,0.0,0.0
2001-11-13,7.1,7.1,7.5,7.1,0.0,44.0
2001-11-14,8.5,8.5,7.75,8.5,0.0,26530.0
2001-11-15,8.35,7.0,7.75,7.0,0.0,16200.0
2001-11-16,7.75,7.75,7.75,7.75,0.0,0.0
2001-11-19,7.75,7.75,7.75,7.75,0.0,0.0
2001-11-20,7.75,7.75,7.75,7.75,0.0,0.0
2001-11-21,7.0,7.0,7.75,7.0,0.0,19869.0
2001-11-22,8.25,8.2,7.75,8.25,0.0,11200.0
2001-11-23,8.2,8.2,7.75,8.2,0.0,1800.0
2001-11-26,7.15,7.15,7.75,7.15,0.0,2173.0
2001-11-27,7.0,7.0,9.0,7.0,0.0,20000.0
2001-11-28,9.8,9.0,9.5,9.8,0.0,197026.0
2001-11-29,9.8,9.75,9.5,9.8,0.0,285205.0
2001-11-30,10.25,10.25,10.25,10.25,0.0,1.0
2001-12-01,10.25,10.25,10.25,10.25,0.0,0.0
2001-12-03,9.0,9.0,9.75,9.0,0.0,50000.0
2001-12-04,10.0,10.0,9.75,10.0,0.0,4000.0
2001-12-05,9.75,9.75,9.75,9.75,0.0,0.0
2001-12-06,9.75,9.75,9.75,9.75,0.0,0.0
2001-12-07,9.75,9.75,9.75,9.75,0.0,0.0
2001-12-10,10.35,10.0,9.75,10.0,0.0,5800.0
2001-12-11,10.25,10.25,9.75,10.25,0.0,100000.0
2001-12-12,9.0,9.0,10.0,9.0,0.0,70000.0
2001-12-13,10.5,9.25,10.0,9.25,0.0,30300.0
2001-12-14,10.0,10.0,10.0,10.0,0.0,0.0
2001-12-17,10.5,10.5,10.0,10.5,0.0,11000.0
2001-12-18,9.75,9.75,9.75,9.75,0.0,1.0
2001-12-19,9.5,9.5,9.5,9.5,0.0,1.0
2001-12-20,10.5,9.5,10.25,10.5,0.0,623677.0
2001-12-21,11.5,10.5,11.0,10.6,0.0,113905.0
2001-12-24,10.95,10.95,10.75,10.95,0.0,8000.0
2001-12-25,10.75,10.75,10.75,10.75,0.0,0.0
2001-12-26,10.75,10.75,10.75,10.75,0.0,0.0
2001-12-27,11.0,10.0,10.75,10.0,0.0,66000.0
2001-12-28,10.5,10.0,10.0,10.5,0.0,50700.0
2001-12-31,10.5,9.5,9.75,10.5,0.0,21000.0
2002-01-01,9.75,9.75,9.75,9.75,0.0,0.0
2002-01-02,9.5,9.5,10.0,9.5,0.0,20000.0
2002-01-03,10.45,9.5,10.25,9.5,0.0,101904.0
2002-01-04,11.0,10.9,10.5,10.9,0.0,75000.0
2002-01-07,10.95,10.55,10.75,10.95,0.0,20000.0
2002-01-08,11.5,11.25,11.25,11.25,0.0,105716.0
2002-01-09,11.75,11.1,11.75,11.75,0.0,894634.0
2002-01-10,12.25,11.75,12.0,11.75,0.0,80000.0
2002-01-11,12.5,11.6,12.0,12.25,0.0,32116.0
2002-01-14,12.4,12.4,12.0,12.4,0.0,15850.0
2002-01-15,11.6,11.6,12.0,11.6,0.0,1428.0
2002-01-16,11.6,11.6,12.0,11.6,0.0,3250.0
2002-01-17,11.6,11.5,12.0,11.6,0.0,45000.0
2002-01-18,11.6,11.6,12.0,11.6,0.0,250.0
2002-01-21,11.75,11.75,11.5,11.75,0.0,2000.0
2002-01-22,11.5,11.5,10.75,11.5,0.0,450000.0
2002-01-23,10.75,10.75,10.75,10.75,0.0,0.0
2002-01-24,11.0,11.0,11.0,11.0,0.0,11150.0
2002-01-25,11.5,10.6,11.0,11.5,0.0,26000.0
2002-01-28,11.0,10.5,10.5,10.5,0.0,50500.0
2002-01-29,10.0,10.0,10.5,10.0,0.0,11250.0
2002-01-30,10.5,10.5,10.5,10.5,0.0,0.0
2002-01-31,10.5,10.5,10.5,10.5,0.0,0.0
2002-02-01,10.0,10.0,10.5,10.0,0.0,10000.0
2002-02-04,11.2,11.2,10.5,11.2,0.0,3000.0
2002-02-05,10.75,10.75,10.5,10.75,0.0,3001.0
2002-02-06,10.5,10.5,10.5,10.5,0.0,0.0
2002-02-07,10.75,10.0,10.5,10.0,0.0,125000.0
2002-02-08,10.8,10.5,10.5,10.8,0.0,25000.0
2002-02-11,10.1,10.1,10.5,10.1,0.0,1500.0
2002-02-12,10.5,10.5,10.5,10.5,0.0,0.0
2002-02-13,10.1,10.1,10.5,10.1,0.0,20000.0
2002-02-14,10.75,10.75,10.5,10.75,0.0,30000.0
2002-02-15,10.1,10.1,10.5,10.1,0.0,10000.0
2002-02-18,10.5,10.5,10.5,10.5,0.0,0.0
2002-02-19,10.1,10.1,10.5,10.1,0.0,10000.0
2002-02-20,10.75,10.75,10.5,10.75,0.0,20000.0
2002-02-21,10.75,8.0,10.0,10.75,0.0,438500.0
2002-02-22,10.0,10.0,10.0,10.0,0.0,0.0
2002-02-25,10.25,10.25,10.0,10.25,0.0,30000.0
2002-02-26,10.0,10.0,10.0,10.0,0.0,0.0
2002-02-27,9.6,9.6,10.0,9.6,0.0,12100.0
2002-02-28,10.25,10.25,10.0,10.25,0.0,400.0
2002-03-01,10.0,10.0,10.0,10.0,0.0,0.0
2002-03-04,9.5,9.5,10.0,9.5,0.0,995.0
2002-03-05,10.0,10.0,10.0,10.0,0.0,0.0
2002-03-06,10.4,9.6,10.0,9.6,0.0,2000.0
2002-03-07,9.5,9.5,10.0,9.5,0.0,4600000.0
2002-03-08,10.0,10.0,10.0,10.0,0.0,0.0
2002-03-11,9.5,9.5,10.0,9.5,0.0,4000.0
2002-03-12,10.0,10.0,10.0,10.0,0.0,0.0
2002-03-13,9.6,9.6,10.0,9.6,0.0,1000.0
2002-03-14,10.0,10.0,10.0,10.0,0.0,0.0
2002-03-15,10.0,10.0,10.0,10.0,0.0,0.0
2002-03-18,10.0,9.0,9.75,9.6,0.0,56062.0
2002-03-19,9.15,9.15,9.75,9.15,0.0,1000.0
2002-03-20,9.6,9.6,10.0,9.6,0.0,2000.0
2002-03-21,10.0,10.0,10.0,10.0,0.0,10000.0
2002-03-22,10.0,10.0,10.0,10.0,0.0,0.0
2002-03-25,9.6,9.6,10.0,9.6,0.0,100.0
2002-03-26,9.5,9.5,10.0,9.5,0.0,11407.0
2002-03-27,10.0,9.5,9.75,10.0,0.0,502379.0
2002-03-28,9.55,9.55,9.75,9.55,0.0,2000.0
2002-03-29,9.75,9.75,9.75,9.75,0.0,0.0
2002-04-01,9.75,9.75,9.75,9.75,0.0,0.0
2002-04-02,9.55,9.52,9.75,9.55,0.0,3026.0
2002-04-03,9.5,9.5,10.0,9.5,0.0,350000.0
2002-04-04,10.0,10.0,10.0,10.0,0.0,0.0
2002-04-05,10.0,10.0,10.0,10.0,0.0,0.0
2002-04-08,10.0,9.0,9.5,9.0,0.0,33065.0
2002-04-09,9.5,9.5,9.5,9.5,0.0,0.0
2002-04-10,9.95,9.95,9.5,9.95,0.0,5000.0
2002-04-11,9.95,9.95,9.5,9.95,0.0,5000.0
2002-04-12,9.5,9.5,9.5,9.5,0.0,0.0
2002-04-15,10.5,10.5,10.0,10.5,0.0,15000.0
2002-04-16,9.75,9.5,10.0,9.5,0.0,60000.0
2002-04-17,10.0,10.0,10.0,10.0,0.0,0.0
2002-04-18,9.5,9.5,10.0,9.5,0.0,6750.0
2002-04-19,10.0,9.5,10.0,9.6,0.0,165000.0
2002-04-22,10.0,10.0,10.0,10.0,0.0,0.0
2002-04-23,10.5,9.6,10.0,9.6,0.0,255000.0
2002-04-24,10.45,9.5,10.5,10.45,0.0,40618.0
2002-04-25,10.5,10.5,10.5,10.5,0.0,0.0
2002-04-26,10.95,10.55,10.75,10.95,0.0,22000.0
2002-04-29,10.75,10.75,10.75,10.75,0.0,0.0
2002-04-30,12.5,11.45,12.5,11.5,0.0,287949.0
2002-05-01,13.0,12.0,13.0,13.0,0.0,361000.0
2002-05-02,14.0,13.1,13.5,13.4,0.0,68050.0
2002-05-03,15.0,13.6,14.5,13.6,0.0,136216.0
2002-05-06,14.5,14.5,14.5,14.5,0.0,0.0
2002-05-07,16.4,14.65,16.0,14.9,0.0,118987.0
2002-05-08,16.5,15.5,16.0,16.5,0.0,148821.0
2002-05-09,16.5,15.6,16.0,15.6,0.0,17854.0
2002-05-10,15.61,14.5,15.0,15.61,0.0,121348.0
2002-05-13,16.0,14.5,15.0,14.75,0.0,147025.0
2002-05-14,16.0,14.6,15.0,16.0,0.0,227994.0
2002-05-15,15.0,14.6,15.0,14.6,0.0,260000.0
2002-05-16,15.4,14.5,14.75,15.4,0.0,36493.0
2002-05-17,14.5275,14.5,14.75,14.5,0.0,33616.0
2002-05-20,14.05,14.0,14.25,14.05,0.0,391732.0
2002-05-21,14.5,14.055,14.25,14.5,0.0,6000.0
2002-05-22,14.9,14.9,14.5,14.9,0.0,3000.0
2002-05-23,14.0,14.0,14.25,14.0,0.0,100000.0
2002-05-24,14.25,14.25,14.25,14.25,0.0,10000.0
2002-05-27,14.25,14.0275,14.25,14.25,0.0,8000.0
2002-05-28,14.01,14.01,14.25,14.01,0.0,4750.0
2002-05-29,14.2,14.2,14.25,14.2,0.0,5000.0
2002-05-30,14.25,14.25,14.25,14.25,0.0,0.0
2002-05-31,14.25,14.25,14.25,14.25,0.0,0.0
2002-06-03,14.25,14.25,14.25,14.25,0.0,0.0
2002-06-04,14.25,14.25,14.25,14.25,0.0,0.0
2002-06-05,14.055,14.055,14.25,14.055,0.0,1818.0
2002-06-06,14.25,14.25,14.25,14.25,0.0,0.0
2002-06-07,14.0,14.0,14.25,14.0,0.0,3000000.0
2002-06-10,14.055,13.5,13.75,14.055,0.0,854657.0
2002-06-11,13.555,13.5,13.75,13.5,0.0,16884.0
2002-06-12,13.75,13.75,13.75,13.75,0.0,0.0
2002-06-13,13.5,13.5,13.75,13.5,0.0,50000.0
2002-06-14,13.75,13.75,13.75,13.75,0.0,0.0
2002-06-17,13.555,13.555,13.75,13.555,0.0,10000.0
2002-06-18,14.0,13.61,14.25,14.0,0.0,503000.0
2002-06-19,14.0,14.0,13.5,14.0,0.0,100000.0
2002-06-20,13.5,13.05,13.75,13.05,0.0,157217.0
2002-06-21,14.4,13.75,14.25,14.0,0.0,650000.0
2002-06-24,14.94,13.9,14.5,14.94,0.0,14864.0
2002-06-25,16.0,14.5,15.0,15.95,0.0,111329.0
2002-06-26,14.5,13.5,14.0,13.55,0.0,833339.0
2002-06-27,14.5,13.5,14.0,13.6,0.0,150122.0
2002-06-28,14.4,13.6,14.0,13.75,0.0,1375000.0
2002-07-01,14.25,13.5,13.75,14.25,0.0,552452.0
2002-07-02,13.95,13.95,14.0,13.95,0.0,30000.0
2002-07-03,14.4,13.75,14.0,14.4,0.0,273368.0
2002-07-04,14.4,13.5,13.75,14.4,0.0,60000.0
2002-07-05,13.65,13.05,13.5,13.05,0.0,2500.0
2002-07-08,13.65,13.65,13.5,13.65,0.0,9000.0
2002-07-09,13.5,13.05,13.25,13.05,0.0,39750.0
2002-07-10,13.25,13.05,13.25,13.05,0.0,40000.0
2002-07-11,12.1,12.0,12.5,12.1,0.0,304235.0
2002-07-12,12.5,12.5,12.5,12.5,0.0,0.0
2002-07-15,13.0,12.95,12.5,13.0,0.0,642.0
2002-07-16,12.1,12.1,12.5,12.1,0.0,3353.0
2002-07-17,12.9,12.9,12.5,12.9,0.0,2000.0
2002-07-18,13.0,12.9375,12.5,12.9375,0.0,340000.0
2002-07-19,12.5,12.5,12.5,12.5,0.0,0.0
2002-07-22,12.9,12.0,12.5,12.1,0.0,34732.0
2002-07-23,12.9,12.9,12.5,12.9,0.0,10000.0
2002-07-24,12.0,12.0,12.5,12.0,0.0,28000.0
2002-07-25,12.9,12.0,12.25,12.0,0.0,102597.0
2002-07-26,11.65,11.65,12.0,11.65,0.0,10000.0
2002-07-29,12.0,12.0,12.0,12.0,0.0,0.0
2002-07-30,12.0,12.0,12.0,12.0,0.0,0.0
2002-07-31,12.4,12.4,12.0,12.4,0.0,1000.0
2002-08-01,12.0,12.0,12.0,12.0,0.0,0.0
2002-08-02,12.0,12.0,12.0,12.0,0.0,0.0
2002-08-05,12.0,12.0,12.0,12.0,0.0,0.0
2002-08-06,12.0,12.0,12.0,12.0,0.0,0.0
2002-08-07,12.0,12.0,12.0,12.0,0.0,0.0
2002-08-08,12.0,12.0,12.0,12.0,0.0,0.0
2002-08-09,12.4,11.55,12.25,12.0,0.0,286000.0
2002-08-12,12.95,12.5,12.75,12.5,0.0,78250.0
2002-08-13,12.75,12.75,12.75,12.75,0.0,0.0
2002-08-14,12.95,12.95,12.75,12.95,0.0,3500.0
2002-08-15,12.95,12.95,12.75,12.95,0.0,12823.0
2002-08-16,12.55,12.52,12.75,12.52,0.0,4500.0
2002-08-19,12.95,12.5,12.75,12.95,0.0,41112.0
2002-08-20,13.0,12.95,12.75,12.95,0.0,47500.0
2002-08-21,12.75,12.75,12.75,12.75,0.0,0.0
2002-08-22,13.0,12.95,12.75,12.95,0.0,42300.0
2002-08-23,12.95,12.63,12.75,12.63,0.0,4420.0
2002-08-26,12.75,12.75,12.75,12.75,0.0,0.0
2002-08-27,13.5,13.395,13.25,13.395,0.0,181000.0
2002-08-28,13.5,13.05,13.25,13.05,0.0,148825.0
2002-08-29,14.3,13.5,13.75,13.5,0.0,20000.0
2002-08-30,14.3,13.5,13.75,14.3,0.0,159000.0
2002-09-02,13.75,13.75,13.75,13.75,0.0,0.0
2002-09-03,14.5,14.5,13.75,14.5,0.0,55700.0
2002-09-04,13.75,13.75,13.75,13.75,0.0,0.0
2002-09-05,14.5,14.5,13.75,14.5,0.0,360000.0
2002-09-06,14.3,14.3,13.75,14.3,0.0,8500.0
2002-09-09,13.75,13.75,13.75,13.75,0.0,0.0
2002-09-10,13.35,13.3,13.75,13.35,0.0,30500.0
2002-09-11,13.3,13.3,13.75,13.3,0.0,10000.0
2002-09-12,14.0,13.0,13.75,13.0,0.0,145031.0
2002-09-13,14.5,13.165,14.0,14.3,0.0,155060.0
2002-09-16,16.0,14.5,15.5,14.5,0.0,133500.0
2002-09-17,17.61,15.9,18.0,15.9,0.0,214300.0
2002-09-18,17.75,16.0,16.75,17.75,0.0,145300.0
2002-09-19,17.0,16.0,16.5,16.0,0.0,110700.0
2002-09-20,16.73,16.0,16.5,16.05,0.0,56000.0
2002-09-23,16.83,16.0,16.0,16.83,0.0,52000.0
2002-09-24,15.15,15.15,15.75,15.15,0.0,500.0
2002-09-25,18.5,15.5,17.5,16.0,0.0,475000.0
2002-09-26,17.25,16.0,16.5,17.25,0.0,245500.0
2002-09-27,16.45,16.45,16.25,16.45,0.0,6097.0
2002-09-30,16.45,16.45,15.5,16.45,0.0,54000.0
2002-10-01,15.5,15.5,15.5,15.5,0.0,0.0
2002-10-02,15.0,15.0,15.5,15.0,0.0,7500.0
2002-10-03,15.9,15.9,15.5,15.9,0.0,6031.0
2002-10-04,15.0,15.0,15.25,15.0,0.0,55700.0
2002-10-07,15.25,15.25,15.25,15.25,0.0,0.0
2002-10-08,14.72,14.72,15.25,14.72,0.0,10000.0
2002-10-09,15.835,15.8,15.25,15.835,0.0,10250.0
2002-10-10,15.25,15.25,15.25,15.25,0.0,0.0
2002-10-11,14.665,14.665,15.25,14.665,0.0,8577.0
2002-10-14,14.95,14.5,14.75,14.72,0.0,23000.0
2002-10-15,15.0,14.95,15.25,14.95,0.0,50057.0
2002-10-16,15.0,14.4375,14.75,14.9,0.0,116711.0
2002-10-17,15.5,15.0,15.0,15.5,0.0,90000.0
2002-10-18,15.5,14.75,15.0,14.75,0.0,53767.0
2002-10-21,15.0,15.0,15.0,15.0,0.0,0.0
2002-10-22,14.6,14.6,15.0,14.6,0.0,10000.0
2002-10-23,15.25,15.25,15.0,15.25,0.0,2000.0
2002-10-24,15.4,15.0,15.0,15.4,0.0,3919.0
2002-10-25,15.0,15.0,15.0,15.0,0.0,0.0
2002-10-28,15.25,14.5,15.0,15.25,0.0,121935.0
2002-10-29,15.4,14.5,14.5,15.4,0.0,53300.0
2002-10-30,14.35,13.5,14.0,13.5,0.0,100000.0
2002-10-31,13.65,13.65,13.75,13.65,0.0,4000.0
2002-11-01,14.25,14.05,13.75,14.05,0.0,48465.0
2002-11-04,14.0,13.0,13.5,13.18,0.0,96241.0
2002-11-05,13.5,13.5,13.5,13.5,0.0,0.0
2002-11-06,13.5,12.5,12.5,13.0,0.0,90000.0
2002-11-07,13.0,12.88,12.75,12.88,0.0,65000.0
2002-11-08,12.75,12.75,12.75,12.75,0.0,0.0
2002-11-11,12.75,12.0,12.5,12.12,0.0,26011.0
2002-11-12,12.5,12.5,12.5,12.5,0.0,0.0
2002-11-13,12.75,12.75,12.5,12.75,0.0,7000.0
2002-11-14,12.85,12.75,12.5,12.85,0.0,25666.0
2002-11-15,13.0,12.75,12.75,12.75,0.0,125508.0
2002-11-18,13.32,13.32,13.0,13.32,0.0,5000.0
2002-11-19,13.0,13.0,13.0,13.0,0.0,0.0
2002-11-20,13.32,13.32,13.0,13.32,0.0,20000.0
2002-11-21,13.3375,13.3375,13.0,13.3375,0.0,3500.0
2002-11-22,13.0,13.0,13.0,13.0,0.0,0.0
2002-11-25,13.32,12.4,13.0,13.32,0.0,19000.0
2002-11-26,13.82,13.0,13.5,13.5,0.0,195714.0
2002-11-27,14.0,14.0,13.5,14.0,0.0,7000.0
2002-11-28,13.0,12.5,12.25,13.0,0.0,16912.0
2002-11-29,12.44,12.37,12.25,12.44,0.0,116047.0
2002-12-02,12.0,12.0,11.75,12.0,0.0,10000.0
2002-12-03,11.94,11.65,11.75,11.94,0.0,10356.0
2002-12-04,11.66,11.09,11.5,11.5,0.0,61654.0
2002-12-05,12.0,11.12,11.5,11.12,0.0,193000.0
2002-12-06,11.88,11.88,11.0,11.88,0.0,6000.0
2002-12-09,12.0,10.93,11.0,12.0,0.0,376442.0
2002-12-10,11.5,10.5,11.0,11.38,0.0,103240.0
2002-12-11,11.5,11.3,11.0,11.3,0.0,46500.0
2002-12-12,11.35,10.62,11.0,11.35,0.0,60650.0
2002-12-13,11.38,10.62,11.0,11.38,0.0,1575.0
2002-12-16,11.5,11.35,11.0,11.5,0.0,50000.0
2002-12-17,11.38,10.65,11.0,11.38,0.0,11393.0
2002-12-18,11.5,11.5,11.0,11.5,0.0,25701.0
2002-12-19,10.75,10.75,10.75,10.75,0.0,1.0
2002-12-20,10.94,10.94,10.75,10.94,0.0,10896.0
2002-12-23,10.72,10.5,10.75,10.53,0.0,208000.0
2002-12-24,10.5,10.5,10.75,10.5,0.0,33561.0
2002-12-25,10.75,10.75,10.75,10.75,0.0,0.0
2002-12-26,10.75,10.75,10.75,10.75,0.0,0.0
2002-12-27,10.75,10.75,10.75,10.75,0.0,0.0
2002-12-30,10.75,10.25,10.75,10.75,0.0,239390.0
2002-12-31,10.5,10.5,10.75,10.5,0.0,25312.0
2003-01-01,10.75,10.75,10.75,10.75,0.0,0.0
2003-01-02,11.0,10.5,10.75,10.57,0.0,84946.0
2003-01-03,11.0,10.12,10.5,10.88,0.0,254226.0
2003-01-06,11.0,10.0,10.5,10.85,0.0,239365.0
2003-01-07,10.85,10.0,10.5,10.25,0.0,652033.0
2003-01-08,11.0,10.0,10.5,10.0,0.0,120266.0
2003-01-09,11.0,10.0,10.5,10.0,0.0,57957.0
2003-01-10,10.95,10.0,10.5,10.15,0.0,216028.0
2003-01-13,11.0,10.0,10.5,10.0,0.0,78460.0
2003-01-14,11.0,10.12,10.5,10.25,0.0,7524.0
2003-01-15,10.25,9.5,10.0,10.12,0.0,182256.0
2003-01-16,10.07,9.5,9.75,9.65,0.0,280964.0
2003-01-17,10.0,9.5,9.75,10.0,0.0,85195.0
2003-01-20,9.5,9.0,9.25,9.5,0.0,364031.0
2003-01-21,9.5,9.0,9.25,9.1,0.0,100697.0
2003-01-22,9.4,9.0,9.25,9.4,0.0,56058.0
2003-01-23,9.1,8.483,9.0,9.1,0.0,364835.0
2003-01-24,8.75,8.0,8.25,8.38,0.0,2992245.0
2003-01-27,8.1,8.06,8.25,8.1,0.0,9375.0
2003-01-28,7.5,4.25,6.5,7.5,0.0,4910102.0
2003-01-29,7.5,6.5,7.25,6.78,0.0,3735643.0
2003-01-30,9.0,6.75,8.5,7.44,0.0,1046937.0
2003-01-31,10.0,8.5,9.25,8.75,0.0,1491183.0
2003-02-03,9.5,8.5,9.0,9.5,0.0,1252430.0
2003-02-04,9.19,8.62,9.0,8.62,0.0,1567931.0
2003-02-05,9.25,8.55,9.0,9.25,0.0,95138.0
2003-02-06,8.62,8.5,9.0,8.55,0.0,334790.0
2003-02-07,9.0,8.5,8.75,8.5,0.0,1708796.0
2003-02-10,9.0,8.75,8.75,9.0,0.0,655080.0
2003-02-11,8.54,7.82,8.25,8.54,0.0,80214.0
2003-02-12,8.75,8.0,8.25,8.0,0.0,161255.0
2003-02-13,8.68,7.82,8.25,8.68,0.0,7320.0
2003-02-14,7.87,7.87,8.25,7.87,0.0,50000.0
2003-02-17,8.75,7.87,8.5,8.5,0.0,535500.0
2003-02-18,8.81,8.07,8.5,8.81,0.0,33020.0
2003-02-19,9.0,7.875,8.75,7.875,0.0,103521.0
2003-02-20,9.77,8.73,9.5,8.73,0.0,1221532.0
2003-02-21,9.85,8.5,9.25,9.15,0.0,289828.0
2003-02-24,9.42,8.65,9.0,9.42,0.0,63200.0
2003-02-25,9.5,8.62,9.25,9.5,0.0,1001161.0
2003-02-26,10.0,9.0,9.5,9.22,0.0,589647.0
2003-02-27,9.88,9.0,9.5,9.88,0.0,371892.0
2003-02-28,9.93,9.88,9.5,9.88,0.0,71478.0
2003-03-03,10.0,9.0,9.5,9.88,0.0,203866.0
2003-03-04,9.9,9.0,9.5,9.9,0.0,163837.0
2003-03-05,9.9,9.25,9.5,9.9,0.0,397039.0
2003-03-06,9.9,9.0,9.5,9.9,0.0,123328.0
2003-03-07,9.9,9.12,9.5,9.12,0.0,55783.0
2003-03-10,9.9,9.26,9.75,9.26,0.0,625413.0
2003-03-11,10.0,9.5,9.75,9.6,0.0,125924.0
2003-03-12,10.0,9.25,9.5,9.63,0.0,149705.0
2003-03-13,9.69,9.0,9.5,9.26,0.0,68185.0
2003-03-14,9.66,9.2,9.5,9.66,0.0,31125.0
2003-03-17,9.2,9.2,9.5,9.2,0.0,3392.0
2003-03-18,9.2,9.0,9.5,9.2,0.0,50866.0
2003-03-19,9.44,9.0,9.0,9.05,0.0,137927.0
2003-03-20,8.76,8.76,9.0,8.76,0.0,4601.0
2003-03-21,9.38,8.5,9.0,9.38,0.0,49448.0
2003-03-24,8.76,8.76,9.0,8.76,0.0,3503.0
2003-03-25,9.38,8.7,9.0,8.7,0.0,8017.0
2003-03-26,8.76,8.76,9.0,8.76,0.0,1759.0
2003-03-27,9.38,8.5,9.0,8.76,0.0,42713.0
2003-03-28,9.38,8.76,9.0,8.76,0.0,12000.0
2003-03-31,9.38,8.75,9.0,8.76,0.0,20744.0
2003-04-01,8.76,8.76,9.0,8.76,0.0,7500.0
2003-04-02,8.76,8.75,9.0,8.76,0.0,15115.0
2003-04-03,8.96,8.6,8.75,8.75,0.0,71053.0
2003-04-04,9.0,8.6,8.75,8.92,0.0,92477.0
2003-04-07,9.0,8.75,8.75,8.96,0.0,82845.0
2003-04-08,8.92,8.75,8.75,8.92,0.0,10900.0
2003-04-09,8.92,8.92,8.75,8.92,0.0,5410.0
2003-04-10,9.38,8.5,9.0,8.96,0.0,2129315.0
2003-04-11,9.4,8.5,9.0,9.35,0.0,118250.0
2003-04-14,8.5,8.5,9.0,8.5,0.0,100112.0
2003-04-15,9.5,8.5,9.0,9.35,0.0,31098.0
2003-04-16,10.0,8.5,9.25,9.3,0.0,166049.0
2003-04-17,10.0,9.0,9.625,9.77,0.0,440004.0
2003-04-18,9.625,9.625,9.625,9.625,0.0,0.0
2003-04-21,9.625,9.625,9.625,9.625,0.0,0.0
2003-04-22,10.0,9.56,9.75,10.0,0.0,204000.0
2003-04-23,10.0,9.92,10.0,9.92,0.0,255796.0
2003-04-24,10.44,9.56,10.25,9.75,0.0,2398192.0
2003-04-25,12.5,10.75,12.0,10.92,0.0,665561.0
2003-04-28,13.0,11.62,12.5,12.38,0.0,599076.0
2003-04-29,13.5,12.26,12.625,12.26,0.0,2178017.0
2003-04-30,13.0,12.1125,12.625,12.98,0.0,663906.0
2003-05-01,12.91,12.25,12.5,12.91,0.0,82611.0
2003-05-02,12.83,12.25,12.5,12.33,0.0,289188.0
2003-05-05,12.5,12.5,12.5,12.5,0.0,0.0
2003-05-06,13.0,12.0,12.5,12.83,0.0,38029.0
2003-05-07,13.24,12.0,12.75,13.24,0.0,1988875.0
2003-05-08,13.5,12.5,13.0,12.5,0.0,161946.0
2003-05-09,13.93,12.77,13.375,12.77,0.0,773545.0
2003-05-12,14.5,13.0,14.0,13.09,0.0,249469.0
2003-05-13,14.45,13.5,14.0,14.45,0.0,130650.0
2003-05-14,14.88,13.5,14.5,13.5,0.0,181950.0
2003-05-15,15.0,14.28,14.5,14.28,0.0,207335.0
2003-05-16,15.0,14.0,14.75,14.28,0.0,112817.0
2003-05-19,15.0,14.5,14.75,14.53,0.0,162942.0
2003-05-20,15.0,14.53,14.75,14.53,0.0,144132.0
2003-05-21,15.0,14.5,14.75,14.56,0.0,295011.0
2003-05-22,14.97,14.5,14.75,14.97,0.0,118120.0
2003-05-23,14.97,14.0,14.5,14.56,0.0,65200.0
2003-05-26,14.5,14.5,14.5,14.5,0.0,0.0
2003-05-27,14.47,14.0,14.25,14.0,0.0,296500.0
2003-05-28,14.44,14.0,14.25,14.03,0.0,47232.0
2003-05-29,14.31,13.0,13.5,13.08,0.0,441567.0
2003-05-30,13.88,13.12,14.0,13.23,0.0,112140.0
2003-06-02,14.5,13.62,14.25,14.5,0.0,114656.0
2003-06-03,15.0,13.68,14.25,15.0,0.0,110000.0
2003-06-04,14.89,13.61,14.25,13.85,0.0,12897.0
2003-06-05,15.43,14.25,15.0,14.25,0.0,2096939.0
2003-06-06,16.88,15.23,16.5,15.88,0.0,134138.0
2003-06-09,18.5,17.0,18.25,18.0,0.0,1652712.0
2003-06-10,18.5,17.0,18.0,18.5,0.0,1016230.0
2003-06-11,18.5,17.5,17.75,18.25,0.0,1842749.0
2003-06-12,18.5,17.26,17.75,18.0,0.0,107795.0
2003-06-13,19.0,17.0,18.75,18.42,0.0,312713.0
2003-06-16,20.5,18.53,19.75,18.53,0.0,540277.0
2003-06-17,21.0,19.35,20.25,20.5,0.0,377331.0
2003-06-18,21.0,19.5,20.0,21.0,0.0,225471.0
2003-06-19,20.5,19.5,20.0,20.5,0.0,670790.0
2003-06-20,20.5,19.5,20.0,19.5,0.0,1485751.0
2003-06-23,21.0,19.57,20.0,20.17,0.0,486555.0
2003-06-24,20.0,19.0,19.0,19.06,0.0,340789.0
2003-06-25,19.5,18.57,19.25,18.67,0.0,200195.0
2003-06-26,19.42,19.0,19.25,19.42,0.0,135707.0
2003-06-27,19.5,19.0,19.25,19.0,0.0,76535.0
2003-06-30,20.0,19.0,19.5,19.02,0.0,78516.0
2003-07-01,19.84,19.0,19.25,19.0,0.0,121121.0
2003-07-02,20.0,18.76,19.25,19.09,0.0,249055.0
2003-07-03,20.0,20.0,19.25,20.0,0.0,200.0
2003-07-04,18.76,18.5,19.25,18.76,0.0,15641.0
2003-07-07,20.0,19.5,19.75,20.0,0.0,148181.0
2003-07-08,20.0,19.5,19.75,20.0,0.0,1129376.0
2003-07-09,19.92,19.17,19.5,19.92,0.0,709599.0
2003-07-10,19.84,18.5,19.0,19.84,0.0,409106.0
2003-07-11,19.34,18.5,19.0,18.5,0.0,123792.0
2003-07-14,19.5,18.0,18.75,18.61,0.0,83789.0
2003-07-15,19.5,18.0,18.75,19.12,0.0,11582.0
2003-07-16,19.5,18.0,18.75,19.5,0.0,2115493.0
2003-07-17,19.12,18.0,18.75,18.0,0.0,32030.0
2003-07-18,19.5,18.5,19.0,19.5,0.0,17272.0
2003-07-21,19.25,19.0,19.25,19.0,0.0,36343.0
2003-07-22,19.25,19.0,19.0,19.0,0.0,7815.0
2003-07-23,19.0,19.0,19.0,19.0,0.0,6458.0
2003-07-24,19.0,19.0,19.0,19.0,0.0,35171.0
2003-07-25,19.0,19.0,19.0,19.0,0.0,115143.0
2003-07-28,20.25,19.5,20.0,19.5,0.0,2496426.0
2003-07-29,20.0,19.75,20.0,20.0,0.0,307048.0
2003-07-30,20.0,18.75,18.75,20.0,0.0,201432.0
2003-07-31,18.75,18.75,18.75,18.75,0.0,90882.0
2003-08-01,18.75,18.25,18.5,18.75,0.0,459471.0
2003-08-04,19.5,18.5,19.5,18.5,0.0,397147.0
2003-08-05,19.5,19.5,19.5,19.5,0.0,138205.0
2003-08-06,19.5,19.5,19.5,19.5,0.0,0.0
2003-08-07,20.0,19.5,20.0,19.5,0.0,44783.0
2003-08-08,20.0,19.75,19.75,20.0,0.0,86235.0
2003-08-11,19.75,19.75,19.75,19.75,0.0,37174.0
2003-08-12,19.75,19.5,19.5,19.75,0.0,339517.0
2003-08-13,19.5,19.5,19.5,19.5,0.0,60284.0
2003-08-14,19.5,19.5,19.5,19.5,0.0,120435.0
2003-08-15,19.5,19.5,19.5,19.5,0.0,84454.0
2003-08-18,19.75,19.5,19.5,19.5,0.0,227111.0
2003-08-19,20.5,19.5,20.5,19.5,0.0,719004.0
2003-08-20,23.0,20.5,23.0,20.5,0.0,999729.0
2003-08-21,25.0,23.0,24.75,23.0,0.0,2342716.0
2003-08-22,26.0,24.75,26.0,24.75,0.0,702892.0
2003-08-25,26.0,26.0,26.0,26.0,0.0,0.0
2003-08-26,25.75,24.25,24.5,25.75,0.0,568849.0
2003-08-27,24.5,24.25,24.25,24.5,0.0,168930.0
2003-08-28,24.25,24.25,24.25,24.25,0.0,52000.0
2003-08-29,24.25,24.25,24.25,24.25,0.0,73000.0
2003-09-01,24.25,24.0,24.0,24.25,0.0,64269.0
2003-09-02,24.0,22.5,22.75,24.0,0.0,78048.0
2003-09-03,22.75,22.75,22.75,22.75,0.0,36075.0
2003-09-04,23.0,22.5,22.5,23.0,0.0,23125.0
2003-09-05,22.5,22.25,22.25,22.5,0.0,35776.0
2003-09-08,22.25,21.25,21.25,22.25,0.0,939370.0
2003-09-09,21.25,20.5,20.75,21.25,0.0,187126.0
2003-09-10,20.75,20.0,20.0,20.75,0.0,199820.0
2003-09-11,20.25,19.75,19.75,20.25,0.0,394147.0
2003-09-12,19.75,19.5,19.5,19.75,0.0,541970.0
2003-09-15,19.75,19.25,19.75,19.25,0.0,4250401.0
2003-09-16,20.0,19.75,20.0,19.75,0.0,281534.0
2003-09-17,20.0,20.0,20.0,20.0,0.0,1272142.0
2003-09-18,20.0,20.0,20.0,20.0,0.0,242255.0
2003-09-19,20.0,20.0,20.0,20.0,0.0,2357471.0
2003-09-22,20.0,19.75,20.0,20.0,0.0,583661.0
2003-09-23,20.0,20.0,20.0,20.0,0.0,219949.0
2003-09-24,20.0,20.0,20.0,20.0,0.0,119750.0
2003-09-25,20.0,20.0,20.0,20.0,0.0,58244.0
2003-09-26,20.0,20.0,20.0,20.0,0.0,62928.0
2003-09-29,20.0,19.5,19.5,20.0,0.0,33105.0
2003-09-30,19.5,19.25,19.25,19.5,0.0,151944.0
2003-10-01,19.25,19.25,19.25,19.25,0.0,3937.0
2003-10-02,19.25,19.25,19.25,19.25,0.0,267526.0
2003-10-03,19.25,19.25,19.25,19.25,0.0,66709.0
2003-10-06,19.25,19.25,19.25,19.25,0.0,1694131.0
2003-10-07,19.25,19.25,19.25,19.25,0.0,43079.0
2003-10-08,19.25,19.25,19.25,19.25,0.0,33909.0
2003-10-09,19.25,19.25,19.25,19.25,0.0,11436.0
2003-10-10,19.25,19.0,19.0,19.25,0.0,51592.0
2003-10-13,19.0,19.0,19.0,19.0,0.0,21584.0
2003-10-14,19.25,19.0,19.0,19.0,0.0,144969.0
2003-10-15,19.0,19.0,19.0,19.0,0.0,39339.0
2003-10-16,19.25,19.0,19.0,19.25,0.0,42387.0
2003-10-17,19.0,19.0,19.0,19.0,0.0,14839.0
2003-10-20,19.5,19.0,19.5,19.0,0.0,107318.0
2003-10-21,19.5,19.5,19.5,19.5,0.0,189939.0
2003-10-22,19.5,18.75,18.75,19.5,0.0,87801.0
2003-10-23,18.75,18.75,18.75,18.75,0.0,4900.0
2003-10-24,18.75,18.75,18.75,18.75,0.0,22207.0
2003-10-27,18.75,18.75,18.75,18.75,0.0,16900.0
2003-10-28,18.75,18.75,18.75,18.75,0.0,232775.0
2003-10-29,18.75,18.75,18.75,18.75,0.0,200.0
2003-10-30,18.75,18.5,18.5,18.75,0.0,12430.0
2003-10-31,19.0,18.5,19.0,18.5,0.0,392250.0
2003-11-03,19.0,18.75,19.0,19.0,0.0,80431.0
2003-11-04,19.0,19.0,19.0,19.0,0.0,6517.0
2003-11-05,19.0,19.0,19.0,19.0,0.0,11104.0
2003-11-06,19.0,19.0,19.0,19.0,0.0,64469.0
2003-11-07,19.0,18.75,18.75,19.0,0.0,1703005.0
2003-11-10,18.75,18.75,18.75,18.75,0.0,2000.0
2003-11-11,18.75,18.25,18.25,18.75,0.0,107285.0
2003-11-12,18.5,18.25,18.5,18.25,0.0,316404.0
2003-11-13,18.5,18.5,18.5,18.5,0.0,212500.0
2003-11-14,18.5,18.5,18.5,18.5,0.0,36237.0
2003-11-17,18.5,18.5,18.5,18.5,0.0,95819.0
2003-11-18,18.5,18.5,18.5,18.5,0.0,48363.0
2003-11-19,18.5,18.5,18.5,18.5,0.0,5079.0
2003-11-20,18.5,18.5,18.5,18.5,0.0,256.0
2003-11-21,18.5,18.5,18.5,18.5,0.0,753000.0
2003-11-24,18.5,18.5,18.5,18.5,0.0,16033.0
2003-11-25,18.5,18.5,18.5,18.5,0.0,56840.0
2003-11-26,18.75,18.5,18.75,18.5,0.0,64438.0
2003-11-27,18.75,18.75,18.75,18.75,0.0,5710.0
2003-11-28,18.75,18.75,18.75,18.75,0.0,28200.0
2003-12-01,18.75,18.75,18.75,18.75,0.0,38440.0
2003-12-02,18.75,18.75,18.75,18.75,0.0,89454.0
2003-12-03,18.75,18.75,18.75,18.75,0.0,26700.0
2003-12-04,18.75,18.75,18.75,18.75,0.0,3857.0
2003-12-05,19.0,18.5,19.0,18.75,0.0,113976.0
2003-12-08,19.0,19.0,19.0,19.0,0.0,651597.0
2003-12-09,18.75,18.75,18.75,18.75,0.0,23604.0
2003-12-10,18.75,18.75,18.75,18.75,0.0,2925.0
2003-12-11,18.5,18.5,18.5,18.5,0.0,84662.0
2003-12-12,18.5,18.5,18.5,18.5,0.0,62912.0
2003-12-15,18.5,18.5,18.5,18.5,0.0,33775.0
2003-12-16,18.5,18.5,18.5,18.5,0.0,27519.0
2003-12-17,18.5,18.5,18.5,18.5,0.0,8160.0
2003-12-18,18.5,18.5,18.5,18.5,0.0,1000.0
2003-12-19,18.5,18.5,18.5,18.5,0.0,0.0
2003-12-22,18.5,18.5,18.5,18.5,0.0,12908.0
2003-12-23,18.5,18.5,18.5,18.5,0.0,17354.0
2003-12-24,18.5,18.5,18.5,18.5,0.0,29500.0
2003-12-25,18.5,18.5,18.5,18.5,0.0,0.0
2003-12-26,18.5,18.5,18.5,18.5,0.0,0.0
2003-12-29,18.25,18.25,18.25,18.25,0.0,20154.0
2003-12-30,18.25,18.0,18.0,18.25,0.0,31298.0
2003-12-31,18.0,18.0,18.0,18.0,0.0,10931.0
2004-01-01,18.0,18.0,18.0,18.0,0.0,0.0
2004-01-02,19.25,18.25,19.25,18.25,0.0,1165331.0
2004-01-04,19.25,19.25,19.25,19.25,0.0,0.0
2004-01-05,19.75,19.25,19.75,19.25,0.0,2110113.0
2004-01-06,21.75,20.0,20.75,20.0,0.0,6695821.0
2004-01-07,21.75,20.75,21.25,20.75,0.0,4678866.0
2004-01-08,21.75,21.5,21.5,21.5,0.0,4272178.0
2004-01-09,21.5,21.5,21.5,21.5,0.0,1045742.0
2004-01-12,21.5,20.75,20.75,21.5,0.0,1165555.0
2004-01-13,20.5,17.5,19.25,20.5,0.0,1951406.0
2004-01-14,19.25,18.5,18.5,19.25,0.0,457366.0
2004-01-15,18.5,18.5,18.5,18.5,0.0,256922.0
2004-01-16,18.5,18.0,18.0,18.5,0.0,551096.0
2004-01-19,18.0,17.75,17.75,18.0,0.0,294282.0
2004-01-20,17.75,17.25,17.75,17.75,0.0,503400.0
2004-01-21,18.25,18.0,18.25,18.0,0.0,688258.0
2004-01-22,18.25,18.25,18.25,18.25,0.0,480326.0
2004-01-23,18.25,16.75,16.75,18.25,0.0,402540.0
2004-01-26,17.25,16.75,17.25,16.75,0.0,455545.0
2004-01-27,17.5,17.25,17.5,17.25,0.0,54696.0
2004-01-28,17.5,17.5,17.5,17.5,0.0,47547.0
2004-01-29,17.5,17.0,17.0,17.5,0.0,273475.0
2004-01-30,17.0,16.25,16.25,17.0,0.0,1072207.0
2004-02-02,16.75,16.0,16.75,16.25,0.0,1078400.0
2004-02-03,16.75,16.75,16.75,16.75,0.0,334814.0
2004-02-04,17.25,16.75,17.25,16.75,0.0,896766.0
2004-02-05,17.25,17.25,17.25,17.25,0.0,1770539.0
2004-02-06,16.75,16.5,16.5,16.75,0.0,332557.0
2004-02-09,16.5,16.25,16.25,16.5,0.0,256364.0
2004-02-10,16.25,15.75,15.75,16.25,0.0,275356.0
2004-02-11,15.75,15.75,15.75,15.75,0.0,103057.0
2004-02-12,16.5,15.75,16.5,15.75,0.0,495859.0
2004-02-13,16.75,16.5,16.75,16.5,0.0,4499780.0
2004-02-16,16.75,16.5,16.5,16.75,0.0,77830.0
2004-02-17,16.5,16.5,16.5,16.5,0.0,56074.0
2004-02-18,16.5,16.5,16.5,16.5,0.0,14570.0
2004-02-19,18.0,17.0,18.0,17.0,0.0,873055.0
2004-02-20,19.0,18.0,19.0,18.0,0.0,515633.0
2004-02-23,19.75,19.0,19.0,19.0,0.0,320608.0
2004-02-24,19.0,18.5,18.5,19.0,0.0,144055.0
2004-02-25,18.5,18.5,18.5,18.5,0.0,21032.0
2004-02-26,18.5,18.0,18.0,18.5,0.0,68430.0
2004-02-27,18.25,18.0,18.25,18.0,0.0,30717.0
2004-03-01,19.25,18.25,19.0,18.25,0.0,622745.0
2004-03-02,19.0,19.0,19.0,19.0,0.0,96915.0
2004-03-03,19.0,19.0,19.0,19.0,0.0,67391.0
2004-03-04,19.0,19.0,19.0,19.0,0.0,150954.0
2004-03-05,19.0,19.0,19.0,19.0,0.0,378822.0
2004-03-08,19.5,19.0,19.5,19.0,0.0,533451.0
2004-03-09,19.75,19.25,19.75,19.25,0.0,191622.0
2004-03-10,19.75,19.75,19.75,19.75,0.0,319177.0
2004-03-11,19.75,19.5,19.5,19.75,0.0,123537.0
2004-03-12,19.5,19.5,19.5,19.5,0.0,152081.0
2004-03-15,19.5,19.25,19.25,19.5,0.0,213481.0
2004-03-16,19.0,18.75,18.75,19.0,0.0,362036.0
2004-03-17,19.0,18.75,19.0,18.75,0.0,123859.0
2004-03-18,19.0,19.0,19.0,19.0,0.0,31530.0
2004-03-19,19.25,19.0,19.25,19.0,0.0,51375.0
2004-03-22,19.25,19.25,19.25,19.25,0.0,28950.0
2004-03-23,19.25,19.0,19.0,19.25,0.0,89396.0
2004-03-24,19.0,19.0,19.0,19.0,0.0,68418.0
2004-03-25,19.0,18.75,18.75,19.0,0.0,93065.0
2004-03-26,18.75,18.5,18.5,18.75,0.0,34151.0
2004-03-29,18.5,17.0,17.0,18.5,0.0,286951.0
2004-03-30,17.0,16.75,17.0,17.0,0.0,479982.0
2004-03-31,17.0,17.0,17.0,17.0,0.0,0.0
2004-04-01,17.0,17.0,17.0,17.0,0.0,4033269.0
2004-04-02,17.0,17.0,17.0,17.0,0.0,61368.0
2004-04-05,17.25,17.0,17.25,17.0,0.0,422099.0
2004-04-06,17.25,17.25,17.25,17.25,0.0,1416163.0
2004-04-07,17.25,17.25,17.25,17.25,0.0,75818.0
2004-04-08,17.25,17.25,17.25,17.25,0.0,20550.0
2004-04-09,17.25,17.25,17.25,17.25,0.0,0.0
2004-04-12,17.25,17.25,17.25,17.25,0.0,0.0
2004-04-13,17.25,17.25,17.25,17.25,0.0,27080.0
2004-04-14,17.25,17.25,17.25,17.25,0.0,16263.0
2004-04-15,17.25,17.25,17.25,17.25,0.0,509000.0
2004-04-16,17.25,17.25,17.25,17.25,0.0,131656.0
2004-04-19,17.25,17.25,17.25,17.25,0.0,46250.0
2004-04-20,17.25,17.0,17.0,17.25,0.0,20546.0
2004-04-21,16.5,15.5,15.5,16.5,0.0,345605.0
2004-04-22,15.5,15.5,15.5,15.5,0.0,311509.0
2004-04-23,15.5,15.25,15.25,15.5,0.0,335173.0
2004-04-26,15.25,15.25,15.25,15.25,0.0,27851.0
2004-04-27,15.5,15.25,15.5,15.25,0.0,551157.0
2004-04-28,15.5,15.5,15.5,15.5,0.0,7280.0
2004-04-29,15.5,15.5,15.5,15.5,0.0,105275.0
2004-04-30,15.5,15.5,15.5,15.5,0.0,36900.0
2004-05-03,15.5,15.5,15.5,15.5,0.0,0.0
2004-05-04,15.5,15.5,15.5,15.5,0.0,5000.0
2004-05-05,15.5,15.5,15.5,15.5,0.0,11125.0
2004-05-06,15.5,15.5,15.5,15.5,0.0,151577.0
2004-05-07,15.75,15.5,15.75,15.5,0.0,111531.0
2004-05-10,15.75,14.75,14.75,15.75,0.0,170690.0
2004-05-11,14.75,14.75,14.75,14.75,0.0,40631.0
2004-05-12,14.75,14.75,14.75,14.75,0.0,68668.0
2004-05-13,14.75,14.75,14.75,14.75,0.0,2618.0
2004-05-14,14.75,14.25,14.25,14.75,0.0,44200.0
2004-05-17,14.25,14.25,14.25,14.25,0.0,229338.0
2004-05-18,14.25,14.25,14.25,14.25,0.0,19883.0
2004-05-19,14.25,14.25,14.25,14.25,0.0,20425.0
2004-05-20,14.25,14.25,14.25,14.25,0.0,19427.0
2004-05-21,14.25,14.25,14.25,14.25,0.0,54000.0
2004-05-24,14.25,13.75,13.75,14.25,0.0,11448.0
2004-05-25,13.75,13.25,13.25,13.75,0.0,58150.0
2004-05-26,14.0,13.0,14.0,13.75,0.0,766010.0
2004-05-27,14.5,14.0,14.5,14.0,0.0,179409.0
2004-05-28,14.75,14.5,14.75,14.5,0.0,153379.0
2004-05-31,14.75,14.75,14.75,14.75,0.0,0.0
2004-06-01,16.25,15.5,15.75,16.0,0.0,979216.0
2004-06-02,15.75,15.5,15.5,15.75,0.0,177605.0
2004-06-03,15.5,15.5,15.5,15.5,0.0,179989.0
2004-06-04,15.5,15.25,15.25,15.5,0.0,129972.0
2004-06-07,15.0,15.0,15.0,15.0,0.0,12126.0
2004-06-08,15.0,15.0,15.0,15.0,0.0,121747.0
2004-06-09,15.0,14.75,14.75,15.0,0.0,82047.0
2004-06-10,14.75,14.25,14.5,14.75,0.0,272541.0
2004-06-11,14.5,14.5,14.5,14.5,0.0,74596.0
2004-06-14,14.5,14.5,14.5,14.5,0.0,164664.0
2004-06-15,14.5,14.5,14.5,14.5,0.0,21125.0
2004-06-16,14.5,14.5,14.5,14.5,0.0,165566.0
2004-06-17,14.5,14.5,14.5,14.5,0.0,157466.0
2004-06-18,14.75,14.5,14.5,14.5,0.0,306164.0
2004-06-21,15.0,14.5,15.0,14.5,0.0,545049.0
2004-06-22,16.0,15.0,16.0,15.0,0.0,1026784.0
2004-06-23,16.0,16.0,16.0,16.0,0.0,168700.0
2004-06-24,17.25,16.0,17.25,16.0,0.0,828850.0
2004-06-25,17.5,17.25,17.5,17.25,0.0,194154.0
2004-06-28,18.0,17.5,18.0,17.5,0.0,287740.0
2004-06-29,18.0,17.25,17.25,18.0,0.0,154112.0
2004-06-30,17.25,17.0,17.0,17.25,0.0,75918.0
2004-07-01,17.0,17.0,17.0,17.0,0.0,90902.0
2004-07-02,17.0,17.0,17.0,17.0,0.0,3000.0
2004-07-05,17.0,17.0,17.0,17.0,0.0,97375.0
2004-07-06,17.25,17.0,17.0,17.25,0.0,808874.0
2004-07-07,17.25,17.0,17.25,17.0,0.0,305070.0
2004-07-08,17.25,17.25,17.25,17.25,0.0,24200.0
2004-07-09,17.25,17.25,17.25,17.25,0.0,1591.0
2004-07-12,17.5,17.0,17.25,17.25,0.0,477200.0
2004-07-13,18.25,17.25,18.0,17.25,0.0,441721.0
2004-07-14,18.5,18.0,18.25,18.0,0.0,180619.0
2004-07-15,18.25,18.25,18.25,18.25,0.0,83085.0
2004-07-16,18.25,18.25,18.25,18.25,0.0,34607.0
2004-07-19,18.25,18.25,18.25,18.25,0.0,36160.0
2004-07-20,18.25,17.25,17.25,18.25,0.0,320375.0
2004-07-21,17.25,17.0,17.0,17.25,0.0,230703.0
2004-07-22,17.0,17.0,17.0,17.0,0.0,284618.0
2004-07-23,17.0,16.75,16.75,17.0,0.0,39808.0
2004-07-26,17.0,16.75,17.0,16.75,0.0,167572.0
2004-07-27,17.25,17.0,17.0,17.25,0.0,55126.0
2004-07-28,17.0,16.5,16.5,17.0,0.0,82633.0
2004-07-29,16.5,16.5,16.5,16.5,0.0,69235.0
2004-07-30,16.5,16.5,16.5,16.5,0.0,45205.0
2004-08-02,16.5,16.5,16.5,16.5,0.0,15985.0
2004-08-03,16.5,16.5,16.5,16.5,0.0,11837.0
2004-08-04,16.5,16.0,16.0,16.5,0.0,117071.0
2004-08-05,16.0,16.0,16.0,16.0,0.0,16841.0
2004-08-06,16.0,16.0,16.0,16.0,0.0,21402.0
2004-08-09,16.0,15.5,15.5,16.0,0.0,25144.0
2004-08-10,15.5,15.0,15.0,15.5,0.0,82403.0
2004-08-11,15.0,15.0,15.0,15.0,0.0,71952.0
2004-08-12,15.0,15.0,15.0,15.0,0.0,13000.0
2004-08-13,15.0,15.0,15.0,15.0,0.0,13724.0
2004-08-16,15.0,14.5,14.5,15.0,0.0,117597.0
2004-08-17,14.5,14.5,14.5,14.5,0.0,38020.0
2004-08-18,14.5,14.5,14.5,14.5,0.0,38434.0
2004-08-19,14.5,14.25,14.25,14.5,0.0,719315.0
2004-08-20,14.25,14.25,14.25,14.25,0.0,125208.0
2004-08-23,14.5,14.25,14.5,14.25,0.0,220686.0
2004-08-24,14.5,14.25,14.25,14.5,0.0,38950.0
2004-08-25,14.25,14.25,14.25,14.25,0.0,13901.0
2004-08-26,14.25,13.5,14.0,14.25,0.0,36266.0
2004-08-27,14.0,13.5,13.5,14.0,0.0,133511.0
2004-08-30,13.5,13.5,13.5,13.5,0.0,0.0
2004-08-31,13.5,13.5,13.5,13.5,0.0,10000.0
2004-09-01,13.75,13.5,13.75,13.5,0.0,162937.0
2004-09-02,14.0,13.75,14.0,13.75,0.0,688712.0
2004-09-03,14.25,14.0,14.25,14.0,0.0,144514.0
2004-09-06,14.25,14.25,14.25,14.25,0.0,153888.0
2004-09-07,14.25,14.25,14.25,14.25,0.0,39311.0
2004-09-08,14.25,14.25,14.25,14.25,0.0,41806.0
2004-09-09,14.25,14.25,14.25,14.25,0.0,252992.0
2004-09-10,14.25,14.25,14.25,14.25,0.0,6774.0
2004-09-13,14.25,14.25,14.25,14.25,0.0,141493.0
2004-09-14,14.25,14.25,14.25,14.25,0.0,39000.0
2004-09-15,14.25,14.0,14.0,14.25,0.0,182500.0
2004-09-16,14.0,14.0,14.0,14.0,0.0,19492.0
2004-09-17,14.0,14.0,14.0,14.0,0.0,2250.0
2004-09-20,14.0,14.0,14.0,14.0,0.0,7445.0
2004-09-21,14.0,13.75,13.75,14.0,0.0,229087.0
2004-09-22,13.75,13.75,13.75,13.75,0.0,15428.0
2004-09-23,13.75,13.75,13.75,13.75,0.0,63673.0
2004-09-24,13.75,13.75,13.75,13.75,0.0,69474.0
2004-09-27,13.75,13.5,13.5,13.75,0.0,11125.0
2004-09-28,13.5,13.5,13.5,13.5,0.0,13150.0
2004-09-29,13.5,13.5,13.5,13.5,0.0,9000.0
2004-09-30,13.5,13.5,13.5,13.5,0.0,41553.0
2004-10-01,13.75,13.75,13.75,13.75,0.0,65480.0
2004-10-04,13.75,13.75,13.75,13.75,0.0,32375.0
2004-10-05,13.75,13.75,13.75,13.75,0.0,12802.0
2004-10-06,13.75,13.75,13.75,13.75,0.0,1960.0
2004-10-07,13.75,13.75,13.75,13.75,0.0,19214.0
2004-10-08,13.75,13.75,13.75,13.75,0.0,27697.0
2004-10-11,13.75,13.75,13.75,13.75,0.0,24781.0
2004-10-12,13.75,13.75,13.75,13.75,0.0,105400.0
2004-10-13,13.75,13.75,13.75,13.75,0.0,33600.0
2004-10-14,13.75,13.75,13.75,13.75,0.0,39905.0
2004-10-15,13.75,13.75,13.75,13.75,0.0,12160.0
2004-10-18,13.75,13.75,13.75,13.75,0.0,0.0
2004-10-19,14.0,13.75,14.0,13.75,0.0,139321.0
2004-10-20,14.0,14.0,14.0,14.0,0.0,50571.0
2004-10-21,14.0,14.0,14.0,14.0,0.0,2500.0
2004-10-22,14.0,14.0,14.0,14.0,0.0,7224.0
2004-10-25,14.0,14.0,14.0,14.0,0.0,80362.0
2004-10-26,14.0,14.0,14.0,14.0,0.0,62304.0
2004-10-27,14.0,14.0,14.0,14.0,0.0,171090.0
2004-10-28,14.0,14.0,14.0,14.0,0.0,1277830.0
2004-10-29,14.5,14.0,14.5,14.0,0.0,542614.0
2004-11-01,14.75,14.5,14.75,14.5,0.0,724186.0
2004-11-02,15.5,14.75,15.5,14.75,0.0,178740.0
2004-11-03,16.0,15.5,16.0,15.5,0.0,129305.0
2004-11-04,17.0,16.0,17.0,16.0,0.0,280700.0
2004-11-05,17.5,16.25,16.25,17.25,0.0,537527.0
2004-11-08,16.25,16.0,16.0,16.25,0.0,562.0
2004-11-09,16.0,15.75,15.75,16.0,0.0,120989.0
2004-11-10,15.75,15.75,15.75,15.75,0.0,27971.0
2004-11-11,16.5,15.75,16.5,15.75,0.0,69667.0
2004-11-12,16.75,16.5,16.75,16.5,0.0,59313.0
2004-11-15,16.75,16.5,16.5,16.75,0.0,103115.0
2004-11-16,16.5,16.25,16.25,16.5,0.0,119676.0
2004-11-17,16.25,16.0,16.0,16.25,0.0,47681.0
2004-11-18,16.0,15.75,15.75,16.0,0.0,88277.0
2004-11-19,15.75,14.75,14.75,15.75,0.0,358899.0
2004-11-22,14.75,14.75,14.75,14.75,0.0,89757.0
2004-11-23,15.0,14.75,15.0,14.75,0.0,63750.0
2004-11-24,15.0,14.75,14.75,15.0,0.0,49018.0
2004-11-25,14.75,14.75,14.75,14.75,0.0,10600.0
2004-11-26,14.75,14.75,14.75,14.75,0.0,50000.0
2004-11-29,14.75,14.75,14.75,14.75,0.0,220800.0
2004-11-30,14.75,14.0,14.0,14.75,0.0,71585.0
2004-12-01,13.75,13.75,13.75,13.75,0.0,99325.0
2004-12-02,13.75,13.75,13.75,13.75,0.0,13879.0
2004-12-03,13.75,13.75,13.75,13.75,0.0,3800.0
2004-12-06,13.75,13.75,13.75,13.75,0.0,530.0
2004-12-07,13.75,13.75,13.75,13.75,0.0,115779.0
2004-12-08,13.75,13.75,13.75,13.75,0.0,11554.0
2004-12-09,13.75,13.75,13.75,13.75,0.0,91033.0
2004-12-10,13.75,13.75,13.75,13.75,0.0,5723.0
2004-12-13,13.75,13.75,13.75,13.75,0.0,50000.0
2004-12-14,13.75,13.75,13.75,13.75,0.0,79675.0
2004-12-15,13.75,13.75,13.75,13.75,0.0,74371.0
2004-12-16,13.75,13.75,13.75,13.75,0.0,13375.0
2004-12-17,14.0,13.5,14.0,13.75,0.0,1419751.0
2004-12-20,14.25,14.0,14.25,14.0,0.0,331020.0
2004-12-21,14.25,14.25,14.25,14.25,0.0,15000.0
2004-12-22,14.25,14.25,14.25,14.25,0.0,22566.0
2004-12-23,14.25,14.25,14.25,14.25,0.0,410837.0
2004-12-24,15.0,14.25,15.0,14.25,0.0,103500.0
2004-12-27,15.0,15.0,15.0,15.0,0.0,0.0
2004-12-28,15.0,15.0,15.0,15.0,0.0,0.0
2004-12-29,15.0,15.0,15.0,15.0,0.0,0.0
2004-12-30,15.0,15.0,15.0,15.0,0.0,102250.0
2004-12-31,15.25,15.0,15.25,15.0,0.0,27582.0
2005-01-03,15.25,15.25,15.25,15.25,0.0,0.0
2005-01-04,15.5,15.0,15.5,15.0,0.0,117489.0
2005-01-05,16.25,15.75,16.25,15.75,0.0,184750.0
2005-01-06,16.25,16.0,16.0,16.25,0.0,103782.0
2005-01-07,16.0,15.75,16.0,16.0,0.0,132437.0
2005-01-10,16.0,15.75,15.75,16.0,0.0,276011.0
2005-01-11,15.75,15.75,15.75,15.75,0.0,147000.0
2005-01-12,15.75,15.25,15.25,15.75,0.0,50450.0
2005-01-13,16.0,14.75,16.0,14.75,0.0,796095.0
2005-01-14,17.0,16.0,16.75,16.0,0.0,636786.0
2005-01-17,16.75,16.25,16.25,16.75,0.0,66339.0
2005-01-18,16.5,16.25,16.5,16.25,0.0,513369.0
2005-01-19,16.5,16.5,16.5,16.5,0.0,117169.0
2005-01-20,16.5,16.5,16.5,16.5,0.0,74156.0
2005-01-21,16.75,16.5,16.75,16.5,0.0,47120.0
2005-01-24,17.75,16.75,17.0,16.75,0.0,365575.0
2005-01-25,17.0,17.0,17.0,17.0,0.0,32980.0
2005-01-26,17.0,17.0,17.0,17.0,0.0,96350.0
2005-01-27,17.0,16.75,16.75,17.0,0.0,143600.0
2005-01-28,16.25,15.75,16.25,16.25,0.0,263406.0
2005-01-31,16.25,16.25,16.25,16.25,0.0,204742.0
2005-02-01,16.25,16.25,16.25,16.25,0.0,96650.0
2005-02-02,16.25,16.25,16.25,16.25,0.0,135679.0
2005-02-03,16.25,16.25,16.25,16.25,0.0,60282.0
2005-02-04,16.25,16.25,16.25,16.25,0.0,107000.0
2005-02-07,17.0,16.25,17.0,16.25,0.0,109632.0
2005-02-08,17.0,16.75,16.75,17.0,0.0,47811.0
2005-02-09,16.75,16.75,16.75,16.75,0.0,160820.0
2005-02-10,16.75,16.75,16.75,16.75,0.0,35755.0
2005-02-11,16.75,16.75,16.75,16.75,0.0,16000.0
2005-02-14,16.75,16.75,16.75,16.75,0.0,130012.0
2005-02-15,16.75,16.5,16.75,16.75,0.0,52250.0
2005-02-16,16.75,16.75,16.75,16.75,0.0,48000.0
2005-02-17,16.75,16.75,16.75,16.75,0.0,11116.0
2005-02-18,16.75,16.75,16.75,16.75,0.0,96023.0
2005-02-21,16.75,16.75,16.75,16.75,0.0,23287.0
2005-02-22,16.75,16.5,16.5,16.75,0.0,253916.0
2005-02-23,16.5,16.5,16.5,16.5,0.0,126315.0
2005-02-24,16.5,16.25,16.25,16.5,0.0,27500.0
2005-02-25,16.25,16.25,16.25,16.25,0.0,649182.0
2005-02-28,16.25,16.25,16.25,16.25,0.0,133850.0
2005-03-01,16.25,16.25,16.25,16.25,0.0,33892.0
2005-03-02,16.25,16.25,16.25,16.25,0.0,3800.0
2005-03-03,16.25,16.0,16.0,16.25,0.0,87978.0
2005-03-04,16.0,16.0,16.0,16.0,0.0,40852.0
2005-03-07,16.0,15.75,15.75,16.0,0.0,653824.0
2005-03-08,15.75,15.75,15.75,15.75,0.0,5296.0
2005-03-09,16.0,15.75,15.75,15.75,0.0,43499.0
2005-03-10,15.75,15.75,15.75,15.75,0.0,21808.0
2005-03-11,15.75,15.75,15.75,15.75,0.0,0.0
2005-03-14,15.75,15.75,15.75,15.75,0.0,914736.0
2005-03-15,15.75,15.5,15.5,15.75,0.0,168759.0
2005-03-16,15.5,15.5,15.5,15.5,0.0,2719.0
2005-03-17,15.5,15.5,15.5,15.5,0.0,117600.0
2005-03-18,15.5,15.25,15.25,15.5,0.0,73925.0
2005-03-21,15.25,15.25,15.25,15.25,0.0,851194.0
2005-03-22,15.5,15.0,15.0,15.5,0.0,75238.0
2005-03-23,15.0,13.75,13.75,15.0,0.0,1874497.0
2005-03-24,14.5,13.75,14.5,13.75,0.0,31800.0
2005-03-25,14.5,14.5,14.5,14.5,0.0,0.0
2005-03-28,14.5,14.5,14.5,14.5,0.0,0.0
2005-03-29,14.5,14.5,14.5,14.5,0.0,879342.0
2005-03-30,14.5,14.5,14.5,14.5,0.0,10296.0
2005-03-31,14.5,14.5,14.5,14.5,0.0,68375.0
2005-04-01,14.5,14.5,14.5,14.5,0.0,855720.0
2005-04-04,14.5,14.5,14.5,14.5,0.0,15088.0
2005-04-05,14.5,14.5,14.5,14.5,0.0,64305.0
2005-04-06,14.5,14.5,14.5,14.5,0.0,340216.0
2005-04-07,14.5,14.5,14.5,14.5,0.0,250492.0
2005-04-08,14.75,14.5,14.75,14.5,0.0,522398.0
2005-04-11,14.75,14.75,14.75,14.75,0.0,15476.0
2005-04-12,14.75,14.75,14.75,14.75,0.0,16331.0
2005-04-13,14.75,14.75,14.75,14.75,0.0,0.0
2005-04-14,14.75,14.75,14.75,14.75,0.0,0.0
2005-04-15,14.75,14.75,14.75,14.75,0.0,474633.0
2005-04-18,14.75,14.75,14.75,14.75,0.0,23475.0
2005-04-19,14.75,14.75,14.75,14.75,0.0,168913.0
2005-04-20,15.75,15.25,15.75,15.25,0.0,365368.0
2005-04-21,15.75,15.75,15.75,15.75,0.0,80150.0
2005-04-22,15.75,15.75,15.75,15.75,0.0,153047.0
2005-04-25,15.75,15.75,15.75,15.75,0.0,137.0
2005-04-26,15.75,15.5,15.5,15.75,0.0,1454.0
2005-04-27,15.5,15.5,15.5,15.5,0.0,25321.0
2005-04-28,15.5,15.25,15.25,15.5,0.0,25000.0
2005-04-29,15.25,15.25,15.25,15.25,0.0,264513.0
2005-05-02,15.25,15.25,15.25,15.25,0.0,0.0
2005-05-03,15.25,15.25,15.25,15.25,0.0,92714.0
2005-05-04,15.25,15.25,15.25,15.25,0.0,0.0
2005-05-05,15.25,15.25,15.25,15.25,0.0,10200.0
2005-05-06,15.25,15.25,15.25,15.25,0.0,12879.0
2005-05-09,15.25,15.0,15.0,15.25,0.0,382958.0
2005-05-10,15.0,15.0,15.0,15.0,0.0,85205.0
2005-05-11,15.0,14.5,14.75,15.0,0.0,142756.0
2005-05-12,14.75,14.75,14.75,14.75,0.0,526500.0
2005-05-13,14.75,14.5,14.5,14.75,0.0,549429.0
2005-05-16,14.5,14.5,14.5,14.5,0.0,0.0
2005-05-17,14.5,14.25,14.25,14.5,0.0,848731.0
2005-05-18,14.25,14.25,14.25,14.25,0.0,1125.0
2005-05-19,14.25,14.25,14.25,14.25,0.0,675.0
2005-05-20,14.25,14.25,14.25,14.25,0.0,1000000.0
2005-05-23,14.25,14.25,14.25,14.25,0.0,2000.0
2005-05-24,14.25,14.25,14.25,14.25,0.0,2473.0
2005-05-25,14.25,14.25,14.25,14.25,0.0,23310.0
2005-05-26,14.25,14.25,14.25,14.25,0.0,10000.0
2005-05-27,14.25,14.25,14.25,14.25,0.0,0.0
2005-05-30,14.25,14.25,14.25,14.25,0.0,0.0
2005-05-31,14.25,14.25,14.25,14.25,0.0,6358.0
2005-06-01,14.25,14.0,14.0,14.25,0.0,11827.0
2005-06-02,14.0,14.0,14.0,14.0,0.0,3000.0
2005-06-03,14.0,14.0,14.0,14.0,0.0,1055.0
2005-06-06,14.0,14.0,14.0,14.0,0.0,0.0
2005-06-07,14.0,14.0,14.0,14.0,0.0,37243.0
2005-06-08,14.0,14.0,14.0,14.0,0.0,1000.0
2005-06-09,14.0,13.75,13.75,14.0,0.0,39462.0
2005-06-10,13.75,13.5,13.5,13.75,0.0,59956.0
2005-06-13,13.5,13.5,13.5,13.5,0.0,19966.0
2005-06-14,13.5,13.25,13.5,13.5,0.0,140910.0
2005-06-15,13.5,13.5,13.5,13.5,0.0,5961.0
2005-06-16,13.5,13.25,13.25,13.5,0.0,30303.0
2005-06-17,13.25,13.0,13.0,13.25,0.0,16725.0
2005-06-20,13.0,13.0,13.0,13.0,0.0,0.0
2005-06-21,13.0,12.75,12.75,13.0,0.0,62252.0
2005-06-22,12.75,12.75,12.75,12.75,0.0,42875.0
2005-06-23,13.0,12.75,13.0,12.75,0.0,1963471.0
2005-06-24,13.0,13.0,13.0,13.0,0.0,0.0
2005-06-27,13.5,13.0,13.5,13.0,0.0,28026.0
2005-06-28,13.5,13.5,13.5,13.5,0.0,505096.0
2005-06-29,13.5,13.5,13.5,13.5,0.0,675901.0
2005-06-30,13.5,13.25,13.5,13.5,0.0,940902.0
2005-07-01,13.25,13.25,13.25,13.25,0.0,360357.0
2005-07-04,13.25,13.25,13.25,13.25,0.0,36810.0
2005-07-05,13.25,13.25,13.25,13.25,0.0,4050.0
2005-07-06,13.25,13.25,13.25,13.25,0.0,128968.0
2005-07-07,14.0,13.75,13.75,13.75,0.0,948203.0
2005-07-08,15.0,14.25,15.0,14.25,0.0,1521754.0
2005-07-11,15.0,15.0,15.0,15.0,0.0,70314.0
2005-07-12,15.0,14.75,14.75,15.0,0.0,126513.0
2005-07-13,14.75,14.75,14.75,14.75,0.0,24859.0
2005-07-14,14.75,14.75,14.75,14.75,0.0,371000.0
2005-07-15,15.25,15.25,15.25,15.25,0.0,222500.0
2005-07-18,15.25,15.25,15.25,15.25,0.0,80122.0
2005-07-19,15.25,15.25,15.25,15.25,0.0,52518.0
2005-07-20,15.25,15.25,15.25,15.25,0.0,10103.0
2005-07-21,15.25,15.25,15.25,15.25,0.0,14925.0
2005-07-22,15.25,15.25,15.25,15.25,0.0,830000.0
2005-07-25,15.25,15.25,15.25,15.25,0.0,70000.0
2005-07-26,15.25,15.25,15.25,15.25,0.0,33682.0
2005-07-27,15.25,15.25,15.25,15.25,0.0,6320.0
2005-07-28,15.25,15.25,15.25,15.25,0.0,97740.0
2005-07-29,15.25,15.25,15.25,15.25,0.0,34984.0
2005-08-01,15.25,15.25,15.25,15.25,0.0,47423.0
2005-08-02,15.25,15.25,15.25,15.25,0.0,21148.0
2005-08-03,15.25,14.75,14.75,15.25,0.0,94551.0
2005-08-04,14.75,14.75,14.75,14.75,0.0,56000.0
2005-08-05,14.75,14.75,14.75,14.75,0.0,7000.0
2005-08-08,14.75,14.75,14.75,14.75,0.0,33750.0
2005-08-09,14.75,14.75,14.75,14.75,0.0,40431.0
2005-08-10,14.75,14.75,14.75,14.75,0.0,72777.0
2005-08-11,14.75,14.75,14.75,14.75,0.0,15832.0
2005-08-12,14.75,14.75,14.75,14.75,0.0,0.0
2005-08-15,14.75,14.75,14.75,14.75,0.0,23314.0
2005-08-16,14.75,14.75,14.75,14.75,0.0,6296.0
2005-08-17,14.75,14.75,14.75,14.75,0.0,64483.0
2005-08-18,14.75,14.25,14.25,14.75,0.0,44712.0
2005-08-19,14.25,14.25,14.25,14.25,0.0,4000.0
2005-08-22,14.25,14.25,14.25,14.25,0.0,4034.0
2005-08-23,14.25,14.25,14.25,14.25,0.0,11028.0
2005-08-24,14.25,14.25,14.25,14.25,0.0,10352.0
2005-08-25,14.25,14.25,14.25,14.25,0.0,10545.0
2005-08-26,14.25,14.25,14.25,14.25,0.0,14500.0
2005-08-29,14.25,14.25,14.25,14.25,0.0,0.0
2005-08-30,14.25,14.25,14.25,14.25,0.0,2952.0
2005-08-31,14.25,14.25,14.25,14.25,0.0,3377.0
2005-09-01,14.25,14.25,14.25,14.25,0.0,23082.0
2005-09-02,14.25,14.25,14.25,14.25,0.0,8625.0
2005-09-05,14.0,14.0,14.0,14.0,0.0,105000.0
2005-09-06,14.0,14.0,14.0,14.0,0.0,37627.0
2005-09-07,14.0,14.0,14.0,14.0,0.0,2558.0
2005-09-08,14.0,14.0,14.0,14.0,0.0,0.0
2005-09-09,14.0,14.0,14.0,14.0,0.0,162285.0
2005-09-12,14.0,14.0,14.0,14.0,0.0,37038.0
2005-09-13,14.0,14.0,14.0,14.0,0.0,25926.0
2005-09-14,14.0,14.0,14.0,14.0,0.0,23425.0
2005-09-15,14.0,14.0,14.0,14.0,0.0,16687.0
2005-09-16,14.0,14.0,14.0,14.0,0.0,89220.0
2005-09-19,14.0,14.0,14.0,14.0,0.0,70463.0
2005-09-20,14.0,14.0,14.0,14.0,0.0,5651.0
2005-09-21,14.0,13.75,13.75,14.0,0.0,45700.0
2005-09-22,13.75,13.75,13.75,13.75,0.0,0.0
2005-09-23,13.75,13.75,13.75,13.75,0.0,62004.0
2005-09-26,13.75,13.75,13.75,13.75,0.0,72875.0
2005-09-27,13.75,13.75,13.75,13.75,0.0,8000.0
2005-09-28,13.75,13.5,13.5,13.75,0.0,50000.0
2005-09-29,13.5,13.5,13.5,13.5,0.0,31493.0
2005-09-30,13.5,13.0,13.0,13.5,0.0,61000.0
2005-10-03,13.0,12.75,12.75,13.0,0.0,24000.0
2005-10-04,12.75,12.5,12.5,12.75,0.0,32250.0
2005-10-05,12.5,12.0,12.5,12.5,0.0,1063908.0
2005-10-06,12.5,12.5,12.5,12.5,0.0,0.0
2005-10-07,12.5,12.5,12.5,12.5,0.0,62931.0
2005-10-10,12.5,12.25,12.25,12.5,0.0,59508.0
2005-10-11,12.25,12.25,12.25,12.25,0.0,52000.0
2005-10-12,12.25,12.25,12.25,12.25,0.0,90000.0
2005-10-13,12.25,11.5,12.0,12.25,0.0,964517.0
2005-10-14,12.0,12.0,12.0,12.0,0.0,85000.0
2005-10-17,12.0,11.75,11.75,12.0,0.0,165053.0
2005-10-18,11.75,11.75,11.75,11.75,0.0,76113.0
2005-10-19,11.75,11.25,11.25,11.75,0.0,145854.0
2005-10-20,11.5,11.25,11.25,11.5,0.0,272822.0
2005-10-21,11.25,11.25,11.25,11.25,0.0,91681.0
2005-10-24,11.25,11.25,11.25,11.25,0.0,21175.0
2005-10-25,11.25,11.25,11.25,11.25,0.0,5000.0
2005-10-26,11.25,11.25,11.25,11.25,0.0,115440.0
2005-10-27,11.25,11.25,11.25,11.25,0.0,5000.0
2005-10-28,11.25,11.25,11.25,11.25,0.0,87625.0
2005-10-31,11.25,11.0,11.25,11.0,0.0,15934.0
2005-11-01,11.25,11.25,11.25,11.25,0.0,500.0
2005-11-02,11.25,11.25,11.25,11.25,0.0,15209.0
2005-11-03,11.25,11.25,11.25,11.25,0.0,200381.0
2005-11-04,11.25,11.25,11.25,11.25,0.0,193.0
2005-11-07,11.25,11.0,11.0,11.25,0.0,113296.0
2005-11-08,11.0,11.0,11.0,11.0,0.0,4453.0
2005-11-09,10.75,10.75,10.75,10.75,0.0,912108.0
2005-11-10,10.75,10.75,10.75,10.75,0.0,106842.0
2005-11-11,10.75,10.75,10.75,10.75,0.0,243910.0
2005-11-14,10.75,10.75,10.75,10.75,0.0,2673.0
2005-11-15,11.75,10.75,11.75,10.75,0.0,2465140.0
2005-11-16,11.75,11.75,11.75,11.75,0.0,71508.0
2005-11-17,11.75,11.75,11.75,11.75,0.0,95772.0
2005-11-18,11.75,11.0,11.25,11.75,0.0,174086.0
2005-11-21,11.25,11.25,11.25,11.25,0.0,286088.0
2005-11-22,11.75,11.25,11.75,11.25,0.0,1265629.0
2005-11-23,11.75,11.75,11.75,11.75,0.0,2126454.0
2005-11-24,11.75,11.75,11.75,11.75,0.0,97500.0
2005-11-25,11.75,11.75,11.75,11.75,0.0,177084.0
2005-11-28,12.5,11.75,12.5,11.75,0.0,248524.0
2005-11-29,13.5,12.5,13.5,12.5,0.0,602029.0
2005-11-30,13.75,13.5,13.75,13.5,0.0,91979.0
2005-12-01,13.75,13.75,13.75,13.75,0.0,231424.0
2005-12-02,13.75,13.75,13.75,13.75,0.0,150741.0
2005-12-05,13.75,13.0,13.0,13.75,0.0,156672.0
2005-12-06,13.0,12.75,13.0,13.0,0.0,441114.0
2005-12-07,13.0,13.0,13.0,13.0,0.0,0.0
2005-12-08,13.0,13.0,13.0,13.0,0.0,54470.0
2005-12-09,13.0,13.0,13.0,13.0,0.0,9000.0
2005-12-12,13.0,12.75,12.75,13.0,0.0,349898.0
2005-12-13,12.75,12.5,12.75,12.75,0.0,31000.0
2005-12-14,12.75,12.75,12.75,12.75,0.0,10000.0
2005-12-15,12.75,12.5,12.5,12.75,0.0,12046.0
2005-12-16,12.5,12.5,12.5,12.5,0.0,115875.0
2005-12-19,13.75,12.75,13.5,12.75,0.0,701856.0
2005-12-20,13.75,13.5,13.75,13.5,0.0,137261.0
2005-12-21,13.75,13.5,13.5,13.75,0.0,233524.0
2005-12-22,13.5,13.5,13.5,13.5,0.0,256883.0
2005-12-23,13.5,13.5,13.5,13.5,0.0,229765.0
2005-12-26,13.5,13.5,13.5,13.5,0.0,0.0
2005-12-27,13.5,13.5,13.5,13.5,0.0,0.0
2005-12-28,13.5,13.5,13.5,13.5,0.0,51881.0
2005-12-29,13.5,13.5,13.5,13.5,0.0,0.0
2005-12-30,14.75,13.5,14.75,13.5,0.0,219162.0
2006-01-02,14.75,14.75,14.75,14.75,0.0,0.0
2006-01-03,14.75,14.25,14.25,14.75,0.0,349355.0
2006-01-04,14.5,14.25,14.5,14.25,0.0,110088.0
2006-01-05,15.0,14.5,14.75,14.5,0.0,460194.0
2006-01-06,14.75,14.75,14.75,14.75,0.0,4621.0
2006-01-09,15.0,14.75,15.0,14.75,0.0,21245.0
2006-01-10,15.0,15.0,15.0,15.0,0.0,27001.0
2006-01-11,16.5,15.0,16.5,15.0,0.0,401699.0
2006-01-12,16.5,15.5,15.75,16.5,0.0,1997243.0
2006-01-13,15.75,14.75,14.75,15.75,0.0,469728.0
2006-01-16,14.75,14.0,14.0,14.75,0.0,1056074.0
2006-01-17,14.25,14.0,14.25,14.0,0.0,401.0
2006-01-18,14.5,14.25,14.5,14.25,0.0,453375.0
2006-01-19,14.5,14.5,14.5,14.5,0.0,38892.0
2006-01-20,14.5,14.5,14.5,14.5,0.0,393281.0
2006-01-23,14.5,14.5,14.5,14.5,0.0,36125.0
2006-01-24,14.5,14.5,14.5,14.5,0.0,95672.0
2006-01-25,14.5,14.5,14.5,14.5,0.0,15962.0
2006-01-26,14.5,14.5,14.5,14.5,0.0,385543.0
2006-01-27,14.5,14.25,14.5,14.5,0.0,144478.0
2006-01-30,14.5,14.5,14.5,14.5,0.0,13281.0
2006-01-31,14.5,14.5,14.5,14.5,0.0,242053.0
2006-02-01,14.5,14.5,14.5,14.5,0.0,9194.0
2006-02-02,14.75,14.5,14.75,14.5,0.0,136467.0
2006-02-03,14.75,14.75,14.75,14.75,0.0,3204.0
2006-02-06,15.0,14.75,15.0,14.75,0.0,25214.0
2006-02-07,15.0,15.0,15.0,15.0,0.0,2630987.0
2006-02-08,15.5,15.0,15.5,15.0,0.0,338206.0
2006-02-09,15.75,15.5,15.75,15.5,0.0,62406.0
2006-02-10,15.75,15.5,15.5,15.75,0.0,138144.0
2006-02-13,15.5,15.5,15.5,15.5,0.0,5500.0
2006-02-14,15.5,15.5,15.5,15.5,0.0,48431.0
2006-02-15,15.5,15.5,15.5,15.5,0.0,5000.0
2006-02-16,15.5,15.5,15.5,15.5,0.0,99641.0
2006-02-17,15.5,15.5,15.5,15.5,0.0,18098.0
2006-02-20,15.5,15.5,15.5,15.5,0.0,43757.0
2006-02-21,15.5,15.5,15.5,15.5,0.0,33523.0
2006-02-22,15.5,15.5,15.5,15.5,0.0,21586.0
2006-02-23,15.5,15.5,15.5,15.5,0.0,0.0
2006-02-24,15.5,15.5,15.5,15.5,0.0,57425.0
2006-02-27,15.5,15.5,15.5,15.5,0.0,10551.0
2006-02-28,15.5,15.5,15.5,15.5,0.0,10000.0
2006-03-01,15.5,15.5,15.5,15.5,0.0,31425.0
2006-03-02,15.5,15.5,15.5,15.5,0.0,1014695.0
2006-03-03,15.5,15.5,15.5,15.5,0.0,13540.0
2006-03-06,15.5,15.5,15.5,15.5,0.0,41176.0
2006-03-07,15.5,15.5,15.5,15.5,0.0,2023.0
2006-03-08,15.5,15.5,15.5,15.5,0.0,62943.0
2006-03-09,15.5,15.5,15.5,15.5,0.0,187249.0
2006-03-10,15.5,15.5,15.5,15.5,0.0,3375.0
2006-03-13,15.5,15.5,15.5,15.5,0.0,9378.0
2006-03-14,15.5,15.5,15.5,15.5,0.0,6000.0
2006-03-15,15.5,15.25,15.25,15.5,0.0,51743.0
2006-03-16,15.25,15.25,15.25,15.25,0.0,450475.0
2006-03-17,15.25,15.25,15.25,15.25,0.0,19178.0
2006-03-20,15.25,15.25,15.25,15.25,0.0,125937.0
2006-03-21,15.25,15.25,15.25,15.25,0.0,22000.0
2006-03-22,15.25,15.25,15.25,15.25,0.0,43258.0
2006-03-23,15.25,15.25,15.25,15.25,0.0,9312.0
2006-03-24,15.25,15.25,15.25,15.25,0.0,7000.0
2006-03-27,15.25,15.25,15.25,15.25,0.0,220297.0
2006-03-28,15.25,15.0,15.25,15.25,0.0,67600.0
2006-03-29,15.25,15.25,15.25,15.25,0.0,274408.0
2006-03-30,15.25,15.25,15.25,15.25,0.0,66250.0
2006-03-31,15.25,15.25,15.25,15.25,0.0,78463.0
2006-04-03,15.25,15.25,15.25,15.25,0.0,14522.0
2006-04-04,15.25,15.25,15.25,15.25,0.0,22001.0
2006-04-05,15.25,15.25,15.25,15.25,0.0,8531.0
2006-04-06,15.25,15.0,15.25,15.0,0.0,6287.0
2006-04-07,15.25,15.0,15.0,15.25,0.0,11180.0
2006-04-10,15.0,15.0,15.0,15.0,0.0,23684.0
2006-04-11,15.0,15.0,15.0,15.0,0.0,472.0
2006-04-12,15.25,15.0,15.0,15.0,0.0,21000.0
2006-04-13,15.0,15.0,15.0,15.0,0.0,20000.0
2006-04-14,15.0,15.0,15.0,15.0,0.0,0.0
2006-04-17,15.0,15.0,15.0,15.0,0.0,0.0
2006-04-18,15.5,15.0,15.5,15.0,0.0,54390.0
2006-04-19,15.5,15.5,15.5,15.5,0.0,101350.0
2006-04-20,15.75,15.5,15.75,15.5,0.0,12873.0
2006-04-21,15.75,15.75,15.75,15.75,0.0,13406.0
2006-04-24,15.75,15.75,15.75,15.75,0.0,30367.0
2006-04-25,15.75,15.75,15.75,15.75,0.0,214143.0
2006-04-26,15.75,15.75,15.75,15.75,0.0,32675.0
2006-04-27,15.75,15.75,15.75,15.75,0.0,27897.0
2006-04-28,16.0,13.25,13.5,15.75,0.0,816817.0
2006-05-01,13.5,13.5,13.5,13.5,0.0,0.0
2006-05-02,13.5,13.5,13.5,13.5,0.0,367776.0
2006-05-03,13.5,13.5,13.5,13.5,0.0,458870.0
2006-05-04,13.75,13.5,13.75,13.5,0.0,70000.0
2006-05-05,14.0,13.75,13.75,13.75,0.0,65221.0
2006-05-08,13.75,13.75,13.75,13.75,0.0,102125.0
2006-05-09,14.0,13.75,14.0,13.75,0.0,243599.0
2006-05-10,14.0,14.0,14.0,14.0,0.0,30000.0
2006-05-11,14.0,14.0,14.0,14.0,0.0,107326.0
2006-05-12,14.0,13.75,13.75,14.0,0.0,44373.0
2006-05-15,13.75,13.75,13.75,13.75,0.0,237000.0
2006-05-16,13.75,13.5,13.5,13.75,0.0,39626.0
2006-05-17,13.5,13.5,13.5,13.5,0.0,1125.0
2006-05-18,13.5,13.25,13.25,13.5,0.0,250997.0
2006-05-19,13.25,13.25,13.25,13.25,0.0,5004.0
2006-05-22,13.25,13.0,13.0,13.25,0.0,228092.0
2006-05-23,13.0,13.0,13.0,13.0,0.0,8878.0
2006-05-24,13.0,13.0,13.0,13.0,0.0,26000.0
2006-05-25,13.0,13.0,13.0,13.0,0.0,2500.0
2006-05-26,13.0,13.0,13.0,13.0,0.0,35000.0
2006-05-29,13.0,13.0,13.0,13.0,0.0,0.0
2006-05-30,13.0,13.0,13.0,13.0,0.0,252000.0
2006-05-31,13.25,13.0,13.0,13.25,0.0,792500.0
2006-06-01,13.75,13.25,13.75,13.5,0.0,60000.0
2006-06-02,13.75,13.75,13.75,13.75,0.0,233954.0
2006-06-05,13.75,13.75,13.75,13.75,0.0,0.0
2006-06-06,13.75,13.75,13.75,13.75,0.0,17815.0
2006-06-07,13.75,13.75,13.75,13.75,0.0,10821.0
2006-06-08,13.75,13.75,13.75,13.75,0.0,6350.0
2006-06-09,13.75,13.75,13.75,13.75,0.0,5789.0
2006-06-12,13.75,13.75,13.75,13.75,0.0,37650.0
2006-06-13,13.75,13.75,13.75,13.75,0.0,4152.0
2006-06-14,13.75,13.75,13.75,13.75,0.0,2687.0
2006-06-15,13.75,13.75,13.75,13.75,0.0,0.0
2006-06-16,13.75,13.75,13.75,13.75,0.0,50000.0
2006-06-19,13.75,13.75,13.75,13.75,0.0,14514.0
2006-06-20,13.75,13.75,13.75,13.75,0.0,0.0
2006-06-21,13.75,13.75,13.75,13.75,0.0,3656.0
2006-06-22,14.0,13.75,14.0,13.75,0.0,358440.0
2006-06-23,14.5,14.0,14.5,14.0,0.0,131222.0
2006-06-26,14.5,14.5,14.5,14.5,0.0,2250.0
2006-06-27,14.5,14.0,14.0,14.5,0.0,25000.0
2006-06-28,14.25,14.0,14.25,14.0,0.0,948426.0
2006-06-29,14.25,14.25,14.25,14.25,0.0,85000.0
2006-06-30,14.5,14.5,14.5,14.5,0.0,10000.0
2006-07-03,14.5,14.5,14.5,14.5,0.0,5625.0
2006-07-04,14.5,14.5,14.5,14.5,0.0,0.0
2006-07-05,14.5,14.5,14.5,14.5,0.0,57000.0
2006-07-06,14.75,14.5,14.75,14.5,0.0,506.0
2006-07-07,16.25,14.75,16.25,14.75,0.0,4008813.0
2006-07-10,16.75,16.75,16.75,16.75,0.0,145594.0
2006-07-11,16.75,16.75,16.75,16.75,0.0,923711.0
2006-07-12,16.75,16.75,16.75,16.75,0.0,57704.0
2006-07-13,16.75,16.5,16.5,16.75,0.0,9374.0
2006-07-14,16.5,16.5,16.5,16.5,0.0,6135.0
2006-07-17,16.5,16.25,16.25,16.5,0.0,1051800.0
2006-07-18,16.0,15.75,15.75,16.0,0.0,241000.0
2006-07-19,16.25,15.75,16.0,15.75,0.0,140232.0
2006-07-20,16.25,16.0,16.25,16.0,0.0,50000.0
2006-07-21,17.75,16.25,17.75,16.25,0.0,2382852.0
2006-07-24,18.0,17.75,18.0,17.75,0.0,255641.0
2006-07-25,18.0,18.0,18.0,18.0,0.0,318378.0
2006-07-26,18.0,17.5,17.5,18.0,0.0,26617.0
2006-07-27,17.5,17.5,17.5,17.5,0.0,15000.0
2006-07-28,17.5,17.5,17.5,17.5,0.0,30325.0
2006-07-31,17.5,17.5,17.5,17.5,0.0,27433.0
2006-08-01,17.5,17.5,17.5,17.5,0.0,5000.0
2006-08-02,17.5,17.5,17.5,17.5,0.0,428735.0
2006-08-03,17.5,17.5,17.5,17.5,0.0,101296.0
2006-08-04,17.5,17.5,17.5,17.5,0.0,149500.0
2006-08-07,17.5,17.5,17.5,17.5,0.0,57325.0
2006-08-08,17.5,17.25,17.25,17.5,0.0,40214.0
2006-08-09,17.5,17.25,17.5,17.25,0.0,16900.0
2006-08-10,17.5,17.25,17.25,17.5,0.0,21250.0
2006-08-11,17.25,17.25,17.25,17.25,0.0,2200.0
2006-08-14,17.25,17.0,17.0,17.25,0.0,9270.0
2006-08-15,17.0,17.0,17.0,17.0,0.0,15385.0
2006-08-16,17.25,17.0,17.0,17.0,0.0,13184.0
2006-08-17,17.0,17.0,17.0,17.0,0.0,7000.0
2006-08-18,17.25,17.0,17.25,17.0,0.0,861.0
2006-08-21,17.25,17.25,17.25,17.25,0.0,427812.0
2006-08-22,17.25,17.25,17.25,17.25,0.0,5300.0
2006-08-23,17.25,17.25,17.25,17.25,0.0,231800.0
2006-08-24,17.25,17.25,17.25,17.25,0.0,3600.0
2006-08-25,17.25,17.25,17.25,17.25,0.0,57135.0
2006-08-28,17.25,17.25,17.25,17.25,0.0,0.0
2006-08-29,17.25,17.25,17.25,17.25,0.0,125052.0
2006-08-30,18.0,17.25,18.0,17.25,0.0,52170.0
2006-08-31,18.0,18.0,18.0,18.0,0.0,2004.0
2006-09-01,18.0,18.0,18.0,18.0,0.0,28139.0
2006-09-04,18.25,18.0,18.25,18.0,0.0,90335.0
2006-09-05,18.25,18.25,18.25,18.25,0.0,10590.0
2006-09-06,18.25,18.0,18.0,18.25,0.0,22141.0
2006-09-07,18.0,18.0,18.0,18.0,0.0,0.0
2006-09-08,18.0,18.0,18.0,18.0,0.0,6700.0
2006-09-11,18.0,18.0,18.0,18.0,0.0,1900.0
2006-09-12,18.25,17.75,18.25,18.0,0.0,549995.0
2006-09-13,18.25,18.25,18.25,18.25,0.0,15390.0
2006-09-14,18.75,18.25,18.75,18.25,0.0,45045.0
2006-09-15,18.75,18.75,18.75,18.75,0.0,32938.0
2006-09-18,19.0,18.75,19.0,18.75,0.0,1952393.0
2006-09-19,19.0,19.0,19.0,19.0,0.0,430189.0
2006-09-20,19.0,19.0,19.0,19.0,0.0,405000.0
2006-09-21,19.0,19.0,19.0,19.0,0.0,50324.0
2006-09-22,19.0,19.0,19.0,19.0,0.0,23000.0
2006-09-25,19.0,19.0,19.0,19.0,0.0,15545.0
2006-09-26,19.0,19.0,19.0,19.0,0.0,183300.0
2006-09-27,19.0,19.0,19.0,19.0,0.0,25644.0
2006-09-28,19.0,19.0,19.0,19.0,0.0,16923.0
2006-09-29,19.0,19.0,19.0,19.0,0.0,515125.0
2006-10-02,19.0,19.0,19.0,19.0,0.0,12636.0
2006-10-03,19.0,19.0,19.0,19.0,0.0,7166.0
2006-10-04,19.0,19.0,19.0,19.0,0.0,9500.0
2006-10-05,19.0,19.0,19.0,19.0,0.0,313.0
2006-10-06,19.0,19.0,19.0,19.0,0.0,11000.0
2006-10-09,19.0,19.0,19.0,19.0,0.0,0.0
2006-10-10,19.0,19.0,19.0,19.0,0.0,150000.0
2006-10-11,19.0,18.75,18.75,19.0,0.0,16365.0
2006-10-12,18.75,18.75,18.75,18.75,0.0,43252.0
2006-10-13,18.75,18.75,18.75,18.75,0.0,0.0
2006-10-16,18.75,18.75,18.75,18.75,0.0,255625.0
2006-10-17,18.75,18.75,18.75,18.75,0.0,11250.0
2006-10-18,18.75,18.75,18.75,18.75,0.0,5682.0
2006-10-19,18.75,18.75,18.75,18.75,0.0,1496.0
2006-10-20,18.75,18.75,18.75,18.75,0.0,2500.0
2006-10-23,19.5,18.75,19.5,18.75,0.0,223000.0
2006-10-24,19.5,19.5,19.5,19.5,0.0,77831.0
2006-10-25,19.5,19.5,19.5,19.5,0.0,20766.0
2006-10-26,19.5,19.5,19.5,19.5,0.0,400.0
2006-10-27,19.75,19.5,19.75,19.5,0.0,627626.0
2006-10-30,19.75,19.25,19.75,19.25,0.0,61452.0
2006-10-31,19.75,19.75,19.75,19.75,0.0,21475.0
2006-11-01,19.75,19.75,19.75,19.75,0.0,46840.0
2006-11-02,19.75,19.75,19.75,19.75,0.0,38107.0
2006-11-03,19.75,19.75,19.75,19.75,0.0,45260.0
2006-11-06,19.75,19.75,19.75,19.75,0.0,15199.0
2006-11-07,19.75,19.75,19.75,19.75,0.0,0.0
2006-11-08,19.75,19.75,19.75,19.75,0.0,162320.0
2006-11-09,20.75,19.75,20.75,19.75,0.0,404337.0
2006-11-10,22.0,21.5,22.0,21.75,0.0,1409246.0
2006-11-13,22.0,21.25,21.5,22.0,0.0,431391.0
2006-11-14,21.5,21.5,21.5,21.5,0.0,65500.0
2006-11-15,21.5,21.5,21.5,21.5,0.0,60000.0
2006-11-16,21.5,21.5,21.5,21.5,0.0,39767.0
2006-11-17,21.5,21.5,21.5,21.5,0.0,16141.0
2006-11-20,21.5,21.25,21.25,21.5,0.0,103353.0
2006-11-21,21.25,21.25,21.25,21.25,0.0,20000.0
2006-11-22,21.25,21.25,21.25,21.25,0.0,3375.0
2006-11-23,21.25,21.25,21.25,21.25,0.0,1881735.0
2006-11-24,21.25,21.25,21.25,21.25,0.0,4221.0
2006-11-27,21.5,21.25,21.5,21.25,0.0,54524.0
2006-11-28,21.5,21.5,21.5,21.5,0.0,160898.0
2006-11-29,21.5,21.5,21.5,21.5,0.0,221.0
2006-11-30,22.0,21.5,21.75,21.5,0.0,170172.0
2006-12-01,22.0,21.75,22.0,21.75,0.0,118424.0
2006-12-04,22.0,22.0,22.0,22.0,0.0,109109.0
2006-12-05,22.0,22.0,22.0,22.0,0.0,18088.0
2006-12-06,22.0,21.25,21.25,22.0,0.0,28242.0
2006-12-07,21.25,20.5,20.5,21.25,0.0,226486.0
2006-12-08,20.5,20.5,20.5,20.5,0.0,111706.0
2006-12-11,20.5,20.5,20.5,20.5,0.0,37493.0
2006-12-12,20.5,20.5,20.5,20.5,0.0,26457.0
2006-12-13,20.75,20.5,20.5,20.5,0.0,53441.0
2006-12-14,20.5,20.5,20.5,20.5,0.0,0.0
2006-12-15,20.5,20.5,20.5,20.5,0.0,51886.0
2006-12-18,20.5,20.5,20.5,20.5,0.0,17750.0
2006-12-19,20.5,20.5,20.5,20.5,0.0,15000.0
2006-12-20,20.5,20.25,20.25,20.5,0.0,204924.0
2006-12-21,20.25,19.75,19.75,20.25,0.0,55938.0
2006-12-22,19.75,19.75,19.75,19.75,0.0,43000.0
2006-12-25,19.75,19.75,19.75,19.75,0.0,0.0
2006-12-26,19.75,19.75,19.75,19.75,0.0,0.0
2006-12-27,19.75,19.75,19.75,19.75,0.0,44989.0
2006-12-28,19.75,19.75,19.75,19.75,0.0,9954.0
2006-12-29,19.75,19.75,19.75,19.75,0.0,15000.0
2007-01-01,19.75,19.75,19.75,19.75,0.0,0.0
2007-01-02,20.5,19.75,20.5,19.75,0.0,231575.0
2007-01-03,22.0,20.5,22.0,20.5,0.0,333308.0
2007-01-04,23.5,22.25,22.75,22.25,0.0,819660.0
2007-01-05,22.75,21.75,21.75,22.75,0.0,2287315.0
2007-01-08,21.75,21.75,21.75,21.75,0.0,13473.0
2007-01-09,21.75,21.75,21.75,21.75,0.0,103148.0
2007-01-10,21.75,21.75,21.75,21.75,0.0,450.0
2007-01-11,21.75,21.75,21.75,21.75,0.0,6322514.0
2007-01-12,21.75,21.75,21.75,21.75,0.0,698125.0
2007-01-15,21.75,21.75,21.75,21.75,0.0,593693.0
2007-01-16,21.75,21.0,21.0,21.75,0.0,271681.0
2007-01-17,21.0,20.75,20.75,21.0,0.0,134711.0
2007-01-18,22.25,21.25,22.25,21.25,0.0,696337.0
2007-01-19,22.5,22.25,22.5,22.25,0.0,214625.0
2007-01-22,23.5,22.75,23.5,22.75,0.0,722419.0
2007-01-23,23.75,23.5,23.5,23.5,0.0,288119.0
2007-01-24,23.75,23.5,23.75,23.5,0.0,224471.0
2007-01-25,23.75,23.75,23.75,23.75,0.0,148893.0
2007-01-26,23.75,22.75,22.75,23.75,0.0,149690.0
2007-01-29,22.75,22.75,22.75,22.75,0.0,88501.0
2007-01-30,22.75,22.75,22.75,22.75,0.0,18684.0
2007-01-31,22.75,22.25,22.25,22.75,0.0,141538.0
2007-02-01,22.25,22.0,22.25,22.25,0.0,170846.0
2007-02-02,22.25,22.0,22.0,22.25,0.0,159462.0
2007-02-05,22.0,22.0,22.0,22.0,0.0,56515.0
2007-02-06,22.0,22.0,22.0,22.0,0.0,30045.0
2007-02-07,22.0,22.0,22.0,22.0,0.0,19696.0
2007-02-08,22.0,22.0,22.0,22.0,0.0,20806.0
2007-02-09,22.0,22.0,22.0,22.0,0.0,56665.0
2007-02-12,22.0,22.0,22.0,22.0,0.0,138143.0
2007-02-13,22.0,22.0,22.0,22.0,0.0,7000.0
2007-02-14,22.0,22.0,22.0,22.0,0.0,19436.0
2007-02-15,22.0,22.0,22.0,22.0,0.0,35786.0
2007-02-16,22.0,22.0,22.0,22.0,0.0,22052.0
2007-02-19,22.0,22.0,22.0,22.0,0.0,65676.0
2007-02-20,22.0,22.0,22.0,22.0,0.0,181850.0
2007-02-21,22.0,22.0,22.0,22.0,0.0,9089.0
2007-02-22,22.0,22.0,22.0,22.0,0.0,7875.0
2007-02-23,22.0,22.0,22.0,22.0,0.0,62345.0
2007-02-26,22.0,22.0,22.0,22.0,0.0,5000.0
2007-02-27,22.0,22.0,22.0,22.0,0.0,195003.0
2007-02-28,22.0,22.0,22.0,22.0,0.0,60293.0
2007-03-01,22.0,22.0,22.0,22.0,0.0,162078.0
2007-03-02,22.0,22.0,22.0,22.0,0.0,1918.0
2007-03-05,22.0,22.0,22.0,22.0,0.0,211097.0
2007-03-06,22.25,22.0,22.25,22.0,0.0,10133.0
2007-03-07,22.25,22.25,22.25,22.25,0.0,101418.0
2007-03-08,22.5,22.25,22.5,22.25,0.0,28250.0
2007-03-09,22.5,22.5,22.5,22.5,0.0,14833.0
2007-03-12,22.5,22.5,22.5,22.5,0.0,42406.0
2007-03-13,22.5,22.5,22.5,22.5,0.0,48330.0
2007-03-14,22.5,22.5,22.5,22.5,0.0,19322.0
2007-03-15,22.5,22.5,22.5,22.5,0.0,11778.0
2007-03-16,22.5,22.5,22.5,22.5,0.0,11633.0
2007-03-19,22.5,22.5,22.5,22.5,0.0,107410.0
2007-03-20,22.5,22.5,22.5,22.5,0.0,63500.0
2007-03-21,22.5,22.5,22.5,22.5,0.0,171133.0
2007-03-22,22.5,22.5,22.5,22.5,0.0,159339.0
2007-03-23,22.5,22.5,22.5,22.5,0.0,61113.0
2007-03-26,22.5,22.5,22.5,22.5,0.0,23808.0
2007-03-27,22.75,22.5,22.75,22.5,0.0,45902.0
2007-03-28,23.0,22.75,23.0,22.75,0.0,1250974.0
2007-03-29,23.0,23.0,23.0,23.0,0.0,59108.0
2007-03-30,23.0,23.0,23.0,23.0,0.0,12567.0
2007-04-02,23.0,23.0,23.0,23.0,0.0,25268.0
2007-04-03,23.0,23.0,23.0,23.0,0.0,5240.0
2007-04-04,23.0,23.0,23.0,23.0,0.0,11668.0
2007-04-05,23.0,23.0,23.0,23.0,0.0,3740.0
2007-04-06,23.0,23.0,23.0,23.0,0.0,0.0
2007-04-09,23.0,23.0,23.0,23.0,0.0,0.0
2007-04-10,23.0,23.0,23.0,23.0,0.0,180278.0
2007-04-11,23.75,23.0,23.75,23.0,0.0,150549.0
2007-04-12,23.75,23.75,23.75,23.75,0.0,20840.0
2007-04-13,23.75,23.75,23.75,23.75,0.0,238428.0
2007-04-16,23.75,23.75,23.75,23.75,0.0,119993.0
2007-04-17,23.75,23.75,23.75,23.75,0.0,149690.0
2007-04-18,23.75,23.75,23.75,23.75,0.0,86630.0
2007-04-19,23.75,23.75,23.75,23.75,0.0,17817.0
2007-04-20,27.0,23.75,26.5,23.75,0.0,2978782.0
2007-04-23,26.5,26.5,26.5,26.5,0.0,254393.0
2007-04-24,26.5,26.5,26.5,26.5,0.0,7574.0
2007-04-25,26.5,26.5,26.5,26.5,0.0,45984.0
2007-04-26,26.5,26.5,26.5,26.5,0.0,41804.0
2007-04-27,26.5,26.5,26.5,26.5,0.0,103108.0
2007-04-30,26.5,26.25,26.25,26.5,0.0,29289.0
2007-05-01,26.25,26.25,26.25,26.25,0.0,0.0
2007-05-02,26.25,26.25,26.25,26.25,0.0,85890.0
2007-05-03,26.25,26.25,26.25,26.25,0.0,9773.0
2007-05-04,26.5,26.25,26.5,26.25,0.0,90579.0
2007-05-06,26.5,26.5,26.5,26.5,0.0,0.0
2007-05-07,26.5,26.5,26.5,26.5,0.0,0.0
2007-05-08,26.5,26.5,26.5,26.5,0.0,31915.0
2007-05-09,26.5,26.5,26.5,26.5,0.0,59074.0
2007-05-10,26.5,26.5,26.5,26.5,0.0,16722.0
2007-05-11,26.5,26.5,26.5,26.5,0.0,20441.0
2007-05-14,26.5,26.25,26.25,26.5,0.0,84288.0
2007-05-15,26.25,26.25,26.25,26.25,0.0,33502.0
2007-05-16,26.25,26.25,26.25,26.25,0.0,83443.0
2007-05-17,26.25,26.25,26.25,26.25,0.0,32880.0
2007-05-18,26.25,26.0,26.25,26.25,0.0,317703.0
2007-05-21,26.0,25.5,25.5,26.0,0.0,88141.0
2007-05-22,25.5,25.5,25.5,25.5,0.0,1610997.0
2007-05-23,25.5,25.5,25.5,25.5,0.0,32817.0
2007-05-24,25.5,25.5,25.5,25.5,0.0,28520.0
2007-05-25,25.5,25.25,25.25,25.5,0.0,137092.0
2007-05-28,25.25,25.25,25.25,25.25,0.0,0.0
2007-05-29,25.25,25.0,25.0,25.25,0.0,109373.0
2007-05-30,25.0,24.5,24.5,25.0,0.0,97775.0
2007-05-31,24.5,24.25,24.25,24.5,0.0,77121.0
2007-06-01,24.5,24.25,24.5,24.25,0.0,25566.0
2007-06-04,24.5,24.5,24.5,24.5,0.0,19546.0
2007-06-05,24.5,24.5,24.5,24.5,0.0,7159.0
2007-06-06,24.5,24.5,24.5,24.5,0.0,680601.0
2007-06-07,24.5,23.5,23.75,24.5,0.0,122694.0
2007-06-08,23.75,23.75,23.75,23.75,0.0,7147.0
2007-06-11,23.75,23.25,23.25,23.75,0.0,113475.0
2007-06-12,23.25,23.25,23.25,23.25,0.0,15372.0
2007-06-13,23.25,23.25,23.25,23.25,0.0,28500.0
2007-06-14,23.25,22.75,23.0,23.25,0.0,47382.0
2007-06-15,23.0,22.25,22.25,23.0,0.0,106299.0
2007-06-18,22.25,22.25,22.25,22.25,0.0,13500.0
2007-06-19,22.25,21.75,21.75,22.0,0.0,1412155.0
2007-06-20,22.0,21.75,22.0,21.75,0.0,84514.0
2007-06-21,22.0,22.0,22.0,22.0,0.0,35495.0
2007-06-22,22.0,22.0,22.0,22.0,0.0,1373.0
2007-06-25,22.0,22.0,22.0,22.0,0.0,3236.0
2007-06-26,22.0,22.0,22.0,22.0,0.0,59605.0
2007-06-27,22.0,22.0,22.0,22.0,0.0,1755000.0
2007-06-28,22.0,22.0,22.0,22.0,0.0,2125.0
2007-06-29,22.0,22.0,22.0,22.0,0.0,1601521.0
2007-07-02,22.0,21.75,21.75,22.0,0.0,95000.0
2007-07-03,21.75,21.75,21.75,21.75,0.0,50000.0
2007-07-04,21.75,21.75,21.75,21.75,0.0,287539.0
2007-07-05,22.0,21.75,22.0,21.75,0.0,131307.0
2007-07-06,22.0,22.0,22.0,22.0,0.0,62552.0
2007-07-09,22.0,21.75,21.75,22.0,0.0,960000.0
2007-07-10,22.0,21.5,21.5,21.75,0.0,33960.0
2007-07-11,21.5,21.5,21.5,21.5,0.0,50000.0
2007-07-12,21.5,21.5,21.5,21.5,0.0,6158.0
2007-07-13,23.75,22.0,23.75,22.0,0.0,925316.0
2007-07-16,23.75,23.75,23.75,23.75,0.0,455955.0
2007-07-17,23.75,23.75,23.75,23.75,0.0,89904.0
2007-07-18,23.75,23.75,23.75,23.75,0.0,265000.0
2007-07-19,23.75,23.75,23.75,23.75,0.0,55239.0
2007-07-20,23.75,23.75,23.75,23.75,0.0,385736.0
2007-07-23,24.0,23.75,23.75,24.0,0.0,64060.0
2007-07-24,23.75,23.5,23.5,23.5,0.0,507708.0
2007-07-25,23.75,23.5,23.5,23.75,0.0,307510.0
2007-07-26,23.5,22.25,22.25,23.5,0.0,725549.0
2007-07-27,21.75,21.5,21.75,21.75,0.0,215000.0
2007-07-30,21.75,21.75,21.75,21.75,0.0,89610.0
2007-07-31,21.75,21.75,21.75,21.75,0.0,71684.0
2007-08-01,21.5,21.5,21.5,21.5,0.0,22956.0
2007-08-02,21.75,21.5,21.75,21.5,0.0,63500.0
2007-08-03,21.75,21.75,21.75,21.75,0.0,0.0
2007-08-06,21.75,21.75,21.75,21.75,0.0,22954.0
2007-08-07,21.75,21.75,21.75,21.75,0.0,64107.0
2007-08-08,21.75,21.75,21.75,21.75,0.0,88203.0
2007-08-09,21.75,21.75,21.75,21.75,0.0,11800.0
2007-08-10,21.75,21.75,21.75,21.75,0.0,2250.0
2007-08-13,21.75,21.75,21.75,21.75,0.0,2250.0
2007-08-14,21.75,21.75,21.75,21.75,0.0,20258.0
2007-08-15,21.75,21.5,21.5,21.75,0.0,107700.0
2007-08-16,21.25,21.0,21.0,21.25,0.0,78536.0
2007-08-17,21.0,19.75,19.75,21.0,0.0,136089.0
2007-08-20,19.75,19.75,19.75,19.75,0.0,76304.0
2007-08-21,20.0,19.75,20.0,19.75,0.0,346037.0
2007-08-22,20.5,20.0,20.5,20.0,0.0,254241.0
2007-08-23,20.5,20.5,20.5,20.5,0.0,11533.0
2007-08-24,21.0,20.5,21.0,20.5,0.0,20339.0
2007-08-27,21.0,21.0,21.0,21.0,0.0,0.0
2007-08-28,21.0,20.75,20.75,21.0,0.0,9653.0
2007-08-29,20.75,20.75,20.75,20.75,0.0,7200.0
2007-08-30,21.0,21.0,21.0,21.0,0.0,122511.0
2007-08-31,21.0,20.75,21.0,20.75,0.0,13029.0
2007-09-03,21.25,21.0,21.25,21.0,0.0,7500.0
2007-09-04,21.25,21.25,21.25,21.25,0.0,0.0
2007-09-05,21.25,21.25,21.25,21.25,0.0,0.0
2007-09-06,21.25,21.25,21.25,21.25,0.0,11000.0
2007-09-07,21.25,21.25,21.25,21.25,0.0,11369.0
2007-09-10,21.25,21.25,21.25,21.25,0.0,3183.0
2007-09-11,21.25,21.25,21.25,21.25,0.0,0.0
2007-09-12,21.25,21.25,21.25,21.25,0.0,11500.0
2007-09-13,21.25,21.25,21.25,21.25,0.0,11250.0
2007-09-14,21.25,21.25,21.25,21.25,0.0,30000.0
2007-09-17,21.25,20.5,20.5,21.25,0.0,148309.0
2007-09-18,20.25,19.25,19.25,20.25,0.0,120554.0
2007-09-19,19.5,19.25,19.5,19.25,0.0,138375.0
2007-09-20,19.5,19.5,19.5,19.5,0.0,41000.0
2007-09-21,19.5,19.25,19.25,19.5,0.0,28000.0
2007-09-24,19.25,19.25,19.25,19.25,0.0,18795.0
2007-09-25,19.25,19.25,19.25,19.25,0.0,23585.0
2007-09-26,19.25,19.25,19.25,19.25,0.0,40386.0
2007-09-27,19.25,19.25,19.25,19.25,0.0,24828.0
2007-09-28,19.25,19.25,19.25,19.25,0.0,43000.0
2007-10-01,19.25,19.25,19.25,19.25,0.0,112083.0
2007-10-02,19.25,19.0,19.0,19.25,0.0,21520.0
2007-10-03,19.0,19.0,19.0,19.0,0.0,9872.0
2007-10-04,19.0,18.75,18.75,19.0,0.0,54282.0
2007-10-05,18.75,18.75,18.75,18.75,0.0,5300.0
2007-10-08,18.75,18.75,18.75,18.75,0.0,19476.0
2007-10-09,18.75,18.75,18.75,18.75,0.0,400.0
2007-10-10,18.75,18.75,18.75,18.75,0.0,939.0
2007-10-11,18.75,18.75,18.75,18.75,0.0,33135.0
2007-10-12,19.0,18.75,19.0,18.75,0.0,30550.0
2007-10-15,19.0,19.0,19.0,19.0,0.0,100.0
2007-10-16,19.0,19.0,19.0,19.0,0.0,78237.0
2007-10-17,19.0,19.0,19.0,19.0,0.0,14071.0
2007-10-18,19.0,19.0,19.0,19.0,0.0,4000.0
2007-10-19,19.0,19.0,19.0,19.0,0.0,11667.0
2007-10-22,19.0,18.5,18.5,19.0,0.0,83356.0
2007-10-23,18.5,18.5,18.5,18.5,0.0,0.0
2007-10-24,18.5,18.25,18.25,18.5,0.0,267374.0
2007-10-25,18.25,15.75,16.25,18.25,0.0,475237.0
2007-10-26,16.25,16.0,16.25,16.0,0.0,286038.0
2007-10-29,16.25,16.25,16.25,16.25,0.0,42958.0
2007-10-30,16.25,16.25,16.25,16.25,0.0,29800.0
2007-10-31,16.25,16.25,16.25,16.25,0.0,34821.0
2007-11-01,16.25,16.0,16.25,16.25,0.0,80674.0
2007-11-02,16.25,16.25,16.25,16.25,0.0,82127.0
2007-11-05,16.25,15.5,15.5,16.25,0.0,134500.0
2007-11-06,15.5,15.25,15.25,15.5,0.0,246500.0
2007-11-07,15.75,15.25,15.75,15.25,0.0,688308.0
2007-11-08,15.75,15.75,15.75,15.75,0.0,55555.0
2007-11-09,15.75,15.75,15.75,15.75,0.0,100000.0
2007-11-12,15.75,15.75,15.75,15.75,0.0,35000.0
2007-11-13,15.75,15.5,15.5,15.75,0.0,228237.0
2007-11-14,15.5,15.0,15.0,15.5,0.0,77817.0
2007-11-15,14.75,13.25,13.25,14.5,0.0,864141.0
2007-11-16,13.25,13.25,13.25,13.25,0.0,47509.0
2007-11-19,13.25,12.75,12.75,13.25,0.0,118623.0
2007-11-20,12.75,12.75,12.75,12.75,0.0,0.0
2007-11-21,13.0,13.0,13.0,13.0,0.0,10712.0
2007-11-22,13.0,13.0,13.0,13.0,0.0,21367.0
2007-11-23,13.0,13.0,13.0,13.0,0.0,1000.0
2007-11-26,13.0,13.0,13.0,13.0,0.0,62929.0
2007-11-27,13.0,13.0,13.0,13.0,0.0,39000.0
2007-11-28,13.0,13.0,13.0,13.0,0.0,312993.0
2007-11-29,13.25,13.0,13.25,13.0,0.0,6036249.0
2007-11-30,13.25,13.25,13.25,13.25,0.0,10000.0
2007-12-03,13.25,13.25,13.25,13.25,0.0,3114.0
2007-12-04,13.25,13.25,13.25,13.25,0.0,16725.0
2007-12-05,13.25,13.0,13.0,13.25,0.0,50000.0
2007-12-06,13.0,13.0,13.0,13.0,0.0,9374.0
2007-12-07,13.0,13.0,13.0,13.0,0.0,20000.0
2007-12-10,13.0,12.75,12.75,13.0,0.0,176866.0
2007-12-11,12.75,12.75,12.75,12.75,0.0,15000.0
2007-12-12,12.5,12.5,12.5,12.5,0.0,1.0
2007-12-13,12.5,12.5,12.5,12.5,0.0,0.0
2007-12-14,12.5,12.5,12.5,12.5,0.0,0.0
2007-12-17,12.5,12.5,12.5,12.5,0.0,0.0
2007-12-18,12.5,12.5,12.5,12.5,0.0,11125.0
2007-12-19,12.5,12.5,12.5,12.5,0.0,28447.0
2007-12-20,12.5,12.5,12.5,12.5,0.0,196.0
2007-12-21,12.5,12.0,12.0,12.5,0.0,111549.0
2007-12-24,12.0,12.0,12.0,12.0,0.0,0.0
2007-12-25,12.0,12.0,12.0,12.0,0.0,0.0
2007-12-26,12.0,12.0,12.0,12.0,0.0,0.0
2007-12-27,12.0,12.0,12.0,12.0,0.0,2000.0
2007-12-28,12.0,12.0,12.0,12.0,0.0,160000.0
2007-12-31,11.5,11.5,11.5,11.5,0.0,104816.0
2008-01-01,11.5,11.5,11.5,11.5,0.0,0.0
2008-01-02,11.5,11.25,11.25,11.5,0.0,62500.0
2008-01-03,11.25,10.75,10.75,11.25,0.0,49500.0
2008-01-04,10.75,10.25,10.25,10.75,0.0,234800.0
2008-01-07,10.25,9.625,9.625,10.25,0.0,104719.0
2008-01-08,9.625,9.625,9.625,9.625,0.0,1650847.0
2008-01-09,9.656,9.125,9.125,9.656,0.0,379019.0
2008-01-10,9.88,9.25,9.875,9.25,0.0,3010394.0
2008-01-11,9.925,9.875,9.875,9.925,0.0,15917.0
2008-01-14,9.875,9.64,9.875,9.64,0.0,157577.0
2008-01-15,9.88,9.75,9.75,9.88,0.0,40935.0
2008-01-16,9.75,9.75,9.75,9.75,0.0,193316.0
2008-01-17,9.75,9.75,9.75,9.75,0.0,100000.0
2008-01-18,9.75,9.75,9.75,9.75,0.0,170941.0
2008-01-21,9.75,9.75,9.75,9.75,0.0,142187.0
2008-01-22,9.75,9.63,9.75,9.63,0.0,75164.0
2008-01-23,9.88,9.75,9.875,9.75,0.0,225145.0
2008-01-24,10.5,9.88,10.5,9.88,0.0,5773671.0
2008-01-25,10.75,10.5,10.5,10.5,0.0,281541.0
2008-01-28,10.5,10.5,10.5,10.5,0.0,66477.0
2008-01-29,10.5,10.5,10.5,10.5,0.0,89302.0
2008-01-30,10.25,10.0,10.25,10.25,0.0,216578.0
2008-01-31,10.25,10.25,10.25,10.25,0.0,6793.0
2008-02-01,10.25,10.25,10.25,10.25,0.0,7016.0
2008-02-04,10.25,9.88,10.0,10.25,0.0,1506051.0
2008-02-05,10.0,10.0,10.0,10.0,0.0,25000.0
2008-02-06,9.875,9.502,9.875,9.502,0.0,76834.0
2008-02-07,10.213,9.875,9.875,10.213,0.0,489.0
2008-02-08,10.004,9.875,9.875,10.004,0.0,17500.0
2008-02-11,9.875,9.74,9.875,9.74,0.0,5414.0
2008-02-12,9.88,9.875,9.875,9.88,0.0,53824.0
2008-02-13,10.25,9.875,9.875,10.25,0.0,25000.0
2008-02-14,10.25,9.875,9.875,10.25,0.0,25000.0
2008-02-15,9.875,9.75,9.875,9.75,0.0,200.0
2008-02-18,10.75,9.88,10.75,9.88,0.0,209884.0
2008-02-19,10.75,10.75,10.75,10.75,0.0,22601.0
2008-02-20,11.75,10.75,11.75,10.75,0.0,179068.0
2008-02-21,12.5,11.75,12.5,11.75,0.0,228386.0
2008-02-22,13.5,12.75,13.25,12.75,0.0,190205.0
2008-02-25,14.0,13.25,14.0,13.25,0.0,179623.0
2008-02-26,14.0,13.75,13.75,14.0,0.0,115445.0
2008-02-27,13.75,13.25,13.25,13.75,0.0,165617.0
2008-02-28,13.25,12.25,12.25,13.25,0.0,138500.0
2008-02-29,12.25,11.5,12.0,12.25,0.0,222334.0
2008-03-03,12.0,11.75,12.0,11.75,0.0,159675.0
2008-03-04,12.0,11.75,12.0,12.0,0.0,22518.0
2008-03-05,12.0,11.75,12.0,11.75,0.0,72810.0
2008-03-06,12.0,12.0,12.0,12.0,0.0,16220.0
2008-03-07,11.75,11.75,11.75,11.75,0.0,139760.0
2008-03-10,12.25,11.75,12.25,11.75,0.0,135168.0
2008-03-11,12.5,12.25,12.5,12.25,0.0,226758.0
2008-03-12,12.75,12.5,12.75,12.5,0.0,71898.0
2008-03-13,12.75,12.5,12.5,12.75,0.0,22620.0
2008-03-14,12.5,12.5,12.5,12.5,0.0,25444.0
2008-03-17,12.5,12.25,12.25,12.5,0.0,26746.0
2008-03-18,12.25,12.25,12.25,12.25,0.0,56430.0
2008-03-19,12.25,12.25,12.25,12.25,0.0,0.0
2008-03-20,12.25,12.0,12.25,12.0,0.0,40000.0
2008-03-21,12.25,12.25,12.25,12.25,0.0,0.0
2008-03-24,12.25,12.25,12.25,12.25,0.0,0.0
2008-03-25,12.25,12.25,12.25,12.25,0.0,10293.0
2008-03-26,12.25,12.25,12.25,12.25,0.0,16987.0
2008-03-27,12.25,12.25,12.25,12.25,0.0,31392.0
2008-03-28,12.25,12.25,12.25,12.25,0.0,25000.0
2008-03-31,12.25,12.25,12.25,12.25,0.0,120394.0
2008-04-01,12.25,12.25,12.25,12.25,0.0,4011.0
2008-04-02,12.25,12.25,12.25,12.25,0.0,334614.0
2008-04-03,12.25,12.25,12.25,12.25,0.0,34135.0
2008-04-04,12.25,12.25,12.25,12.25,0.0,219896.0
2008-04-07,12.25,12.0,12.0,12.25,0.0,10000.0
2008-04-08,12.0,12.0,12.0,12.0,0.0,50000.0
2008-04-09,12.0,12.0,12.0,12.0,0.0,5625.0
2008-04-10,12.0,11.25,11.25,12.0,0.0,313000.0
2008-04-11,11.25,11.25,11.25,11.25,0.0,150000.0
2008-04-14,11.25,10.75,10.75,11.25,0.0,41875.0
2008-04-15,10.75,10.75,10.75,10.75,0.0,10000.0
2008-04-16,10.75,10.25,10.25,10.75,0.0,46000.0
2008-04-17,10.25,10.25,10.25,10.25,0.0,250000.0
2008-04-18,10.25,10.25,10.25,10.25,0.0,5889207.0
2008-04-21,10.25,10.25,10.25,10.25,0.0,315829.0
2008-04-22,10.5,10.25,10.5,10.25,0.0,183481.0
2008-04-23,10.25,10.25,10.25,10.25,0.0,240317.0
2008-04-24,10.25,10.25,10.25,10.25,0.0,42187.0
2008-04-25,10.25,8.75,8.75,10.25,0.0,756467.0
2008-04-28,9.38,8.75,9.375,8.75,0.0,429025.0
2008-04-29,11.5,9.38,10.75,9.38,0.0,583768.0
2008-04-30,9.6,8.75,9.125,8.75,0.0,349026.0
2008-05-01,9.38,9.13,9.375,9.13,0.0,16741.0
2008-05-02,9.63,9.38,9.625,9.38,0.0,61955.0
2008-05-05,9.625,9.625,9.625,9.625,0.0,0.0
2008-05-06,10.25,9.63,10.25,9.63,0.0,176785.0
2008-05-07,10.75,10.25,10.75,10.25,0.0,191339.0
2008-05-08,10.75,10.75,10.75,10.75,0.0,185916.0
2008-05-09,10.75,10.75,10.75,10.75,0.0,76919.0
2008-05-12,10.75,10.75,10.75,10.75,0.0,202.0
2008-05-13,10.75,10.5,10.5,10.75,0.0,8414.0
2008-05-14,10.75,10.5,10.75,10.5,0.0,100000.0
2008-05-15,10.75,10.75,10.75,10.75,0.0,65576.0
2008-05-16,10.75,10.75,10.75,10.75,0.0,4500.0
2008-05-19,10.75,10.75,10.75,10.75,0.0,3000.0
2008-05-20,10.75,10.75,10.75,10.75,0.0,4300.0
2008-05-21,10.75,10.75,10.75,10.75,0.0,34883.0
2008-05-22,10.75,10.75,10.75,10.75,0.0,0.0
2008-05-23,10.75,10.75,10.75,10.75,0.0,7500.0
2008-05-26,10.75,10.75,10.75,10.75,0.0,0.0
2008-05-27,10.75,10.75,10.75,10.75,0.0,84000.0
2008-05-28,10.75,10.75,10.75,10.75,0.0,1093.0
2008-05-29,10.75,10.75,10.75,10.75,0.0,52250.0
2008-05-30,10.75,10.75,10.75,10.75,0.0,78500.0
2008-06-02,10.75,10.75,10.75,10.75,0.0,37115.0
2008-06-03,10.75,10.75,10.75,10.75,0.0,48754.0
2008-06-04,10.75,10.75,10.75,10.75,0.0,41218.0
2008-06-05,10.75,10.75,10.75,10.75,0.0,186.0
2008-06-06,10.75,10.75,10.75,10.75,0.0,106.0
2008-06-09,10.75,10.75,10.75,10.75,0.0,0.0
2008-06-10,10.75,10.75,10.75,10.75,0.0,1000.0
2008-06-11,10.75,10.75,10.75,10.75,0.0,40243.0
2008-06-12,10.75,10.5,10.5,10.75,0.0,10000.0
2008-06-13,10.5,10.5,10.5,10.5,0.0,11020.0
2008-06-16,10.5,10.5,10.5,10.5,0.0,8226.0
2008-06-17,10.5,10.5,10.5,10.5,0.0,0.0
2008-06-18,10.5,10.5,10.5,10.5,0.0,0.0
2008-06-19,10.5,10.5,10.5,10.5,0.0,20000.0
2008-06-20,10.5,10.5,10.5,10.5,0.0,20232.0
2008-06-23,10.5,10.5,10.5,10.5,0.0,46511.0
2008-06-24,10.5,10.5,10.5,10.5,0.0,20201.0
2008-06-25,10.5,10.5,10.5,10.5,0.0,40000.0
2008-06-26,10.5,10.5,10.5,10.5,0.0,5500.0
2008-06-27,10.5,10.5,10.5,10.5,0.0,6000.0
2008-06-30,10.5,10.5,10.5,10.5,0.0,0.0
2008-07-01,10.5,10.5,10.5,10.5,0.0,0.0
2008-07-02,10.5,10.5,10.5,10.5,0.0,227139.0
2008-07-03,10.5,10.5,10.5,10.5,0.0,212780.0
2008-07-04,10.5,10.5,10.5,10.5,0.0,0.0
2008-07-07,10.5,10.5,10.5,10.5,0.0,310000.0
2008-07-08,10.25,9.875,9.875,10.25,0.0,207968.0
2008-07-09,9.88,9.875,9.875,9.88,0.0,114021.0
2008-07-10,9.88,9.875,9.875,9.88,0.0,50407.0
2008-07-11,9.88,9.875,9.875,9.88,0.0,5889.0
2008-07-14,9.88,9.875,9.875,9.88,0.0,312379.0
2008-07-15,9.88,9.875,9.875,9.88,0.0,150000.0
2008-07-16,9.88,9.875,9.875,9.88,0.0,113824.0
2008-07-17,9.88,9.875,9.875,9.88,0.0,7912.0
2008-07-18,9.88,9.875,9.875,9.88,0.0,243986.0
2008-07-21,9.88,9.875,9.875,9.88,0.0,12990.0
2008-07-22,9.88,9.875,9.875,9.88,0.0,1500.0
2008-07-23,9.88,9.875,9.875,9.88,0.0,11226.0
2008-07-24,9.88,9.875,9.875,9.88,0.0,35125.0
2008-07-25,9.88,9.875,9.875,9.88,0.0,3813.0
2008-07-28,9.88,9.875,9.875,9.88,0.0,453939.0
2008-07-29,9.875,9.875,9.875,9.875,0.0,0.0
2008-07-30,9.88,9.875,9.875,9.88,0.0,80000.0
2008-07-31,9.875,9.875,9.875,9.875,0.0,0.0
2008-08-01,9.88,9.875,9.875,9.88,0.0,363.0
2008-08-04,9.88,9.875,9.875,9.88,0.0,1462.0
2008-08-05,9.88,9.875,9.875,9.88,0.0,5500.0
2008-08-06,9.88,9.875,9.875,9.88,0.0,15077.0
2008-08-07,9.88,9.875,9.875,9.88,0.0,20000.0
2008-08-08,9.88,9.875,9.875,9.88,0.0,54837.0
2008-08-11,9.88,9.875,9.875,9.88,0.0,17511.0
2008-08-12,9.875,9.875,9.875,9.875,0.0,0.0
2008-08-13,9.88,9.875,9.875,9.88,0.0,2400.0
2008-08-14,9.875,9.875,9.875,9.875,0.0,0.0
2008-08-15,9.88,9.875,9.875,9.88,0.0,11544.0
2008-08-18,9.88,9.875,9.875,9.88,0.0,3381.0
2008-08-19,9.88,9.875,9.875,9.88,0.0,35135.0
2008-08-20,9.88,9.875,9.875,9.88,0.0,1110024.0
2008-08-21,9.88,9.875,9.875,9.88,0.0,1761975.0
2008-08-22,9.88,9.5,9.5,9.88,0.0,10202.0
2008-08-25,9.5,9.5,9.5,9.5,0.0,0.0
2008-08-26,9.25,9.25,9.25,9.25,0.0,2208.0
2008-08-27,9.25,8.875,8.875,9.25,0.0,50000.0
2008-08-28,8.88,8.875,8.875,8.88,0.0,93246.0
2008-08-29,8.88,8.875,8.875,8.88,0.0,1687.0
2008-09-01,8.88,8.875,8.875,8.88,0.0,40000.0
2008-09-02,8.88,8.875,8.875,8.88,0.0,14634.0
2008-09-03,8.88,8.875,8.875,8.88,0.0,27047.0
2008-09-04,8.75,8.75,8.75,8.75,0.0,1.0
2008-09-05,8.75,8.75,8.75,8.75,0.0,290998.0
2008-09-08,8.75,8.75,8.75,8.75,0.0,0.0
2008-09-09,8.75,8.75,8.75,8.75,0.0,920.0
2008-09-10,8.75,8.625,8.625,8.75,0.0,50414.0
2008-09-11,8.625,8.625,8.625,8.625,0.0,0.0
2008-09-12,8.63,8.0,8.0,8.63,0.0,81193.0
2008-09-15,8.0,7.5,7.5,8.0,0.0,1500.0
2008-09-16,7.5,7.5,7.5,7.5,0.0,0.0
2008-09-17,7.5,7.5,7.5,7.5,0.0,0.0
2008-09-18,7.5,7.25,7.25,7.5,0.0,100000.0
2008-09-19,7.25,7.0,7.0,7.25,0.0,50000.0
2008-09-22,7.0,6.75,6.75,7.0,0.0,4693.0
2008-09-23,6.75,6.75,6.75,6.75,0.0,0.0
2008-09-24,6.75,6.75,6.75,6.75,0.0,50000.0
2008-09-25,6.75,6.75,6.75,6.75,0.0,14426.0
2008-09-26,6.75,6.75,6.75,6.75,0.0,0.0
2008-09-29,6.75,6.75,6.75,6.75,0.0,0.0
2008-09-30,6.75,6.75,6.75,6.75,0.0,5541.0
2008-10-01,6.75,6.75,6.75,6.75,0.0,0.0
2008-10-02,6.75,6.75,6.75,6.75,0.0,1192.0
2008-10-03,6.75,6.75,6.75,6.75,0.0,5263.0
2008-10-06,6.75,6.95,6.75,6.95,0.0,100.0
2008-10-07,6.75,6.75,6.75,6.75,0.0,0.0
2008-10-08,6.75,6.75,6.75,6.75,0.0,0.0
2008-10-09,6.75,6.75,6.75,6.75,0.0,900.0
2008-10-10,6.75,6.75,6.75,6.75,0.0,19776.0
2008-10-13,6.75,6.75,6.75,6.75,0.0,0.0
2008-10-14,6.75,6.75,6.75,6.75,0.0,0.0
2008-10-15,6.75,6.75,6.75,6.75,0.0,50000.0
2008-10-16,6.75,6.75,6.75,6.75,0.0,2000.0
2008-10-17,6.75,6.75,6.75,6.75,0.0,0.0
2008-10-20,6.75,6.75,6.75,6.75,0.0,0.0
2008-10-21,6.75,6.75,6.75,6.75,0.0,0.0
2008-10-22,6.625,6.625,6.625,6.625,0.0,1.0
2008-10-23,6.63,6.25,6.25,6.63,0.0,31393.0
2008-10-24,6.25,6.25,6.25,6.25,0.0,0.0
2008-10-27,6.25,6.0,6.0,6.25,0.0,25000.0
2008-10-28,6.0,5.25,5.25,6.0,0.0,69571.0
2008-10-29,5.25,5.25,5.25,5.25,0.0,0.0
2008-10-30,5.25,5.25,5.25,5.25,1.0,1350.0
2008-10-31,5.25,4.75,4.75,5.25,2.0,70587.0
2008-11-03,4.75,4.75,4.75,4.75,0.0,0.0
2008-11-04,4.75,4.75,4.75,4.75,1.0,1966.0
2008-11-05,5.01,5.0,5.0,5.01,1.0,15000.0
2008-11-06,5.0,5.0,5.0,5.0,0.0,0.0
2008-11-07,5.0,4.75,4.75,5.0,3.0,110864.0
2008-11-10,4.75,4.5,4.75,4.75,3.0,676780.0
2008-11-11,4.75,4.5,4.5,4.75,1.0,15000.0
2008-11-12,4.5,4.5,4.5,4.5,0.0,0.0
2008-11-13,4.5,4.5,4.5,4.5,0.0,0.0
2008-11-14,4.5,4.5,4.5,4.5,1.0,20244.0
2008-11-17,4.5,4.5,4.5,4.5,1.0,10000.0
2008-11-18,4.5,4.5,4.5,4.5,1.0,94091.0
2008-11-19,4.5,4.5,4.5,4.5,1.0,2103.0
2008-11-20,4.5,4.5,4.5,4.5,2.0,4446.0
2008-11-21,4.5,4.5,4.5,4.5,0.0,0.0
2008-11-24,4.5,4.5,4.5,4.5,1.0,2592.0
2008-11-25,4.5,4.5,4.5,4.5,2.0,9325.0
2008-11-26,4.5,4.5,4.5,4.5,0.0,0.0
2008-11-27,4.5,4.375,4.375,4.5,2.0,30150.0
2008-11-28,4.375,4.375,4.375,4.375,0.0,0.0
2008-12-01,4.38,4.375,4.375,4.38,1.0,754.0
2008-12-02,4.38,4.125,4.125,4.38,2.0,2125.0
2008-12-03,4.13,4.125,4.125,4.13,1.0,20000.0
2008-12-04,4.13,4.0,4.0,4.13,1.0,4500.0
2008-12-05,4.0,4.0,4.0,4.0,2.0,17452.0
2008-12-08,4.0,3.625,3.625,4.0,4.0,152275.0
2008-12-09,3.88,3.625,3.625,3.63,2.0,12103.0
2008-12-10,3.63,3.5,3.5,3.63,1.0,15000.0
2008-12-11,3.5,3.5,3.5,3.5,1.0,9000.0
2008-12-12,3.95,3.5,3.5,3.5,1.0,5000.0
2008-12-15,3.5,3.5,3.5,3.5,1.0,5000.0
2008-12-16,3.5,3.5,3.5,3.5,2.0,16808.0
2008-12-17,3.5,3.5,3.5,3.5,0.0,0.0
2008-12-18,3.5,3.5,3.5,3.5,1.0,20000.0
2008-12-19,3.5,3.5,3.5,3.5,0.0,0.0
2008-12-22,3.5,3.5,3.5,3.5,2.0,75000.0
2008-12-23,3.5,3.25,3.25,3.5,1.0,33750.0
2008-12-24,3.25,3.25,3.25,3.25,0.0,0.0
2008-12-25,3.25,3.25,3.25,3.25,0.0,0.0
2008-12-26,3.25,3.25,3.25,3.25,0.0,0.0
2008-12-29,3.25,3.25,3.25,3.25,0.0,0.0
2008-12-30,3.25,3.25,3.25,3.25,0.0,0.0
2008-12-31,3.125,3.125,3.125,3.125,0.0,1.0
2009-01-01,3.125,3.125,3.125,3.125,0.0,0.0
2009-01-02,3.63,3.13,3.625,3.25,3.0,75000.0
2009-01-05,3.63,3.625,3.625,3.63,1.0,6000.0
2009-01-06,4.5,3.63,4.125,3.63,5.0,67778.0
2009-01-07,5.5,4.38,4.875,4.38,10.0,5352367.0
2009-01-08,6.0,4.88,5.25,4.88,4.0,120430.0
2009-01-09,6.5,5.25,5.875,5.25,6.0,153064.0
2009-01-12,6.0,5.88,6.0,5.88,3.0,27631.0
2009-01-13,5.93,5.33,5.5,5.75,6.0,78923.0
2009-01-14,5.5,5.375,5.375,5.5,6.0,323600.0
2009-01-15,5.38,5.25,5.25,5.38,2.0,63750.0
2009-01-16,5.25,5.0,5.0,5.25,1.0,25000.0
2009-01-19,5.0,4.75,4.75,5.0,3.0,108064.0
2009-01-20,4.75,4.75,4.75,4.75,0.0,0.0
2009-01-21,4.75,4.75,4.75,4.75,0.0,0.0
2009-01-22,4.75,4.75,4.75,4.75,0.0,0.0
2009-01-23,4.75,4.75,4.75,4.75,1.0,2275.0
2009-01-26,4.75,4.75,4.75,4.75,0.0,0.0
2009-01-27,4.75,4.75,4.75,4.75,0.0,0.0
2009-01-28,4.75,4.75,4.75,4.75,1.0,809.0
2009-01-29,4.75,4.625,4.625,4.75,1.0,202.0
2009-01-30,4.625,4.625,4.625,4.625,0.0,0.0
2009-02-02,4.625,4.625,4.625,4.625,0.0,0.0
2009-02-03,4.625,4.625,4.625,4.625,0.0,0.0
2009-02-04,4.625,4.625,4.625,4.625,0.0,0.0
2009-02-05,4.63,4.625,4.625,4.63,2.0,8494.0
2009-02-06,4.63,4.625,4.625,4.63,2.0,60000.0
2009-02-09,4.63,4.625,4.625,4.63,2.0,6597.0
2009-02-10,4.63,4.625,4.625,4.63,2.0,10345.0
2009-02-11,4.625,4.625,4.625,4.625,0.0,0.0
2009-02-12,4.625,4.625,4.625,4.625,0.0,0.0
2009-02-13,4.63,4.625,4.625,4.63,2.0,5675.0
2009-02-16,4.63,4.625,4.625,4.63,2.0,29103.0
2009-02-17,4.63,4.625,4.625,4.63,1.0,2250.0
2009-02-18,4.625,4.625,4.625,4.625,0.0,0.0
2009-02-19,4.63,4.5,4.5,4.63,1.0,30000.0
2009-02-20,4.5,4.5,4.5,4.5,2.0,28125.0
2009-02-23,4.5,4.5,4.5,4.5,0.0,0.0
2009-02-24,4.5,4.5,4.5,4.5,0.0,0.0
2009-02-25,4.5,4.5,4.5,4.5,0.0,0.0
2009-02-26,4.5,4.5,4.5,4.5,0.0,0.0
2009-02-27,4.5,4.5,4.5,4.5,0.0,0.0
2009-03-02,4.5,4.5,4.5,4.5,0.0,0.0
2009-03-03,4.5,4.5,4.5,4.5,0.0,0.0
2009-03-04,4.5,4.5,4.5,4.5,1.0,2500.0
2009-03-05,4.5,4.5,4.5,4.5,3.0,16030.0
2009-03-06,4.5,4.5,4.5,4.5,2.0,13944.0
2009-03-09,4.5,4.5,4.5,4.5,1.0,2250.0
2009-03-10,4.5,4.5,4.5,4.5,0.0,0.0
2009-03-11,4.5,4.5,4.5,4.5,0.0,0.0
2009-03-12,4.5,4.5,4.5,4.5,1.0,1989.0
2009-03-13,4.5,4.5,4.5,4.5,0.0,0.0
2009-03-16,4.5,4.5,4.5,4.5,0.0,0.0
2009-03-17,4.5,4.5,4.5,4.5,3.0,216998.0
2009-03-18,4.5,4.5,4.5,4.5,0.0,0.0
2009-03-19,4.5,4.5,4.5,4.5,0.0,0.0
2009-03-20,4.5,4.5,4.5,4.5,1.0,2000.0
2009-03-23,4.5,4.5,4.5,4.5,2.0,80000.0
2009-03-24,4.5,4.5,4.5,4.5,1.0,1125.0
2009-03-25,4.5,4.5,4.5,4.5,2.0,4004.0
2009-03-26,4.5,4.5,4.5,4.5,3.0,16750.0
2009-03-27,4.5,4.5,4.5,4.5,1.0,35000.0
2009-03-29,4.5,4.5,4.5,4.5,0.0,0.0
2009-03-30,4.5,4.5,4.5,4.5,1.0,4090.0
2009-03-31,4.5,4.5,4.5,4.5,1.0,1440.0
2009-04-01,4.5,4.25,4.25,4.5,2.0,10945.0
2009-04-02,4.38,4.25,4.375,4.25,3.0,157500.0
2009-04-03,4.38,4.375,4.375,4.38,1.0,3937.0
2009-04-06,4.38,4.375,4.375,4.38,1.0,10000.0
2009-04-07,4.38,4.375,4.375,4.38,2.0,2890.0
2009-04-08,4.5,4.38,4.5,4.38,1.0,2500.0
2009-04-09,5.0,4.5,4.5,4.5,1.0,100000.0
2009-04-10,4.5,4.5,4.5,4.5,0.0,0.0
2009-04-13,4.5,4.5,4.5,4.5,0.0,0.0
2009-04-14,6.0,4.75,6.0,4.75,4.0,69043.0
2009-04-15,6.89,6.0,6.75,6.0,3.0,29100.0
2009-04-16,6.75,6.75,6.75,6.75,1.0,20000.0
2009-04-17,7.0,6.75,7.0,6.75,2.0,62500.0
2009-04-20,7.0,7.0,7.0,7.0,2.0,5796.0
2009-04-21,7.0,7.0,7.0,7.0,0.0,0.0
2009-04-22,7.0,7.0,7.0,7.0,0.0,0.0
2009-04-23,7.0,7.0,7.0,7.0,3.0,96250.0
2009-04-24,7.0,7.0,7.0,7.0,4.0,17446.0
2009-04-27,7.75,7.0,7.75,7.0,6.0,66499.0
2009-04-28,8.0,7.75,8.0,7.75,3.0,28000.0
2009-04-29,8.75,8.0,8.75,8.0,1.0,40000.0
2009-04-30,9.25,8.75,9.25,8.75,5.0,135303.0
2009-05-01,9.5,9.25,9.5,9.25,6.0,85518.0
2009-05-04,9.5,9.5,9.5,9.5,0.0,0.0
2009-05-05,9.5,9.5,9.5,9.5,5.0,61069.0
2009-05-06,9.5,9.25,9.25,9.5,2.0,12338.0
2009-05-07,9.25,9.25,9.25,9.25,1.0,9090.0
2009-05-08,9.25,9.25,9.25,9.25,0.0,0.0
2009-05-11,9.25,9.25,9.25,9.25,4.0,23060.0
2009-05-12,9.25,9.0,9.0,9.25,1.0,22192.0
2009-05-13,9.0,8.0,8.0,9.0,2.0,20000.0
2009-05-14,8.0,7.75,7.75,8.0,1.0,50000.0
2009-05-15,7.75,7.75,7.75,7.75,1.0,5956.0
2009-05-18,7.5,7.5,7.5,7.5,0.0,1.0
2009-05-19,7.5,7.5,7.5,7.5,0.0,0.0
2009-05-20,7.5,7.5,7.5,7.5,0.0,0.0
2009-05-21,7.5,7.5,7.5,7.5,0.0,0.0
2009-05-22,7.5,7.5,7.5,7.5,0.0,0.0
2009-05-25,7.5,7.5,7.5,7.5,0.0,0.0
2009-05-26,7.5,7.5,7.5,7.5,1.0,5000.0
2009-05-27,7.5,7.5,7.5,7.5,1.0,1000.0
2009-05-28,7.5,7.5,7.5,7.5,0.0,0.0
2009-05-29,7.75,7.75,7.75,7.75,0.0,1.0
2009-06-01,8.24,7.75,8.0,7.75,4.0,36067.0
2009-06-02,8.0,8.0,8.0,8.0,0.0,0.0
2009-06-03,8.0,8.0,8.0,8.0,1.0,1443.0
2009-06-04,8.0,7.63,7.875,8.0,2.0,51372.0
2009-06-05,7.88,7.875,7.875,7.88,1.0,4000.0
2009-06-08,7.875,7.875,7.875,7.875,0.0,0.0
2009-06-09,7.875,7.875,7.875,7.875,0.0,0.0
2009-06-10,7.88,7.5,7.5,7.88,2.0,26368.0
2009-06-11,7.5,7.5,7.5,7.5,0.0,0.0
2009-06-12,7.5,7.5,7.5,7.5,1.0,1200.0
2009-06-15,7.5,7.5,7.5,7.5,2.0,7610.0
2009-06-16,7.5,7.5,7.5,7.5,1.0,10000.0
2009-06-17,7.5,7.5,7.5,7.5,0.0,0.0
2009-06-18,7.5,7.5,7.5,7.5,0.0,0.0
2009-06-19,7.5,7.375,7.375,7.5,3.0,47845.0
2009-06-22,7.375,7.375,7.375,7.375,0.0,0.0
2009-06-23,7.38,7.375,7.375,7.38,1.0,10000.0
2009-06-24,7.375,7.375,7.375,7.375,0.0,0.0
2009-06-25,7.38,7.375,7.375,7.38,1.0,810.0
2009-06-26,7.375,7.375,7.375,7.375,0.0,0.0
2009-06-29,7.38,7.0,7.0,7.38,2.0,24000.0
2009-06-30,7.0,7.0,7.0,7.0,2.0,5806.0
2009-07-01,7.0,7.0,7.0,7.0,3.0,44500.0
2009-07-02,7.0,7.0,7.0,7.0,0.0,0.0
2009-07-03,7.0,7.0,7.0,7.0,0.0,0.0
2009-07-06,7.0,7.0,7.0,7.0,1.0,538.0
2009-07-07,6.75,6.75,6.75,6.75,0.0,1.0
2009-07-08,6.75,6.5,6.5,6.75,3.0,29302.0
2009-07-09,6.5,6.375,6.375,6.5,1.0,25000.0
2009-07-10,6.38,6.375,6.375,6.38,3.0,54000.0
2009-07-13,6.38,6.125,6.125,6.38,6.0,34941.0
2009-07-14,6.13,6.125,6.125,6.13,1.0,10000.0
2009-07-15,6.13,6.125,6.125,6.13,4.0,46191.0
2009-07-16,6.13,6.125,6.125,6.13,1.0,25000.0
2009-07-17,6.13,6.0,6.0,6.13,6.0,545625.0
2009-07-20,6.0,6.0,6.0,6.0,0.0,0.0
2009-07-21,6.13,6.0,6.125,6.0,3.0,115000.0
2009-07-22,6.13,6.125,6.125,6.13,1.0,956.0
2009-07-23,6.13,6.125,6.125,6.13,1.0,50000.0
2009-07-24,6.13,6.125,6.125,6.13,2.0,29755.0
2009-07-27,6.5,6.125,6.125,6.13,2.0,21408.0
2009-07-28,6.13,6.125,6.125,6.13,3.0,90500.0
2009-07-29,6.125,6.125,6.125,6.125,0.0,0.0
2009-07-30,6.13,6.125,6.125,6.13,1.0,25000.0
2009-07-31,6.13,6.125,6.125,6.13,3.0,3333.0
2009-08-03,6.5,6.13,6.375,6.13,1.0,55000.0
2009-08-04,6.38,6.375,6.375,6.38,1.0,45452.0
2009-08-05,6.38,6.375,6.375,6.38,1.0,6557.0
2009-08-06,6.375,6.375,6.375,6.375,0.0,0.0
2009-08-07,6.38,6.375,6.375,6.38,5.0,235561.0
2009-08-10,6.375,6.375,6.375,6.375,0.0,0.0
2009-08-11,6.38,5.75,5.75,6.38,8.0,276013.0
2009-08-12,5.75,5.75,5.75,5.75,0.0,0.0
2009-08-13,5.75,5.75,5.75,5.75,1.0,30000.0
2009-08-14,5.88,5.75,5.875,5.75,3.0,102802.0
2009-08-17,5.88,5.875,5.875,5.88,1.0,3943.0
2009-08-18,5.88,5.75,5.75,5.88,7.0,2118617.0
2009-08-19,7.0,5.88,6.875,5.88,16.0,762563.0
2009-08-20,6.94,6.75,6.875,6.88,6.0,105574.0
2009-08-21,6.88,6.875,6.875,6.88,1.0,30000.0
2009-08-24,7.5,6.875,6.875,6.88,5.0,135651.0
2009-08-25,7.13,6.88,7.125,6.88,3.0,112050.0
2009-08-26,7.13,6.875,6.875,7.13,1.0,25000.0
2009-08-27,6.88,6.875,6.875,6.88,2.0,3396.0
2009-08-28,7.0,6.88,7.0,6.88,1.0,2000.0
2009-08-31,7.0,7.0,7.0,7.0,0.0,0.0
2009-09-01,7.0,7.0,7.0,7.0,1.0,25000.0
2009-09-02,7.0,7.0,7.0,7.0,0.0,0.0
2009-09-03,7.0,6.75,6.75,7.0,1.0,25000.0
2009-09-04,6.75,6.75,6.75,6.75,0.0,0.0
2009-09-07,6.75,6.5,6.5,6.75,2.0,71500.0
2009-09-08,6.5,6.5,6.5,6.5,1.0,45040.0
2009-09-09,6.5,6.5,6.5,6.5,1.0,10000.0
2009-09-10,6.75,6.5,6.75,6.5,3.0,95000.0
2009-09-11,6.75,6.75,6.75,6.75,1.0,100000.0
2009-09-14,7.0,6.75,7.0,6.75,2.0,23321.0
2009-09-15,7.0,7.0,7.0,7.0,4.0,69365.0
2009-09-16,7.0,7.0,7.0,7.0,2.0,39830.0
2009-09-17,7.0,7.0,7.0,7.0,1.0,6606.0
2009-09-18,7.0,7.0,7.0,7.0,0.0,0.0
2009-09-21,7.0,7.0,7.0,7.0,0.0,0.0
2009-09-22,7.0,7.0,7.0,7.0,1.0,100000.0
2009-09-23,7.0,7.0,7.0,7.0,0.0,0.0
2009-09-24,7.0,7.0,7.0,7.0,0.0,0.0
2009-09-25,7.0,7.0,7.0,7.0,0.0,0.0
2009-09-28,8.63,7.0,7.75,7.0,20.0,778852.0
2009-09-29,8.0,7.75,8.0,7.75,7.0,406582.0
2009-09-30,8.5,8.0,8.5,8.0,14.0,523501.0
2009-10-01,8.5,8.5,8.5,8.5,2.0,24375.0
2009-10-02,8.5,8.5,8.5,8.5,2.0,91829.0
2009-10-05,8.5,8.5,8.5,8.5,0.0,0.0
2009-10-06,8.5,8.5,8.5,8.5,2.0,25492.0
2009-10-07,8.5,8.5,8.5,8.5,3.0,150000.0
2009-10-08,8.5,8.5,8.5,8.5,0.0,0.0
2009-10-09,8.5,8.5,8.5,8.5,3.0,155000.0
2009-10-12,8.75,8.5,8.75,8.5,3.0,50169.0
2009-10-13,8.75,8.5,8.5,8.75,5.0,598297.0
2009-10-14,8.75,8.75,8.75,8.75,2.0,20000.0
2009-10-15,8.75,8.75,8.75,8.75,2.0,10158.0
2009-10-16,8.75,8.75,8.75,8.75,1.0,30000.0
2009-10-17,8.75,8.75,8.75,8.75,0.0,0.0
2009-10-19,8.75,8.75,8.75,8.75,1.0,3820.0
2009-10-20,8.75,8.75,8.75,8.75,3.0,41206.0
2009-10-21,8.75,8.75,8.75,8.75,1.0,30000.0
2009-10-22,8.75,8.25,8.25,8.75,3.0,131000.0
2009-10-23,8.25,8.25,8.25,8.25,3.0,39774.0
2009-10-26,8.25,8.25,8.25,8.25,0.0,0.0
2009-10-27,8.25,8.25,8.25,8.25,1.0,150000.0
2009-10-28,8.25,8.25,8.25,8.25,4.0,173500.0
2009-10-29,8.25,8.25,8.25,8.25,2.0,50000.0
2009-10-30,8.25,8.25,8.25,8.25,0.0,0.0
2009-11-02,8.25,8.25,8.25,8.25,1.0,15173.0
2009-11-03,8.25,8.0,8.0,8.25,3.0,51298.0
2009-11-04,8.0,8.0,8.0,8.0,1.0,6003.0
2009-11-05,8.0,8.0,8.0,8.0,0.0,0.0
2009-11-06,8.25,8.0,8.25,8.0,5.0,140101.0
2009-11-09,8.25,8.25,8.25,8.25,1.0,50000.0
2009-11-10,8.25,8.25,8.25,8.25,1.0,335.0
2009-11-11,8.25,8.25,8.25,8.25,1.0,85000.0
2009-11-12,8.25,8.0,8.0,8.25,1.0,5000.0
2009-11-13,8.0,8.0,8.0,8.0,2.0,12725.0
2009-11-16,8.0,8.0,8.0,8.0,1.0,20000.0
2009-11-17,8.0,8.0,8.0,8.0,1.0,6983.0
2009-11-18,8.0,8.0,8.0,8.0,2.0,673000.0
2009-11-19,8.0,8.0,8.0,8.0,1.0,29234.0
2009-11-20,8.0,8.0,8.0,8.0,2.0,43500.0
2009-11-23,8.38,8.0,8.375,8.0,2.0,100000.0
2009-11-24,8.7,8.375,8.375,8.38,2.0,24880.0
2009-11-25,9.0,8.25,8.75,8.25,2.0,100000.0
2009-11-26,8.75,8.75,8.75,8.75,0.0,0.0
2009-11-27,8.75,8.75,8.75,8.75,0.0,0.0
2009-11-30,8.75,8.75,8.75,8.75,0.0,0.0
2009-12-01,8.75,8.75,8.75,8.75,0.0,0.0
2009-12-02,8.75,8.75,8.75,8.75,0.0,0.0
2009-12-03,8.75,8.5,8.5,8.75,1.0,472.0
2009-12-04,8.5,8.5,8.5,8.5,1.0,75000.0
2009-12-07,8.5,8.5,8.5,8.5,1.0,20000.0
2009-12-08,8.5,8.5,8.5,8.5,2.0,55625.0
2009-12-09,8.5,8.5,8.5,8.5,5.0,275000.0
2009-12-10,8.5,8.5,8.5,8.5,3.0,62000.0
2009-12-11,8.5,8.5,8.5,8.5,0.0,0.0
2009-12-14,8.5,8.5,8.5,8.5,2.0,3389.0
2009-12-15,8.5,8.5,8.5,8.5,0.0,0.0
2009-12-16,8.5,8.5,8.5,8.5,0.0,0.0
2009-12-17,8.5,8.5,8.5,8.5,0.0,0.0
2009-12-18,8.5,8.5,8.5,8.5,0.0,0.0
2009-12-21,8.5,8.5,8.5,8.5,0.0,0.0
2009-12-22,8.5,8.5,8.5,8.5,3.0,2616.0
2009-12-23,8.5,8.5,8.5,8.5,1.0,12500.0
2009-12-24,8.5,8.5,8.5,8.5,0.0,0.0
2009-12-25,8.5,8.5,8.5,8.5,0.0,0.0
2009-12-28,8.5,8.5,8.5,8.5,0.0,0.0
2009-12-29,8.5,8.5,8.5,8.5,1.0,10000.0
2009-12-30,8.5,8.5,8.5,8.5,3.0,38500.0
2009-12-31,8.5,8.5,8.5,8.5,3.0,91080.0
2010-01-01,8.5,8.5,8.5,8.5,0.0,0.0
2010-01-04,8.5,8.5,8.5,8.5,4.0,58127.0
2010-01-05,8.5,8.5,8.5,8.5,2.0,5468.0
2010-01-06,8.5,8.5,8.5,8.5,2.0,102750.0
2010-01-07,8.5,8.5,8.5,8.5,3.0,38500.0
2010-01-08,8.5,8.5,8.5,8.5,3.0,8733.0
2010-01-11,12.25,9.5,12.25,9.5,53.0,1634798.0
2010-01-12,12.75,12.0,12.0,12.0,32.0,548384.0
2010-01-13,12.0,12.0,12.0,12.0,7.0,50598.0
2010-01-14,12.0,12.0,12.0,12.0,7.0,50378.0
2010-01-15,12.0,12.0,12.0,12.0,9.0,76248.0
2010-01-18,13.25,12.0,13.0,12.0,14.0,351284.0
2010-01-19,13.0,13.0,13.0,13.0,13.0,121279.0
2010-01-20,14.25,12.75,13.5,13.0,15.0,152304.0
2010-01-21,13.5,13.5,13.5,13.5,8.0,203864.0
2010-01-22,15.75,13.5,15.0,13.5,21.0,507646.0
2010-01-25,16.0,14.75,16.0,15.0,13.0,273606.0
2010-01-26,16.0,15.5,15.5,16.0,7.0,171350.0
2010-01-27,15.5,15.25,15.5,15.5,7.0,108500.0
2010-01-28,15.5,15.0,15.0,15.5,7.0,56382.0
2010-01-29,15.25,15.0,15.25,15.0,2.0,125000.0
2010-02-01,15.25,15.0,15.0,15.25,2.0,47000.0
2010-02-02,15.25,15.0,15.25,15.0,5.0,32520.0
2010-02-03,16.0,15.25,16.0,15.25,11.0,804616.0
2010-02-04,16.0,15.5,15.75,16.0,9.0,5321620.0
2010-02-05,15.75,15.75,15.75,15.75,5.0,199529.0
2010-02-08,15.75,15.5,15.5,15.75,5.0,49816.0
2010-02-09,15.75,15.5,15.75,15.5,7.0,381250.0
2010-02-10,16.0,15.75,16.0,15.75,2.0,41821.0
2010-02-11,16.25,16.0,16.25,16.0,3.0,28839.0
2010-02-12,17.0,16.25,16.5,16.25,24.0,352346.0
2010-02-15,16.5,16.5,16.5,16.5,27.0,241020.0
2010-02-16,16.5,16.5,16.5,16.5,11.0,106880.0
2010-02-17,16.5,16.5,16.5,16.5,9.0,139262.0
2010-02-18,16.5,15.75,16.25,16.5,17.0,625511.0
2010-02-19,16.25,16.25,16.25,16.25,7.0,51103.0
2010-02-22,16.75,16.25,16.75,16.25,12.0,143558.0
2010-02-23,16.75,16.5,16.5,16.75,16.0,172105.0
2010-02-24,16.5,16.5,16.5,16.5,5.0,56057.0
2010-02-25,16.5,16.5,16.5,16.5,3.0,10659.0
2010-02-26,16.5,16.5,16.5,16.5,3.0,24350.0
2010-03-01,16.5,16.5,16.5,16.5,5.0,42953.0
2010-03-02,16.5,16.5,16.5,16.5,8.0,61317.0
2010-03-03,16.5,16.5,16.5,16.5,0.0,0.0
2010-03-04,16.5,16.5,16.5,16.5,3.0,18355.0
2010-03-05,16.5,16.5,16.5,16.5,5.0,50718.0
2010-03-08,16.5,16.5,16.5,16.5,0.0,0.0
2010-03-09,16.5,16.5,16.5,16.5,4.0,9404.0
2010-03-10,16.5,16.5,16.5,16.5,6.0,15679.0
2010-03-11,16.5,16.5,16.5,16.5,1.0,15000.0
2010-03-12,16.5,16.25,16.25,16.5,4.0,57967.0
2010-03-15,16.25,16.25,16.25,16.25,9.0,67120.0
2010-03-16,16.25,16.25,16.25,16.25,6.0,35044.0
2010-03-17,16.25,16.25,16.25,16.25,4.0,3002.0
2010-03-18,16.25,16.25,16.25,16.25,2.0,10019.0
2010-03-19,16.25,16.25,16.25,16.25,6.0,109817.0
2010-03-22,16.25,16.25,16.25,16.25,9.0,239837.0
2010-03-23,16.25,16.25,16.25,16.25,4.0,38415.0
2010-03-24,16.25,16.25,16.25,16.25,6.0,40735.0
2010-03-25,16.25,16.25,16.25,16.25,1.0,2250.0
2010-03-26,16.25,16.25,16.25,16.25,2.0,8679.0
2010-03-29,16.25,16.0,16.0,16.25,4.0,60139.0
2010-03-30,16.0,15.75,15.75,16.0,6.0,53152.0
2010-03-31,15.75,15.75,15.75,15.75,2.0,2000.0
2010-04-01,15.75,15.75,15.75,15.75,0.0,0.0
2010-04-02,15.75,15.75,15.75,15.75,0.0,0.0
2010-04-05,15.75,15.75,15.75,15.75,0.0,0.0
2010-04-06,15.75,15.75,15.75,15.75,5.0,26876.0
2010-04-07,15.75,15.25,15.25,15.75,2.0,14990.0
2010-04-08,15.25,15.0,15.0,15.25,2.0,16500.0
2010-04-09,15.0,14.75,14.75,15.0,4.0,16822.0
2010-04-12,14.75,13.5,13.5,14.75,11.0,108224.0
2010-04-13,14.5,13.5,14.5,13.5,7.0,121196.0
2010-04-14,15.75,14.5,15.5,14.5,8.0,91540.0
2010-04-15,15.5,15.5,15.5,15.5,5.0,50869.0
2010-04-16,15.5,15.5,15.5,15.5,1.0,7875.0
2010-04-19,15.5,15.25,15.25,15.5,8.0,88157.0
2010-04-20,15.25,15.25,15.25,15.25,0.0,0.0
2010-04-21,15.25,15.25,15.25,15.25,0.0,0.0
2010-04-22,15.25,15.25,15.25,15.25,2.0,14000.0
2010-04-23,15.25,15.0,15.0,15.25,1.0,30000.0
2010-04-26,15.0,15.0,15.0,15.0,2.0,26651.0
2010-04-27,15.0,15.0,15.0,15.0,3.0,9899.0
2010-04-28,15.0,15.0,15.0,15.0,3.0,136900.0
2010-04-29,15.0,15.0,15.0,15.0,4.0,5950.0
2010-04-30,15.0,15.0,15.0,15.0,0.0,0.0
2010-05-03,15.0,15.0,15.0,15.0,0.0,0.0
2010-05-04,15.0,14.75,14.75,15.0,5.0,42362.0
2010-05-05,14.75,14.0,14.0,14.75,7.0,220380.0
2010-05-06,14.0,14.0,14.0,14.0,0.0,0.0
2010-05-07,14.0,14.0,14.0,14.0,2.0,5002.0
2010-05-10,14.25,14.25,14.25,14.25,0.0,1.0
2010-05-11,14.25,14.0,14.0,14.25,2.0,111600.0
2010-05-12,14.0,14.0,14.0,14.0,3.0,7735.0
2010-05-13,14.0,14.0,14.0,14.0,2.0,50347.0
2010-05-14,14.0,14.0,14.0,14.0,2.0,25536.0
2010-05-17,14.0,14.0,14.0,14.0,1.0,100000.0
2010-05-18,14.0,14.0,14.0,14.0,2.0,1336.0
2010-05-19,14.0,14.0,14.0,14.0,0.0,0.0
2010-05-20,14.0,14.0,14.0,14.0,0.0,0.0
2010-05-21,14.0,14.0,14.0,14.0,3.0,127000.0
2010-05-24,14.0,14.0,14.0,14.0,0.0,0.0
2010-05-25,14.0,14.0,14.0,14.0,4.0,92055.0
2010-05-26,14.0,14.0,14.0,14.0,0.0,0.0
2010-05-27,14.0,14.0,14.0,14.0,1.0,142.0
2010-05-28,14.0,14.0,14.0,14.0,1.0,3000.0
2010-05-31,14.0,14.0,14.0,14.0,0.0,0.0
2010-06-01,14.0,14.0,14.0,14.0,0.0,0.0
2010-06-02,14.0,14.0,14.0,14.0,0.0,0.0
2010-06-03,14.0,14.0,14.0,14.0,1.0,4045.0
2010-06-04,14.0,14.0,14.0,14.0,1.0,750.0
2010-06-07,14.0,14.0,14.0,14.0,2.0,8062.0
2010-06-08,14.0,13.5,13.5,14.0,2.0,25000.0
2010-06-09,13.5,13.5,13.5,13.5,3.0,146187.0
2010-06-10,13.5,13.5,13.5,13.5,0.0,0.0
2010-06-11,13.5,13.5,13.5,13.5,0.0,0.0
2010-06-14,13.5,13.5,13.5,13.5,1.0,5000.0
2010-06-15,13.5,13.5,13.5,13.5,3.0,21437.0
2010-06-16,13.5,13.5,13.5,13.5,0.0,0.0
2010-06-17,13.5,13.5,13.5,13.5,0.0,0.0
2010-06-18,13.5,13.5,13.5,13.5,4.0,169143.0
2010-06-21,13.5,13.5,13.5,13.5,4.0,27665.0
2010-06-22,13.5,13.5,13.5,13.5,3.0,53760.0
2010-06-23,13.5,13.5,13.5,13.5,2.0,7300.0
2010-06-24,13.75,13.5,13.5,13.5,4.0,147500.0
2010-06-25,13.75,13.5,13.75,13.5,2.0,50186.0
2010-06-28,13.75,13.75,13.75,13.75,0.0,0.0
2010-06-29,18.25,16.25,17.0,16.25,18.0,464744.0
2010-06-30,17.25,17.0,17.25,17.0,11.0,116953.0
2010-07-01,17.25,17.0,17.0,17.25,13.0,84737.0
2010-07-02,17.0,17.0,17.0,17.0,3.0,21973.0
2010-07-05,17.0,16.75,16.75,17.0,7.0,76236.0
2010-07-06,17.25,16.75,17.25,16.75,5.0,77908.0
2010-07-07,17.25,17.25,17.25,17.25,2.0,3200.0
2010-07-08,17.25,17.25,17.25,17.25,2.0,25000.0
2010-07-09,17.25,17.25,17.25,17.25,2.0,6144.0
2010-07-12,17.25,17.25,17.25,17.25,3.0,11365.0
2010-07-13,17.25,17.25,17.25,17.25,4.0,60196.0
2010-07-14,17.25,17.25,17.25,17.25,2.0,17440.0
2010-07-15,17.25,17.25,17.25,17.25,13.0,85727712.0
2010-07-16,17.25,16.75,16.75,17.25,4.0,100631.0
2010-07-19,16.75,16.75,16.75,16.75,3.0,41339.0
2010-07-20,16.75,16.75,16.75,16.75,2.0,1225.0
2010-07-21,16.75,16.75,16.75,16.75,2.0,5000.0
2010-07-22,16.75,16.5,16.5,16.75,3.0,75232.0
2010-07-23,16.5,16.25,16.25,16.5,9.0,152480.0
2010-07-26,16.25,16.25,16.25,16.25,8.0,52859.0
2010-07-27,16.25,16.25,16.25,16.25,7.0,33821.0
2010-07-28,16.25,16.25,16.25,16.25,5.0,99481.0
2010-07-29,16.25,16.25,16.25,16.25,4.0,37973.0
2010-07-30,16.0,16.0,16.0,16.0,0.0,1.0
2010-08-02,16.0,16.0,16.0,16.0,2.0,20000.0
2010-08-03,16.0,16.0,16.0,16.0,3.0,1001.0
2010-08-04,16.0,15.5,15.5,16.0,5.0,90612.0
2010-08-05,15.75,15.5,15.75,15.5,4.0,111306.0
2010-08-06,16.5,15.75,16.25,15.75,12.0,179921.0
2010-08-09,17.75,16.25,17.25,16.25,16.0,362366.0
2010-08-10,17.25,17.0,17.0,17.25,21.0,352625.0
2010-08-11,17.0,17.0,17.0,17.0,1.0,1300000.0
2010-08-12,17.0,17.0,17.0,17.0,1.0,3598.0
2010-08-13,17.0,17.0,17.0,17.0,2.0,4153.0
2010-08-16,17.0,17.0,17.0,17.0,3.0,16275.0
2010-08-17,17.0,17.0,17.0,17.0,4.0,10092.0
2010-08-18,17.0,17.0,17.0,17.0,3.0,258144.0
2010-08-19,17.0,17.0,17.0,17.0,2.0,49000.0
2010-08-20,17.0,16.65,17.0,17.0,1.0,31307.0
2010-08-23,17.0,17.0,17.0,17.0,1.0,2500.0
2010-08-24,17.0,17.0,17.0,17.0,2.0,11000.0
2010-08-25,17.0,16.75,16.75,17.0,6.0,93511.0
2010-08-26,16.75,16.75,16.75,16.75,2.0,25076.0
2010-08-27,16.75,16.75,16.75,16.75,4.0,16927.0
2010-08-30,16.75,16.75,16.75,16.75,0.0,0.0
2010-08-31,16.75,16.75,16.75,16.75,2.0,10000.0
2010-09-01,17.5,16.75,17.5,16.75,5.0,151335.0
2010-09-02,17.5,17.5,17.5,17.5,4.0,215000.0
2010-09-03,17.5,17.5,17.5,17.5,2.0,236.0
2010-09-06,17.5,17.5,17.5,17.5,2.0,21000.0
2010-09-07,17.5,17.5,17.5,17.5,1.0,7425.0
2010-09-08,17.5,17.5,17.5,17.5,4.0,62098.0
2010-09-09,17.5,17.5,17.5,17.5,1.0,2500.0
2010-09-10,17.5,17.5,17.5,17.5,3.0,12156.0
2010-09-13,18.0,17.5,18.0,17.5,12.0,606784.0
2010-09-14,18.25,17.75,18.25,18.0,11.0,156264.0
2010-09-15,18.25,18.25,18.25,18.25,6.0,33492.0
2010-09-16,18.25,18.25,18.25,18.25,1.0,500.0
2010-09-17,18.25,17.25,17.75,18.25,5.0,95000.0
2010-09-20,17.75,17.25,17.25,17.75,6.0,115299.0
2010-09-21,17.25,17.25,17.25,17.25,5.0,53500.0
2010-09-22,17.25,17.25,17.25,17.25,1.0,1243.0
2010-09-23,17.25,17.0,17.0,17.25,3.0,77321.0
2010-09-24,17.0,16.5,16.5,17.0,3.0,55000.0
2010-09-27,16.5,16.5,16.5,16.5,5.0,62100.0
2010-09-28,16.5,15.75,16.0,16.5,5.0,41391.0
2010-09-29,16.0,16.0,16.0,16.0,2.0,301500.0
2010-09-30,16.0,16.0,16.0,16.0,2.0,50000.0
2010-10-01,16.0,15.5,15.5,16.0,1.0,25000.0
2010-10-02,15.5,15.5,15.5,15.5,0.0,0.0
2010-10-04,15.5,15.25,15.25,15.5,6.0,90094.0
2010-10-05,15.25,15.25,15.25,15.25,3.0,83080.0
2010-10-06,15.25,15.25,15.25,15.25,2.0,40991.0
2010-10-07,15.25,15.25,15.25,15.25,2.0,2553.0
2010-10-08,15.25,15.25,15.25,15.25,0.0,0.0
2010-10-11,15.25,15.25,15.25,15.25,0.0,0.0
2010-10-12,15.25,15.25,15.25,15.25,5.0,163000.0
2010-10-13,15.25,15.25,15.25,15.25,1.0,50000.0
2010-10-14,15.25,15.25,15.25,15.25,3.0,26062.0
2010-10-15,15.25,15.25,15.25,15.25,1.0,20000.0
2010-10-18,15.25,15.25,15.25,15.25,5.0,65099.0
2010-10-19,15.25,15.25,15.25,15.25,2.0,11300.0
2010-10-20,15.25,15.25,15.25,15.25,2.0,130151.0
2010-10-21,15.25,15.25,15.25,15.25,5.0,40041.0
2010-10-22,15.25,15.25,15.25,15.25,3.0,200000.0
2010-10-25,16.25,15.25,16.25,15.25,20.0,507021.0
2010-10-26,17.0,16.25,16.75,16.25,11.0,333916.0
2010-10-27,17.25,16.75,16.75,16.75,15.0,1794061.0
2010-10-28,16.75,16.75,16.75,16.75,13.0,218969.0
2010-10-29,16.75,16.25,16.25,16.75,8.0,127337.0
2010-11-01,16.25,16.25,16.25,16.25,5.0,33465.0
2010-11-02,16.25,15.75,16.0,16.25,8.0,171214.0
2010-11-03,16.0,15.75,15.75,16.0,3.0,51800.0
2010-11-04,15.75,15.75,15.75,15.75,2.0,39000.0
2010-11-05,15.75,15.75,15.75,15.75,6.0,382868.0
2010-11-08,15.75,15.75,15.75,15.75,4.0,38253.0
2010-11-09,15.75,15.75,15.75,15.75,2.0,10192.0
2010-11-10,15.75,15.75,15.75,15.75,3.0,48499.0
2010-11-11,15.75,15.75,15.75,15.75,0.0,0.0
2010-11-12,15.75,15.75,15.75,15.75,3.0,15303.0
2010-11-15,15.75,15.75,15.75,15.75,3.0,160000.0
2010-11-16,15.75,15.5,15.5,15.75,8.0,471856.0
2010-11-17,15.5,15.5,15.5,15.5,4.0,104651.0
2010-11-18,15.5,15.5,15.5,15.5,2.0,49393.0
2010-11-19,15.5,15.5,15.5,15.5,4.0,42145.0
2010-11-22,15.75,15.5,15.75,15.5,33.0,772209.0
2010-11-23,15.75,15.5,15.75,15.75,6.0,116168.0
2010-11-24,15.75,15.75,15.75,15.75,3.0,87511.0
2010-11-25,15.75,15.75,15.75,15.75,7.0,157247.0
2010-11-26,15.75,15.75,15.75,15.75,3.0,14169.0
2010-11-29,15.75,15.75,15.75,15.75,8.0,120491.0
2010-11-30,15.75,15.75,15.75,15.75,3.0,99424.0
2010-12-01,15.75,15.75,15.75,15.75,3.0,256059.0
2010-12-02,15.75,15.75,15.75,15.75,5.0,172508.0
2010-12-03,15.75,15.75,15.75,15.75,4.0,183750.0
2010-12-06,15.75,15.75,15.75,15.75,11.0,94179.0
2010-12-07,15.75,15.75,15.75,15.75,8.0,159752.0
2010-12-08,15.75,15.75,15.75,15.75,5.0,147690.0
2010-12-09,15.75,15.75,15.75,15.75,9.0,69428.0
2010-12-10,15.75,15.75,15.75,15.75,2.0,16000.0
2010-12-13,15.75,15.5,15.5,15.75,1.0,135.0
2010-12-14,15.5,15.5,15.5,15.5,3.0,21239.0
2010-12-15,15.5,15.5,15.5,15.5,1.0,1210.0
2010-12-16,15.5,15.5,15.5,15.5,2.0,4375.0
2010-12-17,15.5,15.5,15.5,15.5,5.0,35556.0
2010-12-20,15.5,15.5,15.5,15.5,3.0,28625.0
2010-12-21,15.5,15.5,15.5,15.5,5.0,225876.0
2010-12-22,15.5,15.5,15.5,15.5,2.0,4708.0
2010-12-23,15.5,15.5,15.5,15.5,3.0,93125.0
2010-12-24,15.5,15.5,15.5,15.5,1.0,10000.0
2010-12-27,15.5,15.5,15.5,15.5,0.0,0.0
2010-12-28,15.5,15.5,15.5,15.5,0.0,0.0
2010-12-29,15.5,15.5,15.5,15.5,2.0,11000.0
2010-12-30,15.5,15.5,15.5,15.5,3.0,15000.0
2010-12-31,15.5,15.5,15.5,15.5,3.0,25855.0
2011-01-03,15.5,15.5,15.5,15.5,0.0,0.0
2011-01-04,15.5,15.5,15.5,15.5,4.0,26800.0
2011-01-05,15.5,14.75,14.75,15.5,6.0,53000.0
2011-01-06,15.0,15.0,15.0,15.0,6.0,67028.0
2011-01-07,15.0,14.75,14.75,15.0,7.0,121321.0
2011-01-10,14.75,14.75,14.75,14.75,4.0,87869.0
2011-01-11,14.75,14.75,14.75,14.75,5.0,64711.0
2011-01-12,14.75,14.75,14.75,14.75,16.0,151676.0
2011-01-13,15.5,14.0,15.5,14.0,22.0,307047.0
2011-01-14,15.5,15.5,15.5,15.5,9.0,241659.0
2011-01-17,15.5,15.25,15.25,15.5,8.0,215410.0
2011-01-18,15.25,15.25,15.25,15.25,4.0,30338.0
2011-01-19,15.5,15.25,15.5,15.25,1.0,100000.0
2011-01-20,15.5,15.5,15.5,15.5,4.0,68269.0
2011-01-21,17.5,15.5,17.5,15.5,30.0,1146984.0
2011-01-24,17.5,17.5,17.5,17.5,25.0,359470.0
2011-01-25,17.75,17.0,17.0,17.75,14.0,279100.0
2011-01-26,17.0,17.0,17.0,17.0,7.0,55371.0
2011-01-27,17.0,16.75,17.0,17.0,12.0,116079.0
2011-01-28,17.0,17.0,17.0,17.0,6.0,84485.0
2011-01-31,17.0,17.0,17.0,17.0,9.0,102500.0
2011-02-01,17.0,17.0,17.0,17.0,6.0,71830.0
2011-02-02,17.0,17.0,17.0,17.0,2.0,12000.0
2011-02-03,17.0,16.75,16.75,17.0,1.0,10000.0
2011-02-04,16.75,16.75,16.75,16.75,1.0,20000.0
2011-02-07,16.75,16.75,16.75,16.75,3.0,100000.0
2011-02-08,16.75,16.75,16.75,16.75,3.0,9337.0
2011-02-09,16.75,16.75,16.75,16.75,0.0,0.0
2011-02-10,16.75,16.75,16.75,16.75,1.0,33304.0
2011-02-11,17.5,16.75,17.5,16.75,31.0,10173440.0
2011-02-14,17.5,17.5,17.5,17.5,3.0,31320.0
2011-02-15,17.43,17.43,17.25,17.5,4.0,11935.0
2011-02-16,18.0,17.38,17.25,17.25,5.0,48328.0
2011-02-17,17.925,16.81,17.25,17.25,8.0,142665.0
2011-02-18,17.55,16.91,17.25,17.25,6.0,44632.0
2011-02-21,17.11,17.0,17.25,17.25,3.0,16662.0
2011-02-22,17.83,17.0,17.25,17.25,5.0,83862.0
2011-02-23,17.658,16.85,17.25,17.25,4.0,60421.0
2011-02-24,17.25,17.25,17.25,17.25,0.0,0.0
2011-02-25,17.25,16.75,17.25,17.25,3.0,90000.0
2011-02-28,17.625,17.01,17.25,17.25,4.0,20240.0
2011-03-01,17.6,17.25,17.25,17.25,3.0,9175.0
2011-03-02,17.0,17.0,17.0,17.0,0.0,1.0
2011-03-03,17.0,16.65,17.0,17.0,2.0,28613.0
2011-03-04,17.375,17.16,17.25,17.0,8.0,239370.0
2011-03-07,17.5,17.2,17.25,17.25,5.0,26928.0
2011-03-08,17.25,17.25,17.25,17.25,0.0,0.0
2011-03-09,18.0,17.25,17.5,17.25,4.0,79447.0
2011-03-10,18.0,17.3,17.75,17.5,11.0,262692.0
2011-03-11,17.94,17.1,17.5,17.75,6.0,125612.0
2011-03-14,17.9,17.11,17.5,17.5,2.0,33000.0
2011-03-15,17.25,16.5,16.875,17.5,7.0,73567.0
2011-03-16,17.5,16.5,17.25,17.0,4.0,361845.0
2011-03-17,17.375,17.195,17.375,17.25,1.0,5777.0
2011-03-18,17.25,17.195,17.375,17.375,4.0,32354.0
2011-03-19,17.375,17.375,17.375,17.375,0.0,0.0
2011-03-21,17.375,17.25,17.375,17.375,1.0,1050.0
2011-03-22,17.375,17.195,17.375,17.375,2.0,12468.0
2011-03-23,17.331,17.25,17.25,17.375,4.0,193587.0
2011-03-24,17.34,16.75,17.25,17.25,3.0,43896.0
2011-03-25,17.65,17.15,17.25,17.25,3.0,13196.0
2011-03-28,17.33,17.05,17.25,17.25,7.0,1013528.0
2011-03-29,17.25,17.05,17.25,17.25,1.0,815.0
2011-03-30,17.25,16.95,17.25,17.25,1.0,9000.0
2011-03-31,17.54,16.95,17.25,17.25,4.0,6860.0
2011-04-01,17.25,16.77,17.25,17.25,5.0,207371.0
2011-04-04,17.54,17.1725,17.5,17.25,3.0,81000.0
2011-04-05,17.699,17.0,17.5,17.5,4.0,57562.0
2011-04-06,17.698,17.05,17.5,17.5,3.0,14015.0
2011-04-07,19.0,17.698,18.0,17.5,25.0,335211.0
2011-04-08,18.25,17.75,18.0,18.0,9.0,98305.0
2011-04-11,17.89,17.55865,17.75,18.0,4.0,37362.0
2011-04-12,17.288,17.05,17.125,17.75,7.0,290617.0
2011-04-13,17.125,17.05,17.125,17.125,2.0,6601.0
2011-04-14,17.2,17.1,17.125,17.125,10.0,63656.0
2011-04-15,17.5,17.125,17.5,17.125,3.0,261250.0
2011-04-18,17.5,17.25,17.5,17.5,4.0,10978.0
2011-04-19,17.5,17.25,17.5,17.5,1.0,843.0
2011-04-20,17.835,17.625,17.625,17.5,1.0,7000.0
2011-04-21,18.125,17.18,17.5,17.625,5.0,207366.0
2011-04-26,18.0,17.18,17.5,17.5,3.0,220016.0
2011-04-27,17.5,17.35,17.5,17.5,2.0,4900.0
2011-04-28,17.5,17.325,17.5,17.5,2.0,15000.0
2011-04-29,17.5,17.5,17.5,17.5,0.0,0.0
2011-05-02,17.5,17.5,17.5,17.5,0.0,0.0
2011-05-03,17.5,17.25,17.5,17.5,2.0,3200000.0
2011-05-04,17.899,17.326,17.5,17.5,2.0,4000.0
2011-05-05,17.677,17.25,17.5,17.5,3.0,140700.0
2011-05-06,17.5,17.15,17.5,17.5,1.0,26524.0
2011-05-09,17.5,17.5,17.5,17.5,0.0,0.0
2011-05-10,17.5,17.275,17.5,17.5,1.0,2500.0
2011-05-11,17.899,17.35,17.5,17.5,2.0,30846.0
2011-05-12,17.35,17.25,17.5,17.5,4.0,9076.0
2011-05-13,17.835,17.25,17.5,17.5,3.0,20883.0
2011-05-16,17.5,17.5,17.5,17.5,0.0,0.0
2011-05-17,17.5,17.5,17.5,17.5,0.0,0.0
2011-05-18,17.5,17.5,17.5,17.5,0.0,0.0
2011-05-19,17.5,17.5,17.5,17.5,0.0,0.0
2011-05-20,17.5,17.18,17.5,17.5,1.0,6179.0
2011-05-23,17.75,17.182,17.5,17.5,3.0,39113.0
2011-05-24,17.75,17.185,17.5,17.5,3.0,40000.0
2011-05-25,17.85,17.5,17.5,17.5,2.0,41000.0
2011-05-26,17.5,17.186,17.5,17.5,1.0,5000.0
2011-05-27,18.625,17.834,18.375,17.5,16.0,683193.0
2011-05-30,18.375,18.375,18.375,18.375,0.0,0.0
2011-05-31,18.375,18.112,18.375,18.375,4.0,39432.0
2011-06-01,18.375,18.125,18.375,18.5,4.0,27528.0
2011-06-02,18.25,18.11,18.25,18.375,1.0,10500.0
2011-06-03,18.125,17.915,18.125,18.25,1.0,6423.0
2011-06-06,18.125,18.125,18.125,18.125,0.0,0.0
2011-06-07,18.0,18.0,18.0,18.0,0.0,1.0
2011-06-08,18.086,18.0,18.0,18.0,2.0,36912.0
2011-06-09,18.0,18.0,18.0,18.0,0.0,0.0
2011-06-10,18.086,17.6,18.0,18.0,5.0,57029.0
2011-06-13,18.0,18.0,18.0,18.0,0.0,0.0
2011-06-14,18.086,17.675,18.0,18.0,2.0,42695.0
2011-06-15,18.086,17.5,18.0,18.0,2.0,3365.0
2011-06-16,18.1,18.0,18.0,18.0,1.0,3000.0
2011-06-17,17.51,17.25,17.75,18.0,4.0,152000.0
2011-06-20,17.75,17.75,17.75,17.75,0.0,0.0
2011-06-21,17.625,17.25,17.625,17.75,3.0,29512.0
2011-06-22,17.625,17.05,17.625,17.625,2.0,16000.0
2011-06-23,17.5,17.5,17.5,17.5,0.0,1.0
2011-06-24,17.5,17.05,17.5,17.5,4.0,37074.0
2011-06-27,17.5,17.05,17.5,17.5,4.0,67267.0
2011-06-28,17.5,17.0,17.5,17.5,3.0,125450.0
2011-06-29,17.375,17.0,17.375,17.5,3.0,49244.0
2011-06-30,17.25,16.755,17.25,17.375,8.0,189077.0
2011-07-01,17.125,16.753,17.125,17.25,3.0,17238.0
2011-07-04,17.375,16.774,17.375,17.125,6.0,142315.0
2011-07-05,17.825,17.25,17.625,17.75,6.0,574030.0
2011-07-06,17.625,17.25,17.625,17.625,2.0,200000.0
2011-07-07,17.625,17.255,17.625,17.625,2.0,13826.0
2011-07-08,17.625,17.25,17.625,17.625,2.0,726760.0
2011-07-11,17.625,17.25,17.625,17.625,3.0,617000.0
2011-07-12,18.027,17.53,17.75,17.625,9.0,11674138.0
2011-07-13,17.75,17.75,17.75,17.75,1.0,48276.0
2011-07-14,17.75,17.75,17.75,17.75,0.0,0.0
2011-07-15,17.75,17.75,17.75,17.75,0.0,0.0
2011-07-18,17.755,17.25,17.5,17.75,4.0,65956.0
2011-07-19,17.5,17.0,17.5,17.5,2.0,24000.0
2011-07-20,17.25,17.0,17.25,17.5,3.0,140625.0
2011-07-21,17.0,17.0,17.0,17.0,0.0,1.0
2011-07-22,17.0,17.0,17.0,17.0,0.0,0.0
2011-07-23,17.0,17.0,17.0,17.0,0.0,0.0
2011-07-25,17.05,17.0,17.0,17.0,4.0,2450508.0
2011-07-26,17.0,16.65,17.0,17.0,4.0,71738.0
2011-07-27,17.0,16.77,17.0,17.0,2.0,6435.0
2011-07-28,17.0,17.0,17.0,17.0,0.0,0.0
2011-07-29,17.15,16.78,17.0,17.0,3.0,57122.0
2011-08-01,17.0,16.782,17.0,17.0,3.0,14088.0
2011-08-02,17.0,17.0,17.0,17.0,0.0,0.0
2011-08-03,17.0,16.788,17.0,17.0,2.0,38976.0
2011-08-04,17.0,16.81,17.0,17.0,1.0,5000.0
2011-08-05,17.25,16.65,17.0,17.0,8.0,228093.0
2011-08-08,17.0,16.5,17.0,17.0,7.0,585130.0
2011-08-09,17.15,16.663,17.0,17.0,13.0,504140.0
2011-08-10,17.0,16.713,17.0,17.0,2.0,175000.0
2011-08-11,17.0,17.0,17.0,17.0,0.0,0.0
2011-08-12,17.0,17.0,17.0,17.0,0.0,0.0
2011-08-15,17.15,17.0,17.0,17.0,4.0,326402.0
2011-08-16,17.0,16.721,17.0,17.0,1.0,29189.0
2011-08-17,17.15,16.725,17.0,17.0,2.0,6253.0
2011-08-18,17.0,16.725,17.0,17.0,2.0,11750.0
2011-08-19,17.0,16.727,17.0,17.0,2.0,24066.0
2011-08-22,16.727,16.727,17.0,17.0,1.0,7385.0
2011-08-23,17.0,16.728,17.0,17.0,1.0,4500.0
2011-08-24,17.0,17.0,17.0,17.0,0.0,0.0
2011-08-25,17.15,17.0,17.0,17.0,1.0,4000.0
2011-08-26,17.244,17.0,17.0,17.0,1.0,15000.0
2011-08-29,17.0,17.0,17.0,17.0,0.0,0.0
2011-08-30,17.0,16.731,17.0,17.0,1.0,76.0
2011-08-31,17.0,16.731,17.0,17.0,1.0,25000.0
2011-09-01,17.0,16.75,17.0,17.0,2.0,120000.0
2011-09-02,17.0,17.0,17.0,17.0,0.0,0.0
2011-09-05,17.0,17.0,17.0,17.0,3.0,475000.0
2011-09-06,17.0,17.0,17.0,17.0,0.0,0.0
2011-09-07,17.25,17.25,17.25,17.25,0.0,1.0
2011-09-08,17.25,17.085,17.25,17.25,2.0,10234.0
2011-09-09,17.25,17.25,17.25,17.25,0.0,0.0
2011-09-12,17.25,17.1,17.25,17.25,2.0,1508.0
2011-09-13,17.25,17.102,17.25,17.25,1.0,11000.0
2011-09-14,17.5,17.15,17.5,17.25,5.0,165355.0
2011-09-15,17.75,17.35,17.5,17.5,2.0,59250.0
2011-09-16,17.5,17.5,17.5,17.5,0.0,0.0
2011-09-19,17.73,17.5,17.5,17.5,1.0,5527.0
2011-09-20,17.5,17.4,17.5,17.5,1.0,135.0
2011-09-21,17.5,17.5,17.5,17.5,0.0,0.0
2011-09-22,17.375,17.35,17.375,17.5,1.0,30000.0
2011-09-23,17.15,17.0,17.0,17.375,5.0,69926.0
2011-09-26,17.0,16.5,17.0,17.0,3.0,39041.0
2011-09-27,17.0,16.5,17.0,17.0,1.0,36672.0
2011-09-28,16.75,16.5,16.75,17.0,3.0,10575.0
2011-09-29,16.25,16.0,16.25,16.75,4.0,95000.0
2011-09-30,16.0,15.0,15.5,16.25,3.0,295000.0
2011-10-03,15.5,15.05,15.5,15.5,2.0,16780.0
2011-10-04,15.375,15.05,15.375,15.5,2.0,250414.0
2011-10-05,15.375,15.05,15.375,15.375,5.0,753064.0
2011-10-06,15.0,14.5,14.5,15.375,3.0,82000.0
2011-10-07,14.5,14.05,14.5,14.5,3.0,246507.0
2011-10-10,14.5,14.5,14.5,14.5,0.0,0.0
2011-10-11,14.5,14.5,14.5,14.5,0.0,0.0
2011-10-12,14.625,14.35,14.625,14.5,1.0,35000.0
2011-10-13,14.75,14.5,14.625,14.625,3.0,250000.0
2011-10-14,16.0,15.063,15.875,14.875,14.0,1550127.0
2011-10-17,16.1,15.75,15.75,16.125,6.0,778378.0
2011-10-18,15.75,15.5,15.5,15.75,3.0,141653.0
2011-10-19,15.75,15.4,15.5,15.5,3.0,135250.0
2011-10-20,15.5,15.5,15.5,15.5,0.0,0.0
2011-10-21,15.5,15.5,15.5,15.5,0.0,0.0
2011-10-24,15.5,15.42,15.5,15.5,1.0,100.0
2011-10-25,15.5,15.3,15.5,15.5,2.0,2671.0
2011-10-26,15.25,15.16,15.25,15.5,2.0,160000.0
2011-10-27,15.25,15.0,15.25,15.25,2.0,10135.0
2011-10-28,15.375,15.25,15.25,15.25,1.0,6309.0
2011-10-31,15.375,15.25,15.25,15.25,1.0,3627.0
2011-11-01,15.37,15.25,15.25,15.25,1.0,628.0
2011-11-02,15.25,15.25,15.25,15.25,0.0,0.0
2011-11-03,15.25,15.067,15.25,15.25,5.0,2507813.0
2011-11-04,15.25,15.0,15.25,15.25,2.0,102806.0
2011-11-07,15.25,15.25,15.25,15.25,1.0,555.0
2011-11-08,15.25,15.0,15.25,15.25,2.0,40000.0
2011-11-09,15.15,14.608,15.0,15.25,3.0,53328.0
2011-11-10,15.0,14.95,15.0,15.0,1.0,1003.0
2011-11-11,15.0,15.0,15.0,15.0,0.0,0.0
2011-11-14,14.75,14.75,14.75,15.0,2.0,42600.0
2011-11-15,14.5,14.1,14.5,14.75,3.0,15485.0
2011-11-16,14.625,14.25,14.25,14.5,1.0,6837.0
2011-11-17,13.75,13.5,13.75,14.25,6.0,64470.0
2011-11-18,13.75,13.75,13.75,13.75,0.0,0.0
2011-11-21,13.75,13.5,13.75,13.75,1.0,9114.0
2011-11-22,13.75,13.75,13.75,13.75,0.0,0.0
2011-11-23,13.75,13.5,13.75,13.75,1.0,10000.0
2011-11-24,13.5,13.5,13.75,13.75,2.0,41715.0
2011-11-25,13.75,13.75,13.75,13.75,0.0,0.0
2011-11-28,12.5,12.0,12.5,12.5,11.0,202446.0
2011-11-29,12.8,12.275,12.5,12.5,8.0,162614.0
2011-11-30,13.0,12.321,13.0,12.5,7.0,76869.0
2011-12-01,13.0,12.75,13.0,13.0,3.0,8450.0
2011-12-02,13.0,12.75,13.0,13.0,2.0,55636.0
2011-12-05,13.0,12.6,13.0,13.0,1.0,10855.0
2011-12-06,13.0,12.5,13.0,13.0,3.0,9077.0
2011-12-07,13.0,13.0,13.0,13.0,0.0,0.0
2011-12-08,13.0,12.5,13.0,13.0,2.0,5845.0
2011-12-09,13.0,12.5,13.0,13.0,2.0,36000.0
2011-12-12,13.0,13.0,13.0,13.0,0.0,0.0
2011-12-13,12.75,12.4,12.75,13.0,4.0,115290.0
2011-12-14,12.5,12.0,12.5,12.75,3.0,30000.0
2011-12-15,12.5,12.0,12.5,12.5,1.0,3000.0
2011-12-16,12.5,12.5,12.5,12.5,0.0,0.0
2011-12-19,21.0,12.7,20.75,12.5,67.0,199196322.0
2011-12-20,20.75,20.55,20.75,20.75,30.0,1086738.0
2011-12-21,20.958,20.75,20.75,20.75,14.0,6734255.0
2011-12-22,20.785,20.75,20.75,20.75,8.0,251844.0
2011-12-23,20.78,20.75,20.75,20.75,5.0,115000.0
2011-12-27,20.75,20.75,20.75,20.75,0.0,0.0
2011-12-28,20.77,20.75,20.75,20.75,4.0,326250.0
2011-12-29,20.77,20.75,20.75,20.75,4.0,33145.0
2011-12-30,20.77,20.75,20.75,20.75,2.0,57710.0
2012-01-02,20.75,20.75,20.75,20.75,0.0,0.0
2012-01-03,20.77,20.75,20.75,20.75,3.0,31976.0
2012-01-04,20.77,20.75,20.75,20.75,1.0,362500.0
2012-01-05,21.0,20.77,21.0,20.75,3.0,13100.0
2012-01-06,21.0,20.77,21.0,21.0,2.0,3439.0
2012-01-09,21.5,20.77,21.0,21.0,5.0,16540.0
2012-01-10,21.0,20.77,21.0,21.0,2.0,1466.0
2012-01-11,21.0,20.77,21.0,21.0,1.0,503.0
2012-01-12,21.0,21.0,21.0,21.0,0.0,0.0
2012-01-13,21.5,20.77,21.0,21.0,4.0,51345.0
2012-01-16,21.0,20.77,21.0,21.0,1.0,5500.0
2012-01-17,21.5,20.77,21.0,21.0,2.0,5870.0
2012-01-18,21.0,20.77,21.0,21.0,1.0,42500.0
2012-01-19,21.0,21.0,21.0,21.0,0.0,0.0
2012-01-20,21.0,21.0,21.0,21.0,0.0,0.0
2012-01-23,21.0,20.77,21.0,21.0,1.0,5325.0
2012-01-24,21.5,20.77,21.0,21.0,2.0,46000.0
2012-01-25,21.0,21.0,21.0,21.0,0.0,0.0
2012-01-26,21.0,20.77,21.0,21.0,1.0,6500.0
2012-01-27,21.0,21.0,21.0,21.0,0.0,0.0
2012-01-30,21.0,21.0,21.0,21.0,0.0,0.0
2012-01-31,21.0,20.77,21.0,21.0,1.0,675.0
2012-02-01,21.0,21.0,21.0,21.0,0.0,0.0
2012-02-02,21.0,21.0,21.0,21.0,0.0,0.0
2012-02-03,21.0,20.77,21.0,21.0,1.0,1000.0
2012-02-05,21.0,21.0,21.0,21.0,0.0,0.0
2012-02-06,21.0,21.0,21.0,21.0,0.0,0.0
2012-02-07,21.0,21.0,21.0,21.0,0.0,0.0
2012-02-08,21.0,21.0,21.0,21.0,0.0,0.0
2012-02-09,21.0,21.0,21.0,21.0,0.0,0.0
2012-02-10,21.0,21.0,21.0,21.0,0.0,0.0
2012-02-13,21.0,21.0,21.0,21.0,0.0,0.0
2012-02-14,21.0,21.0,21.0,21.0,0.0,0.0
2012-02-15,21.0,21.0,21.0,21.0,0.0,0.0
2012-02-16,21.0,21.0,21.0,21.0,0.0,0.0
2012-02-17,21.0,21.0,21.0,21.0,0.0,0.0
2012-02-20,21.0,21.0,21.0,21.0,0.0,0.0
2012-02-21,21.0,21.0,21.0,21.0,0.0,0.0
2012-02-22,21.0,21.0,21.0,21.0,0.0,0.0
2012-02-23,21.0,21.0,21.0,21.0,0.0,0.0
2012-02-24,21.0,21.0,21.0,21.0,0.0,0.0
2012-02-27,21.0,21.0,21.0,21.0,0.0,0.0
2012-02-28,21.0,21.0,21.0,21.0,0.0,0.0
2012-02-29,21.0,21.0,21.0,21.0,0.0,0.0
2012-03-01,21.0,21.0,21.0,21.0,0.0,0.0
2012-03-02,21.0,21.0,21.0,21.0,0.0,0.0
2012-03-05,21.0,21.0,21.0,21.0,0.0,0.0
2012-03-06,21.0,21.0,21.0,21.0,0.0,0.0
2012-03-07,21.0,21.0,21.0,21.0,0.0,0.0
2012-03-08,21.0,21.0,21.0,21.0,0.0,0.0
2012-03-09,21.0,21.0,21.0,21.0,0.0,0.0
2012-03-12,21.0,21.0,21.0,21.0,0.0,0.0
2012-03-13,21.0,21.0,21.0,21.0,0.0,0.0
2012-03-14,21.0,21.0,21.0,21.0,0.0,0.0
2012-03-15,21.0,21.0,21.0,21.0,0.0,0.0
2012-03-16,21.0,21.0,21.0,21.0,0.0,0.0
2012-03-19,21.0,21.0,21.0,21.0,0.0,0.0
2012-03-20,21.0,21.0,21.0,21.0,0.0,0.0
2012-03-21,21.0,21.0,21.0,21.0,0.0,0.0
2012-03-22,21.0,21.0,21.0,21.0,0.0,0.0
2012-03-23,21.0,21.0,21.0,21.0,0.0,0.0
2012-03-26,21.0,21.0,21.0,21.0,0.0,0.0
2012-03-27,21.0,21.0,21.0,21.0,0.0,0.0
2012-03-28,21.0,21.0,21.0,21.0,0.0,0.0
2012-03-29,21.0,21.0,21.0,21.0,0.0,0.0
2012-03-30,21.0,21.0,21.0,21.0,0.0,0.0
2012-04-02,21.0,21.0,21.0,21.0,0.0,0.0
2012-04-03,21.0,21.0,21.0,21.0,0.0,0.0
2012-04-04,21.0,21.0,21.0,21.0,0.0,0.0
2012-04-05,21.0,21.0,21.0,21.0,0.0,0.0
2012-04-08,21.0,21.0,21.0,21.0,0.0,0.0
2012-04-09,21.0,21.0,21.0,21.0,0.0,0.0
2012-04-10,21.0,21.0,21.0,21.0,0.0,0.0
2012-04-11,21.0,21.0,21.0,21.0,0.0,0.0
2012-04-12,21.0,21.0,21.0,21.0,0.0,0.0
2012-04-13,21.0,21.0,21.0,21.0,0.0,0.0
2012-04-16,21.0,21.0,21.0,21.0,0.0,0.0
2012-04-17,21.0,21.0,21.0,21.0,0.0,0.0
2012-04-18,21.0,21.0,21.0,21.0,0.0,0.0
2012-04-19,21.0,21.0,21.0,21.0,0.0,0.0
2012-04-20,21.0,21.0,21.0,21.0,0.0,0.0
2012-04-23,21.0,21.0,21.0,21.0,0.0,0.0
2012-04-24,21.0,21.0,21.0,21.0,0.0,0.0
2012-04-25,21.0,21.0,21.0,21.0,0.0,0.0
2012-04-26,21.0,21.0,21.0,21.0,0.0,0.0
2012-04-27,21.0,21.0,21.0,21.0,0.0,0.0
2012-04-30,21.0,21.0,21.0,21.0,0.0,0.0
2012-05-01,21.0,21.0,21.0,21.0,0.0,0.0
2012-05-02,21.0,21.0,21.0,21.0,0.0,0.0
2012-05-03,21.0,21.0,21.0,21.0,0.0,0.0
2012-05-04,21.0,21.0,21.0,21.0,0.0,0.0
2012-05-07,21.0,21.0,21.0,21.0,0.0,0.0
2012-05-08,21.0,21.0,21.0,21.0,0.0,0.0
2012-05-09,21.0,21.0,21.0,21.0,0.0,0.0
2012-05-10,21.0,21.0,21.0,21.0,0.0,0.0
2012-05-11,21.0,21.0,21.0,21.0,0.0,0.0
2012-05-14,21.0,21.0,21.0,21.0,0.0,0.0
2012-05-15,21.0,21.0,21.0,21.0,0.0,0.0
2012-05-16,21.0,21.0,21.0,21.0,0.0,0.0
2012-05-17,21.0,21.0,21.0,21.0,0.0,0.0
2012-05-18,21.0,21.0,21.0,21.0,0.0,0.0
2012-05-21,21.0,21.0,21.0,21.0,0.0,0.0
2012-05-22,21.0,21.0,21.0,21.0,0.0,0.0
2012-05-23,21.0,21.0,21.0,21.0,0.0,0.0
2012-05-24,21.0,21.0,21.0,21.0,0.0,0.0
2012-05-25,21.0,21.0,21.0,21.0,0.0,0.0
2012-05-28,21.0,21.0,21.0,21.0,0.0,0.0
2012-05-29,21.0,21.0,21.0,21.0,0.0,0.0
2012-05-30,21.0,21.0,21.0,21.0,0.0,0.0
2012-05-31,21.0,21.0,21.0,21.0,0.0,0.0
2012-06-01,21.0,21.0,21.0,21.0,0.0,0.0
2012-06-04,21.0,21.0,21.0,21.0,0.0,0.0
2012-06-05,21.0,21.0,21.0,21.0,0.0,0.0
2012-06-06,21.0,21.0,21.0,21.0,0.0,0.0
2012-06-07,21.0,21.0,21.0,21.0,0.0,0.0
2012-06-08,21.0,21.0,21.0,21.0,0.0,0.0
2012-06-11,21.0,21.0,21.0,21.0,0.0,0.0
2012-06-12,21.0,21.0,21.0,21.0,0.0,0.0
2012-06-13,21.0,21.0,21.0,21.0,0.0,0.0
2012-06-14,21.0,21.0,21.0,21.0,0.0,0.0
2012-06-15,21.0,21.0,21.0,21.0,0.0,0.0
2012-06-18,21.0,21.0,21.0,21.0,0.0,0.0
2012-06-19,21.0,21.0,21.0,21.0,0.0,0.0
2012-06-20,21.0,21.0,21.0,21.0,0.0,0.0
2012-06-21,21.0,21.0,21.0,21.0,0.0,0.0
2012-06-22,21.0,21.0,21.0,21.0,0.0,0.0
2012-06-25,21.0,21.0,21.0,21.0,0.0,0.0
2012-06-26,21.0,21.0,21.0,21.0,0.0,0.0
2012-06-27,21.0,21.0,21.0,21.0,0.0,0.0
2012-06-28,21.0,21.0,21.0,21.0,0.0,0.0
2012-06-29,21.0,21.0,21.0,21.0,0.0,0.0
2012-07-02,21.0,21.0,21.0,21.0,0.0,0.0
2012-07-03,21.0,21.0,21.0,21.0,0.0,0.0
2012-07-04,21.0,21.0,21.0,21.0,0.0,0.0
2012-07-05,21.0,21.0,21.0,21.0,0.0,0.0
2012-07-06,21.0,21.0,21.0,21.0,0.0,0.0
2012-07-07,21.0,21.0,21.0,21.0,0.0,0.0
2012-07-08,21.0,21.0,21.0,21.0,0.0,0.0
2012-07-09,21.0,21.0,21.0,21.0,0.0,0.0
2012-07-10,21.0,21.0,21.0,21.0,0.0,0.0
2012-07-11,21.0,21.0,21.0,21.0,0.0,0.0
2012-07-12,21.0,21.0,21.0,21.0,0.0,0.0
2012-07-13,21.0,21.0,21.0,21.0,0.0,0.0
2012-07-16,21.0,21.0,21.0,21.0,0.0,0.0
2012-07-17,21.0,21.0,21.0,21.0,0.0,0.0
2012-07-18,21.0,21.0,21.0,21.0,0.0,0.0
2012-07-19,21.0,21.0,21.0,21.0,0.0,0.0
2012-07-20,21.0,21.0,21.0,21.0,0.0,0.0
2012-07-23,21.0,21.0,21.0,21.0,0.0,0.0
2012-07-24,21.0,21.0,21.0,21.0,0.0,0.0
2012-07-25,21.0,21.0,21.0,21.0,0.0,0.0
2012-07-26,21.0,21.0,21.0,21.0,0.0,0.0
2012-07-27,21.0,21.0,21.0,21.0,0.0,0.0
2012-07-30,21.0,21.0,21.0,21.0,0.0,0.0
2012-07-31,21.0,21.0,21.0,21.0,0.0,0.0
2012-08-01,21.0,21.0,21.0,21.0,0.0,0.0
2012-08-02,21.0,21.0,21.0,21.0,0.0,0.0
2012-08-03,21.0,21.0,21.0,21.0,0.0,0.0
2012-08-06,21.0,21.0,21.0,21.0,0.0,0.0
2012-08-07,21.0,21.0,21.0,21.0,0.0,0.0
2012-08-08,21.0,21.0,21.0,21.0,0.0,0.0
2012-08-09,21.0,21.0,21.0,21.0,0.0,0.0
2012-08-10,21.0,21.0,21.0,21.0,0.0,0.0
2012-08-13,21.0,21.0,21.0,21.0,0.0,0.0
2012-08-14,21.0,21.0,21.0,21.0,0.0,0.0
2012-08-15,21.0,21.0,21.0,21.0,0.0,0.0
2012-08-16,21.0,21.0,21.0,21.0,0.0,0.0
2012-08-17,21.0,21.0,21.0,21.0,0.0,0.0
2012-08-20,21.0,21.0,21.0,21.0,0.0,0.0
2012-08-21,21.0,21.0,21.0,21.0,0.0,0.0
2012-08-22,21.0,21.0,21.0,21.0,0.0,0.0
2012-08-23,21.0,21.0,21.0,21.0,0.0,0.0
2012-08-24,21.0,21.0,21.0,21.0,0.0,0.0
2012-08-27,21.0,21.0,21.0,21.0,0.0,0.0
2012-08-28,21.0,21.0,21.0,21.0,0.0,0.0
2012-08-29,21.0,21.0,21.0,21.0,0.0,0.0
2012-08-30,21.0,21.0,21.0,21.0,0.0,0.0
2012-08-31,21.0,21.0,21.0,21.0,0.0,0.0
2012-09-03,21.0,21.0,21.0,21.0,0.0,0.0
2012-09-04,21.0,21.0,21.0,21.0,0.0,0.0
2012-09-05,21.0,21.0,21.0,21.0,0.0,0.0
2012-09-06,21.0,21.0,21.0,21.0,0.0,0.0
2012-09-07,21.0,21.0,21.0,21.0,0.0,0.0
2012-09-10,21.0,21.0,21.0,21.0,0.0,0.0
2012-09-11,21.0,21.0,21.0,21.0,0.0,0.0
2012-09-12,21.0,21.0,21.0,21.0,0.0,0.0
2012-09-13,21.0,21.0,21.0,21.0,0.0,0.0
2012-09-14,21.0,21.0,21.0,21.0,0.0,0.0
2012-09-17,21.0,21.0,21.0,21.0,0.0,0.0
2012-09-18,21.0,21.0,21.0,21.0,0.0,0.0
2012-09-19,21.0,21.0,21.0,21.0,0.0,0.0
2012-09-20,21.0,21.0,21.0,21.0,0.0,0.0
2012-09-21,21.0,21.0,21.0,21.0,0.0,0.0
2012-09-24,21.0,21.0,21.0,21.0,0.0,0.0
2012-09-25,21.0,21.0,21.0,21.0,0.0,0.0
2012-09-26,21.0,21.0,21.0,21.0,0.0,0.0
2012-09-27,21.0,21.0,21.0,21.0,0.0,0.0
2012-09-28,21.0,21.0,21.0,21.0,0.0,0.0
2012-10-01,21.0,21.0,21.0,21.0,0.0,0.0
2012-10-02,21.0,21.0,21.0,21.0,0.0,0.0
2012-10-03,21.0,21.0,21.0,21.0,0.0,0.0
2012-10-04,21.0,21.0,21.0,21.0,0.0,0.0
2012-10-05,21.0,21.0,21.0,21.0,0.0,0.0
2012-10-08,21.0,21.0,21.0,21.0,0.0,0.0
2012-10-09,21.0,21.0,21.0,21.0,0.0,0.0
2012-10-10,21.0,21.0,21.0,21.0,0.0,0.0
2012-10-11,21.0,21.0,21.0,21.0,0.0,0.0
2012-10-12,21.0,21.0,21.0,21.0,0.0,0.0
2012-10-15,21.0,21.0,21.0,21.0,0.0,0.0
2012-10-16,21.0,21.0,21.0,21.0,0.0,0.0
2012-10-17,21.0,21.0,21.0,21.0,0.0,0.0
2012-10-18,21.0,21.0,21.0,21.0,0.0,0.0
2012-10-19,21.0,21.0,21.0,21.0,0.0,0.0
2012-10-22,21.0,21.0,21.0,21.0,0.0,0.0
2012-10-23,21.0,21.0,21.0,21.0,0.0,0.0
2012-10-24,21.0,21.0,21.0,21.0,0.0,0.0
2012-10-25,21.0,21.0,21.0,21.0,0.0,0.0
2012-10-26,21.0,21.0,21.0,21.0,0.0,0.0
2012-10-29,21.0,21.0,21.0,21.0,0.0,0.0
2012-10-30,21.0,21.0,21.0,21.0,0.0,0.0
2012-10-31,21.0,21.0,21.0,21.0,0.0,0.0
2012-11-01,21.0,21.0,21.0,21.0,0.0,0.0
2012-11-02,21.0,21.0,21.0,21.0,0.0,0.0
2012-11-05,21.0,21.0,21.0,21.0,0.0,0.0
2012-11-06,21.0,21.0,21.0,21.0,0.0,0.0
2012-11-07,21.0,21.0,21.0,21.0,0.0,0.0
2012-11-08,21.0,21.0,21.0,21.0,0.0,0.0
2012-11-09,21.0,21.0,21.0,21.0,0.0,0.0
2012-11-12,21.0,21.0,21.0,21.0,0.0,0.0
2012-11-13,21.0,21.0,21.0,21.0,0.0,0.0
2012-11-14,21.0,21.0,21.0,21.0,0.0,0.0
2012-11-15,21.0,21.0,21.0,21.0,0.0,0.0
2012-11-16,21.0,21.0,21.0,21.0,0.0,0.0
2012-11-19,21.0,21.0,21.0,21.0,0.0,0.0
2012-11-20,21.0,21.0,21.0,21.0,0.0,0.0
2012-11-21,21.0,21.0,21.0,21.0,0.0,0.0
2012-11-22,21.0,21.0,21.0,21.0,0.0,0.0
2012-11-23,21.0,21.0,21.0,21.0,0.0,0.0
2012-11-26,21.0,21.0,21.0,21.0,0.0,0.0
2012-11-27,21.0,21.0,21.0,21.0,0.0,0.0
2012-11-28,21.0,21.0,21.0,21.0,0.0,0.0
2012-11-29,21.0,21.0,21.0,21.0,0.0,0.0
2012-11-30,21.0,21.0,21.0,21.0,0.0,0.0
2012-12-03,21.0,21.0,21.0,21.0,0.0,0.0
2012-12-04,21.0,21.0,21.0,21.0,0.0,0.0
2012-12-05,21.0,21.0,21.0,21.0,0.0,0.0
2012-12-06,21.0,21.0,21.0,21.0,0.0,0.0
2012-12-07,21.0,21.0,21.0,21.0,0.0,0.0
2012-12-10,21.0,21.0,21.0,21.0,0.0,0.0
2012-12-11,21.0,21.0,21.0,21.0,0.0,0.0
2012-12-12,21.0,21.0,21.0,21.0,0.0,0.0
2012-12-13,21.0,21.0,21.0,21.0,0.0,0.0
2012-12-14,21.0,21.0,21.0,21.0,0.0,0.0
2012-12-17,21.0,21.0,21.0,21.0,0.0,0.0
2012-12-18,21.0,21.0,21.0,21.0,0.0,0.0
2012-12-19,21.0,21.0,21.0,21.0,0.0,0.0
2012-12-20,21.0,21.0,21.0,21.0,0.0,0.0
2012-12-21,21.0,21.0,21.0,21.0,0.0,0.0
2012-12-24,21.0,21.0,21.0,21.0,0.0,0.0
2012-12-27,21.0,21.0,21.0,21.0,0.0,0.0
2012-12-28,21.0,21.0,21.0,21.0,0.0,0.0
2012-12-31,21.0,21.0,21.0,21.0,0.0,0.0
2013-01-02,21.0,21.0,21.0,21.0,0.0,0.0
2013-01-03,21.0,21.0,21.0,21.0,0.0,0.0
2013-01-04,21.0,21.0,21.0,21.0,0.0,0.0
2013-01-07,21.0,21.0,21.0,21.0,0.0,0.0
2013-01-08,21.0,21.0,21.0,21.0,0.0,0.0
2013-01-09,21.0,21.0,21.0,21.0,0.0,0.0
2013-01-10,21.0,21.0,21.0,21.0,0.0,0.0
2013-01-11,21.0,21.0,21.0,21.0,0.0,0.0
2013-01-14,21.0,21.0,21.0,21.0,0.0,0.0
2013-01-15,21.0,21.0,21.0,21.0,0.0,0.0
2013-01-16,21.0,21.0,21.0,21.0,0.0,0.0
2013-01-17,21.0,21.0,21.0,21.0,0.0,0.0
2013-01-18,21.0,21.0,21.0,21.0,0.0,0.0
2013-01-21,21.0,21.0,21.0,21.0,0.0,0.0
2013-01-22,21.0,21.0,21.0,21.0,0.0,0.0
2013-01-23,21.0,21.0,21.0,21.0,0.0,0.0
2013-01-24,21.0,21.0,21.0,21.0,0.0,0.0
2013-01-25,21.0,21.0,21.0,21.0,0.0,0.0
2013-01-28,21.0,21.0,21.0,21.0,0.0,0.0
2013-01-29,21.0,21.0,21.0,21.0,0.0,0.0
2013-01-30,21.0,21.0,21.0,21.0,0.0,0.0
2013-01-31,21.0,21.0,21.0,21.0,0.0,0.0
2013-02-01,21.0,21.0,21.0,21.0,0.0,0.0
2013-02-04,21.0,21.0,21.0,21.0,0.0,0.0
2013-02-05,21.0,21.0,21.0,21.0,0.0,0.0
2013-02-06,21.0,21.0,21.0,21.0,0.0,0.0
2013-02-07,21.0,21.0,21.0,21.0,0.0,0.0
2013-02-08,21.0,21.0,21.0,21.0,0.0,0.0
2013-02-11,21.0,21.0,21.0,21.0,0.0,0.0
2013-02-12,21.0,21.0,21.0,21.0,0.0,0.0
2013-02-13,21.0,21.0,21.0,21.0,0.0,0.0
2013-02-14,21.0,21.0,21.0,21.0,0.0,0.0
2013-02-15,21.0,21.0,21.0,21.0,0.0,0.0
2013-02-18,21.0,21.0,21.0,21.0,0.0,0.0
2013-02-19,21.0,21.0,21.0,21.0,0.0,0.0
2013-02-20,21.0,21.0,21.0,21.0,0.0,0.0
2013-02-21,21.0,21.0,21.0,21.0,0.0,0.0
2013-02-22,21.0,21.0,21.0,21.0,0.0,0.0
2013-02-25,21.0,21.0,21.0,21.0,0.0,0.0
2013-02-26,21.0,21.0,21.0,21.0,0.0,0.0
2013-02-27,21.0,21.0,21.0,21.0,0.0,0.0
2013-02-28,21.0,21.0,21.0,21.0,0.0,0.0
2013-03-01,21.0,21.0,21.0,21.0,0.0,0.0
2013-03-04,21.0,21.0,21.0,21.0,0.0,0.0
2013-03-05,21.0,21.0,21.0,21.0,0.0,0.0
2013-03-06,21.0,21.0,21.0,21.0,0.0,0.0
2013-03-07,21.0,21.0,21.0,21.0,0.0,0.0
2013-03-08,21.0,21.0,21.0,21.0,0.0,0.0
2013-03-11,21.0,21.0,21.0,21.0,0.0,0.0
2013-03-12,21.0,21.0,21.0,21.0,0.0,0.0
2013-03-13,21.0,21.0,21.0,21.0,0.0,0.0
2013-03-14,21.0,21.0,21.0,21.0,0.0,0.0
2013-03-15,21.0,21.0,21.0,21.0,0.0,0.0
2013-03-18,21.0,21.0,21.0,21.0,0.0,0.0
2013-03-19,21.0,21.0,21.0,21.0,0.0,0.0
2013-03-20,21.0,21.0,21.0,21.0,0.0,0.0
2013-03-21,21.0,21.0,21.0,21.0,0.0,0.0
2013-03-22,21.0,21.0,21.0,21.0,0.0,0.0
2013-03-25,21.0,21.0,21.0,21.0,0.0,0.0
2013-03-26,21.0,21.0,21.0,21.0,0.0,0.0
2013-03-27,21.0,21.0,21.0,21.0,0.0,0.0
2013-03-28,21.0,21.0,21.0,21.0,0.0,0.0
2013-04-01,21.0,21.0,21.0,21.0,0.0,0.0
2013-04-02,21.0,21.0,21.0,21.0,0.0,0.0
2013-04-03,21.0,21.0,21.0,21.0,0.0,0.0
2013-04-04,21.0,21.0,21.0,21.0,0.0,0.0
2013-04-05,21.0,21.0,21.0,21.0,0.0,0.0
2013-04-08,21.0,21.0,21.0,21.0,0.0,0.0
2013-04-09,21.0,21.0,21.0,21.0,0.0,0.0
2013-04-10,21.0,21.0,21.0,21.0,0.0,0.0
2013-04-11,21.0,21.0,21.0,21.0,0.0,0.0
2013-04-12,21.0,21.0,21.0,21.0,0.0,0.0
2013-04-15,21.0,21.0,21.0,21.0,0.0,0.0
2013-04-16,21.0,21.0,21.0,21.0,0.0,0.0
2013-04-17,21.0,21.0,21.0,21.0,0.0,0.0
2013-04-18,21.0,21.0,21.0,21.0,0.0,0.0
2013-04-19,21.0,21.0,21.0,21.0,0.0,0.0
2013-04-22,21.0,21.0,21.0,21.0,0.0,0.0
2013-04-23,21.0,21.0,21.0,21.0,0.0,0.0
2013-04-24,21.0,21.0,21.0,21.0,0.0,0.0
2013-04-25,21.0,21.0,21.0,21.0,0.0,0.0
2013-04-26,21.0,21.0,21.0,21.0,0.0,0.0
2013-04-29,21.0,21.0,21.0,21.0,0.0,0.0
2013-04-30,21.0,21.0,21.0,21.0,0.0,0.0
2013-05-01,21.0,21.0,21.0,21.0,0.0,0.0
2013-05-02,21.0,21.0,21.0,21.0,0.0,0.0
2013-05-03,21.0,21.0,21.0,21.0,0.0,0.0
2013-05-06,21.0,21.0,21.0,21.0,0.0,0.0
2013-05-07,21.0,21.0,21.0,21.0,0.0,0.0
2013-05-08,21.0,21.0,21.0,21.0,0.0,0.0
2013-05-09,21.0,21.0,21.0,21.0,0.0,0.0
2013-05-10,21.0,21.0,21.0,21.0,0.0,0.0
2013-05-13,21.0,21.0,21.0,21.0,0.0,0.0
2013-05-14,21.0,21.0,21.0,21.0,0.0,0.0
2013-05-15,21.0,21.0,21.0,21.0,0.0,0.0
2013-05-16,21.0,21.0,21.0,21.0,0.0,0.0
2013-05-17,21.0,21.0,21.0,21.0,0.0,0.0
2013-05-20,21.0,21.0,21.0,21.0,0.0,0.0
2013-05-21,21.0,21.0,21.0,21.0,0.0,0.0
2013-05-22,21.0,21.0,21.0,21.0,0.0,0.0
2013-05-23,21.0,21.0,21.0,21.0,0.0,0.0
2013-05-24,21.0,21.0,21.0,21.0,0.0,0.0
2013-05-27,21.0,21.0,21.0,21.0,0.0,0.0
2013-05-28,21.0,21.0,21.0,21.0,0.0,0.0
2013-05-29,21.0,21.0,21.0,21.0,0.0,0.0
2013-05-30,21.0,21.0,21.0,21.0,0.0,0.0
2013-05-31,21.0,21.0,21.0,21.0,0.0,0.0
2013-06-03,21.0,21.0,21.0,21.0,0.0,0.0
2013-06-04,21.0,21.0,21.0,21.0,0.0,0.0
2013-06-05,21.0,21.0,21.0,21.0,0.0,0.0
2013-06-06,21.0,21.0,21.0,21.0,0.0,0.0
2013-06-07,21.0,21.0,21.0,21.0,0.0,0.0
2013-06-10,21.0,21.0,21.0,21.0,0.0,0.0
2013-06-11,21.0,21.0,21.0,21.0,0.0,0.0
2013-06-12,21.0,21.0,21.0,21.0,0.0,0.0
2013-06-13,21.0,21.0,21.0,21.0,0.0,0.0
2013-06-14,21.0,21.0,21.0,21.0,0.0,0.0
2013-06-17,21.0,21.0,21.0,21.0,0.0,0.0
2013-06-18,21.0,21.0,21.0,21.0,0.0,0.0
2013-06-19,21.0,21.0,21.0,21.0,0.0,0.0
2013-06-20,21.0,21.0,21.0,21.0,0.0,0.0
2013-06-21,21.0,21.0,21.0,21.0,0.0,0.0
2013-06-24,21.0,21.0,21.0,21.0,0.0,0.0
2013-06-25,21.0,21.0,21.0,21.0,0.0,0.0
2013-06-26,21.0,21.0,21.0,21.0,0.0,0.0
2013-06-27,21.0,21.0,21.0,21.0,0.0,0.0
2013-06-28,21.0,21.0,21.0,21.0,0.0,0.0
2013-07-01,21.0,21.0,21.0,21.0,0.0,0.0
2013-07-02,21.0,21.0,21.0,21.0,0.0,0.0
2013-07-03,21.0,21.0,21.0,21.0,0.0,0.0
2013-07-04,21.0,21.0,21.0,21.0,0.0,0.0
2013-07-05,21.0,21.0,21.0,21.0,0.0,0.0
2013-07-08,21.0,21.0,21.0,21.0,0.0,0.0
2013-07-09,21.0,21.0,21.0,21.0,0.0,0.0
2013-07-10,21.0,21.0,21.0,21.0,0.0,0.0
2013-07-11,21.0,21.0,21.0,21.0,0.0,0.0
2013-07-12,21.0,21.0,21.0,21.0,0.0,0.0
2013-07-15,21.0,21.0,21.0,21.0,0.0,0.0
2013-07-16,21.0,21.0,21.0,21.0,0.0,0.0
2013-07-17,21.0,21.0,21.0,21.0,0.0,0.0
2013-07-18,21.0,21.0,21.0,21.0,0.0,0.0
2013-07-19,21.0,21.0,21.0,21.0,0.0,0.0
2013-07-22,21.0,21.0,21.0,21.0,0.0,0.0
2013-07-23,21.0,21.0,21.0,21.0,0.0,0.0
2013-07-24,21.0,21.0,21.0,21.0,0.0,0.0
2013-07-25,21.0,21.0,21.0,21.0,0.0,0.0
2013-07-26,21.0,21.0,21.0,21.0,0.0,0.0
2013-07-29,21.0,21.0,21.0,21.0,0.0,0.0
2013-07-30,21.0,21.0,21.0,21.0,0.0,0.0
2013-07-31,21.0,21.0,21.0,21.0,0.0,0.0
2013-08-01,21.0,21.0,21.0,21.0,0.0,0.0
2013-08-02,21.0,21.0,21.0,21.0,0.0,0.0
2013-08-05,21.0,21.0,21.0,21.0,0.0,0.0
2013-08-06,21.0,21.0,21.0,21.0,0.0,0.0
2013-08-07,21.0,21.0,21.0,21.0,0.0,0.0
2013-08-08,21.0,21.0,21.0,21.0,0.0,0.0
2013-08-09,21.0,21.0,21.0,21.0,0.0,0.0
2013-08-12,21.0,21.0,21.0,21.0,0.0,0.0
2013-08-13,21.0,21.0,21.0,21.0,0.0,0.0
2013-08-14,21.0,21.0,21.0,21.0,0.0,0.0
2013-08-15,21.0,21.0,21.0,21.0,0.0,0.0
2013-08-16,21.0,21.0,21.0,21.0,0.0,0.0
2013-08-19,21.0,21.0,21.0,21.0,0.0,0.0
2013-08-20,21.0,21.0,21.0,21.0,0.0,0.0
2013-08-21,21.0,21.0,21.0,21.0,0.0,0.0
2013-08-22,21.0,21.0,21.0,21.0,0.0,0.0
2013-08-23,21.0,21.0,21.0,21.0,0.0,0.0
2013-08-26,21.0,21.0,21.0,21.0,0.0,0.0
2013-08-27,21.0,21.0,21.0,21.0,0.0,0.0
2013-08-28,21.0,21.0,21.0,21.0,0.0,0.0
2013-08-29,21.0,21.0,21.0,21.0,0.0,0.0
2013-08-30,21.0,21.0,21.0,21.0,0.0,0.0
2013-09-02,21.0,21.0,21.0,21.0,0.0,0.0
2013-09-03,21.0,21.0,21.0,21.0,0.0,0.0
2013-09-04,21.0,21.0,21.0,21.0,0.0,0.0
2013-09-05,21.0,21.0,21.0,21.0,0.0,0.0
2013-09-06,21.0,21.0,21.0,21.0,0.0,0.0
2013-09-09,21.0,21.0,21.0,21.0,0.0,0.0
2013-09-10,21.0,21.0,21.0,21.0,0.0,0.0
2013-09-11,21.0,21.0,21.0,21.0,0.0,0.0
2013-09-12,21.0,21.0,21.0,21.0,0.0,0.0
2013-09-13,21.0,21.0,21.0,21.0,0.0,0.0
2013-09-16,21.0,21.0,21.0,21.0,0.0,0.0
2013-09-17,21.0,21.0,21.0,21.0,0.0,0.0
2013-09-18,21.0,21.0,21.0,21.0,0.0,0.0
2013-09-19,21.0,21.0,21.0,21.0,0.0,0.0
2013-09-20,21.0,21.0,21.0,21.0,0.0,0.0
2013-09-23,21.0,21.0,21.0,21.0,0.0,0.0
2013-09-24,21.0,21.0,21.0,21.0,0.0,0.0
2013-09-25,21.0,21.0,21.0,21.0,0.0,0.0
2013-09-26,21.0,21.0,21.0,21.0,0.0,0.0
2013-09-27,21.0,21.0,21.0,21.0,0.0,0.0
2013-09-30,21.0,21.0,21.0,21.0,0.0,0.0
2013-10-01,21.0,21.0,21.0,21.0,0.0,0.0
2013-10-02,21.0,21.0,21.0,21.0,0.0,0.0
2013-10-03,21.0,21.0,21.0,21.0,0.0,0.0
2013-10-04,21.0,21.0,21.0,21.0,0.0,0.0
2013-10-07,21.0,21.0,21.0,21.0,0.0,0.0
2013-10-08,21.0,21.0,21.0,21.0,0.0,0.0
2013-10-09,21.0,21.0,21.0,21.0,0.0,0.0
2013-10-10,21.0,21.0,21.0,21.0,0.0,0.0
2013-10-11,21.0,21.0,21.0,21.0,0.0,0.0
2013-10-14,21.0,21.0,21.0,21.0,0.0,0.0
2013-10-15,21.0,21.0,21.0,21.0,0.0,0.0
2013-10-16,21.0,21.0,21.0,21.0,0.0,0.0
2013-10-17,21.0,21.0,21.0,21.0,0.0,0.0
2013-10-18,21.0,21.0,21.0,21.0,0.0,0.0
2013-10-21,21.0,21.0,21.0,21.0,0.0,0.0
2013-10-22,21.0,21.0,21.0,21.0,0.0,0.0
2013-10-23,21.0,21.0,21.0,21.0,0.0,0.0
2013-10-24,21.0,21.0,21.0,21.0,0.0,0.0
2013-10-25,21.0,21.0,21.0,21.0,0.0,0.0
2013-10-28,21.0,21.0,21.0,21.0,0.0,0.0
2013-10-29,21.0,21.0,21.0,21.0,0.0,0.0
2013-10-30,21.0,21.0,21.0,21.0,0.0,0.0
2013-10-31,21.0,21.0,21.0,21.0,0.0,0.0
2013-11-01,21.0,21.0,21.0,21.0,0.0,0.0
2013-11-04,21.0,21.0,21.0,21.0,0.0,0.0
2013-11-05,21.0,21.0,21.0,21.0,0.0,0.0
2013-11-06,21.0,21.0,21.0,21.0,0.0,0.0
2013-11-07,21.0,21.0,21.0,21.0,0.0,0.0
2013-11-08,21.0,21.0,21.0,21.0,0.0,0.0
2013-11-11,21.0,21.0,21.0,21.0,0.0,0.0
2013-11-12,21.0,21.0,21.0,21.0,0.0,0.0
2013-11-13,21.0,21.0,21.0,21.0,0.0,0.0
2013-11-14,21.0,21.0,21.0,21.0,0.0,0.0
2013-11-15,21.0,21.0,21.0,21.0,0.0,0.0
2013-11-18,21.0,21.0,21.0,21.0,0.0,0.0
2013-11-19,21.0,21.0,21.0,21.0,0.0,0.0
2013-11-20,21.0,21.0,21.0,21.0,0.0,0.0
2013-11-21,21.0,21.0,21.0,21.0,0.0,0.0
2013-11-22,21.0,21.0,21.0,21.0,0.0,0.0
2013-11-25,21.0,21.0,21.0,21.0,0.0,0.0
2013-11-26,21.0,21.0,21.0,21.0,0.0,0.0
2013-11-27,21.0,21.0,21.0,21.0,0.0,0.0
2013-11-28,21.0,21.0,21.0,21.0,0.0,0.0
2013-11-29,21.0,21.0,21.0,21.0,0.0,0.0
2013-12-02,21.0,21.0,21.0,21.0,0.0,0.0
2013-12-03,21.0,21.0,21.0,21.0,0.0,0.0
2013-12-04,21.0,21.0,21.0,21.0,0.0,0.0
2013-12-05,21.0,21.0,21.0,21.0,0.0,0.0
2013-12-06,21.0,21.0,21.0,21.0,0.0,0.0
2013-12-09,21.0,21.0,21.0,21.0,0.0,0.0
2013-12-10,21.0,21.0,21.0,21.0,0.0,0.0
2013-12-11,21.0,21.0,21.0,21.0,0.0,0.0
2013-12-12,21.0,21.0,21.0,21.0,0.0,0.0
2013-12-13,21.0,21.0,21.0,21.0,0.0,0.0
2013-12-16,21.0,21.0,21.0,21.0,0.0,0.0
2013-12-17,21.0,21.0,21.0,21.0,0.0,0.0
2013-12-18,21.0,21.0,21.0,21.0,0.0,0.0
2013-12-19,21.0,21.0,21.0,21.0,0.0,0.0
2013-12-20,21.0,21.0,21.0,21.0,0.0,0.0
2013-12-23,21.0,21.0,21.0,21.0,0.0,0.0
2013-12-24,21.0,21.0,21.0,21.0,0.0,0.0
2013-12-27,21.0,21.0,21.0,21.0,0.0,0.0
2013-12-30,21.0,21.0,21.0,21.0,0.0,0.0
2013-12-31,21.0,21.0,21.0,21.0,0.0,0.0
2014-01-02,21.0,21.0,21.0,21.0,0.0,0.0
2014-01-03,21.0,21.0,21.0,21.0,0.0,0.0
2014-01-06,21.0,21.0,21.0,21.0,0.0,0.0
2014-01-07,21.0,21.0,21.0,21.0,0.0,0.0
2014-01-08,21.0,21.0,21.0,21.0,0.0,0.0
2014-01-09,21.0,21.0,21.0,21.0,0.0,0.0
2014-01-10,21.0,21.0,21.0,21.0,0.0,0.0
2014-01-13,21.0,21.0,21.0,21.0,0.0,0.0
2014-01-14,21.0,21.0,21.0,21.0,0.0,0.0
2014-01-15,21.0,21.0,21.0,21.0,0.0,0.0
2014-01-16,21.0,21.0,21.0,21.0,0.0,0.0
2014-01-17,21.0,21.0,21.0,21.0,0.0,0.0
2014-01-20,21.0,21.0,21.0,21.0,0.0,0.0
2014-01-21,21.0,21.0,21.0,21.0,0.0,0.0
2014-01-22,21.0,21.0,21.0,21.0,0.0,0.0
2014-01-23,21.0,21.0,21.0,21.0,0.0,0.0
2014-01-24,21.0,21.0,21.0,21.0,0.0,0.0
2014-01-27,21.0,21.0,21.0,21.0,0.0,0.0
2014-01-28,21.0,21.0,21.0,21.0,0.0,0.0
2014-01-29,21.0,21.0,21.0,21.0,0.0,0.0
2014-01-30,21.0,21.0,21.0,21.0,0.0,0.0
2014-01-31,21.0,21.0,21.0,21.0,0.0,0.0
2014-02-03,21.0,21.0,21.0,21.0,0.0,0.0
2014-02-04,21.0,21.0,21.0,21.0,0.0,0.0
2014-02-05,21.0,21.0,21.0,21.0,0.0,0.0
2014-02-06,21.0,21.0,21.0,21.0,0.0,0.0
2014-02-07,21.0,21.0,21.0,21.0,0.0,0.0
2014-02-10,21.0,21.0,21.0,21.0,0.0,0.0
2014-02-11,21.0,21.0,21.0,21.0,0.0,0.0
2014-02-12,21.0,21.0,21.0,21.0,0.0,0.0
2014-02-13,21.0,21.0,21.0,21.0,0.0,0.0
2014-02-14,21.0,21.0,21.0,21.0,0.0,0.0
2014-02-17,21.0,21.0,21.0,21.0,0.0,0.0
2014-02-18,21.0,21.0,21.0,21.0,0.0,0.0
2014-02-19,21.0,21.0,21.0,21.0,0.0,0.0
2014-02-20,21.0,21.0,21.0,21.0,0.0,0.0
2014-02-21,21.0,21.0,21.0,21.0,0.0,0.0
2014-02-24,21.0,21.0,21.0,21.0,0.0,0.0
2014-02-25,21.0,21.0,21.0,21.0,0.0,0.0
2014-02-26,21.0,21.0,21.0,21.0,0.0,0.0
2014-02-27,21.0,21.0,21.0,21.0,0.0,0.0
2014-02-28,21.0,21.0,21.0,21.0,0.0,0.0
2014-03-03,21.0,21.0,21.0,21.0,0.0,0.0
2014-03-04,21.0,21.0,21.0,21.0,0.0,0.0
2014-03-05,21.0,21.0,21.0,21.0,0.0,0.0
2014-03-06,21.0,21.0,21.0,21.0,0.0,0.0
2014-03-07,21.0,21.0,21.0,21.0,0.0,0.0
2014-03-10,21.0,21.0,21.0,21.0,0.0,0.0
2014-03-11,21.0,21.0,21.0,21.0,0.0,0.0
2014-03-12,21.0,21.0,21.0,21.0,0.0,0.0
2014-03-13,21.0,21.0,21.0,21.0,0.0,0.0
2014-03-14,21.0,21.0,21.0,21.0,0.0,0.0
2014-03-17,21.0,21.0,21.0,21.0,0.0,0.0
2014-03-18,21.0,21.0,21.0,21.0,0.0,0.0
2014-03-19,21.0,21.0,21.0,21.0,0.0,0.0
2014-03-20,21.0,21.0,21.0,21.0,0.0,0.0
2014-03-21,21.0,21.0,21.0,21.0,0.0,0.0
2014-03-24,21.0,21.0,21.0,21.0,0.0,0.0
2014-03-25,21.0,21.0,21.0,21.0,0.0,0.0
2014-03-26,21.0,21.0,21.0,21.0,0.0,0.0
2014-03-27,21.0,21.0,21.0,21.0,0.0,0.0
2014-03-28,21.0,21.0,21.0,21.0,0.0,0.0
2014-03-31,21.0,21.0,21.0,21.0,0.0,0.0
2014-04-01,21.0,21.0,21.0,21.0,0.0,0.0
2014-04-02,21.0,21.0,21.0,21.0,0.0,0.0
2014-04-03,21.0,21.0,21.0,21.0,0.0,0.0
2014-04-04,21.0,21.0,21.0,21.0,0.0,0.0
2014-04-07,21.0,21.0,21.0,21.0,0.0,0.0
2014-04-08,21.0,21.0,21.0,21.0,0.0,0.0
2014-04-09,21.0,21.0,21.0,21.0,0.0,0.0
2014-04-10,21.0,21.0,21.0,21.0,0.0,0.0
2014-04-11,21.0,21.0,21.0,21.0,0.0,0.0
2014-04-14,21.0,21.0,21.0,21.0,0.0,0.0
2014-04-15,21.0,21.0,21.0,21.0,0.0,0.0
2014-04-16,21.0,21.0,21.0,21.0,0.0,0.0
2014-04-17,21.0,21.0,21.0,21.0,0.0,0.0
2014-04-22,21.0,21.0,21.0,21.0,0.0,0.0
2014-04-23,21.0,21.0,21.0,21.0,0.0,0.0
2014-04-24,21.0,21.0,21.0,21.0,0.0,0.0
2014-04-25,21.0,21.0,21.0,21.0,0.0,0.0
2014-04-28,21.0,21.0,21.0,21.0,0.0,0.0
2014-04-29,21.0,21.0,21.0,21.0,0.0,0.0
2014-04-30,21.0,21.0,21.0,21.0,0.0,0.0
2014-05-01,21.0,21.0,21.0,21.0,0.0,0.0
2014-05-02,21.0,21.0,21.0,21.0,0.0,0.0
2014-05-05,21.0,21.0,21.0,21.0,0.0,0.0
2014-05-06,21.0,21.0,21.0,21.0,0.0,0.0
2014-05-07,21.0,21.0,21.0,21.0,0.0,0.0
2014-05-08,21.0,21.0,21.0,21.0,0.0,0.0
2014-05-09,21.0,21.0,21.0,21.0,0.0,0.0
2014-05-12,21.0,21.0,21.0,21.0,0.0,0.0
2014-05-13,21.0,21.0,21.0,21.0,0.0,0.0
2014-05-14,21.0,21.0,21.0,21.0,0.0,0.0
2014-05-15,21.0,21.0,21.0,21.0,0.0,0.0
2014-05-16,21.0,21.0,21.0,21.0,0.0,0.0
2014-05-19,21.0,21.0,21.0,21.0,0.0,0.0
2014-05-20,21.0,21.0,21.0,21.0,0.0,0.0
2014-05-21,21.0,21.0,21.0,21.0,0.0,0.0
2014-05-22,21.0,21.0,21.0,21.0,0.0,0.0
2014-05-23,21.0,21.0,21.0,21.0,0.0,0.0
2014-05-26,21.0,21.0,21.0,21.0,0.0,0.0
2014-05-27,21.0,21.0,21.0,21.0,0.0,0.0
2014-05-28,21.0,21.0,21.0,21.0,0.0,0.0
2014-05-29,21.0,21.0,21.0,21.0,0.0,0.0
2014-05-30,21.0,21.0,21.0,21.0,0.0,0.0
2014-06-02,21.0,21.0,21.0,21.0,0.0,0.0
2014-06-03,21.0,21.0,21.0,21.0,0.0,0.0
2014-06-04,21.0,21.0,21.0,21.0,0.0,0.0
2014-06-05,21.0,21.0,21.0,21.0,0.0,0.0
2014-06-06,21.0,21.0,21.0,21.0,0.0,0.0
2014-06-09,21.0,21.0,21.0,21.0,0.0,0.0
2014-06-10,21.0,21.0,21.0,21.0,0.0,0.0
2014-06-11,21.0,21.0,21.0,21.0,0.0,0.0
2014-06-12,21.0,21.0,21.0,21.0,0.0,0.0
2014-06-13,21.0,21.0,21.0,21.0,0.0,0.0
2014-06-16,21.0,21.0,21.0,21.0,0.0,0.0
2014-06-17,21.0,21.0,21.0,21.0,0.0,0.0
2014-06-18,21.0,21.0,21.0,21.0,0.0,0.0
2014-06-19,21.0,21.0,21.0,21.0,0.0,0.0
2014-06-20,21.0,21.0,21.0,21.0,0.0,0.0
2014-06-23,21.0,21.0,21.0,21.0,0.0,0.0
2014-06-24,21.0,21.0,21.0,21.0,0.0,0.0
2014-06-25,21.0,21.0,21.0,21.0,0.0,0.0
2014-06-26,21.0,21.0,21.0,21.0,0.0,0.0
2014-06-27,21.0,21.0,21.0,21.0,0.0,0.0
2014-06-30,21.0,21.0,21.0,21.0,0.0,0.0
2014-07-01,21.0,21.0,21.0,21.0,0.0,0.0
2014-07-02,21.0,21.0,21.0,21.0,0.0,0.0
2014-07-03,21.0,21.0,21.0,21.0,0.0,0.0
2014-07-04,21.0,21.0,21.0,21.0,0.0,0.0
2014-07-07,21.0,21.0,21.0,21.0,0.0,0.0
2014-07-08,21.0,21.0,21.0,21.0,0.0,0.0
2014-07-09,21.0,21.0,21.0,21.0,0.0,0.0
2014-07-10,21.0,21.0,21.0,21.0,0.0,0.0
2014-07-11,21.0,21.0,21.0,21.0,0.0,0.0
2014-07-14,21.0,21.0,21.0,21.0,0.0,0.0
2014-07-15,21.0,21.0,21.0,21.0,0.0,0.0
2014-07-16,21.0,21.0,21.0,21.0,0.0,0.0
2014-07-17,21.0,21.0,21.0,21.0,0.0,0.0
2014-07-18,21.0,21.0,21.0,21.0,0.0,0.0
2014-07-21,21.0,21.0,21.0,21.0,0.0,0.0
2014-07-22,21.0,21.0,21.0,21.0,0.0,0.0
2014-07-23,21.0,21.0,21.0,21.0,0.0,0.0
2014-07-24,21.0,21.0,21.0,21.0,0.0,0.0
2014-07-25,21.0,21.0,21.0,21.0,0.0,0.0
2014-07-28,21.0,21.0,21.0,21.0,0.0,0.0
2014-07-29,21.0,21.0,21.0,21.0,0.0,0.0
2014-07-30,21.0,21.0,21.0,21.0,0.0,0.0
2014-07-31,21.0,21.0,21.0,21.0,0.0,0.0
2014-08-01,21.0,21.0,21.0,21.0,0.0,0.0
2014-08-04,21.0,21.0,21.0,21.0,0.0,0.0
2014-08-05,21.0,21.0,21.0,21.0,0.0,0.0
2014-08-06,21.0,21.0,21.0,21.0,0.0,0.0
2014-08-07,21.0,21.0,21.0,21.0,0.0,0.0
2014-08-08,21.0,21.0,21.0,21.0,0.0,0.0
2014-08-11,21.0,21.0,21.0,21.0,0.0,0.0
2014-08-12,21.0,21.0,21.0,21.0,0.0,0.0
2014-08-13,21.0,21.0,21.0,21.0,0.0,0.0
2014-08-14,21.0,21.0,21.0,21.0,0.0,0.0
2014-08-15,21.0,21.0,21.0,21.0,0.0,0.0
2014-08-18,21.0,21.0,21.0,21.0,0.0,0.0
2014-08-19,21.0,21.0,21.0,21.0,0.0,0.0
2014-08-20,21.0,21.0,21.0,21.0,0.0,0.0
2014-08-21,21.0,21.0,21.0,21.0,0.0,0.0
2014-08-22,21.0,21.0,21.0,21.0,0.0,0.0
2014-08-25,21.0,21.0,21.0,21.0,0.0,0.0
2014-08-26,21.0,21.0,21.0,21.0,0.0,0.0
2014-08-27,21.0,21.0,21.0,21.0,0.0,0.0
2014-08-28,21.0,21.0,21.0,21.0,0.0,0.0
2014-08-29,21.0,21.0,21.0,21.0,0.0,0.0
2014-09-01,21.0,21.0,21.0,21.0,0.0,0.0
2014-09-02,21.0,21.0,21.0,21.0,0.0,0.0
2014-09-03,21.0,21.0,21.0,21.0,0.0,0.0
2014-09-04,21.0,21.0,21.0,21.0,0.0,0.0
2014-09-05,21.0,21.0,21.0,21.0,0.0,0.0
2014-09-08,21.0,21.0,21.0,21.0,0.0,0.0
2014-09-09,21.0,21.0,21.0,21.0,0.0,0.0
2014-09-10,21.0,21.0,21.0,21.0,0.0,0.0
2014-09-11,21.0,21.0,21.0,21.0,0.0,0.0
2014-09-12,21.0,21.0,21.0,21.0,0.0,0.0
2014-09-15,21.0,21.0,21.0,21.0,0.0,0.0
2014-09-16,21.0,21.0,21.0,21.0,0.0,0.0
2014-09-17,21.0,21.0,21.0,21.0,0.0,0.0
2014-09-18,21.0,21.0,21.0,21.0,0.0,0.0
2014-09-19,21.0,21.0,21.0,21.0,0.0,0.0
2014-09-22,21.0,21.0,21.0,21.0,0.0,0.0
2014-09-23,21.0,21.0,21.0,21.0,0.0,0.0
2014-09-24,21.0,21.0,21.0,21.0,0.0,0.0
2014-09-25,21.0,21.0,21.0,21.0,0.0,0.0
2014-09-26,21.0,21.0,21.0,21.0,0.0,0.0
2014-09-29,21.0,21.0,21.0,21.0,0.0,0.0
2014-09-30,21.0,21.0,21.0,21.0,0.0,0.0
2014-10-01,21.0,21.0,21.0,21.0,0.0,0.0
2014-10-02,21.0,21.0,21.0,21.0,0.0,0.0
2014-10-03,21.0,21.0,21.0,21.0,0.0,0.0
2014-10-06,21.0,21.0,21.0,21.0,0.0,0.0
2014-10-07,21.0,21.0,21.0,21.0,0.0,0.0
2014-10-08,21.0,21.0,21.0,21.0,0.0,0.0
2014-10-09,21.0,21.0,21.0,21.0,0.0,0.0
2014-10-10,21.0,21.0,21.0,21.0,0.0,0.0
2014-10-13,21.0,21.0,21.0,21.0,0.0,0.0
2014-10-14,21.0,21.0,21.0,21.0,0.0,0.0
2014-10-15,21.0,21.0,21.0,21.0,0.0,0.0
2014-10-16,21.0,21.0,21.0,21.0,0.0,0.0
2014-10-17,21.0,21.0,21.0,21.0,0.0,0.0
2014-10-20,21.0,21.0,21.0,21.0,0.0,0.0
2014-10-21,21.0,21.0,21.0,21.0,0.0,0.0
2014-10-22,21.0,21.0,21.0,21.0,0.0,0.0
2014-10-23,21.0,21.0,21.0,21.0,0.0,0.0
2014-10-24,21.0,21.0,21.0,21.0,0.0,0.0
2014-10-27,21.0,21.0,21.0,21.0,0.0,0.0
2014-10-28,21.0,21.0,21.0,21.0,0.0,0.0
2014-10-29,21.0,21.0,21.0,21.0,0.0,0.0
2014-10-30,21.0,21.0,21.0,21.0,0.0,0.0
2014-10-31,21.0,21.0,21.0,21.0,0.0,0.0
2014-11-03,21.0,21.0,21.0,21.0,0.0,0.0
2014-11-04,21.0,21.0,21.0,21.0,0.0,0.0
2014-11-05,21.0,21.0,21.0,21.0,0.0,0.0
2014-11-06,21.0,21.0,21.0,21.0,0.0,0.0
2014-11-07,21.0,21.0,21.0,21.0,0.0,0.0
2014-11-10,21.0,21.0,21.0,21.0,0.0,0.0
2014-11-11,21.0,21.0,21.0,21.0,0.0,0.0
2014-11-12,21.0,21.0,21.0,21.0,0.0,0.0
2014-11-13,21.0,21.0,21.0,21.0,0.0,0.0
2014-11-14,21.0,21.0,21.0,21.0,0.0,0.0
2014-11-17,21.0,21.0,21.0,21.0,0.0,0.0
2014-11-18,21.0,21.0,21.0,21.0,0.0,0.0
2014-11-19,21.0,21.0,21.0,21.0,0.0,0.0
2014-11-20,21.0,21.0,21.0,21.0,0.0,0.0
2014-11-21,21.0,21.0,21.0,21.0,0.0,0.0
2014-11-24,21.0,21.0,21.0,21.0,0.0,0.0
2014-11-25,21.0,21.0,21.0,21.0,0.0,0.0
2014-11-26,21.0,21.0,21.0,21.0,0.0,0.0
2014-11-27,21.0,21.0,21.0,21.0,0.0,0.0
2014-11-28,21.0,21.0,21.0,21.0,0.0,0.0
2014-12-01,21.0,21.0,21.0,21.0,0.0,0.0
2014-12-02,21.0,21.0,21.0,21.0,0.0,0.0
2014-12-03,21.0,21.0,21.0,21.0,0.0,0.0
2014-12-04,21.0,21.0,21.0,21.0,0.0,0.0
2014-12-05,21.0,21.0,21.0,21.0,0.0,0.0
2014-12-08,21.0,21.0,21.0,21.0,0.0,0.0
2014-12-09,21.0,21.0,21.0,21.0,0.0,0.0
2014-12-10,21.0,21.0,21.0,21.0,0.0,0.0
2014-12-11,21.0,21.0,21.0,21.0,0.0,0.0
2014-12-12,21.0,21.0,21.0,21.0,0.0,0.0
2014-12-15,21.0,21.0,21.0,21.0,0.0,0.0
2014-12-16,21.0,21.0,21.0,21.0,0.0,0.0
2014-12-17,21.0,21.0,21.0,21.0,0.0,0.0
2014-12-18,21.0,21.0,21.0,21.0,0.0,0.0
2014-12-19,21.0,21.0,21.0,21.0,0.0,0.0
2014-12-22,21.0,21.0,21.0,21.0,0.0,0.0
2014-12-23,21.0,21.0,21.0,21.0,0.0,0.0
2014-12-24,21.0,21.0,21.0,21.0,0.0,0.0
2014-12-29,21.0,21.0,21.0,21.0,0.0,0.0
2014-12-30,21.0,21.0,21.0,21.0,0.0,0.0
2014-12-31,21.0,21.0,21.0,21.0,0.0,0.0
2015-01-02,21.0,21.0,21.0,21.0,0.0,0.0
2015-01-05,21.0,21.0,21.0,21.0,0.0,0.0
2015-01-06,21.0,21.0,21.0,21.0,0.0,0.0
2015-01-07,21.0,21.0,21.0,21.0,0.0,0.0
2015-01-08,21.0,21.0,21.0,21.0,0.0,0.0
2015-01-09,21.0,21.0,21.0,21.0,0.0,0.0
2015-01-12,21.0,21.0,21.0,21.0,0.0,0.0
2015-01-13,21.0,21.0,21.0,21.0,0.0,0.0
2015-01-14,21.0,21.0,21.0,21.0,0.0,0.0
2015-01-15,21.0,21.0,21.0,21.0,0.0,0.0
2015-01-16,21.0,21.0,21.0,21.0,0.0,0.0
2015-01-19,21.0,21.0,21.0,21.0,0.0,0.0
2015-01-20,21.0,21.0,21.0,21.0,0.0,0.0
2015-01-21,21.0,21.0,21.0,21.0,0.0,0.0
2015-01-22,21.0,21.0,21.0,21.0,0.0,0.0
2015-01-23,21.0,21.0,21.0,21.0,0.0,0.0
2015-01-26,21.0,21.0,21.0,21.0,0.0,0.0
2015-01-27,21.0,21.0,21.0,21.0,0.0,0.0
2015-01-28,21.0,21.0,21.0,21.0,0.0,0.0
2015-01-29,21.0,21.0,21.0,21.0,0.0,0.0
2015-01-30,21.0,21.0,21.0,21.0,0.0,0.0
2015-02-02,21.0,21.0,21.0,21.0,0.0,0.0
2015-02-03,21.0,21.0,21.0,21.0,0.0,0.0
2015-02-04,21.0,21.0,21.0,21.0,0.0,0.0
2015-02-05,21.0,21.0,21.0,21.0,0.0,0.0
2015-02-06,21.0,21.0,21.0,21.0,0.0,0.0
2015-02-09,21.0,21.0,21.0,21.0,0.0,0.0
2015-02-10,21.0,21.0,21.0,21.0,0.0,0.0
2015-02-11,21.0,21.0,21.0,21.0,0.0,0.0
2015-02-12,21.0,21.0,21.0,21.0,0.0,0.0
2015-02-13,21.0,21.0,21.0,21.0,0.0,0.0
2015-02-16,21.0,21.0,21.0,21.0,0.0,0.0
2015-02-17,21.0,21.0,21.0,21.0,0.0,0.0
2015-02-18,21.0,21.0,21.0,21.0,0.0,0.0
2015-02-19,21.0,21.0,21.0,21.0,0.0,0.0
2015-02-20,21.0,21.0,21.0,21.0,0.0,0.0
2015-02-23,21.0,21.0,21.0,21.0,0.0,0.0
2015-02-24,21.0,21.0,21.0,21.0,0.0,0.0
2015-02-25,21.0,21.0,21.0,21.0,0.0,0.0
2015-02-26,21.0,21.0,21.0,21.0,0.0,0.0
2015-02-27,21.0,21.0,21.0,21.0,0.0,0.0
2015-03-02,21.0,21.0,21.0,21.0,0.0,0.0
2015-03-03,21.0,21.0,21.0,21.0,0.0,0.0
2015-03-04,21.0,21.0,21.0,21.0,0.0,0.0
2015-03-05,21.0,21.0,21.0,21.0,0.0,0.0
2015-03-06,21.0,21.0,21.0,21.0,0.0,0.0
2015-03-09,21.0,21.0,21.0,21.0,0.0,0.0
2015-03-10,21.0,21.0,21.0,21.0,0.0,0.0
2015-03-11,21.0,21.0,21.0,21.0,0.0,0.0
2015-03-12,21.0,21.0,21.0,21.0,0.0,0.0
2015-03-13,21.0,21.0,21.0,21.0,0.0,0.0
2015-03-16,21.0,21.0,21.0,21.0,0.0,0.0
2015-03-17,21.0,21.0,21.0,21.0,0.0,0.0
2015-03-18,21.0,21.0,21.0,21.0,0.0,0.0
2015-03-19,21.0,21.0,21.0,21.0,0.0,0.0
2015-03-20,21.0,21.0,21.0,21.0,0.0,0.0
2015-03-23,21.0,21.0,21.0,21.0,0.0,0.0
2015-03-24,21.0,21.0,21.0,21.0,0.0,0.0
2015-03-25,21.0,21.0,21.0,21.0,0.0,0.0
2015-03-26,21.0,21.0,21.0,21.0,0.0,0.0
2015-03-27,21.0,21.0,21.0,21.0,0.0,0.0
2015-03-30,21.0,21.0,21.0,21.0,0.0,0.0
2015-03-31,21.0,21.0,21.0,21.0,0.0,0.0
2015-04-01,21.0,21.0,21.0,21.0,0.0,0.0
2015-04-02,21.0,21.0,21.0,21.0,0.0,0.0
2015-04-06,21.0,21.0,21.0,21.0,0.0,0.0
2015-04-07,21.0,21.0,21.0,21.0,0.0,0.0
2015-04-08,21.0,21.0,21.0,21.0,0.0,0.0
2015-04-09,21.0,21.0,21.0,21.0,0.0,0.0
2015-04-10,21.0,21.0,21.0,21.0,0.0,0.0
2015-04-13,21.0,21.0,21.0,21.0,0.0,0.0
2015-04-14,21.0,21.0,21.0,21.0,0.0,0.0
2015-04-15,21.0,21.0,21.0,21.0,0.0,0.0
2015-04-16,21.0,21.0,21.0,21.0,0.0,0.0
2015-04-17,21.0,21.0,21.0,21.0,0.0,0.0
2015-04-20,21.0,21.0,21.0,21.0,0.0,0.0
2015-04-21,21.0,21.0,21.0,21.0,0.0,0.0
2015-04-22,21.0,21.0,21.0,21.0,0.0,0.0
2015-04-23,21.0,21.0,21.0,21.0,0.0,0.0
2015-04-24,21.0,21.0,21.0,21.0,0.0,0.0
2015-04-27,21.0,21.0,21.0,21.0,0.0,0.0
2015-04-28,21.0,21.0,21.0,21.0,0.0,0.0
2015-04-29,21.0,21.0,21.0,21.0,0.0,0.0
2015-04-30,21.0,21.0,21.0,21.0,0.0,0.0
2015-05-01,21.0,21.0,21.0,21.0,0.0,0.0
2015-05-04,21.0,21.0,21.0,21.0,0.0,0.0
2015-05-05,21.0,21.0,21.0,21.0,0.0,0.0
2015-05-06,21.0,21.0,21.0,21.0,0.0,0.0
2015-05-07,21.0,21.0,21.0,21.0,0.0,0.0
2015-05-08,21.0,21.0,21.0,21.0,0.0,0.0
2015-05-11,21.0,21.0,21.0,21.0,0.0,0.0
2015-05-12,21.0,21.0,21.0,21.0,0.0,0.0
2015-05-13,21.0,21.0,21.0,21.0,0.0,0.0
2015-05-14,21.0,21.0,21.0,21.0,0.0,0.0
2015-05-15,21.0,21.0,21.0,21.0,0.0,0.0
2015-05-18,21.0,21.0,21.0,21.0,0.0,0.0
2015-05-19,21.0,21.0,21.0,21.0,0.0,0.0
2015-05-20,21.0,21.0,21.0,21.0,0.0,0.0
2015-05-21,21.0,21.0,21.0,21.0,0.0,0.0
2015-05-22,21.0,21.0,21.0,21.0,0.0,0.0
2015-05-25,21.0,21.0,21.0,21.0,0.0,0.0
2015-05-26,21.0,21.0,21.0,21.0,0.0,0.0
2015-05-27,21.0,21.0,21.0,21.0,0.0,0.0
2015-05-28,21.0,21.0,21.0,21.0,0.0,0.0
2015-05-29,21.0,21.0,21.0,21.0,0.0,0.0
2015-06-01,21.0,21.0,21.0,21.0,0.0,0.0
2015-06-02,21.0,21.0,21.0,21.0,0.0,0.0
2015-06-03,21.0,21.0,21.0,21.0,0.0,0.0
2015-06-04,21.0,21.0,21.0,21.0,0.0,0.0
2015-06-05,21.0,21.0,21.0,21.0,0.0,0.0
2015-06-08,21.0,21.0,21.0,21.0,0.0,0.0
2015-06-09,21.0,21.0,21.0,21.0,0.0,0.0
2015-06-10,21.0,21.0,21.0,21.0,0.0,0.0
2015-06-11,21.0,21.0,21.0,21.0,0.0,0.0
2015-06-12,21.0,21.0,21.0,21.0,0.0,0.0
2015-06-15,21.0,21.0,21.0,21.0,0.0,0.0
2015-06-16,21.0,21.0,21.0,21.0,0.0,0.0
2015-06-17,21.0,21.0,21.0,21.0,0.0,0.0
2015-06-18,21.0,21.0,21.0,21.0,0.0,0.0
2015-06-19,21.0,21.0,21.0,21.0,0.0,0.0
2015-06-22,21.0,21.0,21.0,21.0,0.0,0.0
2015-06-23,21.0,21.0,21.0,21.0,0.0,0.0
2015-06-24,21.0,21.0,21.0,21.0,0.0,0.0
2015-06-25,21.0,21.0,21.0,21.0,0.0,0.0
2015-06-26,21.0,21.0,21.0,21.0,0.0,0.0
2015-06-29,21.0,21.0,21.0,21.0,0.0,0.0
2015-06-30,21.0,21.0,21.0,21.0,0.0,0.0
2015-07-01,21.0,21.0,21.0,21.0,0.0,0.0
2015-07-02,21.0,21.0,21.0,21.0,0.0,0.0
2015-07-03,21.0,21.0,21.0,21.0,0.0,0.0
2015-07-06,21.0,21.0,21.0,21.0,0.0,0.0
2015-07-07,21.0,21.0,21.0,21.0,0.0,0.0
2015-07-08,21.0,21.0,21.0,21.0,0.0,0.0
2015-07-09,21.0,21.0,21.0,21.0,0.0,0.0
2015-07-10,21.0,21.0,21.0,21.0,0.0,0.0
2015-07-13,21.0,21.0,21.0,21.0,0.0,0.0
2015-07-14,21.0,21.0,21.0,21.0,0.0,0.0
2015-07-15,21.0,21.0,21.0,21.0,0.0,0.0
2015-07-16,21.0,21.0,21.0,21.0,0.0,0.0
2015-07-17,21.0,21.0,21.0,21.0,0.0,0.0
2015-07-20,21.0,21.0,21.0,21.0,0.0,0.0
2015-07-21,21.0,21.0,21.0,21.0,0.0,0.0
2015-07-22,21.0,21.0,21.0,21.0,0.0,0.0
2015-07-23,21.0,21.0,21.0,21.0,0.0,0.0
2015-07-24,21.0,21.0,21.0,21.0,0.0,0.0
2015-07-27,21.0,21.0,21.0,21.0,0.0,0.0
2015-07-28,21.0,21.0,21.0,21.0,0.0,0.0
2015-07-29,21.0,21.0,21.0,21.0,0.0,0.0
2015-07-30,21.0,21.0,21.0,21.0,0.0,0.0
2015-07-31,21.0,21.0,21.0,21.0,0.0,0.0
2015-08-03,21.0,21.0,21.0,21.0,0.0,0.0
2015-08-04,21.0,21.0,21.0,21.0,0.0,0.0
2015-08-05,21.0,21.0,21.0,21.0,0.0,0.0
2015-08-06,21.0,21.0,21.0,21.0,0.0,0.0
2015-08-07,21.0,21.0,21.0,21.0,0.0,0.0
2015-08-10,21.0,21.0,21.0,21.0,0.0,0.0
2015-08-11,21.0,21.0,21.0,21.0,0.0,0.0
2015-08-12,21.0,21.0,21.0,21.0,0.0,0.0
2015-08-13,21.0,21.0,21.0,21.0,0.0,0.0
2015-08-14,21.0,21.0,21.0,21.0,0.0,0.0
2015-08-17,21.0,21.0,21.0,21.0,0.0,0.0
2015-08-18,21.0,21.0,21.0,21.0,0.0,0.0
2015-08-19,21.0,21.0,21.0,21.0,0.0,0.0
2015-08-20,21.0,21.0,21.0,21.0,0.0,0.0
2015-08-21,21.0,21.0,21.0,21.0,0.0,0.0
2015-08-24,21.0,21.0,21.0,21.0,0.0,0.0
2015-08-25,21.0,21.0,21.0,21.0,0.0,0.0
2015-08-26,21.0,21.0,21.0,21.0,0.0,0.0
2015-08-27,21.0,21.0,21.0,21.0,0.0,0.0
2015-08-28,21.0,21.0,21.0,21.0,0.0,0.0
2015-08-31,21.0,21.0,21.0,21.0,0.0,0.0
2015-09-01,21.0,21.0,21.0,21.0,0.0,0.0
2015-09-02,21.0,21.0,21.0,21.0,0.0,0.0
2015-09-03,21.0,21.0,21.0,21.0,0.0,0.0
2015-09-04,21.0,21.0,21.0,21.0,0.0,0.0
2015-09-07,21.0,21.0,21.0,21.0,0.0,0.0
2015-09-08,21.0,21.0,21.0,21.0,0.0,0.0
2015-09-09,21.0,21.0,21.0,21.0,0.0,0.0
2015-09-10,21.0,21.0,21.0,21.0,0.0,0.0
2015-09-11,21.0,21.0,21.0,21.0,0.0,0.0
2015-09-14,21.0,21.0,21.0,21.0,0.0,0.0
2015-09-15,21.0,21.0,21.0,21.0,0.0,0.0
2015-09-16,21.0,21.0,21.0,21.0,0.0,0.0
2015-09-17,21.0,21.0,21.0,21.0,0.0,0.0
2015-09-18,21.0,21.0,21.0,21.0,0.0,0.0
2015-09-21,21.0,21.0,21.0,21.0,0.0,0.0
2015-09-22,21.0,21.0,21.0,21.0,0.0,0.0
2015-09-23,21.0,21.0,21.0,21.0,0.0,0.0
2015-09-24,21.0,21.0,21.0,21.0,0.0,0.0
2015-09-25,21.0,21.0,21.0,21.0,0.0,0.0
2015-09-28,21.0,21.0,21.0,21.0,0.0,0.0
2015-09-29,21.0,21.0,21.0,21.0,0.0,0.0
2015-09-30,21.0,21.0,21.0,21.0,0.0,0.0
2015-10-01,21.0,21.0,21.0,21.0,0.0,0.0
2015-10-02,21.0,21.0,21.0,21.0,0.0,0.0
2015-10-05,21.0,21.0,21.0,21.0,0.0,0.0
2015-10-06,21.0,21.0,21.0,21.0,0.0,0.0
2015-10-07,21.0,21.0,21.0,21.0,0.0,0.0
2015-10-08,21.0,21.0,21.0,21.0,0.0,0.0
2015-10-09,21.0,21.0,21.0,21.0,0.0,0.0
2015-10-12,21.0,21.0,21.0,21.0,0.0,0.0
2015-10-13,21.0,21.0,21.0,21.0,0.0,0.0
2015-10-14,21.0,21.0,21.0,21.0,0.0,0.0
2015-10-15,21.0,21.0,21.0,21.0,0.0,0.0
2015-10-16,21.0,21.0,21.0,21.0,0.0,0.0
2015-10-19,21.0,21.0,21.0,21.0,0.0,0.0
2015-10-20,21.0,21.0,21.0,21.0,0.0,0.0
2015-10-21,21.0,21.0,21.0,21.0,0.0,0.0
2015-10-22,21.0,21.0,21.0,21.0,0.0,0.0
2015-10-23,21.0,21.0,21.0,21.0,0.0,0.0
2015-10-26,21.0,21.0,21.0,21.0,0.0,0.0
2015-10-27,21.0,21.0,21.0,21.0,0.0,0.0
2015-10-28,21.0,21.0,21.0,21.0,0.0,0.0
2015-10-29,21.0,21.0,21.0,21.0,0.0,0.0
2015-10-30,21.0,21.0,21.0,21.0,0.0,0.0
2015-11-02,21.0,21.0,21.0,21.0,0.0,0.0
2015-11-03,21.0,21.0,21.0,21.0,0.0,0.0
2015-11-04,21.0,21.0,21.0,21.0,0.0,0.0
2015-11-05,21.0,21.0,21.0,21.0,0.0,0.0
2015-11-06,21.0,21.0,21.0,21.0,0.0,0.0
2015-11-09,21.0,21.0,21.0,21.0,0.0,0.0
2015-11-10,21.0,21.0,21.0,21.0,0.0,0.0
2015-11-11,21.0,21.0,21.0,21.0,0.0,0.0
2015-11-12,21.0,21.0,21.0,21.0,0.0,0.0
2015-11-13,21.0,21.0,21.0,21.0,0.0,0.0
2015-11-16,21.0,21.0,21.0,21.0,0.0,0.0
2015-11-17,21.0,21.0,21.0,21.0,0.0,0.0
2015-11-18,21.0,21.0,21.0,21.0,0.0,0.0
2015-11-19,21.0,21.0,21.0,21.0,0.0,0.0
2015-11-20,21.0,21.0,21.0,21.0,0.0,0.0
2015-11-23,21.0,21.0,21.0,21.0,0.0,0.0
2015-11-24,21.0,21.0,21.0,21.0,0.0,0.0
2015-11-25,21.0,21.0,21.0,21.0,0.0,0.0
2015-11-26,21.0,21.0,21.0,21.0,0.0,0.0
2015-11-27,21.0,21.0,21.0,21.0,0.0,0.0
2015-11-30,21.0,21.0,21.0,21.0,0.0,0.0
2015-12-01,21.0,21.0,21.0,21.0,0.0,0.0
2015-12-02,21.0,21.0,21.0,21.0,0.0,0.0
2015-12-03,21.0,21.0,21.0,21.0,0.0,0.0
2015-12-04,21.0,21.0,21.0,21.0,0.0,0.0
2015-12-07,21.0,21.0,21.0,21.0,0.0,0.0
2015-12-08,21.0,21.0,21.0,21.0,0.0,0.0
2015-12-09,21.0,21.0,21.0,21.0,0.0,0.0
2015-12-10,21.0,21.0,21.0,21.0,0.0,0.0
2015-12-11,21.0,21.0,21.0,21.0,0.0,0.0
2015-12-14,21.0,21.0,21.0,21.0,0.0,0.0
2015-12-15,21.0,21.0,21.0,21.0,0.0,0.0
2015-12-16,21.0,21.0,21.0,21.0,0.0,0.0
2015-12-17,21.0,21.0,21.0,21.0,0.0,0.0
2015-12-18,21.0,21.0,21.0,21.0,0.0,0.0
2015-12-21,21.0,21.0,21.0,21.0,0.0,0.0
2015-12-22,21.0,21.0,21.0,21.0,0.0,0.0
2015-12-23,21.0,21.0,21.0,21.0,0.0,0.0
2015-12-24,21.0,21.0,21.0,21.0,0.0,0.0
2015-12-28,21.0,21.0,21.0,21.0,0.0,0.0
2015-12-29,21.0,21.0,21.0,21.0,0.0,0.0
2015-12-30,21.0,21.0,21.0,21.0,0.0,0.0
2015-12-31,21.0,21.0,21.0,21.0,0.0,0.0
2016-01-04,21.0,21.0,21.0,21.0,0.0,0.0
2016-01-05,21.0,21.0,21.0,21.0,0.0,0.0
2016-01-06,21.0,21.0,21.0,21.0,0.0,0.0
2016-01-07,21.0,21.0,21.0,21.0,0.0,0.0
2016-01-08,21.0,21.0,21.0,21.0,0.0,0.0
2016-01-11,21.0,21.0,21.0,21.0,0.0,0.0
2016-01-12,21.0,21.0,21.0,21.0,0.0,0.0
2016-01-13,21.0,21.0,21.0,21.0,0.0,0.0
2016-01-14,21.0,21.0,21.0,21.0,0.0,0.0
2016-01-15,21.0,21.0,21.0,21.0,0.0,0.0
2016-01-18,21.0,21.0,21.0,21.0,0.0,0.0
2016-01-19,21.0,21.0,21.0,21.0,0.0,0.0
2016-01-20,21.0,21.0,21.0,21.0,0.0,0.0
2016-01-21,21.0,21.0,21.0,21.0,0.0,0.0
2016-01-22,21.0,21.0,21.0,21.0,0.0,0.0
2016-01-25,21.0,21.0,21.0,21.0,0.0,0.0
2016-01-26,21.0,21.0,21.0,21.0,0.0,0.0
2016-01-27,21.0,21.0,21.0,21.0,0.0,0.0
2016-01-28,21.0,21.0,21.0,21.0,0.0,0.0
2016-01-29,21.0,21.0,21.0,21.0,0.0,0.0
2016-02-01,21.0,21.0,21.0,21.0,0.0,0.0
2016-02-02,21.0,21.0,21.0,21.0,0.0,0.0
2016-02-03,21.0,21.0,21.0,21.0,0.0,0.0
2016-02-04,21.0,21.0,21.0,21.0,0.0,0.0
2016-02-05,21.0,21.0,21.0,21.0,0.0,0.0
2016-02-08,21.0,21.0,21.0,21.0,0.0,0.0
2016-02-09,21.0,21.0,21.0,21.0,0.0,0.0
2016-02-10,21.0,21.0,21.0,21.0,0.0,0.0
2016-02-11,21.0,21.0,21.0,21.0,0.0,0.0
2016-02-12,21.0,21.0,21.0,21.0,0.0,0.0
2016-02-15,21.0,21.0,21.0,21.0,0.0,0.0
2016-02-16,21.0,21.0,21.0,21.0,0.0,0.0
2016-02-17,21.0,21.0,21.0,21.0,0.0,0.0
2016-02-18,21.0,21.0,21.0,21.0,0.0,0.0
2016-02-19,21.0,21.0,21.0,21.0,0.0,0.0
2016-02-22,21.0,21.0,21.0,21.0,0.0,0.0
2016-02-23,21.0,21.0,21.0,21.0,0.0,0.0
2016-02-24,21.0,21.0,21.0,21.0,0.0,0.0
2016-02-25,21.0,21.0,21.0,21.0,0.0,0.0
2016-02-26,21.0,21.0,21.0,21.0,0.0,0.0
2016-02-29,21.0,21.0,21.0,21.0,0.0,0.0
2016-03-01,21.0,21.0,21.0,21.0,0.0,0.0
2016-03-02,21.0,21.0,21.0,21.0,0.0,0.0
2016-03-03,21.0,21.0,21.0,21.0,0.0,0.0
2016-03-04,21.0,21.0,21.0,21.0,0.0,0.0
2016-03-07,21.0,21.0,21.0,21.0,0.0,0.0
2016-03-08,21.0,21.0,21.0,21.0,0.0,0.0
2016-03-09,21.0,21.0,21.0,21.0,0.0,0.0
2016-03-10,21.0,21.0,21.0,21.0,0.0,0.0
2016-03-11,21.0,21.0,21.0,21.0,0.0,0.0
2016-03-14,21.0,21.0,21.0,21.0,0.0,0.0
2016-03-15,21.0,21.0,21.0,21.0,0.0,0.0
2016-03-16,21.0,21.0,21.0,21.0,0.0,0.0
2016-03-17,21.0,21.0,21.0,21.0,0.0,0.0
2016-03-18,21.0,21.0,21.0,21.0,0.0,0.0
2016-03-21,21.0,21.0,21.0,21.0,0.0,0.0
2016-03-22,21.0,21.0,21.0,21.0,0.0,0.0
2016-03-23,21.0,21.0,21.0,21.0,0.0,0.0
2016-03-24,21.0,21.0,21.0,21.0,0.0,0.0
2016-03-28,21.0,21.0,21.0,21.0,0.0,0.0
2016-03-29,21.0,21.0,21.0,21.0,0.0,0.0
2016-03-30,21.0,21.0,21.0,21.0,0.0,0.0
2016-03-31,21.0,21.0,21.0,21.0,0.0,0.0
2016-04-01,21.0,21.0,21.0,21.0,0.0,0.0
2016-04-04,21.0,21.0,21.0,21.0,0.0,0.0
2016-04-05,21.0,21.0,21.0,21.0,0.0,0.0
2016-04-06,21.0,21.0,21.0,21.0,0.0,0.0
2016-04-07,21.0,21.0,21.0,21.0,0.0,0.0
2016-04-08,21.0,21.0,21.0,21.0,0.0,0.0
2016-04-11,21.0,21.0,21.0,21.0,0.0,0.0
2016-04-12,21.0,21.0,21.0,21.0,0.0,0.0
2016-04-13,21.0,21.0,21.0,21.0,0.0,0.0
2016-04-14,21.0,21.0,21.0,21.0,0.0,0.0
2016-04-15,21.0,21.0,21.0,21.0,0.0,0.0
2016-04-18,21.0,21.0,21.0,21.0,0.0,0.0
2016-04-19,21.0,21.0,21.0,21.0,0.0,0.0
2016-04-20,21.0,21.0,21.0,21.0,0.0,0.0
2016-04-21,21.0,21.0,21.0,21.0,0.0,0.0
2016-04-22,21.0,21.0,21.0,21.0,0.0,0.0
2016-04-25,21.0,21.0,21.0,21.0,0.0,0.0
2016-04-26,21.0,21.0,21.0,21.0,0.0,0.0
2016-04-27,21.0,21.0,21.0,21.0,0.0,0.0
2016-04-28,21.0,21.0,21.0,21.0,0.0,0.0
2016-04-29,21.0,21.0,21.0,21.0,0.0,0.0
2016-05-02,21.0,21.0,21.0,21.0,0.0,0.0
2016-05-03,21.0,21.0,21.0,21.0,0.0,0.0
2016-05-04,21.0,21.0,21.0,21.0,0.0,0.0
2016-05-05,21.0,21.0,21.0,21.0,0.0,0.0
2016-05-06,21.0,21.0,21.0,21.0,0.0,0.0
2016-05-09,21.0,21.0,21.0,21.0,0.0,0.0
2016-05-10,21.0,21.0,21.0,21.0,0.0,0.0
2016-05-11,21.0,21.0,21.0,21.0,0.0,0.0
2016-05-12,21.0,21.0,21.0,21.0,0.0,0.0
2016-05-13,21.0,21.0,21.0,21.0,0.0,0.0
2016-05-16,21.0,21.0,21.0,21.0,0.0,0.0
2016-05-17,21.0,21.0,21.0,21.0,0.0,0.0
2016-05-18,21.0,21.0,21.0,21.0,0.0,0.0
2016-05-19,21.0,21.0,21.0,21.0,0.0,0.0
2016-05-20,21.0,21.0,21.0,21.0,0.0,0.0
2016-05-23,21.0,21.0,21.0,21.0,0.0,0.0
2016-05-24,21.0,21.0,21.0,21.0,0.0,0.0
2016-05-25,21.0,21.0,21.0,21.0,0.0,0.0
2016-05-26,21.0,21.0,21.0,21.0,0.0,0.0
2016-05-27,21.0,21.0,21.0,21.0,0.0,0.0
2016-05-30,21.0,21.0,21.0,21.0,0.0,0.0
2016-05-31,21.0,21.0,21.0,21.0,0.0,0.0
2016-06-01,21.0,21.0,21.0,21.0,0.0,0.0
2016-06-02,21.0,21.0,21.0,21.0,0.0,0.0
2016-06-03,21.0,21.0,21.0,21.0,0.0,0.0
2016-06-06,21.0,21.0,21.0,21.0,0.0,0.0
2016-06-07,21.0,21.0,21.0,21.0,0.0,0.0
2016-06-08,21.0,21.0,21.0,21.0,0.0,0.0
2016-06-09,21.0,21.0,21.0,21.0,0.0,0.0
2016-06-10,21.0,21.0,21.0,21.0,0.0,0.0
2016-06-13,21.0,21.0,21.0,21.0,0.0,0.0
2016-06-14,21.0,21.0,21.0,21.0,0.0,0.0
2016-06-15,21.0,21.0,21.0,21.0,0.0,0.0
2016-06-16,21.0,21.0,21.0,21.0,0.0,0.0
2016-06-17,21.0,21.0,21.0,21.0,0.0,0.0
2016-06-20,21.0,21.0,21.0,21.0,0.0,0.0
2016-06-21,21.0,21.0,21.0,21.0,0.0,0.0
2016-06-22,21.0,21.0,21.0,21.0,0.0,0.0
2016-06-23,21.0,21.0,21.0,21.0,0.0,0.0
2016-06-24,21.0,21.0,21.0,21.0,0.0,0.0
2016-06-27,21.0,21.0,21.0,21.0,0.0,0.0
2016-06-28,21.0,21.0,21.0,21.0,0.0,0.0
2016-06-29,21.0,21.0,21.0,21.0,0.0,0.0
2016-06-30,21.0,21.0,21.0,21.0,0.0,0.0
2016-07-01,21.0,21.0,21.0,21.0,0.0,0.0
2016-07-04,21.0,21.0,21.0,21.0,0.0,0.0
2016-07-05,21.0,21.0,21.0,21.0,0.0,0.0
2016-07-06,21.0,21.0,21.0,21.0,0.0,0.0
2016-07-07,21.0,21.0,21.0,21.0,0.0,0.0
2016-07-08,21.0,21.0,21.0,21.0,0.0,0.0
2016-07-11,21.0,21.0,21.0,21.0,0.0,0.0
2016-07-12,21.0,21.0,21.0,21.0,0.0,0.0
2016-07-13,21.0,21.0,21.0,21.0,0.0,0.0
2016-07-14,21.0,21.0,21.0,21.0,0.0,0.0
2016-07-15,21.0,21.0,21.0,21.0,0.0,0.0
2016-07-18,21.0,21.0,21.0,21.0,0.0,0.0
2016-07-19,21.0,21.0,21.0,21.0,0.0,0.0
2016-07-20,21.0,21.0,21.0,21.0,0.0,0.0
2016-07-21,21.0,21.0,21.0,21.0,0.0,0.0
2016-07-22,21.0,21.0,21.0,21.0,0.0,0.0
2016-07-25,21.0,21.0,21.0,21.0,0.0,0.0
2016-07-26,21.0,21.0,21.0,21.0,0.0,0.0
2016-07-27,21.0,21.0,21.0,21.0,0.0,0.0
2016-07-28,21.0,21.0,21.0,21.0,0.0,0.0
2016-07-29,21.0,21.0,21.0,21.0,0.0,0.0
2016-08-01,21.0,21.0,21.0,21.0,0.0,0.0
2016-08-02,21.0,21.0,21.0,21.0,0.0,0.0
2016-08-03,21.0,21.0,21.0,21.0,0.0,0.0
2016-08-04,21.0,21.0,21.0,21.0,0.0,0.0
2016-08-05,21.0,21.0,21.0,21.0,0.0,0.0
2016-08-08,21.0,21.0,21.0,21.0,0.0,0.0
2016-08-09,21.0,21.0,21.0,21.0,0.0,0.0
2016-08-10,21.0,21.0,21.0,21.0,0.0,0.0
2016-08-11,21.0,21.0,21.0,21.0,0.0,0.0
2016-08-12,21.0,21.0,21.0,21.0,0.0,0.0
2016-08-15,21.0,21.0,21.0,21.0,0.0,0.0
2016-08-16,21.0,21.0,21.0,21.0,0.0,0.0
2016-08-17,21.0,21.0,21.0,21.0,0.0,0.0
2016-08-18,21.0,21.0,21.0,21.0,0.0,0.0
2016-08-19,21.0,21.0,21.0,21.0,0.0,0.0
2016-08-22,21.0,21.0,21.0,21.0,0.0,0.0
2016-08-23,21.0,21.0,21.0,21.0,0.0,0.0
2016-08-24,21.0,21.0,21.0,21.0,0.0,0.0
2016-08-25,21.0,21.0,21.0,21.0,0.0,0.0
2016-08-26,21.0,21.0,21.0,21.0,0.0,0.0
2016-08-29,21.0,21.0,21.0,21.0,0.0,0.0
2016-08-30,21.0,21.0,21.0,21.0,0.0,0.0
2016-08-31,21.0,21.0,21.0,21.0,0.0,0.0
2016-09-01,21.0,21.0,21.0,21.0,0.0,0.0
2016-09-02,21.0,21.0,21.0,21.0,0.0,0.0
2016-09-05,21.0,21.0,21.0,21.0,0.0,0.0
2016-09-06,21.0,21.0,21.0,21.0,0.0,0.0
2016-09-07,21.0,21.0,21.0,21.0,0.0,0.0
2016-09-08,21.0,21.0,21.0,21.0,0.0,0.0
2016-09-09,21.0,21.0,21.0,21.0,0.0,0.0
2016-09-12,21.0,21.0,21.0,21.0,0.0,0.0
2016-09-13,21.0,21.0,21.0,21.0,0.0,0.0
2016-09-14,21.0,21.0,21.0,21.0,0.0,0.0
2016-09-15,21.0,21.0,21.0,21.0,0.0,0.0
2016-09-16,21.0,21.0,21.0,21.0,0.0,0.0
2016-09-19,21.0,21.0,21.0,21.0,0.0,0.0
2016-09-20,21.0,21.0,21.0,21.0,0.0,0.0
2016-09-21,21.0,21.0,21.0,21.0,0.0,0.0
2016-09-22,21.0,21.0,21.0,21.0,0.0,0.0
2016-09-23,21.0,21.0,21.0,21.0,0.0,0.0
2016-09-26,21.0,21.0,21.0,21.0,0.0,0.0
2016-09-27,21.0,21.0,21.0,21.0,0.0,0.0
2016-09-28,21.0,21.0,21.0,21.0,0.0,0.0
2016-09-29,21.0,21.0,21.0,21.0,0.0,0.0
2016-09-30,21.0,21.0,21.0,21.0,0.0,0.0
2016-10-03,21.0,21.0,21.0,21.0,0.0,0.0
2016-10-04,21.0,21.0,21.0,21.0,0.0,0.0
2016-10-05,21.0,21.0,21.0,21.0,0.0,0.0
2016-10-06,21.0,21.0,21.0,21.0,0.0,0.0
2016-10-07,21.0,21.0,21.0,21.0,0.0,0.0
2016-10-10,21.0,21.0,21.0,21.0,0.0,0.0
2016-10-11,21.0,21.0,21.0,21.0,0.0,0.0
2016-10-12,21.0,21.0,21.0,21.0,0.0,0.0
2016-10-13,21.0,21.0,21.0,21.0,0.0,0.0
2016-10-14,21.0,21.0,21.0,21.0,0.0,0.0
2016-10-17,21.0,21.0,21.0,21.0,0.0,0.0
2016-10-18,21.0,21.0,21.0,21.0,0.0,0.0
2016-10-19,21.0,21.0,21.0,21.0,0.0,0.0
2016-10-20,21.0,21.0,21.0,21.0,0.0,0.0
2016-10-21,21.0,21.0,21.0,21.0,0.0,0.0
2016-10-24,21.0,21.0,21.0,21.0,0.0,0.0
2016-10-25,21.0,21.0,21.0,21.0,0.0,0.0
2016-10-26,21.0,21.0,21.0,21.0,0.0,0.0
2016-10-27,21.0,21.0,21.0,21.0,0.0,0.0
2016-10-28,21.0,21.0,21.0,21.0,0.0,0.0
2016-10-31,21.0,21.0,21.0,21.0,0.0,0.0
2016-11-01,21.0,21.0,21.0,21.0,0.0,0.0
2016-11-02,21.0,21.0,21.0,21.0,0.0,0.0
2016-11-03,21.0,21.0,21.0,21.0,0.0,0.0
2016-11-04,21.0,21.0,21.0,21.0,0.0,0.0
2016-11-07,21.0,21.0,21.0,21.0,0.0,0.0
2016-11-08,21.0,21.0,21.0,21.0,0.0,0.0
2016-11-09,21.0,21.0,21.0,21.0,0.0,0.0
2016-11-10,21.0,21.0,21.0,21.0,0.0,0.0
2016-11-11,21.0,21.0,21.0,21.0,0.0,0.0
2016-11-14,21.0,21.0,21.0,21.0,0.0,0.0
2016-11-15,21.0,21.0,21.0,21.0,0.0,0.0
2016-11-16,21.0,21.0,21.0,21.0,0.0,0.0
2016-11-17,21.0,21.0,21.0,21.0,0.0,0.0
2016-11-18,21.0,21.0,21.0,21.0,0.0,0.0
2016-11-21,21.0,21.0,21.0,21.0,0.0,0.0
2016-11-22,21.0,21.0,21.0,21.0,0.0,0.0
2016-11-23,21.0,21.0,21.0,21.0,0.0,0.0
2016-11-24,21.0,21.0,21.0,21.0,0.0,0.0
2016-11-25,21.0,21.0,21.0,21.0,0.0,0.0
2016-11-28,21.0,21.0,21.0,21.0,0.0,0.0
2016-11-29,21.0,21.0,21.0,21.0,0.0,0.0
2016-11-30,21.0,21.0,21.0,21.0,0.0,0.0
2016-12-01,21.0,21.0,21.0,21.0,0.0,0.0
2016-12-02,21.0,21.0,21.0,21.0,0.0,0.0
2016-12-05,21.0,21.0,21.0,21.0,0.0,0.0
2016-12-06,21.0,21.0,21.0,21.0,0.0,0.0
2016-12-07,21.0,21.0,21.0,21.0,0.0,0.0
2016-12-08,21.0,21.0,21.0,21.0,0.0,0.0
2016-12-09,21.0,21.0,21.0,21.0,0.0,0.0
2016-12-12,21.0,21.0,21.0,21.0,0.0,0.0
2016-12-13,21.0,21.0,21.0,21.0,0.0,0.0
2016-12-14,21.0,21.0,21.0,21.0,0.0,0.0
2016-12-15,21.0,21.0,21.0,21.0,0.0,0.0
2016-12-16,21.0,21.0,21.0,21.0,0.0,0.0
2016-12-19,21.0,21.0,21.0,21.0,0.0,0.0
2016-12-20,21.0,21.0,21.0,21.0,0.0,0.0
2016-12-21,21.0,21.0,21.0,21.0,0.0,0.0
2016-12-22,21.0,21.0,21.0,21.0,0.0,0.0
2016-12-23,21.0,21.0,21.0,21.0,0.0,0.0
2016-12-27,21.0,21.0,21.0,21.0,0.0,0.0
2016-12-28,21.0,21.0,21.0,21.0,0.0,0.0
2016-12-29,21.0,21.0,21.0,21.0,0.0,0.0
2016-12-30,21.0,21.0,21.0,21.0,0.0,0.0
2017-01-02,21.0,21.0,21.0,21.0,0.0,0.0
2017-01-03,21.0,21.0,21.0,21.0,0.0,0.0
2017-01-04,21.0,21.0,21.0,21.0,0.0,0.0
2017-01-05,21.0,21.0,21.0,21.0,0.0,0.0
2017-01-06,21.0,21.0,21.0,21.0,0.0,0.0
2017-01-09,21.0,21.0,21.0,21.0,0.0,0.0
2017-01-10,21.0,21.0,21.0,21.0,0.0,0.0
2017-01-11,21.0,21.0,21.0,21.0,0.0,0.0
2017-01-12,21.0,21.0,21.0,21.0,0.0,0.0
2017-01-13,21.0,21.0,21.0,21.0,0.0,0.0
2017-01-16,21.0,21.0,21.0,21.0,0.0,0.0
2017-01-17,21.0,21.0,21.0,21.0,0.0,0.0
2017-01-18,21.0,21.0,21.0,21.0,0.0,0.0
2017-01-19,21.0,21.0,21.0,21.0,0.0,0.0
2017-01-20,21.0,21.0,21.0,21.0,0.0,0.0
2017-01-23,21.0,21.0,21.0,21.0,0.0,0.0
2017-01-24,21.0,21.0,21.0,21.0,0.0,0.0
2017-01-25,21.0,21.0,21.0,21.0,0.0,0.0
2017-01-26,21.0,21.0,21.0,21.0,0.0,0.0
2017-01-27,21.0,21.0,21.0,21.0,0.0,0.0
2017-01-30,21.0,21.0,21.0,21.0,0.0,0.0
2017-01-31,21.0,21.0,21.0,21.0,0.0,0.0
2017-02-01,21.0,21.0,21.0,21.0,0.0,0.0
2017-02-02,21.0,21.0,21.0,21.0,0.0,0.0
2017-02-03,21.0,21.0,21.0,21.0,0.0,0.0
2017-02-06,21.0,21.0,21.0,21.0,0.0,0.0
2017-02-07,21.0,21.0,21.0,21.0,0.0,0.0
2017-02-08,21.0,21.0,21.0,21.0,0.0,0.0
2017-02-09,21.0,21.0,21.0,21.0,0.0,0.0
2017-02-10,21.0,21.0,21.0,21.0,0.0,0.0
2017-02-13,21.0,21.0,21.0,21.0,0.0,0.0
2017-02-14,21.0,21.0,21.0,21.0,0.0,0.0
2017-02-15,21.0,21.0,21.0,21.0,0.0,0.0
2017-02-16,21.0,21.0,21.0,21.0,0.0,0.0
2017-02-17,21.0,21.0,21.0,21.0,0.0,0.0
2017-02-20,21.0,21.0,21.0,21.0,0.0,0.0
2017-02-21,21.0,21.0,21.0,21.0,0.0,0.0
2017-02-22,21.0,21.0,21.0,21.0,0.0,0.0
2017-02-23,21.0,21.0,21.0,21.0,0.0,0.0
2017-02-24,21.0,21.0,21.0,21.0,0.0,0.0
2017-02-27,21.0,21.0,21.0,21.0,0.0,0.0
2017-02-28,21.0,21.0,21.0,21.0,0.0,0.0
2017-03-01,21.0,21.0,21.0,21.0,0.0,0.0
2017-03-02,21.0,21.0,21.0,21.0,0.0,0.0
2017-03-03,21.0,21.0,21.0,21.0,0.0,0.0
2017-03-06,21.0,21.0,21.0,21.0,0.0,0.0
2017-03-07,21.0,21.0,21.0,21.0,0.0,0.0
2017-03-08,21.0,21.0,21.0,21.0,0.0,0.0
2017-03-09,21.0,21.0,21.0,21.0,0.0,0.0
2017-03-10,21.0,21.0,21.0,21.0,0.0,0.0
2017-03-13,21.0,21.0,21.0,21.0,0.0,0.0
2017-03-14,21.0,21.0,21.0,21.0,0.0,0.0
2017-03-15,21.0,21.0,21.0,21.0,0.0,0.0
2017-03-16,21.0,21.0,21.0,21.0,0.0,0.0
2017-03-17,21.0,21.0,21.0,21.0,0.0,0.0
2017-03-20,21.0,21.0,21.0,21.0,0.0,0.0
2017-03-21,21.0,21.0,21.0,21.0,0.0,0.0
2017-03-22,21.0,21.0,21.0,21.0,0.0,0.0
2017-03-23,21.0,21.0,21.0,21.0,0.0,0.0
2017-03-24,21.0,21.0,21.0,21.0,0.0,0.0
2017-03-27,21.0,21.0,21.0,21.0,0.0,0.0
2017-03-28,21.0,21.0,21.0,21.0,0.0,0.0
2017-03-29,21.0,21.0,21.0,21.0,0.0,0.0
2017-03-30,21.0,21.0,21.0,21.0,0.0,0.0
2017-03-31,21.0,21.0,21.0,21.0,0.0,0.0
2017-04-03,21.0,21.0,21.0,21.0,0.0,0.0
2017-04-04,21.0,21.0,21.0,21.0,0.0,0.0
2017-04-05,21.0,21.0,21.0,21.0,0.0,0.0
2017-04-06,21.0,21.0,21.0,21.0,0.0,0.0
2017-04-07,21.0,21.0,21.0,21.0,0.0,0.0
2017-04-10,21.0,21.0,21.0,21.0,0.0,0.0
2017-04-11,21.0,21.0,21.0,21.0,0.0,0.0
2017-04-12,21.0,21.0,21.0,21.0,0.0,0.0
2017-04-13,21.0,21.0,21.0,21.0,0.0,0.0
2017-04-17,21.0,21.0,21.0,21.0,0.0,0.0
2017-04-18,21.0,21.0,21.0,21.0,0.0,0.0
2017-04-19,21.0,21.0,21.0,21.0,0.0,0.0
2017-04-20,21.0,21.0,21.0,21.0,0.0,0.0
2017-04-21,21.0,21.0,21.0,21.0,0.0,0.0
2017-04-24,21.0,21.0,21.0,21.0,0.0,0.0
2017-04-25,21.0,21.0,21.0,21.0,0.0,0.0
2017-04-26,21.0,21.0,21.0,21.0,0.0,0.0
2017-04-27,21.0,21.0,21.0,21.0,0.0,0.0
2017-04-28,21.0,21.0,21.0,21.0,0.0,0.0
2017-05-01,21.0,21.0,21.0,21.0,0.0,0.0
2017-05-02,21.0,21.0,21.0,21.0,0.0,0.0
2017-05-03,21.0,21.0,21.0,21.0,0.0,0.0
2017-05-04,21.0,21.0,21.0,21.0,0.0,0.0
2017-05-05,21.0,21.0,21.0,21.0,0.0,0.0
2017-05-08,21.0,21.0,21.0,21.0,0.0,0.0
2017-05-09,21.0,21.0,21.0,21.0,0.0,0.0
2017-05-10,21.0,21.0,21.0,21.0,0.0,0.0
2017-05-11,21.0,21.0,21.0,21.0,0.0,0.0
2017-05-12,21.0,21.0,21.0,21.0,0.0,0.0
2017-05-15,21.0,21.0,21.0,21.0,0.0,0.0
2017-05-16,21.0,21.0,21.0,21.0,0.0,0.0
2017-05-17,21.0,21.0,21.0,21.0,0.0,0.0
2017-05-18,21.0,21.0,21.0,21.0,0.0,0.0
2017-05-19,21.0,21.0,21.0,21.0,0.0,0.0
2017-05-22,21.0,21.0,21.0,21.0,0.0,0.0
2017-05-23,21.0,21.0,21.0,21.0,0.0,0.0
2017-05-24,21.0,21.0,21.0,21.0,0.0,0.0
2017-05-25,21.0,21.0,21.0,21.0,0.0,0.0
2017-05-26,21.0,21.0,21.0,21.0,0.0,0.0
2017-05-29,21.0,21.0,21.0,21.0,0.0,0.0
2017-05-30,21.0,21.0,21.0,21.0,0.0,0.0
2017-05-31,21.0,21.0,21.0,21.0,0.0,0.0
2017-06-01,21.0,21.0,21.0,21.0,0.0,0.0
2017-06-02,21.0,21.0,21.0,21.0,0.0,0.0
2017-06-05,21.0,21.0,21.0,21.0,0.0,0.0
2017-06-06,21.0,21.0,21.0,21.0,0.0,0.0
2017-06-07,21.0,21.0,21.0,21.0,0.0,0.0
2017-06-08,21.0,21.0,21.0,21.0,0.0,0.0
2017-06-09,21.0,21.0,21.0,21.0,0.0,0.0
2017-06-12,21.0,21.0,21.0,21.0,0.0,0.0
2017-06-13,21.0,21.0,21.0,21.0,0.0,0.0
2017-06-14,21.0,21.0,21.0,21.0,0.0,0.0
2017-06-15,21.0,21.0,21.0,21.0,0.0,0.0
2017-06-16,21.0,21.0,21.0,21.0,0.0,0.0
2017-06-19,21.0,21.0,21.0,21.0,0.0,0.0
2017-06-20,21.0,21.0,21.0,21.0,0.0,0.0
2017-06-21,21.0,21.0,21.0,21.0,0.0,0.0
2017-06-22,21.0,21.0,21.0,21.0,0.0,0.0
2017-06-23,21.0,21.0,21.0,21.0,0.0,0.0
2017-06-26,21.0,21.0,21.0,21.0,0.0,0.0
2017-06-27,21.0,21.0,21.0,21.0,0.0,0.0
2017-06-28,21.0,21.0,21.0,21.0,0.0,0.0
2017-06-29,21.0,21.0,21.0,21.0,0.0,0.0
2017-06-30,21.0,21.0,21.0,21.0,0.0,0.0
2017-07-03,21.0,21.0,21.0,21.0,0.0,0.0
2017-07-04,21.0,21.0,21.0,21.0,0.0,0.0
2017-07-05,21.0,21.0,21.0,21.0,0.0,0.0
2017-07-06,21.0,21.0,21.0,21.0,0.0,0.0
2017-07-07,21.0,21.0,21.0,21.0,0.0,0.0
2017-07-10,21.0,21.0,21.0,21.0,0.0,0.0
2017-07-11,21.0,21.0,21.0,21.0,0.0,0.0
2017-07-12,21.0,21.0,21.0,21.0,0.0,0.0
2017-07-13,21.0,21.0,21.0,21.0,0.0,0.0
2017-07-14,21.0,21.0,21.0,21.0,0.0,0.0
2017-07-17,21.0,21.0,21.0,21.0,0.0,0.0
2017-07-18,21.0,21.0,21.0,21.0,0.0,0.0
2017-07-19,21.0,21.0,21.0,21.0,0.0,0.0
2017-07-20,21.0,21.0,21.0,21.0,0.0,0.0
2017-07-21,21.0,21.0,21.0,21.0,0.0,0.0
2017-07-24,21.0,21.0,21.0,21.0,0.0,0.0
2017-07-25,21.0,21.0,21.0,21.0,0.0,0.0
2017-07-26,21.0,21.0,21.0,21.0,0.0,0.0
2017-07-27,21.0,21.0,21.0,21.0,0.0,0.0
2017-07-28,21.0,21.0,21.0,21.0,0.0,0.0
2017-07-31,21.0,21.0,21.0,21.0,0.0,0.0
2017-08-01,21.0,21.0,21.0,21.0,0.0,0.0
2017-08-02,21.0,21.0,21.0,21.0,0.0,0.0
2017-08-03,21.0,21.0,21.0,21.0,0.0,0.0
2017-08-04,21.0,21.0,21.0,21.0,0.0,0.0
2017-08-07,21.0,21.0,21.0,21.0,0.0,0.0
2017-08-08,21.0,21.0,21.0,21.0,0.0,0.0
2017-08-09,21.0,21.0,21.0,21.0,0.0,0.0
2017-08-10,21.0,21.0,21.0,21.0,0.0,0.0
2017-08-11,21.0,21.0,21.0,21.0,0.0,0.0
2017-08-14,21.0,21.0,21.0,21.0,0.0,0.0
2017-08-15,21.0,21.0,21.0,21.0,0.0,0.0
2017-08-16,21.0,21.0,21.0,21.0,0.0,0.0
2017-08-17,21.0,21.0,21.0,21.0,0.0,0.0
2017-08-18,21.0,21.0,21.0,21.0,0.0,0.0
2017-08-21,21.0,21.0,21.0,21.0,0.0,0.0
2017-08-22,21.0,21.0,21.0,21.0,0.0,0.0
2017-08-23,21.0,21.0,21.0,21.0,0.0,0.0
2017-08-24,21.0,21.0,21.0,21.0,0.0,0.0
2017-08-25,21.0,21.0,21.0,21.0,0.0,0.0
2017-08-28,21.0,21.0,21.0,21.0,0.0,0.0
2017-08-29,21.0,21.0,21.0,21.0,0.0,0.0
2017-08-30,21.0,21.0,21.0,21.0,0.0,0.0
2017-08-31,21.0,21.0,21.0,21.0,0.0,0.0
2017-09-01,21.0,21.0,21.0,21.0,0.0,0.0
2017-09-04,21.0,21.0,21.0,21.0,0.0,0.0
2017-09-05,21.0,21.0,21.0,21.0,0.0,0.0
2017-09-06,21.0,21.0,21.0,21.0,0.0,0.0
2017-09-07,21.0,21.0,21.0,21.0,0.0,0.0
2017-09-08,21.0,21.0,21.0,21.0,0.0,0.0
2017-09-11,21.0,21.0,21.0,21.0,0.0,0.0
2017-09-12,21.0,21.0,21.0,21.0,0.0,0.0
2017-09-13,21.0,21.0,21.0,21.0,0.0,0.0
2017-09-14,21.0,21.0,21.0,21.0,0.0,0.0
2017-09-15,21.0,21.0,21.0,21.0,0.0,0.0
2017-09-18,21.0,21.0,21.0,21.0,0.0,0.0
2017-09-19,21.0,21.0,21.0,21.0,0.0,0.0
2017-09-20,21.0,21.0,21.0,21.0,0.0,0.0
2017-09-21,21.0,21.0,21.0,21.0,0.0,0.0
2017-09-22,21.0,21.0,21.0,21.0,0.0,0.0
2017-09-25,21.0,21.0,21.0,21.0,0.0,0.0
2017-09-26,21.0,21.0,21.0,21.0,0.0,0.0
2017-09-27,21.0,21.0,21.0,21.0,0.0,0.0
2017-09-28,21.0,21.0,21.0,21.0,0.0,0.0
2017-09-29,21.0,21.0,21.0,21.0,0.0,0.0
2017-10-02,21.0,21.0,21.0,21.0,0.0,0.0
2017-10-03,21.0,21.0,21.0,21.0,0.0,0.0
2017-10-04,21.0,21.0,21.0,21.0,0.0,0.0
2017-10-05,21.0,21.0,21.0,21.0,0.0,0.0
2017-10-06,21.0,21.0,21.0,21.0,0.0,0.0
2017-10-09,21.0,21.0,21.0,21.0,0.0,0.0
2017-10-10,21.0,21.0,21.0,21.0,0.0,0.0
2017-10-11,21.0,21.0,21.0,21.0,0.0,0.0
2017-10-12,21.0,21.0,21.0,21.0,0.0,0.0
2017-10-13,21.0,21.0,21.0,21.0,0.0,0.0
2017-10-16,21.0,21.0,21.0,21.0,0.0,0.0
2017-10-17,21.0,21.0,21.0,21.0,0.0,0.0
2017-10-18,21.0,21.0,21.0,21.0,0.0,0.0
2017-10-19,21.0,21.0,21.0,21.0,0.0,0.0
2017-10-20,21.0,21.0,21.0,21.0,0.0,0.0
2017-10-23,21.0,21.0,21.0,21.0,0.0,0.0
2017-10-24,21.0,21.0,21.0,21.0,0.0,0.0
2017-10-25,21.0,21.0,21.0,21.0,0.0,0.0
2017-10-26,21.0,21.0,21.0,21.0,0.0,0.0
2017-10-27,21.0,21.0,21.0,21.0,0.0,0.0
2017-10-30,21.0,21.0,21.0,21.0,0.0,0.0
2017-10-31,21.0,21.0,21.0,21.0,0.0,0.0
2017-11-01,21.0,21.0,21.0,21.0,0.0,0.0
2017-11-02,21.0,21.0,21.0,21.0,0.0,0.0
2017-11-03,21.0,21.0,21.0,21.0,0.0,0.0
2017-11-06,21.0,21.0,21.0,21.0,0.0,0.0
2017-11-07,21.0,21.0,21.0,21.0,0.0,0.0
2017-11-08,21.0,21.0,21.0,21.0,0.0,0.0
2017-11-09,21.0,21.0,21.0,21.0,0.0,0.0
2017-11-10,21.0,21.0,21.0,21.0,0.0,0.0
2017-11-13,21.0,21.0,21.0,21.0,0.0,0.0
2017-11-14,21.0,21.0,21.0,21.0,0.0,0.0
2017-11-15,21.0,21.0,21.0,21.0,0.0,0.0
2017-11-16,21.0,21.0,21.0,21.0,0.0,0.0
2017-11-17,21.0,21.0,21.0,21.0,0.0,0.0
2017-11-20,21.0,21.0,21.0,21.0,0.0,0.0
2017-11-21,21.0,21.0,21.0,21.0,0.0,0.0
2017-11-22,21.0,21.0,21.0,21.0,0.0,0.0
2017-11-23,21.0,21.0,21.0,21.0,0.0,0.0
2017-11-24,21.0,21.0,21.0,21.0,0.0,0.0
2017-11-27,21.0,21.0,21.0,21.0,0.0,0.0
2017-11-28,21.0,21.0,21.0,21.0,0.0,0.0
2017-11-29,21.0,21.0,21.0,21.0,0.0,0.0
2017-11-30,21.0,21.0,21.0,21.0,0.0,0.0
2017-12-01,21.0,21.0,21.0,21.0,0.0,0.0
2017-12-04,21.0,21.0,21.0,21.0,0.0,0.0
2017-12-05,21.0,21.0,21.0,21.0,0.0,0.0
2017-12-06,21.0,21.0,21.0,21.0,0.0,0.0
2017-12-07,21.0,21.0,21.0,21.0,0.0,0.0
2017-12-08,21.0,21.0,21.0,21.0,0.0,0.0
2017-12-11,21.0,21.0,21.0,21.0,0.0,0.0
2017-12-12,21.0,21.0,21.0,21.0,0.0,0.0
2017-12-13,21.0,21.0,21.0,21.0,0.0,0.0
2017-12-14,21.0,21.0,21.0,21.0,0.0,0.0
2017-12-15,21.0,21.0,21.0,21.0,0.0,0.0
2017-12-18,21.0,21.0,21.0,21.0,0.0,0.0
2017-12-19,21.0,21.0,21.0,21.0,0.0,0.0
2017-12-20,21.0,21.0,21.0,21.0,0.0,0.0
2017-12-21,21.0,21.0,21.0,21.0,0.0,0.0
2017-12-22,21.0,21.0,21.0,21.0,0.0,0.0
2017-12-27,21.0,21.0,21.0,21.0,0.0,0.0
2017-12-28,21.0,21.0,21.0,21.0,0.0,0.0
2017-12-29,21.0,21.0,21.0,21.0,0.0,0.0
2018-01-02,21.0,21.0,21.0,21.0,0.0,0.0
2018-01-03,21.0,21.0,21.0,21.0,0.0,0.0
2018-01-04,21.0,21.0,21.0,21.0,0.0,0.0
2018-01-05,21.0,21.0,21.0,21.0,0.0,0.0
2018-01-08,21.0,21.0,21.0,21.0,0.0,0.0
2018-01-09,21.0,21.0,21.0,21.0,0.0,0.0
2018-01-10,21.0,21.0,21.0,21.0,0.0,0.0
2018-01-11,21.0,21.0,21.0,21.0,0.0,0.0
2018-01-12,21.0,21.0,21.0,21.0,0.0,0.0
2018-01-15,21.0,21.0,21.0,21.0,0.0,0.0
2018-01-16,21.0,21.0,21.0,21.0,0.0,0.0
2018-01-17,21.0,21.0,21.0,21.0,0.0,0.0
2018-01-18,21.0,21.0,21.0,21.0,0.0,0.0
2018-01-19,21.0,21.0,21.0,21.0,0.0,0.0
2018-01-22,21.0,21.0,21.0,21.0,0.0,0.0
2018-01-23,21.0,21.0,21.0,21.0,0.0,0.0
2018-01-24,21.0,21.0,21.0,21.0,0.0,0.0
2018-01-25,21.0,21.0,21.0,21.0,0.0,0.0
2018-01-26,21.0,21.0,21.0,21.0,0.0,0.0
2018-01-29,21.0,21.0,21.0,21.0,0.0,0.0
2018-01-30,21.0,21.0,21.0,21.0,0.0,0.0
2018-01-31,21.0,21.0,21.0,21.0,0.0,0.0
2018-02-01,21.0,21.0,21.0,21.0,0.0,0.0
2018-02-02,21.0,21.0,21.0,21.0,0.0,0.0
2018-02-05,21.0,21.0,21.0,21.0,0.0,0.0
2018-02-06,21.0,21.0,21.0,21.0,0.0,0.0
2018-02-07,21.0,21.0,21.0,21.0,0.0,0.0
2018-02-08,21.0,21.0,21.0,21.0,0.0,0.0
2018-02-09,21.0,21.0,21.0,21.0,0.0,0.0
2018-02-12,21.0,21.0,21.0,21.0,0.0,0.0
2018-02-13,21.0,21.0,21.0,21.0,0.0,0.0
2018-02-14,21.0,21.0,21.0,21.0,0.0,0.0
2018-02-15,21.0,21.0,21.0,21.0,0.0,0.0
2018-02-16,21.0,21.0,21.0,21.0,0.0,0.0
2018-02-19,21.0,21.0,21.0,21.0,0.0,0.0
2018-02-20,21.0,21.0,21.0,21.0,0.0,0.0
2018-02-21,21.0,21.0,21.0,21.0,0.0,0.0
2018-02-22,21.0,21.0,21.0,21.0,0.0,0.0
2018-02-23,21.0,21.0,21.0,21.0,0.0,0.0
2018-02-26,21.0,21.0,21.0,21.0,0.0,0.0
2018-02-27,21.0,21.0,21.0,21.0,0.0,0.0
2018-02-28,21.0,21.0,21.0,21.0,0.0,0.0
2018-03-01,21.0,21.0,21.0,21.0,0.0,0.0
2018-03-02,21.0,21.0,21.0,21.0,0.0,0.0
2018-03-05,21.0,21.0,21.0,21.0,0.0,0.0
2018-03-06,21.0,21.0,21.0,21.0,0.0,0.0
2018-03-07,21.0,21.0,21.0,21.0,0.0,0.0
2018-03-08,21.0,21.0,21.0,21.0,0.0,0.0
2018-03-09,21.0,21.0,21.0,21.0,0.0,0.0
2018-03-12,21.0,21.0,21.0,21.0,0.0,0.0
2018-03-13,21.0,21.0,21.0,21.0,0.0,0.0
2018-03-14,21.0,21.0,21.0,21.0,0.0,0.0
2018-03-15,21.0,21.0,21.0,21.0,0.0,0.0
2018-03-16,21.0,21.0,21.0,21.0,0.0,0.0
2018-03-19,21.0,21.0,21.0,21.0,0.0,0.0
2018-03-20,21.0,21.0,21.0,21.0,0.0,0.0
2018-03-21,21.0,21.0,21.0,21.0,0.0,0.0
2018-03-22,21.0,21.0,21.0,21.0,0.0,0.0
2018-03-23,21.0,21.0,21.0,21.0,0.0,0.0
2018-03-26,21.0,21.0,21.0,21.0,0.0,0.0
2018-03-27,21.0,21.0,21.0,21.0,0.0,0.0
2018-03-28,21.0,21.0,21.0,21.0,0.0,0.0
2018-03-29,21.0,21.0,21.0,21.0,0.0,0.0
2018-04-03,21.0,21.0,21.0,21.0,0.0,0.0
2018-04-04,21.0,21.0,21.0,21.0,0.0,0.0
2018-04-05,21.0,21.0,21.0,21.0,0.0,0.0
2018-04-06,21.0,21.0,21.0,21.0,0.0,0.0
2018-04-09,21.0,21.0,21.0,21.0,0.0,0.0
2018-04-10,21.0,21.0,21.0,21.0,0.0,0.0
2018-04-11,21.0,21.0,21.0,21.0,0.0,0.0
2018-04-12,21.0,21.0,21.0,21.0,0.0,0.0
2018-04-13,21.0,21.0,21.0,21.0,0.0,0.0
2018-04-16,21.0,21.0,21.0,21.0,0.0,0.0
2018-04-17,21.0,21.0,21.0,21.0,0.0,0.0
2018-04-18,21.0,21.0,21.0,21.0,0.0,0.0
2018-04-19,21.0,21.0,21.0,21.0,0.0,0.0
2018-04-20,21.0,21.0,21.0,21.0,0.0,0.0
2018-04-23,21.0,21.0,21.0,21.0,0.0,0.0
2018-04-24,21.0,21.0,21.0,21.0,0.0,0.0
2018-04-25,21.0,21.0,21.0,21.0,0.0,0.0
2018-04-26,21.0,21.0,21.0,21.0,0.0,0.0
2018-04-27,21.0,21.0,21.0,21.0,0.0,0.0
2018-04-30,21.0,21.0,21.0,21.0,0.0,0.0
2018-05-01,21.0,21.0,21.0,21.0,0.0,0.0
2018-05-02,21.0,21.0,21.0,21.0,0.0,0.0
2018-05-03,21.0,21.0,21.0,21.0,0.0,0.0
2018-05-04,21.0,21.0,21.0,21.0,0.0,0.0
2018-05-07,21.0,21.0,21.0,21.0,0.0,0.0
2018-05-08,21.0,21.0,21.0,21.0,0.0,0.0
2018-05-09,21.0,21.0,21.0,21.0,0.0,0.0
2018-05-10,21.0,21.0,21.0,21.0,0.0,0.0
2018-05-11,21.0,21.0,21.0,21.0,0.0,0.0
2018-05-14,21.0,21.0,21.0,21.0,0.0,0.0
2018-05-15,21.0,21.0,21.0,21.0,0.0,0.0
2018-05-16,21.0,21.0,21.0,21.0,0.0,0.0
2018-05-17,21.0,21.0,21.0,21.0,0.0,0.0
2018-05-18,21.0,21.0,21.0,21.0,0.0,0.0
2018-05-21,21.0,21.0,21.0,21.0,0.0,0.0
2018-05-22,21.0,21.0,21.0,21.0,0.0,0.0
2018-05-23,21.0,21.0,21.0,21.0,0.0,0.0
2018-05-24,21.0,21.0,21.0,21.0,0.0,0.0
2018-05-25,21.0,21.0,21.0,21.0,0.0,0.0
2018-05-28,21.0,21.0,21.0,21.0,0.0,0.0
2018-05-29,21.0,21.0,21.0,21.0,0.0,0.0
2018-05-30,21.0,21.0,21.0,21.0,0.0,0.0
2018-05-31,21.0,21.0,21.0,21.0,0.0,0.0
2018-06-01,21.0,21.0,21.0,21.0,0.0,0.0
2018-06-04,21.0,21.0,21.0,21.0,0.0,0.0
2018-06-05,21.0,21.0,21.0,21.0,0.0,0.0
2018-06-06,21.0,21.0,21.0,21.0,0.0,0.0
2018-06-07,21.0,21.0,21.0,21.0,0.0,0.0
2018-06-08,21.0,21.0,21.0,21.0,0.0,0.0
2018-06-11,21.0,21.0,21.0,21.0,0.0,0.0
2018-06-12,21.0,21.0,21.0,21.0,0.0,0.0
2018-06-13,21.0,21.0,21.0,21.0,0.0,0.0
2018-06-14,21.0,21.0,21.0,21.0,0.0,0.0
2018-06-15,21.0,21.0,21.0,21.0,0.0,0.0
2018-06-18,21.0,21.0,21.0,21.0,0.0,0.0
2018-06-19,21.0,21.0,21.0,21.0,0.0,0.0
2018-06-20,21.0,21.0,21.0,21.0,0.0,0.0
2018-06-21,21.0,21.0,21.0,21.0,0.0,0.0
2018-06-22,21.0,21.0,21.0,21.0,0.0,0.0
2018-06-25,21.0,21.0,21.0,21.0,0.0,0.0
2018-06-26,21.0,21.0,21.0,21.0,0.0,0.0
2018-06-27,21.0,21.0,21.0,21.0,0.0,0.0
2018-06-28,21.0,21.0,21.0,21.0,0.0,0.0
2018-06-29,21.0,21.0,21.0,21.0,0.0,0.0
2018-07-02,21.0,21.0,21.0,21.0,0.0,0.0
2018-07-03,21.0,21.0,21.0,21.0,0.0,0.0
2018-07-04,21.0,21.0,21.0,21.0,0.0,0.0
2018-07-05,21.0,21.0,21.0,21.0,0.0,0.0
2018-07-06,21.0,21.0,21.0,21.0,0.0,0.0
2018-07-09,21.0,21.0,21.0,21.0,0.0,0.0
2018-07-10,21.0,21.0,21.0,21.0,0.0,0.0
2018-07-11,21.0,21.0,21.0,21.0,0.0,0.0
2018-07-12,21.0,21.0,21.0,21.0,0.0,0.0
2018-07-13,21.0,21.0,21.0,21.0,0.0,0.0
2018-07-16,21.0,21.0,21.0,21.0,0.0,0.0
2018-07-17,21.0,21.0,21.0,21.0,0.0,0.0
2018-07-18,21.0,21.0,21.0,21.0,0.0,0.0
2018-07-19,21.0,21.0,21.0,21.0,0.0,0.0
2018-07-20,21.0,21.0,21.0,21.0,0.0,0.0
2018-07-23,21.0,21.0,21.0,21.0,0.0,0.0
2018-07-24,21.0,21.0,21.0,21.0,0.0,0.0
2018-07-25,21.0,21.0,21.0,21.0,0.0,0.0
2018-07-26,21.0,21.0,21.0,21.0,0.0,0.0
2018-07-27,21.0,21.0,21.0,21.0,0.0,0.0
2018-07-30,21.0,21.0,21.0,21.0,0.0,0.0
2018-07-31,21.0,21.0,21.0,21.0,0.0,0.0
2018-08-01,21.0,21.0,21.0,21.0,0.0,0.0
2018-08-02,21.0,21.0,21.0,21.0,0.0,0.0
2018-08-03,21.0,21.0,21.0,21.0,0.0,0.0
2018-08-06,21.0,21.0,21.0,21.0,0.0,0.0
2018-08-07,21.0,21.0,21.0,21.0,0.0,0.0
2018-08-08,21.0,21.0,21.0,21.0,0.0,0.0
2018-08-09,21.0,21.0,21.0,21.0,0.0,0.0
2018-08-10,21.0,21.0,21.0,21.0,0.0,0.0
2018-08-13,21.0,21.0,21.0,21.0,0.0,0.0
2018-08-14,21.0,21.0,21.0,21.0,0.0,0.0
2018-08-15,21.0,21.0,21.0,21.0,0.0,0.0
2018-08-16,21.0,21.0,21.0,21.0,0.0,0.0
2018-08-17,21.0,21.0,21.0,21.0,0.0,0.0
2018-08-20,21.0,21.0,21.0,21.0,0.0,0.0
2018-08-21,21.0,21.0,21.0,21.0,0.0,0.0
2018-08-22,21.0,21.0,21.0,21.0,0.0,0.0
2018-08-23,21.0,21.0,21.0,21.0,0.0,0.0
2018-08-24,21.0,21.0,21.0,21.0,0.0,0.0
2018-08-27,21.0,21.0,21.0,21.0,0.0,0.0
2018-08-28,21.0,21.0,21.0,21.0,0.0,0.0
2018-08-29,21.0,21.0,21.0,21.0,0.0,0.0
2018-08-30,21.0,21.0,21.0,21.0,0.0,0.0
2018-08-31,21.0,21.0,21.0,21.0,0.0,0.0
2018-09-03,21.0,21.0,21.0,21.0,0.0,0.0
2018-09-04,21.0,21.0,21.0,21.0,0.0,0.0
2018-09-05,21.0,21.0,21.0,21.0,0.0,0.0
2018-09-06,21.0,21.0,21.0,21.0,0.0,0.0
2018-09-07,21.0,21.0,21.0,21.0,0.0,0.0
2018-09-10,21.0,21.0,21.0,21.0,0.0,0.0
2018-09-11,21.0,21.0,21.0,21.0,0.0,0.0
2018-09-12,21.0,21.0,21.0,21.0,0.0,0.0
2018-09-13,21.0,21.0,21.0,21.0,0.0,0.0
2018-09-14,21.0,21.0,21.0,21.0,0.0,0.0
2018-09-17,21.0,21.0,21.0,21.0,0.0,0.0
2018-09-18,21.0,21.0,21.0,21.0,0.0,0.0
2018-09-19,21.0,21.0,21.0,21.0,0.0,0.0
2018-09-20,21.0,21.0,21.0,21.0,0.0,0.0
2018-09-21,21.0,21.0,21.0,21.0,0.0,0.0
2018-09-24,21.0,21.0,21.0,21.0,0.0,0.0
2018-09-25,21.0,21.0,21.0,21.0,0.0,0.0
2018-09-26,21.0,21.0,21.0,21.0,0.0,0.0
2018-09-27,21.0,21.0,21.0,21.0,0.0,0.0
2018-09-28,21.0,21.0,21.0,21.0,0.0,0.0
2018-10-01,21.0,21.0,21.0,21.0,0.0,0.0
2018-10-02,21.0,21.0,21.0,21.0,0.0,0.0
2018-10-03,21.0,21.0,21.0,21.0,0.0,0.0
2018-10-04,21.0,21.0,21.0,21.0,0.0,0.0
2018-10-05,21.0,21.0,21.0,21.0,0.0,0.0
2018-10-08,21.0,21.0,21.0,21.0,0.0,0.0
2018-10-09,21.0,21.0,21.0,21.0,0.0,0.0
2018-10-10,21.0,21.0,21.0,21.0,0.0,0.0
2018-10-11,21.0,21.0,21.0,21.0,0.0,0.0
2018-10-12,21.0,21.0,21.0,21.0,0.0,0.0
2018-10-15,21.0,21.0,21.0,21.0,0.0,0.0
2018-10-16,21.0,21.0,21.0,21.0,0.0,0.0
2018-10-17,21.0,21.0,21.0,21.0,0.0,0.0
2018-10-18,21.0,21.0,21.0,21.0,0.0,0.0
2018-10-19,21.0,21.0,21.0,21.0,0.0,0.0
2018-10-22,21.0,21.0,21.0,21.0,0.0,0.0
2018-10-23,21.0,21.0,21.0,21.0,0.0,0.0
2018-10-24,21.0,21.0,21.0,21.0,0.0,0.0
2018-10-25,21.0,21.0,21.0,21.0,0.0,0.0
2018-10-26,21.0,21.0,21.0,21.0,0.0,0.0
2018-10-29,21.0,21.0,21.0,21.0,0.0,0.0
2018-10-30,21.0,21.0,21.0,21.0,0.0,0.0
2018-10-31,21.0,21.0,21.0,21.0,0.0,0.0
2018-11-01,21.0,21.0,21.0,21.0,0.0,0.0
2018-11-02,21.0,21.0,21.0,21.0,0.0,0.0
2018-11-05,21.0,21.0,21.0,21.0,0.0,0.0
2018-11-06,21.0,21.0,21.0,21.0,0.0,0.0
2018-11-07,21.0,21.0,21.0,21.0,0.0,0.0
2018-11-08,21.0,21.0,21.0,21.0,0.0,0.0
2018-11-09,21.0,21.0,21.0,21.0,0.0,0.0
2018-11-12,21.0,21.0,21.0,21.0,0.0,0.0
2018-11-13,21.0,21.0,21.0,21.0,0.0,0.0
2018-11-14,21.0,21.0,21.0,21.0,0.0,0.0
2018-11-15,21.0,21.0,21.0,21.0,0.0,0.0
2018-11-16,21.0,21.0,21.0,21.0,0.0,0.0
2018-11-19,21.0,21.0,21.0,21.0,0.0,0.0
2018-11-20,21.0,21.0,21.0,21.0,0.0,0.0
2018-11-21,21.0,21.0,21.0,21.0,0.0,0.0
2018-11-22,21.0,21.0,21.0,21.0,0.0,0.0
2018-11-23,21.0,21.0,21.0,21.0,0.0,0.0
2018-11-26,21.0,21.0,21.0,21.0,0.0,0.0
2018-11-27,21.0,21.0,21.0,21.0,0.0,0.0
2018-11-28,21.0,21.0,21.0,21.0,0.0,0.0
2018-11-29,21.0,21.0,21.0,21.0,0.0,0.0
2018-11-30,21.0,21.0,21.0,21.0,0.0,0.0
2018-12-03,21.0,21.0,21.0,21.0,0.0,0.0
2018-12-04,21.0,21.0,21.0,21.0,0.0,0.0
2018-12-05,21.0,21.0,21.0,21.0,0.0,0.0
2018-12-06,21.0,21.0,21.0,21.0,0.0,0.0
2018-12-07,21.0,21.0,21.0,21.0,0.0,0.0
2018-12-10,21.0,21.0,21.0,21.0,0.0,0.0
2018-12-11,21.0,21.0,21.0,21.0,0.0,0.0
2018-12-12,21.0,21.0,21.0,21.0,0.0,0.0
2018-12-13,21.0,21.0,21.0,21.0,0.0,0.0
2018-12-14,21.0,21.0,21.0,21.0,0.0,0.0
2018-12-17,21.0,21.0,21.0,21.0,0.0,0.0
2018-12-18,21.0,21.0,21.0,21.0,0.0,0.0
2018-12-19,21.0,21.0,21.0,21.0,0.0,0.0
2018-12-20,21.0,21.0,21.0,21.0,0.0,0.0
2018-12-21,21.0,21.0,21.0,21.0,0.0,0.0
2018-12-24,21.0,21.0,21.0,21.0,0.0,0.0
2018-12-27,21.0,21.0,21.0,21.0,0.0,0.0
2018-12-28,21.0,21.0,21.0,21.0,0.0,0.0
2018-12-31,21.0,21.0,21.0,21.0,0.0,0.0
2019-01-02,21.0,21.0,21.0,21.0,0.0,0.0
2019-01-03,21.0,21.0,21.0,21.0,0.0,0.0
2019-01-04,21.0,21.0,21.0,21.0,0.0,0.0
2019-01-07,21.0,21.0,21.0,21.0,0.0,0.0
2019-01-08,21.0,21.0,21.0,21.0,0.0,0.0
2019-01-09,21.0,21.0,21.0,21.0,0.0,0.0
2019-01-10,21.0,21.0,21.0,21.0,0.0,0.0
2019-01-11,21.0,21.0,21.0,21.0,0.0,0.0
2019-01-14,21.0,21.0,21.0,21.0,0.0,0.0
2019-01-15,21.0,21.0,21.0,21.0,0.0,0.0
2019-01-16,21.0,21.0,21.0,21.0,0.0,0.0
2019-01-17,21.0,21.0,21.0,21.0,0.0,0.0
2019-01-18,21.0,21.0,21.0,21.0,0.0,0.0
2019-01-21,21.0,21.0,21.0,21.0,0.0,0.0
2019-01-22,21.0,21.0,21.0,21.0,0.0,0.0
2019-01-23,21.0,21.0,21.0,21.0,0.0,0.0
2019-01-24,21.0,21.0,21.0,21.0,0.0,0.0
2019-01-25,21.0,21.0,21.0,21.0,0.0,0.0
2019-01-28,21.0,21.0,21.0,21.0,0.0,0.0
2019-01-29,21.0,21.0,21.0,21.0,0.0,0.0
2019-01-30,21.0,21.0,21.0,21.0,0.0,0.0
2019-01-31,21.0,21.0,21.0,21.0,0.0,0.0
2019-02-01,21.0,21.0,21.0,21.0,0.0,0.0
2019-02-04,21.0,21.0,21.0,21.0,0.0,0.0
2019-02-05,21.0,21.0,21.0,21.0,0.0,0.0
2019-02-06,21.0,21.0,21.0,21.0,0.0,0.0
2019-02-07,21.0,21.0,21.0,21.0,0.0,0.0
2019-02-08,21.0,21.0,21.0,21.0,0.0,0.0
2019-02-11,21.0,21.0,21.0,21.0,0.0,0.0
2019-02-12,21.0,21.0,21.0,21.0,0.0,0.0
2019-02-13,21.0,21.0,21.0,21.0,0.0,0.0
2019-02-14,21.0,21.0,21.0,21.0,0.0,0.0
2019-02-15,21.0,21.0,21.0,21.0,0.0,0.0
2019-02-18,21.0,21.0,21.0,21.0,0.0,0.0
2019-02-19,21.0,21.0,21.0,21.0,0.0,0.0
2019-02-20,21.0,21.0,21.0,21.0,0.0,0.0
2019-02-21,21.0,21.0,21.0,21.0,0.0,0.0
2019-02-22,21.0,21.0,21.0,21.0,0.0,0.0
2019-02-25,21.0,21.0,21.0,21.0,0.0,0.0
2019-02-26,21.0,21.0,21.0,21.0,0.0,0.0
2019-02-27,21.0,21.0,21.0,21.0,0.0,0.0
2019-02-28,21.0,21.0,21.0,21.0,0.0,0.0
2019-03-01,21.0,21.0,21.0,21.0,0.0,0.0
2019-03-04,21.0,21.0,21.0,21.0,0.0,0.0
2019-03-05,21.0,21.0,21.0,21.0,0.0,0.0
2019-03-06,21.0,21.0,21.0,21.0,0.0,0.0
2019-03-07,21.0,21.0,21.0,21.0,0.0,0.0
2019-03-08,21.0,21.0,21.0,21.0,0.0,0.0
2019-03-11,21.0,21.0,21.0,21.0,0.0,0.0
2019-03-12,21.0,21.0,21.0,21.0,0.0,0.0
2019-03-13,21.0,21.0,21.0,21.0,0.0,0.0
2019-03-14,21.0,21.0,21.0,21.0,0.0,0.0
2019-03-15,21.0,21.0,21.0,21.0,0.0,0.0
2019-03-18,21.0,21.0,21.0,21.0,0.0,0.0
2019-03-19,21.0,21.0,21.0,21.0,0.0,0.0
2019-03-20,21.0,21.0,21.0,21.0,0.0,0.0
2019-03-21,21.0,21.0,21.0,21.0,0.0,0.0
2019-03-22,21.0,21.0,21.0,21.0,0.0,0.0
2019-03-25,21.0,21.0,21.0,21.0,0.0,0.0
2019-03-26,21.0,21.0,21.0,21.0,0.0,0.0
2019-03-27,21.0,21.0,21.0,21.0,0.0,0.0
2019-03-28,21.0,21.0,21.0,21.0,0.0,0.0
2019-03-29,21.0,21.0,21.0,21.0,0.0,0.0
2019-04-01,21.0,21.0,21.0,21.0,0.0,0.0
2019-04-02,21.0,21.0,21.0,21.0,0.0,0.0
2019-04-03,21.0,21.0,21.0,21.0,0.0,0.0
2019-04-04,21.0,21.0,21.0,21.0,0.0,0.0
2019-04-05,21.0,21.0,21.0,21.0,0.0,0.0
2019-04-08,21.0,21.0,21.0,21.0,0.0,0.0
2019-04-09,21.0,21.0,21.0,21.0,0.0,0.0
2019-04-10,21.0,21.0,21.0,21.0,0.0,0.0
2019-04-11,21.0,21.0,21.0,21.0,0.0,0.0
2019-04-12,21.0,21.0,21.0,21.0,0.0,0.0
2019-04-15,21.0,21.0,21.0,21.0,0.0,0.0
2019-04-16,21.0,21.0,21.0,21.0,0.0,0.0
2019-04-17,21.0,21.0,21.0,21.0,0.0,0.0
2019-04-18,21.0,21.0,21.0,21.0,0.0,0.0
2019-04-23,21.0,21.0,21.0,21.0,0.0,0.0
2019-04-24,21.0,21.0,21.0,21.0,0.0,0.0
2019-04-25,21.0,21.0,21.0,21.0,0.0,0.0
2019-04-26,21.0,21.0,21.0,21.0,0.0,0.0
2019-04-29,21.0,21.0,21.0,21.0,0.0,0.0
2019-04-30,21.0,21.0,21.0,21.0,0.0,0.0
2019-05-01,21.0,21.0,21.0,21.0,0.0,0.0
2019-05-02,21.0,21.0,21.0,21.0,0.0,0.0
2019-05-03,21.0,21.0,21.0,21.0,0.0,0.0
2019-05-06,21.0,21.0,21.0,21.0,0.0,0.0
2019-05-07,21.0,21.0,21.0,21.0,0.0,0.0
2019-05-08,21.0,21.0,21.0,21.0,0.0,0.0
2019-05-09,21.0,21.0,21.0,21.0,0.0,0.0
2019-05-10,21.0,21.0,21.0,21.0,0.0,0.0
2019-05-13,21.0,21.0,21.0,21.0,0.0,0.0
2019-05-14,21.0,21.0,21.0,21.0,0.0,0.0
2019-05-15,21.0,21.0,21.0,21.0,0.0,0.0
2019-05-16,21.0,21.0,21.0,21.0,0.0,0.0
2019-05-17,21.0,21.0,21.0,21.0,0.0,0.0
2019-05-20,21.0,21.0,21.0,21.0,0.0,0.0
2019-05-21,21.0,21.0,21.0,21.0,0.0,0.0
2019-05-22,21.0,21.0,21.0,21.0,0.0,0.0
2019-05-23,21.0,21.0,21.0,21.0,0.0,0.0
2019-05-24,21.0,21.0,21.0,21.0,0.0,0.0
2019-05-27,21.0,21.0,21.0,21.0,0.0,0.0
2019-05-28,21.0,21.0,21.0,21.0,0.0,0.0
2019-05-29,21.0,21.0,21.0,21.0,0.0,0.0
2019-05-30,21.0,21.0,21.0,21.0,0.0,0.0
2019-05-31,21.0,21.0,21.0,21.0,0.0,0.0
2019-06-03,21.0,21.0,21.0,21.0,0.0,0.0
2019-06-04,21.0,21.0,21.0,21.0,0.0,0.0
2019-06-05,21.0,21.0,21.0,21.0,0.0,0.0
2019-06-06,21.0,21.0,21.0,21.0,0.0,0.0
2019-06-07,21.0,21.0,21.0,21.0,0.0,0.0
2019-06-10,21.0,21.0,21.0,21.0,0.0,0.0
2019-06-11,21.0,21.0,21.0,21.0,0.0,0.0
2019-06-12,21.0,21.0,21.0,21.0,0.0,0.0
2019-06-13,21.0,21.0,21.0,21.0,0.0,0.0
2019-06-14,21.0,21.0,21.0,21.0,0.0,0.0
2019-06-17,21.0,21.0,21.0,21.0,0.0,0.0
2019-06-18,21.0,21.0,21.0,21.0,0.0,0.0
2019-06-19,21.0,21.0,21.0,21.0,0.0,0.0
2019-06-20,21.0,21.0,21.0,21.0,0.0,0.0
2019-06-21,21.0,21.0,21.0,21.0,0.0,0.0
2019-06-24,21.0,21.0,21.0,21.0,0.0,0.0
2019-06-25,21.0,21.0,21.0,21.0,0.0,0.0
2019-06-26,21.0,21.0,21.0,21.0,0.0,0.0
2019-06-27,21.0,21.0,21.0,21.0,0.0,0.0
2019-06-28,21.0,21.0,21.0,21.0,0.0,0.0
2019-07-01,21.0,21.0,21.0,21.0,0.0,0.0
2019-07-02,21.0,21.0,21.0,21.0,0.0,0.0
2019-07-03,21.0,21.0,21.0,21.0,0.0,0.0
2019-07-04,21.0,21.0,21.0,21.0,0.0,0.0
2019-07-05,21.0,21.0,21.0,21.0,0.0,0.0
2019-07-08,21.0,21.0,21.0,21.0,0.0,0.0
2019-07-09,21.0,21.0,21.0,21.0,0.0,0.0
2019-07-10,21.0,21.0,21.0,21.0,0.0,0.0
2019-07-11,21.0,21.0,21.0,21.0,0.0,0.0
2019-07-12,21.0,21.0,21.0,21.0,0.0,0.0
2019-07-15,21.0,21.0,21.0,21.0,0.0,0.0
2019-07-16,21.0,21.0,21.0,21.0,0.0,0.0
2019-07-17,21.0,21.0,21.0,21.0,0.0,0.0
2019-07-18,21.0,21.0,21.0,21.0,0.0,0.0
2019-07-19,21.0,21.0,21.0,21.0,0.0,0.0
2019-07-22,21.0,21.0,21.0,21.0,0.0,0.0
2019-07-23,21.0,21.0,21.0,21.0,0.0,0.0
2019-07-24,21.0,21.0,21.0,21.0,0.0,0.0
2019-07-25,21.0,21.0,21.0,21.0,0.0,0.0
2019-07-26,21.0,21.0,21.0,21.0,0.0,0.0
2019-07-29,21.0,21.0,21.0,21.0,0.0,0.0
2019-07-30,21.0,21.0,21.0,21.0,0.0,0.0
2019-07-31,21.0,21.0,21.0,21.0,0.0,0.0
2019-08-01,21.0,21.0,21.0,21.0,0.0,0.0
2019-08-02,21.0,21.0,21.0,21.0,0.0,0.0
2019-08-05,21.0,21.0,21.0,21.0,0.0,0.0
2019-08-06,21.0,21.0,21.0,21.0,0.0,0.0
2019-08-07,21.0,21.0,21.0,21.0,0.0,0.0
2019-08-08,21.0,21.0,21.0,21.0,0.0,0.0
2019-08-09,21.0,21.0,21.0,21.0,0.0,0.0
2019-08-12,21.0,21.0,21.0,21.0,0.0,0.0
2019-08-13,21.0,21.0,21.0,21.0,0.0,0.0
2019-08-14,21.0,21.0,21.0,21.0,0.0,0.0
2019-08-15,21.0,21.0,21.0,21.0,0.0,0.0
2019-08-16,21.0,21.0,21.0,21.0,0.0,0.0
2019-08-19,21.0,21.0,21.0,21.0,0.0,0.0
2019-08-20,21.0,21.0,21.0,21.0,0.0,0.0
2019-08-21,21.0,21.0,21.0,21.0,0.0,0.0
2019-08-22,21.0,21.0,21.0,21.0,0.0,0.0
2019-08-23,21.0,21.0,21.0,21.0,0.0,0.0
2019-08-26,21.0,21.0,21.0,21.0,0.0,0.0
2019-08-27,21.0,21.0,21.0,21.0,0.0,0.0
2019-08-28,21.0,21.0,21.0,21.0,0.0,0.0
2019-08-29,21.0,21.0,21.0,21.0,0.0,0.0
2019-08-30,21.0,21.0,21.0,21.0,0.0,0.0
2019-09-02,21.0,21.0,21.0,21.0,0.0,0.0
2019-09-03,21.0,21.0,21.0,21.0,0.0,0.0
2019-09-04,21.0,21.0,21.0,21.0,0.0,0.0
2019-09-05,21.0,21.0,21.0,21.0,0.0,0.0
2019-09-06,21.0,21.0,21.0,21.0,0.0,0.0
2019-09-09,21.0,21.0,21.0,21.0,0.0,0.0
2019-09-10,21.0,21.0,21.0,21.0,0.0,0.0
2019-09-11,21.0,21.0,21.0,21.0,0.0,0.0
2019-09-12,21.0,21.0,21.0,21.0,0.0,0.0
2019-09-13,21.0,21.0,21.0,21.0,0.0,0.0
2019-09-16,21.0,21.0,21.0,21.0,0.0,0.0
2019-09-17,21.0,21.0,21.0,21.0,0.0,0.0
2019-09-18,21.0,21.0,21.0,21.0,0.0,0.0
2019-09-19,21.0,21.0,21.0,21.0,0.0,0.0
2019-09-20,21.0,21.0,21.0,21.0,0.0,0.0
2019-09-23,21.0,21.0,21.0,21.0,0.0,0.0
2019-09-24,21.0,21.0,21.0,21.0,0.0,0.0
2019-09-25,21.0,21.0,21.0,21.0,0.0,0.0
2019-09-26,21.0,21.0,21.0,21.0,0.0,0.0
2019-09-27,21.0,21.0,21.0,21.0,0.0,0.0
2019-09-30,21.0,21.0,21.0,21.0,0.0,0.0
2019-10-01,21.0,21.0,21.0,21.0,0.0,0.0
2019-10-02,21.0,21.0,21.0,21.0,0.0,0.0
2019-10-03,21.0,21.0,21.0,21.0,0.0,0.0
2019-10-04,21.0,21.0,21.0,21.0,0.0,0.0
2019-10-07,21.0,21.0,21.0,21.0,0.0,0.0
2019-10-08,21.0,21.0,21.0,21.0,0.0,0.0
2019-10-09,21.0,21.0,21.0,21.0,0.0,0.0
2019-10-10,21.0,21.0,21.0,21.0,0.0,0.0
2019-10-11,21.0,21.0,21.0,21.0,0.0,0.0
2019-10-14,21.0,21.0,21.0,21.0,0.0,0.0
2019-10-15,21.0,21.0,21.0,21.0,0.0,0.0
2019-10-16,21.0,21.0,21.0,21.0,0.0,0.0
2019-10-17,21.0,21.0,21.0,21.0,0.0,0.0
2019-10-18,21.0,21.0,21.0,21.0,0.0,0.0
2019-10-21,21.0,21.0,21.0,21.0,0.0,0.0
2019-10-22,21.0,21.0,21.0,21.0,0.0,0.0
2019-10-23,21.0,21.0,21.0,21.0,0.0,0.0
2019-10-24,21.0,21.0,21.0,21.0,0.0,0.0
2019-10-25,21.0,21.0,21.0,21.0,0.0,0.0
2019-10-28,21.0,21.0,21.0,21.0,0.0,0.0
2019-10-29,21.0,21.0,21.0,21.0,0.0,0.0
2019-10-30,21.0,21.0,21.0,21.0,0.0,0.0
2019-10-31,21.0,21.0,21.0,21.0,0.0,0.0
2019-11-01,21.0,21.0,21.0,21.0,0.0,0.0
2019-11-04,21.0,21.0,21.0,21.0,0.0,0.0
2019-11-05,21.0,21.0,21.0,21.0,0.0,0.0
2019-11-06,21.0,21.0,21.0,21.0,0.0,0.0
2019-11-07,21.0,21.0,21.0,21.0,0.0,0.0
2019-11-08,21.0,21.0,21.0,21.0,0.0,0.0
2019-11-11,21.0,21.0,21.0,21.0,0.0,0.0
2019-11-12,21.0,21.0,21.0,21.0,0.0,0.0
2019-11-13,21.0,21.0,21.0,21.0,0.0,0.0
2019-11-14,21.0,21.0,21.0,21.0,0.0,0.0
2019-11-15,21.0,21.0,21.0,21.0,0.0,0.0
2019-11-18,21.0,21.0,21.0,21.0,0.0,0.0
2019-11-19,21.0,21.0,21.0,21.0,0.0,0.0
2019-11-20,21.0,21.0,21.0,21.0,0.0,0.0
2019-11-21,21.0,21.0,21.0,21.0,0.0,0.0
2019-11-22,21.0,21.0,21.0,21.0,0.0,0.0
2019-11-25,21.0,21.0,21.0,21.0,0.0,0.0
2019-11-26,21.0,21.0,21.0,21.0,0.0,0.0
2019-11-27,21.0,21.0,21.0,21.0,0.0,0.0
2019-11-28,21.0,21.0,21.0,21.0,0.0,0.0
2019-11-29,21.0,21.0,21.0,21.0,0.0,0.0
2019-12-02,21.0,21.0,21.0,21.0,0.0,0.0
2019-12-03,21.0,21.0,21.0,21.0,0.0,0.0
2019-12-04,21.0,21.0,21.0,21.0,0.0,0.0
2019-12-05,21.0,21.0,21.0,21.0,0.0,0.0
2019-12-06,21.0,21.0,21.0,21.0,0.0,0.0
2019-12-09,21.0,21.0,21.0,21.0,0.0,0.0
2019-12-10,21.0,21.0,21.0,21.0,0.0,0.0
2019-12-11,21.0,21.0,21.0,21.0,0.0,0.0
2019-12-12,21.0,21.0,21.0,21.0,0.0,0.0
2019-12-13,21.0,21.0,21.0,21.0,0.0,0.0
2019-12-16,21.0,21.0,21.0,21.0,0.0,0.0
2019-12-17,21.0,21.0,21.0,21.0,0.0,0.0
2019-12-18,21.0,21.0,21.0,21.0,0.0,0.0
2019-12-19,21.0,21.0,21.0,21.0,0.0,0.0
2019-12-20,21.0,21.0,21.0,21.0,0.0,0.0
2019-12-23,21.0,21.0,21.0,21.0,0.0,0.0
2019-12-24,21.0,21.0,21.0,21.0,0.0,0.0
2019-12-27,21.0,21.0,21.0,21.0,0.0,0.0
2019-12-30,21.0,21.0,21.0,21.0,0.0,0.0
2019-12-31,21.0,21.0,21.0,21.0,0.0,0.0
2020-01-02,21.0,21.0,21.0,21.0,0.0,0.0
2020-01-03,21.0,21.0,21.0,21.0,0.0,0.0
2020-01-06,21.0,21.0,21.0,21.0,0.0,0.0
2020-01-07,21.0,21.0,21.0,21.0,0.0,0.0
2020-01-08,21.0,21.0,21.0,21.0,0.0,0.0
2020-01-09,21.0,21.0,21.0,21.0,0.0,0.0
2020-01-10,21.0,21.0,21.0,21.0,0.0,0.0
2020-01-13,21.0,21.0,21.0,21.0,0.0,0.0
2020-01-14,21.0,21.0,21.0,21.0,0.0,0.0
2020-01-15,21.0,21.0,21.0,21.0,0.0,0.0
2020-01-16,21.0,21.0,21.0,21.0,0.0,0.0
2020-01-17,21.0,21.0,21.0,21.0,0.0,0.0
2020-01-20,21.0,21.0,21.0,21.0,0.0,0.0
2020-01-21,21.0,21.0,21.0,21.0,0.0,0.0
2020-01-22,21.0,21.0,21.0,21.0,0.0,0.0
2020-01-23,21.0,21.0,21.0,21.0,0.0,0.0
2020-01-24,21.0,21.0,21.0,21.0,0.0,0.0
2020-01-27,21.0,21.0,21.0,21.0,0.0,0.0
2020-01-28,21.0,21.0,21.0,21.0,0.0,0.0
2020-01-29,21.0,21.0,21.0,21.0,0.0,0.0
2020-01-30,21.0,21.0,21.0,21.0,0.0,0.0
2020-01-31,21.0,21.0,21.0,21.0,0.0,0.0
2020-02-03,21.0,21.0,21.0,21.0,0.0,0.0
2020-02-04,21.0,21.0,21.0,21.0,0.0,0.0
2020-02-05,21.0,21.0,21.0,21.0,0.0,0.0
2020-02-06,21.0,21.0,21.0,21.0,0.0,0.0
2020-02-07,21.0,21.0,21.0,21.0,0.0,0.0
2020-02-10,21.0,21.0,21.0,21.0,0.0,0.0
2020-02-11,21.0,21.0,21.0,21.0,0.0,0.0
2020-02-12,21.0,21.0,21.0,21.0,0.0,0.0
2020-02-13,21.0,21.0,21.0,21.0,0.0,0.0
2020-02-14,21.0,21.0,21.0,21.0,0.0,0.0
2020-02-17,21.0,21.0,21.0,21.0,0.0,0.0
2020-02-18,21.0,21.0,21.0,21.0,0.0,0.0
2020-02-19,21.0,21.0,21.0,21.0,0.0,0.0
2020-02-20,21.0,21.0,21.0,21.0,0.0,0.0
2020-02-21,21.0,21.0,21.0,21.0,0.0,0.0
2020-02-24,21.0,21.0,21.0,21.0,0.0,0.0
2020-02-25,21.0,21.0,21.0,21.0,0.0,0.0
2020-02-26,21.0,21.0,21.0,21.0,0.0,0.0
2020-02-27,21.0,21.0,21.0,21.0,0.0,0.0
2020-02-28,21.0,21.0,21.0,21.0,0.0,0.0
2020-03-02,21.0,21.0,21.0,21.0,0.0,0.0
2020-03-03,21.0,21.0,21.0,21.0,0.0,0.0
2020-03-04,21.0,21.0,21.0,21.0,0.0,0.0
2020-03-05,21.0,21.0,21.0,21.0,0.0,0.0
2020-03-06,21.0,21.0,21.0,21.0,0.0,0.0
2020-03-09,21.0,21.0,21.0,21.0,0.0,0.0
2020-03-10,21.0,21.0,21.0,21.0,0.0,0.0
2020-03-11,21.0,21.0,21.0,21.0,0.0,0.0
2020-03-12,21.0,21.0,21.0,21.0,0.0,0.0
2020-03-13,21.0,21.0,21.0,21.0,0.0,0.0
2020-03-16,21.0,21.0,21.0,21.0,0.0,0.0
2020-03-17,21.0,21.0,21.0,21.0,0.0,0.0
2020-03-18,21.0,21.0,21.0,21.0,0.0,0.0
2020-03-19,21.0,21.0,21.0,21.0,0.0,0.0
2020-03-20,21.0,21.0,21.0,21.0,0.0,0.0
2020-03-23,21.0,21.0,21.0,21.0,0.0,0.0
2020-03-24,21.0,21.0,21.0,21.0,0.0,0.0
2020-03-25,21.0,21.0,21.0,21.0,0.0,0.0
2020-03-26,21.0,21.0,21.0,21.0,0.0,0.0
2020-03-27,21.0,21.0,21.0,21.0,0.0,0.0
2020-03-30,21.0,21.0,21.0,21.0,0.0,0.0
2020-03-31,21.0,21.0,21.0,21.0,0.0,0.0
2020-04-01,21.0,21.0,21.0,21.0,0.0,0.0
2020-04-02,21.0,21.0,21.0,21.0,0.0,0.0
2020-04-03,21.0,21.0,21.0,21.0,0.0,0.0
2020-04-06,21.0,21.0,21.0,21.0,0.0,0.0
2020-04-07,21.0,21.0,21.0,21.0,0.0,0.0
2020-04-08,21.0,21.0,21.0,21.0,0.0,0.0
2020-04-09,21.0,21.0,21.0,21.0,0.0,0.0
2020-04-14,21.0,21.0,21.0,21.0,0.0,0.0
2020-04-15,21.0,21.0,21.0,21.0,0.0,0.0
2020-04-16,21.0,21.0,21.0,21.0,0.0,0.0
2020-04-17,21.0,21.0,21.0,21.0,0.0,0.0
2020-04-20,21.0,21.0,21.0,21.0,0.0,0.0
2020-04-21,21.0,21.0,21.0,21.0,0.0,0.0
2020-04-22,21.0,21.0,21.0,21.0,0.0,0.0
2020-04-23,21.0,21.0,21.0,21.0,0.0,0.0
2020-04-24,21.0,21.0,21.0,21.0,0.0,0.0
2020-04-27,21.0,21.0,21.0,21.0,0.0,0.0
2020-04-28,21.0,21.0,21.0,21.0,0.0,0.0
2020-04-29,21.0,21.0,21.0,21.0,0.0,0.0
2020-04-30,21.0,21.0,21.0,21.0,0.0,0.0
2020-05-01,21.0,21.0,21.0,21.0,0.0,0.0
2020-05-04,21.0,21.0,21.0,21.0,0.0,0.0
2020-05-05,21.0,21.0,21.0,21.0,0.0,0.0
2020-05-06,21.0,21.0,21.0,21.0,0.0,0.0
2020-05-07,21.0,21.0,21.0,21.0,0.0,0.0
2020-05-08,21.0,21.0,21.0,21.0,0.0,0.0
2020-05-11,21.0,21.0,21.0,21.0,0.0,0.0
2020-05-12,21.0,21.0,21.0,21.0,0.0,0.0
2020-05-13,21.0,21.0,21.0,21.0,0.0,0.0
2020-05-14,21.0,21.0,21.0,21.0,0.0,0.0
2020-05-15,21.0,21.0,21.0,21.0,0.0,0.0
2020-05-18,21.0,21.0,21.0,21.0,0.0,0.0
2020-05-19,21.0,21.0,21.0,21.0,0.0,0.0
2020-05-20,21.0,21.0,21.0,21.0,0.0,0.0
2020-05-21,21.0,21.0,21.0,21.0,0.0,0.0
2020-05-22,21.0,21.0,21.0,21.0,0.0,0.0
2020-05-25,21.0,21.0,21.0,21.0,0.0,0.0
2020-05-26,21.0,21.0,21.0,21.0,0.0,0.0
2020-05-27,21.0,21.0,21.0,21.0,0.0,0.0
2020-05-28,21.0,21.0,21.0,21.0,0.0,0.0
2020-05-29,21.0,21.0,21.0,21.0,0.0,0.0
2020-06-01,21.0,21.0,21.0,21.0,0.0,0.0
2020-06-02,21.0,21.0,21.0,21.0,0.0,0.0
2020-06-03,21.0,21.0,21.0,21.0,0.0,0.0
2020-06-04,21.0,21.0,21.0,21.0,0.0,0.0
2020-06-05,21.0,21.0,21.0,21.0,0.0,0.0
2020-06-08,21.0,21.0,21.0,21.0,0.0,0.0
2020-06-09,21.0,21.0,21.0,21.0,0.0,0.0
2020-06-10,21.0,21.0,21.0,21.0,0.0,0.0
2020-06-11,21.0,21.0,21.0,21.0,0.0,0.0
2020-06-12,21.0,21.0,21.0,21.0,0.0,0.0
2020-06-15,21.0,21.0,21.0,21.0,0.0,0.0
2020-06-16,21.0,21.0,21.0,21.0,0.0,0.0
2020-06-17,21.0,21.0,21.0,21.0,0.0,0.0
2020-06-18,21.0,21.0,21.0,21.0,0.0,0.0
2020-06-19,21.0,21.0,21.0,21.0,0.0,0.0
2020-06-22,21.0,21.0,21.0,21.0,0.0,0.0
2020-06-23,21.0,21.0,21.0,21.0,0.0,0.0
2020-06-24,21.0,21.0,21.0,21.0,0.0,0.0
2020-06-25,21.0,21.0,21.0,21.0,0.0,0.0
2020-06-26,21.0,21.0,21.0,21.0,0.0,0.0
2020-06-29,21.0,21.0,21.0,21.0,0.0,0.0
2020-06-30,21.0,21.0,21.0,21.0,0.0,0.0
2020-07-01,21.0,21.0,21.0,21.0,0.0,0.0
2020-07-02,21.0,21.0,21.0,21.0,0.0,0.0
2020-07-03,21.0,21.0,21.0,21.0,0.0,0.0
2020-07-06,21.0,21.0,21.0,21.0,0.0,0.0
2020-07-07,21.0,21.0,21.0,21.0,0.0,0.0
2020-07-08,21.0,21.0,21.0,21.0,0.0,0.0
2020-07-09,21.0,21.0,21.0,21.0,0.0,0.0
2020-07-10,21.0,21.0,21.0,21.0,0.0,0.0
2020-07-13,21.0,21.0,21.0,21.0,0.0,0.0
2020-07-14,21.0,21.0,21.0,21.0,0.0,0.0
2020-07-15,21.0,21.0,21.0,21.0,0.0,0.0
2020-07-16,21.0,21.0,21.0,21.0,0.0,0.0
2020-07-17,21.0,21.0,21.0,21.0,0.0,0.0
2020-07-20,21.0,21.0,21.0,21.0,0.0,0.0
2020-07-21,21.0,21.0,21.0,21.0,0.0,0.0
2020-07-22,21.0,21.0,21.0,21.0,0.0,0.0
2020-07-23,21.0,21.0,21.0,21.0,0.0,0.0
2020-07-24,21.0,21.0,21.0,21.0,0.0,0.0
2020-07-27,21.0,21.0,21.0,21.0,0.0,0.0
2020-07-28,21.0,21.0,21.0,21.0,0.0,0.0
2020-07-29,21.0,21.0,21.0,21.0,0.0,0.0
2020-07-30,21.0,21.0,21.0,21.0,0.0,0.0
2020-07-31,21.0,21.0,21.0,21.0,0.0,0.0
2020-08-03,21.0,21.0,21.0,21.0,0.0,0.0
2020-08-04,21.0,21.0,21.0,21.0,0.0,0.0
2020-08-05,21.0,21.0,21.0,21.0,0.0,0.0
2020-08-06,21.0,21.0,21.0,21.0,0.0,0.0
2020-08-07,21.0,21.0,21.0,21.0,0.0,0.0
2020-08-10,21.0,21.0,21.0,21.0,0.0,0.0
2020-08-11,21.0,21.0,21.0,21.0,0.0,0.0
2020-08-12,21.0,21.0,21.0,21.0,0.0,0.0
2020-08-13,21.0,21.0,21.0,21.0,0.0,0.0
2020-08-14,21.0,21.0,21.0,21.0,0.0,0.0
2020-08-17,21.0,21.0,21.0,21.0,0.0,0.0
2020-08-18,21.0,21.0,21.0,21.0,0.0,0.0
2020-08-19,21.0,21.0,21.0,21.0,0.0,0.0
2020-08-20,21.0,21.0,21.0,21.0,0.0,0.0
2020-08-21,21.0,21.0,21.0,21.0,0.0,0.0
2020-08-24,21.0,21.0,21.0,21.0,0.0,0.0
2020-08-25,21.0,21.0,21.0,21.0,0.0,0.0
2020-08-26,21.0,21.0,21.0,21.0,0.0,0.0
2020-08-27,21.0,21.0,21.0,21.0,0.0,0.0
2020-08-28,21.0,21.0,21.0,21.0,0.0,0.0
2020-08-31,21.0,21.0,21.0,21.0,0.0,0.0
2020-09-01,21.0,21.0,21.0,21.0,0.0,0.0
2020-09-02,21.0,21.0,21.0,21.0,0.0,0.0
2020-09-03,21.0,21.0,21.0,21.0,0.0,0.0
2020-09-04,21.0,21.0,21.0,21.0,0.0,0.0
2020-09-07,21.0,21.0,21.0,21.0,0.0,0.0
2020-09-08,21.0,21.0,21.0,21.0,0.0,0.0
2020-09-09,21.0,21.0,21.0,21.0,0.0,0.0
2020-09-10,21.0,21.0,21.0,21.0,0.0,0.0
2020-09-11,21.0,21.0,21.0,21.0,0.0,0.0
2020-09-14,21.0,21.0,21.0,21.0,0.0,0.0
2020-09-15,21.0,21.0,21.0,21.0,0.0,0.0
2020-09-16,21.0,21.0,21.0,21.0,0.0,0.0
2020-09-17,21.0,21.0,21.0,21.0,0.0,0.0
2020-09-18,21.0,21.0,21.0,21.0,0.0,0.0
2020-09-21,21.0,21.0,21.0,21.0,0.0,0.0
2020-09-22,21.0,21.0,21.0,21.0,0.0,0.0
2020-09-23,21.0,21.0,21.0,21.0,0.0,0.0
2020-09-24,21.0,21.0,21.0,21.0,0.0,0.0
2020-09-25,21.0,21.0,21.0,21.0,0.0,0.0
2020-09-28,21.0,21.0,21.0,21.0,0.0,0.0
2020-09-29,21.0,21.0,21.0,21.0,0.0,0.0
2020-09-30,21.0,21.0,21.0,21.0,0.0,0.0
2020-10-01,21.0,21.0,21.0,21.0,0.0,0.0
2020-10-02,21.0,21.0,21.0,21.0,0.0,0.0
2020-10-05,21.0,21.0,21.0,21.0,0.0,0.0
2020-10-06,21.0,21.0,21.0,21.0,0.0,0.0
2020-10-07,21.0,21.0,21.0,21.0,0.0,0.0
2020-10-08,21.0,21.0,21.0,21.0,0.0,0.0
2020-10-09,21.0,21.0,21.0,21.0,0.0,0.0
2020-10-12,21.0,21.0,21.0,21.0,0.0,0.0
2020-10-13,21.0,21.0,21.0,21.0,0.0,0.0
2020-10-14,21.0,21.0,21.0,21.0,0.0,0.0
2020-10-15,21.0,21.0,21.0,21.0,0.0,0.0
2020-10-16,21.0,21.0,21.0,21.0,0.0,0.0
2020-10-19,21.0,21.0,21.0,21.0,0.0,0.0
2020-10-20,21.0,21.0,21.0,21.0,0.0,0.0
2020-10-21,21.0,21.0,21.0,21.0,0.0,0.0
2020-10-22,21.0,21.0,21.0,21.0,0.0,0.0
2020-10-23,21.0,21.0,21.0,21.0,0.0,0.0
2020-10-26,21.0,21.0,21.0,21.0,0.0,0.0
2020-10-27,21.0,21.0,21.0,21.0,0.0,0.0
2020-10-28,21.0,21.0,21.0,21.0,0.0,0.0
2020-10-29,21.0,21.0,21.0,21.0,0.0,0.0
2020-10-30,21.0,21.0,21.0,21.0,0.0,0.0
2020-11-02,21.0,21.0,21.0,21.0,0.0,0.0
2020-11-03,21.0,21.0,21.0,21.0,0.0,0.0
2020-11-04,21.0,21.0,21.0,21.0,0.0,0.0
2020-11-05,21.0,21.0,21.0,21.0,0.0,0.0
2020-11-06,21.0,21.0,21.0,21.0,0.0,0.0
2020-11-09,21.0,21.0,21.0,21.0,0.0,0.0
2020-11-10,21.0,21.0,21.0,21.0,0.0,0.0
2020-11-11,21.0,21.0,21.0,21.0,0.0,0.0
2020-11-12,21.0,21.0,21.0,21.0,0.0,0.0
2020-11-13,21.0,21.0,21.0,21.0,0.0,0.0
2020-11-16,21.0,21.0,21.0,21.0,0.0,0.0
2020-11-17,21.0,21.0,21.0,21.0,0.0,0.0
2020-11-18,21.0,21.0,21.0,21.0,0.0,0.0
2020-11-19,21.0,21.0,21.0,21.0,0.0,0.0
2020-11-20,21.0,21.0,21.0,21.0,0.0,0.0
2020-11-23,21.0,21.0,21.0,21.0,0.0,0.0
2020-11-24,21.0,21.0,21.0,21.0,0.0,0.0
2020-11-25,21.0,21.0,21.0,21.0,0.0,0.0
2020-11-26,21.0,21.0,21.0,21.0,0.0,0.0
2020-11-27,21.0,21.0,21.0,21.0,0.0,0.0
2020-11-30,21.0,21.0,21.0,21.0,0.0,0.0
2020-12-01,21.0,21.0,21.0,21.0,0.0,0.0
2020-12-02,21.0,21.0,21.0,21.0,0.0,0.0
2020-12-03,21.0,21.0,21.0,21.0,0.0,0.0
2020-12-04,21.0,21.0,21.0,21.0,0.0,0.0
2020-12-07,21.0,21.0,21.0,21.0,0.0,0.0
2020-12-08,21.0,21.0,21.0,21.0,0.0,0.0
2020-12-09,21.0,21.0,21.0,21.0,0.0,0.0
2020-12-10,21.0,21.0,21.0,21.0,0.0,0.0
2020-12-11,21.0,21.0,21.0,21.0,0.0,0.0
2020-12-14,21.0,21.0,21.0,21.0,0.0,0.0
2020-12-15,21.0,21.0,21.0,21.0,0.0,0.0
2020-12-16,21.0,21.0,21.0,21.0,0.0,0.0
2020-12-17,21.0,21.0,21.0,21.0,0.0,0.0
2020-12-18,21.0,21.0,21.0,21.0,0.0,0.0
2020-12-21,21.0,21.0,21.0,21.0,0.0,0.0
2020-12-22,21.0,21.0,21.0,21.0,0.0,0.0
2020-12-23,21.0,21.0,21.0,21.0,0.0,0.0
2020-12-24,21.0,21.0,21.0,21.0,0.0,0.0
2020-12-28,21.0,21.0,21.0,21.0,0.0,0.0
2020-12-29,21.0,21.0,21.0,21.0,0.0,0.0
2020-12-30,21.0,21.0,21.0,21.0,0.0,0.0
2020-12-31,21.0,21.0,21.0,21.0,0.0,0.0
2021-01-04,21.0,21.0,21.0,21.0,0.0,0.0
2021-01-05,21.0,21.0,21.0,21.0,0.0,0.0
2021-01-06,21.0,21.0,21.0,21.0,0.0,0.0
2021-01-07,21.0,21.0,21.0,21.0,0.0,0.0
2021-01-08,21.0,21.0,21.0,21.0,0.0,0.0
2021-01-11,21.0,21.0,21.0,21.0,0.0,0.0
2021-01-12,21.0,21.0,21.0,21.0,0.0,0.0
2021-01-13,21.0,21.0,21.0,21.0,0.0,0.0
2021-01-14,21.0,21.0,21.0,21.0,0.0,0.0
2021-01-15,21.0,21.0,21.0,21.0,0.0,0.0
2021-01-18,21.0,21.0,21.0,21.0,0.0,0.0
2021-01-19,21.0,21.0,21.0,21.0,0.0,0.0
2021-01-20,21.0,21.0,21.0,21.0,0.0,0.0
2021-01-21,21.0,21.0,21.0,21.0,0.0,0.0
2021-01-22,21.0,21.0,21.0,21.0,0.0,0.0
2021-01-25,21.0,21.0,21.0,21.0,0.0,0.0
2021-01-26,21.0,21.0,21.0,21.0,0.0,0.0
2021-01-27,21.0,21.0,21.0,21.0,0.0,0.0
2021-01-28,21.0,21.0,21.0,21.0,0.0,0.0
2021-01-29,21.0,21.0,21.0,21.0,0.0,0.0
2021-02-01,21.0,21.0,21.0,21.0,0.0,0.0
2021-02-02,21.0,21.0,21.0,21.0,0.0,0.0
2021-02-03,21.0,21.0,21.0,21.0,0.0,0.0
2021-02-04,21.0,21.0,21.0,21.0,0.0,0.0
2021-02-05,21.0,21.0,21.0,21.0,0.0,0.0
2021-02-08,21.0,21.0,21.0,21.0,0.0,0.0
2021-02-09,21.0,21.0,21.0,21.0,0.0,0.0
2021-02-10,21.0,21.0,21.0,21.0,0.0,0.0
2021-02-11,21.0,21.0,21.0,21.0,0.0,0.0
2021-02-12,21.0,21.0,21.0,21.0,0.0,0.0
2021-02-15,21.0,21.0,21.0,21.0,0.0,0.0
2021-02-16,21.0,21.0,21.0,21.0,0.0,0.0
2021-02-17,21.0,21.0,21.0,21.0,0.0,0.0
2021-02-18,21.0,21.0,21.0,21.0,0.0,0.0
2021-02-19,21.0,21.0,21.0,21.0,0.0,0.0
2021-02-22,21.0,21.0,21.0,21.0,0.0,0.0
2021-02-23,21.0,21.0,21.0,21.0,0.0,0.0
2021-02-24,21.0,21.0,21.0,21.0,0.0,0.0
2021-02-25,21.0,21.0,21.0,21.0,0.0,0.0
2021-02-26,21.0,21.0,21.0,21.0,0.0,0.0
2021-03-01,21.0,21.0,21.0,21.0,0.0,0.0
2021-03-02,21.0,21.0,21.0,21.0,0.0,0.0
2021-03-03,21.0,21.0,21.0,21.0,0.0,0.0
2021-03-04,21.0,21.0,21.0,21.0,0.0,0.0
2021-03-05,21.0,21.0,21.0,21.0,0.0,0.0
2021-03-08,21.0,21.0,21.0,21.0,0.0,0.0
2021-03-09,21.0,21.0,21.0,21.0,0.0,0.0
2021-03-10,21.0,21.0,21.0,21.0,0.0,0.0
2021-03-11,21.0,21.0,21.0,21.0,0.0,0.0
2021-03-12,21.0,21.0,21.0,21.0,0.0,0.0
2021-03-15,21.0,21.0,21.0,21.0,0.0,0.0
2021-03-16,21.0,21.0,21.0,21.0,0.0,0.0
2021-03-17,21.0,21.0,21.0,21.0,0.0,0.0
2021-03-18,21.0,21.0,21.0,21.0,0.0,0.0
2021-03-19,21.0,21.0,21.0,21.0,0.0,0.0
2021-03-22,21.0,21.0,21.0,21.0,0.0,0.0
2021-03-23,21.0,21.0,21.0,21.0,0.0,0.0
2021-03-24,21.0,21.0,21.0,21.0,0.0,0.0
2021-03-25,21.0,21.0,21.0,21.0,0.0,0.0
2021-03-26,21.0,21.0,21.0,21.0,0.0,0.0
2021-03-29,21.0,21.0,21.0,21.0,0.0,0.0
2021-03-30,21.0,21.0,21.0,21.0,0.0,0.0
2021-03-31,21.0,21.0,21.0,21.0,0.0,0.0
2021-04-01,21.0,21.0,21.0,21.0,0.0,0.0
2021-04-06,21.0,21.0,21.0,21.0,0.0,0.0
2021-04-07,21.0,21.0,21.0,21.0,0.0,0.0
2021-04-08,21.0,21.0,21.0,21.0,0.0,0.0
2021-04-09,21.0,21.0,21.0,21.0,0.0,0.0
2021-04-12,21.0,21.0,21.0,21.0,0.0,0.0
2021-04-13,21.0,21.0,21.0,21.0,0.0,0.0
2021-04-14,21.0,21.0,21.0,21.0,0.0,0.0
2021-04-15,21.0,21.0,21.0,21.0,0.0,0.0
2021-04-16,21.0,21.0,21.0,21.0,0.0,0.0
2021-04-19,21.0,21.0,21.0,21.0,0.0,0.0
2021-04-20,21.0,21.0,21.0,21.0,0.0,0.0
2021-04-21,21.0,21.0,21.0,21.0,0.0,0.0
2021-04-22,21.0,21.0,21.0,21.0,0.0,0.0
2021-04-23,21.0,21.0,21.0,21.0,0.0,0.0
2021-04-26,21.0,21.0,21.0,21.0,0.0,0.0
2021-04-27,21.0,21.0,21.0,21.0,0.0,0.0
2021-04-28,21.0,21.0,21.0,21.0,0.0,0.0
2021-04-29,21.0,21.0,21.0,21.0,0.0,0.0
2021-04-30,21.0,21.0,21.0,21.0,0.0,0.0
2021-05-03,21.0,21.0,21.0,21.0,0.0,0.0
2021-05-04,21.0,21.0,21.0,21.0,0.0,0.0
2021-05-05,21.0,21.0,21.0,21.0,0.0,0.0
2021-05-06,21.0,21.0,21.0,21.0,0.0,0.0
2021-05-07,21.0,21.0,21.0,21.0,0.0,0.0
2021-05-10,21.0,21.0,21.0,21.0,0.0,0.0
2021-05-11,21.0,21.0,21.0,21.0,0.0,0.0
2021-05-12,21.0,21.0,21.0,21.0,0.0,0.0
2021-05-13,21.0,21.0,21.0,21.0,0.0,0.0
2021-05-14,21.0,21.0,21.0,21.0,0.0,0.0
2021-05-17,21.0,21.0,21.0,21.0,0.0,0.0
2021-05-18,21.0,21.0,21.0,21.0,0.0,0.0
2021-05-19,21.0,21.0,21.0,21.0,0.0,0.0
2021-05-20,21.0,21.0,21.0,21.0,0.0,0.0
2021-05-21,21.0,21.0,21.0,21.0,0.0,0.0
2021-05-24,21.0,21.0,21.0,21.0,0.0,0.0
2021-05-25,21.0,21.0,21.0,21.0,0.0,0.0
2021-05-26,21.0,21.0,21.0,21.0,0.0,0.0
2021-05-27,21.0,21.0,21.0,21.0,0.0,0.0
2021-05-28,21.0,21.0,21.0,21.0,0.0,0.0
2021-05-31,21.0,21.0,21.0,21.0,0.0,0.0
2021-06-01,21.0,21.0,21.0,21.0,0.0,0.0
2021-06-02,21.0,21.0,21.0,21.0,0.0,0.0
2021-06-03,21.0,21.0,21.0,21.0,0.0,0.0
2021-06-04,21.0,21.0,21.0,21.0,0.0,0.0
2021-06-07,21.0,21.0,21.0,21.0,0.0,0.0
2021-06-08,21.0,21.0,21.0,21.0,0.0,0.0
2021-06-09,21.0,21.0,21.0,21.0,0.0,0.0
2021-06-10,21.0,21.0,21.0,21.0,0.0,0.0
2021-06-11,21.0,21.0,21.0,21.0,0.0,0.0
2021-06-14,21.0,21.0,21.0,21.0,0.0,0.0
2021-06-15,21.0,21.0,21.0,21.0,0.0,0.0
2021-06-16,21.0,21.0,21.0,21.0,0.0,0.0
2021-06-17,21.0,21.0,21.0,21.0,0.0,0.0
2021-06-18,21.0,21.0,21.0,21.0,0.0,0.0
2021-06-21,21.0,21.0,21.0,21.0,0.0,0.0
2021-06-22,21.0,21.0,21.0,21.0,0.0,0.0
2021-06-23,21.0,21.0,21.0,21.0,0.0,0.0
2021-06-24,21.0,21.0,21.0,21.0,0.0,0.0
2021-06-25,21.0,21.0,21.0,21.0,0.0,0.0
2021-06-28,21.0,21.0,21.0,21.0,0.0,0.0
2021-06-29,21.0,21.0,21.0,21.0,0.0,0.0
2021-06-30,21.0,21.0,21.0,21.0,0.0,0.0
2021-07-01,21.0,21.0,21.0,21.0,0.0,0.0
2021-07-02,21.0,21.0,21.0,21.0,0.0,0.0
2021-07-05,21.0,21.0,21.0,21.0,0.0,0.0
2021-07-06,21.0,21.0,21.0,21.0,0.0,0.0
2021-07-07,21.0,21.0,21.0,21.0,0.0,0.0
2021-07-08,21.0,21.0,21.0,21.0,0.0,0.0
2021-07-09,21.0,21.0,21.0,21.0,0.0,0.0
2021-07-12,21.0,21.0,21.0,21.0,0.0,0.0
2021-07-13,21.0,21.0,21.0,21.0,0.0,0.0
2021-07-14,21.0,21.0,21.0,21.0,0.0,0.0
2021-07-15,21.0,21.0,21.0,21.0,0.0,0.0
2021-07-16,21.0,21.0,21.0,21.0,0.0,0.0
2021-07-19,21.0,21.0,21.0,21.0,0.0,0.0
2021-07-20,21.0,21.0,21.0,21.0,0.0,0.0
2021-07-21,21.0,21.0,21.0,21.0,0.0,0.0
2021-07-22,21.0,21.0,21.0,21.0,0.0,0.0
2021-07-23,21.0,21.0,21.0,21.0,0.0,0.0
2021-07-26,21.0,21.0,21.0,21.0,0.0,0.0
2021-07-27,21.0,21.0,21.0,21.0,0.0,0.0
2021-07-28,21.0,21.0,21.0,21.0,0.0,0.0
2021-07-29,21.0,21.0,21.0,21.0,0.0,0.0
2021-07-30,21.0,21.0,21.0,21.0,0.0,0.0
2021-08-02,21.0,21.0,21.0,21.0,0.0,0.0
2021-08-03,21.0,21.0,21.0,21.0,0.0,0.0
2021-08-04,21.0,21.0,21.0,21.0,0.0,0.0
2021-08-05,21.0,21.0,21.0,21.0,0.0,0.0
2021-08-06,21.0,21.0,21.0,21.0,0.0,0.0
2021-08-09,21.0,21.0,21.0,21.0,0.0,0.0
2021-08-10,21.0,21.0,21.0,21.0,0.0,0.0
2021-08-11,21.0,21.0,21.0,21.0,0.0,0.0
2021-08-12,21.0,21.0,21.0,21.0,0.0,0.0
2021-08-13,21.0,21.0,21.0,21.0,0.0,0.0
2021-08-16,21.0,21.0,21.0,21.0,0.0,0.0
2021-08-17,21.0,21.0,21.0,21.0,0.0,0.0
2021-08-18,21.0,21.0,21.0,21.0,0.0,0.0
2021-08-19,21.0,21.0,21.0,21.0,0.0,0.0
2021-08-20,21.0,21.0,21.0,21.0,0.0,0.0
2021-08-23,21.0,21.0,21.0,21.0,0.0,0.0
2021-08-24,21.0,21.0,21.0,21.0,0.0,0.0
2021-08-25,21.0,21.0,21.0,21.0,0.0,0.0
2021-08-26,21.0,21.0,21.0,21.0,0.0,0.0
2021-08-27,21.0,21.0,21.0,21.0,0.0,0.0
2021-08-30,21.0,21.0,21.0,21.0,0.0,0.0
2021-08-31,21.0,21.0,21.0,21.0,0.0,0.0
2021-09-01,21.0,21.0,21.0,21.0,0.0,0.0
2021-09-02,21.0,21.0,21.0,21.0,0.0,0.0
2021-09-03,21.0,21.0,21.0,21.0,0.0,0.0
2021-09-06,21.0,21.0,21.0,21.0,0.0,0.0
2021-09-07,21.0,21.0,21.0,21.0,0.0,0.0
2021-09-08,21.0,21.0,21.0,21.0,0.0,0.0
2021-09-09,21.0,21.0,21.0,21.0,0.0,0.0
2021-09-10,21.0,21.0,21.0,21.0,0.0,0.0
2021-09-13,21.0,21.0,21.0,21.0,0.0,0.0
2021-09-14,21.0,21.0,21.0,21.0,0.0,0.0
2021-09-15,21.0,21.0,21.0,21.0,0.0,0.0
2021-09-16,21.0,21.0,21.0,21.0,0.0,0.0
2021-09-17,21.0,21.0,21.0,21.0,0.0,0.0
2021-09-20,21.0,21.0,21.0,21.0,0.0,0.0
2021-09-21,21.0,21.0,21.0,21.0,0.0,0.0
2021-09-22,21.0,21.0,21.0,21.0,0.0,0.0
2021-09-23,21.0,21.0,21.0,21.0,0.0,0.0
2021-09-24,21.0,21.0,21.0,21.0,0.0,0.0
2021-09-27,21.0,21.0,21.0,21.0,0.0,0.0
2021-09-28,21.0,21.0,21.0,21.0,0.0,0.0
2021-09-29,21.0,21.0,21.0,21.0,0.0,0.0
2021-09-30,21.0,21.0,21.0,21.0,0.0,0.0
2021-10-01,21.0,21.0,21.0,21.0,0.0,0.0
2021-10-04,21.0,21.0,21.0,21.0,0.0,0.0
2021-10-05,21.0,21.0,21.0,21.0,0.0,0.0
2021-10-06,21.0,21.0,21.0,21.0,0.0,0.0
2021-10-07,21.0,21.0,21.0,21.0,0.0,0.0
2021-10-08,21.0,21.0,21.0,21.0,0.0,0.0
2021-10-11,21.0,21.0,21.0,21.0,0.0,0.0
2021-10-12,21.0,21.0,21.0,21.0,0.0,0.0
2021-10-13,21.0,21.0,21.0,21.0,0.0,0.0
2021-10-14,21.0,21.0,21.0,21.0,0.0,0.0
2021-10-15,21.0,21.0,21.0,21.0,0.0,0.0
2021-10-18,21.0,21.0,21.0,21.0,0.0,0.0
2021-10-19,21.0,21.0,21.0,21.0,0.0,0.0
2021-10-20,21.0,21.0,21.0,21.0,0.0,0.0
2021-10-21,21.0,21.0,21.0,21.0,0.0,0.0
2021-10-22,21.0,21.0,21.0,21.0,0.0,0.0
2021-10-25,21.0,21.0,21.0,21.0,0.0,0.0
2021-10-26,21.0,21.0,21.0,21.0,0.0,0.0
2021-10-27,21.0,21.0,21.0,21.0,0.0,0.0
2021-10-28,21.0,21.0,21.0,21.0,0.0,0.0
2021-10-29,21.0,21.0,21.0,21.0,0.0,0.0
2021-11-01,21.0,21.0,21.0,21.0,0.0,0.0
2021-11-02,21.0,21.0,21.0,21.0,0.0,0.0
2021-11-03,21.0,21.0,21.0,21.0,0.0,0.0
2021-11-04,21.0,21.0,21.0,21.0,0.0,0.0
2021-11-05,21.0,21.0,21.0,21.0,0.0,0.0
2021-11-08,21.0,21.0,21.0,21.0,0.0,0.0
2021-11-09,21.0,21.0,21.0,21.0,0.0,0.0
2021-11-10,21.0,21.0,21.0,21.0,0.0,0.0
2021-11-11,21.0,21.0,21.0,21.0,0.0,0.0
2021-11-12,21.0,21.0,21.0,21.0,0.0,0.0
2021-11-15,21.0,21.0,21.0,21.0,0.0,0.0
2021-11-16,21.0,21.0,21.0,21.0,0.0,0.0
2021-11-17,21.0,21.0,21.0,21.0,0.0,0.0
2021-11-18,21.0,21.0,21.0,21.0,0.0,0.0
2021-11-19,21.0,21.0,21.0,21.0,0.0,0.0
2021-11-22,21.0,21.0,21.0,21.0,0.0,0.0
2021-11-23,21.0,21.0,21.0,21.0,0.0,0.0
2021-11-24,21.0,21.0,21.0,21.0,0.0,0.0
2021-11-25,21.0,21.0,21.0,21.0,0.0,0.0
2021-11-26,21.0,21.0,21.0,21.0,0.0,0.0
2021-11-29,21.0,21.0,21.0,21.0,0.0,0.0
2021-11-30,21.0,21.0,21.0,21.0,0.0,0.0
2021-12-01,21.0,21.0,21.0,21.0,0.0,0.0
2021-12-02,21.0,21.0,21.0,21.0,0.0,0.0
2021-12-03,21.0,21.0,21.0,21.0,0.0,0.0
2021-12-06,21.0,21.0,21.0,21.0,0.0,0.0
2021-12-07,21.0,21.0,21.0,21.0,0.0,0.0
2021-12-08,21.0,21.0,21.0,21.0,0.0,0.0
2021-12-09,21.0,21.0,21.0,21.0,0.0,0.0
2021-12-10,21.0,21.0,21.0,21.0,0.0,0.0
2021-12-13,21.0,21.0,21.0,21.0,0.0,0.0
2021-12-14,21.0,21.0,21.0,21.0,0.0,0.0
2021-12-15,21.0,21.0,21.0,21.0,0.0,0.0
2021-12-16,21.0,21.0,21.0,21.0,0.0,0.0
2021-12-17,21.0,21.0,21.0,21.0,0.0,0.0
2021-12-20,21.0,21.0,21.0,21.0,0.0,0.0
2021-12-21,21.0,21.0,21.0,21.0,0.0,0.0
2021-12-22,21.0,21.0,21.0,21.0,0.0,0.0
2021-12-23,21.0,21.0,21.0,21.0,0.0,0.0
2021-12-24,21.0,21.0,21.0,21.0,0.0,0.0
2021-12-27,21.0,21.0,21.0,21.0,0.0,0.0
2021-12-28,21.0,21.0,21.0,21.0,0.0,0.0
2021-12-29,21.0,21.0,21.0,21.0,0.0,0.0
2021-12-30,21.0,21.0,21.0,21.0,0.0,0.0
2021-12-31,21.0,21.0,21.0,21.0,0.0,0.0
2022-01-03,21.0,21.0,21.0,21.0,0.0,0.0
2022-01-04,21.0,21.0,21.0,21.0,0.0,0.0
2022-01-05,21.0,21.0,21.0,21.0,0.0,0.0
2022-01-06,21.0,21.0,21.0,21.0,0.0,0.0
2022-01-07,21.0,21.0,21.0,21.0,0.0,0.0
2022-01-10,21.0,21.0,21.0,21.0,0.0,0.0
2022-01-11,21.0,21.0,21.0,21.0,0.0,0.0
2022-01-12,21.0,21.0,21.0,21.0,0.0,0.0
2022-01-13,21.0,21.0,21.0,21.0,0.0,0.0
2022-01-14,21.0,21.0,21.0,21.0,0.0,0.0
2022-01-17,21.0,21.0,21.0,21.0,0.0,0.0
2022-01-18,21.0,21.0,21.0,21.0,0.0,0.0
2022-01-19,21.0,21.0,21.0,21.0,0.0,0.0
2022-01-20,21.0,21.0,21.0,21.0,0.0,0.0
2022-01-21,21.0,21.0,21.0,21.0,0.0,0.0
2022-01-24,21.0,21.0,21.0,21.0,0.0,0.0
2022-01-25,21.0,21.0,21.0,21.0,0.0,0.0
2022-01-26,21.0,21.0,21.0,21.0,0.0,0.0
2022-01-27,21.0,21.0,21.0,21.0,0.0,0.0
2022-01-28,21.0,21.0,21.0,21.0,0.0,0.0
2022-01-31,21.0,21.0,21.0,21.0,0.0,0.0
2022-02-01,21.0,21.0,21.0,21.0,0.0,0.0
2022-02-02,21.0,21.0,21.0,21.0,0.0,0.0
2022-02-03,21.0,21.0,21.0,21.0,0.0,0.0
2022-02-04,21.0,21.0,21.0,21.0,0.0,0.0
2022-02-07,21.0,21.0,21.0,21.0,0.0,0.0
2022-02-08,21.0,21.0,21.0,21.0,0.0,0.0
2022-02-09,21.0,21.0,21.0,21.0,0.0,0.0
2022-02-10,21.0,21.0,21.0,21.0,0.0,0.0
2022-02-11,21.0,21.0,21.0,21.0,0.0,0.0
2022-02-14,21.0,21.0,21.0,21.0,0.0,0.0
2022-02-15,21.0,21.0,21.0,21.0,0.0,0.0
2022-02-16,21.0,21.0,21.0,21.0,0.0,0.0
2022-02-17,21.0,21.0,21.0,21.0,0.0,0.0
2022-02-18,21.0,21.0,21.0,21.0,0.0,0.0
2022-02-21,21.0,21.0,21.0,21.0,0.0,0.0
2022-02-22,21.0,21.0,21.0,21.0,0.0,0.0
2022-02-23,21.0,21.0,21.0,21.0,0.0,0.0
2022-02-24,21.0,21.0,21.0,21.0,0.0,0.0
2022-02-25,21.0,21.0,21.0,21.0,0.0,0.0
2022-02-28,21.0,21.0,21.0,21.0,0.0,0.0
2022-03-01,21.0,21.0,21.0,21.0,0.0,0.0
2022-03-02,21.0,21.0,21.0,21.0,0.0,0.0
2022-03-03,21.0,21.0,21.0,21.0,0.0,0.0
2022-03-04,21.0,21.0,21.0,21.0,0.0,0.0
2022-03-07,21.0,21.0,21.0,21.0,0.0,0.0
2022-03-08,21.0,21.0,21.0,21.0,0.0,0.0
2022-03-09,21.0,21.0,21.0,21.0,0.0,0.0
2022-03-10,21.0,21.0,21.0,21.0,0.0,0.0
2022-03-11,21.0,21.0,21.0,21.0,0.0,0.0
2022-03-14,21.0,21.0,21.0,21.0,0.0,0.0
2022-03-15,21.0,21.0,21.0,21.0,0.0,0.0
2022-03-16,21.0,21.0,21.0,21.0,0.0,0.0
2022-03-17,21.0,21.0,21.0,21.0,0.0,0.0
2022-03-18,21.0,21.0,21.0,21.0,0.0,0.0
2022-03-21,21.0,21.0,21.0,21.0,0.0,0.0
2022-03-22,21.0,21.0,21.0,21.0,0.0,0.0
2022-03-23,21.0,21.0,21.0,21.0,0.0,0.0
2022-03-24,21.0,21.0,21.0,21.0,0.0,0.0
2022-03-25,21.0,21.0,21.0,21.0,0.0,0.0
2022-03-28,21.0,21.0,21.0,21.0,0.0,0.0
2022-03-29,21.0,21.0,21.0,21.0,0.0,0.0
2022-03-30,21.0,21.0,21.0,21.0,0.0,0.0
2022-03-31,21.0,21.0,21.0,21.0,0.0,0.0
2022-04-01,21.0,21.0,21.0,21.0,0.0,0.0
2022-04-04,21.0,21.0,21.0,21.0,0.0,0.0
2022-04-05,21.0,21.0,21.0,21.0,0.0,0.0
2022-04-06,21.0,21.0,21.0,21.0,0.0,0.0
2022-04-07,21.0,21.0,21.0,21.0,0.0,0.0
2022-04-08,21.0,21.0,21.0,21.0,0.0,0.0
2022-04-11,21.0,21.0,21.0,21.0,0.0,0.0
2022-04-12,21.0,21.0,21.0,21.0,0.0,0.0
2022-04-13,21.0,21.0,21.0,21.0,0.0,0.0
2022-04-14,21.0,21.0,21.0,21.0,0.0,0.0
2022-04-19,21.0,21.0,21.0,21.0,0.0,0.0
2022-04-20,21.0,21.0,21.0,21.0,0.0,0.0
2022-04-21,21.0,21.0,21.0,21.0,0.0,0.0
2022-04-22,21.0,21.0,21.0,21.0,0.0,0.0
2022-04-25,21.0,21.0,21.0,21.0,0.0,0.0
2022-04-26,21.0,21.0,21.0,21.0,0.0,0.0
2022-04-27,21.0,21.0,21.0,21.0,0.0,0.0
2022-04-28,21.0,21.0,21.0,21.0,0.0,0.0
2022-04-29,21.0,21.0,21.0,21.0,0.0,0.0
2022-05-02,21.0,21.0,21.0,21.0,0.0,0.0
2022-05-03,21.0,21.0,21.0,21.0,0.0,0.0
2022-05-04,21.0,21.0,21.0,21.0,0.0,0.0
2022-05-05,21.0,21.0,21.0,21.0,0.0,0.0
2022-05-06,21.0,21.0,21.0,21.0,0.0,0.0
2022-05-09,21.0,21.0,21.0,21.0,0.0,0.0
2022-05-10,21.0,21.0,21.0,21.0,0.0,0.0
2022-05-11,21.0,21.0,21.0,21.0,0.0,0.0
2022-05-12,21.0,21.0,21.0,21.0,0.0,0.0
2022-05-13,21.0,21.0,21.0,21.0,0.0,0.0
2022-05-16,21.0,21.0,21.0,21.0,0.0,0.0
2022-05-17,21.0,21.0,21.0,21.0,0.0,0.0
2022-05-18,21.0,21.0,21.0,21.0,0.0,0.0
2022-05-19,21.0,21.0,21.0,21.0,0.0,0.0
2022-05-20,21.0,21.0,21.0,21.0,0.0,0.0
2022-05-23,21.0,21.0,21.0,21.0,0.0,0.0
2022-05-24,21.0,21.0,21.0,21.0,0.0,0.0
2022-05-25,21.0,21.0,21.0,21.0,0.0,0.0
2022-05-26,21.0,21.0,21.0,21.0,0.0,0.0
2022-05-27,21.0,21.0,21.0,21.0,0.0,0.0
2022-05-30,21.0,21.0,21.0,21.0,0.0,0.0
2022-05-31,21.0,21.0,21.0,21.0,0.0,0.0
2022-06-01,21.0,21.0,21.0,21.0,0.0,0.0
2022-06-02,21.0,21.0,21.0,21.0,0.0,0.0
2022-06-03,21.0,21.0,21.0,21.0,0.0,0.0
2022-06-06,21.0,21.0,21.0,21.0,0.0,0.0
2022-06-07,21.0,21.0,21.0,21.0,0.0,0.0
2022-06-08,21.0,21.0,21.0,21.0,0.0,0.0
2022-06-09,21.0,21.0,21.0,21.0,0.0,0.0
2022-06-10,21.0,21.0,21.0,21.0,0.0,0.0
2022-06-13,21.0,21.0,21.0,21.0,0.0,0.0
2022-06-14,21.0,21.0,21.0,21.0,0.0,0.0
2022-06-15,21.0,21.0,21.0,21.0,0.0,0.0
2022-06-16,21.0,21.0,21.0,21.0,0.0,0.0
2022-06-17,21.0,21.0,21.0,21.0,0.0,0.0
2022-06-20,21.0,21.0,21.0,21.0,0.0,0.0
2022-06-21,21.0,21.0,21.0,21.0,0.0,0.0
2022-06-22,21.0,21.0,21.0,21.0,0.0,0.0
2022-06-23,21.0,21.0,21.0,21.0,0.0,0.0
2022-06-24,21.0,21.0,21.0,21.0,0.0,0.0
2022-06-27,21.0,21.0,21.0,21.0,0.0,0.0
2022-06-28,21.0,21.0,21.0,21.0,0.0,0.0
2022-06-29,21.0,21.0,21.0,21.0,0.0,0.0
2022-06-30,21.0,21.0,21.0,21.0,0.0,0.0
2022-07-01,21.0,21.0,21.0,21.0,0.0,0.0
2022-07-04,21.0,21.0,21.0,21.0,0.0,0.0
2022-07-05,21.0,21.0,21.0,21.0,0.0,0.0
2022-07-06,21.0,21.0,21.0,21.0,0.0,0.0
2022-07-07,21.0,21.0,21.0,21.0,0.0,0.0
2022-07-08,21.0,21.0,21.0,21.0,0.0,0.0
2022-07-11,21.0,21.0,21.0,21.0,0.0,0.0
2022-07-12,21.0,21.0,21.0,21.0,0.0,0.0
2022-07-13,21.0,21.0,21.0,21.0,0.0,0.0
2022-07-14,21.0,21.0,21.0,21.0,0.0,0.0
2022-07-15,21.0,21.0,21.0,21.0,0.0,0.0
2022-07-18,21.0,21.0,21.0,21.0,0.0,0.0
2022-07-19,21.0,21.0,21.0,21.0,0.0,0.0
2022-07-20,21.0,21.0,21.0,21.0,0.0,0.0
2022-07-21,21.0,21.0,21.0,21.0,0.0,0.0
2022-07-22,21.0,21.0,21.0,21.0,0.0,0.0
2022-07-25,21.0,21.0,21.0,21.0,0.0,0.0
2022-07-26,21.0,21.0,21.0,21.0,0.0,0.0
2022-07-27,21.0,21.0,21.0,21.0,0.0,0.0
2022-07-28,21.0,21.0,21.0,21.0,0.0,0.0
2022-07-29,21.0,21.0,21.0,21.0,0.0,0.0
2022-08-01,21.0,21.0,21.0,21.0,0.0,0.0
2022-08-02,21.0,21.0,21.0,21.0,0.0,0.0
2022-08-03,21.0,21.0,21.0,21.0,0.0,0.0
2022-08-04,21.0,21.0,21.0,21.0,0.0,0.0
2022-08-05,21.0,21.0,21.0,21.0,0.0,0.0
2022-08-08,21.0,21.0,21.0,21.0,0.0,0.0
2022-08-09,21.0,21.0,21.0,21.0,0.0,0.0
2022-08-10,21.0,21.0,21.0,21.0,0.0,0.0
2022-08-11,21.0,21.0,21.0,21.0,0.0,0.0
2022-08-12,21.0,21.0,21.0,21.0,0.0,0.0
2022-08-15,21.0,21.0,21.0,21.0,0.0,0.0
2022-08-16,21.0,21.0,21.0,21.0,0.0,0.0
2022-08-17,21.0,21.0,21.0,21.0,0.0,0.0
2022-08-18,21.0,21.0,21.0,21.0,0.0,0.0
2022-08-19,21.0,21.0,21.0,21.0,0.0,0.0
2022-08-22,21.0,21.0,21.0,21.0,0.0,0.0
2022-08-23,21.0,21.0,21.0,21.0,0.0,0.0
2022-08-24,21.0,21.0,21.0,21.0,0.0,0.0
2022-08-25,21.0,21.0,21.0,21.0,0.0,0.0
2022-08-26,21.0,21.0,21.0,21.0,0.0,0.0
2022-08-29,21.0,21.0,21.0,21.0,0.0,0.0
2022-08-30,21.0,21.0,21.0,21.0,0.0,0.0
2022-08-31,21.0,21.0,21.0,21.0,0.0,0.0
2022-09-01,21.0,21.0,21.0,21.0,0.0,0.0
2022-09-02,21.0,21.0,21.0,21.0,0.0,0.0
2022-09-05,21.0,21.0,21.0,21.0,0.0,0.0
2022-09-06,21.0,21.0,21.0,21.0,0.0,0.0
2022-09-07,21.0,21.0,21.0,21.0,0.0,0.0
2022-09-08,21.0,21.0,21.0,21.0,0.0,0.0
2022-09-09,21.0,21.0,21.0,21.0,0.0,0.0
2022-09-12,21.0,21.0,21.0,21.0,0.0,0.0
2022-09-13,21.0,21.0,21.0,21.0,0.0,0.0
2022-09-14,21.0,21.0,21.0,21.0,0.0,0.0
2022-09-15,21.0,21.0,21.0,21.0,0.0,0.0
2022-09-16,21.0,21.0,21.0,21.0,0.0,0.0
2022-09-19,21.0,21.0,21.0,21.0,0.0,0.0
2022-09-20,21.0,21.0,21.0,21.0,0.0,0.0
2022-09-21,21.0,21.0,21.0,21.0,0.0,0.0
2022-09-22,21.0,21.0,21.0,21.0,0.0,0.0
2022-09-23,21.0,21.0,21.0,21.0,0.0,0.0
2022-09-26,21.0,21.0,21.0,21.0,0.0,0.0
2022-09-27,21.0,21.0,21.0,21.0,0.0,0.0
2022-09-28,21.0,21.0,21.0,21.0,0.0,0.0
2022-09-29,21.0,21.0,21.0,21.0,0.0,0.0
2022-09-30,21.0,21.0,21.0,21.0,0.0,0.0
2022-10-03,21.0,21.0,21.0,21.0,0.0,0.0
2022-10-04,21.0,21.0,21.0,21.0,0.0,0.0
2022-10-05,21.0,21.0,21.0,21.0,0.0,0.0
2022-10-06,21.0,21.0,21.0,21.0,0.0,0.0
2022-10-07,21.0,21.0,21.0,21.0,0.0,0.0
2022-10-10,21.0,21.0,21.0,21.0,0.0,0.0
2022-10-11,21.0,21.0,21.0,21.0,0.0,0.0
2022-10-12,21.0,21.0,21.0,21.0,0.0,0.0
2022-10-13,21.0,21.0,21.0,21.0,0.0,0.0
2022-10-14,21.0,21.0,21.0,21.0,0.0,0.0
2022-10-17,21.0,21.0,21.0,21.0,0.0,0.0
2022-10-18,21.0,21.0,21.0,21.0,0.0,0.0
2022-10-19,21.0,21.0,21.0,21.0,0.0,0.0
2022-10-20,21.0,21.0,21.0,21.0,0.0,0.0
2022-10-21,21.0,21.0,21.0,21.0,0.0,0.0
2022-10-24,21.0,21.0,21.0,21.0,0.0,0.0
2022-10-25,21.0,21.0,21.0,21.0,0.0,0.0
2022-10-26,21.0,21.0,21.0,21.0,0.0,0.0
2022-10-27,21.0,21.0,21.0,21.0,0.0,0.0
2022-10-28,21.0,21.0,21.0,21.0,0.0,0.0
2022-10-31,21.0,21.0,21.0,21.0,0.0,0.0
2022-11-01,21.0,21.0,21.0,21.0,0.0,0.0
2022-11-02,21.0,21.0,21.0,21.0,0.0,0.0
2022-11-03,21.0,21.0,21.0,21.0,0.0,0.0
2022-11-04,21.0,21.0,21.0,21.0,0.0,0.0
2022-11-07,21.0,21.0,21.0,21.0,0.0,0.0
2022-11-08,21.0,21.0,21.0,21.0,0.0,0.0
2022-11-09,21.0,21.0,21.0,21.0,0.0,0.0
2022-11-10,21.0,21.0,21.0,21.0,0.0,0.0
2022-11-11,21.0,21.0,21.0,21.0,0.0,0.0
2022-11-14,21.0,21.0,21.0,21.0,0.0,0.0
2022-11-15,21.0,21.0,21.0,21.0,0.0,0.0
2022-11-16,21.0,21.0,21.0,21.0,0.0,0.0
2022-11-17,21.0,21.0,21.0,21.0,0.0,0.0
2022-11-18,21.0,21.0,21.0,21.0,0.0,0.0
2022-11-21,21.0,21.0,21.0,21.0,0.0,0.0
2022-11-22,21.0,21.0,21.0,21.0,0.0,0.0
2022-11-23,21.0,21.0,21.0,21.0,0.0,0.0
2022-11-24,21.0,21.0,21.0,21.0,0.0,0.0
2022-11-25,21.0,21.0,21.0,21.0,0.0,0.0
2022-11-28,21.0,21.0,21.0,21.0,0.0,0.0
2022-11-29,21.0,21.0,21.0,21.0,0.0,0.0
2022-11-30,21.0,21.0,21.0,21.0,0.0,0.0
2022-12-01,21.0,21.0,21.0,21.0,0.0,0.0
2022-12-02,21.0,21.0,21.0,21.0,0.0,0.0
2022-12-05,21.0,21.0,21.0,21.0,0.0,0.0
2022-12-06,21.0,21.0,21.0,21.0,0.0,0.0
2022-12-07,21.0,21.0,21.0,21.0,0.0,0.0
2022-12-08,21.0,21.0,21.0,21.0,0.0,0.0
2022-12-09,21.0,21.0,21.0,21.0,0.0,0.0
2022-12-12,21.0,21.0,21.0,21.0,0.0,0.0
2022-12-13,21.0,21.0,21.0,21.0,0.0,0.0
2022-12-14,21.0,21.0,21.0,21.0,0.0,0.0
2022-12-15,21.0,21.0,21.0,21.0,0.0,0.0
2022-12-16,21.0,21.0,21.0,21.0,0.0,0.0
2022-12-19,21.0,21.0,21.0,21.0,0.0,0.0
2022-12-20,21.0,21.0,21.0,21.0,0.0,0.0
2022-12-21,21.0,21.0,21.0,21.0,0.0,0.0
2022-12-22,21.0,21.0,21.0,21.0,0.0,0.0
2022-12-23,21.0,21.0,21.0,21.0,0.0,0.0
2022-12-27,21.0,21.0,21.0,21.0,0.0,0.0
2022-12-28,21.0,21.0,21.0,21.0,0.0,0.0
2022-12-29,21.0,21.0,21.0,21.0,0.0,0.0
2022-12-30,21.0,21.0,21.0,21.0,0.0,0.0
2023-01-02,21.0,21.0,21.0,21.0,0.0,0.0
2023-01-03,21.0,21.0,21.0,21.0,0.0,0.0
2023-01-04,21.0,21.0,21.0,21.0,0.0,0.0
2023-01-05,21.0,21.0,21.0,21.0,0.0,0.0
2023-01-06,21.0,21.0,21.0,21.0,0.0,0.0
2023-01-09,21.0,21.0,21.0,21.0,0.0,0.0
2023-01-10,21.0,21.0,21.0,21.0,0.0,0.0
2023-01-11,21.0,21.0,21.0,21.0,0.0,0.0
2023-01-12,21.0,21.0,21.0,21.0,0.0,0.0
2023-01-13,21.0,21.0,21.0,21.0,0.0,0.0
2023-01-16,21.0,21.0,21.0,21.0,0.0,0.0
2023-01-17,21.0,21.0,21.0,21.0,0.0,0.0
2023-01-18,21.0,21.0,21.0,21.0,0.0,0.0
2023-01-19,21.0,21.0,21.0,21.0,0.0,0.0
2023-01-20,21.0,21.0,21.0,21.0,0.0,0.0
2023-01-23,21.0,21.0,21.0,21.0,0.0,0.0
2023-01-24,21.0,21.0,21.0,21.0,0.0,0.0
2023-01-25,21.0,21.0,21.0,21.0,0.0,0.0
2023-01-26,21.0,21.0,21.0,21.0,0.0,0.0
2023-01-27,21.0,21.0,21.0,21.0,0.0,0.0
2023-01-30,21.0,21.0,21.0,21.0,0.0,0.0
2023-01-31,21.0,21.0,21.0,21.0,0.0,0.0
2023-02-01,21.0,21.0,21.0,21.0,0.0,0.0
2023-02-02,21.0,21.0,21.0,21.0,0.0,0.0
2023-02-03,21.0,21.0,21.0,21.0,0.0,0.0
2023-02-06,21.0,21.0,21.0,21.0,0.0,0.0
2023-02-07,21.0,21.0,21.0,21.0,0.0,0.0
2023-02-08,21.0,21.0,21.0,21.0,0.0,0.0
2023-02-09,21.0,21.0,21.0,21.0,0.0,0.0
2023-02-10,21.0,21.0,21.0,21.0,0.0,0.0
2023-02-13,21.0,21.0,21.0,21.0,0.0,0.0
2023-02-14,21.0,21.0,21.0,21.0,0.0,0.0
2023-02-15,21.0,21.0,21.0,21.0,0.0,0.0
2023-02-16,21.0,21.0,21.0,21.0,0.0,0.0
2023-02-17,21.0,21.0,21.0,21.0,0.0,0.0
2023-02-20,21.0,21.0,21.0,21.0,0.0,0.0
2023-02-21,21.0,21.0,21.0,21.0,0.0,0.0
2023-02-22,21.0,21.0,21.0,21.0,0.0,0.0
2023-02-23,21.0,21.0,21.0,21.0,0.0,0.0
2023-02-24,21.0,21.0,21.0,21.0,0.0,0.0
2023-02-27,21.0,21.0,21.0,21.0,0.0,0.0
2023-02-28,21.0,21.0,21.0,21.0,0.0,0.0
2023-03-01,21.0,21.0,21.0,21.0,0.0,0.0
2023-03-02,21.0,21.0,21.0,21.0,0.0,0.0
2023-03-03,21.0,21.0,21.0,21.0,0.0,0.0
2023-03-06,21.0,21.0,21.0,21.0,0.0,0.0
2023-03-07,21.0,21.0,21.0,21.0,0.0,0.0
2023-03-08,21.0,21.0,21.0,21.0,0.0,0.0
2023-03-09,21.0,21.0,21.0,21.0,0.0,0.0
2023-03-10,21.0,21.0,21.0,21.0,0.0,0.0
2023-03-13,21.0,21.0,21.0,21.0,0.0,0.0
2023-03-14,21.0,21.0,21.0,21.0,0.0,0.0
2023-03-15,21.0,21.0,21.0,21.0,0.0,0.0
2023-03-16,21.0,21.0,21.0,21.0,0.0,0.0
2023-03-17,21.0,21.0,21.0,21.0,0.0,0.0
2023-03-20,21.0,21.0,21.0,21.0,0.0,0.0
2023-03-21,21.0,21.0,21.0,21.0,0.0,0.0
2023-03-22,21.0,21.0,21.0,21.0,0.0,0.0
2023-03-23,21.0,21.0,21.0,21.0,0.0,0.0
2023-03-24,21.0,21.0,21.0,21.0,0.0,0.0
2023-03-27,21.0,21.0,21.0,21.0,0.0,0.0
2023-03-28,21.0,21.0,21.0,21.0,0.0,0.0
2023-03-29,21.0,21.0,21.0,21.0,0.0,0.0
2023-03-30,21.0,21.0,21.0,21.0,0.0,0.0
2023-03-31,21.0,21.0,21.0,21.0,0.0,0.0
2023-04-03,21.0,21.0,21.0,21.0,0.0,0.0
2023-04-04,21.0,21.0,21.0,21.0,0.0,0.0
2023-04-05,21.0,21.0,21.0,21.0,0.0,0.0
2023-04-06,21.0,21.0,21.0,21.0,0.0,0.0
2023-04-11,21.0,21.0,21.0,21.0,0.0,0.0
2023-04-12,21.0,21.0,21.0,21.0,0.0,0.0
2023-04-13,21.0,21.0,21.0,21.0,0.0,0.0
2023-04-14,21.0,21.0,21.0,21.0,0.0,0.0
2023-04-17,21.0,21.0,21.0,21.0,0.0,0.0
2023-04-18,21.0,21.0,21.0,21.0,0.0,0.0
2023-04-19,21.0,21.0,21.0,21.0,0.0,0.0
2023-04-20,21.0,21.0,21.0,21.0,0.0,0.0
2023-04-21,21.0,21.0,21.0,21.0,0.0,0.0
2023-04-24,21.0,21.0,21.0,21.0,0.0,0.0
2023-04-25,21.0,21.0,21.0,21.0,0.0,0.0
2023-04-26,21.0,21.0,21.0,21.0,0.0,0.0
2023-04-27,21.0,21.0,21.0,21.0,0.0,0.0
2023-04-28,21.0,21.0,21.0,21.0,0.0,0.0
2023-05-02,21.0,21.0,21.0,21.0,0.0,0.0
2023-05-03,21.0,21.0,21.0,21.0,0.0,0.0
2023-05-04,21.0,21.0,21.0,21.0,0.0,0.0
2023-05-05,21.0,21.0,21.0,21.0,0.0,0.0
2023-05-08,21.0,21.0,21.0,21.0,0.0,0.0
2023-05-09,21.0,21.0,21.0,21.0,0.0,0.0
2023-05-10,21.0,21.0,21.0,21.0,0.0,0.0
2023-05-11,21.0,21.0,21.0,21.0,0.0,0.0
2023-05-12,21.0,21.0,21.0,21.0,0.0,0.0
2023-05-15,21.0,21.0,21.0,21.0,0.0,0.0
2023-05-16,21.0,21.0,21.0,21.0,0.0,0.0
2023-05-17,21.0,21.0,21.0,21.0,0.0,0.0
2023-05-18,21.0,21.0,21.0,21.0,0.0,0.0
2023-05-19,21.0,21.0,21.0,21.0,0.0,0.0
2023-05-22,21.0,21.0,21.0,21.0,0.0,0.0
2023-05-23,21.0,21.0,21.0,21.0,0.0,0.0
2023-05-24,21.0,21.0,21.0,21.0,0.0,0.0
2023-05-25,21.0,21.0,21.0,21.0,0.0,0.0
2023-05-26,21.0,21.0,21.0,21.0,0.0,0.0
2023-05-29,21.0,21.0,21.0,21.0,0.0,0.0
2023-05-30,21.0,21.0,21.0,21.0,0.0,0.0
2023-05-31,21.0,21.0,21.0,21.0,0.0,0.0
2023-06-01,21.0,21.0,21.0,21.0,0.0,0.0
2023-06-02,21.0,21.0,21.0,21.0,0.0,0.0
2023-06-05,21.0,21.0,21.0,21.0,0.0,0.0
2023-06-06,21.0,21.0,21.0,21.0,0.0,0.0
2023-06-07,21.0,21.0,21.0,21.0,0.0,0.0
2023-06-08,21.0,21.0,21.0,21.0,0.0,0.0
2023-06-09,21.0,21.0,21.0,21.0,0.0,0.0
2023-06-12,21.0,21.0,21.0,21.0,0.0,0.0
2023-06-13,21.0,21.0,21.0,21.0,0.0,0.0
2023-06-14,21.0,21.0,21.0,21.0,0.0,0.0
2023-06-15,21.0,21.0,21.0,21.0,0.0,0.0
2023-06-16,21.0,21.0,21.0,21.0,0.0,0.0
2023-06-19,21.0,21.0,21.0,21.0,0.0,0.0
2023-06-20,21.0,21.0,21.0,21.0,0.0,0.0
2023-06-21,21.0,21.0,21.0,21.0,0.0,0.0
2023-06-22,21.0,21.0,21.0,21.0,0.0,0.0
2023-06-23,21.0,21.0,21.0,21.0,0.0,0.0
2023-06-26,21.0,21.0,21.0,21.0,0.0,0.0
2023-06-27,21.0,21.0,21.0,21.0,0.0,0.0
2023-06-28,21.0,21.0,21.0,21.0,0.0,0.0
2023-06-29,21.0,21.0,21.0,21.0,0.0,0.0
2023-06-30,21.0,21.0,21.0,21.0,0.0,0.0
2023-07-03,21.0,21.0,21.0,21.0,0.0,0.0
2023-07-04,21.0,21.0,21.0,21.0,0.0,0.0
2023-07-05,21.0,21.0,21.0,21.0,0.0,0.0
2023-07-06,21.0,21.0,21.0,21.0,0.0,0.0
2023-07-07,21.0,21.0,21.0,21.0,0.0,0.0
2023-07-10,21.0,21.0,21.0,21.0,0.0,0.0
2023-07-11,21.0,21.0,21.0,21.0,0.0,0.0
2023-07-12,21.0,21.0,21.0,21.0,0.0,0.0
2023-07-13,21.0,21.0,21.0,21.0,0.0,0.0
2023-07-14,21.0,21.0,21.0,21.0,0.0,0.0
2023-07-17,21.0,21.0,21.0,21.0,0.0,0.0
2023-07-18,21.0,21.0,21.0,21.0,0.0,0.0
2023-07-19,21.0,21.0,21.0,21.0,0.0,0.0
2023-07-20,21.0,21.0,21.0,21.0,0.0,0.0
2023-07-21,21.0,21.0,21.0,21.0,0.0,0.0
2023-07-24,21.0,21.0,21.0,21.0,0.0,0.0
2023-07-25,21.0,21.0,21.0,21.0,0.0,0.0
2023-07-26,21.0,21.0,21.0,21.0,0.0,0.0
2023-07-27,21.0,21.0,21.0,21.0,0.0,0.0
