Date,HIGH,LOW,CLOSE,OPEN,COUNT,VOLUME
2010-07-29,105.0,103.5,104.25,104.5,0.0,516519.0
2010-07-30,104.75,103.5,104.25,103.75,0.0,514687.0
2010-08-02,106.0,104.0,105.25,104.0,0.0,236957.0
2010-08-03,105.0,105.0,105.0,105.0,0.0,38673.0
2010-08-04,105.49,104.05,105.0,105.49,0.0,67913.0
2010-08-05,105.75,105.0,105.0,105.75,0.0,115919.0
2010-08-06,105.64,104.18,105.5,105.499,0.0,78267.0
2010-08-09,106.0,104.61,105.5,105.644,0.0,119650.0
2010-08-10,106.889,104.75,106.0,105.0,0.0,145275.0
2010-08-11,106.45,105.5,105.75,106.375,0.0,121179.0
2010-08-12,106.5,105.2,105.75,106.374,0.0,182672.0
2010-08-13,106.5,105.25,106.0,106.5,0.0,121843.0
2010-08-16,106.25,106.25,105.75,106.25,0.0,26022.0
2010-08-17,106.2,105.65,106.0,106.189,0.0,146871.0
2010-08-18,106.0,106.0,106.0,106.0,0.0,33143.0
2010-08-19,107.0,105.75,106.25,106.45,0.0,246341.0
2010-08-20,106.6,105.65,106.25,106.44,0.0,133515.0
2010-08-23,106.5,105.71,106.25,106.44,0.0,43234.0
2010-08-24,106.4,105.68,105.5,106.4,0.0,65756.0
2010-08-25,105.65,105.0,105.5,105.65,0.0,17168.0
2010-08-26,105.35,105.1,105.25,105.35,0.0,68727.0
2010-08-27,105.75,103.9,104.0,104.75,0.0,479874.0
2010-08-30,104.0,104.0,104.0,104.0,0.0,0.0
2010-08-31,105.0,104.75,104.5,104.752,0.0,1659.0
2010-09-01,105.0,104.69,105.0,104.74,0.0,69980.0
2010-09-02,106.0,105.25,105.5,105.25,0.0,79851.0
2010-09-03,107.0,106.0,106.5,106.0,0.0,218164.0
2010-09-06,107.0,106.53,106.75,106.696,0.0,85691.0
2010-09-07,107.0,106.5,106.75,106.696,0.0,88962.0
2010-09-08,107.0,106.03,107.0,106.65,0.0,90061.0
2010-09-09,107.25,106.0,106.0,106.89,0.0,269636.0
2010-09-10,107.25,106.2,107.25,106.946,0.0,127360.0
2010-09-13,107.139,106.0,106.0,106.89,0.0,92937.0
2010-09-14,107.25,106.3,106.75,107.139,0.0,216944.0
2010-09-15,108.0,106.25,108.0,106.99,0.0,189796.0
2010-09-16,108.0,107.25,107.5,107.889,0.0,13839.0
2010-09-17,108.0,107.0,108.0,107.75,0.0,1029823.0
2010-09-20,109.0,107.5,108.25,107.5,33.0,210076.0
2010-09-21,109.5,108.5,109.0,109.0,14.0,110037.0
2010-09-22,110.0,108.5,108.75,108.611,43.0,216668.0
2010-09-23,109.89,108.25,109.5,109.89,19.0,75470.0
2010-09-24,109.24,108.0,108.25,109.24,11.0,44301.0
2010-09-27,109.5,109.0,109.0,109.5,13.0,79285.0
2010-09-28,109.4,109.24,109.25,109.24,8.0,85610.0
2010-09-29,109.5,108.25,108.5,109.25,24.0,329743.0
2010-09-30,109.25,109.24,109.0,109.25,7.0,77355.0
2010-10-01,111.5,109.75,111.5,109.75,24.0,321644.0
2010-10-02,111.5,111.5,111.5,111.5,0.0,0.0
2010-10-04,111.94,110.75,111.75,110.75,21.0,233638.0
2010-10-05,112.0,111.0,111.5,111.89,15.0,178434.0
2010-10-06,112.5,112.0,112.25,112.0,18.0,187270.0
2010-10-07,112.5,111.25,111.25,112.5,20.0,251603.0
2010-10-08,111.504,111.5,111.25,111.504,8.0,35642.0
2010-10-11,112.5,111.5,111.5,111.5,27.0,418426.0
2010-10-12,112.99,111.75,112.0,112.99,14.0,135746.0
2010-10-13,113.9,112.25,113.75,112.25,31.0,291675.0
2010-10-14,114.5,113.0,114.0,114.0,45.0,312182.0
2010-10-15,114.06,113.5,113.75,113.5,30.0,209573.0
2010-10-18,115.5,114.0,115.25,114.0,21.0,185143.0
2010-10-19,115.49,114.0,114.25,115.49,16.0,158021.0
2010-10-20,114.5,113.7,114.5,114.0,15.0,76715.0
2010-10-21,114.5,114.0,114.0,114.0,14.0,97729.0
2010-10-22,114.25,114.2,114.25,114.25,6.0,80899.0
2010-10-25,114.9,114.25,114.5,114.75,18.0,118269.0
2010-10-26,115.0,114.7,115.0,114.749,17.0,203758.0
2010-10-27,114.5,114.0,114.0,114.5,11.0,89490.0
2010-10-28,114.65,114.0,114.0,114.25,23.0,176179.0
2010-10-29,114.39,113.0,114.0,114.0,12.0,85080.0
2010-11-01,115.13,113.0,113.25,113.01,36.0,333345.0
2010-11-02,114.5,113.0,114.5,113.115,12.0,80416.0
2010-11-03,115.0,113.11,114.0,114.5,21.0,101034.0
2010-11-04,115.75,115.0,115.5,115.25,34.0,250559.0
2010-11-05,117.0,115.75,116.75,115.75,28.0,150732.0
2010-11-08,117.0,116.25,116.5,116.999,18.0,174715.0
2010-11-09,117.5,115.75,117.0,116.9,12.0,66137.0
2010-11-10,117.49,116.41,116.75,117.49,14.0,78401.0
2010-11-11,117.5,116.5,116.75,116.99,20.0,170992.0
2010-11-12,116.9,115.75,116.75,116.5,13.0,105858.0
2010-11-15,117.0,115.5,116.75,117.0,27.0,131156.0
2010-11-16,116.25,115.0,114.5,115.6,15.0,129463.0
2010-11-17,115.0,111.0,111.5,114.9,58.0,571030.0
2010-11-18,113.5,112.25,113.0,112.25,32.0,391437.0
2010-11-19,114.5,112.51,112.75,114.5,18.0,590463.0
2010-11-22,114.0,113.0,113.5,113.89,16.0,136594.0
2010-11-23,113.25,111.5,111.75,113.25,18.0,128564.0
2010-11-24,114.0,111.5,113.0,112.48,20.0,134597.0
2010-11-25,114.89,112.55,114.25,112.551,10.0,56102.0
2010-11-26,115.75,111.25,115.0,114.86,12.0,64977.0
2010-11-29,116.25,114.1,115.5,116.25,13.0,73525.0
2010-11-30,116.25,114.1,115.0,115.0,16.0,108412.0
2010-12-01,116.0,115.5,115.5,115.5,19.0,126261.0
2010-12-02,117.0,115.35,116.25,115.35,29.0,253350.0
2010-12-03,117.24,115.5,116.5,117.0,18.0,111886.0
2010-12-06,119.0,115.5,115.75,117.0,41.0,436543.0
2010-12-07,118.0,115.5,116.75,116.25,20.0,123326.0
2010-12-08,117.74,116.25,117.0,117.74,21.0,159296.0
2010-12-09,117.5,116.0,116.0,117.5,25.0,152591.0
2010-12-10,117.5,116.05,117.0,117.5,9.0,83098.0
2010-12-13,119.0,116.0,116.5,118.49,31.0,159667.0
2010-12-14,117.49,115.5,116.25,116.74,17.0,122070.0
2010-12-15,117.0,115.5,116.5,117.0,13.0,138291.0
2010-12-16,117.5,115.0,115.0,116.5,31.0,187396.0
2010-12-17,117.0,116.01,116.75,116.49,20.0,117431.0
2010-12-20,117.5,115.01,116.25,116.75,13.0,93822.0
2010-12-21,117.0,115.0,115.5,115.01,13.0,146867.0
2010-12-22,117.99,116.6,117.5,117.0,31.0,201920.0
2010-12-23,119.0,116.12,117.5,116.75,25.0,195991.0
2010-12-24,118.5,117.0,117.5,118.5,3.0,34325.0
2010-12-27,117.5,117.5,117.5,117.5,0.0,0.0
2010-12-28,117.5,117.5,117.5,117.5,0.0,0.0
2010-12-29,119.0,116.5,117.75,119.0,6.0,9132.0
2010-12-30,119.0,116.5,118.75,118.49,8.0,60643.0
2010-12-31,121.575,119.0,121.0,119.0,12.0,70846.0
2011-01-03,121.0,121.0,121.0,121.0,0.0,0.0
2011-01-04,123.0,120.75,122.0,122.74,25.0,282676.0
2011-01-05,123.0,119.0,121.0,123.0,21.0,102297.0
2011-01-06,121.5,119.5,119.5,120.74,25.0,169745.0
2011-01-07,120.0,118.25,118.5,119.5,24.0,229738.0
2011-01-10,118.0,116.5,117.5,118.0,14.0,71685.0
2011-01-11,118.0,117.75,117.75,118.0,23.0,115352.0
2011-01-12,118.25,117.01,117.75,117.87,26.0,118377.0
2011-01-13,118.5,117.13,117.75,118.25,32.0,208042.0
2011-01-14,118.12,116.5,117.25,117.5,16.0,141926.0
2011-01-17,117.88,116.5,117.0,116.5,21.0,109289.0
2011-01-18,116.0,116.0,116.0,116.0,30.0,160230.0
2011-01-19,117.0,115.01,116.0,115.01,6.0,30705.0
2011-01-20,115.35,114.11,114.75,114.75,8.0,62569.0
2011-01-21,116.0,114.12,116.0,114.12,13.0,63119.0
2011-01-24,116.0,114.25,115.0,116.0,16.0,103487.0
2011-01-25,116.09,114.51,115.5,114.51,4.0,31676.0
2011-01-26,116.0,114.63,116.0,114.673,13.0,107842.0
2011-01-27,115.88,114.67,115.25,115.59,25.0,116599.0
2011-01-28,115.88,113.0,114.0,115.88,15.0,139890.0
2011-01-31,115.5,113.5,115.0,114.5,14.0,55598.0
2011-02-01,115.34,113.25,114.0,114.0,12.0,96805.0
2011-02-02,114.09,113.25,113.75,114.0,28.0,164862.0
2011-02-03,114.74,112.5,113.25,114.74,13.0,72426.0
2011-02-04,112.75,112.5,112.75,112.5,13.0,71515.0
2011-02-07,113.99,111.5,112.0,113.99,50.0,167732.0
2011-02-08,112.49,110.5,111.75,112.49,16.0,112056.0
2011-02-09,111.75,110.5,111.25,111.25,16.0,190676.0
2011-02-10,111.75,110.51,111.0,110.51,8.0,32908.0
2011-02-11,111.5,109.5,110.25,111.5,23.0,181468.0
2011-02-14,111.99,110.25,111.0,111.99,8.0,42900.0
2011-02-15,111.49,109.61,110.5,110.0,14.0,103064.0
2011-02-16,111.25,111.25,110.625,111.25,5.0,27779.0
2011-02-17,111.74,109.89,110.625,109.89,18.0,81504.0
2011-02-18,111.5,109.802,110.0,111.5,11.0,84849.0
2011-02-21,110.99,108.78,109.375,109.5,25.0,191106.0
2011-02-22,109.0,107.5,107.5,108.5,11.0,147036.0
2011-02-23,109.0,106.0,107.0,106.75,10.0,65014.0
2011-02-24,108.0,105.1,106.0,107.0,13.0,102903.0
2011-02-25,107.75,105.75,107.5,106.51,9.0,35906.0
2011-02-28,107.25,105.01,106.25,106.5,25.0,281321.0
2011-03-01,107.0,105.5,107.0,105.5,16.0,157393.0
2011-03-02,106.75,105.0,106.0,105.01,10.0,54399.0
2011-03-03,107.89,105.0,107.0,107.25,14.0,114204.0
2011-03-04,110.25,108.01,109.875,108.25,25.0,199584.0
2011-03-07,110.74,108.0,110.0,110.25,25.0,222447.0
2011-03-08,111.49,109.5,111.125,111.49,26.0,154647.0
2011-03-09,111.99,110.6,111.5,111.49,18.0,142987.0
2011-03-10,111.5,110.5,111.5,111.0,24.0,226821.0
2011-03-11,110.5,109.0,110.5,110.5,24.0,265676.0
2011-03-14,110.01,108.0,110.0,109.0,18.0,64474.0
2011-03-15,108.25,105.0,107.0,105.5,42.0,229170.0
2011-03-16,109.0,106.0,107.375,106.2,21.0,132373.0
2011-03-17,109.0,106.21,107.625,108.9,17.0,64923.0
2011-03-18,109.0,107.5,107.5,108.5,16.0,130911.0
2011-03-19,107.5,107.5,107.5,107.5,0.0,0.0
2011-03-21,109.4,108.25,108.75,109.4,10.0,47234.0
2011-03-22,110.0,108.5,109.25,109.0,19.0,143794.0
2011-03-23,110.5,108.76,110.5,109.25,27.0,195890.0
2011-03-24,112.5,109.11,112.0,109.11,29.0,250543.0
2011-03-25,113.5,112.5,113.25,113.0,19.0,101330.0
2011-03-28,113.75,113.0,113.5,113.4,24.0,199515.0
2011-03-29,113.3,112.5,113.125,113.0,23.0,134763.0
2011-03-30,113.74,113.25,113.5,113.5,28.0,176296.0
2011-03-31,114.99,113.9,114.5,114.0,26.0,169270.0
2011-04-01,117.0,114.75,117.125,115.0,22.0,181986.0
2011-04-04,118.15,117.5,118.125,117.5,34.0,219079.0
2011-04-05,118.25,117.12,117.875,118.25,18.0,76482.0
2011-04-06,119.89,118.0,118.25,118.15,43.0,339408.0
2011-04-07,118.84,117.51,118.125,117.751,12.0,72050.0
2011-04-08,118.45,117.76,118.125,117.87,20.0,183695.0
2011-04-11,119.5,118.5,119.0,118.5,11.0,77636.0
2011-04-12,119.0,118.01,118.5,118.9,10.0,65196.0
2011-04-13,119.39,118.375,118.75,119.39,9.0,84370.0
2011-04-14,118.75,117.5,118.0,118.0,10.0,67650.0
2011-04-15,118.0,117.0,118.0,117.49,10.0,62944.0
2011-04-18,117.5,115.85,115.875,117.5,29.0,138726.0
2011-04-19,116.0,115.125,115.875,116.0,8.0,15993.0
2011-04-20,118.5,116.35,118.0,118.5,23.0,97120.0
2011-04-21,118.0,117.0,117.5,117.16,19.0,82210.0
2011-04-26,118.0,115.0,116.25,117.49,22.0,124420.0
2011-04-27,117.0,115.5,115.875,117.0,14.0,84752.0
2011-04-28,116.74,115.5,116.0,116.74,9.0,56356.0
2011-04-29,116.0,116.0,116.0,116.0,0.0,0.0
2011-05-02,116.0,116.0,116.0,116.0,0.0,0.0
2011-05-03,116.24,115.61,115.875,115.61,11.0,26596.0
2011-05-04,115.5,113.0,113.875,115.5,21.0,108083.0
2011-05-05,114.8,112.25,112.75,114.8,16.0,58335.0
2011-05-06,114.425,112.425,114.0,112.425,11.0,32289.0
2011-05-09,115.188,113.25,114.875,114.9,20.0,143578.0
2011-05-10,116.25,115.5,116.25,115.5,19.0,85775.0
2011-05-11,116.24,114.25,115.0,115.663,14.0,128039.0
2011-05-12,115.9,114.2,115.0,115.9,20.0,114175.0
2011-05-13,115.5,114.0,115.125,115.333,11.0,84981.0
2011-05-16,116.0,114.36,116.0,114.46,17.0,139880.0
2011-05-17,115.25,114.0,114.0,114.0,17.0,77957.0
2011-05-18,115.74,113.475,114.75,115.0,26.0,211669.0
2011-05-19,116.03,113.75,114.5,115.975,17.0,126722.0
2011-05-20,116.0,113.75,114.5,115.74,19.0,74402.0
2011-05-23,114.64,113.0,113.0,114.5,24.0,153344.0
2011-05-24,114.5,113.5,114.25,114.24,21.0,174182.0
2011-05-25,114.25,112.5,112.5,114.25,17.0,43073.0
2011-05-26,113.5,112.5,113.5,113.38,22.0,111932.0
2011-05-27,113.39,113.38,113.125,113.39,2.0,19720.0
2011-05-30,113.125,113.125,113.125,113.125,0.0,0.0
2011-05-31,114.0,112.5,112.875,113.38,33.0,290027.0
2011-06-01,113.0,112.01,112.25,112.5,25.0,158913.0
2011-06-02,112.25,111.833,112.25,112.0,12.0,81286.0
2011-06-03,113.0,110.11,111.5,111.11,25.0,254832.0
2011-06-06,113.25,111.5,113.0,111.5,25.0,148429.0
2011-06-07,113.75,112.25,113.75,112.89,31.0,182975.0
2011-06-08,113.5,112.11,113.5,113.0,24.0,207385.0
2011-06-09,113.3,111.75,112.875,113.25,8.0,10190.0
2011-06-10,113.5,111.91,113.5,112.66,20.0,132860.0
2011-06-13,113.5,111.61,113.5,111.61,12.0,38196.0
2011-06-14,114.25,113.0,113.625,113.5,35.0,342290.0
2011-06-15,114.25,113.25,113.75,113.36,7.0,75732.0
2011-06-16,113.87,112.61,113.0,113.25,26.0,191134.0
2011-06-17,113.5,112.111,113.5,113.25,14.0,135219.0
2011-06-20,113.0,111.65,112.25,112.0,10.0,132858.0
2011-06-21,113.75,112.12,113.5,112.99,14.0,128401.0
2011-06-22,114.5,113.5,114.0,113.9,13.0,135586.0
2011-06-23,114.14,112.5,114.0,114.14,9.0,39088.0
2011-06-24,114.5,113.15,114.25,114.0,14.0,91688.0
2011-06-27,113.89,113.15,113.5,113.16,9.0,54706.0
2011-06-28,114.75,114.75,114.75,114.75,12.0,107626.0
2011-06-29,115.25,114.25,115.25,114.5,14.0,50767.0
2011-06-30,118.0,115.25,118.0,115.25,38.0,890827.0
2011-07-01,118.0,116.65,118.0,116.65,9.0,82404.0
2011-07-04,119.0,117.5,119.0,118.0,9.0,44576.0
2011-07-05,119.25,118.87,119.25,118.88,8.0,62820.0
2011-07-06,119.12,119.12,118.75,119.12,2.0,3510.0
2011-07-07,119.13,118.37,118.5,118.37,8.0,60071.0
2011-07-08,119.75,117.5,118.0,119.25,14.0,75261.0
2011-07-11,119.0,117.25,117.625,118.62,12.0,48749.0
2011-07-12,116.5,115.088,116.5,116.49,13.0,79415.0
2011-07-13,116.74,115.5,115.5,116.5,5.0,14729.0
2011-07-14,116.8,115.1,116.0,116.15,10.0,72174.0
2011-07-15,116.8,115.4,116.125,116.0,8.0,78795.0
2011-07-18,116.5,115.0,115.25,116.5,13.0,75396.0
2011-07-19,115.75,114.0,114.0,115.25,9.0,37291.0
2011-07-20,115.75,114.0,115.0,115.75,11.0,121928.0
2011-07-21,115.325,113.75,113.75,115.0,12.0,32001.0
2011-07-22,115.0,113.51,114.25,115.0,9.0,74618.0
2011-07-23,114.25,114.25,114.25,114.25,0.0,0.0
2011-07-25,114.5,112.6,113.375,114.5,9.0,41725.0
2011-07-26,112.75,111.66,112.25,112.0,8.0,92900.0
2011-07-27,112.0,110.5,111.125,111.75,22.0,110673.0
2011-07-28,111.9,110.75,111.25,110.875,14.0,56575.0
2011-07-29,112.25,109.86,112.25,109.86,21.0,236235.0
2011-08-01,113.25,111.2,112.25,111.99,25.0,73949.0
2011-08-02,113.5,111.26,113.5,112.89,14.0,69115.0
2011-08-03,112.0,109.5,112.0,110.5,98.0,285259.0
2011-08-04,112.25,107.61,108.25,112.0,28.0,354687.0
2011-08-05,106.4,102.822,104.125,105.0,33.0,304485.0
2011-08-08,103.5,101.26,102.0,102.25,39.0,127138.0
2011-08-09,102.5,96.0,102.5,99.0,203.0,377903.0
2011-08-10,103.75,100.5,101.5,102.5,32.0,249614.0
2011-08-11,102.219,101.01,102.0,101.5,13.0,60005.0
2011-08-12,104.0,102.0,104.0,102.0,17.0,161929.0
2011-08-15,104.75,102.01,104.75,103.55,16.0,76954.0
2011-08-16,104.5,103.61,103.75,104.5,19.0,244587.0
2011-08-17,104.49,103.5,104.0,104.39,22.0,79940.0
2011-08-18,104.39,101.5,102.0,103.52,16.0,107411.0
2011-08-19,101.5,99.75,101.5,100.25,25.0,198484.0
2011-08-22,101.99,100.0,101.0,101.4,11.0,70892.0
2011-08-23,101.99,99.6,100.5,101.99,7.0,37618.0
2011-08-24,102.65,100.99,102.375,101.0,11.0,79973.0
2011-08-25,103.1,102.0,102.0,102.75,15.0,93724.0
2011-08-26,103.25,101.0,102.625,103.0,13.0,106428.0
2011-08-29,102.625,102.625,102.625,102.625,0.0,0.0
2011-08-30,105.64,104.5,105.0,105.0,18.0,113081.0
2011-08-31,107.0,105.5,107.0,105.6,9.0,56951.0
2011-09-01,107.5,106.5,107.5,107.0,17.0,74980.0
2011-09-02,107.0,106.25,106.75,106.5,17.0,106017.0
2011-09-05,105.0,103.5,103.5,104.75,13.0,63313.0
2011-09-06,104.0,102.5,102.5,103.74,13.0,136921.0
2011-09-07,105.74,105.25,105.5,105.25,9.0,60310.0
2011-09-08,107.0,105.0,106.5,105.24,16.0,121812.0
2011-09-09,107.25,106.01,107.25,107.0,12.0,65727.0
2011-09-12,106.75,105.0,106.75,106.5,8.0,49461.0
2011-09-13,106.5,104.611,106.5,104.611,9.0,53809.0
2011-09-14,106.389,104.746,105.5,106.389,2.0,11850.0
2011-09-15,106.5,104.76,106.5,106.4,9.0,26592.0
2011-09-16,107.99,106.25,107.0,106.25,14.0,135769.0
2011-09-19,107.55,106.0,106.25,106.5,14.0,45980.0
2011-09-20,107.05,106.0,106.125,106.85,7.0,64938.0
2011-09-21,106.558,105.0,105.75,106.5575,7.0,38197.0
2011-09-22,106.0,100.76,101.0,106.0,19.0,117660.0
2011-09-23,101.44,97.25,100.0,101.0,27.0,248073.0
2011-09-26,99.5,96.5,97.125,97.0,35.0,249982.0
2011-09-27,101.5,99.5,101.5,99.99,20.0,151657.0
2011-09-28,102.0,100.0,100.0,102.0,16.0,106140.0
2011-09-29,100.5,99.5,100.0,100.39,5.0,36812.0
2011-09-30,100.24,99.2,99.5,99.575,26.0,248070.0
2011-10-03,98.24,96.51,98.0,98.24,8.0,28296.0
2011-10-04,97.0,96.5,97.125,96.5,14.0,148354.0
2011-10-05,98.25,96.5,96.75,98.0,68.0,955434.0
2011-10-06,99.5,99.0,99.25,99.5,15.0,175957.0
2011-10-07,101.0,99.25,101.0,99.25,13.0,101241.0
2011-10-10,102.0,100.0,102.125,100.0,10.0,60350.0
2011-10-11,102.9,101.75,102.25,102.49,8.0,50345.0
2011-10-12,103.5,102.0,102.75,102.99,7.0,23505.0
2011-10-13,103.0,102.0,102.0,102.25,12.0,82079.0
2011-10-14,103.5,103.0,102.5,103.0,14.0,146962.0
2011-10-17,104.889,102.51,104.0,104.0,11.0,120653.0
2011-10-18,103.0,101.5,102.25,103.0,12.0,138632.0
2011-10-19,103.889,102.75,103.25,103.0,8.0,91434.0
2011-10-20,103.639,100.5,100.5,103.639,7.0,96850.0
2011-10-21,102.75,101.85,102.25,102.75,8.0,109288.0
2011-10-24,104.75,104.5,104.75,104.5,9.0,52330.0
2011-10-25,103.75,102.5,102.5,103.75,20.0,149813.0
2011-10-26,104.513,102.75,104.0,104.335,9.0,71660.0
2011-10-27,106.65,105.25,106.25,106.5,24.0,214705.0
2011-10-28,107.0,105.35,107.0,105.35,8.0,102413.0
2011-10-31,107.0,105.25,105.75,106.1,11.0,88217.0
2011-11-01,104.69,103.1,103.75,103.5,15.0,122966.0
2011-11-02,105.0,103.51,104.5,104.75,13.0,111355.0
2011-11-03,104.95,102.25,103.5,104.95,30.0,260060.0
2011-11-04,105.0,104.0,104.5,104.0,28.0,466845.0
2011-11-07,106.0,103.62,105.625,104.89,26.0,198048.0
2011-11-08,106.25,105.0,106.0,106.0,18.0,220890.0
2011-11-09,106.97,105.0,105.875,106.95,9.0,82065.0
2011-11-10,104.4,103.0,104.375,103.0,5.0,57695.0
2011-11-11,105.9,104.0,104.0,104.01,26.0,508571.0
2011-11-14,107.0,105.61,106.5,106.0,10.0,100064.0
2011-11-15,106.64,105.25,106.0,105.26,11.0,123074.0
2011-11-16,106.25,105.16,106.25,105.5,29.0,230211.0
2011-11-17,105.75,105.16,105.75,105.66,9.0,121100.0
2011-11-18,104.889,103.833,104.0,104.5,13.0,92727.0
2011-11-21,103.5,102.5,103.25,103.5,32.0,343427.0
2011-11-22,105.5,104.6,104.75,104.6,9.0,49167.0
2011-11-23,104.25,102.65,103.25,104.24,39.0,170719.0
2011-11-24,104.5,102.65,103.75,103.15,12.0,119444.0
2011-11-25,104.75,102.26,104.75,103.0,23.0,176720.0
2011-11-28,105.5,102.5,102.75,105.24,27.0,324842.0
2011-11-29,104.75,102.75,103.375,104.413,16.0,95604.0
2011-11-30,103.75,102.4,102.5,102.75,44.0,643283.0
2011-12-01,106.23,104.5,104.5,105.0,14.0,127373.0
2011-12-02,106.5,105.0,105.875,105.99,15.0,145076.0
2011-12-05,107.5,105.75,106.5,106.775,26.0,206617.0
2011-12-06,107.0,104.61,105.625,106.99,16.0,199034.0
2011-12-07,106.738,105.01,105.75,106.25,9.0,88205.0
2011-12-08,106.25,104.5,104.5,106.24,18.0,101065.0
2011-12-09,104.89,103.5,104.0,104.0,12.0,99785.0
2011-12-12,105.0,103.251,103.75,104.0,30.0,202791.0
2011-12-13,104.34,103.75,104.25,104.26,15.0,127116.0
2011-12-14,103.58,102.5,103.25,103.58,24.0,144354.0
2011-12-15,103.4,102.5,102.875,103.33,11.0,63348.0
2011-12-16,103.5,102.25,102.25,103.33,13.0,126160.0
2011-12-19,104.037,102.25,103.75,104.0369,17.0,74209.0
2011-12-20,103.75,102.01,102.5,102.5,24.0,116433.0
2011-12-21,104.49,102.25,103.375,104.49,13.0,76301.0
2011-12-22,104.25,102.26,103.375,103.2,13.0,55617.0
2011-12-23,104.45,102.21,103.5,102.5,6.0,113808.0
2011-12-27,103.5,103.5,103.5,103.5,0.0,0.0
2011-12-28,104.45,102.333,103.0,104.45,6.0,58755.0
2011-12-29,104.75,101.5,102.25,103.5,11.0,65828.0
2011-12-30,104.0,102.5,103.25,103.75,15.0,204479.0
2012-01-02,103.25,103.25,103.25,103.25,0.0,0.0
2012-01-03,105.5,103.76,104.25,105.45,29.0,146030.0
2012-01-04,105.5,104.0,104.625,105.2,16.0,126255.0
2012-01-05,106.0,104.0,104.875,105.24,33.0,312632.0
2012-01-06,105.488,103.51,104.625,105.0,13.0,73236.0
2012-01-09,107.0,105.6,106.125,106.0,23.0,152054.0
2012-01-10,107.25,106.25,106.25,106.75,37.0,335087.0
2012-01-11,107.462,106.5,106.5,106.75,16.0,77057.0
2012-01-12,107.814,106.25,107.25,106.99,22.0,180911.0
2012-01-13,107.9,106.0,107.125,106.7728,25.0,310141.0
2012-01-16,107.44,105.5,106.75,107.44,17.0,115802.0
2012-01-17,110.5,108.5,109.0,108.5,44.0,305846.0
2012-01-18,109.5,108.5,109.25,109.23,31.0,98912.0
2012-01-19,110.25,100.25,110.25,109.5,15.0,96265.0
2012-01-20,110.5,110.0,109.75,110.01,16.0,148929.0
2012-01-23,110.5,110.0,109.875,110.445,22.0,228288.0
2012-01-24,110.0,109.25,109.5,109.5,20.0,206005.0
2012-01-25,109.75,108.5,108.75,109.0,29.0,271752.0
2012-01-26,110.5,108.53,110.5,109.0,27.0,118253.0
2012-01-27,110.5,110.03,110.375,110.44,25.0,95983.0
2012-01-30,110.5,109.25,109.75,110.25,25.0,146330.0
2012-01-31,111.5,110.5,110.375,110.7123,33.0,238679.0
2012-02-01,111.5,111.0,110.625,111.14,29.0,774628.0
2012-02-02,113.5,111.0,112.125,113.31,27.0,193800.0
2012-02-03,115.75,112.1,115.25,112.7,27.0,218013.0
2012-02-05,115.25,115.25,115.25,115.25,0.0,0.0
2012-02-06,115.87,114.85,115.125,115.87,25.0,128191.0
2012-02-07,115.75,114.52,115.75,115.25,17.0,143754.0
2012-02-08,116.25,114.0,115.125,115.45,48.0,298425.0
2012-02-09,116.25,114.25,116.0,114.81,35.0,249301.0
2012-02-10,115.938,113.4,113.0,115.5,42.0,201025.0
2012-02-13,115.5,113.5,114.5,113.5,61.0,451916.0
2012-02-14,115.5,114.375,115.5,115.5,35.0,280189.0
2012-02-15,116.0,114.5,115.25,115.55,36.0,214169.0
2012-02-16,115.75,114.0,115.25,115.74,23.0,102144.0
2012-02-17,116.0,114.9,115.125,116.0,24.0,280352.0
2012-02-20,116.75,114.85,116.5,115.98,46.0,229341.0
2012-02-21,116.7,115.438,116.125,116.7,43.0,235467.0
2012-02-22,116.9,115.875,116.5,116.75,26.0,127947.0
2012-02-23,117.5,116.0,116.75,116.97,39.0,201980.0
2012-02-24,117.5,116.1,117.5,117.0,33.0,156378.0
2012-02-27,117.25,115.25,116.25,117.25,46.0,263451.0
2012-02-28,117.13,116.0,116.75,116.5,39.0,321615.0
2012-02-29,118.48,117.09,117.25,117.09,54.0,335484.0
2012-03-01,118.25,117.26,118.0,117.74,37.0,223556.0
2012-03-02,118.25,117.5,117.875,118.12,39.0,163664.0
2012-03-05,118.5,117.35,117.875,118.15,53.0,330112.0
2012-03-06,118.0,115.5,116.125,117.87,67.0,320144.0
2012-03-07,116.5,115.25,115.875,116.43,32.0,203710.0
2012-03-08,117.5,116.06,117.25,117.25,53.0,207306.0
2012-03-09,117.8,116.91,117.75,117.5,45.0,163000.0
2012-03-12,117.75,116.5,117.5,117.7213,41.0,244421.0
2012-03-13,118.75,117.16,118.75,117.84,54.0,349313.0
2012-03-14,119.0,118.0,119.0,118.5,55.0,313531.0
2012-03-15,119.0,117.5,118.75,118.64,61.0,243876.0
2012-03-16,118.639,117.5,118.5,118.4,58.0,444478.0
2012-03-19,118.889,117.0,117.0,117.65,44.0,271326.0
2012-03-20,117.7,115.75,116.0,116.75,63.0,425247.0
2012-03-21,116.49,115.51,115.75,116.49,53.0,451946.0
2012-03-22,116.18,114.25,115.0,115.9,42.0,412011.0
2012-03-23,115.5,114.542,115.5,114.625,40.0,295459.0
2012-03-26,115.899,115.0,115.0,115.399,53.0,332076.0
2012-03-27,116.65,115.5,115.5,115.95,70.0,554594.0
2012-03-28,116.25,115.0,115.5,115.625,39.0,409107.0
2012-03-29,115.87,114.5,115.0,115.87,45.0,288725.0
2012-03-30,116.12,115.0,116.0,115.37,47.0,247584.0
2012-04-02,116.25,115.0,115.25,116.19,106.0,337398.0
2012-04-03,116.5,116.0,116.5,116.0,74.0,552530.0
2012-04-04,116.75,115.75,116.0,116.48,70.0,523105.0
2012-04-05,116.5,115.88,116.25,116.0,55.0,339569.0
2012-04-08,116.25,116.25,116.25,116.25,0.0,0.0
2012-04-09,116.25,116.25,116.25,116.25,0.0,0.0
2012-04-10,116.0,114.5,114.5,115.5,72.0,406957.0
2012-04-11,115.0,113.25,113.25,114.84,55.0,449059.0
2012-04-12,114.5,113.5,114.125,114.25,61.0,504951.0
2012-04-13,114.5,113.63,113.625,113.75,38.0,748824.0
2012-04-16,115.13,113.55,114.5,113.55,53.0,306727.0
2012-04-17,115.5,113.55,114.25,114.0,47.0,249101.0
2012-04-18,115.7,114.0,113.75,115.24,40.0,158407.0
2012-04-19,115.22,113.75,114.375,114.99,33.0,140748.0
2012-04-20,115.167,113.5,114.0,115.1666,60.0,343817.0
2012-04-23,114.47,113.5,113.625,114.05,41.0,281318.0
2012-04-24,114.0,113.5,113.5,113.75,30.0,177893.0
2012-04-25,114.13,113.575,113.875,114.13,41.0,405580.0
2012-04-26,114.0,113.5,113.5,113.75,46.0,334011.0
2012-04-27,114.0,113.42,113.625,113.75,52.0,276746.0
2012-04-30,114.14,113.5,113.625,113.63,33.0,359656.0
2012-05-01,113.93,113.5,113.75,113.68,53.0,193823.0
2012-05-02,114.42,113.5,113.5,114.34,42.0,256647.0
2012-05-03,114.25,113.75,114.0,113.89,50.0,526480.0
2012-05-04,114.25,113.25,113.25,114.25,41.0,698540.0
2012-05-07,113.25,113.25,113.25,113.25,0.0,0.0
2012-05-08,113.75,112.76,113.125,113.3,38.0,266238.0
2012-05-09,113.24,112.0,113.0,112.75,40.0,320049.0
2012-05-10,113.0,111.75,113.0,112.74,54.0,268902.0
2012-05-11,112.5,111.111,112.0,112.5,42.0,222565.0
2012-05-14,112.42,109.649,109.75,111.425,51.0,328928.0
2012-05-15,110.5,109.01,109.75,110.275,23.0,118540.0
2012-05-16,109.0,108.01,108.375,109.0,43.0,246509.0
2012-05-17,110.0,108.5,109.0,108.5,52.0,283052.0
2012-05-18,108.25,106.75,107.0,108.25,30.0,149207.0
2012-05-21,107.75,106.5,107.25,107.75,32.0,188690.0
2012-05-22,109.5,108.0,108.625,108.75,33.0,127352.0
2012-05-23,109.25,107.5,108.5,108.75,31.0,291187.0
2012-05-24,108.89,107.5,108.0,108.5,20.0,119520.0
2012-05-25,108.74,107.5,108.25,108.74,31.0,225533.0
2012-05-28,109.0,107.5,107.5,108.99,37.0,161680.0
2012-05-29,108.5,107.52,108.25,108.0,26.0,113161.0
2012-05-30,108.5,107.5,107.875,108.5,27.0,174360.0
2012-05-31,108.25,107.5,107.75,107.51,31.0,163205.0
2012-06-01,108.0,107.5,107.875,107.51,42.0,202949.0
2012-06-04,107.875,107.875,107.875,107.875,0.0,0.0
2012-06-05,107.875,107.875,107.875,107.875,0.0,0.0
2012-06-06,108.5,107.5,108.0,108.5,52.0,106780.0
2012-06-07,109.0,107.5,109.0,108.25,170.0,618767.0
2012-06-08,109.0,107.0,108.5,109.0,26.0,120732.0
2012-06-11,110.25,108.156,109.0,109.74,84.0,604913.0
2012-06-12,109.25,108.0,108.75,108.99,46.0,257822.0
2012-06-13,109.75,108.25,109.75,109.25,29.0,153743.0
2012-06-14,109.5,108.5,109.5,108.55,37.0,149682.0
2012-06-15,109.5,108.185,108.25,109.5,75.0,220248.0
2012-06-18,109.5,108.5,109.0,109.42,25.0,169470.0
2012-06-19,110.0,108.662,110.0,109.16,34.0,156810.0
2012-06-20,112.0,110.61,111.5,110.61,36.0,258699.0
2012-06-21,111.75,109.5,110.75,111.75,53.0,327958.0
2012-06-22,109.875,108.225,109.75,109.5,29.0,182633.0
2012-06-25,110.25,109.0,109.75,110.125,30.0,79315.0
2012-06-26,110.25,109.188,109.625,110.25,25.0,178731.0
2012-06-27,109.87,108.5,108.5,109.75,40.0,556403.0
2012-06-28,109.3,108.5,108.5,109.0,23.0,215570.0
2012-06-29,110.25,108.858,109.625,110.0,63.0,826762.0
2012-07-02,110.64,109.9,110.5,110.64,61.0,330178.0
2012-07-03,113.25,110.44,112.25,111.5,51.0,539853.0
2012-07-04,113.74,112.01,112.75,112.875,22.0,85624.0
2012-07-05,113.99,112.51,113.75,113.56,30.0,164373.0
2012-07-06,113.5,112.0,113.25,113.0,30.0,207177.0
2012-07-07,113.25,113.25,113.25,113.25,0.0,0.0
2012-07-08,113.25,113.25,113.25,113.25,0.0,0.0
2012-07-09,113.39,112.0,113.25,113.25,37.0,231236.0
2012-07-10,113.5,111.76,113.5,112.75,32.0,313027.0
2012-07-11,113.0,111.75,112.125,112.75,27.0,185865.0
2012-07-12,112.51,110.63,111.0,112.5,32.0,335749.0
2012-07-13,111.63,110.5,111.375,111.63,27.0,176803.0
2012-07-16,112.49,110.25,110.5,111.1,22.0,174922.0
2012-07-17,111.75,110.25,111.75,111.5,23.0,72911.0
2012-07-18,111.49,110.917,111.375,111.1,18.0,74310.0
2012-07-19,112.5,111.01,111.5,111.01,36.0,340939.0
2012-07-20,112.49,111.25,111.25,111.75,32.0,152174.0
2012-07-23,111.5,110.0,110.0,111.5,27.0,142539.0
2012-07-24,111.25,110.25,110.75,111.25,38.0,159484.0
2012-07-25,110.95,110.0,110.0,110.89,16.0,46102.0
2012-07-26,112.0,110.5,112.0,111.5842,31.0,183282.0
2012-07-27,112.5,111.5,112.25,112.49,19.0,110280.0
2012-07-30,113.5,112.26,113.5,112.26,31.0,161434.0
2012-07-31,114.34,113.25,114.25,113.41,24.0,133801.0
2012-08-01,114.5,113.5,114.5,114.39,33.0,231112.0
2012-08-02,114.5,113.5,113.75,114.5,31.0,319798.0
2012-08-03,114.75,113.689,114.75,113.74,19.0,185935.0
2012-08-06,116.5,115.0,116.0,115.0,30.0,159938.0
2012-08-07,116.5,115.75,115.75,116.25,28.0,190542.0
2012-08-08,116.25,115.5,115.5,116.25,32.0,175653.0
2012-08-09,116.25,115.75,116.125,116.0,27.0,164392.0
2012-08-10,116.25,115.25,115.25,116.0,40.0,333852.0
2012-08-13,115.75,115.0,115.25,115.26,27.0,124232.0
2012-08-14,116.25,115.188,116.25,115.5,21.0,229673.0
2012-08-15,115.89,114.5,114.5,115.89,45.0,395568.0
2012-08-16,116.25,114.51,115.5,116.25,21.0,158659.0
2012-08-17,115.5,114.99,115.125,115.0,33.0,239492.0
2012-08-20,115.5,114.5,115.0,114.939,51.0,391608.0
2012-08-21,115.0,114.26,114.625,115.0,25.0,189541.0
2012-08-22,115.75,114.0,115.75,114.0,29.0,112127.0
2012-08-23,115.39,114.25,114.75,115.24,25.0,199164.0
2012-08-24,114.438,114.0,114.5,114.24,17.0,145112.0
2012-08-27,114.5,114.5,114.5,114.5,0.0,0.0
2012-08-28,114.875,114.0,114.375,114.1,27.0,85779.0
2012-08-29,114.34,114.0,114.0,114.125,12.0,88655.0
2012-08-30,114.59,113.875,113.75,113.875,23.0,69317.0
2012-08-31,114.0,112.5,113.75,114.0,31.0,308153.0
2012-09-03,114.0,112.875,113.5,113.74,25.0,129270.0
2012-09-04,114.0,111.25,111.25,113.0,31.0,244471.0
2012-09-05,112.533,111.01,111.25,112.533,41.0,208065.0
2012-09-06,113.75,112.5,113.75,112.5,20.0,135410.0
2012-09-07,114.75,114.01,114.5,114.75,20.0,106602.0
2012-09-10,115.35,114.0,114.0,114.74,21.0,82825.0
2012-09-11,115.5,113.75,113.75,115.35,25.0,113722.0
2012-09-12,115.5,114.26,115.5,114.74,21.0,143819.0
2012-09-13,115.25,114.3,115.0,114.4375,37.0,183321.0
2012-09-14,117.5,115.5,116.0,117.5,60.0,287647.0
2012-09-17,116.97,116.11,116.75,116.75,18.0,103022.0
2012-09-18,116.875,115.5,116.0,116.875,25.0,162944.0
2012-09-19,116.25,115.0,115.25,115.875,26.0,231328.0
2012-09-20,114.85,114.0,114.0,114.5,23.0,147035.0
2012-09-21,114.94,113.5,113.5,114.01,31.0,224016.0
2012-09-24,114.5,113.5,114.125,114.25,29.0,125490.0
2012-09-25,114.75,113.75,114.75,113.76,29.0,252604.0
2012-09-26,114.0,113.25,114.0,113.25,34.0,209624.0
2012-09-27,113.75,113.0,113.75,113.36,29.0,162463.0
2012-09-28,114.5,112.5,112.5,114.0,45.0,246000.0
2012-10-01,114.5,112.75,114.0,114.0,34.0,182664.0
2012-10-02,114.25,113.5,114.25,113.99,25.0,139973.0
2012-10-03,114.5,113.44,114.25,114.24,38.0,249331.0
2012-10-04,114.25,113.0,113.75,113.151,20.0,170744.0
2012-10-05,114.24,113.5,113.75,113.651,30.0,139928.0
2012-10-08,114.75,113.53,113.75,114.57,43.0,467515.0
2012-10-09,114.45,113.6,114.25,114.0,36.0,175557.0
2012-10-10,114.74,113.65,114.25,114.235,39.0,206080.0
2012-10-11,115.0,113.9,115.0,114.5,48.0,522577.0
2012-10-12,115.35,114.65,114.875,115.09,36.0,116789.0
2012-10-15,115.25,114.5,114.5,114.66,58.0,384477.0
2012-10-16,115.45,114.88,115.125,114.99,63.0,569648.0
2012-10-17,116.0,115.15,115.5,115.35,43.0,181698.0
2012-10-18,116.0,115.5,115.625,115.7,56.0,423466.0
2012-10-19,116.0,115.625,115.75,115.625,46.0,270064.0
2012-10-22,116.0,115.4,115.625,115.5,33.0,142466.0
2012-10-23,116.0,115.25,115.625,115.685,47.0,191994.0
2012-10-24,116.0,115.5,115.875,116.0,43.0,193256.0
2012-10-25,118.25,115.66,118.25,115.999,56.0,682311.0
2012-10-26,118.49,117.0,117.75,117.5,37.0,291413.0
2012-10-29,118.0,117.411,117.75,117.99,32.0,159929.0
2012-10-30,118.5,117.911,118.125,117.95,31.0,235562.0
2012-10-31,117.3,116.5,117.0,116.938,31.0,191911.0
2012-11-01,117.0,116.313,116.75,116.625,35.0,296414.0
2012-11-02,116.899,115.25,115.875,116.899,38.0,300441.0
2012-11-05,116.0,115.438,115.625,115.99,32.0,101421.0
2012-11-06,116.4,115.5,116.125,116.0,35.0,249870.0
2012-11-07,117.25,116.5,116.875,116.865,25.0,109009.0
2012-11-08,117.0,115.75,115.75,116.5,27.0,167424.0
2012-11-09,117.0,115.5,115.5,116.97,33.0,243758.0
2012-11-12,117.25,115.815,117.25,116.845,45.0,232798.0
2012-11-13,116.49,115.51,115.75,115.51,34.0,211192.0
2012-11-14,116.663,114.5,114.5,115.75,34.0,335643.0
2012-11-15,115.0,114.01,115.0,114.1,38.0,193353.0
2012-11-16,115.0,114.01,114.75,114.7,49.0,341173.0
2012-11-19,115.149,113.75,115.0,114.899,58.0,384428.0
2012-11-20,115.0,114.438,115.0,114.899,35.0,162050.0
2012-11-21,115.02,114.625,114.875,114.75,34.0,186001.0
2012-11-22,115.17,114.75,114.875,114.9,45.0,337664.0
2012-11-23,116.0,115.0,115.25,115.225,47.0,303213.0
2012-11-26,115.5,115.0,115.0,115.499,33.0,208016.0
2012-11-27,116.0,115.5,115.75,115.75,35.0,267076.0
2012-11-28,116.0,115.25,115.75,115.87,30.0,223403.0
2012-11-29,117.65,116.0,116.25,116.0,53.0,478384.0
2012-11-30,117.25,116.188,116.625,117.24,47.0,301444.0
2012-12-03,117.25,116.0,116.625,116.96,45.0,286439.0
2012-12-04,117.09,116.2313,116.625,116.96,29.0,196211.0
2012-12-05,118.25,117.0,117.375,117.25,36.0,184753.0
2012-12-06,119.0,118.0,118.375,118.13,51.0,290627.0
2012-12-07,120.0,117.625,119.625,118.5,58.0,353644.0
2012-12-10,120.2,119.5,120.0,120.0,92.0,302126.0
2012-12-11,120.5,119.25,119.5,119.999,73.0,474751.0
2012-12-12,120.3898,119.5,119.875,120.06,62.0,339246.0
2012-12-13,120.31,119.5,119.5,120.0,62.0,366715.0
2012-12-14,121.79,120.25,120.25,121.79,59.0,366723.0
2012-12-17,121.25,119.0,119.0,121.0,55.0,408403.0
2012-12-18,120.75,119.01,119.75,120.49,54.0,255950.0
2012-12-19,120.5,119.75,120.25,120.5,79.0,655932.0
2012-12-20,120.5,119.75,120.25,120.0,47.0,191661.0
2012-12-21,120.0,118.0,118.0,119.875,52.0,254556.0
2012-12-24,120.0,118.76,119.625,119.5,14.0,101263.0
2012-12-27,120.875,119.75,120.125,120.25,20.0,313991.0
2012-12-28,120.125,119.0,120.25,119.76,33.0,243354.0
2012-12-31,120.74,119.51,120.25,120.25,27.0,95615.0
2013-01-02,122.399,120.7,122.0,121.0,91.0,610606.0
2013-01-03,123.499,121.8,123.0,122.0,66.0,499422.0
2013-01-04,124.5,123.4,124.5,123.499,68.0,431719.0
2013-01-07,124.4,123.5,124.0,124.4,61.0,412030.0
2013-01-08,124.39,123.489,123.5,124.375,66.0,417603.0
2013-01-09,125.45,123.74,124.375,123.92,69.0,542276.0
2013-01-10,125.0,124.05,125.0,124.89,68.0,365655.0
2013-01-11,124.75,123.5,124.75,124.5,54.0,228605.0
2013-01-14,125.25,124.0,124.5,124.4,51.0,244783.0
2013-01-15,125.25,123.25,123.25,124.3,54.0,359092.0
2013-01-16,124.75,123.0,123.5,124.25,49.0,278279.0
2013-01-17,124.5,123.75,124.0,124.0,63.0,420661.0
2013-01-18,126.3,125.26,125.875,125.5,53.0,312143.0
2013-01-21,126.75,125.5,126.75,126.0,67.0,422064.0
2013-01-22,126.56,125.75,126.375,126.25,59.0,313829.0
2013-01-23,127.1,126.0,125.875,126.75,55.0,305224.0
2013-01-24,128.0,126.25,128.0,126.25,68.0,532976.0
2013-01-25,127.78,125.51,126.0,127.25,61.0,376240.0
2013-01-28,127.24,126.26,126.625,126.5,56.0,352141.0
2013-01-29,128.75,126.75,126.75,126.825,75.0,583081.0
2013-01-30,127.75,127.0,127.25,127.75,51.0,406756.0
2013-01-31,127.5,126.25,127.0,127.249,51.0,264669.0
2013-02-01,128.75,126.438,128.375,126.438,55.0,354567.0
2013-02-04,129.41,128.0,128.0,128.55,48.0,301156.0
2013-02-05,128.84,127.5,127.75,127.75,63.0,219842.0
2013-02-06,129.9,127.75,127.75,128.59,73.0,614248.0
2013-02-07,128.5,126.25,126.75,128.2,53.0,270867.0
2013-02-08,127.5,126.75,127.5,127.49,51.0,475678.0
2013-02-11,128.25,126.51,128.25,126.71,57.0,299172.0
2013-02-12,130.99,127.48,129.5,128.09,66.0,539539.0
2013-02-13,130.25,129.125,130.25,129.15,43.0,311341.0
2013-02-14,130.95,129.25,129.875,130.2,41.0,320523.0
2013-02-15,131.0,129.0,130.5,130.5,38.0,178051.0
2013-02-18,131.0,129.25,130.25,130.89,46.0,255888.0
2013-02-19,130.75,129.01,129.75,130.74,54.0,261954.0
2013-02-20,132.0,130.01,131.75,130.01,54.0,206378.0
2013-02-21,131.39,129.875,130.0,131.1,51.0,309777.0
2013-02-22,130.75,129.5,129.5,130.62,48.0,323698.0
2013-02-25,133.99,131.01,132.5,131.5,53.0,352805.0
2013-02-26,131.81,129.5,130.375,131.01,39.0,248690.0
2013-02-27,132.0,131.4375,132.0,132.0,33.0,169011.0
2013-02-28,132.5,131.65,132.5,131.95,49.0,315753.0
2013-03-01,133.0,131.0,131.0,132.34,39.0,338435.0
2013-03-04,132.36,131.0,131.0,132.36,50.0,312340.0
2013-03-05,133.5,130.51,133.0,132.75,71.0,558879.0
2013-03-06,134.84,133.375,134.0,133.75,58.0,439337.0
2013-03-07,135.0,134.0,135.0,134.25,46.0,289691.0
2013-03-08,137.0,134.75,135.0,136.5,75.0,508413.0
2013-03-11,137.25,135.25,135.75,136.5,88.0,428202.0
2013-03-12,137.25,134.76,135.0,136.5,81.0,345448.0
2013-03-13,135.75,134.5,134.875,135.75,65.0,369372.0
2013-03-14,135.25,134.5,135.0,135.25,80.0,358350.0
2013-03-15,135.01,130.25,131.0,135.01,95.0,845659.0
2013-03-18,131.25,128.2025,131.0,130.25,74.0,329342.0
2013-03-19,131.2375,128.25,128.5,130.998,74.0,600274.0
2013-03-20,130.3,128.25,128.25,130.3,61.0,347331.0
2013-03-21,130.15,128.5,128.5,128.5,75.0,436648.0
2013-03-22,129.25,126.55,127.75,128.85,109.0,738271.0
2013-03-25,130.8,127.0,127.25,128.89,95.0,797235.0
2013-03-26,129.4,127.25,128.25,127.78,92.0,555947.0
2013-03-27,131.5,129.35,129.5,129.7,92.0,527402.0
2013-03-28,130.75,129.38,130.5,130.3,85.0,583157.0
2013-04-01,130.5,130.5,130.5,130.5,0.0,0.0
2013-04-02,132.0,129.75,130.75,130.7,97.0,561795.0
2013-04-03,132.0,129.75,129.75,131.72,80.0,533045.0
2013-04-04,131.78,128.75,128.75,130.0,103.0,581266.0
2013-04-05,129.99,127.51,128.25,128.0,185.0,343921.0
2013-04-08,128.75,126.01,127.5,128.5,160.0,1336417.0
2013-04-09,128.74,127.25,128.25,127.25,75.0,530760.0
2013-04-10,130.5,128.6052,130.5,128.625,74.0,445578.0
2013-04-11,131.0,128.85,130.25,130.25,77.0,594468.0
2013-04-12,129.95,129.0,129.5,129.95,51.0,251440.0
2013-04-15,130.2,128.25,128.75,129.01,64.0,295091.0
2013-04-16,129.5,127.5,128.875,128.0,62.0,404212.0
2013-04-17,130.0,128.5,128.5,129.5,75.0,461122.0
2013-04-18,129.74,127.0,127.0,128.99,75.0,426088.0
2013-04-19,130.0,128.2,130.0,129.1875,36.0,239718.0
2013-04-22,131.25,130.0,131.0,130.0,72.0,447165.0
2013-04-23,131.5,128.91667,130.25,131.5,70.0,482434.0
2013-04-24,131.25,130.0,131.25,130.24,61.0,278273.0
2013-04-25,131.25,130.026,131.0,131.132,70.0,472730.0
2013-04-26,131.25,129.76,131.0,130.74,64.0,406752.0
2013-04-29,130.5,129.25,129.25,129.65,64.0,357860.0
2013-04-30,131.079,130.07,130.75,130.6,58.0,218381.0
2013-05-01,131.5,130.25,131.5,130.75,50.0,423605.0
2013-05-02,131.0,130.0,131.0,130.99,58.0,369482.0
2013-05-03,131.5,130.375,131.0,130.5,48.0,319332.0
2013-05-06,131.0,131.0,131.0,131.0,0.0,0.0
2013-05-07,133.75,131.75,133.75,131.75,58.0,393782.0
2013-05-08,135.5,133.25,135.5,133.25,55.0,375051.0
2013-05-09,135.5,134.3125,134.875,135.24,46.0,233224.0
2013-05-10,136.0,134.25,136.0,135.235,62.0,349473.0
2013-05-13,136.0,134.375,134.75,135.625,61.0,208155.0
2013-05-14,137.25,135.25,137.25,135.25,63.0,442015.0
2013-05-15,137.25,136.0,137.25,136.99,68.0,390056.0
2013-05-16,137.5,135.5,136.25,136.6875,58.0,342084.0
2013-05-17,137.25,136.25,137.25,136.25,48.0,232752.0
2013-05-20,139.0,136.3125,139.0,136.3125,55.0,316330.0
2013-05-21,139.0,137.25,139.0,138.25,60.0,338728.0
2013-05-22,139.75,138.01,139.0,138.625,64.0,251168.0
2013-05-23,137.49,135.5,135.5,136.5895,55.0,349251.0
2013-05-24,137.24,135.0,135.0,136.5,54.0,294764.0
2013-05-27,135.0,135.0,135.0,135.0,0.0,0.0
2013-05-28,138.0,136.38,138.0,136.38,53.0,375416.0
2013-05-29,137.6875,136.01,136.5,137.6875,34.0,144463.0
2013-05-30,136.1,132.0,133.5,136.1,61.0,376399.0
2013-05-31,133.0,132.25,133.0,132.89,41.0,201512.0
2013-06-03,132.0,130.5,130.5,132.0,68.0,409012.0
2013-06-04,131.75,130.5,131.0,131.57,49.0,355827.0
2013-06-05,130.5,128.0,128.0,130.0,63.0,403989.0
2013-06-06,128.375,125.0,125.0,128.0625,57.0,229588.0
2013-06-07,125.875,124.0,124.75,125.74,76.0,481058.0
2013-06-10,127.81,126.0,126.75,126.0,73.0,426898.0
2013-06-11,126.2,124.062,125.5,126.2,52.0,275797.0
2013-06-12,124.75,121.0,121.0,124.062,95.0,736692.0
2013-06-13,120.75,117.23,120.0,118.5,116.0,777141.0
2013-06-14,122.5,121.25,121.25,121.44,73.0,392192.0
2013-06-17,123.15,121.5,122.75,122.875,83.0,391039.0
2013-06-18,123.25,121.51,123.25,122.99,73.0,310982.0
2013-06-19,123.0,122.0,123.0,122.99,67.0,318090.0
2013-06-20,121.05,118.0,118.0,121.05,97.0,526062.0
2013-06-21,118.8,114.75,114.75,117.875,85.0,784811.0
2013-06-24,117.2,113.5,114.75,117.2,112.0,777685.0
2013-06-25,116.5,113.95,115.5,114.26,93.0,551777.0
2013-06-26,117.0,114.0,117.0,114.0,90.0,627062.0
2013-06-27,120.89,117.4375,119.5,117.4375,71.0,429123.0
2013-06-28,124.5,121.5,123.25,121.5,55.0,443698.0
2013-07-01,124.49,122.0,123.5,122.0,56.0,273256.0
2013-07-02,124.5,123.5,124.0,124.24,44.0,219149.0
2013-07-03,122.8,121.25,121.25,122.8,53.0,572546.0
2013-07-04,123.399,121.0,123.25,122.0,39.0,308647.0
2013-07-05,125.0,123.25,123.75,124.25,66.0,292742.0
2013-07-08,123.5,121.86,123.25,123.125,64.0,263194.0
2013-07-09,124.75,122.5,124.75,123.25,82.0,385284.0
2013-07-10,125.0,123.5,124.75,124.5625,49.0,292032.0
2013-07-11,126.25,125.05,126.25,125.5,40.0,201046.0
2013-07-12,126.25,124.5,124.5,125.5,50.0,267566.0
2013-07-15,127.15,125.0,126.25,125.0,68.0,324350.0
2013-07-16,127.75,125.25,125.25,126.8125,58.0,372113.0
2013-07-17,127.75,125.59375,127.0,125.59375,33.0,124636.0
2013-07-18,127.6,125.25,127.0,127.309,36.0,138813.0
2013-07-19,127.4375,125.5,126.5,127.4375,51.0,258186.0
2013-07-22,127.2,124.75,124.75,127.2,44.0,279347.0
2013-07-23,127.25,125.5,125.25,125.814,44.0,232166.0
2013-07-24,127.15,125.35,125.5,126.78125,47.0,245238.0
2013-07-25,126.619,124.8,125.5,126.619,32.0,181096.0
2013-07-26,126.25,124.0,124.0,124.75,39.0,195438.0
2013-07-29,125.75,123.0,123.0,124.5,47.0,246842.0
2013-07-30,125.65625,123.5,124.5,125.65625,29.0,208386.0
2013-07-31,124.873,123.0,123.0,124.559,35.0,222798.0
2013-08-01,126.12,123.75,126.0,123.75,34.0,181001.0
2013-08-02,127.0,125.5,127.0,126.8125,38.0,229771.0
2013-08-05,126.6,125.5,126.25,126.6,46.0,179994.0
2013-08-06,126.365,122.0,122.0,125.5,57.0,238643.0
2013-08-07,124.0,121.5,121.5,124.0,53.0,306204.0
2013-08-08,123.75,121.25,121.5,121.94,69.0,382185.0
2013-08-09,123.5,121.0,121.0,122.9,53.0,308231.0
2013-08-12,123.74,121.75,122.0,121.975,71.0,205692.0
2013-08-13,124.5,122.51,124.0,123.4375,63.0,301142.0
2013-08-14,124.0,121.75,122.5,123.8125,51.0,269986.0
2013-08-15,123.24,121.0,121.0,123.24,64.0,336186.0
2013-08-16,121.75,120.0,120.5,121.213,56.0,287813.0
2013-08-19,121.75,119.5,119.5,121.5,51.0,219521.0
2013-08-20,119.75,117.0,117.0,118.75,67.0,420520.0
2013-08-21,119.5,116.0,116.0,119.5,62.0,206119.0
2013-08-22,118.4,116.25,116.5,116.5,39.0,301923.0
2013-08-23,118.2,116.0,116.0,116.26,58.0,169687.0
2013-08-26,116.0,116.0,116.0,116.0,0.0,0.0
2013-08-27,117.5,114.25,114.25,117.5,92.0,509656.0
2013-08-28,114.75,113.01,114.5,114.75,75.0,325451.0
2013-08-29,115.884,114.5,115.75,114.5,55.0,314732.0
2013-08-30,116.39,115.02,116.0,115.5,39.0,258951.0
2013-09-02,118.4,116.5,118.0,116.5,55.0,438981.0
2013-09-03,119.25,118.01,119.25,119.2,59.0,302876.0
2013-09-04,119.25,117.0,117.0,119.25,163.0,418147.0
2013-09-05,118.5,118.0,118.5,118.275,133.0,287122.0
2013-09-06,119.47,117.5,118.0,118.75,77.0,349023.0
2013-09-09,122.4,118.625,121.5,119.487,86.0,531547.0
2013-09-10,125.25,122.25,125.25,122.5,79.0,437124.0
2013-09-11,125.462,124.313,124.75,124.313,114.0,675017.0
2013-09-12,125.5,124.6,125.0,124.95,60.0,244478.0
2013-09-13,125.5,124.75,125.0,125.25,77.0,332635.0
2013-09-16,125.34,124.0,124.0,125.34,56.0,307028.0
2013-09-17,125.25,124.5,125.0,125.25,57.0,243281.0
2013-09-18,124.0,119.5,120.0,124.0,149.0,466280.0
2013-09-19,123.25,122.35,123.0,123.0,119.0,490389.0
2013-09-20,123.0,121.25,121.25,122.72,60.0,394902.0
2013-09-23,122.35,121.0,121.0,122.2,56.0,524648.0
2013-09-24,122.5,121.195,122.5,122.24,101.0,211354.0
2013-09-25,122.25,121.0,122.0,121.125,47.0,220261.0
2013-09-26,122.11,120.0,120.5,121.42,56.0,265910.0
2013-09-27,120.874,120.1875,120.5,120.874,37.0,366109.0
2013-09-30,120.25,117.25,117.5,120.25,66.0,257924.0
2013-10-01,118.998,118.25,118.25,118.25,51.0,244669.0
2013-10-02,119.0,118.0,118.0,118.1875,66.0,227788.0
2013-10-03,119.865,118.5,119.5,119.375,44.0,297399.0
2013-10-04,121.625,119.5,121.25,119.856,63.0,281042.0
2013-10-07,121.5,120.0,121.5,121.25,45.0,243783.0
2013-10-08,122.0,121.0,121.5,122.0,46.0,231683.0
2013-10-09,122.0,121.0,121.0,121.573,49.0,242830.0
2013-10-10,122.25,121.0,122.25,121.26,125.0,598509.0
2013-10-11,123.36,122.75,123.25,122.75,71.0,272025.0
2013-10-14,123.25,122.5,122.5,122.875,44.0,241162.0
2013-10-15,123.75,122.563,123.5,123.25,109.0,444411.0
2013-10-16,123.6498,122.9833,122.875,123.6498,56.0,360664.0
2013-10-17,123.94,122.5,122.5,123.94,43.0,253006.0
2013-10-18,124.0,122.75,124.0,123.7,83.0,640492.0
2013-10-21,124.925,123.945,124.75,124.0,104.0,457849.0
2013-10-22,124.8125,124.18,124.75,124.74,94.0,458831.0
2013-10-23,125.25,124.0,124.5,125.25,62.0,267954.0
2013-10-24,125.25,124.25,124.25,125.25,58.0,365576.0
2013-10-25,125.49,124.01,124.25,125.49,44.0,218407.0
2013-10-28,125.25,124.0794,125.25,124.37,75.0,333230.0
2013-10-29,125.05,124.0,125.0,124.85,55.0,270186.0
2013-10-30,125.373,124.111,125.125,124.111,46.0,337049.0
2013-10-31,125.125,124.0,125.0,125.098,49.0,222630.0
2013-11-01,125.25,124.0,124.0,124.85,49.0,248814.0
2013-11-04,124.84,124.0,124.75,124.84,43.0,237743.0
2013-11-05,125.0,124.0,124.0,124.81,54.0,263722.0
2013-11-06,125.0,124.125,124.625,124.248,29.0,190203.0
2013-11-07,124.7,122.0,122.0,124.7,50.0,274286.0
2013-11-08,123.615,121.5,121.5,122.07,44.0,251592.0
2013-11-11,122.75,121.75,122.0,122.0,126.0,388849.0
2013-11-12,122.75,121.78,122.25,122.75,39.0,157646.0
2013-11-13,122.656,118.5,118.75,122.656,105.0,360774.0
2013-11-14,120.875,119.25,120.125,120.875,51.0,309635.0
2013-11-15,121.5,118.25,118.5,119.49,67.0,493051.0
2013-11-18,121.14,119.69,120.0,119.763,65.0,283475.0
2013-11-19,122.0,120.43,121.125,120.43,60.0,315878.0
2013-11-20,122.0,120.5,120.5,121.005,77.0,209535.0
2013-11-21,121.85,118.75,118.75,120.45,85.0,438153.0
2013-11-22,120.0,118.075,119.0,119.6875,31.0,138712.0
2013-11-25,120.34,118.5,119.0,119.105,35.0,254155.0
2013-11-26,119.79,118.5,118.5,119.555,50.0,161128.0
2013-11-27,119.5,117.0,117.25,119.16,45.0,226882.0
2013-11-28,119.25,118.0,118.0,119.02,36.0,122007.0
2013-11-29,119.5,118.0,119.25,118.78,43.0,268725.0
2013-12-02,120.0,117.5,117.5,120.0,56.0,264416.0
2013-12-03,119.0,117.27,117.5,118.375,70.0,477346.0
2013-12-04,117.75,115.5,115.5,117.625,62.0,295874.0
2013-12-05,117.6,116.1,116.25,116.5,76.0,334890.0
2013-12-06,118.0,116.269,117.0,116.45,75.0,428599.0
2013-12-09,117.62,116.25,116.5,117.49429,75.0,358912.0
2013-12-10,118.5,116.0,116.0,118.5,60.0,298334.0
2013-12-11,117.528,116.0,116.5,117.528,40.0,197507.0
2013-12-12,117.0,115.5,116.0,117.0,48.0,226932.0
2013-12-13,116.0,115.0,116.0,115.575,55.0,204586.0
2013-12-16,116.75,114.01,116.75,114.75,85.0,524199.0
2013-12-17,116.5,115.5,115.5,116.063,50.0,224460.0
2013-12-18,116.5,115.05,116.5,115.288,63.0,481037.0
2013-12-19,117.25,115.0,115.0,116.5,75.0,383932.0
2013-12-20,115.35,112.25,112.25,115.35,61.0,337880.0
2013-12-23,114.5,112.95,114.0,112.95,71.0,449304.0
2013-12-24,115.09,114.0,115.0,114.25,31.0,130663.0
2013-12-27,115.075,113.9375,115.0,114.9,50.0,91687.0
2013-12-30,115.24,113.5,114.25,113.9375,49.0,251118.0
2013-12-31,115.36,114.5,114.75,115.0,32.0,104367.0
2014-01-02,115.24,113.0,113.0,115.24,53.0,291796.0
2014-01-03,113.74,111.4042,112.25,112.5,63.0,311039.0
2014-01-06,113.0,111.51,112.0,111.7,79.0,348754.0
2014-01-07,113.24,112.01,112.625,112.7,45.0,243137.0
2014-01-08,113.375,111.55,112.375,113.0,54.0,295965.0
2014-01-09,112.038,111.01,111.75,112.038,46.0,238718.0
2014-01-10,112.75,110.921,112.75,111.0,50.0,292474.0
2014-01-13,112.75,111.55,111.75,111.75,107.0,601486.0
2014-01-14,112.75,111.75,111.75,112.468,67.0,224536.0
2014-01-15,113.75,112.112,113.0,112.112,43.0,254358.0
2014-01-16,114.11,113.0,113.0,114.11,83.0,458424.0
2014-01-17,114.25,112.5,112.5,114.25,68.0,293840.0
2014-01-20,114.25,112.458,113.0,112.925,91.0,435702.0
2014-01-21,114.045,112.5,112.5,114.045,61.0,363925.0
2014-01-22,113.75,112.5,112.5,113.476,48.0,181462.0
2014-01-23,113.75,109.0,109.0,112.643,127.0,586448.0
2014-01-24,111.25,109.0,111.0,110.625,67.0,430003.0
2014-01-27,110.0,105.559,105.75,110.0,109.0,572026.0
2014-01-28,107.25,105.5,106.625,106.8125,67.0,382369.0
2014-01-29,108.25,106.5,106.5,107.0,67.0,458358.0
2014-01-30,107.0,106.0,106.5,106.5,42.0,184373.0
2014-01-31,107.0,104.797,107.0,106.007,122.0,402655.0
2014-02-03,107.0,105.0,107.0,106.5,50.0,414307.0
2014-02-04,107.0,105.267,106.25,105.461,57.0,300380.0
2014-02-05,106.75,105.0,106.75,106.6775,60.0,338320.0
2014-02-06,107.1,106.25,106.5,106.25,46.0,429818.0
2014-02-07,108.31,106.55,107.25,107.45,60.0,396660.0
2014-02-10,108.6,107.545,108.5,108.4125,88.0,410892.0
2014-02-11,109.0,108.09,109.0,109.0,39.0,287100.0
2014-02-12,109.698,108.5,109.5,108.953,61.0,344659.0
2014-02-13,109.5,106.56,107.5,108.66667,41.0,200701.0
2014-02-14,108.19,107.268,108.0,107.5,50.0,282578.0
2014-02-17,108.9,107.0,107.0,108.088,69.0,276537.0
2014-02-18,109.0,107.775,108.75,107.7925,48.0,223713.0
2014-02-19,108.375,106.8,108.0,108.1075,66.0,296821.0
2014-02-20,108.0,106.432,107.75,106.767,56.0,389217.0
2014-02-21,108.5,107.0,108.25,107.4,55.0,409894.0
2014-02-24,108.275,106.75,107.5,108.0,52.0,240039.0
2014-02-25,108.25,107.5,108.0,107.5,37.0,224698.0
2014-02-26,108.0,107.5,107.5,107.98,39.0,203648.0
2014-02-27,108.24,107.082,108.0,108.13,69.0,657752.0
2014-02-28,108.5,107.0,108.25,108.0,65.0,383815.0
2014-03-03,107.25,105.75,106.75,106.15,63.0,297252.0
2014-03-04,107.75,106.0,107.75,106.65,67.0,396456.0
2014-03-05,108.5,106.5,108.5,106.5,80.0,421666.0
2014-03-06,109.0,107.7875,108.0,108.25,68.0,415654.0
2014-03-07,109.5,107.502,108.5,108.97,85.0,616934.0
2014-03-10,109.11,108.0,109.0,108.75,67.0,415365.0
2014-03-11,109.25,108.0,108.0,108.46,67.0,385026.0
2014-03-12,108.0,106.25,108.0,107.75,95.0,477123.0
2014-03-13,107.7125,106.5,106.5,107.7125,61.0,366172.0
2014-03-14,106.925,105.0,105.5,106.21,77.0,588726.0
2014-03-17,108.0,106.51,107.75,106.75,73.0,583716.0
2014-03-18,108.5,107.0,108.0,107.505,75.0,592361.0
2014-03-19,108.5,107.5,108.0,108.0,85.0,431815.0
2014-03-20,108.75,106.757,108.75,107.35,70.0,435236.0
2014-03-21,108.75,108.0,108.0,108.0,77.0,576796.0
2014-03-24,108.75,107.5,108.5,107.5,54.0,312729.0
2014-03-25,109.5,107.5,108.75,107.5,81.0,535737.0
2014-03-26,112.25,109.0,111.5,109.0,103.0,696782.0
2014-03-27,112.0,110.0,111.0,111.5,72.0,296228.0
2014-03-28,112.75,111.5,112.75,112.0,92.0,568171.0
2014-03-31,113.9593,112.75,113.25,112.75,89.0,677134.0
2014-04-01,114.75,113.0,114.5,113.0,91.0,656347.0
2014-04-02,115.0,114.31,115.0,114.5,67.0,609374.0
2014-04-03,115.0,113.75,114.75,114.0,76.0,367619.0
2014-04-04,114.79,113.66,114.75,114.0,69.0,307582.0
2014-04-07,114.0,112.6632,114.0,113.0,80.0,561939.0
2014-04-08,114.75,112.75,114.75,112.75,64.0,331212.0
2014-04-09,115.0,112.75,113.5,113.0,74.0,246387.0
2014-04-10,115.0,113.75,114.5,114.75,101.0,382599.0
2014-04-11,114.117,113.0,114.0,113.5,78.0,553435.0
2014-04-14,115.0,112.25,115.0,112.25,58.0,263225.0
2014-04-15,115.5,113.0,114.0,113.0,95.0,634706.0
2014-04-16,115.0,113.0,114.0,113.0,58.0,279438.0
2014-04-17,114.83,113.25,114.75,113.25,61.0,472044.0
2014-04-22,115.5,113.75,115.5,114.7485,81.0,486854.0
2014-04-23,115.9,113.75,114.5,113.75,86.0,601623.0
2014-04-24,116.38,114.75,115.75,116.0,65.0,351904.0
2014-04-25,115.5,113.0,114.0,114.0,60.0,376512.0
2014-04-28,113.943,113.25,113.5,113.943,60.0,335250.0
2014-04-29,114.75,113.5,114.5,114.0,48.0,263545.0
2014-04-30,114.5,113.4575,113.75,114.5,35.0,143689.0
2014-05-01,114.38,113.75,113.75,114.0,33.0,235204.0
2014-05-02,115.0,114.0,114.0,114.5,40.0,186073.0
2014-05-05,114.0,114.0,114.0,114.0,0.0,0.0
2014-05-06,115.0,114.0,114.0,115.0,46.0,260177.0
2014-05-07,115.0,114.25,114.25,115.0,44.0,164317.0
2014-05-08,116.25,114.25,116.25,114.25,47.0,328819.0
2014-05-09,116.25,114.5,116.0,114.5,46.0,378885.0
2014-05-12,116.9,116.0,116.5,116.0,81.0,458923.0
2014-05-13,117.75,116.985,117.0,116.985,60.0,364899.0
2014-05-14,118.25,117.022,117.5,117.75,50.0,268466.0
2014-05-15,118.5,117.5,117.5,117.5,68.0,386754.0
2014-05-16,118.0,117.5,117.75,117.5,38.0,300259.0
2014-05-19,118.191,117.0,117.0,117.75,61.0,323570.0
2014-05-20,118.25,117.5,117.5,118.25,45.0,189784.0
2014-05-21,118.0676,117.596,117.75,118.0676,36.0,256368.0
2014-05-22,119.25,117.5,119.0,118.25,54.0,296192.0
2014-05-23,119.175,117.75,118.0,119.1,39.0,183569.0
2014-05-26,118.0,118.0,118.0,118.0,0.0,0.0
2014-05-27,119.25,118.46,118.75,119.25,47.0,314762.0
2014-05-28,120.5,118.4188,120.5,118.4188,51.0,293157.0
2014-05-29,120.99,118.5,120.75,118.5,54.0,272592.0
2014-05-30,121.4485,119.5,121.25,119.5,62.0,242723.0
2014-06-02,121.5,119.93,121.0,120.3975,51.0,186239.0
2014-06-03,121.25,120.505,121.0,121.1188,38.0,180302.0
2014-06-04,120.9,120.0,120.25,120.0,44.0,185449.0
2014-06-05,121.0,120.1875,120.75,121.0,67.0,245863.0
2014-06-06,122.0,120.5,122.0,121.5,83.0,467399.0
2014-06-09,123.5,121.75,122.25,122.5,81.0,436904.0
2014-06-10,123.25,122.5,123.25,123.0,81.0,389360.0
2014-06-11,123.25,122.25,123.0,123.25,75.0,184488.0
2014-06-12,123.0,122.0,122.25,122.0,56.0,215921.0
2014-06-13,122.0,120.5,121.25,122.0,60.0,371385.0
2014-06-16,121.75,120.5,121.0,121.5,64.0,217839.0
2014-06-17,121.49,120.0,120.75,120.5,88.0,316635.0
2014-06-18,121.25,120.25,121.0,120.9625,60.0,154218.0
2014-06-19,121.75,121.0,121.0,121.75,49.0,301129.0
2014-06-20,121.5,120.5,121.0,121.5,56.0,818046.0
2014-06-23,122.0,120.75,121.75,122.0,51.0,172119.0
2014-06-24,121.75,120.0,120.0,121.75,50.0,208339.0
2014-06-25,120.1,119.5,119.625,120.0,46.0,345625.0
2014-06-26,120.75,119.5,119.75,119.5,34.0,241652.0
2014-06-27,121.0,118.5,118.5,121.0,46.0,356472.0
2014-06-30,120.5,119.28,120.0,120.5,41.0,160730.0
2014-07-01,120.25,118.5,118.75,119.0,52.0,282082.0
2014-07-02,121.0,120.0,120.0,121.0,61.0,278772.0
2014-07-03,121.0,119.305,121.0,120.0,57.0,299653.0
2014-07-04,121.0,120.25,120.25,121.0,77.0,316932.0
2014-07-07,122.0,120.25,120.25,121.5,98.0,279854.0
2014-07-08,121.775,121.0,121.0,121.268,66.0,228767.0
2014-07-09,121.8,120.0,121.0,120.0,55.0,289133.0
2014-07-10,121.75,120.773,121.5,121.0,79.0,198185.0
2014-07-11,121.38,120.38,120.5,120.75,71.0,278303.0
2014-07-14,121.89,121.05,121.5,121.38,59.0,340399.0
2014-07-15,122.425,121.5,121.5,122.0,45.0,206871.0
2014-07-16,122.25,121.5,122.25,121.5,48.0,221884.0
2014-07-17,122.25,121.6875,122.0,121.75,56.0,406537.0
2014-07-18,122.0,120.436,121.0,122.0,39.0,92462.0
2014-07-21,121.5,120.1282,121.5,120.75,47.0,188673.0
2014-07-22,121.75,120.0,121.75,120.0,34.0,390744.0
2014-07-23,122.75,120.8,122.5,121.75,69.0,417183.0
2014-07-24,123.5,121.438,123.0,122.488,57.0,328894.0
2014-07-25,123.5,122.1,122.25,123.5,51.0,284924.0
2014-07-28,124.75,123.25,123.5,123.685,74.0,413162.0
2014-07-29,124.488,123.0,123.25,123.0,58.0,217889.0
2014-07-30,125.0,123.435,124.5,125.0,48.0,262903.0
2014-07-31,124.5,122.0,122.0,123.0,44.0,248608.0
2014-08-01,123.5,121.0,121.5,123.5,68.0,273928.0
2014-08-04,123.75,122.484,122.75,123.75,51.0,299194.0
2014-08-05,123.5,122.0625,123.5,123.0,44.0,133236.0
2014-08-06,123.377,121.0,121.0,122.0,52.0,298074.0
2014-08-07,122.25,121.5,122.0,122.0,39.0,182034.0
2014-08-08,120.75,119.51,120.5,120.75,45.0,274415.0
2014-08-11,121.8625,120.3875,121.75,120.75,66.0,369694.0
2014-08-12,122.0,121.1875,121.5,122.0,40.0,142032.0
2014-08-13,124.0,120.9375,123.75,121.75,65.0,310398.0
2014-08-14,124.375,123.01,124.25,124.0,57.0,275655.0
2014-08-15,124.5,123.263,124.0,124.5,42.0,107874.0
2014-08-18,125.25,123.5,124.25,124.0,83.0,486703.0
2014-08-19,126.3012,124.0,125.25,125.5,58.0,388136.0
2014-08-20,125.0,124.0,124.75,125.0,55.0,166517.0
2014-08-21,125.0,123.75,123.75,124.75,38.0,146042.0
2014-08-22,125.0,123.5,123.5,125.0,30.0,149811.0
2014-08-25,123.5,123.5,123.5,123.5,0.0,0.0
2014-08-26,125.0,124.0,124.0,125.0,56.0,239931.0
2014-08-27,125.9,124.63,125.5,125.75,64.0,321078.0
2014-08-28,126.0,124.338,125.0,126.0,38.0,124997.0
2014-08-29,126.0,124.0,124.0,126.0,44.0,118383.0
2014-09-01,125.75,124.0,124.0,125.75,57.0,150810.0
2014-09-02,125.811,124.75,124.75,125.0,71.0,210861.0
2014-09-03,127.0,125.25,126.75,126.25,76.0,230156.0
2014-09-04,127.0,125.6875,126.0,127.0,78.0,217265.0
2014-09-05,128.0,126.65,127.0,127.0,94.0,410599.0
2014-09-08,130.0,127.5625,129.0,127.5625,76.0,294022.0
2014-09-09,129.75,128.25,129.0,128.25,84.0,205310.0
2014-09-10,129.75,127.5,127.5,129.75,83.0,330811.0
2014-09-11,128.0,125.5,126.0,127.5,91.0,346911.0
2014-09-12,126.501,125.25,125.25,126.501,46.0,124558.0
2014-09-15,126.5,125.0,125.0,125.0,48.0,272061.0
2014-09-16,126.0,123.5,123.5,126.0,72.0,260164.0
2014-09-17,125.0,124.0,124.25,124.0,52.0,148615.0
2014-09-18,125.25,122.25,122.5,124.0,60.0,433554.0
2014-09-19,124.25,122.0,122.0,124.0,70.0,470363.0
2014-09-22,124.0,120.5,120.5,124.0,92.0,456980.0
2014-09-23,122.0,119.5,120.5,122.0,90.0,492399.0
2014-09-24,121.668,121.0,121.0,121.668,44.0,276675.0
2014-09-25,121.75,120.0,120.0,121.75,64.0,289274.0
2014-09-26,121.423,119.25,120.0,120.95,40.0,231778.0
2014-09-29,120.0,117.14,118.5,120.0,78.0,387295.0
2014-09-30,118.75,117.6,118.5,118.5,56.0,316898.0
2014-10-01,118.75,117.258,118.0,118.75,47.0,189786.0
2014-10-02,117.8695,116.6875,117.625,116.75,42.0,268562.0
2014-10-03,120.0,117.5,119.0,117.5,76.0,287752.0
2014-10-06,122.75,120.15,120.25,120.5,74.0,383605.0
2014-10-07,122.0,120.5,120.5,122.0,37.0,181649.0
2014-10-08,121.0,119.5,119.75,120.0,57.0,295367.0
2014-10-09,120.75,120.11,120.25,120.75,37.0,207935.0
2014-10-10,119.488,118.0,118.0,119.0,26.0,71103.0
2014-10-13,118.25,116.9,117.5,117.49,60.0,308062.0
2014-10-14,119.0,117.13,119.25,117.5,62.0,366571.0
2014-10-15,119.89,117.11,117.5,119.5,59.0,226190.0
2014-10-16,118.925,116.063,116.5,117.0,44.0,200486.0
2014-10-17,117.25,116.0,116.75,116.0,41.0,158802.0
2014-10-20,118.5,117.76,118.5,118.13,40.0,266329.0
2014-10-21,118.5,117.0,117.25,118.5,64.0,496557.0
2014-10-22,119.0,118.0,119.0,118.5,42.0,203511.0
2014-10-23,119.0,118.25,118.25,119.0,47.0,198177.0
2014-10-24,119.5,118.0,118.0,119.5,21.0,89296.0
2014-10-27,118.633,117.25,117.25,118.0,54.0,336097.0
2014-10-28,118.89,117.25,118.5,117.25,48.0,193738.0
2014-10-29,121.5,119.3,121.5,119.5,42.0,213598.0
2014-10-30,121.39,120.0,120.5,120.0,45.0,333631.0
2014-10-31,123.875,122.75,123.0,123.0,44.0,532531.0
2014-11-03,123.5,122.25,122.25,123.5,50.0,276357.0
2014-11-04,122.75,121.75,121.75,122.25,46.0,184083.0
2014-11-05,122.75,121.75,121.75,121.75,43.0,289003.0
2014-11-06,122.25,120.0,120.0,122.25,59.0,332721.0
2014-11-07,121.25,118.25,118.25,121.25,52.0,341486.0
2014-11-10,120.25,119.5,120.0,120.0,41.0,138406.0
2014-11-11,120.867,119.5625,120.5,120.25,53.0,196646.0
2014-11-12,121.0,120.05,121.0,120.5,49.0,383285.0
2014-11-13,122.005,120.5,122.0,120.5,47.0,252825.0
2014-11-14,122.0,121.5,122.0,121.75,33.0,193054.0
2014-11-17,122.0,121.0,122.0,121.0,46.0,252369.0
2014-11-18,122.14,121.5,122.0,122.0,34.0,157141.0
2014-11-19,122.5,121.46,121.5,122.5,62.0,318243.0
2014-11-20,122.25,121.5,121.5,122.25,30.0,118806.0
2014-11-21,123.75,121.5,123.75,121.5,65.0,311198.0
2014-11-24,125.0,123.5125,125.0,123.575,38.0,233200.0
2014-11-25,125.05,123.0,124.5,123.0,47.0,158606.0
2014-11-26,125.05,124.78,125.0,125.05,31.0,199401.0
2014-11-27,124.75,123.0,123.0,124.0,73.0,310714.0
2014-11-28,124.5,123.28,124.0,124.5,27.0,124532.0
2014-12-01,123.48,122.25,122.75,123.25,38.0,223809.0
2014-12-02,122.75,121.5,122.5,122.49,51.0,271566.0
2014-12-03,122.8,122.0,122.0,122.69,44.0,139463.0
2014-12-04,123.5,123.0,123.5,123.5,50.0,255235.0
2014-12-05,124.25,121.25,121.75,123.0,77.0,444668.0
2014-12-08,122.75,122.0,122.25,122.75,41.0,169354.0
2014-12-09,121.5,119.75,120.75,121.0,53.0,332286.0
2014-12-10,120.75,119.5,119.5,119.5,70.0,476976.0
2014-12-11,120.5,118.5,118.75,120.5,59.0,351262.0
2014-12-12,118.75,116.0,116.0,118.5,57.0,287507.0
2014-12-15,117.5,112.5,112.5,116.705,90.0,439123.0
2014-12-16,113.95,111.779,112.0,113.95,78.0,382181.0
2014-12-17,114.5,111.0,114.5,111.7,94.0,442380.0
2014-12-18,115.5,113.75,115.5,114.25,83.0,404631.0
2014-12-19,117.0,115.5,115.5,116.35,58.0,324177.0
2014-12-22,117.25,116.5,116.5,116.8,28.0,184779.0
2014-12-23,117.0625,116.25,116.75,117.0,37.0,263949.0
2014-12-24,116.993,116.25,116.5,116.25,11.0,60962.0
2014-12-29,117.24,116.25,116.875,116.25,15.0,58395.0
2014-12-30,117.25,116.25,117.25,116.25,19.0,71167.0
2014-12-31,117.75,117.0,117.375,117.25,14.0,64263.0
2015-01-02,118.0,116.557,116.75,118.0,31.0,169675.0
2015-01-05,118.0,116.888,117.0,118.0,38.0,198139.0
2015-01-06,116.75,115.5,116.0,116.0,71.0,298003.0
2015-01-07,118.0,116.1897,117.25,117.0,40.0,142648.0
2015-01-08,119.75,118.5,119.25,118.5,37.0,248203.0
2015-01-09,120.5,119.0,119.0,120.5,31.0,165197.0
2015-01-12,120.41,118.0,118.0,119.0,46.0,272853.0
2015-01-13,119.799,118.0,119.5,118.0,22.0,85438.0
2015-01-14,118.51,117.0,118.25,117.0,38.0,193814.0
2015-01-15,119.25,117.5,119.25,118.5,50.0,262458.0
2015-01-16,119.49,118.0,118.25,118.0,36.0,145934.0
2015-01-19,120.0,118.0,118.5,120.0,56.0,235863.0
2015-01-20,119.75,118.985,119.0,119.55,35.0,230834.0
2015-01-21,120.99,119.1801,121.0,119.25,35.0,249435.0
2015-01-22,122.75,121.0,122.625,121.44,28.0,265580.0
2015-01-23,123.5,122.0,123.5,122.0,50.0,220322.0
2015-01-26,123.5,122.0,123.125,122.0,38.0,234494.0
2015-01-27,123.325,121.513,123.0,123.325,42.0,224795.0
2015-01-28,123.363,121.1247,121.5,122.0,48.0,348098.0
2015-01-29,122.0,120.5,121.0,121.5,43.0,286658.0
2015-01-30,121.675,119.005,119.5,120.25,62.0,314608.0
2015-02-02,120.5,119.5,120.0,119.5,52.0,214333.0
2015-02-03,121.233,119.5,120.25,119.5,48.0,225168.0
2015-02-04,120.848,119.5,120.25,119.765,38.0,228295.0
2015-02-05,120.5,118.9,120.5,119.5,29.0,127282.0
2015-02-06,120.5,119.75,120.25,120.25,31.0,244533.0
2015-02-09,120.418,119.11,120.0,119.87,35.0,215496.0
2015-02-10,121.0,119.0,119.5,119.0,48.0,618313.0
2015-02-11,120.75,119.0,119.5,119.0,43.0,187540.0
2015-02-12,120.6125,119.0,120.0,119.0,42.0,205399.0
2015-02-13,121.5,119.75,120.75,119.75,38.0,176499.0
2015-02-16,122.0,120.75,121.875,121.9111,44.0,274083.0
2015-02-17,122.5,121.0,122.5,121.75,61.0,400580.0
2015-02-18,121.958,121.1038,121.25,121.25,47.0,189977.0
2015-02-19,122.5,121.1875,122.0,122.5,31.0,273770.0
2015-02-20,122.25,121.0,121.0,121.0,26.0,87003.0
2015-02-23,123.0,121.0,121.25,123.0,47.0,188975.0
2015-02-24,123.0,121.55,121.75,123.0,43.0,219918.0
2015-02-25,123.0,121.665,122.25,123.0,36.0,225931.0
2015-02-26,122.825,121.25,122.0,121.25,24.0,95879.0
2015-02-27,122.743,121.25,122.0,121.25,21.0,129126.0
2015-03-02,122.75,121.0,121.0,121.25,70.0,392475.0
2015-03-03,122.5,121.25,121.25,122.2625,47.0,239132.0
2015-03-04,122.75,121.0,121.75,121.5,72.0,263935.0
2015-03-05,122.25,121.5,121.75,121.5,51.0,239163.0
2015-03-06,123.0,121.25,121.25,123.0,41.0,305251.0
2015-03-09,122.5,121.0,121.25,122.5,33.0,149022.0
2015-03-10,122.0,117.76,118.0,121.5,72.0,444038.0
2015-03-11,119.25,117.5,117.5,119.25,86.0,929959.0
2015-03-12,118.75,117.3875,118.25,118.75,50.0,222572.0
2015-03-13,119.0,117.0,117.0,119.0,51.0,214609.0
2015-03-16,118.0,117.0,117.75,118.0,58.0,314797.0
2015-03-17,117.75,116.51,117.75,117.2575,66.0,331501.0
2015-03-18,117.75,116.5,117.75,116.5,48.0,313587.0
2015-03-19,118.49,117.0,117.5,117.64,44.0,182147.0
2015-03-20,118.885,118.0,118.25,118.0,43.0,334744.0
2015-03-23,120.25,118.5,119.25,120.25,75.0,389071.0
2015-03-24,119.39,118.0,118.0,118.25,64.0,382725.0
2015-03-25,119.5,117.925,118.25,119.5,74.0,442850.0
2015-03-26,118.575,116.5,116.5,118.575,65.0,448078.0
2015-03-27,117.4,116.5,117.0,116.5,71.0,407785.0
2015-03-30,119.0,117.0,117.75,117.0,77.0,539033.0
2015-03-31,118.75,117.0,117.75,118.75,62.0,525896.0
2015-04-01,118.0,117.0,117.5,117.0,78.0,400739.0
2015-04-02,119.5,117.25,118.75,117.25,37.0,264476.0
2015-04-06,118.75,118.75,118.75,118.75,0.0,0.0
2015-04-07,120.9,120.0,120.0,120.0,63.0,352927.0
2015-04-08,122.0,121.0,121.25,121.0,66.0,308380.0
2015-04-09,123.035,122.0,122.5,122.0,68.0,335212.0
2015-04-10,124.0,122.0,124.0,122.0,72.0,311119.0
2015-04-13,124.67,123.0,123.0,124.0,73.0,268862.0
2015-04-14,123.0,122.0,122.0,123.0,65.0,449422.0
2015-04-15,123.0,121.5,121.5,122.25,69.0,408248.0
2015-04-16,123.25,121.5,121.5,123.25,43.0,235168.0
2015-04-17,122.225,119.5,119.5,122.0,55.0,297592.0
2015-04-20,121.0,119.0,119.0,121.0,71.0,311193.0
2015-04-21,121.0,119.25,120.0,121.0,69.0,321896.0
2015-04-22,120.75,119.0,119.0,120.0,49.0,314450.0
2015-04-23,120.13,119.25,119.75,119.625,32.0,185869.0
2015-04-24,120.25,119.5,120.25,119.5,49.0,245271.0
2015-04-27,122.0,120.0,121.25,120.0,52.0,214572.0
2015-04-28,121.75,117.75,117.75,121.75,90.0,389268.0
2015-04-29,119.05,117.0,117.0,117.5,55.0,325022.0
2015-04-30,118.5,116.5,117.0,116.5,60.0,214603.0
2015-05-01,118.5,116.75,118.0,117.485,49.0,240953.0
2015-05-04,118.0,118.0,118.0,118.0,0.0,0.0
2015-05-05,119.5,117.0,118.0,117.0,50.0,241615.0
2015-05-06,120.0,118.0,118.0,118.0,46.0,172601.0
2015-05-07,118.5,116.99,117.5,118.0,58.0,218494.0
2015-05-08,118.5,117.25,117.5,118.5,60.0,263384.0
2015-05-11,119.75,117.0,117.0,118.39,67.0,421548.0
2015-05-12,118.75,114.5,116.25,118.75,76.0,355735.0
2015-05-13,117.0,116.25,116.25,116.5,51.0,364048.0
2015-05-14,116.8088,116.0,116.0,116.8088,43.0,178687.0
2015-05-15,116.75,115.5,115.5,116.115,74.0,338814.0
2015-05-18,116.585,115.0,115.25,115.265,51.0,221246.0
2015-05-19,118.0,116.188,117.5,116.5625,61.0,466270.0
2015-05-20,118.127,117.25,117.75,118.0,52.0,253535.0
2015-05-21,117.613,115.25,115.25,117.613,42.0,268280.0
2015-05-22,117.0,115.725,116.0,115.875,59.0,249609.0
2015-05-25,116.0,116.0,116.0,116.0,0.0,0.0
2015-05-26,117.25,116.0,117.0,116.9375,38.0,278579.0
2015-05-27,117.5,116.1,117.5,116.25,52.0,243352.0
2015-05-28,117.25,115.25,115.25,116.4725,62.0,185482.0
2015-05-29,116.5,114.5,114.5,116.15,52.0,276522.0
2015-06-01,116.13,114.51,115.75,116.085,69.0,240175.0
2015-06-02,116.3875,114.101,115.25,116.3875,78.0,350577.0
2015-06-03,116.0,114.5,114.5,115.5,40.0,238397.0
2015-06-04,114.85,113.5,113.5,114.25,78.0,254967.0
2015-06-05,114.25,113.085,114.25,113.9875,45.0,333647.0
2015-06-08,114.5,113.0,113.0,114.1875,40.0,204582.0
2015-06-09,114.1,112.0,112.25,114.1,72.0,466105.0
2015-06-10,113.0,112.1875,112.75,112.9,53.0,236169.0
2015-06-11,113.18,112.5,112.5,112.65,34.0,151347.0
2015-06-12,113.0,111.5,111.5,113.0,57.0,317879.0
2015-06-15,112.0,110.5,110.5,111.5,73.0,401658.0
2015-06-16,111.0,109.825,111.0,110.5,87.0,455539.0
2015-06-17,111.25,109.646,110.5,110.8325,78.0,337024.0
2015-06-18,110.5,109.5,110.5,110.5,50.0,257453.0
2015-06-19,110.25,109.25,110.0,110.25,62.0,231863.0
2015-06-22,110.25,109.5,110.25,109.5,54.0,236417.0
2015-06-23,111.0,109.4823,110.25,110.65,51.0,319646.0
2015-06-24,110.46,109.52,109.75,109.52,35.0,152786.0
2015-06-25,109.75,108.5,108.5,109.5,41.0,269625.0
2015-06-26,108.0,107.0,107.25,107.58,40.0,274567.0
2015-06-29,107.25,105.052,107.0,106.5,59.0,305729.0
2015-06-30,109.375,107.0,108.25,107.0,41.0,258164.0
2015-07-01,110.75,109.4,110.0,109.4,67.0,357364.0
2015-07-02,110.88,109.75,109.75,110.69,51.0,265775.0
2015-07-03,110.95,109.513,109.75,110.75,51.0,221242.0
2015-07-06,109.9,108.3408,109.125,108.5,23.0,91377.0
2015-07-07,110.3882,108.268,109.0,108.268,50.0,354314.0
2015-07-08,108.25,107.0,107.5,107.75,43.0,273942.0
2015-07-09,108.5,107.326,108.25,108.05,31.0,156635.0
2015-07-10,109.75,108.489,109.75,109.1,40.0,311280.0
2015-07-13,110.7,109.63,110.25,109.65,57.0,364718.0
2015-07-14,110.355,109.0,109.125,110.0,58.0,328278.0
2015-07-15,109.46,108.45,108.75,109.46,34.0,213293.0
2015-07-16,109.13,108.175,108.5,108.7875,36.0,186751.0
2015-07-17,110.25,108.515,110.25,108.83,42.0,174158.0
2015-07-20,110.25,108.75,110.0,109.99,45.0,258637.0
2015-07-21,109.0,108.0,108.0,108.5,51.0,334189.0
2015-07-22,108.25,106.0,106.25,107.768,76.0,342632.0
2015-07-23,106.75,104.5,105.25,106.01,61.0,446644.0
2015-07-24,104.52,102.5,102.75,104.52,54.0,259985.0
2015-07-27,103.75,98.0,99.25,103.75,92.0,472433.0
2015-07-28,100.5,98.22,100.5,99.6699,55.0,312193.0
2015-07-29,101.5,99.3701,101.25,99.3701,64.0,330245.0
2015-07-30,101.3955,99.5,100.0,101.1093,60.0,376760.0
2015-07-31,100.75,99.497,100.25,100.5,62.0,299257.0
2015-08-03,100.75,98.2513,98.875,100.585,74.0,336661.0
2015-08-04,99.8499,98.25,99.75,98.25,73.0,503955.0
2015-08-05,100.75,99.184,100.0,99.625,75.0,452872.0
2015-08-06,100.75,98.25,99.0,100.54,53.0,304193.0
2015-08-07,99.31,98.25,99.0,99.0,57.0,300249.0
2015-08-10,99.668,98.5001,99.0,99.225,57.0,404633.0
2015-08-11,99.75,98.75,99.0,99.375,91.0,465405.0
2015-08-12,99.01,96.0,97.0,98.75,83.0,411490.0
2015-08-13,98.59,96.5,97.25,98.0,52.0,290712.0
2015-08-14,98.948,97.0,97.0,98.06,43.0,318661.0
2015-08-17,99.0,97.25,97.25,98.75,47.0,216029.0
2015-08-18,97.3521,94.5,95.25,97.27,77.0,367404.0
2015-08-19,95.78,91.75,92.25,95.4799,114.0,667393.0
2015-08-20,92.9918,90.3392,92.0,91.75,50.0,642646.0
2015-08-21,92.49,90.61,91.75,91.5,89.0,380904.0
2015-08-24,89.1875,86.11,87.0,88.25,144.0,665335.0
2015-08-25,94.0,88.275,93.75,88.9295,101.0,665589.0
2015-08-26,93.918,92.832,93.375,93.918,52.0,271627.0
2015-08-27,94.75,92.5,94.5,92.688,67.0,459891.0
2015-08-28,95.505,93.75,94.5,95.505,73.0,433274.0
2015-08-31,94.5,94.5,94.5,94.5,0.0,0.0
2015-09-01,94.9,92.5,92.5,94.69,61.0,279439.0
2015-09-02,95.17,92.49,93.0,95.17,64.0,278698.0
2015-09-03,95.0,93.01,93.5,94.875,46.0,173695.0
2015-09-04,94.0,91.0,91.75,93.01,46.0,309849.0
2015-09-07,92.6925,91.0,91.5,92.47,26.0,171932.0
2015-09-08,93.0,92.0,92.0,92.06,25.0,122705.0
2015-09-09,95.5,93.01,93.25,95.5,51.0,286950.0
2015-09-10,93.243,91.25,91.25,92.53,43.0,241626.0
2015-09-11,92.75,90.0,90.5,92.75,78.0,541099.0
2015-09-14,91.5625,90.0,91.25,90.268,38.0,306470.0
2015-09-15,91.5,89.75,90.5,91.1,68.0,317603.0
2015-09-16,92.9,91.75,92.25,91.76,39.0,181785.0
2015-09-17,93.0,91.5,91.5,93.0,47.0,289131.0
2015-09-18,92.75,90.5,90.75,92.75,53.0,251932.0
2015-09-21,91.6,90.51,90.75,91.6,32.0,220943.0
2015-09-22,91.71,89.0,89.0,90.523,69.0,345904.0
2015-09-23,90.0,89.0,89.5,89.49,43.0,143397.0
2015-09-24,90.05,85.5,85.5,90.05,61.0,361983.0
2015-09-25,88.5,86.775,87.0,87.0,42.0,328895.0
2015-09-28,88.47,85.04,86.125,87.98,44.0,248149.0
2015-09-29,86.5625,84.25,85.5,84.763,71.0,348930.0
2015-09-30,88.238,87.0,87.0,87.375,28.0,298758.0
2015-10-01,89.485,87.172,87.5,88.015,35.0,205456.0
2015-10-02,89.0,86.51,89.0,87.27,43.0,287539.0
2015-10-05,91.25,89.0,90.5,89.0,53.0,214551.0
2015-10-06,91.0,89.5,90.75,89.5,61.0,276269.0
2015-10-07,93.0,91.165,92.0,91.9,43.0,331365.0
2015-10-08,92.75,91.27,91.5,92.53571,37.0,153588.0
2015-10-09,94.5,92.3,93.5,92.54,55.0,239427.0
2015-10-12,94.53,93.25,93.25,93.5,51.0,288248.0
2015-10-13,94.25,92.75,93.0,93.0,37.0,250319.0
2015-10-14,93.782,92.193,93.75,93.0,37.0,151306.0
2015-10-15,94.1,92.5117,93.25,93.75,30.0,121435.0
2015-10-16,95.25,93.25,93.75,94.73,46.0,353506.0
2015-10-19,95.462,93.8275,94.75,94.75,95.0,422751.0
2015-10-20,95.75,94.5,95.75,95.17,43.0,285730.0
2015-10-21,96.0,94.5,96.0,95.5,61.0,341950.0
2015-10-22,96.18,94.875,95.5,96.18,25.0,228683.0
2015-10-23,97.0,94.5,96.75,95.52,42.0,335466.0
2015-10-26,96.31,95.0,95.75,95.59,44.0,339932.0
2015-10-27,96.75,95.015,95.75,96.75,45.0,262512.0
2015-10-28,96.33,94.52,96.125,95.5,26.0,201357.0
2015-10-29,96.25,94.0,96.25,95.5,41.0,237643.0
2015-10-30,96.2,94.0,95.75,94.5,48.0,249028.0
2015-11-02,96.5,94.5,95.25,95.4625,28.0,140627.0
2015-11-03,96.66,94.0,94.25,95.95,38.0,312998.0
2015-11-04,96.7,95.0,95.0,96.7,20.0,124236.0
2015-11-05,97.25,94.75,97.25,96.55,53.0,301170.0
2015-11-06,97.6609,95.5,96.5,96.98,33.0,172154.0
2015-11-09,97.25,95.25,96.75,96.15,39.0,265022.0
2015-11-10,96.5,94.0,94.0,94.773,54.0,266216.0
2015-11-11,96.162,94.0,94.0,94.2258,54.0,344427.0
2015-11-12,95.558,92.523,94.25,94.22,33.0,234514.0
2015-11-13,93.18,91.0,91.25,93.16,44.0,305187.0
2015-11-16,92.2,89.53,91.5,90.97,43.0,270851.0
2015-11-17,93.25,91.25,93.25,93.0,41.0,374473.0
2015-11-18,93.0,90.823,92.25,92.47,26.0,203445.0
2015-11-19,93.75,91.609,93.75,92.0,39.0,277947.0
2015-11-20,93.5,91.5,93.0,91.607,50.0,262824.0
2015-11-23,93.1,91.7523,92.5,91.7523,41.0,223184.0
2015-11-24,93.25,92.25,93.0,93.25,42.0,180839.0
2015-11-25,93.0,91.0,91.0,93.0,65.0,367353.0
2015-11-26,92.1,90.0,90.25,92.1,43.0,284544.0
2015-11-27,91.25,89.0,89.75,90.375,44.0,452126.0
2015-11-30,89.45,87.976,88.0,88.785,74.0,367869.0
2015-12-01,90.5,87.778,88.5,88.4,53.0,305222.0
2015-12-02,89.75,88.275,89.375,89.5,31.0,181566.0
2015-12-03,89.68,87.7054,88.75,89.475,37.0,284496.0
2015-12-04,89.47,87.0,87.0,88.25,55.0,345778.0
2015-12-07,88.93,84.0,84.75,87.77,91.0,466282.0
2015-12-08,85.75,84.25,85.0,84.41,74.0,356893.0
2015-12-09,86.5,84.017,84.625,85.75,62.0,427977.0
2015-12-10,86.0,83.25,83.5,85.75,56.0,338540.0
2015-12-11,84.0,79.0,79.25,83.75,69.0,361280.0
2015-12-14,81.66666,79.5,79.75,80.72,85.0,613493.0
2015-12-15,84.0,79.77,83.5,79.77,66.0,316936.0
2015-12-16,85.0,82.75,84.75,83.75,58.0,419155.0
2015-12-17,86.65,84.35,86.25,84.75,63.0,377999.0
2015-12-18,85.875,85.0,85.75,85.875,31.0,267440.0
2015-12-21,87.7678,84.5,87.0,87.0,37.0,227762.0
2015-12-22,88.0,85.25,88.0,87.11,54.0,421058.0
2015-12-23,89.5,87.2125,88.0,89.0,44.0,261482.0
2015-12-24,89.25,86.5,87.625,87.625,10.0,98393.0
2015-12-28,87.625,87.625,87.625,87.625,0.0,0.0
2015-12-29,89.5,86.5,87.5,89.5,24.0,128733.0
2015-12-30,88.473,86.25,86.25,87.06,12.0,41540.0
2015-12-31,88.5,87.1525,87.125,87.5,12.0,29453.0
2016-01-04,86.45,84.2518,85.75,86.45,42.0,247931.0
2016-01-05,86.2973,84.025,86.25,84.025,33.0,125983.0
2016-01-06,85.998,83.515,84.75,85.998,61.0,295511.0
2016-01-07,82.875,80.5,81.75,82.5,72.0,556873.0
2016-01-08,82.5,81.51,81.875,82.2,46.0,237007.0
2016-01-11,81.5,79.0,81.0,80.338,48.0,312170.0
2016-01-12,81.75,78.5,79.75,81.75,61.0,334119.0
2016-01-13,82.0,79.5,79.75,79.833,51.0,287058.0
2016-01-14,79.795,77.5,78.0,78.65,46.0,275452.0
2016-01-15,78.9575,75.0,75.25,78.9575,64.0,777920.0
2016-01-18,76.585,74.51,75.0,75.265,53.0,258562.0
2016-01-19,77.25,75.52,77.25,77.0,61.0,427038.0
2016-01-20,75.25,73.0,73.0,74.55,65.0,524540.0
2016-01-21,75.5,72.94,75.0,74.125,79.0,505920.0
2016-01-22,77.75,76.0,76.25,77.16,57.0,233819.0
2016-01-25,77.0,75.5,76.5,76.88,36.0,302144.0
2016-01-26,75.5,74.5,74.875,75.0,117.0,450454.0
2016-01-27,75.7,74.0,75.0,75.11,57.0,177739.0
2016-01-28,76.5,75.0,75.0,75.015,37.0,280063.0
2016-01-29,78.0,76.5,76.5,77.1,55.0,364113.0
2016-02-01,77.99,77.0,77.0,77.8398,43.0,216327.0
2016-02-02,78.5,76.02,78.0,78.0,128.0,589990.0
2016-02-03,78.5,77.375,78.0,77.75,108.0,888917.0
2016-02-04,81.5,78.5625,81.5,78.5625,62.0,355099.0
2016-02-05,81.99,80.875,81.0,81.95,58.0,701235.0
2016-02-08,81.0,78.698,80.0,81.0,59.0,317601.0
2016-02-09,80.075,78.252,79.5,79.55,71.0,425185.0
2016-02-10,80.25,79.0,79.625,79.2,56.0,476608.0
2016-02-11,79.5,77.5,78.75,78.2,44.0,247580.0
2016-02-12,80.5,78.285,78.75,79.11,46.0,288929.0
2016-02-15,81.5,79.5,79.5,79.95,38.0,340851.0
2016-02-16,82.3,79.5,81.0,80.75,59.0,654187.0
2016-02-17,82.375,80.0,81.5,80.52,37.0,196719.0
2016-02-18,82.3,80.4445,81.0,81.0,51.0,619468.0
2016-02-19,81.5,80.695,81.375,80.945,36.0,161391.0
2016-02-22,85.75,82.325,85.0,82.325,68.0,398751.0
2016-02-23,87.0,85.0,86.25,85.6625,87.0,358601.0
2016-02-24,87.0,85.5,85.5,87.0,29.0,189511.0
2016-02-25,86.63,84.8,85.25,86.61,36.0,270419.0
2016-02-26,86.863,85.0,86.25,85.99,36.0,277827.0
2016-02-29,86.295,83.5,83.5,85.0,91.0,550992.0
2016-03-01,85.5,83.75,85.375,83.943,78.0,550530.0
2016-03-02,86.0,84.875,85.5,84.875,60.0,680722.0
2016-03-03,87.75,86.0,87.0,87.0,124.0,1117078.0
2016-03-04,89.1469,86.88,88.25,88.0,107.0,1055698.0
2016-03-07,89.75,87.8,89.75,88.6625,65.0,577232.0
2016-03-08,90.4307,88.25,90.0,89.5,83.0,924889.0
2016-03-09,90.0,88.985,90.0,88.985,38.0,788430.0
2016-03-10,89.0,87.25,88.75,89.0,90.0,2076243.0
2016-03-11,90.495,88.7472,90.0,88.75,60.0,674965.0
2016-03-14,91.1,90.0,91.0,90.49,53.0,665573.0
2016-03-15,91.0,89.875,90.75,90.75,48.0,632472.0
2016-03-16,91.175,90.25,90.5,90.7,66.0,808958.0
2016-03-17,92.75,90.45,92.25,91.25,65.0,3514243.0
2016-03-18,92.75,91.61,92.5,92.24,41.0,383411.0
2016-03-21,92.75,91.0,92.0,92.38,63.0,836049.0
2016-03-22,92.5,90.5,91.75,92.24,47.0,1196164.0
2016-03-23,92.5,90.8456,91.25,90.8456,54.0,539224.0
2016-03-24,92.4869,91.0,91.0,92.136,54.0,576722.0
2016-03-28,91.0,91.0,91.0,91.0,0.0,0.0
2016-03-29,92.5,91.25,92.125,92.5,59.0,444636.0
2016-03-30,93.0,91.0,92.75,92.0,73.0,838614.0
2016-03-31,93.7444,91.75,93.5,93.5,65.0,714207.0
2016-04-01,93.5,91.89,93.5,93.35,57.0,582809.0
2016-04-04,93.4,92.0,92.375,92.675,36.0,304032.0
2016-04-05,93.0,91.0,92.125,93.0,78.0,916475.0
2016-04-06,92.5,90.855,92.5,91.275,52.0,427397.0
2016-04-07,92.548,90.75,91.5,92.5,37.0,297384.0
2016-04-08,92.75,91.0,91.875,92.371,44.0,233565.0
2016-04-11,92.5,91.25,92.125,92.3775,61.0,375349.0
2016-04-12,92.995,91.315,92.625,92.44,35.0,356852.0
2016-04-13,95.0,93.0,94.5,93.0,59.0,369346.0
2016-04-14,97.1746,94.5125,96.625,94.5125,55.0,775949.0
2016-04-15,97.75,96.0,96.625,97.5,71.0,384967.0
2016-04-18,96.9,95.6,95.875,96.5,43.0,257746.0
2016-04-19,98.0,95.75,97.0,96.238,42.0,230760.0
2016-04-20,98.0,95.5,98.0,96.935,71.0,905197.0
2016-04-21,99.0,97.25,98.25,97.31,37.0,527937.0
2016-04-22,98.5,97.388,98.0,98.3,49.0,453188.0
2016-04-25,98.75,97.25,97.875,98.5,61.0,562267.0
2016-04-26,99.2,97.25,98.375,97.65,66.0,1620323.0
2016-04-27,98.49,97.5,97.5,98.25,47.0,302936.0
2016-04-28,98.39,97.5,97.75,98.39,39.0,291144.0
2016-04-29,98.19,97.75,98.0,98.19,36.0,382184.0
2016-05-02,98.0,98.0,98.0,98.0,0.0,0.0
2016-05-03,98.4125,97.0,98.0,97.63,51.0,352325.0
2016-05-04,97.75,95.5,95.5,97.75,35.0,267706.0
2016-05-05,96.125,94.5,95.0,95.875,49.0,381044.0
2016-05-06,95.5,93.5,94.25,94.252,34.0,236830.0
2016-05-09,95.5,93.75,94.75,94.289,38.0,301940.0
2016-05-10,96.19,94.75,95.5,95.75,45.0,267364.0
2016-05-11,96.238,94.5,96.0,95.85,30.0,135224.0
2016-05-12,96.5,95.33,95.875,95.33,43.0,660531.0
2016-05-13,96.04,95.26,96.0,95.26,23.0,111691.0
2016-05-16,96.243,95.2017,95.875,95.863,32.0,668390.0
2016-05-17,96.25,94.7677,95.625,95.013,46.0,612386.0
2016-05-18,96.0,93.775,94.0,95.745,38.0,218119.0
2016-05-19,93.7125,91.3875,91.875,92.75,48.0,350619.0
2016-05-20,92.5,91.0,92.5,91.5125,35.0,213944.0
2016-05-23,92.35,91.0,91.5,91.0,42.0,719334.0
2016-05-24,92.5,91.3,91.5,91.813,20.0,322958.0
2016-05-25,92.25,91.25,91.5,91.8,41.0,793993.0
2016-05-26,92.5,91.4,91.625,91.7463,33.0,717749.0
2016-05-27,92.0,91.0,91.5,91.5,56.0,433762.0
2016-05-30,91.5,91.5,91.5,91.5,0.0,0.0
2016-05-31,92.0,89.25,89.75,91.0,53.0,332546.0
2016-06-01,91.5,89.85,90.25,89.85,41.0,292744.0
2016-06-02,91.75,89.5,91.5,89.5,62.0,362667.0
2016-06-03,92.0,90.4432,91.75,91.1775,47.0,576014.0
2016-06-06,94.0,92.0,94.0,92.0,38.0,388162.0
2016-06-07,94.75,93.5625,94.375,93.81,67.0,254515.0
2016-06-08,95.0,93.8125,94.75,94.01,40.0,268830.0
2016-06-09,95.5,94.0,94.625,94.9375,16.0,112992.0
2016-06-10,95.2333,93.42,94.25,94.5,39.0,223201.0
2016-06-13,94.545,91.75,92.5,94.545,63.0,451925.0
2016-06-14,93.5,91.0,91.0,92.37,38.0,564679.0
2016-06-15,93.15,91.0,92.25,91.425,38.0,249160.0
2016-06-16,92.5,89.5,89.5,92.5,47.0,270007.0
2016-06-17,92.0,89.5,92.0,91.5,37.0,214775.0
2016-06-20,92.0,91.0,91.0,91.0,55.0,254465.0
2016-06-21,92.0,90.055,92.0,91.25,63.0,429409.0
2016-06-22,92.0,90.22,91.5,90.6,44.0,221271.0
2016-06-23,91.5,89.4,91.5,91.0,48.0,1879878.0
2016-06-24,92.5,83.0,90.875,87.478,56.0,462697.0
2016-06-27,93.521,91.0,91.625,92.5,29.0,189767.0
2016-06-28,95.5,92.5,94.0,93.5,83.0,316823.0
2016-06-29,98.5,95.1475,98.5,96.9938,107.0,1370610.0
2016-06-30,100.0,97.0,100.0,98.5,47.0,516039.0
2016-07-01,102.0,98.75,102.0,98.88,54.0,444250.0
2016-07-04,102.5228,99.0,102.5,100.75,58.0,381281.0
2016-07-05,102.9825,100.0,101.5,100.88,35.0,455108.0
2016-07-06,103.0,101.125,102.625,101.9983,31.0,261578.0
2016-07-07,104.5,101.51,103.25,103.5,51.0,518367.0
2016-07-08,107.0,103.88,106.5,105.0,41.0,590517.0
2016-07-11,111.0,107.0,110.75,107.0,85.0,506966.0
2016-07-12,112.0,110.11,110.625,111.0,53.0,797904.0
2016-07-13,111.675,110.0,110.75,110.63,44.0,430706.0
2016-07-14,113.0,109.75,111.5,111.0,46.0,351501.0
2016-07-15,113.0,109.553,113.0,110.5,40.0,1528872.0
2016-07-18,113.5,112.625,113.0,112.76,45.0,400647.0
2016-07-19,114.0,112.25,114.0,112.9,46.0,554439.0
2016-07-20,115.5,113.985,115.0,113.985,43.0,825807.0
2016-07-21,115.125,113.75,113.75,114.45,47.0,567333.0
2016-07-22,115.975,113.0,114.875,114.41,45.0,381510.0
2016-07-25,116.5,114.0,115.0,115.135,41.0,272241.0
2016-07-26,116.5,112.5,114.0,116.02,53.0,607500.0
2016-07-27,116.2,113.75,114.875,114.9,33.0,187028.0
2016-07-28,117.0,114.25,116.5,115.25,66.0,681815.0
2016-07-29,116.75,114.25,115.25,116.7281,43.0,249089.0
2016-08-01,117.7827,115.5,115.5,116.536,41.0,158484.0
2016-08-02,116.706,115.0,115.75,115.65,48.0,265645.0
2016-08-03,116.5,115.165,116.0,115.95,49.0,217898.0
2016-08-04,116.5,114.5,115.25,114.9675,43.0,747456.0
2016-08-05,117.0,115.25,116.0,116.5,56.0,203861.0
2016-08-08,115.75,114.5,115.125,115.625,58.0,861122.0
2016-08-09,118.75,115.75,118.75,116.25,53.0,438040.0
2016-08-10,120.5,117.625,120.5,119.0,53.0,376011.0
2016-08-11,121.5,119.0,120.25,120.5,75.0,407891.0
2016-08-12,121.5,120.0,120.25,121.5,49.0,890522.0
2016-08-15,123.0,120.5,122.125,121.468,75.0,471460.0
2016-08-16,123.027,121.0,121.5,123.027,64.0,591953.0
2016-08-17,123.5,120.5,122.625,122.0,44.0,1043310.0
2016-08-18,123.775,121.75,122.375,123.1625,56.0,414374.0
2016-08-19,123.75,121.375,122.25,122.0,41.0,273228.0
2016-08-22,123.3125,121.0,122.0,123.3125,52.0,305668.0
2016-08-23,122.1,120.0,120.0,121.25,66.0,453099.0
2016-08-24,121.25,117.75,118.375,121.25,70.0,913186.0
2016-08-25,117.25,116.0,116.0,117.25,35.0,347602.0
2016-08-26,116.35,113.5,115.0,116.35,47.0,662102.0
2016-08-29,115.0,115.0,115.0,115.0,0.0,0.0
2016-08-30,116.25,114.0,114.375,115.45,46.0,709046.0
2016-08-31,114.425,112.5,114.0,113.75,40.0,282190.0
2016-09-01,114.5,112.2115,114.25,113.275,38.0,595871.0
2016-09-02,118.266,113.98,114.5,114.25,94.0,710265.0
2016-09-05,117.0,115.3,116.25,115.3,39.0,215281.0
2016-09-06,116.9375,115.5,115.5,116.875,46.0,623045.0
2016-09-07,117.0,115.075,115.375,115.5,93.0,379198.0
2016-09-08,117.28,115.5,115.75,116.02,45.0,518665.0
2016-09-09,116.9174,114.25,114.25,116.9174,49.0,416129.0
2016-09-12,114.0,109.5621,110.0,113.6499,107.0,485648.0
2016-09-13,112.3125,110.0,110.0,110.275,45.0,379745.0
2016-09-14,112.75,110.5,111.25,112.0,37.0,163040.0
2016-09-15,111.375,109.75,110.125,110.89,38.0,429646.0
2016-09-16,112.25,109.5,112.25,111.5,64.0,456792.0
2016-09-19,113.425,111.6501,112.5,112.8499,56.0,392217.0
2016-09-20,113.963,111.75,112.25,112.99,48.0,394966.0
2016-09-21,112.75,111.3875,112.0,112.108,52.0,820211.0
2016-09-22,115.5,111.6012,115.25,112.875,61.0,464439.0
2016-09-23,116.85,115.0,116.5,115.075,56.0,470842.0
2016-09-26,117.0,115.4726,116.25,116.375,36.0,957405.0
2016-09-27,117.75,115.70001,117.25,115.80001,39.0,743502.0
2016-09-28,118.0,116.25,117.5,117.5057,30.0,611711.0
2016-09-29,119.75,116.0,119.75,117.75,56.0,768302.0
2016-09-30,118.5,117.5,118.375,118.5,44.0,583355.0
2016-10-03,121.0,117.95,120.5,118.983,85.0,654737.0
2016-10-04,124.0292,120.0,120.5,121.0,499.0,1229556.0
2016-10-05,124.0,122.0,123.0,123.4,67.0,580008.0
2016-10-06,124.282,121.75,122.0,122.0,60.0,395793.0
2016-10-07,125.25,123.25,124.25,123.25,89.0,670915.0
2016-10-10,125.5,124.3751,125.25,125.0,58.0,1091903.0
2016-10-11,125.4877,122.5,123.25,124.375,70.0,432050.0
2016-10-12,125.23,121.5,121.5,125.23,58.0,357512.0
2016-10-13,122.4851,119.0,119.0,122.4851,84.0,802237.0
2016-10-14,120.9999,119.5,120.25,120.5,82.0,354939.0
2016-10-17,122.8178,120.5,122.25,121.0,85.0,708698.0
2016-10-18,125.15,121.9382565,125.0,122.9999,79.0,437460.0
2016-10-19,125.9999,124.0,124.75,125.5,72.0,921949.0
2016-10-20,126.8349,124.0,124.0,124.25,62.0,226864.0
2016-10-21,127.0,124.0,124.0,125.0,63.0,529288.0
2016-10-24,126.25,124.0,125.5,125.0,100.0,1497380.0
2016-10-25,128.3125,125.5401,126.75,126.9799,95.0,610266.0
2016-10-26,127.0,125.25,125.75,126.5,77.0,351241.0
2016-10-27,126.75,125.25,125.625,126.5,50.0,1030392.0
2016-10-28,127.0,125.0,127.0,126.75,46.0,250311.0
2016-10-31,126.8125,125.0,126.0,126.8125,48.0,212587.0
2016-11-01,127.75,125.25,127.25,125.99,88.0,902559.0
2016-11-02,127.0,125.5,126.25,127.0,52.0,522529.0
2016-11-03,126.9649,123.0,123.0,126.9649,61.0,452269.0
2016-11-04,122.9375,119.7626,120.5,122.9375,45.0,265959.0
2016-11-07,123.625,120.9876,122.25,121.0,80.0,896886.0
2016-11-08,123.25,121.75,122.375,122.45,54.0,467375.0
2016-11-09,120.66249,118.25,118.875,118.25,95.0,1893234.0
2016-11-10,120.75,114.5,115.25,119.0,92.0,645159.0
2016-11-11,115.2249,110.0198,111.0,114.9551,121.0,767427.0
2016-11-14,112.5,110.0,110.625,112.5,80.0,500801.0
2016-11-15,113.6,110.44,113.25,110.44,90.0,741539.0
2016-11-16,115.3275,113.11,113.5,113.743,40.0,226251.0
2016-11-17,115.0,113.195,115.0,113.5,52.0,336102.0
2016-11-18,115.0,113.25,113.75,115.0,55.0,367684.0
2016-11-21,115.0,113.85,114.25,113.965,52.0,381529.0
2016-11-22,116.75,113.768,116.0,114.925,60.0,400739.0
2016-11-23,116.5,115.275,115.75,116.188,49.0,388838.0
2016-11-24,116.6436,114.935,115.0,114.97,30.0,246191.0
2016-11-25,116.0,115.0,115.0,115.125,43.0,519916.0
2016-11-28,115.45,114.25,114.5,115.45,50.0,644500.0
2016-11-29,115.25,113.0,114.0,115.25,75.0,653697.0
2016-11-30,114.3125,113.0,113.5,113.0,29.0,568645.0
2016-12-01,113.25,112.0,112.0,113.17,45.0,512872.0
2016-12-02,111.195,110.0,110.0,111.195,37.0,378818.0
2016-12-05,112.0,109.978,112.0,110.375,83.0,523376.0
2016-12-06,112.5,110.25,112.5,112.0,47.0,265921.0
2016-12-07,115.75,111.85,115.25,112.5,67.0,292359.0
2016-12-08,116.9999,114.75,116.25,115.038,44.0,440499.0
2016-12-09,116.5,115.0,116.0,115.0,43.0,1142287.0
2016-12-12,116.743,115.138,115.75,116.525,53.0,480988.0
2016-12-13,117.5,114.5,115.75,117.5,58.0,487795.0
2016-12-14,116.25,114.9201,115.0,115.2751,58.0,628681.0
2016-12-15,114.75,113.0,114.0,114.75,50.0,315903.0
2016-12-16,114.45,113.0,114.25,113.38,49.0,591222.0
2016-12-19,115.0,113.5,113.875,114.24,53.0,320600.0
2016-12-20,114.25,113.75,114.125,114.19,38.0,262327.0
2016-12-21,115.5,113.5,113.75,114.49,32.0,336900.0
2016-12-22,114.84375,113.11,114.0,114.25,51.0,404285.0
2016-12-23,115.0,113.7226,114.0,114.825,20.0,272131.0
2016-12-27,114.0,114.0,114.0,114.0,0.0,0.0
2016-12-28,116.063,114.1751,115.875,114.9,27.0,118441.0
2016-12-29,116.55,115.1251,115.75,116.075,24.0,83137.0
2016-12-30,116.25,114.75,115.0,115.0251,34.0,179507.0
2017-01-02,115.0,115.0,115.0,115.0,0.0,0.0
2017-01-03,117.5,114.721,116.25,115.95,52.0,534815.0
2017-01-04,118.49,116.0,117.5,117.1,87.0,371907.0
2017-01-05,118.5,116.25,116.25,117.35,40.0,334880.0
2017-01-06,119.75,117.05,118.375,117.05,52.0,669763.0
2017-01-09,120.0,117.665,120.0,118.388,75.0,496802.0
2017-01-10,120.956,119.0,120.125,119.9399,52.0,383829.0
2017-01-11,121.9999,119.62501,121.5,119.7,48.0,371288.0
2017-01-12,122.19,120.56875,120.875,120.76,39.0,772205.0
2017-01-13,122.39,120.5,121.25,122.25,71.0,448170.0
2017-01-16,122.75,120.5,120.5,122.39,61.0,427073.0
2017-01-17,122.1999,118.0,118.75,120.875,54.0,286655.0
2017-01-18,121.0,119.0,119.0,120.75,49.0,376067.0
2017-01-19,120.9999,117.5,118.0,119.5,46.0,491114.0
2017-01-20,119.2499,117.6708,117.75,119.2249,47.0,321408.0
2017-01-23,119.2409,117.1,119.0,117.7976,60.0,282161.0
2017-01-24,119.4999,118.0,119.0,118.7526,45.0,194807.0
2017-01-25,119.811,118.813,119.75,119.75,48.0,182961.0
2017-01-26,120.0,119.03,120.0,119.75,47.0,251462.0
2017-01-27,120.0,119.125,119.5,119.31,35.0,203314.0
2017-01-30,120.75,118.26,118.875,119.825,47.0,275349.0
2017-01-31,121.0,118.72,120.75,120.28,54.0,558935.0
2017-02-01,121.8,119.587,121.0,120.41,51.0,323659.0
2017-02-02,121.5,119.5,120.25,121.5,56.0,396999.0
2017-02-03,121.145,120.0,120.25,121.145,51.0,283560.0
2017-02-06,121.41,120.5,120.5,120.95,39.0,310317.0
2017-02-07,121.488,120.15,120.25,120.25,58.0,704432.0
2017-02-08,121.25,120.25,120.5,120.95,32.0,286107.0
2017-02-09,121.0,120.0,120.0,120.69,37.0,340814.0
2017-02-10,121.25,120.0,120.25,120.5,67.0,1597388.0
2017-02-13,122.0,120.5,121.125,122.0,50.0,308012.0
2017-02-14,121.0,120.15,120.875,121.0,46.0,220577.0
2017-02-15,121.668,120.325,121.25,120.75,83.0,831349.0
2017-02-16,121.668,120.4084,121.375,121.25,45.0,476655.0
2017-02-17,122.5,121.25,122.5,121.825,53.0,598451.0
2017-02-20,123.75,122.195,123.375,122.26,55.0,433044.0
2017-02-21,124.5,123.0,124.0,123.5625,61.0,506169.0
2017-02-22,125.0,124.0,124.5,124.0,60.0,255948.0
2017-02-23,125.0,124.0,124.125,124.738,48.0,252095.0
2017-02-24,125.0,123.5,124.5,123.95,50.0,265017.0
2017-02-27,125.5,124.05,125.25,124.05,44.0,196708.0
2017-02-28,125.5,124.5,124.5,124.9,50.0,407557.0
2017-03-01,127.0,124.0,127.0,124.65,62.0,420595.0
2017-03-02,128.0,125.7925,127.375,126.1375,57.0,494007.0
2017-03-03,128.0,126.0,127.375,126.2,51.0,387018.0
2017-03-06,127.75,126.313,127.75,126.313,55.0,283566.0
2017-03-07,128.0,126.0,126.75,128.0,40.0,353760.0
2017-03-08,128.5,126.5,126.5,126.75,55.0,349664.0
2017-03-09,126.8875,125.0,125.75,126.8875,53.0,343166.0
2017-03-10,126.5375,125.75,126.0,126.5375,54.0,865510.0
2017-03-13,127.0,125.5,127.0,126.75,49.0,356995.0
2017-03-14,127.3215,124.911,125.5,126.85,66.0,745080.0
2017-03-15,127.866,125.5,126.5,126.3625,58.0,421226.0
2017-03-16,128.5,126.0,126.5,126.0,69.0,2092934.0
2017-03-17,127.5,126.5,127.25,126.6748,51.0,304953.0
2017-03-20,128.5,125.75,128.375,125.75,79.0,493671.0
2017-03-21,128.4,126.5,126.5,127.75,70.0,923542.0
2017-03-22,126.75,124.0,125.75,126.75,77.0,617836.0
2017-03-23,126.83,125.375,126.25,125.375,64.0,411831.0
2017-03-24,127.0,125.26,126.0,126.825,52.0,760104.0
2017-03-27,126.35,124.3603,124.75,126.35,59.0,2659412.0
2017-03-28,125.75,124.758,125.5,125.595,61.0,515731.0
2017-03-29,128.0,126.1848,126.875,126.75,62.0,582538.0
2017-03-30,127.1,126.0,126.75,126.28,77.0,542109.0
2017-03-31,128.0,126.25,127.0,126.41,83.0,601984.0
2017-04-03,127.75,126.0,127.5,126.55,80.0,597875.0
2017-04-04,128.5,126.5,126.75,127.5,66.0,505618.0
2017-04-05,127.74,126.5,126.75,127.0126,58.0,1064307.0
2017-04-06,127.8,126.325,127.0,127.8,76.0,453019.0
2017-04-07,127.33,125.5,126.0,126.9999,55.0,360560.0
2017-04-10,128.1999,126.0,126.5,126.3625,67.0,375437.0
2017-04-11,126.7,126.25,126.5,126.31,76.0,414293.0
2017-04-12,128.0,126.1,126.5,126.1,31.0,172002.0
2017-04-13,129.0,126.0,126.5,129.0,48.0,199885.0
2017-04-17,126.5,126.5,126.5,126.5,0.0,0.0
2017-04-18,127.0,125.2601,125.875,126.7,78.0,409629.0
2017-04-19,125.25,123.268,123.75,125.01,67.0,1049649.0
2017-04-20,125.5,123.25,123.25,123.8,51.0,551575.0
2017-04-21,124.6,123.4526,123.75,124.6,53.0,273975.0
2017-04-24,125.24,123.75,124.75,124.49,84.0,1250135.0
2017-04-25,126.0,123.75,123.75,126.0,57.0,2227568.0
2017-04-26,125.275,124.0,125.125,124.7851,65.0,1771984.0
2017-04-27,125.05,124.0,124.0,125.05,61.0,546692.0
2017-04-28,125.5,123.25,123.25,124.0,57.0,398502.0
2017-05-01,123.25,123.25,123.25,123.25,0.0,0.0
2017-05-02,125.75,123.568,125.5,125.2,67.0,327457.0
2017-05-03,125.3266,123.25,123.75,125.3266,69.0,249364.0
2017-05-04,125.1099,123.0,123.25,125.1099,60.0,560031.0
2017-05-05,125.0,123.5,124.5,124.7999,48.0,994865.0
2017-05-08,126.0,124.5,125.0,126.0,57.0,700240.0
2017-05-09,125.25,123.819,124.5,124.8575,76.0,1752366.0
2017-05-10,125.3,124.25,125.25,124.36,83.0,906288.0
2017-05-11,125.75,125.083,125.375,125.39,86.0,2162844.0
2017-05-12,126.0,125.0,125.5,126.0,61.0,480974.0
2017-05-15,126.0,125.0001,125.75,125.13,53.0,658372.0
2017-05-16,126.5,124.841,125.25,125.925,116.0,1011769.0
2017-05-17,126.0,124.4101,124.5,126.0,74.0,621463.0
2017-05-18,124.6899,120.1955,122.0,124.35,86.0,504824.0
2017-05-19,123.75,122.4519,123.375,123.75,61.0,322736.0
2017-05-22,125.0,122.8,124.375,122.8,59.0,378132.0
2017-05-23,125.75,124.0,124.0,124.35,73.0,402432.0
2017-05-24,125.19,123.3901,124.75,124.0,70.0,670648.0
2017-05-25,126.0,125.25,125.625,125.375,59.0,270389.0
2017-05-26,126.5,125.0,125.25,125.5,107.0,1609248.0
2017-05-29,125.25,125.25,125.25,125.25,0.0,0.0
2017-05-30,127.0,125.25,125.5,125.2501,77.0,337619.0
2017-05-31,127.0,124.95,125.5,125.72,69.0,269002.0
2017-06-01,126.25,124.5,126.25,125.5199,47.0,247367.0
2017-06-02,126.7875,125.0001,125.25,125.2801,41.0,469904.0
2017-06-05,127.0249,125.0,126.0,125.25,43.0,202592.0
2017-06-06,126.7349,124.844,125.875,125.25,41.0,349582.0
2017-06-07,126.736,124.5,126.0,125.99,44.0,409606.0
2017-06-08,126.5,124.437,126.25,125.5,31.0,181955.0
2017-06-09,128.985,126.9843,128.75,127.725,46.0,262268.0
2017-06-12,128.1,125.75,127.375,127.375,53.0,601256.0
2017-06-13,129.0,126.9849,127.125,129.0,56.0,371512.0
2017-06-14,127.75,126.0,126.0,127.3474,49.0,773931.0
2017-06-15,127.75,125.5,126.0,126.9999,74.0,356542.0
2017-06-16,127.1875,125.0,125.0,127.1875,67.0,364426.0
2017-06-19,128.0,125.5,128.0,127.0,47.0,285183.0
2017-06-20,129.5,127.0,129.5,128.0,62.0,277410.0
2017-06-21,129.0,126.0,126.25,127.238,73.0,241115.0
2017-06-22,128.5,126.5876,127.5,127.0,50.0,260720.0
2017-06-23,128.0,126.0,128.0,127.96429,41.0,282863.0
2017-06-26,128.25,126.0,128.25,127.53,102.0,398717.0
2017-06-27,128.5,125.609,127.0,127.53,39.0,310468.0
2017-06-28,126.75,124.5,124.5,125.5,60.0,301046.0
2017-06-29,126.0,123.0,123.0,124.0001,62.0,368557.0
2017-06-30,124.5,122.8376,124.5,123.7375,52.0,319317.0
2017-07-03,125.0,122.875,124.0,123.75,72.0,299099.0
2017-07-04,123.75,122.75,122.75,123.175,51.0,249087.0
2017-07-05,124.0,122.5,122.625,123.025,67.0,232172.0
2017-07-06,122.613,121.5,121.5,122.0,52.0,255908.0
2017-07-07,122.825,121.25,122.75,121.775,41.0,205590.0
2017-07-10,123.5,121.25,122.25,121.25,67.0,211151.0
2017-07-11,123.75,122.25,122.25,123.165,59.0,281090.0
2017-07-12,123.75,122.25,123.0,123.0,99.0,538297.0
2017-07-13,124.0,123.25,123.25,123.9496,51.0,255879.0
2017-07-14,123.713,122.0,123.125,123.1875,50.0,235544.0
2017-07-17,123.25,122.25,123.0,123.225,62.0,231129.0
2017-07-18,124.0,122.85,124.0,123.0,55.0,237557.0
2017-07-19,125.0,122.41,124.75,123.2799,70.0,277053.0
2017-07-20,126.0,124.5276,125.0,124.8,51.0,215030.0
2017-07-21,126.422,125.35,125.75,125.35,52.0,324843.0
2017-07-24,126.7753,125.25,126.75,125.825,113.0,414726.0
2017-07-25,128.0,125.5,125.5,127.0,64.0,394596.0
2017-07-26,129.5,125.75,125.875,128.25,72.0,371768.0
2017-07-27,127.5,125.9375,126.25,126.75,46.0,284174.0
2017-07-28,127.075,125.0,125.625,127.075,51.0,190362.0
2017-07-31,127.0,125.268,126.5,125.3435,48.0,255814.0
2017-08-01,126.9999,125.0,125.0,126.125,43.0,271400.0
2017-08-02,128.5,125.25,126.75,126.5001,73.0,337721.0
2017-08-03,128.0,125.7001,127.125,126.75,55.0,259067.0
2017-08-04,129.0,127.233,128.375,129.0,46.0,222480.0
2017-08-07,130.415,128.0,129.0,128.25,51.0,255378.0
2017-08-08,131.0,128.5426,130.5,129.65,57.0,303894.0
2017-08-09,130.0,128.25,129.5,128.8151,38.0,189072.0
2017-08-10,130.5,127.6401,128.25,129.425,69.0,276069.0
2017-08-11,129.025,127.0,129.0,128.75,73.0,262301.0
2017-08-14,130.75,128.22,129.5,130.75,57.0,289786.0
2017-08-15,131.0,129.0,129.875,129.8,55.0,361332.0
2017-08-16,131.5,129.5,130.75,129.5,35.0,210764.0
2017-08-17,132.0,130.0,130.0,131.05,49.0,307978.0
2017-08-18,131.0,129.105,129.5,131.0,26.0,189160.0
2017-08-21,131.75,128.625,130.125,128.6434,59.0,241436.0
2017-08-22,132.0,129.0,131.125,130.2375,43.0,248945.0
2017-08-23,133.0,130.28731,130.5,131.4,45.0,542036.0
2017-08-24,130.485,128.0,129.0,128.55,45.0,789660.0
2017-08-25,130.585,127.75,129.875,128.65,37.0,455518.0
2017-08-28,129.875,129.875,129.875,129.875,0.0,0.0
2017-08-29,129.6,127.22,128.25,129.4199,38.0,320903.0
2017-08-30,129.575,127.76,128.75,128.0301,57.0,630290.0
2017-08-31,129.16,127.5,129.0,129.16,42.0,282831.0
2017-09-01,130.5,127.25,128.75,127.25,55.0,815093.0
2017-09-04,130.75,127.75,129.5,128.37,38.0,694516.0
2017-09-05,130.0249,127.25,128.5,130.0249,57.0,323447.0
2017-09-06,129.1,127.0,128.5,127.0,75.0,643346.0
2017-09-07,130.25,128.2126,128.75,128.44,34.0,300109.0
2017-09-08,129.315,127.038,127.625,128.578,36.0,286734.0
2017-09-11,129.5,127.25,128.375,128.3901,64.0,1225809.0
2017-09-12,128.668,127.0,128.25,128.1051,41.0,235370.0
2017-09-13,129.5,126.0,126.875,129.5,44.0,230734.0
2017-09-14,128.0,124.894,125.0,127.95,57.0,990422.0
2017-09-15,126.0,124.0,124.25,125.625,67.0,1653259.0
2017-09-18,126.5,124.5,124.75,125.25,49.0,939434.0
2017-09-19,126.75,124.5,124.75,125.89,63.0,1416518.0
2017-09-20,126.125,124.21,125.0,126.125,33.0,626349.0
2017-09-21,127.0,124.5,125.25,126.478,59.0,573162.0
2017-09-22,126.5,124.11,124.5,125.24,62.0,396007.0
2017-09-25,126.6424,124.0,124.75,126.425,41.0,157259.0
2017-09-26,125.825,124.25,124.25,125.07,38.0,245473.0
2017-09-27,126.475,124.0,125.0,125.21,35.0,392421.0
2017-09-28,126.25,124.0,125.0,126.25,36.0,369364.0
2017-09-29,126.875,124.58,125.5,126.65,31.0,459990.0
2017-10-02,128.75,125.2,128.5,126.5,50.0,361114.0
2017-10-03,129.25,127.22,129.25,127.625,26.0,273976.0
2017-10-04,131.0,128.5,131.0,129.89,67.0,625585.0
2017-10-05,133.0,129.74,133.0,129.74,35.0,204348.0
2017-10-06,134.0,131.1,133.625,131.54,81.0,1133671.0
2017-10-09,134.0,130.6,133.625,130.6,44.0,601003.0
2017-10-10,134.5,133.5,134.0,133.75,59.0,523038.0
2017-10-11,135.0,134.0,134.0,134.5,91.0,2283937.0
2017-10-12,136.0,134.49,135.0,134.49,56.0,317648.0
2017-10-13,135.75,134.5,135.25,135.0,60.0,721017.0
2017-10-16,136.75,135.2601,136.5,135.675,78.0,408649.0
2017-10-17,135.9375,134.4,134.5,134.8,38.0,164288.0
2017-10-18,135.375,134.138,134.75,135.3449,32.0,878088.0
2017-10-19,134.75,133.5,133.625,134.25,41.0,617909.0
2017-10-20,134.75,133.509,134.25,134.375,46.0,228206.0
2017-10-23,135.5,133.508,133.875,135.5,45.0,215777.0
2017-10-24,134.0874,133.0,133.625,134.0874,40.0,235949.0
2017-10-25,133.75,131.5,131.5,133.69,44.0,376629.0
2017-10-26,133.45,131.75,132.0,132.4,69.0,508927.0
2017-10-27,135.5,132.4476,135.5,134.2499,53.0,225744.0
2017-10-30,135.335,134.0,134.5,134.9999,71.0,458926.0
2017-10-31,135.1,134.0001,134.5,134.4,32.0,228782.0
2017-11-01,137.0,135.0626,136.25,136.0,57.0,565229.0
2017-11-02,136.825,135.0751,137.0,135.0876,54.0,240243.0
2017-11-03,137.3125,135.0,135.0,136.25,56.0,214736.0
2017-11-06,136.25,134.0,134.0,136.25,45.0,300620.0
2017-11-07,136.25,134.015,134.5,134.3475,62.0,592143.0
2017-11-08,136.8749,133.9914,135.75,135.4999,51.0,236455.0
2017-11-09,135.9999,133.5,133.5,134.0,60.0,974693.0
2017-11-10,135.125,133.0,133.25,133.75,58.0,323299.0
2017-11-13,135.0,133.51,134.375,135.0,69.0,472280.0
2017-11-14,136.0,133.75,134.25,134.6125,54.0,357214.0
2017-11-15,135.955,134.0,134.125,135.0,67.0,222125.0
2017-11-16,135.9999,134.4249,134.875,134.4249,57.0,278686.0
2017-11-17,137.75,127.0,136.0,136.3749,56.0,1561509.0
2017-11-20,136.7524,135.0,135.375,136.5,40.0,189187.0
2017-11-21,138.325,135.0,138.25,135.0,58.0,940533.0
2017-11-22,138.85,137.5,138.25,138.5,39.0,196874.0
2017-11-23,138.8399,136.3601,137.75,136.5,34.0,150444.0
2017-11-24,139.0,137.1501,138.5,138.75,62.0,398756.0
2017-11-27,138.1899,136.5,137.75,136.75,76.0,310973.0
2017-11-28,138.99,135.0,136.25,137.0,68.0,420618.0
2017-11-29,138.0,134.3,135.5,138.0,84.0,469377.0
2017-11-30,135.0,133.8226,134.0,134.5,66.0,701502.0
2017-12-01,138.99,132.0,132.0,134.0,61.0,297802.0
2017-12-04,135.0,132.0,133.75,132.0,51.0,247354.0
2017-12-05,134.0,132.5,134.0,134.0,41.0,450433.0
2017-12-06,133.6399,131.0,131.0,131.25,64.0,448759.0
2017-12-07,133.0,131.0,132.5,132.5,42.0,126140.0
2017-12-08,132.785,130.5,131.25,130.5,81.0,330566.0
2017-12-11,133.0,129.5,132.25,131.25,83.0,365517.0
2017-12-12,133.0,131.25,133.0,131.25,29.0,335582.0
2017-12-13,134.5,131.5,132.25,132.75,69.0,425831.0
2017-12-14,133.0,131.75,131.75,132.0,51.0,198130.0
2017-12-15,133.75,131.0,133.75,131.5,42.0,409785.0
2017-12-18,135.5,132.9875,135.5,134.0,68.0,338124.0
2017-12-19,136.158,133.5,136.0,135.0,58.0,425118.0
2017-12-20,138.0,134.75,136.375,136.75,74.0,810148.0
2017-12-21,138.4,137.0,138.125,137.75,37.0,425556.0
2017-12-22,137.5,137.5,137.5,137.5,17.0,1.0
2017-12-27,137.75,135.417,136.625,137.75,40.0,262561.0
2017-12-28,137.5,135.75,137.5,136.0,40.0,218764.0
2017-12-29,137.0,134.976,137.0,136.25,15.0,322032.0
2018-01-02,138.5,136.5,137.5,138.5,43.0,157568.0
2018-01-03,138.875,136.25,138.75,137.0,57.0,287288.0
2018-01-04,140.0,136.5,139.75,138.0,60.0,244470.0
2018-01-05,139.25,139.25,139.25,139.25,41.0,1.0
2018-01-08,142.0,139.225,141.5,140.0,75.0,453342.0
2018-01-09,143.0,141.0,142.25,142.0,69.0,327989.0
2018-01-10,143.0,141.5,142.0,143.0,57.0,322932.0
2018-01-11,142.5,141.3144,142.25,142.5,51.0,359086.0
2018-01-12,142.5,140.839,141.0,142.5,64.0,289715.0
2018-01-15,141.8,139.5,140.75,141.5,51.0,237720.0
2018-01-16,140.5,139.0,140.0,140.5,67.0,460424.0
2018-01-17,140.0,139.0,139.5,140.0,46.0,418680.0
2018-01-18,140.0,137.0,138.75,140.0,75.0,602273.0
2018-01-19,139.5,138.1651,138.75,139.0,59.0,292863.0
2018-01-22,139.0,138.5,139.0,139.0,66.0,315279.0
2018-01-23,139.0,138.5,139.0,139.0,69.0,553861.0
2018-01-24,139.0,138.0,138.5,138.5,70.0,359326.0
2018-01-25,139.2968,138.11,138.5,138.5,27.0,117057.0
2018-01-26,139.0,137.0,137.5,139.0,77.0,505365.0
2018-01-29,139.5,136.5,139.0,136.5,59.0,745944.0
2018-01-30,138.45,136.5,136.5,137.0,47.0,254790.0
2018-01-31,139.5,136.5,138.5,139.5,64.0,387563.0
2018-02-01,139.0,136.5,138.0,139.0,40.0,477446.0
2018-02-02,137.5,136.0,136.5,137.0,56.0,341169.0
2018-02-05,135.0,133.1456,134.5,135.0,95.0,327496.0
2018-02-06,134.0,129.5,130.0,131.5,84.0,614214.0
2018-02-07,132.0,130.0501,131.5,131.5,87.0,619906.0
2018-02-08,132.27,127.5151,128.25,132.0,60.0,222595.0
2018-02-09,129.76,126.0,126.5,126.0,126.0,405867.0
2018-02-12,130.348,127.9001,129.5,129.5,86.0,409508.0
2018-02-13,130.159,129.0,129.0,129.0,44.0,204827.0
2018-02-14,130.5,128.5,129.5,130.5,52.0,608407.0
2018-02-15,131.0,129.5,130.5,129.5,83.0,682140.0
2018-02-16,133.5,129.7201,133.5,130.5,73.0,1230988.0
2018-02-19,133.1099,132.0,132.75,132.5,50.0,342266.0
2018-02-20,132.78,129.0,129.0,132.0,48.0,467393.0
2018-02-21,132.0,129.5,132.0,130.0,56.0,612473.0
2018-02-22,134.0,129.0,134.0,132.0,104.0,665692.0
2018-02-23,135.0,132.25,135.0,134.0,60.0,330822.0
2018-02-26,137.0,134.3401,137.0,135.0,90.0,291277.0
2018-02-27,137.0,134.09,136.0,137.0,47.0,285700.0
2018-02-28,135.617,134.0,134.0,134.0,36.0,317847.0
2018-03-01,136.225,134.22,135.5,135.5,47.0,487798.0
2018-03-02,136.0,133.0,133.0,136.0,57.0,709349.0
2018-03-05,135.5,133.0,133.5,133.0,46.0,449203.0
2018-03-06,136.0,133.5,133.5,136.0,68.0,314771.0
2018-03-07,135.28,132.213,132.5,135.0,55.0,334163.0
2018-03-08,135.111,132.5403,133.5,134.0,49.0,635051.0
2018-03-09,136.0,133.735,134.5,136.0,59.0,594634.0
2018-03-12,136.5,135.1651,135.75,136.0,71.0,412257.0
2018-03-13,137.0,134.0,135.5,137.0,80.0,496276.0
2018-03-14,135.0,133.5,133.5,134.0,60.0,798449.0
2018-03-15,134.0999,133.5,133.5,133.5,65.0,356047.0
2018-03-16,134.5,131.5,133.0,133.5,54.0,549992.0
2018-03-19,133.1,128.288,129.0,132.5,105.0,380855.0
2018-03-20,130.445,129.0,129.75,130.0,84.0,1112555.0
2018-03-21,133.0,129.5,130.0,132.0,66.0,571656.0
2018-03-22,130.4849,127.5,129.5,129.0,78.0,851224.0
2018-03-23,129.5,125.73,129.5,127.0,63.0,366469.0
2018-03-26,129.5,125.5,129.0,128.0,62.0,331725.0
2018-03-27,131.0,128.5,129.0,131.0,51.0,526123.0
2018-03-28,129.0,126.5,127.5,129.0,54.0,386985.0
2018-03-29,130.0,127.0,128.5,129.5,74.0,772243.0
2018-04-03,130.0,126.131,126.5,130.0,88.0,464744.0
2018-04-04,127.24,123.0301,124.0,126.0,78.0,798764.0
2018-04-05,127.73,124.676,127.0,126.0,75.0,515389.0
2018-04-06,128.0,125.5,125.5,128.0,77.0,493972.0
2018-04-09,125.75,125.75,125.75,125.75,45.0,1.0
2018-04-10,128.5,125.0,125.0,125.0,69.0,580900.0
2018-04-11,128.5,125.0,126.5,126.5,59.0,458342.0
2018-04-12,128.5,125.88,127.25,128.5,44.0,253947.0
2018-04-13,128.0,125.0,125.5,128.0,53.0,511593.0
2018-04-16,128.0,124.0,124.0,128.0,43.0,284487.0
2018-04-17,125.5,124.0,125.0,124.5,75.0,689483.0
2018-04-18,126.485,124.5,125.5,126.0,52.0,220435.0
2018-04-19,126.76,124.5,125.75,125.5,48.0,630887.0
2018-04-20,127.5,124.95,127.0,125.5,49.0,322256.0
2018-04-23,126.875,124.0,124.5,125.0,91.0,449028.0
2018-04-24,127.5,124.5,127.0,127.5,53.0,286619.0
2018-04-25,126.2649,123.75,124.75,125.0,47.0,282231.0
2018-04-26,126.5,123.5,126.0,124.0,40.0,558403.0
2018-04-27,128.3333,124.8,127.0,128.0,55.0,352904.0
2018-04-30,128.615,125.0001,127.5,126.44,54.0,211003.0
2018-05-01,128.1999,125.5,127.5,126.06,40.0,225158.0
2018-05-02,129.0,126.0,127.5,126.8999,56.0,369632.0
2018-05-03,128.0,126.015,127.0,127.7,35.0,486395.0
2018-05-04,128.0,125.253,126.5,126.06,42.0,218011.0
2018-05-07,126.5,126.5,126.5,126.5,0.0,0.0
2018-05-08,126.9,125.203,126.0,126.625,58.0,340257.0
2018-05-09,128.0,125.0,127.5,125.0,109.0,1035087.0
2018-05-10,128.5,126.6599,127.75,126.6599,60.0,468215.0
2018-05-11,128.5,127.0,128.0,128.5,52.0,250370.0
2018-05-14,128.5,126.6151,128.0,127.72,54.0,500315.0
2018-05-15,128.0,126.36,126.25,127.7,50.0,509513.0
2018-05-16,127.5,125.8701,127.5,126.7,52.0,489399.0
2018-05-17,127.9999,126.0,127.0,127.2001,41.0,264905.0
2018-05-18,127.6199,123.0,123.5,126.52,116.0,349162.0
2018-05-21,125.625,123.5312,124.0,123.7751,80.0,1447765.0
2018-05-22,127.0,124.82,125.0,124.8969,62.0,299530.0
2018-05-23,126.75,123.845,124.5,126.75,117.0,818307.0
2018-05-24,125.475,123.5,123.5,125.0,48.0,383307.0
2018-05-25,126.0,123.5,124.5,124.915,44.0,329717.0
2018-05-28,124.5,124.5,124.5,124.5,0.0,0.0
2018-05-29,126.0,123.5,125.5,124.62,49.0,491658.0
2018-05-30,125.5,123.0,123.0,125.5,52.0,464194.0
2018-05-31,126.013,123.875,125.5,123.875,46.0,361166.0
2018-06-01,126.1699,124.0,125.0,124.4251,44.0,807038.0
2018-06-04,127.0,123.5,126.25,123.5,69.0,305745.0
2018-06-05,127.5,124.75,126.0,126.9999,47.0,659573.0
2018-06-06,127.5,125.0,127.0,126.4201,44.0,416658.0
2018-06-07,128.0,125.0,126.5,125.0,44.0,295603.0
2018-06-08,126.16,123.0,124.5,125.96,68.0,228068.0
2018-06-11,127.0,123.5,125.0,127.0,59.0,264684.0
2018-06-12,125.75,124.225,124.5,125.75,56.0,356704.0
2018-06-13,126.0,124.0,124.5,125.5,39.0,381906.0
2018-06-14,125.5,123.0,124.5,125.3,62.0,493075.0
2018-06-15,126.0,122.5,122.5,124.51,55.0,285533.0
2018-06-18,125.0,121.547,122.5,123.775,60.0,389855.0
2018-06-19,121.19,118.5,121.0,120.65,94.0,1074465.0
2018-06-20,122.5,120.5,122.5,121.125,45.0,317593.0
2018-06-21,121.825,119.0,119.0,121.825,115.0,736537.0
2018-06-22,122.5,119.5,122.5,121.125,36.0,206992.0
2018-06-25,122.7121,119.1701,121.0,119.5101,56.0,417772.0
2018-06-26,121.6799,119.5,120.75,121.475,37.0,275823.0
2018-06-27,122.0,119.0,119.0,120.04024,41.0,427004.0
2018-06-28,120.5,118.0,120.5,119.8,49.0,721929.0
2018-06-29,122.2343,119.31,120.0,120.0,43.0,971611.0
2018-07-02,120.5,118.7201,119.5,119.975,48.0,329331.0
2018-07-03,121.0,119.0,121.0,120.0,37.0,468032.0
2018-07-04,120.5701,118.0,120.0,120.5701,44.0,779349.0
2018-07-05,120.26,118.77,120.0,119.0,46.0,513347.0
2018-07-06,120.5,118.0,120.5,119.6401,37.0,280768.0
2018-07-09,121.55,120.0,121.25,120.6401,42.0,278096.0
2018-07-10,121.5,120.3,121.25,120.3,49.0,335995.0
2018-07-11,121.5,119.0,121.25,121.25,57.0,437768.0
2018-07-12,122.0,120.2,121.25,121.2,31.0,1402194.0
2018-07-13,122.5,120.75,122.25,122.0,37.0,407453.0
2018-07-16,121.7231,120.165,121.25,121.5,49.0,326936.0
2018-07-17,122.02,120.1901,121.25,120.1901,53.0,1333376.0
2018-07-18,123.5,121.02,123.0,122.55,51.0,1126594.0
2018-07-19,123.0,121.0,122.25,121.0,71.0,630965.0
2018-07-20,124.0,121.5,124.0,122.25,50.0,245653.0
2018-07-23,123.0,121.5,122.0,122.0,50.0,374736.0
2018-07-24,125.0,122.35,125.0,122.9999,53.0,374526.0
2018-07-25,124.5,121.6894,123.75,123.05,41.0,211285.0
2018-07-26,124.625,123.225,124.0,123.225,25.0,141836.0
2018-07-27,124.5,122.8,123.75,123.5749,50.0,267466.0
2018-07-30,127.0,122.5,125.0,124.375,114.0,1204480.0
2018-07-31,126.0,123.6401,126.0,124.375,110.0,637637.0
2018-08-01,127.0,125.0,126.25,126.22,55.0,270656.0
2018-08-02,126.25,124.5,126.0,125.02,76.0,317290.0
2018-08-03,127.485,125.0,125.5,125.72,39.0,243229.0
2018-08-06,127.5,126.0201,126.75,126.85,41.0,320590.0
2018-08-07,129.0,126.82,127.0,127.34,55.0,796597.0
2018-08-08,129.0,127.6001,129.0,128.18,36.0,301487.0
2018-08-09,129.96,127.0,128.5,127.0,57.0,650938.0
2018-08-10,129.0,125.5851,126.25,128.88125,71.0,262941.0
2018-08-13,128.0,123.5,123.5,128.0,66.0,347817.0
2018-08-14,126.5,123.5,126.5,124.165,44.0,312480.0
2018-08-15,126.5,120.0,121.5,126.5,49.0,454781.0
2018-08-16,121.75,120.25,120.5,121.75,122.0,923966.0
2018-08-17,121.5,119.5,120.5,120.675,43.0,237884.0
2018-08-20,121.5,119.665,121.0,119.725,52.0,529802.0
2018-08-21,122.5,120.125,122.5,120.64,51.0,1223548.0
2018-08-22,122.5,120.5,121.0,121.8,38.0,326959.0
2018-08-23,123.0,118.5,123.0,121.83,43.0,4723203.0
2018-08-24,122.0,120.7,121.0,120.7,38.0,449160.0
2018-08-27,121.0,121.0,121.0,121.0,0.0,0.0
2018-08-28,124.0,120.0,124.0,120.0,86.0,842130.0
2018-08-29,124.11,123.0,123.5,123.65,131.0,1139369.0
2018-08-30,122.4849,120.495,120.5,121.95989,72.0,512589.0
2018-08-31,121.5,120.0,120.0,120.50004,37.0,376836.0
2018-09-03,122.0,119.5,119.5,119.99,34.0,201170.0
2018-09-04,122.0,119.0,119.75,121.12488,46.0,337447.0
2018-09-05,120.0,116.5,118.5,119.66,64.0,428589.0
2018-09-06,118.62488,116.5,116.5,118.4,94.0,1031291.0
2018-09-07,118.2499,114.0,117.0,118.2499,88.0,265693.0
2018-09-10,117.0,114.286,115.0,117.0,37.0,138634.0
2018-09-11,115.9799,113.788,114.0,115.9799,67.0,653776.0
2018-09-12,116.125,114.0,114.0,114.52,46.0,267708.0
2018-09-13,117.0,114.0,116.0,117.0,40.0,92348.0
2018-09-14,117.5,115.375,117.5,116.3199,38.0,375616.0
2018-09-17,117.0,114.615,116.0,115.04,71.0,540461.0
2018-09-18,118.0,116.25,118.0,116.6876,47.0,891165.0
2018-09-19,119.335,116.0,117.5,118.8626,34.0,173675.0
2018-09-20,119.5,117.0,118.5,117.85,69.0,779212.0
2018-09-21,122.0,118.5,122.0,119.775,45.0,414663.0
2018-09-24,123.0,120.025,120.5,121.0,76.0,604506.0
2018-09-25,123.0,120.5,120.5,120.5,55.0,216026.0
2018-09-26,122.75,120.5,120.5,122.54,45.0,842255.0
2018-09-27,122.125,120.0,120.0,122.125,31.0,239659.0
2018-09-28,123.0,121.0,123.0,121.74994,62.0,668225.0
2018-10-01,124.0493,121.0,121.25,123.8369,36.0,227715.0
2018-10-02,123.5,122.0,122.5,122.0,37.0,180478.0
2018-10-03,124.5,121.5,122.75,122.5,42.0,112316.0
2018-10-04,122.88,120.6,121.0,122.1301,63.0,364212.0
2018-10-05,121.86,119.24,119.75,121.86,27.0,183914.0
2018-10-08,120.6929,117.0,118.0,119.9,52.0,237310.0
2018-10-09,120.38,118.3,119.5,119.36,45.0,683624.0
2018-10-10,121.0,118.17,119.0,119.7501,179.0,245630.0
2018-10-11,118.0,112.803,114.5,118.0,77.0,612741.0
2018-10-12,118.5,116.0,116.0,116.0,29.0,176566.0
2018-10-15,118.125,115.0,117.5,116.12505,30.0,168048.0
2018-10-16,120.0,114.77,120.0,116.625,48.0,328502.0
2018-10-17,120.0,117.6431,118.0,119.9749,41.0,300291.0
2018-10-18,119.0,115.077,118.0,119.0,33.0,289516.0
2018-10-19,119.5,116.875,118.5,119.5,32.0,251403.0
2018-10-22,119.25002,118.0,119.0,118.50004,29.0,249356.0
2018-10-23,117.5,115.5,115.75,117.5,34.0,173910.0
2018-10-24,118.0,115.015,117.0,118.0,53.0,413559.0
2018-10-25,115.55,113.105,114.0,114.667,51.0,254097.0
2018-10-26,115.5,113.0,113.0,113.15,62.0,350559.0
2018-10-29,117.0308,113.5,115.25,115.125,43.0,367775.0
2018-10-30,116.25,113.5,115.5,116.125,47.0,978162.0
2018-10-31,117.5,114.0,115.5,117.0,61.0,970077.0
2018-11-01,117.5,115.0,115.5,117.0,57.0,317056.0
2018-11-02,118.94,115.5,115.5,117.7,72.0,497816.0
2018-11-05,117.2,114.693,116.5,117.2,60.0,1362083.0
2018-11-06,117.01,115.0,115.5,117.01,62.0,517152.0
2018-11-07,117.0,115.5,117.0,115.76,37.0,315770.0
2018-11-08,117.934,116.0,117.5,117.26,39.0,451762.0
2018-11-09,116.2099,113.5,113.5,116.0,66.0,311627.0
2018-11-12,116.0,113.5,113.5,116.0,49.0,203137.0
2018-11-13,117.0,113.1801,117.0,113.75,78.0,447967.0
2018-11-14,116.0,113.22,116.0,114.5,47.0,196582.0
2018-11-15,119.0,114.725,119.0,114.725,28.0,290262.0
2018-11-16,119.1,116.5,117.75,118.6,34.0,225388.0
2018-11-19,119.18,116.0,116.0,117.9,47.0,306158.0
2018-11-20,118.02496,115.255,116.5,117.83,32.0,270824.0
2018-11-21,117.75,115.5,115.5,117.25,40.0,277459.0
2018-11-22,117.8,115.5,116.0,117.625,32.0,599417.0
2018-11-23,118.7999,116.0,117.0,118.2999,53.0,225269.0
2018-11-26,118.9999,117.0,117.75,117.1,51.0,276847.0
2018-11-27,119.5,118.0,119.5,118.37,31.0,378739.0
2018-11-28,120.98,118.5,119.25,119.35,59.0,411011.0
2018-11-29,120.5,119.0,119.0,120.2,33.0,255470.0
2018-11-30,120.877,118.5,118.5,120.775,39.0,237529.0
2018-12-03,123.5978,121.0,123.5,121.0,70.0,386090.0
2018-12-04,123.9,121.5,121.5,123.8714,50.0,291297.0
2018-12-05,122.4049,119.0,120.0,121.5,43.0,329434.0
2018-12-06,120.9849,118.0,118.0,120.9849,56.0,423522.0
2018-12-07,122.5,119.0,119.75,120.625,47.0,362727.0
2018-12-10,121.0,118.0,118.0,120.23995,38.0,377759.0
2018-12-11,123.0,119.035,122.5,120.55,52.0,221472.0
2018-12-12,125.5,122.789,124.0,122.789,51.0,323919.0
2018-12-13,125.5,121.5,124.0,125.5,73.0,330367.0
2018-12-14,123.325,121.92,123.0,122.025,23.0,110333.0
2018-12-17,124.5,122.138,124.5,122.95,50.0,594324.0
2018-12-18,124.0,122.0,123.5,122.333,67.0,333120.0
2018-12-19,125.5,122.7,124.0,124.0,81.0,353115.0
2018-12-20,124.5,121.0,123.0,123.5,64.0,234355.0
2018-12-21,125.0,121.5,122.5,122.89,84.0,226128.0
2018-12-24,125.0,122.07,123.0,125.0,15.0,79103.0
2018-12-27,124.0,121.965,122.5,124.0,29.0,75520.0
2018-12-28,123.85,121.965,122.0,123.25,55.0,275856.0
2018-12-31,124.855,122.5,123.0,123.8499,24.0,133122.0
2019-01-02,122.5,121.0,122.5,122.4,48.0,534907.0
2019-01-03,122.6,119.0,122.0,122.6,43.0,229071.0
2019-01-04,123.375,120.5,122.0,122.3251,64.0,1411921.0
2019-01-07,124.6,122.4501,123.25,123.35,49.0,302799.0
2019-01-08,125.0,122.9,124.5,122.9,51.0,178536.0
2019-01-09,126.0,124.25,126.0,125.0,51.0,1339680.0
2019-01-10,126.0,124.025,125.0,126.0,64.0,189144.0
2019-01-11,127.0,125.0,126.5,127.0,51.0,297173.0
2019-01-14,126.0,124.36012,125.5,125.0,49.0,413533.0
2019-01-15,127.5,124.6576,126.0,126.485,46.0,552831.0
2019-01-16,126.75,124.5,124.5,126.75,53.0,202616.0
2019-01-17,125.5,124.0,124.5,125.28,55.0,274555.0
2019-01-18,127.8499,126.0,127.5,126.0,41.0,205026.0
2019-01-21,129.0,126.5,129.0,127.5,41.0,220824.0
2019-01-22,128.4167,125.5,125.5,128.4167,53.0,171607.0
2019-01-23,127.5,123.0,123.0,125.963,47.0,368349.0
2019-01-24,125.41,122.5,124.25,125.325,38.0,188884.0
2019-01-25,125.88,124.48,124.5,125.85,27.0,140502.0
2019-01-28,126.45,123.0,125.25,125.79,91.0,503791.0
2019-01-29,127.0,124.425,126.5,126.375,70.0,425709.0
2019-01-30,128.0,125.5,126.5,126.5,81.0,1320321.0
2019-01-31,128.76,127.39803,128.0,128.475,43.0,708124.0
2019-02-01,128.21,126.57,127.75,128.18,45.0,653868.0
2019-02-04,129.0,126.0,126.0,129.0,61.0,389825.0
2019-02-05,130.0295,126.5,129.5,127.85,75.0,1049922.0
2019-02-06,133.5,129.68,130.0,129.68,70.0,495309.0
2019-02-07,132.5,128.72,130.0,132.211,62.0,254844.0
2019-02-08,132.5,127.0,129.5,127.885,44.0,249517.0
2019-02-11,131.0,127.138,130.5,131.0,65.0,602954.0
2019-02-12,131.475,129.0,131.0,130.82,51.0,455423.0
2019-02-13,132.85,129.5,130.5,131.25,85.0,571005.0
2019-02-14,133.0,130.0,131.5,132.5,57.0,225973.0
2019-02-15,132.5,130.0,130.0,131.1801,49.0,377419.0
2019-02-18,134.16615,130.82,131.25,132.5,44.0,358956.0
2019-02-19,132.5,129.0,129.5,132.09996,43.0,232250.0
2019-02-20,131.25,129.5,130.0,130.0,43.0,397648.0
2019-02-21,130.68425,129.0,129.25,130.56,54.0,266693.0
2019-02-22,131.528,128.5,129.5,129.26,30.0,232097.0
2019-02-25,133.5,130.1701,131.5,130.1701,85.0,323281.0
2019-02-26,132.925,130.615,132.0,131.525,44.0,314404.0
2019-02-27,132.5,130.5,131.5,132.0,69.0,644884.0
2019-02-28,131.348,129.5,129.5,131.348,35.0,190265.0
2019-03-01,130.655,129.0,130.25,130.3159,49.0,308338.0
2019-03-04,130.875,129.0,130.25,130.5,64.0,707938.0
2019-03-05,131.33498,129.5,130.5,130.505,55.0,573320.0
2019-03-06,131.405,130.193,130.5,130.83993,50.0,659820.0
2019-03-07,132.41798,129.42404,129.5,130.658,37.0,287216.0
2019-03-08,130.0599,127.61,128.75,130.0599,37.0,122404.0
2019-03-11,130.48,128.0,128.75,130.0,65.0,363292.0
2019-03-12,131.0,128.465,131.0,129.86667,98.0,209584.0
2019-03-13,131.0,129.5,130.5,130.75,53.0,264852.0
2019-03-14,131.0,127.125,129.0,131.0,96.0,500032.0
2019-03-15,129.455,127.0,127.5,128.2799,49.0,296098.0
2019-03-18,129.48,127.15,129.0,127.7501,140.0,978738.0
2019-03-19,129.576,127.5,128.25,129.4599,60.0,526001.0
2019-03-20,128.66,127.32,129.0,128.34,40.0,223592.0
2019-03-21,129.34,127.25,129.75,127.25,60.0,308831.0
2019-03-22,131.5,126.54,127.25,130.68,65.0,378481.0
2019-03-25,128.0,125.32,126.5,126.04,62.0,289491.0
2019-03-26,128.0,125.0,125.0,127.6,79.0,516112.0
2019-03-27,127.595,125.0,125.5,126.914,63.0,477495.0
2019-03-28,128.553,124.92,128.0,125.325,76.0,351193.0
2019-03-29,129.48,127.0,127.0,127.07,48.0,316095.0
2019-04-01,131.5,128.30001,129.75,129.6,57.0,276934.0
2019-04-02,132.0,129.5,130.25,131.695,59.0,330630.0
2019-04-03,132.5,129.0,132.5,131.0,64.0,397228.0
2019-04-04,133.045,130.5,132.0,132.37,75.0,411735.0
2019-04-05,133.0,131.0,133.0,131.8001,49.0,250996.0
2019-04-08,133.5,130.5,132.5,132.96,83.0,514987.0
2019-04-09,134.072,132.0,133.25,133.71,64.0,357295.0
2019-04-10,134.91,133.5,134.5,133.8751,64.0,327846.0
2019-04-11,135.0,132.5,134.0,135.0,54.0,455054.0
2019-04-12,136.0,133.0,134.75,135.23,94.0,566538.0
2019-04-15,136.0,132.75,133.5,136.0,73.0,681071.0
2019-04-16,137.0,134.5,134.5,134.8587,72.0,729147.0
2019-04-17,137.0,134.575,136.0,134.575,46.0,255947.0
2019-04-18,137.723,134.0,136.0,134.0,57.0,350654.0
2019-04-23,137.679,134.98,136.5,136.425,83.0,529181.0
2019-04-24,137.862,135.0,137.0,137.2499,93.0,350790.0
2019-04-25,137.98,134.989,137.0,135.0,104.0,553272.0
2019-04-26,137.98,135.752,136.25,136.97,55.0,625537.0
2019-04-29,138.0,136.0,136.5,136.5,68.0,510775.0
2019-04-30,139.535,135.995,137.0,135.995,85.0,1003481.0
2019-05-01,137.7999,136.74,136.5,137.26,63.0,356796.0
2019-05-02,138.0,135.5,137.5,137.3347,67.0,269252.0
2019-05-03,139.313,136.75,138.0,136.95,79.0,754678.0
2019-05-06,138.0,138.0,138.0,138.0,0.0,0.0
2019-05-07,137.0,134.5,134.5,135.0,73.0,347977.0
2019-05-08,136.75,134.5,136.0,135.64,34.0,165678.0
2019-05-09,136.58,133.0,134.0,136.58,54.0,554173.0
2019-05-10,137.0,134.4,134.75,137.0,64.0,419478.0
2019-05-13,135.1999,131.0,131.0,134.9899,53.0,263495.0
2019-05-14,134.5,131.5,133.75,133.6,64.0,309529.0
2019-05-15,134.62,133.26,134.25,133.575,54.0,536898.0
2019-05-16,135.0,132.7799,134.5,134.43,45.0,415471.0
2019-05-17,134.15,131.312,133.5,134.15,48.0,250089.0
2019-05-20,134.02,129.5,130.75,134.02,68.0,456809.0
2019-05-21,132.32,130.0,130.5,131.1,60.0,232898.0
2019-05-22,132.5799,129.75,132.25,131.51,64.0,437091.0
2019-05-23,132.0,129.0,132.0,131.1,64.0,628299.0
2019-05-24,132.4799,130.6958,132.0,132.0199,30.0,166482.0
2019-05-27,132.0,132.0,132.0,132.0,0.0,0.0
2019-05-28,133.0,130.78,133.0,131.9699,43.0,195580.0
2019-05-29,132.24,130.0,131.0,130.9,72.0,250764.0
2019-05-30,133.25,130.675,133.0,130.675,32.0,264658.0
2019-05-31,132.0,129.5,131.5,131.3499,47.0,215632.0
2019-06-03,133.5,130.0,133.5,131.1,49.0,349280.0
2019-06-04,132.1401,130.302,132.0,130.775,64.0,780636.0
2019-06-05,134.0,131.4267,134.0,131.5333,51.0,289636.0
2019-06-06,133.9,131.3451,132.75,131.64,35.0,417290.0
2019-06-07,134.0,132.4601,134.0,133.76,54.0,218461.0
2019-06-10,135.5,131.5,135.0,134.0,61.0,386862.0
2019-06-11,136.0,134.0,135.25,135.28,72.0,728561.0
2019-06-12,135.5,133.5,135.5,134.0134,30.0,266265.0
2019-06-13,136.0,134.0,135.5,136.0,75.0,264851.0
2019-06-14,134.95999,132.0,133.0,133.52,57.0,226908.0
2019-06-17,134.0,131.5,134.0,132.5,42.0,250454.0
2019-06-18,134.0,131.0,134.0,131.5201,47.0,855572.0
2019-06-19,134.8499,132.509,133.0,133.36,66.0,244219.0
2019-06-20,134.4,131.5,132.5,133.6,97.0,813437.0
2019-06-21,131.65,129.0,130.0,131.65,73.0,727577.0
2019-06-24,130.0,128.201,129.5,129.5,116.0,522301.0
2019-06-25,131.729,128.5301,130.25,128.5301,55.0,994522.0
2019-06-26,133.0,129.25,133.0,129.25,53.0,1099107.0
2019-06-27,132.5,129.395,132.5,129.395,46.0,349684.0
2019-06-28,134.0,130.88,132.0,131.7246,48.0,165551.0
2019-07-01,135.5,132.72,133.75,135.5,76.0,2451519.0
2019-07-02,136.0,132.723,134.5,132.75,55.0,630724.0
2019-07-03,135.4865,134.24,135.0,134.24,50.0,340540.0
2019-07-04,135.4877,134.452,135.25,135.193,41.0,520067.0
2019-07-05,136.5,134.0,135.75,135.3,50.0,514737.0
2019-07-08,136.583,135.1,136.25,136.583,33.0,169050.0
2019-07-09,137.0,135.5,135.5,137.0,40.0,322136.0
2019-07-10,137.3349,135.0,136.25,136.6749,44.0,124073.0
2019-07-11,138.3989,135.5,137.25,136.22,40.0,410705.0
2019-07-12,138.5,135.5,136.0,138.0,41.0,509572.0
2019-07-15,137.9862,136.6,137.75,137.875,41.0,260497.0
2019-07-16,139.5,136.0,139.0,137.25,71.0,312648.0
2019-07-17,140.0,137.0,137.5,139.86,58.0,428146.0
2019-07-18,138.7521,136.5,137.0,138.2301,31.0,142158.0
2019-07-19,140.4298,137.0,137.0,138.0,52.0,202069.0
2019-07-22,139.5,136.5,137.75,137.7,62.0,397472.0
2019-07-23,139.811,137.5,138.0,138.0,67.0,201062.0
2019-07-24,139.275,137.5,137.75,139.275,38.0,186182.0
2019-07-25,139.04,136.0,136.5,138.9,84.0,257518.0
2019-07-26,140.0,137.0,139.25,139.0,40.0,215516.0
2019-07-29,141.5,138.3352,141.5,139.9611,51.0,204773.0
2019-07-30,142.0,139.9,141.0,140.9859,49.0,274115.0
2019-07-31,144.66,140.8638,143.5,140.8638,52.0,349178.0
2019-08-01,143.0,141.5,142.5,141.875,49.0,468974.0
2019-08-02,140.5,136.0,137.0,140.5,63.0,698531.0
2019-08-05,136.29,133.5,134.0,136.29,41.0,307078.0
2019-08-06,134.5,132.0,134.5,134.0302,57.0,329843.0
2019-08-07,134.5,131.6428,134.5,134.0737,49.0,299562.0
2019-08-08,136.0,131.74,135.0,132.2499,47.0,463875.0
2019-08-09,137.0,134.7,135.75,135.611,43.0,198255.0
2019-08-12,136.75,131.0,133.0,136.04999,80.0,410360.0
2019-08-13,134.5,130.52,132.75,134.5,48.0,240838.0
2019-08-14,132.5126,128.7136,130.0,132.005,58.0,454272.0
2019-08-15,130.0,128.0,129.0,129.9151,54.0,223339.0
2019-08-16,130.25,127.0,127.0,128.8465,38.0,227795.0
2019-08-19,130.1,128.5,130.5,130.1,39.0,334484.0
2019-08-20,131.26,130.0,131.0,130.6,36.0,482557.0
2019-08-21,132.27,129.65,132.0,130.825,36.0,177259.0
2019-08-22,131.6016,129.02,130.0,131.54,37.0,142319.0
2019-08-23,130.9691,127.0,128.25,130.843,37.0,303216.0
2019-08-26,128.25,128.25,128.25,128.25,0.0,0.0
2019-08-27,129.0199,127.0001,128.5,128.6,32.0,128733.0
2019-08-28,130.065,127.0246,129.5,128.5,47.0,493009.0
2019-08-29,130.5,127.955,129.5,127.955,32.0,325600.0
2019-08-30,131.0,128.75,130.5,131.0,42.0,858464.0
2019-09-02,131.5,128.96,131.5,129.95,44.0,143079.0
2019-09-03,132.0,130.0,131.5,131.5,58.0,594008.0
2019-09-04,132.5,131.065,131.5,131.065,40.0,220780.0
2019-09-05,134.04375,130.5,130.5,131.5,47.0,227695.0
2019-09-06,136.375,133.49,134.75,134.0374,45.0,212990.0
2019-09-09,136.25,135.0,135.0,135.06,42.0,1089801.0
2019-09-10,136.5,135.49,135.5,135.53,41.0,219389.0
2019-09-11,138.0,135.49,136.5,135.7,57.0,1020935.0
2019-09-12,139.5,137.4,139.0,137.975,48.0,639399.0
2019-09-13,140.0,137.36,138.0,140.0,26.0,129126.0
2019-09-16,138.838,135.5,136.0,135.5,51.0,399345.0
2019-09-17,137.5,136.0,136.5,137.5,49.0,424768.0
2019-09-18,139.0,136.78,138.5,139.0,52.0,221667.0
2019-09-19,137.642,135.9,137.0,136.3601,86.0,323798.0
2019-09-20,138.5,136.0,137.5,136.0,56.0,390545.0
2019-09-23,138.88,135.5,136.0,138.0,52.0,328045.0
2019-09-24,137.0,134.5,134.75,136.55,47.0,738069.0
2019-09-25,135.68,133.0,133.0,134.8,32.0,232567.0
2019-09-26,134.75,131.5,131.5,134.4749,50.0,175031.0
2019-09-27,134.0,131.894,133.0,132.75,62.0,651109.0
2019-09-30,133.95,131.5,131.5,132.7801,47.0,308753.0
2019-10-01,134.16,131.5,131.5,132.75,51.0,2661486.0
2019-10-02,134.75,130.0,130.75,132.27,60.0,330824.0
2019-10-03,131.2,129.5,130.5,130.7,49.0,287176.0
2019-10-04,133.0,130.0,131.75,131.1,41.0,237586.0
2019-10-07,134.017,130.0,130.0,132.1049,49.0,150377.0
2019-10-08,132.7587,130.0,132.5,132.0,35.0,431355.0
2019-10-09,131.5,130.0,130.25,131.23,51.0,534450.0
2019-10-10,132.8025,130.75,132.5,132.8025,49.0,192895.0
2019-10-11,133.8536,130.0,130.0,133.5,40.0,207503.0
2019-10-14,133.5,130.95,133.0,133.0,40.0,157903.0
2019-10-15,133.0,130.0,130.0,132.0799,30.0,137351.0
2019-10-16,132.0,128.5,132.0,129.9999,61.0,248904.0
2019-10-17,132.0,127.6516,129.75,132.0,58.0,368025.0
2019-10-18,131.5,127.0,127.0,130.0,65.0,259065.0
2019-10-21,130.17,127.5,129.0,128.7149,48.0,222323.0
2019-10-22,130.07,127.0,129.0,128.45833,37.0,238660.0
2019-10-23,130.2,128.75,130.0,130.0,43.0,409911.0
2019-10-24,131.2,129.5,129.5,130.425,35.0,187584.0
2019-10-25,130.68,129.0,130.0,129.6,56.0,310969.0
2019-10-28,131.3,129.0,131.0,130.35,48.0,946115.0
2019-10-29,129.8399,128.9216,129.0,129.5001,46.0,195666.0
2019-10-30,129.575,127.0,127.0,128.9827,43.0,326764.0
2019-10-31,130.25,128.0,128.0,130.0,51.0,326018.0
2019-11-01,131.0,128.25,128.5,131.0,37.0,324351.0
2019-11-04,132.5,129.1301,131.0,130.5,83.0,383734.0
2019-11-05,132.2525,130.0,132.0,131.5393,62.0,679306.0
2019-11-06,132.0,130.0,131.75,131.75,69.0,390738.0
2019-11-07,132.8,131.0,132.0,131.6187,46.0,643762.0
2019-11-08,132.48,130.5,131.0,132.35,24.0,150727.0
2019-11-11,130.6214,128.5,129.75,130.485,54.0,235742.0
2019-11-12,131.5,129.5,130.5,130.0258,48.0,248877.0
2019-11-13,132.0,129.15,129.5,132.0,49.0,443704.0
2019-11-14,131.0,128.5,129.5,130.0099,73.0,510929.0
2019-11-15,131.5,129.5,130.0,131.5,82.0,374868.0
2019-11-18,131.1119,129.0,130.25,131.1119,48.0,388733.0
2019-11-19,130.5,129.58,130.0,130.1067,66.0,1175507.0
2019-11-20,130.525,129.0,130.0,130.2525,39.0,409768.0
2019-11-21,129.11,127.5,128.75,129.0199,45.0,243802.0
2019-11-22,130.26,128.0,130.25,129.0,45.0,241878.0
2019-11-25,131.8333,129.75,130.25,131.8333,52.0,843604.0
2019-11-26,131.5,129.5,130.5,130.625,45.0,375990.0
2019-11-27,132.135,130.4567,131.0,131.2999,50.0,254811.0
2019-11-28,131.4899,129.5,130.25,131.0,58.0,391027.0
2019-11-29,131.0,127.6,128.5,131.0,56.0,482820.0
2019-12-02,129.76,128.0,128.25,128.77,69.0,264479.0
2019-12-03,129.425,127.0,127.5,129.425,47.0,304662.0
2019-12-04,128.229,127.00001,127.25,127.4,46.0,215160.0
2019-12-05,128.34,126.9451,128.0,127.2933,37.0,174619.0
2019-12-06,129.5,127.9668,128.75,128.8,51.0,329590.0
2019-12-09,130.0,126.0,127.0,126.0,55.0,211763.0
2019-12-10,130.17,127.5,128.0,130.17,58.0,164059.0
2019-12-11,129.5,127.5,128.5,128.93,91.0,307937.0
2019-12-12,130.0,127.175,129.25,130.0,58.0,486078.0
2019-12-13,131.5,129.0,129.0,131.4,72.0,465570.0
2019-12-16,132.057,129.5,130.75,130.0001,53.0,344239.0
2019-12-17,134.0,130.6,131.5,130.6,77.0,760087.0
2019-12-18,136.606,133.5,135.75,135.0,114.0,604820.0
2019-12-19,137.7249,135.125,135.5,137.7249,83.0,1760673.0
2019-12-20,137.77,135.7701,137.5,137.0,71.0,350557.0
2019-12-23,139.0,136.78,138.0,139.0,54.0,205194.0
2019-12-24,140.0,137.0,138.5,139.5,28.0,209353.0
2019-12-27,140.269,136.5,137.5,137.9,34.0,226992.0
2019-12-30,138.4999,137.04001,137.5,138.05,35.0,197074.0
2019-12-31,139.3349,136.3711,136.25,139.3349,18.0,50337.0
2020-01-02,138.96,136.97751,137.75,138.96,37.0,229774.0
2020-01-03,138.5442,136.88,137.5,137.6,46.0,472279.0
2020-01-06,139.2649,135.0,135.0,139.2649,54.0,353362.0
2020-01-07,136.2801,134.5,135.75,134.5,53.0,663130.0
2020-01-08,136.78571,133.5,136.0,136.0,57.0,236795.0
2020-01-09,139.155,136.5,137.5,138.4399,86.0,466341.0
2020-01-10,139.45,135.86,138.25,138.0,154.0,14762632.0
2020-01-13,140.0,138.5,138.5,140.0,69.0,1161400.0
2020-01-14,140.0,137.0,138.5,139.4,118.0,5482928.0
2020-01-15,140.475,138.5,139.5,139.9999,60.0,487476.0
2020-01-16,141.353,138.0,139.0,140.73,114.0,694970.0
2020-01-17,141.5,138.5,139.0,139.5,106.0,306570.0
2020-01-20,141.06,139.0,139.5,139.415,87.0,474753.0
2020-01-21,139.5,137.0,138.0,139.0,85.0,582139.0
2020-01-22,138.585,137.4231,138.0,137.74,56.0,343143.0
2020-01-23,137.5,135.0,135.5,136.75,56.0,418502.0
2020-01-24,137.825,135.875,136.75,135.875,40.0,162894.0
2020-01-27,135.5,129.904,130.5,135.5,108.0,561412.0
2020-01-28,134.208,131.4201,133.0,132.4999,58.0,261484.0
2020-01-29,136.832,132.89,135.5,132.89,60.0,539831.0
2020-01-30,135.0,129.6801,132.5,133.5,75.0,402780.0
2020-01-31,131.1733,127.0103,127.5,131.0,71.0,502659.0
2020-02-03,131.7599,126.4,131.5,127.67,90.0,805720.0
2020-02-04,134.1699,132.8375,133.5,132.8375,67.0,327469.0
2020-02-05,135.95,133.46,135.0,133.46,64.0,221866.0
2020-02-06,137.5,134.35,135.0,137.164,49.0,288818.0
2020-02-07,135.484,132.4101,132.75,135.484,47.0,207625.0
2020-02-10,135.18,132.8601,133.75,132.8601,94.0,547924.0
2020-02-11,136.0,134.25,135.25,134.5001,71.0,686248.0
2020-02-12,136.863,135.2501,136.0,136.32,69.0,486732.0
2020-02-13,136.57,134.0,134.75,136.57,56.0,361155.0
2020-02-14,136.068,134.0,135.0,136.068,66.0,354857.0
2020-02-17,135.97,134.0,135.5,134.44,49.0,266249.0
2020-02-18,133.667,132.33,132.75,133.34,35.0,228450.0
2020-02-19,135.265,132.74,133.0,133.5501,68.0,580424.0
2020-02-20,135.475,132.5,132.5,134.75,50.0,283674.0
2020-02-21,135.4499,132.5,134.5,133.778,39.0,160694.0
2020-02-24,132.4092,126.9451,129.0,131.5,106.0,537563.0
2020-02-25,130.085,127.0,128.5,129.5395,56.0,274889.0
2020-02-26,130.96,122.0,128.5,128.325,105.0,683411.0
2020-02-27,127.64,123.9318,127.0,127.64,72.0,321232.0
2020-02-28,124.0,114.6601,120.5,124.0,124.0,765424.0
2020-03-02,124.98,119.5,124.0,123.0,77.0,371049.0
2020-03-03,128.0,123.5,123.5,124.793,89.0,642657.0
2020-03-04,127.5,123.497,127.5,124.65,36.0,181106.0
2020-03-05,128.225,123.938,126.0,128.225,55.0,218892.0
2020-03-06,124.225,116.5,119.0,122.33,74.0,755475.0
2020-03-09,118.0,109.0,109.5,118.0,101.0,508273.0
2020-03-10,116.2799,112.0,112.5,114.475,70.0,352756.0
2020-03-11,115.1967,111.6333,113.5,111.8751,66.0,314984.0
2020-03-12,112.5,100.0,103.5,111.0,91.0,523255.0
2020-03-13,114.767,106.0,108.5,107.0,116.0,636376.0
2020-03-16,107.9624,96.6,102.5,106.5,153.0,943864.0
2020-03-17,104.0,94.6,96.6,104.0,207.0,971340.0
2020-03-18,97.6,90.0,90.0,96.02,131.0,803336.0
2020-03-19,92.0,85.312,87.8,92.0,92.0,488246.0
2020-03-20,93.8,88.4,91.0,93.8,65.0,398484.0
2020-03-23,89.872,82.0001,84.4,89.14,105.0,938744.0
2020-03-24,90.8,86.0,86.6,86.4,90.0,563453.0
2020-03-25,96.76,88.8514,95.0,89.7675,122.0,1047833.0
2020-03-26,99.4,91.4,99.4,94.8,111.0,913592.0
2020-03-27,99.09,93.376,95.0,96.968,63.0,618613.0
2020-03-30,97.4,93.25,96.4,96.6039,62.0,693950.0
2020-03-31,99.0,95.0,98.8,95.24,67.0,965800.0
2020-04-01,99.0,92.4,99.0,94.614,142.0,647183.0
2020-04-02,98.8,95.5,98.6,98.6039,65.0,567761.0
2020-04-03,98.8,92.4,94.0,96.2,192.0,1187698.0
2020-04-06,98.2,94.56,97.0,94.56,85.0,1178476.0
2020-04-07,102.285,97.92,101.5,99.136,110.0,886303.0
2020-04-08,99.778,97.5081,99.6,99.4,75.0,540220.0
2020-04-09,103.0386,99.4,100.6,102.6039,61.0,756746.0
2020-04-14,102.5,98.0,99.0,102.5,106.0,988769.0
2020-04-15,99.776,97.6,99.0,98.1271,101.0,707194.0
2020-04-16,101.5,98.0,100.1,98.516,68.0,655524.0
2020-04-17,103.76,100.5,103.0,103.615,77.0,390020.0
2020-04-20,105.0,101.5,104.0,104.02,56.0,646772.0
2020-04-21,102.475,99.4,99.4,102.475,90.0,431084.0
2020-04-22,102.34,99.6,101.0,99.6,53.0,228957.0
2020-04-23,104.0,99.6,102.0,100.9825,80.0,576310.0
2020-04-24,101.978,99.2,101.0,100.5,101.0,518130.0
2020-04-27,103.0,100.775,103.0,100.775,68.0,603276.0
2020-04-28,105.0,102.0,105.0,103.9599,142.0,926698.0
2020-04-29,108.0,102.5,108.0,105.615,84.0,939633.0
2020-04-30,118.5,105.5,106.0,110.0199,78.0,426926.0
2020-05-01,107.5919,103.0001,104.0,105.33,90.0,1207985.0
2020-05-04,104.9999,101.4001,102.0,104.9999,54.0,670401.0
2020-05-05,106.5,103.375,105.0,103.375,45.0,287881.0
2020-05-06,107.5,104.0,106.0,107.5,54.0,313887.0
2020-05-07,106.55,105.0,105.5,106.205,65.0,510470.0
2020-05-08,105.5,105.5,105.5,105.5,0.0,0.0
2020-05-11,107.5,103.5,105.5,106.3,98.0,653304.0
2020-05-12,107.6869,104.5,106.75,107.5,63.0,443843.0
2020-05-13,108.5,103.0,103.0,106.5,73.0,623619.0
2020-05-14,103.6108,100.8226,101.0,103.6108,100.0,554106.0
2020-05-15,104.656,102.19,104.5,102.9999,124.0,672474.0
2020-05-18,106.0,102.5,104.5,102.6025,70.0,703047.0
2020-05-19,106.0,104.0,105.0,104.5,68.0,388872.0
2020-05-20,106.5,104.5,106.0,105.25,65.0,800928.0
2020-05-21,106.85,104.5,104.5,105.65,54.0,302579.0
2020-05-22,107.0,104.0,107.0,105.3,209.0,901618.0
2020-05-25,107.0,107.0,107.0,107.0,0.0,0.0
2020-05-26,109.9249,106.7788,107.0,107.5754,78.0,485317.0
2020-05-27,108.1319,105.0,105.0,108.1319,89.0,973824.0
2020-05-28,109.0,105.5,105.5,107.0,113.0,1067037.0
2020-05-29,107.5,104.0,104.5,106.94,143.0,1049020.0
2020-06-01,108.7999,105.5099,107.0,105.5099,47.0,217807.0
2020-06-02,108.5,105.0,106.0,107.51,161.0,2115824.0
2020-06-03,111.5,106.0,111.0,110.0,101.0,707996.0
2020-06-04,111.5,108.5,108.5,111.5,54.0,339736.0
2020-06-05,112.08,109.0,111.0,110.4999,54.0,1094873.0
2020-06-08,112.23,110.0,110.0,110.815,52.0,470280.0
2020-06-09,112.0,108.0,109.5,110.75,79.0,587375.0
2020-06-10,111.78,109.1975,109.5,111.78,67.0,567677.0
2020-06-11,109.0,106.0,108.0,107.0001,48.0,774375.0
2020-06-12,109.28,106.385,107.0,108.5,79.0,340780.0
2020-06-15,107.906,105.06,106.25,105.375,50.0,192282.0
2020-06-16,110.001,107.0,107.0,108.4512,49.0,318839.0
2020-06-17,111.0,107.5,109.75,108.76,44.0,343758.0
2020-06-18,110.5,108.5,108.5,109.9,118.0,814280.0
2020-06-19,114.5,108.0,114.5,108.445,54.0,934447.0
2020-06-22,113.5,110.5,110.5,112.0,87.0,597455.0
2020-06-23,113.0,110.0,111.0,110.56,72.0,369148.0
2020-06-24,112.5,109.459,110.5,109.459,73.0,300140.0
2020-06-25,112.0,109.5,109.5,112.0,41.0,326277.0
2020-06-26,111.41,109.765,109.75,110.75,35.0,173852.0
2020-06-29,111.0,109.0,110.5,110.5,80.0,1095117.0
2020-06-30,113.0,110.512,111.25,111.0,51.0,242915.0
2020-07-01,112.0,110.0,110.5,111.5119,143.0,1175443.0
2020-07-02,114.0,110.5,113.5,111.9149,69.0,382681.0
2020-07-03,114.47,111.5,113.25,114.1489,46.0,212946.0
2020-07-06,118.485,114.5,117.25,116.17,57.0,241988.0
2020-07-07,117.3081,114.7127,115.5,117.3081,41.0,398708.0
2020-07-08,117.5,114.0,116.25,116.96,40.0,310531.0
2020-07-09,118.0,112.0,112.0,116.7121,39.0,732987.0
2020-07-10,114.5,111.0,113.0,113.59,66.0,301538.0
2020-07-13,116.7188,113.505,116.0,115.0,35.0,202167.0
2020-07-14,116.36,113.6205,114.5,114.01,70.0,250584.0
2020-07-15,116.0,114.0,116.0,115.495,51.0,465499.0
2020-07-16,115.1212,113.0,115.0,115.1212,60.0,525669.0
2020-07-17,114.32,113.0641,113.75,114.32,28.0,965656.0
2020-07-20,116.5,113.4158,114.5,113.9067,51.0,876935.0
2020-07-21,119.8402,114.0,116.5,114.0,79.0,854132.0
2020-07-22,117.535,115.8,116.0,115.9562,137.0,358082.0
2020-07-23,117.7425,115.5,116.0,115.5,40.0,475652.0
2020-07-24,116.3688,113.5,114.0,115.6312,43.0,362047.0
2020-07-27,116.561,113.0,115.0,113.0,55.0,377669.0
2020-07-28,118.0,114.0,115.0,115.01,53.0,550704.0
2020-07-29,116.78,115.0,115.0,115.375,33.0,426970.0
2020-07-30,115.7562,113.051,113.5,115.7562,75.0,425098.0
2020-07-31,116.5,114.37,115.5,115.046,103.0,366792.0
2020-08-03,116.98,113.98,116.0,116.8638,37.0,94858.0
2020-08-04,117.08508,114.0,115.0,116.9839,54.0,448588.0
2020-08-05,116.5,114.0,116.0,115.4489,39.0,292765.0
2020-08-06,116.6625,114.8,115.0,116.6625,23.0,141241.0
2020-08-07,116.0,113.65,116.0,115.675,46.0,343538.0
2020-08-10,117.11,114.78501,116.0,116.48,42.0,314010.0
2020-08-11,118.0,115.5,118.0,116.0,60.0,246042.0
2020-08-12,118.095,115.5,117.75,116.6212,41.0,240731.0
2020-08-13,118.5,116.5,117.5,118.5,39.0,245517.0
2020-08-14,117.6749,115.75,116.5,117.0,32.0,332219.0
2020-08-17,118.0,115.9,117.25,115.9,49.0,275958.0
2020-08-18,119.5,116.2,117.0,119.5,35.0,201715.0
2020-08-19,118.02,116.1869,116.25,117.565,50.0,222296.0
2020-08-20,116.64,113.75,114.0,116.64,43.0,431231.0
2020-08-21,115.1,113.01,114.5,114.875,54.0,258316.0
2020-08-24,116.89,115.505,116.0,115.505,42.0,301137.0
2020-08-25,116.52,115.5,115.5,116.456,41.0,860222.0
2020-08-26,117.0,115.0,115.0,115.72,28.0,100392.0
2020-08-27,116.0,114.5,114.5,115.04,64.0,445569.0
2020-08-28,115.995,110.7529,114.25,115.995,33.0,311575.0
2020-08-31,114.25,114.25,114.25,114.25,0.0,0.0
2020-09-01,117.0,113.501,114.0,115.8125,31.0,122864.0
2020-09-02,115.5,114.0,114.25,115.125,33.0,221797.0
2020-09-03,115.426,113.5,113.5,115.24,28.0,114867.0
2020-09-04,114.5,111.5414,113.0,113.505,49.0,503981.0
2020-09-07,114.43,112.924,113.5,114.43,31.0,150172.0
2020-09-08,114.3774,113.0,113.5,113.0,40.0,296421.0
2020-09-09,115.5,113.46,115.5,113.46,46.0,419758.0
2020-09-10,115.2728,114.0,115.0,115.234,49.0,265650.0
2020-09-11,118.5,114.05,117.5,117.5,61.0,533287.0
2020-09-14,118.5,116.505,118.0,117.1349,51.0,219109.0
2020-09-15,120.5,117.5,119.0,118.3367,40.0,171529.0
2020-09-16,120.6,119.005,120.25,119.005,44.0,267940.0
2020-09-17,119.5,116.5,116.5,117.6833,53.0,284260.0
2020-09-18,119.5,117.1834,119.0,117.1834,41.0,348359.0
2020-09-21,119.5,114.0,114.5,117.25,55.0,253830.0
2020-09-22,115.8367,114.5,114.5,115.41,47.0,352692.0
2020-09-23,117.0,114.8,116.25,116.0,44.0,250790.0
2020-09-24,116.7425,114.0,114.0,115.2575,37.0,179806.0
2020-09-25,115.9157,113.95,114.0,114.65,38.0,177807.0
2020-09-28,115.102,113.0,113.5,114.1,41.0,324441.0
2020-09-29,115.5,114.0,115.5,114.969,41.0,447529.0
2020-09-30,116.0,113.0,114.75,114.4,50.0,852718.0
2020-10-01,116.76,114.0,114.5,115.0,145.0,804054.0
2020-10-02,115.0,110.0,114.0,113.82,59.0,813373.0
2020-10-05,116.0,113.5,114.25,115.495,45.0,577231.0
2020-10-06,115.5,114.2,115.5,115.235,73.0,1088377.0
2020-10-07,116.8349,115.5,116.0,116.145,89.0,605509.0
2020-10-08,116.81,115.0,115.75,115.2201,95.0,751711.0
2020-10-09,117.3349,115.0,116.5,116.005,70.0,1094038.0
2020-10-12,118.1364,116.3556,117.0,116.8,81.0,1471502.0
2020-10-13,118.0,116.0,117.75,118.0,49.0,500229.0
2020-10-14,118.6,117.0,117.5,118.1284,49.0,367832.0
2020-10-15,117.5,115.405,116.5,117.5,45.0,486454.0
2020-10-16,120.0,117.0,118.25,119.0,36.0,301014.0
2020-10-19,120.5,117.25,119.0,119.0,77.0,1157213.0
2020-10-20,120.65,118.5,120.0,118.8788,40.0,290578.0
2020-10-21,120.625,119.0,120.5,120.625,53.0,924566.0
2020-10-22,120.5,118.82,120.25,119.8688,62.0,431588.0
2020-10-23,122.0,119.0,121.0,120.0,52.0,1447581.0
2020-10-26,121.495,120.0,120.75,120.64,60.0,703722.0
2020-10-27,121.18,119.0,120.0,120.7361,47.0,411264.0
2020-10-28,119.9638,117.4141,118.0,119.475,93.0,545376.0
2020-10-29,118.797,116.5,117.5,118.5,54.0,388342.0
2020-10-30,119.0,116.0,117.25,116.3838,54.0,297190.0
2020-11-02,117.825,116.0,116.0,117.2398,54.0,344236.0
2020-11-03,118.7785,117.0,117.75,118.6428,111.0,735810.0
2020-11-04,121.0,117.0,121.0,117.0,52.0,363849.0
2020-11-05,122.0,120.0,121.0,121.0,73.0,405091.0
2020-11-06,122.6213,120.5,121.5,120.5,47.0,252499.0
2020-11-09,128.7899,124.025,127.25,124.7425,123.0,810115.0
2020-11-10,128.4852,124.0,125.5,128.3995,93.0,689585.0
2020-11-11,128.686,125.5,126.5,126.9853,59.0,426449.0
2020-11-12,128.5,125.4029,128.0,125.4029,87.0,655051.0
2020-11-13,130.5,125.5,130.0,129.5,73.0,572238.0
2020-11-16,133.756,130.82,131.5,133.0,82.0,561725.0
2020-11-17,134.4599,128.5,129.5,134.4599,390.0,876394.0
2020-11-18,132.75,128.2,129.5,128.2,72.0,875959.0
2020-11-19,131.0,129.128,130.0,130.425,56.0,533055.0
2020-11-20,133.14,129.7751,132.5,130.4017,84.0,519730.0
2020-11-23,134.0,130.5,131.25,131.8688,85.0,497126.0
2020-11-24,134.5,129.5,134.0,134.5,91.0,626867.0
2020-11-25,135.0,132.5102,133.0,135.0,75.0,457475.0
2020-11-26,135.0,132.6467,134.0,135.0,69.0,1152341.0
2020-11-27,136.0,131.5,136.0,133.7425,98.0,704090.0
2020-11-30,135.5,130.388,131.5,135.0,111.0,575665.0
2020-12-01,136.0,133.505,135.5,135.0,82.0,546328.0
2020-12-02,136.5,133.0,134.0,133.7575,83.0,468020.0
2020-12-03,138.838,133.72,138.0,134.25,90.0,471752.0
2020-12-04,141.48,137.5,139.5,139.5,86.0,550378.0
2020-12-07,142.95,138.0,139.0,142.5,64.0,447244.0
2020-12-08,142.6204,139.25,142.0,139.5,69.0,791366.0
2020-12-09,143.8983,138.0,138.0,143.0168,80.0,353256.0
2020-12-10,140.1599,138.1,139.0,139.9999,67.0,427206.0
2020-12-11,142.5,139.2575,142.5,142.0,53.0,354763.0
2020-12-14,143.5,139.0,143.5,142.5,64.0,503691.0
2020-12-15,143.8563,140.5,140.5,143.5488,80.0,386199.0
2020-12-16,144.825,140.14,143.5,142.551,78.0,500410.0
2020-12-17,145.0,140.5,141.5,140.5,92.0,717598.0
2020-12-18,144.5,140.0,141.5,144.5,128.0,627963.0
2020-12-21,143.505,139.5,140.0,139.5,95.0,632231.0
2020-12-22,141.7,139.0,140.5,141.505,82.0,373922.0
2020-12-23,143.28,139.0,141.0,140.1,59.0,376871.0
2020-12-24,145.5,140.5,145.5,144.0,20.0,61362.0
2020-12-28,145.5,145.5,145.5,145.5,0.0,0.0
2020-12-29,145.9999,142.0,144.5,142.0,77.0,319188.0
2020-12-30,147.3037,144.5,146.75,144.5,57.0,639518.0
2020-12-31,146.5,144.0,146.25,146.2425,33.0,140155.0
2021-01-04,149.0,146.5,147.0,147.5,71.0,225278.0
2021-01-05,150.5,146.5,147.25,150.5,88.0,637944.0
2021-01-06,150.0,146.5,146.5,150.0,80.0,2596246.0
2021-01-07,151.5,148.5,149.0,150.0,64.0,451850.0
2021-01-08,152.485,150.6312,151.0,151.325,98.0,489664.0
2021-01-11,155.0,152.0,152.5,153.0,101.0,574362.0
2021-01-12,155.5,152.5,154.0,155.5,94.0,431869.0
2021-01-13,155.5425,152.5,152.5,155.5425,52.0,404225.0
2021-01-14,155.7094,152.5,152.5,153.74,113.0,444145.0
2021-01-15,156.0,151.0,152.0,156.0,72.0,384544.0
2021-01-18,155.5,153.5,154.5,155.0,76.0,417747.0
2021-01-19,158.5,155.8637,157.5,156.5,118.0,667672.0
2021-01-20,159.5,156.0,158.5,156.0,94.0,634535.0
2021-01-21,159.5,156.6351,158.5,158.995,62.0,335935.0
2021-01-22,158.5,154.0,154.75,158.5,87.0,332128.0
2021-01-25,162.0,154.5,154.75,162.0,92.0,398598.0
2021-01-26,157.0,152.5,152.5,157.0,83.0,476677.0
2021-01-27,155.25,149.5,151.25,155.1163,95.0,802777.0
2021-01-28,151.0,147.0,150.0,151.0,95.0,474347.0
2021-01-29,152.0,145.2862,146.5,152.0,112.0,710938.0
2021-02-01,152.5,147.5,147.5,152.5,104.0,741038.0
2021-02-02,152.5,149.3838,149.5,151.1163,79.0,358122.0
2021-02-03,151.7797,149.23,151.0,149.5,84.0,1610469.0
2021-02-04,152.5,150.5,151.0,152.5,80.0,426601.0
2021-02-05,154.5,151.505,154.0,151.7,489.0,835546.0
2021-02-08,156.5,155.0,155.0,156.5,40.0,208710.0
2021-02-09,156.72,154.0,154.5,156.5,77.0,497067.0
2021-02-10,157.5,153.575,154.0,157.5,56.0,405887.0
2021-02-11,156.955,153.5,155.5,154.0,116.0,284787.0
2021-02-12,157.5,153.52,155.0,156.0,51.0,219579.0
2021-02-15,157.5,154.5,155.5,156.7425,104.0,486596.0
2021-02-16,159.5,153.904,155.5,159.5,61.0,459919.0
2021-02-17,155.5,153.618,154.0,155.325,68.0,899523.0
2021-02-18,154.495,151.5,151.5,154.495,62.0,410314.0
2021-02-19,156.0,151.0,153.0,156.0,97.0,868730.0
2021-02-22,151.46,149.0,149.5,150.8788,86.0,322848.0
2021-02-23,150.575,147.5,148.5,150.575,62.0,430136.0
2021-02-24,149.0,146.75,148.0,147.6312,73.0,574233.0
2021-02-25,153.0,149.12,150.0,153.0,71.0,1659626.0
2021-02-26,149.5,146.0,147.0,149.5,60.0,417281.0
2021-03-01,151.5,147.0,151.25,148.625,87.0,616896.0
2021-03-02,151.5,148.0,149.0,151.5,69.0,548577.0
2021-03-03,151.9999,149.5,151.0,150.5,83.0,819478.0
2021-03-04,150.0,148.0,149.5,149.44,61.0,805147.0
2021-03-05,150.45,145.0,147.5,149.0851,92.0,419110.0
2021-03-08,147.75,144.8788,147.25,144.8788,65.0,720499.0
2021-03-09,150.0,146.1741,150.0,148.24,93.0,779824.0
2021-03-10,149.95,146.7829,149.0,149.95,68.0,238305.0
2021-03-11,151.5,148.0,151.5,148.0,64.0,508818.0
2021-03-12,151.615,148.0,149.5,148.0,61.0,359616.0
2021-03-15,150.5,148.5,150.0,149.0,59.0,358611.0
2021-03-16,152.307,147.5,150.25,149.0001,88.0,604315.0
2021-03-17,152.8425,149.8417,151.0,150.75,65.0,276086.0
2021-03-18,152.0,147.5,150.0,147.5,51.0,286688.0
2021-03-19,148.451,146.5,148.0,146.8,60.0,435328.0
2021-03-22,150.5,146.6,148.5,146.78,61.0,419228.0
2021-03-23,150.0,144.225,147.0,146.3788,84.0,441293.0
2021-03-24,147.92,143.1941,145.0,147.92,65.0,449656.0
2021-03-25,147.7903,143.5,144.5,144.0,93.0,743488.0
2021-03-26,146.5,144.89,145.5,145.005,58.0,608399.0
2021-03-29,147.25,145.5,147.0,146.45,66.0,377857.0
2021-03-30,147.5,146.0,146.5,146.15,60.0,527227.0
2021-03-31,148.0,144.5,145.5,146.95,88.0,476697.0
2021-04-01,147.0,145.0,145.0,145.0,66.0,445390.0
2021-04-06,148.0,145.5,146.0,146.06,96.0,492145.0
2021-04-07,149.0,145.5,145.5,146.7625,76.0,313450.0
2021-04-08,149.5,146.5,149.5,147.3838,79.0,369959.0
2021-04-09,149.6242,146.39,149.0,148.0,102.0,740758.0
2021-04-12,148.443,146.0,146.0,147.0,100.0,540744.0
2021-04-13,149.5,146.0,148.5,149.5,75.0,346538.0
2021-04-14,149.375,147.0,148.5,148.249,56.0,325465.0
2021-04-15,150.0,147.0,149.5,149.0,93.0,587735.0
2021-04-16,152.634,148.5,151.0,150.0,91.0,431393.0
2021-04-19,151.0,148.925,149.0,150.5,99.0,674305.0
2021-04-20,152.0,147.0,147.0,152.0,86.0,375991.0
2021-04-21,149.5,147.4151,149.0,148.5,64.0,369202.0
2021-04-22,151.0,146.8888,150.25,146.8888,76.0,419497.0
2021-04-23,152.0,149.25,151.0,149.25,74.0,335046.0
2021-04-26,152.0,150.0,151.5,150.5,92.0,774008.0
2021-04-27,152.5,151.0,151.0,152.5,67.0,412651.0
2021-04-28,152.5,150.4301,152.0,152.26,63.0,680682.0
2021-04-29,152.5,150.244,150.5,151.75,71.0,393626.0
2021-04-30,152.5,147.5,148.75,152.5,101.0,573307.0
2021-05-03,148.75,148.75,148.75,148.75,0.0,0.0
2021-05-04,152.5,146.5,147.0,152.5,82.0,907459.0
2021-05-05,149.5,146.5,146.5,148.0,104.0,475975.0
2021-05-06,149.0,147.0,147.0,148.015,59.0,271347.0
2021-05-07,149.0,147.33,149.25,149.0,81.0,360736.0
2021-05-10,148.7425,144.5,145.0,148.7425,132.0,638875.0
2021-05-11,145.5,142.82,143.75,145.0,70.0,480707.0
2021-05-12,145.0,142.115,143.25,144.12,96.0,1343706.0
2021-05-13,144.5,141.07,143.0,141.505,80.0,445734.0
2021-05-14,146.0,142.5,144.5,146.0,47.0,257844.0
2021-05-17,144.5,142.0,144.0,143.75,77.0,578266.0
2021-05-18,146.438,144.5,145.0,145.45,78.0,656201.0
2021-05-19,145.625,143.0,145.25,143.8546,68.0,473432.0
2021-05-20,147.0,143.8838,146.75,143.8838,58.0,334518.0
2021-05-21,148.335,144.5,145.5,147.7425,46.0,408434.0
2021-05-24,147.5,144.318,146.5,146.85,48.0,442985.0
2021-05-25,147.5,145.5,146.0,146.0,60.0,975061.0
2021-05-26,148.5,145.5,146.5,147.0,88.0,1031539.0
2021-05-27,149.0,146.5,147.0,146.51,39.0,700044.0
2021-05-28,149.0,146.0,147.5,148.4,51.0,4121625.0
2021-05-31,147.5,147.5,147.5,147.5,0.0,0.0
2021-06-01,150.0,148.002,148.75,150.0,92.0,777895.0
2021-06-02,150.0,148.1312,149.25,148.74,56.0,457982.0
2021-06-03,150.0,147.49,149.5,149.2525,80.0,438788.0
2021-06-04,150.5,147.5,150.0,148.05,42.0,218514.0
2021-06-07,150.84,149.0,149.0,150.15,57.0,220052.0
2021-06-08,150.84,147.5,147.5,149.5,44.0,223440.0
2021-06-09,149.34,147.0,148.0,147.0,40.0,266669.0
2021-06-10,151.3,149.0,151.0,149.06,94.0,829392.0
2021-06-11,152.5,149.0,149.0,149.51,54.0,115639.0
2021-06-14,151.18,149.1,150.0,149.1,66.0,577256.0
2021-06-15,152.5,149.088,149.5,151.6162,60.0,217132.0
2021-06-16,151.06,149.05,149.25,149.8738,48.0,269200.0
2021-06-17,151.0,147.245,150.0,147.6094,91.0,871744.0
2021-06-18,149.92,146.0,146.0,149.295,226.0,375961.0
2021-06-21,150.0,146.815,150.0,147.985,74.0,318940.0
2021-06-22,150.0,146.65,147.25,149.175,63.0,325915.0
2021-06-23,152.0,147.5,148.5,147.995,49.0,339740.0
2021-06-24,151.5,147.265,147.5,147.6213,41.0,230939.0
2021-06-25,151.0,147.5,148.5,147.5,48.0,281812.0
2021-06-28,151.0,146.8415,150.0,146.8663,89.0,359429.0
2021-06-29,150.6,147.5,149.5,149.725,61.0,277646.0
2021-06-30,150.0,148.0,150.0,149.2475,41.0,364066.0
2021-07-01,150.9175,147.5,148.5,148.75,52.0,440329.0
2021-07-02,150.424,147.0,147.0,149.0,37.0,187767.0
2021-07-05,147.5,146.5,147.0,146.85,75.0,785669.0
2021-07-06,148.0,145.9275,146.0,145.9275,54.0,301794.0
2021-07-07,149.53,145.5,145.5,149.53,68.0,214373.0
2021-07-08,146.9625,144.7908,145.0,145.0,97.0,382187.0
2021-07-09,148.0,144.5,145.5,148.0,99.0,287139.0
2021-07-12,151.4999,145.0,145.0,151.4999,44.0,169738.0
2021-07-13,148.413,145.0,146.5,145.0,43.0,265671.0
2021-07-14,148.0,145.0,146.0,146.0,59.0,263692.0
2021-07-15,146.5,144.5201,145.75,146.5,32.0,207175.0
2021-07-16,146.58,144.5,145.75,146.08,31.0,143234.0
2021-07-19,145.0,143.0,144.5,143.875,49.0,505661.0
2021-07-20,147.5,143.82,147.5,144.492,90.0,274824.0
2021-07-21,147.075,144.625,145.0,146.65,48.0,360739.0
2021-07-22,148.0,145.36,146.0,147.2,49.0,367294.0
2021-07-23,146.963,144.1701,144.75,146.725,43.0,493511.0
2021-07-26,143.995,141.0,143.0,143.995,67.0,236174.0
2021-07-27,142.6212,140.1667,141.0,142.6212,62.0,337133.0
2021-07-28,142.75,139.0,142.25,139.5833,62.0,421313.0
2021-07-29,144.45,141.5,142.0,143.6162,25.0,455543.0
2021-07-30,142.0,140.5,142.0,140.5,63.0,229012.0
2021-08-02,144.5,141.7575,144.5,143.2425,58.0,259077.0
2021-08-03,146.5,144.0,145.5,144.7,56.0,706140.0
2021-08-04,148.5,145.52,148.0,146.96,56.0,583288.0
2021-08-05,148.0,146.0,148.0,148.0,46.0,204447.0
2021-08-06,147.95,146.0,147.25,147.7375,26.0,166634.0
2021-08-09,149.0,145.5,148.5,146.54,47.0,159642.0
2021-08-10,149.091,146.0001,148.0,148.25,48.0,394643.0
2021-08-11,148.303,146.89,147.5,146.89,38.0,314027.0
2021-08-12,147.5,145.568,147.5,145.568,36.0,116006.0
2021-08-13,148.0,145.8182,146.25,146.8,36.0,195343.0
2021-08-16,146.5,143.5,144.75,144.8771,51.0,1038942.0
2021-08-17,145.472,143.0,145.0,144.83,48.0,276588.0
2021-08-18,147.2425,145.5,145.5,147.2425,37.0,190378.0
2021-08-19,144.975,143.0,144.0,143.26,39.0,123791.0
2021-08-20,145.0,143.0,143.5,143.75,30.0,210876.0
2021-08-23,145.5,144.0,144.75,145.2425,50.0,418680.0
2021-08-24,147.77,145.0,147.25,145.0,50.0,223176.0
2021-08-25,148.2712,146.5,147.75,146.75,39.0,441085.0
2021-08-26,148.5,146.5,146.5,146.6312,27.0,161649.0
2021-08-27,149.0,146.65,147.75,146.65,36.0,267579.0
2021-08-30,147.75,147.75,147.75,147.75,0.0,0.0
2021-08-31,150.425,147.465,149.5,148.1654,57.0,797462.0
2021-09-01,151.5,149.0,150.25,149.8688,151.0,1738420.0
2021-09-02,151.6,148.0,148.0,151.6,48.0,188293.0
2021-09-03,153.3254,148.5,148.5,151.905,50.0,365096.0
2021-09-06,154.5,149.4,150.0,152.34,58.0,288744.0
2021-09-07,154.3625,150.0,150.5,150.45,37.0,244205.0
2021-09-08,155.0,149.5,149.5,150.75,32.0,171969.0
2021-09-09,150.58,147.5,147.5,150.175,64.0,247457.0
2021-09-10,151.0,148.0,148.0,148.5,64.0,304247.0
2021-09-13,150.329,147.5,148.0,148.5,54.0,572426.0
2021-09-14,151.25,147.5,147.5,151.25,63.0,322375.0
2021-09-15,150.0,146.5,146.5,148.8,66.0,290764.0
2021-09-16,145.969,144.435,145.0,145.225,72.0,367064.0
2021-09-17,149.0,144.0,144.0,146.19,66.0,204700.0
2021-09-20,145.208,141.5,143.0,144.5,74.0,376083.0
2021-09-21,144.0846,141.0,144.0,143.195,41.0,255540.0
2021-09-22,145.0,138.0,144.0,143.85,48.0,266895.0
2021-09-23,145.4285,143.85,144.5,144.0,32.0,247789.0
2021-09-24,145.5,142.75,143.0,144.535,45.0,263439.0
2021-09-27,144.875,143.0,143.25,144.205,52.0,460243.0
2021-09-28,144.0,142.0,143.5,144.0,73.0,508857.0
2021-09-29,145.0,141.5,142.0,142.938,69.0,2576413.0
2021-09-30,145.0,142.0,143.0,145.0,51.0,956927.0
2021-10-01,143.4064,140.5,140.5,140.9755,23.0,157578.0
2021-10-04,142.0,139.0,139.0,139.5,52.0,171807.0
2021-10-05,140.8416,137.7132,140.0,137.7132,46.0,184772.0
2021-10-06,140.938,138.5,139.25,138.918,49.0,455509.0
2021-10-07,144.0,140.0,141.0,140.5,61.0,634041.0
2021-10-08,142.5,140.82,142.5,140.82,33.0,150765.0
2021-10-11,142.0,139.5,140.0,140.4445,37.0,172102.0
2021-10-12,141.9421,140.3,140.5,140.5,24.0,158634.0
2021-10-13,142.0,140.0,140.5,140.817,48.0,749501.0
2021-10-14,141.25,139.53667,140.5,139.53667,30.0,600563.0
2021-10-15,142.5,140.817,141.5,141.45,36.0,111203.0
2021-10-18,142.3746,140.5,141.0,140.5,52.0,281624.0
2021-10-19,142.5,141.04,141.5,142.5,31.0,335595.0
2021-10-20,142.538,140.22,142.5,140.22,32.0,295386.0
2021-10-21,142.7988,140.58849,141.5,142.5,37.0,716308.0
2021-10-22,144.5,140.5,140.5,141.988,42.0,294519.0
2021-10-25,143.5,140.5,143.5,142.0,95.0,765519.0
2021-10-26,144.0,142.0,142.0,143.0,52.0,4936894.0
2021-10-27,143.5,141.5088,143.5,141.795,50.0,596547.0
2021-10-28,143.5,141.0,143.5,142.71667,38.0,227482.0
2021-10-29,142.5,141.0,141.0,141.77,51.0,240203.0
2021-11-01,142.8974,141.3,142.5,141.3,46.0,357777.0
2021-11-02,142.475,141.45,142.0,141.45,53.0,408383.0
2021-11-03,143.5,142.0,143.5,142.45,35.0,149345.0
2021-11-04,144.5,142.495,143.0,142.975,51.0,385836.0
2021-11-05,146.5,143.025,144.0,143.025,54.0,271845.0
2021-11-08,146.675,143.5,146.5,144.04,53.0,342603.0
2021-11-09,146.683,144.0,145.0,146.683,53.0,457703.0
2021-11-10,147.0,145.0,147.0,145.975,33.0,119416.0
2021-11-11,148.138,145.172,146.5,145.5633,75.0,379396.0
2021-11-12,148.392,146.5,148.0,146.76,61.0,488972.0
2021-11-15,148.5,146.95,147.5,146.95,52.0,887555.0
2021-11-16,147.9812,146.9,147.0,147.75,46.0,721171.0
2021-11-17,147.5,146.3962,147.5,146.3962,27.0,316021.0
2021-11-18,148.0,145.0,145.5,147.0,84.0,713754.0
2021-11-19,147.5,145.015,147.5,146.85,48.0,367485.0
2021-11-22,147.578,145.5,145.5,147.0,49.0,350871.0
2021-11-23,146.85,144.025,145.0,146.0,45.0,378703.0
2021-11-24,145.5,144.1278,145.5,145.34,41.0,349729.0
2021-11-25,146.0,144.375,146.0,144.625,47.0,296424.0
2021-11-26,146.0,139.0,139.0,146.0,71.0,429633.0
2021-11-29,143.1768,140.0,141.0,140.04,54.0,354184.0
2021-11-30,142.292,138.5,140.0,138.5,52.0,315403.0
2021-12-01,145.0,140.0,142.5,140.75,63.0,272476.0
2021-12-02,144.1,141.0,143.0,142.48,40.0,166623.0
2021-12-03,145.1276,143.0,144.0,143.0,133.0,572519.0
2021-12-06,145.95,142.5,145.5,144.9,108.0,913916.0
2021-12-07,147.58125,146.237,146.5,147.1849,53.0,296106.0
2021-12-08,148.148,146.89,148.0,146.89,64.0,549312.0
2021-12-09,149.0,147.5,148.0,148.03,33.0,367997.0
2021-12-10,149.0,147.5,148.5,148.25,76.0,598369.0
2021-12-13,150.172,146.5,146.5,147.595,38.0,559635.0
2021-12-14,147.5,144.56,145.0,146.5,90.0,795187.0
2021-12-15,146.25,143.0,143.5,145.5,47.0,404412.0
2021-12-16,145.01,144.0,145.0,144.375,43.0,261439.0
2021-12-17,145.0,142.9,145.0,144.28,54.0,551834.0
2021-12-20,143.0,141.2288,141.5,142.1585,53.0,248752.0
2021-12-21,145.0,142.308,144.5,143.0,61.0,226784.0
2021-12-22,145.0,142.0,145.0,143.675,59.0,226763.0
2021-12-23,146.0,142.8,143.0,144.0,89.0,345592.0
2021-12-24,145.0,142.5,142.5,144.18,16.0,253297.0
2021-12-27,142.5,142.5,142.5,142.5,0.0,0.0
2021-12-28,142.5,142.5,142.5,142.5,0.0,0.0
2021-12-29,144.509,143.004,143.5,143.004,47.0,370408.0
2021-12-30,145.5,142.6001,145.5,143.882,44.0,947232.0
2021-12-31,144.96,144.0,145.25,144.5,16.0,38580.0
2022-01-03,145.25,145.25,145.25,145.25,0.0,0.0
2022-01-04,147.2572,144.0,145.0,146.5,57.0,336473.0
2022-01-05,146.0,144.5,145.5,145.0,119.0,272629.0
2022-01-06,144.5,142.5,143.5,143.3962,70.0,249876.0
2022-01-07,145.0,142.5,144.0,142.5,69.0,616773.0
2022-01-10,145.5,142.5,145.0,145.5,121.0,1238722.0
2022-01-11,146.5,144.89,145.5,145.5,94.0,196925.0
2022-01-12,147.5,144.5,146.5,144.5,77.0,1390150.0
2022-01-13,146.295,144.83,145.0,145.5,82.0,458665.0
2022-01-14,146.3,144.0,144.5,144.9755,53.0,356759.0
2022-01-17,147.2,144.735,146.0,146.0,49.0,278913.0
2022-01-18,145.8,140.5,145.0,145.8,71.0,218886.0
2022-01-19,145.5,143.22,144.5,143.7,53.0,382095.0
2022-01-20,147.0,144.76,146.5,145.01,61.0,312019.0
2022-01-21,145.963,144.0,145.0,144.43,94.0,606054.0
2022-01-24,146.9999,141.55,142.0,145.7,127.0,1527665.0
2022-01-25,143.5,141.5,143.5,143.183,66.0,645631.0
2022-01-26,144.0,142.5,142.5,143.27,49.0,184420.0
2022-01-27,143.5,139.0,143.0,139.0,77.0,433094.0
2022-01-28,142.9532,140.5,141.5,140.5,58.0,1249621.0
2022-01-31,144.0,142.0,142.0,143.625,56.0,217971.0
2022-02-01,144.5,143.0,143.5,144.5,46.0,241922.0
2022-02-02,145.5252,143.404,144.0,144.52,48.0,196347.0
2022-02-03,143.97,142.404,142.5,143.875,34.0,184477.0
2022-02-04,143.4485,142.4176,143.0,143.26,41.0,205449.0
2022-02-07,143.7076,142.4,143.0,142.75,42.0,460239.0
2022-02-08,144.5,143.2423,143.75,143.94,37.0,241603.0
2022-02-09,146.235,144.0,146.0,144.0,41.0,272237.0
2022-02-10,148.0,144.6001,147.0,145.11,80.0,309882.0
2022-02-11,147.0,145.032,147.0,145.11,58.0,232911.0
2022-02-14,145.5,143.0,144.0,143.5,55.0,181918.0
2022-02-15,146.5,144.25,145.5,144.317,54.0,256351.0
2022-02-16,146.9376,145.0201,146.0,145.0201,36.0,335880.0
2022-02-17,146.0,144.5,145.25,145.0,58.0,222390.0
2022-02-18,145.0,143.75,144.5,144.75,66.0,170781.0
2022-02-21,144.4285,142.33,142.5,144.24,48.0,212618.0
2022-02-22,142.5,140.1585,142.5,140.975,86.0,487384.0
2022-02-23,142.25,140.5,142.0,140.5,48.0,785041.0
2022-02-24,139.465,133.5,135.0,139.15,105.0,485240.0
2022-02-25,139.338,135.5,138.5,136.475,54.0,1935825.0
2022-02-28,138.254,134.1875,136.5,138.254,79.0,671767.0
2022-03-01,139.0,135.5,135.5,136.7,80.0,348607.0
2022-03-02,136.08,134.0,135.5,135.0,105.0,368905.0
2022-03-03,136.0,133.0,133.75,134.775,56.0,460430.0
2022-03-04,131.9755,126.5,130.0,131.9755,136.0,524239.0
2022-03-07,126.3,120.0,121.0,124.0,132.0,1883703.0
2022-03-08,122.5,118.5,121.0,120.5,122.0,2350936.0
2022-03-09,125.5,120.15,124.5,123.0,163.0,471620.0
2022-03-10,128.0,122.25,128.0,123.425,141.0,1009649.0
2022-03-11,129.5,125.134,129.5,125.134,85.0,509384.0
2022-03-14,128.5,125.5,125.5,127.0,56.0,357627.0
2022-03-15,126.5,123.51,125.0,124.0,81.0,484969.0
2022-03-16,132.0,124.0,131.0,129.0,64.0,633945.0
2022-03-17,134.4012,131.237,132.5,132.4,91.0,661432.0
2022-03-18,135.0,132.0,134.0,132.9,61.0,564584.0
2022-03-21,134.5,131.435,132.5,133.85,87.0,434890.0
2022-03-22,135.0,131.5,132.5,131.5,52.0,435985.0
2022-03-23,134.5,131.70891,133.0,133.625,63.0,970617.0
2022-03-24,136.5,132.5,133.5,136.5,57.0,329663.0
2022-03-25,133.0,131.5,131.75,132.0,45.0,252920.0
2022-03-28,132.0,130.5,130.5,132.0,179.0,503046.0
2022-03-29,134.0,130.5,132.5,131.65,63.0,464362.0
2022-03-30,135.202,132.25,133.5,135.202,58.0,470719.0
2022-03-31,133.625,132.5,133.5,133.0,50.0,431615.0
2022-04-01,134.5,132.826,133.5,133.9532,40.0,268517.0
2022-04-04,135.16667,133.5,135.0,134.6,57.0,360810.0
2022-04-05,135.5,133.0,135.0,134.85,67.0,440022.0
2022-04-06,135.74,132.5,133.5,135.74,71.0,480763.0
2022-04-07,133.5,132.0,132.0,132.817,104.0,696905.0
2022-04-08,133.5,132.0,133.0,132.575,57.0,493992.0
2022-04-11,134.45,131.0,131.75,132.0,61.0,286519.0
2022-04-12,133.59637,130.5,132.0,133.59637,52.0,346430.0
2022-04-13,132.8344,131.5,132.5,132.68,47.0,353525.0
2022-04-14,132.3,131.0,131.0,132.3,48.0,263986.0
2022-04-19,131.0,128.1875,129.0,131.0,81.0,513481.0
2022-04-20,129.5,128.16,128.5,129.3,61.0,390792.0
2022-04-21,128.5,127.5,127.75,128.32,83.0,1030529.0
2022-04-22,128.85,126.54,128.5,127.5,99.0,623159.0
2022-04-25,127.225,124.9831,126.5,127.225,60.0,163131.0
2022-04-26,127.58,126.5,127.0,127.58,77.0,1110122.0
2022-04-27,128.375,126.6875,127.0,128.375,53.0,1231741.0
2022-04-28,130.0,127.0,128.75,127.0,87.0,936933.0
2022-04-29,130.0,127.5,129.5,127.5,81.0,518191.0
2022-05-02,129.5,129.5,129.5,129.5,0.0,0.0
2022-05-03,130.0,128.6,129.0,128.75,84.0,813696.0
2022-05-04,130.0,128.0,129.5,129.0,39.0,192669.0
2022-05-05,131.0,129.0,129.75,130.0,95.0,1063796.0
2022-05-06,129.22714,128.0,128.5,129.17,67.0,562588.0
2022-05-09,127.24,125.5,126.0,127.101,108.0,758084.0
2022-05-10,127.1069,125.5,126.0,126.3925,111.0,596521.0
2022-05-11,128.5,126.0,126.5,127.26,68.0,376614.0
2022-05-12,127.5,123.5,123.5,125.2,103.0,555605.0
2022-05-13,127.5,125.0,126.5,125.0,63.0,426479.0
2022-05-16,128.0,126.5,126.75,127.375,64.0,384300.0
2022-05-17,128.5,127.0,128.5,127.04,108.0,914866.0
2022-05-18,128.64,127.25,128.5,127.25,73.0,337406.0
2022-05-19,128.375,126.0,127.0,128.375,80.0,561766.0
2022-05-20,128.0,126.5,127.0,127.622,62.0,343735.0
2022-05-23,129.0,126.285,127.5,126.95,77.0,388143.0
2022-05-24,128.0,125.0,126.0,126.0495,102.0,459969.0
2022-05-25,128.0,126.0,128.0,126.0,38.0,252704.0
2022-05-26,126.9,125.5,126.0,126.9,35.0,369170.0
2022-05-27,127.5,125.65,127.25,127.5,79.0,545555.0
2022-05-30,130.5,126.8,130.5,128.0,44.0,218086.0
2022-05-31,131.601,129.5,130.0,129.98,86.0,972290.0
2022-06-01,130.6335,129.5,130.75,129.6767,49.0,398346.0
2022-06-02,130.75,130.75,130.75,130.75,0.0,0.0
2022-06-03,130.75,130.75,130.75,130.75,0.0,0.0
2022-06-06,132.0,129.0,130.75,129.0,56.0,243711.0
2022-06-07,131.0,128.5,129.0,131.0,40.0,259955.0
2022-06-08,132.0,128.5,129.25,128.8851,32.0,256786.0
2022-06-09,129.5,128.0,128.0,128.5,53.0,646844.0
2022-06-10,129.5,127.5,128.5,127.5,61.0,458826.0
2022-06-13,128.0,126.0,126.0,127.625,30.0,459312.0
2022-06-14,129.0,126.0,128.5,127.616,36.0,177986.0
2022-06-15,128.6121,127.5,127.5,128.488,37.0,185776.0
2022-06-16,127.5,124.0,124.0,126.4,49.0,704308.0
2022-06-17,126.5,124.0,126.5,125.66,49.0,354001.0
2022-06-20,126.1725,124.3925,126.25,125.125,30.0,199045.0
2022-06-21,126.5,124.0,125.0,124.5,29.0,167032.0
2022-06-22,127.0,123.5,123.5,125.65,36.0,357967.0
2022-06-23,126.5,123.0,123.5,126.5,36.0,328603.0
2022-06-24,126.0,124.0,126.0,124.36625,41.0,223381.0
2022-06-27,127.25,125.0,126.5,125.0,43.0,934053.0
2022-06-28,128.0,126.0,126.5,128.0,50.0,412903.0
2022-06-29,128.0,125.5,127.0,125.5,32.0,120529.0
2022-06-30,125.4435,124.0,124.5,125.2174,56.0,353605.0
2022-07-01,125.0,123.0,124.75,123.565,45.0,366391.0
2022-07-04,125.0,123.2001,123.5,125.0,22.0,107151.0
2022-07-05,124.1839,122.695,123.75,123.565,36.0,261802.0
2022-07-06,124.5,122.0,123.0,122.0,57.0,284632.0
2022-07-07,125.4404,123.5,124.5,124.0,40.0,248264.0
2022-07-08,124.744,123.5,123.5,123.5,34.0,461937.0
2022-07-11,125.0,122.0,123.0,124.23,78.0,1255894.0
2022-07-12,124.5,122.0,122.5,122.5,46.0,419296.0
2022-07-13,123.363,121.0,122.25,122.0,47.0,135860.0
2022-07-14,121.75,120.5,121.25,121.68,71.0,923320.0
2022-07-15,123.0,120.7,121.75,123.0,39.0,1527654.0
2022-07-18,124.0,122.0,122.0,124.0,36.0,462447.0
2022-07-19,125.0,122.0,122.0,125.0,32.0,311488.0
2022-07-20,124.5,122.5,124.5,123.08,27.0,213870.0
2022-07-21,125.5,122.6875,124.0,123.0,35.0,304529.0
2022-07-22,125.0374,123.5,124.0,124.0,35.0,341836.0
2022-07-25,124.5,123.0,124.0,123.998,51.0,269619.0
2022-07-26,125.0,123.0,124.5,123.5,46.0,441768.0
2022-07-27,124.885,123.25,124.0,124.4,29.0,232268.0
2022-07-28,125.08,122.5,123.5,124.0,57.0,853329.0
2022-07-29,125.0,123.0,124.0,124.0,58.0,385451.0
2022-08-01,125.0,122.5,122.5,123.25,53.0,278147.0
2022-08-02,123.5,121.0,122.75,123.42,45.0,793661.0
2022-08-03,123.5,121.0,121.0,123.4,21.0,319541.0
2022-08-04,123.0,121.0,121.5,122.0,60.0,324551.0
2022-08-05,125.0,122.5,123.0,122.78,43.0,194773.0
2022-08-08,123.69,122.5,123.0,122.82,36.0,238947.0
2022-08-09,124.035,122.5,123.5,123.0,62.0,436023.0
2022-08-10,124.5,122.0,122.0,122.46,63.0,468899.0
2022-08-11,124.0,122.1001,124.0,122.1001,46.0,1248510.0
2022-08-12,124.5,123.17827,124.5,123.17827,51.0,436381.0
2022-08-15,128.0,124.8925,126.0,124.8925,36.0,246034.0
2022-08-16,127.5,124.875,125.0,125.06,61.0,704492.0
2022-08-17,126.5,124.971,126.5,124.971,55.0,408537.0
2022-08-18,126.5,125.0,126.5,125.5,44.0,651157.0
2022-08-19,128.0,125.225,127.0,126.25,45.0,407360.0
2022-08-22,127.54,125.0,125.0,125.525,36.0,211322.0
2022-08-23,127.5,124.0,124.0,124.425,44.0,334342.0
2022-08-24,125.5,122.5,124.5,124.245,52.0,761543.0
2022-08-25,126.0,125.0,125.5,125.0,43.0,688772.0
2022-08-26,126.8125,125.061,125.5,125.56,64.0,862789.0
2022-08-29,125.5,125.5,125.5,125.5,0.0,0.0
2022-08-30,125.754,122.5,123.0,125.57,49.0,498227.0
2022-08-31,126.5,122.88,125.5,122.88,140.0,1450354.0
2022-09-01,125.15,123.0,123.75,125.0,75.0,609291.0
2022-09-02,124.638,123.0,124.5,123.0,30.0,212516.0
2022-09-05,125.5,122.5,123.0,122.683,33.0,284045.0
2022-09-06,124.495,121.55,122.0,123.3925,62.0,414678.0
2022-09-07,123.0,120.449,123.0,120.5,57.0,739345.0
2022-09-08,123.5,121.5,123.0,122.16,69.0,863734.0
2022-09-09,127.0,122.0,125.5,122.75,71.0,419459.0
2022-09-12,126.5,124.15,125.5,124.15,52.0,255516.0
2022-09-13,126.68,124.0,124.5,125.3912,106.0,2122809.0
2022-09-14,125.0,124.0,125.0,124.9,30.0,206441.0
2022-09-15,123.5,121.927,123.0,122.03,50.0,2105474.0
2022-09-16,122.5,121.0,122.5,122.5,50.0,460142.0
2022-09-19,122.5,122.5,122.5,122.5,0.0,0.0
2022-09-20,124.0,121.0,122.5,122.5,62.0,854697.0
2022-09-21,123.37,121.0,122.0,123.37,52.0,544834.0
2022-09-22,122.0,119.82,120.5,119.971,37.0,389461.0
2022-09-23,123.0,120.3401,122.5,120.9,85.0,607850.0
2022-09-26,124.125,122.0,123.5,123.15,29.0,209768.0
2022-09-27,123.5,121.6875,123.0,122.665,61.0,598290.0
2022-09-28,122.0,120.0,122.0,121.41,108.0,1226867.0
2022-09-29,121.98,117.0,117.5,121.98,58.0,1710187.0
2022-09-30,117.75,115.0,116.0,117.75,27.0,776164.0
2022-10-03,117.3,113.5,114.0,117.3,48.0,797212.0
2022-10-04,116.5,114.875,116.5,116.06,22.0,203514.0
2022-10-05,119.0,116.0,119.0,116.28,64.0,1082173.0
2022-10-06,120.0,118.5,119.75,119.67,39.0,438762.0
2022-10-07,120.4512,118.5,119.0,119.83,31.0,256543.0
2022-10-10,118.5,117.25,118.5,118.0,25.0,166915.0
2022-10-11,118.42,114.5,114.5,118.42,45.0,202361.0
2022-10-12,117.5,114.0,116.0,117.5,35.0,288470.0
2022-10-13,116.5,112.5,112.5,115.2,28.0,168773.0
2022-10-14,114.11,113.0001,113.5,113.75,27.0,286049.0
2022-10-17,115.5,113.5,114.0,115.5,51.0,450556.0
2022-10-18,114.92,113.5,113.5,114.17,25.0,138726.0
2022-10-19,115.0,113.0,113.0,113.86,34.0,249309.0
2022-10-20,115.0,112.5,114.5,113.25,33.0,174532.0
2022-10-21,115.0,113.13,113.75,115.0,23.0,123575.0
2022-10-24,114.5,110.0,111.0,114.38,57.0,229256.0
2022-10-25,112.0,110.45,111.5,111.125,28.0,147649.0
2022-10-26,111.0,109.5,110.5,110.35,29.0,234350.0
2022-10-27,111.5,109.5,110.75,110.485,29.0,257399.0
2022-10-28,110.3584,108.0,109.0,109.7375,51.0,1048439.0
2022-10-31,109.0,107.5,108.5,109.0,31.0,310544.0
2022-11-01,111.0,109.5,110.25,110.06,43.0,228729.0
2022-11-02,112.0,109.5,112.0,112.0,52.0,308976.0
2022-11-03,115.5,111.5,115.5,111.992,54.0,963813.0
2022-11-04,116.155,114.5,115.5,114.5,33.0,618291.0
2022-11-07,117.3617,115.12,117.25,115.12,36.0,711680.0
2022-11-08,116.683,114.0,116.0,115.0,39.0,176423.0
2022-11-09,116.759,115.0,116.75,115.0,32.0,254703.0
2022-11-10,118.0,115.0,118.0,115.0,36.0,206217.0
2022-11-11,121.5,118.1685,119.5,118.17,52.0,341753.0
2022-11-14,120.85,118.5,120.0,118.75,52.0,267002.0
2022-11-15,122.0,119.5,122.0,121.6,32.0,233500.0
2022-11-16,121.0,119.5,120.5,120.75,30.0,247816.0
2022-11-17,120.9505,119.0,120.75,120.4,37.0,177363.0
2022-11-18,121.5,119.5,120.0,121.25,29.0,185596.0
2022-11-21,121.0,118.0,119.25,121.0,26.0,155391.0
2022-11-22,121.65,118.5,120.5,121.65,22.0,158006.0
2022-11-23,121.0,118.75,120.0,121.0,27.0,234026.0
2022-11-24,120.5,118.92,119.5,120.16,19.0,113670.0
2022-11-25,120.5,118.75,119.0,118.75,25.0,81334.0
2022-11-28,120.11,117.5,119.0,120.11,30.0,131130.0
2022-11-29,121.5,119.0,121.5,119.275,33.0,220122.0
2022-11-30,123.5,120.0,123.5,121.5,46.0,331655.0
2022-12-01,124.5,122.4,124.5,124.0,35.0,247644.0
2022-12-02,125.529,123.0,124.0,125.529,45.0,356043.0
2022-12-05,125.5,123.0,124.5,124.125,47.0,207209.0
2022-12-06,125.5,123.5,125.5,124.0,39.0,597391.0
2022-12-07,125.5,122.5,123.5,124.95,36.0,210341.0
2022-12-08,124.25,122.5,123.5,123.125,40.0,386581.0
2022-12-09,125.0,123.0,124.0,124.5,36.0,239852.0
2022-12-12,125.727,122.5,122.5,125.727,37.0,136345.0
2022-12-13,124.415,122.6008,124.0,124.415,37.0,224921.0
2022-12-14,124.34,122.5,123.5,124.34,46.0,1583056.0
2022-12-15,122.723,120.0,121.0,121.96,31.0,856622.0
2022-12-16,122.0,119.5,120.0,121.005,60.0,1055629.0
2022-12-19,121.738,118.858,120.0,120.775,68.0,456314.0
2022-12-20,123.0,118.0,122.0,120.4505,61.0,541811.0
2022-12-21,125.0,119.75,123.0,122.98,126.0,1002436.0
2022-12-22,126.0,123.5,126.0,125.65,95.0,823280.0
2022-12-23,127.5,124.232,126.5,126.1,40.0,382269.0
2022-12-27,126.5,126.5,126.5,126.5,0.0,0.0
2022-12-28,128.5,124.5,127.0,127.0,41.0,239075.0
2022-12-29,129.0,125.676,127.5,125.676,35.0,216154.0
2022-12-30,129.5,126.5,128.25,128.71,28.0,255808.0
2023-01-02,128.25,128.25,128.25,128.25,0.0,0.0
2023-01-03,130.5,127.0,129.0,130.5,64.0,574137.0
2023-01-04,130.0,127.0,130.0,128.0,66.0,683616.0
2023-01-05,131.5,127.5,131.5,130.12667,66.0,1076941.0
2023-01-06,135.0,130.2,132.5,130.2,56.0,615759.0
2023-01-09,134.615,131.0,133.5,134.615,52.0,898552.0
2023-01-10,135.0,132.5,134.0,133.95,52.0,503430.0
2023-01-11,137.0,133.92,136.25,133.92,78.0,654890.0
2023-01-12,138.1854,135.75,136.5,137.5,61.0,779801.0
2023-01-13,139.0,135.0,137.5,137.75,65.0,746847.0
2023-01-16,140.5,135.5,135.5,138.5,68.0,325123.0
2023-01-17,140.0,135.5,136.5,138.9,52.0,326390.0
2023-01-18,138.5,135.5,135.5,137.7725,58.0,325488.0
2023-01-19,137.0,134.2576,135.25,137.0,70.0,448415.0
2023-01-20,137.5,134.5,136.5,137.5,90.0,570980.0
2023-01-23,138.0,135.0,137.0,137.52,65.0,523858.0
2023-01-24,139.5,136.0,136.0,136.65,58.0,848697.0
2023-01-25,138.2,136.0,137.5,137.925,84.0,726957.0
2023-01-26,139.0,137.0,139.0,139.0,58.0,332762.0
2023-01-27,140.0,138.0,139.0,140.0,71.0,1276627.0
2023-01-30,139.1242,137.0,137.5,139.0,38.0,160793.0
2023-01-31,138.0,135.72,137.5,137.264,70.0,405893.0
2023-02-01,140.0,137.0,140.0,138.5,111.0,599722.0
2023-02-02,141.78,137.5,141.5,139.5,50.0,288534.0
2023-02-03,143.0,140.4295,141.0,140.4295,63.0,701315.0
2023-02-06,142.5,139.398,140.0,141.24,78.0,345596.0
2023-02-07,140.72,138.42,139.0,139.94,66.0,354840.0
2023-02-08,141.0,138.24,139.25,139.0,54.0,631356.0
2023-02-09,142.0,140.0,141.0,140.03,55.0,212190.0
2023-02-10,141.25,138.0,140.5,140.2925,70.0,410553.0
2023-02-13,141.5,138.46295,140.25,138.46295,61.0,768872.0
2023-02-14,140.64,137.5,138.0,140.28,60.0,419850.0
2023-02-15,139.6357,137.7112,139.5,138.2,48.0,319058.0
2023-02-16,140.5,137.5,138.0,139.75,39.0,909429.0
2023-02-17,138.0,136.5,137.0,137.82,43.0,140185.0
2023-02-20,139.0,137.0,138.25,137.0,40.0,554082.0
2023-02-21,139.5,135.0,135.0,136.5,43.0,364101.0
2023-02-22,137.5,133.5,134.5,136.85,56.0,282077.0
2023-02-23,139.0,134.17,136.0,134.17,29.0,201313.0
2023-02-24,137.5,134.0,137.0,134.98,29.0,108979.0
2023-02-27,136.0,133.5,134.5,134.54,61.0,363490.0
2023-02-28,135.88,133.0,133.0,135.88,43.0,413757.0
2023-03-01,136.86,134.5,134.5,135.46,56.0,598054.0
2023-03-02,137.05,134.5,136.5,135.56,41.0,427049.0
2023-03-03,139.05,135.6,136.5,136.7525,62.0,1275704.0
2023-03-06,138.5,135.5,137.0,137.5,83.0,1120669.0
2023-03-07,140.0,136.15,138.25,136.725,50.0,1467652.0
2023-03-08,139.0,135.5,138.0,138.772,42.0,1150563.0
2023-03-09,137.0,134.5,134.5,136.288,71.0,356849.0
2023-03-10,133.937,131.0,131.0,133.1,66.0,254260.0
2023-03-13,132.1932,129.0,131.0,132.05,77.0,358951.0
2023-03-14,130.5,127.9579,129.5,130.5,60.0,2791467.0
2023-03-15,130.72,127.7605,128.5,129.95,44.0,337174.0
2023-03-16,130.5,127.5,129.0,127.5,52.0,441623.0
2023-03-17,131.5,129.0,130.5,129.6123,50.0,528018.0
2023-03-20,130.5,127.0,129.0,128.41,51.0,468425.0
2023-03-21,130.0,127.5,129.5,128.668,48.0,472451.0
2023-03-22,131.0,127.94,129.5,128.145,64.0,451616.0
2023-03-23,132.0,130.299,130.25,131.0,43.0,521477.0
2023-03-24,132.0,130.145,131.0,131.265,44.0,232300.0
2023-03-27,133.0,128.65,129.0,130.615,38.0,146805.0
2023-03-28,130.25,128.0,128.0,129.805,30.0,362394.0
2023-03-29,129.4977,128.0,128.5,128.0,95.0,436360.0
2023-03-30,130.0,127.8,130.0,128.5,66.0,1275536.0
2023-03-31,130.5,128.5,129.75,129.0785,55.0,585081.0
2023-04-03,131.6149,128.5,129.5,131.5,67.0,880794.0
2023-04-04,131.6407,128.0,128.75,131.6407,51.0,1167041.0
2023-04-05,130.0,127.0,128.0,128.75,45.0,460248.0
2023-04-06,128.5,127.081,128.0,127.47,87.0,602580.0
2023-04-11,130.0,126.5,129.5,128.251,106.0,697459.0
2023-04-12,130.57,128.7892,129.5,130.45,78.0,596503.0
2023-04-13,130.025,128.0,129.0,130.025,69.0,401929.0
2023-04-14,131.0,129.0,130.25,129.0,53.0,891836.0
2023-04-17,134.0,130.064,131.75,130.064,86.0,558155.0
2023-04-18,133.0,131.0,131.5,132.04,37.0,382352.0
2023-04-19,133.0,129.5,130.5,131.306,77.0,1957165.0
2023-04-20,131.772,129.0,129.0,131.0,60.0,310795.0
2023-04-21,130.0,128.42,128.5,129.48,80.0,275903.0
2023-04-24,129.0,127.0,127.5,128.02,54.0,306140.0
2023-04-25,127.78,126.17,127.25,127.64,42.0,438250.0
2023-04-26,127.8425,126.5,127.0,127.025,77.0,974010.0
2023-04-27,128.0,126.5,127.0,127.025,87.0,479173.0
2023-04-28,129.0,126.5,128.5,126.5,87.0,295153.0
2023-05-02,129.0,125.5,127.5,127.85,73.0,293533.0
2023-05-03,129.0,126.025,128.25,127.5,92.0,549975.0
2023-05-04,129.0,127.5,128.5,127.64,43.0,458407.0
2023-05-05,129.3125,126.5,127.0,126.5,52.0,857366.0
2023-05-08,127.0,127.0,127.0,127.0,0.0,0.0
2023-05-09,129.0,127.525,128.5,128.67,75.0,298692.0
2023-05-10,129.0,127.72,128.5,128.0,45.0,201399.0
2023-05-11,129.0,127.72,128.5,127.732,75.0,654660.0
2023-05-12,129.0,128.0,128.0,128.75,62.0,722399.0
2023-05-15,129.5,128.0,129.0,128.0,51.0,336922.0
2023-05-16,129.106,128.0,128.5,128.974,48.0,323705.0
2023-05-17,128.5,127.0,128.0,127.65,51.0,188481.0
2023-05-18,128.5,127.5,127.5,127.675,34.0,183893.0
2023-05-19,129.67,128.5,128.5,129.475,36.0,206332.0
2023-05-22,130.0,128.695,129.5,129.115,51.0,347044.0
2023-05-23,129.7495,127.5,127.5,129.028,65.0,346123.0
2023-05-24,128.5,127.5,127.5,127.532,47.0,272898.0
2023-05-25,128.05,127.0,127.5,127.5,42.0,292896.0
2023-05-26,129.0,127.3102,128.0,128.13693,42.0,272124.0
2023-05-29,128.0,128.0,128.0,128.0,0.0,0.0
2023-05-30,129.2653,127.5,128.5,129.2645,45.0,285718.0
2023-05-31,127.686,126.0,126.0,127.686,50.0,165965.0
2023-06-01,127.15,126.0,126.5,126.838,54.0,1301647.0
2023-06-02,130.5,128.27,130.0,128.625,50.0,640579.0
2023-06-05,131.0,129.064,130.0,129.99,101.0,797720.0
2023-06-06,131.5,129.0,130.5,129.412,73.0,425313.0
2023-06-07,131.48,129.96,130.0,130.8625,32.0,381985.0
2023-06-08,131.0125,129.75,130.5,129.908,51.0,484219.0
2023-06-09,131.5,130.5,131.25,130.504,39.0,186542.0
2023-06-12,131.764,128.5,131.5,130.72,42.0,200837.0
2023-06-13,134.0,131.3,133.0,131.3,57.0,326443.0
2023-06-14,133.5,131.3685,131.5,131.883,40.0,394996.0
2023-06-15,132.99,131.91,132.25,131.91,35.0,120296.0
2023-06-16,133.0,131.5,132.0,132.474,42.0,307140.0
2023-06-19,132.0,130.96,131.25,131.5,45.0,306720.0
2023-06-20,132.0,128.5,128.5,131.48,51.0,239871.0
2023-06-21,131.0,128.5,129.0,129.46,48.0,236858.0
2023-06-22,129.5,126.5,127.5,129.22,50.0,243988.0
2023-06-23,128.5,125.7282,126.25,128.09,25.0,100511.0
2023-06-26,127.0,125.0,125.0,125.965,57.0,348420.0
2023-06-27,127.565,125.25,127.5,126.48,44.0,296429.0
2023-06-28,128.0515,126.712,128.25,127.35,43.0,237326.0
2023-06-29,128.14,126.0,126.0,127.25,52.0,225035.0
2023-06-30,128.5,126.25,127.0,126.7,42.0,924273.0
2023-07-03,128.0,127.1,128.0,128.0,78.0,1395744.0
2023-07-04,129.66,126.5,128.75,129.0,44.0,282676.0
2023-07-05,128.435,126.9158,128.0,128.435,49.0,282424.0
2023-07-06,128.5,124.0,124.0,128.5,63.0,203796.0
2023-07-07,125.725,122.5,123.75,125.0,40.0,212895.0
2023-07-10,124.54,123.2355,124.0,124.54,48.0,317907.0
2023-07-11,126.0,124.1565,124.5,126.0,56.0,453957.0
2023-07-12,126.5,124.3415,125.5,125.6,66.0,312167.0
2023-07-13,127.0,124.84,125.5,124.84,45.0,138733.0
2023-07-14,128.0,125.0,126.5,125.75,58.0,484206.0
2023-07-17,129.0,126.0,128.0,126.94,79.0,829856.0
2023-07-18,128.0,126.0,127.0,128.0,49.0,397042.0
2023-07-19,129.5,126.75,129.5,128.35,62.0,327274.0
2023-07-20,129.5,127.33,129.5,127.84,45.0,151591.0
2023-07-21,130.75,127.53,128.0,129.35,57.0,640429.0
