Date,HIGH,LOW,CLOSE,OPEN,COUNT,VOLUME
1994-04-28,83.856802,78.139292,80.045129,80.998047,0.0,1756742.602337
1994-04-29,80.998047,75.280538,77.186374,80.998047,0.0,245082.946037
1994-05-02,77.186374,77.186374,77.186374,77.186374,0.0,0.0
1994-05-03,78.139292,68.61011,70.515947,74.32762,0.0,164003.58379
1994-05-04,72.421783,69.563029,71.468865,69.563029,0.0,70854.979933
1994-05-05,72.421783,70.992406,71.468865,72.421783,0.0,29933.314291
1994-05-06,71.945324,70.515947,71.468865,70.515947,0.0,36013.584344
1994-05-09,72.421783,70.515947,71.468865,72.421783,0.0,17405.481378
1994-05-10,70.515947,65.751356,66.704274,70.515947,0.0,32531.648542
1994-05-11,68.61011,64.798438,66.704274,64.798438,0.0,60849.923894
1994-05-12,67.657192,63.845519,65.751356,64.798438,0.0,28858.720481
1994-05-13,64.798438,61.939683,63.845519,64.798438,0.0,40402.208673
1994-05-16,64.798438,64.798438,64.798438,64.798438,0.0,57121.377208
1994-05-17,64.798438,64.798438,64.798438,64.798438,0.0,0.0
1994-05-18,65.751356,62.892601,64.798438,65.751356,0.0,16685.587478
1994-05-19,65.274897,65.274897,64.798438,65.274897,0.0,57717.440962
1994-05-20,70.515947,65.751356,70.515947,68.61011,0.0,220375.683673
1994-05-23,71.468865,69.563029,70.515947,69.563029,0.0,34473.053375
1994-05-24,72.421783,72.421783,70.515947,72.421783,0.0,1752.511389
1994-05-25,72.421783,68.61011,70.515947,72.421783,0.0,25133.322019
1994-05-26,68.61011,66.704274,66.704274,68.61011,0.0,20988.16035
1994-05-27,66.704274,66.704274,66.704274,66.704274,0.0,0.0
1994-05-30,66.704274,66.704274,66.704274,66.704274,0.0,0.0
1994-05-31,67.657192,64.798438,66.704274,64.798438,0.0,23611.680394
1994-06-01,66.704274,66.704274,66.704274,66.704274,0.0,0.0
1994-06-02,65.274897,64.798438,66.704274,64.798438,0.0,28334.016472
1994-06-03,66.704274,66.704274,66.704274,66.704274,0.0,7031.033717
1994-06-06,64.798438,60.986765,62.892601,64.798438,0.0,43550.432726
1994-06-07,63.36906,63.36906,62.892601,63.36906,0.0,4197.63207
1994-06-08,62.892601,60.986765,62.892601,61.939683,0.0,97070.241618
1994-06-09,62.892601,62.892601,62.892601,62.892601,0.0,0.0
1994-06-10,63.845519,63.845519,62.892601,63.845519,0.0,3672.928061
1994-06-13,62.892601,62.892601,62.892601,62.892601,0.0,0.0
1994-06-14,64.798438,60.986765,62.892601,64.798438,0.0,94829.755501
1994-06-15,62.892601,62.892601,62.892601,62.892601,0.0,0.0
1994-06-16,60.986765,60.986765,62.892601,60.986765,0.0,4197.63207
1994-06-17,64.798438,64.798438,62.892601,64.798438,0.0,1574.112026
1994-06-20,64.798438,62.892601,62.892601,64.798438,0.0,45481.343478
1994-06-21,62.892601,62.892601,62.892601,62.892601,0.0,0.0
1994-06-22,62.892601,62.892601,62.892601,62.892601,0.0,0.0
1994-06-23,63.845519,63.845519,62.892601,63.845519,0.0,6546.207213
1994-06-24,63.845519,60.033847,61.939683,60.986765,0.0,16759.046039
1994-06-27,59.080928,59.080928,60.033847,59.080928,0.0,3410.576057
1994-06-28,58.12801,58.12801,60.033847,58.12801,0.0,12068.192201
1994-06-29,59.557388,59.319158,60.033847,59.319158,0.0,136423.042274
1994-06-30,60.033847,60.033847,60.033847,60.033847,0.0,0.0
1994-07-01,58.12801,57.175092,59.080928,58.12801,0.0,12603.39029
1994-07-04,59.080928,59.080928,59.080928,59.080928,0.0,0.0
1994-07-05,58.604469,57.175092,58.12801,58.604469,0.0,7345.856122
1994-07-06,58.12801,57.175092,58.12801,57.175092,0.0,20988.16035
1994-07-07,58.604469,58.12801,58.12801,58.12801,0.0,20988.16035
1994-07-08,59.080928,57.175092,57.175092,57.175092,0.0,27704.371662
1994-07-11,57.175092,57.175092,57.175092,57.175092,0.0,0.0
1994-07-12,55.269256,54.316337,53.363419,55.269256,0.0,26235.200437
1994-07-13,54.792797,51.934042,53.363419,51.934042,0.0,915608.495261
1994-07-14,51.695812,51.695812,53.363419,51.695812,0.0,20988.16035
1994-07-15,54.316337,51.457583,53.363419,51.457583,0.0,21460.393958
1994-07-18,53.363419,53.363419,53.363419,53.363419,0.0,0.0
1994-07-19,53.363419,53.363419,53.363419,53.363419,0.0,0.0
1994-07-20,55.269256,52.410501,54.316337,53.363419,0.0,28229.075671
1994-07-21,54.316337,54.316337,54.316337,54.316337,0.0,0.0
1994-07-22,54.316337,54.316337,54.316337,54.316337,0.0,0.0
1994-07-25,55.269256,52.410501,54.316337,55.269256,0.0,7345.856122
1994-07-26,54.316337,54.316337,54.316337,54.316337,0.0,0.0
1994-07-27,52.410501,52.410501,53.363419,52.410501,0.0,23506.739592
1994-07-28,53.363419,53.363419,53.363419,53.363419,0.0,0.0
1994-07-29,54.316337,51.934042,53.363419,51.934042,0.0,5273.275288
1994-08-01,54.316337,53.363419,54.316337,53.363419,0.0,17546.102052
1994-08-02,54.316337,54.316337,54.316337,54.316337,0.0,0.0
1994-08-03,54.316337,54.316337,54.316337,54.316337,0.0,0.0
1994-08-04,54.792797,52.410501,54.316337,52.410501,0.0,7555.737726
1994-08-05,55.269256,55.269256,54.316337,55.269256,0.0,2713.769133
1994-08-08,55.269256,55.269256,54.316337,55.269256,0.0,2413.63844
1994-08-09,52.410501,50.504665,52.410501,52.410501,0.0,31482.240525
1994-08-10,50.504665,50.504665,52.410501,50.504665,0.0,6296.448105
1994-08-11,53.363419,53.363419,53.363419,53.363419,0.0,15741.120262
1994-08-12,53.363419,53.363419,53.363419,53.363419,0.0,10494.080175
1994-08-15,57.175092,56.698633,56.222174,56.698633,0.0,12230.850444
1994-08-16,57.175092,57.175092,56.222174,57.175092,0.0,8744.71701
1994-08-17,56.222174,56.222174,56.222174,56.222174,0.0,0.0
1994-08-18,57.175092,55.269256,56.222174,55.269256,0.0,6233.483624
1994-08-19,57.175092,56.222174,57.175092,57.175092,0.0,23086.976385
1994-08-22,59.080928,56.222174,58.12801,58.12801,0.0,20293.452242
1994-08-23,59.080928,58.12801,58.12801,59.080928,0.0,20006.963853
1994-08-24,60.986765,59.080928,60.986765,60.986765,0.0,34607.377601
1994-08-25,60.986765,60.986765,60.986765,60.986765,0.0,0.0
1994-08-26,60.986765,60.986765,60.986765,60.986765,0.0,0.0
1994-08-29,60.986765,60.986765,60.986765,60.986765,0.0,0.0
1994-08-30,60.986765,60.986765,60.986765,60.986765,0.0,0.0
1994-08-31,60.986765,60.986765,60.986765,60.986765,0.0,0.0
1994-09-01,60.986765,60.986765,60.986765,60.986765,0.0,0.0
1994-09-02,60.986765,60.986765,60.986765,60.986765,0.0,0.0
1994-09-05,60.986765,60.986765,60.986765,60.986765,0.0,0.0
1994-09-06,60.986765,60.986765,60.986765,60.986765,0.0,0.0
1994-09-07,60.986765,60.986765,60.986765,60.986765,0.0,0.0
1994-09-08,60.986765,60.986765,60.986765,60.986765,0.0,0.0
1994-09-09,60.986765,60.986765,60.986765,60.986765,0.0,0.0
1994-09-12,60.986765,60.986765,60.986765,60.986765,0.0,0.0
1994-09-13,72.421783,65.751356,64.798438,70.515947,0.0,249100.079928
1994-09-14,63.845519,60.033847,61.939683,63.011716,0.0,112294.003728
1994-09-15,61.939683,61.939683,61.939683,61.939683,0.0,0.0
1994-09-16,61.939683,59.080928,60.986765,61.939683,0.0,9339.731356
1994-09-19,61.939683,61.939683,60.986765,61.939683,0.0,3410.576057
1994-09-20,59.080928,58.12801,60.033847,59.080928,0.0,12199.368203
1994-09-21,60.033847,60.033847,60.033847,60.033847,0.0,0.0
1994-09-22,60.033847,60.033847,60.033847,60.033847,0.0,0.0
1994-09-23,60.033847,60.033847,60.033847,60.033847,0.0,0.0
1994-09-26,58.12801,57.175092,56.222174,58.12801,0.0,31482.240525
1994-09-27,54.316337,54.316337,56.222174,54.316337,0.0,4197.63207
1994-09-28,56.222174,54.316337,55.269256,54.316337,0.0,38828.096647
1994-09-29,57.175092,57.175092,55.269256,57.175092,0.0,2623.520044
1994-09-30,55.269256,52.410501,53.363419,53.363419,0.0,17315.232289
1994-10-03,54.316337,53.363419,53.363419,53.363419,0.0,18784.403513
1994-10-04,53.363419,53.363419,53.363419,53.363419,0.0,0.0
1994-10-05,55.269256,54.316337,53.363419,54.316337,0.0,6222.989544
1994-10-06,53.363419,53.363419,53.363419,53.363419,0.0,0.0
1994-10-07,53.363419,53.363419,53.363419,53.363419,0.0,0.0
1994-10-10,57.175092,54.316337,56.222174,54.316337,0.0,65588.001093
1994-10-11,62.892601,56.698633,63.845519,56.698633,0.0,290528.609642
1994-10-12,64.798438,61.939683,63.845519,64.798438,0.0,28698.161054
1994-10-13,65.751356,61.939683,63.845519,61.939683,0.0,42242.870336
1994-10-14,61.939683,61.939683,60.986765,61.939683,0.0,34693.429058
1994-10-17,61.939683,59.080928,60.986765,61.939683,0.0,39579.472788
1994-10-18,59.080928,59.080928,60.986765,59.080928,0.0,4197.63207
1994-10-19,61.939683,60.986765,60.986765,61.939683,0.0,7608.208127
1994-10-20,60.033847,60.033847,60.986765,60.033847,0.0,53519.808892
1994-10-21,59.080928,59.080928,60.033847,59.080928,0.0,10494.080175
1994-10-24,59.080928,56.222174,55.269256,58.12801,0.0,39352.800656
1994-10-25,57.175092,55.269256,54.316337,57.175092,0.0,2728.460845
1994-10-26,55.269256,53.363419,54.316337,53.363419,0.0,13642.304227
1994-10-27,55.269256,53.363419,54.316337,55.269256,0.0,9006.019606
1994-10-28,52.410501,51.457583,53.363419,52.410501,0.0,24398.736407
1994-10-31,54.316337,49.551746,51.457583,54.316337,0.0,68941.909117
1994-11-01,52.410501,50.504665,51.457583,52.410501,0.0,28586.923804
1994-11-02,47.64591,47.64591,51.457583,47.64591,0.0,52470.400875
1994-11-03,50.504665,50.504665,50.504665,50.504665,0.0,1.0
1994-11-04,48.598828,48.598828,49.551746,48.598828,0.0,3935.280066
1994-11-07,50.504665,50.504665,50.504665,50.504665,0.0,2098.816035
1994-11-08,51.457583,49.075287,50.504665,50.504665,0.0,71359.745189
1994-11-09,51.457583,51.457583,50.504665,51.457583,0.0,2098.816035
1994-11-10,48.598828,48.598828,49.551746,48.598828,0.0,10494.080175
1994-11-11,50.504665,49.551746,49.551746,50.028206,0.0,106095.150568
1994-11-14,50.981124,50.981124,50.504665,50.981124,0.0,5247.040087
1994-11-15,48.598828,48.598828,50.504665,48.598828,0.0,13117.600219
1994-11-16,51.457583,48.598828,49.551746,48.598828,0.0,34630.464577
1994-11-17,51.457583,48.598828,49.551746,48.598828,0.0,57717.440962
1994-11-18,49.551746,49.551746,49.551746,49.551746,0.0,0.0
1994-11-21,47.64591,47.64591,49.551746,47.64591,0.0,6821.152114
1994-11-22,50.504665,50.504665,49.551746,50.504665,0.0,20988.16035
1994-11-23,47.64591,47.64591,47.64591,47.64591,0.0,41976.3207
1994-11-24,45.740074,45.740074,46.692992,45.740074,0.0,31482.240525
1994-11-25,47.169451,47.169451,46.692992,47.169451,0.0,20988.16035
1994-11-28,46.692992,46.692992,46.692992,46.692992,0.0,0.0
1994-11-29,46.692992,46.692992,46.692992,46.692992,0.0,0.0
1994-11-30,46.692992,46.692992,46.692992,46.692992,0.0,0.0
1994-12-01,46.692992,46.692992,46.692992,46.692992,0.0,0.0
1994-12-02,45.740074,44.787155,45.740074,44.787155,0.0,110502.664242
1994-12-05,43.834237,43.834237,45.740074,43.834237,0.0,9969.376166
1994-12-06,45.740074,45.740074,45.740074,45.740074,0.0,0.0
1994-12-07,45.740074,45.740074,45.740074,45.740074,0.0,0.0
1994-12-08,47.64591,47.64591,45.740074,47.64591,0.0,4197.63207
1994-12-09,50.504665,47.64591,49.551746,47.64591,0.0,346304.645772
1994-12-12,51.457583,51.457583,49.551746,51.457583,0.0,2098.816035
1994-12-13,47.64591,47.64591,49.551746,47.64591,0.0,2885.872048
1994-12-14,51.457583,50.504665,51.457583,50.504665,0.0,63699.066662
1994-12-15,57.175092,53.363419,55.269256,53.363419,0.0,46173.95277
1994-12-16,57.175092,56.222174,57.175092,56.222174,0.0,38198.451837
1994-12-19,61.939683,59.080928,60.033847,59.080928,0.0,76160.786869
1994-12-20,61.939683,60.986765,60.986765,60.986765,0.0,8896.881172
1994-12-21,60.033847,59.080928,60.986765,59.080928,0.0,34279.962299
1994-12-22,60.033847,57.651551,58.12801,60.033847,0.0,57717.440962
1994-12-23,58.12801,58.12801,58.12801,58.12801,0.0,0.0
1994-12-26,58.12801,58.12801,58.12801,58.12801,0.0,0.0
1994-12-27,58.12801,58.12801,58.12801,58.12801,0.0,0.0
1994-12-28,58.12801,58.12801,58.12801,58.12801,0.0,0.0
1994-12-29,58.12801,58.12801,58.12801,58.12801,0.0,0.0
1994-12-30,57.175092,57.175092,57.175092,57.175092,0.0,4197.63207
1995-01-02,57.175092,57.175092,57.175092,57.175092,0.0,0.0
1995-01-03,61.939683,57.175092,61.939683,59.080928,0.0,34105.760568
1995-01-04,64.798438,63.845519,65.751356,63.845519,0.0,23611.680394
1995-01-05,72.421783,67.657192,72.421783,67.657192,0.0,273108.436552
1995-01-06,76.233456,68.61011,70.515947,73.374701,0.0,230414.320768
1995-01-09,69.563029,68.61011,70.515947,69.563029,0.0,26065.196338
1995-01-10,69.563029,68.61011,70.515947,68.61011,0.0,81853.825364
1995-01-11,68.61011,68.61011,70.515947,68.61011,0.0,52470.400875
1995-01-12,69.08657,66.704274,67.657192,68.61011,0.0,154053.096968
1995-01-13,71.468865,69.563029,70.515947,71.468865,0.0,39455.642642
1995-01-16,71.468865,67.657192,69.563029,71.468865,0.0,60812.145206
1995-01-17,70.515947,67.657192,67.657192,67.657192,0.0,42189.350527
1995-01-18,69.563029,65.751356,65.751356,69.563029,0.0,157745.963781
1995-01-19,66.704274,63.845519,65.751356,65.751356,0.0,23011.419008
1995-01-20,65.751356,64.798438,64.798438,64.798438,0.0,10925.38687
1995-01-23,64.798438,64.798438,64.798438,64.798438,0.0,0.0
1995-01-24,66.704274,65.751356,64.798438,65.751356,0.0,9444.672157
1995-01-25,66.704274,63.845519,64.798438,65.751356,0.0,14954.064249
1995-01-26,64.798438,64.798438,64.798438,64.798438,0.0,15741.120262
1995-01-27,63.845519,62.892601,63.845519,62.892601,0.0,8395.26414
1995-01-30,64.798438,64.798438,63.845519,64.798438,0.0,3051.678515
1995-01-31,64.321979,62.892601,63.845519,62.892601,0.0,5247.040087
1995-02-01,64.798438,64.798438,63.845519,64.798438,0.0,3358.105656
1995-02-02,63.845519,62.892601,62.892601,62.892601,0.0,47224.410195
1995-02-03,64.798438,63.845519,62.892601,64.798438,0.0,16580.646676
1995-02-06,64.798438,61.463224,62.892601,61.463224,0.0,7398.326523
1995-02-07,62.892601,62.892601,62.892601,62.892601,0.0,0.0
1995-02-08,64.798438,62.892601,62.892601,64.798438,0.0,16790.52828
1995-02-09,61.463224,60.986765,62.892601,61.463224,0.0,15741.120262
1995-02-10,64.798438,60.986765,62.892601,61.224994,0.0,29068.602085
1995-02-13,60.986765,60.986765,62.892601,60.986765,0.0,3148.224052
1995-02-14,62.892601,62.892601,62.892601,62.892601,0.0,0.0
1995-02-15,64.798438,61.939683,62.892601,64.798438,0.0,21211.684258
1995-02-16,62.892601,62.892601,62.892601,62.892601,0.0,0.0
1995-02-17,62.892601,62.892601,62.892601,62.892601,0.0,0.0
1995-02-20,60.986765,60.986765,62.892601,60.986765,0.0,4197.63207
1995-02-21,62.892601,62.892601,62.892601,62.892601,0.0,0.0
1995-02-22,60.033847,59.080928,60.986765,60.033847,0.0,34105.760568
1995-02-23,59.080928,59.080928,59.080928,59.080928,0.0,4422.205386
1995-02-24,60.986765,60.033847,59.080928,60.033847,0.0,37778.68863
1995-02-27,57.175092,56.222174,58.12801,57.175092,0.0,57717.440962
1995-02-28,56.222174,56.222174,58.12801,56.222174,0.0,20988.16035
1995-03-01,57.175092,57.175092,57.175092,57.175092,0.0,1.0
1995-03-02,55.269256,55.269256,57.175092,55.269256,0.0,10494.080175
1995-03-03,55.507485,55.507485,56.222174,55.507485,0.0,10494.080175
1995-03-06,56.222174,56.222174,56.222174,56.222174,0.0,6296.448105
1995-03-07,54.316337,54.316337,56.222174,54.316337,0.0,10494.080175
1995-03-08,54.554567,54.316337,56.222174,54.554567,0.0,15006.53465
1995-03-09,57.175092,54.792797,56.222174,55.031026,0.0,13642.304227
1995-03-10,56.222174,56.222174,56.222174,56.222174,0.0,0.0
1995-03-13,54.316337,54.316337,56.222174,54.316337,0.0,2098.816035
1995-03-14,56.222174,56.222174,56.222174,56.222174,0.0,0.0
1995-03-15,54.316337,54.316337,56.222174,54.316337,0.0,15741.120262
1995-03-16,55.150141,54.554567,56.222174,55.150141,0.0,15741.120262
1995-03-17,58.12801,55.269256,56.222174,55.745715,0.0,113336.065889
1995-03-20,54.316337,54.316337,56.222174,54.316337,0.0,9444.672157
1995-03-21,57.175092,54.316337,56.222174,54.673682,0.0,23086.976385
1995-03-22,54.554567,54.554567,56.222174,54.554567,0.0,10494.080175
1995-03-23,54.316337,54.316337,56.222174,54.316337,0.0,6558.800109
1995-03-24,54.316337,54.316337,55.269256,54.316337,0.0,6118.048742
1995-03-27,53.363419,53.363419,55.269256,53.363419,0.0,163707.650729
1995-03-28,53.839878,52.410501,54.316337,53.839878,0.0,213029.827551
1995-03-29,52.529616,51.457583,53.363419,52.529616,0.0,41451.616691
1995-03-30,52.410501,51.457583,53.363419,52.410501,0.0,13117.600219
1995-03-31,51.695812,51.695812,53.363419,51.695812,0.0,10494.080175
1995-04-03,54.316337,51.457583,53.363419,54.316337,0.0,69260.929154
1995-04-04,51.576698,45.740074,47.64591,51.576698,0.0,189418.147157
1995-04-05,50.504665,45.859188,48.598828,45.859188,0.0,115353.028099
1995-04-06,49.551746,49.551746,48.598828,49.551746,0.0,2623.520044
1995-04-07,50.504665,50.504665,49.551746,50.504665,0.0,5666.803294
1995-04-10,49.551746,49.551746,49.551746,49.551746,0.0,0.0
1995-04-11,51.457583,51.457583,49.551746,51.457583,0.0,2098.816035
1995-04-12,49.551746,49.551746,49.551746,49.551746,0.0,0.0
1995-04-13,49.551746,49.551746,49.551746,49.551746,0.0,0.0
1995-04-14,49.551746,49.551746,49.551746,49.551746,0.0,0.0
1995-04-17,49.551746,49.551746,49.551746,49.551746,0.0,0.0
1995-04-18,49.551746,49.551746,49.551746,49.551746,0.0,0.0
1995-04-19,52.410501,49.551746,51.457583,50.504665,0.0,17136.832926
1995-04-20,51.457583,51.457583,51.457583,51.457583,0.0,0.0
1995-04-21,52.410501,52.410501,51.457583,52.410501,0.0,3672.928061
1995-04-24,51.457583,51.457583,51.457583,51.457583,0.0,0.0
1995-04-25,50.028206,50.028206,51.457583,50.028206,0.0,14271.949038
1995-04-26,51.457583,51.457583,51.457583,51.457583,0.0,0.0
1995-04-27,51.457583,51.457583,51.457583,51.457583,0.0,0.0
1995-04-28,52.410501,51.457583,51.457583,51.457583,0.0,7345.856122
1995-05-01,51.457583,51.457583,51.457583,51.457583,0.0,0.0
1995-05-02,50.504665,48.598828,49.551746,50.504665,0.0,22355.538997
1995-05-03,48.598828,47.64591,49.551746,47.64591,0.0,167905.282799
1995-05-04,47.64591,47.64591,49.551746,47.64591,0.0,3148.224052
1995-05-05,49.551746,49.551746,49.551746,49.551746,0.0,0.0
1995-05-08,49.551746,49.551746,49.551746,49.551746,0.0,0.0
1995-05-09,51.457583,51.457583,49.551746,51.457583,0.0,2098.816035
1995-05-10,49.551746,49.551746,49.551746,49.551746,0.0,0.0
1995-05-11,51.457583,51.457583,49.551746,51.457583,0.0,2098.816035
1995-05-12,51.457583,47.64591,49.551746,51.457583,0.0,25815.43723
1995-05-15,49.551746,49.551746,49.551746,49.551746,0.0,0.0
1995-05-16,47.64591,47.64591,49.551746,47.64591,0.0,3009.702194
1995-05-17,47.64591,47.64591,47.64591,47.64591,0.0,26759.904446
1995-05-18,49.551746,47.64591,47.64591,49.551746,0.0,52260.519271
1995-05-19,48.598828,48.598828,47.64591,48.598828,0.0,4197.63207
1995-05-22,49.551746,46.692992,47.64591,49.551746,0.0,16475.705875
1995-05-23,47.64591,47.64591,47.64591,47.64591,0.0,0.0
1995-05-24,47.64591,47.64591,47.64591,47.64591,0.0,31482.240525
1995-05-25,45.740074,45.740074,47.64591,45.740074,0.0,2801.919407
1995-05-26,55.269256,50.028206,53.363419,50.028206,0.0,74838.532767
1995-05-29,53.363419,53.363419,53.363419,53.363419,0.0,0.0
1995-05-30,60.986765,57.175092,59.080928,57.175092,0.0,125232.155175
1995-05-31,59.080928,57.175092,57.175092,58.12801,0.0,33056.352551
1995-06-01,60.986765,60.033847,60.986765,60.986765,0.0,45649.248761
1995-06-02,62.892601,60.033847,61.939683,60.033847,0.0,60655.783411
1995-06-05,61.939683,60.033847,60.033847,61.939683,0.0,1.0
1995-06-06,60.033847,60.033847,60.033847,60.033847,0.0,0.0
1995-06-07,60.033847,59.080928,59.080928,60.033847,0.0,1.0
1995-06-08,59.080928,59.080928,59.080928,59.080928,0.0,0.0
1995-06-09,59.080928,59.080928,59.080928,59.080928,0.0,0.0
1995-06-12,59.080928,58.12801,58.12801,59.080928,0.0,1.0
1995-06-13,58.12801,58.12801,58.12801,58.12801,0.0,0.0
1995-06-14,58.12801,58.12801,58.12801,58.12801,0.0,0.0
1995-06-15,58.12801,57.175092,57.175092,58.12801,0.0,1.0
1995-06-16,57.175092,57.175092,57.175092,57.175092,0.0,0.0
1995-06-19,72.421783,57.175092,72.421783,57.175092,0.0,1.0
1995-06-20,74.32762,71.468865,73.374701,73.374701,0.0,1.0
1995-06-21,73.374701,72.421783,72.421783,73.374701,0.0,1.0
1995-06-22,72.421783,72.421783,72.421783,72.421783,0.0,0.0
1995-06-23,72.421783,72.421783,72.421783,72.421783,0.0,0.0
1995-06-26,72.421783,71.468865,71.468865,72.421783,0.0,1.0
1995-06-27,71.468865,68.61011,69.563029,71.468865,0.0,1.0
1995-06-28,71.468865,69.563029,71.468865,69.563029,0.0,1.0
1995-06-29,73.374701,71.468865,73.374701,71.468865,0.0,1.0
1995-06-30,74.32762,73.374701,74.32762,73.374701,0.0,1.0
1995-07-03,78.139292,74.32762,78.139292,74.32762,0.0,1.0
1995-07-04,80.045129,78.139292,80.045129,78.139292,0.0,1.0
1995-07-05,83.856802,80.045129,83.856802,80.045129,0.0,1.0
1995-07-06,83.856802,80.998047,80.998047,83.856802,0.0,1.0
1995-07-07,80.998047,80.045129,80.998047,80.045129,0.0,1.0
1995-07-10,81.950965,80.998047,81.950965,81.950965,0.0,1.0
1995-07-11,81.950965,81.950965,81.950965,81.950965,0.0,0.0
1995-07-12,81.950965,81.950965,81.950965,81.950965,0.0,0.0
1995-07-13,82.903883,81.950965,82.903883,81.950965,0.0,1.0
1995-07-14,85.762638,82.903883,85.762638,82.903883,0.0,1.0
1995-07-17,89.574311,85.762638,89.574311,85.762638,0.0,1.0
1995-07-18,101.962247,89.574311,97.197656,89.574311,0.0,1.0
1995-07-19,101.009329,97.197656,101.009329,97.197656,0.0,1.0
1995-07-20,101.962247,96.244738,96.244738,101.962247,0.0,1.0
1995-07-21,108.632675,96.244738,108.632675,96.244738,0.0,1.0
1995-07-24,125.785203,108.632675,121.020612,108.632675,0.0,1.0
1995-07-25,121.020612,114.350184,121.020612,119.114775,0.0,1.0
1995-07-26,121.020612,118.161857,118.161857,121.020612,0.0,1.0
1995-07-27,118.161857,112.444348,118.161857,118.161857,0.0,0.0
1995-07-28,118.161857,112.444348,113.397266,118.161857,0.0,1.0
1995-07-31,114.350184,113.397266,114.350184,113.397266,0.0,1.0
1995-08-01,122.926448,113.397266,120.067693,113.397266,0.0,1.0
1995-08-02,129.596875,120.067693,125.785203,120.067693,0.0,1.0
1995-08-03,125.785203,114.350184,121.97353,125.785203,0.0,1.0
1995-08-04,121.97353,121.020612,121.020612,121.97353,0.0,1.0
1995-08-07,121.020612,116.256021,116.256021,120.067693,0.0,1.0
1995-08-08,116.256021,107.679757,112.444348,116.256021,0.0,1.0
1995-08-09,118.161857,112.444348,118.161857,112.444348,0.0,1.0
1995-08-10,120.067693,118.161857,119.114775,118.161857,0.0,1.0
1995-08-11,118.161857,116.256021,116.256021,118.161857,0.0,1.0
1995-08-14,116.256021,114.350184,114.350184,115.303102,0.0,1.0
1995-08-15,114.350184,112.444348,112.444348,113.397266,0.0,1.0
1995-08-16,112.444348,108.632675,108.632675,112.444348,0.0,1.0
1995-08-17,108.632675,106.726838,106.726838,108.632675,0.0,1.0
1995-08-18,106.726838,102.915166,106.726838,104.821002,0.0,1.0
1995-08-21,117.208939,106.726838,117.208939,106.726838,0.0,1.0
1995-08-22,116.256021,108.632675,110.538511,115.303102,0.0,1.0
1995-08-23,110.538511,110.538511,110.538511,110.538511,0.0,0.0
1995-08-24,110.538511,110.538511,110.538511,110.538511,0.0,0.0
1995-08-25,110.538511,110.538511,110.538511,110.538511,0.0,0.0
1995-08-28,110.538511,110.538511,110.538511,110.538511,0.0,0.0
1995-08-29,110.538511,110.538511,110.538511,110.538511,0.0,0.0
1995-08-30,110.538511,110.538511,110.538511,110.538511,0.0,0.0
1995-08-31,112.444348,109.585593,109.585593,110.538511,0.0,1.0
1995-09-01,109.585593,100.056411,104.821002,109.585593,0.0,1.0
1995-09-04,108.632675,104.821002,107.679757,104.821002,0.0,1.0
1995-09-05,112.444348,107.679757,112.444348,107.679757,0.0,1.0
1995-09-06,112.444348,110.538511,110.538511,112.444348,0.0,1.0
1995-09-07,112.444348,110.538511,112.444348,110.538511,0.0,1.0
1995-09-08,126.738121,112.444348,125.785203,112.444348,0.0,1.0
1995-09-11,134.361466,127.691039,132.45563,127.691039,0.0,1.0
1995-09-12,132.45563,128.643957,129.596875,131.502712,0.0,1.0
1995-09-13,132.45563,129.596875,132.45563,129.596875,0.0,1.0
1995-09-14,142.93773,132.45563,141.031894,132.45563,0.0,1.0
1995-09-15,177.242785,144.843567,174.384031,146.749403,0.0,1.0
1995-09-18,199.159904,175.336949,194.395313,175.336949,0.0,1.0
1995-09-19,204.400954,185.819049,185.819049,193.442395,0.0,1.0
1995-09-20,194.395313,185.819049,189.630722,185.819049,0.0,1.0
1995-09-21,190.58364,188.677804,190.58364,188.677804,0.0,1.0
1995-09-22,189.630722,176.289867,176.289867,189.630722,0.0,1.0
1995-09-25,189.630722,176.289867,185.819049,176.289867,0.0,1.0
1995-09-26,186.771967,184.866131,184.866131,186.771967,0.0,1.0
1995-09-27,187.724886,183.913213,183.913213,183.913213,0.0,1.0
1995-09-28,183.913213,174.86049,174.86049,183.913213,0.0,27284.608455
1995-09-29,177.242785,172.478194,172.478194,177.242785,0.0,1.0
1995-10-02,175.336949,169.61944,175.336949,174.384031,0.0,1.0
1995-10-03,182.007376,174.384031,179.148622,174.384031,0.0,1.0
1995-10-04,180.10154,179.148622,180.10154,179.148622,0.0,1.0
1995-10-05,182.960295,180.10154,182.960295,181.054458,0.0,1.0
1995-10-06,192.489477,182.007376,192.489477,182.007376,0.0,1.0
1995-10-09,204.877413,187.724886,188.201345,193.442395,0.0,1.0
1995-10-10,188.677804,181.530917,181.530917,186.771967,0.0,1.0
1995-10-11,193.442395,179.148622,185.819049,180.10154,0.0,1.0
1995-10-12,186.771967,185.819049,186.771967,185.819049,0.0,1.0
1995-10-13,188.677804,186.771967,187.724886,188.677804,0.0,2098.816035
1995-10-16,192.489477,186.771967,192.489477,186.771967,0.0,1.0
1995-10-17,194.395313,191.536558,194.395313,191.536558,0.0,1.0
1995-10-18,209.642004,193.442395,209.642004,193.442395,0.0,314822.405247
1995-10-19,213.453677,202.971577,213.453677,209.642004,0.0,1.0
1995-10-20,223.935777,210.594922,223.935777,211.547841,0.0,1.0
1995-10-23,231.559123,222.982859,228.700368,222.982859,0.0,1.0
1995-10-24,239.182468,228.700368,239.182468,230.606205,0.0,2203.756837
1995-10-25,269.675851,239.182468,269.675851,240.135387,0.0,1.0
1995-10-26,269.675851,250.617487,255.382078,268.722933,0.0,1.0
1995-10-27,256.334996,248.71165,248.71165,256.334996,0.0,35679.872595
1995-10-30,250.617487,247.758732,250.617487,248.71165,0.0,1.0
1995-10-31,251.570405,249.664569,251.570405,249.664569,0.0,1.0
1995-11-01,251.570405,250.617487,250.617487,251.570405,0.0,1.0
1995-11-02,251.570405,242.994141,242.994141,251.570405,0.0,1.0
1995-11-03,242.994141,223.935777,236.323714,242.041223,0.0,1.0
1995-11-06,237.276632,231.559123,233.464959,235.370796,0.0,10494.080175
1995-11-07,233.464959,232.512041,233.464959,232.512041,0.0,1.0
1995-11-08,245.852896,232.512041,245.852896,232.512041,0.0,1.0
1995-11-09,251.570405,245.852896,247.758732,246.805814,0.0,1.0
1995-11-10,247.758732,242.041223,242.041223,246.805814,0.0,1.0
1995-11-13,242.041223,240.135387,240.135387,242.041223,0.0,1.0
1995-11-14,242.041223,235.370796,235.370796,242.041223,0.0,1.0
1995-11-15,235.370796,226.794532,226.794532,235.370796,0.0,1.0
1995-11-16,228.700368,220.124104,223.935777,228.700368,0.0,1.0
1995-11-17,225.841614,224.888695,225.841614,225.841614,0.0,1.0
1995-11-20,228.700368,225.841614,228.700368,225.841614,0.0,1.0
1995-11-21,231.559123,229.653286,231.559123,230.606205,0.0,6296.448105
1995-11-22,231.559123,230.606205,231.559123,230.606205,0.0,1.0
1995-11-23,232.512041,225.841614,225.841614,232.512041,0.0,6296.448105
1995-11-24,225.841614,222.982859,222.982859,225.841614,0.0,1.0
1995-11-27,224.888695,221.077023,224.888695,223.935777,0.0,1.0
1995-11-28,224.888695,222.982859,224.888695,222.982859,0.0,1.0
1995-11-29,227.74745,224.888695,224.888695,227.74745,0.0,5247.040087
1995-11-30,236.323714,224.888695,236.323714,227.74745,0.0,1.0
1995-12-01,245.852896,237.276632,245.852896,237.276632,0.0,1.0
1995-12-04,252.523323,240.135387,250.617487,246.805814,0.0,1.0
1995-12-05,250.617487,236.323714,236.323714,249.664569,0.0,1.0
1995-12-06,237.276632,222.982859,231.559123,237.276632,0.0,1.0
1995-12-07,237.276632,230.606205,237.276632,230.606205,0.0,1.0
1995-12-08,237.276632,237.276632,237.276632,237.276632,0.0,115015.118717
1995-12-11,238.22955,237.276632,238.22955,237.276632,0.0,1.0
1995-12-12,240.135387,237.276632,240.135387,237.276632,0.0,1.0
1995-12-13,240.135387,239.182468,240.135387,239.182468,0.0,1.0
1995-12-14,242.041223,240.135387,240.135387,242.041223,0.0,1.0
1995-12-15,242.041223,240.135387,240.135387,242.041223,0.0,1.0
1995-12-18,240.135387,237.276632,237.276632,239.182468,0.0,1.0
1995-12-19,237.276632,230.606205,237.276632,230.606205,0.0,1.0
1995-12-20,240.135387,237.276632,240.135387,239.182468,0.0,1.0
1995-12-21,242.994141,240.135387,242.994141,240.135387,0.0,1.0
1995-12-22,243.947059,242.994141,242.994141,243.947059,0.0,1.0
1995-12-25,242.994141,242.994141,242.994141,242.994141,0.0,0.0
1995-12-26,242.994141,242.994141,242.994141,242.994141,0.0,0.0
1995-12-27,245.852896,242.994141,245.852896,243.947059,0.0,1.0
1995-12-28,246.805814,245.852896,245.852896,246.805814,0.0,1.0
1995-12-29,253.476241,245.852896,253.476241,246.805814,0.0,1.0
1996-01-01,253.476241,253.476241,253.476241,253.476241,0.0,0.0
1996-01-02,256.334996,250.617487,252.523323,256.334996,0.0,1.0
1996-01-03,252.523323,251.570405,251.570405,251.570405,0.0,1.0
1996-01-04,251.570405,247.758732,247.758732,251.570405,0.0,228770.947813
1996-01-05,249.664569,246.805814,246.805814,249.664569,0.0,10494.080175
1996-01-08,247.758732,245.852896,247.758732,246.805814,0.0,1.0
1996-01-09,249.664569,247.758732,247.758732,249.664569,0.0,1.0
1996-01-10,249.664569,247.758732,247.758732,249.664569,0.0,1.0
1996-01-11,249.664569,243.947059,244.899978,249.664569,0.0,1.0
1996-01-12,244.899978,244.899978,244.899978,244.899978,0.0,0.0
1996-01-15,244.899978,244.899978,244.899978,244.899978,0.0,80724.662337
1996-01-16,244.899978,244.899978,244.899978,244.899978,0.0,0.0
1996-01-17,246.805814,244.899978,246.805814,244.899978,0.0,104384.6155
1996-01-18,250.617487,246.805814,250.617487,246.805814,0.0,46173.95277
1996-01-19,257.287914,250.617487,257.287914,251.570405,0.0,1.0
1996-01-22,267.770014,257.287914,267.770014,258.240832,0.0,62964.481049
1996-01-23,269.675851,267.770014,267.770014,268.722933,0.0,1.0
1996-01-24,269.675851,267.770014,269.675851,267.770014,0.0,1.0
1996-01-25,273.487524,269.675851,273.487524,270.628769,0.0,1.0
1996-01-26,281.110869,273.487524,281.110869,273.487524,0.0,212505.123542
1996-01-29,289.687133,281.110869,289.687133,282.063787,0.0,1.0
1996-01-30,296.35756,289.687133,296.35756,289.687133,0.0,10494.080175
1996-01-31,308.745497,284.922542,308.745497,284.922542,0.0,3148.224052
1996-02-01,343.406748,291.106295,334.525539,291.106295,0.0,1013.375544
1996-02-02,339.459544,333.538738,339.459544,333.538738,0.0,1.0
1996-02-05,339.459544,324.657529,324.657529,338.472743,0.0,5066.877719
1996-02-06,324.657529,322.683927,322.683927,323.670728,0.0,1.0
1996-02-07,322.683927,318.736723,318.736723,320.710325,0.0,400283.339802
1996-02-08,318.736723,313.802718,313.802718,315.77632,0.0,1.0
1996-02-09,315.77632,313.802718,314.789519,315.77632,0.0,1.0
1996-02-12,317.749922,314.789519,314.789519,317.749922,0.0,253.343886
1996-02-13,330.578335,310.842315,329.591534,310.842315,0.0,240313.903208
1996-02-14,329.591534,319.723524,320.710325,327.617932,0.0,1.0
1996-02-15,326.631131,320.710325,326.631131,320.710325,0.0,1.0
1996-02-16,327.617932,326.631131,326.631131,327.617932,0.0,1.0
1996-02-19,327.617932,324.657529,324.657529,327.617932,0.0,1.0
1996-02-20,324.657529,318.736723,319.723524,323.670728,0.0,1.0
1996-02-21,319.723524,318.736723,318.736723,318.736723,0.0,1.0
1996-02-22,320.710325,318.736723,320.710325,320.710325,0.0,1.0
1996-02-23,320.710325,319.723524,319.723524,320.710325,0.0,1.0
1996-02-26,314.789519,314.789519,314.789519,314.789519,0.0,1.0
1996-02-27,314.789519,314.789519,314.789519,314.789519,0.0,0.0
1996-02-28,314.789519,314.789519,314.789519,314.789519,0.0,0.0
1996-02-29,314.789519,314.789519,314.789519,314.789519,0.0,0.0
1996-03-01,326.631131,315.77632,314.789519,326.631131,0.0,226840.061978
1996-03-04,318.736723,310.842315,314.789519,310.842315,0.0,42507.05056
1996-03-05,318.736723,311.829116,314.789519,317.749922,0.0,373598.121607
1996-03-06,318.736723,312.815917,314.789519,315.77632,0.0,42139.195238
1996-03-07,318.736723,311.829116,314.789519,315.77632,0.0,146169.288438
1996-03-08,320.710325,310.842315,314.789519,317.749922,0.0,74554.038758
1996-03-11,310.842315,300.974305,305.90831,305.90831,0.0,80347.506741
1996-03-12,310.842315,300.974305,303.934708,310.842315,0.0,43608.589776
1996-03-13,305.90831,300.974305,303.934708,301.961106,0.0,14961.476529
1996-03-14,305.90831,299.000703,302.947907,305.90831,0.0,21401.47811
1996-03-15,305.90831,299.000703,302.947907,300.480905,0.0,43005.631328
1996-03-18,302.947907,296.0403,299.987504,299.987504,0.0,67053.032982
1996-03-19,302.947907,296.0403,299.000703,297.027101,0.0,285859.053649
1996-03-20,300.974305,296.0403,299.000703,298.013902,0.0,170994.96251
1996-03-21,300.974305,293.079897,297.027101,297.520502,0.0,80280.623956
1996-03-22,304.921509,293.079897,299.987504,295.053499,0.0,95078.947022
1996-03-25,302.947907,296.0403,299.987504,298.013902,0.0,14640.236481
1996-03-26,302.947907,296.0403,299.987504,301.961106,0.0,35347.552343
1996-03-27,302.947907,296.0403,299.987504,300.974305,0.0,15401.281515
1996-03-28,302.947907,296.0403,299.987504,296.41035,0.0,26571.720134
1996-03-29,302.947907,296.0403,299.987504,297.027101,0.0,273961.011389
1996-04-01,302.947907,296.0403,299.987504,302.947907,0.0,19629.084283
1996-04-02,300.974305,296.0403,299.000703,296.938289,0.0,331653.494474
1996-04-03,314.789519,296.780401,309.855514,296.780401,0.0,139795.156268
1996-04-04,321.697126,306.15501,317.749922,306.15501,0.0,94623.941403
1996-04-05,317.749922,317.749922,317.749922,317.749922,0.0,0.0
1996-04-08,317.749922,317.749922,317.749922,317.749922,0.0,0.0
1996-04-09,320.710325,310.842315,316.763121,315.77632,0.0,137033.707911
1996-04-10,318.736723,308.868713,310.842315,314.789519,0.0,61745.985259
1996-04-11,313.802718,305.90831,309.855514,313.802718,0.0,10148.956071
1996-04-12,310.842315,305.90831,309.855514,310.842315,0.0,9345.349265
1996-04-15,313.802718,305.90831,311.829116,306.895111,0.0,32364.174742
1996-04-16,315.77632,305.90831,310.842315,307.881912,0.0,40326.26639
1996-04-17,315.77632,307.881912,310.842315,315.77632,0.0,36545.362236
1996-04-18,315.77632,307.881912,310.842315,310.842315,0.0,22503.017326
1996-04-19,332.551937,316.763121,327.617932,325.64433,0.0,221411.40919
1996-04-22,335.51234,325.64433,328.604733,330.578335,0.0,119458.735855
1996-04-23,335.51234,325.64433,328.604733,330.578335,0.0,89318.920431
1996-04-24,331.565136,325.64433,328.604733,330.578335,0.0,61847.322814
1996-04-25,330.578335,308.868713,311.829116,325.64433,0.0,167331.609919
1996-04-26,315.77632,300.974305,309.855514,313.802718,0.0,134784.014203
1996-04-29,310.842315,291.106295,301.961106,303.934708,0.0,212702.459766
1996-04-30,310.842315,300.974305,308.868713,306.895111,0.0,189360.367491
1996-05-01,312.815917,305.90831,308.868713,310.842315,0.0,61539.256649
1996-05-02,310.842315,305.90831,308.868713,310.842315,0.0,152919.382935
1996-05-03,327.617932,296.0403,321.697126,310.842315,0.0,30448563.590835
1996-05-06,321.697126,321.697126,321.697126,321.697126,0.0,0.0
1996-05-07,345.38035,325.64433,340.446345,327.617932,0.0,454272.948649
1996-05-08,345.38035,335.51234,342.419947,345.38035,0.0,1105426.5247
1996-05-09,360.182365,340.446345,358.208763,345.38035,0.0,402509.725872
1996-05-10,370.050375,355.24836,366.103171,360.182365,0.0,258223.289194
1996-05-13,370.050375,350.314355,354.261559,362.155967,0.0,359158.533483
1996-05-14,356.235161,347.353952,351.301156,356.235161,0.0,1549560.651033
1996-05-15,357.221962,347.353952,354.261559,353.274758,0.0,86159.215485
1996-05-16,360.182365,352.287957,355.24836,358.208763,0.0,48024.880396
1996-05-17,360.182365,348.340753,353.274758,359.195564,0.0,231551.244881
1996-05-20,357.221962,345.38035,351.301156,348.340753,0.0,131039.591569
1996-05-21,355.24836,347.353952,351.301156,355.24836,0.0,16243.396592
1996-05-22,358.208763,347.353952,354.261559,347.353952,0.0,398917.309569
1996-05-23,362.155967,350.314355,359.195564,350.314355,0.0,204656.257949
1996-05-24,362.155967,353.274758,353.274758,362.155967,0.0,113894.290744
1996-05-27,353.274758,353.274758,353.274758,353.274758,0.0,0.0
1996-05-28,355.24836,349.327554,352.287957,351.301156,0.0,115998.058372
1996-05-29,355.24836,348.340753,352.287957,355.24836,0.0,281030.319183
1996-05-30,355.24836,348.340753,352.287957,348.340753,0.0,16249.476845
1996-05-31,355.24836,348.340753,352.287957,355.24836,0.0,13702.864103
1996-06-03,355.24836,348.340753,352.287957,348.340753,0.0,47983.331999
1996-06-04,355.24836,344.393549,350.314355,348.340753,0.0,1123351.111318
1996-06-05,352.287957,343.406748,347.353952,345.38035,0.0,53582.231879
1996-06-06,350.314355,343.406748,347.353952,343.406748,0.0,9503.43585
1996-06-07,348.340753,338.472743,343.406748,343.406748,0.0,63579.181618
1996-06-10,346.367151,340.446345,347.353952,340.446345,0.0,389350.03106
1996-06-11,352.287957,340.446345,345.38035,352.287957,0.0,226099.284456
1996-06-12,350.314355,337.485942,341.433146,340.446345,0.0,193256.796456
1996-06-13,345.38035,336.499141,340.446345,337.485942,0.0,129550.942895
1996-06-14,337.485942,325.64433,330.578335,336.499141,0.0,28851.815108
1996-06-17,335.51234,325.64433,329.591534,326.631131,0.0,165445.718032
1996-06-18,333.538738,325.64433,329.591534,325.64433,0.0,316714.312207
1996-06-19,337.485942,327.617932,332.551937,336.499141,0.0,82497.889645
1996-06-20,336.499141,327.617932,332.551937,327.617932,0.0,26455.181947
1996-06-21,327.617932,312.815917,324.657529,327.617932,0.0,15573158.113946
1996-06-24,325.64433,317.749922,321.697126,320.710325,0.0,48226.54213
1996-06-25,320.710325,312.815917,316.763121,317.749922,0.0,46813.896622
1996-06-26,312.815917,300.974305,306.895111,312.815917,0.0,77304.339983
1996-06-27,310.842315,291.106295,303.934708,300.974305,0.0,245189.25295
1996-06-28,305.90831,300.974305,303.934708,300.974305,0.0,14782.109057
1996-07-01,311.829116,301.961106,310.842315,305.90831,0.0,22752.307709
1996-07-02,315.77632,305.90831,310.842315,315.77632,0.0,9057.550611
1996-07-03,315.77632,306.895111,310.842315,315.77632,0.0,4806.440204
1996-07-04,312.815917,305.90831,309.855514,305.90831,0.0,33589.345775
1996-07-05,312.815917,303.934708,308.868713,305.90831,0.0,137373.188718
1996-07-08,312.815917,303.934708,307.881912,303.934708,0.0,312711.478809
1996-07-09,310.842315,283.211887,292.093096,303.934708,0.0,383418.744002
1996-07-10,296.0403,288.145892,296.0403,288.145892,0.0,154816.421953
1996-07-11,299.000703,291.106295,295.053499,292.093096,0.0,31646.704857
1996-07-12,303.934708,291.106295,300.974305,291.106295,0.0,213076.395342
1996-07-15,305.90831,296.0403,299.987504,305.90831,0.0,53506.228713
1996-07-16,296.0403,281.238285,292.093096,293.079897,0.0,58258.960013
1996-07-17,288.145892,279.264683,281.238285,288.145892,0.0,71066.000136
1996-07-18,289.132693,279.264683,286.17229,279.264683,0.0,27498.958757
1996-07-19,289.132693,284.198688,286.17229,289.132693,0.0,30084.079769
1996-07-22,289.132693,283.211887,286.17229,283.211887,0.0,33455.580203
1996-07-23,289.132693,282.225086,286.17229,283.211887,0.0,611881.220226
1996-07-24,288.145892,283.211887,286.17229,283.211887,0.0,53683.569433
1996-07-25,288.145892,283.211887,286.17229,288.145892,0.0,12698.608939
1996-07-26,286.17229,286.17229,286.17229,286.17229,0.0,0.0
1996-07-29,289.132693,283.211887,286.17229,284.198688,0.0,23036.052862
1996-07-30,283.211887,283.211887,286.17229,283.211887,0.0,494.527265
1996-07-31,281.238285,281.238285,285.185489,281.238285,0.0,25334.388595
1996-08-01,289.132693,281.238285,285.185489,282.225086,0.0,45297.886808
1996-08-02,289.132693,281.238285,285.185489,289.132693,0.0,969828.769934
1996-08-05,291.106295,286.17229,289.132693,291.106295,0.0,18465.729159
1996-08-06,305.90831,292.093096,302.947907,292.093096,0.0,242657.840841
1996-08-07,325.64433,306.895111,322.683927,310.842315,0.0,438315.323961
1996-08-08,335.51234,318.736723,329.591534,320.710325,0.0,351668.674839
1996-08-09,336.499141,330.578335,334.525539,330.578335,0.0,171418.553487
1996-08-12,338.472743,330.578335,333.538738,330.578335,0.0,64187.206944
1996-08-13,335.51234,330.578335,333.538738,330.578335,0.0,21185.629119
1996-08-14,335.51234,330.578335,333.538738,330.578335,0.0,464776.586161
1996-08-15,340.446345,332.551937,336.499141,335.51234,0.0,79129.429338
1996-08-16,342.419947,335.51234,339.459544,336.499141,0.0,87222.246431
1996-08-19,345.38035,335.51234,341.433146,335.51234,0.0,60169.172913
1996-08-20,344.393549,337.485942,341.433146,342.419947,0.0,268499.930584
1996-08-21,345.38035,336.499141,341.433146,337.485942,0.0,116120.676813
1996-08-22,343.406748,337.485942,341.433146,337.485942,0.0,75808.597681
1996-08-23,345.38035,337.485942,341.433146,337.485942,0.0,535367.313166
1996-08-26,341.433146,341.433146,341.433146,341.433146,0.0,0.0
1996-08-27,345.38035,338.472743,341.433146,338.472743,0.0,3546.814403
1996-08-28,344.393549,340.446345,341.433146,343.406748,0.0,6282.928372
1996-08-29,345.38035,337.485942,341.433146,337.485942,0.0,25592.799359
1996-08-30,343.406748,337.485942,341.433146,337.485942,0.0,40317.14601
1996-09-02,345.38035,333.538738,336.992542,337.485942,0.0,61553.443906
1996-09-03,340.446345,333.538738,336.992542,334.525539,0.0,102246.552243
1996-09-04,340.446345,330.578335,335.51234,338.472743,0.0,65333.334685
1996-09-05,337.485942,330.578335,334.525539,331.565136,0.0,12792.852865
1996-09-06,338.472743,330.578335,334.525539,330.578335,0.0,261338.405616
1996-09-09,338.472743,330.578335,334.525539,330.578335,0.0,595899.274524
1996-09-10,335.51234,330.578335,334.032139,333.538738,0.0,278019.580442
1996-09-11,328.604733,325.64433,329.098134,325.64433,0.0,76500.733177
1996-09-12,327.617932,320.710325,323.177328,325.64433,0.0,40672.840826
1996-09-13,320.710325,313.802718,317.256522,320.710325,0.0,460502.168117
1996-09-16,323.670728,313.802718,319.723524,314.789519,0.0,149437.424567
1996-09-17,320.710325,313.802718,320.710325,320.710325,0.0,611854.872462
1996-09-18,320.710325,319.723524,319.230124,320.710325,0.0,5066.877719
1996-09-19,320.710325,317.749922,318.736723,317.749922,0.0,244170.810528
1996-09-20,320.710325,317.749922,315.77632,318.736723,0.0,51504.812014
1996-09-23,320.710325,317.749922,319.230124,317.749922,0.0,21665.969127
1996-09-24,319.723524,317.749922,319.230124,319.723524,0.0,4813.533833
1996-09-25,320.710325,313.802718,317.256522,317.749922,0.0,96068.001552
1996-09-26,320.710325,313.802718,317.256522,320.710325,0.0,4357.514838
1996-09-27,313.802718,313.802718,317.256522,313.802718,0.0,3042.153382
1996-09-30,313.802718,313.802718,317.256522,313.802718,0.0,2459.462445
1996-10-01,315.77632,312.815917,316.763121,313.802718,0.0,210137.606265
1996-10-02,312.815917,312.815917,316.763121,312.815917,0.0,399413.863585
1996-10-03,318.736723,312.815917,316.763121,312.815917,0.0,16145.099164
1996-10-04,319.723524,312.815917,316.763121,312.815917,0.0,14048.425164
1996-10-07,319.723524,312.815917,316.763121,318.736723,0.0,31702.440512
1996-10-08,320.710325,312.815917,316.763121,320.710325,0.0,26784.528998
1996-10-09,320.710325,312.815917,315.77632,312.815917,0.0,10047.618517
1996-10-10,313.802718,312.815917,315.77632,312.815917,0.0,5961.688324
1996-10-11,312.815917,312.815917,315.77632,312.815917,0.0,1368.056984
1996-10-14,318.736723,312.815917,315.77632,318.736723,0.0,11767.316815
1996-10-15,320.710325,310.842315,315.77632,317.749922,0.0,31592.995954
1996-10-16,320.710325,310.842315,315.77632,310.842315,0.0,9681.789945
1996-10-17,318.736723,310.842315,314.789519,310.842315,0.0,8394.803005
1996-10-18,317.749922,310.842315,314.789519,317.749922,0.0,26935.521954
1996-10-21,317.749922,310.842315,314.789519,317.749922,0.0,20789.399281
1996-10-22,312.815917,310.842315,314.789519,311.829116,0.0,42105.753845
1996-10-23,315.77632,307.881912,311.829116,310.842315,0.0,41205.876362
1996-10-24,313.802718,307.881912,311.829116,307.881912,0.0,16300.145622
1996-10-25,308.868713,305.90831,311.829116,307.881912,0.0,33496.115225
1996-10-28,313.802718,307.881912,311.829116,307.881912,0.0,7084.508427
1996-10-29,314.789519,307.881912,314.789519,307.881912,0.0,275602.67977
1996-10-30,325.64433,313.802718,321.697126,315.77632,0.0,359890.190626
1996-10-31,333.538738,322.683927,330.578335,322.683927,0.0,138183.889153
1996-11-01,342.419947,328.604733,337.979343,335.51234,0.0,418393.374145
1996-11-04,342.419947,333.538738,337.979343,341.433146,0.0,326618.031396
1996-11-05,343.406748,333.538738,339.459544,333.538738,0.0,155388.979136
1996-11-06,343.406748,335.51234,339.459544,343.406748,0.0,850405.502224
1996-11-07,337.485942,335.51234,341.433146,337.485942,0.0,50812.676517
1996-11-08,347.353952,337.485942,345.873751,342.419947,0.0,239572.11231
1996-11-11,348.340753,343.406748,345.38035,343.406748,0.0,331447.779238
1996-11-12,350.314355,343.406748,347.847353,343.406748,0.0,729348.673137
1996-11-13,372.023977,354.261559,370.050375,354.261559,0.0,293495.851747
1996-11-14,376.957982,368.076773,373.504179,368.076773,0.0,819716.437255
1996-11-15,374.98438,363.142768,366.596572,374.98438,0.0,86354.796965
1996-11-18,370.050375,355.24836,360.182365,363.142768,0.0,67502.971724
1996-11-19,360.182365,350.314355,355.24836,355.24836,0.0,294333.913322
1996-11-20,360.182365,353.274758,358.702164,353.274758,0.0,98048.137365
1996-11-21,360.182365,352.287957,356.235161,355.24836,0.0,19151.784402
1996-11-22,360.182365,352.287957,355.24836,360.182365,0.0,22376.345383
1996-11-25,355.24836,355.24836,355.24836,355.24836,0.0,2026.751088
1996-11-26,360.182365,350.314355,355.24836,351.301156,0.0,238837.415041
1996-11-27,345.38035,345.38035,347.847353,345.38035,0.0,152733.935211
1996-11-28,357.221962,348.340753,354.261559,350.314355,0.0,100932.204163
1996-11-29,355.24836,350.314355,354.261559,350.314355,0.0,65616.066461
1996-12-02,355.24836,350.314355,354.261559,350.314355,0.0,180380.846797
1996-12-03,358.208763,350.314355,354.261559,351.301156,0.0,3261.0425
1996-12-04,358.208763,350.314355,354.261559,358.208763,0.0,2736.113968
1996-12-05,358.208763,350.314355,354.261559,350.314355,0.0,7194.966361
1996-12-06,353.274758,345.38035,350.314355,351.301156,0.0,85513.695264
1996-12-09,351.301156,346.367151,348.834154,346.367151,0.0,19862.160659
1996-12-10,353.274758,345.38035,350.807756,345.38035,0.0,147870.745976
1996-12-11,352.781358,348.340753,350.807756,351.301156,0.0,9279.479855
1996-12-12,349.327554,348.340753,350.807756,348.340753,0.0,106752.019911
1996-12-13,348.340753,348.340753,350.807756,348.340753,0.0,2951.962959
1996-12-16,353.274758,348.340753,349.327554,353.274758,0.0,26687.244946
1996-12-17,353.274758,345.38035,348.834154,353.274758,0.0,342520.933805
1996-12-18,350.314355,347.353952,348.834154,347.353952,0.0,129083.77677
1996-12-19,350.314355,348.340753,348.834154,349.327554,0.0,36147.105647
1996-12-20,350.314355,348.340753,349.327554,350.314355,0.0,249745.389395
1996-12-23,348.340753,348.340753,349.327554,348.340753,0.0,1925.413533
1996-12-24,348.340753,348.340753,349.327554,348.340753,0.0,4560.189947
1996-12-25,349.327554,349.327554,349.327554,349.327554,0.0,0.0
1996-12-26,349.327554,349.327554,349.327554,349.327554,0.0,0.0
1996-12-27,348.340753,348.340753,349.327554,348.340753,0.0,5790.427857
1996-12-30,352.287957,350.314355,351.301156,350.314355,0.0,100967.672307
1996-12-31,352.287957,350.314355,351.301156,351.301156,0.0,20194.547837
1997-01-01,351.301156,351.301156,351.301156,351.301156,0.0,0.0
1997-01-02,352.287957,350.314355,351.301156,350.314355,0.0,4377.782349
1997-01-03,352.287957,350.314355,351.301156,352.287957,0.0,36445.038057
1997-01-06,352.287957,350.314355,351.301156,352.287957,0.0,5174.295527
1997-01-07,360.182365,347.353952,359.195564,350.314355,0.0,390057.36719
1997-01-08,360.182365,355.24836,357.715363,355.24836,0.0,3143.490937
1997-01-09,358.208763,355.24836,356.728562,355.24836,0.0,22243.593186
1997-01-10,374.98438,355.24836,371.037176,358.208763,0.0,662662.482101
1997-01-13,376.957982,367.089972,372.023977,373.997579,0.0,69805.360959
1997-01-14,376.957982,367.089972,372.023977,368.076773,0.0,73016.748058
1997-01-15,374.98438,367.089972,374.49098,367.089972,0.0,110305.927943
1997-01-16,376.957982,370.050375,373.504179,370.050375,0.0,633040.50158
1997-01-17,386.825992,374.98438,382.385388,376.957982,0.0,353446.135543
1997-01-20,402.614808,382.878788,389.292995,389.786395,0.0,465595.3936
1997-01-21,393.733599,370.050375,378.931584,393.733599,0.0,549942.693613
1997-01-22,382.878788,368.076773,371.530577,381.891987,0.0,116802.678554
1997-01-23,381.891987,365.11637,379.918385,365.11637,0.0,86905.059885
1997-01-24,384.85239,374.98438,379.918385,384.85239,0.0,26938.562081
1997-01-27,384.85239,376.957982,380.905186,383.865589,0.0,270976.620413
1997-01-28,386.825992,376.957982,381.891987,377.944783,0.0,111139.936015
1997-01-29,389.786395,381.891987,382.878788,387.812793,0.0,238344.914527
1997-01-30,387.812793,378.931584,383.865589,378.931584,0.0,436418.284943
1997-01-31,389.786395,381.891987,385.839191,386.825992,0.0,211960.668868
1997-02-03,393.733599,382.878788,388.306194,389.786395,0.0,279585.245657
1997-02-04,401.628007,386.825992,397.187403,392.746798,0.0,543240.227766
1997-02-05,429.258435,399.654405,420.377226,400.641206,0.0,800552.492346
1997-02-06,432.218838,417.416823,425.311231,417.416823,0.0,374786.81112
1997-02-07,427.284833,419.390425,422.844229,419.390425,0.0,207099.506385
1997-02-10,426.298032,419.390425,422.844229,419.390425,0.0,863006.827111
1997-02-11,422.350828,414.45642,416.923423,419.883826,0.0,129181.060822
1997-02-12,419.390425,409.522415,413.469619,414.45642,0.0,88304.531511
1997-02-13,417.416823,407.548813,411.002617,412.482818,0.0,384183.842538
1997-02-14,426.298032,404.58841,422.844229,407.548813,0.0,197273.817112
1997-02-17,425.311231,417.416823,420.377226,425.311231,0.0,16358.921404
1997-02-18,424.32443,417.416823,420.377226,422.350828,0.0,10554.306289
1997-02-19,424.32443,416.430022,420.870627,422.350828,0.0,70004.995941
1997-02-20,444.06045,424.32443,442.580249,424.32443,0.0,1546696.851746
1997-02-21,462.809669,441.100047,458.862465,447.020853,0.0,505095.758922
1997-02-24,468.730475,453.92846,465.276672,465.770072,0.0,378405.575187
1997-02-25,468.730475,457.875664,461.329468,468.730475,0.0,338857.581214
1997-02-26,463.79647,451.954858,455.408662,458.862465,0.0,257832.126234
1997-02-27,453.92846,447.020853,448.994455,453.92846,0.0,48397.802596
1997-02-28,448.007654,440.113246,441.593448,447.020853,0.0,140194.426232
1997-03-03,444.06045,439.126445,441.593448,439.126445,0.0,42681.351154
1997-03-04,444.06045,434.19244,438.139644,439.126445,0.0,123725.046894
1997-03-05,442.086848,434.19244,438.139644,436.166042,0.0,233891.129012
1997-03-06,446.034052,435.179241,441.593448,435.179241,0.0,198718.890638
1997-03-07,444.06045,434.19244,439.126445,441.286651,0.0,113069.403051
1997-03-10,442.086848,429.258435,437.152843,434.19244,0.0,113020.761025
1997-03-11,444.06045,432.218838,439.126445,433.205639,0.0,460830.501793
1997-03-12,444.06045,434.19244,436.659443,444.06045,0.0,163424.033822
1997-03-13,439.126445,429.258435,435.672642,438.139644,0.0,59871.240503
1997-03-14,436.166042,424.32443,428.765035,432.218838,0.0,89312.840178
1997-03-17,431.232037,424.32443,427.778234,426.298032,0.0,24276.424527
1997-03-18,429.258435,409.522415,411.989418,425.064531,0.0,179630.948894
1997-03-19,414.45642,404.58841,408.042214,411.125967,0.0,63996.692342
1997-03-20,409.522415,394.7204,398.667604,408.535614,0.0,369409.840485
1997-03-21,401.628007,394.7204,397.187403,400.641206,0.0,80216.781296
1997-03-24,397.680803,389.786395,394.7204,394.7204,0.0,630714.804707
1997-03-25,404.58841,393.240199,402.614808,393.240199,0.0,1211526.944136
1997-03-26,408.55535,401.628007,402.614808,408.55535,0.0,54917.860845
1997-03-27,407.548813,401.628007,402.614808,402.614808,0.0,57024.668601
1997-03-28,402.614808,402.614808,402.614808,402.614808,0.0,0.0
1997-03-31,402.614808,402.614808,402.614808,402.614808,0.0,0.0
1997-04-01,401.628007,389.786395,393.240199,401.628007,0.0,123695.659003
1997-04-02,396.694002,389.786395,393.240199,395.707201,0.0,290882.35622
1997-04-03,397.680803,389.786395,396.200602,390.279796,0.0,129042.228372
1997-04-04,397.680803,394.7204,396.200602,396.077251,0.0,94292.5676
1997-04-07,397.680803,389.786395,396.200602,395.707201,0.0,188798.957439
1997-04-08,417.416823,398.667604,414.45642,398.667604,0.0,173916.524203
1997-04-09,426.298032,414.45642,422.350828,419.390425,0.0,700347.891824
1997-04-10,430.245236,417.416823,423.337629,425.311231,0.0,179622.84189
1997-04-11,422.350828,414.45642,417.910224,419.390425,0.0,127935.622278
1997-04-14,429.258435,419.390425,429.258435,427.284833,0.0,324969.269387
1997-04-15,439.126445,429.258435,434.19244,433.205639,0.0,153472.685982
1997-04-16,443.073649,431.232037,438.633045,439.126445,0.0,491998.893394
1997-04-17,445.540652,437.152843,443.56705,439.126445,0.0,353175.564273
1997-04-18,445.047251,434.19244,435.672642,445.047251,0.0,120990.959677
1997-04-21,439.126445,429.258435,431.725438,437.152843,0.0,57748.218739
1997-04-22,425.311231,407.548813,411.002617,425.311231,0.0,232975.03752
1997-04-23,414.45642,399.654405,402.121408,407.548813,0.0,40673.854202
1997-04-24,409.522415,399.654405,408.042214,402.614808,0.0,149354.327772
1997-04-25,409.522415,399.654405,402.121408,409.522415,0.0,72922.504132
1997-04-28,404.58841,399.654405,402.121408,403.601609,0.0,19224.747441
1997-04-29,406.562012,399.654405,403.108209,404.58841,0.0,35949.497416
1997-04-30,406.562012,401.628007,404.09501,401.628007,0.0,9704.084207
1997-05-01,406.562012,400.641206,401.134607,406.562012,0.0,195735.513037
1997-05-02,406.562012,399.654405,404.58841,399.654405,0.0,156885.734814
1997-05-05,404.58841,404.58841,404.58841,404.58841,0.0,0.0
1997-05-06,406.562012,402.614808,404.58841,406.562012,0.0,21795.681196
1997-05-07,406.562012,399.654405,403.108209,406.562012,0.0,19876.347916
1997-05-08,404.58841,396.694002,397.187403,399.654405,0.0,246323.220183
1997-05-09,403.0,392.0,393.5,397.0,0.0,557379.0
1997-05-12,400.0,390.0,392.5,400.0,0.0,27495.0
1997-05-13,395.0,385.0,389.0,395.0,0.0,460912.0
1997-05-14,392.0,380.0,382.5,383.0,0.0,48875.0
1997-05-15,385.0,378.0,382.5,378.0,0.0,11319.0
1997-05-16,385.0,384.0,382.5,385.0,0.0,10248.0
1997-05-19,385.0,380.0,382.5,385.0,0.0,14317.0
1997-05-20,385.0,380.0,381.5,385.0,0.0,106896.0
1997-05-21,383.0,375.0,377.5,383.0,0.0,7118.0
1997-05-22,380.0,373.0,376.5,379.0,0.0,40994.0
1997-05-23,377.0,368.0,372.5,373.0,0.0,28444.0
1997-05-26,372.5,372.5,372.5,372.5,0.0,0.0
1997-05-27,370.0,365.0,369.0,368.0,0.0,11108.0
1997-05-28,370.0,363.0,367.5,365.0,0.0,226481.0
1997-05-29,372.0,363.0,367.5,363.0,0.0,13744.0
1997-05-30,372.0,362.0,368.5,363.0,0.0,527921.0
1997-06-02,377.0,368.0,370.5,371.0,0.0,49087.0
1997-06-03,377.0,371.0,373.5,373.0,0.0,20519.0
1997-06-04,377.0,370.0,372.5,377.0,0.0,33243.0
1997-06-05,377.0,370.0,372.5,375.0,0.0,49586.0
1997-06-06,377.25,368.0,372.5,375.0,0.0,37488.0
1997-06-09,377.0,368.0,372.5,368.0,0.0,6267.0
1997-06-10,377.0,368.0,371.0,368.0,0.0,210240.0
1997-06-11,375.0,367.0,371.0,367.0,0.0,17900.0
1997-06-12,373.0,367.0,371.0,367.0,0.0,19842.0
1997-06-13,375.0,367.0,371.0,375.0,0.0,4088.0
1997-06-16,375.0,367.0,371.0,367.0,0.0,12210.0
1997-06-17,375.0,362.0,366.0,367.0,0.0,105868.0
1997-06-18,370.0,359.0,363.0,370.0,0.0,15900.0
1997-06-19,358.0,335.0,339.0,358.0,0.0,73636.0
1997-06-20,342.0,330.0,339.5,335.0,0.0,141185.0
1997-06-23,339.75,337.0,338.5,337.0,0.0,56339.0
1997-06-24,337.0,330.0,334.5,337.0,0.0,54439.0
1997-06-25,337.0,310.0,315.0,337.0,0.0,64027.0
1997-06-26,314.0,305.0,307.5,310.0,0.0,24241.0
1997-06-27,310.0,275.0,282.5,305.0,0.0,638156.0
1997-06-30,287.0,278.0,284.0,278.0,0.0,135204.0
1997-07-01,306.0,280.0,304.0,285.0,0.0,264001.0
1997-07-02,308.0,305.0,306.5,308.0,0.0,28482.0
1997-07-03,310.0,305.0,307.5,305.0,0.0,135624.0
1997-07-04,308.0,300.0,304.0,305.0,0.0,89957.0
1997-07-07,305.0,295.0,298.5,300.0,0.0,160822.0
1997-07-08,302.0,297.0,303.5,300.0,0.0,224052.0
1997-07-09,307.0,300.0,303.5,305.0,0.0,178015.0
1997-07-10,305.0,300.0,302.5,300.25,0.0,29612.0
1997-07-11,305.0,300.0,302.5,305.0,0.0,29538.0
1997-07-14,304.0,295.0,300.0,304.0,0.0,38116.0
1997-07-15,302.0,295.0,296.0,295.0,0.0,51751.0
1997-07-16,305.0,297.0,301.0,300.0,0.0,105918.0
1997-07-17,302.0,295.0,299.0,297.5,0.0,71293.0
1997-07-18,303.0,295.0,299.0,296.0,0.0,14250.0
1997-07-21,301.0,295.0,299.0,301.0,0.0,12393.0
1997-07-22,301.0,295.0,299.0,296.0,0.0,9076.0
1997-07-23,297.0,293.0,297.5,295.0,0.0,17012.0
1997-07-24,300.0,290.0,292.5,300.0,0.0,87492.0
1997-07-25,288.0,275.0,279.0,288.0,0.0,25251.0
1997-07-28,275.0,233.0,236.5,275.0,0.0,146604.0
1997-07-29,273.0,233.0,269.0,238.0,0.0,614819.0
1997-07-30,265.0,250.0,251.0,265.0,0.0,122549.0
1997-07-31,250.0,240.0,245.0,247.0,0.0,158416.0
1997-08-01,250.0,237.0,245.0,248.0,0.0,72217.0
1997-08-04,265.0,245.0,248.5,250.0,0.0,378150.0
1997-08-05,260.0,252.0,255.0,254.0,0.0,209610.0
1997-08-06,258.0,250.0,254.0,256.5,0.0,154072.0
1997-08-07,255.0,248.0,251.5,248.0,0.0,145437.0
1997-08-08,255.0,250.0,251.5,254.0,0.0,78650.0
1997-08-11,255.0,253.25,251.5,253.25,0.0,6496.0
1997-08-12,255.0,248.0,250.0,255.0,0.0,127977.0
1997-08-13,253.0,240.0,242.5,253.0,0.0,179285.0
1997-08-14,243.0,210.0,227.5,240.0,0.0,270810.0
1997-08-15,240.0,220.0,237.5,227.0,0.0,522853.0
1997-08-18,255.0,239.0,251.5,240.0,0.0,84889.0
1997-08-19,255.0,250.0,251.5,253.0,0.0,74727.0
1997-08-20,266.0,250.0,264.5,250.625,0.0,227062.0
1997-08-21,275.0,269.0,272.5,275.0,0.0,474367.0
1997-08-22,285.0,274.0,281.5,275.0,0.0,445316.0
1997-08-25,281.5,281.5,281.5,281.5,0.0,0.0
1997-08-26,295.0,281.0,298.5,281.0,0.0,252267.0
1997-08-27,302.0,290.0,295.0,292.0,0.0,190211.0
1997-08-28,298.0,289.0,295.0,298.0,0.0,256936.0
1997-08-29,300.0,290.0,296.0,292.0,0.0,91238.0
1997-09-01,300.0,285.0,296.0,292.0,0.0,47198.0
1997-09-02,292.0,285.0,289.0,290.0,0.0,227963.0
1997-09-03,287.0,277.0,283.5,285.0,0.0,287452.0
1997-09-04,298.0,285.0,296.0,290.0,0.0,397907.0
1997-09-05,302.0,295.0,301.5,298.0,0.0,197326.0
1997-09-08,310.0,298.0,305.0,305.0,0.0,57358.0
1997-09-09,306.5,295.0,297.5,306.5,0.0,55635.0
1997-09-10,300.0,283.0,287.5,300.0,0.0,49711.0
1997-09-11,284.0,270.0,273.5,284.0,0.0,57274.0
1997-09-12,275.0,265.0,272.0,270.0,0.0,42739.0
1997-09-15,275.0,266.0,270.0,267.0,0.0,30923.0
1997-09-16,273.0,265.0,269.0,271.0,0.0,21104.0
1997-09-17,288.0,265.375,278.5,265.375,0.0,195415.0
1997-09-18,282.0,275.0,277.5,275.0,0.0,23930.0
1997-09-19,282.0,270.0,272.5,282.0,0.0,33919.0
1997-09-22,274.0,260.0,266.5,270.0,0.0,58099.0
1997-09-23,268.25,263.0,266.5,263.0,0.0,17855.0
1997-09-24,270.0,263.0,266.5,263.25,0.0,91116.0
1997-09-25,277.0,263.0,276.0,263.0,0.0,298740.0
1997-09-26,282.0,270.0,278.5,270.5,0.0,84428.0
1997-09-29,282.0,275.0,278.5,282.0,0.0,32711.0
1997-09-30,290.0,280.0,289.0,290.0,0.0,31192.0
1997-10-01,295.0,290.0,292.5,293.0,0.0,123600.0
1997-10-02,294.0,280.0,282.5,293.75,0.0,102265.0
1997-10-03,276.5,276.5,279.0,276.5,0.0,20000.0
1997-10-06,282.0,275.0,279.0,275.0,0.0,12893.0
1997-10-07,283.0,275.0,277.5,283.0,0.0,95470.0
1997-10-08,279.0,275.0,278.0,275.0,0.0,273458.0
1997-10-09,282.0,276.0,278.5,279.0,0.0,135142.0
1997-10-10,275.0,272.0,276.5,275.0,0.0,49446.0
1997-10-13,280.0,275.0,278.5,275.0,0.0,54069.0
1997-10-14,280.0,277.0,278.5,277.0,0.0,237019.0
1997-10-15,284.0,280.0,283.5,281.5,0.0,109804.0
1997-10-16,285.0,280.0,282.5,282.5,0.0,45778.0
1997-10-17,285.0,265.0,272.5,285.0,0.0,44976.0
1997-10-20,277.0,268.0,272.5,277.0,0.0,52357.0
1997-10-21,273.0,267.0,271.0,269.0,0.0,159965.0
1997-10-22,265.0,260.0,262.5,265.0,0.0,44475.0
1997-10-23,260.0,253.0,256.5,260.0,0.0,20167.0
1997-10-24,263.0,253.0,256.5,260.0,0.0,28039.0
1997-10-27,255.0,250.0,252.5,253.0,0.0,47219.0
1997-10-28,251.0,210.0,226.5,250.375,0.0,104421.0
1997-10-29,243.0,228.0,239.0,228.0,0.0,87217.0
1997-10-30,243.0,237.0,240.0,237.0,0.0,23971.0
1997-10-31,243.0,237.0,240.0,243.0,0.0,27692.0
1997-11-03,243.0,237.0,240.0,241.0,0.0,91742.0
1997-11-04,242.0,237.0,240.0,237.0,0.0,86342.0
1997-11-05,235.0,223.0,229.0,235.0,0.0,137234.0
1997-11-06,231.5,223.0,229.0,231.5,0.0,130141.0
1997-11-07,233.0,223.0,227.5,226.5,0.0,103000.0
1997-11-10,232.0,223.0,227.5,232.0,0.0,29921.0
1997-11-11,232.0,222.0,227.5,232.0,0.0,45906.0
1997-11-12,232.0,220.0,224.0,223.5,0.0,123432.0
1997-11-13,222.0,210.0,217.5,220.875,0.0,55132.0
1997-11-14,218.0,200.0,202.5,216.125,0.0,83984.0
1997-11-17,205.0,195.0,200.0,205.0,0.0,20036.0
1997-11-18,205.0,195.5,198.5,195.5,0.0,103289.0
1997-11-19,210.0,197.5,205.0,197.5,0.0,1135633.0
1997-11-20,230.0,201.25,227.5,210.5,0.0,894986.0
1997-11-21,232.0,213.375,227.5,213.375,0.0,686199.0
1997-11-24,229.0,205.0,220.0,229.0,0.0,389350.0
1997-11-25,225.0,203.0,205.5,216.0,0.0,308549.0
1997-11-26,205.0,198.0,201.5,204.25,0.0,39213.0
1997-11-27,203.5,197.0,201.0,200.0,0.0,4679.0
1997-11-28,207.0,197.0,202.0,197.0,0.0,36179.0
1997-12-01,205.0,192.0,196.0,205.0,0.0,81975.0
1997-12-02,198.0,190.0,194.0,198.0,0.0,20637.0
1997-12-03,198.0,190.0,194.0,190.0,0.0,75287.0
1997-12-04,203.0,191.75,199.0,191.75,0.0,255897.0
1997-12-05,210.0,195.625,204.0,195.625,0.0,118653.0
1997-12-08,211.0,202.0,208.5,202.0,0.0,174368.0
1997-12-09,217.0,205.375,214.0,205.375,0.0,977691.0
1997-12-10,230.0,212.5,225.5,212.5,0.0,995441.0
1997-12-11,228.0,223.0,225.5,223.125,0.0,755035.0
1997-12-12,228.0,223.0,225.5,223.5,0.0,890736.0
1997-12-15,233.0,225.0,232.0,226.0,0.0,173063.0
1997-12-16,238.0,230.0,235.5,230.0,0.0,218823.0
1997-12-17,243.0,233.0,238.5,237.0,0.0,509007.0
1997-12-18,242.0,229.0,231.5,236.5,0.0,370575.0
1997-12-19,233.0,225.0,229.0,227.0,0.0,1046601.0
1997-12-22,233.0,225.0,227.5,233.0,0.0,159599.0
1997-12-23,229.0,225.0,227.5,225.1875,0.0,270342.0
1997-12-24,230.0,225.0,229.0,230.0,0.0,51500.0
1997-12-25,229.0,229.0,229.0,229.0,0.0,0.0
1997-12-26,229.0,229.0,229.0,229.0,0.0,0.0
1997-12-29,233.0,225.0,229.0,226.0,0.0,30590.0
1997-12-30,235.0,227.0,233.5,227.0,0.0,90845.0
1997-12-31,242.0,230.0,240.0,230.25,0.0,140000.0
1998-01-01,240.0,240.0,240.0,240.0,0.0,0.0
1998-01-02,245.0,237.0,240.0,245.0,0.0,12625.0
1998-01-05,238.0,232.0,236.0,235.0,0.0,167803.0
1998-01-06,236.0,225.0,229.0,232.75,0.0,48213.0
1998-01-07,225.75,220.0,223.5,225.75,0.0,31303.0
1998-01-08,227.0,220.0,224.0,220.2969,0.0,821112.0
1998-01-09,222.0,217.0,220.0,221.0,0.0,53085.0
1998-01-12,217.5,215.0,217.5,216.0,0.0,472857.0
1998-01-13,224.0,215.0,223.0,215.25,0.0,1155374.0
1998-01-14,224.0,220.0,222.0,222.0,0.0,58262.0
1998-01-15,224.0,210.0,222.0,220.0,0.0,68485.0
1998-01-16,222.0,214.0,216.0,221.0,0.0,74326.0
1998-01-19,220.0,214.0,217.5,214.0,0.0,146942.0
1998-01-20,219.0,214.6775,217.5,216.0,0.0,101826.0
1998-01-21,220.0,215.0,217.5,217.0,0.0,48242.0
1998-01-22,220.0,215.0,218.5,215.0938,0.0,706793.0
1998-01-23,233.0,224.0,229.0,226.0,0.0,163284.0
1998-01-26,230.25,214.785,225.0,226.75,0.0,659839.0
1998-01-27,225.5,213.0,215.0,225.5,0.0,167497.0
1998-01-28,222.0,213.0,221.0,213.0,0.0,271288.0
1998-01-29,230.0,223.0,227.5,223.0,0.0,229321.0
1998-01-30,245.0,228.0,242.5,228.0,0.0,279260.0
1998-02-02,255.0,245.0,252.5,248.0,0.0,1964501.0
1998-02-03,265.0,251.0,260.0,251.0,0.0,2057956.0
1998-02-04,260.0,250.0,255.0,255.0,0.0,116270.0
1998-02-05,257.0,250.0,253.5,257.0,0.0,158281.0
1998-02-06,255.0,251.0,252.5,251.0,0.0,103429.0
1998-02-09,255.459,250.0,251.5,250.0,0.0,74337.0
1998-02-10,252.0,245.0,250.0,250.0,0.0,817011.0
1998-02-11,255.0,245.0,249.0,247.375,0.0,54863.0
1998-02-12,250.0,233.0,236.5,247.19,0.0,163582.0
1998-02-13,239.5,230.0,232.5,233.125,0.0,92968.0
1998-02-16,233.0,230.0,232.5,230.0,0.0,50700.0
1998-02-17,238.0,227.0,230.5,231.0,0.0,88043.0
1998-02-18,231.0,222.0,226.0,228.0,0.0,222753.0
1998-02-19,222.0,222.0,226.0,222.0,0.0,1900.0
1998-02-20,230.0,222.0,226.0,222.0,0.0,5909.0
1998-02-23,227.0,222.0,224.0,227.0,0.0,59080.0
1998-02-24,230.0,222.0,226.0,222.0,0.0,43927.0
1998-02-25,231.0,218.0,220.0,222.25,0.0,125898.0
1998-02-26,220.25,212.0,217.0,215.0,0.0,49795.0
1998-02-27,216.0,212.0,216.0,212.0,0.0,22667.0
1998-03-02,218.0,212.0,216.0,212.0,0.0,24616.0
1998-03-03,216.0,210.0,212.5,212.5,0.0,39327.0
1998-03-04,210.0,205.0,207.5,208.0,0.0,48746.0
1998-03-05,207.0,200.0,202.5,206.25,0.0,114813.0
1998-03-06,207.0,200.0,203.5,200.5,0.0,85362.0
1998-03-09,208.0,200.0,202.5,200.0,0.0,142181.0
1998-03-10,203.0,195.0,197.5,200.25,0.0,103612.0
1998-03-11,200.0,189.0,197.5,195.25,0.0,447177.0
1998-03-12,200.0,192.0,196.0,197.0,0.0,304999.0
1998-03-13,195.5,185.0,189.0,194.0,0.0,85226.0
1998-03-16,193.0,182.0,187.0,193.0,0.0,263177.0
1998-03-17,193.0,182.0156,188.5,182.25,0.0,371682.0
1998-03-18,188.25,183.0,186.5,185.5,0.0,44704.0
1998-03-19,188.0,183.0,185.0,183.0,0.0,26144.0
1998-03-20,190.0,170.0,177.5,180.0,0.0,77035.0
1998-03-23,180.0,170.0,175.0,178.75,0.0,47437.0
1998-03-24,173.0,160.0,166.0,172.0,0.0,475193.0
1998-03-25,195.0,160.0,185.5,167.0,0.0,717965.0
1998-03-26,188.0,180.0,183.0,188.0,0.0,71673.0
1998-03-27,185.0,175.0,177.5,178.0,0.0,64375.0
1998-03-30,180.0,170.0,177.5,178.75,0.0,93197.0
1998-03-31,196.5,176.0,192.5,180.0,0.0,1873297.0
1998-04-01,199.0,193.0,197.5,193.0,0.0,2210825.0
1998-04-02,200.0,193.0,197.5,200.0,0.0,104953.0
1998-04-03,200.0,190.0,193.5,197.5,0.0,263822.0
1998-04-06,197.0,185.0,188.5,197.0,0.0,134663.0
1998-04-07,192.0,183.0,186.5,192.0,0.0,29053.0
1998-04-08,190.0,175.0,180.0,189.0,0.0,30400.0
1998-04-09,185.0,175.0,177.5,182.5,0.0,141615.0
1998-04-10,177.5,177.5,177.5,177.5,0.0,0.0
1998-04-13,177.5,177.5,177.5,177.5,0.0,0.0
1998-04-14,185.0,170.0,182.5,180.0,0.0,319439.0
1998-04-15,195.0,185.0,192.0,188.0,0.0,931531.0
1998-04-16,197.0,187.0,186.5,194.0,0.0,2199919.0
1998-04-17,185.0,175.0,181.5,183.0,0.0,95236.0
1998-04-20,183.25,175.0,173.0,182.0,0.0,78384.0
1998-04-21,180.0,170.0,175.0,170.0,0.0,56944.0
1998-04-22,188.0,176.0,186.5,180.0,0.0,94481.0
1998-04-23,195.0,185.0,188.5,195.0,0.0,892258.0
1998-04-24,192.0,183.0,189.0,189.75,0.0,62792.0
1998-04-27,193.0,183.0,184.0,193.0,0.0,9665.0
1998-04-28,188.0,180.0,184.0,181.0,0.0,152394.0
1998-04-29,188.0,180.0,184.0,185.0,0.0,2833.0
1998-04-30,190.0,180.0,186.5,180.0,0.0,7000.0
1998-05-01,190.0,183.0,185.0,183.0,0.0,12726.0
1998-05-04,185.0,185.0,185.0,185.0,0.0,0.0
1998-05-05,190.0,180.0,185.0,180.0,0.0,36126.0
1998-05-06,188.0,180.0,184.0,181.0,0.0,1287897.0
1998-05-07,188.0,180.0,183.5,188.0,0.0,91943.0
1998-05-08,204.0,181.75,196.5,181.75,0.0,239897.0
1998-05-11,203.0,193.0,199.0,200.0,0.0,360653.0
1998-05-12,205.0,196.0,201.5,203.0,0.0,523691.0
1998-05-13,210.0,200.0,204.0,200.0,0.0,165562.0
1998-05-14,208.0,200.0,204.0,208.0,0.0,145142.0
1998-05-15,215.0,202.0,210.0,202.0,0.0,1961226.0
1998-05-18,215.0,207.0,211.0,215.0,0.0,66752.0
1998-05-19,219.0,210.0,215.5,210.0,0.0,977437.0
1998-05-20,235.0,218.25,229.5,220.0,0.0,298362.0
1998-05-21,230.0,225.0,228.5,230.0,0.0,294151.0
1998-05-22,232.0,227.0,228.5,228.0,0.0,30841.0
1998-05-25,228.5,228.5,228.5,228.5,0.0,0.0
1998-05-26,230.0,225.0,226.5,230.0,0.0,1019787.0
1998-05-27,228.0,213.0,216.5,225.0,0.0,137073.0
1998-05-28,220.0,210.0,211.5,220.0,0.0,42104.0
1998-05-29,215.0,203.0,209.0,215.0,0.0,263266.0
1998-06-01,206.75,190.0,194.0,205.0,0.0,90403.0
1998-06-02,201.0,190.0,196.5,190.0,0.0,403815.0
1998-06-03,205.0,195.0,201.5,200.0,0.0,222747.0
1998-06-04,210.0,200.0,205.0,200.0,0.0,302496.0
1998-06-05,210.0,201.0,206.0,208.0,0.0,58705.0
1998-06-08,210.0,203.0,206.0,210.0,0.0,116990.0
1998-06-09,210.0,204.0,206.5,208.0,0.0,22388.0
1998-06-10,210.0,203.0,206.5,210.0,0.0,217967.0
1998-06-11,210.0,203.0,206.5,203.0,0.0,6090.0
1998-06-12,210.0,203.0,206.5,204.0,0.0,75326.0
1998-06-15,210.0,195.0,199.0,206.25,0.0,34262.0
1998-06-16,187.5,187.0,190.0,187.0,0.0,10600.0
1998-06-17,192.5,186.0,190.0,186.0,0.0,15285.0
1998-06-18,195.0,188.0,191.0,195.0,0.0,195770.0
1998-06-19,202.0,195.0,197.5,195.0,0.0,180650.0
1998-06-22,198.0,190.0,195.0,192.0,0.0,8486.0
1998-06-23,192.5,183.0,186.5,192.5,0.0,27335.0
1998-06-24,193.0,190.0,190.5,193.0,0.0,4225300.0
1998-06-25,193.0,188.0,191.5,189.0,0.0,3318767.0
1998-06-26,193.25,188.0,192.5,188.0,0.0,969257.0
1998-06-29,195.0,190.0,192.5,195.0,0.0,393515.0
1998-06-30,195.0,188.0,187.5,195.0,0.0,152984.0
1998-07-01,193.0,182.0,186.0,192.0,0.0,63590.0
1998-07-02,188.0,182.0,186.0,182.0,0.0,14460.0
1998-07-03,189.0,182.0,186.0,183.0,0.0,10478.0
1998-07-06,192.0,185.0,186.5,192.0,0.0,194459.0
1998-07-07,185.0,174.0,176.0,184.0,0.0,429142.0
1998-07-08,182.0,172.0,179.0,172.0,0.0,7828.0
1998-07-09,181.75,180.0,177.5,180.0,0.0,10500.0
1998-07-10,175.0,172.75,173.5,175.0,0.0,3200.0
1998-07-13,180.0,172.5,176.0,172.75,0.0,95528.0
1998-07-14,179.0,172.0,176.0,175.0,0.0,622881.0
1998-07-15,175.0,170.0,174.0,170.0,0.0,665328.0
1998-07-16,192.0,175.0,187.0,175.0,0.0,652126.0
1998-07-17,193.0,183.0,189.0,187.0,0.0,91357.0
1998-07-20,191.0,183.0,188.0,185.0,0.0,29964.0
1998-07-21,193.0,185.0,189.0,193.0,0.0,255829.0
1998-07-22,193.0,185.0,189.0,193.0,0.0,181378.0
1998-07-23,188.0,182.0,185.0,187.0,0.0,261193.0
1998-07-24,183.0,175.0,179.0,183.0,0.0,21192.0
1998-07-27,186.0,173.0,183.5,176.0,0.0,797063.0
1998-07-28,185.0,170.0,174.5,183.0,0.0,182809.0
1998-07-29,174.0,170.0,172.5,171.25,0.0,22756.0
1998-07-30,175.0,171.0,173.5,172.0,0.0,28075.0
1998-07-31,175.0,172.0,176.5,172.0,0.0,176933.0
1998-08-03,178.25,173.0,176.5,173.0,0.0,15925.0
1998-08-04,185.0,174.75,182.5,178.25,0.0,136024.0
1998-08-05,174.0,147.0,154.0,170.0,0.0,551227.0
1998-08-06,160.0,145.0,145.0,160.0,0.0,56357.0
1998-08-07,150.0,140.0,145.0,140.0,0.0,23853.0
1998-08-10,150.0,145.0,145.0,145.0,0.0,9041.0
1998-08-11,147.0,135.0,140.0,140.0,0.0,96069.0
1998-08-12,133.0,130.0,129.0,132.0,0.0,21615.0
1998-08-13,125.0,110.0,116.0,125.0,0.0,160854.0
1998-08-14,120.25,112.0,115.5,112.0,0.0,105451.0
1998-08-17,118.0,113.0,114.0,118.0,0.0,33625.0
1998-08-18,118.0,110.0,114.5,118.0,0.0,366172.0
1998-08-19,115.0,112.0,113.5,115.0,0.0,53173.0
1998-08-20,117.0,112.5,114.5,117.0,0.0,90295.0
1998-08-21,114.0,110.0,112.5,112.0,0.0,16028.0
1998-08-24,114.0,110.0,112.5,114.0,0.0,3671.0
1998-08-25,114.0,110.0,112.5,114.0,0.0,746786.0
1998-08-26,115.0,110.0,111.0,115.0,0.0,28486.0
1998-08-27,112.0,110.0,111.0,110.0,0.0,46778.0
1998-08-28,107.0,98.0,103.5,98.0,0.0,6781.0
1998-08-31,103.5,103.5,103.5,103.5,0.0,0.0
1998-09-01,105.0,95.0,101.0,95.0,0.0,11007.0
1998-09-02,110.0,105.0,107.5,107.0,0.0,323161.0
1998-09-03,113.0,107.0,110.0,113.0,0.0,104600.0
1998-09-04,113.0,111.5,110.0,111.5,0.0,1400.0
1998-09-07,110.0,107.0,106.5,108.75,0.0,197487.0
1998-09-08,105.0,95.0,99.5,105.0,0.0,42797.0
1998-09-09,102.0,98.0,99.5,100.75,0.0,530757.0
1998-09-10,105.0,99.0,101.0,101.0,0.0,31300.0
1998-09-11,104.0,98.0,101.0,104.0,0.0,31882.0
1998-09-14,105.0,97.0,101.0,97.0,0.0,10682.0
1998-09-15,108.0,100.0,104.0,100.0,0.0,1568861.0
1998-09-16,110.0,104.25,105.5,108.0,0.0,36059.0
1998-09-17,108.0,102.0,104.5,103.0,0.0,14248.0
1998-09-18,107.0,100.0,103.5,106.0,0.0,20164.0
1998-09-21,105.25,100.0,102.5,100.0,0.0,25266.0
1998-09-22,104.0,100.0,102.5,104.0,0.0,45383.0
1998-09-23,100.5,92.0,92.5,100.0,0.0,81084.0
1998-09-24,95.0,82.0,87.5,90.0,0.0,392290.0
1998-09-25,85.0,80.0,82.5,83.0,0.0,29907.0
1998-09-28,83.75,73.0,73.5,83.75,0.0,163613.0
1998-09-29,76.0,68.0,73.5,68.0,0.0,266770.0
1998-09-30,74.0,67.0,69.0,74.0,0.0,475779.0
1998-10-01,66.0,62.0,63.5,65.0,0.0,421268.0
1998-10-02,65.0,60.75,61.5,62.0,0.0,54018.0
1998-10-05,62.25,60.0,59.0,60.0,0.0,4700.0
1998-10-06,60.0,57.0,58.5,57.0,0.0,22000.0
1998-10-07,60.0,50.0,52.5,60.0,0.0,377321.0
1998-10-08,53.0,43.0,45.0,50.0,0.0,279644.0
1998-10-09,47.0,42.0,44.0,43.0,0.0,345355.0
1998-10-12,58.0,44.0,52.5,44.0,0.0,914532.0
1998-10-13,57.0,49.0,55.0,52.0,0.0,391787.0
1998-10-14,58.0,53.0,55.0,57.0,0.0,212153.0
1998-10-15,57.0,54.0,56.0,57.0,0.0,100630.0
1998-10-16,67.0,57.0,64.5,59.0,0.0,357451.0
1998-10-19,68.0,62.0,66.5,67.0,0.0,263535.0
1998-10-20,72.0,66.0,68.0,69.0,0.0,205661.0
1998-10-21,68.0,60.0,61.5,68.0,0.0,46807.0
1998-10-22,63.0,61.0,61.5,62.0,0.0,27266.0
1998-10-23,64.0,60.0,61.5,63.0,0.0,427044.0
1998-10-26,63.0,60.0,61.5,62.25,0.0,36691.0
1998-10-27,62.5,60.0,60.5,62.5,0.0,64346.0
1998-10-28,61.25,59.0,60.5,59.0,0.0,3885.0
1998-10-29,61.0,59.0,60.5,60.0,0.0,669517.0
1998-10-30,62.0,59.0,60.5,61.25,0.0,15216.0
1998-11-02,60.0,55.0,57.5,59.0,0.0,89069.0
1998-11-03,60.0,59.0,57.5,59.0,0.0,70873.0
1998-11-04,62.0,55.0,58.5,60.0,0.0,495964.0
1998-11-05,67.0,63.0,64.5,66.5,0.0,74233.0
1998-11-06,67.0,62.5,65.0,62.5,0.0,180263.0
1998-11-09,69.0,65.0,67.5,68.0,0.0,590937.0
1998-11-10,73.0,67.0,71.5,72.0,0.0,414329.0
1998-11-11,88.5,71.0,85.5,73.0,0.0,694500.0
1998-11-12,90.0,73.5,75.5,90.0,0.0,485318.0
1998-11-13,78.0,75.0,76.5,77.5,0.0,74564.0
1998-11-16,78.0,72.0,74.5,78.0,0.0,49944.0
1998-11-17,76.0,71.0,73.0,75.0,0.0,215276.0
1998-11-18,73.0,65.0,67.5,73.0,0.0,234540.0
1998-11-19,69.0,65.0,67.0,68.0,0.0,121855.0
1998-11-20,69.0,65.0,67.0,65.0,0.0,912.0
1998-11-23,68.0,60.0,62.5,66.0,0.0,180590.0
1998-11-24,65.0,60.0,62.5,65.0,0.0,16146.0
1998-11-25,63.0,58.0,60.0,62.0,0.0,77284.0
1998-11-26,61.5,58.0,60.0,61.5,0.0,7710.0
1998-11-27,62.0,56.0,59.0,57.5,0.0,127184.0
1998-11-30,57.0,52.0,53.5,57.0,0.0,100178.0
1998-12-01,57.0,51.0,56.0,54.5,0.0,276000.0
1998-12-02,62.0,55.0,59.5,55.0,0.0,245581.0
1998-12-03,61.0,58.0,59.5,61.0,0.0,27429.0
1998-12-04,61.0,55.0,56.5,58.0,0.0,160761.0
1998-12-07,57.0,55.0,56.0,57.0,0.0,32186.0
1998-12-08,55.0,52.0,53.0,55.0,0.0,26221.0
1998-12-09,50.0,47.0,48.0,50.0,0.0,92234.0
1998-12-10,54.0,47.0,52.0,48.0,0.0,1905106.0
1998-12-11,54.0,50.5,52.0,53.5,0.0,13751.0
1998-12-14,52.5,50.0,53.5,51.0,0.0,586626.0
1998-12-15,55.0,50.0,53.0,52.0,0.0,796494.0
1998-12-16,55.0,50.0,52.5,50.0,0.0,69044.0
1998-12-17,52.0,48.0,50.0,50.375,0.0,156238.0
1998-12-18,52.0,48.0,49.5,48.125,0.0,281911.0
1998-12-21,50.0,45.0,47.5,49.5,0.0,32153.0
1998-12-22,49.5,45.0,47.5,49.0,0.0,87700.0
1998-12-23,50.0,45.0,47.5,49.0,0.0,150860.0
1998-12-24,50.0,47.5,46.0,47.5,0.0,54468.0
1998-12-25,46.0,46.0,46.0,46.0,0.0,0.0
1998-12-28,46.0,46.0,46.0,46.0,0.0,0.0
1998-12-29,50.0,46.0,48.5,49.0,0.0,442400.0
1998-12-30,50.5,48.0,48.5,50.0,0.0,15707.0
1998-12-31,48.5,48.5,48.5,48.5,0.0,0.0
1999-01-01,48.5,48.5,48.5,48.5,0.0,0.0
1999-01-04,50.0,47.0,48.5,50.0,0.0,91496.0
1999-01-05,51.0,47.0,48.5,47.25,0.0,158761.0
1999-01-06,50.0,47.0,48.5,47.0,0.0,635610.0
1999-01-07,49.0,47.0,47.5,47.5,0.0,56778.0
1999-01-08,50.0,45.0,47.5,50.0,0.0,84374.0
1999-01-11,48.0,45.0,46.5,48.0,0.0,151003.0
1999-01-12,48.0,45.0,46.5,45.0,0.0,100147.0
1999-01-13,45.0,42.0,43.5,45.0,0.0,94485.0
1999-01-14,44.0,41.0,42.5,42.0,0.0,146349.0
1999-01-15,44.0,31.0,37.5,41.0,0.0,468404.0
1999-01-18,40.0,36.0,40.0,36.0,0.0,972824.0
1999-01-19,46.0,42.0,44.0,43.0,0.0,196493.0
1999-01-20,45.0,40.0,43.0,45.0,0.0,86636.0
1999-01-21,45.0,41.0,43.5,41.0,0.0,88590.0
1999-01-22,45.0,38.0,40.5,42.0,0.0,72362.0
1999-01-25,42.0,38.0,40.0,40.0,0.0,37943.0
1999-01-26,42.0,37.0,39.0,41.5,0.0,186320.0
1999-01-27,40.0,37.0,38.5,40.0,0.0,139578.0
1999-01-28,40.0,37.0,38.5,37.0,0.0,241884.0
1999-01-29,40.0,37.0,38.5,37.5,0.0,268617.0
1999-02-01,39.0,37.0,37.5,39.0,0.0,360351.0
1999-02-02,37.0,35.0,36.0,37.0,0.0,50189.0
1999-02-03,37.0,35.0,36.0,37.0,0.0,39622.0
1999-02-04,37.0,35.0,36.5,37.0,0.0,548730.0
1999-02-05,40.0,36.0,39.0,40.0,0.0,2122953.0
1999-02-08,40.0,38.0,39.0,40.0,0.0,242918.0
1999-02-09,40.0,38.0,39.0,39.5,0.0,246078.0
1999-02-10,40.0,35.0,36.5,40.0,0.0,121057.0
1999-02-11,37.0,35.0,36.0,37.0,0.0,120400.0
1999-02-12,40.0,35.0,38.0,38.0,0.0,186394.0
1999-02-15,40.0,36.0,38.0,40.0,0.0,95465.0
1999-02-16,40.0,37.0,38.5,39.5,0.0,221814.0
1999-02-17,40.0,36.0,37.0,40.0,0.0,118446.0
1999-02-18,38.0,35.0,36.0,36.0,0.0,102075.0
1999-02-19,37.0,35.0,36.0,35.0,0.0,20477.0
1999-02-22,38.0,35.0,36.5,37.0,0.0,184556.0
1999-02-23,38.0,35.0,36.5,38.0,0.0,134567.0
1999-02-24,38.0,35.0,36.5,35.0,0.0,306494.0
1999-02-25,38.0,35.0,36.5,37.0,0.0,52627.0
1999-02-26,37.75,35.0,36.5,35.0,0.0,412671.0
1999-03-01,38.0,35.0,36.5,35.0,0.0,186755.0
1999-03-02,38.0,35.0,36.0,38.0,0.0,182192.0
1999-03-03,37.0,34.0,35.5,36.75,0.0,256954.0
1999-03-04,37.0,33.0,35.0,37.0,0.0,76752.0
1999-03-05,36.0,33.0,34.5,36.0,0.0,292556.0
1999-03-08,36.0,33.0,34.5,33.0,0.0,86258.0
1999-03-09,36.0,33.0,34.5,36.0,0.0,1275496.0
1999-03-10,36.0,33.0,34.5,33.0,0.0,194683.0
1999-03-11,36.0,33.0,34.5,36.0,0.0,64885.0
1999-03-12,36.0,33.0,34.0,33.0,0.0,82612.0
1999-03-15,35.0,33.0,34.0,35.0,0.0,113821.0
1999-03-16,35.0,33.0,34.0,33.0,0.0,76726.0
1999-03-17,35.0,33.0,34.0,34.75,0.0,95338.0
1999-03-18,37.0,34.0,35.0,36.0,0.0,1187568.0
1999-03-19,36.0,33.0,34.0,36.0,0.0,3001335.0
1999-03-22,35.0,33.0,34.0,34.75,0.0,1355837.0
1999-03-23,35.5,33.0,34.0,34.75,0.0,609816.0
1999-03-24,42.5,33.0,41.0,35.0,0.0,6688583.0
1999-03-25,50.0,40.0,47.0,43.0,0.0,5474053.0
1999-03-26,50.0,45.0,47.5,50.0,0.0,950061.0
1999-03-29,50.0,43.0,45.0,46.0,0.0,254963.0
1999-03-30,47.0,42.0,43.0,44.0,0.0,166340.0
1999-03-31,46.5,42.0,44.5,42.0,0.0,2832108.0
1999-04-01,53.0,47.0,49.5,48.5,0.0,756949.0
1999-04-02,49.5,49.5,49.5,49.5,0.0,0.0
1999-04-05,49.5,49.5,49.5,49.5,0.0,0.0
1999-04-06,55.0,48.0,52.0,48.0,0.0,521031.0
1999-04-07,58.0,53.0,56.5,54.0,0.0,746067.0
1999-04-08,69.0,55.0,64.5,56.0,0.0,828845.0
1999-04-09,70.0,64.5,66.0,67.5,0.0,705078.0
1999-04-12,65.5,58.0,59.5,64.0,0.0,480516.0
1999-04-13,64.0,58.0,62.5,60.5,0.0,113659.0
1999-04-14,65.0,61.5,63.5,63.0,0.0,85585.0
1999-04-15,65.5,59.5,62.0,65.5,0.0,181768.0
1999-04-16,65.0,61.0,63.5,61.0,0.0,75219.0
1999-04-19,65.0,62.0,63.5,62.5,0.0,121515.0
1999-04-20,63.0,58.5,60.0,62.0,0.0,138238.0
1999-04-21,62.0,58.0,60.0,58.5,0.0,80333.0
1999-04-22,69.0,62.0,64.5,62.0,0.0,294554.0
1999-04-23,72.0,65.0,68.0,65.0,0.0,1186169.0
1999-04-26,69.0,65.0,67.0,65.0,0.0,133219.0
1999-04-27,69.0,65.0,67.0,68.0,0.0,173907.0
1999-04-28,69.0,65.0,66.5,65.0,0.0,122076.0
1999-04-29,65.5,58.5,61.0,65.5,0.0,344790.0
1999-04-30,60.0,53.0,55.0,57.0,0.0,736192.0
1999-05-03,55.0,55.0,55.0,55.0,0.0,0.0
1999-05-04,60.0,55.5,60.0,57.0,0.0,367140.0
1999-05-05,63.0,57.0,59.5,62.5,0.0,219910.0
1999-05-06,62.0,57.0,59.5,62.0,0.0,172260.0
1999-05-07,60.0,57.0,58.5,57.5,0.0,27917.0
1999-05-10,60.0,57.0,58.0,57.0,0.0,100511.0
1999-05-11,59.0,55.0,57.0,58.5,0.0,119755.0
1999-05-12,59.0,55.0,57.0,55.0,0.0,419587.0
1999-05-13,59.0,56.0,57.0,56.0,0.0,93143.0
1999-05-14,58.0,56.5,57.0,58.0,0.0,8839.0
1999-05-17,56.0,50.5,54.0,56.0,0.0,253121.0
1999-05-18,53.0,50.0,51.5,52.5,0.0,257312.0
1999-05-19,52.0,48.0,50.0,48.5,0.0,1464096.0
1999-05-20,52.0,49.0,50.0,52.0,0.0,63494.0
1999-05-21,51.0,48.0,49.0,51.0,0.0,1129336.0
1999-05-24,53.0,49.75,51.5,49.75,0.0,29146.0
1999-05-25,52.0,50.0,51.0,52.0,0.0,38265.0
1999-05-26,52.0,49.25,51.0,52.0,0.0,2018208.0
1999-05-27,52.0,50.0,51.0,51.5,0.0,47920.0
1999-05-28,51.5,50.0,51.0,50.0,0.0,20557.0
1999-05-31,51.0,51.0,51.0,51.0,0.0,0.0
1999-06-01,52.0,50.0,51.0,52.0,0.0,16618.0
1999-06-02,52.0,50.0,51.0,52.0,0.0,1605962.0
1999-06-03,52.0,49.0,50.5,51.0,0.0,36683.0
1999-06-04,52.0,49.0,50.5,51.5,0.0,44014.0
1999-06-07,52.0,50.0,51.0,51.0,0.0,162100.0
1999-06-08,52.0,50.0,51.0,52.0,0.0,69999.0
1999-06-09,51.5,50.0,51.0,51.5,0.0,77748.0
1999-06-10,53.5,50.0,52.0,51.5,0.0,1107373.0
1999-06-11,53.0,51.5,51.0,52.5,0.0,50021.0
1999-06-14,52.0,50.0,51.0,50.97,0.0,176699.0
1999-06-15,53.0,50.0,51.5,53.0,0.0,53685.0
1999-06-16,53.0,50.0,52.0,52.5,0.0,235806.0
1999-06-17,53.0,51.0,52.0,53.0,0.0,518300.0
1999-06-18,53.0,51.0,52.0,53.0,0.0,269265.0
1999-06-21,54.0,51.0,52.5,51.0,0.0,241748.0
1999-06-22,52.5,50.0,49.5,52.5,0.0,86928.0
1999-06-23,51.0,48.0,49.5,48.0,0.0,154191.0
1999-06-24,51.0,48.0,49.5,48.0,0.0,4700.0
1999-06-25,48.125,48.0,49.5,48.0,0.0,68500.0
1999-06-28,51.0,48.0,49.5,48.25,0.0,235435.0
1999-06-29,51.0,47.0,49.0,47.25,0.0,19574.0
1999-06-30,50.0,47.0,48.5,50.0,0.0,182980.0
1999-07-01,48.0,44.0,46.0,47.0,0.0,184798.0
1999-07-02,46.75,44.0,45.5,44.0,0.0,124903.0
1999-07-05,47.0,44.0,45.5,45.0,0.0,117771.0
1999-07-06,47.0,44.0,45.5,46.75,0.0,742325.0
1999-07-07,47.0,44.25,45.5,46.75,0.0,42285.0
1999-07-08,47.0,44.0,45.5,47.0,0.0,36656.0
1999-07-09,47.0,44.0,45.5,44.25,0.0,79188.0
1999-07-12,47.0,44.0,46.0,46.75,0.0,195231.0
1999-07-13,49.0,45.5,46.5,45.5,0.0,318356.0
1999-07-14,47.0,45.0,46.5,47.0,0.0,60000.0
1999-07-15,46.0,43.0,44.0,46.0,0.0,985758.0
1999-07-16,45.0,43.0,44.0,44.75,0.0,133113.0
1999-07-19,45.0,43.0,44.0,45.0,0.0,136900.0
1999-07-20,45.0,43.0,44.0,44.75,0.0,39815.0
1999-07-21,45.0,43.0,44.0,45.0,0.0,28863.0
1999-07-22,45.0,43.0,44.0,43.25,0.0,43804.0
1999-07-23,45.0,43.25,44.0,44.75,0.0,6317.0
1999-07-26,44.75,40.0,42.0,44.75,0.0,3099603.0
1999-07-27,43.0,39.25,41.0,42.75,0.0,567670.0
1999-07-28,41.75,39.0,40.5,39.0,0.0,75956.0
1999-07-29,41.75,39.0,40.0,39.0,0.0,104465.0
1999-07-30,41.0,39.0,40.0,39.0,0.0,406965.0
1999-08-02,45.75,40.0,44.5,43.0,0.0,337709.0
1999-08-03,46.0,43.5,45.0,46.0,0.0,169017.0
1999-08-04,46.0,41.0,43.0,44.5,0.0,315317.0
1999-08-05,45.0,41.0,41.0,45.0,0.0,175677.0
1999-08-06,42.0,40.0,41.0,40.0,0.0,188214.0
1999-08-09,41.0,37.25,38.5,40.75,0.0,126547.0
1999-08-10,40.0,37.0,38.5,40.0,0.0,81734.0
1999-08-11,40.0,37.0,38.5,37.25,0.0,101986.0
1999-08-12,40.0,37.0,38.0,38.0,0.0,116378.0
1999-08-13,41.0,37.0,39.5,39.0,0.0,566931.0
1999-08-16,41.0,38.0,39.5,41.0,0.0,2112374.0
1999-08-17,44.75,39.0,43.5,41.0,0.0,1025849.0
1999-08-18,45.0,42.25,43.5,44.75,0.0,79427.0
1999-08-19,45.0,42.0,43.5,44.5,0.0,45980.0
1999-08-20,46.0,43.0,45.0,44.5,0.0,862356.0
1999-08-23,47.0,44.0,45.0,45.5,0.0,167232.0
1999-08-24,45.75,42.0,43.5,45.75,0.0,353617.0
1999-08-25,46.0,42.0,44.0,44.75,0.0,198137.0
1999-08-26,46.0,43.0,44.5,45.0,0.0,70200.0
1999-08-27,46.0,42.0,44.5,46.0,0.0,131302.0
1999-08-30,44.5,44.5,44.5,44.5,0.0,0.0
1999-08-31,46.0,43.0,44.5,43.0,0.0,85614.0
1999-09-01,45.0,42.0,43.5,45.0,0.0,140324.0
1999-09-02,45.0,41.625,43.5,44.5,0.0,155298.0
1999-09-03,44.75,42.0,43.5,44.5,0.0,102245.0
1999-09-06,45.0,40.25,42.0,42.0,0.0,172648.0
1999-09-07,44.0,40.0,41.0,44.0,0.0,50328.0
1999-09-08,46.0,41.5,44.5,41.75,0.0,470718.0
1999-09-09,45.0,42.25,43.5,45.0,0.0,220510.0
1999-09-10,45.0,40.0,43.5,44.75,0.0,230791.0
1999-09-13,44.75,42.0,43.0,44.75,0.0,40341.0
1999-09-14,44.0,42.0,43.0,44.0,0.0,122797.0
1999-09-15,43.5,40.0,41.5,43.5,0.0,193976.0
1999-09-16,41.0,39.0,40.5,39.0,0.0,33800.0
1999-09-17,40.75,39.0,40.0,39.0,0.0,17417.0
1999-09-20,41.0,39.0,40.0,40.0,0.0,38321.0
1999-09-21,41.0,39.0,40.0,39.0,0.0,29298.0
1999-09-22,40.5,39.0,40.0,39.25,0.0,74909.0
1999-09-23,39.25,39.0,40.0,39.25,0.0,20898.0
1999-09-24,40.75,38.0,38.5,39.0,0.0,229482.0
1999-09-27,40.0,36.0,38.0,39.75,0.0,765440.0
1999-09-28,39.75,35.0,38.0,36.0,0.0,106677.0
1999-09-29,39.0,36.0,37.0,36.0,0.0,56706.0
1999-09-30,39.0,36.0,37.5,39.0,0.0,27130.0
1999-10-01,39.0,36.0,37.5,38.5,0.0,84423.0
1999-10-04,39.0,36.0,37.5,38.75,0.0,30639.0
1999-10-05,39.0,36.0,37.5,36.25,0.0,168249.0
1999-10-06,39.0,36.0,37.5,38.75,0.0,36172.0
1999-10-07,38.75,36.25,37.5,38.75,0.0,17436.0
1999-10-08,39.0,36.0,37.5,36.0,0.0,56950.0
1999-10-11,39.0,35.0,37.0,38.75,0.0,40735.0
1999-10-12,38.75,35.0,37.0,35.5,0.0,35017.0
1999-10-13,38.75,35.0,36.0,38.75,0.0,132574.0
1999-10-14,37.0,35.0,36.0,35.0,0.0,72308.0
1999-10-15,36.75,34.0,35.5,36.75,0.0,52780.0
1999-10-18,37.0,33.0,35.5,33.0,0.0,156902.0
1999-10-19,36.75,34.0,35.5,34.0,0.0,2357.0
1999-10-20,37.0,34.0,35.5,36.75,0.0,60144.0
1999-10-21,38.0,34.0,36.5,37.0,0.0,593823.0
1999-10-22,38.0,35.0,36.0,38.0,0.0,287809.0
1999-10-25,37.0,35.0,36.0,37.0,0.0,408578.0
1999-10-26,37.0,35.0,35.0,37.0,0.0,75491.0
1999-10-27,36.75,31.0,34.0,35.0,0.0,1473381.0
1999-10-28,36.0,32.25,34.0,35.0,0.0,89334.0
1999-10-29,35.75,32.0,34.0,35.75,0.0,22234.0
1999-11-01,36.0,32.25,34.0,35.0,0.0,30170.0
1999-11-02,36.0,32.0,34.0,36.0,0.0,55503.0
1999-11-03,36.0,32.25,34.0,33.0,0.0,53925.0
1999-11-04,38.0,32.0,37.0,32.5,0.0,678880.0
1999-11-05,40.5,38.0,39.0,39.75,0.0,221516.0
1999-11-08,40.0,38.0,38.5,40.0,0.0,244653.0
1999-11-09,41.0,38.0,39.5,38.0,0.0,1438155.0
1999-11-10,41.0,38.0,39.5,41.0,0.0,316029.0
1999-11-11,41.0,38.0,39.5,40.75,0.0,145512.0
1999-11-12,40.75,38.25,39.5,38.25,0.0,81195.0
1999-11-15,41.0,38.0,39.5,40.5,0.0,177035.0
1999-11-16,40.0,38.0,39.0,38.5,0.0,85748.0
1999-11-17,40.0,38.0,39.0,40.0,0.0,235151.0
1999-11-18,39.75,35.0,36.0,39.75,0.0,92851.0
1999-11-19,37.0,35.0,36.0,35.0,0.0,260120.0
1999-11-22,37.0,35.0,35.5,37.0,0.0,221296.0
1999-11-23,36.0,35.0,35.5,36.0,0.0,54484.0
1999-11-24,37.0,35.0,36.0,35.0,0.0,35188.0
1999-11-25,37.0,34.0,36.0,36.75,0.0,258183.0
1999-11-26,37.0,34.75,34.0,35.0,0.0,286416.0
1999-11-29,35.0,33.0,34.0,33.25,0.0,194895.0
1999-11-30,27.0,22.0,25.0,27.0,0.0,3182296.0
1999-12-01,36.0,23.0,31.0,23.0,0.0,993742.0
1999-12-02,32.0,29.0,29.0,31.75,0.0,195372.0
1999-12-03,30.0,28.0,28.5,30.0,0.0,232940.0
1999-12-06,30.0,28.0,29.0,29.0,0.0,79966.0
1999-12-07,30.0,28.0,29.0,28.0,0.0,206979.0
1999-12-08,30.0,28.0,28.5,28.0,0.0,77265.0
1999-12-09,29.0,26.0,27.0,29.0,0.0,142186.0
1999-12-10,27.0,25.0,25.5,27.0,0.0,59931.0
1999-12-13,35.0,25.0,32.0,26.0,0.0,1032019.0
1999-12-14,33.0,29.0,30.0,32.75,0.0,221433.0
1999-12-15,31.0,26.0,26.5,31.0,0.0,344505.0
1999-12-16,27.0,24.0,26.0,27.0,0.0,629138.0
1999-12-17,30.0,25.0,28.0,26.0,0.0,358750.0
1999-12-20,30.0,28.0,29.0,29.0,0.0,228125.0
1999-12-21,32.0,28.0,30.5,30.0,0.0,448282.0
1999-12-22,32.0,29.0,30.5,30.0,0.0,250045.0
1999-12-23,34.0,30.0,32.0,30.25,0.0,66645.0
1999-12-24,33.75,30.0,32.0,33.75,0.0,13210.0
1999-12-27,32.0,32.0,32.0,32.0,0.0,0.0
1999-12-28,32.0,32.0,32.0,32.0,0.0,0.0
1999-12-29,33.0,30.0,30.5,33.0,0.0,341573.0
1999-12-30,31.0,29.0,30.0,31.0,0.0,45428.0
1999-12-31,30.0,30.0,30.0,30.0,0.0,0.0
2000-01-03,30.0,30.0,30.0,30.0,0.0,0.0
2000-01-04,31.0,29.0,29.5,31.0,0.0,710024.0
2000-01-05,29.0,28.0,28.5,29.0,0.0,151415.0
2000-01-06,29.0,28.0,28.5,29.0,0.0,128125.0
2000-01-07,28.0,26.5,27.5,26.5,0.0,533385.0
2000-01-10,28.0,27.0,27.5,28.0,0.0,363582.0
2000-01-11,29.0,27.0,28.0,28.0,0.0,627544.0
2000-01-12,29.0,27.0,28.5,29.0,0.0,214631.0
2000-01-13,36.0,28.5,34.5,29.0,0.0,2188354.0
2000-01-14,36.0,31.0,33.5,35.75,0.0,1172198.0
2000-01-17,35.0,30.0,33.5,34.75,0.0,141708.0
2000-01-18,38.75,32.0,37.5,35.0,0.0,1274332.0
2000-01-19,41.0,36.0,39.5,37.0,0.0,530529.0
2000-01-20,47.0,38.0,45.0,40.75,0.0,1111085.0
2000-01-21,48.0,42.0,43.0,45.75,0.0,591130.0
2000-01-24,44.0,38.0,40.5,42.25,0.0,551335.0
2000-01-25,42.0,38.0,40.0,39.25,0.0,476592.0
2000-01-26,42.0,38.0,40.0,41.75,0.0,405251.0
2000-01-27,40.75,33.0,34.5,38.0,0.0,444818.0
2000-01-28,37.0,33.0,35.5,33.0,0.0,117733.0
2000-01-31,37.0,34.0,35.5,36.0,0.0,95251.0
2000-02-01,37.0,34.0,35.5,36.75,0.0,34471.0
2000-02-02,37.0,34.0,35.5,36.75,0.0,82112.0
2000-02-03,36.0,32.0,33.5,34.25,0.0,172737.0
2000-02-04,34.75,30.0,31.5,34.75,0.0,292719.0
2000-02-07,30.0,24.0,28.5,24.25,0.0,605181.0
2000-02-08,30.0,27.0,28.0,30.0,0.0,222522.0
2000-02-09,31.0,27.0,29.0,27.0,0.0,586203.0
2000-02-10,30.0,28.0,29.0,28.0,0.0,252117.0
2000-02-11,30.0,27.0,28.5,30.0,0.0,134252.0
2000-02-14,31.0,28.0,30.5,28.0,0.0,447558.0
2000-02-15,32.0,30.0,30.5,31.0,0.0,851592.0
2000-02-16,38.0,32.0,34.5,34.0,0.0,991113.0
2000-02-17,36.0,31.98,33.5,36.0,0.0,473388.0
2000-02-18,35.0,32.0,34.0,32.0,0.0,728214.0
2000-02-21,37.0,33.0,35.5,33.0,0.0,723598.0
2000-02-22,37.0,33.0,34.0,34.0,0.0,791830.0
2000-02-23,36.0,32.0,33.5,36.0,0.0,210328.0
2000-02-24,36.0,32.0,34.5,35.0,0.0,328102.0
2000-02-25,36.0,33.0,33.5,36.0,0.0,110537.0
2000-02-28,35.0,32.0,33.0,32.0,0.0,226272.0
2000-02-29,35.0,30.0,32.5,35.0,0.0,208142.0
2000-03-01,35.0,32.0,33.5,34.0,0.0,199668.0
2000-03-02,35.0,32.0,33.5,32.0,0.0,145415.0
2000-03-03,35.0,32.0,34.0,32.0,0.0,377217.0
2000-03-06,41.0,33.0,39.0,35.0,0.0,1428551.0
2000-03-07,45.25,38.0,39.0,40.0,0.0,3189910.0
2000-03-08,41.0,37.0,40.5,40.0,0.0,2473558.0
2000-03-09,41.5,39.0,40.0,41.0,0.0,1535467.0
2000-03-10,41.5,37.0,39.5,41.0,0.0,1134867.0
2000-03-13,42.5,37.0,39.5,41.0,0.0,798797.0
2000-03-14,41.0,38.0,39.5,40.0,0.0,1167163.0
2000-03-15,41.0,37.0,38.0,40.0,0.0,644696.0
2000-03-16,40.0,36.0,37.0,37.0,0.0,377652.0
2000-03-17,38.0,36.0,37.0,36.0,0.0,382103.0
2000-03-20,38.0,36.0,37.0,36.0,0.0,262387.0
2000-03-21,40.0,36.0,38.5,36.0,0.0,455553.0
2000-03-22,40.0,37.0,38.0,37.0,0.0,197509.0
2000-03-23,39.0,36.0,37.5,37.0,0.0,179404.0
2000-03-24,39.0,35.0,36.5,36.0,0.0,175413.0
2000-03-27,39.0,35.0,37.0,35.0,0.0,129425.0
2000-03-28,39.0,35.0,37.0,35.0,0.0,220313.0
2000-03-29,39.0,35.0,37.0,35.5,0.0,123332.0
2000-03-30,38.0,33.0,34.5,38.0,0.0,192218.0
2000-03-31,36.0,33.0,34.0,35.0,0.0,294315.0
2000-04-03,36.0,32.0,33.5,35.0,0.0,173939.0
2000-04-04,33.0,28.0,29.0,30.0,0.0,583744.0
2000-04-05,30.0,25.0,28.0,30.0,0.0,101361.0
2000-04-06,29.0,26.0,28.0,29.0,0.0,248491.0
2000-04-07,31.0,27.0,29.5,29.0,0.0,294965.0
2000-04-10,31.0,27.0,29.5,28.0,0.0,279541.0
2000-04-11,30.0,27.0,28.5,30.0,0.0,86666.0
2000-04-12,31.0,27.0,29.0,27.0,0.0,90263.0
2000-04-13,30.0,27.0,28.5,30.0,0.0,148796.0
2000-04-14,30.0,27.0,27.5,30.0,0.0,185271.0
2000-04-17,28.25,22.0,27.0,25.0,0.0,224007.0
2000-04-18,30.0,26.0,28.5,29.0,0.0,286528.0
2000-04-19,31.0,27.0,28.5,27.0,0.0,295566.0
2000-04-20,30.0,27.0,28.0,30.0,0.0,70585.0
2000-04-21,28.0,28.0,28.0,28.0,0.0,0.0
2000-04-24,28.0,28.0,28.0,28.0,0.0,0.0
2000-04-25,30.0,26.0,28.0,30.0,0.0,158871.0
2000-04-26,30.0,26.0,28.0,26.0,0.0,80077.0
2000-04-27,30.0,26.0,28.0,29.0,0.0,27309.0
2000-04-28,29.0,26.0,28.0,26.0,0.0,195080.0
2000-05-01,28.0,28.0,28.0,28.0,0.0,0.0
2000-05-02,30.0,26.0,28.0,30.0,0.0,32709.0
2000-05-03,30.0,25.0,26.5,30.0,0.0,254206.0
2000-05-04,28.0,25.0,26.5,25.0,0.0,117551.0
2000-05-05,25.0,23.0,26.0,23.0,0.0,115500.0
2000-05-08,27.0,25.0,26.0,25.0,0.0,13717.0
2000-05-09,27.0,25.0,26.0,26.75,0.0,64350.0
2000-05-10,27.0,25.0,25.5,25.0,0.0,58300.0
2000-05-11,25.0,22.0,24.5,25.0,0.0,238282.0
2000-05-12,26.0,23.0,24.5,23.0,0.0,134738.0
2000-05-15,26.0,24.0,25.0,26.0,0.0,191513.0
2000-05-16,25.7,23.0,24.0,25.7,0.0,437871.0
2000-05-17,25.0,23.0,24.0,23.0,0.0,64538.0
2000-05-18,25.0,22.5,24.0,24.9,0.0,150507.0
2000-05-19,25.0,20.0,21.5,25.0,0.0,135017.0
2000-05-22,22.0,20.0,21.5,22.0,0.0,63806.0
2000-05-23,23.0,20.0,21.5,23.0,0.0,67449.0
2000-05-24,22.0,20.0,21.0,20.0,0.0,82838.0
2000-05-25,23.0,21.0,22.0,21.0,0.0,274435.0
2000-05-26,24.0,21.0,23.0,21.0,0.0,317869.0
2000-05-29,23.0,23.0,23.0,23.0,0.0,0.0
2000-05-30,26.0,24.0,25.5,24.0,0.0,387951.0
2000-05-31,26.0,25.0,25.5,25.0,0.0,152739.0
2000-06-01,26.0,25.0,25.5,26.0,0.0,184795.0
2000-06-02,26.0,25.0,25.5,25.0,0.0,28055.0
2000-06-05,26.0,25.0,25.5,25.9,0.0,292523.0
2000-06-06,26.0,25.0,25.5,25.0,0.0,69206.0
2000-06-07,26.0,25.0,25.5,25.0,0.0,30946.0
2000-06-08,26.0,25.0,25.5,26.0,0.0,257361.0
2000-06-09,26.0,25.0,25.5,25.9,0.0,147973.0
2000-06-12,26.0,25.0,25.5,25.1,0.0,85185.0
2000-06-13,25.5,25.0,25.0,25.5,0.0,78166.0
2000-06-14,28.0,24.0,26.0,24.0,0.0,182262.0
2000-06-15,28.0,22.5,26.0,24.0,0.0,245739.0
2000-06-16,28.0,24.0,26.0,28.0,0.0,48283.0
2000-06-19,25.0,24.0,26.0,24.5,0.0,189124.0
2000-06-20,28.0,24.0,26.0,27.0,0.0,64965.0
2000-06-21,28.0,24.0,26.0,24.0,0.0,551485.0
2000-06-22,28.0,24.0,26.0,24.0,0.0,55142.0
2000-06-23,28.0,24.0,26.0,24.0,0.0,315106.0
2000-06-26,28.0,25.0,26.5,28.0,0.0,152201.0
2000-06-27,28.0,25.0,26.0,28.0,0.0,318417.0
2000-06-28,28.0,25.0,26.5,27.0,0.0,199671.0
2000-06-29,28.0,25.0,26.5,28.0,0.0,135285.0
2000-06-30,27.0,25.0,26.0,25.0,0.0,78200.0
2000-07-03,26.9,25.0,26.5,26.9,0.0,21929.0
2000-07-04,28.0,25.0,26.5,25.0,0.0,39965.0
2000-07-05,28.0,25.0,26.0,25.0,0.0,77506.0
2000-07-06,27.0,25.0,26.0,26.8,0.0,136478.0
2000-07-07,31.0,26.0,29.5,27.5,0.0,1714306.0
2000-07-10,32.0,28.0,30.0,32.0,0.0,214594.0
2000-07-11,32.0,28.0,29.5,32.0,0.0,252746.0
2000-07-12,31.0,28.0,29.5,28.5,0.0,262808.0
2000-07-13,30.7,28.0,29.5,28.0,0.0,217094.0
2000-07-14,30.0,28.0,29.0,28.0,0.0,2869160.0
2000-07-17,30.0,28.0,29.0,28.0,0.0,4092846.0
2000-07-18,30.0,28.0,29.0,30.0,0.0,80966.0
2000-07-19,30.0,28.0,28.5,28.0,0.0,87211.0
2000-07-20,35.0,29.0,33.5,29.0,0.0,1150084.0
2000-07-21,36.0,32.25,34.5,35.0,0.0,1231266.0
2000-07-24,38.0,33.25,36.0,35.75,0.0,1792606.0
2000-07-25,38.0,34.0,36.0,35.0,0.0,144028.0
2000-07-26,36.0,34.0,35.0,34.5,0.0,856621.0
2000-07-27,36.0,34.0,35.0,36.0,0.0,156893.0
2000-07-28,36.0,34.0,35.0,34.0,0.0,101208.0
2000-07-31,36.0,34.0,35.0,34.0,0.0,127767.0
2000-08-01,36.0,34.0,35.0,34.0,0.0,80883.0
2000-08-02,36.0,34.0,35.0,34.0,0.0,150191.0
2000-08-03,34.5,32.5,34.0,33.25,0.0,74276.0
2000-08-04,35.5,32.0,34.0,32.5,0.0,131072.0
2000-08-07,35.0,32.0,34.0,32.5,0.0,127273.0
2000-08-08,33.5,28.0,31.0,32.25,0.0,511935.0
2000-08-09,37.0,32.0,34.5,33.0,0.0,10166581.0
2000-08-10,37.0,33.0,35.5,34.0,0.0,4069965.0
2000-08-11,37.0,34.0,35.5,34.25,0.0,204299.0
2000-08-14,36.0,34.0,35.5,34.25,0.0,495382.0
2000-08-15,37.0,34.0,35.5,34.25,0.0,1176143.0
2000-08-16,36.0,34.0,35.0,34.0,0.0,43517.0
2000-08-17,35.5,34.0,35.0,34.0,0.0,559547.0
2000-08-18,34.2,34.0,35.0,34.0,0.0,35603.0
2000-08-21,35.0,34.0,35.0,34.0,0.0,142472.0
2000-08-22,36.0,34.0,35.0,34.2,0.0,125790.0
2000-08-23,37.0,34.0,36.5,34.0,0.0,446728.0
2000-08-24,36.75,34.0,35.5,36.0,0.0,1342758.0
2000-08-25,35.5,34.0,35.5,34.3,0.0,504511.0
2000-08-28,35.5,35.5,35.5,35.5,0.0,0.0
2000-08-29,36.5,34.0,36.0,34.25,0.0,361524.0
2000-08-30,37.0,35.0,36.0,35.0,0.0,273370.0
2000-08-31,37.0,35.0,36.0,35.25,0.0,505349.0
2000-09-01,37.0,35.0,36.0,35.0,0.0,1052009.0
2000-09-04,38.0,35.25,36.5,38.0,0.0,356463.0
2000-09-05,38.0,35.0,36.5,37.75,0.0,139128.0
2000-09-06,38.0,35.0,37.0,38.0,0.0,136321.0
2000-09-07,38.0,36.0,37.0,36.0,0.0,412366.0
2000-09-08,38.0,36.0,37.0,36.0,0.0,270378.0
2000-09-11,38.0,36.0,37.0,38.0,0.0,236301.0
2000-09-12,38.0,36.0,37.0,36.25,0.0,96085.0
2000-09-13,36.75,36.0,37.0,36.0,0.0,853871.0
2000-09-14,37.0,36.0,36.5,36.0,0.0,1282205.0
2000-09-15,37.0,36.0,36.5,36.0,0.0,3038003.0
2000-09-18,37.75,36.0,37.0,36.0,0.0,502008.0
2000-09-19,38.0,34.0,37.0,38.0,0.0,2372171.0
2000-09-20,38.0,36.0,37.0,36.25,0.0,127665.0
2000-09-21,38.0,36.0,37.5,38.0,0.0,246076.0
2000-09-22,38.0,37.0,37.5,37.0,0.0,247874.0
