datadate,apq,rectq,xadq,obq,capxq,dmq,cheq,oancfq,cogsq,drcq,drltq,dpq,ebitq,ebitdaq,empq,gdwliaq,dvtq,txpq,xintq,intanq,nopiq,scstkcq,niq,ibq,piq,acoq,lcoq,aoq,loq,ppegtq,ppentq,pstkqq,xrdq,revtq,fatlq,xsgaq,spiq,txfedq,txdiq,txtq,atq,lctq,actq,dlcq,ceqq,invtq,ltq,pstkq,dcvtq,dcpstkq,txfoq,dlttq,drq,dcq,count
2000-03-31,1631718.386346,4788335.919317295,,,2859122.31704163,,6695822.34290147,2588440.91026636,22914543.5738298,,,1441841.73778123,,,332.0,148820.2741143,3372799.32764417,70558.831135247,524794.931471425,148820.2741143,186752.004137574,,7535116.36927851,7535116.36927851,7864730.02327385,,1295928.10964572,,1852986.81148177,26257113.7832945,9418622.96353763,,566214.636669253,30481851.0473235,,4897262.47737264,6053962.24463408,,,,51392189.5526248,5833929.14403931,15082658.6501164,19212057.92604082,34074465.477114,3320407.03387639,17346572.53685024,,,,,8884381.43263512,,,1
2000-06-30,1631718.386346,4788335.919317295,,,2859122.31704163,,6695822.34290147,2588440.91026636,22914543.5738298,,,1441841.73778123,,,332.0,148820.2741143,3372799.32764417,70558.831135247,524794.931471425,148820.2741143,186752.004137574,,7535116.36927851,7535116.36927851,7864730.02327385,,1295928.10964572,,1852986.81148177,26257113.7832945,9418622.96353763,,566214.636669253,30481851.0473235,,4897262.47737264,6053962.24463408,,,,51392189.5526248,5833929.14403931,15082658.6501164,19212057.92604082,34074465.477114,3320407.03387639,17346572.53685024,,,,,8884381.43263512,,,1
2000-09-30,1631718.386346,4788335.919317295,,,2859122.31704163,,6695822.34290147,2588440.91026636,22914543.5738298,,,1441841.73778123,,,332.0,148820.2741143,3372799.32764417,70558.831135247,524794.931471425,148820.2741143,186752.004137574,,7535116.36927851,7535116.36927851,7864730.02327385,,1295928.10964572,,1852986.81148177,26257113.7832945,9418622.96353763,,566214.636669253,30481851.0473235,,4897262.47737264,6053962.24463408,,,,51392189.5526248,5833929.14403931,15082658.6501164,19212057.92604082,34074465.477114,3320407.03387639,17346572.53685024,,,,,8884381.43263512,,,1
2001-02-22,2244914.33701657,8024806.90607735,,,2790817.15257119,,5928923.68253294,1145507.97705057,32411780.960476,,,1830852.20144496,,,417.0,96962.5690607735,2997670.63323417,185258.886527837,767176.370590735,96962.5690607735,231360.50361241,,7752104.12027199,7752104.12027199,8464299.51763706,,1722524.05652359,304881.572460688,688895.966850829,27798351.6489588,9895012.41393965,,713829.198895028,40756173.6527837,,6319402.24819379,7456599.1478963,,,,57726967.3884403,6521851.56821079,18172916.4874628,24413967.2970676,37828969.5898852,3932489.2477688,19882938.4105397,,,,,11798107.0569486,,,1
2001-03-31,2244914.33701657,8024806.90607735,,,2790817.15257119,,5928923.68253294,1145507.97705057,32411780.960476,,,1830852.20144496,,,417.0,96962.5690607735,2997670.63323417,185258.886527837,767176.370590735,96962.5690607735,231360.50361241,,7752104.12027199,7752104.12027199,8464299.51763706,,1722524.05652359,304881.572460688,688895.966850829,27798351.6489588,9895012.41393965,,713829.198895028,40756173.6527837,,6319402.24819379,7456599.1478963,,,,57726967.3884403,6521851.56821079,18172916.4874628,24413967.2970676,37828969.5898852,3932489.2477688,19882938.4105397,,,,,11798107.0569486,,,2
2001-06-30,2244914.33701657,8024806.90607735,,,2790817.15257119,,5928923.68253294,1145507.97705057,32411780.960476,,,1830852.20144496,,,417.0,96962.5690607735,2997670.63323417,185258.886527837,767176.370590735,96962.5690607735,231360.50361241,,7752104.12027199,7752104.12027199,8464299.51763706,,1722524.05652359,304881.572460688,688895.966850829,27798351.6489588,9895012.41393965,,713829.198895028,40756173.6527837,,6319402.24819379,7456599.1478963,,,,57726967.3884403,6521851.56821079,18172916.4874628,24413967.2970676,37828969.5898852,3932489.2477688,19882938.4105397,,,,,11798107.0569486,,,2
2001-09-30,2244914.33701657,8024806.90607735,,,2790817.15257119,,5928923.68253294,1145507.97705057,32411780.960476,,,1830852.20144496,,,417.0,96962.5690607735,2997670.63323417,185258.886527837,767176.370590735,96962.5690607735,231360.50361241,,7752104.12027199,7752104.12027199,8464299.51763706,,1722524.05652359,304881.572460688,688895.966850829,27798351.6489588,9895012.41393965,,713829.198895028,40756173.6527837,,6319402.24819379,7456599.1478963,,,,57726967.3884403,6521851.56821079,18172916.4874628,24413967.2970676,37828969.5898852,3932489.2477688,19882938.4105397,,,,,11798107.0569486,,,2
2001-12-31,2244914.33701657,8024806.90607735,,,2790817.15257119,,5928923.68253294,1145507.97705057,32411780.960476,,,1830852.20144496,,,417.0,96962.5690607735,2997670.63323417,185258.886527837,767176.370590735,96962.5690607735,231360.50361241,,7752104.12027199,7752104.12027199,8464299.51763706,,1722524.05652359,304881.572460688,688895.966850829,27798351.6489588,9895012.41393965,,713829.198895028,40756173.6527837,,6319402.24819379,7456599.1478963,,,,57726967.3884403,6521851.56821079,18172916.4874628,24413967.2970676,37828969.5898852,3932489.2477688,19882938.4105397,,,,,11798107.0569486,,,2
2002-03-31,2244914.33701657,8024806.90607735,,,2790817.15257119,,5928923.68253294,1145507.97705057,32411780.960476,,,1830852.20144496,,,417.0,96962.5690607735,2997670.63323417,185258.886527837,767176.370590735,96962.5690607735,231360.50361241,,7752104.12027199,7752104.12027199,8464299.51763706,,1722524.05652359,304881.572460688,688895.966850829,27798351.6489588,9895012.41393965,,713829.198895028,40756173.6527837,,6319402.24819379,7456599.1478963,,,,57726967.3884403,6521851.56821079,18172916.4874628,24413967.2970676,37828969.5898852,3932489.2477688,19882938.4105397,,,,,11798107.0569486,,,3
2002-05-16,2244914.33701657,8024806.90607735,,,2790817.15257119,,5928923.68253294,1145507.97705057,32411780.960476,,,1830852.20144496,,,417.0,96962.5690607735,2997670.63323417,185258.886527837,767176.370590735,96962.5690607735,231360.50361241,,7752104.12027199,7752104.12027199,8464299.51763706,,1722524.05652359,304881.572460688,688895.966850829,27798351.6489588,9895012.41393965,,713829.198895028,40756173.6527837,,6319402.24819379,7456599.1478963,,,,57726967.3884403,6521851.56821079,18172916.4874628,24413967.2970676,37828969.5898852,3932489.2477688,19882938.4105397,,,,,11798107.0569486,,,3
2002-06-30,2244914.33701657,8024806.90607735,,,2790817.15257119,,5928923.68253294,1145507.97705057,32411780.960476,,,1830852.20144496,5190356.42864296,7268298.67901853,417.0,96962.5690607735,2997670.63323417,185258.886527837,767176.370590735,96962.5690607735,231360.50361241,,7752104.12027199,7752104.12027199,8464299.51763706,,1722524.05652359,304881.572460688,688895.966850829,27798351.6489588,9895012.41393965,,713829.198895028,40756173.6527837,,6319402.24819379,7456599.1478963,,,,57726967.3884403,6521851.56821079,18172916.4874628,24413967.2970676,37828969.5898852,3932489.2477688,19882938.4105397,,,,,11798107.0569486,,,3
2002-07-18,1590136.85253245,5721043.719612572,,,1780553.09138241,,4949834.91539374,3045409.24830596,33684191.6609242,,,1991110.14222273,5190356.42864296,7268298.67901853,392.0,44954.8189196432,2501146.58703725,95438.4881895793,914893.093679415,44954.8189196432,314091.355614257,,4400438.3216569,4400438.3216569,4706894.598216,,1567034.15642586,380898.297346962,562757.982083381,28217804.1556602,9352116.18716741,,810239.854906015,41102592.4380766,,6161837.89575437,4184220.78117224,,,,57129018.292753,6779160.36522339,14746891.9164657,26566849.9492745,36874075.034455,3757446.18984725,20156411.24669804,,,,,12384822.2435971,,,3
2002-09-30,1590136.85253245,5721043.719612572,,,1780553.09138241,,4949834.91539374,3045409.24830596,33684191.6609242,,,1991110.14222273,5190356.42864296,7268298.67901853,392.0,44954.8189196432,2501146.58703725,95438.4881895793,914893.093679415,44954.8189196432,314091.355614257,,4400438.3216569,4400438.3216569,4706894.598216,,1567034.15642586,380898.297346962,562757.982083381,28217804.1556602,9352116.18716741,,810239.854906015,41102592.4380766,,6161837.89575437,4184220.78117224,,,,57129018.292753,6779160.36522339,14746891.9164657,26566849.9492745,36874075.034455,3757446.18984725,20156411.24669804,,,,,12384822.2435971,,,3
2002-10-28,1590136.85253245,5721043.719612572,,,1780553.09138241,,4949834.91539374,3045409.24830596,33684191.6609242,,,1991110.14222273,5190356.42864296,7268298.67901853,392.0,44954.8189196432,2501146.58703725,95438.4881895793,914893.093679415,44954.8189196432,314091.355614257,,4400438.3216569,4400438.3216569,4706894.598216,,1567034.15642586,380898.297346962,562757.982083381,28217804.1556602,9352116.18716741,,810239.854906015,41102592.4380766,,6161837.89575437,4184220.78117224,,,,57129018.292753,6779160.36522339,14746891.9164657,26566849.9492745,36874075.034455,3757446.18984725,20156411.24669804,,,,,12384822.2435971,,,3
2002-12-31,1590136.85253245,5721043.719612572,,,1780553.09138241,,4949834.91539374,3045409.24830596,33684191.6609242,,,1991110.14222273,5190356.42864296,7268298.67901853,392.0,44954.8189196432,2501146.58703725,95438.4881895793,914893.093679415,44954.8189196432,314091.355614257,,4400438.3216569,4400438.3216569,4706894.598216,,1567034.15642586,380898.297346962,562757.982083381,28217804.1556602,9352116.18716741,,810239.854906015,41102592.4380766,,6161837.89575437,4184220.78117224,,,,57129018.292753,6779160.36522339,14746891.9164657,26566849.9492745,36874075.034455,3757446.18984725,20156411.24669804,,,,,12384822.2435971,,,3
2003-02-17,1972908.24051143,6064084.865518634,,,2942595.53648563,,3759272.15458158,5261636.81045902,37709553.0634107,,,2075797.19633704,5190356.42864296,7268298.67901853,370.0,44954.8189196432,2717012.03709036,177106.284628232,827044.164026954,44954.8189196432,251609.614697921,,-5557791.12250187,-5557791.12250187,-4321979.64752635,,1249182.03421068,387889.218453032,670815.971894258,31727550.5615389,10555234.2625122,,893753.959569199,48187495.4834994,,7048715.72769683,-7691074.5735184,,,,52744496.6722341,8805907.51252664,14462655.073432,24873744.6973449,31722974.5412659,4210296.15273858,20736307.36739038,,,,,10893716.7620803,,,3
2003-03-31,1972908.24051143,6064084.865518634,,,2942595.53648563,,3759272.15458158,5261636.81045902,37709553.0634107,,,2075797.19633704,5190356.42864296,7268298.67901853,370.0,44954.8189196432,2717012.03709036,177106.284628232,827044.164026954,44954.8189196432,251609.614697921,,-5557791.12250187,-5557791.12250187,-4321979.64752635,,1249182.03421068,387889.218453032,670815.971894258,31727550.5615389,10555234.2625122,,893753.959569199,48187495.4834994,,7048715.72769683,-7691074.5735184,,,,52744496.6722341,8805907.51252664,14462655.073432,24873744.6973449,31722974.5412659,4210296.15273858,20736307.36739038,,,,,10893716.7620803,,,4
2003-06-30,1972908.24051143,6064084.865518634,,,2942595.53648563,,3759272.15458158,5261636.81045902,37709553.0634107,,,2075797.19633704,5190356.42864296,7268298.67901853,370.0,44954.8189196432,2717012.03709036,177106.284628232,827044.164026954,44954.8189196432,251609.614697921,,-5557791.12250187,-5557791.12250187,-4321979.64752635,,1249182.03421068,387889.218453032,670815.971894258,31727550.5615389,10555234.2625122,,893753.959569199,48187495.4834994,,7048715.72769683,-7691074.5735184,,,,52744496.6722341,8805907.51252664,14462655.073432,24873744.6973449,31722974.5412659,4210296.15273858,20736307.36739038,,,,,10893716.7620803,,,4
2003-07-17,1972908.24051143,6064084.865518634,,,2942595.53648563,,3759272.15458158,5261636.81045902,37709553.0634107,,,2075797.19633704,5190356.42864296,7268298.67901853,370.0,44954.8189196432,2717012.03709036,177106.284628232,827044.164026954,44954.8189196432,251609.614697921,,-5557791.12250187,-5557791.12250187,-4321979.64752635,,1249182.03421068,387889.218453032,670815.971894258,31727550.5615389,10555234.2625122,,893753.959569199,48187495.4834994,,7048715.72769683,-7691074.5735184,,,,52744496.6722341,8805907.51252664,14462655.073432,24873744.6973449,31722974.5412659,4210296.15273858,20736307.36739038,,,,,10893716.7620803,,,4
2003-09-30,1972908.24051143,6064084.865518634,,,2942595.53648563,,3759272.15458158,5261636.81045902,37709553.0634107,,,2075797.19633704,5190356.42864296,7268298.67901853,370.0,44954.8189196432,2717012.03709036,177106.284628232,827044.164026954,44954.8189196432,251609.614697921,,-5557791.12250187,-5557791.12250187,-4321979.64752635,,1249182.03421068,387889.218453032,670815.971894258,31727550.5615389,10555234.2625122,,893753.959569199,48187495.4834994,,7048715.72769683,-7691074.5735184,,,,52744496.6722341,8805907.51252664,14462655.073432,24873744.6973449,31722974.5412659,4210296.15273858,20736307.36739038,,,,,10893716.7620803,,,4
2003-10-29,1972908.24051143,6064084.865518634,,,2942595.53648563,,3759272.15458158,5261636.81045902,37709553.0634107,,,2075797.19633704,5190356.42864296,7268298.67901853,370.0,44954.8189196432,2717012.03709036,177106.284628232,827044.164026954,44954.8189196432,251609.614697921,,-5557791.12250187,-5557791.12250187,-4321979.64752635,,1249182.03421068,387889.218453032,670815.971894258,31727550.5615389,10555234.2625122,,893753.959569199,48187495.4834994,,7048715.72769683,-7691074.5735184,,,,52744496.6722341,8805907.51252664,14462655.073432,24873744.6973449,31722974.5412659,4210296.15273858,20736307.36739038,,,,,10893716.7620803,,,4
2003-12-31,1972908.24051143,6064084.865518634,,,2942595.53648563,,3759272.15458158,5261636.81045902,37709553.0634107,,,2075797.19633704,4809484.39911797,7268298.67901853,370.0,44954.8189196432,2717012.03709036,177106.284628232,827044.164026954,44954.8189196432,251609.614697921,,-5557791.12250187,-5557791.12250187,-4321979.64752635,,1249182.03421068,387889.218453032,670815.971894258,31727550.5615389,10555234.2625122,,893753.959569199,48187495.4834994,,7048715.72769683,-7691074.5735184,,,,52744496.6722341,8805907.51252664,14462655.073432,24873744.6973449,31722974.5412659,4210296.15273858,20736307.36739038,,,,,10893716.7620803,,,4
2004-02-19,2330792.97043328,7551582.355884844,,,1582541.07646756,,3468431.72409958,2769855.65826603,40080062.0901041,,,2027131.9520705,4809484.39911797,7268298.67901853,360.0,44954.8189196432,3285378.63328653,177106.284628232,738597.030817776,44954.8189196432,354037.602691169,,11182978.8265058,11182978.8265058,12266036.4586664,,911528.0876854,258812.621804584,546044.800455942,32091597.1767748,10064805.5227345,,912384.567480782,50625975.6724447,,7273849.31678227,8428384.08095748,,,,63782984.7037073,9864778.559613,16073322.734539,24803109.8416714,42617889.5856211,4636358.71780258,21165095.1180862,,,,,10272852.2512128,,,4
2004-04-21,2330792.97043328,7551582.355884844,,,1582541.07646756,,3468431.72409958,2769855.65826603,40080062.0901041,,,2027131.9520705,4809484.39911797,7268298.67901853,360.0,44954.8189196432,3285378.63328653,177106.284628232,738597.030817776,44954.8189196432,354037.602691169,,11182978.8265058,11182978.8265058,12266036.4586664,,911528.0876854,258812.621804584,546044.800455942,32091597.1767748,10064805.5227345,,912384.567480782,50625975.6724447,,7273849.31678227,8428384.08095748,,,,63782984.7037073,9864778.559613,16073322.734539,24803109.8416714,42617889.5856211,4636358.71780258,21165095.1180862,,,,,10272852.2512128,,,5
2004-07-19,2330792.97043328,7551582.355884844,,,1582541.07646756,,3468431.72409958,2769855.65826603,40080062.0901041,,,2027131.9520705,7260251.33097316,7268298.67901853,360.0,44954.8189196432,3285378.63328653,177106.284628232,738597.030817776,44954.8189196432,354037.602691169,,11182978.8265058,11182978.8265058,12266036.4586664,,911528.0876854,258812.621804584,546044.800455942,32091597.1767748,10064805.5227345,,912384.567480782,50625975.6724447,,7273849.31678227,8428384.08095748,,,,63782984.7037073,9864778.559613,16073322.734539,24803109.8416714,42617889.5856211,4636358.71780258,21165095.1180862,,,,,10272852.2512128,,,5
2004-10-25,2330792.97043328,7551582.355884844,,,1582541.07646756,,3468431.72409958,2769855.65826603,40080062.0901041,,,2027131.9520705,7260251.33097316,7268298.67901853,360.0,44954.8189196432,3285378.63328653,177106.284628232,738597.030817776,44954.8189196432,354037.602691169,,11182978.8265058,11182978.8265058,12266036.4586664,,911528.0876854,258812.621804584,546044.800455942,32091597.1767748,10064805.5227345,,912384.567480782,50625975.6724447,,7273849.31678227,8428384.08095748,,,,63782984.7037073,9864778.559613,16073322.734539,24803109.8416714,42617889.5856211,4636358.71780258,21165095.1180862,,,,,10272852.2512128,,,5
2005-02-21,2898399.74143892,9504271.82435886,,,4059076.09512642,,1788736.10083882,7311038.60377018,57978965.3047112,,,2027131.9520705,7260251.33097316,7268298.67901853,559.0,44954.8189196432,3306423.08559574,456763.601515288,1253768.67803133,3225868.44803223,658228.555966447,,5446057.69519858,5446057.69519858,6684154.26475452,,2485126.24094285,471965.546736418,630332.20288025,47284240.1205616,21378479.8923664,,1285112.89498211,73682417.9970536,,12051851.4175761,3001208.77303749,,,,80931708.4934307,12210923.3186014,18057325.0248038,32191059.332250997,47468387.3951475,5377022.05736448,29353467.371696606,,,,,14268749.5219627,,,5
2005-04-20,2898399.74143892,9504271.82435886,,,4059076.09512642,,1788736.10083882,7311038.60377018,57978965.3047112,,,2027131.9520705,5955790.71888718,7268298.67901853,559.0,44954.8189196432,3306423.08559574,456763.601515288,1253768.67803133,3225868.44803223,658228.555966447,,5446057.69519858,5446057.69519858,6684154.26475452,,2485126.24094285,471965.546736418,630332.20288025,47284240.1205616,21378479.8923664,,1285112.89498211,73682417.9970536,,12051851.4175761,3001208.77303749,,,,80931708.4934307,12210923.3186014,18057325.0248038,32191059.332250997,47468387.3951475,5377022.05736448,29353467.371696606,,,,,14268749.5219627,,,6
2005-07-18,2898399.74143892,9504271.82435886,,,4059076.09512642,,1788736.10083882,7311038.60377018,57978965.3047112,,,2027131.9520705,5955790.71888718,7268298.67901853,559.0,44954.8189196432,3306423.08559574,456763.601515288,1253768.67803133,3225868.44803223,658228.555966447,,5446057.69519858,5446057.69519858,6684154.26475452,,2485126.24094285,471965.546736418,630332.20288025,47284240.1205616,21378479.8923664,,1285112.89498211,73682417.9970536,,12051851.4175761,3001208.77303749,,,,80931708.4934307,12210923.3186014,18057325.0248038,32191059.332250997,47468387.3951475,5377022.05736448,29353467.371696606,,,,,14268749.5219627,,,6
2005-10-27,2898399.74143892,9504271.82435886,,,4059076.09512642,,1788736.10083882,7311038.60377018,57978965.3047112,,,2027131.9520705,5955790.71888718,7268298.67901853,559.0,44954.8189196432,3306423.08559574,456763.601515288,1253768.67803133,3225868.44803223,658228.555966447,,5446057.69519858,5446057.69519858,6684154.26475452,,2485126.24094285,471965.546736418,630332.20288025,47284240.1205616,21378479.8923664,,1285112.89498211,73682417.9970536,,12051851.4175761,3001208.77303749,,,,80931708.4934307,12210923.3186014,18057325.0248038,32191059.332250997,47468387.3951475,5377022.05736448,29353467.371696606,,,,,14268749.5219627,,,6
2006-02-23,2898399.74143892,11608328.035359,,,4516085.39048531,,7006934.094744,4579810.73110535,56840662.6035712,,,5039569.6753721,13136953.9938049,7268298.67901853,602.0,44954.8189196432,3395880.23522301,456763.601515288,1092549.38172111,2287673.88117964,116329.841085955,,11632837.7817513,11632837.7817513,12183173.0425366,,5449431.16578941,306627.90188128,893471.710277785,50336873.3623794,21322601.4002569,,1221390.16798046,72520754.5672048,,12861105.311406,9875818.20082101,,,,93317676.7799129,20762169.5872264,24361590.4626388,40881671.6750195,53627617.7600927,5746328.33253582,37105122.15478381,,,,,14170364.7492885,,,6
2006-04-25,2898399.74143892,11608328.035359,,,4516085.39048531,,7006934.094744,4579810.73110535,56840662.6035712,,,5039569.6753721,13136953.9938049,7268298.67901853,602.0,44954.8189196432,3395880.23522301,456763.601515288,1092549.38172111,2287673.88117964,116329.841085955,,11632837.7817513,11632837.7817513,12183173.0425366,,5449431.16578941,306627.90188128,893471.710277785,50336873.3623794,21322601.4002569,,1221390.16798046,72520754.5672048,,12861105.311406,9875818.20082101,,,,93317676.7799129,20762169.5872264,24361590.4626388,40881671.6750195,53627617.7600927,5746328.33253582,37105122.15478381,,,,,14170364.7492885,,,7
2006-07-18,2898399.74143892,11608328.035359,,,4516085.39048531,,7006934.094744,4579810.73110535,56840662.6035712,,,5039569.6753721,13136953.9938049,7268298.67901853,602.0,44954.8189196432,3395880.23522301,456763.601515288,1092549.38172111,2287673.88117964,116329.841085955,,11632837.7817513,11632837.7817513,12183173.0425366,,5449431.16578941,306627.90188128,893471.710277785,50336873.3623794,21322601.4002569,,1221390.16798046,72520754.5672048,,12861105.311406,9875818.20082101,,,,93317676.7799129,20762169.5872264,24361590.4626388,40881671.6750195,53627617.7600927,5746328.33253582,37105122.15478381,,,,,14170364.7492885,,,7
2006-10-26,2898399.74143892,11608328.035359,,,4516085.39048531,,7006934.094744,4579810.73110535,56840662.6035712,,,5039569.6753721,13136953.9938049,7268298.67901853,602.0,44954.8189196432,3395880.23522301,456763.601515288,1092549.38172111,2287673.88117964,116329.841085955,,11632837.7817513,11632837.7817513,12183173.0425366,,5449431.16578941,306627.90188128,893471.710277785,50336873.3623794,21322601.4002569,,1221390.16798046,72520754.5672048,,12861105.311406,9875818.20082101,,,,93317676.7799129,20762169.5872264,24361590.4626388,40881671.6750195,53627617.7600927,5746328.33253582,37105122.15478381,,,,,14170364.7492885,,,7
2007-02-22,2898399.74143892,12975962.157977,,,3630760.54519159,,10004038.1400377,4078536.69525076,61684222.4358319,,,5507706.30943859,9652492.40980018,7268298.67901853,611.0,44954.8189196432,3461613.92488277,456763.601515288,1402246.36465896,2997877.7321666,270724.0880604206,,8878482.23452588,8878482.23452588,9301125.04638219,,5800207.65196558,441362.301140929,883768.717222036,52419790.5716331,19960196.1521044,,1282322.30581567,77190522.5716915,,14053339.6169635,7490778.89939082,,-272812.317940777,626767.282661096,102777304.977138,20545720.8946284,30013755.1721619,47401997.908053696,59939655.5300717,7033754.87414723,40869418.20519191,,,,626767.282661096,18224653.3826129,,,7
2007-04-26,2898399.74143892,12975962.157977,,,3630760.54519159,,10004038.1400377,4078536.69525076,61684222.4358319,,,5507706.30943859,9652492.40980018,7268298.67901853,611.0,44954.8189196432,3461613.92488277,456763.601515288,1402246.36465896,2997877.7321666,270724.0880604206,,8878482.23452588,8878482.23452588,9301125.04638219,,5800207.65196558,441362.301140929,883768.717222036,52419790.5716331,19960196.1521044,,1282322.30581567,77190522.5716915,,14053339.6169635,7490778.89939082,,-272812.317940777,626767.282661096,102777304.977138,20545720.8946284,30013755.1721619,47401997.908053696,59939655.5300717,7033754.87414723,40869418.20519191,,,,626767.282661096,18224653.3826129,,,8
2007-07-17,2898399.74143892,12975962.157977,,,3630760.54519159,,10004038.1400377,4078536.69525076,61684222.4358319,,,5507706.30943859,9652492.40980018,7268298.67901853,611.0,44954.8189196432,3461613.92488277,456763.601515288,1402246.36465896,2997877.7321666,270724.0880604206,,8878482.23452588,8878482.23452588,9301125.04638219,,5800207.65196558,441362.301140929,883768.717222036,52419790.5716331,19960196.1521044,,1282322.30581567,77190522.5716915,,14053339.6169635,7490778.89939082,,-272812.317940777,626767.282661096,102777304.977138,20545720.8946284,30013755.1721619,47401997.908053696,59939655.5300717,7033754.87414723,40869418.20519191,,,,626767.282661096,18224653.3826129,,,8
2007-10-26,2898399.74143892,12975962.157977,,,3630760.54519159,,10004038.1400377,4078536.69525076,61684222.4358319,,,5507706.30943859,9652492.40980018,7268298.67901853,611.0,44954.8189196432,3461613.92488277,456763.601515288,1402246.36465896,2997877.7321666,270724.0880604206,,8878482.23452588,8878482.23452588,9301125.04638219,,5800207.65196558,441362.301140929,883768.717222036,52419790.5716331,19960196.1521044,,1282322.30581567,77190522.5716915,,14053339.6169635,7490778.89939082,,-272812.317940777,626767.282661096,102777304.977138,20545720.8946284,30013755.1721619,47401997.908053696,59939655.5300717,7033754.87414723,40869418.20519191,,,,626767.282661096,18224653.3826129,,,8
2008-02-25,2898399.74143892,12975962.157977,,,3630760.54519159,,10004038.1400377,4078536.69525076,61684222.4358319,,,5507706.30943859,1231696.98225701,7268298.67901853,611.0,44954.8189196432,3461613.92488277,456763.601515288,1402246.36465896,2997877.7321666,270724.0880604206,,8878482.23452588,8878482.23452588,9301125.04638219,,5800207.65196558,441362.301140929,883768.717222036,52419790.5716331,19960196.1521044,,1282322.30581567,77190522.5716915,,14053339.6169635,7490778.89939082,,-272812.317940777,626767.282661096,102777304.977138,20545720.8946284,30013755.1721619,47401997.908053696,59939655.5300717,7033754.87414723,40869418.20519191,,,,626767.282661096,18224653.3826129,,,8
2008-02-26,2898399.74143892,23454575.376806702,,,6165305.14375909,,26506820.1154406,913482.49822042,66871659.372969,844168.232180991,,5483623.89743431,1231696.98225701,7268298.67901853,638.0,44954.8189196432,1973936.19046145,456763.601515288,2475197.62619541,6049287.56460648,-1504096.1824146542,-24674397.3027761,-1602414.84324224,-1602414.84324224,-1377942.65884683,,9149639.05481105,432337.013710501,1100373.71947634,66677283.1466064,27631598.0703166,,1189881.905543,84112900.823249,,15835853.772709,7490778.89939082,,-5145.94101080128,534632.083500975,99560314.0184457,35297412.8315434,60451084.3675528,70593110.3494166,32850829.7561202,10489688.8753056,62708515.12642752,,,,534632.083500975,24141636.4705518,844168.232180991,,8
2008-04-24,2898399.74143892,23454575.376806702,,,6165305.14375909,,26506820.1154406,913482.49822042,66871659.372969,844168.232180991,,5483623.89743431,1231696.98225701,7268298.67901853,638.0,44954.8189196432,1973936.19046145,456763.601515288,2475197.62619541,6049287.56460648,-1504096.1824146542,-24674397.3027761,-1602414.84324224,-1602414.84324224,-1377942.65884683,,9149639.05481105,432337.013710501,1100373.71947634,66677283.1466064,27631598.0703166,,1189881.905543,84112900.823249,,15835853.772709,7490778.89939082,,-5145.94101080128,534632.083500975,99560314.0184457,35297412.8315434,60451084.3675528,70593110.3494166,32850829.7561202,10489688.8753056,62708515.12642752,,,,534632.083500975,24141636.4705518,844168.232180991,,9
2008-07-17,2898399.74143892,23454575.376806702,,,6165305.14375909,,26506820.1154406,913482.49822042,66871659.372969,844168.232180991,,5483623.89743431,1231696.98225701,7268298.67901853,638.0,44954.8189196432,1973936.19046145,456763.601515288,2475197.62619541,6049287.56460648,-1504096.1824146542,-24674397.3027761,-1602414.84324224,-1602414.84324224,-1377942.65884683,,9149639.05481105,432337.013710501,1100373.71947634,66677283.1466064,27631598.0703166,,1189881.905543,84112900.823249,,15835853.772709,7490778.89939082,,-5145.94101080128,534632.083500975,99560314.0184457,35297412.8315434,60451084.3675528,70593110.3494166,32850829.7561202,10489688.8753056,62708515.12642752,,,,534632.083500975,24141636.4705518,844168.232180991,,9
2008-10-27,2898399.74143892,23454575.376806702,,,6165305.14375909,,26506820.1154406,913482.49822042,66871659.372969,844168.232180991,,5483623.89743431,1231696.98225701,7268298.67901853,638.0,44954.8189196432,1973936.19046145,456763.601515288,2475197.62619541,6049287.56460648,-1504096.1824146542,-24674397.3027761,-1602414.84324224,-1602414.84324224,-1377942.65884683,,9149639.05481105,432337.013710501,1100373.71947634,66677283.1466064,27631598.0703166,,1189881.905543,84112900.823249,,15835853.772709,7490778.89939082,,-5145.94101080128,534632.083500975,99560314.0184457,35297412.8315434,60451084.3675528,70593110.3494166,32850829.7561202,10489688.8753056,62708515.12642752,,,,534632.083500975,24141636.4705518,844168.232180991,,9
2008-11-03,2898399.74143892,23454575.376806702,,,6165305.14375909,,26506820.1154406,913482.49822042,66871659.372969,844168.232180991,,5483623.89743431,1231696.98225701,7268298.67901853,638.0,44954.8189196432,1973936.19046145,456763.601515288,2475197.62619541,6049287.56460648,-1504096.1824146542,-24674397.3027761,-1602414.84324224,-1602414.84324224,-1377942.65884683,,9149639.05481105,432337.013710501,1100373.71947634,66677283.1466064,27631598.0703166,,1189881.905543,84112900.823249,,15835853.772709,7490778.89939082,,-5145.94101080128,534632.083500975,99560314.0184457,35297412.8315434,60451084.3675528,70593110.3494166,32850829.7561202,10489688.8753056,62708515.12642752,,,,534632.083500975,24141636.4705518,844168.232180991,,9
2009-02-26,2898399.74143892,32309050.66128929,,,7297458.60572307,,12386438.933487,6659399.30222137,101073880.926957,1335468.88931566,,8007298.48665258,1890684.98180726,3610196.83768958,832.0,5143691.13373024,738727.186479739,456763.601515288,3173489.35791563,11187353.141284171,-4745834.152743105,-24674397.3027761,-4779098.32277063,-4779098.32277063,-5338549.14025991,,15330930.7419499,1465986.98802894,1578209.79322707,88494597.3446002,37175861.3481851,,1583286.95602074,124962282.020357,,20482762.843608,7490778.89939082,,-1229636.3062544,-645062.286665386,113333916.01434,60196155.1411561,57862673.6137251,67536944.7052045,28245044.4568209,13167184.0189489,78154867.77799115,,,,-645062.286665386,14303418.0372575,1335468.88931566,,9
2009-04-29,2898399.74143892,32309050.66128929,,,7297458.60572307,,12386438.933487,6659399.30222137,101073880.926957,1335468.88931566,,8007298.48665258,1890684.98180726,3610196.83768958,832.0,5143691.13373024,738727.186479739,456763.601515288,3173489.35791563,11187353.141284171,-4745834.152743105,-24674397.3027761,-4779098.32277063,-4779098.32277063,-5338549.14025991,,15330930.7419499,1465986.98802894,1578209.79322707,88494597.3446002,37175861.3481851,,1583286.95602074,124962282.020357,,20482762.843608,7490778.89939082,,-1229636.3062544,-645062.286665386,113333916.01434,60196155.1411561,57862673.6137251,67536944.7052045,28245044.4568209,13167184.0189489,78154867.77799115,,,,-645062.286665386,14303418.0372575,1335468.88931566,,10
2009-05-07,2898399.74143892,32309050.66128929,,,7297458.60572307,,12386438.933487,6659399.30222137,101073880.926957,1335468.88931566,,8007298.48665258,1890684.98180726,3610196.83768958,832.0,5143691.13373024,738727.186479739,456763.601515288,3173489.35791563,11187353.141284171,-4745834.152743105,-24674397.3027761,-4779098.32277063,-4779098.32277063,-5338549.14025991,,15330930.7419499,1465986.98802894,1578209.79322707,88494597.3446002,37175861.3481851,,1583286.95602074,124962282.020357,,20482762.843608,7490778.89939082,,-1229636.3062544,-645062.286665386,113333916.01434,60196155.1411561,57862673.6137251,67536944.7052045,28245044.4568209,13167184.0189489,78154867.77799115,,,,-645062.286665386,14303418.0372575,1335468.88931566,,10
2009-06-30,2898399.74143892,32309050.66128929,,,7297458.60572307,,12386438.933487,6659399.30222137,101073880.926957,1335468.88931566,,8007298.48665258,1890684.98180726,3610196.83768958,832.0,5143691.13373024,738727.186479739,456763.601515288,3173489.35791563,11187353.141284171,-4745834.152743105,-24674397.3027761,-4779098.32277063,-4779098.32277063,-5338549.14025991,,15330930.7419499,1465986.98802894,1578209.79322707,88494597.3446002,37175861.3481851,,1583286.95602074,124962282.020357,,20482762.843608,7490778.89939082,,-1229636.3062544,-645062.286665386,113333916.01434,60196155.1411561,57862673.6137251,67536944.7052045,28245044.4568209,13167184.0189489,78154867.77799115,,,,-645062.286665386,14303418.0372575,1335468.88931566,,10
2009-07-14,2898399.74143892,32309050.66128929,,,7297458.60572307,,12386438.933487,6659399.30222137,101073880.926957,1335468.88931566,,8007298.48665258,1890684.98180726,3610196.83768958,832.0,5143691.13373024,738727.186479739,456763.601515288,3173489.35791563,11187353.141284171,-4745834.152743105,-24674397.3027761,-4779098.32277063,-4779098.32277063,-5338549.14025991,,15330930.7419499,1465986.98802894,1578209.79322707,88494597.3446002,37175861.3481851,,1583286.95602074,124962282.020357,,20482762.843608,7490778.89939082,,-1229636.3062544,-645062.286665386,113333916.01434,60196155.1411561,57862673.6137251,67536944.7052045,28245044.4568209,13167184.0189489,78154867.77799115,,,,-645062.286665386,14303418.0372575,1335468.88931566,,10
2009-09-30,2898399.74143892,32309050.66128929,,,7297458.60572307,,12386438.933487,6659399.30222137,101073880.926957,1335468.88931566,,8007298.48665258,1890684.98180726,3610196.83768958,832.0,5143691.13373024,738727.186479739,456763.601515288,3173489.35791563,11187353.141284171,-4745834.152743105,-24674397.3027761,-4779098.32277063,-4779098.32277063,-5338549.14025991,,15330930.7419499,1465986.98802894,1578209.79322707,88494597.3446002,37175861.3481851,,1583286.95602074,124962282.020357,,20482762.843608,7490778.89939082,,-1229636.3062544,-645062.286665386,113333916.01434,60196155.1411561,57862673.6137251,67536944.7052045,28245044.4568209,13167184.0189489,78154867.77799115,,,,-645062.286665386,14303418.0372575,1335468.88931566,,10
2009-10-28,2898399.74143892,32309050.66128929,,,7297458.60572307,,12386438.933487,6659399.30222137,101073880.926957,1335468.88931566,,8007298.48665258,1890684.98180726,3610196.83768958,832.0,5143691.13373024,738727.186479739,456763.601515288,3173489.35791563,11187353.141284171,-4745834.152743105,-24674397.3027761,-4779098.32277063,-4779098.32277063,-5338549.14025991,,15330930.7419499,1465986.98802894,1578209.79322707,88494597.3446002,37175861.3481851,,1583286.95602074,124962282.020357,,20482762.843608,7490778.89939082,,-1229636.3062544,-645062.286665386,113333916.01434,60196155.1411561,57862673.6137251,67536944.7052045,28245044.4568209,13167184.0189489,78154867.77799115,,,,-645062.286665386,14303418.0372575,1335468.88931566,,10
2010-02-25,2898399.74143892,30870991.02259711,,,5846047.00427362,,4475724.38758694,6343340.10781822,104000570.151672,1492398.04474735,,10159666.9813692,1890684.98180726,3610196.83768958,884.0,5287110.99689953,738727.186479739,456763.601515288,2493987.16236977,8953177.88888579,616688.405351806,-24674397.3027761,-5156735.8230217,-5156735.8230217,-5307600.99438563,,14576687.9584369,1803811.42426189,1227152.00134074,90202934.3761348,33885960.1463646,,1810987.24616631,124063908.829362,,22285854.9872909,458042.222284294,,-1081992.90522611,-377119.700567023,94174449.2053295,52564538.1078741,44272832.6694785,53326299.1536549,21666745.8227424,8926117.25929443,65963440.26144524,,,,-377119.700567023,10939064.9870115,1492398.04474735,,10
2010-03-31,2898399.74143892,30870991.02259711,,,5846047.00427362,,4475724.38758694,6343340.10781822,104000570.151672,1492398.04474735,,10159666.9813692,1890684.98180726,3610196.83768958,884.0,5287110.99689953,738727.186479739,456763.601515288,2493987.16236977,8953177.88888579,616688.405351806,-24674397.3027761,-5156735.8230217,-5156735.8230217,-5307600.99438563,,14576687.9584369,1803811.42426189,1227152.00134074,90202934.3761348,33885960.1463646,,1810987.24616631,124063908.829362,,22285854.9872909,458042.222284294,,-1081992.90522611,-377119.700567023,94174449.2053295,52564538.1078741,44272832.6694785,53326299.1536549,21666745.8227424,8926117.25929443,65963440.26144524,,,,-377119.700567023,10939064.9870115,1492398.04474735,,11
2010-04-26,2898399.74143892,30870991.02259711,,,5846047.00427362,,4475724.38758694,6343340.10781822,104000570.151672,1492398.04474735,,10159666.9813692,1890684.98180726,3610196.83768958,884.0,5287110.99689953,738727.186479739,456763.601515288,2493987.16236977,8953177.88888579,616688.405351806,-24674397.3027761,-5156735.8230217,-5156735.8230217,-5307600.99438563,,14576687.9584369,1803811.42426189,1227152.00134074,90202934.3761348,33885960.1463646,,1810987.24616631,124063908.829362,,22285854.9872909,458042.222284294,,-1081992.90522611,-377119.700567023,94174449.2053295,52564538.1078741,44272832.6694785,53326299.1536549,21666745.8227424,8926117.25929443,65963440.26144524,,,,-377119.700567023,10939064.9870115,1492398.04474735,,11
2010-06-30,2898399.74143892,30870991.02259711,,,5846047.00427362,,4475724.38758694,6343340.10781822,104000570.151672,1492398.04474735,,10159666.9813692,1890684.98180726,3610196.83768958,884.0,5287110.99689953,738727.186479739,456763.601515288,2493987.16236977,8953177.88888579,616688.405351806,-24674397.3027761,-5156735.8230217,-5156735.8230217,-5307600.99438563,,14576687.9584369,1803811.42426189,1227152.00134074,90202934.3761348,33885960.1463646,,1810987.24616631,124063908.829362,,22285854.9872909,458042.222284294,,-1081992.90522611,-377119.700567023,94174449.2053295,52564538.1078741,44272832.6694785,53326299.1536549,21666745.8227424,8926117.25929443,65963440.26144524,,,,-377119.700567023,10939064.9870115,1492398.04474735,,11
2010-07-14,2898399.74143892,30870991.02259711,,,5846047.00427362,,4475724.38758694,6343340.10781822,104000570.151672,1492398.04474735,,10159666.9813692,1890684.98180726,3610196.83768958,884.0,5287110.99689953,738727.186479739,456763.601515288,2493987.16236977,8953177.88888579,616688.405351806,-24674397.3027761,-5156735.8230217,-5156735.8230217,-5307600.99438563,,14576687.9584369,1803811.42426189,1227152.00134074,90202934.3761348,33885960.1463646,,1810987.24616631,124063908.829362,,22285854.9872909,458042.222284294,,-1081992.90522611,-377119.700567023,94174449.2053295,52564538.1078741,44272832.6694785,53326299.1536549,21666745.8227424,8926117.25929443,65963440.26144524,,,,-377119.700567023,10939064.9870115,1492398.04474735,,11
2010-09-30,2898399.74143892,30870991.02259711,,,5846047.00427362,,4475724.38758694,6343340.10781822,104000570.151672,1492398.04474735,,10159666.9813692,1890684.98180726,3610196.83768958,884.0,5287110.99689953,738727.186479739,456763.601515288,2493987.16236977,8953177.88888579,616688.405351806,-24674397.3027761,-5156735.8230217,-5156735.8230217,-5307600.99438563,,14576687.9584369,1803811.42426189,1227152.00134074,90202934.3761348,33885960.1463646,,1810987.24616631,124063908.829362,,22285854.9872909,458042.222284294,,-1081992.90522611,-377119.700567023,94174449.2053295,52564538.1078741,44272832.6694785,53326299.1536549,21666745.8227424,8926117.25929443,65963440.26144524,,,,-377119.700567023,10939064.9870115,1492398.04474735,,11
2010-10-29,2898399.74143892,30870991.02259711,,,5846047.00427362,,4475724.38758694,6343340.10781822,104000570.151672,1492398.04474735,,10159666.9813692,1890684.98180726,3610196.83768958,884.0,5287110.99689953,738727.186479739,456763.601515288,2493987.16236977,8953177.88888579,616688.405351806,-24674397.3027761,-5156735.8230217,-5156735.8230217,-5307600.99438563,,14576687.9584369,1803811.42426189,1227152.00134074,90202934.3761348,33885960.1463646,,1810987.24616631,124063908.829362,,22285854.9872909,458042.222284294,,-1081992.90522611,-377119.700567023,94174449.2053295,52564538.1078741,44272832.6694785,53326299.1536549,21666745.8227424,8926117.25929443,65963440.26144524,,,,-377119.700567023,10939064.9870115,1492398.04474735,,11
2010-12-31,2898399.74143892,30870991.02259711,,,5846047.00427362,,4475724.38758694,6343340.10781822,104000570.151672,1492398.04474735,,10159666.9813692,1890684.98180726,3610196.83768958,884.0,5287110.99689953,738727.186479739,456763.601515288,2493987.16236977,8953177.88888579,616688.405351806,-24674397.3027761,-5156735.8230217,-5156735.8230217,-5307600.99438563,,14576687.9584369,1803811.42426189,1227152.00134074,90202934.3761348,33885960.1463646,,1810987.24616631,124063908.829362,,22285854.9872909,458042.222284294,,-1081992.90522611,-377119.700567023,94174449.2053295,52564538.1078741,44272832.6694785,53326299.1536549,21666745.8227424,8926117.25929443,65963440.26144524,,,,-377119.700567023,10939064.9870115,1492398.04474735,,11
2011-03-01,2898399.74143892,27878968.49235446,,,6458089.00116248,,916919.847089332,9464710.93177144,78770742.9625324,2500629.69239024,,6286494.9566306,1890684.98180726,3610196.83768958,874.0,5396995.76142359,738727.186479739,456763.601515288,1767342.22480551,8694448.57819905,-99268.49235446597,14297911.338639,-9780669.45363498,-4691320.03040329,-3039201.86890817,,16214968.4118752,1969032.1067692,1739539.40355897,91227171.2197085,31263364.8394885,,1440205.24903872,99111038.5764106,,18528048.4887776,-376245.739068229,,347583.036752213,1550365.56827327,86037311.2536886,46472367.9424126,39947590.3871948,34600754.354824275,25141202.7094697,11151702.0477511,55232263.02423321,,,,1550365.56827327,5272408.54868998,2500629.69239024,,11
2011-03-31,2898399.74143892,27878968.49235446,,,6458089.00116248,,916919.847089332,9464710.93177144,78770742.9625324,2500629.69239024,,6286494.9566306,-4263565.33821765,3610196.83768958,874.0,5396995.76142359,738727.186479739,456763.601515288,1767342.22480551,8694448.57819905,-99268.49235446597,14297911.338639,-9780669.45363498,-4691320.03040329,-3039201.86890817,,16214968.4118752,1969032.1067692,1739539.40355897,91227171.2197085,31263364.8394885,,1440205.24903872,99111038.5764106,,18528048.4887776,-376245.739068229,,347583.036752213,1550365.56827327,86037311.2536886,46472367.9424126,39947590.3871948,34600754.354824275,25141202.7094697,11151702.0477511,55232263.02423321,,,,1550365.56827327,5272408.54868998,2500629.69239024,,12
2011-05-04,2898399.74143892,27878968.49235446,,,6458089.00116248,,916919.847089332,9464710.93177144,78770742.9625324,2500629.69239024,,6286494.9566306,-4263565.33821765,3610196.83768958,874.0,5396995.76142359,738727.186479739,456763.601515288,1767342.22480551,8694448.57819905,-99268.49235446597,14297911.338639,-9780669.45363498,-4691320.03040329,-3039201.86890817,,16214968.4118752,1969032.1067692,1739539.40355897,91227171.2197085,31263364.8394885,,1440205.24903872,99111038.5764106,,18528048.4887776,-376245.739068229,,347583.036752213,1550365.56827327,86037311.2536886,46472367.9424126,39947590.3871948,34600754.354824275,25141202.7094697,11151702.0477511,55232263.02423321,,,,1550365.56827327,5272408.54868998,2500629.69239024,,12
2011-06-30,2898399.74143892,27878968.49235446,,,6458089.00116248,,916919.847089332,9464710.93177144,78770742.9625324,2500629.69239024,,6286494.9566306,-4263565.33821765,3610196.83768958,874.0,5396995.76142359,738727.186479739,456763.601515288,1767342.22480551,8694448.57819905,-99268.49235446597,14297911.338639,-9780669.45363498,-4691320.03040329,-3039201.86890817,,16214968.4118752,1969032.1067692,1739539.40355897,91227171.2197085,31263364.8394885,,1440205.24903872,99111038.5764106,,18528048.4887776,-376245.739068229,,347583.036752213,1550365.56827327,86037311.2536886,46472367.9424126,39947590.3871948,34600754.354824275,25141202.7094697,11151702.0477511,55232263.02423321,,,,1550365.56827327,5272408.54868998,2500629.69239024,,12
2011-07-15,2898399.74143892,27878968.49235446,,,6458089.00116248,,916919.847089332,9464710.93177144,78770742.9625324,2500629.69239024,,6286494.9566306,-4263565.33821765,3610196.83768958,874.0,5396995.76142359,738727.186479739,456763.601515288,1767342.22480551,8694448.57819905,-99268.49235446597,14297911.338639,-9780669.45363498,-4691320.03040329,-3039201.86890817,,16214968.4118752,1969032.1067692,1739539.40355897,91227171.2197085,31263364.8394885,,1440205.24903872,99111038.5764106,,18528048.4887776,-376245.739068229,,347583.036752213,1550365.56827327,86037311.2536886,46472367.9424126,39947590.3871948,34600754.354824275,25141202.7094697,11151702.0477511,55232263.02423321,,,,1550365.56827327,5272408.54868998,2500629.69239024,,12
2011-09-30,2898399.74143892,27878968.49235446,,,6458089.00116248,,916919.847089332,9464710.93177144,78770742.9625324,2500629.69239024,,6286494.9566306,-4263565.33821765,3610196.83768958,874.0,5396995.76142359,738727.186479739,456763.601515288,1767342.22480551,8694448.57819905,-99268.49235446597,14297911.338639,-9780669.45363498,-4691320.03040329,-3039201.86890817,,16214968.4118752,1969032.1067692,1739539.40355897,91227171.2197085,31263364.8394885,,1440205.24903872,99111038.5764106,,18528048.4887776,-376245.739068229,,347583.036752213,1550365.56827327,86037311.2536886,46472367.9424126,39947590.3871948,34600754.354824275,25141202.7094697,11151702.0477511,55232263.02423321,,,,1550365.56827327,5272408.54868998,2500629.69239024,,12
2011-10-25,2898399.74143892,27878968.49235446,,,6458089.00116248,,916919.847089332,9464710.93177144,78770742.9625324,2500629.69239024,,6286494.9566306,-4263565.33821765,3610196.83768958,874.0,5396995.76142359,738727.186479739,456763.601515288,1767342.22480551,8694448.57819905,-99268.49235446597,14297911.338639,-9780669.45363498,-4691320.03040329,-3039201.86890817,,16214968.4118752,1969032.1067692,1739539.40355897,91227171.2197085,31263364.8394885,,1440205.24903872,99111038.5764106,,18528048.4887776,-376245.739068229,,347583.036752213,1550365.56827327,86037311.2536886,46472367.9424126,39947590.3871948,34600754.354824275,25141202.7094697,11151702.0477511,55232263.02423321,,,,1550365.56827327,5272408.54868998,2500629.69239024,,12
2011-12-31,2898399.74143892,27878968.49235446,,,6458089.00116248,,916919.847089332,9464710.93177144,78770742.9625324,2500629.69239024,,6286494.9566306,-4263565.33821765,3610196.83768958,874.0,5396995.76142359,738727.186479739,456763.601515288,1767342.22480551,8694448.57819905,-99268.49235446597,14297911.338639,-9780669.45363498,-4691320.03040329,-3039201.86890817,,16214968.4118752,1969032.1067692,1739539.40355897,91227171.2197085,31263364.8394885,,1440205.24903872,99111038.5764106,,18528048.4887776,-376245.739068229,,347583.036752213,1550365.56827327,86037311.2536886,46472367.9424126,39947590.3871948,34600754.354824275,25141202.7094697,11151702.0477511,55232263.02423321,,,,1550365.56827327,5272408.54868998,2500629.69239024,,12
2012-03-02,2898399.74143892,16623022.44403151,,,4143769.80893754,,2003147.61462296,2226602.21696333,78580880.9605389,2290339.58157902,,4780676.17236273,-4263565.33821765,3610196.83768958,799.0,5270575.38836784,738727.186479739,456763.601515288,2076230.63387439,8020908.09111763,-618401.967246438,14297911.338639,-10896005.2832544,-2108753.51200674,-959611.817997038,,19595127.5312872,346910.7000784,956901.578152676,60043401.1643776,19960355.7144516,,1622499.10130956,97769752.8848108,,16766665.1557827,451582.031998606,,729334.887772583,1561378.51999187,72797976.7850402,53178644.0082465,41156300.4282935,33583516.4769593,13099149.9070821,9150423.91039229,55048989.870495625,,,,1561378.51999187,5272408.54868998,2290339.58157902,,12
2012-03-31,2898399.74143892,16623022.44403151,,,4143769.80893754,,2003147.61462296,2226602.21696333,78580880.9605389,2290339.58157902,,4780676.17236273,-6849460.21524881,3092632.15581353,799.0,5270575.38836784,738727.186479739,456763.601515288,2076230.63387439,8020908.09111763,-618401.967246438,14297911.338639,-10896005.2832544,-2108753.51200674,-959611.817997038,,19595127.5312872,346910.7000784,956901.578152676,60043401.1643776,19960355.7144516,,1622499.10130956,97769752.8848108,,16766665.1557827,451582.031998606,,729334.887772583,1561378.51999187,72797976.7850402,53178644.0082465,41156300.4282935,33583516.4769593,13099149.9070821,9150423.91039229,55048989.870495625,,,,1561378.51999187,5272408.54868998,2290339.58157902,,13
2012-05-04,2898399.74143892,16623022.44403151,,,4143769.80893754,,2003147.61462296,2226602.21696333,78580880.9605389,2290339.58157902,,4780676.17236273,-6849460.21524881,3092632.15581353,799.0,5270575.38836784,738727.186479739,456763.601515288,2076230.63387439,8020908.09111763,-618401.967246438,14297911.338639,-10896005.2832544,-2108753.51200674,-959611.817997038,,19595127.5312872,346910.7000784,956901.578152676,60043401.1643776,19960355.7144516,,1622499.10130956,97769752.8848108,,16766665.1557827,451582.031998606,,729334.887772583,1561378.51999187,72797976.7850402,53178644.0082465,41156300.4282935,33583516.4769593,13099149.9070821,9150423.91039229,55048989.870495625,,,,1561378.51999187,5272408.54868998,2290339.58157902,,13
2012-06-30,2898399.74143892,16623022.44403151,,,4143769.80893754,,2003147.61462296,2226602.21696333,78580880.9605389,2290339.58157902,,4780676.17236273,-6849460.21524881,3092632.15581353,799.0,5270575.38836784,738727.186479739,456763.601515288,2076230.63387439,8020908.09111763,-618401.967246438,14297911.338639,-10896005.2832544,-2108753.51200674,-959611.817997038,,19595127.5312872,346910.7000784,956901.578152676,60043401.1643776,19960355.7144516,,1622499.10130956,97769752.8848108,,16766665.1557827,451582.031998606,,729334.887772583,1561378.51999187,72797976.7850402,53178644.0082465,41156300.4282935,33583516.4769593,13099149.9070821,9150423.91039229,55048989.870495625,,,,1561378.51999187,5272408.54868998,2290339.58157902,,13
2012-07-16,2898399.74143892,16623022.44403151,,,4143769.80893754,,2003147.61462296,2226602.21696333,78580880.9605389,2290339.58157902,,4780676.17236273,-6849460.21524881,3092632.15581353,799.0,5270575.38836784,738727.186479739,456763.601515288,2076230.63387439,8020908.09111763,-618401.967246438,14297911.338639,-10896005.2832544,-2108753.51200674,-959611.817997038,,19595127.5312872,346910.7000784,956901.578152676,60043401.1643776,19960355.7144516,,1622499.10130956,97769752.8848108,,16766665.1557827,451582.031998606,,729334.887772583,1561378.51999187,72797976.7850402,53178644.0082465,41156300.4282935,33583516.4769593,13099149.9070821,9150423.91039229,55048989.870495625,,,,1561378.51999187,5272408.54868998,2290339.58157902,,13
2012-09-30,2898399.74143892,16623022.44403151,,,4143769.80893754,,2003147.61462296,2226602.21696333,78580880.9605389,2290339.58157902,,4780676.17236273,-6849460.21524881,3092632.15581353,799.0,5270575.38836784,738727.186479739,456763.601515288,2076230.63387439,8020908.09111763,-618401.967246438,14297911.338639,-10896005.2832544,-2108753.51200674,-959611.817997038,,19595127.5312872,346910.7000784,956901.578152676,60043401.1643776,19960355.7144516,,1622499.10130956,97769752.8848108,,16766665.1557827,451582.031998606,,729334.887772583,1561378.51999187,72797976.7850402,53178644.0082465,41156300.4282935,33583516.4769593,13099149.9070821,9150423.91039229,55048989.870495625,,,,1561378.51999187,5272408.54868998,2290339.58157902,,13
2012-10-25,2898399.74143892,16623022.44403151,,,4143769.80893754,,2003147.61462296,2226602.21696333,78580880.9605389,2290339.58157902,,4780676.17236273,-6849460.21524881,3092632.15581353,799.0,5270575.38836784,738727.186479739,456763.601515288,2076230.63387439,8020908.09111763,-618401.967246438,14297911.338639,-10896005.2832544,-2108753.51200674,-959611.817997038,,19595127.5312872,346910.7000784,956901.578152676,60043401.1643776,19960355.7144516,,1622499.10130956,97769752.8848108,,16766665.1557827,451582.031998606,,729334.887772583,1561378.51999187,72797976.7850402,53178644.0082465,41156300.4282935,33583516.4769593,13099149.9070821,9150423.91039229,55048989.870495625,,,,1561378.51999187,5272408.54868998,2290339.58157902,,13
2012-12-31,2898399.74143892,16623022.44403151,,,4143769.80893754,,2003147.61462296,2226602.21696333,78580880.9605389,2290339.58157902,,4780676.17236273,-6849460.21524881,3092632.15581353,799.0,5270575.38836784,738727.186479739,456763.601515288,2076230.63387439,8020908.09111763,-618401.967246438,14297911.338639,-10896005.2832544,-2108753.51200674,-959611.817997038,,19595127.5312872,346910.7000784,956901.578152676,60043401.1643776,19960355.7144516,,1622499.10130956,97769752.8848108,,16766665.1557827,451582.031998606,,729334.887772583,1561378.51999187,72797976.7850402,53178644.0082465,41156300.4282935,33583516.4769593,13099149.9070821,9150423.91039229,55048989.870495625,,,,1561378.51999187,5272408.54868998,2290339.58157902,,13
2013-03-31,2898399.74143892,16623022.44403151,,,4143769.80893754,,2003147.61462296,2226602.21696333,78580880.9605389,2290339.58157902,,4780676.17236273,1044418.84233021,6952962.45780297,799.0,5270575.38836784,738727.186479739,456763.601515288,2076230.63387439,8020908.09111763,-618401.967246438,14297911.338639,-10896005.2832544,-2108753.51200674,-959611.817997038,,19595127.5312872,346910.7000784,956901.578152676,60043401.1643776,19960355.7144516,,1622499.10130956,97769752.8848108,,16766665.1557827,451582.031998606,,729334.887772583,1561378.51999187,72797976.7850402,53178644.0082465,41156300.4282935,33583516.4769593,13099149.9070821,9150423.91039229,55048989.870495625,,,,1561378.51999187,5272408.54868998,2290339.58157902,,14
2013-04-25,2898399.74143892,11570598.78281476,,,3285824.6930108,,1901935.81694519,3007815.95266673,73831773.5204506,2290339.58157902,,4852653.92546087,1044418.84233021,6952962.45780297,531.0,5344377.15046318,738727.186479739,456763.601515288,2526697.96571569,7797974.72532546,-601657.880158803,14297911.338639,-10917524.4360324,-6555457.46006832,-6272998.30732773,94.6896254577909,18384180.161881,389553.1191333518,468618.956390607,46747794.6403841,16661965.2540547,,1921536.56941495,92619331.4867818,,16656567.9454036,303006.801464931,,128115.063244391,518615.078632321,55787434.4243375,49536593.4893669,25986810.1898871,33592754.35478409,3727646.48539685,6843692.67996184,52059787.9389407,,,,518615.078632321,1220170.51364909,2290339.58157902,,14
2013-05-02,2898399.74143892,11570598.78281476,,,3285824.6930108,,1901935.81694519,3007815.95266673,73831773.5204506,2290339.58157902,,4852653.92546087,1044418.84233021,6952962.45780297,531.0,5344377.15046318,738727.186479739,456763.601515288,2526697.96571569,7797974.72532546,-601657.880158803,14297911.338639,-10917524.4360324,-6555457.46006832,-6272998.30732773,94.6896254577909,18384180.161881,389553.1191333518,468618.956390607,46747794.6403841,16661965.2540547,,1921536.56941495,92619331.4867818,,16656567.9454036,303006.801464931,,128115.063244391,518615.078632321,55787434.4243375,49536593.4893669,25986810.1898871,33592754.35478409,3727646.48539685,6843692.67996184,52059787.9389407,,,,518615.078632321,1220170.51364909,2290339.58157902,,14
2013-06-30,2898399.74143892,11570598.78281476,,,3285824.6930108,,1901935.81694519,3007815.95266673,73831773.5204506,2290339.58157902,,4852653.92546087,1044418.84233021,6952962.45780297,531.0,5344377.15046318,738727.186479739,456763.601515288,2526697.96571569,7797974.72532546,-601657.880158803,14297911.338639,-10917524.4360324,-6555457.46006832,-6272998.30732773,94.6896254577909,18384180.161881,389553.1191333518,468618.956390607,46747794.6403841,16661965.2540547,,1921536.56941495,92619331.4867818,,16656567.9454036,303006.801464931,,128115.063244391,518615.078632321,55787434.4243375,49536593.4893669,25986810.1898871,33592754.35478409,3727646.48539685,6843692.67996184,52059787.9389407,,,,518615.078632321,1220170.51364909,2290339.58157902,,14
2013-07-17,2898399.74143892,11570598.78281476,,,3285824.6930108,,1901935.81694519,3007815.95266673,73831773.5204506,2290339.58157902,,4852653.92546087,1044418.84233021,6952962.45780297,531.0,5344377.15046318,738727.186479739,456763.601515288,2526697.96571569,7797974.72532546,-601657.880158803,14297911.338639,-10917524.4360324,-6555457.46006832,-6272998.30732773,94.6896254577909,18384180.161881,389553.1191333518,468618.956390607,46747794.6403841,16661965.2540547,,1921536.56941495,92619331.4867818,,16656567.9454036,303006.801464931,,128115.063244391,518615.078632321,55787434.4243375,49536593.4893669,25986810.1898871,33592754.35478409,3727646.48539685,6843692.67996184,52059787.9389407,,,,518615.078632321,1220170.51364909,2290339.58157902,,14
2013-09-30,2898399.74143892,11570598.78281476,,,3285824.6930108,,1901935.81694519,3007815.95266673,73831773.5204506,2290339.58157902,,4852653.92546087,1044418.84233021,6952962.45780297,531.0,5344377.15046318,738727.186479739,456763.601515288,2526697.96571569,7797974.72532546,-601657.880158803,14297911.338639,-10917524.4360324,-6555457.46006832,-6272998.30732773,94.6896254577909,18384180.161881,389553.1191333518,468618.956390607,46747794.6403841,16661965.2540547,,1921536.56941495,92619331.4867818,,16656567.9454036,303006.801464931,,128115.063244391,518615.078632321,55787434.4243375,49536593.4893669,25986810.1898871,33592754.35478409,3727646.48539685,6843692.67996184,52059787.9389407,,,,518615.078632321,1220170.51364909,2290339.58157902,,14
2013-11-07,2898399.74143892,11570598.78281476,,,3285824.6930108,,1901935.81694519,3007815.95266673,73831773.5204506,2290339.58157902,,4852653.92546087,1044418.84233021,6952962.45780297,531.0,5344377.15046318,738727.186479739,456763.601515288,2526697.96571569,7797974.72532546,-601657.880158803,14297911.338639,-10917524.4360324,-6555457.46006832,-6272998.30732773,94.6896254577909,18384180.161881,389553.1191333518,468618.956390607,46747794.6403841,16661965.2540547,,1921536.56941495,92619331.4867818,,16656567.9454036,303006.801464931,,128115.063244391,518615.078632321,55787434.4243375,49536593.4893669,25986810.1898871,33592754.35478409,3727646.48539685,6843692.67996184,52059787.9389407,,,,518615.078632321,1220170.51364909,2290339.58157902,,14
2013-12-31,2898399.74143892,11570598.78281476,,,3285824.6930108,,1901935.81694519,3007815.95266673,73831773.5204506,2290339.58157902,,4852653.92546087,1044418.84233021,6952962.45780297,531.0,5344377.15046318,738727.186479739,456763.601515288,2526697.96571569,7797974.72532546,-601657.880158803,14297911.338639,-10917524.4360324,-6555457.46006832,-6272998.30732773,94.6896254577909,18384180.161881,389553.1191333518,468618.956390607,46747794.6403841,16661965.2540547,,1921536.56941495,92619331.4867818,,16656567.9454036,303006.801464931,,128115.063244391,518615.078632321,55787434.4243375,49536593.4893669,25986810.1898871,33592754.35478409,3727646.48539685,6843692.67996184,52059787.9389407,,,,518615.078632321,1220170.51364909,2290339.58157902,,14
2014-03-31,2898399.74143892,11570598.78281476,,,3285824.6930108,,1901935.81694519,3007815.95266673,73831773.5204506,2290339.58157902,,4852653.92546087,-2307982.10139468,6952962.45780297,531.0,5344377.15046318,738727.186479739,456763.601515288,2526697.96571569,7797974.72532546,-601657.880158803,14297911.338639,-10917524.4360324,-6555457.46006832,-6272998.30732773,94.6896254577909,18384180.161881,389553.1191333518,468618.956390607,46747794.6403841,16661965.2540547,,1921536.56941495,92619331.4867818,,16656567.9454036,303006.801464931,,128115.063244391,518615.078632321,55787434.4243375,49536593.4893669,25986810.1898871,33592754.35478409,3727646.48539685,6843692.67996184,52059787.9389407,,,,518615.078632321,1220170.51364909,2290339.58157902,,15
2014-04-03,2898399.74143892,10171431.93406559,,,2221813.16047043,,1527502.41272702,-1013079.98819271,66925681.7950192,2290339.58157902,,4852653.92546087,-2307982.10139468,6952962.45780297,493.0,5509912.71458977,738727.186479739,456763.601515288,2692506.86376559,6854711.65037985,628905.342799882,14297911.338639,-6872540.95732285,-4240184.54487548,-4379722.33131884,94.6896254577909,11653610.3717744,470599.864837572,367565.238398558,45131887.6955583,14424566.1860891,,2023720.17648795,82110151.8107104,,15868083.1792689,-438600.950797769,,-17735.468485404,-140194.655646527,44578240.7957494,44153434.098218,17762681.6381065,37479267.64025048,-3096950.61599888,5875976.53766682,47673596.157969184,,,,-140194.655646527,2489721.95690338,2290339.58157902,,15
2014-04-28,2898399.74143892,10171431.93406559,,,2221813.16047043,,1527502.41272702,-1013079.98819271,66925681.7950192,2290339.58157902,,4852653.92546087,-2307982.10139468,6952962.45780297,493.0,5509912.71458977,738727.186479739,456763.601515288,2692506.86376559,6854711.65037985,628905.342799882,14297911.338639,-6872540.95732285,-4240184.54487548,-4379722.33131884,94.6896254577909,11653610.3717744,470599.864837572,367565.238398558,45131887.6955583,14424566.1860891,,2023720.17648795,82110151.8107104,,15868083.1792689,-438600.950797769,,-17735.468485404,-140194.655646527,44578240.7957494,44153434.098218,17762681.6381065,37479267.64025048,-3096950.61599888,5875976.53766682,47673596.157969184,,,,-140194.655646527,2489721.95690338,2290339.58157902,,15
2014-06-30,2898399.74143892,10171431.93406559,,,2221813.16047043,,1527502.41272702,-1013079.98819271,66925681.7950192,2290339.58157902,,4852653.92546087,-2307982.10139468,6952962.45780297,493.0,5509912.71458977,738727.186479739,456763.601515288,2692506.86376559,6854711.65037985,628905.342799882,14297911.338639,-6872540.95732285,-4240184.54487548,-4379722.33131884,94.6896254577909,11653610.3717744,470599.864837572,367565.238398558,45131887.6955583,14424566.1860891,,2023720.17648795,82110151.8107104,,15868083.1792689,-438600.950797769,,-17735.468485404,-140194.655646527,44578240.7957494,44153434.098218,17762681.6381065,37479267.64025048,-3096950.61599888,5875976.53766682,47673596.157969184,,,,-140194.655646527,2489721.95690338,2290339.58157902,,15
2014-07-17,2898399.74143892,10171431.93406559,,,2221813.16047043,,1527502.41272702,-1013079.98819271,66925681.7950192,2290339.58157902,,4852653.92546087,-2307982.10139468,6952962.45780297,493.0,5509912.71458977,738727.186479739,456763.601515288,2692506.86376559,6854711.65037985,628905.342799882,14297911.338639,-6872540.95732285,-4240184.54487548,-4379722.33131884,94.6896254577909,11653610.3717744,470599.864837572,367565.238398558,45131887.6955583,14424566.1860891,,2023720.17648795,82110151.8107104,,15868083.1792689,-438600.950797769,,-17735.468485404,-140194.655646527,44578240.7957494,44153434.098218,17762681.6381065,37479267.64025048,-3096950.61599888,5875976.53766682,47673596.157969184,,,,-140194.655646527,2489721.95690338,2290339.58157902,,15
2014-09-30,2898399.74143892,10171431.93406559,,,2221813.16047043,,1527502.41272702,-1013079.98819271,66925681.7950192,2290339.58157902,,4852653.92546087,-2307982.10139468,6952962.45780297,493.0,5509912.71458977,738727.186479739,456763.601515288,2692506.86376559,6854711.65037985,628905.342799882,14297911.338639,-6872540.95732285,-4240184.54487548,-4379722.33131884,94.6896254577909,11653610.3717744,470599.864837572,367565.238398558,45131887.6955583,14424566.1860891,,2023720.17648795,82110151.8107104,,15868083.1792689,-438600.950797769,,-17735.468485404,-140194.655646527,44578240.7957494,44153434.098218,17762681.6381065,37479267.64025048,-3096950.61599888,5875976.53766682,47673596.157969184,,,,-140194.655646527,2489721.95690338,2290339.58157902,,15
2014-10-27,2898399.74143892,10171431.93406559,,,2221813.16047043,,1527502.41272702,-1013079.98819271,66925681.7950192,2290339.58157902,,4852653.92546087,-2307982.10139468,6952962.45780297,493.0,5509912.71458977,738727.186479739,456763.601515288,2692506.86376559,6854711.65037985,628905.342799882,14297911.338639,-6872540.95732285,-4240184.54487548,-4379722.33131884,94.6896254577909,11653610.3717744,470599.864837572,367565.238398558,45131887.6955583,14424566.1860891,,2023720.17648795,82110151.8107104,,15868083.1792689,-438600.950797769,,-17735.468485404,-140194.655646527,44578240.7957494,44153434.098218,17762681.6381065,37479267.64025048,-3096950.61599888,5875976.53766682,47673596.157969184,,,,-140194.655646527,2489721.95690338,2290339.58157902,,15
2014-12-31,2898399.74143892,10171431.93406559,,,2221813.16047043,,1527502.41272702,-1013079.98819271,66925681.7950192,2290339.58157902,,4852653.92546087,-2307982.10139468,6952962.45780297,493.0,5509912.71458977,738727.186479739,456763.601515288,2692506.86376559,6854711.65037985,628905.342799882,14297911.338639,-6872540.95732285,-4240184.54487548,-4379722.33131884,94.6896254577909,11653610.3717744,470599.864837572,367565.238398558,45131887.6955583,14424566.1860891,,2023720.17648795,82110151.8107104,,15868083.1792689,-438600.950797769,,-17735.468485404,-140194.655646527,44578240.7957494,44153434.098218,17762681.6381065,37479267.64025048,-3096950.61599888,5875976.53766682,47673596.157969184,,,,-140194.655646527,2489721.95690338,2290339.58157902,,15
2015-02-27,2898399.74143892,8756432.08004618,,,873155.538451671,,3005467.26188185,-1565090.11609262,63793814.4904111,2290339.58157902,,4852653.92546087,-2307982.10139468,6952962.45780297,423.0,4849061.04547495,738727.186479739,456763.601515288,2570948.82175614,5557635.002244881,-996303.418638961,14297911.338639,-4858945.82515554,-3576230.91527163,-2831330.39317555,94.6896254577909,9672998.27592842,224549.245077288,251073.403886858,41682221.3302546,11186605.164518,,1224806.57558848,79278321.8600475,,13317598.9173241,-812199.397088064,,413348.536976461,711292.271182092,39047515.6795587,42793517.6858444,17482221.3430826,36563223.42633566,-6561516.75197229,5571061.82797768,45572623.493040845,,,,711292.271182092,1721352.00820986,2290339.58157902,,15
2015-03-31,2898399.74143892,8756432.08004618,,,873155.538451671,,3005467.26188185,-1565090.11609262,63793814.4904111,2290339.58157902,,4852653.92546087,-2307982.10139468,6952962.45780297,423.0,4849061.04547495,738727.186479739,456763.601515288,2570948.82175614,5557635.002244881,-996303.418638961,14297911.338639,-4858945.82515554,-3576230.91527163,-2831330.39317555,94.6896254577909,9672998.27592842,224549.245077288,251073.403886858,41682221.3302546,11186605.164518,,1224806.57558848,79278321.8600475,,13317598.9173241,-812199.397088064,,413348.536976461,711292.271182092,39047515.6795587,42793517.6858444,17482221.3430826,36563223.42633566,-6561516.75197229,5571061.82797768,45572623.493040845,,,,711292.271182092,1721352.00820986,2290339.58157902,,16
2015-04-28,2898399.74143892,8756432.08004618,,,873155.538451671,,3005467.26188185,-1565090.11609262,63793814.4904111,2290339.58157902,,4852653.92546087,-2307982.10139468,6952962.45780297,423.0,4849061.04547495,738727.186479739,456763.601515288,2570948.82175614,5557635.002244881,-996303.418638961,14297911.338639,-4858945.82515554,-3576230.91527163,-2831330.39317555,94.6896254577909,9672998.27592842,224549.245077288,251073.403886858,41682221.3302546,11186605.164518,,1224806.57558848,79278321.8600475,,13317598.9173241,-812199.397088064,,413348.536976461,711292.271182092,39047515.6795587,42793517.6858444,17482221.3430826,36563223.42633566,-6561516.75197229,5571061.82797768,45572623.493040845,,,,711292.271182092,1721352.00820986,2290339.58157902,,16
2015-06-30,2898399.74143892,8756432.08004618,,,873155.538451671,,3005467.26188185,-1565090.11609262,63793814.4904111,2290339.58157902,,4852653.92546087,-2307982.10139468,6952962.45780297,423.0,4849061.04547495,738727.186479739,456763.601515288,2570948.82175614,5557635.002244881,-996303.418638961,14297911.338639,-4858945.82515554,-3576230.91527163,-2831330.39317555,94.6896254577909,9672998.27592842,224549.245077288,251073.403886858,41682221.3302546,11186605.164518,,1224806.57558848,79278321.8600475,,13317598.9173241,-812199.397088064,,413348.536976461,711292.271182092,39047515.6795587,42793517.6858444,17482221.3430826,36563223.42633566,-6561516.75197229,5571061.82797768,45572623.493040845,,,,711292.271182092,1721352.00820986,2290339.58157902,,16
2015-08-31,2898399.74143892,8756432.08004618,,,873155.538451671,,3005467.26188185,-1565090.11609262,63793814.4904111,2290339.58157902,,4852653.92546087,-2307982.10139468,6952962.45780297,423.0,4849061.04547495,738727.186479739,456763.601515288,2570948.82175614,5557635.002244881,-996303.418638961,14297911.338639,-4858945.82515554,-3576230.91527163,-2831330.39317555,94.6896254577909,9672998.27592842,224549.245077288,251073.403886858,41682221.3302546,11186605.164518,,1224806.57558848,79278321.8600475,,13317598.9173241,-812199.397088064,,413348.536976461,711292.271182092,39047515.6795587,42793517.6858444,17482221.3430826,36563223.42633566,-6561516.75197229,5571061.82797768,45572623.493040845,,,,711292.271182092,1721352.00820986,2290339.58157902,,16
2015-09-30,2898399.74143892,8756432.08004618,,,873155.538451671,,3005467.26188185,-1565090.11609262,63793814.4904111,2290339.58157902,,4852653.92546087,-2307982.10139468,6952962.45780297,423.0,4849061.04547495,738727.186479739,456763.601515288,2570948.82175614,5557635.002244881,-996303.418638961,14297911.338639,-4858945.82515554,-3576230.91527163,-2831330.39317555,94.6896254577909,9672998.27592842,224549.245077288,251073.403886858,41682221.3302546,11186605.164518,,1224806.57558848,79278321.8600475,,13317598.9173241,-812199.397088064,,413348.536976461,711292.271182092,39047515.6795587,42793517.6858444,17482221.3430826,36563223.42633566,-6561516.75197229,5571061.82797768,45572623.493040845,,,,711292.271182092,1721352.00820986,2290339.58157902,,16
