Date,HIGH,LOW,OPEN,CLOSE,COUNT,VOLUME,SHROUT
1983-01-04,,,,1.124996,,,2520000.0
1983-01-05,,,,1.141664,,,2520000.0
1983-01-10,,,,1.141664,,,2520000.0
1983-01-11,,,,1.124996,,,2520000.0
1983-01-12,,,,1.066664,,,2520000.0
1983-01-14,,,,1.083332,,,2520000.0
1983-01-24,,,,1.083332,,,2520000.0
1983-01-26,,,,1.066664,,,2520000.0
1983-02-03,,,,1.083332,,,2520000.0
1983-02-09,,,,1.083332,,,2520000.0
1983-02-10,,,,1.058332,,,2520000.0
1983-02-18,,,,1.041664,,,2520000.0
1983-02-23,,,,1.083332,,,2520000.0
1983-03-01,,,,1.099996,,,2520000.0
1983-03-04,,,,1.083332,,,2520000.0
1983-03-07,,,,1.124996,,,2520000.0
1983-03-08,,,,1.141664,,,2520000.0
1983-03-11,,,,1.183332,,,2520000.0
1983-03-23,,,,1.316664,,,2520000.0
1983-03-24,,,,1.333332,,,2520000.0
1983-03-31,,,,1.399996,,,2520000.0
1983-04-06,,,,1.374996,,,2520000.0
1983-04-07,,,,1.399996,,,2520000.0
1983-04-14,,,,1.458332,,,2520000.0
1983-04-15,,,,1.483332,,,2520000.0
1983-04-18,,,,1.499996,,,2520000.0
1983-04-20,,,,1.524996,,,2520000.0
1983-04-22,,,,1.566664,,,2520000.0
1983-04-29,,,,1.583332,,,2520000.0
1983-05-09,,,,1.608332,,,2520000.0
1983-05-12,,,,1.583332,,,2520000.0
1983-05-18,,,,1.583332,,,2520000.0
1983-05-19,,,,1.566664,,,2520000.0
1983-05-20,,,,1.541664,,,2520000.0
1983-05-24,,,,1.524996,,,2520000.0
1983-05-27,,,,1.791664,,,2520000.0
1983-06-01,,,,1.749996,,,2520000.0
1983-06-02,,,,1.666664,,,2520000.0
1983-06-03,,,,1.624996,,,2520000.0
1983-06-20,,,,1.624996,,,2520000.0
1983-06-22,,,,1.624996,,,2520000.0
1983-06-23,,,,1.666664,,,2520000.0
1983-06-30,,,,1.666664,,,2520000.0
1983-07-04,,,,1.749996,,,2520000.0
1983-07-12,,,,1.791664,,,2520000.0
1983-08-08,,,,1.816664,,,2520000.0
1983-08-09,,,,1.816664,,,2520000.0
1983-08-10,,,,1.858332,,,2520000.0
1983-08-11,,,,1.899996,,,2520000.0
1983-08-12,,,,1.916664,,,2520000.0
1983-08-22,,,,1.916664,,,2520000.0
1983-09-05,,,,1.941664,,,2520000.0
1983-09-19,,,,1.983332,,,2520000.0
1983-09-20,,,,1.999996,,,2520000.0
1983-09-22,,,,2.024996,,,2520000.0
1983-09-27,,,,2.149996,,,2520000.0
1983-09-28,,,,2.066664,,,2520000.0
1983-09-30,,,,2.041664,,,2520000.0
1983-10-03,,,,1.958332,,,2520000.0
1983-10-10,,,,1.999996,,,2520000.0
1983-10-11,,,,1.974996,,,2520000.0
1983-10-13,,,,1.974996,,,2520000.0
1983-10-18,,,,1.974996,,,2520000.0
1983-10-26,,,,1.974996,,,2520000.0
1983-11-08,,,,1.958332,,,2520000.0
1983-11-10,,,,1.958332,,,2520000.0
1983-11-15,,,,1.958332,,,2520000.0
1983-11-22,,,,1.933332,,,2520000.0
1983-12-09,,,,1.916664,,,2520000.0
1983-12-12,,,,1.891664,,,2520000.0
1983-12-14,,,,1.916664,,,2520000.0
1984-01-03,,,,1.916664,,,2521000.0
1984-01-16,,,,1.974996,,,2521000.0
1984-02-13,,,,1.958332,,,2521000.0
1984-02-23,,,,1.941664,,,2521000.0
1984-03-01,,,,1.958332,,,2521000.0
1984-03-09,,,,1.941664,,,2521000.0
1984-03-19,,,,1.958332,,,2521000.0
1984-03-23,,,,2.041664,,,2521000.0
1984-03-29,,,,2.166664,,,2521000.0
1984-03-30,,,,2.166664,,,2521000.0
1984-04-04,,,,2.249996,,,2521000.0
1984-04-16,,,,2.258332,,,2521000.0
1984-04-17,,,,2.249996,,,2521000.0
1984-04-19,,,,2.291664,,,2521000.0
1984-04-24,,,,2.291664,,,2521000.0
1984-04-25,,,,2.291664,,,2521000.0
1984-05-01,,,,2.208332,,,2521000.0
1984-05-02,,,,2.416664,,,2521000.0
1984-05-03,,,,2.583332,,,2521000.0
1984-05-04,,,,2.608332,,,2521000.0
1984-05-08,,,,2.833332,,,2521000.0
1984-05-09,,,,2.916664,,,2521000.0
1984-05-10,,,,2.833332,,,2521000.0
1984-05-14,,,,2.749996,,,2521000.0
1984-05-16,,,,2.833332,,,2521000.0
1984-05-17,,,,2.874996,,,2521000.0
1984-05-22,,,,2.833332,,,2521000.0
1984-05-23,,,,2.874996,,,2521000.0
1984-05-29,,,,2.833332,,,2521000.0
1984-05-30,,,,2.708332,,,2521000.0
1984-05-31,,,,2.666664,,,2521000.0
1984-06-01,,,,2.649996,,,2521000.0
1984-06-04,,,,0.6625,,,2521000.0
1984-06-06,,,,0.7,,,2521000.0
1984-06-07,,,,0.7125,,,2521000.0
1984-06-08,,,,0.7,,,2521000.0
1984-06-11,,,,0.7125,,,2521000.0
1984-06-13,,,,0.825,,,2521000.0
1984-06-19,,,,0.825,,,2521000.0
1984-06-20,,,,0.8175,,,2521000.0
1984-06-21,,,,0.8125,,,2521000.0
1984-06-22,,,,0.8,,,2521000.0
1984-06-25,,,,0.7175,,,2521000.0
1984-06-26,,,,0.7,,,2521000.0
1984-06-27,,,,0.725,,,2521000.0
1984-06-28,,,,0.7875,,,2521000.0
1984-06-29,,,,0.775,,,2521000.0
1984-07-02,,,,0.7625,,,2521000.0
1984-07-05,,,,0.75,,,2521000.0
1984-07-06,,,,0.725,,,2521000.0
1984-07-10,,,,0.7125,,,2521000.0
1984-07-11,,,,0.6875,,,2521000.0
1984-07-12,,,,0.65,,,2521000.0
1984-07-17,,,,0.6625,,,2521000.0
1984-07-19,,,,0.6375,,,2521000.0
1984-07-26,,,,0.625,,,2521000.0
1984-07-30,,,,0.6375,,,2521000.0
1984-07-31,,,,0.725,,,2521000.0
1984-08-03,,,,0.7375,,,2521000.0
1984-08-06,,,,0.745,,,2521000.0
1984-08-08,,,,0.755,,,2521000.0
1984-08-13,,,,0.775,,,2521000.0
1984-08-14,,,,0.7875,,,2521000.0
1984-08-15,,,,0.8,,,2521000.0
1984-08-16,,,,0.8125,,,2521000.0
1984-08-17,,,,0.8325,,,2521000.0
1984-08-20,,,,0.8375,,,2521000.0
1984-08-28,,,,0.8125,,,2521000.0
1984-08-29,,,,0.8,,,2521000.0
1984-08-31,,,,0.8,,,3025000.0
1984-09-03,,,,0.85,,,3025000.0
1984-09-05,,,,0.8375,,,3025000.0
1984-09-06,,,,0.8425,,,3025000.0
1984-09-07,,,,0.85,,,3025000.0
1984-09-14,,,,0.8375,,,3025000.0
1984-09-17,,,,0.8325,,,3025000.0
1984-09-19,,,,0.8375,,,3025000.0
1984-09-24,,,,0.845,,,3025000.0
1984-09-25,,,,0.845,,,3025000.0
1984-09-27,,,,0.85,,,3025000.0
1984-10-01,,,,0.85,,,3025000.0
1984-10-03,,,,0.8575,,,3025000.0
1984-10-04,,,,0.8625,,,3025000.0
1984-10-05,,,,0.9025,,,3025000.0
1984-10-09,,,,0.91,,,3025000.0
1984-10-11,,,,0.9025,,,3025000.0
1984-10-12,,,,0.8925,,,3025000.0
1984-10-15,,,,0.8975,,,3025000.0
1984-10-18,,,,0.875,,,3025000.0
1984-11-07,,,,0.87,,,3025000.0
1984-11-08,,,,0.875,,,3025000.0
1984-11-09,,,,0.8675,,,3025000.0
1984-11-12,,,,0.8625,,,3025000.0
1984-11-13,,,,0.8625,,,3025000.0
1984-11-15,,,,0.8575,,,3025000.0
1984-11-21,,,,0.85,,,3025000.0
1984-11-28,,,,0.8375,,,3025000.0
1984-12-19,,,,0.85,,,3025000.0
1984-12-21,,,,0.8375,,,3025000.0
1984-12-28,,,,0.8325,,,3025000.0
1985-01-10,,,,0.8375,,,3025000.0
1985-01-15,,,,0.825,,,3025000.0
1985-01-24,,,,0.775,,,3025000.0
1985-01-30,,,,0.77,,,3025000.0
1985-02-11,,,,0.7875,,,3025000.0
1985-02-12,,,,0.8,,,3025000.0
1985-02-18,,,,0.805,,,3025000.0
1985-02-21,,,,0.8125,,,3025000.0
1985-02-26,,,,0.7875,,,3025000.0
1985-03-04,,,,0.8075,,,3025000.0
1985-03-05,,,,0.8125,,,3025000.0
1985-03-12,,,,0.825,,,3025000.0
1985-03-13,,,,0.8325,,,3025000.0
1985-03-15,,,,0.85,,,3025000.0
1985-03-18,,,,0.8625,,,3025000.0
1985-03-22,,,,0.85,,,3025000.0
1985-03-25,,,,0.845,,,3025000.0
1985-03-27,,,,0.85,,,3025000.0
1985-04-02,,,,0.855,,,3025000.0
1985-04-10,,,,0.8625,,,3025000.0
1985-04-11,,,,0.875,,,3025000.0
1985-04-12,,,,0.9575,,,3025000.0
1985-04-15,,,,1.0125,,,3025000.0
1985-04-16,,,,0.99,,,3025000.0
1985-04-17,,,,0.995,,,3025000.0
1985-04-22,,,,1.0275,,,3025000.0
1985-04-23,,,,0.9775,,,3025000.0
1985-04-24,,,,1.015,,,3025000.0
1985-04-25,,,,1.0825,,,3025000.0
1985-04-26,,,,1.0875,,,3025000.0
1985-04-29,,,,1.1,,,3025000.0
1985-05-01,,,,1.1525,,,3025000.0
1985-05-02,,,,1.19,,,3025000.0
1985-05-03,,,,1.195,,,3025000.0
1985-05-07,,,,1.2125,,,3025000.0
1985-05-08,,,,1.215,,,3025000.0
1985-05-10,,,,1.2125,,,3025000.0
1985-05-13,,,,1.195,,,3025000.0
1985-05-15,,,,1.175,,,3025000.0
1985-05-16,,,,1.17,,,3025000.0
1985-05-17,,,,1.145,,,3025000.0
1985-05-20,,,,1.125,,,3025000.0
1985-05-23,,,,1.145,,,3025000.0
1985-05-24,,,,1.15,,,3025000.0
1985-05-28,,,,1.1575,,,3025000.0
1985-05-29,,,,1.2125,,,3025000.0
1985-05-31,,,,1.2375,,,3025000.0
1985-06-03,,,,1.3,,,3025000.0
1985-06-04,,,,1.3125,,,3025000.0
1985-06-10,,,,1.3,,,3025000.0
1985-06-12,,,,1.275,,,3025000.0
1985-06-14,,,,1.2625,,,3025000.0
1985-06-18,,,,1.275,,,3025000.0
1985-06-20,,,,1.25,,,3025000.0
1985-06-21,,,,1.225,,,3025000.0
1985-06-24,,,,1.2,,,3025000.0
1985-06-25,,,,1.1375,,,3025000.0
1985-06-26,,,,1.1125,,,3025000.0
1985-06-27,,,,1.1,,,3025000.0
1985-07-02,,,,1.1375,,,3025000.0
1985-07-04,,,,1.1125,,,3025000.0
1985-07-10,,,,1.1,,,3035000.0
1985-07-11,,,,1.1125,,,3035000.0
1985-07-12,,,,1.1125,,,3035000.0
1985-07-16,,,,1.0875,,,3035000.0
1985-07-19,,,,1.075,,,3035000.0
1985-07-25,,,,1.0625,,,3035000.0
1985-07-26,,,,1.075,,,3035000.0
1985-08-05,,,,1.125,,,3035000.0
1985-08-06,,,,1.1125,,,3035000.0
1985-08-08,,,,1.125,,,3035000.0
1985-08-12,,,,1.15,,,3035000.0
1985-08-13,,,,1.1625,,,3035000.0
1985-08-16,,,,1.1875,,,3035000.0
1985-08-19,,,,1.2125,,,3035000.0
1985-08-20,,,,1.225,,,3035000.0
1985-08-21,,,,1.1625,,,3035000.0
1985-08-29,,,,1.175,,,3035000.0
1985-09-02,,,,1.1625,,,3035000.0
1985-09-06,,,,1.175,,,3035000.0
1985-09-09,,,,1.1625,,,3035000.0
1985-09-10,,,,1.175,,,3035000.0
1985-09-11,,,,1.1625,,,3035000.0
1985-09-20,,,,1.175,,,3035000.0
1985-09-24,,,,1.1625,,,3035000.0
1985-09-25,,,,1.15,,,3035000.0
1985-09-30,,,,1.1625,,,3035000.0
1985-10-04,,,,1.175,,,3035000.0
1985-10-07,,,,1.1875,,,3035000.0
1985-10-09,,,,1.175,,,3035000.0
1985-10-11,,,,1.2,,,3035000.0
1985-10-25,,,,1.1875,,,3035000.0
1985-10-28,,,,1.2,,,3035000.0
1985-10-31,,,,1.2125,,,3035000.0
1985-11-04,,,,1.225,,,3035000.0
1985-11-05,,,,1.2375,,,3035000.0
1985-11-07,,,,1.2625,,,3035000.0
1985-11-08,,,,1.25,,,3035000.0
1985-11-11,,,,1.2625,,,3035000.0
1985-11-12,,,,1.2625,,,3035000.0
1985-11-20,,,,1.275,,,3035000.0
1985-11-21,,,,1.2875,,,3035000.0
1985-11-25,,,,1.3,,,3035000.0
1985-11-26,,,,1.3125,,,3035000.0
1985-11-28,,,,1.375,,,3035000.0
1985-11-29,,,,1.4375,,,3035000.0
1985-12-04,,,,1.45,,,3035000.0
1985-12-09,,,,1.5375,,,3035000.0
1985-12-11,,,,1.475,,,3035000.0
1985-12-23,,,,1.475,,,3035000.0
1985-12-27,,,,1.4625,,,3035000.0
1986-01-08,,,,580.0,,,3035000.0
1986-01-09,,,,565.0,,,3035000.0
1986-01-20,,,,570.0,,,3035000.0
1986-02-14,,,,580.0,,,3035000.0
1986-02-24,,,,595.0,,,3035000.0
1986-02-25,,,,590.0,,,3035000.0
1986-02-26,,,,585.0,,,3035000.0
1986-02-27,,,,590.0,,,3035000.0
1986-02-28,,,,585.0,,,3035000.0
1986-03-03,,,,590.0,,,3035000.0
1986-03-06,,,,585.0,,,3035000.0
1986-03-13,,,,615.0,,,3035000.0
1986-03-14,,,,610.0,,,3035000.0
1986-03-17,,,,615.0,,,3035000.0
1986-03-26,,,,625.0,,,3035000.0
1986-04-02,,,,615.0,,,3035000.0
1986-04-07,,,,630.0,,,3035000.0
1986-04-08,,,,635.0,,,3035000.0
1986-04-14,,,,625.0,,,3035000.0
1986-04-22,,,,625.0,,,3035000.0
1986-04-23,,,,620.0,,,3035000.0
1986-04-25,,,,605.0,,,3035000.0
1986-05-07,,,,595.0,,,3035000.0
1986-05-08,,,,595.0,,,3035000.0
1986-05-12,,,,595.0,,,3035000.0
1986-05-20,,,,580.0,,,3035000.0
1986-05-22,,,,590.0,,,3035000.0
1986-05-23,,,,580.0,,,3035000.0
1986-05-27,,,,580.0,,,3036000.0
1986-05-28,,,,585.0,,,3036000.0
1986-05-29,,,,580.0,,,3036000.0
1986-06-02,,,,575.0,,,3036000.0
1986-06-04,,,,580.0,,,3036000.0
1986-06-11,,,,570.0,,,3036000.0
1986-06-12,,,,575.0,,,3036000.0
1986-06-16,,,,570.0,,,3036000.0
1986-06-18,,,,565.0,,,3036000.0
1986-06-20,,,,570.0,,,3036000.0
1986-06-23,,,,555.0,,,3036000.0
1986-06-24,,,,565.0,,,3036000.0
1986-06-27,,,,570.0,,,3036000.0
1986-07-01,,,,550.0,,,3036000.0
1986-07-04,,,,550.0,,,3036000.0
1986-07-10,,,,535.0,,,3036000.0
1986-07-14,,,,530.0,,,3036000.0
1986-07-18,,,,540.0,,,3036000.0
1986-07-24,,,,540.0,,,3036000.0
1986-07-29,,,,550.0,,,3036000.0
1986-08-13,,,,540.0,,,3036000.0
1986-08-21,,,,530.0,,,3036000.0
1986-09-08,,,,540.0,,,3036000.0
1986-09-11,,,,530.0,,,3036000.0
1986-09-12,,,,510.0,,,3036000.0
1986-09-15,,,,520.0,,,3036000.0
1986-09-17,,,,510.0,,,3036000.0
1986-09-24,,,,510.0,,,3036000.0
1986-09-29,,,,500.0,,,3036000.0
1986-10-23,,,,490.0,,,3036000.0
1986-10-27,,,,488.0,,,3036000.0
1986-10-28,,,,505.0,,,3036000.0
1986-10-29,,,,505.0,,,3048000.0
1986-10-30,,,,503.0,,,3048000.0
1986-11-03,,,,493.0,,,3048000.0
1986-11-04,,,,503.0,,,3048000.0
1986-11-10,,,,515.0,,,3048000.0
1986-11-11,,,,515.0,,,3048000.0
1986-11-13,,,,550.0,,,3048000.0
1986-11-14,,,,575.0,,,3048000.0
1986-11-17,,,,560.0,,,3048000.0
1986-11-18,,,,565.0,,,3048000.0
1986-11-21,,,,560.0,,,3048000.0
1986-11-24,,,,558.0,,,3048000.0
1986-11-25,,,,560.0,,,3048000.0
1986-11-26,,,,563.0,,,3048000.0
1986-11-27,,,,580.0,,,3048000.0
1986-11-28,,,,585.0,,,3048000.0
1986-12-01,,,,585.0,,,3048000.0
1986-12-04,,,,583.0,,,3048000.0
1986-12-05,,,,585.0,,,3048000.0
1986-12-10,,,,583.0,,,3048000.0
1986-12-12,,,,585.0,,,3048000.0
1986-12-15,,,,590.0,,,3048000.0
1986-12-16,,,,583.0,,,3048000.0
1986-12-18,,,,590.0,,,3048000.0
1986-12-19,,,,585.0,,,3048000.0
1986-12-22,,,,590.0,,,3048000.0
1986-12-29,,,,583.0,,,3048000.0
1986-12-30,,,,590.0,,,3048000.0
1987-01-02,,,,590.0,,,3048000.0
1987-01-05,,,,583.0,,,3048000.0
1987-01-06,,,,590.0,,,3048000.0
1987-01-07,,,,595.0,,,3048000.0
1987-01-08,,,,600.0,,,3048000.0
1987-01-09,,,,600.0,,,3049000.0
1987-01-14,,,,598.0,,,3049000.0
1987-01-15,,,,600.0,,,3049000.0
1987-01-20,,,,593.0,,,3049000.0
1987-01-21,,,,595.0,,,3049000.0
1987-01-28,,,,590.0,,,3049000.0
1987-01-30,,,,580.0,,,3049000.0
1987-02-04,,,,588.0,,,3049000.0
1987-02-05,,,,580.0,,,3049000.0
1987-02-09,,,,575.0,,,3049000.0
1987-02-16,,,,580.0,,,3049000.0
1987-02-18,,,,620.0,,,3049000.0
1987-02-19,,,,670.0,,,3049000.0
1987-02-23,,,,668.0,,,3049000.0
1987-02-24,,,,671.0,,,3049000.0
1987-02-25,,,,668.0,,,3049000.0
1987-02-26,,,,665.0,,,3049000.0
1987-03-02,,,,660.0,,,3049000.0
1987-03-09,,,,680.0,,,3049000.0
1987-03-10,,,,678.0,,,3049000.0
1987-03-12,,,,665.0,,,3049000.0
1987-03-13,,,,660.0,,,3049000.0
1987-03-17,,,,658.0,,,3049000.0
1987-03-19,,,,647.0,,,3049000.0
1987-03-20,,,,642.0,,,3049000.0
1987-03-23,,,,645.0,,,3049000.0
1987-03-24,,,,642.0,,,3049000.0
1987-03-25,,,,638.0,,,3049000.0
1987-03-26,,,,637.0,,,3049000.0
1987-03-30,,,,635.0,,,3050000.0
1987-03-31,,,,628.0,,,3050000.0
1987-04-02,,,,630.0,,,3050000.0
1987-04-06,,,,625.0,,,3050000.0
1987-04-08,,,,623.0,,,3050000.0
1987-04-09,,,,610.0,,,3050000.0
1987-04-10,,,,608.0,,,3050000.0
1987-04-13,,,,610.0,,,3050000.0
1987-04-15,,,,620.0,,,3050000.0
1987-04-22,,,,600.0,,,3050000.0
1987-04-24,,,,610.0,,,3050000.0
1987-04-27,,,,602.0,,,3050000.0
1987-04-28,,,,590.0,,,3050000.0
1987-04-29,,,,588.0,,,3050000.0
1987-04-30,,,,590.0,,,3050000.0
1987-05-01,,,,595.0,,,3050000.0
1987-05-05,,,,600.0,,,3050000.0
1987-05-08,,,,615.0,,,3050000.0
1987-05-11,,,,625.0,,,3050000.0
1987-05-13,,,,630.0,,,3050000.0
1987-05-15,,,,635.0,,,3050000.0
1987-05-19,,,,670.0,,,3050000.0
1987-05-20,,,,733.0,,,3050000.0
1987-05-21,,,,778.0,,,3050000.0
1987-05-22,,,,798.0,,,3050000.0
1987-05-26,,,,793.0,,,3050000.0
1987-05-27,,,,780.0,,,3050000.0
1987-05-28,,,,763.0,,,3050000.0
1987-05-29,,,,785.0,,,3050000.0
1987-06-01,,,,778.0,,,3050000.0
1987-06-02,,,,773.0,,,3050000.0
1987-06-03,,,,765.0,,,3050000.0
1987-06-04,,,,763.0,,,3050000.0
1987-06-05,,,,775.0,,,3050000.0
1987-06-09,,,,758.0,,,3050000.0
1987-06-10,,,,765.0,,,3050000.0
1987-06-11,,,,748.0,,,3050000.0
1987-06-12,,,,763.0,,,3050000.0
1987-06-15,,,,775.0,,,3050000.0
1987-06-17,,,,765.0,,,3050000.0
1987-06-18,,,,773.0,,,3050000.0
1987-06-19,,,,765.0,,,3050000.0
1987-06-23,,,,773.0,,,3050000.0
1987-06-24,,,,763.0,,,3050000.0
1987-06-25,,,,760.0,,,3050000.0
1987-06-26,,,,765.0,,,3050000.0
1987-06-29,,,,760.0,,,3050000.0
1987-06-30,,,,768.0,,,3050000.0
1987-07-01,,,,765.0,,,3050000.0
1987-07-02,,,,768.0,,,3050000.0
1987-07-03,,,,765.0,,,3050000.0
1987-07-06,,,,803.0,,,3050000.0
1987-07-07,,,,818.0,,,3050000.0
1987-07-09,,,,823.0,,,3050000.0
1987-07-10,,,,825.0,,,3050000.0
1987-07-13,,,,818.0,,,3050000.0
1987-07-14,,,,825.0,,,3050000.0
1987-07-16,,,,818.0,,,3050000.0
1987-07-17,,,,823.0,,,3050000.0
1987-07-21,,,,808.0,,,3050000.0
1987-07-22,,,,818.0,,,3056000.0
1987-07-23,,,,823.0,,,3056000.0
1987-08-04,,,,818.0,,,3056000.0
1987-08-05,,,,825.0,,,3056000.0
1987-08-06,,,,823.0,,,3056000.0
1987-08-10,,,,800.0,,,3056000.0
1987-08-11,,,,830.0,,,3056000.0
1987-08-12,,,,828.0,,,3056000.0
1987-08-13,,,,838.0,,,3056000.0
1987-08-14,,,,850.0,,,3056000.0
1987-08-17,,,,838.0,,,3056000.0
1987-08-18,,,,853.0,,,3056000.0
1987-08-19,,,,843.0,,,3056000.0
1987-08-20,,,,838.0,,,3056000.0
1987-08-21,,,,835.0,,,3056000.0
1987-08-24,,,,848.0,,,3056000.0
1987-08-25,,,,843.0,,,3056000.0
1987-08-26,,,,948.0,,,3056000.0
1987-08-27,,,,953.0,,,3056000.0
1987-08-28,,,,1118.7,,,3056000.0
1987-09-01,,,,1112.5,,,3056000.0
1987-09-02,,,,1103.1,,,3056000.0
1987-09-03,,,,1087.5,,,3056000.0
1987-09-04,,,,1078.1,,,3056000.0
1987-09-08,,,,1087.5,,,3056000.0
1987-09-09,,,,1093.7,,,3056000.0
1987-09-10,,,,1098.4,,,3056000.0
1987-09-11,,,,1087.5,,,3056000.0
1987-09-14,,,,1093.7,,,3056000.0
1987-09-15,,,,1087.5,,,3056000.0
1987-09-16,,,,1095.3,,,3056000.0
1987-09-18,,,,1098.4,,,3056000.0
1987-09-23,,,,1103.1,,,3056000.0
1987-09-24,,,,1107.8,,,3056000.0
1987-09-25,,,,1112.5,,,3056000.0
1987-09-28,,,,1137.5,,,3056000.0
1987-09-29,,,,1207.8,,,3056000.0
1987-09-30,,,,1218.7,,,3056000.0
1987-10-01,,,,1243.7,,,3056000.0
1987-10-02,,,,1253.1,,,3056000.0
1987-10-05,,,,1357.8,,,3056000.0
1987-10-06,,,,1382.8,,,3056000.0
1987-10-07,,,,1403.1,,,3056000.0
1987-10-08,,,,1415.6,,,3056000.0
1987-10-09,,,,1418.7,,,3056000.0
1987-10-12,,,,1437.5,,,3056000.0
1987-10-15,,,,1443.7,,,3056000.0
1987-10-19,,,,1343.7,,,3056000.0
1987-10-20,,,,1254.6,,,3056000.0
1987-10-21,,,,1250.0,,,3056000.0
1987-10-23,,,,1195.3,,,3056000.0
1987-10-26,,,,1075.0,,,3056000.0
1987-10-27,,,,1045.3,,,3056000.0
1987-10-28,,,,1040.6,,,3056000.0
1987-10-29,,,,1015.6,,,3056000.0
1987-10-30,,,,995.3,,,3056000.0
1987-11-02,,,,990.6,,,3056000.0
1987-11-03,,,,965.0,,,3056000.0
1987-11-04,,,,900.0,,,3056000.0
1987-11-05,,,,850.0,,,3056000.0
1987-11-06,,,,785.0,,,3056000.0
1987-11-09,,,,765.0,,,3056000.0
1987-11-10,,,,745.0,,,3056000.0
1987-11-11,,,,750.0,,,3056000.0
1987-11-12,,,,755.0,,,3056000.0
1987-11-16,,,,750.0,,,3056000.0
1987-11-17,,,,775.0,,,3059000.0
1987-11-24,,,,785.0,,,3059000.0
1987-11-26,,,,775.0,,,3059000.0
1987-11-27,,,,785.0,,,3059000.0
1987-11-30,,,,775.0,,,3059000.0
1987-12-01,,,,760.0,,,3059000.0
1987-12-02,,,,765.0,,,3059000.0
1987-12-03,,,,755.0,,,3059000.0
1987-12-04,,,,735.0,,,3059000.0
1987-12-08,,,,720.0,,,3059000.0
1987-12-09,,,,725.0,,,3059000.0
1987-12-10,,,,730.0,,,3059000.0
1987-12-11,,,,725.0,,,3059000.0
1987-12-14,,,,730.0,,,3059000.0
1987-12-15,,,,890.0,,,3059000.0
1987-12-16,,,,843.0,,,3059000.0
1987-12-17,,,,833.0,,,3059000.0
1987-12-18,,,,825.0,,,3059000.0
1987-12-21,,,,835.0,,,3059000.0
1987-12-24,,,,853.0,,,3059000.0
1987-12-29,,,,848.0,,,3059000.0
1987-12-30,,,,850.0,,,3059000.0
1988-01-06,,,,825.0,,,3059000.0
1988-01-08,,,,848.0,,,3059000.0
1988-01-11,,,,855.0,,,3059000.0
1988-01-12,,,,845.0,,,3059000.0
1988-01-13,,,,855.0,,,3059000.0
1988-01-15,,,,865.0,,,3059000.0
1988-01-18,,,,868.0,,,3059000.0
1988-01-19,,,,865.0,,,3059000.0
1988-01-21,,,,868.0,,,3059000.0
1988-01-25,,,,885.0,,,3059000.0
1988-01-26,,,,895.0,,,3059000.0
1988-01-27,,,,923.0,,,3059000.0
1988-01-28,,,,978.0,,,3059000.0
1988-01-29,,,,1018.7,,,3059000.0
1988-02-01,,,,1025.0,,,3059000.0
1988-02-02,,,,993.7,,,3059000.0
1988-02-04,,,,978.0,,,3059000.0
1988-02-05,,,,975.0,,,3059000.0
1988-02-08,,,,955.0,,,3059000.0
1988-02-09,,,,965.0,,,3059000.0
1988-02-10,,,,943.0,,,3059000.0
1988-02-11,,,,938.0,,,3059000.0
1988-02-15,,,,945.0,,,3059000.0
1988-02-16,,,,938.0,,,3059000.0
1988-02-17,,,,943.0,,,3059000.0
1988-02-18,,,,948.0,,,3059000.0
1988-02-19,,,,938.0,,,3059000.0
1988-02-22,,,,945.0,,,3059000.0
1988-02-23,,,,955.0,,,3059000.0
1988-02-24,,,,948.0,,,3059000.0
1988-02-25,,,,953.0,,,3059000.0
1988-02-26,,,,963.0,,,3059000.0
1988-02-29,,,,933.0,,,3059000.0
1988-03-02,,,,955.0,,,3059000.0
1988-03-03,,,,963.0,,,3059000.0
1988-03-07,,,,968.0,,,3059000.0
1988-03-08,,,,963.0,,,3059000.0
1988-03-10,,,,955.0,,,3059000.0
1988-03-14,,,,973.0,,,3059000.0
1988-03-15,,,,960.0,,,3059000.0
1988-03-16,,,,973.0,,,3059000.0
1988-03-18,,,,978.0,,,3059000.0
1988-03-21,,,,984.3,,,3059000.0
1988-03-22,,,,982.8,,,3059000.0
1988-03-24,,,,998.4,,,3059000.0
1988-03-31,,,,995.3,,,3059000.0
1988-04-06,,,,998.4,,,3059000.0
1988-04-07,,,,1015.6,,,3059000.0
1988-04-08,,,,1012.5,,,3059000.0
1988-04-12,,,,1018.7,,,3059000.0
1988-04-14,,,,1023.4,,,3059000.0
1988-04-15,,,,1028.1,,,3059000.0
1988-04-21,,,,1032.8,,,3059000.0
1988-04-22,,,,1028.1,,,3059000.0
1988-04-25,,,,1025.0,,,3059000.0
1988-04-27,,,,1028.1,,,3083000.0
1988-04-28,,,,1032.8,,,3083000.0
1988-05-03,,,,1053.1,,,3083000.0
1988-05-05,,,,1054.6,,,3083000.0
1988-05-06,,,,1045.3,,,3083000.0
1988-05-09,,,,1057.8,,,3083000.0
1988-05-11,,,,1054.6,,,3083000.0
1988-05-12,,,,1057.8,,,3083000.0
1988-05-13,,,,1045.3,,,3083000.0
1988-05-16,,,,998.4,,,3083000.0
1988-05-17,,,,973.0,,,3083000.0
1988-05-18,,,,968.0,,,3083000.0
1988-05-19,,,,965.0,,,3083000.0
1988-05-20,,,,968.0,,,3083000.0
1988-05-23,,,,965.0,,,3083000.0
1988-05-26,,,,963.0,,,3083000.0
1988-05-31,,,,955.0,,,12330000.0
1988-06-01,,,,957.0,,,12330000.0
1988-06-06,,,,958.0,,,12330000.0
1988-06-08,,,,955.0,,,12330000.0
1988-06-13,,,,957.0,,,12330000.0
1988-06-14,,,,958.0,,,12330000.0
1988-06-17,,,,955.0,,,12330000.0
1988-06-21,,,,957.0,,,12330000.0
1988-06-22,,,,958.0,,,12330000.0
1988-06-24,,,,958.0,,,12330000.0
1988-06-30,,,,965.0,,,12330000.0
1988-07-01,,,,968.0,,,12330000.0
1988-07-05,,,,250.0,,,12330000.0
1988-07-06,,,,243.0,,,12330000.0
1988-07-07,,,,245.0,,,12330000.0
1988-07-11,,,,225.0,,,16088000.0
1988-07-14,,,,242.0,,,16088000.0
1988-07-15,,,,245.0,,,16088000.0
1988-07-18,,,,240.0,,,16088000.0
1988-07-19,,,,242.0,,,16088000.0
1988-07-20,,,,245.0,,,16088000.0
1988-07-25,,,,237.0,,,16088000.0
1988-07-26,,,,245.0,,,16088000.0
1988-07-28,,,,240.0,,,16088000.0
1988-07-29,,,,220.0,,,16088000.0
1988-08-02,,,,242.0,,,16088000.0
1988-08-03,,,,235.0,,,16088000.0
1988-08-04,,,,230.0,,,16088000.0
1988-08-05,,,,210.0,,,16088000.0
1988-08-08,,,,235.0,,,16088000.0
1988-08-09,,,,230.0,,,16088000.0
1988-08-11,,,,220.0,,,16088000.0
1988-08-12,,,,222.0,,,16088000.0
1988-08-15,,,,230.0,,,16088000.0
1988-08-16,,,,235.0,,,16088000.0
1988-08-17,,,,220.0,,,16088000.0
1988-08-18,,,,200.0,,,16088000.0
1988-08-24,,,,230.0,,,16088000.0
1988-08-25,,,,220.0,,,16088000.0
1988-08-26,,,,215.0,,,16088000.0
1988-08-30,,,,210.0,,,16088000.0
1988-08-31,,,,208.0,,,16088000.0
1988-09-01,,,,225.0,,,16088000.0
1988-09-02,,,,223.0,,,16088000.0
1988-09-05,,,,222.0,,,16088000.0
1988-09-06,,,,210.0,,,16088000.0
1988-09-07,,,,220.0,,,16088000.0
1988-09-08,,,,217.0,,,16088000.0
1988-09-09,,,,218.0,,,16088000.0
1988-09-12,,,,210.0,,,16088000.0
1988-09-15,,,,183.0,,,16088000.0
1988-09-16,,,,198.0,,,16088000.0
1988-09-19,,,,208.0,,,16088000.0
1988-09-20,,,,200.0,,,16088000.0
1988-09-21,,,,180.0,,,16088000.0
1988-09-22,,,,180.0,,,16088000.0
1988-09-27,,,,195.0,,,16088000.0
1988-09-28,,,,205.0,,,16088000.0
1988-09-30,,,,210.0,,,16088000.0
1988-10-05,,,,200.0,,,16088000.0
1988-10-07,,,,213.0,,,16088000.0
1988-10-11,,,,218.0,,,16088000.0
1988-10-12,,,,223.0,,,16088000.0
1988-10-13,,,,228.0,,,16088000.0
1988-10-17,,,,223.0,,,16088000.0
1988-10-18,,,,228.0,,,16088000.0
1988-10-19,,,,233.0,,,16088000.0
1988-10-25,,,,241.0,,,16088000.0
1988-10-26,,,,243.0,,,16088000.0
1988-10-28,,,,245.0,,,16088000.0
1988-10-31,,,,243.0,,,16088000.0
1988-11-01,,,,248.0,,,16088000.0
1988-11-02,,,,250.0,,,16088000.0
1988-11-03,,,,251.0,,,16088000.0
1988-11-04,,,,250.0,,,16088000.0
1988-11-07,,,,251.0,,,16088000.0
1988-11-10,,,,245.0,,,16088000.0
1988-11-11,,,,251.0,,,16088000.0
1988-11-15,,,,245.0,,,16088000.0
1988-11-22,,,,251.0,,,16088000.0
1988-11-24,,,,248.0,,,16088000.0
1988-11-25,,,,251.0,,,16088000.0
1988-11-28,,,,250.0,,,16088000.0
1988-11-29,,,,251.0,,,16088000.0
1988-11-30,,,,245.0,,,16088000.0
1988-12-01,,,,248.0,,,16088000.0
1988-12-02,,,,251.0,,,16088000.0
1988-12-05,,,,250.0,,,16088000.0
1988-12-07,,,,238.0,,,16088000.0
1988-12-08,,,,243.0,,,16088000.0
1988-12-09,,,,233.0,,,16088000.0
1988-12-12,,,,233.0,,,16088000.0
1988-12-13,,,,235.0,,,16088000.0
1988-12-14,,,,228.0,,,16088000.0
1988-12-15,,,,235.0,,,16088000.0
1988-12-16,,,,223.0,,,16088000.0
1988-12-22,,,,225.0,,,16088000.0
1988-12-28,,,,223.0,,,16088000.0
1989-01-04,,,,221.0,,,16088000.0
1989-01-05,,,,225.0,,,16088000.0
1989-01-06,,,,220.0,,,16088000.0
1989-01-11,,,,223.0,,,16088000.0
1989-01-13,,,,220.0,,,16088000.0
1989-01-25,,,,223.0,,,16088000.0
1989-01-30,,,,228.0,,,16088000.0
1989-02-01,,,,230.0,,,16088000.0
1989-02-02,,,,228.0,,,16088000.0
1989-02-06,,,,226.0,,,16088000.0
1989-02-07,,,,230.0,,,16088000.0
1989-02-08,,,,235.0,,,16088000.0
1989-02-09,,,,233.0,,,16088000.0
1989-02-13,,,,238.0,,,16088000.0
1989-02-14,,,,233.0,,,16088000.0
1989-02-15,,,,240.0,,,16088000.0
1989-02-16,,,,233.0,,,16088000.0
1989-02-17,,,,243.0,,,16088000.0
1989-02-21,,,,245.0,,,16088000.0
1989-02-22,,,,241.0,,,16088000.0
1989-02-23,,,,245.0,,,16088000.0
1989-02-27,,,,248.0,,,16088000.0
1989-02-28,,,,246.0,,,16088000.0
1989-03-06,,,,245.0,,,16088000.0
1989-03-07,,,,246.0,,,16088000.0
1989-03-15,,,,248.0,,,16088000.0
1989-03-16,,,,245.0,,,16088000.0
1989-03-17,,,,246.0,,,16088000.0
1989-03-21,,,,238.0,,,16088000.0
1989-03-22,,,,241.0,,,16088000.0
1989-03-23,,,,238.0,,,16088000.0
1989-03-28,,,,240.0,,,16088000.0
1989-03-29,,,,238.0,,,16088000.0
1989-04-05,,,,236.0,,,16088000.0
1989-04-06,,,,230.0,,,16088000.0
1989-04-07,,,,228.0,,,16088000.0
1989-04-11,,,,233.0,,,16088000.0
1989-04-13,,,,228.0,,,16088000.0
1989-04-14,,,,233.0,,,16088000.0
1989-04-17,,,,226.0,,,16088000.0
1989-04-18,,,,223.0,,,16088000.0
1989-04-21,,,,221.0,,,16088000.0
1989-04-24,,,,223.0,,,16088000.0
1989-04-25,,,,221.0,,,16088000.0
1989-04-26,,,,223.0,,,16088000.0
1989-05-02,,,,233.0,,,16088000.0
1989-05-03,,,,238.0,,,16088000.0
1989-05-04,,,,233.0,,,16088000.0
1989-05-05,,,,240.0,,,16088000.0
1989-05-08,,,,238.0,,,16088000.0
1989-05-09,,,,240.0,,,16088000.0
1989-05-11,,,,243.0,,,16088000.0
1989-05-17,,,,246.0,,,16088000.0
1989-05-18,,,,248.0,,,16088000.0
1989-05-23,,,,246.0,,,16088000.0
1989-05-24,,,,248.0,,,16088000.0
1989-05-25,,,,243.0,,,16088000.0
1989-05-26,,,,248.0,,,16088000.0
1989-05-31,,,,253.0,,,16088000.0
1989-06-01,,,,248.0,,,16088000.0
1989-06-08,,,,258.0,,,16291000.0
1989-06-09,,,,256.0,,,16291000.0
1989-06-12,,,,258.0,,,16291000.0
1989-06-14,,,,256.0,,,16291000.0
1989-06-16,,,,253.0,,,16291000.0
1989-06-19,,,,258.0,,,16291000.0
1989-06-22,,,,253.0,,,16291000.0
1989-06-27,,,,250.0,,,16291000.0
1989-06-28,,,,243.0,,,16291000.0
1989-06-29,,,,243.0,,,16291000.0
1989-06-30,,,,241.0,,,16291000.0
1989-07-03,,,,233.0,,,16291000.0
1989-07-04,,,,238.0,,,16291000.0
1989-07-05,,,,240.0,,,16291000.0
1989-07-10,,,,242.0,,,16291000.0
1989-07-11,,,,245.0,,,16291000.0
1989-07-12,,,,241.0,,,16291000.0
1989-07-13,,,,242.0,,,16291000.0
1989-07-14,,,,243.0,,,16291000.0
1989-07-17,,,,242.0,,,16291000.0
1989-07-18,,,,243.0,,,16291000.0
1989-07-19,,,,242.0,,,16291000.0
1989-07-21,,,,240.0,,,16291000.0
1989-07-24,,,,238.0,,,16291000.0
1989-07-27,,,,235.0,,,16291000.0
1989-07-28,,,,238.0,,,16291000.0
1989-07-31,,,,240.0,,,16291000.0
1989-08-01,,,,238.0,,,16291000.0
1989-08-02,,,,237.0,,,16291000.0
1989-08-04,,,,238.0,,,16291000.0
1989-08-08,,,,235.0,,,16291000.0
1989-08-09,,,,237.0,,,16291000.0
1989-08-10,,,,230.0,,,16291000.0
1989-08-14,,,,235.0,,,16291000.0
1989-08-16,,,,232.0,,,16291000.0
1989-08-17,,,,233.0,,,16291000.0
1989-08-18,,,,230.0,,,16291000.0
1989-08-21,,,,233.0,,,16291000.0
1989-08-22,,,,230.0,,,16291000.0
1989-08-23,,,,228.0,,,16291000.0
1989-08-30,,,,231.0,,,16291000.0
1989-08-31,,,,240.0,,,16291000.0
1989-09-01,,,,252.0,,,16291000.0
1989-09-04,,,,261.0,,,16291000.0
1989-09-05,,,,283.0,,,16291000.0
1989-09-06,,,,275.0,,,16291000.0
1989-09-07,,,,260.0,,,16291000.0
1989-09-08,,,,266.0,,,16291000.0
1989-09-14,,,,259.0,,,16291000.0
1989-09-15,,,,228.0,,,16291000.0
1989-09-18,,,,237.0,,,16291000.0
1989-09-19,,,,238.0,,,16291000.0
1989-09-25,,,,237.0,,,16291000.0
1989-09-26,,,,235.0,,,16291000.0
1989-09-28,,,,233.0,,,16291000.0
1989-09-29,,,,235.0,,,16291000.0
1989-10-05,,,,233.0,,,16291000.0
1989-10-11,,,,236.0,,,16291000.0
1989-10-12,,,,235.0,,,16291000.0
1989-10-13,,,,238.0,,,16291000.0
1989-10-16,,,,230.0,,,16291000.0
1989-10-17,,,,227.0,,,16291000.0
1989-10-18,,,,225.0,,,16291000.0
1989-10-23,,,,228.0,,,16291000.0
1989-10-24,,,,223.0,,,16291000.0
1989-10-25,,,,222.0,,,16291000.0
1989-10-26,,,,220.0,,,16291000.0
1989-10-27,,,,200.0,,,16291000.0
1989-10-30,,,,205.0,,,16291000.0
1989-11-07,,,,203.0,,,16291000.0
1989-11-08,,,,205.0,,,16291000.0
1989-11-09,,,,203.0,,,16291000.0
1989-11-10,,,,207.0,,,16291000.0
1989-11-13,,,,203.0,,,16291000.0
1989-11-20,,,,205.0,,,16291000.0
1989-11-21,,,,203.0,,,16291000.0
1989-11-30,,,,205.0,,,16291000.0
1989-12-01,,,,203.0,,,16291000.0
1989-12-11,,,,203.0,,,16291000.0
1989-12-12,,,,207.0,,,16291000.0
1989-12-13,,,,206.0,,,16291000.0
1989-12-14,,,,208.0,,,16291000.0
1989-12-18,,,,210.0,,,16291000.0
1989-12-28,,,,212.0,,,16291000.0
1989-12-29,,,,210.0,,,16291000.0
1990-01-18,,,,212.0,,,16291000.0
1990-01-19,,,,210.0,,,16291000.0
1990-01-23,,,,213.0,,,16291000.0
1990-01-24,,,,210.0,,,16291000.0
1990-02-05,,,,212.0,,,16291000.0
1990-02-06,,,,210.0,,,16291000.0
1990-02-08,,,,212.0,,,16291000.0
1990-02-09,,,,210.0,,,16291000.0
1990-02-13,,,,212.0,,,16291000.0
1990-02-14,,,,210.0,,,16291000.0
1990-02-19,,,,213.0,,,16291000.0
1990-02-20,,,,210.0,,,16291000.0
1990-02-23,,,,212.0,,,16291000.0
1990-02-28,,,,210.0,,,16291000.0
1990-03-05,,,,208.0,,,16291000.0
1990-03-06,,,,205.0,,,16291000.0
1990-03-07,,,,210.0,,,16291000.0
1990-03-14,,,,205.0,,,16291000.0
1990-03-21,,,,203.0,,,16291000.0
1990-03-22,,,,205.0,,,16291000.0
1990-03-23,,,,203.0,,,16291000.0
1990-03-26,,,,205.0,,,16291000.0
1990-03-27,,,,202.0,,,16291000.0
1990-04-02,,,,205.0,,,16291000.0
1990-04-03,,,,193.0,,,16291000.0
1990-04-04,,,,195.0,,,16291000.0
1990-04-17,,,,193.0,,,16291000.0
1990-04-19,,,,190.0,,,16291000.0
1990-04-20,,,,175.0,,,16291000.0
1990-04-23,,,,176.0,,,16546000.0
1990-04-24,,,,173.0,,,16546000.0
1990-04-25,,,,172.0,,,16546000.0
1990-04-26,,,,170.0,,,16546000.0
1990-04-27,,,,172.0,,,16546000.0
1990-04-30,,,,175.0,,,16546000.0
1990-05-03,,,,170.0,,,16546000.0
1990-05-04,,,,175.0,,,16546000.0
1990-05-10,,,,172.0,,,16546000.0
1990-05-14,,,,172.0,,,16546000.0
1990-05-21,,,,178.0,,,16546000.0
1990-05-22,,,,180.0,,,16546000.0
1990-06-04,,,,178.0,,,16546000.0
1990-06-07,,,,177.0,,,16546000.0
1990-06-08,,,,178.0,,,16546000.0
1990-06-11,,,,177.0,,,16546000.0
1990-06-14,,,,175.0,,,16546000.0
1990-06-15,,,,177.0,,,16546000.0
1990-06-18,,,,175.0,,,16546000.0
1990-06-19,,,,173.0,,,16546000.0
1990-06-20,,,,175.0,,,16546000.0
1990-06-21,,,,178.0,,,16546000.0
1990-06-22,,,,175.0,,,16546000.0
1990-06-25,,,,177.0,,,16546000.0
1990-06-27,,,,170.0,,,16546000.0
1990-06-28,,,,175.0,,,16546000.0
1990-06-29,175.0,170.0,170.0,170.0,,,16546000.0
1990-07-02,175.0,170.0,170.0,170.0,,,16546000.0
1990-07-03,170.0,170.0,170.0,170.0,,,16546000.0
1990-07-04,170.0,170.0,170.0,170.0,,,16546000.0
1990-07-05,170.0,170.0,170.0,170.0,,,16546000.0
1990-07-06,170.0,170.0,170.0,170.0,,,16546000.0
1990-07-09,170.0,170.0,170.0,170.0,,,16546000.0
1990-07-10,170.0,170.0,170.0,170.0,,,16546000.0
1990-07-11,170.0,168.0,170.0,168.0,,,16546000.0
1990-07-12,170.0,168.0,168.0,168.0,,,16546000.0
1990-07-13,170.0,168.0,168.0,168.0,,,16546000.0
1990-07-16,170.0,168.0,168.0,168.0,,,16546000.0
1990-07-17,170.0,168.0,168.0,168.0,,,16546000.0
1990-07-18,168.0,168.0,168.0,168.0,,,16546000.0
1990-07-19,168.0,165.0,168.0,165.0,,,16546000.0
1990-07-20,168.0,165.0,168.0,168.0,,,16546000.0
1990-07-23,168.0,165.0,168.0,168.0,,,16546000.0
1990-07-24,168.0,165.0,168.0,165.0,,,16546000.0
1990-07-25,168.0,165.0,168.0,165.0,,,16546000.0
1990-07-26,168.0,165.0,168.0,165.0,,,16546000.0
1990-07-27,168.0,165.0,168.0,165.0,,,16546000.0
1990-07-30,168.0,165.0,165.0,165.0,,,16546000.0
1990-07-31,165.0,165.0,165.0,165.0,,,16546000.0
1990-08-01,165.0,165.0,165.0,165.0,,,16546000.0
1990-08-02,165.0,160.0,165.0,160.0,,,16546000.0
1990-08-03,160.0,160.0,160.0,160.0,,,16546000.0
1990-08-06,160.0,160.0,160.0,160.0,,,16546000.0
1990-08-07,160.0,160.0,160.0,160.0,,,16546000.0
1990-08-08,160.0,160.0,160.0,160.0,,,16546000.0
1990-08-09,160.0,160.0,160.0,160.0,,,16546000.0
1990-08-10,160.0,160.0,160.0,160.0,,,16546000.0
1990-08-13,160.0,160.0,160.0,160.0,,,16546000.0
1990-08-14,160.0,155.0,160.0,155.0,,,16546000.0
1990-08-15,158.0,155.0,155.0,155.0,,,16546000.0
1990-08-16,157.0,155.0,155.0,155.0,,,16546000.0
1990-08-17,155.0,143.0,155.0,145.0,,,16546000.0
1990-08-20,150.0,142.0,145.0,142.0,,,16546000.0
1990-08-21,145.0,142.0,145.0,145.0,,,16546000.0
1990-08-22,145.0,142.0,145.0,142.0,,,16546000.0
1990-08-23,145.0,140.0,145.0,140.0,,,16546000.0
1990-08-24,145.0,140.0,140.0,140.0,,,16546000.0
1990-08-28,145.0,140.0,140.0,140.0,,,16546000.0
1990-08-29,145.0,140.0,140.0,145.0,,,16546000.0
1990-08-30,145.0,140.0,140.0,140.0,,,16546000.0
1990-08-31,145.0,140.0,140.0,140.0,,,16546000.0
1990-09-03,145.0,140.0,140.0,140.0,,,16546000.0
1990-09-04,145.0,140.0,140.0,140.0,,,16546000.0
1990-09-05,145.0,140.0,140.0,140.0,,,16546000.0
1990-09-06,145.0,140.0,140.0,140.0,,,16546000.0
1990-09-07,145.0,140.0,140.0,140.0,,,16546000.0
1990-09-10,140.0,140.0,140.0,140.0,,,16546000.0
1990-09-11,140.0,140.0,140.0,140.0,,,16546000.0
1990-09-12,140.0,140.0,140.0,140.0,,,16546000.0
1990-09-13,140.0,140.0,140.0,140.0,,,16546000.0
1990-09-14,140.0,140.0,140.0,140.0,,,16546000.0
1990-09-17,140.0,137.0,140.0,137.0,,,16546000.0
1990-09-18,140.0,135.0,138.0,135.0,,,16546000.0
1990-09-19,135.0,135.0,135.0,135.0,,,16546000.0
1990-09-20,135.0,135.0,135.0,135.0,,,16546000.0
1990-09-21,135.0,135.0,135.0,135.0,,,16546000.0
1990-09-24,135.0,135.0,135.0,135.0,,,16546000.0
1990-09-25,135.0,132.0,135.0,132.0,,,16546000.0
1990-09-26,135.0,132.0,135.0,132.0,,,16546000.0
1990-09-27,132.0,132.0,132.0,132.0,,,16546000.0
1990-09-28,132.0,130.0,132.0,130.0,,,16546000.0
1990-10-01,130.0,130.0,130.0,130.0,,,16546000.0
1990-10-02,130.0,128.0,130.0,128.0,,,16546000.0
1990-10-03,130.0,128.0,130.0,130.0,,,16546000.0
1990-10-04,130.0,128.0,130.0,130.0,,,16546000.0
1990-10-05,133.0,128.0,128.0,133.0,,,16546000.0
1990-10-08,134.0,128.0,130.0,130.0,,,16546000.0
1990-10-09,130.0,128.0,128.0,130.0,,,16546000.0
1990-10-10,128.0,128.0,128.0,128.0,,,16546000.0
1990-10-11,128.0,128.0,128.0,128.0,,,16546000.0
1990-10-12,128.0,128.0,128.0,128.0,,,16546000.0
1990-10-15,128.0,128.0,128.0,128.0,,,16546000.0
1990-10-16,128.0,128.0,128.0,128.0,,,16546000.0
1990-10-17,128.0,128.0,128.0,128.0,,,16546000.0
1990-10-18,128.0,128.0,128.0,128.0,,,16546000.0
1990-10-19,128.0,128.0,128.0,128.0,,,16546000.0
1990-10-22,128.0,128.0,128.0,128.0,,,16546000.0
1990-10-23,128.0,128.0,128.0,128.0,,,16546000.0
1990-10-24,128.0,128.0,128.0,128.0,,,16546000.0
1990-10-25,128.0,128.0,128.0,128.0,,,16546000.0
1990-10-26,128.0,128.0,128.0,128.0,,,16546000.0
1990-10-29,125.0,125.0,125.0,125.0,,,16546000.0
1990-10-30,125.0,125.0,125.0,125.0,,,16546000.0
1990-10-31,125.0,125.0,125.0,125.0,,,16546000.0
1990-11-01,125.0,125.0,125.0,125.0,,,16546000.0
1990-11-02,125.0,125.0,125.0,125.0,,,16546000.0
1990-11-05,125.0,120.0,123.0,120.0,,,16546000.0
1990-11-06,123.0,120.0,123.0,123.0,,,16546000.0
1990-11-07,125.0,120.0,125.0,120.0,,,16546000.0
1990-11-08,125.0,120.0,125.0,123.0,,,16546000.0
1990-11-09,125.0,123.0,123.0,123.0,,,16546000.0
1990-11-12,125.0,123.0,123.0,123.0,,,16546000.0
1990-11-13,125.0,123.0,125.0,123.0,,,16546000.0
1990-11-14,125.0,123.0,123.0,123.0,,,16546000.0
1990-11-15,123.0,123.0,123.0,123.0,,,16546000.0
1990-11-16,123.0,123.0,123.0,123.0,,,16546000.0
1990-11-19,123.0,123.0,123.0,123.0,,,16546000.0
1990-11-20,123.0,123.0,123.0,123.0,,,16546000.0
1990-11-21,123.0,123.0,123.0,123.0,,,16546000.0
1990-11-22,123.0,123.0,123.0,123.0,,,16546000.0
1990-11-23,123.0,123.0,123.0,123.0,,,16546000.0
1990-11-26,123.0,123.0,123.0,123.0,,,16546000.0
1990-11-27,123.0,123.0,123.0,123.0,,,16546000.0
1990-11-28,123.0,122.0,123.0,122.0,,,16546000.0
1990-11-29,123.0,122.0,123.0,123.0,,,16546000.0
1990-11-30,123.0,122.0,123.0,123.0,,,16546000.0
1990-12-03,123.0,122.0,123.0,122.0,,,16546000.0
1990-12-04,122.0,122.0,122.0,122.0,,,16546000.0
1990-12-05,122.0,122.0,122.0,122.0,,,16546000.0
1990-12-06,122.0,122.0,122.0,122.0,,,16546000.0
1990-12-07,122.0,122.0,122.0,122.0,,,16546000.0
1990-12-10,122.0,122.0,122.0,122.0,,,16546000.0
1990-12-11,122.0,122.0,122.0,122.0,,,16546000.0
1990-12-12,122.0,122.0,122.0,122.0,,,16546000.0
1990-12-13,122.0,122.0,122.0,122.0,,,16546000.0
1990-12-14,122.0,122.0,122.0,122.0,,,16546000.0
1990-12-17,122.0,122.0,122.0,122.0,,,16546000.0
1990-12-18,122.0,122.0,122.0,122.0,,,16546000.0
1990-12-19,122.0,122.0,122.0,122.0,,,16546000.0
1990-12-20,122.0,122.0,122.0,122.0,,,16546000.0
1990-12-21,122.0,122.0,122.0,122.0,,,16546000.0
1990-12-24,122.0,122.0,122.0,122.0,,,16546000.0
1990-12-27,122.0,122.0,122.0,122.0,,,16546000.0
1990-12-28,122.0,122.0,122.0,122.0,,,16546000.0
1990-12-31,122.0,122.0,122.0,122.0,,,16546000.0
1991-01-02,122.0,122.0,122.0,122.0,,,16546000.0
1991-01-03,122.0,122.0,122.0,122.0,,,16546000.0
1991-01-04,122.0,120.0,122.0,120.0,,,16546000.0
1991-01-07,122.0,120.0,122.0,122.0,,,16546000.0
1991-01-08,122.0,120.0,122.0,120.0,,,16546000.0
1991-01-09,122.0,120.0,122.0,120.0,,,16546000.0
1991-01-10,122.0,120.0,122.0,120.0,,,16546000.0
1991-01-11,120.0,120.0,120.0,120.0,,,16546000.0
1991-01-14,120.0,120.0,120.0,120.0,,,16546000.0
1991-01-15,120.0,120.0,120.0,120.0,,,16546000.0
1991-01-16,120.0,120.0,120.0,120.0,,,16546000.0
1991-01-17,120.0,120.0,120.0,120.0,,,16546000.0
1991-01-18,120.0,120.0,120.0,120.0,,,16546000.0
1991-01-21,120.0,120.0,120.0,120.0,,,16546000.0
1991-01-22,120.0,120.0,120.0,120.0,,,16546000.0
1991-01-23,120.0,120.0,120.0,120.0,,,16546000.0
1991-01-24,120.0,120.0,120.0,120.0,,,16546000.0
1991-01-25,120.0,120.0,120.0,120.0,,,16546000.0
1991-01-28,120.0,120.0,120.0,120.0,,,16546000.0
1991-01-29,120.0,120.0,120.0,120.0,,,16546000.0
1991-01-30,120.0,120.0,120.0,120.0,,,16546000.0
1991-01-31,120.0,116.0,120.0,116.0,,,16546000.0
1991-02-01,120.0,120.0,120.0,120.0,,,16546000.0
1991-02-04,120.0,119.0,120.0,119.0,,,16546000.0
1991-02-05,120.0,119.0,120.0,119.0,,,16546000.0
1991-02-06,119.0,118.0,118.0,119.0,,,16546000.0
1991-02-07,120.0,119.0,120.0,119.0,,,16546000.0
1991-02-08,119.0,118.0,118.0,119.0,,,16546000.0
1991-02-11,120.0,119.0,120.0,119.0,,,16546000.0
1991-02-12,119.0,118.0,118.0,119.0,,,16546000.0
1991-02-13,120.0,119.0,120.0,119.0,,,16546000.0
1991-02-14,120.0,119.0,120.0,119.0,,,16546000.0
1991-02-15,120.0,119.0,120.0,119.0,,,16546000.0
1991-02-18,120.0,119.0,120.0,119.0,,,16546000.0
1991-02-19,120.0,119.0,120.0,119.0,,,16546000.0
1991-02-20,120.0,119.0,120.0,119.0,,,16546000.0
1991-02-21,120.0,119.0,120.0,119.0,,,16546000.0
1991-02-22,120.0,119.0,120.0,119.0,,,16546000.0
1991-02-25,118.0,113.0,118.0,114.0,,,16546000.0
1991-02-26,114.0,113.0,113.0,114.0,,,16546000.0
1991-02-27,114.0,113.0,113.0,114.0,,,16546000.0
1991-02-28,118.0,113.0,113.0,118.0,,,16546000.0
1991-03-01,118.0,117.0,117.0,118.0,,,16546000.0
1991-03-04,119.0,117.0,117.0,119.0,,,16546000.0
1991-03-05,120.0,120.0,120.0,120.0,,,16546000.0
1991-03-06,126.0,120.0,120.0,126.0,,,16546000.0
1991-03-07,129.0,127.0,127.0,129.0,,,16721000.0
1991-03-08,130.0,127.0,127.0,130.0,,,16721000.0
1991-03-11,135.0,130.0,130.0,135.0,,,16721000.0
1991-03-12,135.0,135.0,135.0,135.0,,,16721000.0
1991-03-13,135.0,135.0,135.0,135.0,,,16721000.0
1991-03-14,135.0,135.0,135.0,135.0,,,16721000.0
1991-03-15,135.0,135.0,135.0,135.0,,,16721000.0
1991-03-18,135.0,135.0,135.0,135.0,,,16721000.0
1991-03-19,135.0,135.0,135.0,135.0,,,16721000.0
1991-03-20,135.0,135.0,135.0,135.0,,,16721000.0
1991-03-21,135.0,135.0,135.0,135.0,,,16721000.0
1991-03-22,135.0,135.0,135.0,135.0,,,16721000.0
1991-03-25,135.0,135.0,135.0,135.0,,,16721000.0
1991-03-26,135.0,135.0,135.0,135.0,,,16721000.0
1991-03-27,135.0,135.0,135.0,135.0,,,16721000.0
1991-03-28,135.0,134.0,135.0,134.0,,,16721000.0
1991-04-02,134.0,133.0,133.0,134.0,,,16721000.0
1991-04-03,134.0,133.0,133.0,133.0,,,16721000.0
1991-04-04,133.0,133.0,133.0,133.0,,,16721000.0
1991-04-05,133.0,133.0,133.0,133.0,,,16721000.0
1991-04-08,133.0,133.0,133.0,133.0,,,16723000.0
1991-04-09,133.0,133.0,133.0,133.0,,,16723000.0
1991-04-10,133.0,133.0,133.0,133.0,,,16723000.0
1991-04-11,133.0,133.0,133.0,133.0,,,16723000.0
1991-04-12,133.0,133.0,133.0,133.0,,,16723000.0
1991-04-15,133.0,133.0,133.0,133.0,,,16723000.0
1991-04-16,133.0,133.0,133.0,133.0,,,16723000.0
1991-04-17,133.0,133.0,133.0,133.0,,,16723000.0
1991-04-18,133.0,133.0,133.0,133.0,,,16723000.0
1991-04-19,133.0,133.0,133.0,133.0,,,16723000.0
1991-04-22,133.0,133.0,133.0,133.0,,,16723000.0
1991-04-23,133.0,133.0,133.0,133.0,,,16723000.0
1991-04-24,133.0,133.0,133.0,133.0,,,16723000.0
1991-04-25,133.0,133.0,133.0,133.0,,,16723000.0
1991-04-26,133.0,133.0,133.0,133.0,,,16723000.0
1991-04-29,133.0,133.0,133.0,133.0,,,16723000.0
1991-04-30,133.0,133.0,133.0,133.0,,,16723000.0
1991-05-01,132.0,131.0,131.0,131.0,,,16723000.0
1991-05-02,131.0,131.0,131.0,131.0,,,16723000.0
1991-05-03,131.0,130.0,131.0,130.0,,,16723000.0
1991-05-07,130.0,130.0,130.0,130.0,,,16723000.0
1991-05-08,130.0,130.0,130.0,130.0,,,16723000.0
1991-05-09,130.0,130.0,130.0,130.0,,,16723000.0
1991-05-10,130.0,130.0,130.0,130.0,,,16723000.0
1991-05-13,130.0,130.0,130.0,130.0,,,16723000.0
1991-05-14,130.0,130.0,130.0,130.0,,,16723000.0
1991-05-15,134.0,130.0,130.0,134.0,,,16723000.0
1991-05-16,134.0,133.0,133.0,134.0,,,16723000.0
1991-05-17,134.0,133.0,133.0,134.0,,,16723000.0
1991-05-20,133.0,133.0,133.0,133.0,,,16723000.0
1991-05-21,133.0,133.0,133.0,133.0,,,16723000.0
1991-05-22,133.0,132.0,132.0,133.0,,,16723000.0
1991-05-23,133.0,133.0,133.0,133.0,,,16723000.0
1991-05-24,133.0,133.0,133.0,133.0,,,16723000.0
1991-05-28,133.0,133.0,133.0,133.0,,,16723000.0
1991-05-29,133.0,132.0,132.0,133.0,,,16723000.0
1991-05-30,133.0,132.0,132.0,133.0,,,16723000.0
1991-05-31,133.0,132.0,133.0,132.0,,,16723000.0
1991-06-03,133.0,133.0,133.0,133.0,,,16723000.0
1991-06-04,133.0,132.0,132.0,133.0,,,16723000.0
1991-06-05,133.0,133.0,133.0,133.0,,,16723000.0
1991-06-06,133.0,133.0,133.0,133.0,,,16723000.0
1991-06-07,133.0,132.0,133.0,132.0,,,16723000.0
1991-06-10,132.0,132.0,132.0,132.0,,,16723000.0
1991-06-11,133.0,132.0,133.0,132.0,,,16723000.0
1991-06-12,133.0,132.0,133.0,132.0,,,16723000.0
1991-06-13,132.0,130.0,130.0,132.0,,,16723000.0
1991-06-14,133.0,131.0,133.0,131.0,,,16723000.0
1991-06-17,131.0,131.0,131.0,131.0,,,16723000.0
1991-06-18,132.0,131.0,132.0,131.0,,,16723000.0
1991-06-19,132.0,131.0,132.0,131.0,,,16723000.0
1991-06-20,132.0,131.0,132.0,131.0,,,16723000.0
1991-06-21,132.0,131.0,132.0,131.0,,,16723000.0
1991-06-24,132.0,131.0,132.0,131.0,,,16723000.0
1991-06-25,132.0,131.0,132.0,131.0,,,16723000.0
1991-06-26,132.0,131.0,132.0,131.0,,,16723000.0
1991-06-27,132.0,131.0,132.0,131.0,,,16723000.0
1991-06-28,131.0,130.0,130.0,131.0,,,16723000.0
1991-07-01,132.0,131.0,132.0,131.0,,,16723000.0
1991-07-02,132.0,132.0,132.0,132.0,,,16723000.0
1991-07-03,132.0,131.0,132.0,131.0,,,16723000.0
1991-07-04,132.0,131.0,132.0,131.0,,,16723000.0
1991-07-05,132.0,131.0,132.0,131.0,,,16723000.0
1991-07-08,132.0,131.0,132.0,131.0,,,16723000.0
1991-07-09,132.0,131.0,132.0,131.0,,,16723000.0
1991-07-10,132.0,129.0,132.0,129.0,,,16723000.0
1991-07-11,130.0,129.0,130.0,129.0,,,16723000.0
1991-07-12,130.0,129.0,130.0,129.0,,,16723000.0
1991-07-15,130.0,127.0,130.0,127.0,,,16723000.0
1991-07-16,127.0,125.0,125.0,125.0,,,16723000.0
1991-07-17,125.0,125.0,125.0,125.0,,,16723000.0
1991-07-18,125.0,125.0,125.0,125.0,,,16723000.0
1991-07-19,125.0,125.0,125.0,125.0,,,16723000.0
1991-07-22,125.0,125.0,125.0,125.0,,,16723000.0
1991-07-23,125.0,123.0,125.0,123.0,,,16723000.0
1991-07-24,125.0,123.0,125.0,123.0,,,16723000.0
1991-07-25,125.0,121.0,125.0,123.0,,,16723000.0
1991-07-26,125.0,123.0,125.0,123.0,,,16723000.0
1991-07-29,125.0,123.0,125.0,123.0,,,16723000.0
1991-07-30,125.0,120.0,125.0,120.0,,,16723000.0
1991-07-31,120.0,120.0,120.0,120.0,,,16723000.0
1991-08-01,120.0,120.0,120.0,120.0,,,16723000.0
1991-08-02,120.0,120.0,120.0,120.0,,,16723000.0
1991-08-05,120.0,120.0,120.0,120.0,,,16723000.0
1991-08-06,121.0,120.0,120.0,121.0,,,16723000.0
1991-08-07,121.0,120.0,120.0,120.0,,,16723000.0
1991-08-08,120.0,119.0,120.0,119.0,,,16723000.0
1991-08-09,120.0,120.0,120.0,120.0,,,16723000.0
1991-08-12,120.0,119.0,120.0,119.0,,,16723000.0
1991-08-13,122.0,119.0,120.0,122.0,,,16723000.0
1991-08-14,124.0,122.0,123.0,124.0,,,16723000.0
1991-08-15,124.0,123.0,123.0,123.0,,,16723000.0
1991-08-16,123.0,123.0,123.0,123.0,,,16723000.0
1991-08-19,121.0,120.0,120.0,121.0,,,16723000.0
1991-08-20,121.0,120.0,120.0,121.0,,,16723000.0
1991-08-21,121.0,120.0,120.0,121.0,,,16723000.0
1991-08-22,121.0,121.0,121.0,121.0,,,16723000.0
1991-08-23,121.0,120.0,120.0,121.0,,,16723000.0
1991-08-27,121.0,121.0,121.0,121.0,,,16723000.0
1991-08-28,122.0,120.0,120.0,122.0,,,16723000.0
1991-08-29,123.0,120.0,120.0,123.0,,,16723000.0
1991-08-30,123.0,123.0,123.0,123.0,,,16723000.0
1991-09-02,123.0,123.0,123.0,123.0,,,16723000.0
1991-09-03,123.0,123.0,123.0,123.0,,,16723000.0
1991-09-04,123.0,123.0,123.0,123.0,,,16723000.0
1991-09-05,123.0,123.0,123.0,123.0,,,16723000.0
1991-09-06,123.0,123.0,123.0,123.0,,,16723000.0
1991-09-09,123.0,123.0,123.0,123.0,,,16723000.0
1991-09-10,123.0,123.0,123.0,123.0,,,16723000.0
1991-09-11,123.0,123.0,123.0,123.0,,,16723000.0
1991-09-12,123.0,123.0,123.0,123.0,,,16723000.0
1991-09-13,123.0,123.0,123.0,123.0,,,16723000.0
1991-09-16,123.0,123.0,123.0,123.0,,,16723000.0
1991-09-17,123.0,123.0,123.0,123.0,,,16723000.0
1991-09-18,123.0,123.0,123.0,123.0,,,16723000.0
1991-09-19,123.0,123.0,123.0,123.0,,,16723000.0
1991-09-20,126.0,123.0,123.0,126.0,,,16723000.0
1991-09-23,127.0,125.0,125.0,127.0,,,16723000.0
1991-09-24,127.0,127.0,127.0,127.0,,,16723000.0
1991-09-25,127.0,127.0,127.0,127.0,,,16723000.0
1991-09-26,127.0,127.0,127.0,127.0,,,16723000.0
1991-09-27,127.0,127.0,127.0,127.0,,,16723000.0
1991-09-30,128.0,128.0,128.0,128.0,,,16723000.0
1991-10-01,128.0,128.0,128.0,128.0,,,16723000.0
1991-10-02,128.0,128.0,128.0,128.0,,,16723000.0
1991-10-03,128.0,128.0,128.0,128.0,,,16723000.0
1991-10-04,128.0,128.0,128.0,128.0,,,16723000.0
1991-10-07,128.0,127.0,127.0,128.0,,,16723000.0
1991-10-08,128.0,128.0,128.0,128.0,,,16723000.0
1991-10-09,128.0,128.0,128.0,128.0,,,16723000.0
1991-10-10,129.0,128.0,128.0,129.0,,,16723000.0
1991-10-11,130.0,128.0,130.0,129.0,,,16723000.0
1991-10-14,129.0,128.0,128.0,129.0,,,16723000.0
1991-10-15,129.0,128.0,128.0,129.0,,,16723000.0
1991-10-16,129.0,128.0,128.0,129.0,,,16723000.0
1991-10-17,129.0,127.0,127.0,129.0,,,16723000.0
1991-10-18,130.0,129.0,130.0,129.0,,,16723000.0
1991-10-21,129.0,128.0,128.0,129.0,,,16723000.0
1991-10-22,129.0,127.0,127.0,129.0,,,16723000.0
1991-10-23,129.0,128.0,128.0,129.0,,,16723000.0
1991-10-24,129.0,128.0,128.0,129.0,,,16723000.0
1991-10-25,130.0,129.0,130.0,129.0,,,16723000.0
1991-10-28,130.0,129.0,130.0,129.0,,,16723000.0
1991-10-29,129.0,128.0,128.0,129.0,,,16723000.0
1991-10-30,130.0,129.0,130.0,129.0,,,16723000.0
1991-10-31,130.0,129.0,130.0,129.0,,,16723000.0
1991-11-01,129.0,128.0,128.0,129.0,,,16723000.0
1991-11-04,130.0,128.0,128.0,130.0,,,16723000.0
1991-11-05,130.0,129.0,130.0,129.0,,,16723000.0
1991-11-06,129.0,128.0,128.0,129.0,,,16723000.0
1991-11-07,129.0,128.0,128.0,129.0,,,16723000.0
1991-11-08,129.0,128.0,128.0,129.0,,,16723000.0
1991-11-11,129.0,128.0,128.0,129.0,,,16723000.0
1991-11-12,129.0,127.0,128.0,127.0,,,16723000.0
1991-11-13,128.0,125.0,128.0,125.0,,,16723000.0
1991-11-14,125.0,125.0,125.0,125.0,,,16723000.0
1991-11-15,126.0,125.0,125.0,126.0,,,16723000.0
1991-11-18,126.0,124.0,125.0,126.0,,,16723000.0
1991-11-19,126.0,125.0,125.0,126.0,,,16723000.0
1991-11-20,126.0,125.0,125.0,126.0,,,16723000.0
1991-11-21,126.0,125.0,125.0,126.0,,,16723000.0
1991-11-22,126.0,125.0,125.0,126.0,,,16723000.0
1991-11-25,126.0,125.0,125.0,126.0,,,16723000.0
1991-11-26,127.0,126.0,127.0,126.0,,,16723000.0
1991-11-27,126.0,125.0,125.0,126.0,,,16723000.0
1991-11-28,126.0,125.0,125.0,125.0,,,16723000.0
1991-11-29,125.0,125.0,125.0,125.0,,,16723000.0
1991-12-02,125.0,125.0,125.0,125.0,,,16723000.0
1991-12-03,125.0,125.0,125.0,125.0,,,16723000.0
1991-12-04,125.0,125.0,125.0,125.0,,,16723000.0
1991-12-05,125.0,125.0,125.0,125.0,,,16723000.0
1991-12-06,125.0,125.0,125.0,125.0,,,16723000.0
1991-12-09,125.0,125.0,125.0,125.0,,,16723000.0
1991-12-10,125.0,125.0,125.0,125.0,,,16723000.0
1991-12-11,125.0,125.0,125.0,125.0,,,16723000.0
1991-12-12,125.0,124.0,125.0,124.0,,,16723000.0
1991-12-13,125.0,124.0,125.0,124.0,,,16723000.0
1991-12-16,125.0,124.0,125.0,124.0,,,16723000.0
1991-12-17,125.0,124.0,125.0,124.0,,,16723000.0
1991-12-18,125.0,124.0,125.0,124.0,,,16723000.0
1991-12-19,125.0,124.0,125.0,124.0,,,16723000.0
1991-12-20,125.0,124.0,125.0,124.0,,,16723000.0
1991-12-23,125.0,124.0,125.0,124.0,,,16723000.0
1991-12-24,125.0,124.0,125.0,124.0,,,16723000.0
1991-12-27,125.0,124.0,125.0,124.0,,,16723000.0
1991-12-30,125.0,124.0,125.0,124.0,,,16723000.0
1991-12-31,125.0,124.0,125.0,124.0,,,16723000.0
1992-01-02,125.0,124.0,125.0,124.0,,,16723000.0
1992-01-03,125.0,124.0,125.0,124.0,,,16723000.0
1992-01-06,125.0,124.0,125.0,124.0,,,16723000.0
1992-01-07,125.0,124.0,125.0,124.0,,,16723000.0
1992-01-08,125.0,122.0,125.0,122.0,,,16723000.0
1992-01-09,122.0,121.0,122.0,121.0,,,16723000.0
1992-01-10,122.0,121.0,122.0,121.0,,,16723000.0
1992-01-13,122.0,121.0,122.0,121.0,,,16723000.0
1992-01-14,122.0,121.0,122.0,121.0,,,16723000.0
1992-01-15,123.0,120.0,123.0,120.0,,,16723000.0
1992-01-16,120.0,120.0,120.0,120.0,,,16733000.0
1992-01-17,123.0,120.0,123.0,120.0,,,16733000.0
1992-01-20,120.0,120.0,120.0,120.0,,,16733000.0
1992-01-21,120.0,120.0,120.0,120.0,,,16733000.0
1992-01-22,120.0,120.0,120.0,120.0,,,16733000.0
1992-01-23,120.0,120.0,120.0,120.0,,,16733000.0
1992-01-24,120.0,120.0,120.0,120.0,,,16733000.0
1992-01-27,120.0,119.0,120.0,119.0,,,16733000.0
1992-01-28,120.0,119.0,120.0,119.0,,,16733000.0
1992-01-29,120.0,119.0,120.0,119.0,,,16733000.0
1992-01-30,120.0,119.0,120.0,119.0,,,16733000.0
1992-01-31,120.0,119.0,120.0,119.0,,,16733000.0
1992-02-03,120.0,119.0,120.0,119.0,,,16733000.0
1992-02-04,120.0,119.0,120.0,119.0,,,16733000.0
1992-02-05,120.0,119.0,120.0,119.0,,,16733000.0
1992-02-06,120.0,119.0,120.0,119.0,,,16733000.0
1992-02-07,120.0,119.0,120.0,119.0,,,16733000.0
1992-02-10,120.0,119.0,120.0,119.0,,,16733000.0
1992-02-11,120.0,119.0,120.0,119.0,,,16733000.0
1992-02-12,120.0,119.0,120.0,119.0,,,16733000.0
1992-02-13,120.0,119.0,120.0,119.0,,,16733000.0
1992-02-14,119.0,117.0,117.0,119.0,,,16733000.0
1992-02-17,120.0,119.0,120.0,119.0,,,16733000.0
1992-02-18,120.0,119.0,120.0,119.0,,,16733000.0
1992-02-19,120.0,119.0,120.0,119.0,,,16733000.0
1992-02-20,120.0,119.0,120.0,119.0,,,16733000.0
1992-02-21,119.0,117.0,117.0,119.0,,,16733000.0
1992-02-24,120.0,119.0,120.0,119.0,,,16733000.0
1992-02-25,120.0,119.0,120.0,119.0,,,16733000.0
1992-02-26,120.0,119.0,120.0,119.0,,,16735000.0
1992-02-27,120.0,119.0,120.0,119.0,,,16735000.0
1992-02-28,120.0,119.0,120.0,119.0,,,16735000.0
1992-03-02,120.0,119.0,120.0,119.0,,,16735000.0
1992-03-03,119.0,116.0,117.0,116.0,,,16735000.0
1992-03-04,116.0,115.0,115.0,116.0,,,16735000.0
1992-03-05,116.0,115.0,115.0,116.0,,,16735000.0
1992-03-06,116.0,115.0,115.0,116.0,,,16735000.0
1992-03-09,116.0,115.0,115.0,116.0,,,16735000.0
1992-03-10,117.0,116.0,117.0,116.0,,,16735000.0
1992-03-11,116.0,115.0,115.0,116.0,,,16735000.0
1992-03-12,116.0,115.0,115.0,116.0,,,16735000.0
1992-03-13,116.0,115.0,115.0,116.0,,,16735000.0
1992-03-16,116.0,115.0,115.0,116.0,,,16735000.0
1992-03-17,116.0,115.0,115.0,116.0,,,16735000.0
1992-03-18,116.0,115.0,115.0,116.0,,,16735000.0
1992-03-19,116.0,115.0,115.0,116.0,,,16735000.0
1992-03-20,116.0,115.0,115.0,116.0,,,16735000.0
1992-03-23,116.0,115.0,115.0,116.0,,,16735000.0
1992-03-24,116.0,115.0,115.0,116.0,,,16735000.0
1992-03-25,116.0,115.0,115.0,116.0,,,16735000.0
1992-03-26,116.0,115.0,115.0,116.0,,,16735000.0
1992-03-27,116.0,115.0,115.0,116.0,,,16735000.0
1992-03-30,116.0,115.0,115.0,116.0,,,16735000.0
1992-03-31,116.0,115.0,115.0,116.0,,,16735000.0
1992-04-01,116.0,115.0,115.0,116.0,,,16735000.0
1992-04-02,116.0,115.0,115.0,116.0,,,16735000.0
1992-04-03,116.0,115.0,115.0,116.0,,,16735000.0
1992-04-06,116.0,115.0,115.0,116.0,,,16735000.0
1992-04-07,116.0,115.0,115.0,116.0,,,16735000.0
1992-04-08,116.0,115.0,115.0,115.0,,,16735000.0
1992-04-09,115.0,113.0,115.0,113.0,,,16735000.0
1992-04-10,120.0,115.0,120.0,115.0,,,16735000.0
1992-04-13,115.0,114.0,115.0,114.0,,,16735000.0
1992-04-14,115.0,114.0,115.0,114.0,,,16735000.0
1992-04-15,115.0,114.0,115.0,114.0,,,16735000.0
1992-04-16,114.0,113.0,113.0,114.0,,,16735000.0
1992-04-21,114.0,113.0,113.0,114.0,,,16735000.0
1992-04-22,115.0,114.0,115.0,114.0,,,16735000.0
1992-04-23,114.0,113.0,113.0,114.0,,,16735000.0
1992-04-24,114.0,113.0,113.0,114.0,,,16735000.0
1992-04-27,118.0,113.0,113.0,118.0,,,16735000.0
1992-04-28,120.0,115.0,115.0,120.0,,,16735000.0
1992-04-29,120.0,120.0,120.0,120.0,,,16735000.0
1992-04-30,120.0,120.0,120.0,120.0,,,16735000.0
1992-05-01,120.0,120.0,120.0,120.0,,,16735000.0
1992-05-05,120.0,119.0,120.0,119.0,,,16735000.0
1992-05-06,119.0,117.0,117.0,119.0,,,16735000.0
1992-05-07,119.0,117.0,117.0,119.0,,,16735000.0
1992-05-08,119.0,117.0,117.0,119.0,,,16735000.0
1992-05-11,117.0,112.0,113.0,112.0,,,16735000.0
1992-05-12,114.0,112.0,114.0,112.0,,,16735000.0
1992-05-13,114.0,112.0,114.0,112.0,,,16735000.0
1992-05-14,114.0,112.0,114.0,112.0,,,16735000.0
1992-05-15,114.0,112.0,114.0,112.0,,,16735000.0
1992-05-18,114.0,112.0,114.0,112.0,,,16735000.0
1992-05-19,114.0,112.0,114.0,112.0,,,16735000.0
1992-05-20,114.0,110.0,114.0,110.0,,,16735000.0
1992-05-21,112.0,110.0,110.0,112.0,,,16735000.0
1992-05-22,112.0,110.0,110.0,112.0,,,16735000.0
1992-05-26,121.0,112.0,113.0,121.0,,,16735000.0
1992-05-27,124.0,120.0,120.0,124.0,,,16735000.0
1992-05-28,127.0,123.0,123.0,127.0,,,16735000.0
1992-05-29,128.0,124.0,128.0,128.0,,,16735000.0
1992-06-01,129.0,128.0,128.0,128.0,,,16735000.0
1992-06-02,128.0,127.0,128.0,128.0,,,16735000.0
1992-06-03,128.0,127.0,128.0,128.0,,,16735000.0
1992-06-04,128.0,127.0,128.0,128.0,,,16735000.0
1992-06-05,128.0,127.0,128.0,128.0,,,16735000.0
1992-06-08,129.0,128.0,128.0,128.0,,,16735000.0
1992-06-09,129.0,127.0,128.0,129.0,,,16735000.0
1992-06-10,129.0,125.0,125.0,129.0,,,16735000.0
1992-06-11,129.0,127.0,128.0,129.0,,,16735000.0
1992-06-12,129.0,127.0,128.0,129.0,,,16735000.0
1992-06-15,133.0,127.0,128.0,133.0,,,16735000.0
1992-06-16,136.0,132.0,132.0,136.0,,,16735000.0
1992-06-17,136.0,135.0,135.0,136.0,,,16735000.0
1992-06-18,136.0,135.0,135.0,136.0,,,16735000.0
1992-06-19,136.0,135.0,135.0,136.0,,,16735000.0
1992-06-22,136.0,135.0,135.0,136.0,,,16735000.0
1992-06-23,136.0,135.0,135.0,136.0,,,16735000.0
1992-06-24,136.0,135.0,135.0,135.0,,,16735000.0
1992-06-25,135.0,133.0,133.0,133.0,,,16735000.0
1992-06-26,133.0,129.0,133.0,129.0,,,16735000.0
1992-06-29,130.0,129.0,130.0,129.0,,,16735000.0
1992-06-30,130.0,129.0,130.0,129.0,,,16735000.0
1992-07-01,130.0,129.0,130.0,129.0,,,16735000.0
1992-07-02,130.0,126.0,130.0,129.0,,,16735000.0
1992-07-03,130.0,129.0,130.0,129.0,,,16735000.0
1992-07-06,130.0,129.0,130.0,129.0,,,16735000.0
1992-07-07,130.0,129.0,130.0,129.0,,,16735000.0
1992-07-08,130.0,129.0,130.0,129.0,,,16735000.0
1992-07-09,130.0,129.0,130.0,129.0,,,16735000.0
1992-07-10,130.0,129.0,130.0,129.0,,,16735000.0
1992-07-13,129.0,128.0,128.0,129.0,,,16735000.0
1992-07-14,129.0,128.0,128.0,129.0,,,16735000.0
1992-07-15,129.0,128.0,128.0,129.0,,,16735000.0
1992-07-16,129.0,128.0,128.0,129.0,,,16735000.0
1992-07-17,129.0,128.0,128.0,129.0,,,16735000.0
1992-07-20,129.0,128.0,128.0,129.0,,,16735000.0
1992-07-21,129.0,128.0,128.0,129.0,,,16735000.0
1992-07-22,129.0,128.0,128.0,129.0,,,16735000.0
1992-07-23,129.0,128.0,128.0,129.0,,,16735000.0
1992-07-24,129.0,128.0,128.0,129.0,,,16735000.0
1992-07-27,129.0,128.0,128.0,129.0,,,16735000.0
1992-07-28,129.0,128.0,128.0,129.0,,,16735000.0
1992-07-29,129.0,128.0,128.0,129.0,,,16735000.0
1992-07-30,129.0,128.0,128.0,129.0,,,16735000.0
1992-07-31,129.0,128.0,128.0,129.0,,,16735000.0
1992-08-03,129.0,128.0,128.0,129.0,,,16735000.0
1992-08-04,129.0,128.0,128.0,129.0,,,16735000.0
1992-08-05,129.0,128.0,128.0,129.0,,,16735000.0
1992-08-06,129.0,128.0,128.0,128.0,,,16735000.0
1992-08-07,129.0,128.0,128.0,129.0,,,16735000.0
1992-08-10,129.0,128.0,128.0,129.0,,,16735000.0
1992-08-11,129.0,128.0,128.0,129.0,,,16735000.0
1992-08-12,129.0,128.0,128.0,129.0,,,16735000.0
1992-08-13,129.0,128.0,128.0,129.0,,,16735000.0
1992-08-14,129.0,128.0,128.0,129.0,,,16735000.0
1992-08-17,130.0,129.0,130.0,129.0,,,16735000.0
1992-08-18,129.0,128.0,128.0,128.0,,,16735000.0
1992-08-19,128.0,127.0,127.0,128.0,,,16735000.0
1992-08-20,128.0,127.0,127.0,128.0,,,16735000.0
1992-08-21,128.0,127.0,127.0,128.0,,,16735000.0
1992-08-24,128.0,127.0,127.0,128.0,,,16735000.0
1992-08-25,128.0,125.0,127.0,125.0,,,16735000.0
1992-08-26,125.0,125.0,125.0,125.0,,,16735000.0
1992-08-27,125.0,125.0,125.0,125.0,,,16735000.0
1992-08-28,125.0,125.0,125.0,125.0,,,16735000.0
1992-09-01,125.0,125.0,125.0,125.0,,,16735000.0
1992-09-02,125.0,125.0,125.0,125.0,,,16735000.0
1992-09-03,125.0,125.0,125.0,125.0,,,16735000.0
1992-09-04,125.0,125.0,125.0,125.0,,,16735000.0
1992-09-07,125.0,125.0,125.0,125.0,,,16735000.0
1992-09-08,125.0,124.0,125.0,124.0,,,16735000.0
1992-09-09,124.0,124.0,124.0,124.0,,,16735000.0
1992-09-10,125.0,121.0,125.0,121.0,,,16735000.0
1992-09-11,122.0,121.0,122.0,121.0,,,16735000.0
1992-09-14,121.0,121.0,121.0,121.0,,,16735000.0
1992-09-15,122.0,121.0,122.0,121.0,,,16735000.0
1992-09-16,122.0,121.0,122.0,121.0,,,16735000.0
1992-09-17,122.0,121.0,122.0,121.0,,,16735000.0
1992-09-18,121.0,121.0,121.0,121.0,,,16735000.0
1992-09-21,121.0,121.0,121.0,121.0,,,16735000.0
1992-09-22,121.0,121.0,121.0,121.0,,,16735000.0
1992-09-23,121.0,121.0,121.0,121.0,,,16735000.0
1992-09-24,121.0,121.0,121.0,121.0,,,16735000.0
1992-09-25,121.0,121.0,121.0,121.0,,,16735000.0
1992-09-28,122.0,121.0,122.0,121.0,,,16735000.0
1992-09-29,122.0,121.0,122.0,121.0,,,16735000.0
1992-09-30,121.0,121.0,121.0,121.0,,,16735000.0
1992-10-01,122.0,121.0,122.0,121.0,,,16735000.0
1992-10-02,121.0,121.0,121.0,121.0,,,16735000.0
1992-10-05,122.0,121.0,122.0,121.0,,,16735000.0
1992-10-06,121.0,121.0,121.0,121.0,,,16735000.0
1992-10-07,121.0,121.0,121.0,121.0,,,16735000.0
1992-10-08,122.0,121.0,122.0,121.0,,,16735000.0
1992-10-09,121.0,121.0,121.0,121.0,,,16735000.0
1992-10-12,121.0,121.0,121.0,121.0,,,16735000.0
1992-10-13,121.0,121.0,121.0,121.0,,,16735000.0
1992-10-14,121.0,120.0,120.0,121.0,,,16735000.0
1992-10-15,121.0,120.0,120.0,120.0,,,16735000.0
1992-10-16,122.0,119.0,122.0,119.0,,,16735000.0
1992-10-19,120.0,119.0,120.0,119.0,,,16735000.0
1992-10-20,120.0,119.0,120.0,119.0,,,16735000.0
1992-10-21,120.0,119.0,120.0,119.0,,,16735000.0
1992-10-22,120.0,119.0,120.0,119.0,,,16735000.0
1992-10-23,120.0,119.0,119.0,120.0,,,16735000.0
1992-10-26,120.0,120.0,120.0,120.0,,,16735000.0
1992-10-27,121.0,120.0,120.0,121.0,,,16735000.0
1992-10-28,122.0,121.0,122.0,121.0,,,16735000.0
1992-10-29,121.0,120.0,120.0,121.0,,,16735000.0
1992-10-30,122.0,121.0,122.0,121.0,,,16735000.0
1992-11-02,120.0,119.0,120.0,119.0,,,16735000.0
1992-11-03,119.0,118.0,118.0,119.0,,,16735000.0
1992-11-04,120.0,119.0,120.0,119.0,,,16735000.0
1992-11-05,120.0,119.0,120.0,119.0,,,16735000.0
1992-11-06,119.0,118.0,118.0,119.0,,,16735000.0
1992-11-09,120.0,119.0,120.0,119.0,,,16735000.0
1992-11-10,120.0,119.0,120.0,119.0,,,16735000.0
1992-11-11,120.0,119.0,120.0,119.0,,,16735000.0
1992-11-12,120.0,119.0,120.0,120.0,,,16735000.0
1992-11-13,120.0,120.0,120.0,120.0,,,16735000.0
1992-11-16,120.0,120.0,120.0,120.0,,,16735000.0
1992-11-17,120.0,120.0,120.0,120.0,,,16735000.0
1992-11-18,120.0,120.0,120.0,120.0,,,16735000.0
1992-11-19,120.0,120.0,120.0,120.0,,,16735000.0
1992-11-20,120.0,120.0,120.0,120.0,,,16735000.0
1992-11-23,120.0,120.0,120.0,120.0,,,16735000.0
1992-11-24,120.0,120.0,120.0,120.0,,,16735000.0
1992-11-25,120.0,120.0,120.0,120.0,,,16735000.0
1992-11-26,120.0,120.0,120.0,120.0,,,16735000.0
1992-11-27,120.0,120.0,120.0,120.0,,,16735000.0
1992-11-30,120.0,120.0,120.0,120.0,,,16735000.0
1992-12-01,120.0,120.0,120.0,120.0,,,16735000.0
1992-12-02,120.0,120.0,120.0,120.0,,,16735000.0
1992-12-03,120.0,119.0,120.0,119.0,,,16735000.0
1992-12-04,125.0,121.0,122.0,125.0,,,16735000.0
1992-12-07,125.0,125.0,125.0,125.0,,,16735000.0
1992-12-08,125.0,125.0,125.0,125.0,,,16735000.0
1992-12-09,125.0,125.0,125.0,125.0,,,16735000.0
1992-12-10,125.0,125.0,125.0,125.0,,,16735000.0
1992-12-11,125.0,125.0,125.0,125.0,,,16735000.0
1992-12-14,125.0,125.0,125.0,125.0,,,16735000.0
1992-12-15,125.0,125.0,125.0,125.0,,,16735000.0
1992-12-16,125.0,125.0,125.0,125.0,,,16735000.0
1992-12-17,128.0,125.0,125.0,128.0,,,16735000.0
1992-12-18,130.0,128.0,130.0,129.0,,,16735000.0
1992-12-21,131.0,129.0,130.0,131.0,,,16735000.0
1992-12-22,138.0,131.0,132.0,138.0,,,16735000.0
1992-12-23,139.0,138.0,138.0,139.0,,,16735000.0
1992-12-24,140.0,139.0,140.0,139.0,,,16735000.0
1992-12-29,140.0,139.0,140.0,139.0,,,16735000.0
1992-12-30,140.0,139.0,140.0,139.0,,,16735000.0
1992-12-31,139.0,138.0,138.0,139.0,,,16735000.0
1993-01-04,139.0,138.0,138.0,139.0,,,16735000.0
1993-01-05,140.0,139.0,140.0,139.0,,,16735000.0
1993-01-06,139.0,138.0,138.0,139.0,,,16735000.0
1993-01-07,139.0,138.0,138.0,139.0,,,16735000.0
1993-01-08,139.0,138.0,138.0,139.0,,,16735000.0
1993-01-11,139.0,138.0,138.0,139.0,,,16735000.0
1993-01-12,139.0,138.0,138.0,139.0,,,16735000.0
1993-01-13,139.0,138.0,138.0,139.0,,,16735000.0
1993-01-14,140.0,139.0,140.0,139.0,,,16735000.0
1993-01-15,139.0,138.0,138.0,139.0,,,16735000.0
1993-01-18,139.0,138.0,138.0,139.0,,,16735000.0
1993-01-19,139.0,138.0,138.0,139.0,,,16735000.0
1993-01-20,139.0,138.0,138.0,139.0,,,16735000.0
1993-01-21,139.0,138.0,138.0,139.0,,,16735000.0
1993-01-22,139.0,138.0,138.0,139.0,,,16735000.0
1993-01-25,140.0,139.0,140.0,139.0,,,16735000.0
1993-01-26,139.0,138.0,138.0,139.0,,,16735000.0
1993-01-27,140.0,139.0,140.0,139.0,,,16735000.0
1993-01-28,140.0,139.0,140.0,139.0,,,16735000.0
1993-01-29,140.0,139.0,140.0,139.0,,,16735000.0
1993-02-01,139.0,138.0,138.0,139.0,,,16734687.0
1993-02-02,139.0,138.0,138.0,139.0,,,16734687.0
1993-02-03,139.0,138.0,138.0,139.0,,,16734687.0
1993-02-04,139.0,137.0,138.0,137.0,,,16734687.0
1993-02-05,137.0,135.0,135.0,137.0,,,16734687.0
1993-02-08,138.0,137.0,138.0,137.0,,,16734687.0
1993-02-09,138.0,137.0,138.0,137.0,,,16734687.0
1993-02-10,137.0,135.0,135.0,137.0,,,16734687.0
1993-02-11,137.0,135.0,135.0,137.0,,,16734687.0
1993-02-12,138.0,137.0,138.0,137.0,,,16734687.0
1993-02-15,138.0,135.0,138.0,135.0,,,16734687.0
1993-02-16,135.0,135.0,135.0,135.0,,,16734687.0
1993-02-17,135.0,135.0,135.0,135.0,,,16734687.0
1993-02-18,135.0,135.0,135.0,135.0,,,16734687.0
1993-02-19,135.0,135.0,135.0,135.0,,,16734687.0
1993-02-22,136.0,135.0,135.0,136.0,,,16734687.0
1993-02-23,137.0,136.0,137.0,136.0,,,16734687.0
1993-02-24,137.0,136.0,137.0,136.0,,,16734687.0
1993-02-25,137.0,136.0,137.0,136.0,,,16734687.0
1993-02-26,137.0,136.0,137.0,136.0,,,16734687.0
1993-03-01,137.0,136.0,137.0,136.0,,,16734687.0
1993-03-02,137.0,136.0,137.0,136.0,,,16734687.0
1993-03-03,137.0,136.0,137.0,136.0,,,16734687.0
1993-03-04,139.0,137.0,137.0,139.0,,,16734687.0
1993-03-05,142.0,139.0,140.0,142.0,,,16734687.0
1993-03-08,143.0,140.0,140.0,143.0,,,16734687.0
1993-03-09,148.0,143.0,145.0,147.0,,,16734687.0
1993-03-10,148.0,147.0,147.0,147.0,,,16734687.0
1993-03-11,148.0,147.0,147.0,147.0,,,16734687.0
1993-03-12,148.0,147.0,148.0,147.0,,,16734687.0
1993-03-15,147.0,146.0,147.0,147.0,,,16734687.0
1993-03-16,147.0,146.0,147.0,147.0,,,16734687.0
1993-03-17,148.0,147.0,147.0,147.0,,,16734687.0
1993-03-18,148.0,147.0,147.0,147.0,,,16734687.0
1993-03-19,150.0,148.0,150.0,148.0,,,16734687.0
1993-03-22,149.0,148.0,148.0,148.0,,,16734687.0
1993-03-23,148.0,147.0,148.0,148.0,,,16734687.0
1993-03-24,150.0,148.0,150.0,148.0,,,16734687.0
1993-03-25,148.0,147.0,148.0,148.0,,,16734687.0
1993-03-26,150.0,148.0,150.0,148.0,,,16734687.0
1993-03-29,150.0,148.0,150.0,148.0,,,16734687.0
1993-03-30,150.0,148.0,150.0,148.0,,,16734687.0
1993-03-31,151.0,148.0,150.0,151.0,,,16734687.0
1993-04-01,152.0,151.0,152.0,151.0,,,16734687.0
1993-04-02,151.0,150.0,150.0,151.0,,,16734687.0
1993-04-05,151.0,150.0,150.0,151.0,,,16734687.0
1993-04-06,151.0,150.0,150.0,151.0,,,16734687.0
1993-04-07,152.0,151.0,152.0,151.0,,,16734687.0
1993-04-08,151.0,150.0,150.0,151.0,,,16734687.0
1993-04-13,152.0,151.0,152.0,151.0,,,16734687.0
1993-04-14,152.0,151.0,152.0,151.0,,,16734687.0
1993-04-15,151.0,150.0,150.0,151.0,,,16734687.0
1993-04-16,151.0,150.0,150.0,151.0,,,16734687.0
1993-04-19,151.0,150.0,150.0,151.0,,,16734687.0
1993-04-20,151.0,150.0,150.0,151.0,,,16734687.0
1993-04-21,153.0,150.0,150.0,153.0,,,16734687.0
1993-04-22,153.0,150.0,150.0,153.0,,,16734687.0
1993-04-23,153.0,150.0,150.0,150.0,,,16734687.0
1993-04-26,168.0,150.0,150.0,168.0,,,16734687.0
1993-04-27,174.0,165.0,165.0,174.0,,,16734687.0
1993-04-28,175.0,174.0,175.0,174.0,,,16734687.0
1993-04-29,175.0,173.0,175.0,173.0,,,16734687.0
1993-04-30,173.0,172.0,173.0,172.0,,,16734687.0
1993-05-04,172.0,170.0,170.0,172.0,,,16734687.0
1993-05-05,172.0,170.0,170.0,172.0,,,16734687.0
1993-05-06,172.0,170.0,170.0,172.0,,,16734687.0
1993-05-07,172.0,170.0,170.0,172.0,,,16734687.0
1993-05-10,167.0,165.0,165.0,167.0,,,16734687.0
1993-05-11,167.0,165.0,165.0,167.0,,,16734687.0
1993-05-12,167.0,165.0,165.0,167.0,,,16734687.0
1993-05-13,167.0,165.0,165.0,167.0,,,16734687.0
1993-05-14,167.0,165.0,165.0,167.0,,,16734687.0
1993-05-17,167.0,165.0,165.0,167.0,,,16734687.0
1993-05-18,167.0,165.0,165.0,167.0,,,16734687.0
1993-05-19,167.0,165.0,165.0,167.0,,,16734687.0
1993-05-20,167.0,165.0,165.0,167.0,,,16734687.0
1993-05-21,169.0,167.0,168.0,169.0,,,16734687.0
1993-05-24,170.0,169.0,170.0,169.0,,,16734687.0
1993-05-25,171.0,169.0,170.0,171.0,,,16734687.0
1993-05-26,171.0,170.0,170.0,171.0,,,16734687.0
1993-05-27,173.0,170.0,170.0,173.0,,,16734687.0
1993-05-28,175.0,173.0,175.0,175.0,,,16734687.0
1993-06-01,175.0,175.0,175.0,175.0,,,16734687.0
1993-06-02,177.0,175.0,175.0,177.0,,,16734687.0
1993-06-03,178.0,177.0,178.0,177.0,,,16734687.0
1993-06-04,178.0,177.0,178.0,178.0,,,16734687.0
1993-06-07,182.0,178.0,178.0,182.0,,,16734687.0
1993-06-08,183.0,182.0,183.0,182.0,,,16734687.0
1993-06-09,183.0,182.0,183.0,182.0,,,16734687.0
1993-06-10,183.0,182.0,183.0,182.0,,,16734687.0
1993-06-11,182.0,180.0,180.0,182.0,,,16734687.0
1993-06-14,182.0,180.0,180.0,182.0,,,16734687.0
1993-06-15,182.0,180.0,180.0,182.0,,,16734687.0
1993-06-16,183.0,182.0,183.0,182.0,,,16734687.0
1993-06-17,187.0,180.0,180.0,187.0,,,16734687.0
1993-06-18,188.0,187.0,188.0,187.0,,,16734687.0
1993-06-21,188.0,187.0,188.0,187.0,,,16734687.0
1993-06-22,188.0,187.0,188.0,187.0,,,16734687.0
1993-06-23,187.0,185.0,185.0,187.0,,,16734687.0
1993-06-24,191.0,187.0,188.0,191.0,,,16734687.0
1993-06-25,199.0,192.0,192.0,199.0,,,16734687.0
1993-06-28,200.0,199.0,200.0,200.0,,,16734687.0
1993-06-29,200.0,200.0,200.0,200.0,,,16734687.0
1993-06-30,203.0,200.0,200.0,203.0,,,16734687.0
1993-07-01,205.0,203.0,205.0,203.0,,,16734687.0
1993-07-02,205.0,203.0,205.0,205.0,,,16734687.0
1993-07-05,207.0,205.0,205.0,207.0,,,16734687.0
1993-07-06,211.0,207.0,208.0,211.0,,,16734687.0
1993-07-07,212.0,211.0,212.0,211.0,,,16734687.0
1993-07-08,211.0,210.0,210.0,211.0,,,16734687.0
1993-07-09,218.0,211.0,212.0,218.0,,,16734687.0
1993-07-12,220.0,218.0,220.0,218.0,,,16734687.0
1993-07-13,220.0,215.0,215.0,220.0,,,16734687.0
1993-07-14,221.0,220.0,220.0,221.0,,,16734687.0
1993-07-15,222.0,221.0,222.0,221.0,,,16734687.0
1993-07-16,221.0,220.0,220.0,221.0,,,16734687.0
1993-07-19,224.0,221.0,222.0,224.0,,,16734687.0
1993-07-20,224.0,222.0,222.0,224.0,,,16734687.0
1993-07-21,225.0,224.0,225.0,225.0,,,16734687.0
1993-07-22,225.0,225.0,225.0,225.0,,,16734687.0
1993-07-23,225.0,225.0,225.0,225.0,,,16734687.0
1993-07-26,225.0,225.0,225.0,225.0,,,16734687.0
1993-07-27,225.0,225.0,225.0,225.0,,,16734687.0
1993-07-28,225.0,225.0,225.0,225.0,,,16734687.0
1993-07-29,225.0,225.0,225.0,225.0,,,16734687.0
1993-07-30,225.0,225.0,225.0,225.0,,,16734687.0
1993-08-02,225.0,225.0,225.0,225.0,,,16734687.0
1993-08-03,225.0,225.0,225.0,225.0,,,16734687.0
1993-08-04,225.0,225.0,225.0,225.0,,,16734687.0
1993-08-05,225.0,225.0,225.0,225.0,,,16734687.0
1993-08-06,225.0,225.0,225.0,225.0,,,16734687.0
1993-08-09,225.0,225.0,225.0,225.0,,,16734687.0
1993-08-10,225.0,225.0,225.0,225.0,,,16734687.0
1993-08-11,225.0,225.0,225.0,225.0,,,16734687.0
1993-08-12,225.0,225.0,225.0,225.0,,,16734687.0
1993-08-13,226.0,225.0,225.0,226.0,,,16734687.0
1993-08-16,226.0,225.0,225.0,226.0,,,16734687.0
1993-08-17,226.0,225.0,225.0,226.0,,,16734687.0
1993-08-18,226.0,225.0,225.0,226.0,,,16734687.0
1993-08-19,227.0,226.0,227.0,226.0,,,16734687.0
1993-08-20,226.0,225.0,225.0,226.0,,,16734687.0
1993-08-23,226.0,225.0,225.0,226.0,,,16734687.0
1993-08-24,226.0,225.0,225.0,226.0,,,16734687.0
1993-08-25,227.0,226.0,227.0,226.0,,,16734687.0
1993-08-26,227.0,226.0,227.0,226.0,,,16734687.0
1993-08-27,227.0,226.0,227.0,226.0,,,16734687.0
1993-08-31,226.0,225.0,225.0,226.0,,,16734687.0
1993-09-01,227.0,226.0,227.0,226.0,,,16734687.0
1993-09-02,227.0,226.0,227.0,226.0,,,16734687.0
1993-09-03,227.0,226.0,227.0,226.0,,,16734687.0
1993-09-06,229.0,226.0,227.0,229.0,,,16734687.0
1993-09-07,229.0,227.0,227.0,229.0,,,16734687.0
1993-09-08,230.0,229.0,230.0,229.0,,,16734687.0
1993-09-09,229.0,227.0,227.0,229.0,,,16734687.0
1993-09-10,229.0,227.0,227.0,229.0,,,16734687.0
1993-09-13,230.0,229.0,230.0,229.0,,,16734687.0
1993-09-14,229.0,227.0,227.0,229.0,,,16734687.0
1993-09-15,230.0,229.0,230.0,229.0,,,16734687.0
1993-09-16,229.0,227.0,227.0,229.0,,,16734687.0
1993-09-17,229.0,227.0,227.0,229.0,,,16734687.0
1993-09-20,230.0,229.0,230.0,229.0,,,16734687.0
1993-09-21,229.0,227.0,227.0,229.0,,,16734687.0
1993-09-22,230.0,229.0,230.0,229.0,,,16734687.0
1993-09-23,230.0,229.0,230.0,229.0,,,16734687.0
1993-09-24,230.0,229.0,230.0,229.0,,,16734687.0
1993-09-27,229.0,227.0,227.0,229.0,,,16734687.0
1993-09-28,230.0,229.0,230.0,229.0,,,16734687.0
1993-09-29,230.0,229.0,230.0,229.0,,,16734687.0
1993-09-30,230.0,229.0,230.0,229.0,,,16734687.0
1993-10-01,229.0,227.0,227.0,229.0,,,16734687.0
1993-10-04,229.0,227.0,227.0,229.0,,,16734687.0
1993-10-05,229.0,227.0,227.0,229.0,,,16734687.0
1993-10-06,230.0,229.0,230.0,229.0,,,16734687.0
1993-10-07,229.0,227.0,227.0,229.0,,,16734687.0
1993-10-08,232.0,229.0,230.0,232.0,,,16734687.0
1993-10-11,235.0,232.0,232.0,235.0,,,16734687.0
1993-10-12,236.0,235.0,235.0,236.0,,,16734687.0
1993-10-13,236.0,235.0,235.0,236.0,,,16734687.0
1993-10-14,236.0,235.0,235.0,236.0,,,16734687.0
1993-10-15,236.0,235.0,235.0,236.0,,,16734687.0
1993-10-18,236.0,235.0,235.0,236.0,,,16734687.0
1993-10-19,237.0,236.0,237.0,236.0,,,16734687.0
1993-10-20,236.0,235.0,235.0,236.0,,,16734687.0
1993-10-21,236.0,235.0,235.0,236.0,,,16734687.0
1993-10-22,238.0,235.0,235.0,238.0,,,16734687.0
1993-10-25,245.0,238.0,238.0,245.0,,,16734687.0
1993-10-26,250.0,245.0,245.0,250.0,,,16734687.0
1993-10-27,251.0,250.0,250.0,251.0,,,16734687.0
1993-10-28,251.0,250.0,250.0,251.0,,,16734687.0
1993-10-29,253.0,250.0,250.0,253.0,,,16734687.0
1993-11-01,252.0,250.0,250.0,252.0,,,16734687.0
1993-11-02,252.0,250.0,250.0,252.0,,,16734687.0
1993-11-03,252.0,250.0,250.0,252.0,,,16734687.0
1993-11-04,252.0,250.0,250.0,252.0,,,16734687.0
1993-11-05,252.0,250.0,250.0,252.0,,,16734687.0
1993-11-08,252.0,250.0,250.0,252.0,,,16734687.0
1993-11-09,252.0,250.0,250.0,252.0,,,16734687.0
1993-11-10,252.0,250.0,250.0,250.0,,,16734687.0
1993-11-11,250.0,250.0,250.0,250.0,,,16734687.0
1993-11-12,250.0,250.0,250.0,250.0,,,16734687.0
1993-11-15,250.0,250.0,250.0,250.0,,,16734687.0
1993-11-16,250.0,250.0,250.0,250.0,,,16734687.0
1993-11-17,250.0,250.0,250.0,250.0,,,16734687.0
1993-11-18,250.0,239.0,250.0,239.0,,,16734687.0
1993-11-19,240.0,231.0,240.0,231.0,,,16734687.0
1993-11-22,231.0,227.0,230.0,227.0,,,16734687.0
1993-11-23,227.0,227.0,227.0,227.0,,,16734687.0
1993-11-24,227.0,227.0,227.0,227.0,,,16734687.0
1993-11-25,227.0,227.0,227.0,227.0,,,16734687.0
1993-11-26,227.0,227.0,227.0,227.0,,,16734687.0
1993-11-29,228.0,227.0,227.0,228.0,,,16734687.0
1993-11-30,228.0,228.0,228.0,228.0,,,16734687.0
1993-12-01,230.0,229.0,230.0,229.0,,,16734687.0
1993-12-02,229.0,227.0,227.0,229.0,,,16734687.0
1993-12-03,230.0,229.0,230.0,229.0,,,16734687.0
1993-12-06,229.0,227.0,227.0,229.0,,,16734687.0
1993-12-07,230.0,229.0,230.0,229.0,,,16734687.0
1993-12-08,232.0,227.0,227.0,232.0,,,16734687.0
1993-12-09,232.0,230.0,230.0,232.0,,,16734687.0
1993-12-10,233.0,232.0,233.0,232.0,,,16734687.0
1993-12-13,233.0,232.0,233.0,232.0,,,16734687.0
1993-12-14,233.0,232.0,233.0,233.0,,,16734687.0
1993-12-15,233.0,233.0,233.0,233.0,,,16734687.0
1993-12-16,236.0,233.0,233.0,236.0,,,16734687.0
1993-12-17,237.0,236.0,237.0,236.0,,,16734687.0
1993-12-20,237.0,236.0,237.0,236.0,,,16734687.0
1993-12-21,237.0,236.0,237.0,236.0,,,16734687.0
1993-12-22,240.0,237.0,237.0,238.0,,,16734687.0
1993-12-23,240.0,238.0,240.0,238.0,,,16734687.0
1993-12-24,238.0,235.0,235.0,238.0,,,16734687.0
1993-12-29,238.0,235.0,235.0,238.0,,,16734687.0
1993-12-30,240.0,238.0,240.0,238.0,,,16734687.0
1993-12-31,240.0,238.0,240.0,238.0,,,16734687.0
1994-01-04,243.0,238.0,240.0,243.0,,,16734687.0
1994-01-05,260.0,242.0,243.0,260.0,,,16734687.0
1994-01-06,274.0,265.0,270.0,272.0,,,16734687.0
1994-01-07,272.0,270.0,270.0,270.0,,,16734687.0
1994-01-10,270.0,267.0,270.0,267.0,,,16734687.0
1994-01-11,268.0,267.0,268.0,268.0,,,16734687.0
1994-01-12,269.0,268.0,268.0,268.0,,,16734687.0
1994-01-13,268.0,265.0,265.0,268.0,,,16734687.0
1994-01-14,270.0,268.0,270.0,268.0,,,16734687.0
1994-01-17,268.0,267.0,268.0,268.0,,,16734687.0
1994-01-18,269.0,268.0,268.0,268.0,,,16734687.0
1994-01-19,270.0,267.0,268.0,270.0,,,16734687.0
1994-01-20,271.0,270.0,270.0,271.0,,,16925000.0
1994-01-21,271.0,270.0,270.0,271.0,,,16925000.0
1994-01-24,271.0,270.0,270.0,271.0,,,16925000.0
1994-01-25,271.0,270.0,270.0,271.0,,,16925000.0
1994-01-26,271.0,270.0,270.0,271.0,,,16925000.0
1994-01-27,271.0,270.0,270.0,271.0,,,16925000.0
1994-01-28,272.0,271.0,272.0,271.0,,,16925000.0
1994-01-31,272.0,271.0,272.0,271.0,,,16925000.0
1994-02-01,272.0,271.0,272.0,271.0,,,16925000.0
1994-02-02,272.0,271.0,272.0,271.0,,,16925000.0
1994-02-03,275.0,271.0,272.0,275.0,,,16925000.0
1994-02-04,277.0,275.0,275.0,277.0,,,16925000.0
1994-02-07,277.0,275.0,275.0,277.0,,,16925000.0
1994-02-08,278.0,277.0,278.0,277.0,,,16925000.0
1994-02-09,278.0,277.0,278.0,277.0,,,16925000.0
1994-02-10,285.0,277.0,278.0,285.0,,,16925000.0
1994-02-11,285.0,285.0,285.0,285.0,,,16925000.0
1994-02-14,287.0,285.0,285.0,287.0,,,16925000.0
1994-02-15,287.0,285.0,285.0,287.0,,,16925000.0
1994-02-16,287.0,286.0,287.0,287.0,,,16925000.0
1994-02-17,288.0,287.0,288.0,287.0,,,16925000.0
1994-02-18,288.0,287.0,288.0,287.0,,,16925000.0
1994-02-21,288.0,287.0,288.0,287.0,,,16925000.0
1994-02-22,288.0,287.0,288.0,287.0,,,16925000.0
1994-02-23,288.0,285.0,288.0,285.0,,,16925000.0
1994-02-24,285.0,284.0,285.0,284.0,,,16925000.0
1994-02-25,285.0,284.0,285.0,284.0,,,16925000.0
1994-02-28,284.0,283.0,283.0,284.0,,,16925000.0
1994-03-01,285.0,284.0,285.0,284.0,,,16925000.0
1994-03-02,285.0,284.0,285.0,284.0,,,16925000.0
1994-03-03,285.0,284.0,285.0,284.0,,,16925000.0
1994-03-04,285.0,284.0,285.0,284.0,,,16925000.0
1994-03-07,285.0,284.0,285.0,284.0,,,16925000.0
1994-03-08,284.0,283.0,283.0,284.0,,,16925000.0
1994-03-09,285.0,284.0,285.0,284.0,,,16925000.0
1994-03-10,284.0,282.0,282.0,284.0,,,16925000.0
1994-03-11,285.0,284.0,285.0,284.0,,,16925000.0
1994-03-14,285.0,284.0,285.0,284.0,,,16925000.0
1994-03-15,285.0,284.0,285.0,284.0,,,16925000.0
1994-03-16,285.0,284.0,285.0,284.0,,,16925000.0
1994-03-17,285.0,284.0,285.0,284.0,,,16925000.0
1994-03-18,285.0,284.0,285.0,284.0,,,16925000.0
1994-03-21,284.0,282.0,282.0,284.0,,,16925000.0
1994-03-22,285.0,284.0,285.0,284.0,,,16925000.0
1994-03-23,285.0,284.0,285.0,284.0,,,16925000.0
1994-03-24,285.0,284.0,285.0,284.0,,,16925000.0
1994-03-25,284.0,283.0,283.0,284.0,,,16925000.0
1994-03-28,284.0,283.0,283.0,283.0,,,16925000.0
1994-03-29,283.0,282.0,282.0,283.0,,,16925000.0
1994-03-30,283.0,282.0,282.0,283.0,,,16925000.0
1994-03-31,283.0,283.0,283.0,283.0,,,16949000.0
1994-04-05,283.0,283.0,283.0,283.0,,,16949000.0
1994-04-06,283.0,282.0,282.0,283.0,,,16949000.0
1994-04-07,283.0,280.0,282.0,280.0,,,16949000.0
1994-04-08,280.0,280.0,280.0,280.0,,,16949000.0
1994-04-11,280.0,280.0,280.0,280.0,,,16949000.0
1994-04-12,280.0,280.0,280.0,280.0,,,16949000.0
1994-04-13,280.0,280.0,280.0,280.0,,,16949000.0
1994-04-14,280.0,280.0,280.0,280.0,,,16949000.0
1994-04-15,280.0,280.0,280.0,280.0,,,16949000.0
1994-04-18,280.0,280.0,280.0,280.0,,,16949000.0
1994-04-19,280.0,278.0,280.0,278.0,,,16949000.0
1994-04-20,278.0,275.0,275.0,278.0,,,16949000.0
1994-04-21,279.0,275.0,275.0,279.0,,,16949000.0
1994-04-22,279.0,277.0,277.0,279.0,,,16949000.0
1994-04-25,325.0,290.0,290.0,325.0,,,16949000.0
1994-04-26,335.0,330.0,335.0,333.0,,,16949000.0
1994-04-27,335.0,333.0,335.0,333.0,,,16949000.0
1994-04-28,335.0,333.0,335.0,333.0,,,16949000.0
1994-04-29,335.0,333.0,335.0,333.0,,,16949000.0
1994-05-03,345.0,338.0,345.0,338.0,,,16949000.0
1994-05-04,340.0,338.0,340.0,338.0,,,16949000.0
1994-05-05,338.0,335.0,335.0,338.0,,,16949000.0
1994-05-06,338.0,335.0,335.0,338.0,,,16949000.0
1994-05-09,338.0,335.0,335.0,338.0,,,16949000.0
1994-05-10,340.0,335.0,340.0,335.0,,,16949000.0
1994-05-11,335.0,335.0,335.0,335.0,,,16949000.0
1994-05-12,335.0,335.0,335.0,335.0,,,16949000.0
1994-05-13,335.0,330.0,335.0,330.0,,,16949000.0
1994-05-16,326.0,325.0,325.0,326.0,,,16949000.0
1994-05-17,326.0,325.0,325.0,326.0,,,16949000.0
1994-05-18,326.0,325.0,325.0,326.0,,,16949000.0
1994-05-19,326.0,325.0,325.0,326.0,,,16949000.0
1994-05-20,326.0,325.0,325.0,326.0,,,16949000.0
1994-05-23,327.0,326.0,327.0,326.0,,,16949000.0
1994-05-24,327.0,326.0,327.0,326.0,,,16949000.0
1994-05-25,327.0,326.0,327.0,326.0,,,16949000.0
1994-05-26,327.0,326.0,327.0,326.0,,,16949000.0
1994-05-27,326.0,325.0,325.0,326.0,,,16949000.0
1994-05-31,326.0,325.0,325.0,326.0,,,16949000.0
1994-06-01,326.0,325.0,325.0,326.0,,,16949000.0
1994-06-02,326.0,325.0,325.0,326.0,,,16949000.0
1994-06-03,327.0,326.0,327.0,326.0,,,16949000.0
1994-06-06,326.0,325.0,325.0,326.0,,,16949000.0
1994-06-07,327.0,326.0,327.0,326.0,,,16949000.0
1994-06-08,327.0,324.0,327.0,324.0,,,16949000.0
1994-06-09,324.0,323.0,323.0,324.0,,,16949000.0
1994-06-10,324.0,323.0,323.0,324.0,,,16949000.0
1994-06-13,324.0,323.0,323.0,324.0,,,16949000.0
1994-06-14,324.0,323.0,323.0,324.0,,,16949000.0
1994-06-15,324.0,323.0,323.0,324.0,,,16949000.0
1994-06-16,324.0,323.0,323.0,324.0,,,16949000.0
1994-06-17,324.0,323.0,323.0,324.0,,,16949000.0
1994-06-20,325.0,324.0,325.0,324.0,,,16949000.0
1994-06-21,324.0,323.0,323.0,324.0,,,16949000.0
1994-06-22,325.0,324.0,325.0,324.0,,,16949000.0
1994-06-23,325.0,324.0,325.0,324.0,,,16949000.0
1994-06-24,324.0,323.0,323.0,324.0,,,16949000.0
1994-06-27,325.0,324.0,325.0,324.0,,,16949000.0
1994-06-28,324.0,323.0,323.0,324.0,,,16949000.0
1994-06-29,324.0,323.0,323.0,324.0,,,16949000.0
1994-06-30,325.0,324.0,325.0,324.0,,,16989000.0
1994-07-01,324.0,323.0,323.0,324.0,,,16989000.0
1994-07-04,324.0,323.0,323.0,324.0,,,16989000.0
1994-07-05,324.0,323.0,323.0,324.0,,,16989000.0
1994-07-06,325.0,324.0,325.0,324.0,,,16989000.0
1994-07-07,324.0,323.0,323.0,324.0,,,16989000.0
1994-07-08,325.0,324.0,325.0,324.0,,,16989000.0
1994-07-11,325.0,323.0,323.0,324.0,,,16989000.0
1994-07-12,324.0,323.0,323.0,324.0,,,16989000.0
1994-07-13,324.0,323.0,323.0,324.0,,,16989000.0
1994-07-14,324.0,323.0,323.0,324.0,,,16989000.0
1994-07-15,324.0,323.0,323.0,324.0,,,16989000.0
1994-07-18,325.0,324.0,325.0,324.0,,,16989000.0
1994-07-19,325.0,324.0,325.0,324.0,,,16989000.0
1994-07-20,325.0,324.0,325.0,324.0,,,16989000.0
1994-07-21,324.0,323.0,323.0,324.0,,,16989000.0
1994-07-22,327.0,323.0,323.0,327.0,,,16989000.0
1994-07-25,328.0,327.0,328.0,327.0,,,16989000.0
1994-07-26,328.0,327.0,328.0,327.0,,,16989000.0
1994-07-27,328.0,327.0,328.0,327.0,,,16989000.0
1994-07-28,328.0,327.0,328.0,327.0,,,16989000.0
1994-07-29,328.0,327.0,328.0,327.0,,,16989000.0
1994-08-01,328.0,327.0,328.0,327.0,,,16989000.0
1994-08-02,328.0,327.0,328.0,327.0,,,16989000.0
1994-08-03,328.0,327.0,328.0,327.0,,,16989000.0
1994-08-04,328.0,327.0,328.0,327.0,,,16989000.0
1994-08-05,328.0,327.0,328.0,327.0,,,16989000.0
1994-08-08,328.0,327.0,328.0,327.0,,,16989000.0
1994-08-09,328.0,327.0,328.0,327.0,,,16989000.0
1994-08-10,328.0,327.0,328.0,327.0,,,16989000.0
1994-08-11,328.0,325.0,328.0,326.0,,,16989000.0
1994-08-12,326.0,325.0,325.0,326.0,,,16989000.0
1994-08-15,326.0,325.0,325.0,326.0,,,16989000.0
1994-08-16,327.0,326.0,327.0,326.0,,,16989000.0
1994-08-17,326.0,325.0,325.0,326.0,,,16989000.0
1994-08-18,326.0,325.0,325.0,326.0,,,16989000.0
1994-08-19,326.0,325.0,325.0,326.0,,,16989000.0
1994-08-22,326.0,325.0,325.0,326.0,,,16989000.0
1994-08-23,326.0,325.0,325.0,326.0,,,16989000.0
1994-08-24,327.0,325.0,325.0,327.0,,,16989000.0
1994-08-25,327.0,327.0,327.0,327.0,,,16989000.0
1994-08-26,327.0,327.0,327.0,327.0,,,16989000.0
1994-08-30,327.0,327.0,327.0,327.0,,,16989000.0
1994-08-31,327.0,327.0,327.0,327.0,,,16989000.0
1994-09-01,327.0,327.0,327.0,327.0,,,16989000.0
1994-09-02,328.0,327.0,327.0,328.0,,,16989000.0
1994-09-05,328.0,327.0,327.0,328.0,,,16989000.0
1994-09-06,328.0,327.0,327.0,328.0,,,16989000.0
1994-09-07,328.0,328.0,328.0,328.0,,,16989000.0
1994-09-08,328.0,328.0,328.0,328.0,,,16989000.0
1994-09-09,328.0,328.0,328.0,328.0,,,16989000.0
1994-09-12,328.0,328.0,328.0,328.0,,,16989000.0
1994-09-13,328.0,328.0,328.0,328.0,,,16989000.0
1994-09-14,328.0,328.0,328.0,328.0,,,16989000.0
1994-09-15,328.0,328.0,328.0,328.0,,,16989000.0
1994-09-16,328.0,328.0,328.0,328.0,,,16989000.0
1994-09-19,328.0,328.0,328.0,328.0,,,16989000.0
1994-09-20,328.0,328.0,328.0,328.0,,,16989000.0
1994-09-21,328.0,328.0,328.0,328.0,,,16989000.0
1994-09-22,328.0,328.0,328.0,328.0,,,16989000.0
1994-09-23,328.0,327.0,328.0,327.0,,,16989000.0
1994-09-26,328.0,327.0,328.0,327.0,,,16989000.0
1994-09-27,327.0,325.0,325.0,327.0,,,16989000.0
1994-09-28,328.0,327.0,327.0,327.0,,,16989000.0
1994-09-29,327.0,325.0,325.0,327.0,,,16989000.0
1994-09-30,328.0,327.0,328.0,327.0,,,16996000.0
1994-10-03,328.0,327.0,328.0,327.0,,,16996000.0
1994-10-04,328.0,327.0,327.0,327.0,,,16996000.0
1994-10-05,327.0,326.0,327.0,327.0,,,16996000.0
1994-10-06,327.0,325.0,325.0,327.0,,,16996000.0
1994-10-07,328.0,327.0,328.0,327.0,,,16996000.0
1994-10-10,327.0,325.0,325.0,327.0,,,16996000.0
1994-10-11,328.0,327.0,328.0,327.0,,,16996000.0
1994-10-12,333.0,327.0,328.0,333.0,,,16996000.0
1994-10-13,338.0,332.0,333.0,338.0,,,16996000.0
1994-10-14,338.0,337.0,337.0,338.0,,,16996000.0
1994-10-17,338.0,337.0,337.0,338.0,,,16996000.0
1994-10-18,338.0,338.0,338.0,338.0,,,16996000.0
1994-10-19,338.0,338.0,338.0,338.0,,,16996000.0
1994-10-20,338.0,337.0,337.0,338.0,,,16996000.0
1994-10-21,338.0,337.0,337.0,338.0,,,16996000.0
1994-10-24,375.0,370.0,370.0,375.0,,,16996000.0
1994-10-25,378.0,367.0,375.0,367.0,,,16996000.0
1994-10-26,367.0,367.0,367.0,367.0,,,16996000.0
1994-10-27,367.0,364.0,367.0,364.0,,,16996000.0
1994-10-28,364.0,362.0,362.0,364.0,,,16996000.0
1994-10-31,362.0,360.0,362.0,360.0,,,16996000.0
1994-11-01,360.0,358.0,358.0,360.0,,,16996000.0
1994-11-02,362.0,360.0,362.0,360.0,,,16996000.0
1994-11-03,360.0,358.0,358.0,358.0,,,16996000.0
1994-11-04,358.0,352.0,358.0,352.0,,,16996000.0
1994-11-07,352.0,352.0,352.0,352.0,,,16996000.0
1994-11-08,352.0,352.0,352.0,352.0,,,16996000.0
1994-11-09,352.0,352.0,352.0,352.0,,,16996000.0
1994-11-10,352.0,352.0,352.0,352.0,,,16996000.0
1994-11-11,352.0,351.0,352.0,351.0,,,16996000.0
1994-11-14,351.0,350.0,350.0,351.0,,,16996000.0
1994-11-15,351.0,350.0,350.0,351.0,,,16996000.0
1994-11-16,351.0,350.0,350.0,351.0,,,16996000.0
1994-11-17,351.0,350.0,350.0,351.0,,,16996000.0
1994-11-18,351.0,350.0,350.0,351.0,,,16996000.0
1994-11-21,351.0,350.0,350.0,351.0,,,16996000.0
1994-11-22,352.0,351.0,352.0,351.0,,,16996000.0
1994-11-23,351.0,350.0,350.0,351.0,,,16996000.0
1994-11-24,351.0,350.0,350.0,351.0,,,16996000.0
1994-11-25,351.0,350.0,350.0,351.0,,,16996000.0
1994-11-28,351.0,350.0,350.0,351.0,,,16996000.0
1994-11-29,351.0,350.0,350.0,351.0,,,16996000.0
1994-11-30,351.0,350.0,350.0,351.0,,,16996000.0
1994-12-01,351.0,348.0,350.0,348.0,,,16996000.0
1994-12-02,350.0,340.0,350.0,340.0,,,16996000.0
1994-12-05,340.0,340.0,340.0,340.0,,,16996000.0
1994-12-06,340.0,340.0,340.0,340.0,,,16996000.0
1994-12-07,340.0,340.0,340.0,340.0,,,16996000.0
1994-12-08,340.0,340.0,340.0,340.0,,,16996000.0
1994-12-09,340.0,339.0,340.0,339.0,,,16996000.0
1994-12-12,339.0,338.0,338.0,339.0,,,16996000.0
1994-12-13,340.0,339.0,340.0,339.0,,,16996000.0
1994-12-14,339.0,338.0,338.0,339.0,,,16996000.0
1994-12-15,340.0,339.0,340.0,339.0,,,16996000.0
1994-12-16,340.0,339.0,340.0,339.0,,,16996000.0
1994-12-19,340.0,339.0,340.0,339.0,,,16996000.0
1994-12-20,340.0,339.0,340.0,339.0,,,16996000.0
1994-12-21,339.0,338.0,338.0,339.0,,,16996000.0
1994-12-22,340.0,339.0,340.0,339.0,,,16996000.0
1994-12-23,340.0,338.0,338.0,339.0,,,16996000.0
1994-12-28,340.0,339.0,340.0,339.0,,,16996000.0
1994-12-29,339.0,338.0,338.0,339.0,,,16996000.0
1994-12-30,340.0,339.0,340.0,339.0,,,16996000.0
1995-01-03,340.0,339.0,340.0,339.0,,,17004000.0
1995-01-04,340.0,339.0,340.0,339.0,,,17004000.0
1995-01-05,340.0,339.0,340.0,339.0,,,17004000.0
1995-01-06,339.0,338.0,338.0,339.0,,,17004000.0
1995-01-09,345.0,338.0,338.0,345.0,,,17004000.0
1995-01-10,350.0,345.0,345.0,350.0,,,17004000.0
1995-01-11,354.0,350.0,352.0,354.0,,,17004000.0
1995-01-12,354.0,352.0,352.0,354.0,,,17004000.0
1995-01-13,355.0,354.0,355.0,354.0,,,17004000.0
1995-01-16,354.0,352.0,352.0,354.0,,,17004000.0
1995-01-17,355.0,354.0,355.0,354.0,,,17004000.0
1995-01-18,355.0,351.0,355.0,351.0,,,17004000.0
1995-01-19,352.0,351.0,352.0,351.0,,,17004000.0
1995-01-20,352.0,351.0,352.0,351.0,,,17004000.0
1995-01-23,352.0,351.0,352.0,351.0,,,17004000.0
1995-01-24,352.0,351.0,352.0,351.0,,,17004000.0
1995-01-25,352.0,351.0,352.0,351.0,,,17004000.0
1995-01-26,351.0,350.0,350.0,351.0,,,17004000.0
1995-01-27,351.0,350.0,350.0,351.0,,,17004000.0
1995-01-30,353.0,351.0,352.0,353.0,,,17013000.0
1995-01-31,353.0,351.0,352.0,353.0,,,17013000.0
1995-02-01,353.0,351.0,352.0,352.0,,,17013000.0
1995-02-02,353.0,352.0,353.0,352.0,,,17013000.0
1995-02-03,353.0,350.0,353.0,350.0,,,17013000.0
1995-02-06,350.0,350.0,350.0,350.0,,,17013000.0
1995-02-07,350.0,350.0,350.0,350.0,,,17013000.0
1995-02-08,350.0,350.0,350.0,350.0,,,17013000.0
1995-02-09,350.0,350.0,350.0,350.0,,,17013000.0
1995-02-10,350.0,350.0,350.0,350.0,,,17013000.0
1995-02-13,350.0,350.0,350.0,350.0,,,17013000.0
1995-02-14,350.0,350.0,350.0,350.0,,,17013000.0
1995-02-15,350.0,349.0,350.0,349.0,,,17013000.0
1995-02-16,350.0,349.0,350.0,349.0,,,17013000.0
1995-02-17,350.0,349.0,350.0,349.0,,,17013000.0
1995-02-20,350.0,349.0,350.0,349.0,,,17013000.0
1995-02-21,349.0,348.0,348.0,349.0,,,17013000.0
1995-02-22,349.0,348.0,348.0,349.0,,,17013000.0
1995-02-23,349.0,348.0,348.0,349.0,,,17013000.0
1995-02-24,349.0,348.0,348.0,349.0,,,17013000.0
1995-02-27,349.0,347.0,348.0,347.0,,,17013000.0
1995-02-28,347.0,347.0,347.0,347.0,,,17013000.0
1995-03-01,347.0,347.0,347.0,347.0,,,17013000.0
1995-03-02,347.0,347.0,347.0,347.0,,,17013000.0
1995-03-03,347.0,347.0,347.0,347.0,,,17013000.0
1995-03-06,347.0,347.0,347.0,347.0,,,17013000.0
1995-03-07,347.0,347.0,347.0,347.0,,,17013000.0
1995-03-08,347.0,347.0,347.0,347.0,,,17013000.0
1995-03-09,347.0,347.0,347.0,347.0,,,17013000.0
1995-03-10,347.0,347.0,347.0,347.0,,,17013000.0
1995-03-13,347.0,347.0,347.0,347.0,,,17013000.0
1995-03-14,347.0,347.0,347.0,347.0,,,17013000.0
1995-03-15,347.0,347.0,347.0,347.0,,,17013000.0
1995-03-16,347.0,347.0,347.0,347.0,,,17013000.0
1995-03-17,347.0,347.0,347.0,347.0,,,17013000.0
1995-03-20,347.0,347.0,347.0,347.0,,,17013000.0
1995-03-21,347.0,347.0,347.0,347.0,,,17013000.0
1995-03-22,347.0,347.0,347.0,347.0,,,17013000.0
1995-03-23,347.0,346.0,347.0,346.0,,,17013000.0
1995-03-24,346.0,345.0,345.0,346.0,,,17013000.0
1995-03-27,349.0,346.0,347.0,349.0,,,17013000.0
1995-03-28,350.0,349.0,350.0,349.0,,,17013000.0
1995-03-29,350.0,349.0,350.0,349.0,,,17013000.0
1995-03-30,350.0,349.0,350.0,349.0,,,17013000.0
1995-03-31,350.0,349.0,350.0,349.0,,,17014000.0
1995-04-03,349.0,347.0,347.0,349.0,,,17014000.0
1995-04-04,350.0,349.0,350.0,349.0,,,17014000.0
1995-04-05,350.0,349.0,350.0,349.0,,,17014000.0
1995-04-06,350.0,349.0,350.0,349.0,,,17014000.0
1995-04-07,350.0,349.0,350.0,349.0,,,17014000.0
1995-04-10,395.0,380.0,395.0,384.0,,,17014000.0
1995-04-11,390.0,382.0,382.0,390.0,,,17014000.0
1995-04-12,390.0,390.0,390.0,390.0,,,17014000.0
1995-04-13,393.0,390.0,390.0,393.0,,,17014000.0
1995-04-18,407.0,392.0,392.0,407.0,,,17014000.0
1995-04-19,410.0,405.0,405.0,410.0,,,17014000.0
1995-04-20,411.0,410.0,410.0,411.0,,,17014000.0
1995-04-21,412.0,411.0,412.0,411.0,,,17014000.0
1995-04-24,411.0,410.0,410.0,411.0,,,17014000.0
1995-04-25,412.0,410.0,410.0,412.0,,,17014000.0
1995-04-26,414.0,412.0,412.0,414.0,,,17014000.0
1995-04-27,414.0,412.0,412.0,414.0,,,17014000.0
1995-04-28,414.0,412.0,412.0,414.0,,,17014000.0
1995-05-01,420.0,412.0,412.0,420.0,,,17014000.0
1995-05-02,422.0,422.0,422.0,422.0,,,17014000.0
1995-05-03,425.0,422.0,422.0,425.0,,,17014000.0
1995-05-04,426.0,425.0,425.0,426.0,,,17014000.0
1995-05-05,427.0,426.0,427.0,426.0,,,17014000.0
1995-05-09,419.0,418.0,418.0,418.0,,,17014000.0
1995-05-10,420.0,418.0,420.0,418.0,,,17014000.0
1995-05-11,419.0,418.0,418.0,418.0,,,17014000.0
1995-05-12,422.0,415.0,415.0,422.0,,,17014000.0
1995-05-15,422.0,420.0,420.0,422.0,,,17014000.0
1995-05-16,423.0,422.0,423.0,422.0,,,17014000.0
1995-05-17,430.0,420.0,420.0,430.0,,,17014000.0
1995-05-18,437.0,430.0,430.0,437.0,,,17014000.0
1995-05-19,438.0,437.0,438.0,437.0,,,17014000.0
1995-05-22,438.0,437.0,438.0,438.0,,,17014000.0
1995-05-23,438.0,438.0,438.0,438.0,,,17014000.0
1995-05-24,438.0,438.0,438.0,438.0,,,17014000.0
1995-05-25,440.0,439.0,440.0,439.0,,,17014000.0
1995-05-26,447.0,439.0,440.0,447.0,,,17014000.0
1995-05-30,453.0,447.0,448.0,453.0,,,17014000.0
1995-05-31,460.0,452.0,452.0,460.0,,,17014000.0
1995-06-01,460.0,460.0,460.0,460.0,,,17014000.0
1995-06-02,460.0,460.0,460.0,460.0,,,17014000.0
1995-06-05,460.0,460.0,460.0,460.0,,,17014000.0
1995-06-06,460.0,460.0,460.0,460.0,,,17014000.0
1995-06-07,460.0,460.0,460.0,460.0,,,17014000.0
1995-06-08,460.0,460.0,460.0,460.0,,,17014000.0
1995-06-09,460.0,460.0,460.0,460.0,,,17014000.0
1995-06-12,460.0,460.0,460.0,460.0,,,17014000.0
1995-06-13,460.0,460.0,460.0,460.0,,,17014000.0
1995-06-14,460.0,460.0,460.0,460.0,,,17014000.0
1995-06-15,460.0,460.0,460.0,460.0,,,17014000.0
1995-06-16,460.0,460.0,460.0,460.0,,,17014000.0
1995-06-19,460.0,454.0,460.0,454.0,,,17014000.0
1995-06-20,454.0,452.0,453.0,454.0,,,17014000.0
1995-06-21,455.0,455.0,455.0,455.0,,,17014000.0
1995-06-22,460.0,456.0,457.0,460.0,,,17014000.0
1995-06-23,465.0,463.0,465.0,463.0,,,17014000.0
1995-06-26,465.0,463.0,465.0,464.0,,,17014000.0
1995-06-27,465.0,464.0,465.0,464.0,,,17014000.0
1995-06-28,464.0,463.0,463.0,464.0,,,17014000.0
1995-06-29,465.0,464.0,465.0,464.0,,,17014000.0
1995-06-30,465.0,464.0,465.0,464.0,,,17047000.0
1995-07-03,465.0,464.0,465.0,464.0,,,17047000.0
1995-07-04,465.0,464.0,465.0,464.0,,,17047000.0
1995-07-05,465.0,464.0,465.0,464.0,,,17047000.0
1995-07-06,465.0,464.0,465.0,464.0,,,17047000.0
1995-07-07,465.0,464.0,465.0,464.0,,,17047000.0
1995-07-10,467.0,464.0,465.0,467.0,,,17047000.0
1995-07-11,470.0,467.0,468.0,470.0,,,17047000.0
1995-07-12,475.0,470.0,470.0,475.0,,,17047000.0
1995-07-13,485.0,475.0,475.0,485.0,,,17047000.0
1995-07-14,485.0,485.0,485.0,485.0,,,17047000.0
1995-07-17,485.0,485.0,485.0,485.0,,,17047000.0
1995-07-18,485.0,485.0,485.0,485.0,,,17047000.0
1995-07-19,485.0,485.0,485.0,485.0,,,17047000.0
1995-07-20,485.0,485.0,485.0,485.0,,,17047000.0
1995-07-21,485.0,485.0,485.0,485.0,,,17047000.0
1995-07-24,485.0,485.0,485.0,485.0,,,17047000.0
1995-07-25,485.0,485.0,485.0,485.0,,,17047000.0
1995-07-26,485.0,485.0,485.0,485.0,,,17047000.0
1995-07-27,488.0,485.0,485.0,488.0,,,17047000.0
1995-07-28,488.0,487.0,488.0,488.0,,,17047000.0
1995-07-31,490.0,488.0,488.0,490.0,,,17047000.0
1995-08-01,493.0,490.0,490.0,493.0,,,17047000.0
1995-08-02,493.0,492.0,493.0,493.0,,,17047000.0
1995-08-03,494.0,493.0,493.0,493.0,,,17047000.0
1995-08-04,493.0,492.0,493.0,493.0,,,17047000.0
1995-08-07,493.0,490.0,490.0,493.0,,,17047000.0
1995-08-08,495.0,493.0,495.0,495.0,,,17047000.0
1995-08-09,505.0,495.0,495.0,505.0,,,17047000.0
1995-08-10,505.0,504.0,505.0,504.0,,,17047000.0
1995-08-11,504.0,502.0,502.0,504.0,,,17047000.0
1995-08-14,504.0,502.0,502.0,504.0,,,17047000.0
1995-08-15,504.0,502.0,502.0,504.0,,,17047000.0
1995-08-16,504.0,502.0,502.0,504.0,,,17047000.0
1995-08-17,505.0,504.0,505.0,504.0,,,17047000.0
1995-08-18,504.0,502.0,502.0,504.0,,,17047000.0
1995-08-21,505.0,504.0,505.0,504.0,,,17047000.0
1995-08-22,504.0,502.0,502.0,504.0,,,17047000.0
1995-08-23,504.0,502.0,502.0,504.0,,,17047000.0
1995-08-24,504.0,502.0,502.0,504.0,,,17047000.0
1995-08-25,510.0,502.0,502.0,510.0,,,17047000.0
1995-08-29,510.0,510.0,510.0,510.0,,,17047000.0
1995-08-30,510.0,510.0,510.0,510.0,,,17047000.0
1995-08-31,520.0,510.0,510.0,520.0,,,17047000.0
1995-09-01,525.0,520.0,520.0,524.0,,,17047000.0
1995-09-04,524.0,522.0,522.0,524.0,,,17047000.0
1995-09-05,526.0,524.0,525.0,526.0,,,17047000.0
1995-09-06,526.0,525.0,525.0,526.0,,,17047000.0
1995-09-07,526.0,525.0,525.0,526.0,,,17047000.0
1995-09-08,530.0,525.0,525.0,530.0,,,17047000.0
1995-09-11,534.0,530.0,530.0,534.0,,,17047000.0
1995-09-12,534.0,532.0,532.0,534.0,,,17047000.0
1995-09-13,536.0,534.0,535.0,536.0,,,17047000.0
1995-09-14,539.0,536.0,537.0,539.0,,,17047000.0
1995-09-15,545.0,537.0,537.0,545.0,,,17047000.0
1995-09-18,547.0,545.0,545.0,547.0,,,17047000.0
1995-09-19,547.0,545.0,545.0,547.0,,,17047000.0
1995-09-20,554.0,545.0,545.0,554.0,,,17047000.0
1995-09-21,555.0,554.0,555.0,554.0,,,17047000.0
1995-09-22,555.0,553.0,553.0,555.0,,,17047000.0
1995-09-25,555.0,555.0,555.0,555.0,,,17047000.0
1995-09-26,555.0,555.0,555.0,555.0,,,17047000.0
1995-09-27,555.0,555.0,555.0,555.0,,,17047000.0
1995-09-28,562.0,555.0,555.0,562.0,,,17047000.0
1995-09-29,563.0,562.0,563.0,563.0,,,17047000.0
1995-10-02,571.0,565.0,565.0,570.0,,,17047000.0
1995-10-03,575.0,572.0,572.0,574.0,,,17047000.0
1995-10-04,574.0,572.0,572.0,574.0,,,17047000.0
1995-10-05,575.0,574.0,575.0,574.0,,,17047000.0
1995-10-06,575.0,574.0,575.0,574.0,,,17047000.0
1995-10-09,571.0,567.0,567.0,569.0,,,17047000.0
1995-10-10,569.0,567.0,567.0,569.0,,74400.0,17047000.0
1995-10-11,570.0,569.0,570.0,569.0,,,17047000.0
1995-10-12,569.0,567.0,567.0,569.0,,,17047000.0
1995-10-13,569.0,567.0,567.0,569.0,,,17047000.0
1995-10-16,570.0,569.0,570.0,569.0,,,17047000.0
1995-10-17,569.0,567.0,567.0,569.0,,,17047000.0
1995-10-18,569.0,567.0,567.0,569.0,,,17047000.0
1995-10-19,569.0,567.0,567.0,569.0,,,17047000.0
1995-10-20,569.0,567.0,567.0,569.0,,,17047000.0
1995-10-23,569.0,567.0,567.0,568.0,,,17047000.0
1995-10-24,568.0,565.0,565.0,568.0,,,17047000.0
1995-10-25,568.0,565.0,565.0,568.0,,,17047000.0
1995-10-26,568.0,565.0,565.0,568.0,,,17047000.0
1995-10-27,568.0,566.0,567.0,568.0,,,17047000.0
1995-10-30,568.0,565.0,565.0,568.0,,,17047000.0
1995-10-31,573.0,565.0,565.0,573.0,,,17047000.0
1995-11-01,573.0,570.0,570.0,573.0,,,17047000.0
1995-11-02,575.0,573.0,575.0,573.0,,,17047000.0
1995-11-03,573.0,570.0,570.0,573.0,,,17047000.0
1995-11-06,575.0,570.0,570.0,575.0,,,17047000.0
1995-11-07,579.0,575.0,575.0,579.0,,,17047000.0
1995-11-08,579.0,578.0,578.0,579.0,,,17047000.0
1995-11-09,579.0,578.0,578.0,579.0,,,17047000.0
1995-11-10,579.0,578.0,578.0,579.0,,,17047000.0
1995-11-13,580.0,579.0,580.0,579.0,,,17047000.0
1995-11-14,580.0,579.0,580.0,579.0,,,17047000.0
1995-11-15,580.0,579.0,580.0,579.0,,,17047000.0
1995-11-16,580.0,579.0,580.0,579.0,,,17047000.0
1995-11-17,580.0,579.0,580.0,579.0,,,17047000.0
1995-11-20,579.0,578.0,578.0,579.0,,,17047000.0
1995-11-21,580.0,579.0,580.0,579.0,,,17047000.0
1995-11-22,580.0,579.0,580.0,579.0,,,17047000.0
1995-11-23,580.0,579.0,580.0,579.0,,,17047000.0
1995-11-24,580.0,579.0,580.0,579.0,,556.0,17047000.0
1995-11-27,580.0,579.0,580.0,579.0,,,17047000.0
1995-11-28,579.0,578.0,578.0,579.0,,,17047000.0
1995-11-29,579.0,578.0,578.0,579.0,,,17047000.0
1995-11-30,579.0,578.0,578.0,579.0,,,17047000.0
1995-12-01,579.0,578.0,578.0,579.0,,,17047000.0
1995-12-04,582.0,578.0,578.0,582.0,,,17047000.0
1995-12-05,587.0,580.0,580.0,587.0,,,17047000.0
1995-12-06,588.0,585.0,585.0,588.0,,,17047000.0
1995-12-07,590.0,588.0,590.0,589.0,,,17047000.0
1995-12-08,590.0,589.0,590.0,589.0,,,17047000.0
1995-12-11,589.0,588.0,588.0,589.0,,200000.0,17047000.0
1995-12-12,593.0,589.0,590.0,590.0,,,17047000.0
1995-12-13,595.0,590.0,590.0,595.0,,,17047000.0
1995-12-14,603.0,593.0,593.0,603.0,,,17047000.0
1995-12-15,603.0,600.0,600.0,603.0,,,17047000.0
1995-12-18,603.0,600.0,600.0,603.0,,,17047000.0
1995-12-19,618.0,603.0,605.0,618.0,,,17047000.0
1995-12-20,618.0,615.0,615.0,618.0,,,17047000.0
1995-12-21,618.0,615.0,615.0,618.0,,,17047000.0
1995-12-22,620.0,618.0,620.0,618.0,,,17047000.0
1995-12-27,620.0,618.0,620.0,618.0,,,17047000.0
1995-12-28,618.0,615.0,615.0,618.0,,,17047000.0
1995-12-29,620.0,618.0,620.0,618.0,,,17047000.0
1996-01-02,620.0,615.0,615.0,620.0,,,17047000.0
1996-01-03,620.0,619.0,620.0,619.0,,,17047000.0
1996-01-04,619.0,618.0,618.0,619.0,,,17047000.0
1996-01-05,620.0,619.0,620.0,620.0,,,17047000.0
1996-01-08,620.0,620.0,620.0,620.0,,,17047000.0
1996-01-09,629.0,620.0,620.0,629.0,,,17047000.0
1996-01-10,630.0,629.0,630.0,629.0,,,17047000.0
1996-01-11,630.0,629.0,630.0,629.0,,,17047000.0
1996-01-12,630.0,629.0,630.0,629.0,,,17047000.0
1996-01-15,629.0,628.0,628.0,629.0,,,17047000.0
1996-01-16,630.0,630.0,630.0,630.0,,,17047000.0
1996-01-17,630.0,630.0,630.0,630.0,,46000.0,17047000.0
1996-01-18,633.0,630.0,630.0,633.0,,,17047000.0
1996-01-19,633.0,630.0,630.0,633.0,,,17047000.0
1996-01-22,635.0,633.0,635.0,633.0,,,17047000.0
1996-01-23,633.0,630.0,630.0,633.0,,,17047000.0
1996-01-24,633.0,630.0,630.0,633.0,,,17047000.0
1996-01-25,633.0,630.0,630.0,633.0,,,17047000.0
1996-01-26,633.0,630.0,630.0,633.0,,,17047000.0
1996-01-29,633.0,629.0,630.0,630.0,,,17047000.0
1996-01-30,631.0,628.0,628.0,631.0,,,17047000.0
1996-01-31,635.0,628.0,628.0,635.0,,,17047000.0
1996-02-01,693.0,635.0,635.0,683.0,,,17047000.0
1996-02-02,683.0,683.0,683.0,683.0,,,17047000.0
1996-02-05,683.0,682.0,683.0,682.0,,,17047000.0
1996-02-06,682.0,680.0,680.0,682.0,,,17047000.0
1996-02-07,682.0,680.0,680.0,682.0,,,17047000.0
1996-02-08,682.0,680.0,680.0,682.0,,,17047000.0
1996-02-09,682.0,680.0,680.0,682.0,,,17047000.0
1996-02-12,683.0,680.0,680.0,683.0,,,17047000.0
1996-02-13,688.0,686.0,688.0,687.0,,,17047000.0
1996-02-14,688.0,685.0,685.0,688.0,,,17047000.0
1996-02-15,690.0,688.0,690.0,688.0,,,17047000.0
1996-02-16,690.0,688.0,690.0,688.0,,,17047000.0
1996-02-19,690.0,688.0,690.0,689.0,,,17047000.0
1996-02-20,690.0,689.0,690.0,690.0,,,17047000.0
1996-02-21,695.0,688.0,688.0,695.0,,,17047000.0
1996-02-22,695.0,694.0,695.0,694.0,,6000.0,17047000.0
1996-02-23,695.0,694.0,695.0,695.0,,,17047000.0
1996-02-26,695.0,695.0,695.0,695.0,,,17047000.0
1996-02-27,698.0,695.0,695.0,698.0,,,17047000.0
1996-02-28,698.0,695.0,695.0,698.0,,,17047000.0
1996-02-29,698.0,695.0,695.0,698.0,,,17047065.0
1996-03-01,700.0,698.0,700.0,698.0,,,17047065.0
1996-03-04,698.0,695.0,695.0,698.0,,,17047065.0
1996-03-05,698.0,695.0,695.0,698.0,,,17047065.0
1996-03-06,698.0,695.0,695.0,698.0,,,17047065.0
1996-03-07,698.0,695.0,695.0,698.0,,,17047065.0
1996-03-08,698.0,695.0,695.0,698.0,,,17047065.0
1996-03-11,697.0,693.0,695.0,697.0,,,17047065.0
1996-03-12,699.0,695.0,695.0,699.0,,,17047065.0
1996-03-13,699.0,698.0,698.0,699.0,,,17047065.0
1996-03-14,699.0,698.0,698.0,699.0,,,17047065.0
1996-03-15,700.0,699.0,700.0,700.0,,,17047065.0
1996-03-18,705.0,700.0,700.0,705.0,,,17047065.0
1996-03-19,705.0,705.0,705.0,705.0,,,17047065.0
1996-03-20,705.0,705.0,705.0,705.0,,,17047065.0
1996-03-21,705.0,705.0,705.0,705.0,,,17047065.0
1996-03-22,705.0,705.0,705.0,705.0,,,17047065.0
1996-03-25,705.0,705.0,705.0,705.0,,,17047065.0
1996-03-26,705.0,705.0,705.0,705.0,,950.0,17047065.0
1996-03-27,705.0,705.0,705.0,705.0,,950.0,17047065.0
1996-03-28,710.0,705.0,705.0,710.0,,,17047065.0
1996-03-29,710.0,710.0,710.0,710.0,,,17047065.0
1996-04-01,747.0,715.0,715.0,745.0,,1000.0,17047065.0
1996-04-02,748.0,740.0,740.0,743.0,,1000.0,17047065.0
1996-04-03,743.0,742.0,743.0,742.0,,,17047065.0
1996-04-04,744.0,742.0,743.0,744.0,,,17047065.0
1996-04-09,762.0,744.0,745.0,759.0,,,17047065.0
1996-04-10,810.0,783.0,805.0,795.0,,,17047065.0
1996-04-11,810.0,798.0,798.0,810.0,,,17047065.0
1996-04-12,818.0,808.0,808.0,818.0,,,17047065.0
1996-04-15,828.0,820.0,823.0,828.0,,,17047065.0
1996-04-16,915.0,828.0,828.0,893.0,,,17047065.0
1996-04-17,908.0,890.0,890.0,900.0,,,17047065.0
1996-04-18,920.0,900.0,900.0,910.0,,,17047065.0
1996-04-19,910.0,910.0,910.0,910.0,,,17047065.0
1996-04-22,913.0,899.0,900.0,905.0,,,17047065.0
1996-04-23,905.0,905.0,905.0,905.0,,,17047065.0
1996-04-24,905.0,905.0,905.0,905.0,,,17047065.0
1996-04-25,905.0,903.0,905.0,903.0,,,17047065.0
1996-04-26,905.0,903.0,905.0,903.0,,,17047065.0
1996-04-29,910.0,903.0,905.0,910.0,,,17047065.0
1996-04-30,938.0,910.0,910.0,938.0,,,17103190.0
1996-05-01,955.0,940.0,940.0,955.0,,,17103190.0
1996-05-02,998.0,955.0,960.0,998.0,,,17103190.0
1996-05-03,1000.0,993.0,1000.0,993.0,,5000.0,17103190.0
1996-05-07,995.0,990.0,990.0,995.0,,,17103190.0
1996-05-08,998.0,990.0,990.0,998.0,,,17103190.0
1996-05-09,998.0,995.0,995.0,998.0,,,17103190.0
1996-05-10,998.0,995.0,995.0,998.0,,,17103190.0
1996-05-13,1000.0,998.0,1000.0,998.0,,,17103190.0
1996-05-14,,,,998.0,,,17103190.0
1996-05-15,,,,1000.0,,,17103190.0
1996-05-16,,,,1000.0,,,17103190.0
1996-05-17,,,,1020.0,,,17103190.0
1996-05-20,,,,1020.0,,,17103190.0
1996-05-21,,,,1025.0,,,17103190.0
1996-05-22,1025.0,1025.0,1025.0,1025.0,,40800.0,17103190.0
1996-05-23,,,,1025.0,,,17103190.0
1996-05-24,,,,1025.0,,,17103190.0
1996-05-28,,,,1025.0,,,17103190.0
1996-05-29,,,,1025.0,,,17103190.0
1996-05-30,,,,1060.0,,,17103190.0
1996-05-31,,,,1080.0,,,17103190.0
1996-06-03,,,,1138.0,,,17103190.0
1996-06-04,,,,1280.0,,,17103190.0
1996-06-05,,,,1283.0,,,17103190.0
1996-06-06,,,,1278.0,,,17103190.0
1996-06-07,,,,1283.0,,,17103190.0
1996-06-10,1290.0,1290.0,1290.0,1300.0,,1435.0,17103190.0
1996-06-11,,,,1213.0,,,17103190.0
1996-06-12,,,,1195.0,,,17103190.0
1996-06-13,,,,1163.0,,,17103190.0
1996-06-14,1170.0,1170.0,1170.0,1163.0,,2000.0,17103190.0
1996-06-17,,,,1163.0,,,17103190.0
1996-06-18,,,,1163.0,,,17103190.0
1996-06-19,1175.0,1175.0,1175.0,1163.0,,617.0,17103190.0
1996-06-20,,,,1163.0,,,17103190.0
1996-06-21,,,,1163.0,,,17103190.0
1996-06-24,,,,1163.0,,,17103190.0
1996-06-25,,,,1163.0,,,17103190.0
1996-06-26,,,,1163.0,,,17103190.0
1996-06-27,,,,1163.0,,,17103190.0
1996-06-28,,,,1163.0,,,17103190.0
1996-07-01,1180.0,1180.0,1180.0,1230.0,,110000.0,17725997.0
1996-07-02,,,,1280.0,,,17725997.0
1996-07-03,,,,1275.0,,,17725997.0
1996-07-04,,,,1275.0,,,17725997.0
1996-07-05,,,,1275.0,,,17725997.0
1996-07-08,,,,1275.0,,,17725997.0
1996-07-09,1275.0,1275.0,1275.0,1275.0,,6000.0,17725997.0
1996-07-10,,,,1270.0,,,17725997.0
1996-07-11,,,,1270.0,,,17725997.0
1996-07-12,,,,1275.0,,,17725997.0
1996-07-15,,,,1275.0,,,17725997.0
1996-07-16,,,,1275.0,,,17725997.0
1996-07-17,,,,1280.0,,,17725997.0
1996-07-18,,,,1275.0,,,17725997.0
1996-07-19,,,,1270.0,,,17725997.0
1996-07-22,,,,1265.0,,,17725997.0
1996-07-23,1230.0,1230.0,1230.0,1250.0,,5000.0,17725997.0
1996-07-24,1220.0,1220.0,1220.0,1225.0,,5000.0,17725997.0
1996-07-25,,,,1220.0,,,17725997.0
1996-07-26,,,,1210.0,,,17725997.0
1996-07-29,,,,1205.0,,,17725997.0
1996-07-30,1180.0,1180.0,1180.0,1160.0,,500.0,17725997.0
1996-07-31,,,,1160.0,,,17725997.0
1996-08-01,,,,1160.0,,,17725997.0
1996-08-02,1130.0,1130.0,1130.0,1155.0,,5000.0,17725997.0
1996-08-05,,,,1155.0,,,17725997.0
1996-08-06,,,,1155.0,,,17725997.0
1996-08-07,,,,1155.0,,,17725997.0
1996-08-08,,,,1155.0,,,17725997.0
1996-08-09,,,,1155.0,,,17725997.0
1996-08-12,1155.0,1155.0,1155.0,1155.0,,6400.0,17725997.0
1996-08-13,,,,1155.0,,,17725997.0
1996-08-14,,,,1155.0,,,17725997.0
1996-08-15,,,,1155.0,,,17725997.0
1996-08-16,,,,1155.0,,,17725997.0
1996-08-19,,,,1155.0,,,17725997.0
1996-08-20,,,,1155.0,,,17725997.0
1996-08-21,,,,1155.0,,,17725997.0
1996-08-22,,,,1155.0,,,17725997.0
1996-08-23,,,,1155.0,,,17725997.0
1996-08-27,,,,1155.0,,,17725997.0
1996-08-28,,,,1155.0,,,17725997.0
1996-08-29,1150.0,1150.0,1150.0,1155.0,,,17725997.0
1996-08-30,,,,1155.0,,,17725997.0
1996-09-02,1180.0,1130.0,1130.0,1160.0,,,17725997.0
1996-09-03,1180.0,1180.0,1180.0,1175.0,,,17725997.0
1996-09-04,,,,1175.0,,,17725997.0
1996-09-05,,,,1175.0,,,17725997.0
1996-09-06,,,,1175.0,,,17725997.0
1996-09-09,,,,1175.0,,,17725997.0
1996-09-10,,,,1175.0,,,17725997.0
1996-09-11,,,,1175.0,,,17725997.0
1996-09-12,,,,1175.0,,,17725997.0
1996-09-13,,,,1175.0,,,17725997.0
1996-09-16,,,,1175.0,,,17725997.0
1996-09-17,,,,1175.0,,,17725997.0
1996-09-18,,,,1180.0,,,17725997.0
1996-09-19,,,,1200.0,,,17725997.0
1996-09-20,,,,1200.0,,,17725997.0
1996-09-23,,,,1200.0,,,17725997.0
1996-09-24,1175.0,1175.0,1175.0,1200.0,,8000.0,17725997.0
1996-09-25,,,,1200.0,,,17725997.0
1996-09-26,,,,1200.0,,,17725997.0
1996-09-27,1200.0,1200.0,1200.0,1200.0,,1388.0,17725997.0
1996-09-30,,,,1200.0,,,17727997.0
1996-10-01,,,,1190.0,,,17727997.0
1996-10-02,,,,1190.0,,,17727997.0
1996-10-03,,,,1190.0,,,17727997.0
1996-10-04,,,,1195.0,,,17727997.0
1996-10-07,1250.0,1250.0,1250.0,1250.0,,3900.0,17727997.0
1996-10-08,,,,1187.5,,,17727997.0
1996-10-09,1200.0,1200.0,1200.0,1197.5,,10000.0,17727997.0
1996-10-10,,,,1197.5,,,17727997.0
1996-10-11,,,,1197.5,,,17727997.0
1996-10-14,,,,1197.5,,,17727997.0
1996-10-15,,,,1200.0,,,17727997.0
1996-10-16,,,,1200.0,,,17727997.0
1996-10-17,1200.0,1200.0,1200.0,1200.0,,3100.0,17727997.0
1996-10-18,,,,1200.0,,,17727997.0
1996-10-21,,,,1200.0,,,17727997.0
1996-10-22,,,,1200.0,,,17727997.0
1996-10-23,,,,1190.0,,,17727997.0
1996-10-24,,,,1190.0,,,17727997.0
1996-10-25,,,,1190.0,,,17727997.0
1996-10-28,1138.0,1138.0,1138.0,1185.0,,13100.0,17727997.0
1996-10-29,,,,1185.0,,,17727997.0
1996-10-30,,,,1175.0,,,17727997.0
1996-10-31,1175.0,1175.0,1175.0,1175.0,,10000.0,17727997.0
1996-11-01,1140.0,1140.0,1140.0,1170.0,,20000.0,17727997.0
1996-11-04,,,,1150.0,,,17727997.0
1996-11-05,,,,1150.0,,,17727997.0
1996-11-06,,,,1150.0,,,17727997.0
1996-11-07,,,,1150.0,,,17727997.0
1996-11-08,,,,1150.0,,,17727997.0
1996-11-11,,,,1150.0,,,17727997.0
1996-11-12,1120.0,1120.0,1120.0,1150.0,,16739.0,17727997.0
1996-11-13,,,,1150.0,,,17727997.0
1996-11-14,,,,1150.0,,,17727997.0
1996-11-15,,,,1150.0,,,17727997.0
1996-11-18,,,,1150.0,,,17727997.0
1996-11-19,,,,1150.0,,,17727997.0
1996-11-20,,,,1155.0,,,17727997.0
1996-11-21,,,,1155.0,,,17727997.0
1996-11-22,,,,1155.0,,,17727997.0
1996-11-25,1155.0,1155.0,1155.0,1155.0,,4100.0,17727997.0
1996-11-26,,,,1155.0,,,17727997.0
1996-11-27,,,,1155.0,,,17727997.0
1996-11-28,,,,1155.0,,,17727997.0
1996-11-29,1180.0,1180.0,1180.0,1167.5,,27000.0,17727997.0
1996-12-02,,,,1167.5,,,17727997.0
1996-12-03,,,,1167.5,,,17727997.0
1996-12-04,,,,1167.5,,,17727997.0
1996-12-05,,,,1167.5,,,17727997.0
1996-12-06,1175.0,1175.0,1175.0,1155.0,,7900.0,17727997.0
1996-12-09,,,,1155.0,,,17727997.0
1996-12-10,,,,1155.0,,,17727997.0
1996-12-11,,,,1155.0,,,17727997.0
1996-12-12,,,,1155.0,,,17727997.0
1996-12-13,,,,1150.0,,,17727997.0
1996-12-16,1163.0,1163.0,1163.0,1150.0,,5000.0,17727997.0
1996-12-17,,,,1160.0,,,17727997.0
1996-12-18,,,,1160.0,,,17727997.0
1996-12-19,,,,1160.0,,,17727997.0
1996-12-20,,,,1160.0,,,17727997.0
1996-12-23,,,,1160.0,,,17727997.0
1996-12-24,,,,1165.0,,,17727997.0
1996-12-27,,,,1165.0,,,17727997.0
1996-12-30,,,,1165.0,,,17727997.0
1996-12-31,,,,1165.0,,,17727997.0
1997-01-02,,,,1165.0,,,17727997.0
1997-01-03,,,,1160.0,,,17727997.0
1997-01-06,,,,1165.0,,,17727997.0
1997-01-07,,,,1175.0,,,17727997.0
1997-01-08,,,,1175.0,,,17727997.0
1997-01-09,,,,1175.0,,,17727997.0
1997-01-10,,,,1180.0,,,17727997.0
1997-01-13,,,,1185.0,,,17727997.0
1997-01-14,,,,1200.0,,,17727997.0
1997-01-15,,,,1200.0,,,17727997.0
1997-01-16,,,,1200.0,,,17727997.0
1997-01-17,,,,1212.5,,,17727997.0
1997-01-20,1230.0,1230.0,1230.0,1250.0,,570.0,17727997.0
1997-01-21,1235.0,1235.0,1235.0,1250.0,,570.0,17727997.0
1997-01-22,1275.0,1275.0,1275.0,1250.0,,50000.0,17727997.0
1997-01-23,,,,1250.0,,,17727997.0
1997-01-24,,,,1250.0,,,17727997.0
1997-01-27,,,,1260.0,,,17727997.0
1997-01-28,1260.0,1260.0,1260.0,1260.0,,7600.0,17727997.0
1997-01-29,,,,1260.0,,,17727997.0
1997-01-30,,,,1260.0,,,17727997.0
1997-01-31,,,,1267.5,,,17727997.0
1997-02-03,1270.0,1270.0,1270.0,1270.0,,7200.0,17727997.0
1997-02-04,1290.0,1290.0,1290.0,1275.0,,65.0,17727997.0
1997-02-05,,,,1275.0,,,17727997.0
1997-02-06,,,,1275.0,,,17727997.0
1997-02-07,,,,1275.0,,,17727997.0
1997-02-10,,,,1275.0,,,17727997.0
1997-02-11,1275.0,1275.0,1275.0,1275.0,,200000.0,17727997.0
1997-02-12,,,,1275.0,,,17727997.0
1997-02-13,1302.5,1250.0,1302.5,1302.5,,,17727997.0
1997-02-14,,,,1337.5,,,17727997.0
1997-02-17,,,,1380.0,,,17727997.0
1997-02-18,,,,1380.0,,,17727997.0
1997-02-19,,,,1385.0,,,17727997.0
1997-02-20,,,,1385.0,,,17727997.0
1997-02-21,,,,1402.5,,,17727997.0
1997-02-24,,,,1405.0,,,17727997.0
1997-02-25,,,,1405.0,,,17727997.0
1997-02-26,,,,1405.0,,,17727997.0
1997-02-27,,,,1405.0,,,17727997.0
1997-02-28,,,,1405.0,,,17727997.0
1997-03-03,1405.0,1405.0,1405.0,1405.0,,27000.0,17727997.0
1997-03-04,,,,1405.0,,,17727997.0
1997-03-05,,,,1410.0,,,17727997.0
1997-03-06,,,,1410.0,,,17727997.0
1997-03-07,,,,1405.0,,,17727997.0
1997-03-10,,,,1405.0,,,17727997.0
1997-03-11,,,,1405.0,,,17727997.0
1997-03-12,,,,1405.0,,,17727997.0
1997-03-13,,,,1397.5,,,17727997.0
1997-03-14,,,,1397.5,,,17727997.0
1997-03-17,1397.5,1397.5,1397.5,1397.5,,2424.0,17727997.0
1997-03-18,,,,1395.0,,,17727997.0
1997-03-19,,,,1395.0,,,17727997.0
1997-03-20,,,,1392.5,,,17727997.0
1997-03-21,,,,1392.5,,,17727997.0
1997-03-24,,,,1392.5,,,17727997.0
1997-03-25,,,,1392.5,,,17727997.0
1997-03-26,,,,1392.5,,,17727997.0
1997-03-27,,,,1392.5,,,17727997.0
1997-04-01,,,,1392.5,,,17727997.0
1997-04-02,,,,1392.5,,,17727997.0
1997-04-03,1366.0,1366.0,1366.0,1390.0,,400.0,17727997.0
1997-04-04,1373.0,1373.0,1373.0,1382.5,,400.0,17727997.0
1997-04-07,,,,1397.5,,,17727997.0
1997-04-08,,,,1405.0,,,17727997.0
1997-04-09,1400.0,1400.0,1400.0,1400.0,,2500.0,17727997.0
1997-04-10,,,,1395.0,,,17727997.0
1997-04-11,,,,1395.0,,,17727997.0
1997-04-14,1385.0,1380.0,1385.0,1385.0,,,17727997.0
1997-04-15,1385.0,1375.0,1385.0,1375.0,,,17727997.0
1997-04-16,1385.0,1375.0,1375.0,1385.0,,,17727997.0
1997-04-17,1385.0,1375.0,1385.0,1375.0,,,17727997.0
1997-04-18,1380.0,1375.0,1375.0,1375.0,,,17727997.0
1997-04-21,1362.5,1357.5,1360.0,1360.0,,,17727997.0
1997-04-22,1375.0,1360.0,1375.0,1360.0,,,17727997.0
1997-04-23,1385.0,1360.0,1385.0,1360.0,,,17727997.0
1997-04-24,1382.5,1360.0,1375.0,1360.0,,,17727997.0
1997-04-25,1390.0,1367.5,1390.0,1375.0,,,17727997.0
1997-04-28,1390.0,1360.0,1390.0,1360.0,,,17727997.0
1997-04-29,1390.0,1375.0,1390.0,1390.0,,,17727997.0
1997-04-30,1390.0,1360.0,1390.0,1360.0,,,17727997.0
1997-05-01,1390.0,1360.0,1390.0,1360.0,,,17727997.0
1997-05-02,1390.0,1375.0,1390.0,1390.0,,,17727997.0
1997-05-06,1390.0,1360.0,1390.0,1360.0,,,17727997.0
1997-05-07,1395.0,1375.0,1390.0,1395.0,,,17727997.0
1997-05-08,1395.0,1395.0,1395.0,1395.0,,,17727997.0
1997-05-09,1400.0,1395.0,1395.0,1395.0,,,17727997.0
1997-05-12,1405.0,1395.0,1405.0,1395.0,,,17727997.0
1997-05-13,1400.0,1395.0,1395.0,1395.0,,,17727997.0
1997-05-14,1405.0,1395.0,1405.0,1395.0,,,17727997.0
1997-05-15,1405.0,1395.0,1405.0,1395.0,,,17727997.0
1997-05-16,1405.0,1395.0,1405.0,1395.0,,,17727997.0
1997-05-19,1405.0,1395.0,1405.0,1395.0,,,17727997.0
1997-05-20,1405.0,1395.0,1405.0,1395.0,,,17727997.0
1997-05-21,1400.0,1395.0,1395.0,1395.0,,,17727997.0
1997-05-22,1400.0,1395.0,1395.0,1395.0,,,17727997.0
1997-05-23,1405.0,1395.0,1405.0,1395.0,,,17727997.0
1997-05-27,1400.0,1395.0,1395.0,1400.0,,,17727997.0
1997-05-28,1415.0,1397.5,1400.0,1415.0,,146000.0,17727997.0
1997-05-29,1415.0,1412.5,1415.0,1415.0,,,17727997.0
1997-05-30,1415.0,1407.5,1415.0,1410.0,,,17727997.0
1997-06-02,282.0,278.5,282.0,283.5,,,88652485.0
1997-06-03,283.5,281.5,283.5,281.5,,,88652485.0
1997-06-04,282.5,264.0,281.5,273.5,,250000.0,88652485.0
1997-06-05,271.0,268.5,268.5,268.5,,,88652485.0
1997-06-06,268.5,263.5,268.5,263.5,,,88652485.0
1997-06-09,266.5,256.5,266.5,256.5,,,88652485.0
1997-06-10,257.5,256.5,256.5,256.5,,,88652485.0
1997-06-11,256.5,247.5,256.5,253.5,,,88652485.0
1997-06-12,253.5,252.5,253.5,253.5,,,88652485.0
1997-06-13,253.5,253.5,253.5,253.5,,,88652485.0
1997-06-16,253.5,253.5,253.5,253.5,,,88652485.0
1997-06-17,255.0,253.5,253.5,253.5,,,88652485.0
1997-06-18,256.5,255.0,256.5,256.5,,,88652485.0
1997-06-19,255.0,253.5,253.5,253.5,,,88652485.0
1997-06-20,253.5,249.5,253.5,249.5,,,88652485.0
1997-06-23,249.5,249.5,249.5,249.5,,,88652485.0
1997-06-24,248.0,246.5,246.5,246.5,,,88652485.0
1997-06-25,246.5,243.5,246.5,243.5,,,88652485.0
1997-06-26,243.5,237.5,243.5,238.5,,,88652485.0
1997-06-27,238.5,236.0,238.5,236.5,,,88652485.0
1997-06-30,236.5,233.5,233.5,236.5,,,88662485.0
1997-07-01,236.5,235.0,236.5,236.5,,,88662485.0
1997-07-02,236.5,233.5,233.5,236.5,,,88662485.0
1997-07-03,236.5,233.5,236.5,233.5,,,88662485.0
1997-07-04,236.5,233.5,233.5,236.5,,,88662485.0
1997-07-07,234.5,232.5,233.5,233.5,,,88662485.0
1997-07-08,235.5,231.5,231.5,235.5,,,88662485.0
1997-07-09,235.5,232.5,235.5,233.5,,,88662485.0
1997-07-10,236.5,232.5,233.5,236.5,,,88662485.0
1997-07-11,238.5,235.0,236.5,238.5,,,88662485.0
1997-07-14,238.5,238.5,238.5,238.5,,,88662485.0
1997-07-15,239.5,238.5,238.5,238.5,,,88662485.0
1997-07-16,239.5,238.5,238.5,238.5,,,88662485.0
1997-07-17,240.5,238.5,238.5,240.5,,,88662485.0
1997-07-18,240.5,238.5,240.5,238.5,,,88662485.0
1997-07-21,240.5,239.5,240.5,240.5,,,88662485.0
1997-07-22,240.5,239.5,240.5,240.5,,,88662485.0
1997-07-23,240.5,238.5,240.5,238.5,,,88662485.0
1997-07-24,238.5,237.5,238.5,238.5,,,88662485.0
1997-07-25,238.5,237.5,238.5,238.5,,,88662485.0
1997-07-28,238.5,237.5,238.5,238.5,,,88662485.0
1997-07-29,238.5,237.5,238.5,238.5,,,88662485.0
1997-07-30,238.5,234.5,238.5,234.5,,,88662485.0
1997-07-31,236.5,234.5,236.5,234.5,,,88961735.0
1997-08-01,235.5,234.5,234.5,234.5,,,88961735.0
1997-08-04,236.5,234.5,236.5,234.5,,,88961735.0
1997-08-05,235.0,234.5,234.5,234.5,,,88961735.0
1997-08-06,234.5,231.5,234.5,231.5,,,88961735.0
1997-08-07,231.5,231.5,231.5,231.5,,,88961735.0
1997-08-08,231.5,231.5,231.5,231.5,,,88961735.0
1997-08-11,231.5,231.5,231.5,231.5,,,88961735.0
1997-08-12,232.5,231.5,231.5,231.5,,,88961735.0
1997-08-13,233.5,231.5,233.5,231.5,,,88961735.0
1997-08-14,233.5,232.5,233.5,233.5,,,88961735.0
1997-08-15,233.5,232.5,233.5,233.5,,,88961735.0
1997-08-18,233.5,229.0,233.5,229.5,,,88961735.0
1997-08-20,228.5,224.5,228.5,224.5,,,88961735.0
1997-08-21,226.5,216.5,226.5,220.5,,425000.0,88961735.0
1997-08-22,223.5,218.5,218.5,223.5,,,88961735.0
1997-08-26,223.5,221.5,221.5,223.5,,,88961735.0
1997-08-27,223.5,222.5,223.5,223.5,,,88961735.0
1997-08-28,231.5,222.5,223.5,231.5,,,88961735.0
1997-08-29,234.0,231.5,233.5,233.5,,,88961735.0
1997-09-01,236.5,232.5,236.5,233.5,,,88961735.0
1997-09-02,238.5,234.5,236.5,238.5,,10000.0,88961735.0
1997-09-03,240.0,237.5,238.5,238.5,,,88961735.0
1997-09-04,241.5,238.5,241.5,238.5,,,88961735.0
1997-09-05,243.5,240.0,241.5,243.5,,,88961735.0
1997-09-08,246.0,243.5,243.5,245.5,,,88961735.0
1997-09-09,246.5,245.0,246.5,246.5,,,88961735.0
1997-09-10,246.5,243.5,243.5,246.5,,,88961735.0
1997-09-11,246.0,243.5,243.5,245.5,,2500.0,88961735.0
1997-09-12,246.5,245.0,246.5,246.5,,,88961735.0
1997-09-15,246.5,243.5,243.5,246.5,,,88961735.0
1997-09-16,246.0,243.5,243.5,245.5,,50000.0,88961735.0
1997-09-17,246.0,243.5,243.5,245.5,,,88961735.0
1997-09-18,246.5,245.0,246.5,245.5,,,88961735.0
1997-09-19,246.0,243.5,243.5,245.5,,,88961735.0
1997-09-22,246.5,245.0,246.5,246.5,,,88961735.0
1997-09-23,246.5,245.0,246.5,245.5,,,88961735.0
1997-09-24,248.5,245.0,246.5,248.5,,,88961735.0
1997-09-25,248.5,247.5,248.5,248.5,,,88961735.0
1997-09-26,248.5,247.5,248.5,248.5,,,88961735.0
1997-09-29,248.5,248.5,248.5,248.5,,,88961735.0
1997-09-30,252.5,248.5,248.5,251.5,,,88961735.0
1997-10-01,253.5,250.0,250.5,253.5,,,88961735.0
1997-10-02,253.5,253.5,253.5,253.5,,,88961735.0
1997-10-03,255.5,253.5,253.5,255.5,,,88961735.0
1997-10-06,263.5,255.5,255.5,263.5,,373000.0,88961735.0
1997-10-07,274.5,266.0,266.5,273.5,,,88961735.0
1997-10-08,273.5,271.5,273.5,271.5,,10000.0,88961735.0
1997-10-09,272.5,270.5,271.5,271.5,,,88961735.0
1997-10-10,271.5,270.5,271.5,271.5,,,88961735.0
1997-10-13,268.5,266.5,268.5,266.5,,,88961735.0
1997-10-14,266.5,263.5,264.5,263.5,,,88961735.0
1997-10-15,266.5,263.5,266.5,263.5,,,88961735.0
1997-10-16,266.0,263.5,263.5,263.5,,,88961735.0
1997-10-17,266.5,263.5,266.5,263.5,,,88961735.0
1997-10-20,267.5,263.5,266.5,263.5,,,88961735.0
1997-10-21,266.5,263.5,266.5,263.5,,,88961735.0
1997-10-22,267.5,263.5,266.5,263.5,,,88961735.0
1997-10-23,268.5,262.5,268.5,263.5,,,88961735.0
1997-10-24,263.5,261.5,263.5,261.5,,,88961735.0
1997-10-27,262.5,253.5,261.5,253.5,,,88961735.0
1997-10-28,249.0,242.5,246.5,243.5,,,88961735.0
1997-10-29,243.5,241.5,243.5,241.5,,,88961735.0
1997-10-30,242.5,238.5,241.5,238.5,,,88961735.0
1997-10-31,239.5,238.5,239.5,238.5,,,89118685.0
1997-11-03,239.5,238.5,239.5,238.5,,,89118685.0
1997-11-04,242.5,238.5,239.5,238.5,,,89118685.0
1997-11-05,243.5,240.0,241.5,243.5,,,89118685.0
1997-11-06,243.5,241.0,243.5,241.5,,35000.0,89118685.0
1997-11-07,245.5,241.5,245.5,241.5,,,89118685.0
1997-11-10,245.5,241.5,245.5,241.5,,,89118685.0
1997-11-11,245.5,243.5,245.5,243.5,,,89118685.0
1997-11-12,245.5,243.5,245.5,243.5,,,89118685.0
1997-11-13,245.5,242.5,245.5,243.5,,,89118685.0
1997-11-14,243.5,238.5,243.5,240.5,,,89118685.0
1997-11-17,240.5,237.5,240.5,238.5,,,89118685.0
1997-11-18,238.5,234.5,238.5,234.5,,,89118685.0
1997-11-19,235.5,234.5,234.5,234.5,,,89118685.0
1997-11-20,236.5,234.0,236.5,234.5,,,89118685.0
1997-11-21,234.0,233.5,233.5,233.5,,,89118685.0
1997-11-24,234.5,233.5,234.5,233.5,,,89118685.0
1997-11-25,234.0,233.5,233.5,233.5,,,89118685.0
1997-11-26,234.0,233.5,233.5,233.5,,,89118685.0
1997-11-27,233.5,233.5,233.5,233.5,,,89118685.0
1997-11-28,233.5,233.5,233.5,233.5,,,89118685.0
1997-12-01,233.5,233.5,233.5,233.5,,,89118685.0
1997-12-02,233.5,232.5,233.5,233.5,,,89118685.0
1997-12-03,233.5,231.5,233.5,231.5,,,89118685.0
1997-12-04,233.5,231.5,231.5,233.5,,229687.0,89118685.0
1997-12-05,233.5,231.5,231.5,233.5,,,89118685.0
1997-12-08,233.5,232.5,233.5,233.5,,,89118685.0
1997-12-09,233.5,232.5,233.5,233.5,,,89118685.0
1997-12-10,233.5,231.5,233.5,231.5,,,89118685.0
1997-12-11,233.5,232.5,233.5,233.5,,,89118685.0
1997-12-12,233.5,232.5,233.5,233.5,,,89118685.0
1997-12-15,233.5,231.5,233.5,231.5,,,89118685.0
1997-12-16,233.5,232.5,233.5,233.5,,,89118685.0
1997-12-17,232.5,230.5,231.5,231.5,,200000.0,89118685.0
1997-12-18,231.5,230.5,231.5,231.5,,,89118685.0
1997-12-19,231.5,229.5,229.5,231.5,,,89118685.0
1997-12-22,230.5,226.5,229.5,226.5,,,89118685.0
1997-12-23,227.5,223.5,226.5,223.5,,,89118685.0
1997-12-24,225.5,221.5,221.5,224.5,,,89118685.0
1997-12-29,226.5,220.5,226.5,221.5,,,89118685.0
1997-12-30,221.5,219.5,219.5,221.5,,,89118685.0
1997-12-31,220.5,219.5,219.5,219.5,,,89118685.0
1998-01-02,221.5,219.5,219.5,221.5,,,89118685.0
1998-01-05,221.5,220.5,221.5,221.5,,,89118685.0
1998-01-06,221.5,220.5,221.5,221.5,,10100.0,89118685.0
1998-01-07,221.5,219.5,221.5,219.5,,,89118685.0
1998-01-08,221.5,221.5,221.5,221.5,,,89118685.0
1998-01-09,222.5,221.5,221.5,221.5,,,89118685.0
1998-01-12,223.5,221.5,223.5,221.5,,,89118685.0
1998-01-13,224.0,221.5,221.5,223.5,,20000.0,89118685.0
1998-01-14,224.5,222.5,223.5,223.5,,,89118685.0
1998-01-15,225.5,223.5,225.5,223.5,,,89118685.0
1998-01-16,226.5,224.0,226.5,226.5,,,89118685.0
1998-01-19,225.0,223.5,223.5,223.5,,,89118685.0
1998-01-20,225.0,223.5,223.5,223.5,,,89118685.0
1998-01-21,225.0,223.5,223.5,223.5,,,89118685.0
1998-01-22,226.5,223.5,223.5,226.5,,,89118685.0
1998-01-23,228.5,225.0,226.5,228.5,,,89118685.0
1998-01-26,228.5,224.5,228.5,224.5,,,89118685.0
1998-01-27,228.5,224.5,228.5,224.5,,,89118685.0
1998-01-28,228.5,226.0,228.5,226.5,,,89118685.0
1998-01-29,229.5,226.5,226.5,228.5,,50000.0,89118685.0
1998-01-30,230.5,228.5,230.5,228.5,,,89118685.0
1998-02-02,230.5,228.5,230.5,228.5,,2900.0,89118685.0
1998-02-03,230.5,228.5,230.0,228.5,,,89118685.0
1998-02-04,230.5,228.5,230.5,228.5,,,89118685.0
1998-02-05,230.5,228.5,230.5,228.5,,,89118685.0
1998-02-06,230.5,228.5,230.5,228.5,,,89118685.0
1998-02-09,230.5,228.5,230.5,228.5,,,89118685.0
1998-02-10,228.5,228.5,228.5,228.5,,,89118685.0
1998-02-11,228.5,227.5,228.5,228.5,,,89118685.0
1998-02-12,227.5,226.5,226.5,226.5,,250000.0,89118685.0
1998-02-13,227.5,226.5,226.5,226.5,,,89118685.0
1998-02-16,227.5,226.5,226.5,226.5,,,89118685.0
1998-02-17,226.5,226.5,226.5,226.5,,,89118685.0
1998-02-18,226.5,226.5,226.5,226.5,,,89118685.0
1998-02-19,226.5,223.5,226.5,223.5,,,89118685.0
1998-02-20,224.5,223.5,223.5,223.5,,,89118685.0
1998-02-23,224.5,223.5,223.5,223.5,,,89118685.0
1998-02-24,223.5,221.5,221.5,223.5,,,89118685.0
1998-02-25,224.5,222.5,223.5,223.5,,,89118685.0
1998-02-26,224.5,223.5,223.5,223.5,,,89118685.0
1998-02-27,224.5,222.5,223.5,223.5,,,89118685.0
1998-03-02,222.5,217.5,221.5,218.5,,,89118685.0
1998-03-03,217.5,216.5,216.5,216.5,,,89118685.0
1998-03-04,218.5,216.5,218.5,216.5,,,89118685.0
1998-03-05,218.5,216.5,218.5,216.5,,,89118685.0
1998-03-06,218.5,216.5,218.5,216.5,,,89118685.0
1998-03-09,218.5,216.5,218.5,216.5,,,89118685.0
1998-03-10,218.5,216.5,218.5,216.5,,,89118685.0
1998-03-11,218.5,216.5,218.5,216.5,,,89118685.0
1998-03-12,217.5,216.5,216.5,216.5,,,89118685.0
1998-03-13,218.5,217.5,218.0,218.5,,7963.0,89118685.0
1998-03-16,217.5,216.5,216.5,216.5,,,89118685.0
1998-03-17,218.5,216.5,218.5,216.5,,,89118685.0
1998-03-18,218.5,216.5,218.5,216.5,,,89118685.0
1998-03-19,218.5,217.5,218.5,218.5,,,89118685.0
1998-03-20,218.5,216.5,218.5,216.5,,,89118685.0
1998-03-23,218.5,216.5,218.5,216.5,,,89118685.0
1998-03-24,219.5,216.5,216.5,218.5,,,89118685.0
1998-03-25,220.5,218.5,220.5,218.5,,,89118685.0
1998-03-26,220.5,218.5,220.5,218.5,,,89118685.0
1998-03-27,220.5,218.5,220.5,218.5,,49203.0,89118685.0
1998-03-30,223.5,221.0,223.5,221.5,,,89118685.0
1998-03-31,230.5,223.5,223.5,230.5,,,90605752.0
1998-04-01,231.5,230.0,230.5,231.5,,,90605752.0
1998-04-02,248.5,231.5,231.5,248.5,,,90605752.0
1998-04-03,255.0,248.5,248.5,253.5,,,90605752.0
1998-04-06,261.5,255.0,258.5,259.5,,,90605752.0
1998-04-07,281.5,264.0,268.5,281.5,,1100.0,90605752.0
1998-04-08,291.5,279.0,281.5,281.5,,112000.0,90605752.0
1998-04-09,283.5,281.5,283.5,281.5,,,90605752.0
1998-04-14,281.5,278.5,281.5,278.5,,,90605752.0
1998-04-15,278.5,276.5,278.5,276.5,,,90605752.0
1998-04-16,278.5,276.5,278.5,276.5,,184759.0,90605752.0
1998-04-17,277.5,276.5,276.5,276.5,,,90605752.0
1998-04-20,273.5,268.5,273.5,268.5,,,90605752.0
1998-04-21,268.5,266.5,268.5,266.5,,,90605752.0
1998-04-22,268.5,264.5,268.5,264.5,,,90605752.0
1998-04-23,266.5,264.5,266.5,264.5,,20000.0,90605752.0
1998-04-24,265.5,264.5,264.5,264.5,,140000.0,90605752.0
1998-04-27,266.5,264.5,264.5,266.5,,,90605752.0
1998-04-28,266.5,263.5,266.5,263.5,,,90605752.0
1998-04-29,264.0,263.5,263.5,263.5,,,90605752.0
1998-04-30,263.5,263.5,263.5,263.5,,20576.0,90605752.0
1998-05-01,263.5,263.5,263.5,263.5,,,90605752.0
1998-05-05,263.5,262.5,263.5,263.5,,9600.0,90605752.0
1998-05-06,262.5,261.5,261.5,261.5,,,90605752.0
1998-05-07,263.5,261.5,261.5,263.5,,,90605752.0
1998-05-08,262.5,261.5,261.5,261.5,,,90605752.0
1998-05-11,263.5,262.5,263.5,263.5,,,90605752.0
1998-05-12,263.5,261.5,261.5,263.5,,,90605752.0
1998-05-13,262.5,261.5,261.5,261.5,,,90605752.0
1998-05-14,263.5,263.5,263.5,263.5,,,90605752.0
1998-05-15,264.5,263.5,263.5,263.5,,,90605752.0
1998-05-18,264.5,261.5,263.5,261.5,,,90605752.0
1998-05-19,263.5,261.5,261.5,263.5,,,90605752.0
1998-05-20,262.5,257.5,261.5,261.5,,,90605752.0
1998-05-21,260.0,256.5,256.5,258.5,,,90605752.0
1998-05-22,257.5,256.5,256.5,256.5,,,90605752.0
1998-05-26,257.5,256.5,256.5,256.5,,,90605752.0
1998-05-27,256.5,255.5,256.5,256.5,,,90605752.0
1998-05-28,255.5,245.5,254.5,251.5,,,90605752.0
1998-05-29,251.5,250.5,251.5,251.5,,,90605752.0
1998-06-01,251.5,250.5,251.5,251.5,,,90759502.0
1998-06-02,253.0,253.0,253.0,251.5,,28274.0,90759502.0
1998-06-03,252.5,251.0,251.0,250.5,,5079.0,90759502.0
1998-06-04,251.5,248.0,251.0,251.5,,15545.0,90759502.0
1998-06-05,254.0,247.0,247.0,250.5,,10675.0,90759502.0
1998-06-08,253.0,250.5,253.0,250.5,,370.0,90759502.0
1998-06-09,254.0,248.0,252.5,251.5,,7536.0,90759502.0
1998-06-10,248.0,248.0,248.0,251.5,,32.0,90759502.0
1998-06-11,,,,251.5,,,90759502.0
1998-06-12,251.5,250.0,250.0,251.5,,12250.0,90759502.0
1998-06-15,255.0,255.0,255.0,251.5,,1214.0,90759502.0
1998-06-16,253.0,248.0,253.0,251.5,,59241.0,90759502.0
1998-06-17,253.0,248.0,248.0,251.5,,3530.0,90759502.0
1998-06-18,251.5,248.0,248.0,251.5,,18931.0,90759502.0
1998-06-19,253.25,248.0,253.25,251.5,,46675.0,90759502.0
1998-06-22,249.0,245.0,248.0,251.5,,28142.0,90759502.0
1998-06-23,,,,241.5,,,90759502.0
1998-06-24,241.5,238.0,238.0,241.5,,8450.0,90759502.0
1998-06-25,243.0,238.0,239.75,241.5,,2703.0,90759502.0
1998-06-26,239.0,239.0,239.0,241.5,,2201.0,90759502.0
1998-06-29,,,,241.5,,,90759502.0
1998-06-30,245.0,241.5,245.0,241.5,,240.0,90759502.0
1998-07-01,238.0,238.0,238.0,238.0,,7740.0,90759502.0
1998-07-02,,,,241.5,,,90759502.0
1998-07-03,241.5,241.5,241.5,241.5,,109000.0,90759502.0
1998-07-06,239.25,238.0,238.0,239.25,,3691.0,90759502.0
1998-07-07,239.25,238.0,238.0,239.25,,3375.0,90759502.0
1998-07-08,238.0,238.0,238.0,239.0,,2150.0,90759502.0
1998-07-09,235.0,235.0,235.0,237.5,,695.0,90759502.0
1998-07-10,240.0,240.0,240.0,237.5,,1000.0,90759502.0
1998-07-13,233.0,233.0,233.0,233.5,,4090.0,90759502.0
1998-07-14,233.5,230.0,230.0,233.5,,10614.0,90759502.0
1998-07-15,235.0,233.0,235.0,233.5,,260700.0,90759502.0
1998-07-16,,,,233.5,,,90759502.0
1998-07-17,,,,233.5,,,90759502.0
1998-07-20,231.0,230.0,231.0,231.5,,4500.0,90759502.0
1998-07-21,,,,230.5,,,90759502.0
1998-07-22,227.0,226.0,227.0,228.5,,7758.0,90759502.0
1998-07-23,,,,228.5,,,90759502.0
1998-07-24,225.0,225.0,225.0,225.0,,5000.0,90759502.0
1998-07-27,218.0,218.0,218.0,220.5,,8100.0,90759502.0
1998-07-28,215.0,215.0,215.0,213.5,,2000.0,90759502.0
1998-07-29,212.0,208.0,210.0,209.5,,7974.0,90759502.0
1998-07-30,211.0,203.0,211.0,209.5,,32000.0,90759502.0
1998-07-31,,,,209.5,,,90765752.0
1998-08-03,213.0,209.5,213.0,209.5,,67498.0,90765752.0
1998-08-04,212.0,206.0,206.0,209.5,,6836.0,90765752.0
1998-08-05,210.0,195.0,210.0,207.5,,9393.0,90765752.0
1998-08-06,203.0,203.0,203.0,205.0,,2752.0,90765752.0
1998-08-07,205.0,200.0,201.0,202.5,,5540.0,90765752.0
1998-08-10,205.0,200.0,200.0,202.5,,700.0,90765752.0
1998-08-11,200.0,200.0,200.0,201.5,,3000.0,90765752.0
1998-08-12,,,,201.5,,,90765752.0
1998-08-13,,,,201.5,,,90765752.0
1998-08-14,197.0,197.0,197.0,200.5,,3085.0,90765752.0
1998-08-17,198.0,198.0,198.0,200.5,,530.0,90765752.0
1998-08-18,200.5,199.5,199.5,200.5,,,90765752.0
1998-08-19,199.5,199.0,199.5,199.0,,,90765752.0
1998-08-20,198.5,194.5,198.5,195.5,,,90765752.0
1998-08-21,195.5,194.5,195.5,194.5,,,90765752.0
1998-08-24,194.5,194.5,194.5,194.5,,,90765752.0
1998-08-25,194.5,194.5,194.5,194.5,,,90765752.0
1998-08-26,194.5,194.5,194.5,194.5,,,90765752.0
1998-08-27,194.5,192.5,194.5,192.5,,,90765752.0
1998-08-28,189.5,171.5,189.5,171.5,,,90765752.0
1998-09-01,166.5,161.0,166.5,161.5,,,90765752.0
1998-09-02,161.5,161.5,161.5,161.5,,,90765752.0
1998-09-03,161.5,161.5,161.5,161.5,,,90765752.0
1998-09-04,161.5,161.5,161.5,161.5,,,90765752.0
1998-09-07,161.5,161.5,161.5,161.5,,,90765752.0
1998-09-08,161.5,161.0,161.5,161.0,,,90765752.0
1998-09-09,161.5,161.0,161.5,161.0,,,90765752.0
1998-09-10,161.5,159.5,161.5,160.5,,,90765752.0
1998-09-11,161.5,159.5,161.5,160.5,,25295.0,90765752.0
1998-09-14,160.5,158.5,159.5,159.0,,,90765752.0
1998-09-15,159.5,158.5,159.5,159.0,,,90765752.0
1998-09-16,159.5,158.5,159.5,159.0,,35000.0,90765752.0
1998-09-17,159.5,157.5,159.5,157.5,,,90765752.0
1998-09-18,157.5,156.5,156.5,157.5,,,90765752.0
1998-09-21,157.5,156.5,156.5,157.5,,,90765752.0
1998-09-22,157.5,156.5,156.5,157.5,,,90765752.0
1998-09-23,157.5,156.5,156.5,157.5,,32724.0,90765752.0
1998-09-24,157.5,156.5,156.5,157.5,,,90765752.0
1998-09-25,156.5,154.5,156.5,155.5,,2245.0,90765752.0
1998-09-28,156.5,153.5,156.5,153.5,,,90765752.0
1998-09-29,153.5,148.0,153.5,148.0,,,90765752.0
1998-09-30,148.5,146.5,146.5,147.5,,,90765752.0
1998-10-01,146.5,143.5,146.5,143.5,,,90765752.0
1998-10-02,143.5,143.5,143.5,143.5,,,90765752.0
1998-10-05,136.5,122.5,136.5,122.5,,,90765752.0
1998-10-06,119.0,116.5,116.5,117.5,,,90765752.0
1998-10-07,118.5,117.5,118.5,117.5,,,90765752.0
1998-10-08,118.5,115.5,118.5,115.5,,,90765752.0
1998-10-09,116.5,114.5,114.5,115.5,,,90765752.0
1998-10-12,113.0,110.5,111.5,110.5,,,90765752.0
1998-10-13,110.5,109.5,109.5,110.5,,,90765752.0
1998-10-14,111.5,109.5,109.5,110.5,,,90765752.0
1998-10-15,111.5,109.5,109.5,110.5,,,90765752.0
1998-10-16,113.5,109.5,109.5,113.5,,,90765752.0
1998-10-19,115.0,113.5,113.5,115.0,,,90765752.0
1998-10-20,116.5,116.0,116.5,116.5,,,90765752.0
1998-10-21,118.5,116.5,116.5,117.5,,,90765752.0
1998-10-22,118.5,116.5,116.5,117.5,,,90765752.0
1998-10-23,118.5,116.5,116.5,117.5,,,90765752.0
1998-10-26,118.5,118.5,118.5,118.5,,,90765752.0
1998-10-27,118.5,118.5,118.5,118.5,,,90765752.0
1998-10-28,118.5,118.5,118.5,118.5,,,90765752.0
1998-10-29,123.5,118.5,118.5,122.5,,,90765752.0
1998-10-30,140.0,123.5,123.5,140.0,,,90765752.0
1998-11-02,141.5,140.0,141.5,140.0,,,90765752.0
1998-11-03,141.5,140.0,141.5,140.0,,,90765752.0
1998-11-04,141.5,140.0,141.5,140.0,,,90765752.0
1998-11-05,141.5,141.0,141.5,141.0,,,90765752.0
1998-11-06,141.5,141.0,141.5,141.0,,,90765752.0
1998-11-09,141.5,141.0,141.5,141.0,,,90765752.0
1998-11-10,142.0,140.5,140.5,142.0,,20000.0,90765752.0
1998-11-11,143.5,141.5,143.5,142.0,,,90765752.0
1998-11-12,143.5,142.0,143.5,142.0,,,90765752.0
1998-11-13,142.0,140.5,141.5,142.0,,,90765752.0
1998-11-16,142.5,140.5,141.5,142.0,,,90765752.0
1998-11-17,,,,141.0,,,90765752.0
1998-11-18,141.0,135.0,141.0,138.0,,6928.0,90765752.0
1998-11-19,140.0,140.0,140.0,138.0,,3500.0,90765752.0
1998-11-20,,,,138.0,,,90765752.0
1998-11-23,139.0,139.0,139.0,136.0,,3000.0,90765752.0
1998-11-24,138.5,138.5,138.5,136.0,,6380.0,90765752.0
1998-11-25,137.0,137.0,137.0,136.0,,37500.0,90765752.0
1998-11-26,134.0,134.0,134.0,133.5,,7500.0,90765752.0
1998-11-27,,,,133.5,,,90765752.0
1998-11-30,132.0,130.0,130.0,133.5,,2600.0,90765752.0
1998-12-01,130.0,130.0,130.0,131.5,,4000.0,90765752.0
1998-12-02,123.0,120.0,123.0,122.5,,5500.0,90765752.0
1998-12-03,125.0,125.0,125.0,122.5,,2352.0,90765752.0
1998-12-04,125.0,125.0,125.0,122.5,,1200.0,90765752.0
1998-12-07,125.0,124.0,124.0,122.5,,10500.0,90765752.0
1998-12-08,120.0,100.0,120.0,118.0,,5595.0,90765752.0
1998-12-09,110.0,110.0,110.0,109.5,,2510.0,90765752.0
1998-12-10,113.0,107.0,107.0,109.5,,120500.0,90765752.0
1998-12-11,113.0,113.0,113.0,109.5,,240.0,90765752.0
1998-12-14,112.0,107.0,112.0,109.0,,1240665.0,90765752.0
1998-12-15,115.0,108.0,111.0,111.5,,27800.0,90765752.0
1998-12-16,123.0,115.0,115.0,120.0,,46750.0,90765752.0
1998-12-17,130.0,122.0,122.0,128.5,,80000.0,90765752.0
1998-12-18,132.0,130.0,130.0,128.5,,1000.0,90765752.0
1998-12-21,132.0,125.0,127.0,129.5,,39877.0,90765752.0
1998-12-22,137.0,130.0,133.0,133.5,,5704.0,90765752.0
1998-12-23,153.0,141.5,141.5,150.0,,24319.0,90765752.0
1998-12-24,148.0,142.0,148.0,144.0,,19002.0,90765752.0
1998-12-29,146.0,146.0,146.0,144.0,,680.0,90765752.0
1998-12-30,141.0,141.0,141.0,144.0,,2500.0,90765752.0
1999-01-04,141.0,141.0,141.0,143.5,,6114.0,90765752.0
1999-01-05,139.0,135.0,135.0,136.5,,4300.0,90765752.0
1999-01-06,140.0,133.0,133.0,136.5,,4686.0,90765752.0
1999-01-07,135.0,135.0,135.0,136.5,,500.0,90765752.0
1999-01-08,137.0,137.0,137.0,136.5,,250000.0,90765752.0
1999-01-11,140.0,133.0,133.0,136.5,,3435.0,90765752.0
1999-01-12,,,,136.5,,,90765752.0
1999-01-13,133.0,132.0,133.0,134.0,,2590.0,90765752.0
1999-01-14,131.0,131.0,131.0,134.0,,731.0,90765752.0
1999-01-15,137.0,133.0,133.0,134.0,,71700.0,90765752.0
1999-01-18,,,,134.0,,,90765752.0
1999-01-19,131.0,131.0,131.0,134.0,,688.0,90765752.0
1999-01-20,137.0,131.0,137.0,134.0,,877887.0,90765752.0
1999-01-21,,,,133.5,,,90765752.0
1999-01-22,130.0,130.0,130.0,133.5,,1500.0,90765752.0
1999-01-25,132.0,131.0,131.0,133.5,,60750.0,90765752.0
1999-01-26,140.0,133.0,140.0,136.5,,27024.0,90765752.0
1999-01-27,140.0,133.0,133.0,136.5,,19023.0,90765752.0
1999-01-28,138.0,134.0,138.0,136.5,,70250.0,90765752.0
1999-01-29,138.0,133.0,133.0,135.5,,3450.0,90765752.0
1999-02-01,,,,135.5,,,90765752.0
1999-02-02,138.0,132.0,138.0,135.5,,87570.0,90765752.0
1999-02-03,135.0,133.0,135.0,136.5,,73966.0,90765752.0
1999-02-04,140.0,134.0,134.0,136.5,,1940.0,90765752.0
1999-02-05,136.5,136.5,136.5,136.5,,15079.0,90765752.0
1999-02-08,133.0,133.0,133.0,136.5,,108.0,90765752.0
1999-02-09,140.0,135.0,135.0,138.5,,38240.0,90765752.0
1999-02-10,142.0,135.0,141.0,139.0,,22954.0,90765752.0
1999-02-11,156.0,147.0,147.0,152.5,,24015.0,90765752.0
1999-02-12,157.0,151.0,155.0,153.5,,401240.0,90765752.0
1999-02-15,156.0,150.0,150.0,153.5,,3355.0,90765752.0
1999-02-16,156.0,156.0,156.0,153.5,,100.0,90765752.0
1999-02-17,150.0,150.0,150.0,153.5,,500.0,90765752.0
1999-02-18,,,,153.5,,,90765752.0
1999-02-19,156.0,150.0,150.0,153.5,,2173.0,90765752.0
1999-02-22,157.0,155.0,155.0,153.5,,10600.0,90765752.0
1999-02-23,162.0,160.0,160.0,158.5,,3000.0,90765752.0
1999-02-24,164.0,156.0,156.0,160.5,,12609.0,90765752.0
1999-02-25,165.0,158.0,162.0,162.5,,21795.0,90765752.0
1999-02-26,161.0,160.0,161.0,162.5,,6600.0,90765752.0
1999-03-01,161.0,160.0,160.0,162.5,,5700.0,90765752.0
1999-03-02,160.0,158.0,160.0,160.5,,484634.0,90765752.0
1999-03-03,163.0,158.0,158.0,160.5,,9000.0,90765752.0
1999-03-04,159.0,159.0,159.0,160.5,,400.0,90765752.0
1999-03-05,,,,160.5,,,90765752.0
1999-03-08,,,,160.5,,,90765752.0
1999-03-09,160.0,160.0,160.0,161.5,,4750.0,90765752.0
1999-03-10,167.0,160.0,166.0,163.5,,43937.0,90765752.0
1999-03-11,167.0,165.0,167.0,165.0,,29295.0,90765752.0
1999-03-12,167.0,163.0,163.0,166.5,,15000.0,90765752.0
1999-03-15,170.0,163.0,163.0,166.5,,240513.0,90765752.0
1999-03-16,171.0,165.0,165.0,168.5,,42850.0,90765752.0
1999-03-17,172.0,166.0,170.0,168.5,,12328.0,90765752.0
1999-03-18,173.0,170.0,173.0,173.5,,2190.0,90765752.0
1999-03-19,173.0,170.0,170.0,173.5,,113626.0,90765752.0
1999-03-22,177.0,172.0,172.0,175.0,,14000.0,90765752.0
1999-03-23,179.0,179.0,179.0,176.5,,2000.0,90765752.0
1999-03-24,175.0,175.0,175.0,176.5,,15300.0,90765752.0
1999-03-25,175.0,173.0,175.0,176.5,,31106.0,90765752.0
1999-03-26,175.0,173.0,175.0,176.5,,7200.0,90765752.0
1999-03-29,180.0,172.0,174.0,178.5,,43650.0,90765752.0
1999-03-30,184.0,182.0,182.0,182.0,,12408.0,90765752.0
1999-03-31,184.0,180.0,181.0,182.5,,33822.0,90765752.0
1999-04-01,187.0,180.0,180.0,183.5,,64028.0,90765752.0
1999-04-06,187.0,180.0,184.0,183.5,,24242.0,90765752.0
1999-04-07,187.0,180.0,180.0,186.5,,2362524.0,90765752.0
1999-04-08,190.0,183.0,190.0,186.5,,9043.0,90765752.0
1999-04-09,190.0,183.0,190.0,186.5,,216715.0,90765752.0
1999-04-12,192.0,188.0,192.0,190.0,,4459.0,90765752.0
1999-04-13,195.0,188.0,192.0,191.5,,295156.0,90765752.0
1999-04-14,195.0,189.0,195.0,191.5,,650.0,90765752.0
1999-04-15,195.0,188.0,188.0,191.5,,1412.0,90765752.0
1999-04-16,190.0,190.0,190.0,191.5,,5000.0,90765752.0
1999-04-19,195.0,191.5,195.0,191.5,,29200.0,90765752.0
1999-04-20,190.5,188.0,189.0,190.5,,28442.0,90765752.0
1999-04-21,190.0,188.0,188.0,191.5,,492732.0,90765752.0
1999-04-22,194.0,189.0,194.0,191.5,,2500.0,90765752.0
1999-04-23,199.0,198.0,199.0,196.5,,5206.0,90765752.0
1999-04-26,198.0,190.0,190.0,195.0,,13124.0,90765752.0
1999-04-27,202.0,195.0,197.0,197.5,,822366.0,90765752.0
1999-04-28,202.0,195.0,202.0,197.5,,552505.0,90765752.0
1999-04-29,195.0,195.0,195.0,197.5,,3747.0,90765752.0
1999-04-30,196.0,195.0,196.0,197.5,,10196.0,90806569.0
1999-05-04,199.0,196.0,199.0,197.5,,12000.0,90806569.0
1999-05-05,198.0,195.0,195.0,197.5,,52424.0,90806569.0
1999-05-06,,,,196.5,,,90806569.0
1999-05-07,193.0,193.0,193.0,196.5,,11000.0,90806569.0
1999-05-10,195.0,192.0,195.0,195.0,,83143.0,90806569.0
1999-05-11,193.5,193.5,193.5,195.0,,2000.0,90806569.0
1999-05-12,194.0,193.0,194.0,195.0,,4525.0,90806569.0
1999-05-13,195.875,195.0,195.875,195.0,,1111776.0,90806569.0
1999-05-14,194.0,193.0,193.0,195.0,,200000.0,90806569.0
1999-05-17,193.0,191.0,193.0,194.0,,7776.0,90806569.0
1999-05-18,191.0,191.0,191.0,194.0,,6549.0,90806569.0
1999-05-19,193.0,192.0,192.0,194.0,,122282.0,90806569.0
1999-05-20,191.0,191.0,191.0,194.0,,2000.0,90806569.0
1999-05-21,191.0,191.0,191.0,194.0,,750.0,90806569.0
1999-05-24,192.0,191.0,191.0,194.0,,1100.0,90806569.0
1999-05-25,191.0,191.0,191.0,194.0,,1200.0,90806569.0
1999-05-26,194.0,193.9,193.9,194.5,,20000.0,90806569.0
1999-05-27,,,,194.5,,,90806569.0
1999-05-28,196.0,178.0,192.0,186.5,,39911.0,90806569.0
1999-06-01,188.0,177.0,183.0,181.5,,144000.0,90806569.0
1999-06-02,180.0,175.0,180.0,181.5,,15581.0,90806569.0
1999-06-03,178.0,178.0,178.0,180.5,,55000.0,90806569.0
1999-06-04,176.0,176.0,176.0,179.5,,7800.0,90806569.0
1999-06-07,176.0,170.0,176.0,172.5,,9990.0,90806569.0
1999-06-08,172.5,170.0,170.0,173.5,,26500.0,90806569.0
1999-06-09,174.0,170.0,170.0,172.5,,2656.0,90806569.0
1999-06-10,170.0,165.0,170.0,167.5,,70059.0,90806569.0
1999-06-11,166.0,165.0,165.0,167.5,,300500.0,90806569.0
1999-06-14,165.0,165.0,165.0,167.5,,200.0,90806569.0
1999-06-15,170.0,165.0,170.0,167.5,,1609.0,90806569.0
1999-06-16,169.0,165.0,169.0,167.5,,12800.0,90806569.0
1999-06-17,,,,168.0,,,90806569.0
1999-06-18,166.0,166.0,166.0,168.0,,6016.0,90806569.0
1999-06-21,167.0,167.0,167.0,168.0,,416.0,90806569.0
1999-06-22,166.0,166.0,166.0,166.5,,1251.0,90806569.0
1999-06-23,,,,166.5,,,90806569.0
1999-06-24,167.0,163.0,163.0,165.5,,30833.0,90806569.0
1999-06-25,,,,165.5,,,90806569.0
1999-06-28,163.0,163.0,163.0,165.5,,1000.0,90806569.0
1999-06-29,164.0,164.0,164.0,165.5,,500.0,90806569.0
1999-06-30,165.5,163.0,163.0,165.5,,201778.0,90806569.0
1999-07-01,164.0,163.0,163.0,165.0,,297500.0,90806569.0
1999-07-02,,,,165.0,,,90806569.0
1999-07-05,164.0,164.0,164.0,165.0,,369.0,90806569.0
1999-07-06,165.0,163.0,163.5,165.0,,185602.0,90806569.0
1999-07-07,164.0,164.0,164.0,165.0,,500.0,90806569.0
1999-07-08,167.0,163.0,164.0,165.0,,300700.0,90806569.0
1999-07-09,165.0,160.0,160.0,162.5,,413684.0,90806569.0
1999-07-12,160.0,160.0,160.0,162.5,,10735.0,90806569.0
1999-07-13,162.5,160.0,160.0,161.5,,6682.0,90806569.0
1999-07-14,161.5,160.0,160.0,161.5,,112068.0,90806569.0
1999-07-15,160.0,160.0,160.0,161.5,,5450.0,90806569.0
1999-07-16,163.0,163.0,163.0,161.5,,1000.0,90806569.0
1999-07-19,162.25,160.0,162.0,161.5,,16290.0,90806569.0
1999-07-20,160.75,160.0,160.0,161.5,,1903.0,90806569.0
1999-07-21,160.0,160.0,160.0,161.5,,720.0,90806569.0
1999-07-22,162.0,162.0,162.0,161.5,,13500.0,90806569.0
1999-07-23,163.0,163.0,163.0,161.5,,6.0,90806569.0
1999-07-26,163.0,163.0,163.0,161.5,,614.0,90806569.0
1999-07-27,161.5,161.0,161.5,161.5,,34122.0,90806569.0
1999-07-28,160.0,160.0,160.0,161.5,,6000.0,90806569.0
1999-07-29,161.5,160.0,160.0,161.5,,558977.0,90806569.0
1999-07-30,160.75,160.0,160.75,159.5,,25175.0,90806569.0
1999-08-02,161.0,161.0,161.0,159.5,,5700.0,90806569.0
1999-08-03,156.0,156.0,156.0,159.5,,1000.0,90806569.0
1999-08-04,,,,159.5,,,90806569.0
1999-08-05,,,,159.5,,,90806569.0
1999-08-06,,,,159.5,,,90806569.0
1999-08-09,157.0,156.0,156.0,159.5,,56000.0,90806569.0
1999-08-10,156.0,156.0,156.0,159.5,,4600.0,90806569.0
1999-08-11,,,,159.0,,,90806569.0
1999-08-12,,,,159.0,,,90806569.0
1999-08-13,,,,159.0,,,90806569.0
1999-08-16,156.0,156.0,156.0,159.0,,1500.0,90806569.0
1999-08-17,161.0,157.0,157.0,159.0,,1500.0,90806569.0
1999-08-18,,,,159.0,,,90806569.0
1999-08-19,,,,159.0,,,90806569.0
1999-08-20,150.0,150.0,150.0,156.5,,12500.0,90806569.0
1999-08-23,159.0,159.0,159.0,156.5,,250.0,90806569.0
1999-08-24,157.0,154.0,157.0,155.0,,26480.0,90806569.0
1999-08-25,153.0,153.0,153.0,154.0,,275.0,90806569.0
1999-08-26,155.0,155.0,155.0,154.0,,200.0,90806569.0
1999-08-27,154.0,153.0,153.0,154.0,,4585.0,90806569.0
1999-08-31,151.0,151.0,151.0,154.0,,10000.0,90806569.0
1999-09-01,150.0,150.0,150.0,152.5,,1000.0,90806569.0
1999-09-02,150.0,150.0,150.0,152.5,,37.0,90806569.0
1999-09-03,150.0,150.0,150.0,152.5,,510.0,90806569.0
1999-09-06,155.0,150.0,150.0,152.5,,2000.0,90806569.0
1999-09-07,155.0,150.0,155.0,152.5,,4132.0,90806569.0
1999-09-08,,,,152.5,,,90806569.0
1999-09-09,152.5,152.5,152.5,152.5,,3236.0,90806569.0
1999-09-10,152.5,152.5,152.5,152.5,,38100.0,90806569.0
1999-09-13,150.0,150.0,150.0,152.5,,1000.0,90806569.0
1999-09-14,,,,152.5,,,90806569.0
1999-09-15,,,,152.5,,,90806569.0
1999-09-16,149.0,145.0,145.0,150.5,,10400.0,90806569.0
1999-09-17,151.0,151.0,151.0,150.0,,500.0,90806569.0
1999-09-20,152.0,151.0,152.0,150.0,,1606.0,90765752.0
1999-09-21,148.0,148.0,148.0,150.0,,2900.0,90765752.0
1999-09-22,151.0,148.0,148.0,148.5,,3815.0,90765752.0
1999-09-23,146.0,146.0,146.0,148.5,,1000.0,90765752.0
1999-09-24,145.0,145.0,145.0,145.0,,3600.0,90765752.0
1999-09-27,147.0,147.0,147.0,145.0,,2000.0,90765752.0
1999-09-28,145.0,143.0,143.0,145.0,,2200.0,90765752.0
1999-09-29,,,,145.0,,,90765752.0
1999-09-30,146.0,143.0,143.0,143.5,,11133.0,90765752.0
1999-10-01,143.5,137.0,143.5,139.5,,44715.0,90765752.0
1999-10-04,122.0,120.0,122.0,120.0,,51726.0,90765752.0
1999-10-05,122.0,115.0,121.0,117.5,,13399.0,90765752.0
1999-10-06,119.595,115.0,119.0,116.0,,12000.0,90765752.0
1999-10-07,119.595,113.0,119.0,116.0,,9615.0,90765752.0
1999-10-08,,,,116.0,,,90765752.0
1999-10-11,117.0,111.0,117.0,113.5,,29686.0,90765752.0
1999-10-12,117.0,115.0,117.0,113.5,,14794.0,90765752.0
1999-10-13,116.0,111.0,111.0,113.5,,1399.0,90765752.0
1999-10-14,115.0,110.0,110.0,111.5,,6384.0,90765752.0
1999-10-15,115.0,113.0,115.0,111.5,,2900.0,90765752.0
1999-10-18,115.0,114.0,115.0,111.5,,3071.0,90765752.0
1999-10-19,115.0,111.0,114.0,111.5,,53521.0,90765752.0
1999-10-20,109.0,109.0,109.0,111.5,,475.0,90765752.0
1999-10-21,115.0,113.0,113.0,111.5,,26300.0,90765752.0
1999-10-22,115.0,113.0,114.0,111.5,,5750.0,90765752.0
1999-10-25,,,,111.5,,,90765752.0
1999-10-26,111.5,111.5,111.5,111.5,,6700.0,90765752.0
1999-10-27,,,,111.5,,,90765752.0
1999-10-28,108.0,108.0,108.0,111.5,,10000.0,90765752.0
1999-10-29,115.0,113.0,114.0,111.5,,5300.0,90765752.0
1999-11-01,115.0,110.0,115.0,111.5,,17000.0,91105075.0
1999-11-02,115.0,114.0,114.0,111.5,,2500.0,91105075.0
1999-11-03,115.0,108.0,108.0,111.5,,10750.0,91105075.0
1999-11-04,114.0,108.0,108.0,111.5,,19024.0,91105075.0
1999-11-05,115.0,113.0,114.0,111.5,,31046.0,91105075.0
1999-11-08,115.0,115.0,115.0,111.5,,1705.0,91105075.0
1999-11-09,115.0,108.0,115.0,110.0,,5814.0,91105075.0
1999-11-10,112.0,111.0,111.0,110.0,,2889.0,91105075.0
1999-11-11,112.0,111.0,111.0,110.0,,2873.0,91105075.0
1999-11-12,109.0,108.0,108.0,110.0,,1894.0,91105075.0
1999-11-15,112.0,112.0,112.0,110.0,,36.0,91105075.0
1999-11-16,110.0,109.0,109.0,110.0,,65736.0,91105075.0
1999-11-17,,,,110.0,,,91105075.0
1999-11-18,,,,110.0,,,91105075.0
1999-11-19,,,,107.5,,,91105075.0
1999-11-22,110.0,110.0,110.0,107.5,,1937.0,91105075.0
1999-11-23,,,,106.5,,,91105075.0
1999-11-24,107.0,105.0,105.0,105.5,,10100.0,91105075.0
1999-11-25,107.0,103.0,107.0,102.5,,10300.0,91105075.0
1999-11-26,105.0,98.0,101.0,101.5,,167650.0,91105075.0
1999-11-29,99.0,95.0,99.0,96.5,,140289.0,91105075.0
1999-11-30,97.0,90.0,91.0,91.5,,40904.0,91105075.0
1999-12-01,90.0,75.0,83.5,86.5,,517750.0,91105075.0
1999-12-02,90.0,85.5,90.0,86.5,,34275.0,91105075.0
1999-12-03,90.0,84.0,90.0,86.5,,20635.0,91105075.0
1999-12-06,90.0,83.0,90.0,86.5,,2000.0,91105075.0
1999-12-07,90.0,83.0,90.0,86.5,,2228.0,91105075.0
1999-12-08,90.0,89.0,89.0,86.5,,7000.0,91105075.0
1999-12-09,90.0,89.0,90.0,86.5,,6500.0,91105075.0
1999-12-10,,,,85.0,,,91105075.0
1999-12-13,87.0,83.0,87.0,85.0,,32305.0,91105075.0
1999-12-14,87.0,83.0,83.0,83.5,,48888.0,91105075.0
1999-12-15,86.3,80.0,80.0,83.5,,28706.0,91105075.0
1999-12-16,87.0,80.0,87.0,83.5,,26340.0,91105075.0
1999-12-17,81.3,80.0,80.0,78.5,,10222.0,91105075.0
1999-12-20,80.0,73.0,80.0,76.5,,103476.0,91105075.0
1999-12-21,80.0,73.0,80.0,75.5,,5045.0,91105075.0
1999-12-22,78.0,75.0,77.0,75.5,,11050.0,91105075.0
1999-12-23,78.0,73.0,77.5,75.5,,23772.0,91105075.0
1999-12-24,78.0,78.0,78.0,75.5,,1000.0,91105075.0
1999-12-29,78.0,76.5,76.5,75.5,,13130.0,91105075.0
1999-12-30,78.0,78.0,78.0,75.5,,1500.0,91105075.0
2000-01-04,78.0,73.0,75.5,75.5,,79733.0,91105075.0
2000-01-05,77.0,73.0,73.5,75.0,,1165957.0,91105075.0
2000-01-06,77.0,73.0,77.0,75.0,,102200.0,91105075.0
2000-01-07,80.0,74.0,80.0,75.0,,91406.0,91105075.0
2000-01-10,77.0,73.0,77.0,75.0,,23200.0,91105075.0
2000-01-11,77.0,73.0,76.5,75.0,,17800.0,91105075.0
2000-01-12,77.0,74.0,77.0,75.0,,33883.0,91105075.0
2000-01-13,77.0,75.0,75.0,75.0,,23200.0,91105075.0
2000-01-14,73.5,73.5,73.5,75.0,,8355.0,91105075.0
2000-01-17,77.0,74.0,77.0,74.5,,207018.0,91105075.0
2000-01-18,76.0,73.0,75.5,74.5,,21200.0,91105075.0
2000-01-19,76.0,75.0,76.0,74.5,,7500.0,91105075.0
2000-01-20,65.0,55.0,63.0,61.5,,541910.0,91105075.0
2000-01-21,63.0,50.0,63.0,57.5,,147045.0,91105075.0
2000-01-24,62.0,56.0,60.0,57.5,,125412.0,91105075.0
2000-01-25,60.0,55.0,60.0,57.5,,32850.0,91105075.0
2000-01-26,60.0,56.0,60.0,57.5,,38070.0,91105075.0
2000-01-27,60.0,50.0,50.0,57.5,,1957025.0,91105075.0
2000-01-28,52.0,48.0,51.5,50.0,,182688.0,91105075.0
2000-01-31,50.0,44.0,50.0,46.0,,611964.0,91105075.0
2000-02-01,47.0,45.0,45.0,45.0,,158984.0,91105075.0
2000-02-02,47.0,43.0,47.0,45.0,,77500.0,91105075.0
2000-02-03,45.0,38.0,45.0,43.5,,1846013.0,91105075.0
2000-02-04,47.0,42.0,45.0,44.5,,121052.0,91105075.0
2000-02-07,47.5,43.0,47.0,44.5,,448477.0,91105075.0
2000-02-08,47.0,42.25,46.5,44.5,,100225.0,91105075.0
2000-02-09,47.0,46.75,47.0,44.5,,43763.0,91105075.0
2000-02-10,47.0,42.0,46.5,44.5,,27010.0,91105075.0
2000-02-11,47.0,42.0,46.5,44.5,,160374.0,91105075.0
2000-02-14,47.0,46.0,47.0,44.5,,28236.0,91105075.0
2000-02-15,47.0,42.75,47.0,44.5,,59627.0,91105075.0
2000-02-16,47.0,44.0,44.0,44.5,,86458.0,91105075.0
2000-02-17,47.0,42.0,46.75,44.5,,164036.0,91105075.0
2000-02-18,47.0,42.0,46.75,44.5,,118164.0,91105075.0
2000-02-21,47.0,42.0,47.0,44.5,,88879.0,91105075.0
2000-02-22,47.0,40.0,47.0,44.5,,309302.0,91105075.0
2000-02-23,47.0,42.0,47.0,44.5,,25600.0,91105075.0
2000-02-24,47.0,44.5,47.0,44.5,,421942.0,91105075.0
2000-02-25,47.0,42.0,47.0,44.5,,982832.0,91105075.0
2000-02-28,47.0,43.0,47.0,44.5,,114200.0,91105075.0
2000-02-29,47.0,42.0,47.0,44.5,,124873.0,91105075.0
2000-03-01,47.0,43.0,47.0,46.0,,24382.0,91105075.0
2000-03-02,50.0,45.0,48.75,47.0,,409611.0,91105075.0
2000-03-03,50.0,44.0,49.75,47.0,,272534.0,91105075.0
2000-03-06,50.0,48.0,49.75,47.0,,96909.0,91105075.0
2000-03-07,50.0,44.0,49.75,47.0,,54301.0,91105075.0
2000-03-08,50.0,44.0,44.0,47.0,,75500.0,91105075.0
2000-03-09,50.0,43.0,50.0,46.5,,58240.0,91105075.0
2000-03-10,50.0,49.0,49.0,46.5,,27600.0,91105075.0
2000-03-13,50.0,43.0,50.0,46.5,,57550.0,91105075.0
2000-03-14,50.5,43.0,50.5,46.5,,54055.0,91105075.0
2000-03-15,50.0,43.0,43.25,46.5,,88997.0,91105075.0
2000-03-16,50.0,49.0,49.3,46.5,,31430.0,91105075.0
2000-03-17,50.0,43.0,50.0,46.0,,143731.0,91105075.0
2000-03-20,49.0,43.0,48.75,46.0,,134193.0,91105075.0
2000-03-21,49.0,43.0,48.4,46.0,,245880.0,91105075.0
2000-03-22,49.0,43.0,43.0,46.0,,14740.0,91105075.0
2000-03-23,50.0,45.0,49.0,47.5,,462941.0,91105075.0
2000-03-24,50.0,45.0,50.0,47.5,,66915.0,91105075.0
2000-03-27,50.0,47.5,50.0,47.5,,38447.0,91105075.0
2000-03-28,55.0,46.0,50.0,52.0,,1431778.0,91105075.0
2000-03-29,59.5,55.0,57.0,57.0,,763278.0,91105075.0
2000-03-30,59.0,53.0,59.0,55.5,,105563.0,91105075.0
2000-03-31,58.0,53.0,53.0,55.0,,71788.0,91105075.0
2000-04-03,54.0,50.0,54.0,52.0,,154964.0,91105075.0
2000-04-04,54.0,50.0,54.0,52.0,,262589.0,91105075.0
2000-04-05,55.0,50.0,54.0,52.0,,33800.0,91105075.0
2000-04-06,54.0,50.0,50.0,52.0,,66853.0,91105075.0
2000-04-07,54.0,50.0,50.0,52.0,,116952.0,91105075.0
2000-04-10,54.0,49.0,50.0,50.0,,170868.0,91105075.0
2000-04-11,51.0,49.0,49.25,50.0,,12984.0,91105075.0
2000-04-12,51.0,49.0,49.0,50.0,,35101.0,91105075.0
2000-04-13,51.0,49.25,50.8,50.0,,30415.0,91105075.0
2000-04-14,50.0,47.3,50.0,48.5,,42644.0,91105075.0
2000-04-17,50.0,44.0,47.0,47.5,,78117.0,91105075.0
2000-04-18,50.0,45.5,45.5,48.5,,57957.0,91105075.0
2000-04-19,52.0,49.7,50.0,49.5,,158270.0,91105075.0
2000-04-20,52.0,50.0,50.0,49.5,,156410.0,91105075.0
2000-04-25,51.0,46.0,48.0,49.0,,45162.0,91105075.0
2000-04-26,51.6,48.0,51.0,50.0,,24825.0,91105075.0
2000-04-27,52.0,48.0,48.5,50.0,,15684.0,91105075.0
2000-04-28,51.75,48.0,51.75,50.0,,29733.0,91105075.0
2000-05-02,53.5,48.0,48.4,50.0,,19094.0,91105075.0
2000-05-03,52.0,48.0,52.0,49.5,,19700.0,91105075.0
2000-05-04,52.0,47.0,47.0,49.5,,2224.0,91105075.0
2000-05-05,52.0,47.0,51.75,49.5,,5291.0,91105075.0
2000-05-08,52.0,47.0,47.5,49.5,,14108.0,91105075.0
2000-05-09,52.0,47.0,52.0,49.5,,48500.0,91105075.0
2000-05-10,52.0,47.0,47.0,48.5,,29852.0,91105075.0
2000-05-11,50.0,50.0,50.0,47.5,,2000.0,91105075.0
2000-05-12,50.0,49.7,49.7,48.5,,13990.0,91105075.0
2000-05-15,50.0,47.0,49.75,48.5,,47915.0,91105075.0
2000-05-16,50.0,49.75,50.0,48.5,,23570.0,91105075.0
2000-05-17,47.0,47.0,47.0,48.5,,500.0,91105075.0
2000-05-18,49.0,47.25,49.0,48.5,,3250.0,91105075.0
2000-05-19,50.0,47.0,50.0,48.5,,14012.0,91105075.0
2000-05-22,49.7,47.3,47.3,48.5,,7248.0,91105075.0
2000-05-23,47.3,45.0,45.0,48.5,,76029.0,91105075.0
2000-05-24,49.0,47.0,47.0,48.5,,5300.0,91105075.0
2000-05-25,50.0,45.0,45.0,48.0,,43287.0,91105075.0
2000-05-26,42.0,35.0,36.0,37.5,,793215.0,91105075.0
2000-05-30,40.0,33.0,40.0,35.5,,198813.0,91105075.0
2000-05-31,38.0,33.0,38.0,35.5,,56078.0,91105075.0
2000-06-01,38.0,33.0,38.0,35.5,,149494.0,91105075.0
2000-06-02,38.0,37.0,37.0,35.5,,79210.0,91105075.0
2000-06-05,38.0,33.0,37.75,35.5,,39356.0,91105075.0
2000-06-06,38.0,31.0,38.0,33.0,,151353.0,91105075.0
2000-06-07,35.0,28.0,28.0,33.0,,241833.0,91105075.0
2000-06-08,35.0,33.0,35.0,33.0,,34100.0,91105075.0
2000-06-09,35.0,33.0,35.0,33.0,,38164.0,91105075.0
2000-06-12,35.0,31.0,31.25,34.0,,113050.0,91105075.0
2000-06-13,35.0,34.75,35.0,34.0,,28075.0,91105075.0
2000-06-14,35.0,34.75,34.75,34.0,,18765.0,91105075.0
2000-06-15,35.0,33.0,35.0,34.0,,223000.0,91105075.0
2000-06-16,35.0,33.0,35.0,34.0,,215664.0,91105075.0
2000-06-19,35.0,30.0,35.0,32.0,,122300.0,91105075.0
2000-06-20,34.0,30.25,30.25,32.0,,31561.0,91105075.0
2000-06-21,34.0,30.0,34.0,32.0,,2400867.0,91105075.0
2000-06-22,33.0,30.0,30.0,31.5,,56250.0,91105075.0
2000-06-23,33.0,31.5,32.7,31.5,,107085.0,91105075.0
2000-06-26,32.0,30.0,32.0,31.0,,116168.0,91105075.0
2000-06-27,32.0,29.0,31.8,31.0,,179107.0,91105075.0
2000-06-28,32.0,29.0,32.0,31.0,,75236.0,91105075.0
2000-06-29,32.0,31.5,31.8,31.0,,45220.0,91105075.0
2000-06-30,32.0,29.0,31.8,31.0,,79913.0,91105075.0
2000-07-03,32.0,30.0,32.0,31.0,,73243.0,91105075.0
2000-07-04,32.0,30.0,31.5,31.0,,31239.0,91105075.0
2000-07-05,32.0,30.2,31.8,31.0,,24069.0,91105075.0
2000-07-06,32.0,30.0,32.0,31.0,,53449.0,91105075.0
2000-07-07,32.0,31.0,31.75,31.0,,74199.0,91105075.0
2000-07-10,32.0,30.2,32.0,31.0,,84500.0,91105075.0
2000-07-11,32.0,30.0,32.0,31.0,,26134.0,91105075.0
2000-07-12,32.0,31.8,32.0,31.0,,48203.0,91105075.0
2000-07-13,32.0,31.0,32.0,31.0,,105730.0,91105075.0
2000-07-14,32.0,31.75,32.0,31.0,,62166.0,91105075.0
2000-07-17,32.0,30.0,32.0,31.0,,63074.0,91105075.0
2000-07-18,33.0,30.0,32.0,31.5,,628791.0,91105075.0
2000-07-19,33.0,30.0,32.75,31.5,,192693.0,91105075.0
2000-07-20,33.0,30.0,33.0,31.5,,32001.0,91105075.0
2000-07-21,33.0,30.0,32.75,31.5,,46625.0,91105075.0
2000-07-24,33.0,30.0,33.0,31.5,,56252.0,91105075.0
2000-07-25,33.0,32.0,33.0,31.5,,31038.0,91105075.0
2000-07-26,32.7,31.5,32.7,31.5,,67700.0,91105075.0
2000-07-27,33.0,32.7,32.7,31.5,,51415.0,91105075.0
2000-07-28,33.0,32.0,32.75,31.5,,43100.0,91105075.0
2000-07-31,33.0,30.0,33.0,31.5,,49109.0,91105075.0
2000-08-01,32.75,32.0,32.0,31.5,,17500.0,91105075.0
2000-08-02,33.0,30.3,32.75,31.5,,38403.0,91105075.0
2000-08-03,33.0,30.0,32.75,31.5,,11461.0,91105075.0
2000-08-04,32.7,32.0,32.0,31.5,,2805.0,91105075.0
2000-08-07,33.0,30.0,33.0,31.5,,46338.0,91105075.0
2000-08-08,33.0,30.0,30.0,31.5,,198907.0,91105075.0
2000-08-09,33.0,30.0,33.0,31.5,,97879.0,91105075.0
2000-08-10,33.0,32.7,33.0,31.5,,22001.0,91105075.0
2000-08-11,33.0,30.3,32.7,31.5,,35700.0,91105075.0
2000-08-14,33.0,30.0,32.75,31.5,,9000.0,91105075.0
2000-08-15,33.0,30.25,30.25,31.5,,13350.0,91105075.0
2000-08-16,33.0,30.5,33.0,31.5,,196015.0,91105075.0
2000-08-17,33.0,30.0,32.7,31.5,,20122.0,91105075.0
2000-08-18,33.0,31.0,33.0,31.5,,128412.0,91105075.0
2000-08-21,33.0,30.0,33.0,31.5,,20400.0,91105075.0
2000-08-22,33.0,30.0,33.0,31.5,,522942.0,91105075.0
2000-08-23,33.0,30.0,30.3,31.5,,55729.0,91105075.0
2000-08-24,33.0,32.0,32.75,31.5,,80161.0,91105075.0
2000-08-25,33.0,30.0,33.0,31.5,,9200.0,91105075.0
2000-08-29,33.0,30.0,32.7,31.5,,48500.0,91105075.0
2000-08-30,33.0,30.3,30.3,31.5,,21731.0,91105075.0
2000-08-31,33.0,30.0,32.7,31.5,,518017.0,91105075.0
2000-09-01,33.0,30.0,33.0,31.5,,45941.0,91105075.0
2000-09-04,33.0,30.0,33.0,31.5,,173747.0,91105075.0
2000-09-05,35.0,30.0,30.0,31.5,,77574.0,91105075.0
2000-09-06,32.75,30.0,32.7,31.5,,19875.0,91105075.0
2000-09-07,33.0,30.0,33.0,31.5,,8355.0,91105075.0
2000-09-08,33.0,30.0,33.0,31.5,,58075.0,91105075.0
2000-09-11,33.0,30.0,30.25,31.5,,25090.0,91105075.0
2000-09-12,33.0,33.0,33.0,31.5,,4000.0,91105075.0
2000-09-13,33.0,30.0,33.0,31.5,,16524.0,91105075.0
2000-09-14,33.0,30.5,30.5,31.5,,41600.0,91105075.0
2000-09-15,33.0,33.0,33.0,31.5,,8000.0,91105075.0
2000-09-18,33.0,33.0,33.0,31.5,,16615.0,91105075.0
2000-09-19,33.0,33.0,33.0,31.5,,4969.0,91105075.0
2000-09-20,33.0,30.0,33.0,31.5,,42668.0,91105075.0
2000-09-21,30.0,30.0,30.0,31.5,,7000.0,91105075.0
2000-09-22,33.0,30.25,30.25,31.5,,37280.0,91105075.0
2000-09-25,33.0,31.0,33.0,31.5,,160425.0,91105075.0
2000-09-26,33.0,30.0,30.0,31.5,,25268.0,91105075.0
2000-09-27,33.0,30.0,30.0,31.0,,72177.0,91105075.0
2000-09-28,32.0,30.0,32.0,31.0,,82800.0,91105075.0
2000-09-29,32.0,30.0,31.8,31.0,,8767.0,91105075.0
2000-10-02,27.25,25.0,26.0,26.0,,151880.0,91105075.0
2000-10-03,30.0,25.0,27.0,28.0,,977741.0,91105075.0
2000-10-04,30.0,26.0,29.5,28.0,,70472.0,91105075.0
2000-10-05,30.0,26.0,29.5,28.5,,104268.0,91105075.0
2000-10-06,30.0,26.0,30.0,28.5,,699075.0,91105075.0
2000-10-09,32.0,28.0,31.0,30.0,,236689.0,91105075.0
2000-10-10,32.0,30.0,32.0,30.0,,43952.0,91105075.0
2000-10-11,32.0,31.5,31.5,30.0,,33000.0,91105075.0
2000-10-12,31.5,28.0,29.98,29.5,,160730.0,91105075.0
2000-10-13,31.0,28.0,31.0,29.0,,13957.0,91105075.0
2000-10-16,30.6,27.0,28.0,29.0,,565672.0,91105075.0
2000-10-17,30.0,28.0,29.8,29.0,,17342.0,91105075.0
2000-10-18,30.0,28.0,30.0,29.0,,17841.0,91105075.0
2000-10-19,28.0,28.0,28.0,28.5,,40140.0,91105075.0
2000-10-20,29.0,25.0,29.0,26.5,,20855.0,91105075.0
2000-10-23,28.0,25.0,25.0,26.5,,48032.0,91105075.0
2000-10-24,28.0,25.0,25.0,26.5,,17982.0,91105075.0
2000-10-25,27.5,25.0,25.0,26.5,,20386.0,91105075.0
2000-10-26,28.0,25.3,27.7,26.5,,5000.0,91105075.0
2000-10-27,28.0,27.0,27.6,26.5,,15000.0,91105075.0
2000-10-30,28.0,25.3,28.0,26.5,,21014.0,91105075.0
2000-10-31,27.0,25.0,27.0,26.0,,30202.0,91105075.0
2000-11-01,27.0,25.0,25.2,26.0,,27456.0,91105075.0
2000-11-02,27.0,25.2,27.0,26.0,,41949.0,91105075.0
2000-11-03,27.0,23.0,23.0,25.0,,25000.0,91105075.0
2000-11-06,27.0,23.0,27.0,25.0,,61768.0,91105075.0
2000-11-07,27.0,23.0,27.0,25.0,,35051.0,91105075.0
2000-11-08,24.0,23.5,24.0,25.0,,5096.0,91105075.0
2000-11-09,26.5,26.5,26.5,25.0,,4000.0,91105075.0
2000-11-10,27.0,23.0,23.0,25.0,,42519.0,91105075.0
2000-11-13,27.0,26.5,27.0,25.0,,22492.0,91105075.0
2000-11-14,27.0,23.5,26.5,25.0,,52893.0,91105075.0
2000-11-15,27.0,23.0,27.0,25.0,,72252.0,91105075.0
2000-11-16,29.0,23.5,23.5,28.5,,2877800.0,91105075.0
2000-11-17,35.0,29.0,30.5,33.5,,3065542.0,91105075.0
2000-11-20,39.0,32.3,35.0,37.0,,1507664.0,91105075.0
2000-11-21,38.5,30.0,38.5,31.5,,320978.0,91105075.0
2000-11-22,33.0,30.0,30.5,31.5,,88228.0,91105075.0
2000-11-23,31.5,28.0,28.0,30.0,,99420.0,91105075.0
2000-11-24,32.0,28.0,28.0,30.5,,82500.0,91105075.0
2000-11-27,32.0,30.0,32.0,31.0,,135797.0,91105075.0
2000-11-28,31.5,28.0,30.0,30.0,,114500.0,91105075.0
2000-11-29,31.0,28.0,28.5,29.5,,44225.0,91105075.0
2000-11-30,32.0,27.0,31.25,29.0,,90560.0,91105075.0
2000-12-01,31.0,26.0,30.4,29.0,,249378.0,91105075.0
2000-12-04,31.0,27.2,30.5,29.0,,19809.0,91105075.0
2000-12-05,30.6,28.0,30.5,29.5,,53754.0,91105075.0
2000-12-06,31.0,28.0,28.0,29.5,,51800.0,91105075.0
2000-12-07,30.0,28.3,28.3,29.5,,3310.0,91105075.0
2000-12-08,31.0,28.0,30.6,29.5,,34001.0,91105075.0
2000-12-11,35.0,30.0,31.0,32.5,,804402.0,91105075.0
2000-12-12,34.0,30.0,33.5,32.0,,1118120.0,91105075.0
2000-12-13,33.5,30.5,33.5,32.0,,40500.0,91105075.0
2000-12-14,32.0,27.6,30.0,29.5,,94845.0,91105075.0
2000-12-15,31.4,27.6,31.4,29.5,,16951.0,91105075.0
2000-12-18,31.4,25.0,31.4,27.5,,140590.0,91105075.0
2000-12-19,30.0,25.0,29.4,27.5,,116729.0,91105075.0
2000-12-20,29.4,25.0,25.0,27.5,,92885.0,91105075.0
2000-12-21,29.5,25.6,29.4,28.0,,401531.0,91105075.0
2000-12-22,30.5,26.5,29.5,29.0,,119387.0,91105075.0
2000-12-27,30.5,27.0,30.5,29.0,,28778.0,91105075.0
2000-12-28,30.5,30.5,30.5,29.0,,7601.0,91105075.0
2000-12-29,31.4,27.3,31.4,29.5,,23357.0,91105075.0
2001-01-02,31.4,27.6,27.6,29.5,,15774.0,91105075.0
2001-01-03,31.5,28.0,28.0,30.0,,80418.0,91105075.0
2001-01-04,32.0,28.0,31.5,30.0,,303783.0,91105075.0
2001-01-05,32.0,28.5,31.0,30.0,,69818.0,91105075.0
2001-01-08,32.0,28.5,28.5,31.0,,386797.0,91105075.0
2001-01-09,32.0,30.0,30.0,31.0,,59700.0,91105075.0
2001-01-10,32.0,28.5,31.8,30.0,,34050.0,91105075.0
2001-01-11,31.5,28.0,31.5,30.0,,36120.0,91105075.0
2001-01-12,31.5,28.0,28.0,30.0,,36725.0,91105075.0
2001-01-15,31.5,28.5,31.5,30.0,,22762.0,91105075.0
2001-01-16,32.0,28.5,31.0,30.0,,311882.0,91105075.0
2001-01-17,32.0,31.0,31.5,30.0,,44188.0,91105075.0
2001-01-18,31.5,28.5,31.5,30.0,,21895.0,91105075.0
2001-01-19,31.5,28.0,28.0,30.0,,26246.0,91105075.0
2001-01-22,31.5,28.5,28.5,30.0,,11045.0,91105075.0
2001-01-23,31.5,28.5,31.5,30.0,,11320.0,91105075.0
2001-01-24,31.5,28.0,28.5,30.0,,41167.0,91105075.0
2001-01-25,31.5,27.0,28.0,29.5,,78348.0,91105075.0
2001-01-26,31.4,27.6,31.4,29.5,,25690.0,91105075.0
2001-01-29,31.4,27.6,27.6,29.5,,42750.0,91105075.0
2001-01-30,30.75,27.0,27.0,29.5,,11848.0,91105075.0
2001-01-31,30.75,29.0,29.0,29.5,,3600.0,91105075.0
2001-02-01,28.0,27.5,27.6,29.5,,110310.0,91105075.0
2001-02-02,31.4,27.6,28.0,30.0,,53924.0,91105075.0
2001-02-05,31.5,28.0,31.5,30.0,,44577.0,91105075.0
2001-02-06,31.5,27.0,31.5,30.0,,109336.0,91105075.0
2001-02-07,31.5,27.0,31.5,29.5,,52321.0,91105075.0
2001-02-08,31.4,27.6,27.6,29.5,,11202.0,91105075.0
2001-02-09,30.5,27.0,27.0,29.0,,83017.0,91105075.0
2001-02-12,30.5,27.5,28.0,29.0,,11370.0,91105075.0
2001-02-13,30.5,27.0,27.0,29.0,,24299.0,91105075.0
2001-02-14,30.0,27.5,27.5,29.0,,30336.0,91105075.0
2001-02-15,30.0,27.0,30.0,29.0,,74215.0,91105075.0
2001-02-16,30.5,30.5,30.5,29.0,,1400.0,91105075.0
2001-02-19,30.5,27.0,30.0,29.0,,66190.0,91105075.0
2001-02-20,30.5,27.0,30.5,29.0,,14101.0,91105075.0
2001-02-21,30.6,27.5,30.6,29.0,,20589.0,91105075.0
2001-02-22,27.5,27.5,27.5,29.0,,4000.0,91105075.0
2001-02-23,30.6,27.5,30.0,29.0,,9094.0,91105075.0
2001-02-26,30.5,27.0,30.5,29.0,,43444.0,91105075.0
2001-02-27,27.5,27.5,27.5,29.0,,1000.0,91105075.0
2001-02-28,31.0,27.5,31.0,29.0,,13028.0,91105075.0
2001-03-01,30.5,27.4,28.0,28.5,,46982.0,91105075.0
2001-03-02,29.6,27.0,29.6,28.5,,25349.0,91105075.0
2001-03-05,27.5,27.0,27.3,28.5,,53462.0,91105075.0
2001-03-06,28.8,27.0,27.2,28.0,,56800.0,91105075.0
2001-03-07,28.8,27.0,27.2,28.0,,54750.0,91105075.0
2001-03-08,28.8,27.0,27.0,28.0,,21392.0,91105075.0
2001-03-09,28.8,27.0,27.2,28.0,,20396.0,91105075.0
2001-03-12,27.2,27.0,27.2,28.0,,4210.0,91105075.0
2001-03-13,27.2,27.0,27.0,28.0,,18860.0,91105075.0
2001-03-14,29.0,27.0,27.2,28.0,,71641.0,91105075.0
2001-03-15,27.2,27.0,27.2,28.0,,37557.0,91105075.0
2001-03-16,28.3,26.0,28.3,28.0,,33058.0,91105075.0
2001-03-19,29.0,28.0,28.4,28.0,,50103.0,91105075.0
2001-03-20,28.3,25.0,27.2,26.5,,290726.0,91105075.0
2001-03-21,26.3,25.0,26.0,26.0,,30541.0,91105075.0
2001-03-22,27.0,25.0,27.0,26.0,,49731.0,91105075.0
2001-03-23,26.0,23.2,25.0,25.0,,61630.0,91105075.0
2001-03-26,27.0,23.0,27.0,26.0,,3848064.0,91105075.0
2001-03-27,28.5,25.2,26.5,27.0,,689527.0,91105075.0
2001-03-28,32.75,29.0,29.4,31.5,,471373.0,91105075.0
2001-03-29,36.0,31.0,33.0,34.5,,775680.0,91105075.0
2001-03-30,35.75,31.0,35.75,32.5,,139056.0,91105075.0
2001-04-02,31.0,27.0,28.0,28.5,,203301.0,91105075.0
2001-04-03,28.0,25.0,27.7,26.5,,580962.0,91105075.0
2001-04-04,27.6,25.0,27.6,26.0,,84272.0,91105075.0
2001-04-05,27.0,25.0,27.0,26.0,,58444.0,91105075.0
2001-04-06,27.0,22.0,27.0,24.5,,438019.0,91105075.0
2001-04-09,25.8,23.0,25.0,24.5,,77216.0,91105075.0
2001-04-10,27.0,25.0,25.0,26.5,,113672.0,91105075.0
2001-04-11,29.0,25.0,28.0,27.5,,288334.0,91105075.0
2001-04-12,33.0,26.0,26.0,31.5,,144396.0,91105075.0
2001-04-17,33.0,30.0,32.75,31.5,,66343.0,91105075.0
2001-04-18,33.0,30.0,30.25,31.5,,40057.0,91105075.0
2001-04-19,32.6,29.0,32.6,30.5,,44499.0,91105075.0
2001-04-20,31.0,29.0,29.25,30.5,,58627.0,91105075.0
2001-04-23,31.75,29.0,29.25,30.5,,49072.0,91105075.0
2001-04-24,32.0,29.0,29.25,30.5,,1771130.0,91105075.0
2001-04-25,29.25,28.0,29.25,29.5,,113396.0,91105075.0
2001-04-26,29.0,28.0,29.0,29.0,,179900.0,91105075.0
2001-04-27,30.0,28.0,30.0,29.0,,37946.0,91105075.0
2001-04-30,29.0,28.0,28.2,29.0,,135658.0,91105075.0
2001-05-01,30.0,29.75,29.8,29.0,,2003634.0,91105075.0
2001-05-02,29.8,28.2,28.2,29.5,,113698.0,91105075.0
2001-05-03,31.0,29.0,30.6,29.5,,69600.0,91105075.0
2001-05-04,31.0,28.0,30.6,29.5,,17654.0,91105075.0
2001-05-08,28.5,28.3,28.5,29.5,,40000.0,91105075.0
2001-05-09,30.6,28.0,28.3,29.5,,864451.0,91105075.0
2001-05-10,31.0,28.0,28.0,29.5,,460452.0,91105075.0
2001-05-11,31.0,28.3,28.3,29.5,,34053.0,91105075.0
2001-05-14,30.6,28.3,28.3,29.5,,20500.0,91105075.0
2001-05-15,30.7,30.6,30.6,29.5,,2500.0,91105075.0
2001-05-16,28.3,28.3,28.3,29.5,,15000.0,91105075.0
2001-05-17,30.22,27.0,30.22,28.5,,25818.0,91105075.0
2001-05-18,29.6,27.3,29.22,28.5,,64298.0,91105075.0
2001-05-21,30.0,27.0,27.0,28.5,,40650.0,91105075.0
2001-05-22,29.0,27.0,27.0,27.5,,82250.0,91105075.0
2001-05-23,32.0,26.3,28.6,32.0,,352431.0,91105075.0
2001-05-24,40.0,30.0,30.6,36.5,,666019.0,91105075.0
2001-05-25,43.0,36.0,39.0,41.5,,750239.0,91105075.0
2001-05-29,42.0,38.0,40.0,39.5,,831133.0,91105075.0
2001-05-30,39.0,36.0,38.3,37.5,,128720.0,91105075.0
2001-05-31,36.25,33.0,36.25,34.5,,79215.0,91105075.0
2001-06-01,34.8,33.0,33.0,34.0,,55123.0,91105075.0
2001-06-04,41.75,34.75,34.75,40.5,,441435.0,91105075.0
2001-06-05,41.75,38.0,41.75,39.5,,444325.0,91105075.0
2001-06-06,43.0,38.0,38.0,42.5,,1941429.0,91105075.0
2001-06-07,43.25,40.0,41.25,41.5,,220582.0,91105075.0
2001-06-08,43.5,40.25,40.25,43.0,,591808.0,91105075.0
2001-06-11,47.25,42.0,43.8,45.5,,533839.0,91105075.0
2001-06-12,47.0,44.0,47.0,45.5,,393717.0,91105075.0
2001-06-13,46.0,43.0,43.3,44.5,,104017.0,91105075.0
2001-06-14,46.0,43.0,43.3,44.5,,122386.0,91105075.0
2001-06-15,45.1,40.25,43.3,41.5,,117525.0,91105075.0
2001-06-18,42.0,36.0,42.0,37.0,,174048.0,91105075.0
2001-06-19,38.25,36.0,37.0,37.5,,130155.0,91105075.0
2001-06-20,38.25,37.0,37.0,38.0,,31530.0,91105075.0
2001-06-21,38.75,37.25,38.25,38.0,,4026.0,91105075.0
2001-06-22,38.0,37.0,37.0,38.0,,100500.0,91105075.0
2001-06-25,43.75,39.0,39.0,42.5,,319201.0,91105075.0
2001-06-26,42.75,41.0,41.5,42.0,,92979.0,91105075.0
2001-06-27,43.0,41.25,43.0,42.0,,283857.0,91105075.0
2001-06-28,44.0,41.0,42.75,43.0,,248884.0,91105075.0
2001-06-29,48.0,42.25,43.8,45.0,,814009.0,91105075.0
2001-07-02,46.0,44.0,45.25,45.0,,92219.0,91105075.0
2001-07-03,46.0,44.0,44.25,44.5,,93754.0,91105075.0
2001-07-04,43.25,41.0,43.25,42.0,,96930.0,91105075.0
2001-07-05,43.75,40.0,42.8,42.0,,193435.0,91105075.0
2001-07-06,41.8,40.35,41.35,41.0,,34700.0,91105075.0
2001-07-09,41.75,39.0,41.75,40.0,,359547.0,91105075.0
2001-07-10,40.4,39.0,39.0,40.0,,23880.0,91105075.0
2001-07-11,40.5,39.0,39.0,40.0,,381615.0,91105075.0
2001-07-12,42.0,40.5,40.5,41.5,,129584.0,91105075.0
2001-07-13,41.0,39.0,41.0,40.5,,176398.0,91105075.0
2001-07-16,43.0,41.25,42.25,42.0,,323087.0,91105075.0
2001-07-17,43.0,41.0,42.75,41.0,,157258.0,91105075.0
2001-07-18,42.0,41.75,41.8,41.0,,14025.0,91105075.0
2001-07-19,42.0,40.75,41.75,41.0,,42268.0,91105075.0
2001-07-20,41.75,40.0,40.2,41.0,,235248.0,91105075.0
2001-07-23,41.75,39.0,40.25,40.0,,120511.0,91105075.0
2001-07-24,40.75,37.0,39.0,38.0,,120296.0,91105075.0
2001-07-25,38.75,37.25,38.75,38.0,,32751.0,91105075.0
2001-07-26,38.75,37.0,37.0,38.0,,28083.0,91105075.0
2001-07-27,40.5,38.0,39.75,39.5,,5755000.0,91105075.0
2001-07-30,40.8,40.4,40.75,40.0,,49082.0,91105075.0
2001-07-31,41.0,39.25,40.75,40.0,,338995.0,91105075.0
2001-08-01,41.0,39.25,40.75,39.75,,522576.0,91105075.0
2001-08-02,40.0,37.75,40.0,38.75,,41370.0,91105075.0
2001-08-03,38.5,37.2,37.5,38.0,,219302.0,91105075.0
2001-08-06,38.5,37.0,37.0,38.0,,943579.0,91105075.0
2001-08-07,39.0,37.35,38.75,38.0,,84539.0,91105075.0
2001-08-08,39.0,37.25,38.0,38.0,,374024.0,91105075.0
2001-08-09,38.75,37.25,38.75,38.0,,1002470.0,91105075.0
2001-08-10,39.5,37.6,38.8,38.5,,39911.0,91105075.0
2001-08-13,37.25,37.25,37.25,38.5,,5000.0,91105075.0
2001-08-14,,,,39.0,,,91105075.0
2001-08-15,41.0,39.0,40.0,40.0,,89207.0,91105075.0
2001-08-16,40.25,39.5,39.5,40.25,,534500.0,91105075.0
2001-08-17,40.5,39.5,39.5,40.25,,261000.0,91105075.0
2001-08-20,41.0,39.7,39.75,40.25,,45021.0,91105075.0
2001-08-21,40.75,39.6,39.75,40.25,,11829.0,91105075.0
2001-08-22,40.75,39.7,39.75,40.25,,17571.0,91105075.0
2001-08-23,39.75,39.75,39.75,40.25,,620.0,91105075.0
2001-08-24,39.75,39.75,39.75,40.25,,2909.0,91105075.0
2001-08-28,39.6,39.0,39.6,40.0,,122000.0,91105075.0
2001-08-29,,,,39.5,,,91105075.0
2001-08-30,40.75,38.0,40.22,39.5,,233058.0,91105075.0
2001-08-31,38.0,36.5,38.0,37.25,,102500.0,91105075.0
2001-09-03,37.5,37.0,37.0,37.5,,30000.0,91105075.0
2001-09-04,37.1,36.0,37.0,36.5,,73925.0,91105075.0
2001-09-05,36.0,34.2,36.0,35.0,,49961.0,91105075.0
2001-09-06,35.75,35.25,35.25,35.0,,15377.0,91105075.0
2001-09-07,35.48,34.0,34.0,35.0,,21000.0,91105075.0
2001-09-10,36.0,34.2,35.5,35.25,,38816.0,91105075.0
2001-09-11,35.6,33.6,35.6,34.5,,257308.0,91105075.0
2001-09-12,34.0,31.0,32.0,32.5,,40717.0,91105075.0
2001-09-13,32.0,31.3,31.3,32.5,,413000.0,91105075.0
2001-09-14,31.5,31.3,31.3,32.5,,75300.0,91105075.0
2001-09-17,31.3,31.25,31.3,32.0,,12088.0,91105075.0
2001-09-18,32.25,30.3,31.0,31.5,,53878.0,91105075.0
2001-09-19,30.6,28.0,30.6,29.0,,29977.0,91105075.0
2001-09-20,29.3,28.2,28.2,29.0,,13000.0,91105075.0
2001-09-21,24.3,19.0,23.0,23.5,,234524.0,91105075.0
2001-09-24,24.0,21.0,24.0,22.0,,377346.0,91105075.0
2001-09-25,30.0,22.2,23.0,28.5,,275670.0,91105075.0
2001-09-26,32.0,27.5,29.25,30.5,,497192.0,91105075.0
2001-09-27,31.4,29.6,31.4,30.5,,6469.0,91105075.0
2001-09-28,31.375,30.0,31.0,31.25,,655000.0,91105075.0
2001-10-01,31.63,31.63,31.63,31.25,,1500.0,91105075.0
2001-10-02,31.0,30.0,30.65,31.0,,258562.0,91105075.0
2001-10-03,31.5,30.0,31.5,31.0,,210200.0,91105075.0
2001-10-04,33.5,31.0,32.0,33.0,,85999.0,91105075.0
2001-10-05,33.0,30.0,30.25,31.0,,956500.0,91105075.0
2001-10-08,31.75,30.0,30.0,29.5,,17793.0,91105075.0
2001-10-09,31.5,28.0,30.0,31.0,,382176.0,91105075.0
2001-10-10,32.0,29.0,31.75,30.5,,727589.0,91105075.0
2001-10-11,32.0,29.15,32.0,30.5,,20183.0,91105075.0
2001-10-12,32.0,29.0,31.6,30.5,,16265.0,91105075.0
2001-10-15,29.0,29.0,29.0,30.5,,103000.0,91105075.0
2001-10-16,32.0,29.0,29.0,30.5,,230244.0,91105075.0
2001-10-17,31.5,29.5,31.0,30.5,,600661.0,91105075.0
2001-10-18,31.0,30.35,30.5,31.0,,40631.0,91105075.0
2001-10-19,31.8,31.5,31.75,31.0,,74730.0,91105075.0
2001-10-22,31.75,30.25,30.25,31.0,,7574.0,91105075.0
2001-10-23,31.0,31.0,31.0,31.5,,5000.0,91105075.0
2001-10-24,33.0,30.25,32.6,31.5,,4122.0,91105075.0
2001-10-25,31.4,30.3,30.3,31.0,,37000.0,91105075.0
2001-10-26,31.5,30.0,30.3,31.0,,24194.0,91105075.0
2001-10-29,31.8,30.0,31.75,31.0,,239100.0,91105075.0
2001-10-30,32.0,30.0,30.0,31.0,,135800.0,91105075.0
2001-10-31,32.5,30.5,30.5,31.5,,753850.0,91105075.0
2001-11-01,32.25,30.75,30.85,31.5,,301132.0,91105075.0
2001-11-02,,,,31.5,,,91105075.0
2001-11-05,32.5,30.7,30.75,31.5,,56414.0,91105075.0
2001-11-06,30.75,30.5,30.75,31.75,,78008.0,91105075.0
2001-11-07,32.25,30.5,32.25,31.5,,121800.0,91105075.0
2001-11-08,32.8,30.75,30.75,32.0,,518979.0,91105075.0
2001-11-09,33.0,31.0,31.0,32.0,,25300.0,91105075.0
2001-11-12,32.75,30.0,32.75,31.75,,134257.0,91105075.0
2001-11-13,30.8,30.5,30.8,31.75,,68080.0,91105075.0
2001-11-14,31.0,30.0,30.7,30.75,,397707.0,91105075.0
2001-11-15,30.7,29.0,30.7,30.25,,11250.0,91105075.0
2001-11-16,30.2,27.5,28.0,29.75,,178793.0,91105075.0
2001-11-19,30.2,28.0,30.0,29.75,,48291.0,91105075.0
2001-11-20,27.1,24.0,24.0,26.5,,153500.0,91105075.0
2001-11-21,27.87,24.3,26.4,27.0,,959370.0,91105075.0
2001-11-22,27.8,26.2,27.0,27.0,,1125571.0,91105075.0
2001-11-23,27.48,26.0,27.48,27.0,,37638.0,91105075.0
2001-11-26,27.9,26.0,27.9,27.0,,11508.0,91105075.0
2001-11-27,27.5,26.0,26.0,26.5,,42223.0,91105075.0
2001-11-28,26.95,24.0,26.95,25.0,,56896.0,91105075.0
2001-11-29,26.0,23.0,24.25,25.0,,1704187.0,91105075.0
2001-11-30,29.0,25.95,25.95,28.25,,924532.0,91105075.0
2001-12-03,31.0,27.8,27.9,28.5,,558515.0,91105075.0
2001-12-04,31.0,28.0,29.75,30.0,,543952.0,91105075.0
2001-12-05,31.0,29.1,31.0,30.0,,157978.0,91105075.0
2001-12-06,32.65,30.75,30.8,31.75,,2088046.0,91105075.0
2001-12-07,36.0,33.0,33.0,35.75,,1191280.0,91105075.0
2001-12-10,40.0,32.5,40.0,35.75,,1099051.0,91105075.0
2001-12-11,37.0,35.0,35.35,36.0,,103879.0,91105075.0
2001-12-12,36.8,35.0,35.25,36.0,,225216.0,91105075.0
2001-12-13,37.5,35.0,35.0,36.5,,88237.0,91105075.0
2001-12-14,39.0,36.0,36.0,37.0,,84071.0,91105075.0
2001-12-17,39.75,36.0,37.0,37.0,,206661.0,91105075.0
2001-12-18,38.0,36.0,36.0,37.0,,99283.0,91105075.0
2001-12-19,36.35,36.2,36.25,37.0,,8616.0,91105075.0
2001-12-20,38.0,36.0,36.25,37.0,,97832.0,91105075.0
2001-12-21,37.0,35.0,36.2,36.25,,145155.0,91105075.0
2001-12-24,36.85,36.85,36.85,36.25,,1000.0,91105075.0
2001-12-27,37.0,35.1,36.9,36.0,,19530.0,91105075.0
2001-12-28,,,,36.0,,,91105075.0
2001-12-31,34.8,34.05,34.75,34.5,,38496.0,91105075.0
2002-01-02,34.0,34.0,34.0,34.75,,66278.0,91105075.0
2002-01-03,35.15,35.15,35.15,34.25,,7500.0,91105075.0
2002-01-04,35.2,32.5,32.5,34.25,,58060.0,91105075.0
2002-01-07,35.5,33.25,33.25,34.5,,16981.0,91105075.0
2002-01-08,33.7,33.7,33.7,34.5,,2166.0,91105075.0
2002-01-09,33.85,33.85,33.85,34.5,,3000.0,91105075.0
2002-01-10,35.5,33.75,35.0,34.5,,75550.0,91105075.0
2002-01-11,34.0,33.5,33.5,34.75,,22000.0,91105075.0
2002-01-14,35.0,34.0,34.2,35.0,,45067.0,91105075.0
2002-01-15,35.5,34.2,34.2,35.0,,18000.0,91105075.0
2002-01-16,35.5,34.2,34.2,35.0,,22102.0,91105075.0
2002-01-17,,,,35.0,,,91105075.0
2002-01-18,34.2,34.2,34.2,35.0,,1000.0,91105075.0
2002-01-21,34.0,34.0,34.0,34.75,,17200.0,91105075.0
2002-01-22,34.65,32.5,33.5,33.75,,47948.0,91105075.0
2002-01-23,32.35,32.2,32.3,33.0,,2366.0,91105075.0
2002-01-24,33.8,33.8,33.8,33.0,,15000.0,91105075.0
2002-01-25,33.5,32.5,33.5,33.25,,22000.0,91105075.0
2002-01-28,33.8,33.63,33.63,33.25,,17574.0,91105075.0
2002-01-29,32.6,32.6,32.6,33.25,,1500.0,91105075.0
2002-01-30,32.5,32.5,32.5,33.25,,28162.0,91105075.0
2002-01-31,33.8,32.5,33.8,33.25,,13022.0,91105075.0
2002-02-01,32.6,32.5,32.5,33.25,,48500.0,91105075.0
2002-02-04,33.6,32.5,32.5,33.75,,645284.0,91105075.0
2002-02-05,33.12,32.5,33.12,33.75,,12312.0,91105075.0
2002-02-06,34.65,34.65,34.65,33.75,,380.0,91105075.0
2002-02-07,32.8,32.5,32.5,33.75,,4122.0,91105075.0
2002-02-08,,,,34.25,,,91105075.0
2002-02-11,35.8,34.5,35.2,35.0,,44832.0,91105075.0
2002-02-12,37.5,35.0,35.8,36.25,,426624.0,91105075.0
2002-02-13,37.7,35.25,35.25,36.5,,7502.0,91105075.0
2002-02-14,38.5,35.0,35.0,37.25,,218298.0,91105075.0
2002-02-15,38.5,36.5,36.5,37.75,,151950.0,91105075.0
2002-02-18,41.0,38.0,40.5,40.0,,313239.0,91105075.0
2002-02-19,39.35,37.0,39.35,38.0,,297879.0,91105075.0
2002-02-20,36.5,35.0,35.2,37.0,,227784.0,91105075.0
2002-02-21,37.5,36.0,36.2,37.0,,22451.0,91105075.0
2002-02-22,37.75,35.0,35.0,36.5,,103600.0,91105075.0
2002-02-25,37.25,35.3,35.3,36.5,,23500.0,91105075.0
2002-02-26,37.5,35.5,35.5,37.0,,24037.0,91105075.0
2002-02-27,37.75,36.0,36.0,37.0,,266745.0,91105075.0
2002-02-28,39.5,37.5,37.5,39.0,,2048500.0,91105075.0
2002-03-01,39.75,38.0,38.0,39.0,,162415.0,91105075.0
2002-03-04,38.2,37.0,38.2,38.0,,43122.0,91105075.0
2002-03-05,38.75,36.0,36.0,38.0,,2258000.0,91105075.0
2002-03-06,37.2,36.0,37.2,37.0,,159381.0,91105075.0
2002-03-07,37.5,36.02,36.02,37.0,,10350.0,91105075.0
2002-03-08,38.25,36.3,38.0,37.5,,117125.0,91105075.0
2002-03-11,39.5,36.3,36.3,37.75,,45540.0,91105075.0
2002-03-12,36.8,36.8,36.8,37.75,,3500.0,91105075.0
2002-03-13,38.7,36.0,38.4,37.5,,70265.0,91105075.0
2002-03-14,38.0,35.0,36.0,37.0,,788761.0,91105075.0
2002-03-15,37.8,36.35,36.35,37.0,,10361.0,91105075.0
2002-03-18,36.25,36.2,36.2,37.0,,11319.0,91105075.0
2002-03-19,37.25,35.0,36.2,36.0,,218000.0,91105075.0
2002-03-20,36.78,35.0,36.78,36.0,,32658.0,91105075.0
2002-03-21,35.0,35.0,35.0,36.0,,16579.0,91105075.0
2002-03-22,36.5,35.0,35.2,36.0,,13335.0,91105075.0
2002-03-25,36.0,35.25,35.25,36.0,,1493223.0,91105075.0
2002-03-26,37.0,35.0,35.0,36.0,,76278.0,91105075.0
2002-03-27,37.0,35.35,36.5,36.0,,28000.0,91105075.0
2002-03-28,43.5,35.25,36.75,43.0,,311145.0,91105075.0
2002-04-02,44.0,40.0,44.0,41.0,,365614.0,91105075.0
2002-04-03,40.2,39.0,40.2,40.0,,36827.0,91105075.0
2002-04-04,40.0,37.0,38.2,37.0,,115905.0,91105075.0
2002-04-05,37.0,34.75,35.5,36.0,,56878.0,91105075.0
2002-04-08,36.75,35.2,35.2,36.0,,142152.0,91105075.0
2002-04-09,37.0,35.2,37.0,36.0,,59337.0,91105075.0
2002-04-10,36.8,35.25,35.25,36.0,,12398.0,91105075.0
2002-04-11,39.0,35.4,38.25,35.5,,292272.0,91105075.0
2002-04-12,36.0,35.0,35.4,35.5,,203409.0,91105075.0
2002-04-15,36.0,35.1,35.4,35.5,,62712.0,91105075.0
2002-04-16,36.0,35.4,36.0,35.75,,47688.0,91105075.0
2002-04-17,38.75,37.0,37.75,37.5,,95025.0,91105075.0
2002-04-18,38.6,36.3,38.6,37.5,,12034.0,91105075.0
2002-04-19,37.78,36.25,36.25,37.0,,25450.0,91105075.0
2002-04-22,37.8,36.0,37.75,37.0,,1987753.0,91105075.0
2002-04-23,38.0,36.25,36.35,37.0,,13453.0,91105075.0
2002-04-24,37.75,36.25,37.75,37.0,,3019935.0,91105075.0
2002-04-25,37.75,36.2,36.2,37.0,,117408.0,91105075.0
2002-04-26,37.75,37.75,37.75,37.0,,2500.0,91105075.0
2002-04-29,36.35,36.2,36.2,37.0,,6250.0,91105075.0
2002-04-30,36.25,36.25,36.25,37.0,,10000.0,91105075.0
2002-05-01,37.75,36.0,36.0,37.0,,51077.0,91105075.0
2002-05-02,38.0,36.25,37.75,37.0,,42261.0,91105075.0
2002-05-03,37.78,36.25,37.75,37.0,,4009.0,91105075.0
2002-05-07,37.5,36.0,36.2,37.0,,42500.0,91105075.0
2002-05-08,37.78,36.0,36.25,36.0,,14706.0,91105075.0
2002-05-09,36.75,35.2,35.25,36.0,,83590.0,91105075.0
2002-05-10,35.25,35.25,35.25,36.0,,16290.0,91105075.0
2002-05-13,35.25,34.0,35.25,36.0,,56626.0,91105075.0
2002-05-14,36.75,35.2,35.25,36.0,,9839.0,91105075.0
2002-05-15,36.5,36.0,36.5,36.0,,171800.0,91105075.0
2002-05-16,,,,36.0,,,91105075.0
2002-05-17,35.0,34.0,35.0,35.5,,42276.0,91105075.0
2002-05-20,34.3,34.3,34.3,35.5,,500.0,91105075.0
2002-05-21,36.0,34.17,36.0,35.5,,24224.0,91105075.0
2002-05-22,34.25,34.0,34.17,35.5,,28500.0,91105075.0
2002-05-23,35.0,34.0,34.78,35.0,,3962369.0,91105075.0
2002-05-24,36.22,35.0,36.22,35.5,,290000.0,91105075.0
2002-05-27,36.28,34.5,34.78,35.25,,447743.0,91105075.0
2002-05-28,36.225,34.3,34.3,35.25,,8264.0,91105075.0
2002-05-29,34.65,34.65,34.65,35.25,,435.0,91105075.0
2002-05-30,35.85,34.0,34.0,35.25,,123400.0,91105075.0
2002-05-31,36.2,34.3,36.2,35.25,,7204.0,91105075.0
2002-06-05,34.0,34.0,34.0,35.25,,50000.0,91105075.0
2002-06-06,36.0,34.3,34.3,35.25,,2503.0,91105075.0
2002-06-07,34.0,34.0,34.0,35.25,,2639.0,91105075.0
2002-06-10,,,,35.25,,,91105075.0
2002-06-11,34.0,33.5,34.0,35.25,,100000.0,91105075.0
2002-06-12,33.8,31.5,33.8,33.75,,73471.0,91105075.0
2002-06-13,,,,33.0,,,91105075.0
2002-06-14,33.8,32.52,33.8,33.0,,12918.0,91105075.0
2002-06-17,32.52,32.0,32.52,33.0,,15206.0,91105075.0
2002-06-18,33.25,33.25,33.25,33.0,,10000.0,91105075.0
2002-06-19,32.2,32.2,32.2,33.0,,3.0,91105075.0
2002-06-20,,,,33.0,,,91105075.0
2002-06-21,,,,33.0,,,91105075.0
2002-06-24,37.0,35.0,36.5,36.0,,98358.0,91105075.0
2002-06-25,36.4,35.0,36.4,35.0,,20205.0,91105075.0
2002-06-26,35.5,34.0,34.0,35.0,,4900.0,91105075.0
2002-06-27,35.78,32.0,35.78,34.75,,51500.0,91105075.0
2002-06-28,35.5,30.0,34.8,33.75,,196601.0,91105075.0
2002-07-01,34.7,32.5,34.5,33.0,,98372.0,91105075.0
2002-07-02,32.0,31.0,32.0,31.5,,543334.0,91105075.0
2002-07-03,31.85,31.1,31.1,31.5,,36565.0,91105075.0
2002-07-04,32.0,29.0,32.0,31.5,,488935.0,91105075.0
2002-07-05,31.4,31.0,31.4,31.5,,12152.0,91105075.0
2002-07-08,32.0,31.0,32.0,30.5,,7900.0,91105075.0
2002-07-09,31.1,31.1,31.1,30.5,,5435.0,91105075.0
2002-07-10,31.1,29.0,31.1,30.5,,2708050.0,91105075.0
2002-07-11,29.7,28.0,29.3,28.5,,21283.0,91105075.0
2002-07-12,30.2,28.0,28.0,29.5,,605626.0,91105075.0
2002-07-15,30.3,25.0,28.72,27.0,,682635.0,91105075.0
2002-07-16,28.5,27.0,27.7,27.75,,226810.0,91105075.0
2002-07-17,32.0,28.8,28.8,31.25,,629004.0,91105075.0
2002-07-18,32.0,30.72,32.0,31.25,,103715.0,91105075.0
2002-07-19,32.0,30.0,32.0,30.0,,130967.0,91105075.0
2002-07-22,31.0,29.0,30.7,30.0,,75335.0,91105075.0
2002-07-23,30.8,29.3,30.7,30.0,,12403.0,91105075.0
2002-07-24,30.7,29.0,29.22,28.75,,30900.0,91105075.0
2002-07-25,30.6,28.45,29.335,29.5,,140933.0,91105075.0
2002-07-26,28.0,28.0,28.0,29.5,,50000.0,91105075.0
2002-07-29,30.55,28.0,30.0,29.5,,201579.0,91105075.0
2002-07-30,30.55,28.0,28.45,29.5,,38065.0,91105075.0
2002-07-31,30.7,29.5,29.5,29.5,,7628.0,91105075.0
2002-08-01,30.55,30.55,30.55,29.5,,2100.0,91105075.0
2002-08-02,30.55,28.45,30.55,29.5,,7000.0,91105075.0
2002-08-05,31.0,27.0,28.6,29.0,,240108.0,91105075.0
2002-08-06,,,,29.0,,,91105075.0
2002-08-07,30.0,29.75,29.75,29.0,,100000.0,91105075.0
2002-08-08,29.125,27.0,29.0,29.0,,130000.0,91105075.0
2002-08-09,29.5,28.0,29.5,29.0,,56800.0,91105075.0
2002-08-12,28.3,28.3,28.3,29.0,,7911.0,91105075.0
2002-08-13,30.0,28.2,28.2,29.0,,214500.0,91105075.0
2002-08-14,30.5,29.5,30.0,30.0,,340000.0,91105075.0
2002-08-15,30.7,30.7,30.7,30.0,,3500.0,91105075.0
2002-08-16,31.0,31.0,31.0,30.0,,16100.0,91105075.0
2002-08-19,31.0,29.2,30.75,30.0,,56906.0,91105075.0
2002-08-20,31.0,29.0,31.0,30.0,,48600.0,91105075.0
2002-08-21,31.0,30.25,31.0,31.0,,83146.0,91105075.0
2002-08-22,,,,31.0,,,91105075.0
2002-08-23,31.8,31.8,31.8,31.0,,4688.0,91105075.0
2002-08-27,,,,31.0,,,91105075.0
2002-08-28,32.0,30.0,32.0,31.0,,37359.0,91105075.0
2002-08-29,30.5,30.0,30.5,31.0,,36000.0,91105075.0
2002-08-30,30.2,30.2,30.2,31.0,,5539.0,91105075.0
2002-09-02,31.7,30.22,31.7,31.0,,11000.0,91105075.0
2002-09-03,31.125,30.5,30.5,31.0,,280000.0,91105075.0
2002-09-04,31.7,30.2,30.5,31.0,,16377.0,91105075.0
2002-09-05,30.5,30.3,30.5,31.0,,15000.0,91105075.0
2002-09-06,,,,31.0,,,91105075.0
2002-09-09,32.0,31.7,32.0,31.0,,9267.0,91105075.0
2002-09-10,30.0,30.0,30.0,31.0,,86946.0,91105075.0
2002-09-11,30.5,30.3,30.3,31.0,,29400.0,91105075.0
2002-09-12,,,,31.0,,,91105075.0
2002-09-13,,,,31.0,,,91105075.0
2002-09-16,30.625,30.5,30.625,31.0,,200000.0,91105075.0
2002-09-17,,,,31.0,,,91105075.0
2002-09-18,,,,31.0,,,91105075.0
2002-09-19,31.48,30.3,30.3,31.0,,5250.0,91105075.0
2002-09-20,30.2,30.2,30.2,31.0,,2000.0,91105075.0
2002-09-23,30.5,30.22,30.5,31.0,,13750.0,91105075.0
2002-09-24,31.5,30.0,31.5,31.0,,30776.0,91105075.0
2002-09-25,30.2,30.0,30.0,31.0,,29000.0,91105075.0
2002-09-26,31.75,31.0,31.75,31.0,,3000.0,91105075.0
2002-09-27,32.0,30.52,30.52,31.0,,35280.0,91105075.0
2002-09-30,30.2,30.2,30.2,31.0,,1000.0,91105075.0
2002-10-01,,,,31.0,,,91105075.0
2002-10-02,30.22,30.2,30.22,31.0,,5000.0,91105075.0
2002-10-03,30.2,30.0,30.2,31.0,,55469.0,91105075.0
2002-10-04,30.35,30.0,30.35,31.0,,10797.0,91105075.0
2002-10-07,32.0,31.5,31.5,31.0,,18114.0,91105075.0
2002-10-08,31.0,28.5,29.0,29.25,,148475.0,91105075.0
2002-10-09,29.0,28.747,29.0,29.25,,647014.0,91105075.0
2002-10-10,30.5,28.72,28.72,30.0,,159006.0,91105075.0
2002-10-11,30.7,29.0,29.0,30.0,,1651299.0,91105075.0
2002-10-14,31.2,29.2,29.2,30.25,,30745.0,91105075.0
2002-10-15,31.6,29.36,29.36,30.5,,14500.0,91105075.0
2002-10-16,35.0,32.9,35.0,34.0,,704425.0,91105075.0
2002-10-17,36.0,34.1,35.0,35.0,,750170.0,91105075.0
2002-10-18,36.0,33.0,36.0,34.0,,122157.0,91105075.0
2002-10-21,38.0,33.3,35.6,35.5,,521808.0,91105075.0
2002-10-22,37.0,32.0,36.6,33.0,,131397.0,91105075.0
2002-10-23,34.0,32.2,33.6,33.0,,49870.0,91105075.0
2002-10-24,34.0,32.0,34.0,33.0,,162000.0,91105075.0
2002-10-25,34.6,32.0,32.0,33.5,,51835.0,91105075.0
2002-10-28,36.5,33.45,34.6,34.5,,40831.0,91105075.0
2002-10-29,35.55,35.0,35.55,34.5,,19749.0,91105075.0
2002-10-30,34.6,33.0,34.5,34.0,,50322.0,91105075.0
2002-10-31,35.0,33.25,34.7,34.0,,268110.0,91105075.0
2002-11-01,36.0,33.3,35.0,35.0,,160017.0,91105075.0
2002-11-04,36.0,34.0,36.0,35.0,,92280.0,91105075.0
2002-11-05,37.0,34.25,35.75,36.0,,397317.0,91105075.0
2002-11-06,36.75,36.0,36.0,36.0,,156500.0,91105075.0
2002-11-07,35.88,35.0,35.25,35.0,,244936.0,91105075.0
2002-11-08,37.0,34.0,34.0,36.0,,4400290.0,91105075.0
2002-11-11,38.0,35.37,37.0,36.5,,884425.0,91105075.0
2002-11-12,38.0,35.37,37.7,36.5,,21696.0,91105075.0
2002-11-13,37.55,35.37,37.55,36.5,,35676.0,91105075.0
2002-11-14,40.0,36.81,37.75,39.0,,628085.0,91105075.0
2002-11-15,42.0,39.25,41.0,40.5,,260039.0,91105075.0
2002-11-18,42.0,40.0,40.25,41.0,,258009.0,91105075.0
2002-11-19,42.0,40.0,41.7,41.0,,172414.0,91105075.0
2002-11-20,42.0,40.0,40.0,40.5,,152319.0,91105075.0
2002-11-21,40.12,40.0,40.0,40.5,,49128.0,91105075.0
2002-11-22,40.75,39.0,40.12,39.75,,129765.0,91105075.0
2002-11-25,40.28,39.0,39.18,39.75,,404781.0,91105075.0
2002-11-26,40.0,38.0,39.18,39.0,,349680.0,91105075.0
2002-11-27,40.0,38.0,38.25,39.0,,76747.0,91105075.0
2002-11-28,40.0,38.24,40.0,39.0,,157532.0,91105075.0
2002-11-29,40.0,38.0,38.0,39.0,,17119.0,91105075.0
2002-12-02,39.5,38.0,38.52,38.5,,32442.0,91105075.0
2002-12-03,40.0,38.25,40.0,39.0,,137412.0,91105075.0
2002-12-04,41.0,40.25,40.68,40.5,,1030000.0,91105075.0
2002-12-05,39.0,39.0,39.0,40.5,,3000.0,91105075.0
2002-12-06,41.0,39.37,39.37,40.5,,744000.0,91105075.0
2002-12-09,41.55,39.0,39.37,40.5,,1082712.0,91105075.0
2002-12-10,40.125,39.0,40.0,40.5,,1007500.0,91105075.0
2002-12-11,39.26,39.0,39.0,39.5,,74387.0,91105075.0
2002-12-12,39.85,39.0,39.26,39.5,,2090724.0,91105075.0
2002-12-13,39.88,39.12,39.12,39.5,,16100.0,91105075.0
2002-12-16,41.0,39.0,39.0,40.0,,164000.0,91105075.0
2002-12-17,41.0,39.25,39.25,40.25,,217055.0,91105075.0
2002-12-18,39.89,39.68,39.68,40.25,,11625.0,91105075.0
2002-12-19,40.81,39.25,40.78,40.0,,259239.0,91105075.0
2002-12-20,40.75,39.25,40.75,40.0,,15335.0,91105075.0
2002-12-23,40.68,39.0,39.0,40.0,,747200.0,91105075.0
2002-12-24,39.3,39.3,39.3,40.0,,715.0,91105075.0
2002-12-27,39.3,39.3,39.3,40.0,,6500.0,91105075.0
2002-12-30,,,,40.0,,,91105075.0
2002-12-31,39.3,39.3,39.3,40.0,,27083.0,91105075.0
2003-01-02,40.68,39.25,40.68,40.0,,8127.0,91105075.0
2003-01-03,40.0,39.3,39.5,40.0,,29100.0,91105075.0
2003-01-06,40.0,39.25,40.0,40.0,,360973.0,91105075.0
2003-01-07,40.75,39.3,40.75,40.0,,41300.0,91105075.0
2003-01-08,40.0,39.0,39.25,40.0,,309300.0,91105075.0
2003-01-09,39.52,39.25,39.5,40.0,,26554.0,91105075.0
2003-01-10,40.75,39.05,40.75,39.5,,28441.0,91105075.0
2003-01-13,39.15,39.12,39.15,39.5,,10454.0,91105075.0
2003-01-14,39.88,39.15,39.15,39.5,,6158.0,91105075.0
2003-01-15,39.0,36.0,39.0,37.0,,69629.0,91105075.0
2003-01-16,36.0,35.0,36.0,36.5,,719102.0,91105075.0
2003-01-17,38.5,36.25,36.25,37.25,,346444.0,91105075.0
2003-01-20,39.0,39.0,39.0,39.0,,50000.0,91105075.0
2003-01-21,39.85,37.5,39.85,38.5,,2069400.0,91105075.0
2003-01-22,37.81,37.37,37.37,38.5,,4245.0,91105075.0
2003-01-23,37.81,37.81,37.81,38.5,,14201.0,91105075.0
2003-01-24,38.25,37.78,37.81,38.5,,910380.0,91105075.0
2003-01-27,37.5,37.37,37.37,37.75,,54000.0,91105075.0
2003-01-28,38.75,37.54,38.75,38.5,,90160.0,91105075.0
2003-01-29,39.78,37.0,37.81,38.5,,298232.0,91105075.0
2003-01-30,39.375,37.2,37.81,38.5,,209194.0,91105075.0
2003-01-31,37.81,37.0,37.81,38.5,,21142.0,91105075.0
2003-02-03,40.0,38.0,40.0,39.0,,543541.0,91105075.0
2003-02-04,39.75,39.75,39.75,39.0,,6250.0,91105075.0
2003-02-05,38.54,38.15,38.15,39.0,,13672.0,91105075.0
2003-02-06,42.0,39.0,41.0,40.0,,1084581.0,91105075.0
2003-02-07,39.34,39.25,39.34,40.0,,6000.0,91105075.0
2003-02-10,39.34,39.0,39.34,39.25,,26000.0,91105075.0
2003-02-11,40.07,38.31,40.07,39.25,,5929.0,91105075.0
2003-02-12,38.18,38.0,38.18,38.75,,10000.0,91105075.0
2003-02-13,39.81,37.0,38.0,38.75,,1032500.0,91105075.0
2003-02-14,,,,38.75,,,91105075.0
2003-02-17,38.0,37.5,37.625,38.75,,20465.0,91105075.0
2003-02-18,,,,38.75,,,91105075.0
2003-02-19,39.69,37.93,37.93,38.75,,5207.0,91105075.0
2003-02-20,38.15,38.15,38.15,38.75,,3000.0,91105075.0
2003-02-21,39.35,37.5,38.0,38.75,,34726.0,91105075.0
2003-02-24,39.57,37.61,39.57,38.0,,59092.0,91105075.0
2003-02-25,38.125,37.62,38.0,38.0,,251450.0,91105075.0
2003-02-26,38.25,38.0,38.0,38.0,,50000.0,91105075.0
2003-02-27,37.69,37.5,37.67,38.0,,69705.0,91105075.0
2003-02-28,37.62,37.53,37.62,37.75,,6159.0,91105075.0
2003-03-03,37.12,37.12,37.12,37.5,,4500.0,91105075.0
2003-03-04,37.07,37.0,37.07,37.25,,32126.0,91105075.0
2003-03-05,,,,37.25,,,91105075.0
2003-03-06,37.5,37.25,37.5,37.25,,317578.0,91105075.0
2003-03-07,37.13,37.13,37.13,37.25,,7000.0,91105075.0
2003-03-10,37.25,37.0,37.06,37.25,,152580.0,91105075.0
2003-03-11,37.06,35.0,37.06,36.25,,90800.0,91105075.0
2003-03-12,37.0,35.0,36.5,36.0,,225557.0,91105075.0
2003-03-13,36.5,35.0,35.0,35.75,,208640.0,91105075.0
2003-03-14,36.5,35.0,35.0,36.0,,58520.0,91105075.0
2003-03-17,,,,36.0,,,91105075.0
2003-03-18,36.0,35.25,36.0,36.0,,273497.0,91105075.0
2003-03-19,36.66,35.5,36.66,36.0,,10359.0,91105075.0
2003-03-20,36.0,35.0,35.25,35.25,,229000.0,91105075.0
2003-03-21,35.0,34.25,34.25,35.0,,102350.0,91105075.0
2003-03-24,35.0,34.5,35.0,35.0,,1672477.0,91105075.0
2003-03-25,37.875,34.5,34.5,36.75,,3541192.0,91105075.0
2003-03-26,39.0,36.5,37.9,37.75,,897321.0,91105075.0
2003-03-27,39.66,38.0,39.66,39.0,,75141.0,91105075.0
2003-03-28,39.0,38.46,38.46,39.0,,133510.0,91105075.0
2003-03-31,39.75,37.0,39.5,38.25,,126403.0,91105075.0
2003-04-01,38.5,37.0,38.5,38.0,,229978.0,91105075.0
2003-04-02,37.5,37.0,37.0,38.0,,1330625.0,91105075.0
2003-04-03,38.0,37.46,37.46,38.0,,185995.0,91105075.0
2003-04-04,39.57,38.0,38.89,38.75,,267833.0,91105075.0
2003-04-07,39.85,38.0,39.66,39.0,,142459.0,91105075.0
2003-04-08,39.75,39.0,39.66,39.0,,86000.0,91105075.0
2003-04-09,40.0,38.46,39.75,39.0,,107754.0,91105075.0
2003-04-10,43.0,40.23,41.0,42.25,,386356.0,91105075.0
2003-04-11,44.0,42.0,42.83,43.0,,1431320.0,91105075.0
2003-04-14,44.0,41.0,43.85,41.0,,2917431.0,91105075.0
2003-04-15,41.75,40.15,41.75,41.0,,68686.0,91105075.0
2003-04-16,41.75,40.18,41.75,40.75,,127187.0,91105075.0
2003-04-17,41.42,40.0,41.31,40.5,,88068.0,91105075.0
2003-04-22,40.95,40.0,40.88,40.5,,239604.0,91105075.0
2003-04-23,40.5,40.0,40.06,40.25,,101380.0,91105075.0
2003-04-24,40.06,39.11,40.06,39.25,,99797.0,91105075.0
2003-04-25,38.3,38.3,38.3,39.25,,1000.0,91105075.0
2003-04-28,40.0,38.31,40.0,39.25,,5823.0,91105075.0
2003-04-29,40.0,38.18,38.18,39.25,,9413.0,91105075.0
2003-04-30,40.07,38.31,40.0,39.25,,263287.0,91105075.0
2003-05-01,39.25,38.5,38.5,39.25,,595445.0,91105075.0
2003-05-02,39.81,38.61,38.68,39.25,,18673.0,91105075.0
2003-05-06,40.5,38.68,38.68,39.5,,38855.0,91105075.0
2003-05-07,40.85,39.15,40.5,40.0,,37556.0,91105075.0
2003-05-08,44.75,42.07,43.0,44.0,,1937439.0,91105075.0
2003-05-09,44.0,42.5,42.81,43.75,,70100.0,91105075.0
2003-05-12,46.0,42.775,44.0,45.0,,136267.0,91105075.0
2003-05-13,46.63,44.3,45.66,45.5,,480145.0,91105075.0
2003-05-14,46.78,46.49,46.49,45.5,,68227.0,91105075.0
2003-05-15,47.0,44.37,44.37,45.5,,17736.0,91105075.0
2003-05-16,49.0,45.0,46.63,47.5,,132018.0,91105075.0
2003-05-19,49.0,45.0,49.0,46.0,,346970.0,91105075.0
2003-05-20,46.75,45.0,45.25,46.0,,78717.0,91105075.0
2003-05-21,47.0,45.25,47.0,46.0,,8454.0,91105075.0
2003-05-22,46.85,45.15,46.48,46.0,,9288.0,91105075.0
2003-05-23,46.75,45.0,46.75,46.0,,57536.0,91105075.0
2003-05-27,46.5,45.25,45.26,45.75,,80406.0,91105075.0
2003-05-28,46.31,45.26,46.31,45.75,,58431.0,91105075.0
2003-05-29,45.26,45.26,45.26,45.75,,9160.0,91105075.0
2003-05-30,47.0,45.0,46.31,46.0,,110553.0,91105075.0
2003-06-02,47.31,45.31,47.19,46.25,,37465.0,91105075.0
2003-06-03,48.0,45.18,46.5,47.5,,199099.0,91105075.0
2003-06-04,50.0,47.0,47.07,49.0,,103152.0,91105075.0
2003-06-05,51.0,47.5,50.0,49.0,,9659740.0,91105075.0
2003-06-06,55.9,51.68,53.0,55.0,,878436.0,91105075.0
2003-06-09,56.0,53.5,55.81,54.75,,892141.0,91105075.0
2003-06-10,55.215,54.0,54.11,54.75,,540555.0,91105075.0
2003-06-11,55.0,54.0,54.18,54.5,,447401.0,91105075.0
2003-06-12,55.31,54.0,54.18,54.25,,253100.0,91105075.0
2003-06-13,56.5,54.0,55.66,55.5,,977270.0,91105075.0
2003-06-16,57.0,55.2,55.83,56.0,,602793.0,91105075.0
2003-06-17,59.5,55.5,57.0,58.0,,244933.0,91105075.0
2003-06-18,60.0,48.5,58.0,58.5,,371043.0,91105075.0
2003-06-19,60.0,57.0,60.0,58.5,,281172.0,91105075.0
2003-06-20,60.0,57.0,57.51,58.0,,245593.0,91105075.0
2003-06-23,58.0,54.0,57.17,56.25,,910958.0,91105075.0
2003-06-24,57.0,55.5,56.89,56.25,,244605.0,91105075.0
2003-06-25,57.0,55.5,55.76,56.25,,25044.0,91105075.0
2003-06-26,60.0,55.5,55.5,56.75,,170186.0,91105075.0
2003-06-27,60.0,58.0,58.0,59.0,,484984.0,91105075.0
2003-06-30,60.0,58.0,58.34,59.0,,22847.0,91105075.0
2003-07-01,60.0,58.0,58.0,59.0,,195405.0,91105075.0
2003-07-02,60.0,58.4,60.0,59.0,,24343.0,91105075.0
2003-07-03,58.52,58.4,58.4,59.0,,10529.0,91105075.0
2003-07-04,60.0,58.0,58.5,59.0,,19758.0,91105075.0
2003-07-07,60.0,58.0,58.0,59.0,,94092.0,91105075.0
2003-07-08,60.0,58.0,58.34,59.0,,203383.0,91105075.0
2003-07-09,62.0,60.0,60.0,61.5,,148750.0,91105075.0
2003-07-10,65.0,61.0,63.0,64.0,,419766.0,91105075.0
2003-07-11,65.0,63.0,63.34,64.0,,384588.0,91105075.0
2003-07-14,64.064,62.0,64.0,63.0,,1096607.0,91105075.0
2003-07-15,62.22,60.22,62.0,61.5,,635929.0,91105075.0
2003-07-16,63.0,61.5,63.0,62.0,,35018.0,91105075.0
2003-07-17,63.0,61.3,63.0,62.0,,1087004.0,91105075.0
2003-07-18,63.81,61.5,62.92,62.5,,91352.0,91105075.0
2003-07-21,63.0,62.5,62.5,63.0,,228936.0,91105075.0
2003-07-22,63.0,63.0,63.0,63.0,,117021.0,91105075.0
2003-07-23,63.0,62.0,63.0,63.0,,141024.0,91105075.0
2003-07-24,63.0,63.0,63.0,63.0,,115320.0,91105075.0
2003-07-25,63.0,63.0,63.0,63.0,,114001.0,91105075.0
2003-07-28,63.0,63.0,63.0,63.0,,11213.0,91105075.0
2003-07-29,63.0,63.0,63.0,63.0,,20015.0,91105075.0
2003-07-30,63.0,63.0,63.0,63.0,,22525.0,91105075.0
2003-07-31,63.5,61.25,63.0,63.5,,227164.0,91105075.0
2003-08-01,63.5,63.5,63.5,63.5,,145501.0,91105075.0
2003-08-04,63.5,63.5,63.5,63.5,,21802.0,91105075.0
2003-08-05,63.5,63.5,63.5,63.5,,524933.0,91105075.0
2003-08-07,63.0,63.0,63.0,63.0,,66858.0,91105075.0
2003-08-08,64.0,63.0,63.0,64.0,,508508.0,91105075.0
2003-08-11,64.0,63.75,64.0,64.0,,172836.0,91105075.0
2003-08-12,64.0,64.0,64.0,64.0,,130420.0,91105075.0
2003-08-13,64.0,64.0,64.0,64.0,,186571.0,91105075.0
2003-08-14,63.75,62.75,63.75,63.75,,73233.0,91105075.0
2003-08-15,63.75,63.75,63.75,63.75,,26681.0,91105075.0
2003-08-18,63.75,63.75,63.75,63.75,,38416.0,91105075.0
2003-08-19,63.75,63.75,63.75,63.75,,13750.0,91105075.0
2003-08-20,63.75,63.25,63.75,63.25,,16164.0,91105075.0
2003-08-21,63.25,63.0,63.25,63.0,,163145.0,91105075.0
2003-08-22,63.0,63.0,63.0,63.0,,4800.0,91105075.0
2003-08-26,63.25,63.0,63.0,63.25,,58661.0,91105075.0
2003-08-27,,,,63.25,,,91105075.0
2003-08-28,63.25,63.25,63.25,63.25,,22398.0,91105075.0
2003-08-29,63.25,63.25,63.25,63.25,,13403.0,91105075.0
2003-09-01,63.25,63.25,63.25,63.25,,1521870.0,91105075.0
2003-09-02,63.25,63.25,63.25,63.25,,63205.0,91105075.0
2003-09-03,65.5,63.5,63.5,65.5,,93602.0,91105075.0
2003-09-04,65.5,65.5,65.5,65.5,,39821.0,91105075.0
2003-09-05,65.5,65.5,65.5,65.5,,55700.0,91105075.0
2003-09-08,65.5,65.5,65.5,65.5,,7743.0,91105075.0
2003-09-09,65.5,65.5,65.5,65.5,,81163.0,91105075.0
2003-09-10,66.0,65.5,65.5,66.0,,83764.0,91105075.0
2003-09-11,66.0,66.0,66.0,66.0,,23481.0,91105075.0
2003-09-12,66.0,66.0,66.0,66.0,,43028.0,91105075.0
2003-09-15,70.0,66.5,66.5,70.0,,409731.0,91105075.0
2003-09-16,70.5,70.0,70.0,70.0,,152821.0,91105075.0
2003-09-17,70.5,70.0,70.0,70.5,,107574.0,91105075.0
2003-09-18,70.5,69.5,70.5,70.5,,72759.0,91105075.0
2003-09-19,71.0,70.5,70.5,70.5,,376787.0,91105075.0
2003-09-22,70.5,70.0,70.5,70.5,,12567.0,91105075.0
2003-09-23,70.5,70.5,70.5,70.5,,106162.0,91105075.0
2003-09-24,70.0,70.0,70.0,70.0,,52960.0,91105075.0
2003-09-25,69.0,69.0,69.0,69.0,,880911.0,91105075.0
2003-09-26,69.0,69.0,69.0,69.0,,50540.0,91105075.0
2003-09-29,69.0,69.0,69.0,69.0,,41544.0,91105075.0
2003-09-30,69.0,67.5,69.0,67.75,,446928.0,91105075.0
2003-10-01,68.0,67.5,67.75,68.0,,1403669.0,91105075.0
2003-10-02,68.0,68.0,68.0,68.0,,26895.0,91105075.0
2003-10-03,68.0,68.0,68.0,68.0,,11551.0,91105075.0
2003-10-06,67.5,66.5,67.5,66.5,,1563296.0,91105075.0
2003-10-07,66.25,65.5,66.25,66.0,,621192.0,91105075.0
2003-10-08,66.0,66.0,66.0,66.0,,684946.0,91105075.0
2003-10-09,67.5,67.0,67.0,67.0,,2224334.0,91105075.0
2003-10-10,67.0,66.0,67.0,66.0,,478383.0,91105075.0
2003-10-13,67.0,66.0,66.75,66.0,,219587.0,91105075.0
2003-10-14,66.0,66.0,66.0,66.0,,1649805.0,91105075.0
2003-10-15,66.0,65.5,66.0,66.0,,44380.0,91105075.0
2003-10-16,66.0,65.0,66.0,65.0,,1171160.0,91105075.0
2003-10-17,65.0,63.0,65.0,63.0,,324387.0,91105075.0
2003-10-20,63.0,62.75,63.0,62.75,,246149.0,91105075.0
2003-10-21,62.75,62.25,62.75,62.75,,274404.0,91105075.0
2003-10-22,62.75,62.25,62.25,62.75,,220748.0,91105075.0
2003-10-23,62.5,61.0,62.5,61.0,,1187394.0,91105075.0
2003-10-24,61.5,61.0,61.0,61.5,,1372781.0,91105075.0
2003-10-27,62.0,61.5,61.5,62.0,,212433.0,91105075.0
2003-10-28,62.0,62.0,62.0,62.0,,328444.0,91105075.0
2003-10-29,62.5,62.0,62.0,62.5,,324299.0,91105075.0
2003-10-30,64.0,62.5,62.5,64.0,,444176.0,91105075.0
2003-10-31,64.0,64.0,64.0,64.0,,8427.0,91105075.0
2003-11-03,64.0,63.75,64.0,63.75,,69444.0,91105075.0
2003-11-04,63.75,63.75,63.75,63.75,,13474.0,91105075.0
2003-11-05,63.75,63.75,63.75,63.75,,566842.0,91105075.0
2003-11-06,63.75,63.0,63.75,63.0,,42350.0,91105075.0
2003-11-07,63.0,63.0,63.0,63.0,,189954.0,91105075.0
2003-11-10,63.0,62.25,63.0,62.25,,148000.0,91105075.0
2003-11-11,62.25,62.25,62.25,62.25,,6352.0,91105075.0
2003-11-12,62.25,62.25,62.25,62.25,,1000.0,91105075.0
2003-11-13,62.25,62.0,62.25,62.0,,142819.0,91105075.0
2003-11-14,62.0,62.0,62.0,62.0,,4000.0,91105075.0
2003-11-17,62.0,61.0,62.0,61.0,,5319.0,91105075.0
2003-11-18,61.0,61.0,61.0,61.0,,27250.0,91105075.0
2003-11-19,61.0,59.0,61.0,59.0,,875323.0,91105075.0
2003-11-20,59.5,59.0,59.5,59.5,,31851.0,91105075.0
2003-11-21,59.5,58.75,59.5,59.0,,508824.0,91105075.0
2003-11-24,59.0,59.0,59.0,59.0,,8610.0,91105075.0
2003-11-25,59.0,59.0,59.0,59.0,,5411.0,91105075.0
2003-11-26,59.0,59.0,59.0,59.0,,23866.0,91105075.0
2003-11-27,57.0,57.0,57.0,57.0,,579574.0,91105075.0
2003-11-28,57.0,56.25,57.0,56.25,,646775.0,91105075.0
2003-12-01,56.25,56.25,56.25,56.25,,11000.0,91105075.0
2003-12-02,56.25,56.25,56.25,56.25,,23005.0,91105075.0
2003-12-03,55.5,55.5,55.5,55.5,,433500.0,91105075.0
2003-12-04,55.5,55.5,55.5,55.5,,900.0,91105075.0
2003-12-05,56.0,55.5,55.5,55.5,,287918.0,91105075.0
2003-12-08,55.5,55.5,55.5,55.5,,4747.0,91105075.0
2003-12-09,55.5,55.5,55.5,55.5,,14375.0,91105075.0
2003-12-10,55.5,55.5,55.5,55.5,,4000.0,91105075.0
2003-12-11,55.5,55.5,55.5,55.5,,15000.0,91105075.0
2003-12-12,55.5,55.5,55.5,55.5,,657432.0,91105075.0
2003-12-15,55.5,55.5,55.5,55.5,,4102.0,91105075.0
2003-12-16,55.0,54.0,55.0,54.0,,61802.0,91105075.0
2003-12-17,54.0,53.0,54.0,53.0,,127272.0,91105075.0
2003-12-18,53.5,52.5,53.0,52.5,,108416.0,91105075.0
2003-12-19,52.5,52.5,52.5,52.5,,3160.0,91105075.0
2003-12-22,52.5,52.0,52.5,52.0,,61550.0,91105075.0
2003-12-23,52.5,52.0,52.0,52.0,,2500.0,91105075.0
2003-12-24,52.0,52.0,52.0,52.0,,3000.0,91105075.0
2003-12-29,52.0,52.0,52.0,52.0,,5500.0,91105075.0
2003-12-30,,,,52.0,,,91105075.0
2003-12-31,51.5,51.0,51.5,51.25,,49886.0,91105075.0
2004-01-02,51.25,51.25,51.25,51.25,,11192.0,91105075.0
2004-01-05,52.0,51.25,51.25,52.0,,302000.0,91105075.0
2004-01-06,53.5,52.5,52.5,53.5,,203137.0,91105075.0
2004-01-07,53.5,53.5,53.5,53.5,,92270.0,91105075.0
2004-01-08,,,,53.75,,,91105075.0
2004-01-09,53.75,53.75,53.75,53.75,,19300.0,91105075.0
2004-01-12,53.75,53.75,53.75,53.75,,53726.0,91105075.0
2004-01-13,53.75,53.0,53.75,53.0,,21000.0,91105075.0
2004-01-14,53.0,53.0,53.0,53.0,,37000.0,91105075.0
2004-01-15,53.75,53.0,53.0,53.75,,129840.0,91105075.0
2004-01-16,54.75,53.75,53.75,54.75,,261000.0,91105075.0
2004-01-19,54.75,54.75,54.75,54.75,,62153.0,91105075.0
2004-01-20,54.75,54.75,54.75,54.75,,50878.0,91105075.0
2004-01-21,54.75,54.0,54.75,54.0,,64258.0,91105075.0
2004-01-22,54.0,54.0,54.0,54.0,,108655.0,91105075.0
2004-01-23,54.0,54.0,54.0,54.0,,1358.0,91105075.0
2004-01-26,54.0,54.0,54.0,54.0,,30548.0,91105075.0
2004-01-27,,,,54.0,,,91105075.0
2004-01-28,54.0,54.0,54.0,54.0,,3500.0,91105075.0
2004-01-29,54.0,54.0,54.0,54.0,,3299.0,91105075.0
2004-01-30,54.0,54.0,54.0,54.0,,23140.0,91105075.0
2004-02-02,54.0,54.0,54.0,54.0,,18314.0,91105075.0
2004-02-03,54.0,54.0,54.0,54.0,,34879.0,91105075.0
2004-02-04,54.0,54.0,54.0,54.0,,32207.0,91105075.0
2004-02-05,54.0,54.0,54.0,54.0,,7000.0,91105075.0
2004-02-06,59.5,57.5,59.0,57.5,,554128.0,91105075.0
2004-02-09,58.0,57.5,57.5,57.5,,114414.0,91105075.0
2004-02-10,57.5,57.0,57.5,57.0,,79333.0,91105075.0
2004-02-11,57.0,54.5,57.0,54.5,,84762.0,91105075.0
2004-02-12,54.5,54.0,54.5,54.0,,30615.0,91105075.0
2004-02-13,54.0,54.0,54.0,54.0,,10168.0,91105075.0
2004-02-16,54.0,54.0,54.0,54.0,,71191.0,91105075.0
2004-02-17,54.0,54.0,54.0,54.0,,93015.0,91105075.0
2004-02-18,54.5,54.0,54.0,54.5,,85710.0,91129722.0
2004-02-19,54.5,54.5,54.5,54.5,,29000.0,91129722.0
2004-02-20,54.5,54.5,54.5,54.5,,1078561.0,91129722.0
2004-02-23,57.0,54.5,54.5,57.0,,584852.0,91129722.0
2004-02-24,57.0,57.0,57.0,57.0,,82983.0,91129722.0
2004-02-25,57.0,56.5,57.0,56.5,,85019.0,91129722.0
2004-02-26,56.75,55.5,56.5,55.5,,109950.0,91129722.0
2004-02-27,55.5,55.5,55.5,55.5,,158950.0,91129722.0
2004-03-01,55.5,55.5,55.5,55.5,,19460.0,91129722.0
2004-03-02,56.25,55.5,55.5,56.25,,149406.0,91129722.0
2004-03-03,58.75,56.25,56.25,58.5,,664075.0,91129722.0
2004-03-04,60.5,58.0,59.0,58.0,,755330.0,91129722.0
2004-03-05,58.0,58.0,58.0,58.0,,393585.0,91129722.0
2004-03-08,59.0,58.0,58.0,59.0,,1664229.0,91129722.0
2004-03-09,62.0,59.0,59.25,62.0,,2577231.0,91129722.0
2004-03-10,63.25,61.0,63.25,61.25,,280524.0,91129722.0
2004-03-11,61.25,60.5,61.25,60.5,,120272.0,91129722.0
2004-03-12,62.0,60.25,60.5,62.0,,131990.0,91129722.0
2004-03-15,62.75,62.0,62.0,62.75,,56335.0,91129722.0
2004-03-16,62.75,62.75,62.75,62.75,,73034.0,91129722.0
2004-03-17,62.75,62.75,62.75,62.75,,231643.0,91129722.0
2004-03-18,62.75,62.75,62.75,62.75,,376153.0,91129722.0
2004-03-19,62.75,60.75,62.75,60.75,,121166.0,91129722.0
2004-03-22,60.75,60.0,60.75,60.0,,247134.0,91129722.0
2004-03-23,60.0,60.0,60.0,60.0,,113355.0,91129722.0
2004-03-24,60.0,60.0,60.0,60.0,,10500.0,91129722.0
2004-03-25,,,,60.0,,,91129722.0
2004-03-26,60.0,60.0,60.0,60.0,,16594.0,91129722.0
2004-03-29,60.0,58.25,60.0,58.5,,27020.0,91129722.0
2004-03-30,58.5,57.5,58.5,57.5,,13647.0,91129722.0
2004-03-31,58.5,58.5,58.5,58.5,,73819.0,91129722.0
2004-04-01,58.5,58.5,58.5,58.5,,380538.0,91129722.0
2004-04-02,58.5,58.5,58.5,58.5,,421064.0,91129722.0
2004-04-05,58.5,58.5,58.5,58.5,,95116.0,91129722.0
2004-04-06,58.5,58.5,58.5,58.5,,59556.0,91129722.0
2004-04-07,58.5,58.5,58.5,58.5,,28945.0,91129722.0
2004-04-08,58.5,58.5,58.5,58.5,,11146.0,91129722.0
2004-04-13,58.5,58.5,58.5,58.5,,59162.0,91129722.0
2004-04-14,58.5,58.0,58.5,58.0,,11726.0,91129722.0
2004-04-15,58.0,58.0,58.0,58.0,,27087.0,91129722.0
2004-04-16,58.0,57.0,58.0,57.0,,57221.0,91220588.0
2004-04-19,57.0,57.0,57.0,57.0,,15300.0,91220588.0
2004-04-20,57.0,57.0,57.0,57.0,,8649.0,91220588.0
2004-04-21,57.0,57.0,57.0,57.0,,2274.0,91220588.0
2004-04-22,57.0,57.0,57.0,57.0,,29447.0,91220588.0
2004-04-23,57.0,56.0,57.0,56.0,,238634.0,91220588.0
2004-04-26,58.25,56.0,56.0,58.25,,499900.0,91220588.0
2004-04-27,63.0,58.5,58.5,62.75,,1084163.0,91220588.0
2004-04-28,65.0,62.75,62.75,65.0,,1001031.0,91220588.0
2004-04-29,65.0,61.0,65.0,63.0,,540862.0,91220588.0
2004-04-30,63.0,63.0,63.0,63.0,,223696.0,91220588.0
2004-05-04,63.5,63.0,63.0,63.5,,129144.0,91220588.0
2004-05-05,63.5,63.5,63.5,63.5,,87418.0,91220588.0
2004-05-06,63.5,63.5,63.5,63.5,,34671.0,91220588.0
2004-05-07,63.5,63.5,63.5,63.5,,2944.0,91220588.0
2004-05-10,63.5,62.0,63.5,62.0,,287527.0,91220588.0
2004-05-11,62.0,61.75,62.0,61.75,,71833.0,91220588.0
2004-05-12,62.0,61.75,61.75,62.0,,44982.0,91220588.0
2004-05-13,62.0,62.0,62.0,62.0,,175300.0,91220588.0
2004-05-14,62.0,62.0,62.0,62.0,,3165.0,91220588.0
2004-05-17,62.0,62.0,62.0,62.0,,257371.0,91220588.0
2004-05-18,62.0,61.5,62.0,61.75,,576.0,91220588.0
2004-05-19,61.75,61.75,61.75,61.75,,2500.0,91220588.0
2004-05-20,63.75,61.75,61.75,63.5,,46000.0,91220588.0
2004-05-21,66.5,63.5,63.5,66.5,,107615.0,91220588.0
2004-05-24,69.0,66.0,66.5,69.0,,95001.0,91220588.0
2004-05-25,69.0,69.0,69.0,69.0,,22541.0,91220588.0
2004-05-26,71.0,69.0,69.0,71.0,,106131.0,91220588.0
2004-05-27,71.0,69.5,71.0,70.0,,188337.0,91220588.0
2004-05-28,73.5,72.5,72.5,73.5,,1727636.0,91220588.0
2004-06-01,73.5,73.0,73.5,73.0,,241720.0,91220588.0
2004-06-02,74.0,72.0,72.0,74.0,,335337.0,91220588.0
2004-06-03,74.0,74.0,74.0,74.0,,60004.0,91220588.0
2004-06-04,74.0,74.0,74.0,74.0,,106421.0,91220588.0
2004-06-07,74.0,74.0,74.0,74.0,,479061.0,91220588.0
2004-06-08,74.0,74.0,74.0,74.0,,154923.0,91220588.0
2004-06-09,74.0,72.25,74.0,72.25,,339998.0,91220588.0
2004-06-10,72.25,72.0,72.25,72.0,,54156.0,91220588.0
2004-06-11,72.0,72.0,72.0,72.0,,21151.0,91220588.0
2004-06-14,72.0,72.0,72.0,72.0,,100980.0,91220588.0
2004-06-15,72.0,72.0,72.0,72.0,,528156.0,91220588.0
2004-06-16,72.0,72.0,72.0,72.0,,2740.0,91220588.0
2004-06-17,72.0,72.0,72.0,72.0,,6848.0,91220588.0
2004-06-18,72.0,72.0,72.0,72.0,,16000.0,91220588.0
2004-06-21,72.0,72.0,72.0,72.0,,7150.0,91220588.0
2004-06-22,72.0,72.0,72.0,72.0,,2972.0,91220588.0
2004-06-23,72.0,72.0,72.0,72.0,,28828.0,91220588.0
2004-06-24,72.0,72.0,72.0,72.0,,29602.0,91220588.0
2004-06-25,72.0,72.0,72.0,72.0,,48879.0,91220588.0
2004-06-28,72.5,72.0,72.0,72.5,,13556.0,91220588.0
2004-06-29,74.5,72.5,72.5,74.5,,84352.0,91220588.0
2004-06-30,76.5,74.5,74.5,76.5,,149226.0,91220588.0
2004-07-01,78.0,76.5,76.5,77.5,,81237.0,91220588.0
2004-07-02,77.5,77.0,77.5,77.0,,11759.0,91220588.0
2004-07-05,77.5,77.0,77.0,77.5,,16016.0,91220588.0
2004-07-06,77.5,77.5,77.5,77.5,,13518.0,91220588.0
2004-07-07,80.0,77.5,77.5,80.0,,151159.0,91220588.0
2004-07-08,80.0,78.5,80.0,78.5,,62512.0,91220588.0
2004-07-09,78.5,78.5,78.5,78.5,,57312.0,91220588.0
2004-07-12,78.5,77.5,78.5,78.0,,17650.0,91220588.0
2004-07-13,78.0,78.0,78.0,78.0,,6342.0,91220588.0
2004-07-14,78.0,78.0,78.0,78.0,,2500.0,91220588.0
2004-07-15,78.0,78.0,78.0,78.0,,4551.0,91220588.0
2004-07-16,78.0,78.0,78.0,78.0,,71578.0,91220588.0
2004-07-19,78.0,78.0,78.0,78.0,,22831.0,91220588.0
2004-07-20,78.0,78.0,78.0,78.0,,90000.0,91220588.0
2004-07-21,78.25,78.0,78.0,78.25,,53095.0,91220588.0
2004-07-22,78.25,78.25,78.25,78.25,,6434.0,91220588.0
2004-07-23,80.0,78.25,78.25,80.0,,232302.0,91220588.0
2004-07-26,83.5,81.5,81.5,82.0,,252533.0,91220588.0
2004-07-27,83.5,82.5,82.5,83.5,,95445.0,91220588.0
2004-07-28,90.0,84.0,84.0,89.0,,374097.0,91220588.0
2004-07-29,93.0,89.0,89.0,93.0,,132562.0,91220588.0
2004-07-30,94.0,92.0,93.0,92.0,,1873802.0,91220588.0
2004-08-02,92.0,88.0,92.0,88.0,,208622.0,91220588.0
2004-08-03,90.0,89.0,89.0,90.0,,2078023.0,91220588.0
2004-08-04,90.0,89.5,89.5,90.0,,197003.0,91220588.0
2004-08-05,88.5,86.0,88.5,87.0,,274134.0,91220588.0
2004-08-06,86.5,86.5,86.5,86.5,,75812.0,91220588.0
2004-08-09,86.5,86.5,86.5,86.5,,88686.0,91220588.0
2004-08-10,86.5,86.0,86.5,86.0,,31778.0,91220588.0
2004-08-11,86.0,85.0,86.0,85.0,,79380.0,91220588.0
2004-08-12,85.0,84.75,85.0,85.0,,23009.0,91220588.0
2004-08-13,85.0,84.5,85.0,85.0,,80412.0,91220588.0
2004-08-16,85.0,84.75,85.0,85.0,,63949.0,91220588.0
2004-08-17,85.0,84.75,85.0,85.0,,6879.0,91220588.0
2004-08-18,85.0,85.0,85.0,85.0,,42303.0,91220588.0
2004-08-19,85.0,84.5,85.0,84.5,,28162.0,91220588.0
2004-08-20,84.5,84.5,84.5,84.5,,19374.0,91220588.0
2004-08-23,84.5,84.5,84.5,84.5,,18117.0,91220588.0
2004-08-24,84.5,84.5,84.5,84.5,,50439.0,91220588.0
2004-08-25,84.5,84.5,84.5,84.5,,11045.0,91220588.0
2004-08-26,84.5,84.5,84.5,84.5,,7250.0,91220588.0
2004-08-27,84.5,83.5,84.5,83.5,,39954.0,91220588.0
2004-08-31,83.5,83.5,83.5,83.5,,57250.0,91220588.0
2004-09-01,83.5,83.0,83.5,83.5,,29140.0,91220588.0
2004-09-02,87.0,83.5,83.5,87.0,,289029.0,91220588.0
2004-09-03,87.0,86.0,87.0,86.0,,777115.0,91220588.0
2004-09-06,86.0,86.0,86.0,86.0,,16608.0,91220588.0
2004-09-07,86.0,86.0,86.0,86.0,,2855.0,91220588.0
2004-09-08,86.5,86.0,86.0,86.5,,347892.0,91220588.0
2004-09-09,86.5,84.0,86.5,84.0,,292000.0,91220588.0
2004-09-10,84.0,83.5,84.0,84.0,,217029.0,91220588.0
2004-09-13,84.0,83.5,84.0,83.5,,170139.0,91220588.0
2004-09-14,83.5,83.0,83.5,83.0,,484754.0,91220588.0
2004-09-15,83.0,83.0,83.0,83.0,,63121.0,91220588.0
2004-09-16,83.0,83.0,83.0,83.0,,73664.0,91220588.0
2004-09-17,83.0,83.0,83.0,83.0,,2000.0,91220588.0
2004-09-20,83.5,83.0,83.5,83.0,,17500.0,91220588.0
2004-09-21,83.0,83.0,83.0,83.0,,61267.0,91220588.0
2004-09-22,83.0,83.0,83.0,83.0,,56252.0,91220588.0
2004-09-23,83.0,83.0,83.0,83.0,,4548.0,91220588.0
2004-09-24,83.0,83.0,83.0,83.0,,41200.0,91220588.0
2004-09-27,83.0,83.0,83.0,83.0,,6000.0,91220588.0
2004-09-28,83.0,83.0,83.0,83.0,,47515.0,91220588.0
2004-09-29,83.0,82.0,83.0,82.0,,38692.0,91220588.0
2004-09-30,82.0,82.0,82.0,82.0,,36915.0,91220588.0
2004-10-01,82.0,82.0,82.0,82.0,,15912.0,91220588.0
2004-10-04,83.0,82.0,82.0,83.0,,126044.0,91220588.0
2004-10-05,85.0,83.0,83.0,85.0,,485788.0,91220588.0
2004-10-06,85.5,85.0,85.0,85.5,,251783.0,91220588.0
2004-10-07,89.5,88.0,88.0,89.5,,801071.0,91220588.0
2004-10-08,93.0,89.5,89.5,92.0,,1171889.0,91220588.0
2004-10-11,92.5,92.0,92.0,92.0,,230395.0,91220588.0
2004-10-12,95.0,92.0,92.0,95.0,,241448.0,91220588.0
2004-10-13,98.5,95.0,95.0,98.5,,549580.0,91220588.0
2004-10-14,99.0,98.5,98.5,99.0,,120754.0,91220588.0
2004-10-15,103.0,99.0,99.0,103.0,,249892.0,91220588.0
2004-10-18,105.0,103.5,103.5,104.5,,2993469.0,91220588.0
2004-10-19,105.0,104.0,105.0,104.0,,454399.0,91220588.0
2004-10-20,104.0,100.0,104.0,100.0,,688581.0,91220588.0
2004-10-21,104.0,100.0,100.0,103.0,,307666.0,91220588.0
2004-10-22,105.5,102.5,103.0,105.0,,6845883.0,91220588.0
2004-10-25,105.0,105.0,105.0,105.0,,90563.0,91220588.0
2004-10-26,105.0,105.0,105.0,105.0,,94760.0,91220588.0
2004-10-27,105.0,105.0,105.0,105.0,,47540.0,91220588.0
2004-10-28,106.0,105.0,105.0,106.0,,182663.0,91220588.0
2004-10-29,106.0,106.0,106.0,106.0,,24200.0,91220588.0
2004-11-01,106.0,106.0,106.0,106.0,,26463.0,91220588.0
2004-11-02,106.0,106.0,106.0,106.0,,35454.0,91220588.0
2004-11-03,106.0,106.0,106.0,106.0,,20084.0,91220588.0
2004-11-04,106.0,106.0,106.0,106.0,,45815.0,91220588.0
2004-11-05,105.5,105.0,105.5,105.0,,82589.0,91220588.0
2004-11-08,105.0,102.5,105.0,102.5,,135664.0,91220588.0
2004-11-09,102.5,101.0,102.5,101.25,,354865.0,91220588.0
2004-11-10,102.5,101.25,101.25,102.0,,64800.0,91220588.0
2004-11-11,102.5,102.0,102.0,102.5,,121509.0,91220588.0
2004-11-12,102.5,102.5,102.5,102.5,,28306.0,91220588.0
2004-11-15,102.5,101.75,102.5,101.75,,954875.0,91220588.0
2004-11-16,104.0,101.75,101.75,104.0,,210943.0,91220588.0
2004-11-17,104.0,104.0,104.0,104.0,,74808.0,91220588.0
2004-11-18,104.0,104.0,104.0,104.0,,373628.0,91220588.0
2004-11-19,104.0,104.0,104.0,104.0,,1642.0,91220588.0
2004-11-22,104.0,103.5,104.0,104.0,,75920.0,91220588.0
2004-11-23,104.5,104.0,104.0,104.5,,195069.0,91220588.0
2004-11-24,104.5,104.5,104.5,104.5,,6846.0,91220588.0
2004-11-25,105.0,105.0,105.0,105.0,,240252.0,91220588.0
2004-11-26,105.25,105.0,105.0,105.25,,128104.0,91220588.0
2004-11-29,105.75,105.25,105.25,105.75,,85567.0,91220588.0
2004-11-30,105.75,105.75,105.75,105.75,,30767.0,91220588.0
2004-12-01,106.5,105.75,105.75,106.5,,59022.0,91220588.0
2004-12-02,106.5,106.5,106.5,106.5,,1714.0,91220588.0
2004-12-03,106.5,106.5,106.5,106.5,,135500.0,91220588.0
2004-12-06,106.5,106.5,106.5,106.5,,33974.0,91220588.0
2004-12-07,108.0,106.5,106.5,108.0,,905012.0,91220588.0
2004-12-08,109.5,107.75,108.0,109.5,,67511.0,91220588.0
2004-12-09,110.5,110.0,110.0,110.5,,219236.0,91220588.0
2004-12-10,110.5,110.5,110.5,110.5,,9000.0,91220588.0
2004-12-13,112.0,110.5,110.5,112.0,,139222.0,91220588.0
2004-12-14,118.0,112.5,112.5,118.0,,255304.0,91220588.0
2004-12-15,119.0,118.0,118.0,119.0,,231244.0,91220588.0
2004-12-16,119.0,118.0,119.0,118.0,,1590975.0,91220588.0
2004-12-17,118.0,118.0,118.0,118.0,,578183.0,91220588.0
2004-12-20,118.0,118.0,118.0,118.0,,40007.0,91220588.0
2004-12-21,118.0,118.0,118.0,118.0,,8870.0,91220588.0
2004-12-22,118.0,118.0,118.0,118.0,,9516.0,91220588.0
2004-12-23,118.0,118.0,118.0,118.0,,9105.0,91220588.0
2004-12-24,118.0,118.0,118.0,118.0,,107110.0,91220588.0
2004-12-29,118.0,118.0,118.0,118.0,,22665.0,91220588.0
2004-12-30,118.0,118.0,118.0,118.0,,8582.0,91220588.0
2004-12-31,118.0,118.0,118.0,118.0,,1942.0,91220588.0
2005-01-04,118.0,118.0,118.0,118.0,,4012.0,91220588.0
2005-01-05,118.0,117.5,118.0,117.5,,343700.0,91220588.0
2005-01-06,119.5,117.75,117.75,119.5,,664641.0,91220588.0
2005-01-07,119.5,119.5,119.5,119.5,,24810.0,91220588.0
2005-01-10,120.5,119.5,119.5,120.0,,107295.0,91220588.0
2005-01-11,120.5,120.0,120.0,120.0,,621948.0,91220588.0
2005-01-12,120.0,120.0,120.0,120.0,,357500.0,91220588.0
2005-01-13,120.5,120.0,120.0,120.5,,252923.0,91220588.0
2005-01-14,121.5,120.5,120.5,121.5,,466100.0,91220588.0
2005-01-17,121.5,121.5,121.5,121.5,,124626.0,91220588.0
2005-01-18,121.5,121.5,121.5,121.5,,95300.0,91220588.0
2005-01-19,121.5,120.0,121.5,120.0,,129124.0,91220588.0
2005-01-20,124.0,120.0,120.0,124.0,,339018.0,91220588.0
2005-01-21,124.0,124.0,124.0,124.0,,38119.0,91220588.0
2005-01-24,124.0,123.5,124.0,123.5,,177241.0,91220588.0
2005-01-25,123.0,123.0,123.0,123.0,,11296.0,91220588.0
2005-01-26,123.0,123.0,123.0,123.0,,22880.0,91220588.0
2005-01-27,123.0,123.0,123.0,123.0,,739140.0,91220588.0
2005-01-28,123.5,123.0,123.0,123.5,,11436.0,91220588.0
2005-01-31,123.5,123.5,123.5,123.5,,1600.0,91220588.0
2005-02-01,124.0,123.5,123.5,124.0,,19408.0,91220588.0
2005-02-02,126.0,124.0,124.0,126.0,,111335.0,91220588.0
2005-02-03,131.0,128.0,128.0,131.0,,158906.0,91220588.0
2005-02-04,131.0,131.0,131.0,131.0,,88587.0,91220588.0
2005-02-07,131.0,130.5,131.0,130.5,,1991302.0,91220588.0
2005-02-08,130.5,124.5,130.5,124.5,,470961.0,91220588.0
2005-02-09,124.0,124.0,124.0,124.0,,92216.0,92056171.0
2005-02-10,124.0,121.5,124.0,121.5,,1100196.0,92056171.0
2005-02-11,126.0,121.0,121.0,125.5,,353958.0,92056171.0
2005-02-14,128.0,128.0,128.0,128.0,,170948.0,92056171.0
2005-02-15,128.0,128.0,128.0,128.0,,11587.0,92056171.0
2005-02-16,128.0,128.0,128.0,128.0,,24010.0,92056171.0
2005-02-17,128.0,126.0,128.0,126.0,,114512.0,92056171.0
2005-02-18,126.0,124.5,126.0,124.5,,52218.0,92056171.0
2005-02-21,124.5,124.0,124.5,124.0,,59399.0,92056171.0
2005-02-22,124.0,124.0,124.0,124.0,,20117.0,92056171.0
2005-02-23,123.5,122.5,123.5,122.5,,12006.0,92056171.0
2005-02-24,123.0,122.5,122.5,123.0,,8531.0,92056171.0
2005-02-25,123.0,123.0,123.0,123.0,,34645.0,92056171.0
2005-02-28,123.0,122.25,123.0,122.25,,4501.0,92056171.0
2005-03-01,122.25,122.25,122.25,122.25,,30222.0,92056171.0
2005-03-02,122.5,122.25,122.25,122.5,,33058.0,92056171.0
2005-03-03,123.0,122.5,122.5,123.0,,308062.0,92056171.0
2005-03-04,123.5,123.0,123.0,123.5,,59818.0,92056171.0
2005-03-07,123.5,123.5,123.5,123.5,,329672.0,92056171.0
2005-03-08,124.0,123.5,123.5,124.0,,158925.0,92056171.0
2005-03-09,124.0,124.0,124.0,124.0,,13556.0,92056171.0
2005-03-10,125.0,124.0,124.0,125.0,,227786.0,92056171.0
2005-03-11,125.0,125.0,125.0,125.0,,12261.0,92056171.0
2005-03-14,125.0,125.0,125.0,125.0,,80529.0,92056171.0
2005-03-15,125.0,124.5,125.0,125.0,,55397.0,92056171.0
2005-03-16,126.5,125.0,125.0,126.5,,128100.0,92056171.0
2005-03-17,126.5,126.5,126.5,126.5,,107980.0,92056171.0
2005-03-18,126.5,126.5,126.5,126.5,,70156.0,92056171.0
2005-03-21,126.5,124.5,126.5,124.5,,160223.0,92056171.0
2005-03-22,124.5,124.0,124.5,124.0,,74794.0,92056171.0
2005-03-23,124.0,120.0,124.0,120.0,,332816.0,92056171.0
2005-03-24,120.0,117.5,120.0,117.5,,117902.0,92056171.0
2005-03-29,117.5,113.0,117.5,113.0,,706150.0,92056171.0
2005-03-30,113.0,111.0,113.0,111.5,,343414.0,92056171.0
2005-03-31,114.5,111.5,111.5,114.5,,115495.0,92056171.0
2005-04-01,114.5,114.5,114.5,114.5,,110457.0,92056171.0
2005-04-04,114.5,114.0,114.5,114.0,,43328.0,92056171.0
2005-04-05,116.75,114.0,114.0,116.75,,541957.0,92056171.0
2005-04-06,116.75,116.5,116.75,116.5,,16310.0,92056171.0
2005-04-07,116.5,116.5,116.5,116.5,,90640.0,92056171.0
2005-04-08,118.5,116.5,116.5,118.5,,208196.0,92056171.0
2005-04-11,121.5,118.5,118.5,121.5,,217408.0,92056171.0
2005-04-12,125.0,121.5,124.0,121.5,,675101.0,92056171.0
2005-04-13,124.0,119.0,124.0,119.0,,129062.0,92056171.0
2005-04-14,119.0,119.0,119.0,119.0,,34566.0,92056171.0
2005-04-15,119.0,119.0,119.0,119.0,,110318.0,92056171.0
2005-04-18,119.0,118.0,119.0,118.0,,73622.0,92056171.0
2005-04-19,118.0,116.0,118.0,116.0,,545245.0,92056171.0
2005-04-20,116.0,116.0,116.0,116.0,,120170.0,92056171.0
2005-04-21,116.0,116.0,116.0,116.0,,503466.0,92056171.0
2005-04-22,116.0,116.0,116.0,116.0,,5575.0,92056171.0
2005-04-25,116.0,116.0,116.0,116.0,,80559.0,92056171.0
2005-04-26,116.0,115.5,116.0,115.5,,660623.0,92056171.0
2005-04-27,115.5,114.5,115.5,114.5,,47000.0,92056171.0
2005-04-28,114.5,112.5,114.5,112.5,,37274.0,92056171.0
2005-04-29,112.5,110.5,112.5,111.0,,79450.0,92056171.0
2005-05-03,111.0,111.0,111.0,111.0,,62414.0,92056171.0
2005-05-04,111.0,107.0,111.0,107.0,,80500.0,92056171.0
2005-05-05,107.0,106.5,106.5,106.5,,62350.0,92056171.0
2005-05-06,106.5,106.0,106.5,106.0,,90807.0,92056171.0
2005-05-09,105.0,104.0,105.0,104.5,,58281.0,92056171.0
2005-05-10,104.5,104.5,104.5,104.5,,2400.0,92056171.0
2005-05-11,103.0,99.0,103.0,101.5,,518582.0,92056171.0
2005-05-12,103.0,101.5,101.5,103.0,,328986.0,92056171.0
2005-05-13,105.0,103.0,103.0,105.0,,596000.0,92056171.0
2005-05-16,105.0,105.0,105.0,105.0,,27166.0,92056171.0
2005-05-17,105.0,104.75,105.0,104.75,,39825.0,92056171.0
2005-05-18,104.75,103.75,104.75,104.0,,416235.0,92056171.0
2005-05-19,104.0,104.0,104.0,104.0,,22112.0,92056171.0
2005-05-20,104.0,104.0,104.0,104.0,,53791.0,92056171.0
2005-05-23,104.0,104.0,104.0,104.0,,16195.0,92056171.0
2005-05-24,104.0,103.5,104.0,104.0,,46108.0,92056171.0
2005-05-25,104.0,104.0,104.0,104.0,,792500.0,92056171.0
2005-05-26,106.5,106.0,106.0,106.5,,515000.0,92056171.0
2005-05-27,106.5,105.5,106.5,105.5,,21515.0,92056171.0
2005-05-31,105.5,105.0,105.5,105.0,,25440.0,92056171.0
2005-06-01,105.0,105.0,105.0,105.0,,14626.0,92056171.0
2005-06-02,105.0,105.0,105.0,105.0,,45000.0,92056171.0
2005-06-03,105.0,105.0,105.0,105.0,,17405.0,92056171.0
2005-06-06,105.0,105.0,105.0,105.0,,1000.0,92056171.0
2005-06-07,105.0,105.0,105.0,105.0,,1113.0,92056171.0
2005-06-08,105.0,103.0,105.0,103.0,,43250.0,92056171.0
2005-06-09,103.0,103.0,103.0,103.0,,51450.0,92056171.0
2005-06-10,103.0,103.0,103.0,103.0,,108546.0,92056171.0
2005-06-13,103.0,103.0,103.0,103.0,,40605.0,92056171.0
2005-06-14,103.0,103.0,103.0,103.0,,49450.0,92056171.0
2005-06-15,103.0,103.0,103.0,103.0,,27834.0,92056171.0
2005-06-16,103.0,103.0,103.0,103.0,,23000.0,92056171.0
2005-06-17,103.0,103.0,103.0,103.0,,65279.0,92056171.0
2005-06-20,103.0,103.0,103.0,103.0,,38100.0,92056171.0
2005-06-21,103.0,103.0,103.0,103.0,,5465.0,92056171.0
2005-06-22,103.0,103.0,103.0,103.0,,12478.0,92056171.0
2005-06-23,103.5,103.0,103.0,103.5,,65116.0,92056171.0
2005-06-24,103.5,103.5,103.5,103.5,,38745.0,92056171.0
2005-06-27,103.5,103.5,103.5,103.5,,6300.0,92056171.0
2005-06-28,103.5,103.0,103.5,103.0,,72237.0,92056171.0
2005-06-29,103.0,103.0,103.0,103.0,,10859.0,92056171.0
2005-06-30,103.0,101.0,103.0,101.0,,260327.0,92056171.0
2005-07-01,101.0,100.5,101.0,101.0,,146664.0,92056171.0
2005-07-04,101.0,101.0,101.0,101.0,,31161.0,92056171.0
2005-07-05,100.5,100.5,100.5,100.5,,98400.0,92056171.0
2005-07-06,100.5,100.5,100.5,100.5,,79648.0,92056171.0
2005-07-07,100.0,99.0,100.0,99.0,,1000.0,92056171.0
2005-07-08,99.5,99.0,99.0,99.5,,77500.0,92056171.0
2005-07-11,99.5,99.0,99.5,99.0,,13289.0,92056171.0
2005-07-12,99.0,99.0,99.0,99.0,,44463.0,92056171.0
2005-07-13,99.0,99.0,99.0,99.0,,5700.0,92056171.0
2005-07-14,99.0,99.0,99.0,99.0,,27531.0,92056171.0
2005-07-15,99.0,98.5,99.0,98.5,,52179.0,92056171.0
2005-07-18,98.5,97.0,98.5,98.0,,405235.0,92056171.0
2005-07-19,98.0,98.0,98.0,98.0,,127955.0,92056171.0
2005-07-20,98.0,98.0,98.0,98.0,,20344.0,92056171.0
2005-07-21,98.0,97.5,98.0,97.5,,5711.0,92056171.0
2005-07-22,98.0,97.5,97.5,98.0,,2183.0,92056171.0
2005-07-25,98.0,97.0,98.0,97.0,,136232.0,92056171.0
2005-07-26,98.0,97.0,97.0,98.0,,27211.0,92056171.0
2005-07-27,98.0,98.0,98.0,98.0,,87059.0,92056171.0
2005-07-28,98.0,98.0,98.0,98.0,,15130.0,92056171.0
2005-07-29,98.0,98.0,98.0,98.0,,4000.0,92056171.0
2005-08-01,98.0,98.0,98.0,98.0,,1189.0,92056171.0
2005-08-02,98.0,98.0,98.0,98.0,,463207.0,92056171.0
2005-08-03,100.5,98.5,98.5,100.5,,312797.0,92056171.0
2005-08-04,100.5,100.5,100.5,100.5,,138010.0,92056171.0
2005-08-05,100.5,100.5,100.5,100.5,,18869.0,92056171.0
2005-08-08,103.0,101.5,101.5,103.0,,199919.0,92056171.0
2005-08-09,104.0,103.0,103.0,104.0,,72771.0,92056171.0
2005-08-10,104.0,103.5,104.0,104.0,,60621.0,92056171.0
2005-08-11,104.0,103.0,104.0,103.5,,254483.0,92056171.0
2005-08-12,103.5,103.0,103.0,103.0,,17819.0,92056171.0
2005-08-15,103.0,103.0,103.0,103.0,,211928.0,92056171.0
2005-08-16,103.0,101.0,103.0,101.0,,50695.0,92056171.0
2005-08-17,101.0,100.75,101.0,101.0,,9969.0,92056171.0
2005-08-18,101.0,101.0,101.0,101.0,,21354.0,92056171.0
2005-08-19,101.0,101.0,101.0,101.0,,963.0,92056171.0
2005-08-22,101.0,100.5,101.0,101.0,,224470.0,92056171.0
2005-08-23,101.0,100.5,101.0,101.0,,284.0,92056171.0
2005-08-24,103.0,101.0,101.0,103.0,,480856.0,92056171.0
2005-08-25,103.0,103.0,103.0,103.0,,22186.0,92056171.0
2005-08-26,103.0,103.0,103.0,103.0,,4342.0,92056171.0
2005-08-30,103.0,103.0,103.0,103.0,,6981.0,92056171.0
2005-08-31,103.0,103.0,103.0,103.0,,756.0,92056171.0
2005-09-01,103.0,103.0,103.0,103.0,,27820.0,92056171.0
2005-09-02,103.0,103.0,103.0,103.0,,15000.0,92056171.0
2005-09-05,103.0,103.0,103.0,103.0,,77870.0,92056171.0
2005-09-06,103.0,103.0,103.0,103.0,,27000.0,92056171.0
2005-09-07,103.0,103.0,103.0,103.0,,100056.0,92056171.0
2005-09-08,103.0,103.0,103.0,103.0,,57173.0,92056171.0
2005-09-09,103.0,103.0,103.0,103.0,,56737.0,92056171.0
2005-09-12,103.0,103.0,103.0,103.0,,31300.0,92056171.0
2005-09-13,102.5,102.5,102.5,102.5,,14775.0,92056171.0
2005-09-14,102.5,102.5,102.5,102.5,,1500.0,92056171.0
2005-09-15,102.5,101.0,102.5,102.0,,70774.0,92056171.0
2005-09-16,101.0,101.0,101.0,101.0,,194800.0,92056171.0
2005-09-19,101.0,101.0,101.0,101.0,,13450.0,92056171.0
2005-09-20,101.0,100.5,101.0,100.5,,4900.0,92056171.0
2005-09-21,100.5,100.5,100.5,100.5,,41355.0,92056171.0
2005-09-22,100.5,100.5,100.5,100.5,,32750.0,92056171.0
2005-09-23,100.5,100.0,100.5,100.0,,31667.0,92056171.0
2005-09-26,100.0,100.0,100.0,100.0,,11698.0,92056171.0
2005-09-27,100.0,100.0,100.0,100.0,,2400.0,92056171.0
2005-09-28,100.0,100.0,100.0,100.0,,1000.0,92056171.0
2005-09-29,100.0,99.5,100.0,99.5,,146245.0,92056171.0
2005-09-30,99.5,99.25,99.5,99.25,,1200.0,92056171.0
2005-10-03,99.25,99.0,99.0,99.0,,5008.0,92056171.0
2005-10-04,99.0,97.5,99.0,97.5,,16160.0,92056171.0
2005-10-05,97.5,95.5,97.5,95.5,,79322.0,92056171.0
2005-10-06,95.5,92.5,95.5,93.0,,134827.0,92056171.0
2005-10-07,93.0,93.0,93.0,93.0,,214124.0,92056171.0
2005-10-10,93.0,91.5,93.0,91.5,,49800.0,92056171.0
2005-10-11,91.5,91.5,91.5,91.5,,20992.0,92056171.0
2005-10-12,95.0,92.5,92.5,93.5,,1441883.0,92056171.0
2005-10-13,94.0,93.5,93.5,93.5,,85427.0,92056171.0
2005-10-14,93.5,91.5,93.5,92.0,,201000.0,92056171.0
2005-10-17,92.0,91.5,92.0,92.0,,93382.0,92056171.0
2005-10-18,92.0,89.0,92.0,89.0,,64500.0,92056171.0
2005-10-19,88.5,86.0,88.5,86.0,,100162.0,92056171.0
2005-10-20,86.5,86.0,86.0,86.5,,41390.0,92056171.0
2005-10-21,86.0,85.5,85.5,86.0,,31000.0,92056171.0
2005-10-24,86.5,86.0,86.0,86.5,,13000.0,92056171.0
2005-10-25,86.75,86.5,86.5,86.75,,5177.0,92056171.0
2005-10-26,86.75,86.75,86.75,86.75,,1000.0,92056171.0
2005-10-27,86.75,86.75,86.75,86.75,,56.0,92056171.0
2005-10-28,86.75,86.75,86.75,86.75,,1553.0,92056171.0
2005-10-31,86.75,86.25,86.75,86.5,,97900.0,92056171.0
2005-11-01,86.5,86.5,86.5,86.5,,33396.0,92056171.0
2005-11-02,86.5,86.5,86.5,86.5,,22664.0,92056171.0
2005-11-03,86.5,86.5,86.5,86.5,,12317.0,92056171.0
2005-11-04,86.5,86.5,86.5,86.5,,39626.0,92056171.0
2005-11-07,87.0,86.5,86.5,87.0,,164143.0,92056171.0
2005-11-08,85.5,83.5,85.5,84.0,,43543.0,92056171.0
2005-11-09,84.0,84.0,84.0,84.0,,30127.0,92056171.0
2005-11-10,83.5,83.0,83.5,83.5,,26932.0,92056171.0
2005-11-11,83.5,82.5,83.5,83.0,,39727.0,92056171.0
2005-11-14,83.0,83.0,83.0,83.0,,5771.0,92256171.0
2005-11-15,83.0,80.5,83.0,80.5,,168763.0,92256171.0
2005-11-16,80.0,74.0,80.0,74.0,,957558.0,92256171.0
2005-11-17,75.0,73.5,74.0,75.0,,1315292.0,92256171.0
2005-11-18,75.25,75.0,75.0,75.25,,649300.0,92256171.0
2005-11-21,78.0,75.25,75.25,78.0,,387202.0,92256171.0
2005-11-22,79.75,78.0,78.0,79.75,,1693360.0,92256171.0
2005-11-23,81.25,79.75,79.75,81.25,,137769.0,92256171.0
2005-11-24,83.0,81.25,81.25,83.0,,120000.0,92256171.0
2005-11-25,83.0,83.0,83.0,83.0,,3107.0,91463526.0
2005-11-28,83.0,82.25,83.0,82.25,,72984.0,92256171.0
2005-11-29,82.0,81.0,82.0,81.0,,123558.0,92256171.0
2005-11-30,81.0,81.0,81.0,81.0,,12653.0,92256171.0
2005-12-01,81.0,81.0,81.0,81.0,,8357.0,92256171.0
2005-12-02,81.0,81.0,81.0,81.0,,298241.0,92256171.0
2005-12-05,80.0,79.21,80.0,80.0,,173943.0,92256171.0
2005-12-06,81.65,79.0,79.0,81.0,,82279.0,92256171.0
2005-12-07,80.0,79.0,80.0,79.75,,11250.0,92256171.0
2005-12-08,80.9,78.5,80.125,79.75,,4139.0,92256171.0
2005-12-09,81.26,79.8,80.0,79.5,,70600.0,92256171.0
2005-12-12,80.5,79.47,80.0,80.25,,8312.0,92256171.0
2005-12-13,81.0,78.6,81.0,80.25,,25504.0,92256171.0
2005-12-14,80.3,79.5,79.5,80.25,,113536.0,92256171.0
2005-12-15,81.0,79.0,79.0,78.5,,117266.0,92256171.0
2005-12-16,79.5,78.0,79.0,78.5,,91285.0,92256171.0
2005-12-19,78.0,77.75,78.0,78.5,,8302.0,92256171.0
2005-12-20,78.75,76.0,77.75,76.75,,38409.0,92256171.0
2005-12-21,77.44,74.5,75.5,75.75,,30298.0,92256171.0
2005-12-22,76.94,74.25,76.0,75.0,,109623.0,92256171.0
2005-12-23,76.0,74.06,76.0,75.0,,10033.0,92256171.0
2005-12-28,76.0,74.0,74.0,75.5,,58800.0,92256171.0
2005-12-29,75.924,75.17,75.924,75.5,,3200.0,92256171.0
2005-12-30,75.94,74.94,75.0,74.75,,40750.0,92256171.0
2006-01-03,75.0,74.56,75.0,74.75,,71741.0,92256171.0
2006-01-04,75.0,74.5,75.0,74.5,,46605.0,92256171.0
2006-01-05,75.0,74.06,75.0,74.5,,25250.0,92256171.0
2006-01-06,75.0,74.94,75.0,74.75,,48120.0,92256171.0
2006-01-09,75.0,73.93,74.0,74.5,,109385.0,92256171.0
2006-01-10,78.5,73.5,75.0,78.25,,123835.0,92256171.0
2006-01-11,81.5,77.6,79.5,81.5,,73781.0,92256171.0
2006-01-12,83.0,79.5,80.0,80.5,,153797.0,92256171.0
2006-01-16,81.85,81.85,81.85,80.5,,200.0,92256171.0
2006-01-17,82.0,81.58,82.0,82.25,,10701.0,92256171.0
2006-01-18,81.5,80.0,81.5,82.0,,92494.0,92256171.0
2006-01-19,80.742,80.5,80.5,81.75,,13292.0,92256171.0
2006-01-20,83.0,82.0,83.0,83.0,,13385.0,92256171.0
2006-01-23,85.0,83.0,84.0,84.25,,58832.0,92256171.0
2006-01-24,88.0,84.92,85.0,87.5,,58332.0,92256171.0
2006-01-25,92.0,87.91,88.0,90.25,,77689.0,92256171.0
2006-01-26,91.5,89.8,91.5,91.0,,20678.0,92256171.0
2006-01-27,91.9,89.5,89.5,90.75,,14443.0,92256171.0
2006-01-30,89.5,89.0,89.5,90.0,,16920.0,92256171.0
2006-02-01,90.5,90.5,90.5,90.5,,4000.0,92256171.0
2006-02-02,91.61,91.61,91.61,90.5,,545.0,92256171.0
2006-02-03,91.0,88.0,89.0,87.5,,91327.0,92256171.0
2006-02-06,87.45,87.0,87.45,88.0,,14166.0,92256171.0
2006-02-07,87.13,84.92,87.0,85.75,,91588.0,92256171.0
2006-02-08,85.0,85.0,85.0,86.0,,33119.0,92256171.0
2006-02-09,86.0,84.5,86.0,85.5,,111715.0,92256171.0
2006-02-10,85.0,85.0,85.0,86.0,,10000.0,92256171.0
2006-02-13,85.08,84.0,85.0,84.75,,545613.0,92256171.0
2006-02-14,84.63,84.63,84.63,86.0,,150.0,92256171.0
2006-02-15,85.0,85.0,85.0,86.0,,31000.0,92256171.0
2006-02-16,85.1,85.1,85.1,86.0,,500.0,92256171.0
2006-02-17,85.0,85.0,85.0,86.0,,36918.0,92256171.0
2006-02-20,85.0,84.0,85.0,83.75,,125000.0,92256171.0
2006-02-21,83.1,83.1,83.1,84.25,,631.0,92256171.0
2006-02-22,84.8,83.75,84.8,84.25,,2512.0,92256171.0
2006-02-23,83.5,83.5,83.5,84.25,,6412.0,92256171.0
2006-02-24,83.5,83.5,83.5,84.25,,900.0,92727991.0
2006-02-27,84.87,84.0,84.0,84.5,,151834.0,92727991.0
2006-02-28,84.805,83.55,84.805,84.25,,803.0,92727991.0
2006-03-01,84.5,83.55,84.37,84.0,,11133.0,92727991.0
2006-03-02,84.0,84.0,84.0,84.25,,30000.0,92727991.0
2006-03-03,84.0,83.55,84.0,84.25,,60745.0,92727991.0
2006-03-06,84.05,83.0,84.0,84.25,,114721.0,92727991.0
2006-03-07,83.05,83.0,83.05,84.0,,127427.0,92727991.0
2006-03-08,84.49,83.75,83.75,83.5,,2148583.0,92727991.0
2006-03-09,82.8,82.5,82.75,83.25,,20868.0,92727991.0
2006-03-10,82.58,82.58,82.58,83.25,,2140.0,92727991.0
2006-03-13,82.58,82.5,82.5,83.25,,12737.0,92727991.0
2006-03-14,82.0,82.0,82.0,83.0,,10200.0,92727991.0
2006-03-15,83.95,82.05,82.05,83.0,,3481.0,93520636.0
2006-03-16,82.0,81.5,82.0,82.5,,95250.0,93520636.0
2006-03-17,83.175,81.0,81.0,82.0,,7268.0,93520636.0
2006-03-20,82.0,81.3,82.0,82.5,,54381.0,93520636.0
2006-03-21,81.5,81.0,81.25,81.75,,39109.0,93520636.0
2006-03-22,82.7,81.05,82.7,82.0,,5013.0,93520636.0
2006-03-23,82.81,81.09,82.81,82.0,,20500.0,93520636.0
2006-03-24,82.65,80.0,81.0,80.25,,11035.0,93520636.0
2006-03-27,79.56,79.5,79.5,80.0,,9000.0,93520636.0
2006-03-28,80.65,78.0,79.0,78.25,,470719.0,93520636.0
2006-03-29,79.25,77.11,79.25,78.25,,8734.0,93520636.0
2006-03-30,79.25,77.25,77.25,78.25,,36183.0,93520636.0
2006-03-31,79.75,77.35,79.15,78.25,,111232.0,93520636.0
2006-04-03,77.0,77.0,77.0,78.25,,3953.0,93520636.0
2006-04-04,79.15,77.0,77.0,78.0,,17318.0,93520636.0
2006-04-05,79.25,76.75,79.25,78.0,,10353.0,93520636.0
2006-04-06,76.9,73.5,76.5,73.75,,89962.0,93520636.0
2006-04-07,75.0,73.75,75.0,74.0,,35591.0,93520636.0
2006-04-10,80.0,75.25,75.25,80.25,,65954.0,93520636.0
2006-04-11,81.4,80.9,81.0,80.5,,10000.0,93520636.0
2006-04-12,81.9,80.0,81.0,81.25,,24734.0,93520636.0
2006-04-13,89.0,81.9,82.0,86.75,,215738.0,93520636.0
2006-04-18,89.5,86.3,87.5,88.25,,138897.0,93520636.0
2006-04-19,89.25,87.15,88.0,88.5,,37440.0,93520636.0
2006-04-20,89.0,87.25,87.25,87.5,,87321.0,93520636.0
2006-04-21,90.0,87.5,90.0,88.75,,42452.0,93520636.0
2006-04-24,89.75,88.8,89.75,88.0,,4026.0,93520636.0
2006-04-25,87.55,87.55,87.55,88.5,,10000.0,93520636.0
2006-04-26,88.5,86.5,88.5,88.25,,4540.0,93520636.0
2006-04-27,87.3,86.0,87.0,87.5,,8843.0,93520636.0
2006-04-28,87.0,85.5,87.0,86.75,,13003.0,93520636.0
2006-05-02,87.65,85.73,87.58,86.75,,4805.0,93520636.0
2006-05-03,88.35,85.6,88.0,87.5,,120115.0,93520636.0
2006-05-04,85.95,85.0,85.5,86.5,,4896.0,93520636.0
2006-05-05,87.9,85.6,87.9,86.5,,3448.0,93520636.0
2006-05-08,85.0,83.0,85.0,84.25,,91455.0,93520636.0
2006-05-10,85.0,83.0,83.0,85.25,,183500.0,93520636.0
2006-05-11,86.5,85.35,85.5,86.25,,37157.0,93520636.0
2006-05-12,86.75,86.25,86.5,87.0,,82196.0,93520636.0
2006-05-15,86.9,84.1,85.0,85.75,,192808.0,93520636.0
2006-05-16,87.0,85.0,85.0,86.75,,23625.0,93520636.0
2006-05-17,87.25,85.25,85.25,86.25,,13596.0,93520636.0
2006-05-18,86.0,84.0,84.75,86.25,,246220.0,93520636.0
2006-05-19,84.25,84.25,84.25,85.5,,1000.0,93520636.0
2006-05-22,85.25,82.0,85.0,83.5,,377284.0,93520636.0
2006-05-23,86.5,83.25,83.25,85.25,,230559.0,93520636.0
2006-05-24,85.25,84.25,84.25,85.0,,97800.0,93520636.0
2006-05-25,84.0,78.0,84.0,84.25,,219165.0,93480636.0
2006-05-26,83.25,83.25,83.25,83.75,,1147.0,93480636.0
2006-05-30,85.0,83.25,84.25,83.75,,15410.0,93480636.0
2006-05-31,85.25,83.0,85.0,83.25,,45854.0,93480636.0
2006-06-01,83.75,82.0,83.75,82.5,,10500.0,93520636.0
2006-06-02,82.0,82.0,82.0,83.0,,3450.0,93520636.0
2006-06-05,82.0,82.0,82.0,82.5,,3451.0,93520636.0
2006-06-06,83.75,83.75,83.75,82.5,,1408.0,93560636.0
2006-06-07,83.5,82.0,83.5,83.0,,8154.0,93560636.0
2006-06-08,83.75,81.0,83.75,82.5,,12614.0,93560636.0
2006-06-09,81.0,81.0,81.0,82.5,,3644.0,93560636.0
2006-06-12,82.75,80.0,82.75,80.5,,13113.0,93560636.0
2006-06-13,81.75,78.5,79.0,80.25,,37580.0,93560636.0
2006-06-14,80.5,77.0,80.5,78.0,,35658.0,93560636.0
2006-06-15,79.0,78.95,79.0,78.75,,2231.0,93560636.0
2006-06-16,80.0,78.5,79.75,79.25,,8247.0,93560636.0
2006-06-20,80.0,75.0,78.0,75.5,,118384.0,93560636.0
2006-06-21,76.5,74.5,74.5,76.75,,12101.0,93560636.0
2006-06-22,82.5,75.0,75.25,79.0,,121515.0,93560636.0
2006-06-23,79.0,77.25,78.5,78.75,,81150.0,93560636.0
2006-06-26,77.55,77.05,77.05,78.5,,9276.0,93560636.0
2006-06-27,77.0,77.0,77.0,78.5,,1500.0,93560636.0
2006-06-28,80.0,80.0,80.0,79.5,,10200.0,93560636.0
2006-06-29,86.0,80.5,80.5,82.25,,187223.0,93560636.0
2006-06-30,83.55,81.5,83.5,81.5,,6192121.0,93560636.0
2006-07-03,81.7,78.5,81.0,79.75,,62000.0,93560636.0
2006-07-04,78.5,78.5,78.5,79.75,,2500.0,93560636.0
2006-07-06,79.75,79.75,79.75,79.75,,45000.0,93560636.0
2006-07-07,83.25,78.5,81.0,81.75,,102372.0,93560636.0
2006-07-10,83.0,83.0,83.0,82.0,,3000.0,93560636.0
2006-07-11,81.0,80.5,81.0,81.75,,17576.0,93560636.0
2006-07-12,80.5,80.0,80.5,81.0,,105500.0,93560636.0
2006-07-17,81.25,79.5,81.0,80.5,,32911.0,93560636.0
2006-07-18,79.0,79.0,79.0,79.5,,2500.0,93560636.0
2006-07-19,78.5,78.5,78.5,79.0,,1275.0,93560636.0
2006-07-20,78.5,78.0,78.0,78.0,,18990.0,93560636.0
2006-07-21,78.75,78.0,78.5,78.25,,7427.0,93560636.0
2006-07-25,77.5,77.5,77.5,77.5,,70750.0,93560636.0
2006-07-26,76.55,76.0,76.55,77.5,,1746.0,93560636.0
2006-07-27,77.5,76.0,76.0,77.0,,8224.0,93560636.0
2006-07-28,78.25,76.0,76.0,77.25,,12224.0,93560636.0
2006-07-31,76.0,74.0,76.0,74.75,,40959.0,93560636.0
2006-08-01,74.0,74.0,74.0,74.25,,5800.0,93560636.0
2006-08-02,75.4,75.4,75.4,74.25,,800.0,93560636.0
2006-08-03,73.61,71.5,73.0,72.0,,96620.0,93560636.0
2006-08-04,72.9,72.0,72.0,72.0,,4433.0,93560636.0
2006-08-07,72.65,71.0,71.0,72.0,,31693.0,93560636.0
2006-08-08,68.0,61.5,68.0,62.5,,282727.0,93560636.0
2006-08-09,70.5,62.0,62.5,70.5,,105439.0,93560636.0
2006-08-10,71.5,70.0,70.0,71.75,,309250.0,93560636.0
2006-08-11,72.0,71.0,71.0,72.0,,275433.0,93560636.0
2006-08-14,72.5,71.16,72.0,72.25,,18361.0,93560636.0
2006-08-15,72.425,71.24,71.24,71.5,,13364.0,93560636.0
2006-08-16,72.5,71.0,72.5,71.5,,9282.0,93560636.0
2006-08-17,72.82,70.0,70.5,70.0,,16239.0,93560636.0
2006-08-21,69.75,69.75,69.75,70.75,,10400.0,93560636.0
2006-08-23,71.5,69.5,71.5,70.25,,4908.0,93560636.0
2006-08-24,71.15,71.15,71.15,70.25,,2000.0,93560636.0
2006-08-25,71.75,69.3,69.3,70.5,,2647.0,93560636.0
2006-08-30,71.387,69.3,71.387,70.5,,489.0,93560636.0
2006-08-31,71.5,69.0,71.38,70.5,,235000.0,93560636.0
2006-09-01,71.0,70.75,71.0,70.5,,10267.0,93560636.0
2006-09-05,72.0,70.05,71.5,71.75,,19454.0,93560636.0
2006-09-06,72.75,72.75,72.75,71.75,,2651.0,93560636.0
2006-09-07,73.0,70.25,70.25,71.0,,7526.0,93560636.0
2006-09-08,75.5,72.0,72.0,75.75,,37202.0,93560636.0
2006-09-11,77.75,76.25,76.5,76.5,,102829.0,93560636.0
2006-09-12,75.5,75.0,75.5,76.0,,7075.0,93560636.0
2006-09-13,76.5,75.25,76.5,76.25,,10200.0,93560636.0
2006-09-14,76.0,75.0,75.75,75.5,,19300.0,93560636.0
2006-09-15,75.0,75.0,75.0,75.75,,3000.0,93560636.0
2006-09-18,75.0,75.0,75.0,75.5,,4000.0,93560636.0
2006-09-19,74.76,74.76,74.76,75.5,,564.0,93560636.0
2006-09-22,74.0,70.0,74.0,74.0,,2529922.0,93560636.0
2006-09-25,77.0,73.0,73.0,74.0,,100750.0,93560636.0
2006-09-26,74.663,73.228,73.228,74.0,,2100.0,93560636.0
2006-09-27,74.188,71.5,73.0,72.5,,18046.0,93560636.0
2006-09-28,73.0,72.55,72.98,72.5,,29335.0,93560636.0
2006-09-29,74.0,73.0,73.0,73.5,,2814.0,93560636.0
2006-10-02,73.5,72.0,72.0,73.0,,33300.0,93560636.0
2006-10-03,74.0,68.0,74.0,69.0,,29200.0,93560636.0
2006-10-04,71.0,69.98,70.0,71.25,,26307.0,93560636.0
2006-10-05,73.0,72.0,72.0,72.0,,2772.0,93560636.0
2006-10-06,73.0,70.75,70.75,72.75,,28394.0,93560636.0
2006-10-09,72.98,72.9,72.98,72.25,,7746.0,93560636.0
2006-10-10,72.98,72.927,72.98,72.5,,10913.0,93560636.0
2006-10-11,73.5,73.0,73.0,72.75,,10971.0,93560636.0
2006-10-12,72.0,70.0,72.0,71.25,,51602.0,93560636.0
2006-10-13,75.0,71.68,71.75,74.5,,80302.0,93560636.0
2006-10-16,76.5,73.5,75.0,76.5,,39887.0,93560636.0
2006-10-17,78.0,77.0,77.0,76.75,,22762.0,93560636.0
2006-10-18,78.0,75.3,77.0,76.5,,61772.0,93560636.0
2006-10-19,81.25,76.0,76.0,81.0,,57944.0,93560636.0
2006-10-20,80.33,76.58,80.25,76.75,,43060.0,93560636.0
2006-10-23,78.671,76.44,76.5,78.0,,207127.0,93560636.0
2006-10-24,78.172,75.5,76.75,76.25,,40752.0,93560636.0
2006-10-25,75.25,73.0,75.0,74.0,,93117.0,93560636.0
2006-10-26,73.25,73.0,73.25,74.0,,19474.0,93560636.0
2006-10-27,74.75,73.0,73.0,73.5,,21133.0,93560636.0
2006-10-30,77.75,74.0,74.5,76.5,,205131.0,93560636.0
2006-10-31,80.08,76.0,76.0,79.5,,39430.0,93560636.0
2006-11-01,80.0,78.0,80.0,78.0,,31998.0,93560636.0
2006-11-02,78.0,77.5,77.5,78.0,,7868.0,93560636.0
2006-11-03,78.0,77.0,77.0,77.5,,260496.0,93560636.0
2006-11-06,78.75,77.25,78.75,78.0,,4082.0,93560636.0
2006-11-07,78.75,76.5,78.75,77.75,,12128.0,93560636.0
2006-11-08,79.0,77.75,78.75,78.25,,62691.0,93560636.0
2006-11-09,78.25,77.0,77.0,77.5,,32975.0,93560636.0
2006-11-10,77.5,76.0,76.5,77.0,,10373.0,93560636.0
2006-11-13,77.9,77.0,77.0,78.25,,4676.0,93560636.0
2006-11-14,79.0,78.88,79.0,77.75,,2160.0,93560636.0
2006-11-15,78.75,77.09,78.75,78.0,,5549.0,93560636.0
2006-11-17,79.0,78.75,79.0,78.0,,4908.0,93560636.0
2006-11-20,78.75,77.0,77.0,77.75,,1573.0,93560636.0
2006-11-21,79.0,77.25,77.25,78.5,,2900.0,93560636.0
2006-11-22,78.65,77.0,78.5,77.5,,143392.0,93560636.0
2006-11-23,78.65,75.75,76.0,76.0,,17577.0,93560636.0
2006-11-24,75.5,75.0,75.0,76.0,,28182.0,93560636.0
2006-11-27,76.4,73.0,75.0,74.5,,58091.0,93560636.0
2006-11-28,74.75,74.75,74.75,74.0,,3451.0,93560636.0
2006-11-29,74.0,70.5,73.25,71.75,,35164.0,93560636.0
2006-11-30,73.0,66.0,71.5,67.75,,266200.0,93560636.0
2006-12-01,69.431,68.0,68.0,68.5,,97471.0,93560636.0
2006-12-04,69.25,67.5,68.0,67.25,,53357.0,93560636.0
2006-12-05,67.1,66.0,67.0,67.0,,506050.0,93560636.0
2006-12-06,67.75,65.0,66.0,67.0,,13761.0,93560636.0
2006-12-07,65.065,65.0,65.0,65.5,,10000.0,93560636.0
2006-12-08,67.0,65.5,67.0,66.25,,22555.0,93560636.0
2006-12-11,66.65,65.0,65.25,64.25,,27375.0,93560636.0
2006-12-12,64.75,61.25,64.0,62.25,,54299.0,93560636.0
2006-12-13,63.4,58.0,61.0,60.75,,374686.0,93560636.0
2006-12-14,63.5,60.1,61.0,62.75,,1612254.0,93560636.0
2006-12-15,66.0,63.75,64.0,65.25,,1391899.0,93560636.0
2006-12-18,66.0,64.75,65.75,65.5,,1074479.0,93560636.0
2006-12-19,66.0,65.25,66.0,65.5,,244208.0,93560636.0
2006-12-20,66.5,65.25,65.25,66.0,,43632.0,93560636.0
2006-12-21,66.5,65.8462,66.0,66.5,,1302103.0,93560636.0
2006-12-22,,,,66.0,,,93560636.0
2006-12-27,76.5,67.5,67.5,76.5,,482826.0,93560636.0
2006-12-28,77.0,74.5,75.5,75.25,,306251.0,93560636.0
2006-12-29,76.25,75.0,75.25,75.75,,55471.0,93560636.0
2007-01-02,76.89,75.0,75.5,75.5,,838725.0,93560636.0
2007-01-03,77.5,75.5,76.0,77.25,,700946.0,93560636.0
2007-01-04,77.0,76.5,76.75,76.75,,25213.0,93560636.0
2007-01-05,77.75,76.5,76.5,77.0,,30580.0,93560636.0
2007-01-08,77.25,76.0,77.25,75.5,,23595.0,93560636.0
2007-01-09,77.75,75.0,76.0,75.5,,23684.0,93560636.0
2007-01-10,75.0,72.0,73.0,74.0,,110636.0,93560636.0
2007-01-11,76.5,74.5,74.75,74.75,,338907.0,93560636.0
2007-01-12,76.965,74.25,76.5,75.0,,263677.0,93560636.0
2007-01-15,76.94,74.0,76.0,74.75,,130988.0,93560636.0
2007-01-16,76.5,74.5,75.0,75.5,,88643.0,93560636.0
2007-01-17,76.625,73.0,75.25,74.0,,63913.0,93560636.0
2007-01-18,75.375,73.0,73.0,73.5,,7760.0,93560636.0
2007-01-19,74.074,72.75,73.25,74.25,,27757.0,93560636.0
2007-01-22,74.5,72.0,73.0,72.5,,49640.0,93560636.0
2007-01-23,72.25,70.0,72.0,71.0,,54836.0,93560636.0
2007-01-24,70.5,70.25,70.25,70.75,,25761.0,93560636.0
2007-01-25,71.425,71.28,71.28,70.75,,3493.0,93560636.0
2007-01-26,70.85,69.25,70.0,69.75,,11309.0,93560636.0
2007-01-29,70.75,68.5,69.0,69.75,,64274.0,93560636.0
2007-01-30,74.0,70.32,70.5,73.75,,76618.0,93560636.0
2007-01-31,74.0,72.0,72.0,73.0,,372078.0,93560636.0
2007-02-01,72.75,70.75,72.0,71.75,,67586.0,93560636.0
2007-02-02,70.5,70.5,70.5,71.75,,3670.0,93560636.0
2007-02-05,73.75,72.0,73.0,73.25,,2292854.0,93560636.0
2007-02-06,72.375,72.25,72.25,73.25,,24656.0,93560636.0
2007-02-07,74.5,72.0,72.0,73.0,,20299.0,93560636.0
2007-02-09,73.0,73.0,73.0,73.0,,11287.0,93560636.0
2007-02-12,73.965,72.25,72.25,73.0,,4118.0,93560636.0
2007-02-14,72.125,72.0,72.0,73.0,,8194.0,93560636.0
2007-02-15,73.75,72.0,72.0,73.0,,4076.0,93560636.0
2007-02-16,73.75,72.0,72.0,73.25,,26509.0,93560636.0
2007-02-19,74.0,71.91,74.0,73.0,,15297.0,93560636.0
2007-02-20,72.0,72.0,72.0,73.0,,50.0,93560636.0
2007-02-21,73.0,73.0,73.0,73.5,,6000.0,93560636.0
2007-02-22,73.0,73.0,73.0,74.0,,100.0,93560636.0
2007-02-26,72.25,71.75,72.25,72.5,,6369.0,93560636.0
2007-02-27,73.25,71.75,73.0,71.75,,83601.0,93560636.0
2007-02-28,72.178,71.0,71.0,71.25,,8000.0,93560636.0
2007-03-01,71.0,70.25,70.25,71.75,,11210.0,93560636.0
2007-03-02,72.0,72.0,72.0,71.75,,1000.0,93560636.0
2007-03-05,72.0,71.25,72.0,71.75,,91582.0,93560636.0
2007-03-06,72.963,72.0,72.5,72.5,,28035.0,93560636.0
2007-03-08,72.75,72.75,72.75,72.75,,1000.0,93560636.0
2007-03-09,72.75,71.25,72.75,72.0,,1295.0,93560636.0
2007-03-12,72.677,71.5,71.5,72.25,,609006.0,93560636.0
2007-03-13,72.25,71.1,72.0,72.25,,62876.0,93560636.0
2007-03-14,70.25,70.25,70.25,71.5,,4492.0,93560636.0
2007-03-15,72.5,70.0,71.0,70.25,,199026.0,93560636.0
2007-03-16,70.0,69.5,70.0,70.25,,68750.0,93860636.0
2007-03-19,70.75,70.75,70.75,70.0,,1500.0,93860636.0
2007-03-20,70.25,67.5,69.75,68.0,,458443.0,93860636.0
2007-03-21,68.725,68.0,68.725,68.25,,160260.0,93860636.0
2007-03-22,,,,68.75,,,93860636.0
2007-03-23,69.0,68.75,68.75,68.75,,21250.0,93860636.0
2007-03-27,68.75,68.75,68.75,68.25,,18245.0,93860636.0
2007-03-28,68.5,68.0,68.0,67.75,,35919.0,93860636.0
2007-03-29,67.5,67.0,67.5,67.75,,9752.0,93860636.0
2007-03-30,67.0,65.5,67.0,66.75,,81505.0,93860636.0
2007-04-02,65.5,65.0,65.5,66.25,,30374.0,93860636.0
2007-04-03,66.75,64.5,66.5,64.25,,77669.0,93860636.0
2007-04-04,65.34,64.0,64.5,64.25,,207320.0,93860636.0
2007-04-05,66.0,64.5,66.0,65.25,,56935.0,93860636.0
2007-04-10,66.0,65.5,66.0,65.5,,51050.0,93860636.0
2007-04-11,69.0,64.75,66.5,68.25,,154584.0,93860636.0
2007-04-12,71.0,69.75,69.75,71.0,,121356.0,93860636.0
2007-04-13,75.0,70.0,72.0,74.75,,3036411.0,93860636.0
2007-04-16,75.75,74.5,74.5,74.5,,55730.0,93860636.0
2007-04-17,74.0,72.0,74.0,72.5,,70412.0,93860636.0
2007-04-18,72.75,72.0,72.75,72.75,,28171.0,93860636.0
2007-04-19,73.5,73.0,73.0,73.5,,52836.0,93860636.0
2007-04-20,73.75,73.61,73.75,74.0,,15364.0,93860636.0
2007-04-23,73.75,72.82,72.82,73.5,,23350.0,93860636.0
2007-04-24,72.77,72.0,72.75,73.25,,20719.0,93860636.0
2007-04-25,74.0,73.93,74.0,73.25,,571.0,93860636.0
2007-04-26,74.0,73.0,74.0,73.25,,350041.0,93860636.0
2007-04-27,73.75,72.6,73.75,73.0,,10966.0,93860636.0
2007-04-30,74.0,72.69,74.0,72.75,,263541.0,93860636.0
2007-05-01,72.75,72.75,72.75,72.5,,612.0,93860636.0
2007-05-02,73.25,72.1,73.25,72.75,,43613.0,93860636.0
2007-05-03,72.5,72.0,72.0,72.5,,30730.0,93860636.0
2007-05-04,72.25,72.0,72.25,72.5,,19894.0,93860636.0
2007-05-08,72.0,72.0,72.0,72.75,,50000.0,93860636.0
2007-05-09,71.572,71.5,71.5,71.75,,5229.0,93860636.0
2007-05-10,72.75,71.0,71.75,72.25,,88620.0,93860636.0
2007-05-11,71.25,71.25,71.25,71.5,,10000.0,93860636.0
2007-05-14,71.0,71.0,71.0,71.0,,2500.0,93860636.0
2007-05-15,70.75,70.75,70.75,71.5,,25000.0,93860636.0
2007-05-17,70.75,70.25,70.75,71.0,,20219.0,93860636.0
2007-05-18,71.0,70.02,71.0,71.25,,76031.0,93860636.0
2007-05-21,71.0,70.5,70.75,70.75,,509250.0,93860636.0
2007-05-22,71.25,70.5,70.75,70.75,,30652.0,93860636.0
2007-05-23,70.31,70.31,70.31,70.5,,3966.0,93860636.0
2007-05-24,71.69,70.0,70.0,70.25,,8500.0,93860636.0
2007-05-25,69.0,68.17,69.0,68.25,,35530.0,93860636.0
2007-05-29,68.5,68.5,68.5,68.25,,30000.0,93860636.0
2007-05-30,69.0,68.625,68.75,68.75,,410070.0,94479751.0
2007-05-31,69.25,68.0,68.0,68.75,,68700.0,94479751.0
2007-06-01,69.75,68.25,69.0,69.5,,205282.0,94479751.0
2007-06-04,70.0,68.5,68.5,70.25,,140267.0,94479751.0
2007-06-05,69.25,69.25,69.25,70.25,,3000.0,94479751.0
2007-06-06,71.0,70.0,70.0,71.0,,178208.0,94479751.0
2007-06-07,70.07,69.5,69.5,70.5,,4800.0,94479751.0
2007-06-12,69.0,68.28,69.0,69.0,,8073.0,94479751.0
2007-06-13,68.25,68.0,68.25,68.25,,11000.0,94479751.0
2007-06-14,69.25,67.0,67.5,68.25,,27235.0,94479751.0
2007-06-15,67.375,66.5,67.0,67.5,,11196.0,94479751.0
2007-06-18,68.224,66.0,67.0,67.25,,16483.0,94479751.0
2007-06-19,68.454,68.45,68.454,67.5,,211.0,94479751.0
2007-06-20,66.25,66.0,66.25,67.25,,3000.0,94479751.0
2007-06-22,66.75,65.75,66.0,66.75,,6481.0,94479751.0
2007-06-25,65.75,65.75,65.75,66.75,,598.0,94479751.0
2007-06-26,66.875,66.875,66.875,67.0,,224.0,94479751.0
2007-06-27,65.75,64.5,65.75,65.0,,53724.0,94479751.0
2007-06-29,66.0,65.5,65.75,65.75,,413522.0,94479751.0
2007-07-02,66.0,65.75,66.0,65.75,,406879.0,94479751.0
2007-07-03,66.1,65.75,66.0,66.5,,158288.0,94479751.0
2007-07-04,67.0,66.5,67.0,66.5,,1060.0,94479751.0
2007-07-05,66.75,65.75,66.0,66.25,,9415.0,94479751.0
2007-07-06,66.75,65.75,65.75,66.25,,7660.0,94479751.0
2007-07-09,67.0,65.13,67.0,65.75,,23573.0,94479751.0
2007-07-10,66.7,65.0,65.0,65.75,,11087.0,94479751.0
2007-07-11,65.0,64.565,64.565,65.0,,316.0,94479751.0
2007-07-12,65.125,64.5,65.0,65.75,,12969.0,94479751.0
2007-07-13,65.25,65.25,65.25,66.25,,3095.0,94479751.0
2007-07-16,65.25,64.5,65.0,64.5,,76767.0,94479751.0
2007-07-17,64.75,64.75,64.75,65.0,,3000.0,94479751.0
2007-07-18,64.0,60.0,64.0,60.25,,108750.0,94479751.0
2007-07-19,59.5,58.0,59.5,58.75,,52186.0,94479751.0
2007-07-20,59.224,58.0,58.0,58.75,,3812.0,94479751.0
2007-07-23,59.0,58.0,59.0,58.75,,6966.0,94479751.0
2007-07-24,58.5,58.0,58.5,58.5,,53000.0,94479751.0
2007-07-25,57.5,57.38,57.5,58.25,,7353.0,94479751.0
2007-07-26,57.25,52.0,57.25,52.25,,146110.0,94479751.0
2007-07-27,53.5,51.0,51.0,53.0,,75647.0,94479751.0
2007-07-30,56.479,53.75,54.0,55.75,,252296.0,94479751.0
2007-07-31,56.5,55.0,56.0,56.0,,637894.0,94479751.0
2007-08-01,56.0,55.5,55.75,55.75,,84114.0,94479751.0
2007-08-02,55.94,55.94,55.94,55.75,,1800.0,94479751.0
2007-08-03,56.32,56.0,56.0,56.25,,11796.0,94479751.0
2007-08-06,56.0,55.75,56.0,56.25,,1934599.0,94479751.0
2007-08-07,56.0,55.5,56.0,55.75,,11048.0,94479751.0
2007-08-08,55.5,54.5,55.5,54.5,,44000.0,94479751.0
2007-08-09,54.75,54.0,54.75,54.0,,18481.0,94479751.0
2007-08-10,53.75,52.0,52.5,53.0,,35432.0,94479751.0
2007-08-13,52.25,51.5,52.25,51.5,,59850.0,94479751.0
2007-08-14,52.0,49.5,50.75,49.5,,141629.0,94479751.0
2007-08-15,50.5,49.0,49.0,49.0,,79193.0,94479751.0
2007-08-16,48.5,46.5,48.5,46.75,,56273.0,94479751.0
2007-08-17,47.5,46.61,47.5,47.75,,259823.0,94479751.0
2007-08-20,49.0,48.0,48.0,48.5,,41000.0,94479751.0
2007-08-21,48.5,48.075,48.5,48.25,,12300.0,94479751.0
2007-08-22,49.75,48.75,49.0,49.5,,517958.0,94479751.0
2007-08-23,51.075,50.0,50.0,51.25,,184369.0,94479751.0
2007-08-24,51.02,51.0,51.0,51.5,,10002.0,94479751.0
2007-08-28,51.75,51.5,51.5,51.5,,47000.0,94479751.0
2007-08-29,51.75,51.5,51.5,51.75,,16488.0,94479751.0
2007-08-30,52.75,52.0,52.0,52.5,,31410.0,94479751.0
2007-08-31,52.5,52.325,52.5,52.5,,466.0,94479751.0
2007-09-03,52.75,52.63,52.75,52.25,,2000.0,94479751.0
2007-09-04,53.0,52.5,52.5,53.25,,29350.0,94479751.0
2007-09-06,53.25,53.0,53.0,52.5,,29603.0,94479751.0
2007-09-07,53.0,52.63,52.75,53.0,,1099660.0,94479751.0
2007-09-10,53.262,53.25,53.25,53.25,,6500.0,94479751.0
2007-09-11,53.5,53.25,53.25,53.5,,7542.0,94479751.0
2007-09-12,54.5,53.5,53.5,54.25,,26870.0,94479751.0
2007-09-13,54.5,54.5,54.5,54.5,,5000.0,94479751.0
2007-09-14,54.5,53.25,54.5,54.0,,50297.0,94479751.0
2007-09-17,53.5,51.5,53.5,52.25,,103659.0,94479751.0
2007-09-18,52.0,51.5,51.5,51.5,,47959.0,94479751.0
2007-09-20,52.5,48.0,51.25,48.75,,50275.0,94479751.0
2007-09-21,49.0,48.0,48.0,49.0,,12442.0,94479751.0
2007-09-24,49.5,49.4,49.5,49.0,,4372.0,94479751.0
2007-09-25,49.5,48.5,48.5,49.25,,10169.0,94479751.0
2007-09-26,49.0,48.0,49.0,48.25,,23842.0,94479751.0
2007-09-27,49.39,48.75,49.35,49.25,,30183.0,94479751.0
2007-09-28,48.5,48.0,48.0,48.5,,21642.0,94479751.0
2007-10-01,48.39,47.0,48.0,47.25,,58500.0,94479751.0
2007-10-02,48.5,48.0,48.5,48.0,,1611.0,94479751.0
2007-10-03,48.5242,48.5,48.5,48.25,,12716.0,94479751.0
2007-10-04,49.0,48.0,48.5,48.25,,28796.0,94479751.0
2007-10-05,49.5,48.89,49.0,49.0,,5149.0,94479751.0
2007-10-08,49.5,49.0,49.5,49.0,,3322.0,94479751.0
2007-10-09,49.39,49.39,49.39,49.0,,500.0,94479751.0
2007-10-10,49.39,48.5,48.5,48.75,,4490.0,94479751.0
2007-10-11,49.425,47.75,47.75,48.75,,9982.0,94479751.0
2007-10-12,48.75,48.0,48.0,48.5,,26361.0,94479751.0
2007-10-15,,,,48.5,,,94479751.0
2007-10-16,47.75,46.5,47.5,46.5,,50371.0,94479751.0
2007-10-17,47.25,46.0,46.25,47.25,,44668.0,94479751.0
2007-10-18,48.0,46.5,46.75,47.25,,23329.0,94479751.0
2007-10-19,48.0,46.25,47.0,47.25,,13243.0,94479751.0
2007-10-22,47.25,46.25,46.25,47.25,,52000.0,94479751.0
2007-10-23,47.0,46.0,46.0,47.25,,44642.0,94479751.0
2007-10-24,48.0,47.0,47.5,47.5,,19723.0,94479751.0
2007-10-25,47.774,47.5,47.5,47.25,,73185.0,94479751.0
2007-10-26,48.0,47.0,48.0,47.75,,16000.0,94479751.0
2007-10-29,47.75,47.25,47.25,47.75,,4500.0,94479751.0
2007-10-30,48.25,47.5,48.25,47.5,,27532.0,94479751.0
2007-10-31,48.64,47.5,48.5,48.25,,30727.0,94479751.0
2007-11-01,49.0,48.5,49.0,48.5,,13109.0,94479751.0
2007-11-05,49.0,48.0,48.0,48.5,,18709.0,94479751.0
2007-11-06,48.75,48.08,48.75,48.5,,26603.0,94479751.0
2007-11-07,48.45,47.5,48.0,48.25,,8006.0,94479751.0
2007-11-08,47.375,47.25,47.25,48.0,,2000.0,94479751.0
2007-11-09,47.25,47.0,47.25,47.5,,8573.0,94479751.0
2007-11-12,47.5,47.0,47.5,47.25,,35470.0,94479751.0
2007-11-14,46.6,46.5,46.6,47.0,,25873.0,94479751.0
2007-11-15,48.5,47.0,48.0,47.75,,3578895.0,94479751.0
2007-11-19,46.875,43.0,46.75,43.5,,77859.0,94479751.0
2007-11-20,44.0,44.0,44.0,44.0,,10000.0,94479751.0
2007-11-21,44.175,41.0,44.0,41.5,,80421.0,94479751.0
2007-11-22,42.0,41.0,41.0,41.5,,4308.0,94479751.0
2007-11-23,42.0,42.0,42.0,42.25,,5603.0,94479751.0
2007-11-26,43.75,41.75,42.5,43.75,,85424.0,94479751.0
2007-11-28,44.0,43.0,44.0,43.25,,7186.0,94479751.0
2007-11-30,43.0,39.25,43.0,39.75,,68406.0,94479751.0
2007-12-03,39.25,37.75,39.25,38.5,,25773.0,94479751.0
2007-12-04,38.188,37.84,38.0,38.0,,17736.0,94479751.0
2007-12-05,36.75,31.5,31.5,36.75,,295241.0,94479751.0
2007-12-06,37.5,36.5,36.5,37.0,,13160.0,94479751.0
2007-12-07,37.5,36.7,37.0,37.25,,21665.0,94479751.0
2007-12-10,46.0,39.75,39.75,45.5,,348403.0,94479751.0
2007-12-11,45.25,44.5,45.25,44.75,,2011500.0,94479751.0
2007-12-12,46.5,45.0,45.25,45.75,,56079.0,94479751.0
2007-12-13,45.75,45.0,45.0,45.5,,15798.0,94479751.0
2007-12-14,45.05,45.0,45.0,45.5,,10948.0,94479751.0
2007-12-17,46.0,45.0,46.0,45.5,,4723.0,94479751.0
2007-12-18,45.9,44.5,45.0,45.5,,20300.0,94479751.0
2007-12-19,,,,45.5,,,94479751.0
2007-12-20,46.5,46.0,46.0,46.25,,33000.0,94479751.0
2007-12-21,46.75,46.75,46.75,46.25,,3366.0,94479751.0
2007-12-24,47.0,45.5,47.0,46.25,,15550.0,94479751.0
2007-12-28,47.0,47.0,47.0,46.25,,5500.0,94479751.0
2007-12-31,46.75,46.75,46.75,46.25,,1423.0,94479751.0
2008-01-07,45.575,45.5,45.5,45.75,,2000.0,94479751.0
2008-01-08,45.0,45.0,45.0,45.75,,1686747.0,94479751.0
2008-01-09,,,,45.5,,,94479751.0
2008-01-10,45.0,44.65,45.0,45.25,,17600.0,94479751.0
2008-01-15,45.0,44.5,44.5,44.5,,520000.0,94479751.0
2008-01-17,45.0,45.0,45.0,44.75,,5100.0,94479751.0
2008-01-18,45.5,45.0,45.5,45.0,,410993.0,94479751.0
2008-01-21,44.25,43.75,44.25,43.75,,86215.0,94479751.0
2008-01-22,43.5,43.25,43.5,43.5,,8000.0,94479751.0
2008-01-23,,,,43.5,,,94479751.0
2008-01-24,42.5,41.5,42.25,41.75,,53250.0,94479751.0
2008-01-25,42.4,41.5,41.5,41.75,,3700.0,94479751.0
2008-01-28,41.0,41.0,41.0,41.5,,5900.0,94479751.0
2008-02-01,42.0,40.0,42.0,40.5,,92000.0,94479751.0
2008-02-04,39.5,38.5,39.5,39.5,,16173.0,94479751.0
2008-02-06,39.0,39.0,39.0,39.5,,3306.0,94479751.0
2008-02-07,39.5,39.5,39.5,39.5,,1151.0,94479751.0
2008-02-11,39.355,39.18,39.355,39.5,,8432.0,94479751.0
2008-02-12,39.75,39.0,39.0,39.25,,118765.0,94479751.0
2008-02-13,39.75,39.75,39.75,39.25,,3527.0,94479751.0
2008-02-20,39.75,39.25,39.75,39.25,,15500.0,94479751.0
2008-02-22,39.75,39.5,39.75,39.75,,57252.0,94479751.0
2008-02-25,42.75,39.0,40.25,41.75,,124921.0,94479751.0
2008-02-26,43.5,41.5,41.5,43.25,,157969.0,94479751.0
2008-02-27,43.0,43.0,43.0,43.75,,750.0,94479751.0
2008-02-28,45.5,43.5,43.5,45.0,,35011.0,94479751.0
2008-02-29,45.75,44.0,45.75,45.0,,41550.0,94479751.0
2008-03-03,45.5,45.0,45.5,45.5,,217883.0,94479751.0
2008-03-04,46.5,45.5,45.5,46.25,,359872.0,94479751.0
2008-03-05,47.5,46.0,47.25,46.0,,63658.0,94479751.0
2008-03-06,47.5,45.75,47.25,46.0,,83005.0,94479751.0
2008-03-07,45.75,45.75,45.75,46.5,,950.0,94479751.0
2008-03-10,45.95,45.75,45.95,46.5,,53000.0,94479751.0
2008-03-12,45.75,45.75,45.75,46.75,,250.0,94479751.0
2008-03-13,46.0,45.75,45.75,46.5,,266859.0,94479751.0
2008-03-17,46.75,46.0,46.0,46.25,,9318.0,94479751.0
2008-03-18,46.08,45.0,45.0,46.0,,53794.0,94479751.0
2008-03-19,46.0,46.0,46.0,46.25,,1793190.0,94479751.0
2008-03-20,46.25,46.0,46.0,46.25,,422160.0,94479751.0
2008-03-25,46.25,45.59,46.25,46.25,,5961.0,94479751.0
2008-03-26,46.0,46.0,46.0,46.5,,2000.0,94479751.0
2008-03-27,46.5,46.0,46.0,46.25,,39500.0,94479751.0
2008-03-28,47.0,45.75,45.75,47.25,,61948.0,94479751.0
2008-03-31,47.625,46.0,46.5,46.75,,22917.0,94479751.0
2008-04-01,47.125,46.09,46.09,46.75,,5000.0,94479751.0
2008-04-02,46.15,46.15,46.15,46.75,,1447.0,94479751.0
2008-04-03,46.75,46.0,46.25,47.25,,265670.0,94479751.0
2008-04-04,47.313,47.0,47.0,46.75,,503812.0,94479751.0
2008-04-07,52.0,47.75,47.75,51.25,,217786.0,94479751.0
2008-04-08,52.5,48.75,52.25,49.25,,173489.0,94479751.0
2008-04-09,49.75,48.5,49.75,49.5,,6710.0,94530752.0
2008-04-10,49.75,46.75,49.0,47.5,,56450.0,94530752.0
2008-04-11,48.55,47.0,48.0,47.75,,239494.0,94530752.0
2008-04-14,47.0,47.0,47.0,47.75,,67500.0,94530752.0
2008-04-15,46.693,46.0,46.5,46.75,,38560.0,94530752.0
2008-04-16,47.0,46.61,47.0,47.0,,25800.0,94530752.0
2008-04-21,47.29,46.0,46.5,46.75,,23981.0,94530752.0
2008-04-25,47.0,45.25,46.0,47.25,,312915.0,94530752.0
2008-04-29,46.315,46.31,46.315,47.25,,759.0,94530752.0
2008-04-30,47.5,47.5,47.5,47.0,,2500.0,94530752.0
2008-05-06,46.0,44.25,46.0,45.5,,107000.0,94530752.0
2008-05-07,,,,44.75,,,94530752.0
2008-05-08,46.0,45.5,45.5,45.75,,17500.0,94530752.0
2008-05-09,47.25,46.25,46.25,46.5,,258250.0,94530752.0
2008-05-12,47.0,46.5,46.5,47.0,,685331.0,94530752.0
2008-05-13,46.25,46.0,46.25,46.25,,10000.0,94530752.0
2008-05-14,46.45,46.0,46.0,46.5,,13663.0,94530752.0
2008-05-15,,,,46.25,,,94530752.0
2008-05-16,45.75,45.75,45.75,46.25,,2500.0,94530752.0
2008-05-19,46.25,46.25,46.25,46.25,,1578.0,94530752.0
2008-05-20,45.96,45.75,45.75,45.75,,5224.0,94530752.0
2008-05-21,46.0,46.0,46.0,45.5,,2200000.0,94530752.0
2008-05-22,45.0,44.5,45.0,44.75,,15000.0,94530752.0
2008-05-23,45.0,44.38,45.0,45.5,,84300.0,94530752.0
2008-05-27,40.053,38.5,39.25,40.25,,44361.0,94530752.0
2008-05-28,40.223,40.0,40.0,40.25,,24916.0,94530752.0
2008-05-29,40.0,40.0,40.0,40.25,,5000.0,94530752.0
2008-05-30,40.25,39.91,40.25,40.5,,33000.0,94530752.0
2008-06-02,40.0,40.0,40.0,40.5,,2552.0,94530752.0
2008-06-03,41.0,40.0,41.0,40.5,,1121.0,94530752.0
2008-06-04,40.5,40.0,40.0,40.25,,51198.0,94530752.0
2008-06-05,41.0,41.0,41.0,40.5,,2264.0,94530752.0
2008-06-06,,,,40.5,,,94530752.0
2008-06-09,40.5,39.75,40.5,40.5,,28660.0,94530752.0
2008-06-10,40.63,40.0,40.0,40.25,,10001.0,94530752.0
2008-06-11,40.0,39.5,39.5,40.0,,246559.0,94530752.0
2008-06-12,39.25,39.25,39.25,40.0,,17000.0,94530752.0
2008-06-13,40.0,39.06,40.0,40.5,,14580.0,94530752.0
2008-06-16,40.75,40.75,40.75,39.75,,241.0,94530752.0
2008-06-17,40.5,39.05,40.0,40.25,,8636.0,94530752.0
2008-06-18,40.0,38.0,40.0,38.5,,329724.0,94530752.0
2008-06-19,38.0,38.0,38.0,38.5,,5750.0,94530752.0
2008-06-20,45.0,35.0,37.75,35.0,,4186801.0,94530752.0
2008-06-23,,,,34.75,,,94530752.0
2008-06-24,34.8,34.0,34.0,34.25,,27888.0,94530752.0
2008-06-25,33.75,33.25,33.75,33.5,,11000.0,94530752.0
2008-06-26,33.0,32.75,33.0,33.0,,8250.0,94530752.0
2008-06-27,32.75,32.75,32.75,33.0,,360.0,94530752.0
2008-06-30,32.5,30.5,32.5,31.0,,69022.0,94530752.0
2008-07-01,30.5,30.5,30.5,30.75,,13597.0,94530752.0
2008-07-02,30.5,30.0,30.5,30.25,,15971.0,94530752.0
2008-07-03,29.75,27.0,29.75,27.0,,66051.0,94530752.0
2008-07-04,27.0,26.588,27.0,26.75,,8744.0,94530752.0
2008-07-07,26.25,26.0,26.25,26.5,,8250.0,94530752.0
2008-07-08,26.0,25.75,26.0,25.75,,24450.0,94530752.0
2008-07-09,26.0,25.75,25.5,25.75,,4567.0,94530752.0
2008-07-10,,,,25.75,,,94530752.0
2008-07-11,25.5,25.0,25.5,25.0,,14379.0,94530752.0
2008-07-14,24.5,24.5,24.5,25.0,,10000.0,94530752.0
2008-07-15,,,,25.0,,,94530752.0
2008-07-16,,,,25.0,,,94530752.0
2008-07-17,25.113,25.0,25.0,25.25,,12522.0,94530752.0
2008-07-18,26.0,25.0,25.25,26.0,,11960.0,94530752.0
2008-07-21,26.25,25.0,26.25,25.25,,42620.0,94530752.0
2008-07-22,25.5,24.5,25.5,24.75,,19358.0,94530752.0
2008-07-23,25.02,24.5,24.75,25.0,,204746.0,94530752.0
2008-07-24,25.5,24.69,25.0,25.25,,13100.0,94530752.0
2008-07-25,25.5,25.42,25.5,25.25,,4387.0,94530752.0
2008-07-28,25.5,25.44,25.5,25.25,,9586.0,94530752.0
2008-07-29,25.445,25.44,25.445,25.25,,496.0,94530752.0
2008-07-30,,,,25.25,,,94530752.0
2008-07-31,25.0,25.0,25.0,25.25,,3713.0,94530752.0
2008-08-01,25.125,25.125,25.125,25.25,,1160.0,94530752.0
2008-08-04,25.125,25.125,25.125,25.25,,800.0,94530752.0
2008-08-05,,,,25.25,,,94530752.0
2008-08-06,26.25,25.47,25.5,26.25,,41874.0,94530752.0
2008-08-07,26.626,26.5,26.5,26.75,,32137.0,94530752.0
2008-08-08,27.5,26.75,26.75,27.5,,37657.0,94530752.0
2008-08-11,28.925,27.5,27.5,28.75,,67191.0,94530752.0
2008-08-12,28.25,27.25,28.25,27.75,,134093.0,94530752.0
2008-08-13,28.0,27.0,27.0,27.75,,115315.0,94530752.0
2008-08-14,28.0,28.0,28.0,28.25,,2500.0,94530752.0
2008-08-15,,,,28.25,,,94530752.0
2008-08-18,,,,28.0,,,94530752.0
2008-08-19,27.75,27.25,27.75,27.5,,3879.0,94530752.0
2008-08-20,27.313,27.313,27.313,27.5,,1000.0,94530752.0
2008-08-21,27.75,27.5,27.5,27.75,,10816.0,94530752.0
2008-08-22,28.0,28.0,28.0,27.5,,400000.0,94530752.0
2008-08-26,28.0,27.5,27.5,28.0,,366250.0,94530752.0
2008-08-27,27.655,27.5,27.5,27.75,,8602.0,94530752.0
2008-08-28,,,,27.75,,,94530752.0
2008-08-29,27.81,27.81,27.81,28.0,,316.0,94530752.0
2008-09-01,,,,28.0,,,94530752.0
2008-09-02,27.655,27.655,27.655,27.75,,500.0,94530752.0
2008-09-03,27.5,27.25,27.5,27.5,,17428.0,94530752.0
2008-09-04,27.483,27.48,27.483,27.75,,1500.0,94530752.0
2008-09-05,27.25,27.25,27.25,27.5,,2000.0,94530752.0
2008-09-08,,,,27.75,,,94530752.0
2008-09-09,27.4,27.4,27.4,27.75,,2250.0,94530752.0
2008-09-10,,,,27.75,,,94530752.0
2008-09-11,,,,27.75,,,94530752.0
2008-09-12,27.405,27.405,27.405,27.5,,1000.0,94530752.0
2008-09-15,27.25,26.5,27.25,26.75,,52500.0,94530752.0
2008-09-16,26.25,25.25,26.25,25.25,,40224.0,94530752.0
2008-09-17,25.0,24.655,25.0,24.75,,11350.0,94530752.0
2008-09-18,,,,24.75,,,94530752.0
2008-09-19,25.25,25.25,25.25,24.75,,30000.0,94530752.0
2008-09-22,25.0,24.53,24.53,24.75,,26901032.0,94530752.0
2008-09-23,,,,25.0,,,94530752.0
2008-09-24,,,,25.0,,,94530752.0
2008-09-25,24.0,24.0,24.0,24.75,,100000.0,94530752.0
2008-09-26,24.5,24.5,24.5,24.75,,12159.0,94530752.0
2008-09-29,24.92,23.0,24.5,22.5,,85247.0,94530752.0
2008-09-30,22.0,19.75,22.0,20.0,,101697.0,94530752.0
2008-10-01,20.0,17.5,19.75,17.75,,444765.0,94530752.0
2008-10-02,18.205,18.0,18.0,18.0,,24420.0,94530752.0
2008-10-03,18.5,17.0,17.0,18.75,,53487.0,94530752.0
2008-10-06,19.0,16.5,19.0,16.5,,14045.0,94530752.0
2008-10-07,16.5,14.75,16.5,15.75,,115000.0,94530752.0
2008-10-08,15.5,15.5,15.5,16.0,,400000.0,94530752.0
2008-10-09,,,,15.5,,,94530752.0
2008-10-10,15.0,13.5,13.5,14.5,,250000.0,94530752.0
2008-10-13,15.5,14.75,15.0,14.75,,457000.0,94530752.0
2008-10-14,16.5,16.0,16.0,16.0,,60000.0,94530752.0
2008-10-15,16.5,16.5,16.5,16.0,,3000.0,94530752.0
2008-10-16,16.0,15.75,16.0,15.5,,608164.0,94530752.0
2008-10-17,15.0,14.95,15.0,15.0,,25241.0,94530752.0
2008-10-20,14.25,14.25,14.25,15.0,,1603.0,94530752.0
2008-10-21,15.45,15.0,15.0,15.0,,5136.0,94530752.0
2008-10-22,16.0,15.45,15.75,15.75,,8850.0,94530752.0
2008-10-23,17.0,16.0,16.0,17.0,,50000.0,94530752.0
2008-10-24,17.0,15.0,17.0,14.75,,39328.0,94530752.0
2008-10-27,15.8,12.95,15.0,13.0,,126739.0,94530752.0
2008-10-28,14.0,10.5,14.0,11.25,,240078.0,94530752.0
2008-10-29,11.5,10.9,11.5,11.75,9.0,70000.0,94530752.0
2008-10-30,13.0,12.25,12.75,13.0,4.0,50000.0,94530752.0
2008-10-31,,,,13.0,,,94530752.0
2008-11-03,12.1,11.75,12.0,11.75,4.0,22749.0,94530752.0
2008-11-04,12.25,12.25,12.25,12.75,2.0,15000.0,94530752.0
2008-11-05,13.0,13.0,13.0,12.25,1.0,4251.0,94530752.0
2008-11-06,12.75,11.75,11.75,12.75,6.0,84287.0,94530752.0
2008-11-07,13.0,13.0,13.0,13.0,1.0,50000.0,94530752.0
2008-11-10,15.15,13.5,13.5,13.75,29.0,508600.0,94530752.0
2008-11-11,15.5,13.0,13.0,15.75,7.0,53785.0,94530752.0
2008-11-12,27.5,15.75,15.75,26.5,168.0,28023605.0,94530752.0
2008-11-13,27.5,26.5,27.0,27.0,12.0,71262.0,94530752.0
2008-11-14,30.75,26.0,28.0,29.75,24.0,201945.0,94530752.0
2008-11-17,34.0,30.0,30.0,33.5,21.0,266570.0,94530752.0
2008-11-18,32.25,27.0,32.25,28.25,32.0,230961.0,94530752.0
2008-11-19,28.5,26.25,28.5,27.5,10.0,110000.0,94530752.0
2008-11-20,27.0,26.0,26.25,27.0,30.0,174468.0,94530752.0
2008-11-21,27.25,26.25,26.25,27.0,2.0,7000.0,94530752.0
2008-11-24,27.0,26.0,26.0,26.75,2.0,12500.0,94530752.0
2008-11-25,26.5,25.53,26.5,26.5,6.0,79000.0,94530752.0
2008-11-26,26.25,25.46,26.0,27.0,3.0,40000.0,94530752.0
2008-11-27,26.25,15.0,26.25,16.5,81.0,1613392.0,94530752.0
2008-11-28,26.0,15.5,17.5,18.75,83.0,1376635.0,94530752.0
2008-12-01,20.25,16.5,18.0,17.25,48.0,443101.0,94530752.0
2008-12-02,16.75,12.5,16.75,13.0,29.0,522500.0,94530752.0
2008-12-03,14.75,13.0,13.0,14.5,12.0,148088.0,94530752.0
2008-12-04,15.5,14.75,14.75,15.25,21.0,217500.0,94530752.0
2008-12-05,16.0,15.0,16.0,15.25,7.0,45000.0,94530752.0
2008-12-08,16.0,15.0,15.5,15.75,3.0,35000.0,94530752.0
2008-12-09,17.0,15.5,15.5,16.75,20.0,106031.0,94530752.0
2008-12-10,17.25,17.0,17.0,17.5,9.0,68993.0,94530752.0
2008-12-11,17.5,16.5,17.0,17.5,7.0,61910.0,94530752.0
2008-12-12,17.0,15.75,17.0,16.5,5.0,50000.0,94530752.0
2008-12-15,17.25,16.5,17.0,16.25,4.0,42500.0,94530752.0
2008-12-16,,,,16.75,,,94530752.0
2008-12-17,17.5,17.5,17.5,16.75,3.0,27311.0,94530752.0
2008-12-18,17.5,17.5,17.5,17.0,4.0,60100.0,94530752.0
2008-12-19,17.0,17.0,17.0,17.0,1.0,10000.0,94530752.0
2008-12-22,,,,17.0,,,94530752.0
2008-12-23,,,,16.5,,,94530752.0
2008-12-24,,,,16.5,,,94530752.0
2008-12-29,16.063,15.81,16.063,16.75,2.0,9835.0,94530752.0
2008-12-30,16.0,16.0,16.0,16.5,1.0,9835.0,94530752.0
2008-12-31,16.0,16.0,16.0,16.25,1.0,165.0,94530752.0
2009-01-02,16.5,15.75,16.5,16.5,3.0,14000.0,94530752.0
2009-01-05,15.51,15.51,15.51,16.25,1.0,2222.0,94530752.0
2009-01-06,17.0,15.5,15.5,16.75,6.0,88300.0,94530752.0
2009-01-07,18.0,17.25,17.25,17.25,6.0,65000.0,94530752.0
2009-01-08,,,,17.25,,,94530752.0
2009-01-09,18.5,17.34,17.75,17.75,7.0,98000.0,94530752.0
2009-01-12,18.75,17.0,18.75,17.75,7.0,80000.0,94530752.0
2009-01-13,17.7,16.75,17.0,17.5,3.0,11660.0,94530752.0
2009-01-14,16.75,16.0,16.75,16.5,5.0,47689.0,94530752.0
2009-01-15,16.0,16.0,16.0,16.75,1.0,10000.0,94530752.0
2009-01-16,,,,17.0,,,94530752.0
2009-01-19,17.0,16.0,17.0,16.75,4.0,5500.0,94530752.0
2009-01-20,,,,16.75,,,94530752.0
2009-01-21,,,,17.0,,,94530752.0
2009-01-22,,,,17.0,,,94530752.0
2009-01-23,,,,17.0,,,94530752.0
2009-01-26,17.2,17.2,17.2,17.0,1.0,3000.0,94530752.0
2009-01-27,,,,16.75,,,94530752.0
2009-01-28,17.25,15.75,16.25,16.5,6.0,182689.0,94530752.0
2009-01-29,16.0,16.0,16.0,16.0,1.0,10000.0,94530752.0
2009-01-30,,,,16.25,,,94530752.0
2009-02-02,16.0,16.0,16.0,16.0,1.0,100000.0,94530752.0
2009-02-03,17.0,15.5,17.0,16.25,5.0,201689.0,94530752.0
2009-02-04,,,,16.75,,,94530752.0
2009-02-05,15.6,15.6,15.6,16.25,1.0,6000.0,94530752.0
2009-02-06,15.813,15.81,15.813,16.25,1.0,1000.0,94530752.0
2009-02-09,16.5,16.5,16.5,16.0,2.0,1767.0,94530752.0
2009-02-10,,,,16.25,,,94530752.0
2009-02-11,16.313,16.31,16.313,16.5,1.0,1200.0,94530752.0
2009-02-12,15.75,15.0,15.75,14.75,9.0,80000.0,94530752.0
2009-02-13,14.0,10.5,14.0,10.5,29.0,410505.0,94530752.0
2009-02-16,13.0,12.0,12.0,12.75,4.0,50000.0,94530752.0
2009-02-17,12.0,11.0,12.0,11.5,5.0,40000.0,94530752.0
2009-02-18,12.01,12.0,12.0,12.25,3.0,43000.0,94530752.0
2009-02-19,12.25,12.25,12.25,12.0,1.0,24245.0,94530752.0
2009-02-20,11.5,11.5,11.5,11.75,1.0,6000.0,94530752.0
2009-02-23,11.0,11.0,11.0,11.0,5.0,40000.0,94530752.0
2009-02-24,,,,10.75,,,94530752.0
2009-02-25,11.25,10.75,10.75,11.0,2.0,20000.0,94530752.0
2009-02-26,,,,11.0,,,94530752.0
2009-02-27,10.75,10.75,10.75,11.25,1.0,6000.0,94530752.0
2009-03-02,10.5,10.0,10.5,10.75,3.0,30000.0,94530752.0
2009-03-03,10.5,10.0,10.5,10.0,3.0,21000.0,94530752.0
2009-03-04,10.25,10.0,10.25,10.5,3.0,20000.0,94530752.0
2009-03-05,11.0,9.98,10.0,10.5,5.0,66046.0,94530752.0
2009-03-06,10.5,9.5,9.98,10.25,4.0,67716.0,94530752.0
2009-03-09,9.98,9.5,9.98,10.25,4.0,34400.0,94530752.0
2009-03-10,10.0,10.0,10.0,10.25,1.0,8864.0,94530752.0
2009-03-11,,,,10.25,,,94530752.0
2009-03-12,10.75,10.25,10.25,10.5,2.0,964000.0,94530752.0
2009-03-13,9.5,9.5,9.5,10.0,2.0,12000.0,94530752.0
2009-03-16,9.53,9.53,9.53,10.0,1.0,5049.0,94530752.0
2009-03-17,9.6,9.6,9.6,10.0,1.0,27000.0,94530752.0
2009-03-18,,,,10.0,,,94530752.0
2009-03-19,,,,9.75,,,94530752.0
2009-03-20,9.6,9.6,9.6,10.0,1.0,6000.0,94530752.0
2009-03-23,9.501,9.5,9.501,10.0,1.0,158000.0,94530752.0
2009-03-24,9.5,9.0,9.5,8.75,8.0,73600.0,94530752.0
2009-03-25,9.0,8.0,9.0,8.25,19.0,351343.0,94530752.0
2009-03-26,11.25,8.5,8.5,11.25,12.0,117330.0,94530752.0
2009-03-27,13.75,11.5,11.5,13.5,26.0,409940.0,94530752.0
2009-03-30,14.0,11.81,12.0,13.75,17.0,193155.0,94530752.0
2009-03-31,13.5,13.0,13.0,13.25,6.0,25418.0,94530752.0
2009-04-01,12.875,12.5,12.875,13.0,4.0,30400.0,94530752.0
2009-04-02,12.0,12.0,12.0,13.0,1.0,400.0,94530752.0
2009-04-03,,,,13.0,,,94530752.0
2009-04-06,13.5,13.5,13.5,13.25,1.0,18000.0,94530752.0
2009-04-07,12.5,12.5,12.5,12.75,1.0,20000.0,94530752.0
2009-04-08,12.5,12.5,12.5,13.0,1.0,2799.0,94530752.0
2009-04-09,,,,13.0,,,94530752.0
2009-04-14,,,,13.0,,,94530752.0
2009-04-15,,,,12.5,,,94530752.0
2009-04-16,13.25,12.38,13.25,12.75,3.0,27883.0,94530752.0
2009-04-17,14.5,12.88,13.75,14.5,7.0,78193.0,94530752.0
2009-04-20,14.75,14.75,14.75,14.25,2.0,6500.0,94530752.0
2009-04-21,16.25,14.75,14.75,16.25,12.0,144273.0,94530752.0
2009-04-22,17.0,15.5,17.0,16.25,3.0,2502.0,94530752.0
2009-04-23,18.0,16.85,17.0,17.25,5.0,63686.0,94530752.0
2009-04-24,18.4,17.0,18.0,17.25,11.0,177293.0,94530752.0
2009-04-27,17.25,17.0,17.0,17.25,1.0,1000.0,94530752.0
2009-04-28,,,,17.75,,,94530752.0
2009-04-29,18.0,16.65,18.0,17.75,2.0,37740.0,94530752.0
2009-04-30,18.325,18.0,18.0,17.25,2.0,2062.0,94530752.0
2009-05-01,17.5,17.0,17.0,17.5,2.0,632.0,94530752.0
2009-05-05,18.0,16.5,18.0,17.25,3.0,8117.0,94530752.0
2009-05-06,,,,17.5,,,94530752.0
2009-05-07,16.5,16.5,16.5,17.5,1.0,1767.0,94530752.0
2009-05-08,16.5,14.0,16.5,14.5,14.0,254500.0,94530752.0
2009-05-11,14.9,13.5,14.5,14.25,6.0,42855.0,94530752.0
2009-05-12,15.5,14.99,15.5,15.25,2.0,73000.0,94530752.0
2009-05-13,15.5,15.25,15.5,15.25,4.0,143413.0,94530752.0
2009-05-14,15.5,15.5,15.5,16.0,1.0,20000.0,94530752.0
2009-05-15,15.75,15.75,15.75,16.0,1.0,616.0,94530752.0
2009-05-18,16.65,16.5,16.5,16.5,4.0,18485.0,94530752.0
2009-05-19,16.97,15.0,16.0,15.75,4.0,25944.0,94530752.0
2009-05-20,15.75,15.75,15.75,15.75,2.0,10992.0,94530752.0
2009-05-21,15.0,15.0,15.0,15.75,1.0,5000.0,94530752.0
2009-05-22,15.75,15.75,15.75,15.75,1.0,1469.0,94530752.0
2009-05-26,15.75,15.75,15.75,15.75,2.0,8222.0,94530752.0
2009-05-27,16.0,16.0,16.0,15.5,1.0,150.0,94530752.0
2009-05-28,16.5,15.0,15.0,15.5,3.0,9908.0,94530752.0
2009-05-29,17.0,16.0,16.0,17.0,3.0,111193.0,94530752.0
2009-06-01,,,,17.25,,,94530752.0
2009-06-02,,,,17.25,,,94530752.0
2009-06-03,16.5,16.5,16.5,17.5,2.0,110250.0,94530752.0
2009-06-04,17.8,17.25,17.8,17.25,2.0,50410.0,94530752.0
2009-06-05,17.8,17.0,17.0,17.5,3.0,7679.0,94530752.0
2009-06-08,17.75,17.75,17.75,17.5,1.0,50000.0,94530752.0
2009-06-09,17.8,17.8,17.8,17.5,1.0,766.0,94530752.0
2009-06-10,,,,17.5,,,94530752.0
2009-06-11,18.0,18.0,18.0,18.25,4.0,132111.0,94530752.0
2009-06-12,17.0,17.0,17.0,18.5,1.0,2300.0,94530752.0
2009-06-15,18.991,17.5,17.5,18.25,4.0,52305.0,94530752.0
2009-06-16,,,,18.25,,,94530752.0
2009-06-17,20.0,18.75,19.0,19.25,6.0,110000.0,94530752.0
2009-06-18,18.5,18.5,18.5,19.5,1.0,2650.0,94530752.0
2009-06-19,,,,19.5,,,94530752.0
2009-06-22,20.0,19.75,20.0,19.75,2.0,20000.0,94530752.0
2009-06-23,19.5,19.0,19.0,19.5,1.0,20000.0,94530752.0
2009-06-24,19.0,19.0,19.0,19.5,2.0,37204.0,94530752.0
2009-06-25,19.0,19.0,19.0,19.5,1.0,4000.0,94530752.0
2009-06-26,20.0,20.0,20.0,19.5,1.0,782.0,94530752.0
2009-06-29,19.0,19.0,19.0,19.5,3.0,150000.0,94530752.0
2009-06-30,,,,19.5,,,94530752.0
2009-07-01,20.75,19.75,20.0,20.75,9.0,163834.0,94530752.0
2009-07-02,,,,20.5,,,94530752.0
2009-07-03,,,,20.75,,,94530752.0
2009-07-06,,,,20.5,,,94530752.0
2009-07-07,23.5,21.0,21.0,22.75,9.0,124514.0,94530752.0
2009-07-08,24.0,23.0,23.0,24.25,5.0,85481.0,94530752.0
2009-07-09,24.25,24.0,24.0,24.5,7.0,15358698.0,94530752.0
2009-07-10,24.5,24.41,24.5,24.75,4.0,141000.0,94530752.0
2009-07-13,,,,24.5,,,94530752.0
2009-07-14,25.0,25.0,25.0,24.75,2.0,22000.0,94530752.0
2009-07-15,24.99,24.0,24.0,24.75,5.0,33126.0,94530752.0
2009-07-16,25.25,25.25,25.25,25.0,1.0,8500.0,94530752.0
2009-07-17,25.5,25.49,25.5,25.0,4.0,60000.0,94530752.0
2009-07-20,24.25,24.25,24.25,24.5,1.0,16544.0,94530752.0
2009-07-21,24.5,24.0,24.0,24.5,3.0,27140.0,94530752.0
2009-07-22,25.6,24.0,25.0,24.5,3.0,15537.0,94530752.0
2009-07-23,24.063,23.75,23.75,24.0,4.0,21254.0,94530752.0
2009-07-24,24.0,23.75,24.0,23.75,4.0,9081.0,94530752.0
2009-07-27,24.0,23.0,24.0,23.25,5.0,27187.0,94530752.0
2009-07-28,23.5,23.0,23.0,23.25,4.0,14500.0,94530752.0
2009-07-29,23.5,23.0,23.0,23.25,4.0,27322.0,94530752.0
2009-07-30,,,,24.0,,,94530752.0
2009-07-31,,,,24.5,,,94530752.0
2009-08-03,23.0,23.0,23.0,23.5,1.0,20000.0,94530752.0
2009-08-04,,,,23.25,,,94530752.0
2009-08-05,23.25,22.5,22.5,23.25,2.0,15489.0,94530752.0
2009-08-06,23.0,22.5,23.0,23.0,2.0,44400.0,94530752.0
2009-08-07,,,,23.25,,,94530752.0
2009-08-10,,,23.25,23.25,,,94530752.0
2009-08-11,23.0,22.5,23.25,23.0,2.0,10000.0,94530752.0
2009-08-12,,,,23.0,,,94530752.0
2009-08-13,23.5,23.3,23.0,23.5,1.0,25000.0,94530752.0
2009-08-14,23.5,23.0,23.5,23.5,4.0,63466.0,94530752.0
2009-08-17,24.0,23.5,23.5,23.5,1.0,25000.0,94530752.0
2009-08-18,,,,23.5,,,94530752.0
2009-08-19,,,,24.0,,,94530752.0
2009-08-20,24.75,24.0,24.0,24.0,1.0,40150.0,94530752.0
2009-08-21,,,,24.0,,,94530752.0
2009-08-24,24.65,24.25,24.0,24.25,1.0,500.0,94530752.0
2009-08-25,25.0,24.75,24.25,25.0,1.0,10000.0,94530752.0
2009-08-26,27.5,26.0,25.0,27.5,6.0,92699.0,94530752.0
2009-08-27,27.75,27.0,27.5,27.5,5.0,147229.0,94530752.0
2009-08-28,27.25,27.0,27.5,27.25,3.0,65000.0,94530752.0
2009-09-01,27.5,27.08,27.25,27.5,4.0,20080.0,94530752.0
2009-09-02,27.5,27.0,27.5,27.5,2.0,23740.0,94530752.0
2009-09-03,27.5,27.0,27.5,27.5,2.0,36000.0,94530752.0
2009-09-04,,,,27.5,,,94530752.0
2009-09-07,27.66,27.0,27.5,27.5,2.0,21725.0,94530752.0
2009-09-08,27.5,27.05,27.5,27.5,1.0,2400.0,94530752.0
2009-09-09,27.66,27.5,27.5,27.5,3.0,42376.0,94530752.0
2009-09-10,28.0,27.7,27.5,28.0,3.0,80000.0,94530752.0
2009-09-11,28.5,27.31,28.0,28.0,5.0,27793.0,94530752.0
2009-09-14,28.0,27.31,28.0,28.0,1.0,249.0,94530752.0
2009-09-15,28.3,28.0,28.0,28.0,1.0,120.0,94530752.0
2009-09-16,28.3,27.31,28.0,28.0,6.0,1201288.0,94530752.0
2009-09-17,28.3,27.31,28.0,28.0,4.0,17679.0,94530752.0
2009-09-18,29.95,28.3,28.0,29.0,7.0,57163.0,94530752.0
2009-09-21,29.83,29.0,29.0,29.25,3.0,11500.0,94530752.0
2009-09-22,29.8,28.74,29.25,29.25,4.0,41960.0,94530752.0
2009-09-23,29.68,28.5,29.25,29.25,4.0,134350.0,94530752.0
2009-09-24,,,,29.25,,,94530752.0
2009-09-25,30.0,28.74,29.25,29.25,4.0,40794.0,94530752.0
2009-09-28,29.83,28.71,29.25,29.0,4.0,33605.0,94530752.0
2009-09-29,29.89,29.0,29.5,29.5,17.0,833254.0,94530752.0
2009-09-30,29.74,29.0,29.5,29.5,6.0,124945.0,94530752.0
2009-10-01,29.5,28.5,29.5,28.5,10.0,1374039.0,94530752.0
2009-10-02,28.61,27.0,28.5,27.5,4.0,107333.0,94530752.0
2009-10-05,27.25,26.74,27.5,27.25,1.0,2000.0,94530752.0
2009-10-06,27.25,26.75,27.25,27.25,2.0,38969.0,94530752.0
2009-10-07,27.61,27.25,27.25,27.25,1.0,103.0,94530752.0
2009-10-08,27.25,26.75,27.25,27.25,3.0,16070.0,94530752.0
2009-10-09,28.0,26.75,27.25,27.5,7.0,141510.0,94530752.0
2009-10-12,28.5,27.0,27.5,27.75,7.0,42581.0,94530752.0
2009-10-13,27.75,27.0,27.75,27.75,2.0,25369.0,94530752.0
2009-10-14,27.75,27.25,27.75,27.75,3.0,12716.0,94530752.0
2009-10-15,27.25,26.5,27.75,27.25,2.0,53000.0,94530752.0
2009-10-16,27.25,26.51,27.25,27.25,1.0,2000.0,94530752.0
2009-10-19,27.3,26.5,27.25,27.0,4.0,67310.0,94530752.0
2009-10-20,26.51,26.25,27.0,26.25,3.0,53200.0,94530752.0
2009-10-21,26.0,24.0,26.25,24.75,4.0,150000.0,94530752.0
2009-10-22,24.87,23.5,24.75,24.0,5.0,43025.0,94530752.0
2009-10-23,24.29,23.5,24.0,24.0,5.0,51462.0,94530752.0
2009-10-26,24.4,24.24,24.0,24.25,8.0,42398.0,94530752.0
2009-10-27,24.5,24.25,24.25,24.25,5.0,75016.0,94530752.0
2009-10-28,,,,24.25,,,94530752.0
2009-10-29,24.4,24.25,24.25,24.25,1.0,2500.0,94530752.0
2009-10-30,24.75,24.25,24.25,24.25,2.0,4435.0,94530752.0
2009-11-02,24.44,24.25,24.25,24.25,2.0,11825.0,94530752.0
2009-11-03,24.4,24.25,24.25,24.25,1.0,10129.0,94530752.0
2009-11-04,,,,24.25,,,94530752.0
2009-11-05,24.48,24.12,24.25,24.25,3.0,9509.0,94530752.0
2009-11-06,,,,24.25,,,94530752.0
2009-11-09,25.42,24.5,24.25,24.75,2.0,22289.0,94530752.0
2009-11-10,25.42,24.18,24.75,24.75,5.0,7701.0,94530752.0
2009-11-11,25.0,24.18,24.75,25.0,1.0,3512.0,94530752.0
2009-11-12,,,,25.0,,,94530752.0
2009-11-13,25.45,24.62,25.0,25.0,3.0,6367.0,94530752.0
2009-11-16,25.45,25.0,25.0,25.0,2.0,8863.0,94530752.0
2009-11-17,25.0,24.62,25.0,25.0,1.0,3473.0,94530752.0
2009-11-18,25.2,24.62,25.0,24.75,2.0,50347.0,94530752.0
2009-11-19,25.2,24.36,24.75,24.75,2.0,670.0,94530752.0
2009-11-20,24.75,24.36,24.75,24.75,1.0,200.0,94530752.0
2009-11-23,25.5,24.75,24.75,24.75,2.0,3243.0,94530752.0
2009-11-24,,,,24.75,,,94530752.0
2009-11-25,24.3,24.0,24.75,24.0,4.0,13677.0,94530752.0
2009-11-26,23.0,23.0,24.0,23.5,3.0,64775.0,94530752.0
2009-11-27,,,,23.5,,,94530752.0
2009-11-30,,,,23.5,,,94530752.0
2009-12-01,23.5,22.75,23.5,23.5,2.0,26809.0,94530752.0
2009-12-02,,,,23.5,,,94530752.0
2009-12-03,23.0,22.75,23.5,22.75,3.0,85316.0,94530752.0
2009-12-04,22.75,22.5,22.75,22.75,1.0,6878.0,94530752.0
2009-12-07,,,,22.75,,,94530752.0
2009-12-08,,,,22.75,,,94530752.0
2009-12-09,22.75,22.5,22.75,22.75,2.0,100000.0,94530752.0
2009-12-10,26.0,24.67,23.5,25.25,11.0,123808.0,94530752.0
2009-12-11,25.09,24.5,25.25,25.0,6.0,107000.0,94530752.0
2009-12-14,24.5,24.0,25.0,24.0,2.0,21000.0,94530752.0
2009-12-15,23.5,23.5,23.75,23.5,1.0,20000.0,94530752.0
2009-12-16,,,23.5,23.5,1.0,20000.0,94530752.0
2009-12-17,,,,23.5,,,94530752.0
2009-12-18,23.94,23.89,23.5,23.75,5.0,52424.0,94530752.0
2009-12-21,,,,23.75,,,94530752.0
2009-12-22,,,,23.75,,,94530752.0
2009-12-23,,,24.0,24.0,1.0,5000.0,94530752.0
2009-12-24,,,,24.0,,,94530752.0
2009-12-29,,,,24.0,,,94530752.0
2009-12-30,,,,24.0,,,94530752.0
2009-12-31,24.0,23.6,24.0,24.0,1.0,6885.0,94530752.0
2010-01-04,23.0,22.0,24.0,23.0,2.0,26305.0,94530752.0
2010-01-05,,,,23.0,,,94530752.0
2010-01-06,23.6,23.0,23.0,23.0,1.0,1317.0,94530752.0
2010-01-07,23.58,23.0,23.0,23.0,1.0,121.0,94530752.0
2010-01-08,,,,23.0,,,94530752.0
2010-01-11,23.25,22.1,23.0,23.25,2.0,5424.0,94530752.0
2010-01-12,23.68,23.25,23.25,23.25,1.0,5411.0,94530752.0
2010-01-13,23.48,23.25,23.25,23.25,1.0,2394.0,94530752.0
2010-01-14,23.25,22.5,23.25,23.25,2.0,50520.0,94530752.0
2010-01-15,,,,23.25,,,94530752.0
2010-01-18,23.14,22.25,23.25,23.0,2.0,108473.0,94530752.0
2010-01-19,,,,22.5,,,94530752.0
2010-01-20,22.46,21.75,22.5,22.25,3.0,25660.0,94530752.0
2010-01-21,,,,22.25,,,94530752.0
2010-01-22,,,22.25,22.25,1.0,50000.0,94530752.0
2010-01-25,22.25,21.58,22.25,22.0,1.0,6410.0,94530752.0
2010-01-26,21.64,21.01,22.0,21.5,3.0,20029.0,94530752.0
2010-01-27,21.5,21.0,21.5,21.5,1.0,20000.0,94530752.0
2010-01-28,21.55,21.44,21.5,21.5,2.0,18296.0,94530752.0
2010-01-29,21.5,21.0,21.5,21.25,2.0,21135.0,94530752.0
2010-02-01,,,,21.25,,,94530752.0
2010-02-02,21.25,20.5,21.25,21.25,2.0,22789.0,94530752.0
2010-02-03,21.25,20.51,21.25,21.25,1.0,737.0,94530752.0
2010-02-04,21.25,20.5,21.25,21.25,3.0,15111.0,94530752.0
2010-02-05,21.27,20.0,21.0,21.0,4.0,23743.0,94530752.0
2010-02-08,,,,20.75,,,94530752.0
2010-02-09,,,,20.75,,,94530752.0
2010-02-10,,,,20.75,,,94530752.0
2010-02-11,,,,20.75,,,94530752.0
2010-02-12,,,,20.75,,,94530752.0
2010-02-15,20.855,20.75,20.75,20.75,2.0,3276.0,94530752.0
2010-02-16,,,,20.5,,,94530752.0
2010-02-17,,,,20.5,,,94530752.0
2010-02-18,,,,20.5,,,94530752.0
2010-02-19,,,,20.5,,,94530752.0
2010-02-22,20.5,20.0,20.5,20.5,2.0,27210.0,94530752.0
2010-02-23,,,,20.5,,,94530752.0
2010-02-24,,,,20.5,,,94530752.0
2010-02-25,20.5,20.0,20.5,20.5,2.0,6840.0,94530752.0
2010-02-26,20.5,20.24,20.5,20.5,1.0,247.0,94530752.0
2010-03-01,,,,20.5,,,94530752.0
2010-03-02,,,,20.5,,,94530752.0
2010-03-03,,,,20.5,,,94530752.0
2010-03-04,20.5,20.0,20.5,20.5,2.0,10917.0,94530752.0
2010-03-05,,,,20.5,,,94530752.0
2010-03-08,20.5,20.0,20.5,20.5,1.0,5985.0,94530752.0
2010-03-09,,,,20.5,,,94530752.0
2010-03-10,,,,20.5,,,94530752.0
2010-03-11,20.5,20.0,20.5,20.5,1.0,10000.0,94530752.0
2010-03-12,20.75,20.24,20.5,20.75,2.0,10357.0,94530752.0
2010-03-15,21.03,20.75,20.75,20.75,1.0,50.0,94530752.0
2010-03-16,20.75,20.25,20.75,20.75,3.0,30250.0,94530752.0
2010-03-17,20.96,20.36,20.75,20.75,2.0,161.0,94530752.0
2010-03-18,,,,20.75,,,94530752.0
2010-03-19,20.75,20.36,20.75,20.75,1.0,127.0,94530752.0
2010-03-22,,,,20.75,,,94530752.0
2010-03-23,21.17,20.75,20.75,20.75,4.0,216351.0,94530752.0
2010-03-24,21.0,20.6,20.75,20.75,3.0,16344.0,94530752.0
2010-03-25,21.37,20.6,20.5,21.0,8.0,403652.0,94530752.0
2010-03-26,21.35,21.0,21.0,21.0,7.0,176620.0,94530752.0
2010-03-29,21.1,20.75,21.0,21.0,4.0,34602.0,94530752.0
2010-03-30,21.0,21.0,21.0,21.0,1.0,100000.0,94530752.0
2010-03-31,21.1,20.66,21.0,21.0,3.0,480906.0,94530752.0
2010-04-01,21.0,20.75,21.0,21.0,1.0,11100.0,94530752.0
2010-04-06,21.09,21.0,21.0,21.0,3.0,60000.0,94530752.0
2010-04-07,21.09,21.0,21.0,21.0,1.0,1000.0,94530752.0
2010-04-08,21.1,20.5,21.0,20.75,5.0,86282.0,94530752.0
2010-04-09,21.15,20.6,20.75,21.0,7.0,554056.0,94530752.0
2010-04-12,21.2,20.62,21.0,21.0,2.0,13000.0,94530752.0
2010-04-13,21.5,20.75,21.0,21.5,9.0,3150000.0,94530752.0
2010-04-14,21.88,21.16,21.5,21.5,4.0,32932.0,94530752.0
2010-04-15,25.5,21.5,21.5,25.5,15.0,232545.0,94530752.0
2010-04-16,27.0,25.01,25.5,26.25,10.0,141056.0,94530752.0
2010-04-19,27.0,26.68,26.25,26.75,3.0,122972.0,94530752.0
2010-04-20,26.01,25.0,26.75,26.0,8.0,127799.0,94530752.0
2010-04-21,26.0,25.0,26.0,26.0,1.0,5411.0,94530752.0
2010-04-22,26.0,25.0,26.0,26.0,1.0,23531.0,94530752.0
2010-04-23,26.0,25.0,26.0,26.0,1.0,22831.0,94530752.0
2010-04-26,26.0,25.5,26.0,26.0,1.0,8000.0,94530752.0
2010-04-27,25.83,25.0,26.0,25.5,4.0,52001.0,94530752.0
2010-04-28,25.5,25.0,25.5,25.5,2.0,35274.0,94530752.0
2010-04-29,25.67,25.5,25.5,25.5,3.0,203147.0,94530752.0
2010-04-30,27.5,26.0,25.5,27.0,13.0,267065.0,94530752.0
2010-05-04,27.06,25.5,27.0,26.25,7.0,82800.0,94530752.0
2010-05-05,26.25,25.5,26.25,26.25,2.0,5500.0,94530752.0
2010-05-06,26.53,25.5,26.25,26.25,3.0,21273.0,94530752.0
2010-05-07,26.19,25.5,26.0,26.0,9.0,45874.0,94530752.0
2010-05-10,26.53,25.5,26.0,26.25,3.0,40400.0,94530752.0
2010-05-11,26.53,25.5,26.25,26.25,3.0,20135.0,94530752.0
2010-05-12,26.25,25.5,26.25,26.25,1.0,2365.0,94530752.0
2010-05-13,26.25,25.5,26.25,26.25,1.0,13925.0,94530752.0
2010-05-14,,,26.25,26.25,1.0,13925.0,94530752.0
2010-05-17,27.5,26.68,26.25,27.0,5.0,70000.0,94530752.0
2010-05-18,27.0,26.61,27.0,27.0,1.0,2900.0,94530752.0
2010-05-19,27.31,26.6,27.0,27.0,2.0,11830.0,94530752.0
2010-05-20,27.19,26.25,27.0,26.25,5.0,98050.0,94530752.0
2010-05-21,26.25,25.5,26.25,26.25,5.0,202065.0,94530752.0
2010-05-24,26.7,26.25,26.25,26.25,1.0,10000.0,94530752.0
2010-05-25,26.83,25.65,26.25,26.25,3.0,8126.0,94530752.0
2010-05-26,,,,26.25,,,94530752.0
2010-05-27,26.25,25.5,26.25,26.25,2.0,8625.0,94530752.0
2010-05-28,26.8,25.58,26.5,26.25,5.0,74926.0,94530752.0
2010-06-01,26.685,26.25,26.25,26.25,1.0,16839.0,94530752.0
2010-06-02,,,,26.25,,,94530752.0
2010-06-03,,,,26.25,,,94530752.0
2010-06-04,26.25,25.575,26.25,26.25,1.0,40.0,94530752.0
2010-06-07,26.0,25.0,26.25,26.0,5.0,61616.0,94530752.0
2010-06-08,25.5,25.0,26.0,25.5,2.0,45000.0,94530752.0
2010-06-09,25.0,24.55,25.5,25.0,3.0,36145.0,94530752.0
2010-06-10,24.75,24.0,25.0,24.75,3.0,67516.0,94530752.0
2010-06-11,24.75,24.01,24.75,24.75,2.0,2701.0,94530752.0
2010-06-14,25.03,24.05,24.75,24.75,2.0,8143.0,94530752.0
2010-06-15,,,,24.75,,,94530752.0
2010-06-16,,,,24.75,,,94530752.0
2010-06-17,24.5,23.5,24.75,24.5,2.0,23000.0,94530752.0
2010-06-18,24.535,23.0,24.5,24.5,2.0,75000.0,94530752.0
2010-06-21,24.7,24.0,24.5,24.5,4.0,149150.0,94530752.0
2010-06-22,24.0,24.0,24.5,24.25,1.0,10000.0,94530752.0
2010-06-23,23.5,23.5,24.25,24.0,2.0,50000.0,94530752.0
2010-06-24,24.0,23.62,24.0,24.0,1.0,10001.0,94530752.0
2010-06-25,24.17,24.17,24.0,24.0,1.0,4098.0,94530752.0
2010-06-28,,,,24.0,,,94530752.0
2010-06-29,23.5,23.5,24.0,24.0,1.0,10000.0,94530752.0
2010-06-30,,,,24.0,,,94530752.0
2010-07-01,,,,24.0,,,94530752.0
2010-07-02,24.17,23.62,23.75,24.0,2.0,4500.0,94530752.0
2010-07-05,23.5,23.5,23.75,23.5,1.0,12000.0,94530752.0
2010-07-06,23.0,23.0,23.5,23.5,1.0,6000.0,94530752.0
2010-07-07,,,,23.5,,,94530752.0
2010-07-08,23.67,23.67,23.5,23.5,1.0,2202.0,94530752.0
2010-07-09,23.0,23.0,23.5,23.5,1.0,7000.0,94530752.0
2010-07-12,,,,23.5,,,94530752.0
2010-07-13,,,,23.5,,,94530752.0
2010-07-14,23.0,23.0,23.5,23.5,1.0,8861.0,94530752.0
2010-07-15,,,,23.5,,,94530752.0
2010-07-16,,,,23.5,,,94530752.0
2010-07-19,23.12,23.12,23.5,23.5,1.0,1226.0,94530752.0
2010-07-20,,,,23.5,,,94530752.0
2010-07-21,23.0,23.0,23.5,22.75,1.0,12000.0,94530752.0
2010-07-22,,,,22.75,,,94530752.0
2010-07-23,,,,22.75,,,94530752.0
2010-07-26,,,,22.75,,,94530752.0
2010-07-27,,,,22.75,,,94530752.0
2010-07-28,22.5,22.5,22.75,22.75,1.0,4000.0,94530752.0
2010-07-29,22.5,22.5,22.75,22.75,1.0,7000.0,94530752.0
2010-07-30,22.83,22.5,22.75,22.75,2.0,15000.0,94530752.0
2010-08-02,22.505,22.5,22.75,22.75,1.0,2982.0,94530752.0
2010-08-03,22.95,22.78,22.75,23.0,4.0,70752.0,94530752.0
2010-08-04,,,,23.0,,,94530752.0
2010-08-05,22.75,22.75,23.0,22.75,2.0,30293.0,94530752.0
2010-08-06,22.9,22.75,22.75,22.75,1.0,10000.0,94530752.0
2010-08-09,,,,22.75,,,94530752.0
2010-08-10,22.9,22.895,22.75,22.75,1.0,6680.0,94530752.0
2010-08-11,,,,22.75,,,94530752.0
2010-08-12,,,,22.75,,,94530752.0
2010-08-13,,,,22.75,,,94530752.0
2010-08-16,22.9,22.895,22.75,22.75,1.0,3000.0,94530752.0
2010-08-17,,,,22.75,,,94530752.0
2010-08-18,,,,22.75,,,94530752.0
2010-08-19,22.505,22.5,22.75,22.75,2.0,3582.0,94530752.0
2010-08-20,,,,22.75,,,94530752.0
2010-08-23,22.5,22.5,22.75,22.75,1.0,26515.0,94530752.0
2010-08-24,22.8,22.5,22.75,22.5,2.0,31769.0,94530752.0
2010-08-25,22.0,22.0,22.5,22.5,2.0,3243.0,94530752.0
2010-08-26,,,,22.5,,,94530752.0
2010-08-27,22.79,22.79,22.5,22.5,1.0,16.0,94530752.0
2010-08-31,22.65,22.65,22.5,22.5,1.0,5.0,94530752.0
2010-09-01,,,,22.5,,,94530752.0
2010-09-02,22.79,22.0,22.5,22.5,3.0,20740.0,94530752.0
2010-09-03,,,,22.5,,,94530752.0
2010-09-06,,,,22.5,,,94530752.0
2010-09-07,22.01,22.01,22.5,22.5,1.0,440.0,94530752.0
2010-09-08,22.79,22.79,22.5,22.5,1.0,1000.0,94530752.0
2010-09-09,22.01,22.01,22.5,22.5,1.0,120.0,94530752.0
2010-09-10,,,,22.5,,,94530752.0
2010-09-13,22.0,22.0,22.5,22.25,1.0,20850.0,94530752.0
2010-09-14,,,,22.25,,,94530752.0
2010-09-15,,,,22.25,,,94530752.0
2010-09-16,21.5,21.5,22.25,22.25,1.0,5000.0,94530752.0
2010-09-17,22.25,21.51,22.25,22.25,1.0,100.0,94530752.0
2010-09-20,,,,22.25,,,94530752.0
2010-09-21,21.5,21.5,22.25,22.25,1.0,4825.0,94530752.0
2010-09-22,,,,21.75,,,94530752.0
2010-09-23,21.5,21.5,21.75,21.75,1.0,14845.0,94530752.0
2010-09-24,,,,21.75,,,94530752.0
2010-09-27,,,,22.0,,,94530752.0
2010-09-28,22.29,22.29,22.0,22.0,2.0,20870.0,94530752.0
2010-09-29,22.83,22.79,22.5,22.5,2.0,4321.0,94530752.0
2010-09-30,22.83,22.83,22.5,22.5,2.0,14962.0,94530752.0
2010-10-01,22.89,22.79,22.5,22.5,4.0,23763.0,94530752.0
2010-10-04,22.9,22.79,22.5,22.75,5.0,44244.0,94530752.0
2010-10-05,22.94,22.5,22.75,22.75,3.0,10023.0,94530752.0
2010-10-06,,,,22.75,,,94530752.0
2010-10-07,22.95,22.9,22.75,23.0,5.0,20675.0,94530752.0
2010-10-08,23.0,22.948,23.0,23.0,2.0,27000.0,94530752.0
2010-10-11,23.42,22.8,23.0,23.25,2.0,10200.0,94530752.0
2010-10-12,23.5,22.91,23.25,23.25,4.0,4657.0,94530752.0
2010-10-13,23.25,22.9075,23.25,23.25,2.0,3163.0,94530752.0
2010-10-14,23.343,23.25,23.25,23.25,2.0,4478.0,94530752.0
2010-10-15,,,,23.25,,,94530752.0
2010-10-18,,,,23.25,,,94530752.0
2010-10-19,23.39,22.91,23.25,23.25,2.0,4000.0,94530752.0
2010-10-20,22.91,22.9,23.25,23.25,2.0,10000.0,94530752.0
2010-10-21,22.83,22.82,23.25,23.25,2.0,2000.0,94530752.0
2010-10-22,,,,23.25,,,94530752.0
2010-10-25,,,,23.0,,,94530752.0
2010-10-26,,,,23.0,,,94530752.0
2010-10-27,22.73,22.72,23.0,23.25,1.0,1109.0,94530752.0
2010-10-28,23.775,23.77,23.25,23.25,1.0,266.0,94530752.0
2010-10-29,23.775,23.77,23.25,23.25,1.0,432.0,94530752.0
2010-11-01,22.73,22.72,23.25,23.25,1.0,1360.0,94530752.0
2010-11-02,23.8,23.25,23.25,23.0,2.0,251.0,94530752.0
2010-11-03,23.1,22.6,23.0,23.5,4.0,66722.0,94530752.0
2010-11-04,23.15,23.0,23.5,23.5,3.0,18585.0,94530752.0
2010-11-05,23.5,23.0,23.5,23.5,1.0,50000.0,94530752.0
2010-11-08,23.08,23.0,23.5,23.5,2.0,19277.0,94530752.0
2010-11-09,23.79,23.0,23.5,23.5,2.0,26428.0,94530752.0
2010-11-10,23.08,23.08,23.5,23.5,1.0,2500.0,94530752.0
2010-11-11,23.8,23.0,23.5,23.5,2.0,6550.0,94530752.0
2010-11-12,23.15,23.15,23.5,23.5,1.0,219.0,94530752.0
2010-11-15,23.79,23.79,23.5,23.5,1.0,266.0,94530752.0
2010-11-16,23.08,23.08,23.5,23.5,1.0,4000.0,94530752.0
2010-11-17,23.15,23.15,23.5,23.5,1.0,1000.0,94530752.0
2010-11-18,23.15,23.0,23.5,23.5,2.0,7950.0,94530752.0
2010-11-19,23.5,23.12,23.5,23.5,3.0,67000.0,94530752.0
2010-11-22,23.25,23.25,23.5,24.0,2.0,12276.0,94530752.0
2010-11-23,24.4,24.39,24.0,24.0,1.0,73.0,94530752.0
2010-11-24,,,,24.0,,,94530752.0
2010-11-25,,,,24.0,,,94530752.0
2010-11-26,,,,24.0,,,94530752.0
2010-11-29,,,,24.0,,,94530752.0
2010-11-30,,,,24.0,,,94530752.0
2010-12-01,,,,24.0,,,94530752.0
2010-12-02,,,,24.0,,,94530752.0
2010-12-03,,,,24.0,,,94530752.0
2010-12-06,23.25,23.25,24.0,24.0,1.0,209.0,94530752.0
2010-12-07,,,,24.0,,,94530752.0
2010-12-08,23.25,23.25,24.0,24.0,2.0,3186.0,94530752.0
2010-12-09,25.0,24.22,24.5,25.0,13.0,130393.0,94530752.0
2010-12-10,25.3,25.29,25.0,25.0,2.0,25000.0,94530752.0
2010-12-13,25.2,25.2,25.0,25.0,4.0,5751.0,94530752.0
2010-12-14,25.5,25.0,25.0,25.25,7.0,222383.0,94530752.0
2010-12-15,25.42,25.25,25.25,25.25,1.0,150000.0,94530752.0
2010-12-16,25.35,25.125,25.25,25.25,3.0,1819.0,94530752.0
2010-12-17,,,,25.25,,,94530752.0
2010-12-20,25.5,25.35,25.25,25.75,9.0,26303.0,94530752.0
2010-12-21,,,,26.0,,,94530752.0
2010-12-22,25.53,25.53,26.0,26.0,1.0,17750.0,94530752.0
2010-12-23,,,,26.0,,,94530752.0
2010-12-24,26.05,26.05,26.0,26.0,2.0,125.0,94530752.0
2010-12-29,,,,26.0,,,94530752.0
2010-12-30,,,,26.0,,,94530752.0
2010-12-31,,,,26.0,,,94530752.0
2011-01-04,25.5,25.3,26.0,25.75,5.0,24888.0,94530752.0
2011-01-05,,,,25.75,,,94530752.0
2011-01-06,25.45,25.0,25.75,25.75,4.0,24999.0,94530752.0
2011-01-07,25.3,25.15,25.75,25.75,3.0,22836.0,94530752.0
2011-01-10,24.5,24.5,25.75,25.25,1.0,35000.0,94530752.0
2011-01-11,,,,25.25,,,94530752.0
2011-01-12,24.6,24.0,25.0,24.75,4.0,37475.0,94530752.0
2011-01-13,24.83,24.15,24.75,24.75,5.0,20789.0,94530752.0
2011-01-14,24.15,24.15,24.75,24.75,2.0,16000.0,94530752.0
2011-01-17,24.15,24.15,24.75,24.75,1.0,10000.0,94530752.0
2011-01-18,,,,24.75,,,94530752.0
2011-01-19,24.45,24.45,24.75,24.25,1.0,8179.0,94530752.0
2011-01-20,24.3,24.3,24.25,24.25,1.0,2000.0,94530752.0
2011-01-21,,,,24.25,,,94530752.0
2011-01-24,,,,24.5,,,94530752.0
2011-01-25,23.8,23.75,24.5,24.5,2.0,6259.0,94530752.0
2011-01-26,24.7,24.7,24.5,24.75,1.0,12300.0,94530752.0
2011-01-27,,,,24.25,,,94530752.0
2011-01-28,,,,24.25,,,94530752.0
2011-01-31,23.0,23.0,24.25,24.25,1.0,25250.0,94530752.0
2011-02-01,,,,24.25,,,94530752.0
2011-02-02,23.03,22.75,24.25,23.75,3.0,41472.0,94530752.0
2011-02-03,24.05,24.05,23.75,23.75,2.0,800.0,94530752.0
2011-02-04,,,,23.75,,,94530752.0
2011-02-07,27.5,25.13,24.75,27.0,30.0,681166.0,94530752.0
2011-02-08,26.75,26.0,26.75,26.75,6.0,335476.0,94530752.0
2011-02-09,26.75,26.2,26.75,27.0,3.0,3972.0,94530752.0
2011-02-10,27.0,26.63,27.0,27.0,3.0,33326.0,94530752.0
2011-02-11,27.0,27.0,27.0,27.0,7.0,83293.0,94530752.0
2011-02-14,27.5,27.25,27.0,27.25,2.0,30000.0,94530752.0
2011-02-15,27.85,27.5,27.25,27.5,6.0,179607.0,94530752.0
2011-02-16,27.925,27.5,27.5,27.75,2.0,27000.0,94530752.0
2011-02-17,28.625,27.75,27.75,28.5,7.0,87405.0,94530752.0
2011-02-18,28.5,28.5,28.5,28.5,2.0,125000.0,94530752.0
2011-02-21,28.5,28.0,28.5,28.5,5.0,22604.0,94530752.0
2011-02-22,,,28.5,28.25,,,94530752.0
2011-02-23,27.5,27.5,28.25,28.25,2.0,11234.0,94530752.0
2011-02-24,,,28.25,28.25,,,94530752.0
2011-02-25,,,,28.25,,,94530752.0
2011-02-28,27.25,27.25,28.25,27.75,2.0,63820.0,94530752.0
2011-03-01,27.75,27.0,27.75,27.75,2.0,2178.0,94530752.0
2011-03-02,27.0,27.0,27.75,27.75,1.0,3543.0,94530752.0
2011-03-03,27.0,27.0,27.75,27.75,1.0,5500.0,94530752.0
2011-03-04,27.25,27.0,27.75,27.25,4.0,32518.0,94530752.0
2011-03-07,27.375,27.0,27.25,27.25,3.0,30532.0,94530752.0
2011-03-08,27.425,27.35,27.25,27.5,2.0,38584.0,94530752.0
2011-03-09,,,,27.5,,,94530752.0
2011-03-10,27.12,27.0,27.75,27.5,2.0,15379.0,94530752.0
2011-03-11,,,,27.25,,,94530752.0
2011-03-14,,,,27.25,,,94530752.0
2011-03-15,,,,27.0,,,94530752.0
2011-03-16,26.25,26.25,27.0,27.0,1.0,14845.0,94530752.0
2011-03-17,26.0,26.0,27.0,26.5,2.0,20149.0,94530752.0
2011-03-18,,,,26.5,,,94530752.0
2011-03-21,26.12,26.0,26.5,26.5,2.0,12231.0,94530752.0
2011-03-22,,,,26.5,,,94530752.0
2011-03-23,25.5,25.5,26.5,26.25,1.0,2829.0,94530752.0
2011-03-24,,,,26.25,,,94530752.0
2011-03-25,,,,26.25,,,94530752.0
2011-03-28,26.65,26.25,26.25,26.75,2.0,27571.0,94530752.0
2011-03-29,26.963,26.85,26.75,26.875,3.0,6824.0,94530752.0
2011-03-30,28.425,27.0,27.0,27.5,14.0,205810.0,94530752.0
2011-03-31,27.0,26.25,27.5,27.25,6.0,108021.0,94530752.0
2011-04-01,25.5,25.5,27.0,26.75,2.0,123912.0,94530752.0
2011-04-04,26.5,26.0,26.75,26.25,3.0,57875.0,94530752.0
2011-04-05,26.0,25.5,26.25,25.75,4.0,10836.0,94530752.0
2011-04-06,25.525,25.5,25.75,25.75,2.0,5531.0,94530752.0
2011-04-07,,,,25.75,,,94530752.0
2011-04-08,,,,25.5,,,94530752.0
2011-04-11,,,,25.5,,,94530752.0
2011-04-12,,,,25.5,,,94530752.0
2011-04-13,,,,25.5,,,94530752.0
2011-04-14,,,,26.0,,,94530752.0
2011-04-15,27.0,27.0,26.0,26.75,2.0,25000.0,94530752.0
2011-04-18,27.05,27.05,26.75,26.75,1.0,64.0,94530752.0
2011-04-19,26.9,26.9,26.75,26.75,1.0,10000.0,94530752.0
2011-04-20,26.5,26.5,26.75,26.5,1.0,6500.0,94530752.0
2011-04-21,27.5,26.1,26.75,26.75,4.0,109631.0,94530752.0
2011-04-26,,,,27.0,,,94530752.0
2011-04-27,,,,27.0,,,94530752.0
2011-04-28,27.5,26.0,27.0,27.0,4.0,154182.0,94530752.0
2011-05-03,27.0,27.0,27.0,27.0,2.0,4000.0,94530752.0
2011-05-04,27.0,26.95,27.0,27.0,2.0,3450.0,94530752.0
2011-05-05,,,,27.0,,,94530752.0
2011-05-06,27.0,27.0,27.0,27.0,2.0,632.0,94530752.0
2011-05-09,26.5,26.5,27.25,27.0,1.0,3438.0,94530752.0
2011-05-10,,,,27.0,,,94530752.0
2011-05-11,,,,26.75,,,94530752.0
2011-05-12,,,,26.75,,,94530752.0
2011-05-13,,,,26.75,,,94530752.0
2011-05-16,26.075,25.5,26.75,26.75,2.0,21575.0,94530752.0
2011-05-17,,,,26.75,,,94530752.0
2011-05-18,25.5,25.5,26.75,26.25,1.0,14502.0,94530752.0
2011-05-19,27.0,27.0,27.125,27.25,3.0,20397.0,94530752.0
2011-05-20,27.3,26.75,27.25,27.75,4.0,808270.0,94530752.0
2011-05-23,27.75,27.75,27.75,27.75,2.0,7136.0,94530752.0
2011-05-24,27.675,27.675,27.75,27.75,1.0,5000.0,94530752.0
2011-05-25,,,,27.5,,,94530752.0
2011-05-26,27.4,27.4,27.5,27.5,1.0,2000.0,94530752.0
2011-05-27,27.75,27.75,27.5,27.75,1.0,312.0,94530752.0
2011-05-31,,,,27.75,,,94530752.0
2011-06-01,,,,27.75,,,94530752.0
2011-06-02,,,,27.75,,,94530752.0
2011-06-03,,,,27.75,,,94530752.0
2011-06-06,,,,27.75,,,94530752.0
2011-06-07,27.0,27.0,27.75,27.75,1.0,2280.0,94530752.0
2011-06-08,,,,27.75,,,94530752.0
2011-06-09,,,,27.75,,,94530752.0
2011-06-10,27.75,27.75,27.75,27.75,2.0,1500.0,94530752.0
2011-06-13,28.0,27.75,27.75,27.75,1.0,113417.0,94530752.0
2011-06-14,26.5,26.5,27.75,26.5,1.0,12000.0,94530752.0
2011-06-15,27.75,27.75,27.5,27.5,1.0,8000.0,94530752.0
2011-06-16,26.5,26.5,27.5,27.25,2.0,23000.0,94530752.0
2011-06-17,28.0,26.0,27.25,26.0,3.0,39500.0,94530752.0
2011-06-20,31.38,28.7,27.75,31.5,15.0,336684.0,94530752.0
2011-06-21,31.5,30.075,31.5,31.75,9.0,149480.0,94530752.0
2011-06-22,32.2,31.7,31.75,31.75,5.0,41250.0,94530752.0
2011-06-23,32.2,32.2,31.75,31.625,1.0,5000.0,94530752.0
2011-06-24,34.9,31.875,31.625,34.25,12.0,128568.0,94530752.0
2011-06-27,36.78,35.0,34.25,36.25,11.0,79946.0,94530752.0
2011-06-28,36.59,35.95,36.25,36.25,3.0,31000.0,94530752.0
2011-06-29,35.95,35.695,36.25,36.25,5.0,14681.0,94530752.0
2011-06-30,36.55,35.65,36.25,36.25,5.0,46115.0,94530752.0
2011-07-01,35.6,34.5,36.0,34.5,7.0,46170.0,94530752.0
2011-07-04,35.813,34.25,34.5,35.0,3.0,724374.0,94530752.0
2011-07-05,35.65,34.0,35.0,34.5,4.0,134028.0,94530752.0
2011-07-06,34.0,34.0,34.5,34.5,1.0,60000.0,94530752.0
2011-07-07,37.0,35.0,34.5,36.0,10.0,140000.0,94530752.0
2011-07-08,40.0,36.62,36.5,39.5,19.0,119991.0,94530752.0
2011-07-11,40.5,39.046,39.5,40.0,14.0,146593.0,94530752.0
2011-07-12,40.4,39.055,40.0,39.625,14.0,253401.0,94530752.0
2011-07-13,39.0,39.0,39.625,39.0,14.0,208303.0,94530752.0
2011-07-14,39.05,38.25,39.25,38.0,2.0,2949.0,94530752.0
2011-07-15,38.333,37.0,38.0,38.0,2.0,25073.0,94530752.0
2011-07-18,37.8,36.0,38.0,37.75,5.0,38055.0,94530752.0
2011-07-19,37.3,36.5,37.25,37.0,3.0,9001.0,94530752.0
2011-07-20,36.7,36.7,37.0,36.75,1.0,2000.0,94530752.0
2011-07-21,36.69,36.634,36.5,36.75,2.0,1565.0,94530752.0
2011-07-22,36.0,36.0,36.75,36.75,2.0,17196.0,94530752.0
2011-07-25,36.5,36.0,36.75,36.75,3.0,16900.0,94530752.0
2011-07-26,,,,36.75,,,94530752.0
2011-07-27,36.0,36.0,36.75,36.0,2.0,13400.0,94530752.0
2011-07-28,36.0,36.0,36.25,36.25,1.0,25000.0,94530752.0
2011-07-29,,,,36.25,,,94530752.0
2011-08-01,,,,36.25,,,94530752.0
2011-08-02,35.65,35.65,36.25,36.25,1.0,316.0,94530752.0
2011-08-03,36.0,35.5,36.25,36.0,4.0,67110.0,94530752.0
2011-08-04,35.0,34.563,36.25,35.5,3.0,19871.0,94530752.0
2011-08-05,35.0,33.063,35.0,35.0,7.0,146727.0,94530752.0
2011-08-08,35.0,32.814,34.75,35.0,8.0,89241.0,94530752.0
2011-08-09,34.075,34.075,34.75,34.75,3.0,26000.0,94530752.0
2011-08-10,35.0,34.18,34.75,34.75,2.0,26144.0,94530752.0
2011-08-11,35.0,35.0,34.75,35.0,2.0,2510.0,94530752.0
2011-08-12,,,,35.0,,,94530752.0
2011-08-15,36.5,35.623,35.0,36.75,8.0,84999.0,94530752.0
2011-08-16,37.35,37.35,36.75,37.0,1.0,13285.0,94530752.0
2011-08-17,,,,37.25,,,94530752.0
2011-08-18,37.0,36.0,37.25,36.5,8.0,96480.0,94530752.0
2011-08-19,36.0,35.5,36.75,36.0,6.0,135000.0,94530752.0
2011-08-22,35.5,35.5,36.0,35.75,2.0,49999.0,94530752.0
2011-08-23,,,,35.75,,,94530752.0
2011-08-24,35.5,35.5,35.75,35.5,2.0,50000.0,94530752.0
2011-08-25,,,,35.5,,,94530752.0
2011-08-26,35.5,35.0,35.5,35.5,5.0,105000.0,94530752.0
2011-08-30,35.8,35.75,35.5,35.5,2.0,14529.0,94530752.0
2011-08-31,36.0,35.5,35.5,36.0,4.0,87244.0,94530752.0
2011-09-01,35.65,35.65,36.0,36.0,2.0,13272.0,94530752.0
2011-09-02,36.0,36.0,36.0,35.75,2.0,19029.0,94530752.0
2011-09-05,36.25,35.18,35.75,35.75,4.0,55000.0,94530752.0
2011-09-06,,,,35.75,,,94530752.0
2011-09-07,36.0,35.18,35.75,36.0,2.0,33323.0,94530752.0
2011-09-08,,,,35.75,,,94530752.0
2011-09-09,39.0,37.5,35.75,38.25,7.0,12759006.0,94530752.0
2011-09-12,38.23,36.0,38.25,36.5,10.0,64652.0,94530752.0
2011-09-13,36.0,36.0,36.5,36.5,2.0,38186.0,94530752.0
2011-09-14,,,,36.5,,,94530752.0
2011-09-15,36.05,36.05,36.5,36.5,1.0,63.0,94530752.0
2011-09-16,,,,36.5,,,94530752.0
2011-09-19,36.05,36.05,36.5,36.5,1.0,5000.0,94530752.0
2011-09-20,36.0501,36.05,36.5,36.5,4.0,9134.0,94530752.0
2011-09-21,36.05,36.05,36.5,36.5,1.0,95.0,94530752.0
2011-09-22,35.63,35.575,36.5,36.0,2.0,13000.0,94530752.0
2011-09-23,35.74,35.5,36.0,36.0,3.0,30217.0,94530752.0
2011-09-26,37.0,37.0,36.0,36.25,3.0,60111.0,94530752.0
2011-09-27,40.0,38.66,38.75,39.5,9.0,114611.0,94530752.0
2011-09-28,39.25,38.5,39.5,39.0,2.0,16000.0,94530752.0
2011-09-29,38.5,37.54,39.0,38.0,3.0,11809.0,94530752.0
2011-09-30,,,,38.0,,,94530752.0
2011-10-03,37.5,37.5,38.25,37.5,3.0,12588.0,94530752.0
2011-10-04,37.0,36.0,37.5,37.0,3.0,20500.0,94530752.0
2011-10-05,,,,37.0,,,94530752.0
2011-10-06,36.845,36.0,37.0,36.75,3.0,15300.0,94530752.0
2011-10-07,36.0,36.0,36.75,36.5,2.0,27500.0,94530752.0
2011-10-10,36.5,36.03,36.5,36.5,5.0,1505000.0,94530752.0
2011-10-11,,,,36.5,,,94530752.0
2011-10-12,38.0,36.0,36.5,36.5,2.0,59600.0,94530752.0
2011-10-13,37.775,36.0,37.0,37.0,2.0,40000.0,94530752.0
2011-10-14,37.01,37.01,37.0,37.0,1.0,3600.0,94530752.0
2011-10-17,37.01,37.01,37.0,37.0,1.0,374.0,94530752.0
2011-10-18,36.75,36.207,37.0,36.75,4.0,38254.0,94530752.0
2011-10-19,36.5,36.5,36.75,36.5,1.0,45000.0,94530752.0
2011-10-20,36.75,36.207,36.5,36.5,2.0,2873.0,94530752.0
2011-10-21,36.0,36.0,36.5,36.0,5.0,43999.0,94530752.0
2011-10-24,35.5,35.5,36.0,36.0,1.0,30000.0,94530752.0
2011-10-25,,,,36.0,,,94530752.0
2011-10-26,,,,36.0,,,94530752.0
2011-10-27,35.55,35.125,35.75,36.0,7.0,34900.0,94530752.0
2011-10-28,36.0,35.5,36.0,36.0,3.0,8775.0,94530752.0
2011-10-31,36.0,35.0,36.0,35.625,3.0,40250.0,94530752.0
2011-11-01,,,,35.5,,,94530752.0
2011-11-02,,,,35.25,,,94530752.0
2011-11-03,,,,35.25,,,94530752.0
2011-11-04,,,,35.25,,,94530752.0
2011-11-07,33.033,33.033,35.25,34.5,4.0,70500.0,94530752.0
2011-11-08,34.5,32.846,34.5,34.5,4.0,90550.0,94530752.0
2011-11-09,34.2,34.0,34.5,34.5,2.0,53500.0,94530752.0
2011-11-10,,,,34.5,,,94530752.0
2011-11-11,34.3,34.2,34.5,34.5,2.0,4360.0,94530752.0
2011-11-14,34.5,34.15,34.5,34.5,3.0,2085.0,94530752.0
2011-11-15,34.15,34.15,34.5,34.5,2.0,6736.0,94530752.0
2011-11-16,34.0,34.0,34.5,34.5,2.0,22250.0,94530752.0
2011-11-17,34.0,33.0,34.5,33.5,3.0,39000.0,94530752.0
2011-11-18,,,,33.5,,,94530752.0
2011-11-21,33.0,32.5,33.5,33.0,2.0,33574.0,94530752.0
2011-11-22,32.5,31.5,33.0,32.375,6.0,97854.0,94530752.0
2011-11-23,32.0,31.46,32.375,32.0,5.0,40950.0,94530752.0
2011-11-24,32.0,31.3,32.125,32.125,3.0,61150.0,94530752.0
2011-11-25,31.5,31.5,32.125,32.125,1.0,24900.0,94530752.0
2011-11-28,31.0,31.0,32.125,32.0,1.0,15903.0,94530752.0
2011-11-29,31.3,31.3,32.0,32.0,3.0,2966.0,94530752.0
2011-11-30,31.5,31.0,32.0,31.25,4.0,59899.0,94530752.0
2011-12-01,,,,32.0,,,94530752.0
2011-12-02,32.0,31.16,32.0,32.0,3.0,62504.0,94530752.0
2011-12-05,31.16,31.16,32.0,32.0,1.0,3210.0,94530752.0
2011-12-06,,,,32.0,,,94530752.0
2011-12-07,31.85,31.85,32.0,32.0,1.0,38.0,94530752.0
2011-12-08,31.0,31.0,32.0,32.0,1.0,8207.0,94530752.0
2011-12-09,31.8,31.8,32.0,32.25,1.0,9433.0,94530752.0
2011-12-12,32.175,31.725,32.25,32.25,2.0,3880.0,94530752.0
2011-12-13,,,,32.25,,,94530752.0
2011-12-14,32.5,31.68,32.25,32.5,3.0,15316.0,94530752.0
2011-12-15,32.9,32.15,32.75,32.75,3.0,20407.0,94530752.0
2011-12-16,32.9,32.75,32.75,32.75,2.0,32985.0,94530752.0
2011-12-19,32.85,32.225,32.75,33.0,5.0,165200.0,94530752.0
2011-12-20,32.75,32.75,33.0,33.0,1.0,160000.0,94530752.0
2011-12-21,33.868,33.0,33.0,33.5,4.0,37598.0,94530752.0
2011-12-22,33.01,33.01,33.5,33.5,2.0,11000.0,94530752.0
2011-12-23,34.0,33.01,33.5,33.5,2.0,55750.0,94530752.0
2011-12-28,34.0,34.0,33.5,33.5,1.0,26500.0,94530752.0
2011-12-29,34.0,34.0,33.5,33.75,1.0,16000.0,94530752.0
2011-12-30,,,,33.75,,,94530752.0
2012-01-03,35.0,34.5,33.75,34.25,7.0,74188.0,94530752.0
2012-01-04,35.0,34.98,34.25,34.75,4.0,22500.0,94530752.0
2012-01-05,35.5,34.833,35.0,35.0,7.0,111021.0,94530752.0
2012-01-06,35.5,35.5,35.0,35.0,2.0,25000.0,94530752.0
2012-01-09,35.31,35.31,34.75,34.75,1.0,2784.0,94530752.0
2012-01-10,35.5,34.7,34.75,34.75,3.0,23000.0,94530752.0
2012-01-11,34.7,34.7,34.75,34.75,3.0,7488.0,94530752.0
2012-01-12,34.73,34.26,34.75,34.5,2.0,21000.0,94530752.0
2012-01-13,34.26,34.26,34.5,34.5,1.0,5000.0,94530752.0
2012-01-16,34.239,34.22,34.5,34.5,3.0,67487.0,94530752.0
2012-01-17,34.5,33.75,34.5,33.75,2.0,35132.0,94530752.0
2012-01-18,35.21,35.21,34.75,34.75,4.0,20619.0,94530752.0
2012-01-19,,,,34.75,,,94530752.0
2012-01-20,,,,34.75,,,94530752.0
2012-01-23,35.125,34.5,34.75,34.75,5.0,58824.0,94530752.0
2012-01-24,34.75,34.5,34.75,34.75,2.0,211221.0,94530752.0
2012-01-25,34.655,34.655,34.75,34.75,1.0,5110.0,94530752.0
2012-01-26,,,,34.75,,,94530752.0
2012-01-27,35.19,34.5,34.75,34.75,4.0,69845.0,94530752.0
2012-01-30,35.1,35.1,34.75,35.0,2.0,9476.0,94530752.0
2012-01-31,35.3,35.3,35.0,35.0,1.0,8500.0,94530752.0
2012-02-01,35.35,35.35,35.0,35.0,1.0,2779.0,94530752.0
2012-02-02,36.5,34.5,35.0,36.25,14.0,234825.0,94530752.0
2012-02-03,36.97,36.12,36.25,36.5,3.0,13342.0,94530752.0
2012-02-06,37.0,35.811,36.5,36.5,8.0,151909.0,94530752.0
2012-02-07,36.88,36.12,36.5,36.5,3.0,9109.0,94530752.0
2012-02-08,36.5,36.2,36.5,36.5,2.0,19500.0,94530752.0
2012-02-09,36.525,36.138,36.5,36.5,2.0,5111.0,94530752.0
2012-02-10,39.0,37.0,36.5,38.5,11.0,64410.0,94530752.0
2012-02-13,38.975,38.5,38.5,38.5,3.0,7491513.0,94530752.0
2012-02-14,38.83,38.3,38.5,38.5,4.0,30905.0,94530752.0
2012-02-15,38.81,38.22,38.5,38.5,7.0,41748.0,94530752.0
2012-02-16,39.5,38.3,38.5,38.5,4.0,56592.0,94530752.0
2012-02-17,40.25,40.25,38.5,38.5,2.0,569.0,94530752.0
2012-02-20,46.57,39.0,38.5,46.5,121.0,984294.0,94530752.0
2012-02-21,46.5,44.5,46.25,45.0,48.0,342797.0,94530752.0
2012-02-22,48.0,42.5,45.0,44.0,13.0,123804.0,94530752.0
2012-02-23,45.0,43.55,43.75,44.25,30.0,365527.0,94530752.0
2012-02-24,47.06,44.12,44.25,46.0,72.0,593692.0,94530752.0
2012-02-27,47.6,46.0,46.0,47.25,67.0,574608.0,94530752.0
2012-02-28,48.25,47.4,47.25,47.5,33.0,282512.0,94530752.0
2012-02-29,49.5,46.6,47.5,47.75,19.0,223233.0,94530752.0
2012-03-01,49.75,47.625,47.75,47.75,21.0,177585.0,94530752.0
2012-03-02,50.0,47.22,47.75,47.5,11.0,74902.0,94530752.0
2012-03-05,50.0,47.221,47.5,47.375,16.0,134371.0,94530752.0
2012-03-06,49.75,46.525,47.375,46.75,8.0,41349.0,94530752.0
2012-03-07,49.0,46.0,46.75,46.75,8.0,20417.0,94530752.0
2012-03-08,49.0,46.525,46.75,47.0,7.0,52766.0,94530752.0
2012-03-09,49.0,47.1,47.0,47.0,7.0,27094.0,94530752.0
2012-03-12,47.28,44.75,47.0,47.0,5.0,7663.0,94530752.0
2012-03-13,47.35,44.75,47.0,47.0,11.0,49391.0,94530752.0
2012-03-14,47.28,44.75,47.0,47.0,5.0,12831.0,94530752.0
2012-03-15,46.98,44.75,47.0,46.875,7.0,39840.0,94530752.0
2012-03-16,47.25,46.845,46.875,46.875,5.0,44604.0,94530752.0
2012-03-19,47.188,46.575,46.875,46.625,8.0,252796.0,94530752.0
2012-03-20,47.25,46.875,46.625,46.875,24.0,988290.0,94530752.0
2012-03-21,47.13,47.13,46.875,46.875,4.0,17001.0,94530752.0
2012-03-22,47.378,46.93,46.875,46.875,4.0,36222.0,94530752.0
2012-03-23,47.5,47.2,46.875,47.125,5.0,43000.0,94530752.0
2012-03-26,48.275,47.5,47.125,47.75,10.0,58756.0,94530752.0
2012-03-27,49.0,47.9,47.75,48.25,8.0,28693.0,94530752.0
2012-03-28,49.5,47.51,48.25,48.25,6.0,101220.0,94530752.0
2012-03-29,49.65,47.0,49.0,47.5,13.0,79794.0,94530752.0
2012-03-30,47.5,45.54,47.5,46.5,20.0,200804.0,94530752.0
2012-04-02,46.5,45.75,46.5,46.25,5.0,228400.0,94530752.0
2012-04-03,47.5,46.2,46.25,47.0,4.0,151060.0,94530752.0
2012-04-04,48.0,47.7,47.0,47.5,8.0,70299.0,94530752.0
2012-04-05,48.0,47.5,47.5,47.5,15.0,136885.0,94530752.0
2012-04-10,48.4,47.7,47.5,48.0,8.0,45639.0,94530752.0
2012-04-11,,,,48.0,,,94530752.0
2012-04-12,48.9,48.0,48.0,48.0,4.0,60941.0,94530752.0
2012-04-13,48.9,48.0,48.0,48.0,6.0,35350.0,94530752.0
2012-04-16,48.75,48.05,48.0,48.0,4.0,24973.0,94530752.0
2012-04-17,50.0,48.73,48.0,49.5,14.0,93566.0,94530752.0
2012-04-18,51.989,50.0,49.5,51.0,20.0,135663.0,99031835.0
2012-04-19,51.958,51.0,51.0,51.0,5.0,37717.0,99031835.0
2012-04-20,52.0,51.075,51.0,51.0,6.0,22441.0,99031835.0
2012-04-23,51.75,51.075,51.0,51.0,8.0,63805.0,99031835.0
2012-04-24,51.9,50.0,51.0,50.5,15.0,123190.0,99031835.0
2012-04-25,50.88,49.7,50.5,49.75,9.0,261343.0,99031835.0
2012-04-26,50.125,49.12,49.75,49.5,8.0,136104.0,99031835.0
2012-04-27,50.0,49.12,49.5,49.5,6.0,23251.0,99031835.0
2012-04-30,49.88,49.11,49.5,49.5,5.0,21425.0,99031835.0
2012-05-01,49.75,49.35,49.5,49.5,4.0,6074.0,99031835.0
2012-05-02,49.79,48.0,49.5,49.5,3.0,48483.0,99031835.0
2012-05-03,49.6,48.5,49.5,49.25,6.0,47931.0,99031835.0
2012-05-04,49.6,48.665,49.25,49.25,4.0,34204.0,99031835.0
2012-05-08,49.7,48.95,49.25,49.25,5.0,37522.0,99031835.0
2012-05-09,49.05,48.9,49.25,48.5,2.0,6500.0,99031835.0
2012-05-10,48.88,48.65,48.5,48.5,3.0,3622.0,99031835.0
2012-05-11,48.88,48.525,48.5,48.5,4.0,10337.0,99031835.0
2012-05-14,48.525,48.33,48.5,48.5,2.0,6919.0,99031835.0
2012-05-15,48.75,48.5,48.5,48.5,2.0,28612.0,99031835.0
2012-05-16,48.5,46.0,48.5,46.5,13.0,78926.0,99031835.0
2012-05-17,46.05,40.5,46.5,42.75,20.0,113924.0,99031835.0
2012-05-18,42.0,42.0,42.5,42.0,3.0,9268.0,99031835.0
2012-05-21,42.3,41.0,42.0,42.5,6.0,89256.0,99031835.0
2012-05-22,42.65,42.12,42.5,42.5,4.0,19313.0,99031835.0
2012-05-23,41.9,40.51,42.5,42.0,10.0,89999.0,99031835.0
2012-05-24,43.0,42.565,42.25,42.75,7.0,84151.0,99311580.0
2012-05-25,42.863,42.85,42.75,42.75,3.0,14349.0,99311580.0
2012-05-28,43.0,42.565,42.75,42.75,12.0,66117644.0,99311580.0
2012-05-29,48.0,43.867,43.5,47.0,11.0,103223.0,99311580.0
2012-05-30,48.0,43.0,47.0,47.25,12.0,112616.0,99311580.0
2012-05-31,47.0,44.23,47.25,46.25,7.0,75728.0,99311580.0
2012-06-01,46.2,44.15,45.75,45.25,2.0,6066.0,99311580.0
2012-06-06,45.875,44.31,45.25,45.25,3.0,4050.0,99311580.0
2012-06-07,44.9,44.1,45.25,45.0,3.0,304000.0,99311580.0
2012-06-08,44.9,44.0,45.0,45.0,5.0,78719.0,99311580.0
2012-06-11,43.75,43.75,45.0,43.75,6.0,30977.0,99311580.0
2012-06-12,44.72,44.0,44.5,44.0,10.0,97422.0,99311580.0
2012-06-13,44.0,44.0,44.0,44.0,2.0,15000.0,99311580.0
2012-06-14,43.62,43.62,44.0,44.0,1.0,223.0,99311580.0
2012-06-15,44.0,44.0,44.0,44.0,2.0,2876.0,99311580.0
2012-06-18,44.1,43.5,44.0,44.0,5.0,34922.0,99311580.0
2012-06-19,43.65,43.65,44.0,44.125,1.0,821.0,99311580.0
2012-06-20,43.0,43.0,44.125,44.125,1.0,33333.0,99311580.0
2012-06-21,44.6,43.588,44.125,44.125,2.0,45222.0,99311580.0
2012-06-22,44.1,44.1,44.125,44.125,1.0,2000.0,99311580.0
2012-06-25,44.1,43.5,44.125,44.125,4.0,21531.0,99311580.0
2012-06-26,44.1,43.6875,44.125,44.125,4.0,9272.0,99311580.0
2012-06-27,44.0,44.0,44.125,44.25,1.0,50000.0,99311580.0
2012-06-28,44.5,43.95,44.25,44.5,5.0,812851.0,99311580.0
2012-06-29,44.65,44.17,44.5,44.5,2.0,8409.0,99311580.0
2012-07-02,44.65,44.21,44.5,44.5,2.0,12070.0,99311580.0
2012-07-03,44.65,44.65,44.5,44.5,1.0,406.0,99311580.0
2012-07-04,44.21,44.21,44.5,44.5,1.0,1000.0,99311580.0
2012-07-05,44.65,44.15,44.5,44.5,7.0,60354.0,99311580.0
2012-07-06,44.15,44.15,44.5,44.5,1.0,20000.0,99311580.0
2012-07-09,44.0,43.65,44.75,44.0,3.0,22739.0,99311580.0
2012-07-10,44.448,44.448,,44.0,,,99311580.0
2012-07-11,43.575,42.5,43.75,43.75,3.0,49628.0,99311580.0
2012-07-12,43.575,43.0,43.75,43.25,3.0,24620.0,99311580.0
2012-07-13,42.725,42.725,43.25,43.0,2.0,5338.0,99311580.0
2012-07-16,43.25,42.55,43.0,43.0,6.0,55757.0,99311580.0
2012-07-17,42.63,42.63,43.0,43.0,1.0,1712.0,99311580.0
2012-07-18,44.38,43.2,43.25,44.5,8.0,54234.0,99311580.0
2012-07-19,44.87,44.188,44.5,44.5,5.0,92497.0,99311580.0
2012-07-20,45.0,44.299,44.5,44.5,4.0,52600.0,99311580.0
2012-07-23,44.75,44.25,44.75,44.5,2.0,3928.0,99311580.0
2012-07-24,45.0,44.448,44.5,44.75,5.0,190029.0,99311580.0
2012-07-25,44.448,44.448,44.75,44.75,1.0,4314.0,99311580.0
2012-07-26,,,,44.75,,,99311580.0
2012-07-27,45.125,45.125,44.75,44.75,1.0,4316.0,99311580.0
2012-07-30,44.5,44.448,44.75,44.75,4.0,37537.0,99311580.0
2012-07-31,45.05,44.0,44.75,44.75,4.0,28000.0,99311580.0
2012-08-01,45.05,44.25,44.75,44.75,3.0,4667.0,99311580.0
2012-08-02,45.125,44.448,44.75,44.75,3.0,31115.0,99311580.0
2012-08-03,45.1,45.1,44.75,44.75,1.0,6765.0,99311580.0
2012-08-06,,,,44.75,,,99311580.0
2012-08-07,45.0,44.448,44.75,44.75,3.0,502351.0,99311580.0
2012-08-08,45.0,44.25,44.75,44.75,4.0,146775.0,99311580.0
2012-08-09,,,,44.75,,,99311580.0
2012-08-10,44.448,44.448,44.75,44.75,3.0,10271.0,99311580.0
2012-08-13,,,,44.75,,,99311580.0
2012-08-14,,,,44.75,,,99311580.0
2012-08-15,45.1,44.45,44.75,44.75,4.0,9026.0,99311580.0
2012-08-16,45.1,44.075,44.75,44.75,4.0,54800.0,99311580.0
2012-08-17,45.1,44.45,44.75,44.75,7.0,2570.0,99311580.0
2012-08-20,45.11,44.45,44.75,44.75,9.0,44891.0,99311580.0
2012-08-21,45.11,44.465,44.75,44.75,7.0,77140.0,99311580.0
2012-08-22,44.465,44.465,44.75,44.75,2.0,10000.0,99311580.0
2012-08-23,44.465,44.465,44.75,44.75,2.0,4500.0,99311580.0
2012-08-24,44.465,44.465,44.75,44.75,2.0,50000.0,99311580.0
2012-08-28,45.35,44.1,44.75,44.75,2.0,13970.0,99311580.0
2012-08-29,45.3,45.0,44.75,44.75,2.0,6107.0,99311580.0
2012-08-30,,,,44.75,,,99311580.0
2012-08-31,45.8,45.056,45.125,45.25,3.0,4283.0,99311580.0
2012-09-03,45.1,45.1,45.25,45.25,2.0,1567.0,99311580.0
2012-09-04,46.02,44.75,45.25,45.25,5.0,28940.0,99311580.0
2012-09-05,45.0,45.0,45.25,45.0,4.0,771407.0,99311580.0
2012-09-06,,,,45.25,,,99311580.0
2012-09-07,,,,45.25,,,99311580.0
2012-09-10,,,,45.25,,,99311580.0
2012-09-11,45.9,44.75,45.25,45.25,5.0,7464.0,99311580.0
2012-09-12,45.6,44.75,45.25,45.25,2.0,2771.0,99311580.0
2012-09-13,44.75,44.0,45.25,45.25,5.0,273547.0,99311580.0
2012-09-14,45.52,44.5,45.25,45.25,4.0,19300.0,99311580.0
2012-09-17,45.4,44.6,45.25,45.0,2.0,8400.0,99311580.0
2012-09-18,44.2,44.2,45.0,45.0,1.0,322.0,99311580.0
2012-09-19,45.5,44.8,45.0,45.0,5.0,30184.0,99311580.0
2012-09-20,46.25,44.5,45.0,46.0,4.0,62500.0,99311580.0
2012-09-21,48.0,45.6,46.0,48.5,15.0,169075.0,99311580.0
2012-09-24,48.7,47.875,48.5,48.75,3.0,29321.0,99311580.0
2012-09-25,48.5,48.5,48.75,48.75,1.0,7400.0,99311580.0
2012-09-26,49.0,48.3,48.75,48.5,7.0,53701.0,99311580.0
2012-09-27,49.0,48.22,48.5,48.5,5.0,30331.0,99311580.0
2012-09-28,48.3,48.22,48.5,48.5,2.0,22000.0,99311580.0
2012-10-01,51.5,48.3,48.5,50.75,25.0,186100.0,99311580.0
2012-10-02,52.5,51.5,50.75,51.5,6.0,30459.0,99311580.0
2012-10-03,54.0,52.5,51.5,54.25,9.0,47504.0,99311580.0
2012-10-04,55.0,52.11,54.25,52.5,25.0,192236.0,99311580.0
2012-10-05,52.9,52.25,52.5,52.5,12.0,38906.0,99311580.0
2012-10-08,52.88,52.33,52.5,52.5,10.0,34129.0,99311580.0
2012-10-09,53.0,52.42,52.5,52.5,9.0,103630.0,99311580.0
2012-10-10,55.54,52.9,52.5,54.75,18.0,169172.0,99311580.0
2012-10-11,56.0,54.9,54.75,55.0,8.0,44537.0,99311580.0
2012-10-12,55.949,55.0,55.0,55.0,8.0,71436.0,99311580.0
2012-10-15,55.9,55.04,55.0,55.0,10.0,98220.0,99311580.0
2012-10-16,55.8,55.125,55.0,55.0,7.0,23147.0,99311580.0
2012-10-17,55.79,55.0,55.0,55.75,14.0,150706.0,99311580.0
2012-10-18,55.79,55.31,55.0,55.0,3.0,10524.0,99311580.0
2012-10-19,55.79,55.32,55.0,55.0,9.0,30070.0,99311580.0
2012-10-22,55.78,55.36,55.0,55.0,6.0,24494.0,99311580.0
2012-10-23,55.75,55.44,55.0,55.0,6.0,24512.0,99311580.0
2012-10-24,55.44,55.0,55.0,55.0,3.0,10087.0,99311580.0
2012-10-25,55.947,55.7,55.0,55.0,3.0,26500.0,99311580.0
2012-10-26,55.71,55.44,55.0,55.0,3.0,18645.0,99311580.0
2012-10-29,,,,55.0,,,99311580.0
2012-10-30,56.7607,55.455,55.0,55.0,4.0,28531.0,99311580.0
2012-10-31,58.5,55.95,55.0,57.25,11.0,70487.0,99311580.0
2012-11-01,59.0,58.5,57.25,57.75,3.0,11915.0,99311580.0
2012-11-02,59.0,58.375,57.75,58.0,10.0,54678.0,99311580.0
2012-11-05,59.475,57.7,58.0,58.0,12.0,74468.0,99311580.0
2012-11-06,58.55,57.7,58.0,58.0,4.0,64091.0,99311580.0
2012-11-07,58.54,57.45,58.0,58.0,4.0,16612.0,99311580.0
2012-11-08,58.5,57.3647,58.0,57.75,4.0,78400.0,99311580.0
2012-11-09,58.4,57.525,57.75,57.5,5.0,24371.0,99311580.0
2012-11-12,57.9,57.0635,57.5,57.5,5.0,24669.0,99311580.0
2012-11-13,57.88,56.5,57.5,57.5,9.0,83271.0,99311580.0
2012-11-14,57.5,56.5649,57.5,57.0,8.0,137585.0,99311580.0
2012-11-15,57.85,56.15,56.75,56.25,10.0,113450.0,99311580.0
2012-11-16,56.08,55.61,56.25,55.75,10.0,95843.0,99311580.0
2012-11-19,55.94,55.51,55.75,55.75,8.0,61905.0,99311580.0
2012-11-20,55.57,55.56,55.75,55.75,2.0,12500.0,99311580.0
2012-11-21,55.92,55.91,55.75,55.75,3.0,4079.0,99311580.0
2012-11-22,55.91,55.57,55.75,55.75,4.0,45000.0,99311580.0
2012-11-23,55.909,55.56,55.75,55.75,4.0,7203.0,99311580.0
2012-11-26,59.0,55.61,55.75,58.0,27.0,180416.0,99311580.0
2012-11-27,58.7,57.44,58.0,58.0,7.0,84346.0,99311580.0
2012-11-28,57.44,56.94,58.0,57.5,3.0,18987.0,99311580.0
2012-11-29,58.3,56.51,57.5,57.5,6.0,24568.0,99311580.0
2012-11-30,58.6,57.65,57.75,58.25,8.0,21913.0,99311580.0
2012-12-03,59.5,57.25,58.25,58.75,9.0,62029.0,99311580.0
2012-12-04,59.0,58.3,58.75,59.25,5.0,36282.0,99311580.0
2012-12-05,58.25,58.25,59.25,59.25,3.0,2502.0,99311580.0
2012-12-06,59.125,58.25,59.25,59.25,3.0,10757.0,99311580.0
2012-12-07,59.6,58.25,59.25,59.25,3.0,6254.0,99311580.0
2012-12-10,59.6,58.05,59.25,59.25,6.0,50573.0,99311580.0
2012-12-11,59.25,58.75,59.25,59.25,6.0,360264.0,99311580.0
2012-12-12,58.26,58.0,59.25,58.5,6.0,40915.0,99311580.0
2012-12-13,58.3,57.0,58.5,58.0,4.0,10833.0,99311580.0
2012-12-14,60.1,58.55,59.0,59.25,9.0,296441.0,99311580.0
2012-12-17,63.0888,59.35,59.25,62.25,28.0,210537.0,99311580.0
2012-12-18,64.0,61.75,62.25,63.25,14.0,106612.0,99311580.0
2012-12-19,64.5,63.0,63.25,63.75,10.0,23975.0,99311580.0
2012-12-20,65.0,63.6,63.75,64.25,13.0,112227.0,99311580.0
2012-12-21,64.0,62.25,64.0,63.0,12.0,89964.0,99311580.0
2012-12-24,63.9,62.3,63.0,63.0,4.0,11619.0,99311580.0
2012-12-27,63.9,62.34,63.0,63.0,2.0,14561.0,99311580.0
2012-12-28,63.99,63.99,63.0,63.0,1.0,1531.0,99311580.0
2012-12-31,63.8,62.0,63.0,62.5,5.0,32543.0,99311580.0
2013-01-02,62.0452,60.0,62.5,60.5,11.0,46389.0,99311580.0
2013-01-03,60.98,60.0,60.5,60.5,7.0,65872.0,99311580.0
2013-01-04,60.17,60.17,60.5,60.5,1.0,1500.0,99311580.0
2013-01-07,62.0,60.9,60.5,61.0,4.0,35300.0,99311580.0
2013-01-08,65.5,61.75,61.0,64.75,20.0,81520.0,99311580.0
2013-01-09,68.6959,65.0,64.75,66.25,11.0,96709.0,99311580.0
2013-01-10,68.85,66.75,66.25,68.0,11.0,94397.0,99311580.0
2013-01-11,67.3,65.5,67.5,66.5,13.0,121008.0,99311580.0
2013-01-14,72.81,68.1,68.5,71.0,66.0,600316.0,99311580.0
2013-01-15,73.0,70.0,71.0,70.75,17.0,259758.0,99311580.0
2013-01-16,72.0,70.0,70.75,71.0,19.0,129752.0,99311580.0
2013-01-17,71.69,70.37,71.0,71.0,5.0,9310.0,99311580.0
2013-01-18,72.5,70.8,71.0,71.0,10.0,161266.0,99311580.0
2013-01-21,71.58,70.1959,71.0,71.0,7.0,85249.0,99311580.0
2013-01-22,71.5,70.25,71.0,71.0,5.0,9300.0,99311580.0
2013-01-23,70.66,70.0644,71.0,71.0,5.0,37278.0,99311580.0
2013-01-24,70.69,70.31,71.0,71.0,2.0,3500.0,99311580.0
2013-01-25,71.43,70.31,71.0,71.0,7.0,17112.0,99311580.0
2013-01-28,71.42,70.41,71.0,71.0,5.0,12120.0,99311580.0
2013-01-29,71.3,70.41,71.0,71.0,5.0,34616.0,99311580.0
2013-01-30,70.46,70.0,71.0,71.0,6.0,515722.0,99311580.0
2013-01-31,71.0,70.1,71.0,71.0,6.0,1483099.0,99311580.0
2013-02-01,71.29,70.0,71.0,71.0,7.0,215348.0,99311580.0
2013-02-04,70.1,70.0,71.0,71.0,3.0,17648.0,99311580.0
2013-02-05,70.96,70.95,71.0,71.0,3.0,4987.0,99311580.0
2013-02-06,70.95,70.01,71.0,71.0,2.0,3000.0,99311580.0
2013-02-07,72.0,70.0,71.0,71.0,2.0,10100.0,99311580.0
2013-02-08,70.92,70.0,71.0,71.0,10.0,18189.0,99311580.0
2013-02-11,70.84,70.0,71.0,71.0,5.0,15249.0,99311580.0
2013-02-12,70.8,70.01,71.0,71.0,4.0,9420.0,99311580.0
2013-02-13,70.75,70.0,71.0,71.0,3.0,10826.0,99311580.0
2013-02-14,70.75,69.0,71.0,69.0,6.0,18975.0,99311580.0
2013-02-15,70.7,69.05,71.0,71.0,4.0,44525.0,99311580.0
2013-02-18,71.0,68.0,71.0,68.0,15.0,51187.0,99311580.0
2013-02-19,67.7,66.0,68.0,66.75,13.0,59804.0,99311580.0
2013-02-20,65.575,63.0492,66.75,64.0,24.0,133190.0,99311580.0
2013-02-21,64.5,62.4223,64.0,64.25,5.0,63661.0,99311580.0
2013-02-22,65.0,63.725,64.25,64.25,9.0,126509.0,99311580.0
2013-02-25,63.8,63.65,64.25,64.25,3.0,13036.0,99311580.0
2013-02-26,64.4,63.56,64.25,65.0,5.0,23435.0,99311580.0
2013-02-27,64.6,64.55,65.0,65.0,4.0,9711.0,99311580.0
2013-02-28,67.8,65.4375,65.0,67.0,15.0,131953.0,99311580.0
2013-03-01,67.0,66.42,67.0,67.0,4.0,124313.0,99311580.0
2013-03-04,66.52,66.52,67.0,67.0,2.0,8539.0,99311580.0
2013-03-05,66.56,66.52,67.0,67.0,6.0,67189.0,99311580.0
2013-03-06,67.55,66.0,67.0,67.0,8.0,327916.0,99311580.0
2013-03-07,67.15,66.2,67.0,67.0,4.0,10004.0,99311580.0
2013-03-08,67.0,66.0,67.0,67.0,4.0,23893.0,99311580.0
2013-03-11,66.96,66.0,67.0,67.0,8.0,22093.0,99311580.0
2013-03-12,,,,67.0,,,99311580.0
2013-03-13,66.0,66.0,67.0,67.0,1.0,718.0,99311580.0
2013-03-14,66.92,66.0,67.0,67.0,6.0,19681.0,99311580.0
2013-03-15,66.9,66.0,67.0,67.0,3.0,16340.0,99311580.0
2013-03-18,66.0,65.5,67.0,66.5,11.0,83645.0,99311580.0
2013-03-19,65.55,65.5,66.5,66.5,4.0,13508.0,99311580.0
2013-03-20,66.3666,65.5,66.5,66.5,5.0,42132.0,99311580.0
2013-03-21,66.35,65.61,66.5,66.5,8.0,40895.0,99311580.0
2013-03-22,67.9,66.01,67.0,67.0,9.0,29252.0,99311580.0
2013-03-25,67.0,64.05,67.0,65.0,22.0,172319.0,99311580.0
2013-03-26,65.0,64.05,65.0,65.0,7.0,112320.0,99311580.0
2013-03-27,64.7,63.0,65.0,64.25,10.0,38963.0,99311580.0
2013-03-28,64.0,63.0,64.25,64.25,11.0,72782.0,99311580.0
2013-04-02,64.0,62.5,64.25,63.75,16.0,184237.0,99311580.0
2013-04-03,62.6,62.01,63.75,63.0,6.0,35602.0,99311580.0
2013-04-04,62.1,61.0,63.0,61.5,18.0,185907.0,99311580.0
2013-04-05,61.01,59.0,61.5,59.5,13.0,107829.0,99311580.0
2013-04-08,59.45,59.0,59.5,59.5,6.0,28757.0,99311580.0
2013-04-09,59.45,58.0,59.5,59.0,10.0,52007.0,99311580.0
2013-04-10,59.5,58.0,59.0,59.0,3.0,68020.0,99311580.0
2013-04-11,58.2,58.0,59.0,59.0,3.0,10940.0,99311580.0
2013-04-12,59.0,58.0,59.0,59.0,4.0,43438.0,99311580.0
2013-04-15,58.325,58.325,59.0,58.5,1.0,8530.0,99311580.0
2013-04-16,58.3,58.0,58.5,58.5,2.0,4593.0,99311580.0
2013-04-17,58.0,57.0,58.5,58.0,3.0,17728.0,99311580.0
2013-04-18,57.65,57.0,58.0,57.5,4.0,18805.0,99311580.0
2013-04-19,57.6,57.6,57.5,57.5,1.0,1000.0,99311580.0
2013-04-22,,,,57.375,,,99311580.0
2013-04-23,57.0,54.5,57.375,55.5,6.0,77466.0,99311580.0
2013-04-24,55.0,53.0,55.5,53.5,10.0,216337.0,99311580.0
2013-04-25,54.0,53.01,53.5,53.5,11.0,97112.0,99311580.0
2013-04-26,56.5,54.0,53.5,56.0,17.0,150403.0,99311580.0
2013-04-29,56.45,54.56,56.0,56.0,7.0,27596.0,99311580.0
2013-04-30,55.875,54.0,56.0,55.0,18.0,296849.0,99311580.0
2013-05-01,55.0,54.05,55.0,55.0,4.0,8276.0,99311580.0
2013-05-02,54.96,54.0,55.0,55.0,4.0,6662.0,99311580.0
2013-05-03,55.0,54.3,55.0,55.0,3.0,102392.0,99311580.0
2013-05-07,54.3,54.3,55.0,55.0,2.0,3913.0,99311580.0
2013-05-08,55.0,54.3,55.0,55.0,6.0,72873.0,99311580.0
2013-05-09,55.2,54.96,55.0,55.0,3.0,58220.0,99311580.0
2013-05-10,56.65,54.6,55.0,57.0,21.0,295172.0,99311580.0
2013-05-13,56.62,55.5,57.0,56.25,5.0,58353.0,99311580.0
2013-05-14,56.5,55.1,56.25,56.25,4.0,7155.0,99311580.0
2013-05-15,55.3,55.0,56.25,56.25,3.0,16656.0,99311580.0
2013-05-16,56.61,55.3,56.25,56.25,4.0,20974.0,99311580.0
2013-05-17,56.7,55.42,56.25,56.25,3.0,41568.0,99311580.0
2013-05-20,56.85,55.45,56.5,56.25,12.0,232977.0,99311580.0
2013-05-21,56.5,55.2,56.25,56.25,14.0,71704.0,99311580.0
2013-05-22,56.5,55.2,56.25,55.75,11.0,59966.0,99311580.0
2013-05-23,56.0,55.0,55.75,55.5,14.0,248824.0,99311580.0
2013-05-24,55.685,55.2,55.5,55.5,2.0,4800.0,99311580.0
2013-05-28,55.664,55.05,55.5,55.5,10.0,48041.0,99311580.0
2013-05-29,55.62,55.12,55.5,55.5,6.0,32191.0,99311580.0
2013-05-30,55.58,55.14,55.5,55.5,5.0,11557.0,99311580.0
2013-05-31,55.15,55.15,55.5,55.5,1.0,3511.0,99311580.0
2013-06-03,55.57,54.0,55.5,55.25,4.0,68082.0,99311580.0
2013-06-04,55.5,55.2,55.25,55.5,3.0,21872.0,99311580.0
2013-06-05,56.9,56.0,56.75,56.75,10.0,68717.0,99311580.0
2013-06-06,57.83,56.315,56.75,57.5,44.0,356512.0,99311580.0
2013-06-07,57.725,56.75,57.5,57.5,32.0,406119.0,99311580.0
2013-06-10,57.575,57.0,57.5,57.5,16.0,155464.0,99311580.0
2013-06-11,57.35,57.0,57.5,57.5,10.0,152796.0,99311580.0
2013-06-12,57.2125,56.1,57.5,57.0,4.0,9357.0,99311580.0
2013-06-13,57.2,56.125,57.0,57.0,6.0,25767.0,99311580.0
2013-06-14,57.55,56.4196,57.0,57.0,19.0,101874.0,99311580.0
2013-06-17,57.75,56.6,57.0,57.0,45.0,305782.0,99311580.0
2013-06-18,57.1915,56.65,57.0,57.0,17.0,110755.0,99311580.0
2013-06-19,57.14,57.0,57.0,57.0,5.0,219500.0,99311580.0
2013-06-20,57.08,56.5,57.0,57.0,7.0,140751.0,99311580.0
2013-06-21,57.0,56.5,57.0,57.0,10.0,148575.0,99311580.0
2013-06-24,56.9999,56.3,57.0,57.0,12.0,41553.0,99311580.0
2013-06-25,56.8,56.78,57.0,57.0,2.0,10500.0,99311580.0
2013-06-26,56.7,56.0,57.0,57.0,3.0,21748.0,99311580.0
2013-06-27,56.7,56.0,57.0,56.5,9.0,65460.0,99311580.0
2013-06-28,56.475,56.05,56.5,56.5,10.0,26639.0,99311580.0
2013-07-01,56.85,56.1,56.5,56.5,5.0,657195.0,99311580.0
2013-07-02,56.8,56.22,56.5,56.5,9.0,86450.0,99311580.0
2013-07-03,56.8,56.35,56.5,56.5,3.0,19802.0,99311580.0
2013-07-04,56.7,56.22,56.5,56.5,6.0,27843.0,99311580.0
2013-07-05,56.8,56.4196,57.0,57.0,7.0,21302.0,99311580.0
2013-07-08,56.7,56.24,57.0,57.0,4.0,39010.0,99311580.0
2013-07-09,56.69,56.2,57.0,57.0,5.0,106498.0,99311580.0
2013-07-10,57.0,57.0,57.0,57.0,2.0,13706.0,99311580.0
2013-07-11,57.1,56.44,57.0,57.0,7.0,15332.0,99311580.0
2013-07-12,60.0,57.0,57.0,59.25,34.0,306596.0,99311580.0
2013-07-15,61.7,59.99,59.25,61.25,21.0,87610.0,99311580.0
2013-07-16,61.75,61.0,61.25,61.25,8.0,91862.0,99311580.0
2013-07-17,61.6,61.0,61.25,61.5,5.0,32634.0,99311580.0
2013-07-18,61.61,61.0,61.5,61.5,9.0,36927.0,99311580.0
2013-07-19,61.0,59.3,61.5,60.0,13.0,86501.0,99311580.0
2013-07-22,60.7,60.5,60.0,60.0,3.0,29255.0,99311580.0
2013-07-23,61.0,59.41,60.0,60.75,13.0,994430.0,99311580.0
2013-07-24,61.2727,60.5,61.0,60.75,3.0,84000.0,99311580.0
2013-07-25,61.0,60.5,60.75,60.75,7.0,34261.0,99311580.0
2013-07-26,60.975,60.975,60.75,60.75,1.0,5.0,99311580.0
2013-07-29,60.975,60.625,60.75,60.75,4.0,15281.0,99311580.0
2013-07-30,60.9,60.9,60.75,60.75,1.0,100.0,99311580.0
2013-07-31,60.75,60.625,60.75,60.75,2.0,18902.0,99311580.0
2013-08-01,60.9,60.4,60.75,60.75,2.0,2719.0,99311580.0
2013-08-02,60.915,60.4,60.25,60.75,6.0,111605.0,99311580.0
2013-08-05,60.9,60.6079,60.75,60.75,5.0,129374.0,99311580.0
2013-08-06,61.0,60.75,60.75,60.75,3.0,60150.0,99311580.0
2013-08-07,,,,60.75,,,99311580.0
2013-08-08,,,,60.75,,,99311580.0
2013-08-09,61.1,60.765,60.75,60.75,2.0,3733.0,99311580.0
2013-08-12,63.25,60.765,60.75,62.25,12.0,72927.0,99311580.0
2013-08-13,67.5,63.35,62.25,65.75,34.0,169333.0,99311580.0
2013-08-14,65.5,64.64,65.75,64.5,13.0,149041.0,99311580.0
2013-08-15,64.25,63.0,64.5,64.0,12.0,129251.0,99311580.0
2013-08-16,63.75,63.0,64.0,63.5,8.0,37174.0,99311580.0
2013-08-19,63.25,62.98,63.5,63.25,5.0,25530.0,99311580.0
2013-08-20,63.25,62.98,63.25,63.25,2.0,12803.0,99311580.0
2013-08-21,63.5,63.0,63.25,63.25,6.0,20183.0,99311580.0
2013-08-22,63.24,62.5,63.25,63.25,7.0,68376.0,99311580.0
2013-08-23,62.9,62.9,63.25,63.25,1.0,2250.0,99311580.0
2013-08-27,63.2,62.5,63.25,63.0,3.0,36911.0,99311580.0
2013-08-28,62.8,62.24,63.0,63.0,4.0,8913.0,99311580.0
2013-08-29,,,,63.0,,,99311580.0
2013-08-30,62.8,62.24,63.0,63.0,6.0,10010.0,99311580.0
2013-09-02,68.0,62.0,63.25,68.0,160.0,1144193.0,99311580.0
2013-09-03,69.5,67.71,67.5,68.5,34.0,198311.0,99311580.0
2013-09-04,69.276,68.5,68.5,68.5,12.0,41207.0,99311580.0
2013-09-05,69.49,68.6325,68.5,69.0,14.0,60143.0,99311580.0
2013-09-06,71.0,69.0,69.0,70.25,38.0,226236.0,99311580.0
2013-09-09,73.95,70.35,70.25,73.0,57.0,371647.0,99311580.0
2013-09-10,75.4,72.88,73.0,73.0,60.0,411783.0,99311580.0
2013-09-11,75.0,72.91,73.0,74.25,23.0,175315.0,99311580.0
2013-09-12,75.0,74.5,74.25,74.875,15.0,87708.0,99311580.0
2013-09-13,74.94,74.165,74.875,74.25,18.0,122650.0,99311580.0
2013-09-16,74.93,72.88,74.25,73.0,26.0,213450.0,99311580.0
2013-09-17,72.88,71.0,73.0,71.0,21.0,107101.0,99311580.0
2013-09-18,73.5,71.5,71.0,72.75,11.0,90151.0,99311580.0
2013-09-19,73.37,72.6,72.75,73.0,10.0,107104.0,99311580.0
2013-09-20,73.25,72.62,73.0,73.0,9.0,12008.0,99311580.0
2013-09-23,73.34,72.64,73.0,73.25,11.0,48663.0,99311580.0
2013-09-24,73.07,71.71,73.25,72.25,5.0,51846.0,99311580.0
2013-09-25,72.445,71.71,72.25,72.25,11.0,66201.0,99311580.0
2013-09-26,72.75,68.53,72.5,69.25,39.0,202526.0,99311580.0
2013-09-27,70.0,68.0,69.25,68.25,19.0,151016.0,99311580.0
2013-09-30,68.51,68.05,68.25,68.5,15.0,155135.0,99311580.0
2013-10-01,69.0,68.1,68.5,69.0,7.0,340991.0,99311580.0
2013-10-02,69.2,69.02,69.0,69.0,2.0,5040.0,99311580.0
2013-10-03,69.97,68.4,69.0,70.0,15.0,186940.0,99311580.0
2013-10-04,71.0,69.5,70.0,70.0,12.0,135630.0,99311580.0
2013-10-07,70.84,69.8,70.0,70.0,10.0,133273.0,99311580.0
2013-10-08,70.0,69.6825,70.0,69.75,5.0,106560.0,99311580.0
2013-10-09,70.0,69.7,69.75,69.75,4.0,86458.0,99311580.0
2013-10-10,70.2,69.6825,69.75,69.75,4.0,19898.0,99311580.0
2013-10-11,70.35,69.65,69.75,69.75,7.0,105550.0,99311580.0
2013-10-14,70.2,69.0,69.25,69.5,17.0,114875.0,99311580.0
2013-10-15,69.6,66.5989,69.5,68.5,11.0,136951.0,99311580.0
2013-10-16,68.45,67.5,68.5,68.0,5.0,25320.0,99311580.0
2013-10-17,67.83,67.075,68.0,67.5,7.0,39157.0,99311580.0
2013-10-18,68.0,67.1,67.5,67.5,6.0,54332.0,99311580.0
2013-10-21,71.0,67.98,67.5,70.25,19.0,107971.0,99311580.0
2013-10-22,73.5,71.0,70.5,73.0,25.0,190395.0,99311580.0
2013-10-23,75.68,70.06,73.0,75.0,87.0,449008.0,99311580.0
2013-10-24,75.73,73.7,75.0,73.75,35.0,179760.0,99311580.0
2013-10-25,74.5,73.0,73.75,74.25,18.0,230649.0,99311580.0
2013-10-28,74.3,73.5,74.25,74.0,10.0,35927.0,99311580.0
2013-10-29,73.875,73.0,74.0,74.0,6.0,25250.0,99311580.0
2013-10-30,73.8,73.0,74.0,74.0,3.0,11675.0,99311580.0
2013-10-31,73.125,73.0,74.0,73.0,7.0,20591.0,99311580.0
2013-11-01,72.7,71.25,73.0,72.0,11.0,99806.0,99311580.0
2013-11-04,71.95,71.0,72.0,71.5,6.0,28599.0,99311580.0
2013-11-05,71.9,70.0,71.5,71.5,4.0,12160.0,99311580.0
2013-11-06,71.26,69.75,71.5,71.5,6.0,43570.0,99311580.0
2013-11-07,72.0,70.0,71.5,71.5,6.0,12747.0,99311580.0
2013-11-08,72.7,70.0,71.5,72.0,6.0,81023.0,99311580.0
2013-11-11,72.2,71.0,72.0,72.0,5.0,26227.0,99311580.0
2013-11-12,71.9,71.03,72.0,72.0,4.0,4623.0,99311580.0
2013-11-13,71.8,71.0,72.0,72.0,3.0,5400.0,99311580.0
2013-11-14,71.03,70.8,72.0,71.0,3.0,6699.0,99311580.0
2013-11-15,71.14,70.01,71.0,71.0,3.0,2797.0,99311580.0
2013-11-18,71.2,70.0,71.0,70.5,6.0,15220.0,99311580.0
2013-11-19,70.64,69.51,70.5,70.5,3.0,8646.0,99311580.0
2013-11-20,70.5,69.5,70.5,70.5,2.0,8200.0,99311580.0
2013-11-21,70.25,68.5,70.5,68.625,11.0,49335.0,99311580.0
2013-11-22,68.685,67.5,68.625,68.125,10.0,48036.0,99311580.0
2013-11-25,68.5,67.5,68.125,68.25,8.0,23825.0,99311580.0
2013-11-26,68.6,67.0,68.25,68.25,8.0,63120.0,99311580.0
2013-11-27,69.0,67.98,68.25,68.5,6.0,37384.0,99311580.0
2013-11-28,74.0,68.8,68.5,72.5,20.0,121391.0,99311580.0
2013-11-29,75.48,72.50025,74.0,73.25,39.0,533912.0,99311580.0
2013-12-02,73.5,72.6,73.25,72.75,7.0,44270.0,99311580.0
2013-12-03,73.0,72.6,72.75,73.25,6.0,24235.0,99311580.0
2013-12-04,73.35,71.0,73.25,72.5,6.0,82507.0,99311580.0
2013-12-05,71.0,70.5,72.5,72.0,2.0,85000.0,99311580.0
2013-12-06,70.94,70.5,72.0,71.0,4.0,15387.0,99311580.0
2013-12-09,70.9,70.82,71.0,71.0,4.0,24640.0,99311580.0
2013-12-10,70.52,69.0,71.0,69.5,11.0,52313.0,99311580.0
2013-12-11,69.6,69.0,69.5,69.5,6.0,20795.0,99311580.0
2013-12-12,71.2,69.0,70.0,71.0,20.0,296462.0,99311580.0
2013-12-13,71.725,71.0,71.0,71.5,11.0,41292.0,99311580.0
2013-12-16,76.05,71.0,71.5,75.0,55.0,289377.0,99311580.0
2013-12-17,75.8,74.0,75.0,74.25,16.0,78359.0,99311580.0
2013-12-18,74.75,73.0,74.25,73.0,6.0,44664.0,99311580.0
2013-12-19,73.317,72.3,73.0,72.75,5.0,10620.0,99311580.0
2013-12-20,73.35,72.1,72.75,72.75,13.0,76254.0,99311580.0
2013-12-23,73.317,72.6,72.75,72.75,6.0,14278.0,99311580.0
2013-12-24,73.257,72.1,72.75,72.75,8.0,30246.0,99311580.0
2013-12-27,73.257,73.25,73.0,72.75,2.0,15000.0,99311580.0
2013-12-30,73.2,72.01,72.75,72.75,6.0,32885.0,99311580.0
2013-12-31,73.0,72.01,72.75,72.75,7.0,33146.0,99311580.0
2014-01-02,73.0,72.01,72.5,72.5,12.0,71971.0,99311580.0
2014-01-03,74.99,72.95,72.5,73.875,14.0,122797.0,99311580.0
2014-01-06,75.49,74.3,73.875,74.5,14.0,75187.0,99311580.0
2014-01-07,74.9,73.0,74.5,73.5,10.0,81368.0,99311580.0
2014-01-08,74.25,73.16,73.5,73.375,4.0,12387.0,99311580.0
2014-01-09,74.99,73.3,73.375,74.0,7.0,52701.0,99311580.0
2014-01-10,74.99,74.0,74.0,74.0,2.0,3321.0,99311580.0
2014-01-13,74.1,74.0,74.25,74.25,3.0,9251.0,99311580.0
2014-01-14,92.0,86.0,87.0,90.5,167.0,10036149.0,99311580.0
2014-01-15,97.85,91.0,91.5,94.5,97.0,2008019.0,99311580.0
2014-01-16,94.5,92.0,94.5,94.0,34.0,97692.0,99311580.0
2014-01-17,93.98,91.0,94.0,92.0,33.0,378874.0,99311580.0
2014-01-20,95.23,92.65,92.0,93.75,18.0,68357.0,99311580.0
2014-01-21,94.56,93.285714,93.75,94.0,9.0,87705.0,99311580.0
2014-01-22,94.77,93.285714,94.0,94.0,13.0,54615.0,99311580.0
2014-01-23,94.77,93.45,94.0,94.0,8.0,21010.0,99311580.0
2014-01-24,94.76,92.5,94.0,93.0,16.0,281363.0,99311580.0
2014-01-27,92.9,92.0,93.0,92.5,13.0,50492.0,99311580.0
2014-01-28,94.6,92.1,92.5,94.0,21.0,406645.0,99311580.0
2014-01-29,94.27,92.51,94.0,93.25,8.0,47861.0,99311580.0
2014-01-30,93.1933,92.1,93.0,93.0,9.0,56021.0,99311580.0
2014-01-31,92.1,92.01,93.0,93.0,4.0,13458.0,99311580.0
2014-02-03,93.5,92.02,93.0,93.0,5.0,47848.0,99311580.0
2014-02-04,92.75,91.5,92.5,92.5,8.0,60227.0,99311580.0
2014-02-05,92.5,92.02,92.5,92.5,2.0,2367.0,99311580.0
2014-02-06,92.02,92.01,92.5,92.5,5.0,10305.0,99311580.0
2014-02-07,92.00001,90.0,92.5,91.0,12.0,31135.0,99311580.0
2014-02-10,91.375,89.6862,91.0,90.0,7.0,71354.0,99311580.0
2014-02-11,90.5,89.72,90.0,90.0,7.0,15184.0,99311580.0
2014-02-12,90.29,89.74,90.0,90.0,5.0,14089.0,99311580.0
2014-02-13,90.2,89.64,90.0,90.0,4.0,21731.0,99311580.0
2014-02-14,89.99999,89.35,90.0,90.0,7.0,20808.0,99311580.0
2014-02-17,89.9,89.0,90.0,90.0,5.0,60915.0,99311580.0
2014-02-18,89.9,89.0,90.0,89.0,11.0,44678.0,99311580.0
2014-02-19,90.75,89.075,89.75,90.0,10.0,51934.0,99311580.0
2014-02-20,90.29,89.11,90.0,90.0,3.0,5329.0,99311580.0
2014-02-21,93.89,89.5,90.0,93.5,23.0,129096.0,99311580.0
2014-02-24,94.75,92.1,93.5,93.25,9.0,66849.0,99311580.0
2014-02-25,94.0,92.875,93.25,93.25,3.0,13063.0,99311580.0
2014-02-26,94.0,92.85,93.25,93.25,3.0,3722.0,99311580.0
2014-02-27,93.99,92.85,93.25,93.25,3.0,21551.0,99311580.0
2014-02-28,93.95,92.86,93.25,93.25,4.0,8448.0,99311580.0
2014-03-03,93.9,91.9,93.0,92.5,12.0,87957.0,99311580.0
2014-03-04,94.18,92.9,92.5,94.0,17.0,125791.0,99311580.0
2014-03-05,94.1,93.15,94.0,94.0,10.0,107717.0,99311580.0
2014-03-06,93.61,92.15,94.0,91.75,8.0,50685.0,99311580.0
2014-03-07,92.99,91.91,92.0,93.0,3.0,8692.0,99311580.0
2014-03-10,94.7,93.4,93.0,94.25,16.0,181491.0,99311580.0
2014-03-11,94.5,93.6,94.25,94.25,8.0,367499.0,99311580.0
2014-03-12,93.625,92.25,94.25,94.0,5.0,93755.0,99311580.0
2014-03-13,95.0,93.26,94.0,94.5,6.0,12527.0,99311580.0
2014-03-14,94.0,93.5,94.5,94.25,3.0,92216.0,99311580.0
2014-03-17,96.68,94.3,94.25,96.75,18.0,91765.0,99311580.0
2014-03-18,97.3,94.5,97.0,95.5,20.0,90550.0,99311580.0
2014-03-19,95.5,95.01,95.5,95.5,2.0,3403.0,99311580.0
2014-03-20,95.52,93.725,95.25,94.0,7.0,31475.0,99311580.0
2014-03-21,94.2,93.51,94.0,94.75,2.0,1500.0,99311580.0
2014-03-24,96.5,94.8,95.25,96.0,16.0,68749.0,99311580.0
2014-03-25,101.8,97.0,96.0,100.375,56.0,269853.0,99311580.0
2014-03-26,106.0,98.0,100.0,105.5,70.0,412358.0,99311580.0
2014-03-27,105.49,103.6,105.5,104.0,26.0,94468.0,99311580.0
2014-03-28,107.0,104.7,104.0,106.5,32.0,221463.0,99311580.0
2014-03-31,115.0,106.79,106.5,114.0,78.0,348752.0,99311580.0
2014-04-01,115.0,113.0,114.0,114.0,24.0,56481.0,99311580.0
2014-04-02,118.0,114.1,114.0,116.25,26.0,120010.0,99311580.0
2014-04-03,118.99,116.1,116.25,117.25,25.0,528296.0,99311580.0
2014-04-04,120.8921,117.25,117.25,119.5,34.0,198588.0,99311580.0
2014-04-07,120.0,117.21,118.5,118.5,35.0,156539.0,99311580.0
2014-04-08,118.65,117.01,118.5,118.0,19.0,337391.0,99311580.0
2014-04-09,117.71,114.5,118.0,115.0,25.0,1990289.0,99311580.0
2014-04-10,115.0,112.6,114.75,113.0,23.0,540335.0,99311580.0
2014-04-11,113.98,112.6,113.0,113.0,8.0,9660.0,99311580.0
2014-04-14,114.0,112.0,113.0,114.125,24.0,270461.0,99311580.0
2014-04-15,116.5,114.299,114.125,116.0,17.0,293177.0,99311580.0
2014-04-16,116.3,115.5,116.0,115.5,11.0,92284.0,99311580.0
2014-04-17,116.4,115.5,115.5,115.5,4.0,15517.0,99311580.0
2014-04-22,116.3,115.4,115.5,115.75,11.0,23839.0,99311580.0
2014-04-23,117.0,115.9,115.75,116.0,11.0,39560.0,99311580.0
2014-04-24,116.49,115.3,116.0,116.5,8.0,30993.0,99311580.0
2014-04-25,117.0,116.13,116.5,116.5,10.0,64555.0,99311580.0
2014-04-28,120.0,116.31,116.5,119.25,17.0,50126.0,99311580.0
2014-04-29,122.8,115.0,119.25,122.5,29.0,2197186.0,99311580.0
2014-04-30,123.0,118.4,122.5,120.25,28.0,131923.0,99311580.0
2014-05-01,121.1,119.3,120.25,120.5,14.0,228707.0,99311580.0
2014-05-02,121.0,119.0,120.5,120.0,12.0,21762.0,99311580.0
2014-05-06,121.0,119.6,120.0,121.0,9.0,15581.0,99311580.0
2014-05-07,121.75,120.8125,121.0,120.0,4.0,4063.0,99311580.0
2014-05-08,121.0,119.625,120.0,120.0,5.0,3333.0,99311580.0
2014-05-09,121.0,119.421875,120.0,119.75,6.0,25681.0,99311580.0
2014-05-12,121.0,119.0,119.75,119.5,10.0,96713.0,99311580.0
2014-05-13,121.7,119.657143,120.0,120.5,11.0,36782.0,99311580.0
2014-05-14,122.0,120.0,120.5,120.5,8.0,129673.0,99311580.0
2014-05-15,121.45,118.6,120.5,119.25,8.0,79566.0,99311580.0
2014-05-16,120.95,119.0,119.5,119.25,11.0,57561.0,99311580.0
2014-05-19,120.3923,119.55,119.25,119.25,9.0,20519.0,99311580.0
2014-05-20,121.0,119.6,119.25,120.0,4.0,20688.0,99311580.0
2014-05-21,121.25,119.85,120.0,120.5,10.0,30881.0,99311580.0
2014-05-22,122.0,120.9,121.25,122.5,11.0,38352.0,99311580.0
2014-05-23,121.99,118.4,119.0,121.25,23.0,126933.0,100799873.0
2014-05-27,121.925,121.125,121.25,122.0,12.0,241378.0,100799873.0
2014-05-28,124.97,120.0,122.0,124.25,61.0,290062.0,100799873.0
2014-05-29,126.18,124.11,124.25,124.5,13.0,55481.0,100799873.0
2014-05-30,124.85,123.6,124.5,124.25,15.0,34819.0,100799873.0
2014-06-02,124.7,123.0,124.25,123.0,23.0,96530.0,100799873.0
2014-06-03,125.75,122.1,124.0,122.5,31.0,96120.0,100799873.0
2014-06-04,120.75,117.1467,121.5,119.5,24.0,154199.0,100799873.0
2014-06-05,121.0,118.0,119.5,119.5,10.0,82449.0,100799873.0
2014-06-06,119.65,118.3,119.5,119.5,11.0,32118.0,100799873.0
2014-06-09,121.0,118.0,119.5,119.0,19.0,105701.0,100799873.0
2014-06-10,119.8,118.0,119.0,119.5,8.0,119964.0,100799873.0
2014-06-11,123.0,118.6,119.5,119.5,14.0,440874.0,100799873.0
2014-06-12,119.75,118.25,119.5,118.25,5.0,16448.0,100799873.0
2014-06-13,121.0,117.1,119.5,119.5,16.0,290254.0,100799873.0
2014-06-16,121.0,118.0,121.0,118.5,41.0,226281.0,100799873.0
2014-06-17,120.75,118.5,119.5,119.0,29.0,99849.0,100799873.0
2014-06-18,120.0,118.25,119.0,118.5,118.0,357580.0,100799873.0
2014-06-19,120.0,118.0,118.0,118.5,137.0,550436.0,100799873.0
2014-06-20,119.2353,111.0,118.75,115.75,112.0,7488177.0,100799873.0
2014-06-23,116.0,113.775,114.625,115.75,42.0,185540.0,100799873.0
2014-06-24,116.0,113.8,115.86,115.5,13.0,57136.0,100799873.0
2014-06-25,115.5,113.75,115.5,115.5,35.0,104905.0,100799873.0
2014-06-26,115.75,113.23,115.75,115.5,19.0,214041.0,100799873.0
2014-06-27,115.5,113.38,113.38,115.5,29.0,123952.0,100799873.0
2014-06-30,115.0,113.25,115.0,115.0,29.0,218452.0,100799873.0
2014-07-01,115.0,112.4386,112.9375,114.75,40.0,191984.0,100799873.0
2014-07-02,114.75,113.55,114.75,114.25,76.0,335000.0,100799873.0
2014-07-03,115.0,113.274,115.0,114.25,32.0,246856.0,100799873.0
2014-07-04,114.5,112.5875,113.9375,114.5,11.0,22283.0,100799873.0
2014-07-07,115.0,112.5213,112.5213,114.0,48.0,184345.0,100799873.0
2014-07-08,114.0,112.74,113.73,114.0,3.0,3518.0,100799873.0
2014-07-09,114.0,112.5,113.125,113.5,22.0,280351.0,100799873.0
2014-07-10,114.0,112.5,112.74,114.0,13.0,76184.0,100799873.0
2014-07-11,114.0,113.13,113.25,114.0,26.0,48901.0,100799873.0
2014-07-14,114.0,112.59,112.59,113.75,15.0,490117.0,100799873.0
2014-07-15,113.25,112.3,112.31,113.25,6.0,19541.0,100799873.0
2014-07-16,114.0,112.31,112.5125,114.0,6.0,14833.0,100799873.0
2014-07-17,113.75,112.725,113.5,113.75,4.0,12565.0,100799873.0
2014-07-18,113.0,111.5,112.5213,112.0,7.0,18337.0,100799873.0
2014-07-21,113.0,110.5,111.45,111.75,21.0,66555.0,100799873.0
2014-07-22,111.75,110.3625,110.6,111.75,7.0,13242.0,100799873.0
2014-07-23,113.0,110.2918,112.0086,113.0,4.0,31625.0,100799873.0
2014-07-24,113.0,110.0,110.25,110.5,28.0,27290.0,100799873.0
2014-07-25,111.0,109.0,110.0,109.5,13.0,28974.0,100799873.0
2014-07-28,109.0,106.0,109.0,109.0,26.0,88661.0,100799873.0
2014-07-29,106.625,102.25,106.25,105.0,39.0,303196.0,100799873.0
2014-07-30,105.0,102.47,102.47,103.0,14.0,11331.0,100799873.0
2014-07-31,106.0,102.0,102.0,105.75,23.0,17723.0,100799873.0
2014-08-01,105.0,102.5,103.0,105.0,59.0,89651.0,100799873.0
2014-08-04,106.0,102.32,102.5687,105.75,18.0,146242.0,100799873.0
2014-08-05,104.69,102.34,104.6481,105.375,7.0,35499.0,100799873.0
2014-08-06,105.75,103.23,104.65,105.75,9.0,36846.0,100799873.0
2014-08-07,106.0,102.25,103.23,106.0,10.0,23502.0,100799873.0
2014-08-08,107.0,103.096154,103.45,104.0,20.0,107459.0,100799873.0
2014-08-11,105.0,104.72,105.0,106.0,2.0,8500.0,100799873.0
2014-08-12,109.0,105.0,108.0,105.0,5.0,6372.0,100799873.0
2014-08-13,107.65,105.72,107.65,107.0,3.0,7655.0,100799873.0
2014-08-14,107.0,105.0,106.91,105.0,15.0,9422.0,100799873.0
2014-08-15,106.5,105.0,105.96,105.5,16.0,36822.0,100799873.0
2014-08-18,108.75,105.0,108.75,105.0,30.0,66910.0,100799873.0
2014-08-19,106.0,103.075,105.25,103.5,24.0,71506.0,100799873.0
2014-08-20,104.0,103.0,104.0,103.0,18.0,36370.0,100799873.0
2014-08-21,104.0,102.47,104.0,103.0,21.0,7674.0,100799873.0
2014-08-22,104.0,102.47,104.0,103.0,6.0,47717.0,100799873.0
2014-08-26,104.75,102.25,104.75,102.75,10.0,12372.0,100799873.0
2014-08-27,104.0,102.0,103.39,102.0,39.0,41664.0,100799873.0
2014-08-28,104.0,102.39,102.39,103.125,4.0,6037.0,100799873.0
2014-08-29,104.0,102.34,104.0,102.625,4.0,3933.0,100799873.0
2014-09-01,102.9,98.0,102.342367,98.0,28.0,123604.0,100799873.0
2014-09-02,99.5,96.94,96.94,98.25,9.0,29809.0,100799873.0
2014-09-03,100.0,96.9125,97.1,97.5,21.0,74680.0,100799873.0
2014-09-04,99.0,96.5,97.27,96.5,16.0,28842.0,100799873.0
2014-09-05,100.0,95.0,100.0,95.0,42.0,47122.0,100799873.0
2014-09-08,98.2656,95.69,95.69,96.0,15.0,24832.0,100799873.0
2014-09-09,99.0,96.25,99.0,97.0,20.0,40005.0,100799873.0
2014-09-10,98.8943,96.95,98.7742,98.0,34.0,91787.0,100799873.0
2014-09-11,99.0,96.25,96.98,96.25,34.0,52507.0,100799873.0
2014-09-12,97.0,95.5,97.0,96.75,22.0,72194.0,100799873.0
2014-09-15,97.0,95.6,95.88,96.0,24.0,37380.0,100799873.0
2014-09-16,97.25,95.0,96.0,95.0,34.0,133955.0,100799873.0
2014-09-17,95.65,93.25,95.19,93.25,17.0,70369.0,100799873.0
2014-09-18,93.13,91.0,93.13,92.5,24.0,93541.0,100799873.0
2014-09-19,93.5,90.45,92.0675,90.75,15.0,40399.0,100799873.0
2014-09-22,94.25,90.9868,92.875,92.5,45.0,155850.0,100799873.0
2014-09-23,96.0,92.25,92.25,95.0,110.0,535611.0,100799873.0
2014-09-24,96.5,95.29,96.0,96.0,54.0,204925.0,100799873.0
2014-09-25,97.0,95.65,96.245,96.0,55.0,198031.0,100799873.0
2014-09-26,98.1025,96.37,96.75,97.0,42.0,199678.0,100799873.0
2014-09-29,97.77,97.25,97.45,97.5,42.0,264808.0,100799873.0
2014-09-30,98.25,97.8,97.8,98.0,32.0,374451.0,100799873.0
2014-10-01,98.25,97.6875,97.93,97.75,21.0,45272.0,100799873.0
2014-10-02,98.5,97.4091,97.98,97.875,22.0,76383.0,100799873.0
2014-10-03,98.5,97.84,97.84,98.0,28.0,203572.0,100799873.0
2014-10-06,98.5,98.0,98.05,98.0,33.0,128463.0,100799873.0
2014-10-07,98.5,97.87,97.95,98.0,30.0,114524.0,100799873.0
2014-10-08,97.75,96.0,97.0,96.0,34.0,104228.0,100799873.0
2014-10-09,98.0,95.9238,96.25,96.625,10.0,36007.0,100799873.0
2014-10-10,96.43,93.25,96.43,95.5,18.0,104410.0,100799873.0
2014-10-13,96.1,93.0,96.1,94.0,32.0,250269.0,100799873.0
2014-10-14,95.25,93.0,94.0,93.0,36.0,86619.0,100799873.0
2014-10-15,95.0,92.23,94.74,95.0,31.0,81678.0,100799873.0
2014-10-16,94.0,92.18,92.91,92.5,15.0,68064.0,100799873.0
2014-10-17,95.0,93.75,94.0,94.75,40.0,135605.0,100799873.0
2014-10-20,95.0,94.0,94.5,94.0,17.0,58236.0,100799873.0
2014-10-21,95.0,93.0,93.0,94.0,36.0,95088.0,100799873.0
2014-10-22,95.3339,91.25,95.0,91.25,35.0,212460.0,100799873.0
2014-10-23,95.0,92.7588,93.0,94.375,7.0,11585.0,100799873.0
2014-10-24,95.0,93.5843,95.0,95.0,20.0,146785.0,100799873.0
2014-10-27,95.02,94.56,94.66,94.75,22.0,93221.0,100799873.0
2014-10-28,95.0,94.625,94.6718,95.0,15.0,67859.0,100799873.0
2014-10-29,95.0,93.0,93.0,94.75,24.0,52807.0,100799873.0
2014-10-30,94.0,92.7325,94.0,93.25,11.0,62677.0,100799873.0
2014-10-31,93.6,92.58,92.58,93.375,10.0,22994.0,100799873.0
2014-11-03,93.125,90.97,92.38,92.25,33.0,138544.0,100799873.0
2014-11-04,91.5,88.0,91.09,88.0,36.0,81963.0,100799873.0
2014-11-05,89.98,85.5,88.25,88.0,57.0,179283.0,100799873.0
2014-11-06,88.0,85.25,87.35,86.625,22.0,46715.0,100799873.0
2014-11-07,87.6484,85.13,87.2712,85.625,15.0,89283.0,100799873.0
2014-11-10,85.35,84.25,85.34,85.0,40.0,184378.0,100799873.0
2014-11-11,86.5,84.925,85.0,85.375,58.0,209579.0,100799873.0
2014-11-12,86.6688,84.58,85.5,86.5,34.0,83177.0,100799873.0
2014-11-13,87.0,85.53,86.74,85.625,9.0,13073.0,100799873.0
2014-11-14,87.69375,85.825,87.26,85.75,20.0,37522.0,100799873.0
2014-11-17,88.3125,86.25,88.0063,86.375,17.0,523425.0,100799873.0
2014-11-18,86.9,85.88,86.9,85.75,17.0,59091.0,100799873.0
2014-11-19,86.25,85.64,86.215,85.75,8.0,24737.0,100799873.0
2014-11-20,86.94375,85.0,86.94375,85.875,7.0,1672669.0,100799873.0
2014-11-21,87.0,85.0,86.69375,85.0,10.0,26160.0,100799873.0
2014-11-24,87.0,86.0,86.7375,87.0,14.0,30259.0,100799873.0
2014-11-25,87.51,85.7,85.7,86.25,6.0,24875.0,100799873.0
2014-11-26,88.3875,86.1875,86.1875,87.0,7.0,7402.0,100799873.0
2014-11-27,88.0,86.0,86.2886,86.75,9.0,96213.0,100799873.0
2014-11-28,89.0,85.71,85.71,89.0,9.0,17367.0,100799873.0
2014-12-01,86.85,85.5295,86.85,87.0,8.0,29159.0,100799873.0
2014-12-02,86.85,85.0,86.85,85.0,9.0,22596.0,100799873.0
2014-12-03,86.8,86.78,86.8,86.25,2.0,3547.0,100799873.0
2014-12-04,88.5,85.25,86.8,86.75,9.0,34500.0,100799873.0
2014-12-05,86.8,84.88,86.8,85.375,15.0,83681.0,100799873.0
2014-12-08,86.0,84.5,85.65,84.5,26.0,60656.0,100799873.0
2014-12-09,85.0,84.75,84.96,84.875,19.0,59415.0,100799873.0
2014-12-10,84.5625,82.5,84.1264,84.0,10.0,24665.0,100799873.0
2014-12-11,84.0,81.35,84.0,81.625,31.0,374044.0,100799873.0
2014-12-12,80.5,78.0,80.0,79.0,38.0,151026.0,100799873.0
2014-12-15,79.466667,77.5,79.466667,77.75,29.0,177437.0,100799873.0
2014-12-16,83.0,78.19,79.325,83.0,39.0,175997.0,100799873.0
2014-12-17,84.0,82.0,83.0,83.25,25.0,57895.0,100799873.0
2014-12-18,84.0,82.6,82.8,83.125,5.0,9058.0,100799873.0
2014-12-19,84.75,82.0,82.47,84.0,25.0,88322.0,100799873.0
2014-12-22,91.6,84.76,84.76,89.0,64.0,292224.0,100799873.0
2014-12-23,89.28,87.0,89.28,87.0,17.0,93177.0,100799873.0
2014-12-24,88.5,87.56,88.48,88.0,7.0,45413.0,100799873.0
2014-12-29,88.85,88.28,88.48,88.5,8.0,27713.0,100799873.0
2014-12-30,89.78,88.28,88.28,88.5,26.0,97659.0,100799873.0
2014-12-31,89.8,88.0,89.3,88.0,20.0,120824.0,100799873.0
2015-01-02,91.0,89.0,89.225,89.0,24.0,64602.0,100799873.0
2015-01-05,93.3125,89.9375,91.67,90.0,33.0,148968.0,100799873.0
2015-01-06,94.0,90.0,90.0,90.75,30.0,455746.0,100799873.0
2015-01-07,93.0,91.51,91.51,91.75,27.0,147241.0,100799873.0
2015-01-08,91.8425,90.5,91.75,91.5,16.0,65717.0,100799873.0
2015-01-09,91.75,90.25,90.83,90.125,8.0,17592.0,100799873.0
2015-01-12,91.155,88.5,91.155,88.5,15.0,71573.0,100799873.0
2015-01-13,92.0,88.86,92.0,89.0,17.0,40143.0,100799873.0
2015-01-14,91.008333,85.0,91.008333,85.0,23.0,114100.0,100799873.0
2015-01-15,86.75,85.3,85.9863,86.5,9.0,28509.0,100799873.0
2015-01-16,86.35,84.28,85.0,86.0,20.0,59555.0,100799873.0
2015-01-19,88.34,85.0,87.2,85.0,12.0,38527.0,100799873.0
2015-01-20,86.03,84.5,85.8625,86.0,21.0,24519.0,100799873.0
2015-01-21,87.0,84.0,87.0,86.5,10.0,31504.0,100799873.0
2015-01-22,87.0,85.37,87.0,86.0,8.0,31583.0,100799873.0
2015-01-23,86.86,83.75,85.0,86.25,8.0,20954.0,100799873.0
2015-01-26,86.1,84.55,85.97,85.375,6.0,21052.0,100799873.0
2015-01-27,85.0,83.77,83.77,84.25,3.0,7480.0,100799873.0
2015-01-28,85.0,83.73,85.0,84.0,7.0,45176.0,100799873.0
2015-01-29,83.98,83.65,83.98,84.25,5.0,6904.0,100799873.0
2015-01-30,85.45,84.0,85.19,84.0,9.0,26053.0,100799873.0
2015-02-02,87.0,84.655,87.0,86.25,8.0,13634.0,100799873.0
2015-02-03,87.0,85.24,87.0,87.0,5.0,6158.0,100799873.0
2015-02-04,87.25,83.5,87.0,86.0,19.0,31216.0,100799873.0
2015-02-05,90.25,86.0,88.0,89.25,33.0,88699.0,100799873.0
2015-02-06,92.0,87.25,90.5,89.0,30.0,59163.0,100799873.0
2015-02-09,93.0625,89.79,90.475,91.5,35.0,351858.0,100799873.0
2015-02-10,93.5,91.4375,93.5,91.5,10.0,32518.0,100799873.0
2015-02-11,95.75,90.7875,93.75,95.75,44.0,224747.0,100799873.0
2015-02-12,95.5,94.0,95.5,94.375,29.0,187785.0,100799873.0
2015-02-13,94.5,92.9375,92.9375,93.5,12.0,14712.0,100799873.0
2015-02-16,95.0,92.4525,93.98,94.0,23.0,132906.0,100799873.0
2015-02-17,94.375,94.0,94.0,94.0,6.0,15452.0,100799873.0
2015-02-18,94.75,92.0,92.9375,92.875,11.0,42994.0,100799873.0
2015-02-19,94.75,91.145,92.0,93.125,21.0,48156.0,100799873.0
2015-02-20,96.0,91.0,91.5,96.0,24.0,3047511.0,100799873.0
2015-02-23,96.25,94.0,94.0,95.75,28.0,148594.0,100799873.0
2015-02-24,98.545,95.125,95.125,97.0,31.0,172391.0,100799873.0
2015-02-25,97.51,96.125,96.125,97.5,10.0,19286.0,100799873.0
2015-02-26,99.0,97.25,97.5,98.5,24.0,76403.0,100799873.0
2015-02-27,101.0,96.875,98.8811,99.75,34.0,132558.0,100799873.0
2015-03-02,105.0,100.9812,100.9812,103.5,48.0,174784.0,100799873.0
2015-03-03,104.27,100.5,104.27,100.5,16.0,30435.0,100799873.0
2015-03-04,102.6086,101.0,102.35,102.0,22.0,99058.0,100799873.0
2015-03-05,102.5,100.25,102.19,100.625,24.0,99617.0,100799873.0
2015-03-06,101.88,99.0,100.48,99.5,29.0,100768.0,100799873.0
2015-03-09,102.5,99.58,102.0,101.5,34.0,160232.0,100799873.0
2015-03-10,102.090667,99.85,99.85,102.0,19.0,83812.0,100799873.0
2015-03-11,101.89,99.85,101.75,100.5,16.0,53815.0,100799873.0
2015-03-12,101.25,99.22296,100.0,100.0,14.0,64342.0,100799873.0
2015-03-13,100.0,98.34,98.34,99.75,11.0,44344.0,100799873.0
2015-03-16,100.0,99.1225,100.0,99.5,12.0,100462.0,100799873.0
2015-03-17,102.25,100.375,100.375,102.0,4.0,3968.0,100799873.0
2015-03-18,102.0,99.26,99.26,102.0,6.0,28332.0,100799873.0
2015-03-19,102.0,99.84,100.5775,102.0,10.0,58125.0,100799873.0
2015-03-20,101.5,98.0,100.5,98.0,12.0,43291.0,100799873.0
2015-03-23,104.0,101.0,101.0,104.0,40.0,88206.0,100799873.0
2015-03-24,105.5,101.7025,103.23,105.5,29.0,67877.0,100799873.0
2015-03-25,109.1,106.25,109.1,107.0,62.0,288815.0,100799873.0
2015-03-26,109.0,106.83,107.43,109.0,42.0,167704.0,100799873.0
2015-03-27,110.2,107.325,108.75,110.0,44.0,220520.0,100799873.0
2015-03-30,109.0,106.0,106.8275,109.0,52.0,276977.0,100799873.0
2015-03-31,108.3475,106.5,107.0,107.0,13.0,48848.0,100799873.0
2015-04-01,107.98,106.39,107.98,107.5,18.0,58551.0,100799873.0
2015-04-02,108.37,98.1703,106.25,99.0,50.0,209718.0,100799873.0
2015-04-07,104.25,99.75,100.8125,102.75,16.0,48585.0,100799873.0
2015-04-08,103.775,100.5,101.0625,102.25,19.0,47469.0,100799873.0
2015-04-09,104.5,100.3046,103.515,104.5,12.0,41810.0,100799873.0
2015-04-10,104.0,101.2862,101.2862,104.0,21.0,86942.0,100799873.0
2015-04-13,104.5,101.0,103.49,103.0,17.0,81587.0,100799873.0
2015-04-14,105.0,101.0,101.0,105.0,24.0,63592.0,100799873.0
2015-04-15,105.75,103.0,103.75,105.75,12.0,20439.0,100799873.0
2015-04-16,105.0,103.0,103.0,103.75,8.0,1953925.0,100799873.0
2015-04-17,105.5,104.5,104.58,104.75,9.0,22922.0,100799873.0
2015-04-20,105.1754,102.25,104.705,102.25,27.0,87565.0,100799873.0
2015-04-21,104.125,99.4375,104.125,101.0,28.0,99535.0,100799873.0
2015-04-22,101.78,99.0,101.78,100.0,10.0,17765.0,100799873.0
2015-04-23,99.67,95.0,99.355,95.0,74.0,255290.0,100799873.0
2015-04-24,95.625,93.0,95.0,94.0,61.0,562764.0,100799873.0
2015-04-27,98.0,94.0,94.0,97.75,64.0,150876.0,100799873.0
2015-04-28,98.0,96.5,98.0,96.75,11.0,27952.0,100799873.0
2015-04-29,97.23,96.0,96.5,96.875,14.0,38816.0,100799873.0
2015-04-30,97.12,95.0,96.3,96.0,12.0,18499.0,100799873.0
2015-05-01,96.24,94.0,95.0202,94.5,9.0,26897.0,100799873.0
2015-05-05,95.5,93.0,93.0,95.5,20.0,77696.0,100799873.0
2015-05-06,95.47,92.0,94.0,94.0,15.0,47775.0,100799873.0
2015-05-07,93.0,88.2,93.0,88.5,61.0,189263.0,100799873.0
2015-05-08,92.0,89.554231,89.733333,91.375,14.0,99843.0,100799873.0
2015-05-11,91.625,89.5,91.05,90.0,33.0,188631.0,100799873.0
2015-05-12,91.22,89.0,91.22,89.125,18.0,68158.0,100799873.0
2015-05-13,92.588,90.68,90.68,91.0,19.0,66843.0,100799873.0
2015-05-14,94.6407,93.25,93.45,94.0,20.0,80887.0,100799873.0
2015-05-15,96.35,94.0,95.0,94.5,26.0,62380.0,100799873.0
2015-05-18,101.0,97.0,97.0,98.25,35.0,92825.0,100799873.0
2015-05-19,99.5875,97.6719,98.52,98.5,20.0,68504.0,100799873.0
2015-05-20,100.5,97.9869,99.5,100.5,18.0,162602.0,100799873.0
2015-05-21,102.0,98.0,100.5,98.0,18.0,69556.0,100799873.0
2015-05-22,105.8125,102.52,102.52,105.75,43.0,145850.0,100799873.0
2015-05-26,106.0,102.0,105.0,104.0,18.0,965206.0,100799873.0
2015-05-27,103.05,103.0,103.0,103.25,2.0,11000.0,100799873.0
2015-05-28,108.0,101.8,101.8,108.0,29.0,1537366.0,100799873.0
2015-05-29,108.0,105.5,108.0,108.0,31.0,96653.0,100799873.0
2015-06-01,108.5,105.0,105.66,107.5,20.0,74572.0,100799873.0
2015-06-02,110.0,107.0,110.0,110.0,16.0,63594.0,100799873.0
2015-06-03,112.0,106.72,110.0,109.75,58.0,206705.0,100799873.0
2015-06-04,110.0,106.0,108.6,110.0,18.0,54988.0,100799873.0
2015-06-05,109.34,107.0,107.96,108.5,14.0,35370.0,100799873.0
2015-06-08,108.68,107.48,107.48,107.75,7.0,21098.0,100799873.0
2015-06-09,107.48,105.75,107.48,106.875,7.0,17539.0,100799873.0
2015-06-10,109.0,104.0,109.0,104.0,13.0,29617.0,100799873.0
2015-06-11,106.0,103.6586,104.0,106.0,12.0,62878.0,100799873.0
2015-06-12,105.1,102.3193,103.75,105.0,39.0,55837.0,100799873.0
2015-06-15,104.0,100.0,103.25,101.25,20.0,88147.0,100799873.0
2015-06-16,101.5,99.0,99.8,101.5,9.0,28078.0,100799873.0
2015-06-17,102.0,100.0,101.665,102.0,8.0,12827.0,100799873.0
2015-06-18,102.25,99.8,101.0,102.25,8.0,23043.0,100799873.0
2015-06-19,103.0,95.25,100.0,95.25,64.0,83756.0,100799873.0
2015-06-22,99.1,97.0,99.09991,97.5,12.0,29420.0,100799873.0
2015-06-23,100.0,97.0,97.6,100.0,18.0,26939.0,100799873.0
2015-06-24,101.0,99.39994,99.4,101.0,10.0,12956.0,100799873.0
2015-06-25,101.0,97.44,101.0,99.0,4.0,56134.0,100799873.0
2015-06-26,101.0,98.0,100.0,101.0,5.0,11177.0,100799873.0
2015-06-29,99.32,97.75,98.4,99.5,10.0,27645.0,100799873.0
2015-06-30,99.75,98.0,98.0,98.0,23.0,16046.0,100799873.0
2015-07-01,99.5,98.0,99.5,98.0,4.0,5871.0,100799873.0
2015-07-02,99.35,98.0,98.48,99.625,7.0,230032.0,100799873.0
2015-07-03,98.9,97.7185,97.7185,99.0,7.0,73053.0,100799873.0
2015-07-06,98.76,97.5,98.76,98.75,5.0,12400.0,100799873.0
2015-07-07,100.0,97.0,98.32,97.0,4.0,2351.0,100799873.0
2015-07-08,100.0,97.0,100.0,97.0,11.0,4923.0,100799873.0
2015-07-09,97.21,97.2,97.2,98.5,2.0,6681.0,100799873.0
2015-07-10,100.0,97.0,100.0,100.0,15.0,9446.0,100799873.0
2015-07-13,100.0,97.0,100.0,97.0,8.0,10382.0,100799873.0
2015-07-14,98.35,97.0,98.35,98.0,9.0,23077.0,100799873.0
2015-07-15,99.75,97.0,99.75,97.0,5.0,10207.0,100799873.0
2015-07-16,100.0,98.275,100.0,98.5,6.0,12235.0,100799873.0
2015-07-17,98.5,95.25,98.5,95.25,18.0,28643.0,100799873.0
2015-07-20,97.0,95.5,95.5,97.0,4.0,7538.0,100799873.0
2015-07-21,96.124913,96.124913,96.124913,96.5,1.0,2523.0,100799873.0
2015-07-22,97.0,94.5,95.25,97.0,11.0,77212.0,100799873.0
2015-07-23,98.0,95.2149,96.2625,98.0,3.0,5510.0,100799873.0
2015-07-24,96.7666,93.0,95.0,93.0,15.0,766793.0,100799873.0
2015-07-27,94.7,93.9,93.9,94.5,2.0,23000.0,100799873.0
2015-07-28,96.125,93.6,94.4,95.25,11.0,54797.0,100799873.0
2015-07-29,94.625,94.625,94.625,95.5,1.0,1569.0,100799873.0
2015-07-30,97.0,95.0,95.0,96.0,7.0,23930.0,100799873.0
2015-07-31,96.675,94.0,95.0,94.0,6.0,22676.0,100799873.0
2015-08-03,98.0,93.0,97.25,93.5,14.0,64590.0,100799873.0
2015-08-04,94.5,93.0,93.0,94.25,14.0,41494.0,100799873.0
2015-08-05,94.5,91.7822,91.7822,93.0,10.0,54732.0,100799873.0
2015-08-06,94.75,93.8,93.8,94.75,7.0,10802.0,100799873.0
2015-08-07,94.3125,93.35,94.3125,93.875,4.0,7569.0,100799873.0
2015-08-10,94.75,93.25,93.565,94.75,6.0,209484.0,100799873.0
2015-08-11,94.375,93.0,93.3675,93.0,9.0,34481.0,100799873.0
2015-08-12,94.5,92.0,93.0,94.5,4.0,1862.0,100799873.0
2015-08-13,94.3125,92.0,92.0,93.875,3.0,8008.0,100799873.0
2015-08-14,94.6774,94.0,94.6774,94.0,2.0,5522.0,100799873.0
2015-08-17,94.69,94.0,94.5175,94.5,7.0,1306110.0,100799873.0
2015-08-18,96.68,94.36,94.69,95.5,10.0,726846.0,100799873.0
2015-08-19,97.0,95.0,95.0,97.0,4.0,1332.0,100799873.0
2015-08-20,96.98,94.0,96.98,96.0,7.0,75037.0,100799873.0
2015-08-21,97.0,94.0,94.5,97.0,9.0,30604.0,100799873.0
2015-08-24,94.0,91.0,91.8,91.0,15.0,69856.0,100799873.0
2015-08-25,93.89,91.24,93.29,93.0,12.0,31333.0,100799873.0
2015-08-26,92.77,90.25,91.1759,92.5,7.0,35612.0,100799873.0
2015-08-27,94.18,93.32,93.32,94.0,2.0,7000.0,100799873.0
2015-08-28,93.74,92.3,92.95,93.5,4.0,6895.0,100799873.0
2015-09-01,91.6082,90.0,90.35,90.0,8.0,19495.0,100799873.0
2015-09-02,91.77,90.5,91.77,90.5,6.0,16840.0,100799873.0
2015-09-03,93.0,91.0,93.0,91.5,25.0,18030.0,100799873.0
2015-09-04,92.84,91.5,92.84,91.5,7.0,5085.0,100799873.0
2015-09-07,91.6225,91.0,91.0,91.5,8.0,270.0,100799873.0
2015-09-08,91.975,90.0,90.0,91.75,9.0,30046.0,100799873.0
2015-09-09,90.075,90.0,90.075,90.0,4.0,14543.0,100799873.0
2015-09-10,90.595,89.0,90.0,89.0,14.0,7117.0,100799873.0
2015-09-11,89.46,88.5,89.0,88.75,6.0,14649.0,100799873.0
2015-09-14,91.0,89.0,89.28,91.0,18.0,106246.0,100799873.0
2015-09-15,90.48,89.0,90.48,89.5,10.0,263555.0,100799873.0
2015-09-16,91.0,89.0,89.56,89.0,5.0,35036.0,100799873.0
2015-09-17,91.0,89.0,89.0,91.0,5.0,8054.0,100799873.0
2015-09-18,91.0,89.0,90.0,89.0,9.0,110508.0,100799873.0
2015-09-21,90.35,89.0,89.0,89.0,4.0,1147.0,100799873.0
2015-09-22,90.58,89.0,89.0,89.5,6.0,13929.0,100799873.0
2015-09-23,90.0,88.0,88.5,89.0,18.0,37159.0,100799873.0
2015-09-24,92.0,88.0,89.0,89.0,12.0,18418.0,100799873.0
2015-09-25,93.0,89.0,90.25,89.0,9.0,100586.0,100799873.0
2015-09-28,91.5,89.0,90.98,91.5,16.0,71425.0,100799873.0
2015-09-29,98.1,94.0,94.0,95.125,56.0,417153.0,100799873.0
2015-09-30,95.75,93.5,95.68,94.25,35.0,299629.0,100799873.0
2015-10-01,97.0,95.0,97.0,96.0,14.0,457999.0,100799873.0
2015-10-02,96.68,94.75,96.08,96.5,20.0,1063809.0,100799873.0
2015-10-05,97.5,95.9,96.56,97.0,54.0,519303.0,100799873.0
2015-10-06,97.34,96.5,97.34,97.0,12.0,49191.0,100799873.0
2015-10-07,100.0,96.32,98.0,100.0,57.0,4471588.0,100799873.0
2015-10-08,100.0,99.31,99.31,99.75,27.0,104275.0,100799873.0
2015-10-09,100.0,96.25,96.25,100.0,7.0,16652.0,100799873.0
2015-10-12,100.0,99.0,99.36,100.0,25.0,191340.0,100799873.0
2015-10-13,100.0,98.0,100.0,99.0,8.0,11825.0,100799873.0
2015-10-14,100.0,99.0,100.0,99.5,7.0,20144.0,100799873.0
2015-10-15,100.0,98.25,98.62,100.0,4.0,29369.0,100799873.0
2015-10-16,101.0,99.025,100.0,101.0,4.0,11875.0,100799873.0
2015-10-19,100.0,99.0,100.0,99.75,9.0,19900.0,100799873.0
2015-10-20,99.95,99.5,99.95,99.5,2.0,28000.0,100799873.0
2015-10-21,101.5,97.25,101.5,97.25,23.0,140092.0,100799873.0
2015-10-22,100.01,98.4675,99.93,99.375,4.0,5251.0,100799873.0
2015-10-23,101.0,100.0,100.19,100.0,13.0,56984.0,100799873.0
2015-10-26,101.0,98.5,99.5,100.0,11.0,5865.0,100799873.0
2015-10-27,101.0,100.0,101.0,101.0,5.0,25651.0,100799873.0
2015-10-28,101.0,100.0,101.0,101.0,26.0,577924.0,100799873.0
2015-10-29,101.0,97.84,101.0,99.0,3.0,5236.0,100799873.0
2015-10-30,100.0,97.7175,97.9642,100.0,10.0,25910.0,100799873.0
2015-11-02,99.2,97.68,97.68,99.5,4.0,11487.0,100799873.0
2015-11-03,98.8,98.54,98.54,98.5,2.0,5112.0,100967911.0
2015-11-04,101.0,97.51,101.0,100.0,11.0,21257.0,100967911.0
2015-11-05,100.0,97.51,100.0,100.0,12.0,73075.0,100967911.0
2015-11-06,99.12,97.0,97.0,97.0,14.0,31576.0,100967911.0
2015-11-09,100.0,97.0,97.0,97.0,9.0,14875.0,100967911.0
2015-11-10,97.75,97.5,97.51,97.5,4.0,4199.0,100967911.0
2015-11-11,99.0,97.62,99.0,98.0,14.0,336315.0,100967911.0
2015-11-12,97.8525,97.0,97.0,97.0,4.0,462.0,100967911.0
2015-11-13,99.0625,97.25,97.8525,97.25,8.0,61050.0,100967911.0
2015-11-16,100.4125,99.2,99.75,99.375,9.0,24203.0,100967911.0
2015-11-17,101.25,98.0,98.8,101.25,8.0,19420.0,100967911.0
2015-11-18,101.0,97.0,99.15,101.0,16.0,71214.0,100967911.0
2015-11-19,106.0,98.87,98.87,106.0,36.0,2127044.0,100967911.0
2015-11-20,104.5,101.4,104.5,102.5,5.0,730616.0,100967911.0
2015-11-23,104.0,101.0,103.575,101.0,11.0,2660052.0,100967911.0
2015-11-24,105.0,101.12,105.0,105.0,13.0,19137.0,100967911.0
2015-11-25,105.0,102.20012,105.0,105.0,5.0,11485.0,100967911.0
2015-11-26,100.0,100.0,100.0,100.0,1.0,205.0,100967911.0
2015-11-27,104.45,100.0,104.45,100.0,6.0,10233.0,100967911.0
2015-11-30,104.04,100.0,104.04,100.0,5.0,6893.0,100967911.0
2015-12-01,103.75,100.0,103.75,100.0,8.0,16948.0,100967911.0
2015-12-02,102.1,101.4,102.1,101.0,5.0,8945.0,100967911.0
2015-12-03,102.1,100.9,100.9,101.5,3.0,12000.0,100967911.0
2015-12-04,102.04,102.04,102.04,101.0,1.0,20.0,100967911.0
2015-12-07,103.6747,100.93,102.0,103.0,9.0,37929.0,100967911.0
2015-12-08,103.0,100.0,100.0,101.5,20.0,21268.0,100967911.0
2015-12-09,101.75,100.7,101.05,101.75,6.0,14362.0,100967911.0
2015-12-10,101.7,100.72,101.7,101.0,3.0,8155.0,100967911.0
2015-12-11,102.0,100.72,101.7,101.0,5.0,11967.0,100967911.0
2015-12-14,102.25,101.96,101.96,102.25,3.0,15405.0,100967911.0
2015-12-15,102.55,100.5,102.55,101.5,3.0,7112.0,100967911.0
2015-12-16,103.0,101.08,102.34,103.0,3.0,6992.0,100967911.0
2015-12-17,101.67,100.5,101.67,100.5,5.0,15199.0,100967911.0
2015-12-18,105.0,100.75,102.34,105.0,7.0,33959.0,100967911.0
2015-12-21,103.955,100.0,100.0,102.0,10.0,114549.0,100967911.0
2015-12-22,101.34,100.150015,101.34,101.25,13.0,46176.0,100967911.0
2015-12-23,102.34,100.0,102.34,100.25,21.0,68848.0,100967911.0
2015-12-24,103.0,100.855,103.0,101.5,3.0,1202.0,100967911.0
2015-12-29,103.0,100.55,103.0,102.5,6.0,13675.0,100967911.0
2015-12-30,103.0,100.65,103.0,102.5,8.0,18508.0,100967911.0
2015-12-31,102.5,102.5,102.5,101.5,1.0,20000.0,100967911.0
2016-01-04,102.4,100.0,102.4,100.0,5.0,21730.0,100967911.0
2016-01-05,98.88,98.88,98.88,99.0,1.0,5000.0,100967911.0
2016-01-06,100.0,98.04,100.0,99.75,6.0,47736.0,100967911.0
2016-01-07,98.75,97.0,98.0,97.0,17.0,24858.0,100967911.0
2016-01-08,100.0,95.5,100.0,95.5,10.0,20469.0,100967911.0
2016-01-11,96.4,94.33,96.4,94.75,11.0,9319.0,100967911.0
2016-01-12,94.16,90.0,94.0,93.375,36.0,226229.0,100967911.0
2016-01-13,95.5,91.6875,91.825,95.5,56.0,193089.0,100967911.0
2016-01-14,98.0,93.0,93.0,95.25,33.0,1154673.0,100967911.0
2016-01-15,95.0,94.0,94.75,95.0,7.0,52620.0,100967911.0
2016-01-18,98.5,94.9375,95.96,98.5,20.0,74309.0,100967911.0
2016-01-19,98.8971,95.6075,97.625,96.0,12.0,51447.0,100967911.0
2016-01-20,97.115,93.5,97.0,93.75,25.0,88042.0,100967911.0
2016-01-21,94.26,93.5,94.212571,95.875,4.0,37262.0,100967911.0
2016-01-22,100.0,94.3,94.3,100.0,13.0,31848.0,100967911.0
2016-01-25,98.125,96.0,96.0,96.0,5.0,14467.0,100967911.0
2016-01-26,99.76,95.91,98.5,99.5,7.0,17254.0,100967911.0
2016-01-27,100.0,98.0,99.85,98.0,11.0,44185.0,100967911.0
2016-01-28,102.0,98.6,100.5,99.0,32.0,9117.0,100967911.0
2016-01-29,102.25,98.49,100.8155,98.75,11.0,11885.0,100967911.0
2016-02-01,102.64,99.2,99.2,101.0,6.0,30954.0,100799873.0
2016-02-02,103.0,98.0,103.0,98.0,3.0,8262.0,100799873.0
2016-02-03,98.0,98.0,98.0,98.0,1.0,810.0,100799873.0
2016-02-04,103.0,99.6,100.4,102.0,8.0,32583.0,100799873.0
2016-02-05,102.0,99.6,99.6,100.0,7.0,30100.0,100799873.0
2016-02-08,101.0,98.0,99.76,101.0,10.0,60247.0,100799873.0
2016-02-09,102.0,98.0,102.0,98.0,17.0,63853.0,100799873.0
2016-02-10,101.2,98.0,101.2,98.0,15.0,33158.0,100799873.0
2016-02-11,102.0,99.0,99.0001,99.0,12.0,34632.0,100799873.0
2016-02-12,102.0,98.25,99.0,98.25,11.0,30380.0,100799873.0
2016-02-15,104.0,98.25,99.1875,104.0,8.0,11438.0,100799873.0
2016-02-16,104.0,99.075083,104.0,100.5,9.0,72229.0,100799873.0
2016-02-17,102.5,98.0,102.5,98.0,6.0,1988824.0,100799873.0
2016-02-18,102.0,98.0,102.0,100.0,17.0,3988481.0,100799873.0
2016-02-19,103.0,101.0,101.0,103.0,4.0,12383.0,100799873.0
2016-02-22,104.0,98.76,99.5,99.0,25.0,83347.0,100799873.0
2016-02-23,101.6,101.6,101.6,101.5,2.0,3947.0,100799873.0
2016-02-24,101.6,99.125,101.6,100.25,6.0,16930.0,100799873.0
2016-02-25,100.0,98.36,99.5,98.5,7.0,16489.0,100799873.0
2016-02-26,101.6,98.27,100.25,99.0,18.0,86196.0,100799873.0
2016-02-29,101.6,98.0,98.0,99.0,8.0,36968.0,100799873.0
2016-03-01,105.0,99.08,101.0,105.0,71.0,82897.0,100799873.0
2016-03-02,103.0,98.0,103.0,98.5,14.0,28487.0,100799873.0
2016-03-03,103.25,101.0,103.0,103.25,6.0,21600.0,100799873.0
2016-03-04,102.0,99.0,101.4,102.0,6.0,21915.0,100799873.0
2016-03-07,105.0,102.0,103.0,105.0,17.0,17305.0,100799873.0
2016-03-08,103.5,101.0,102.0,101.0,6.0,4904.0,100799873.0
2016-03-09,105.0,102.0,103.4,104.75,5.0,6450.0,100799873.0
2016-03-10,106.0,101.0,102.0,101.0,10.0,13651.0,100799873.0
2016-03-11,106.0,102.0503,104.1,106.0,12.0,15097.0,100799873.0
2016-03-14,106.0,101.70375,106.0,102.0,13.0,54869.0,100799873.0
2016-03-15,107.0,102.64,107.0,104.5,4.0,1106.0,100799873.0
2016-03-16,101.5,96.5,101.25,96.5,27.0,46239.0,100799873.0
2016-03-17,100.0,97.7,97.7,100.0,9.0,33475.0,100799873.0
2016-03-18,100.0,98.9,98.9,100.0,10.0,19880.0,100799873.0
2016-03-21,99.5,96.0,96.8,99.5,9.0,28775.0,100799873.0
2016-03-22,102.0,96.0,96.0,99.0,14.0,48705.0,100799873.0
2016-03-23,102.0,99.04,101.2,99.0,9.0,33662.0,100799873.0
2016-03-24,100.75,96.5,97.0,96.5,10.0,16976.0,100799873.0
2016-03-29,101.0,96.0,101.0,100.0,10.0,22230.0,100799873.0
2016-03-30,99.8,95.25,96.0,95.25,21.0,29416.0,100799873.0
2016-03-31,99.375,95.0,95.0,95.0,16.0,62351.0,100799873.0
2016-04-01,100.0,93.0,99.8,93.0,67.0,134786.0,100799873.0
2016-04-04,97.0,93.8225,96.45,96.0,41.0,164627.0,100799873.0
2016-04-05,103.0,99.4,100.0,100.0,41.0,141284.0,100799873.0
2016-04-06,104.4,101.0,104.0,102.0,17.0,49834.0,100799873.0
2016-04-07,105.0,101.88,101.88,104.0,21.0,74850.0,100799873.0
2016-04-08,106.0,102.04,102.04,106.0,18.0,78378.0,100799873.0
2016-04-11,105.2,100.8675,105.02,104.75,19.0,93171.0,100799873.0
2016-04-12,105.0,100.0,103.44,102.0,16.0,36491.0,100799873.0
2016-04-13,104.75,100.7125,100.7125,104.75,21.0,36340.0,100799873.0
2016-04-14,104.0,100.0,102.8,100.0,24.0,43497.0,100799873.0
2016-04-15,105.0,101.8,103.0,102.5,14.0,44070.0,100799873.0
2016-04-18,104.275,101.1875,104.275,104.0,3.0,34904.0,100799873.0
2016-04-19,106.0,99.6,106.0,103.0,14.0,2718473.0,100799873.0
2016-04-20,104.08,100.0,104.08,104.0,12.0,69990.0,100799873.0
2016-04-21,103.0,99.0,100.8,103.0,11.0,62731.0,100799873.0
2016-04-22,102.15,101.25,102.15,101.25,4.0,4137.0,100799873.0
2016-04-25,104.0,99.5,100.0,104.0,10.0,26358.0,100799873.0
2016-04-26,104.0,97.25,101.9,97.25,12.0,74351.0,100799873.0
2016-04-27,100.0,97.3,97.515,98.0,13.0,32290.0,100799873.0
2016-04-28,103.0,100.0125,100.53,103.0,14.0,63125.0,100799873.0
2016-04-29,104.0,99.0,104.0,101.0,9.0,51448.0,100799873.0
2016-05-03,103.34,98.0,103.34,101.5,7.0,17307.0,100799873.0
2016-05-04,101.92,98.0,98.0,98.0,13.0,36398.0,100799873.0
2016-05-05,100.9035,98.825,99.0,100.0,7.0,84153.0,100799873.0
2016-05-06,101.35,99.25,101.35,100.5,4.0,13537.0,100799873.0
2016-05-09,102.0,99.0,99.0,102.0,4.0,6962.0,100799873.0
2016-05-10,102.0,99.0,99.25,102.0,9.0,89526.0,100799873.0
2016-05-11,102.25,99.0,102.0,100.0,6.0,5637.0,100799873.0
2016-05-12,102.0,99.18,101.125,101.0,7.0,15101.0,100799873.0
2016-05-13,102.75,99.85,99.85,100.25,8.0,42626.0,100799873.0
2016-05-16,99.75,99.75,99.75,99.75,1.0,25.0,100799873.0
2016-05-17,102.75,99.0,99.0,100.0,7.0,14126.0,100799873.0
2016-05-18,102.25,100.0,100.0,100.25,8.0,20379.0,100799873.0
2016-05-19,104.0,100.0,104.0,101.0,14.0,26605.0,100799873.0
2016-05-20,104.0,101.0,103.25,101.0,11.0,36431.0,100799873.0
2016-05-23,107.0,103.0,105.0,103.0,28.0,77461.0,100799873.0
2016-05-24,106.9,103.0,103.0,106.0,17.0,40671.0,100799873.0
2016-05-25,109.25,105.0,105.0,105.0,42.0,109810.0,100799873.0
2016-05-26,109.0,105.0,109.0,105.0,13.0,28745.0,100799873.0
2016-05-27,109.1,106.0,108.75,107.875,17.0,515947.0,100799873.0
2016-05-31,109.0,106.0,106.0,109.0,9.0,27188.0,100799873.0
2016-06-01,110.0,106.0,108.96,110.0,42.0,206625.0,100799873.0
2016-06-02,106.25,103.0,105.0,106.25,9.0,28032.0,100799873.0
2016-06-03,107.142,104.9609,107.034929,106.0,14.0,42768.0,100799873.0
2016-06-06,106.22,103.63,103.63,105.0,12.0,24887.0,100799873.0
2016-06-07,108.0,103.30244,103.5,105.125,14.0,78225.0,100799873.0
2016-06-08,106.0,104.0,105.0,106.0,7.0,13815.0,100799873.0
2016-06-09,106.0,104.0,105.95,105.0,7.0,9508.0,100799873.0
2016-06-10,108.0,103.54,108.0,105.0,29.0,69238.0,100799873.0
2016-06-13,108.0,102.2,108.0,104.25,54.0,99187.0,100799873.0
2016-06-14,105.0,102.0,104.22,104.0,31.0,92745.0,100799873.0
2016-06-15,108.0,104.0,104.0,108.0,40.0,85080.0,100799873.0
2016-06-16,107.0,104.0,107.0,104.0,11.0,51394.0,100799873.0
2016-06-17,108.75,104.0,106.5,108.75,8.0,74637.0,100799873.0
2016-06-20,106.75,103.48,106.75,104.5,10.0,22276.0,100799873.0
2016-06-21,107.0,103.8,103.8,107.0,3.0,1950.0,100799873.0
2016-06-22,106.0,103.64,103.64,106.0,7.0,18830.0,100799873.0
2016-06-23,106.0,100.5,106.0,100.5,16.0,41213.0,100799873.0
2016-06-24,100.0,93.3395,97.25,95.0,70.0,200974.0,100799873.0
2016-06-27,95.0,86.9847,93.0,90.0,34.0,114621.0,100799873.0
2016-06-28,93.0,90.0,91.1,90.0,12.0,31961.0,100799873.0
2016-06-29,93.0,91.5,91.5,92.5,13.0,38360.0,100799873.0
2016-06-30,97.0,90.3,92.25,97.0,16.0,55521.0,100799873.0
2016-07-01,97.0,95.75,97.0,97.0,5.0,7039.0,100799873.0
2016-07-04,96.75,95.375,95.5,94.0,3.0,2196.0,100799873.0
2016-07-05,95.3125,91.0,95.3125,92.0,6.0,32232.0,100799873.0
2016-07-06,95.025,90.0,92.46,90.0,6.0,14998.0,100799873.0
2016-07-07,93.45,90.0,91.0,90.0,8.0,19326.0,100799873.0
2016-07-08,92.39984,90.0,92.39984,90.0,5.0,20602.0,100799873.0
2016-07-11,94.0,90.0,94.0,90.0,10.0,26079.0,100799873.0
2016-07-12,99.0,92.8,92.8,99.0,9.0,33089.0,100799873.0
2016-07-13,99.0,96.5,96.5,98.25,8.0,35219.0,100799873.0
2016-07-14,99.1,97.0,99.1,97.0,11.0,8773.0,100799873.0
2016-07-15,98.88,96.5,97.12,96.5,7.0,165871.0,100799873.0
2016-07-18,96.68,94.0,96.0,94.0,8.0,151519.0,100799873.0
2016-07-19,98.0,93.0,94.0,93.0,11.0,16926.0,100799873.0
2016-07-20,95.5,93.0,95.5,93.0,2.0,4440.0,100799873.0
2016-07-21,95.01,93.0,95.01,93.0,2.0,3211.0,100799873.0
2016-07-22,93.851125,90.75,93.03,90.75,9.0,26276.0,100799873.0
2016-07-25,92.49985,90.0,90.945,90.0,10.0,11499.0,100799873.0
2016-07-26,93.0625,90.24,90.24,92.0,9.0,41008.0,100799873.0
2016-07-27,93.63,93.0,93.57,93.0,9.0,31068.0,100799873.0
2016-07-28,93.63,92.0,93.63,93.5,17.0,61795.0,100799873.0
2016-07-29,93.04,91.0,92.303,91.0,7.0,38687.0,100799873.0
2016-08-01,92.98,91.9,91.9,92.5,3.0,7967.0,100799873.0
2016-08-02,91.0,91.0,91.0,91.0,2.0,1287.0,100799873.0
2016-08-03,93.32,91.5,92.1925,91.5,7.0,15875.0,100799873.0
2016-08-04,92.9895,90.195,92.76,91.625,12.0,88537.0,100799873.0
2016-08-05,94.0,91.76,91.76,94.0,11.0,8553.0,100799873.0
2016-08-08,93.01,90.0,92.0,90.0,8.0,377218.0,100799873.0
2016-08-09,93.3,90.0,90.0,90.25,5.0,24482.0,100799873.0
2016-08-10,95.0,91.12,94.48,95.0,3.0,9275.0,100799873.0
2016-08-11,94.62,94.62,94.62,93.5,1.0,5244.0,100799873.0
2016-08-12,93.575,90.97,90.97,92.625,3.0,26327.0,100799873.0
2016-08-15,95.0,90.0,95.0,90.0,10.0,42612.0,100799873.0
2016-08-16,93.0,92.5,92.5,92.5,4.0,16125.0,100799873.0
2016-08-17,93.7,91.0,91.0,92.5,5.0,13450.0,100799873.0
2016-08-18,94.0,91.05,91.1,92.5,5.0,28143.0,100799873.0
2016-08-19,94.0,91.25,91.25,93.0,5.0,15353.0,100799873.0
2016-08-22,95.0,92.0,92.0,95.0,2.0,3191.0,100799873.0
2016-08-23,92.0,92.0,92.0,92.0,1.0,448.0,100799873.0
2016-08-24,,,,93.0,,,100799873.0
2016-08-25,98.0,92.75,92.75,98.0,8.0,78985.0,100799873.0
2016-08-26,98.0,94.25,96.0,98.0,7.0,27276.0,100799873.0
2016-08-30,95.96,94.0,95.96,95.0,2.0,21000.0,100799873.0
2016-08-31,96.76,95.96,95.96,95.0,8.0,18266.0,100799873.0
2016-09-01,94.78,94.78,94.78,95.0,6.0,11854.0,100799873.0
2016-09-02,98.7,94.0,94.0,95.0,7.0,11927.0,100799873.0
2016-09-05,98.245,93.0,98.245,93.0,2.0,5096.0,100799873.0
2016-09-06,96.75,93.5,96.7,93.5,5.0,14344.0,100799873.0
2016-09-07,97.68,93.0,93.0,96.0,8.0,28910.0,100799873.0
2016-09-08,,,,95.0,,,100799873.0
2016-09-09,95.96,93.0,95.96,93.0,17.0,69113.0,100799873.0
2016-09-12,96.6,93.0,96.6,93.0,7.0,16591.0,100799873.0
2016-09-13,96.0,91.0,96.0,91.0,8.0,44528.0,100799873.0
2016-09-14,95.2,92.3,95.2,94.5,4.0,7226.0,100799873.0
2016-09-15,95.25,91.36,94.9,94.5,10.0,15604.0,100799873.0
2016-09-16,99.0,95.0,95.0,99.0,16.0,97372.0,100799873.0
2016-09-19,97.0,94.25,96.75,97.0,9.0,24048.0,100799873.0
2016-09-20,98.26,97.0,98.0,97.0,15.0,57122.0,100799873.0
2016-09-21,99.0,94.0,97.5,97.0,15.0,40996.0,100799873.0
2016-09-22,98.5,97.0,97.0,98.0,11.0,86766.0,100799873.0
2016-09-23,98.76,95.0,96.0,97.0,8.0,40318.0,100799873.0
2016-09-26,99.99365,97.0,97.0,98.0,10.0,53307.0,100799873.0
2016-09-27,101.5,95.7486,95.7486,101.5,15.0,34513.0,100799873.0
2016-09-28,105.0,100.0,105.0,100.0,34.0,111107.0,100799873.0
2016-09-29,104.0,100.0,101.45,101.0,35.0,126134.0,100799873.0
2016-09-30,107.0,101.5,103.0,105.0,40.0,353530.0,100799873.0
2016-10-03,110.0,104.04,104.04,109.0,124.0,243226.0,100799873.0
2016-10-04,111.0,105.0,108.89,105.0,60.0,279879.0,100799873.0
2016-10-05,109.5,104.227,109.5,105.0,23.0,58659.0,100799873.0
2016-10-06,107.0,103.0,103.0,103.0,18.0,94349.0,100799873.0
2016-10-07,108.23,103.0,104.82,103.0,23.0,157149.0,100799873.0
2016-10-10,110.0,105.0,106.805,105.0,13.0,34765.0,100799873.0
2016-10-11,106.5,105.0,105.99,106.0,9.0,26801.0,100799873.0
2016-10-12,105.1,103.84,105.1,104.0,8.0,25489.0,100799873.0
2016-10-13,105.0,103.0,103.0,103.0,13.0,1023298.0,100799873.0
2016-10-14,106.75,103.0,103.0,106.75,8.0,39506.0,100799873.0
2016-10-17,106.28,103.0,106.0,103.0,11.0,14789.0,100799873.0
2016-10-18,106.0,104.0,104.0,106.5,7.0,17090.0,100799873.0
2016-10-19,106.0,104.0,106.0,104.0,20.0,41088.0,100799873.0
2016-10-20,105.0,104.0,104.5,106.0,6.0,33092.0,100799873.0
2016-10-21,107.15,104.0,105.15,106.5,23.0,97077.0,100799873.0
2016-10-24,107.75,103.0,105.44,105.5,24.0,84509.0,100799873.0
2016-10-25,106.44,103.15,106.44,106.0,9.0,36124.0,100799873.0
2016-10-26,105.0,104.0,105.0,104.0,5.0,28122.0,100799873.0
2016-10-27,104.6568,102.0,104.0,103.5,9.0,38143.0,100799873.0
2016-10-28,105.0,101.24,103.0,105.0,9.0,7902.0,100799873.0
2016-10-31,103.0,98.0404,102.75,99.25,19.0,79598.0,100799873.0
2016-11-01,100.86,94.3,100.48,96.5,15.0,63198.0,100799873.0
2016-11-02,99.11,97.0,98.85,99.0,9.0,28769.0,100799873.0
2016-11-03,100.0,99.0,99.35,99.0,7.0,8065.0,100799873.0
2016-11-04,99.35,96.0,99.0008,96.0,8.0,23912.0,100799873.0
2016-11-07,98.0,96.0,98.0,98.0,7.0,20755.0,100799873.0
2016-11-08,98.0,96.0,97.7,98.0,4.0,33806.0,100799873.0
2016-11-09,97.0,94.0,94.24,96.0,8.0,26217.0,100799873.0
2016-11-10,99.25,94.239858,96.0,99.0,12.0,25616.0,100799873.0
2016-11-11,102.2425,100.04,100.69375,101.0,11.0,76970.0,100799873.0
2016-11-14,103.7375,100.78,100.78,104.0,2.0,4804.0,100799873.0
2016-11-15,107.0,101.0,105.18,102.5,8.0,26639.0,100799873.0
2016-11-16,105.08,101.48,105.08,103.0,2.0,7094.0,100799873.0
2016-11-17,102.0,101.0,101.0,102.0,6.0,37291.0,100799873.0
2016-11-18,101.0,99.32,101.0,100.0,11.0,18939.0,100799873.0
2016-11-21,101.96,99.0,101.96,99.0,9.0,39171.0,100799873.0
2016-11-22,102.5,100.0,100.92,100.0,3.0,1567.0,100799873.0
2016-11-23,101.75,99.0,100.8,101.75,9.0,31177.0,100799873.0
2016-11-24,99.35,99.05,99.35,99.5,3.0,7501.0,100799873.0
2016-11-25,100.4,99.0,99.34,100.5,6.0,27223.0,100799873.0
2016-11-28,100.25,96.0,100.25,99.0,24.0,69127.0,100799873.0
2016-11-29,98.82,96.17,98.7854,97.0,9.0,29600.0,100799873.0
2016-11-30,101.25,96.3374,101.25,101.25,13.0,12870.0,100799873.0
2016-12-01,100.0,100.0,100.0,100.0,5.0,9321.0,100799873.0
2016-12-02,101.92,100.0,101.92,100.0,4.0,3949.0,100799873.0
2016-12-05,101.92,97.0,100.0,97.0,9.0,15779.0,100799873.0
2016-12-06,100.66,96.99,100.66,97.0,6.0,37082.0,100799873.0
2016-12-07,101.0,96.6,101.0,99.25,15.0,29057.0,100799873.0
2016-12-08,98.75,97.73,97.73,98.75,4.0,11587.0,100799873.0
2016-12-09,99.25,97.0,99.25,99.25,5.0,1408.0,100799873.0
2016-12-12,102.0,97.6167,99.25,100.0,5.0,7715.0,100799873.0
2016-12-13,98.0,96.0,98.0,98.5,11.0,19284.0,100799873.0
2016-12-14,100.7702,96.0,97.48,98.0,15.0,41926.0,100799873.0
2016-12-15,100.0,98.0,98.0,98.75,4.0,118324.0,100799873.0
2016-12-16,98.0,95.25,95.25,95.25,2.0,38970.0,100799873.0
2016-12-19,99.7831,98.0,99.5,99.0,16.0,35569.0,100799873.0
2016-12-20,100.0,99.04,99.04,100.0,3.0,11018.0,100799873.0
2016-12-21,101.0,98.0,98.0,98.0,4.0,30814.0,100799873.0
2016-12-22,100.96,99.0,100.96,99.0,2.0,222.0,100799873.0
2016-12-23,102.75,99.0,100.96,100.0,10.0,30547.0,100799873.0
2016-12-28,102.035,99.25,101.84,100.5,5.0,12175.0,100799873.0
2016-12-29,100.48,98.0,99.0,98.0,8.0,12224.0,100799873.0
2016-12-30,98.32,98.32,98.32,99.0,1.0,1000.0,100799873.0
2017-01-03,99.25,97.16,98.0,98.25,9.0,28599.0,100799873.0
2017-01-04,98.5,97.0,98.11,97.75,11.0,20583.0,100799873.0
2017-01-05,98.5,97.0,97.04,97.0,16.0,60760.0,100799873.0
2017-01-06,99.0,97.0,97.5,99.0,16.0,173784.0,100799873.0
2017-01-09,98.375,97.06,97.275,98.0,18.0,155528.0,100799873.0
2017-01-10,98.9999,96.86,98.188,98.25,19.0,1163300.0,100799873.0
2017-01-11,100.0874,97.0,100.0,99.25,11.0,16569.0,100799873.0
2017-01-12,104.0849,99.0,100.5999,99.25,22.0,82296.0,100799873.0
2017-01-13,99.9001,86.5,99.9001,97.0,45.0,183094.0,100799873.0
2017-01-16,99.0,96.25,96.6875,97.5,17.0,59876.0,100799873.0
2017-01-17,99.0,97.0,98.0166,99.0,16.0,57457.0,100799873.0
2017-01-18,97.25,97.25,97.25,97.25,1.0,2104.0,100799873.0
2017-01-19,99.0,97.0,98.545,97.0,7.0,5981.0,100799873.0
2017-01-20,100.0,97.0,98.47999,97.0,11.0,63554.0,100799873.0
2017-01-23,101.4399,97.0001,97.33,99.0,9.0,37894.0,100799873.0
2017-01-24,102.0,98.48,100.1599,100.0,4.0,1666.0,100799873.0
2017-01-25,103.0,103.0,103.0,103.0,1.0,76.0,100799873.0
2017-01-26,100.0599,97.5,97.5,99.5,4.0,8093.0,100799873.0
2017-01-27,100.05999,98.0,100.05999,98.0,13.0,63653.0,100799873.0
2017-01-30,101.75,98.8878,101.6999,99.5,14.0,62914.0,100799873.0
2017-01-31,101.75,99.0,101.5599,99.0,10.0,14401.0,100799873.0
2017-02-01,101.9104,99.0,99.64,100.0,10.0,42196.0,100799873.0
2017-02-02,102.25,100.0,102.25,100.0,4.0,11068.0,100799873.0
2017-02-03,102.25,100.0,102.2199,101.0,8.0,39726.0,100799873.0
2017-02-06,102.19,100.0,102.19,100.0,6.0,13119.0,100799873.0
2017-02-07,103.2143,102.0625,103.2143,101.375,3.0,16140.0,100799873.0
2017-02-08,102.79,98.7425,102.79,101.75,8.0,161896.0,100799873.0
2017-02-09,104.695,101.32,102.5,102.25,13.0,42247.0,100799873.0
2017-02-10,103.25,100.31,103.25,101.0,3.0,3148.0,100799873.0
2017-02-13,104.1033,101.75,103.25,101.0,4.0,1059.0,100799873.0
2017-02-14,102.38,102.38,102.38,100.875,1.0,760.0,100799873.0
2017-02-15,102.3,98.5,102.3,99.5,10.0,281273.0,100799873.0
2017-02-16,101.8125,99.0,100.0,99.0,8.0,21849.0,100799873.0
2017-02-17,101.75,99.22,101.39999,99.5,6.0,8454.0,100799873.0
2017-02-20,100.1599,98.0,100.1599,99.5,14.0,20974.0,100799873.0
2017-02-21,100.5,99.44,100.1749,100.5,6.0,26095.0,100799873.0
2017-02-22,100.5,99.16,100.5,100.0,17.0,71913.0,100799873.0
2017-02-23,102.0,99.2,101.5899,100.75,18.0,2268293.0,100799873.0
2017-02-24,102.3749,100.0,101.0,99.5,9.0,107635.0,100799873.0
2017-02-27,101.5625,99.1875,101.5625,100.0,6.0,21603.0,100799873.0
2017-02-28,101.32499,98.0,100.4999,98.0,11.0,95587.0,100799873.0
2017-03-01,102.75,99.0,101.23,100.5,6.0,45813.0,100799873.0
2017-03-02,102.75,99.0,101.55,101.0,19.0,58523.0,100799873.0
2017-03-03,101.0,98.5,99.3001,98.5,12.0,55248.0,100799873.0
2017-03-06,103.0,98.0,100.9999,99.0,16.0,76923.0,100799873.0
2017-03-07,101.9999,98.5525,98.5525,101.5,10.0,79903.0,100799873.0
2017-03-08,101.0,99.1251,99.1251,101.0,6.0,4637.0,100799873.0
2017-03-09,100.3999,98.0,100.0,98.0,11.0,23961.0,100799873.0
2017-03-10,100.9625,98.0,100.9625,98.0,6.0,18185.0,100799873.0
2017-03-13,100.22,98.0,98.9375,98.25,5.0,3755.0,100799873.0
2017-03-14,100.8124,98.5,98.975,98.5,5.0,12002.0,100799873.0
2017-03-15,100.81249,98.0,100.62499,98.0,8.0,15033.0,100799873.0
2017-03-16,102.5977,98.0,101.75,101.5,16.0,104232.0,100799873.0
2017-03-17,102.75,99.9001,102.5,101.5,12.0,119679.0,100799873.0
2017-03-20,102.75,98.3531,100.4401,100.5,12.0,53200.0,100799873.0
2017-03-21,100.6999,99.25,99.25,100.0,4.0,83883.0,100799873.0
2017-03-22,101.5,98.52,98.64,101.5,10.0,47661.0,100799873.0
2017-03-23,100.6875,98.56,98.56,100.0,15.0,46230.0,100799873.0
2017-03-24,101.5,100.0,101.5,100.0,8.0,40911.0,100799873.0
2017-03-27,102.0,100.0,100.52,100.0,19.0,53485.0,100799873.0
2017-03-28,104.75,100.0,103.2596,101.5,20.0,115020.0,100799873.0
2017-03-29,105.0,100.8,100.8,102.0,19.0,85976.0,100799873.0
2017-03-30,102.9499,100.0,101.66,100.0,14.0,118481.0,100799873.0
2017-03-31,102.70475,98.35,102.0,101.0,41.0,104066.0,100799873.0
2017-04-03,102.82499,99.0,101.5325,101.0,24.0,720003.0,100799873.0
2017-04-04,101.15999,99.1449,99.1449,99.25,14.0,76572.0,100799873.0
2017-04-05,100.875,99.0,100.875,99.0,18.0,97254.0,100799873.0
2017-04-06,103.1799,98.9375,103.1799,99.0,20.0,57286.0,100799873.0
2017-04-07,103.1799,98.0,103.1799,98.0,8.0,32354.0,100799873.0
2017-04-10,101.75,100.375,101.75,101.0,16.0,50511.0,100799873.0
2017-04-11,101.0,99.0,100.3125,100.75,20.0,117369.0,100799873.0
2017-04-12,102.0,98.2559,102.0,100.75,12.0,20914.0,100799873.0
2017-04-13,101.0,100.1,101.0,101.0,13.0,76560.0,100799873.0
2017-04-18,101.0,98.3301,100.875,101.0,17.0,46539.0,100799873.0
2017-04-19,101.0,98.6,100.2,101.0,10.0,58149.0,100799873.0
2017-04-20,101.0,100.56,100.56,101.0,2.0,865.0,100799873.0
2017-04-21,100.56,98.96,100.56,99.5,3.0,4671.0,100799873.0
2017-04-24,101.0,98.25,98.25,101.0,39.0,461198.0,100799873.0
2017-04-25,100.596,98.825,98.825,99.25,8.0,25478.0,100799873.0
2017-04-26,101.2,98.5,100.55,98.5,11.0,45688.0,100799873.0
2017-04-27,101.7,99.55,99.55,100.25,7.0,16725.0,100799873.0
2017-04-28,101.0,100.0,100.98,100.0,12.0,77356.0,100799873.0
2017-05-02,102.6799,99.1,102.6799,101.0,15.0,51483.0,100799873.0
2017-05-03,101.0,98.25,99.1875,99.0,6.0,18160.0,100799873.0
2017-05-04,101.0,99.0,99.0,99.0,20.0,256160.0,100799873.0
2017-05-05,107.16,100.0,101.0,103.0,153.0,553911.0,100799873.0
2017-05-08,107.1999,102.9975,104.25,103.75,127.0,426396.0,100799873.0
2017-05-09,110.0,103.75,103.813,105.75,70.0,293352.0,100799873.0
2017-05-10,110.0,103.0,108.58,110.0,31.0,103368.0,100799873.0
2017-05-11,110.0,105.5,109.5799,106.0,15.0,50878.0,100799873.0
2017-05-12,113.0,108.0025,109.4399,110.0,50.0,195957.0,100799873.0
2017-05-15,115.0,107.8101,110.82,114.0,43.0,160987.0,100799873.0
2017-05-16,114.75,110.0,110.6762,111.25,22.0,87533.0,100799873.0
2017-05-17,115.0,109.6875,114.2999,112.5,28.0,71567.0,100799873.0
2017-05-18,119.0,111.7101,114.22999,113.25,26.0,41265.0,100799873.0
2017-05-19,115.0001,106.5,115.0001,108.5,34.0,84515.0,100799873.0
2017-05-22,115.0,108.0,111.75,112.0,24.0,79275.0,100799873.0
2017-05-23,115.0,112.28,114.5599,113.0,16.0,101043.0,100799873.0
2017-05-24,119.0,112.4401,112.4401,115.5,31.0,88115.0,100799873.0
2017-05-25,120.0,111.25,116.5199,119.75,20.0,90535.0,100799873.0
2017-05-26,117.6,112.8,113.3401,116.0,16.0,32062.0,100799873.0
2017-05-30,117.6,112.0,117.5,115.0,12.0,97983.0,100799873.0
2017-05-31,120.0,114.0,117.5,120.0,20.0,85430.0,100799873.0
2017-06-01,117.0,108.0,113.0001,110.0,41.0,97763.0,100799873.0
2017-06-02,110.7,108.0,110.7,109.75,16.0,39153.0,100799873.0
2017-06-05,112.6699,108.0,112.6699,108.0,27.0,76570.0,100799873.0
2017-06-06,111.08749,105.0,108.5001,107.875,28.0,80285.0,100799873.0
2017-06-07,107.0,105.0,105.6875,107.0,27.0,41232.0,100799873.0
2017-06-08,108.75,101.79,105.25,108.75,27.0,92314.0,100799873.0
2017-06-09,107.75,103.66,106.3999,106.25,13.0,70664.0,100799873.0
2017-06-12,108.5,105.0,105.7414,105.0,18.0,24889.0,100799873.0
2017-06-13,107.8125,102.4401,102.4401,105.0,15.0,69236.0,100799873.0
2017-06-14,107.78,105.0,105.48,105.0,20.0,70152.0,100799873.0
2017-06-15,108.32999,102.0,108.32999,102.25,20.0,151437.0,100799873.0
2017-06-16,107.4425,102.0,103.3401,106.25,8.0,33247.0,100799873.0
2017-06-19,105.0,101.0,102.5,101.5,17.0,74990.0,100799873.0
2017-06-20,106.0,100.94,101.0,103.0,8.0,35257.0,100799873.0
2017-06-21,103.875,101.0,103.875,101.0,5.0,27855.0,100799873.0
2017-06-22,102.81,100.0,102.625,100.0,23.0,54604.0,100799873.0
2017-06-23,103.2624,99.8302,100.5,100.5,27.0,129659.0,100799873.0
2017-06-26,104.75,100.0,102.9349,102.125,50.0,65564.0,100799873.0
2017-06-27,103.2649,100.53,103.2649,102.375,8.0,16393.0,100799873.0
2017-06-28,104.75,102.0,103.2649,102.0,28.0,23011.0,100799873.0
2017-06-29,103.39999,98.5,102.9999,101.375,27.0,47461.0,100799873.0
2017-06-30,104.75,98.0,98.5025,103.5,47.0,45166.0,100799873.0
2017-07-03,102.0,98.25,101.4299,99.75,34.0,101546.0,100799873.0
2017-07-04,100.0,98.0,98.24,99.75,16.0,43429.0,100799873.0
2017-07-05,100.0,98.0,99.9599,100.0,10.0,16074.0,100799873.0
2017-07-06,100.0,98.0,98.8799,100.0,12.0,9919.0,100799873.0
2017-07-07,99.48,98.04,98.8799,99.0,8.0,25494.0,100799873.0
2017-07-10,100.9699,98.0,100.9699,98.0,18.0,52710.0,100799873.0
2017-07-11,99.88,98.0,99.88,98.0,11.0,60059.0,100799873.0
2017-07-12,101.0799,95.0,101.0799,95.0,21.0,66273.0,100799873.0
2017-07-13,98.5,95.0,98.5,95.0,9.0,11992.0,100799873.0
2017-07-14,98.3048,97.0,98.3048,97.0,21.0,85722.0,100799873.0
2017-07-17,98.0,95.78,97.73999,96.0,14.0,56569.0,100799873.0
2017-07-18,98.5799,95.0,98.5799,95.0,10.0,38985.0,100799873.0
2017-07-19,97.8,95.9,95.9,96.5,6.0,24159.0,100799873.0
2017-07-20,97.9,96.0,96.25,97.0,15.0,78347.0,100799873.0
2017-07-21,99.5499,96.3,96.3,97.75,3.0,8026.0,100799873.0
2017-07-24,99.7,96.0605,96.6001,97.0,19.0,58722.0,100799873.0
2017-07-25,98.0,96.0,97.7,96.0,17.0,56375.0,100799873.0
2017-07-26,99.7,95.0,97.52,95.0,13.0,43021.0,100799873.0
2017-07-27,99.5,95.0,99.5,95.0,10.0,31222.0,100799873.0
2017-07-28,98.525,95.0,98.525,95.0,11.0,29473.0,100799873.0
2017-07-31,97.7249,95.475,97.7249,96.5,3.0,12512.0,100799873.0
2017-08-01,97.0,94.1183,95.0025,95.0,11.0,40637.0,100799873.0
2017-08-02,98.5,94.0,98.5,94.0,13.0,20450.0,100799873.0
2017-08-03,95.5,94.0001,95.5,96.0,10.0,60543.0,100799873.0
2017-08-04,95.5,92.69,94.9999,93.0,30.0,76595.0,100799873.0
2017-08-07,97.5,92.0,94.65,95.0,72.0,48846.0,100799873.0
2017-08-08,96.85,95.0,96.5306,95.0,16.0,49318.0,100799873.0
2017-08-09,98.0,93.5,95.6401,95.5,26.0,177188.0,100799873.0
2017-08-10,96.31,93.75,94.75,95.75,6.0,19038.0,100799873.0
2017-08-11,95.0,93.0,94.0025,94.5,13.0,33399.0,100799873.0
2017-08-14,95.75,93.0,95.5625,93.0,16.0,53197.0,100799873.0
2017-08-15,93.9751,92.1625,93.2351,93.0,7.0,16761.0,100799873.0
2017-08-16,95.0874,92.0,95.0874,92.0,8.0,13036.0,100799873.0
2017-08-17,94.47,90.75,90.75,90.75,10.0,37301.0,100799873.0
2017-08-18,95.72,92.0,94.565,92.0,5.0,11854.0,100799873.0
2017-08-21,97.6,93.4951,93.4951,93.5,10.0,53909.0,100799873.0
2017-08-22,96.5172,93.58125,96.5,94.875,3.0,12043.0,100799873.0
2017-08-23,97.03999,94.10001,97.0399,95.0,8.0,22450.0,100799873.0
2017-08-24,97.1999,93.0,94.9,93.0,9.0,81183.0,100799873.0
2017-08-25,97.0,93.0,94.1875,97.0,16.0,36372.0,100799873.0
2017-08-29,96.5149,92.9327,96.5149,95.5,6.0,26094.0,100799873.0
2017-08-30,94.25,92.25,93.25,92.25,7.0,28166.0,100799873.0
2017-08-31,96.25,92.0,95.25,96.25,8.0,18112.0,100799873.0
2017-09-01,95.7649,92.535,95.34,94.625,7.0,16152.0,100799873.0
2017-09-04,95.6999,92.4,92.4,94.5,12.0,95019.0,100799873.0
2017-09-05,95.7,93.3,95.5,94.5,5.0,10731.0,100799873.0
2017-09-06,95.5,92.5,95.5,94.75,6.0,8075.0,100799873.0
2017-09-07,95.5,93.3,95.5,94.5,8.0,287049.0,100799873.0
2017-09-08,95.5,92.0,94.0,92.0,9.0,673682.0,100799873.0
2017-09-11,96.7597,93.31,93.31,95.125,8.0,13358.0,100799873.0
2017-09-12,95.09999,93.31,93.8125,94.25,12.0,27418.0,100799873.0
2017-09-13,93.5,93.5,93.5,93.5,1.0,19.0,100799873.0
2017-09-14,93.5,93.5,93.5,95.25,1.0,2.0,100799873.0
2017-09-15,96.75,94.0,94.0,96.75,6.0,12770.0,100799873.0
2017-09-18,95.73999,93.5,95.7399,93.5,9.0,20077.0,100799873.0
2017-09-19,97.0,94.0,96.0,95.0,7.0,30072.0,100799873.0
2017-09-20,95.7274,93.5,95.25,93.5,7.0,11392.0,100799873.0
2017-09-21,97.0,95.4499,95.44999,97.0,7.0,7533.0,100799873.0
2017-09-22,96.0,95.0,95.01,96.0,7.0,34552.0,100799873.0
2017-09-25,96.9999,95.0,96.2728,95.0,11.0,41587.0,100799873.0
2017-09-26,93.3001,93.3001,93.3001,94.5,3.0,4400.0,100799873.0
2017-09-27,101.25,94.3451,94.3451,100.0,27.0,79703.0,100799873.0
2017-09-28,100.0,95.0,97.4001,95.0,22.0,110294.0,100799873.0
2017-09-29,98.9499,95.8501,98.9499,97.75,9.0,29669.0,100799873.0
2017-10-02,99.5,94.7147,98.5625,99.5,15.0,517183.0,100799873.0
2017-10-03,100.0,95.0,100.0,95.0,15.0,36555.0,100799873.0
2017-10-04,98.5149,95.0,98.5149,96.5,10.0,13679.0,100799873.0
2017-10-05,97.25,95.0,95.5101,95.5,9.0,21343.0,100799873.0
2017-10-06,99.5,95.25,97.9599,97.0,14.0,42252.0,100799873.0
2017-10-09,98.76499,95.25,98.76499,95.25,14.0,53384.0,100799873.0
2017-10-10,99.0,95.0,97.48,95.0,20.0,91793.0,100799873.0
2017-10-11,99.0,95.0,98.1999,95.0,12.0,49875.0,100799873.0
2017-10-12,97.5599,93.5,97.5599,93.5,6.0,15006.0,100799873.0
2017-10-13,99.0,93.5,97.6599,99.0,23.0,114899.0,100799873.0
2017-10-16,97.8399,94.0,97.8399,97.0,21.0,105048.0,100799873.0
2017-10-17,97.5,94.2201,94.2201,97.5,18.0,53927.0,100799873.0
2017-10-18,97.5,94.3,95.4499,97.5,14.0,21961.0,100799873.0
2017-10-19,97.5,95.7049,96.6849,97.5,10.0,56435.0,100799873.0
2017-10-20,97.4999,94.3,95.4599,95.75,16.0,49292.0,100799873.0
2017-10-23,97.5,94.4,97.0,95.5,4.0,4799.0,100799873.0
2017-10-24,96.4599,94.4,94.5401,95.5,5.0,6828.0,100799873.0
2017-10-25,96.45,93.5,94.4,93.5,11.0,25679.0,100799873.0
2017-10-26,94.3,91.66,94.3,92.0,14.0,41257.0,100799873.0
2017-10-27,94.75,92.0,93.4999,94.75,8.0,14858.0,100799873.0
2017-10-30,94.63999,92.0,92.0,95.0,10.0,13423.0,100799873.0
2017-10-31,96.74,90.0,92.0,90.0,10.0,112575.0,100799873.0
2017-11-01,97.0,92.05,92.05,97.0,4.0,27500.0,100799873.0
2017-11-02,95.25,91.75,92.6,93.5,7.0,257493.0,100799873.0
2017-11-03,95.7599,91.2,91.2,94.5,3.0,2379.0,100799873.0
2017-11-06,95.7599,90.0,95.7599,90.0,10.0,22952.0,100799873.0
2017-11-07,95.4399,90.5,95.4399,92.5,7.0,512837.0,100799873.0
2017-11-08,96.0,90.82,96.0,93.5,11.0,41409.0,100799873.0
2017-11-09,94.0,88.0,91.28,90.0,53.0,542042.0,100799873.0
2017-11-10,96.0,90.3654,92.69999,93.0,16.0,85770.0,100799873.0
2017-11-13,94.1999,89.59,94.0624,92.75,10.0,44285.0,100799873.0
2017-11-14,91.586,89.0,90.25,90.0,12.0,35893.0,100799873.0
2017-11-15,91.6,88.3001,89.0,91.5,9.0,36609.0,100799873.0
2017-11-16,91.677,88.3001,88.3001,91.5,8.0,38942.0,100799873.0
2017-11-17,91.23999,88.9,88.9,91.0,7.0,21909.0,100799873.0
2017-11-20,91.758,88.51,89.0,91.5,10.0,45679.0,100799873.0
2017-11-21,90.08,89.9,,90.0,10.0,71001.0,100799873.0
2017-11-22,89.9,87.0,89.0,88.5,8.0,54578.0,100799873.0
2017-11-23,90.2399,81.6001,87.0,86.375,43.0,346799.0,100799873.0
2017-11-24,88.0,85.0,88.0,86.5,11.0,56664.0,100799873.0
2017-11-27,87.0,82.25,85.0,85.0,25.0,78797.0,100799873.0
2017-11-28,86.56,84.0374,,83.5,8.0,34405.0,100799873.0
2017-11-29,86.21,83.1301,,85.625,8.0,44517.0,100799873.0
2017-11-30,88.0,85.033,88.0,88.0,5.0,8014.0,100799873.0
2017-12-01,87.5,84.25,87.5,84.25,16.0,48061.0,100799873.0
2017-12-04,86.0,81.0,86.0,82.0,26.0,93541.0,100799873.0
2017-12-05,87.75,87.75,87.75,82.875,8.0,537665.0,100799873.0
2017-12-06,88.0,81.0,88.0,83.875,14.0,23915.0,100799873.0
2017-12-07,84.75,81.5,83.0,84.75,10.0,18170.0,100799873.0
2017-12-08,85.0,85.0,85.0,85.0,10.0,26247.0,100799873.0
2017-12-11,88.0,84.0,88.0,86.0,12.0,136463.0,100799873.0
2017-12-12,85.375,85.375,85.375,85.375,7.0,105714.0,100799873.0
2017-12-13,86.0,82.0,83.0,86.0,14.0,36104.0,100799873.0
2017-12-14,85.375,85.375,85.375,85.375,2.0,706.0,100799873.0
2017-12-15,87.75,87.75,87.75,87.75,5.0,12896.0,100799873.0
2017-12-18,88.0,84.0,84.0,88.0,10.0,40698.0,100799873.0
2017-12-19,88.0,85.0,87.0,85.0,9.0,7333.0,100799873.0
2017-12-20,89.0,89.0,89.0,86.875,1.0,167.0,100799873.0
2017-12-21,88.5,88.5,88.5,88.5,2.0,6652.0,100799873.0
2017-12-22,88.5,88.5,88.5,88.5,2.0,2902.0,100799873.0
2017-12-27,88.0,88.0,88.0,88.0,6.0,29802.0,100799873.0
2017-12-28,89.0,89.0,89.0,89.0,5.0,12604.0,100799873.0
2017-12-29,90.0,90.0,90.0,90.0,1.0,784.0,100799873.0
2018-01-02,88.72,85.0,86.0,87.5,20.0,52074.0,100799873.0
2018-01-03,89.22,86.606,88.0,88.5,8.0,27638.0,100799873.0
2018-01-04,88.687,85.8,,87.5,7.0,16163.0,100799873.0
2018-01-05,89.82,86.045,,88.5,16.0,253790.0,100799873.0
2018-01-08,88.1808,87.2222,88.0,88.3,13.0,63095.0,100799873.0
2018-01-09,90.0,87.462,90.0,90.0,7.0,39851.0,100799873.0
2018-01-10,84.0,70.0,84.0,75.6,260.0,2118524.0,100799873.0
2018-01-11,76.33,73.875,76.0,74.0,46.0,792010.0,100799873.0
2018-01-12,76.0,71.0,76.0,73.0,43.0,679093.0,100799873.0
2018-01-15,76.0,71.4303,76.0,73.0,38.0,175143.0,100799873.0
2018-01-16,74.92,70.0,72.0,71.5,40.0,1345253.0,100799873.0
2018-01-17,71.65,67.0,70.0,68.5,60.0,807190.0,100799873.0
2018-01-18,69.0,65.08,67.0,66.5,32.0,212300.0,100799873.0
2018-01-19,67.7718,64.625,67.4,67.5,21.0,102250.0,100799873.0
2018-01-22,67.16,64.0,66.0,64.9,58.0,702206.0,100799873.0
2018-01-23,65.82,63.4,64.0,64.0,29.0,62787.0,100799873.0
2018-01-24,65.0066,63.13,65.0,63.8,32.0,177024.0,100799873.0
2018-01-25,64.8,62.72,63.0,63.9,19.0,75021.0,100799873.0
2018-01-26,66.0,63.91,65.4,65.6,25.0,558629.0,100799873.0
2018-01-29,68.0,64.536,65.6,65.9,22.0,102657.0,100799873.0
2018-01-30,66.89,63.0,65.0,63.0,21.0,73821.0,100799873.0
2018-01-31,66.024,63.0,64.8,64.8,7.0,26589.0,100799873.0
2018-02-01,64.279,62.0,62.4,62.7,9.0,36992.0,100799873.0
2018-02-02,64.2,58.308,64.2,59.6,29.0,166030.0,100799873.0
2018-02-05,66.0,58.18,61.0,64.8,29.0,85378.0,100799873.0
2018-02-06,63.0,59.4,63.0,60.0,12.0,42712.0,100799873.0
2018-02-07,67.0,60.033,63.0,66.8,24.0,152103.0,100799873.0
2018-02-08,67.0,64.63,67.0,66.6,8.0,23637.0,100799873.0
2018-02-09,67.0,64.0,66.6,67.0,17.0,40754.0,100799873.0
2018-02-12,65.1,63.76,63.8,64.2,13.0,83190.0,100799873.0
2018-02-13,66.0,64.08,,64.5,8.0,59768.0,100799873.0
2018-02-14,75.275,64.57,67.0,68.6,52.0,253659.0,100799873.0
2018-02-15,70.0,67.54,69.0,69.1,16.0,64996.0,100799873.0
2018-02-16,72.0,67.2,71.0,72.0,9.0,12445.0,100799873.0
2018-02-19,72.0,68.0,70.0,68.0,10.0,33275.0,100799873.0
2018-02-20,71.2218,68.994,,69.6,5.0,31913.0,100799873.0
2018-02-21,70.0,67.4,67.4,70.0,23.0,127674.0,100799873.0
2018-02-22,70.9596,68.4,,69.5,12.0,89447.0,100799873.0
2018-02-23,71.0,67.2,67.2,69.1,4.0,16449.0,100799873.0
2018-02-26,71.0,68.0,71.0,68.0,10.0,25067.0,100799873.0
2018-02-27,71.5,68.202,,70.0,8.0,29740.0,100799873.0
2018-02-28,71.5,67.0,68.0,67.0,7.0,17705.0,100799873.0
2018-03-01,68.2,67.0,67.0,67.5,3.0,1752.0,100799873.0
2018-03-02,67.0,66.0,67.0,66.0,13.0,29854.0,100799873.0
2018-03-05,66.2,61.2,66.2,63.0,23.0,147199.0,100799873.0
2018-03-06,63.5,61.0,63.0,61.2,19.0,313088.0,100799873.0
2018-03-07,62.8,57.4242,61.0,59.0,35.0,173509.0,100799873.0
2018-03-08,59.3,57.0,58.0,57.0,25.0,97870.0,100799873.0
2018-03-09,58.899,55.0,57.0,56.9,41.0,166630.0,100799873.0
2018-03-12,60.0,55.6,60.0,60.0,7.0,21710.0,100799873.0
2018-03-13,59.0,54.0,55.0,56.2,38.0,222615.0,100799873.0
2018-03-14,58.0,55.4,55.4,55.4,13.0,70392.0,100799873.0
2018-03-15,59.2425,55.0,55.0,55.6,23.0,209613.0,100799873.0
2018-03-16,60.0,57.5,60.0,60.0,12.0,60278.0,100799873.0
2018-03-19,60.0,59.0,59.0,59.0,8.0,72346.0,100799873.0
2018-03-20,60.1879,58.6,58.6,58.6,8.0,28332.0,100799873.0
2018-03-21,47.6,39.0,45.0,45.0,195.0,1033019.0,100799873.0
2018-03-22,47.29,43.0,44.1,44.0,59.0,431521.0,100799873.0
2018-03-23,45.9999,43.2601,45.0,44.55,24.0,161861.0,100799873.0
2018-03-26,47.0,43.1,46.0,46.75,25.0,119432.0,100799873.0
2018-03-27,48.0,45.0,46.5,45.25,31.0,402329.0,100799873.0
2018-03-28,47.0,45.0,46.0,46.75,16.0,115249.0,100799873.0
2018-03-29,48.5,45.0,48.0,48.5,20.0,99229.0,100799873.0
2018-04-03,48.75,46.1,46.1,48.2,29.0,199609.0,100799873.0
2018-04-04,48.6,45.0,48.6,46.0,21.0,100505.0,100799873.0
2018-04-05,49.0,46.2,46.2,47.0,20.0,83854.0,100799873.0
2018-04-06,50.0,48.0,48.8,49.0,36.0,271470.0,100799873.0
2018-04-09,53.0,49.2,51.0,50.95,21.0,222883.0,100799873.0
2018-04-10,53.0,49.6,49.6,51.15,8.0,19074.0,100799873.0
2018-04-11,56.648,52.0001,53.0,54.6,43.0,243740.0,100799873.0
2018-04-12,56.8,53.2,53.2,54.0,15.0,95733.0,100799873.0
2018-04-13,56.34,52.0,53.0,55.6,23.0,64819.0,100799873.0
2018-04-16,55.09,52.0,53.0,52.0,15.0,45185.0,100799873.0
2018-04-17,54.2,52.0,54.2,53.4,11.0,32859.0,100799873.0
2018-04-18,54.8,52.2,53.8,53.6,16.0,39839.0,100799873.0
2018-04-19,54.328,50.6,52.0,51.6,19.0,190921.0,100799873.0
2018-04-20,52.25,50.0,50.0,51.0,23.0,100606.0,100799873.0
2018-04-23,51.78,49.1,50.0,49.1,19.0,74895.0,100799873.0
2018-04-24,49.72,48.0,49.0,48.0,26.0,112957.0,100799873.0
2018-04-25,50.8,48.7866,49.0,49.0,23.0,139871.0,100799873.0
2018-04-26,51.026,48.0,48.5,49.2,13.0,37264.0,100799873.0
2018-04-27,50.76,48.6,48.6,49.7,18.0,93757.0,100799873.0
2018-04-30,51.25,49.8,50.0,49.8,17.0,41922.0,100799873.0
2018-05-01,50.856,48.6,50.0001,49.8,16.0,51873.0,100799873.0
2018-05-02,51.4,49.1,50.81925,50.0,13.0,149693.0,100799873.0
2018-05-03,51.2,48.5,49.6501,49.0,21.0,963098.0,100799873.0
2018-05-04,49.79,48.1,48.1,49.05,19.0,22209.0,100799873.0
2018-05-08,49.472,48.0,48.1,48.5,23.0,182796.0,100799873.0
2018-05-09,49.868,48.0,48.5,48.0,17.0,36215.0,100799873.0
2018-05-10,48.88099,46.0,47.57,46.0,8.0,36706.0,100799873.0
2018-05-11,48.7,45.1,48.7,46.45,9.0,78021.0,100799873.0
2018-05-14,48.5,46.29,46.29,47.65,8.0,19991.0,100799873.0
2018-05-15,48.7081,45.1,46.4581,47.05,14.0,67274.0,100799873.0
2018-05-16,53.8,49.0,49.0,52.8,46.0,707453.0,100799873.0
2018-05-17,50.9152,48.73,50.4,49.1,29.0,179096.0,100799873.0
2018-05-18,49.7739,48.0,49.396,48.0,13.0,32410.0,100799873.0
2018-05-21,50.08,48.0,48.0,48.5,39.0,258227.0,100799873.0
2018-05-22,51.125,49.0,50.35,49.4,36.0,414707.0,100799873.0
2018-05-23,51.0,49.2,49.2,51.0,8.0,24455.0,100799873.0
2018-05-24,51.0,49.2,49.78,49.2,19.0,82444.0,100799873.0
2018-05-25,50.91415,49.2,50.62,50.0,28.0,81350.0,100799873.0
2018-05-29,50.5192,49.0,49.7272,49.1,20.0,107924.0,100799873.0
2018-05-30,48.9,48.0,48.0,48.2,39.0,243002.0,100799873.0
2018-05-31,50.8,48.0,49.5,48.0,19.0,56088.0,100799873.0
2018-06-01,50.26,48.0,48.1,48.0,9.0,9490.0,100799873.0
2018-06-04,48.1,48.0,48.0,48.0,8.0,11905.0,100799873.0
2018-06-05,50.1,48.2,48.2,49.5,14.0,25932.0,100799873.0
2018-06-06,50.59,49.5,50.54,49.5,7.0,3013.0,100799873.0
2018-06-07,50.6,48.0,48.0,48.2,23.0,88114.0,100799873.0
2018-06-08,50.8,48.0,50.8,48.0,16.0,29077.0,100799873.0
2018-06-11,48.94537,47.0,48.2,48.0,43.0,114159.0,100799873.0
2018-06-12,50.0,45.6,50.0,47.0,115.0,394595.0,100799873.0
2018-06-13,47.668,46.0,46.0,47.1,22.0,186245.0,100799873.0
2018-06-14,49.9759,46.5,46.56801,48.6,56.0,149559.0,100799873.0
2018-06-15,50.0,46.8,46.8,49.1,22.0,2720110.0,100799873.0
2018-06-18,49.9,47.1,48.332,47.1,18.0,59044.0,100799873.0
2018-06-19,47.70905,47.2,47.2,48.65,7.0,33846.0,100799873.0
2018-06-20,49.8,47.25755,47.3424,49.8,3.0,18347.0,100799873.0
2018-06-21,49.8,47.22727,47.22727,49.8,2.0,7921.0,100799873.0
2018-06-22,49.9,47.63,49.38,48.0,7.0,91386.0,100799873.0
2018-06-25,48.5,47.1,48.0,47.8,20.0,47520.0,100799873.0
2018-06-26,49.0,47.2,49.0,48.45,14.0,51670.0,100799873.0
2018-06-27,48.43,47.2,47.5928,47.2,13.0,58056.0,100799873.0
2018-06-28,47.68992,46.6,47.2408,46.7,21.0,71630.0,100799873.0
2018-06-29,48.8,45.1,47.5,45.2,25.0,134952.0,100799873.0
2018-07-02,45.7161,45.2,45.6421,45.35,6.0,28041.0,100799873.0
2018-07-03,47.4,45.6,45.6,46.1,9.0,137995.0,100799873.0
2018-07-04,45.3081,44.0,45.3081,44.0,8.0,12021.0,100799873.0
2018-07-05,44.9499,44.1,44.7161,44.5,7.0,54645.0,100799873.0
2018-07-06,46.7586,44.1,46.7586,45.5,4.0,19563.0,100799873.0
2018-07-09,44.84,44.29,44.772,44.5,7.0,14506.0,100799873.0
2018-07-10,45.5,44.1,44.1,45.0,7.0,167303.0,100799873.0
2018-07-11,44.8281,44.82801,44.8281,46.75,2.0,4861.0,100799873.0
2018-07-12,48.0,45.1621,48.0,47.0,16.0,34951.0,100799873.0
2018-07-13,47.9,45.1,45.8281,46.5,6.0,17309.0,100799873.0
2018-07-16,46.0241,45.1,45.1,45.95,2.0,3262.0,100799873.0
2018-07-17,46.922,45.7,46.922,46.25,4.0,3878.0,100799873.0
2018-07-18,47.732,45.1,45.55,46.8,12.0,80833.0,100799873.0
2018-07-19,47.73,46.0241,46.0241,46.45,6.0,68693.0,100799873.0
2018-07-20,47.7586,45.0,46.108,45.0,8.0,14410.0,100799873.0
2018-07-23,46.2788,44.0,45.0,45.2,7.0,11918.0,100799873.0
2018-07-24,46.7405,44.0,44.0,45.45,8.0,19728.0,100799873.0
2018-07-25,45.0241,45.02401,45.0241,45.45,2.0,1573.0,100799873.0
2018-07-26,45.03,44.562,45.0241,44.6,7.0,21566.0,100799873.0
2018-07-27,44.8,44.3481,44.3481,45.5,4.0,18810.0,100799873.0
2018-07-30,46.0,44.1,44.3938,45.5,6.0,10258.0,100799873.0
2018-07-31,46.9,44.0,44.97668,45.5,10.0,62411.0,100799873.0
2018-08-01,46.03199,44.1,46.03199,45.5,8.0,61951.0,100799873.0
2018-08-02,46.38,44.0,45.0,44.0,6.0,14902.0,100799873.0
2018-08-03,45.0,44.1,44.82,44.5,5.0,1970201.0,100799873.0
2018-08-06,44.9484,44.82,44.9484,45.0,3.0,5541.0,100799873.0
2018-08-07,46.0,44.532,46.0,45.0,4.0,4930.0,100799873.0
2018-08-08,46.5,44.1,46.5,45.3,6.0,21335.0,100799873.0
2018-08-09,46.6,45.5,46.6,45.4,2.0,3380.0,100799873.0
2018-08-10,45.5,45.5,45.5,45.4,2.0,12055.0,100799873.0
2018-08-13,46.39999,44.2,45.0,44.55,8.0,27648.0,100799873.0
2018-08-14,45.898,44.3,45.898,45.15,6.0,6586.0,100799873.0
2018-08-15,46.0,44.5041,45.66,45.45,15.0,28992.0,100799873.0
2018-08-16,45.94,45.0,45.5,45.5,12.0,99730.0,100799873.0
2018-08-17,45.2081,45.0,45.2081,45.55,7.0,27434.0,100799873.0
2018-08-20,46.2463,44.4161,44.4161,46.45,7.0,98808.0,100799873.0
2018-08-21,47.4,45.53,46.56678,46.65,7.0,16574.0,100799873.0
2018-08-22,46.0,45.5,45.8,46.0,13.0,38062.0,100799873.0
2018-08-23,47.7,45.5,46.2,46.7,9.0,17997.0,100799873.0
2018-08-24,45.5,44.2,45.5,45.3,14.0,93859.0,100799873.0
2018-08-28,44.97,44.6,44.9021,45.55,4.0,7181.0,100799873.0
2018-08-29,45.6,44.5,44.75,45.4,12.0,36864.0,100799873.0
2018-08-30,44.8,44.5,44.5,45.25,16.0,70367.0,100799873.0
2018-08-31,44.9,44.3,44.3,45.35,6.0,22703.0,100799873.0
2018-09-03,44.95,44.502,44.95,45.25,2.0,1977.0,100799873.0
2018-09-04,44.5001,44.5001,44.5001,44.95,4.0,26783.0,100799873.0
2018-09-05,46.9,44.2,44.5001,45.1,12.0,103081.0,100799873.0
2018-09-06,44.71,44.2,44.2,45.65,4.0,5525.0,100799873.0
2018-09-07,46.2,44.6,45.8,46.25,6.0,24574.0,100799873.0
2018-09-10,46.0,44.5251,44.5251,46.0,4.0,9333.0,100799873.0
2018-09-11,46.6,44.5,46.6,46.25,6.0,2655.0,100799873.0
2018-09-12,44.6,44.6,44.6,45.75,1.0,4000.0,100799873.0
2018-09-13,47.9,45.1,47.9,46.5,4.0,25622.0,100799873.0
2018-09-14,45.06,45.0,45.0,46.25,3.0,16660.0,100799873.0
2018-09-17,47.9,45.0,45.0,46.25,4.0,4357.0,100799873.0
2018-09-18,47.0,45.0,45.0,46.25,5.0,26135.0,100799873.0
2018-09-19,47.0,44.6,47.0,46.25,5.0,12943.0,100799873.0
2018-09-20,47.9,45.1,47.0,46.5,9.0,41984.0,100799873.0
2018-09-21,41.1,33.0,36.0,40.45,75.0,483718.0,100799873.0
2018-09-24,40.61799,39.1,39.8591,40.0,13.0,110436.0,100799873.0
2018-09-25,40.5259,38.6,40.5259,39.25,9.0,22135.0,100799873.0
2018-09-26,40.33599,38.6,38.6,40.0,10.0,21799.0,100799873.0
2018-09-27,39.4299,36.0,39.4299,36.95,22.0,118658.0,100799873.0
2018-09-28,37.6,36.0,36.39,37.6,9.0,26714.0,100799873.0
2018-10-01,38.0,36.0,36.24401,38.0,7.0,20468.0,100799873.0
2018-10-02,37.4439,36.0,37.4439,36.95,4.0,6674.0,100799873.0
2018-10-03,37.602,36.0,36.0,36.85,10.0,307279.0,100799873.0
2018-10-04,37.5579,35.6,36.0,36.75,10.0,20882.0,100799873.0
2018-10-05,36.5,36.5,36.5,36.65,2.0,4000.0,100799873.0
2018-10-08,35.7,35.7,35.7,36.25,2.0,20001.0,100799873.0
2018-10-09,35.7,33.0,35.7,33.95,19.0,72806.0,100799873.0
2018-10-10,33.1,30.2,33.1,31.5,14.0,97127.0,100799873.0
2018-10-11,30.9,29.0,30.011,30.4,21.0,167808.0,100799873.0
2018-10-12,33.0,30.9,30.9,32.55,19.0,124108.0,100799873.0
2018-10-15,34.90405,32.0001,32.0001,34.05,17.0,129150.0,100799873.0
2018-10-16,34.8955,33.3,34.8955,34.15,11.0,46567.0,100799873.0
2018-10-17,35.0,34.041,34.981,34.05,4.0,46491.0,100799873.0
2018-10-18,33.0501,32.1,33.0082,33.05,7.0,57939.0,100799873.0
2018-10-19,33.8,32.1,33.0501,33.05,7.0,66797.0,100799873.0
2018-10-22,33.77199,32.0,33.77199,33.0,7.0,24450.0,100799873.0
2018-10-23,33.5,33.5,33.5,33.0,1.0,1503.0,100799873.0
2018-10-24,33.5,32.1,33.5,33.0,4.0,2662.0,100799873.0
2018-10-25,33.0,32.0,32.1,33.0,7.0,12781.0,100799873.0
2018-10-26,32.497,32.0,32.16,32.45,4.0,23406.0,100799873.0
2018-10-29,32.75,30.1,32.1,30.55,17.0,119835.0,100799873.0
2018-10-30,31.0625,30.1,30.18,30.5,7.0,37465.0,100799873.0
2018-10-31,31.775,30.2,31.0,31.1,4.0,34321.0,100799873.0
2018-11-01,31.8,31.1,31.396,31.5,8.0,28345.0,100799873.0
2018-11-02,31.9,30.4,31.9,31.0,7.0,11366.0,100799873.0
2018-11-05,32.0,31.0,31.125,31.4,10.0,36454.0,100799873.0
2018-11-06,31.05,30.0,31.05,31.5,5.0,30406.0,100799873.0
2018-11-07,30.8281,30.1,30.82801,31.5,6.0,9716.0,100799873.0
2018-11-08,31.75,30.1,31.75,31.5,7.0,11315.0,100799873.0
2018-11-09,32.9,31.024,32.9,32.0,7.0,76988.0,100799873.0
2018-11-12,31.46,30.8281,30.8281,31.9,8.0,67899.0,100799873.0
2018-11-13,31.868,30.1,31.4941,31.4,7.0,13652.0,100799873.0
2018-11-14,32.6239,30.6,32.6239,31.75,2.0,1598.0,100799873.0
2018-11-15,32.62399,30.6,32.6239,31.75,7.0,16427.0,100799873.0
2018-11-16,32.5,30.6,31.1981,31.25,6.0,18573.0,100799873.0
2018-11-19,32.5,30.6,30.8281,31.75,5.0,22877.0,100799873.0
2018-11-20,31.0001,30.6,30.74,31.75,5.0,6310.0,100799873.0
2018-11-21,31.9,30.0,30.1,31.0,11.0,25004.0,100799873.0
2018-11-22,32.5,30.6,31.4281,31.75,8.0,28877.0,100799873.0
2018-11-23,32.34,30.0,30.9381,31.0,13.0,93505.0,100799873.0
2018-11-26,31.82,30.0,30.964,31.15,22.0,342085.0,100799873.0
2018-11-27,31.7125,30.704,31.71,30.8,3.0,17734.0,100799873.0
2018-11-28,31.0161,30.5,31.0161,31.15,13.0,28465.0,100799873.0
2018-11-29,31.8,30.92825,31.0161,31.0,3.0,22211.0,100799873.0
2018-11-30,30.6441,30.36,30.36,30.7,2.0,22729.0,100799873.0
2018-12-03,31.9,31.276,31.38801,31.5,7.0,25317.0,100799873.0
2018-12-04,31.6,30.8,31.29,30.8,12.0,89620.0,100799873.0
2018-12-05,31.4759,30.8,30.8,30.95,5.0,4149.0,100799873.0
2018-12-06,31.7,30.7,31.5399,31.35,12.0,87180.0,100799873.0
2018-12-07,31.8,31.1,31.5759,31.25,13.0,95554.0,100799873.0
2018-12-10,31.4441,31.1,31.1661,31.35,8.0,49732.0,100799873.0
2018-12-11,32.4455,32.0,32.0,32.0,2.0,1057.0,100799873.0
2018-12-12,32.5939,31.1,32.5939,31.5,4.0,8796.0,100799873.0
2018-12-13,32.9,31.1,32.9,32.0,6.0,9629.0,100799873.0
2018-12-14,31.1,31.1,31.1,32.0,1.0,448.0,100799873.0
2018-12-17,31.2,30.0,31.2,31.4,23.0,126440.0,100799873.0
2018-12-18,30.174,30.174,30.174,31.45,1.0,2564.0,100799873.0
2018-12-19,31.30916,30.1,30.2,30.5,8.0,801958.0,100799873.0
2018-12-20,30.27299,29.0,29.5,29.95,6.0,8631.0,100799873.0
2018-12-21,29.60299,28.0,29.0,28.0,15.0,38648.0,100799873.0
2018-12-24,28.0,26.0,28.0,27.4,10.0,42371.0,100799873.0
2018-12-27,27.2365,26.38,26.38,27.85,4.0,10448.0,100799873.0
2018-12-28,27.1,26.0,27.1,27.0,21.0,90993.0,100799873.0
2018-12-31,26.28,26.0,26.28,26.95,12.0,29796.0,100799873.0
2019-01-02,25.4,24.12,25.4,24.5,20.0,126611.0,100799873.0
2019-01-03,25.85,25.0,25.0359,25.45,10.0,157194.0,100799873.0
2019-01-04,25.9,25.09,25.09,25.45,3.0,31837.0,100799873.0
2019-01-07,25.6659,25.144,25.6659,25.45,5.0,9371.0,100799873.0
2019-01-08,25.9,25.0,25.9,25.45,5.0,57021.0,100799873.0
2019-01-09,25.6481,24.76,25.0,25.8,22.0,183565.0,100799873.0
2019-01-10,26.875,25.6,25.6481,26.2,12.0,154308.0,100799873.0
2019-01-11,27.62,26.6,27.62,27.0,10.0,31548.0,100799873.0
2019-01-14,27.5,26.6,26.6,26.95,7.0,6148.0,100799873.0
2019-01-15,27.45,26.6,27.45,26.95,4.0,122135.0,100799873.0
2019-01-16,27.822,27.0291,27.0291,27.25,4.0,34494.0,100799873.0
2019-01-17,27.0,27.0,27.0,27.55,1.0,111068.0,100799873.0
2019-01-18,27.5,26.6,27.5,27.25,9.0,16092.0,100799873.0
2019-01-21,28.0,26.6,28.0,27.25,7.0,11615.0,100799873.0
2019-01-22,27.15,26.9,26.9,27.4,3.0,2704.0,100799873.0
2019-01-23,26.6,26.1,26.6,27.0,7.0,57351.0,100799873.0
2019-01-24,27.4,25.0,26.1,26.45,5.0,38380.0,100799873.0
2019-01-25,26.42,25.725,26.42,26.45,3.0,6443.0,100799873.0
2019-01-28,26.0,25.8,25.8,26.1,3.0,43843.0,100799873.0
2019-01-29,26.5,25.0,25.8161,25.55,10.0,83280.0,100799873.0
2019-01-30,25.9,25.1,25.4499,25.5,11.0,219424.0,100799873.0
2019-01-31,25.21,25.1361,25.21,25.6,3.0,22005.0,100799873.0
2019-02-01,26.084,25.1361,25.1361,26.0,2.0,20100.0,100799873.0
2019-02-04,25.59,25.3,25.4301,25.65,4.0,22285.0,100799873.0
2019-02-05,25.4301,25.4301,25.4301,26.15,3.0,23037.0,100799873.0
2019-02-06,25.5281,25.5281,25.5281,25.7,2.0,4055.0,100799873.0
2019-02-07,25.6261,25.6261,25.6261,26.25,1.0,2500.0,100799873.0
2019-02-08,25.3321,25.1361,25.1361,26.2,4.0,10408.0,100799873.0
2019-02-11,26.8,25.61,25.61,26.25,5.0,32326.0,100799873.0
2019-02-12,25.61,25.61,25.61,26.25,1.0,138.0,100799873.0
2019-02-13,26.9,25.6,26.9,26.25,4.0,2338.0,100799873.0
2019-02-14,26.14,25.6001,25.6001,26.4,3.0,27182.0,100799873.0
2019-02-15,26.0,25.8,25.8,26.0,3.0,8071.0,100799873.0
2019-02-18,26.1439,25.1,25.1001,26.0,4.0,16024.0,100799873.0
2019-02-19,25.12,25.1,25.12,26.0,3.0,23665.0,100799873.0
2019-02-20,25.9099,25.1,25.1,26.0,7.0,73967.0,100799873.0
2019-02-21,25.9649,25.1,25.90999,25.75,4.0,38877.0,100799873.0
2019-02-22,26.8,25.1,25.9099,26.0,5.0,35301.0,100799873.0
2019-02-25,25.9,25.12,25.9,26.05,2.0,2750.0,100799873.0
2019-02-26,25.12,25.12,25.12,26.0,1.0,2500.0,100799873.0
2019-02-27,25.12,25.12,25.12,26.0,1.0,3300.0,100799873.0
2019-02-28,,,,26.0,,,100799873.0
2019-03-01,26.8,26.8,26.8,26.0,1.0,79.0,100799873.0
2019-03-04,25.8199,25.118,25.118,26.0,2.0,5544.0,100799873.0
2019-03-05,25.7599,25.0,25.7599,25.95,2.0,4780.0,100799873.0
2019-03-06,25.2,25.2,25.2,25.55,1.0,587.0,100799873.0
2019-03-07,25.3,24.0,25.3,23.95,8.0,78527.0,100799873.0
2019-03-08,23.7599,23.0,23.1,23.95,5.0,27809.0,100799873.0
2019-03-11,23.6399,23.016,23.1999,23.65,4.0,19493.0,100799873.0
2019-03-12,24.0,22.0,24.0,23.7,10.0,205042.0,100799873.0
2019-03-13,24.0,22.51,24.0,23.45,2.0,2270.0,100799873.0
2019-03-14,23.0,22.51,23.0,23.45,2.0,7814.0,100799873.0
2019-03-15,23.9,23.01,23.4,23.45,4.0,53628.0,100799873.0
2019-03-18,24.9,23.697,23.697,24.05,6.0,481153.0,100799873.0
2019-03-19,24.075,22.6565,23.4,23.45,10.0,19769.0,100799873.0
2019-03-20,24.0,22.87,22.87,23.95,6.0,50729.0,100799873.0
2019-03-21,24.74,23.99,23.99,24.45,12.0,315503.0,100799873.0
2019-03-22,24.21825,23.1,24.1575,23.95,5.0,55405.0,100799873.0
2019-03-25,24.0,24.0,24.0,23.95,1.0,100000.0,100799873.0
2019-03-26,23.0,21.146,21.146,22.55,17.0,298587.0,100799873.0
2019-03-27,22.84,21.22,21.9,21.7,7.0,191797.0,100799873.0
2019-03-28,22.877,22.0,22.5,21.7,4.0,70195.0,100799873.0
2019-03-29,22.5,21.311,22.5,22.0,8.0,82854.0,100799873.0
2019-04-01,22.1319,20.5,22.1319,21.7,6.0,51392.0,100799873.0
2019-04-02,22.04,20.8399,20.8399,21.7,3.0,23631.0,100799873.0
2019-04-03,22.1319,20.5001,22.04,21.7,12.0,121582.0,100799873.0
2019-04-04,22.01,20.9,22.01,21.7,4.0,90152.0,100799873.0
2019-04-05,22.01,20.86,20.945,21.7,8.0,127823.0,100799873.0
2019-04-08,22.01,20.5,20.896,21.7,10.0,98162.0,100799873.0
2019-04-09,21.75,20.5,20.83,21.7,6.0,13025.0,100799873.0
2019-04-10,21.6,20.09,20.784,20.45,15.0,492923.0,100799873.0
2019-04-11,20.78,20.1,20.19,20.1,3.0,203517.0,100799873.0
2019-04-12,21.35,20.0,21.35,20.7,7.0,173371.0,100799873.0
2019-04-15,22.5,20.5,21.75,21.55,9.0,67113.0,100799873.0
2019-04-16,22.45,20.5,20.61,21.8,6.0,97915.0,100799873.0
2019-04-17,22.7,20.29,20.29,21.55,6.0,21262.0,100799873.0
2019-04-18,20.61,20.61,20.61,21.45,1.0,1250.0,100799873.0
2019-04-23,21.9359,20.37,20.37,21.45,6.0,32965.0,100799873.0
2019-04-24,22.16001,20.0,22.0,21.4,5.0,23696.0,100799873.0
2019-04-25,22.1,22.1,22.1,21.4,2.0,5861.0,100799873.0
2019-04-26,22.5,20.64001,20.9099,21.45,6.0,14694.0,100799873.0
2019-04-29,22.5,20.1,20.694,21.4,3.0,7836.0,100799873.0
2019-04-30,22.5,22.5,22.5,21.45,1.0,2155.0,100799873.0
2019-05-01,20.694,20.6089,20.694,20.5,4.0,78423.0,100799873.0
2019-05-02,22.5,22.5,22.5,21.55,1.0,5000.0,100799873.0
2019-05-03,20.8201,20.82001,20.8201,21.55,2.0,9200.0,100799873.0
2019-05-07,22.2601,22.1,22.1,21.4,5.0,11557.0,100799873.0
2019-05-08,,,,21.3,,,100799873.0
2019-05-09,,,,21.4,,,100799873.0
2019-05-10,20.61,20.61,20.61,21.4,2.0,4284.0,100799873.0
2019-05-13,22.0719,20.61,20.61,21.4,3.0,3858.0,100799873.0
2019-05-14,20.45,20.45,20.45,21.4,1.0,1256.0,100799873.0
2019-05-15,22.4059,22.4059,22.4059,21.7,1.0,4781.0,100799873.0
2019-05-16,22.27599,20.7969,22.27599,20.75,4.0,46005.0,100799873.0
2019-05-17,,,,21.7,,,100799873.0
2019-05-20,22.2,20.6727,22.2,21.7,5.0,97247.0,100799873.0
2019-05-21,22.1319,20.06,22.1319,21.7,6.0,14270.0,100799873.0
2019-05-22,,,,21.25,,,100799873.0
2019-05-23,20.73999,20.0,20.6119,20.65,5.0,37116.0,100799873.0
2019-05-24,20.4158,20.2,20.2,20.95,3.0,2706.0,100799873.0
2019-05-28,21.2239,20.8234,21.2239,21.2,3.0,21750.0,100799873.0
2019-05-29,21.2239,21.2239,21.2239,20.95,1.0,834.0,100799873.0
2019-05-30,21.0251,20.378,20.378,20.95,2.0,29180.0,100799873.0
2019-05-31,21.062,21.062,21.062,21.0,1.0,1.0,100799873.0
2019-06-03,21.2239,20.07,21.2239,20.7,5.0,69056.0,100799873.0
2019-06-04,,,,20.45,,,100799873.0
2019-06-05,20.0,19.0,20.0,19.7,18.0,60925.0,100799873.0
2019-06-06,21.9,19.14,19.14,21.5,17.0,11992313.0,100799873.0
2019-06-07,22.0,20.4961,22.0,20.7,14.0,94490.0,100799873.0
2019-06-10,22.0,21.0,22.0,21.0,25.0,235207.0,100799873.0
2019-06-11,22.0349,21.0,22.0349,21.2,7.0,61992.0,100799873.0
2019-06-12,21.5,21.1,21.1,21.5,7.0,124648.0,100799873.0
2019-06-13,22.2,21.5,21.5707,21.85,5.0,48481.0,100799873.0
2019-06-14,21.788,21.21,21.3,21.5,5.0,12408.0,100799873.0
2019-06-17,22.32399,20.9,22.32399,20.9,8.0,44092.0,100799873.0
2019-06-18,21.0,21.0,21.0,21.0,2.0,3818.0,100799873.0
2019-06-19,22.09,20.4081,22.09,20.85,4.0,10635.0,100799873.0
2019-06-20,22.0,20.2,22.0,21.55,5.0,49475.0,100799873.0
2019-06-21,,,,21.55,,,100799873.0
2019-06-24,20.6321,20.6321,20.6321,21.55,2.0,351.0,100799873.0
2019-06-25,20.15,20.15,20.15,20.5,1.0,2937.0,100799873.0
2019-06-26,20.28,19.16,20.28,19.8,4.0,36051.0,100799873.0
2019-06-27,19.95199,18.36,19.95199,19.7,2.0,9980.0,100799873.0
2019-06-28,20.0879,20.0879,20.0879,19.8,1.0,200.0,100799873.0
2019-07-01,20.0879,19.7839,19.7839,19.8,2.0,11527.0,100799873.0
2019-07-02,19.6459,18.3688,18.3688,19.725,2.0,10007.0,100799873.0
2019-07-03,19.75,19.6459,19.6459,19.475,2.0,2000.0,100799873.0
2019-07-04,19.64599,19.22,19.64599,19.0,3.0,7038.0,100799873.0
2019-07-05,19.9,18.4625,19.4999,19.1,5.0,120283.0,100799873.0
2019-07-08,19.287,19.287,19.287,19.0,1.0,5000.0,100799873.0
2019-07-09,18.76,18.76,18.76,18.925,2.0,34867.0,100799873.0
2019-07-10,19.5315,18.6143,18.6143,18.975,4.0,29599.0,100799873.0
2019-07-11,19.45763,19.45763,19.45763,18.975,1.0,1000.0,100799873.0
2019-07-12,19.4625,18.585,19.4625,18.975,5.0,6681.0,100799873.0
2019-07-15,18.585,18.585,18.585,18.975,1.0,1988.0,100799873.0
2019-07-16,19.6,18.0,19.4625,19.375,6.0,25565.0,100799873.0
2019-07-17,19.4999,19.42278,19.4999,19.225,2.0,968.0,100799873.0
2019-07-18,18.63,18.6,18.63,18.975,2.0,6837.0,100799873.0
2019-07-19,19.5,19.45,19.45,19.275,4.0,86333.0,100799873.0
2019-07-22,18.443,18.43882,18.43882,18.85,2.0,22231.0,100799873.0
2019-07-23,19.9,18.717,19.9,19.0,5.0,37399.0,100799873.0
2019-07-24,19.518,18.7013,18.7013,18.75,4.0,10640.0,100799873.0
2019-07-25,19.25,17.75,18.41,19.125,4.0,15786.0,100799873.0
2019-07-26,19.95,19.0,19.25,19.7,18.0,405385.0,100799873.0
2019-07-29,20.0,19.0,19.908,19.5,23.0,398039.0,100799873.0
2019-07-30,20.495,20.20705,20.42,20.25,5.0,33620.0,100799873.0
2019-07-31,20.81,20.0,20.09,20.45,8.0,93935.0,100799873.0
2019-08-01,20.2365,20.23,20.23,20.75,3.0,14338.0,100799873.0
2019-08-02,21.29,20.1,20.3155,20.4,3.0,110600.0,100799873.0
2019-08-05,21.1139,21.1139,21.1139,20.5,3.0,50108.0,100799873.0
2019-08-06,20.525,20.3601,20.525,20.75,3.0,16000.0,100799873.0
2019-08-07,20.9999,20.375,20.9999,20.75,3.0,10197.0,100799873.0
2019-08-08,20.9999,20.1,20.9999,20.75,4.0,8567.0,100799873.0
2019-08-09,21.0,20.0,20.9,20.0,6.0,24431.0,100799873.0
2019-08-12,20.34001,20.09,20.34001,20.45,2.0,19318.0,100799873.0
2019-08-13,20.9709,20.09,20.23,20.5,4.0,7295.0,100799873.0
2019-08-14,20.60299,20.60299,20.60299,20.5,1.0,946.0,100799873.0
2019-08-15,20.9709,20.9709,20.9709,20.25,1.0,1150.0,100799873.0
2019-08-16,20.23,20.15,20.15,20.75,2.0,6049.0,100799873.0
2019-08-19,20.7029,20.1,20.1,20.55,7.0,28523.0,100799873.0
2019-08-20,20.7029,19.3401,20.7029,19.775,9.0,60388.0,100799873.0
2019-08-21,20.5379,20.5379,20.5379,20.1,1.0,672.0,100799873.0
2019-08-22,19.10001,19.10001,19.10001,19.55,1.0,30000.0,100799873.0
2019-08-23,20.3729,19.37,20.3729,19.75,2.0,10800.0,100799873.0
2019-08-27,20.89,20.89,20.89,20.025,1.0,5000.0,100799873.0
2019-08-28,20.3729,19.1,20.3729,20.225,4.0,75908.0,100799873.0
2019-08-29,19.2338,19.2338,19.2338,19.975,1.0,250.0,100799873.0
2019-08-30,,,,19.975,,,100799873.0
2019-09-02,20.22249,19.43183,19.43183,19.975,3.0,9089.0,100799873.0
2019-09-03,19.225,19.225,19.225,19.975,1.0,4500.0,100799873.0
2019-09-04,19.225,19.225,19.225,19.975,2.0,6719.0,100799873.0
2019-09-05,20.22249,20.22,20.22249,19.975,2.0,8351.0,100799873.0
2019-09-06,,,,19.975,,,100799873.0
2019-09-09,,,,20.45,,,100799873.0
2019-09-10,20.16999,20.16999,20.16999,19.975,1.0,4878.0,100799873.0
2019-09-11,,,,19.85,,,100799873.0
2019-09-12,,,,19.55,,,100799873.0
2019-09-13,20.0,19.185,19.185,19.725,2.0,59500.0,100799873.0
2019-09-16,19.225,19.2,19.225,19.975,2.0,2189.0,100799873.0
2019-09-17,19.235,19.225,19.235,19.25,5.0,7201.0,100799873.0
2019-09-18,19.4279,19.4279,19.4279,19.225,2.0,5319.0,100799873.0
2019-09-19,19.42799,18.645,19.42799,19.225,4.0,207344.0,100799873.0
2019-09-20,18.6523,18.645,18.6523,19.225,2.0,15750.0,100799873.0
2019-09-23,18.6523,18.5,18.5,19.225,3.0,523.0,100799873.0
2019-09-24,20.6239,19.0,20.6239,19.95,7.0,83037.0,100799873.0
2019-09-25,20.0,19.0,20.0,19.275,3.0,15910.0,100799873.0
2019-09-26,18.7621,18.0,18.7621,18.325,7.0,116008.0,100799873.0
2019-09-27,18.445,17.5,17.7875,18.225,16.0,67167.0,100799873.0
2019-09-30,17.622,17.622,17.622,18.125,1.0,3019.0,100799873.0
2019-10-01,18.2285,16.5,17.0001,17.225,7.0,88576.0,100799873.0
2019-10-02,17.7449,16.75,16.9701,17.475,3.0,12635.0,100799873.0
2019-10-03,16.7941,16.75,16.7941,17.725,3.0,25984.0,100799873.0
2019-10-04,17.6,17.6,17.6,17.725,1.0,250.0,100799873.0
2019-10-07,17.7,16.79401,16.79401,17.975,4.0,19043.0,100799873.0
2019-10-08,16.9701,16.9701,16.9701,17.825,2.0,6210.0,100799873.0
2019-10-09,16.9701,16.9701,16.9701,17.825,1.0,20.0,100799873.0
2019-10-10,18.0,16.7001,16.9701,17.375,6.0,144781.0,100799873.0
2019-10-11,17.538,17.05,17.538,18.25,4.0,11601.0,100799873.0
2019-10-14,17.05,17.05,17.05,18.025,5.0,2576.0,100799873.0
2019-10-15,17.74499,16.5501,17.74499,17.775,2.0,8282.0,100799873.0
2019-10-16,18.0,17.05,17.05,18.5,10.0,131575.0,100799873.0
2019-10-17,18.625,17.9,17.9,18.625,4.0,34405.0,100799873.0
2019-10-18,18.6099,18.0,18.0,18.625,4.0,41533.0,100799873.0
2019-10-21,18.25,17.875,17.9,18.5,5.0,40732.0,100799873.0
2019-10-22,18.86365,18.225,18.4,18.6,5.0,86863.0,100799873.0
2019-10-23,19.0,17.875,18.55,18.25,6.0,10447.0,100799873.0
2019-10-24,19.0,17.875,17.875,18.625,4.0,20558.0,100799873.0
2019-10-25,18.313,18.20625,18.20625,18.625,2.0,6051.0,100799873.0
2019-10-28,18.875,18.3251,18.875,18.625,3.0,6365.0,100799873.0
2019-10-29,18.875,18.875,18.875,18.625,1.0,2649.0,100799873.0
2019-10-30,18.875,18.875,18.875,18.625,1.0,2569.0,100799873.0
2019-10-31,,,,18.625,,,100799873.0
2019-11-01,19.25,18.44188,18.44188,18.625,5.0,36589.0,100799873.0
2019-11-04,19.25,18.4375,18.4375,18.975,4.0,53983.0,100799873.0
2019-11-05,18.875,18.875,18.875,18.625,1.0,5000.0,100799873.0
2019-11-06,18.42425,18.0,18.25,18.375,7.0,269816.0,100799873.0
2019-11-07,19.45,18.0,18.0,18.625,2.0,315.0,100799873.0
2019-11-08,19.45,19.15,19.18688,19.775,5.0,87104.0,100799873.0
2019-11-11,20.43,20.43,20.43,20.025,1.0,10.0,100799873.0
2019-11-12,20.52025,20.43,20.52025,20.025,2.0,6331.0,100799873.0
2019-11-13,21.0,19.25,19.33,20.25,3.0,94987.0,100799873.0
2019-11-14,20.68342,20.68342,20.68342,20.275,1.0,100.0,100799873.0
2019-11-15,22.0,20.101,20.68342,20.75,7.0,92275.0,100799873.0
2019-11-18,21.1915,21.1915,21.1915,21.0,1.0,10000.0,100799873.0
2019-11-19,,,,21.25,,,100799873.0
2019-11-20,21.70008,20.39,21.70008,21.3,3.0,461.0,100799873.0
2019-11-21,20.39,20.0,20.39,20.75,2.0,17000.0,100799873.0
2019-11-22,19.55,19.55,19.55,20.775,2.0,4906.0,100799873.0
2019-11-25,19.55,19.5,19.55,20.95,4.0,44584.0,100799873.0
2019-11-26,21.108,19.5,21.108,20.45,3.0,3395.0,100799873.0
2019-11-27,,,,20.45,,,100799873.0
2019-11-28,20.0,19.0,20.0,20.7,3.0,357000.0,100799873.0
2019-11-29,19.685,19.685,19.685,20.7,1.0,5659.0,100799873.0
2019-12-02,20.1,19.95,19.95,20.7,2.0,35800.0,100799873.0
2019-12-03,21.108,20.1241,20.1241,20.7,6.0,40677.0,100799873.0
2019-12-04,20.6421,19.7301,20.6421,19.85,4.0,6035.0,100799873.0
2019-12-05,22.1323,21.2,21.225,22.05,15.0,273597.0,100799873.0
2019-12-06,23.945,21.4,21.4,23.75,15.0,130801.0,100799873.0
2019-12-09,26.5,22.3561,23.82,23.8,29.0,411081.0,100799873.0
2019-12-10,25.0,22.3,25.0,23.1,9.0,108171.0,100799873.0
2019-12-11,23.64245,22.0,22.2,23.0,6.0,23661.0,100799873.0
2019-12-12,22.76365,22.0601,22.76365,22.5,2.0,5637.0,100799873.0
2019-12-13,23.8999,22.2081,23.8999,23.0,6.0,12154.0,100799873.0
2019-12-16,23.9,23.9,23.9,22.7,1.0,3958.0,100799873.0
2019-12-17,23.54,22.0,23.54,22.95,6.0,38297.0,100799873.0
2019-12-18,23.33,22.68,23.33,22.95,4.0,11162.0,100799873.0
2019-12-19,,,,22.95,,,100799873.0
2019-12-20,23.61215,22.0,23.33,22.95,6.0,8351.0,100799873.0
2019-12-23,23.33,22.68,23.33,22.95,6.0,18825.0,100799873.0
2019-12-24,23.9,22.0,22.0,23.05,4.0,28389.0,100799873.0
2019-12-27,23.2304,21.6,21.6,22.7,2.0,44385.0,100799873.0
2019-12-30,22.175,22.175,22.175,22.95,3.0,3685.0,100799873.0
2019-12-31,23.5,23.4,23.4,22.5,2.0,23248.0,100799873.0
2020-01-02,22.0,21.0,22.0,22.0,10.0,143803.0,100799873.0
2020-01-03,22.0,21.2441,21.2441,21.5,3.0,41336.0,100799873.0
2020-01-06,22.9,22.9,22.9,22.3,1.0,5000.0,100799873.0
2020-01-07,23.5,22.894,22.894,22.8,4.0,62613.0,100799873.0
2020-01-08,23.442,22.385,23.332,23.05,3.0,20465.0,100799873.0
2020-01-09,23.77,22.0,23.77,22.95,6.0,146982.0,100799873.0
2020-01-10,23.3775,22.3135,22.3135,22.95,2.0,878.0,100799873.0
2020-01-13,22.5545,22.47975,22.5545,22.95,3.0,12566.0,100799873.0
2020-01-14,22.595,22.55,22.55,22.95,3.0,12718.0,100799873.0
2020-01-15,23.7331,23.4455,23.4455,22.95,2.0,41985.0,100799873.0
2020-01-16,23.9,22.208,23.564,22.95,4.0,7671.0,100799873.0
2020-01-17,22.21,20.07,22.21,20.7,8.0,198845.0,100799873.0
2020-01-20,21.18,20.0,21.1728,20.25,10.0,169151.0,100799873.0
2020-01-21,19.99,19.325,19.678,20.075,8.0,240050.0,100799873.0
2020-01-22,19.5,19.5,19.5,20.45,2.0,150000.0,100799873.0
2020-01-23,19.7924,19.0,19.0,20.075,4.0,32221.0,100799873.0
2020-01-24,19.396,19.396,19.396,20.1,1.0,468.0,100799873.0
2020-01-27,20.004,19.1241,19.8348,20.075,9.0,121648.0,100799873.0
2020-01-28,20.45,19.56926,20.45,19.75,4.0,195041.0,100799873.0
2020-01-29,,,,20.725,,,100799873.0
2020-01-30,19.51,19.51,19.51,20.5,1.0,6000.0,100799873.0
2020-01-31,19.26,19.1925,19.26,20.075,2.0,18337.0,100799873.0
2020-02-03,20.6175,20.6175,20.6175,20.475,1.0,1390.0,100799873.0
2020-02-04,19.1925,19.1925,19.1925,20.475,2.0,10540.0,100799873.0
2020-02-05,20.575,19.3825,19.3825,20.625,3.0,1891.0,100799873.0
2020-02-06,20.575,19.3825,20.575,20.625,4.0,7278.0,100799873.0
2020-02-07,19.3825,19.145,19.145,20.575,3.0,8241.0,100799873.0
2020-02-10,20.0378,19.25,19.3075,19.825,8.0,37964.0,100799873.0
2020-02-11,19.0683,19.0683,19.0683,19.825,1.0,2000.0,100799873.0
2020-02-12,19.85,19.25,19.85,20.575,4.0,10495.0,100799873.0
2020-02-13,21.9,19.145,19.145,20.575,2.0,3798.0,100799873.0
2020-02-14,19.3825,19.3825,19.3825,20.575,2.0,3713.0,100799873.0
2020-02-17,20.4355,19.145,20.4355,20.575,6.0,21547.0,100799873.0
2020-02-18,19.5,19.0,19.145,19.5,9.0,42413.0,100799873.0
2020-02-19,20.0,19.3325,19.95,20.075,3.0,1125.0,100799873.0
2020-02-20,19.95,19.095,19.95,19.95,5.0,9419.0,100799873.0
2020-02-21,19.095,19.095,19.095,19.95,1.0,1018.0,100799873.0
2020-02-24,19.095,18.25,19.095,18.975,6.0,32277.0,100799873.0
2020-02-25,19.25,18.875,19.25,18.675,2.0,200150.0,100799873.0
2020-02-26,18.29,18.29,18.29,18.725,2.0,10204.0,100799873.0
2020-02-27,18.29,18.29,18.29,18.725,5.0,61613.0,100799873.0
2020-02-28,18.0,16.05,18.0,17.025,5.0,47778.0,100799873.0
2020-03-02,16.7,16.0475,16.39,16.475,5.0,44756.0,100799873.0
2020-03-03,16.0,14.0,16.0,14.725,6.0,57572.0,100799873.0
2020-03-04,16.51,14.5,14.5,15.675,8.0,144691.0,100799873.0
2020-03-05,16.5,15.0,15.0,15.85,3.0,7058.0,100799873.0
2020-03-06,15.58,15.58,15.58,15.75,1.0,9739.0,100799873.0
2020-03-09,15.6,13.4,15.6,14.175,5.0,31889.0,100799873.0
2020-03-10,14.6,13.71,13.71,14.175,8.0,34958.0,100799873.0
2020-03-11,14.0,13.4,14.0,13.7,6.0,58279.0,100799873.0
2020-03-12,21.0,20.1,20.5,20.5,105.0,12006430.0,100799873.0
2020-03-13,20.9749,20.5,20.605,20.65,17.0,230551.0,100799873.0
2020-03-16,20.2,19.0,20.2,19.8,18.0,433912.0,100799873.0
2020-03-17,20.0,18.21,19.3771,20.25,21.0,244652.0,100799873.0
2020-03-18,21.0,18.05,18.8086,19.475,8.0,135983.0,100799873.0
2020-03-19,18.6,18.32,18.32,19.475,2.0,1899.0,100799873.0
2020-03-20,,,,19.325,,,100799873.0
2020-03-23,19.38007,17.574,17.574,18.975,9.0,76866.0,100799873.0
2020-03-24,,,,19.225,,,100799873.0
2020-03-25,18.67,18.67,18.67,19.225,1.0,3560.0,100799873.0
2020-03-26,19.5,18.5,19.5,19.225,3.0,3577.0,100799873.0
2020-03-27,,,,19.225,,,100799873.0
2020-03-30,18.5479,18.5,18.5479,18.75,4.0,30000.0,100799873.0
2020-03-31,18.4786,18.0,18.4786,18.725,3.0,13436.0,100799873.0
2020-04-01,18.9839,18.256,18.4995,18.75,6.0,3501.0,100799873.0
2020-04-02,18.256,18.1,18.1,18.75,3.0,41745.0,100799873.0
2020-04-03,18.3,17.2,18.256,18.6,7.0,83905.0,100799873.0
2020-04-06,,,,18.6,,,100799873.0
2020-04-07,19.0399,18.5,18.9756,18.8,4.0,97412.0,100799873.0
2020-04-08,19.19,18.5,18.584,18.85,7.0,165987.0,100799873.0
2020-04-09,19.19,19.19,19.19,18.75,1.0,15000.0,100799873.0
2020-04-14,,,,18.55,,,100799873.0
2020-04-15,19.345,18.5,19.345,19.2,13.0,131894.0,100799873.0
2020-04-16,19.4399,19.4399,19.4399,19.25,1.0,21.0,100799873.0
2020-04-17,19.4399,19.3519,19.3519,19.45,2.0,2749.0,100799873.0
2020-04-20,20.7959,19.3,19.4,20.2,6.0,143835.0,100799873.0
2020-04-21,20.74,19.856,19.856,20.5,7.0,159006.0,100799873.0
2020-04-22,16.3,12.0,12.0,15.9,38.0,485851.0,100799873.0
2020-04-23,19.0,16.2476,16.9,17.95,28.0,629140.0,100799873.0
2020-04-24,18.6,17.5,17.55,18.0,6.0,125014.0,100799873.0
2020-04-27,19.0,16.2,16.8281,17.55,13.0,62130.0,100799873.0
2020-04-28,18.3819,16.9,18.3819,17.85,3.0,1522.0,100799873.0
2020-04-29,18.18,16.88,18.18,17.4,4.0,4231916.0,100799873.0
2020-04-30,18.2466,16.5,16.5,17.45,8.0,34287.0,100799873.0
2020-05-01,18.4,16.64,18.4,16.8,10.0,146278.0,100799873.0
2020-05-04,17.5,16.0,17.5,16.8,7.0,204769.0,100799873.0
2020-05-05,17.4,16.43801,17.4,16.75,6.0,35150.0,100799873.0
2020-05-06,17.5,16.1,16.1,16.8,6.0,19575.0,100799873.0
2020-05-07,17.5,16.52,16.52,17.05,3.0,17963.0,100799873.0
2020-05-11,17.8,16.6,17.0,17.2,6.0,2269.0,100799873.0
2020-05-12,17.9,16.6,17.7,17.55,5.0,20650.0,100799873.0
2020-05-13,17.5,16.81,17.5,16.95,9.0,61654.0,100799873.0
2020-05-14,17.8,16.5,17.8,16.7,10.0,32315.0,100799873.0
2020-05-15,17.4,16.1,17.4,16.75,6.0,3040.0,100799873.0
2020-05-18,17.9,17.54,17.54,17.0,4.0,1287552.0,100799873.0
2020-05-19,17.82,16.1,16.1,17.0,2.0,3857.0,100799873.0
2020-05-20,20.2393,17.6,18.4746,19.45,40.0,595802.0,100799873.0
2020-05-21,21.0,19.0135,20.0,20.05,14.0,69027.0,100799873.0
2020-05-22,19.1,19.1,19.1,20.55,2.0,112.0,100799873.0
2020-05-26,22.0,21.0,21.0,21.7,45.0,1792078.0,100799873.0
2020-05-27,22.0,21.4,22.0,21.8,22.0,335596.0,100799873.0
2020-05-28,22.0,21.6,22.0,21.7,13.0,300249.0,100799873.0
2020-05-29,22.0,21.6,21.6,21.8,6.0,4285.0,100799873.0
2020-06-01,22.0,21.4,21.4,21.9,12.0,63717.0,100799873.0
2020-06-02,19.6,19.6,19.6,21.8,1.0,228.0,100799873.0
2020-06-03,22.8,21.6,22.8,21.8,4.0,20933.0,100799873.0
2020-06-04,22.576,21.4,21.4,22.2,7.0,3063.0,100799873.0
2020-06-05,22.8,21.6,22.8,22.0,15.0,63139.0,100799873.0
2020-06-08,22.2,21.6,21.6,21.9,11.0,13617.0,100799873.0
2020-06-09,22.8,21.6,21.6,21.6,11.0,23862.0,100799873.0
2020-06-10,,,,21.6,,,100799873.0
