Date,HIGH,LOW,CLOSE,OPEN,COUNT,VOLUME,SHROUT
2017-12-21,100.0,28.0,52.5,25.0,2.0,17860.0,70900000.0
2017-12-22,,,50.5,,,,70900000.0
2017-12-27,95.0,52.0,67.5,50.5,4.0,439714.0,70900000.0
2017-12-28,90.0,90.0,65.0,65.0,1.0,22096.0,70900000.0
2017-12-29,,,65.0,,,,70900000.0
2018-01-02,,,65.0,,,,70900000.0
2018-01-03,90.0,90.0,65.0,65.0,1.0,5521.0,70900000.0
2018-01-04,,,65.0,,,,70900000.0
2018-01-05,,,65.0,,,,70900000.0
2018-01-08,,,65.0,,,,70900000.0
2018-01-09,80.0,80.0,70.0,65.0,1.0,1237.0,70900000.0
2018-01-10,,,70.0,,,,70900000.0
2018-01-11,,,70.0,,,,70900000.0
2018-01-12,,,70.0,,,,70900000.0
2018-01-15,,,70.0,,,,70900000.0
2018-01-16,,,70.0,,,,70900000.0
2018-01-17,60.0,60.0,70.0,70.0,1.0,10000.0,70900000.0
2018-01-18,,,70.0,,,,70900000.0
2018-01-19,,,70.0,,,,70900000.0
2018-01-22,,,65.0,,,,70900000.0
2018-01-23,,,65.0,,,,70900000.0
2018-01-24,60.0,60.0,65.0,65.0,1.0,10000.0,70900000.0
2018-01-25,,,65.0,,,,70900000.0
2018-01-26,67.4,67.4,67.5,65.0,1.0,1457.0,70900000.0
2018-01-29,,,67.5,,,,70900000.0
2018-01-30,66.95,66.95,67.5,67.5,1.0,23.0,70900000.0
2018-01-31,,,67.5,,,,70900000.0
2018-02-01,,,67.5,,,,70900000.0
2018-02-02,,,67.5,,,,70900000.0
2018-02-05,,,67.5,,,,70900000.0
2018-02-06,,,67.5,,,,70900000.0
2018-02-07,,,67.5,,,,70900000.0
2018-02-08,,,67.5,,,,70900000.0
2018-02-09,,,67.5,,,,70900000.0
2018-02-12,,,67.5,,,,70900000.0
2018-02-13,,,67.5,,,,70900000.0
2018-02-14,,,67.5,,,,70900000.0
2018-02-15,75.0,75.0,69.0,67.5,1.0,13333.0,70900000.0
2018-02-16,,,70.0,,,,70900000.0
2018-02-19,61.0,61.0,70.0,70.0,1.0,10000.0,70900000.0
2018-02-20,,,70.0,,,,70900000.0
2018-02-21,,,70.0,,,,70900000.0
2018-02-22,,,70.0,,,,70900000.0
2018-02-23,60.0,60.0,70.0,70.0,1.0,10000.0,70900000.0
2018-02-26,63.33,60.0,70.0,70.0,2.0,5000.0,70900000.0
2018-02-27,60.0,60.0,70.0,70.0,1.0,5000.0,70900000.0
2018-02-28,,,70.0,,,,70900000.0
2018-03-01,,,65.0,,,,70900000.0
2018-03-02,,,65.0,,,,70900000.0
2018-03-05,,,65.0,,,,70900000.0
2018-03-06,,,65.0,,,,70900000.0
2018-03-07,,,65.0,,,,70900000.0
2018-03-08,,,65.0,,,,70900000.0
2018-03-09,,,65.0,,,,70900000.0
2018-03-12,,,65.0,,,,70900000.0
2018-03-13,,,65.0,,,,70900000.0
2018-03-14,64.0,64.0,65.0,65.0,1.0,59.0,70900000.0
2018-03-15,64.0,64.0,65.0,65.0,1.0,9683.0,70900000.0
2018-03-16,69.0,69.0,67.5,65.0,1.0,27536.0,70900000.0
2018-03-19,,,67.5,,,,70900000.0
2018-03-20,,,67.5,,,,70900000.0
2018-03-21,,,67.5,,,,70900000.0
2018-03-22,68.7,68.7,67.5,67.5,1.0,280.0,70900000.0
2018-03-23,,,67.5,,,,70900000.0
2018-03-26,60.3,60.0,67.5,67.5,2.0,19230.0,70900000.0
2018-03-27,,,67.5,,,,70900000.0
2018-03-28,,,67.5,,,,70900000.0
2018-03-29,,,67.5,,,,70900000.0
2018-04-03,,,67.5,,,,70900000.0
2018-04-04,,,67.5,,,,70900000.0
2018-04-05,67.9,67.9,67.5,67.5,1.0,422.0,70900000.0
2018-04-06,,,67.5,,,,70900000.0
2018-04-09,67.9,67.9,67.5,67.5,1.0,5758.0,70900000.0
2018-04-10,60.125,60.125,67.5,67.5,1.0,7860.0,70900000.0
2018-04-11,,,67.5,,,,70900000.0
2018-04-12,,,67.5,,,,70900000.0
2018-04-13,,,67.5,,,,70900000.0
2018-04-16,,,67.5,,,,70900000.0
2018-04-17,,,67.5,,,,70900000.0
2018-04-18,,,67.5,,,,70900000.0
2018-04-19,,,67.5,,,,70900000.0
2018-04-20,,,67.5,,,,70900000.0
2018-04-23,67.4,67.4,67.5,67.5,1.0,56.0,70900000.0
2018-04-24,,,67.5,,,,70900000.0
2018-04-25,,,67.5,,,,70900000.0
2018-04-26,65.0,65.0,70.0,67.5,1.0,25000.0,70900000.0
2018-04-27,,,70.0,,,,70900000.0
2018-04-30,,,70.0,,,,70900000.0
2018-05-01,74.4,67.5,72.5,70.0,4.0,1430.0,70900000.0
2018-05-02,75.0,75.0,75.0,72.5,3.0,170570.0,70900000.0
2018-05-03,,,75.0,,,,70900000.0
2018-05-04,,,75.0,,,,70900000.0
2018-05-08,78.445,75.0,75.0,75.0,3.0,20411.0,70900000.0
2018-05-09,,,76.0,,,,70900000.0
2018-05-10,,,77.5,,,,70900000.0
2018-05-11,,,77.5,,,,70900000.0
2018-05-14,,,77.5,,,,70900000.0
2018-05-15,76.0,76.0,77.5,77.5,1.0,18.0,70900000.0
2018-05-16,,,77.5,,,,70900000.0
2018-05-17,,,77.5,,,,70900000.0
2018-05-18,,,77.5,,,,70900000.0
2018-05-21,,,77.5,,,,70900000.0
2018-05-22,,,77.5,,,,70900000.0
2018-05-23,,,77.5,,,,70900000.0
2018-05-24,,,77.5,,,,70900000.0
2018-05-25,,,77.5,,,,70900000.0
2018-05-29,,,77.5,,,,70900000.0
2018-05-30,,,77.5,,,,70900000.0
2018-05-31,,,77.5,,,,70900000.0
2018-06-01,,,77.5,,,,70900000.0
2018-06-04,,,77.5,,,,70900000.0
2018-06-05,,,77.5,,,,70900000.0
2018-06-06,,,77.5,,,,70900000.0
2018-06-07,79.75,79.75,77.5,77.5,1.0,34.0,70900000.0
2018-06-08,,,77.5,,,,70900000.0
2018-06-11,,,77.5,,,,70900000.0
2018-06-12,,,77.5,,,,70900000.0
2018-06-13,,,77.5,,,,70900000.0
2018-06-14,,,77.5,,,,70900000.0
2018-06-15,,,77.5,,,,70900000.0
2018-06-18,80.0,79.75,81.5,77.5,2.0,5612.0,70900000.0
2018-06-19,,,81.5,,,,70900000.0
2018-06-20,84.44,84.44,85.0,81.5,1.0,355.0,70900000.0
2018-06-21,,,85.0,,,,70900000.0
2018-06-22,86.0,86.0,86.0,85.0,1.0,93828.0,70900000.0
2018-06-25,89.5,88.75,87.5,86.0,2.0,8514.0,70900000.0
2018-06-26,94.5,89.5,90.0,87.5,3.0,5200.0,70900000.0
2018-06-27,94.5,94.5,90.0,90.0,1.0,4.0,70900000.0
2018-06-28,85.5,85.5,90.0,90.0,2.0,2504.0,70900000.0
2018-06-29,97.44,93.475,95.0,90.0,4.0,4912.0,70900000.0
2018-07-02,100.0,97.44,100.0,95.0,6.0,12150.0,70900000.0
2018-07-03,105.0,103.85,102.5,100.0,3.0,12718.0,70900000.0
2018-07-04,106.5,105.0,105.0,102.5,2.0,1150.0,70900000.0
2018-07-05,,,105.0,,,,70900000.0
2018-07-06,,,105.0,,,,70900000.0
2018-07-09,108.8,108.8,106.0,105.0,1.0,9134.0,70900000.0
2018-07-10,105.0,105.0,110.0,108.5,1.0,2500.0,70900000.0
2018-07-11,,,110.0,,,,70900000.0
2018-07-12,,,110.0,,,,70900000.0
2018-07-13,,,110.0,,,,70900000.0
2018-07-16,,,110.0,,,,70900000.0
2018-07-17,,,110.0,,,,70900000.0
2018-07-18,111.95,111.95,110.0,110.0,1.0,973.0,70900000.0
2018-07-19,111.95,111.95,110.0,110.0,1.0,3989.0,70900000.0
2018-07-20,112.95,108.11,111.5,110.0,3.0,8504.0,70900000.0
2018-07-23,,,111.5,,,,70900000.0
2018-07-24,108.0,105.0,102.5,111.5,4.0,11430.0,70900000.0
2018-07-25,,,102.5,,,,70900000.0
2018-07-26,,,102.5,,,,70900000.0
2018-07-27,104.0,104.0,105.0,102.5,1.0,2345.0,70900000.0
2018-07-30,104.0,104.0,105.0,105.0,1.0,2415.0,70900000.0
2018-07-31,100.25,100.25,105.0,105.0,1.0,5000.0,70900000.0
2018-08-01,,,105.0,,,,70900000.0
2018-08-02,100.0,95.0,92.5,105.0,3.0,7185.0,70900000.0
2018-08-03,95.0,95.0,92.5,92.5,1.0,5000.0,70900000.0
2018-08-06,,,92.5,,,,70900000.0
2018-08-07,,,92.5,,,,70900000.0
2018-08-08,,,92.5,,,,70900000.0
2018-08-09,92.8,92.8,92.5,92.5,1.0,10.0,70900000.0
2018-08-10,,,92.5,,,,70900000.0
2018-08-13,,,92.5,,,,70900000.0
2018-08-14,,,92.5,,,,70900000.0
2018-08-15,,,92.5,,,,70900000.0
2018-08-16,,,92.5,,,,70900000.0
2018-08-17,,,92.5,,,,70900000.0
2018-08-20,,,92.5,,,,70900000.0
2018-08-21,,,92.5,,,,70900000.0
2018-08-22,85.0,85.0,92.5,92.5,1.0,2353.0,70900000.0
2018-08-23,,,90.0,,,,70900000.0
2018-08-24,,,90.0,,,,70900000.0
2018-08-28,77.0,66.0,77.5,90.0,2.0,17084.0,70900000.0
2018-08-29,,,77.5,,,,70900000.0
2018-08-30,62.0,62.0,70.0,77.5,1.0,30000.0,70900000.0
2018-08-31,,,70.0,,,,70900000.0
2018-09-03,,,70.0,,,,70900000.0
2018-09-04,65.0,65.0,70.0,70.0,1.0,635.0,70900000.0
2018-09-05,,,65.0,,,,70900000.0
2018-09-06,,,65.0,,,,70900000.0
2018-09-07,,,65.0,,,,70900000.0
2018-09-10,60.0,60.0,65.0,65.0,1.0,482.0,70900000.0
2018-09-11,,,65.0,,,,70900000.0
2018-09-12,,,65.0,,,,70900000.0
2018-09-13,,,65.0,,,,70900000.0
2018-09-14,,,65.0,,,,70900000.0
2018-09-17,65.0,65.0,66.0,65.0,1.0,7580.0,70900000.0
2018-09-18,,,66.0,,,,70900000.0
2018-09-19,,,66.0,,,,70900000.0
2018-09-20,,,66.0,,,,70900000.0
2018-09-21,,,66.0,,,,70900000.0
2018-09-24,,,66.0,,,,70900000.0
2018-09-25,,,66.0,,,,70900000.0
2018-09-26,,,66.0,,,,70900000.0
2018-09-27,,,66.0,,,,70900000.0
2018-09-28,,,68.5,,,,70900000.0
2018-10-01,62.0,62.0,68.5,68.5,1.0,8065.0,70900000.0
2018-10-02,,,68.5,,,,70900000.0
2018-10-03,,,68.5,,,,70900000.0
2018-10-04,69.47,62.0,70.0,68.5,2.0,5695.0,70900000.0
2018-10-05,,,70.0,,,,70900000.0
2018-10-08,70.0,70.0,70.0,70.0,1.0,118.0,70900000.0
2018-10-09,,,70.0,,,,70900000.0
2018-10-10,,,70.0,,,,70900000.0
2018-10-11,,,68.5,,,,70900000.0
2018-10-12,,,70.0,,,,70900000.0
2018-10-15,62.0,62.0,68.5,70.0,1.0,8065.0,70900000.0
2018-10-16,,,68.5,,,,70900000.0
2018-10-17,,,68.5,,,,70900000.0
2018-10-18,,,68.5,,,,70900000.0
2018-10-19,,,68.5,,,,70900000.0
2018-10-22,,,68.5,,,,70900000.0
2018-10-23,,,68.5,,,,70900000.0
2018-10-24,,,68.5,,,,70900000.0
2018-10-25,,,68.5,,,,70900000.0
2018-10-26,,,68.5,,,,70900000.0
2018-10-29,,,68.5,,,,70900000.0
2018-10-30,,,68.5,,,,70900000.0
2018-10-31,,,68.5,,,,70900000.0
2018-11-01,67.0,67.0,68.5,68.5,1.0,3695.0,70900000.0
2018-11-02,,,68.5,,,,70900000.0
2018-11-05,62.0,62.0,67.5,68.5,1.0,5000.0,70900000.0
2018-11-06,,,67.5,,,,70900000.0
2018-11-07,58.0,58.0,64.5,67.5,1.0,6897.0,70900000.0
2018-11-08,68.88,68.88,67.0,64.5,1.0,79391.0,70900000.0
2018-11-09,67.0,67.0,68.5,67.0,1.0,10560.0,70900000.0
2018-11-12,65.0,65.0,68.5,68.5,1.0,26.0,70900000.0
2018-11-13,,,68.5,,,,70900000.0
2018-11-14,,,68.5,,,,70900000.0
2018-11-15,70.0,70.0,69.5,68.5,1.0,5314.0,70900000.0
2018-11-16,,,69.5,,,,70900000.0
2018-11-19,67.11,67.0,69.5,69.5,2.0,5716.0,70900000.0
2018-11-20,,,68.5,,,,70900000.0
2018-11-21,,,68.5,,,,70900000.0
2018-11-22,,,68.5,,,,70900000.0
2018-11-23,,,68.5,,,,70900000.0
2018-11-26,,,68.5,,,,70900000.0
2018-11-27,,,68.5,,,,70900000.0
2018-11-28,,,68.5,,,,70900000.0
2018-11-29,,,68.5,,,,70900000.0
2018-11-30,,,68.5,,,,70900000.0
2018-12-03,62.0,62.0,63.0,68.5,1.0,8000.0,70900000.0
2018-12-04,,,63.0,,,,70900000.0
2018-12-05,,,63.0,,,,70900000.0
2018-12-06,,,63.0,,,,70900000.0
2018-12-07,,,63.0,,,,70900000.0
2018-12-10,61.26,61.26,63.0,63.0,1.0,2498.0,70900000.0
2018-12-11,,,63.0,,,,70900000.0
2018-12-12,,,63.5,,,,70900000.0
2018-12-13,,,63.5,,,,70900000.0
2018-12-14,65.0,65.0,63.5,63.5,1.0,211.0,70900000.0
2018-12-17,63.0,60.0,66.0,66.0,2.0,33175.0,70900000.0
2018-12-18,66.88,66.88,66.0,66.0,1.0,2968.0,70900000.0
2018-12-19,,,66.0,,,,70900000.0
2018-12-20,,,66.0,,,,70900000.0
2018-12-21,,,66.0,,,,70900000.0
2018-12-24,,,66.0,,,,70900000.0
2018-12-27,,,66.0,,,,70900000.0
2018-12-28,,,66.0,,,,70900000.0
2018-12-31,,,66.0,,,,70900000.0
2019-01-02,62.0,62.0,66.0,66.0,1.0,10000.0,70900000.0
2019-01-03,,,66.0,,,,70900000.0
2019-01-04,,,66.0,,,,70900000.0
2019-01-07,,,66.0,,,,70900000.0
2019-01-08,,,66.0,,,,70900000.0
2019-01-09,,,66.0,,,,70900000.0
2019-01-10,,,66.0,,,,70900000.0
2019-01-11,,,66.0,,,,70900000.0
2019-01-14,62.0,62.0,66.0,66.0,1.0,1371.0,70900000.0
2019-01-15,,,66.0,,,,70900000.0
2019-01-16,,,66.0,,,,70900000.0
2019-01-17,,,66.0,,,,70900000.0
2019-01-18,,,66.0,,,,70900000.0
2019-01-21,62.0,62.0,66.0,66.0,2.0,3710.0,70900000.0
2019-01-22,62.0,62.0,65.0,66.0,1.0,5000.0,70900000.0
2019-01-23,,,65.0,,,,70900000.0
2019-01-24,,,65.0,,,,70900000.0
2019-01-25,,,65.0,,,,70900000.0
2019-01-28,,,65.0,,,,70900000.0
2019-01-29,62.74,62.74,65.0,65.0,1.0,2410.0,70900000.0
2019-01-30,,,65.0,,,,70900000.0
2019-01-31,,,65.0,,,,70900000.0
2019-02-01,,,65.0,,,,70900000.0
2019-02-04,60.0,59.495,61.5,65.0,3.0,63492.0,70900000.0
2019-02-05,,,61.5,,,,70900000.0
2019-02-06,58.0,58.0,58.0,59.0,1.0,5000.0,70900000.0
2019-02-07,,,58.0,,,,70900000.0
2019-02-08,,,57.0,,,,70900000.0
2019-02-11,,,57.0,,,,70900000.0
2019-02-12,,,57.0,,,,70900000.0
2019-02-13,,,57.0,,,,70900000.0
2019-02-14,,,57.0,,,,70900000.0
2019-02-15,,,57.0,,,,72333702.0
2019-02-18,56.0,56.0,57.0,57.0,1.0,893.0,72333702.0
2019-02-19,,,57.0,,,,72333702.0
2019-02-20,,,57.0,,,,72333702.0
2019-02-21,,,57.0,,,,72333702.0
2019-02-22,,,57.0,,,,72333702.0
2019-02-25,,,57.0,,,,72333702.0
2019-02-26,57.0,57.0,57.0,57.0,1.0,272727.0,72333702.0
2019-02-27,,,57.0,,,,72333702.0
2019-02-28,,,57.0,,,,72333702.0
2019-03-01,58.0,58.0,57.0,57.0,1.0,10000.0,72333702.0
2019-03-04,58.0,58.0,57.0,57.0,1.0,5000.0,72333702.0
2019-03-05,62.0,62.0,59.0,59.0,1.0,25000.0,72333702.0
2019-03-06,61.45,61.0,60.0,59.0,2.0,3725.0,72333702.0
2019-03-07,,,60.0,,,,72333702.0
2019-03-08,,,60.0,,,,72333702.0
2019-03-11,,,60.0,,,,72333702.0
2019-03-12,,,60.0,,,,72333702.0
2019-03-13,,,60.0,,,,72333702.0
2019-03-14,,,60.0,,,,72333702.0
2019-03-15,59.2,59.11,59.5,60.0,2.0,871.0,72333702.0
2019-03-18,59.2,59.2,59.5,59.5,1.0,1633.0,72333702.0
2019-03-19,,,59.5,,,,72333702.0
2019-03-20,,,59.5,,,,72333702.0
2019-03-21,,,59.5,,,,72333702.0
2019-03-22,,,59.5,,,,72333702.0
2019-03-25,,,59.5,,,,72333702.0
2019-03-26,,,59.5,,,,72333702.0
2019-03-27,,,59.5,,,,72333702.0
2019-03-28,,,59.5,,,,72333702.0
2019-03-29,64.5,60.44,62.5,59.5,6.0,30296.0,72333702.0
2019-04-01,65.0,65.0,64.0,62.5,1.0,30596.0,72333702.0
2019-04-02,,,64.0,,,,72333702.0
2019-04-03,,,70.5,,,,72333702.0
2019-04-04,65.0,65.0,65.5,64.0,2.0,5030.0,72333702.0
2019-04-05,67.5,67.5,65.5,65.5,1.0,500.0,72333702.0
2019-04-08,,,65.5,,,,72333702.0
2019-04-09,69.88,69.88,69.0,65.5,1.0,14222.0,72333702.0
2019-04-10,70.0,70.0,69.0,69.0,1.0,986.0,72333702.0
2019-04-11,,,69.0,,,,72333702.0
2019-04-12,,,69.0,,,,72333702.0
2019-04-15,,,69.0,,,,72333702.0
2019-04-16,,,69.0,,,,72333702.0
2019-04-17,,,69.0,,,,72333702.0
2019-04-18,,,69.0,,,,72333702.0
2019-04-23,,,69.0,,,,72333702.0
2019-04-24,,,69.0,,,,72333702.0
2019-04-25,,,69.0,,,,72333702.0
2019-04-26,,,69.0,,,,72333702.0
2019-04-29,,,69.0,,,,72333702.0
2019-04-30,,,69.0,,,,72333702.0
2019-05-01,72.0,72.0,68.5,68.5,1.0,13683.0,72333702.0
2019-05-02,,,68.5,,,,72333702.0
2019-05-03,71.0,71.0,69.0,68.5,1.0,125000.0,72333702.0
2019-05-07,,,71.5,,,,72333702.0
2019-05-08,,,71.5,,,,72333702.0
2019-05-09,74.325,72.0,72.5,71.5,2.0,28356.0,72333702.0
2019-05-10,,,72.5,,,,72333702.0
2019-05-13,,,72.5,,,,72333702.0
2019-05-14,,,72.5,,,,72333702.0
2019-05-15,79.45,74.0,81.0,72.5,7.0,67549.0,72333702.0
2019-05-16,,,81.0,,,,72333702.0
2019-05-17,,,81.0,,,,72333702.0
2019-05-20,,,81.0,,,,72333702.0
2019-05-21,,,81.0,,,,72333702.0
2019-05-22,,,81.0,,,,72333702.0
2019-05-23,,,81.0,,,,72333702.0
2019-05-24,,,81.0,,,,72333702.0
2019-05-28,,,81.0,,,,72333702.0
2019-05-29,,,81.0,,,,72333702.0
2019-05-30,,,81.0,,,,72333702.0
2019-05-31,,,81.0,,,,72333702.0
2019-06-03,,,81.0,,,,72333702.0
2019-06-04,,,81.0,,,,72333702.0
2019-06-05,80.0,80.0,81.5,81.0,1.0,10000.0,72333702.0
2019-06-06,,,81.5,,,,72333702.0
2019-06-07,,,81.5,,,,72333702.0
2019-06-10,78.52,78.52,81.5,81.5,1.0,986.0,72333702.0
2019-06-11,,,81.5,,,,72333702.0
2019-06-12,,,81.5,,,,72333702.0
2019-06-13,,,81.5,,,,72333702.0
2019-06-14,,,81.5,,,,72333702.0
2019-06-17,78.52,71.111,77.5,81.5,3.0,17861.0,72333702.0
2019-06-18,,,77.5,,,,72333702.0
2019-06-19,,,77.5,,,,72333702.0
2019-06-20,,,77.5,,,,72333702.0
2019-06-21,,,77.5,,,,72333702.0
2019-06-24,71.2,71.2,75.0,77.5,1.0,1826.0,72333702.0
2019-06-25,,,75.0,,,,72333702.0
2019-06-26,,,75.0,,,,72333702.0
2019-06-27,,,75.0,,,,72333702.0
2019-06-28,,,75.0,,,,72333702.0
2019-07-01,,,75.0,,,,72333702.0
2019-07-02,,,75.0,,,,72333702.0
2019-07-03,,,75.0,,,,72333702.0
2019-07-04,,,75.0,,,,72333702.0
2019-07-05,71.2,71.2,75.0,75.0,1.0,1944.0,72333702.0
2019-07-08,,,75.0,,,,72333702.0
2019-07-09,71.2,71.2,75.0,75.0,1.0,5000.0,72333702.0
2019-07-10,,,72.5,,,,72333702.0
2019-07-11,68.0,68.0,65.0,72.5,2.0,18683.0,72333702.0
2019-07-12,60.55,60.55,65.0,65.0,1.0,25.0,72333702.0
2019-07-15,,,65.0,,,,72333702.0
2019-07-16,,,65.0,,,,72333702.0
2019-07-17,,,65.0,,,,72333702.0
2019-07-18,73.0,67.44,67.5,65.0,3.0,133715.0,72333702.0
2019-07-19,77.75,77.75,70.5,67.5,1.0,3660.0,72333702.0
2019-07-22,75.75,66.52,70.5,70.5,2.0,10155.0,72333702.0
2019-07-23,,,70.5,,,,72333702.0
2019-07-24,,,70.5,,,,72333702.0
2019-07-25,,,70.5,,,,72333702.0
2019-07-26,,,70.5,,,,72333702.0
2019-07-29,66.75,66.75,70.5,70.5,1.0,8690.0,72333702.0
2019-07-30,,,70.5,,,,72333702.0
2019-07-31,64.11,64.11,70.5,70.5,1.0,11348.0,72333702.0
2019-08-01,,,70.5,,,,72333702.0
2019-08-02,,,70.5,,,,72333702.0
2019-08-05,63.4,63.0,70.0,70.5,3.0,20472.0,72333702.0
2019-08-06,63.0,62.0,67.5,70.0,2.0,6694.0,72333702.0
2019-08-07,,,67.5,,,,72333702.0
2019-08-08,,,67.5,,,,72333702.0
2019-08-09,,,67.5,,,,72333702.0
2019-08-12,,,67.5,,,,72333702.0
2019-08-13,,,67.5,,,,72333702.0
2019-08-14,,,67.5,,,,72333702.0
2019-08-15,,,67.5,,,,72333702.0
2019-08-16,60.25,60.25,67.5,67.5,1.0,1328.0,72333702.0
2019-08-19,,,67.5,,,,72333702.0
2019-08-20,,,67.5,,,,72333702.0
2019-08-21,,,67.5,,,,72333702.0
2019-08-22,,,67.5,,,,72333702.0
2019-08-23,60.25,60.25,67.5,67.5,1.0,1660.0,72333702.0
2019-08-27,,,67.5,,,,72333702.0
2019-08-28,60.0,60.0,65.0,67.5,1.0,7345.0,72333702.0
2019-08-29,,,65.0,,,,72333702.0
2019-08-30,,,65.0,,,,72333702.0
2019-09-02,,,65.0,,,,72333702.0
2019-09-03,,,65.0,,,,72333702.0
2019-09-04,,,65.0,,,,72333702.0
2019-09-05,60.0,60.0,65.0,65.0,1.0,5000.0,72333702.0
2019-09-06,,,65.0,,,,72333702.0
2019-09-09,,,65.0,,,,72333702.0
2019-09-10,,,65.0,,,,72333702.0
2019-09-11,,,65.0,,,,72333702.0
2019-09-12,,,65.0,,,,72333702.0
2019-09-13,58.0,58.0,64.0,65.0,1.0,5194.0,72333702.0
2019-09-16,58.0,58.0,64.0,64.0,1.0,6322.0,72333702.0
2019-09-17,,,64.0,,,,72333702.0
2019-09-18,58.25,52.0,62.5,64.0,2.0,19425.0,72333702.0
2019-09-19,,,62.5,,,,72333702.0
2019-09-20,,,62.5,,,,72333702.0
2019-09-23,,,62.5,,,,72333702.0
2019-09-24,,,62.5,,,,72333702.0
2019-09-25,,,61.5,,,,72333702.0
2019-09-26,,,61.5,,,,72333702.0
2019-09-27,55.0,55.0,61.5,61.5,1.0,3073.0,72333702.0
2019-09-30,,,61.5,,,,72333702.0
2019-10-01,,,61.5,,,,72333702.0
2019-10-02,,,61.5,,,,72333702.0
2019-10-03,55.0,55.0,60.5,61.5,1.0,3659.0,72333702.0
2019-10-04,,,60.5,,,,72333702.0
2019-10-07,,,60.5,,,,72333702.0
2019-10-08,,,60.5,,,,72333702.0
2019-10-09,53.0,53.0,54.0,60.5,1.0,5000.0,72333702.0
2019-10-10,,,54.0,,,,72333702.0
2019-10-11,,,54.0,,,,72333702.0
2019-10-14,50.0,50.0,54.0,54.0,1.0,3592.0,72333702.0
2019-10-15,,,54.0,,,,72333702.0
2019-10-16,,,54.0,,,,72333702.0
2019-10-17,,,54.0,,,,72333702.0
2019-10-18,,,54.0,,,,72333702.0
2019-10-21,,,54.0,,,,72333702.0
2019-10-22,,,54.0,,,,72333702.0
2019-10-23,,,54.0,,,,72333702.0
2019-10-24,,,54.0,,,,72333702.0
2019-10-25,,,54.0,,,,72333702.0
2019-10-28,,,54.0,,,,72333702.0
2019-10-29,57.25,57.25,54.0,54.0,1.0,500.0,72333702.0
2019-10-30,54.84,54.84,54.0,54.0,1.0,158.0,72333702.0
2019-10-31,,,54.0,,,,72333702.0
2019-11-01,,,54.0,,,,72333702.0
2019-11-04,,,54.0,,,,72333702.0
2019-11-05,,,54.0,,,,72333702.0
2019-11-06,,,54.0,,,,72333702.0
2019-11-07,,,54.0,,,,72333702.0
2019-11-08,,,54.0,,,,72333702.0
2019-11-11,54.74,54.74,54.0,54.0,1.0,73.0,72333702.0
2019-11-12,,,54.0,,,,72333702.0
2019-11-13,50.0,50.0,54.0,54.0,1.0,32.0,72333702.0
2019-11-14,,,54.0,,,,72333702.0
2019-11-15,,,54.0,,,,72333702.0
2019-11-18,50.0,50.0,54.0,54.0,1.0,286.0,72333702.0
2019-11-19,,,54.0,,,,72333702.0
2019-11-20,,,54.0,,,,72333702.0
2019-11-21,,,54.0,,,,72333702.0
2019-11-22,50.0,50.0,54.0,54.0,1.0,1000.0,72333702.0
2019-11-25,,,54.0,,,,72333702.0
2019-11-26,,,54.0,,,,72333702.0
2019-11-27,,,54.0,,,,72333702.0
2019-11-28,,,54.0,,,,72333702.0
2019-11-29,,,54.0,,,,72333702.0
2019-12-02,,,54.0,,,,72333702.0
2019-12-03,,,54.0,,,,72333702.0
2019-12-04,,,54.0,,,,72333702.0
2019-12-05,,,54.0,,,,72333702.0
2019-12-06,53.95,53.95,54.0,54.0,1.0,1471.0,72333702.0
2019-12-09,,,54.0,,,,72333702.0
2019-12-10,,,54.0,,,,72333702.0
2019-12-11,,,54.0,,,,72333702.0
2019-12-12,50.0,50.0,54.0,54.0,1.0,30000.0,72333702.0
2019-12-13,,,54.0,,,,72333702.0
2019-12-16,53.47,53.47,54.0,54.0,1.0,27818.0,72333702.0
2019-12-17,,,54.0,,,,72333702.0
2019-12-18,,,54.0,,,,72333702.0
2019-12-19,,,54.0,,,,72333702.0
2019-12-20,,,54.0,,,,72333702.0
2019-12-23,,,54.0,,,,72333702.0
2019-12-24,,,54.0,,,,72333702.0
2019-12-27,,,54.0,,,,72333702.0
2019-12-30,,,54.0,,,,72333702.0
2019-12-31,,,54.0,,,,72333702.0
2020-01-02,,,54.0,,,,72333702.0
2020-01-03,,,54.0,,,,72333702.0
2020-01-06,50.25,50.25,54.0,54.0,1.0,249.0,72333702.0
2020-01-07,,,54.0,,,,72333702.0
2020-01-08,,,54.0,,,,72333702.0
2020-01-09,,,54.0,,,,72333702.0
2020-01-10,,,54.0,,,,72333702.0
2020-01-13,,,54.0,,,,72333702.0
2020-01-14,,,54.0,,,,72333702.0
2020-01-15,,,54.0,,,,72333702.0
2020-01-16,,,54.0,,,,72333702.0
2020-01-17,,,54.0,,,,72333702.0
2020-01-20,,,54.0,,,,72333702.0
2020-01-21,,,54.0,,,,72333702.0
2020-01-22,48.0,48.0,53.0,54.0,1.0,12525.0,72333702.0
2020-01-23,,,53.0,,,,72333702.0
2020-01-24,,,53.0,,,,72333702.0
2020-01-27,,,53.0,,,,72333702.0
2020-01-28,,,53.0,,,,72333702.0
2020-01-29,,,53.0,,,,72333702.0
2020-01-30,,,53.0,,,,72333702.0
2020-01-31,,,53.0,,,,72333702.0
2020-02-03,,,53.0,,,,72333702.0
2020-02-04,,,53.0,,,,72333702.0
2020-02-05,,,53.0,,,,72333702.0
2020-02-06,,,53.0,,,,72333702.0
2020-02-07,,,53.0,,,,72333702.0
2020-02-10,,,53.0,,,,72333702.0
2020-02-11,48.0,45.0,47.5,53.0,3.0,20000.0,72333702.0
2020-02-12,,,47.5,,,,72333702.0
2020-02-13,,,47.5,,,,72333702.0
2020-02-14,,,47.5,,,,72333702.0
2020-02-17,,,46.5,,,,72333702.0
2020-02-18,,,46.5,,,,72333702.0
2020-02-19,,,46.5,,,,72333702.0
2020-02-20,,,46.5,,,,72333702.0
2020-02-21,,,46.5,,,,72333702.0
2020-02-24,,,46.5,,,,72333702.0
2020-02-25,43.0,43.0,46.5,46.5,1.0,158.0,72333702.0
2020-02-26,,,46.5,,,,72333702.0
2020-02-27,43.0,43.0,45.0,46.5,1.0,5000.0,72333702.0
2020-02-28,40.0,40.0,42.5,42.5,1.0,4545.0,72333702.0
2020-03-02,,,42.5,,,,72333702.0
2020-03-03,,,42.5,,,,72333702.0
2020-03-04,,,42.5,,,,72333702.0
2020-03-05,,,42.5,,,,72333702.0
2020-03-06,,,42.5,,,,72333702.0
2020-03-09,,,41.5,,,,72333702.0
2020-03-10,,,41.5,,,,72333702.0
2020-03-11,,,41.5,,,,72333702.0
2020-03-12,,,41.5,,,,72333702.0
2020-03-13,,,41.5,,,,72333702.0
2020-03-16,38.0,38.0,41.5,41.5,1.0,41.0,72333702.0
2020-03-17,,,41.5,,,,72333702.0
2020-03-18,,,41.5,,,,72333702.0
2020-03-19,,,41.5,,,,72333702.0
2020-03-20,,,41.5,,,,72333702.0
2020-03-23,,,41.5,,,,72333702.0
2020-03-24,,,41.5,,,,72333702.0
2020-03-25,,,41.5,,,,72333702.0
2020-03-26,,,41.5,,,,72333702.0
2020-03-27,,,41.5,,,,72333702.0
2020-03-30,,,41.5,,,,72333702.0
2020-03-31,,,41.5,,,,72333702.0
2020-04-01,,,41.5,,,,72333702.0
2020-04-02,,,41.5,,,,72333702.0
2020-04-03,,,41.5,,,,72333702.0
2020-04-06,,,41.5,,,,72333702.0
2020-04-07,42.0,42.0,41.5,41.5,1.0,78.0,72333702.0
2020-04-08,,,41.5,,,,72333702.0
2020-04-09,,,41.5,,,,72333702.0
2020-04-14,,,41.5,,,,72333702.0
2020-04-15,,,41.5,,,,72333702.0
2020-04-16,,,41.5,,,,72333702.0
2020-04-17,,,41.5,,,,72333702.0
2020-04-20,41.88,41.88,41.5,41.5,1.0,204.0,72333702.0
2020-04-21,,,41.5,,,,72333702.0
2020-04-22,,,41.5,,,,72333702.0
2020-04-23,38.0,38.0,41.5,41.5,1.0,204.0,72333702.0
2020-04-24,,,41.5,,,,72333702.0
2020-04-27,,,41.5,,,,72333702.0
2020-04-28,,,41.5,,,,72333702.0
2020-04-29,,,41.5,,,,72333702.0
2020-04-30,,,41.5,,,,76452106.0
2020-05-01,,,41.5,,,,76452106.0
2020-05-04,,,41.5,,,,76452106.0
2020-05-05,,,41.5,,,,76452106.0
2020-05-06,,,41.5,,,,76452106.0
2020-05-07,,,41.5,,,,76452106.0
2020-05-11,,,41.5,,,,76452106.0
2020-05-12,,,41.5,,,,76452106.0
2020-05-13,,,41.5,,,,76452106.0
2020-05-14,,,41.5,,,,76452106.0
2020-05-15,,,41.5,,,,76452106.0
2020-05-18,,,41.5,,,,76452106.0
2020-05-19,,,41.5,,,,76452106.0
2020-05-20,,,41.5,,,,76452106.0
2020-05-21,,,41.5,,,,76452106.0
2020-05-22,,,41.5,,,,76452106.0
2020-05-26,38.0,38.0,40.5,41.5,1.0,4000.0,76452106.0
2020-05-27,40.74,40.74,40.5,40.5,1.0,1206.0,76452106.0
2020-05-28,,,40.5,,,,76452106.0
2020-05-29,,,40.5,,,,76452106.0
2020-06-01,,,40.5,,,,76452106.0
2020-06-02,43.0,36.0,42.5,40.5,2.0,68500.0,76452106.0
2020-06-03,,,42.5,,,,76452106.0
2020-06-04,,,42.5,,,,76452106.0
2020-06-05,,,42.5,,,,76452106.0
2020-06-08,,,42.5,,,,76452106.0
2020-06-09,40.0,40.0,42.5,42.5,1.0,1206.0,76452106.0
2020-06-10,,,42.5,,,,76452106.0
2020-06-11,,,42.5,,,,76452106.0
2020-06-12,,,42.5,,,,76452106.0
2020-06-15,,,42.5,,,,76452106.0
2020-06-16,40.0,40.0,42.5,42.5,1.0,685.0,76452106.0
2020-06-17,,,42.5,,,,76452106.0
2020-06-18,,,42.5,,,,76452106.0
2020-06-19,,,42.5,,,,76452106.0
2020-06-22,,,42.5,,,,76452106.0
2020-06-23,,,42.5,,,,76452106.0
2020-06-24,,,42.5,,,,76452106.0
2020-06-25,,,42.5,,,,76452106.0
2020-06-26,,,42.5,,,,76452106.0
2020-06-29,,,42.5,,,,76452106.0
2020-06-30,,,42.5,,,,76452106.0
2020-07-01,,,42.5,,,,76452106.0
2020-07-02,,,42.5,,,,76452106.0
2020-07-03,43.5,43.5,42.5,42.5,1.0,10000.0,76452106.0
2020-07-06,44.0,40.0,42.5,42.5,2.0,28815.0,76452106.0
2020-07-07,43.8,43.8,42.5,42.5,1.0,1108.0,76452106.0
2020-07-08,,,42.5,,,,76452106.0
2020-07-09,,,42.5,,,,76452106.0
2020-07-10,,,42.5,,,,76452106.0
2020-07-13,,,42.5,,,,76452106.0
2020-07-14,40.52,40.52,42.5,42.5,1.0,41.0,76452106.0
2020-07-15,,,42.5,,,,76452106.0
2020-07-16,,,42.5,,,,76452106.0
2020-07-17,,,42.5,,,,76452106.0
2020-07-20,,,42.5,,,,76452106.0
2020-07-21,,,42.5,,,,76452106.0
2020-07-22,,,42.5,,,,76452106.0
2020-07-23,,,42.5,,,,76452106.0
2020-07-24,,,42.5,,,,76452106.0
2020-07-27,,,42.5,,,,76452106.0
2020-07-28,,,42.5,,,,76452106.0
2020-07-29,,,42.5,,,,76452106.0
2020-07-30,,,42.5,,,,76452106.0
2020-07-31,,,42.5,,,,76452106.0
2020-08-03,,,42.5,,,,76452106.0
2020-08-04,,,42.5,,,,76452106.0
2020-08-05,,,42.5,,,,76452106.0
2020-08-06,,,42.5,,,,76452106.0
2020-08-07,,,42.5,,,,76452106.0
2020-08-10,,,42.5,,,,76452106.0
2020-08-11,,,42.5,,,,76452106.0
2020-08-12,,,42.5,,,,76452106.0
2020-08-13,,,42.5,,,,76452106.0
2020-08-14,,,42.5,,,,76452106.0
2020-08-17,,,42.5,,,,76452106.0
2020-08-18,,,42.5,,,,76452106.0
2020-08-19,,,42.5,,,,76452106.0
2020-08-20,,,42.5,,,,76452106.0
2020-08-21,,,42.5,,,,76452106.0
2020-08-24,,,42.5,,,,76452106.0
2020-08-25,,,42.5,,,,76452106.0
2020-08-26,,,42.5,,,,76452106.0
2020-08-27,,,42.5,,,,76452106.0
2020-08-28,,,42.5,,,,76452106.0
2020-09-01,,,42.5,,,,76452106.0
2020-09-02,,,42.5,,,,76452106.0
2020-09-03,,,42.5,,,,76452106.0
2020-09-04,,,42.5,,,,76452106.0
2020-09-07,,,42.5,,,,76452106.0
2020-09-08,,,42.5,,,,76452106.0
2020-09-09,,,42.5,,,,76452106.0
2020-09-10,,,42.5,,,,76452106.0
2020-09-11,,,42.5,,,,76452106.0
2020-09-14,,,42.5,,,,76452106.0
2020-09-15,,,42.5,,,,76452106.0
2020-09-16,,,42.5,,,,76452106.0
2020-09-17,,,42.5,,,,76452106.0
2020-09-18,,,42.5,,,,76452106.0
2020-09-21,,,42.5,,,,76452106.0
2020-09-22,,,42.5,,,,76452106.0
2020-09-23,,,42.5,,,,76452106.0
2020-09-24,,,42.5,,,,76452106.0
2020-09-25,,,42.5,,,,76452106.0
2020-09-28,,,42.5,,,,76452106.0
2020-09-29,,,42.5,,,,76452106.0
2020-09-30,,,42.5,,,,76452106.0
2020-10-01,,,42.5,,,,76452106.0
2020-10-02,,,42.5,,,,76452106.0
2020-10-05,,,42.5,,,,76452106.0
2020-10-06,,,42.5,,,,76452106.0
2020-10-07,,,42.5,,,,76452106.0
2020-10-08,,,42.5,,,,76452106.0
2020-10-09,,,42.5,,,,76452106.0
2020-10-12,,,42.5,,,,76452106.0
2020-10-13,40.25,40.25,42.5,42.5,1.0,3000.0,76452106.0
2020-10-14,40.0,40.0,42.5,42.5,1.0,2300.0,76452106.0
2020-10-15,40.0,40.0,41.5,42.5,1.0,3750.0,76452106.0
2020-10-16,38.0,38.0,41.5,41.5,1.0,3300.0,76452106.0
2020-10-19,38.0,38.0,41.0,41.5,1.0,2900.0,76452106.0
2020-10-20,35.0,35.0,39.0,41.0,1.0,2800.0,76452106.0
2020-10-21,,,39.0,,,,76452106.0
2020-10-22,,,38.0,,,,76452106.0
2020-10-23,,,38.0,,,,76452106.0
2020-10-26,,,38.0,,,,76452106.0
2020-10-27,,,38.0,,,,76452106.0
2020-10-28,,,38.0,,,,76452106.0
2020-10-29,,,38.0,,,,76452106.0
2020-10-30,,,38.0,,,,76452106.0
2020-11-02,,,38.0,,,,76452106.0
2020-11-03,,,38.0,,,,76452106.0
2020-11-04,,,38.0,,,,76452106.0
2020-11-05,,,38.0,,,,76452106.0
2020-11-06,,,38.0,,,,76452106.0
2020-11-09,,,38.0,,,,76452106.0
2020-11-10,,,38.0,,,,76452106.0
2020-11-11,,,38.0,,,,76452106.0
2020-11-12,,,38.0,,,,76452106.0
2020-11-13,,,38.0,,,,76452106.0
2020-11-16,,,38.0,,,,76452106.0
2020-11-17,33.0,33.0,38.0,38.0,1.0,4582.0,76452106.0
2020-11-18,,,38.0,,,,76452106.0
2020-11-19,33.0,33.0,38.0,38.0,1.0,3067.0,76452106.0
2020-11-20,,,38.0,,,,76452106.0
2020-11-23,,,38.0,,,,76452106.0
2020-11-24,,,38.0,,,,76452106.0
2020-11-25,33.0,33.0,36.5,38.0,1.0,2683.0,76452106.0
2020-11-26,,,36.5,,,,76452106.0
2020-11-27,,,35.0,,,,76452106.0
2020-11-30,,,35.0,,,,76452106.0
2020-12-01,,,35.0,,,,76452106.0
2020-12-02,,,35.0,,,,76452106.0
2020-12-03,,,35.0,,,,76452106.0
2020-12-04,,,35.0,,,,76452106.0
2020-12-07,,,35.0,,,,76452106.0
2020-12-08,,,35.0,,,,76452106.0
2020-12-09,,,35.0,,,,76452106.0
2020-12-10,,,35.0,,,,76452106.0
2020-12-11,,,35.0,,,,76452106.0
2020-12-14,,,35.0,,,,76452106.0
2020-12-15,25.5,25.5,27.5,35.0,1.0,18436.0,76452106.0
2020-12-16,,,27.5,,,,76452106.0
2020-12-17,,,27.5,,,,76452106.0
2020-12-18,,,27.5,,,,76452106.0
2020-12-21,,,27.5,,,,76452106.0
2020-12-22,,,27.5,,,,76452106.0
2020-12-23,,,27.5,,,,76452106.0
2020-12-24,,,27.5,,,,76452106.0
2020-12-29,,,27.5,,,,76452106.0
2020-12-30,25.0,25.0,26.5,27.5,1.0,5521.0,76452106.0
2020-12-31,,,26.5,,,,76452106.0
2021-01-04,,,26.5,,,,76452106.0
2021-01-05,,,26.5,,,,76452106.0
2021-01-06,,,26.5,,,,76452106.0
2021-01-07,,,26.5,,,,76452106.0
2021-01-08,,,26.5,,,,76452106.0
2021-01-11,,,26.5,,,,76452106.0
2021-01-12,,,26.5,,,,76452106.0
2021-01-13,,,26.5,,,,76452106.0
2021-01-14,,,26.5,,,,76452106.0
2021-01-15,,,26.5,,,,76452106.0
2021-01-18,,,26.5,,,,76452106.0
2021-01-19,,,26.5,,,,76452106.0
2021-01-20,,,26.5,,,,76452106.0
2021-01-21,,,26.5,,,,76452106.0
2021-01-22,,,26.5,,,,76452106.0
2021-01-25,,,26.5,,,,76452106.0
2021-01-26,,,26.5,,,,76452106.0
2021-01-27,,,26.5,,,,76452106.0
2021-01-28,,,26.5,,,,76452106.0
2021-01-29,23.0,23.0,26.5,26.5,1.0,260.0,76452106.0
2021-02-01,,,26.5,,,,76452106.0
2021-02-02,,,26.5,,,,76452106.0
2021-02-03,,,26.5,,,,76452106.0
2021-02-04,,,26.5,,,,76452106.0
2021-02-05,25.0,20.0,25.0,26.5,2.0,36369.0,76452106.0
2021-02-08,24.0,24.0,22.5,22.5,1.0,1633.0,76452106.0
2021-02-09,24.0,24.0,22.5,22.5,1.0,4121.0,76452106.0
2021-02-10,,,22.5,,,,76452106.0
2021-02-11,,,22.5,,,,76452106.0
2021-02-12,,,22.5,,,,76452106.0
2021-02-15,,,22.5,,,,76452106.0
2021-02-16,21.0,21.0,22.5,22.5,1.0,800.0,76452106.0
2021-02-17,,,22.5,,,,76452106.0
2021-02-18,,,22.5,,,,76452106.0
2021-02-19,,,22.5,,,,76452106.0
2021-02-22,,,22.5,,,,76452106.0
2021-02-23,,,22.5,,,,76452106.0
2021-02-24,,,22.5,,,,76452106.0
2021-02-25,,,22.5,,,,76452106.0
2021-02-26,,,22.5,,,,76452106.0
2021-03-01,,,22.5,,,,76452106.0
2021-03-02,,,22.5,,,,76452106.0
2021-03-03,,,22.5,,,,76452106.0
2021-03-04,,,22.5,,,,76452106.0
2021-03-05,,,22.5,,,,76452106.0
2021-03-08,,,22.5,,,,76452106.0
2021-03-09,,,22.5,,,,76452106.0
2021-03-10,,,22.5,,,,76452106.0
2021-03-11,,,22.5,,,,76452106.0
2021-03-12,,,22.5,,,,76452106.0
2021-03-15,,,22.5,,,,76452106.0
2021-03-16,,,22.5,,,,76452106.0
2021-03-17,,,22.5,,,,76452106.0
2021-03-18,,,22.5,,,,76452106.0
2021-03-19,,,22.5,,,,76452106.0
2021-03-22,,,22.5,,,,76452106.0
2021-03-23,,,22.5,,,,76452106.0
2021-03-24,,,22.5,,,,76452106.0
2021-03-25,,,22.5,,,,76452106.0
2021-03-26,23.75,23.75,22.5,22.5,1.0,4139.0,76452106.0
2021-03-29,,,22.5,,,,76452106.0
2021-03-30,,,22.5,,,,76452106.0
2021-03-31,21.0,21.0,22.5,22.5,1.0,650.0,76452106.0
2021-04-01,24.9,24.9,22.5,22.5,1.0,363.0,76452106.0
2021-04-06,24.9,24.9,22.5,22.5,2.0,4959.0,76452106.0
2021-04-07,,,22.5,,,,76452106.0
2021-04-08,27.9,24.9,24.0,22.5,2.0,4136.0,76452106.0
2021-04-09,27.9,27.9,24.0,24.0,1.0,2062.0,76452106.0
2021-04-12,27.695,27.695,25.0,24.0,2.0,8216.0,76452106.0
2021-04-13,27.75,27.75,25.0,25.0,1.0,853.0,76452106.0
2021-04-14,23.0,23.0,25.0,25.0,1.0,5000.0,76452106.0
2021-04-15,,,25.0,,,,76452106.0
2021-04-16,28.0,27.2225,26.0,25.0,2.0,14359.0,76452106.0
2021-04-19,25.0,25.0,26.0,26.0,1.0,2000.0,76452106.0
2021-04-20,,,26.0,,,,76452106.0
2021-04-21,,,26.0,,,,76452106.0
2021-04-22,,,26.0,,,,76452106.0
2021-04-23,29.5,29.5,27.5,26.0,1.0,1490.0,76452106.0
2021-04-26,29.7,29.7,27.5,27.5,1.0,700.0,76452106.0
2021-04-27,25.0,25.0,27.5,27.5,1.0,2809.0,76452106.0
2021-04-28,,,27.5,,,,76452106.0
2021-04-29,,,27.5,,,,76452106.0
2021-04-30,,,27.5,,,,76452106.0
2021-05-04,,,27.5,,,,76452106.0
2021-05-05,,,27.5,,,,76452106.0
2021-05-06,25.0,25.0,27.5,27.5,1.0,1000.0,76452106.0
2021-05-07,,,27.5,,,,76452106.0
2021-05-10,28.25,28.25,27.5,27.5,1.0,1719.0,76452106.0
2021-05-11,,,27.5,,,,76452106.0
2021-05-12,,,27.5,,,,76452106.0
2021-05-13,,,27.5,,,,76452106.0
2021-05-14,,,27.5,,,,76452106.0
2021-05-17,,,27.5,,,,76452106.0
2021-05-18,29.7,25.0,27.5,27.5,2.0,6121.0,76452106.0
2021-05-19,30.0,30.0,30.0,27.5,1.0,16000.0,76452106.0
2021-05-20,33.75,33.75,31.5,30.0,2.0,7349.0,76452106.0
2021-05-21,34.5,33.75,34.0,31.5,3.0,12187.0,76452106.0
2021-05-24,38.0,32.25,35.0,34.0,3.0,8357.0,76452106.0
2021-05-25,,,35.0,,,,76452106.0
2021-05-26,,,35.0,,,,76452106.0
2021-05-27,,,35.0,,,,76452106.0
2021-05-28,32.0,32.0,35.0,35.0,1.0,7146.0,76452106.0
2021-06-01,36.625,36.625,35.0,35.0,1.0,3260.0,76452106.0
2021-06-02,43.0,36.6,40.5,35.0,10.0,34210.0,76452106.0
2021-06-03,46.75,40.25,43.5,40.5,4.0,2645.0,76452106.0
2021-06-04,40.25,40.25,43.5,43.5,1.0,350.0,76452106.0
2021-06-07,46.475,46.475,43.5,43.5,1.0,500.0,76452106.0
2021-06-08,56.9,47.0,52.5,43.5,8.0,13466.0,76452106.0
2021-06-09,59.0,52.25,57.0,52.5,7.0,21516.0,76452106.0
2021-06-10,60.75,52.0,56.0,57.0,7.0,20474.0,76452106.0
2021-06-11,60.0,52.4,56.0,56.0,5.0,5130.0,76452106.0
2021-06-14,61.9,55.0,60.0,56.0,11.0,41745.0,76452106.0
2021-06-15,51.5,43.8,48.0,60.0,6.0,33005.0,76452106.0
2021-06-16,50.7,46.0,49.0,48.0,2.0,9955.0,76452106.0
2021-06-17,50.475,50.475,49.0,49.0,2.0,498.0,76452106.0
2021-06-18,50.25,50.25,49.0,49.0,1.0,200.0,76452106.0
2021-06-21,,,49.0,,,,76452106.0
2021-06-22,,,49.0,,,,76452106.0
2021-06-23,52.0,43.0,45.0,49.0,4.0,2626.0,76452106.0
2021-06-24,47.4,46.95,45.0,45.0,2.0,1550.0,76452106.0
2021-06-25,46.375,46.375,45.0,45.0,1.0,200.0,76452106.0
2021-06-28,40.4,40.4,45.0,45.0,1.0,1000.0,76452106.0
2021-06-29,,,45.0,,,,76452106.0
2021-06-30,,,45.0,,,,76452106.0
2021-07-01,,,46.5,,,,76452106.0
2021-07-02,,,46.5,,,,76452106.0
2021-07-05,48.0,40.0,44.0,46.5,5.0,12104.0,76452106.0
2021-07-06,,,44.0,,,,76452106.0
2021-07-07,,,43.0,,,,76452106.0
2021-07-08,,,43.0,,,,76452106.0
2021-07-09,,,43.0,,,,76452106.0
2021-07-12,,,43.0,,,,76452106.0
2021-07-13,,,43.0,,,,76452106.0
2021-07-14,43.0,43.0,43.0,43.0,1.0,545454.0,76452106.0
2021-07-15,,,43.0,,,,76452106.0
2021-07-16,,,43.0,,,,76452106.0
2021-07-19,45.0,38.0,38.5,43.0,3.0,7080.0,76452106.0
2021-07-20,35.0,35.0,38.5,38.5,1.0,608.0,76452106.0
2021-07-21,,,38.5,,,,76452106.0
2021-07-22,,,38.5,,,,76452106.0
2021-07-23,,,38.5,,,,76452106.0
2021-07-26,,,38.5,,,,76452106.0
2021-07-27,,,38.5,,,,76452106.0
2021-07-28,,,38.5,,,,76452106.0
2021-07-29,,,38.5,,,,76452106.0
2021-07-30,,,38.5,,,,76452106.0
2021-08-02,,,38.5,,,,76452106.0
2021-08-03,,,38.5,,,,76452106.0
2021-08-04,,,38.5,,,,76452106.0
2021-08-05,,,38.5,,,,76452106.0
2021-08-06,,,38.5,,,,76452106.0
2021-08-09,,,38.5,,,,76452106.0
2021-08-10,35.0,35.0,38.5,38.5,1.0,358.0,76452106.0
2021-08-11,,,38.5,,,,76452106.0
2021-08-12,,,38.5,,,,76452106.0
2021-08-13,35.0,35.0,38.5,38.5,1.0,146.0,76452106.0
2021-08-16,,,38.5,,,,76452106.0
2021-08-17,,,38.5,,,,76452106.0
2021-08-18,39.75,39.75,38.5,38.5,1.0,32.0,76452106.0
2021-08-19,,,38.5,,,,76452106.0
2021-08-20,,,38.5,,,,76452106.0
2021-08-23,,,38.5,,,,76452106.0
2021-08-24,,,38.5,,,,76452106.0
2021-08-25,,,38.5,,,,76452106.0
2021-08-26,39.475,39.475,38.5,38.5,1.0,35.0,76452106.0
2021-08-27,,,38.5,,,,76452106.0
2021-08-31,,,38.5,,,,76452106.0
2021-09-01,,,38.5,,,,76452106.0
2021-09-02,,,38.5,,,,76452106.0
2021-09-03,,,38.5,,,,76452106.0
2021-09-06,,,38.5,,,,76452106.0
2021-09-07,,,38.5,,,,76452106.0
2021-09-08,,,38.5,,,,76452106.0
2021-09-09,,,38.5,,,,76452106.0
2021-09-10,35.0,35.0,38.5,38.5,1.0,251.0,76452106.0
2021-09-13,,,38.5,,,,76452106.0
2021-09-14,,,38.5,,,,76452106.0
2021-09-15,,,38.5,,,,76452106.0
2021-09-16,,,38.5,,,,76452106.0
2021-09-17,,,38.5,,,,76452106.0
2021-09-20,,,38.5,,,,76452106.0
2021-09-21,,,38.5,,,,76452106.0
2021-09-22,,,38.5,,,,76452106.0
2021-09-23,,,38.5,,,,76452106.0
2021-09-24,35.0,35.0,38.5,38.5,1.0,1000.0,76452106.0
2021-09-27,,,40.0,,,,76452106.0
2021-09-28,,,38.5,,,,76452106.0
2021-09-29,,,38.5,,,,76452106.0
2021-09-30,,,38.5,,,,76452106.0
2021-10-01,,,38.5,,,,76452106.0
2021-10-04,,,38.5,,,,76452106.0
2021-10-05,,,38.5,,,,76452106.0
2021-10-06,,,38.5,,,,76452106.0
2021-10-07,,,38.5,,,,76452106.0
2021-10-08,,,38.5,,,,76452106.0
2021-10-11,,,38.5,,,,76452106.0
2021-10-12,,,38.5,,,,76452106.0
2021-10-13,,,38.5,,,,76452106.0
2021-10-14,39.75,39.75,38.5,38.5,1.0,625.0,76452106.0
2021-10-15,,,38.5,,,,76452106.0
2021-10-18,,,38.5,,,,76452106.0
2021-10-19,,,38.5,,,,76452106.0
2021-10-20,,,38.5,,,,76452106.0
2021-10-21,,,38.5,,,,76452106.0
2021-10-22,40.0,32.0,36.0,38.5,4.0,4949.0,76452106.0
2021-10-25,,,36.0,,,,76452106.0
2021-10-26,,,36.0,,,,76452106.0
2021-10-27,,,36.0,,,,76452106.0
2021-10-28,,,36.0,,,,76452106.0
2021-10-29,36.225,36.225,36.0,36.0,1.0,8.0,76452106.0
2021-11-01,,,36.0,,,,76452106.0
2021-11-02,,,36.0,,,,76452106.0
2021-11-03,,,36.0,,,,76452106.0
2021-11-04,32.0,32.0,36.0,36.0,1.0,12.0,76452106.0
2021-11-05,,,36.0,,,,76452106.0
2021-11-08,,,36.0,,,,76452106.0
2021-11-09,,,36.0,,,,76452106.0
2021-11-10,,,36.0,,,,76452106.0
2021-11-11,,,36.0,,,,76452106.0
2021-11-12,,,36.0,,,,76452106.0
2021-11-15,,,36.0,,,,76452106.0
2021-11-16,,,36.0,,,,76452106.0
2021-11-17,,,36.0,,,,76452106.0
2021-11-18,,,36.0,,,,76452106.0
2021-11-19,,,36.0,,,,76452106.0
2021-11-22,,,36.0,,,,76452106.0
2021-11-23,,,36.0,,,,76452106.0
2021-11-24,34.0,32.0,32.5,36.0,2.0,6437.0,76452106.0
2021-11-25,30.0,30.0,32.5,32.5,1.0,589.0,76452106.0
2021-11-26,,,32.5,,,,76452106.0
2021-11-29,,,32.5,,,,76452106.0
2021-11-30,,,32.5,,,,76452106.0
2021-12-01,,,32.5,,,,76452106.0
2021-12-02,,,32.5,,,,76452106.0
2021-12-03,,,32.5,,,,76452106.0
2021-12-06,,,32.5,,,,76452106.0
2021-12-07,,,32.5,,,,76452106.0
2021-12-08,,,32.5,,,,76452106.0
2021-12-09,,,32.5,,,,76452106.0
2021-12-10,,,32.5,,,,76452106.0
2021-12-13,,,32.5,,,,76452106.0
2021-12-14,,,32.5,,,,76452106.0
2021-12-15,,,32.5,,,,76452106.0
2021-12-16,,,32.5,,,,76452106.0
2021-12-17,,,32.5,,,,76452106.0
2021-12-20,,,32.5,,,,76452106.0
2021-12-21,,,32.5,,,,76452106.0
2021-12-22,,,32.5,,,,76452106.0
2021-12-23,,,32.5,,,,76452106.0
2021-12-24,,,32.5,,,,76452106.0
2021-12-29,32.25,32.25,32.5,32.5,1.0,100.0,76452106.0
2021-12-30,,,32.5,,,,76452106.0
2021-12-31,,,32.5,,,,76452106.0
2022-01-04,,,32.5,,,,76452106.0
2022-01-05,,,32.5,,,,76452106.0
2022-01-06,,,32.5,,,,76452106.0
2022-01-07,,,32.5,,,,76452106.0
2022-01-10,,,32.5,,,,76452106.0
2022-01-11,,,32.5,,,,76452106.0
2022-01-12,,,32.5,,,,76452106.0
2022-01-13,,,32.5,,,,76452106.0
2022-01-14,,,32.5,,,,76452106.0
2022-01-17,,,32.5,,,,76452106.0
2022-01-18,,,32.5,,,,76452106.0
2022-01-19,,,32.5,,,,76452106.0
2022-01-20,,,32.5,,,,76452106.0
2022-01-21,,,32.5,,,,76452106.0
2022-01-24,,,32.5,,,,76452106.0
2022-01-25,,,32.5,,,,76452106.0
2022-01-26,,,32.5,,,,76452106.0
2022-01-27,,,32.5,,,,76452106.0
2022-01-28,,,32.5,,,,76452106.0
2022-01-31,,,32.5,,,,76452106.0
2022-02-01,,,32.5,,,,76452106.0
2022-02-02,,,32.5,,,,76452106.0
2022-02-03,,,32.5,,,,76452106.0
2022-02-04,,,32.5,,,,76452106.0
2022-02-07,30.0,30.0,32.5,32.5,1.0,417.0,76452106.0
2022-02-08,,,32.5,,,,76452106.0
2022-02-09,,,32.5,,,,76452106.0
2022-02-10,,,32.5,,,,76452106.0
2022-02-11,,,32.5,,,,76452106.0
2022-02-14,,,32.5,,,,76452106.0
2022-02-15,,,32.5,,,,76452106.0
2022-02-16,,,32.5,,,,76452106.0
2022-02-17,,,32.5,,,,76452106.0
2022-02-18,,,32.5,,,,76452106.0
2022-02-21,,,32.5,,,,76452106.0
2022-02-22,,,32.5,,,,76452106.0
2022-02-23,,,32.5,,,,76452106.0
2022-02-24,,,32.5,,,,76452106.0
2022-02-25,,,32.5,,,,76452106.0
2022-02-28,,,32.5,,,,76452106.0
2022-03-01,,,32.5,,,,76452106.0
2022-03-02,,,32.5,,,,76452106.0
2022-03-03,,,32.5,,,,76452106.0
2022-03-04,,,32.5,,,,76452106.0
2022-03-07,30.0,23.0,27.5,32.5,2.0,14991.0,76452106.0
2022-03-08,,,27.5,,,,76452106.0
2022-03-09,,,27.5,,,,76452106.0
2022-03-10,,,27.5,,,,76452106.0
2022-03-11,,,27.5,,,,76452106.0
2022-03-14,,,27.5,,,,76452106.0
2022-03-15,,,27.5,,,,76452106.0
2022-03-16,42.0,27.0,30.5,29.5,25.0,81478.0,76452106.0
2022-03-17,30.799,28.0,30.5,30.5,3.0,19728.0,76452106.0
2022-03-18,,,30.5,,,,76452106.0
2022-03-21,29.0,29.0,30.5,30.5,1.0,3275.0,77618773.0
2022-03-22,,,30.5,,,,77618773.0
2022-03-23,,,30.5,,,,77618773.0
2022-03-24,,,30.5,,,,77618773.0
2022-03-25,,,30.5,,,,77618773.0
2022-03-28,28.77,28.77,29.0,30.5,2.0,37500.0,77618773.0
2022-03-29,28.0,26.0,26.5,29.0,4.0,11058.0,77618773.0
2022-03-30,27.6,27.23,27.0,26.5,2.0,52500.0,83452106.0
2022-03-31,27.22,27.22,26.5,27.0,1.0,9140.0,83452106.0
2022-04-01,29.0,27.22,27.5,26.5,6.0,34232.0,83452106.0
2022-04-04,,,27.5,,,,83452106.0
2022-04-05,,,27.5,,,,83452106.0
2022-04-06,,,27.5,,,,83452106.0
2022-04-07,,,27.5,,,,83452106.0
2022-04-08,,,27.5,,,,83452106.0
2022-04-11,,,27.5,,,,83452106.0
2022-04-12,29.0,29.0,27.5,27.5,1.0,3379.0,83452106.0
2022-04-13,29.0,29.0,28.0,27.5,2.0,20000.0,83452106.0
2022-04-14,30.0,30.0,28.0,28.0,1.0,3300.0,83452106.0
2022-04-19,,,28.0,,,,83452106.0
2022-04-20,,,28.0,,,,83452106.0
2022-04-21,27.15,26.3,28.0,28.0,5.0,60000.0,83452106.0
2022-04-22,,,28.0,,,,83452106.0
2022-04-25,,,28.0,,,,83452106.0
2022-04-26,26.25,26.25,28.0,28.0,1.0,1473.0,83452106.0
2022-04-27,28.75,28.75,28.0,28.0,1.0,11500.0,83452106.0
2022-04-28,,,28.0,,,,83452106.0
2022-04-29,,,28.0,,,,83452106.0
2022-05-03,28.7,28.7,28.0,28.0,1.0,30000.0,83452106.0
2022-05-04,27.06,27.06,28.0,28.0,1.0,32385.0,83452106.0
2022-05-05,,,28.0,,,,83452106.0
2022-05-06,,,28.0,,,,83452106.0
2022-05-09,,,28.0,,,,83452106.0
2022-05-10,,,28.0,,,,83452106.0
2022-05-11,,,28.0,,,,83452106.0
2022-05-12,29.75,29.75,28.0,28.0,1.0,300.0,83452106.0
2022-05-13,,,28.0,,,,83452106.0
2022-05-16,,,28.0,,,,83452106.0
2022-05-17,,,28.0,,,,83452106.0
2022-05-18,,,28.0,,,,83452106.0
2022-05-19,,,28.0,,,,83452106.0
2022-05-20,28.6,28.6,28.0,28.0,1.0,3426.0,83452106.0
2022-05-23,,,28.0,,,,83452106.0
2022-05-24,,,28.0,,,,83452106.0
2022-05-25,,,28.0,,,,83452106.0
2022-05-26,,,28.0,,,,83452106.0
2022-05-27,,,28.0,,,,83452106.0
2022-05-30,,,28.0,,,,83452106.0
2022-05-31,,,28.0,,,,83452106.0
2022-06-01,,,28.0,,,,83452106.0
2022-06-06,,,28.0,,,,83452106.0
2022-06-07,,,28.0,,,,83452106.0
2022-06-08,,,28.0,,,,83452106.0
2022-06-09,26.8,26.0,28.0,28.0,2.0,50000.0,83452106.0
2022-06-10,26.2,26.2,28.0,28.0,1.0,257.0,83452106.0
2022-06-13,,,28.0,,,,83452106.0
2022-06-14,,,28.0,,,,83452106.0
2022-06-15,,,28.0,,,,83452106.0
2022-06-16,,,28.0,,,,83452106.0
2022-06-17,,,28.0,,,,83452106.0
2022-06-20,26.2,19.0,21.5,28.0,6.0,83500.0,83452106.0
2022-06-21,19.0,17.85,18.0,20.0,7.0,108258.0,83452106.0
2022-06-22,18.0,16.28,16.5,18.0,6.0,22406.0,83452106.0
2022-06-23,16.0,16.0,15.5,16.5,1.0,5000.0,83452106.0
2022-06-24,17.5,15.9,17.0,15.5,6.0,90000.0,83452106.0
2022-06-27,16.77,16.77,17.0,17.0,1.0,17122.0,83452106.0
2022-06-28,,,17.0,,,,83452106.0
2022-06-29,16.26,16.26,17.0,17.0,1.0,10000.0,83452106.0
2022-06-30,,,17.0,,,,83542106.0
2022-07-01,,,17.0,,,,83542106.0
2022-07-14,,,17.5,,,,83542106.0
2022-07-15,,,17.0,,,,83542106.0
2022-07-18,,,17.0,,,,83542106.0
2022-07-19,,,17.0,,,,83542106.0
2022-07-20,,,17.0,,,,83542106.0
2022-07-21,18.15,16.1,17.5,17.0,5.0,305892.0,83542106.0
2022-07-22,,,17.0,,,,83542106.0
2022-07-25,,,17.0,,,,83542106.0
2022-07-26,,,17.0,,,,83542106.0
2022-07-27,,,17.0,,,,83542106.0
2022-07-28,,,17.0,,,,83542106.0
2022-07-29,16.75,16.6,17.0,17.0,7.0,700000.0,83542106.0
2022-08-01,16.1,16.1,17.0,17.0,1.0,25000.0,83542106.0
2022-08-02,17.4,16.69,17.5,17.0,4.0,250000.0,83542106.0
2022-08-03,18.0,17.5,18.0,17.5,5.0,320000.0,83542106.0
2022-08-04,18.8,18.37,18.0,18.0,2.0,39689.0,83542106.0
2022-08-05,19.0,17.65,18.0,18.0,3.0,80000.0,83542106.0
2022-08-08,18.9,17.7,18.0,18.0,4.0,609600.0,83542106.0
2022-08-09,18.7,17.8,18.0,18.0,3.0,113465.0,83542106.0
2022-08-10,17.55,17.55,18.0,18.0,1.0,100000.0,83542106.0
2022-08-11,,,18.0,,,,83542106.0
2022-08-12,17.1,17.1,17.5,18.0,1.0,100000.0,83542106.0
2022-08-15,,,17.5,,,,83542106.0
2022-08-16,17.0,16.2,17.0,17.5,2.0,25000.0,83542106.0
2022-08-17,16.0,16.0,16.0,17.0,3.0,265000.0,83542106.0
2022-08-18,15.5,15.5,16.0,16.0,1.0,50000.0,83542106.0
2022-08-19,,,16.0,,,,83542106.0
2022-08-22,,,16.0,,,,83542106.0
2022-08-23,16.0,15.97,16.0,16.0,2.0,30000.0,83542106.0
2022-08-24,16.5,16.5,16.0,16.0,1.0,3000.0,83542106.0
2022-08-25,,,16.0,,,,83542106.0
2022-08-26,16.45,16.1,16.0,16.0,3.0,42052.0,83542106.0
2022-08-30,15.95,13.5,16.0,16.0,3.0,36283.0,83542106.0
2022-08-31,,,16.0,,,,83542106.0
2022-09-01,15.0,15.0,16.0,16.0,1.0,831.0,83542106.0
2022-09-02,,,16.0,,,,83542106.0
2022-09-05,,,16.0,,,,83542106.0
2022-09-06,15.95,15.05,16.0,16.0,2.0,66000.0,83542106.0
2022-09-07,15.9,15.9,16.0,16.0,1.0,61538.0,83542106.0
2022-09-08,,,16.0,,,,83542106.0
2022-09-09,15.88,15.88,16.0,16.0,1.0,100000.0,83542106.0
2022-09-12,16.17,15.8,16.0,16.0,4.0,500861.0,83542106.0
2022-09-13,15.3,15.1,16.0,16.0,2.0,40000.0,83542106.0
2022-09-14,13.8,13.8,16.0,16.0,1.0,20000.0,83542106.0
2022-09-15,15.7,15.05,16.0,16.0,2.0,740.0,83542106.0
2022-09-16,,,16.0,,,,83542106.0
2022-09-20,,,16.0,,,,83542106.0
2022-09-21,,,16.0,,,,83542106.0
2022-09-22,,,16.0,,,,83542106.0
2022-09-23,,,16.0,,,,83542106.0
2022-09-26,15.5,15.0,16.0,16.0,3.0,83615.0,83542106.0
2022-09-27,,,16.0,,,,83542106.0
2022-09-28,,,16.0,,,,83542106.0
2022-09-29,,,16.0,,,,83542106.0
2022-09-30,15.0,13.05,14.0,16.0,11.0,71735.0,83542106.0
2022-10-03,14.3,13.15,14.0,14.0,2.0,5200.0,83542106.0
2022-10-04,13.15,12.1,12.5,14.0,4.0,86277.0,83542106.0
2022-10-05,13.0,12.0,12.5,12.5,3.0,31289.0,83542106.0
2022-10-06,12.75,12.75,12.5,12.5,1.0,38973.0,83542106.0
2022-10-07,,,12.5,,,,83542106.0
2022-10-10,,,12.5,,,,83542106.0
2022-10-11,12.35,12.35,12.5,12.5,1.0,50000.0,83542106.0
2022-10-12,12.15,12.0,12.0,12.5,4.0,32186.0,83542106.0
2022-10-13,,,12.0,,,,83542106.0
2022-10-14,12.0,11.11,11.5,12.0,2.0,10850.0,83542106.0
2022-10-17,11.97,11.97,11.5,11.5,1.0,16525.0,83542106.0
2022-10-18,11.22,11.22,11.5,11.5,1.0,25000.0,83542106.0
2022-10-19,11.8,11.8,11.5,11.5,1.0,25255.0,83542106.0
2022-10-20,,,11.5,,,,83542106.0
2022-10-21,,,11.5,,,,83542106.0
2022-10-24,10.1,10.1,11.5,11.5,1.0,20000.0,83542106.0
2022-10-25,,,11.5,,,,83542106.0
2022-10-26,,,11.5,,,,83542106.0
2022-10-27,11.0,11.0,11.0,11.5,2.0,10000.0,83542106.0
2022-10-28,,,11.0,,,,83542106.0
2022-10-31,,,11.0,,,,83542106.0
2022-11-01,10.1,10.03,10.75,11.0,2.0,20000.0,83542106.0
2022-11-02,,,10.25,,,,83542106.0
2022-11-03,,,10.25,,,,83542106.0
2022-11-04,10.0,10.0,10.25,10.25,1.0,10000.0,83542106.0
2022-11-07,9.555,9.125,9.5,10.25,3.0,76666.0,83542106.0
2022-11-08,,,9.25,,,,83542106.0
2022-11-09,,,9.25,,,,83542106.0
2022-11-10,,,9.25,,,,83542106.0
2022-11-11,,,9.25,,,,83542106.0
2022-11-14,,,9.25,,,,83542106.0
2022-11-15,9.0,9.0,9.25,9.25,1.0,300.0,83542106.0
2022-11-16,,,9.25,,,,83542106.0
2022-11-17,,,9.25,,,,83542106.0
2022-11-18,,,9.25,,,,83542106.0
2022-11-21,,,8.5,,,,83542106.0
2022-11-22,8.1,8.1,8.25,8.5,1.0,10000.0,83542106.0
2022-11-23,8.015,8.015,8.25,8.25,1.0,382.0,83542106.0
2022-11-24,,,8.25,,,,83542106.0
2022-11-25,8.015,8.015,8.25,8.25,1.0,48.0,84499089.0
2022-11-28,,,8.25,,,,84499089.0
2022-11-29,,,8.25,,,,84499089.0
2022-11-30,,,8.25,,,,84499089.0
2022-12-01,,,8.25,,,,84499089.0
2022-12-02,,,8.25,,,,84499089.0
2022-12-05,,,8.25,,,,84499089.0
2022-12-06,,,8.25,,,,84499089.0
2022-12-07,,,8.25,,,,84499089.0
2022-12-08,8.5,8.5,8.25,8.25,1.0,505.0,84499089.0
2022-12-09,,,8.25,,,,84499089.0
2022-12-12,8.5,8.03,8.5,8.25,2.0,9721.0,84499089.0
2022-12-13,8.0,7.5,7.25,8.5,4.0,20000.0,84499089.0
2022-12-14,7.5,7.5,7.25,7.25,1.0,1990.0,84499089.0
2022-12-15,,,7.25,,,,84499089.0
2022-12-16,,,7.25,,,,84499089.0
2022-12-19,,,7.25,,,,84499089.0
2022-12-20,,,7.25,,,,84499089.0
2022-12-21,,,7.25,,,,84499089.0
2022-12-22,7.5,7.5,7.25,7.25,1.0,398.0,84499089.0
2022-12-23,,,7.25,,,,84499089.0
2022-12-28,,,7.25,,,,84499089.0
2022-12-29,,,7.25,,,,84499089.0
2022-12-30,,,7.25,,,,84499089.0
2023-01-03,,,7.25,,,,84499089.0
2023-01-04,,,7.25,,,,84499089.0
2023-01-05,,,7.25,,,,84499089.0
2023-01-06,,,7.25,,,,84499089.0
2023-01-09,,,7.25,,,,84499089.0
2023-01-10,,,7.25,,,,84499089.0
2023-01-11,,,7.25,,,,84499089.0
2023-01-12,,,7.25,,,,84499089.0
2023-01-13,,,7.25,,,,84499089.0
2023-01-16,,,7.25,,,,84499089.0
2023-01-17,7.0,7.0,7.25,7.25,1.0,50000.0,84499089.0
2023-01-18,,,7.25,,,,84499089.0
2023-01-19,,,7.25,,,,84499089.0
2023-01-20,,,7.25,,,,84499089.0
2023-01-23,,,7.25,,,,84499089.0
2023-01-24,,,7.25,,,,84499089.0
2023-01-25,7.2,7.2,7.25,7.25,1.0,1279.0,84499089.0
2023-01-26,7.0,4.9,5.2,7.25,13.0,378827.0,84499089.0
2023-01-27,5.5,4.9,4.75,5.2,15.0,18282.0,84499089.0
2023-01-30,5.0,4.575,4.75,4.75,7.0,60469.0,84499089.0
2023-01-31,4.5,4.5,4.75,4.75,1.0,18.0,84499089.0
2023-02-01,5.0,4.5,4.75,4.75,3.0,50038.0,84499089.0
2023-02-02,,,4.75,,,,84499089.0
2023-02-03,,,4.75,,,,84499089.0
2023-02-06,5.0,4.5,4.75,4.75,3.0,160.0,84499089.0
2023-02-07,5.0,4.85,4.75,4.75,2.0,9363.0,84499089.0
2023-02-08,4.5,4.5,4.75,4.75,1.0,192.0,84499089.0
2023-02-09,,,4.75,,,,84499089.0
2023-02-10,5.0,4.5,4.75,4.75,2.0,125.0,84499089.0
2023-02-13,5.0,5.0,4.75,4.75,1.0,19.0,84499089.0
2023-02-14,5.0,4.515,4.75,4.75,2.0,10031.0,84499089.0
2023-02-15,,,4.75,,,,84499089.0
2023-02-16,,,4.75,,,,84499089.0
2023-02-17,5.0,5.0,4.75,4.75,2.0,68.0,84499089.0
2023-02-20,,,4.75,,,,84499089.0
2023-02-21,,,4.75,,,,84499089.0
2023-02-22,,,4.75,,,,84499089.0
2023-02-23,4.5,4.5,4.75,4.75,1.0,39.0,84499089.0
2023-02-24,,,4.75,,,,84499089.0
2023-02-27,5.5,4.5,5.0,4.75,10.0,406619.0,84499089.0
2023-02-28,4.766,4.525,4.75,5.0,2.0,100000.0,84499089.0
2023-03-01,5.0,4.5,4.75,4.75,3.0,1063.0,84499089.0
2023-03-02,4.5,4.5,4.75,4.75,1.0,651.0,84499089.0
2023-03-03,,,4.75,,,,84499089.0
2023-03-06,,,4.75,,,,84499089.0
2023-03-07,,,4.75,,,,84499089.0
2023-03-08,,,4.75,,,,84499089.0
2023-03-09,,,4.75,,,,84499089.0
2023-03-10,,,4.75,,,,84499089.0
2023-03-13,5.0,5.0,4.75,4.75,1.0,200.0,84499089.0
2023-03-14,4.5,4.5,4.75,4.75,1.0,270.0,84499089.0
2023-03-15,,,4.75,,,,84499089.0
2023-03-16,5.5,4.7787,5.0,5.0,5.0,258186.0,84499089.0
2023-03-17,5.0999,5.07,5.0,5.0,4.0,72475.0,84499089.0
2023-03-20,5.04,5.04,5.0,5.0,1.0,9394.0,84499089.0
2023-03-21,5.5,5.5,5.0,5.0,1.0,378.0,84499089.0
2023-03-22,5.04,5.04,5.0,5.0,1.0,19506.0,84499089.0
2023-03-23,5.0,5.0,5.0,5.0,2.0,30110.0,84499089.0
2023-03-24,4.65,4.6,5.0,5.0,2.0,100000.0,84499089.0
2023-03-27,4.9744,4.6,5.0,5.0,3.0,290241.0,84499089.0
2023-03-28,3.8,3.0,3.3,3.5,140.0,14034537.0,84499089.0
2023-03-29,3.6,3.1,3.2,3.3,19.0,1102378.0,84499089.0
2023-03-30,3.32,3.1,3.3,3.3,14.0,1528581.0,84499089.0
2023-03-31,3.1678,3.0,3.15,3.3,4.0,390349.0,84499089.0
2023-04-03,3.3,3.0,3.2,3.15,20.0,1248051.0,84499089.0
2023-04-04,3.247,3.0,3.15,3.2,8.0,502015.0,94449089.0
2023-04-05,3.34,3.1,3.2,3.35,14.0,945030.0,94449089.0
2023-04-06,3.3,2.8,3.0,3.2,20.0,1495549.0,94449089.0
2023-04-11,3.34,2.9255,3.15,3.1,29.0,1230807.0,94449089.0
2023-04-12,3.285,3.0,3.1,3.15,43.0,5969657.0,94449089.0
2023-04-13,3.045,2.855,3.0,3.1,17.0,1452197.0,94449089.0
2023-04-14,3.3,2.8994,3.05,3.0,30.0,2094947.0,94449089.0
2023-04-17,3.04,2.933,3.05,3.05,5.0,214765.0,94449089.0
2023-04-18,3.0,2.8241,2.9,3.05,13.0,275948.0,94449089.0
2023-04-19,3.5,2.8,3.05,2.9,58.0,3680790.0,94449089.0
2023-04-20,3.08,2.9402,3.05,3.05,7.0,910739.0,94449089.0
2023-04-21,3.4,2.9,3.35,3.05,70.0,3355074.0,94449089.0
2023-04-24,3.9,3.1,3.5,3.3,216.0,16667596.0,94449089.0
2023-04-25,3.7,3.23151,3.4,3.65,101.0,5591725.0,94449089.0
2023-04-26,3.4,3.3,3.3,3.35,40.0,2220530.0,94449089.0
2023-04-27,3.34,3.2,3.25,3.3,21.0,1570287.0,94449089.0
2023-04-28,3.5,3.2,3.35,3.25,61.0,3274666.0,94449089.0
2023-05-02,3.375,3.04,3.15,3.3,44.0,2049769.0,94449089.0
2023-05-03,3.27,3.1,3.2,3.15,30.0,3576341.0,94449089.0
2023-05-04,3.214,3.0098,3.1,3.2,21.0,1378371.0,94449089.0
2023-05-05,3.5,3.0,3.3,3.05,69.0,4407506.0,94449089.0
2023-05-09,3.5,3.2,3.4,3.35,31.0,2453323.0,94449089.0
2023-05-10,3.35,3.16,3.25,3.4,18.0,755366.0,94449089.0
2023-05-11,3.225,3.1,3.15,3.25,19.0,832002.0,94449089.0
2023-05-12,3.245,3.0,3.1,3.15,34.0,1866203.0,94449089.0
2023-05-15,3.1,3.001,3.05,3.1,17.0,1546528.0,94449089.0
2023-05-16,3.1,3.0,3.05,3.05,13.0,438287.0,94449089.0
2023-05-17,3.3,2.932,2.95,3.05,11.0,328074.0,94449089.0
2023-05-18,2.97,2.9,2.95,2.95,15.0,650717.0,94449089.0
2023-05-19,2.97775,2.9056,2.95,2.95,7.0,336063.0,94449089.0
2023-05-22,3.0,2.9,2.95,2.95,9.0,177991.0,94449089.0
2023-05-23,2.95,2.8,2.85,2.95,18.0,1396771.0,94449089.0
2023-05-24,2.86899,2.82899,2.85,2.85,3.0,121021.0,94449089.0
2023-05-25,2.9,2.61,2.65,2.85,39.0,2742433.0,94449089.0
2023-05-26,2.64,2.535,2.6,2.65,12.0,1109254.0,94449089.0
2023-05-30,2.619,2.54,2.6,2.6,4.0,196990.0,94449089.0
2023-05-31,2.6,2.5,2.55,2.6,12.0,287239.0,94449089.0
2023-06-01,2.53899,2.51,2.55,2.55,5.0,85381.0,94449089.0
2023-06-02,2.51,2.505,2.55,2.55,2.0,200000.0,94449089.0
2023-06-05,2.6,2.5,2.55,2.55,7.0,795033.0,94449089.0
2023-06-06,2.6,2.5,2.55,2.55,15.0,1229323.0,94449089.0
2023-06-07,2.6,2.51,2.55,2.55,10.0,1085802.0,94449089.0
2023-06-08,2.559,2.505,2.55,2.55,5.0,1272636.0,94449089.0
2023-06-09,2.6,2.5,2.5,2.55,10.0,1016622.0,94449089.0
2023-06-12,2.51,2.5,2.55,2.55,4.0,70000.0,94449089.0
2023-06-13,2.51,2.3,2.4,2.55,17.0,592283.0,94449089.0
2023-06-14,2.38,2.32,2.35,2.4,8.0,756661.0,94449089.0
2023-06-15,2.6,2.303,2.6,2.35,35.0,2443525.0,94449089.0
2023-06-16,2.597,2.511,2.55,2.55,9.0,1092005.0,94449089.0
2023-06-19,2.6,2.415,2.45,2.55,10.0,628884.0,94449089.0
2023-06-20,2.5,2.4,2.45,2.45,10.0,155648.0,94449089.0
2023-06-21,2.5,2.305,2.35,2.45,7.0,93468.0,94449089.0
2023-06-22,2.4,2.312,2.35,2.35,12.0,845236.0,94449089.0
2023-06-23,2.4,2.3,2.35,2.35,2.0,85.0,94449089.0
2023-06-26,2.56,2.3,2.56,2.35,12.0,252374.0,94449089.0
2023-06-27,2.44,2.0,2.05,2.4,38.0,8380540.0,94449089.0
2023-06-28,2.1,1.9,1.95,2.05,11.0,556368.0,94449089.0
2023-06-29,2.0,1.9,1.95,2.0,9.0,505680.0,94449089.0
2023-06-30,1.97,1.95,1.95,1.95,3.0,237194.0,94449089.0
2023-07-03,2.0,1.9,1.95,1.95,7.0,3614895.0,94449089.0
2023-07-04,1.9155,1.9,1.95,1.95,3.0,607.0,94449089.0
2023-07-05,1.9,1.9,1.95,1.95,2.0,9000.0,94449089.0
2023-07-06,1.9155,1.9,1.9,1.95,5.0,211103.0,94449089.0
2023-07-07,1.85,1.8,1.85,1.9,8.0,201538.0,94449089.0
