Date,HIGH,LOW,CLOSE,OPEN,COUNT,VOLUME,SHROUT
1983-01-04,,,0.4388193473211,,,,2400000.0
1983-01-10,,,0.4388193473211,,,,2400000.0
1983-01-24,,,0.4388193473211,,,,2400000.0
1983-02-09,,,0.4388193473211,,,,2400000.0
1983-02-22,,,0.44857088837268,,,,2400000.0
1983-03-07,,,0.40956472416636,,,,2400000.0
1983-03-09,,,0.40956472416636,,,,2400000.0
1983-03-21,,,0.3900616420632,,,,2400000.0
1983-03-31,,,0.3900616420632,,,,2400000.0
1983-04-05,,,0.3900616420632,,,,2400000.0
1983-05-18,,,0.3900616420632,,,,2400000.0
1983-06-30,,,0.3900616420632,,,,2400000.0
1983-08-08,,,0.40956472416636,,,,2400000.0
1983-08-15,,,0.39981318311478,,,,2400000.0
1983-08-22,,,0.39981318311478,,,,2400000.0
1983-09-12,,,0.39981318311478,,,,2400000.0
1983-09-27,,,0.3900616420632,,,,2400000.0
1983-09-28,,,0.37055855996004,,,,2400000.0
1983-09-30,,,0.37055855996004,,,,2400000.0
1983-10-13,,,0.37055855996004,,,,2400000.0
1983-10-26,,,0.37055855996004,,,,2400000.0
1983-11-15,,,0.38031010101162,,,,2400000.0
1983-11-28,,,0.39981318311478,,,,2400000.0
1983-12-05,,,0.4193162652179399,,,,2400000.0
1983-12-06,,,0.42906780626952,,,,2400000.0
1983-12-14,,,0.4388193473211,,,,2400000.0
1983-12-29,,,0.44857088837268,,,,2400000.0
1984-01-03,,,0.44857088837268,,,,2400000.0
1984-01-09,,,0.46807397047584,,,,2400000.0
1984-02-22,,,0.4973285936305801,,,,2400000.0
1984-03-01,,,0.50708013468216,,,,2400000.0
1984-03-05,,,0.51683167573374,,,,2400000.0
1984-03-06,,,0.50708013468216,,,,2400000.0
1984-03-08,,,0.50708013468216,,,,2400000.0
1984-03-12,,,0.487577052579,,,,2400000.0
1984-03-13,,,0.487577052579,,,,2400000.0
1984-03-14,,,0.51683167573374,,,,2400000.0
1984-03-15,,,0.4973285936305801,,,,2400000.0
1984-03-19,,,0.487577052579,,,,2400000.0
1984-03-20,,,0.4973285936305801,,,,2400000.0
1984-03-23,,,0.4973285936305801,,,,2400000.0
1984-03-30,,,0.487577052579,,,,2400000.0
1984-04-02,,,0.487577052579,,,,2400000.0
1984-04-05,,,0.47782551152742,,,,2400000.0
1984-04-26,,,0.46807397047584,,,,2400000.0
1984-05-01,,,0.46807397047584,,,,2400000.0
1984-05-14,,,0.46807397047584,,,,2400000.0
1984-05-24,,,0.45832242942426,,,,2400000.0
1984-05-25,,,0.44857088837268,,,,2400000.0
1984-05-29,,,0.42906780626952,,,,2400000.0
1984-05-30,,,0.44857088837268,,,,2400000.0
1984-06-04,,,0.46807397047584,,,,2400000.0
1984-06-13,,,0.47782551152742,,,,2400000.0
1984-06-15,,,0.46807397047584,,,,2400000.0
1984-06-19,,,0.47782551152742,,,,2400000.0
1984-06-29,,,0.47782551152742,,,,2400000.0
1984-07-11,,,0.46807397047584,,,,2400000.0
1984-07-16,,,0.46807397047584,,,,2400000.0
1984-08-03,,,0.46807397047584,,,,2400000.0
1984-08-13,,,0.46807397047584,,,,2400000.0
1984-08-31,,,0.46807397047584,,,,2400000.0
1984-09-10,,,0.47782551152742,,,,2400000.0
1984-09-14,,,0.487577052579,,,,2400000.0
1984-09-17,,,0.4973285936305801,,,,2400000.0
1984-10-01,,,0.487577052579,,,,2400000.0
1984-10-02,,,0.4973285936305801,,,,2400000.0
1984-10-12,,,0.50708013468216,,,,2400000.0
1984-10-16,,,0.51683167573374,,,,2400000.0
1984-10-18,,,0.4973285936305801,,,,2400000.0
1984-10-22,,,0.51683167573374,,,,2400000.0
1984-11-01,,,0.5265832167853199,,,,2400000.0
1984-11-02,,,0.51683167573374,,,,2400000.0
1984-12-03,,,0.50708013468216,,,,2400000.0
1984-12-04,,,0.51683167573374,,,,2400000.0
1984-12-07,,,0.50708013468216,,,,2400000.0
1984-12-10,,,0.51683167573374,,,,2400000.0
1984-12-11,,,0.50708013468216,,,,2400000.0
1984-12-19,,,0.51683167573374,,,,2400000.0
1984-12-20,,,0.50708013468216,,,,2400000.0
1985-01-04,,,0.487577052579,,,,2400000.0
1985-01-10,,,0.4973285936305801,,,,2400000.0
1985-01-11,,,0.487577052579,,,,2400000.0
1985-01-28,,,0.47782551152742,,,,2400000.0
1985-02-01,,,0.46807397047584,,,,2400000.0
1985-02-05,,,0.47782551152742,,,,2400000.0
1985-02-08,,,0.487577052579,,,,2400000.0
1985-02-12,,,0.47782551152742,,,,2400000.0
1985-03-05,,,0.487577052579,,,,2400000.0
1985-03-11,,,0.46807397047584,,,,2400000.0
1985-03-14,,,0.45832242942426,,,,2400000.0
1985-03-27,,,0.44857088837268,,,,2400000.0
1985-04-10,,,0.4388193473211,,,,2400000.0
1985-05-01,,,0.4388193473211,,,,2400000.0
1985-05-07,,,0.44857088837268,,,,2400000.0
1985-06-06,,,0.46807397047584,,,,2400000.0
1985-07-09,,,0.46807397047584,,,,2400000.0
1985-07-23,,,0.47782551152742,,,,2400000.0
1985-07-25,,,0.46807397047584,,,,2400000.0
1985-07-29,,,0.47782551152742,,,,2400000.0
1985-07-30,,,0.46807397047584,,,,2400000.0
1985-07-31,,,0.47782551152742,,,,2400000.0
1985-08-05,,,0.47782551152742,,,,2400000.0
1985-08-12,,,0.46807397047584,,,,2400000.0
1985-08-16,,,0.47782551152742,,,,2400000.0
1985-09-10,,,0.47782551152742,,,,2400000.0
1985-10-10,,,0.4973285936305801,,,,2400000.0
1985-10-17,,,0.50708013468216,,,,2400000.0
1985-11-21,,,0.4973285936305801,,,,2400000.0
1985-11-25,,,0.5265832167853199,,,,2400000.0
1985-11-28,,,0.5363347578369,,,,2400000.0
1985-11-29,,,0.54608629888848,,,,2400000.0
1985-12-12,,,0.5265832167853199,,,,2400000.0
1985-12-23,,,0.5265832167853199,,,,2400000.0
1986-02-17,,,51.683167573374,,,,2400000.0
1986-03-04,,,51.683167573374,,,,2400000.0
1986-03-05,,,51.683167573374,,,,2400000.0
1986-03-10,,,48.7577052579,,,,2400000.0
1986-03-13,,,48.7577052579,,,,2400000.0
1986-03-19,,,49.732859363058,,,,2400000.0
1986-03-27,,,50.708013468216,,,,2400000.0
1986-04-02,,,50.708013468216,,,,2400000.0
1986-04-03,,,52.658321678532,,,,2400000.0
1986-04-30,,,53.63347578369,,,,2400000.0
1986-05-15,,,54.608629888848,,,,2400000.0
1986-05-16,,,58.509246309480005,,,,2400000.0
1986-05-28,,,54.608629888848,,,,2400000.0
1986-07-15,,,55.583783994006005,,,,2400000.0
1986-07-18,,,54.608629888848,,,,2400000.0
1986-07-29,,,53.63347578369,,,,2400000.0
1986-07-30,,,53.63347578369,,,,2400000.0
1986-07-31,,,54.608629888848,,,,2400000.0
1986-08-07,,,53.63347578369,,,,2400000.0
1986-08-11,,,53.63347578369,,,,2400000.0
1986-08-22,,,57.534092204322,,,,2400000.0
1986-09-05,,,60.459554519796,,,,2400000.0
1986-09-11,,,59.484400414638,,,,2400000.0
1986-09-15,,,59.484400414638,,,,2400000.0
1986-09-29,,,61.434708624954,,,,2400000.0
1986-09-30,,,62.409862730112,,,,2400000.0
1986-10-27,,,61.434708624954,,,,2400000.0
1986-11-06,,,59.484400414638,,,,2400000.0
1986-11-07,,,61.434708624954,,,,2400000.0
1986-11-27,,,61.922285677533,,,,2400000.0
1986-12-01,,,61.434708624954,,,,2400000.0
1986-12-02,,,61.922285677533,,,,2400000.0
1986-12-03,,,61.434708624954,,,,2400000.0
1986-12-04,,,61.922285677533,,,,2400000.0
1986-12-16,,,60.947131572375,,,,2400000.0
1987-01-08,,,61.434708624954,,,,2400000.0
1987-01-21,,,62.409862730112,,,,2400000.0
1987-01-22,,,61.434708624954,,,,2400000.0
1987-02-02,,,62.409862730112,,,,2400000.0
1987-02-04,,,62.897439782691,,,,2400000.0
1987-02-06,,,62.409862730112,,,,2400000.0
1987-02-09,,,62.897439782691,,,,2400000.0
1987-02-17,,,63.38501683527,,,,2400000.0
1987-02-19,,,63.872593887849,,,,2400000.0
1987-02-20,,,64.360170940428,,,,2400000.0
1987-02-23,,,64.847747993007,,,,2400000.0
1987-02-24,,,65.335325045586,,,,2400000.0
1987-02-25,,,65.822902098165,,,,2400000.0
1987-03-02,,,67.285633255902,,,,2400000.0
1987-03-04,,,67.285633255902,,,,2400000.0
1987-03-09,,,64.360170940428,,,,2400000.0
1987-03-10,,,65.335325045586,,,,2400000.0
1987-03-13,,,66.310479150744,,,,2400000.0
1987-03-17,,,68.26078736106,,,,2400000.0
1987-03-31,,,67.285633255902,,,,2400000.0
1987-04-01,,,67.285633255902,,,,2400000.0
1987-04-03,,,66.310479150744,,,,2400000.0
1987-04-08,,,65.335325045586,,,,2400000.0
1987-05-06,,,66.310479150744,,,,2400000.0
1987-05-15,,,67.285633255902,,,,2400000.0
1987-05-18,,,66.310479150744,,,,2400000.0
1987-05-21,,,67.285633255902,,,,2400000.0
1987-05-26,,,66.310479150744,,,,2400000.0
1987-06-12,,,67.285633255902,,,,2400000.0
1987-06-17,,,68.26078736106,,,,2400000.0
1987-06-22,,,67.285633255902,,,,2400000.0
1987-06-23,,,68.26078736106,,,,2400000.0
1987-07-02,,,69.235941466218,,,,2400000.0
1987-07-03,,,70.211095571376,,,,2400000.0
1987-07-14,,,71.186249676534,,,,2400000.0
1987-07-28,,,73.13655788685,,,,2400000.0
1987-07-29,,,80.937790728114,,,,2400000.0
1987-08-06,,,79.962636622956,,,,2400000.0
1987-08-10,,,78.987482517798,,,,2400000.0
1987-08-11,,,79.962636622956,,,,2400000.0
1987-08-12,,,80.937790728114,,,,2400000.0
1987-08-28,,,79.962636622956,,,,2400000.0
1987-09-01,,,81.91294483327201,,,,2400000.0
1987-09-02,,,80.937790728114,,,,2400000.0
1987-09-03,,,81.91294483327201,,,,2400000.0
1987-09-04,,,80.937790728114,,,,2400000.0
1987-09-07,,,81.91294483327201,,,,2400000.0
1987-09-08,,,82.88809893843,,,,2400000.0
1987-09-09,,,81.91294483327201,,,,2400000.0
1987-09-10,,,82.88809893843,,,,2400000.0
1987-09-14,,,82.88809893843,,,,2400000.0
1987-09-28,,,83.863253043588,,,,2400000.0
1987-10-05,,,84.838407148746,,,,2400000.0
1987-10-06,,,85.813561253904,,,,2400000.0
1987-10-07,,,86.788715359062,,,,2400000.0
1987-10-08,,,84.838407148746,,,,2400000.0
1987-10-09,,,86.788715359062,,,,2400000.0
1987-10-19,,,84.838407148746,,,,2400000.0
1987-10-20,,,81.91294483327201,,,,2400000.0
1987-10-21,,,82.88809893843,,,,2400000.0
1987-10-23,,,83.863253043588,,,,2400000.0
1987-10-26,,,81.91294483327201,,,,2400000.0
1987-10-29,,,79.962636622956,,,,2400000.0
1987-10-30,,,80.937790728114,,,,2400000.0
1987-11-02,,,78.987482517798,,,,2400000.0
1987-11-03,,,80.937790728114,,,,2400000.0
1987-11-04,,,76.06202020232399,,,,2400000.0
1987-11-05,,,75.08686609716601,,,,2400000.0
1987-11-06,,,74.11171199200801,,,,2400000.0
1987-11-09,,,73.13655788685,,,,2400000.0
1987-11-10,,,74.11171199200801,,,,2400000.0
1987-11-12,,,73.13655788685,,,,2400000.0
1987-11-18,,,74.11171199200801,,,,2400000.0
1987-11-19,,,73.13655788685,,,,2400000.0
1987-11-20,,,72.161403781692,,,,2400000.0
1987-11-24,,,71.186249676534,,,,2400000.0
1987-11-25,,,72.161403781692,,,,2400000.0
1987-11-26,,,71.186249676534,,,,2400000.0
1987-12-29,,,70.211095571376,,,,2400000.0
1988-01-25,,,71.186249676534,,,,2400000.0
1988-01-26,,,72.161403781692,,,,2400000.0
1988-02-01,,,71.186249676534,,,,2400000.0
1988-02-02,,,72.161403781692,,,,2400000.0
1988-02-04,,,73.13655788685,,,,2400000.0
1988-02-09,,,74.11171199200801,,,,2400000.0
1988-02-26,,,75.08686609716601,,,,2400000.0
1988-03-01,,,76.06202020232399,,,,2400000.0
1988-03-07,,,74.11171199200801,,,,2400000.0
1988-03-16,,,75.08686609716601,,,,2400000.0
1988-04-05,,,75.08686609716601,,,,2400000.0
1988-04-13,,,74.11171199200801,,,,2400000.0
1988-04-14,,,75.08686609716601,,,,2400000.0
1988-04-18,,,73.13655788685,,,,2400000.0
1988-04-19,,,75.08686609716601,,,,2400000.0
1988-04-22,,,73.13655788685,,,,2400000.0
1988-04-27,,,76.06202020232399,,,,2400000.0
1988-04-28,,,77.03717430748199,,,,2400000.0
1988-05-04,,,78.01232841264,,,,2400000.0
1988-05-05,,,78.987482517798,,,,2400000.0
1988-06-03,,,78.01232841264,,,,2400000.0
1988-06-06,,,78.987482517798,,,,2400000.0
1988-06-08,,,79.962636622956,,,,2400000.0
1988-06-09,,,78.987482517798,,,,2400000.0
1988-06-10,,,79.962636622956,,,,2400000.0
1988-06-14,,,80.937790728114,,,,2400000.0
1988-06-15,,,82.88809893843,,,,2400000.0
1988-06-21,,,83.863253043588,,,,2400000.0
1988-07-28,,,82.88809893843,,,,2400000.0
1988-07-29,,,81.91294483327201,,,,2400000.0
1988-08-01,,,82.88809893843,,,,2400000.0
1988-08-02,,,81.91294483327201,,,,2400000.0
1988-08-03,,,82.88809893843,,,,2400000.0
1988-08-04,,,81.91294483327201,,,,2400000.0
1988-08-05,,,82.88809893843,,,,2400000.0
1988-08-08,,,81.91294483327201,,,,2400000.0
1988-08-09,,,82.88809893843,,,,2400000.0
1988-08-15,,,81.91294483327201,,,,2400000.0
1988-08-16,,,80.937790728114,,,,2400000.0
1988-08-19,,,81.91294483327201,,,,2400000.0
1988-08-23,,,82.88809893843,,,,2400000.0
1988-08-24,,,81.91294483327201,,,,2400000.0
1988-08-25,,,82.88809893843,,,,2400000.0
1988-09-26,,,82.88809893843,,,,2400000.0
1988-10-12,,,83.863253043588,,,,2400000.0
1988-10-13,,,82.88809893843,,,,2400000.0
1988-10-14,,,83.863253043588,,,,2400000.0
1988-10-20,,,85.325984201325,,,,2400000.0
1988-10-21,,,84.838407148746,,,,2400000.0
1988-10-24,,,85.325984201325,,,,2400000.0
1988-10-28,,,84.838407148746,,,,2400000.0
1988-10-31,,,85.325984201325,,,,2400000.0
1988-11-02,,,84.838407148746,,,,2400000.0
1988-11-09,,,85.325984201325,,,,2400000.0
1988-11-14,,,84.838407148746,,,,2400000.0
1988-11-24,,,85.325984201325,,,,2400000.0
1988-11-25,,,84.838407148746,,,,2400000.0
1988-12-07,,,86.788715359062,,,,2400000.0
1988-12-08,,,85.813561253904,,,,2400000.0
1988-12-14,,,86.788715359062,,,,2400000.0
1988-12-16,,,85.813561253904,,,,2400000.0
1988-12-21,,,86.788715359062,,,,2400000.0
1988-12-22,,,85.813561253904,,,,2400000.0
1988-12-28,,,86.788715359062,,,,2400000.0
1988-12-29,,,85.813561253904,,,,2400000.0
1988-12-30,,,86.788715359062,,,,2400000.0
1989-01-05,,,85.813561253904,,,,2400000.0
1989-01-12,,,86.788715359062,,,,2400000.0
1989-01-13,,,87.76386946422,,,,2400000.0
1989-01-18,,,89.714177674536,,,,2400000.0
1989-01-20,,,90.689331779694,,,,2400000.0
1989-01-24,,,91.664485884852,,,,2400000.0
1989-01-25,,,92.63963999001,,,,2400000.0
1989-01-30,,,93.614794095168,,,,2400000.0
1989-02-06,,,94.589948200326,,,,2400000.0
1989-02-09,,,95.565102305484,,,,2400000.0
1989-02-10,,,96.540256410642,,,,2400000.0
1989-02-16,,,97.5154105158,,,,2400000.0
1989-02-20,,,98.490564620958,,,,2400000.0
1989-03-02,,,102.39118104159,,,,2400000.0
1989-03-07,,,108.242105672538,,,,2400000.0
1989-03-13,,,105.316643357064,,,,2400000.0
1989-03-31,,,106.291797462222,,,,2400000.0
1989-04-03,,,107.26695156738,,,,2400000.0
1989-04-12,,,108.242105672538,,,,2400000.0
1989-05-03,,,110.192413882854,,,,2400000.0
1989-05-05,,,111.167567988012,,,,2400000.0
1989-05-17,,,112.14272209317,,,,2400000.0
1989-06-19,,,113.117876198328,,,,2400000.0
1989-06-29,,,114.093030303486,,,,2400000.0
1989-07-12,,,115.068184408644,,,,2400000.0
1989-07-13,,,114.093030303486,,,,2400000.0
1989-07-14,,,115.068184408644,,,,2400000.0
1989-07-20,,,116.043338513802,,,,2400000.0
1989-07-21,,,117.01849261896,,,,2400000.0
1989-07-24,,,118.968800829276,,,,2400000.0
1989-07-25,,,118.968800829276,,,,2400000.0
1989-07-26,,,119.943954934434,,,,2400000.0
1989-07-31,,,118.968800829276,,,,2400000.0
1989-08-31,,,119.943954934434,,,,2400000.0
1989-09-01,,,118.968800829276,,,,2400000.0
1989-09-05,,,119.943954934434,,,,2400000.0
1989-09-19,,,120.919109039592,,,,2400000.0
1989-09-20,,,121.89426314475,,,,2400000.0
1989-10-02,,,121.89426314475,,,,2400000.0
1989-10-13,,,122.869417249908,,,,2400000.0
1989-10-16,,,119.943954934434,,,,2400000.0
1989-10-27,,,117.993646724118,,,,2400000.0
1989-11-23,,,119.943954934434,,,,2400000.0
1989-12-12,,,117.993646724118,,,,2400000.0
1989-12-13,,,119.943954934434,,,,2400000.0
1989-12-20,,,117.993646724118,,,,2400000.0
1989-12-21,,,119.943954934434,,,,2400000.0
1990-01-08,,,117.993646724118,,,,2400000.0
1990-01-09,,,119.943954934434,,,,2400000.0
1990-01-11,,,117.993646724118,,,,2400000.0
1990-01-12,,,119.943954934434,,,,2400000.0
1990-01-16,,,117.993646724118,,,,2400000.0
1990-01-17,,,119.943954934434,,,,2400000.0
1990-02-01,,,117.993646724118,,,,2400000.0
1990-02-02,,,119.943954934434,,,,2400000.0
1990-02-09,,,117.993646724118,,,,2400000.0
1990-02-14,,,115.068184408644,,,,2400000.0
1990-02-22,,,115.068184408644,,,,2400000.0
1990-02-26,,,110.192413882854,,,,2400000.0
1990-03-02,,,108.242105672538,,,,2400000.0
1990-03-12,,,106.291797462222,,,,2400000.0
1990-03-26,,,105.316643357064,,,,2400000.0
1990-04-02,,,105.316643357064,,,,2400000.0
1990-05-01,,,103.366335146748,,,,2400000.0
1990-05-23,,,102.39118104159,,,,2400000.0
1990-06-15,,,100.440872831274,,,,2400000.0
1990-06-29,100.440872831274,100.440872831274,100.440872831274,100.440872831274,,,2400000.0
1990-07-02,100.440872831274,98.490564620958,100.440872831274,100.440872831274,,,2400000.0
1990-07-03,100.440872831274,98.490564620958,98.490564620958,98.490564620958,,,2400000.0
1990-07-04,100.440872831274,98.490564620958,98.490564620958,98.490564620958,,,2400000.0
1990-07-05,100.440872831274,98.490564620958,100.440872831274,98.490564620958,,,2400000.0
1990-07-06,100.440872831274,98.490564620958,100.440872831274,98.490564620958,,,2400000.0
1990-07-09,100.440872831274,98.490564620958,100.440872831274,98.490564620958,,,2400000.0
1990-07-10,100.440872831274,98.490564620958,100.440872831274,98.490564620958,,,2400000.0
1990-07-11,100.440872831274,98.490564620958,100.440872831274,98.490564620958,,,2400000.0
1990-07-12,98.490564620958,98.490564620958,98.490564620958,98.490564620958,,,2400000.0
1990-07-13,100.440872831274,98.490564620958,100.440872831274,98.490564620958,,,2400000.0
1990-07-16,100.440872831274,98.490564620958,100.440872831274,98.490564620958,,,2400000.0
1990-07-17,100.440872831274,98.490564620958,98.490564620958,98.490564620958,,,2400000.0
1990-07-18,100.440872831274,98.490564620958,100.440872831274,98.490564620958,,,2400000.0
1990-07-19,100.440872831274,98.490564620958,100.440872831274,98.490564620958,,,2400000.0
1990-07-20,100.440872831274,98.490564620958,98.490564620958,98.490564620958,,,2400000.0
1990-07-23,100.440872831274,98.490564620958,98.490564620958,98.490564620958,,,2400000.0
1990-07-24,100.440872831274,98.490564620958,98.490564620958,98.490564620958,,,2400000.0
1990-07-25,100.440872831274,98.490564620958,100.440872831274,98.490564620958,,,2400000.0
1990-07-26,100.440872831274,98.490564620958,98.490564620958,98.490564620958,,,2400000.0
1990-07-27,100.440872831274,98.490564620958,100.440872831274,98.490564620958,,,2400000.0
1990-07-30,100.440872831274,98.490564620958,100.440872831274,98.490564620958,,,2400000.0
1990-07-31,100.440872831274,98.490564620958,98.490564620958,98.490564620958,,,2400000.0
1990-08-01,100.440872831274,98.490564620958,98.490564620958,98.490564620958,,,2400000.0
1990-08-02,100.440872831274,98.490564620958,100.440872831274,100.440872831274,,,2400000.0
1990-08-03,100.440872831274,98.490564620958,100.440872831274,98.490564620958,,,2400000.0
1990-08-06,100.440872831274,98.490564620958,100.440872831274,98.490564620958,,,2400000.0
1990-08-07,100.440872831274,98.490564620958,100.440872831274,98.490564620958,,,2400000.0
1990-08-08,100.440872831274,98.490564620958,100.440872831274,98.490564620958,,,2400000.0
1990-08-09,100.440872831274,98.490564620958,100.440872831274,98.490564620958,,,2400000.0
1990-08-10,100.440872831274,98.490564620958,100.440872831274,98.490564620958,,,2400000.0
1990-08-13,100.440872831274,98.490564620958,100.440872831274,98.490564620958,,,2400000.0
1990-08-14,100.440872831274,98.490564620958,100.440872831274,98.490564620958,,,2400000.0
1990-08-15,100.440872831274,98.490564620958,100.440872831274,98.490564620958,,,2400000.0
1990-08-16,100.440872831274,98.490564620958,100.440872831274,98.490564620958,,,2400000.0
1990-08-17,100.440872831274,98.490564620958,98.490564620958,98.490564620958,,,2400000.0
1990-08-20,98.490564620958,95.565102305484,97.5154105158,95.565102305484,,,2400000.0
1990-08-21,97.5154105158,97.5154105158,97.5154105158,97.5154105158,,,2400000.0
1990-08-22,97.5154105158,97.5154105158,97.5154105158,97.5154105158,,,2400000.0
1990-08-23,97.5154105158,97.5154105158,97.5154105158,97.5154105158,,,2400000.0
1990-08-24,97.5154105158,97.5154105158,97.5154105158,97.5154105158,,,2400000.0
1990-08-28,97.5154105158,97.5154105158,97.5154105158,97.5154105158,,,2400000.0
1990-08-29,97.5154105158,97.5154105158,97.5154105158,97.5154105158,,,2400000.0
1990-08-30,97.5154105158,97.5154105158,97.5154105158,97.5154105158,,,2400000.0
1990-08-31,97.5154105158,97.5154105158,97.5154105158,97.5154105158,,,2400000.0
1990-09-03,97.5154105158,97.5154105158,97.5154105158,97.5154105158,,,2400000.0
1990-09-04,97.5154105158,97.5154105158,97.5154105158,97.5154105158,,,2400000.0
1990-09-05,97.5154105158,97.5154105158,97.5154105158,97.5154105158,,,2400000.0
1990-09-06,97.5154105158,97.5154105158,97.5154105158,97.5154105158,,,2400000.0
1990-09-07,97.5154105158,97.5154105158,97.5154105158,97.5154105158,,,2400000.0
1990-09-10,97.5154105158,97.5154105158,97.5154105158,97.5154105158,,,2400000.0
1990-09-11,97.5154105158,97.5154105158,97.5154105158,97.5154105158,,,2400000.0
1990-09-12,97.5154105158,97.5154105158,97.5154105158,97.5154105158,,,2400000.0
1990-09-13,97.5154105158,97.5154105158,97.5154105158,97.5154105158,,,2400000.0
1990-09-14,97.5154105158,97.5154105158,97.5154105158,97.5154105158,,,2400000.0
1990-09-17,97.5154105158,97.5154105158,97.5154105158,97.5154105158,,,2400000.0
1990-09-18,97.5154105158,97.5154105158,97.5154105158,97.5154105158,,,2400000.0
1990-09-19,97.5154105158,97.5154105158,97.5154105158,97.5154105158,,,2400000.0
1990-09-20,97.5154105158,95.565102305484,95.565102305484,97.5154105158,,,2400000.0
1990-09-21,95.565102305484,95.565102305484,95.565102305484,95.565102305484,,,2400000.0
1990-09-24,95.565102305484,94.589948200326,94.589948200326,95.565102305484,,,2400000.0
1990-09-25,95.565102305484,94.589948200326,95.565102305484,94.589948200326,,,2400000.0
1990-09-26,95.565102305484,94.589948200326,95.565102305484,94.589948200326,,,2400000.0
1990-09-27,95.565102305484,94.589948200326,95.565102305484,94.589948200326,,,2400000.0
1990-09-28,95.565102305484,94.589948200326,95.565102305484,94.589948200326,,,2400000.0
1990-10-01,95.565102305484,94.589948200326,95.565102305484,95.565102305484,,,2400000.0
1990-10-02,95.565102305484,94.589948200326,95.565102305484,94.589948200326,,,2400000.0
1990-10-03,95.565102305484,94.589948200326,95.565102305484,94.589948200326,,,2400000.0
1990-10-04,95.565102305484,95.565102305484,95.565102305484,95.565102305484,,,2400000.0
1990-10-05,95.565102305484,94.589948200326,94.589948200326,95.565102305484,,,2400000.0
1990-10-08,97.5154105158,96.540256410642,96.540256410642,97.5154105158,,,2400000.0
1990-10-09,97.5154105158,96.540256410642,96.540256410642,97.5154105158,,,2400000.0
1990-10-10,97.5154105158,96.540256410642,97.5154105158,97.5154105158,,,2400000.0
1990-10-11,97.5154105158,96.540256410642,96.540256410642,97.5154105158,,,2400000.0
1990-10-12,97.5154105158,96.540256410642,97.5154105158,97.5154105158,,,2400000.0
1990-10-15,97.5154105158,96.540256410642,96.540256410642,97.5154105158,,,2400000.0
1990-10-16,97.5154105158,96.540256410642,97.5154105158,97.5154105158,,,2400000.0
1990-10-17,97.5154105158,96.540256410642,97.5154105158,96.540256410642,,,2400000.0
1990-10-18,97.5154105158,96.540256410642,97.5154105158,96.540256410642,,,2400000.0
1990-10-19,97.5154105158,96.540256410642,97.5154105158,96.540256410642,,,2400000.0
1990-10-22,97.5154105158,96.540256410642,97.5154105158,96.540256410642,,,2400000.0
1990-10-23,97.5154105158,96.540256410642,96.540256410642,97.5154105158,,,2400000.0
1990-10-24,97.5154105158,96.540256410642,97.5154105158,96.540256410642,,,2400000.0
1990-10-25,97.5154105158,96.540256410642,97.5154105158,96.540256410642,,,2400000.0
1990-10-26,97.5154105158,96.540256410642,97.5154105158,96.540256410642,,,2400000.0
1990-10-29,97.5154105158,96.540256410642,97.5154105158,96.540256410642,,,2400000.0
1990-10-30,97.5154105158,95.565102305484,95.565102305484,96.540256410642,,,2400000.0
1990-10-31,97.5154105158,95.565102305484,97.5154105158,96.540256410642,,,2400000.0
1990-11-01,97.5154105158,95.565102305484,97.5154105158,95.565102305484,,,2400000.0
1990-11-02,97.5154105158,95.565102305484,97.5154105158,95.565102305484,,,2400000.0
1990-11-05,97.5154105158,95.565102305484,95.565102305484,97.5154105158,,,2400000.0
1990-11-06,97.5154105158,95.565102305484,95.565102305484,95.565102305484,,,2400000.0
1990-11-07,97.5154105158,95.565102305484,95.565102305484,95.565102305484,,,2400000.0
1990-11-08,97.5154105158,95.565102305484,95.565102305484,95.565102305484,,,2400000.0
1990-11-09,97.5154105158,95.565102305484,97.5154105158,95.565102305484,,,2400000.0
1990-11-12,97.5154105158,95.565102305484,95.565102305484,97.5154105158,,,2400000.0
1990-11-13,97.5154105158,95.565102305484,95.565102305484,95.565102305484,,,2400000.0
1990-11-14,97.5154105158,95.565102305484,97.5154105158,95.565102305484,,,2400000.0
1990-11-15,97.5154105158,95.565102305484,95.565102305484,95.565102305484,,,2400000.0
1990-11-16,97.5154105158,95.565102305484,95.565102305484,97.5154105158,,,2400000.0
1990-11-19,97.5154105158,95.565102305484,95.565102305484,97.5154105158,,,2400000.0
1990-11-20,97.5154105158,95.565102305484,95.565102305484,95.565102305484,,,2400000.0
1990-11-21,97.5154105158,95.565102305484,95.565102305484,95.565102305484,,,2400000.0
1990-11-22,97.5154105158,95.565102305484,95.565102305484,95.565102305484,,,2400000.0
1990-11-23,95.565102305484,95.565102305484,95.565102305484,95.565102305484,,,2400000.0
1990-11-26,95.565102305484,95.565102305484,95.565102305484,95.565102305484,,,2400000.0
1990-11-27,95.565102305484,95.565102305484,95.565102305484,95.565102305484,,,2400000.0
1990-11-28,95.565102305484,95.565102305484,95.565102305484,95.565102305484,,,2400000.0
1990-11-29,95.565102305484,95.565102305484,95.565102305484,95.565102305484,,,2400000.0
1990-11-30,95.565102305484,95.565102305484,95.565102305484,95.565102305484,,,2400000.0
1990-12-03,95.565102305484,95.565102305484,95.565102305484,95.565102305484,,,2400000.0
1990-12-04,95.565102305484,95.565102305484,95.565102305484,95.565102305484,,,2400000.0
1990-12-05,95.565102305484,95.565102305484,95.565102305484,95.565102305484,,,2400000.0
1990-12-06,95.565102305484,95.565102305484,95.565102305484,95.565102305484,,,2400000.0
1990-12-07,95.565102305484,95.565102305484,95.565102305484,95.565102305484,,,2400000.0
1990-12-10,95.565102305484,88.739023569378,95.565102305484,95.565102305484,,,2400000.0
1990-12-11,95.565102305484,95.565102305484,95.565102305484,95.565102305484,,,2400000.0
1990-12-12,95.565102305484,95.565102305484,95.565102305484,95.565102305484,,,2400000.0
1990-12-13,95.565102305484,95.565102305484,95.565102305484,95.565102305484,,,2400000.0
1990-12-14,95.565102305484,95.565102305484,95.565102305484,95.565102305484,,,2400000.0
1990-12-17,95.565102305484,95.565102305484,95.565102305484,95.565102305484,,,2400000.0
1990-12-18,95.565102305484,95.565102305484,95.565102305484,95.565102305484,,,2400000.0
1990-12-19,95.565102305484,95.565102305484,95.565102305484,95.565102305484,,,2400000.0
1990-12-20,95.565102305484,95.565102305484,95.565102305484,95.565102305484,,,2400000.0
1990-12-21,95.565102305484,95.565102305484,95.565102305484,95.565102305484,,,2400000.0
1990-12-24,95.565102305484,95.565102305484,95.565102305484,95.565102305484,,,2400000.0
1990-12-27,95.565102305484,95.565102305484,95.565102305484,95.565102305484,,,2400000.0
1990-12-28,95.565102305484,95.565102305484,95.565102305484,95.565102305484,,,2400000.0
1990-12-31,95.565102305484,95.565102305484,95.565102305484,95.565102305484,,,2400000.0
1991-01-02,95.565102305484,95.565102305484,95.565102305484,95.565102305484,,,2400000.0
1991-01-03,95.565102305484,95.565102305484,95.565102305484,95.565102305484,,,2400000.0
1991-01-04,95.565102305484,95.565102305484,95.565102305484,95.565102305484,,,2400000.0
1991-01-07,95.565102305484,95.565102305484,95.565102305484,95.565102305484,,,2400000.0
1991-01-08,95.565102305484,95.565102305484,95.565102305484,95.565102305484,,,2400000.0
1991-01-09,95.565102305484,95.565102305484,95.565102305484,95.565102305484,,,2400000.0
1991-01-10,95.565102305484,95.565102305484,95.565102305484,95.565102305484,,,2400000.0
1991-01-11,95.565102305484,95.565102305484,95.565102305484,95.565102305484,,,2400000.0
1991-01-14,95.565102305484,95.565102305484,95.565102305484,95.565102305484,,,2400000.0
1991-01-15,95.565102305484,95.565102305484,95.565102305484,95.565102305484,,,2400000.0
1991-01-16,95.565102305484,95.565102305484,95.565102305484,95.565102305484,,,2400000.0
1991-01-17,95.565102305484,95.565102305484,95.565102305484,95.565102305484,,,2400000.0
1991-01-18,95.565102305484,95.565102305484,95.565102305484,95.565102305484,,,2400000.0
1991-01-21,95.565102305484,95.565102305484,95.565102305484,95.565102305484,,,2400000.0
1991-01-22,95.565102305484,95.565102305484,95.565102305484,95.565102305484,,,2400000.0
1991-01-23,95.565102305484,95.565102305484,95.565102305484,95.565102305484,,,2400000.0
1991-01-24,95.565102305484,95.565102305484,95.565102305484,95.565102305484,,,2400000.0
1991-01-25,95.565102305484,95.565102305484,95.565102305484,95.565102305484,,,2400000.0
1991-01-28,95.565102305484,95.565102305484,95.565102305484,95.565102305484,,,2400000.0
1991-01-29,95.565102305484,95.565102305484,95.565102305484,95.565102305484,,,2400000.0
1991-01-30,95.565102305484,95.565102305484,95.565102305484,95.565102305484,,,2400000.0
1991-01-31,95.565102305484,95.565102305484,95.565102305484,95.565102305484,,,2400000.0
1991-02-01,95.565102305484,95.565102305484,95.565102305484,95.565102305484,,,2400000.0
1991-02-04,95.565102305484,95.565102305484,95.565102305484,95.565102305484,,,2400000.0
1991-02-05,95.565102305484,94.589948200326,94.589948200326,95.565102305484,,,2400000.0
1991-02-06,95.565102305484,94.589948200326,94.589948200326,95.565102305484,,,2400000.0
1991-02-07,95.565102305484,94.589948200326,94.589948200326,95.565102305484,,,2400000.0
1991-02-08,95.565102305484,94.589948200326,95.565102305484,95.565102305484,,,2400000.0
1991-02-11,95.565102305484,95.565102305484,95.565102305484,95.565102305484,,,2400000.0
1991-02-12,95.565102305484,95.565102305484,95.565102305484,95.565102305484,,,2400000.0
1991-02-13,95.565102305484,95.565102305484,95.565102305484,95.565102305484,,,2400000.0
1991-02-14,95.565102305484,95.565102305484,95.565102305484,95.565102305484,,,2400000.0
1991-02-15,95.565102305484,95.565102305484,95.565102305484,95.565102305484,,,2400000.0
1991-02-18,95.565102305484,95.565102305484,95.565102305484,95.565102305484,,,2400000.0
1991-02-19,95.565102305484,95.565102305484,95.565102305484,95.565102305484,,,2400000.0
1991-02-20,95.565102305484,95.565102305484,95.565102305484,95.565102305484,,,2400000.0
1991-02-21,95.565102305484,95.565102305484,95.565102305484,95.565102305484,,,2400000.0
1991-02-22,96.540256410642,95.565102305484,96.540256410642,95.565102305484,,,2400000.0
1991-02-25,93.614794095168,90.689331779694,91.664485884852,90.689331779694,,,2400000.0
1991-02-26,93.614794095168,91.664485884852,91.664485884852,93.614794095168,,,2400000.0
1991-02-27,93.614794095168,91.664485884852,91.664485884852,93.614794095168,,,2400000.0
1991-02-28,93.614794095168,91.664485884852,92.63963999001,93.614794095168,,,2400000.0
1991-03-01,91.664485884852,90.689331779694,91.664485884852,90.689331779694,,,2400000.0
1991-03-04,93.614794095168,91.664485884852,91.664485884852,93.614794095168,,,2499000.0
1991-03-05,92.63963999001,91.664485884852,92.63963999001,92.63963999001,,,2499000.0
1991-03-06,96.540256410642,92.63963999001,96.540256410642,92.63963999001,,,2499000.0
1991-03-07,96.540256410642,95.565102305484,96.540256410642,95.565102305484,,,2499000.0
1991-03-08,98.490564620958,96.540256410642,98.490564620958,98.490564620958,,,2499000.0
1991-03-11,100.440872831274,100.440872831274,100.440872831274,100.440872831274,,,2499000.0
1991-03-12,100.440872831274,100.440872831274,100.440872831274,100.440872831274,,,2499000.0
1991-03-13,100.440872831274,100.440872831274,100.440872831274,100.440872831274,,,2499000.0
1991-03-14,100.440872831274,100.440872831274,100.440872831274,100.440872831274,,,2499000.0
1991-03-15,100.440872831274,100.440872831274,100.440872831274,100.440872831274,,,2499000.0
1991-03-18,100.440872831274,100.440872831274,100.440872831274,100.440872831274,,,2499000.0
1991-03-19,100.440872831274,99.465718726116,99.465718726116,100.440872831274,,,2499000.0
1991-03-20,100.440872831274,99.465718726116,99.465718726116,100.440872831274,,,2499000.0
1991-03-21,100.440872831274,99.465718726116,99.465718726116,100.440872831274,,,2499000.0
1991-03-22,100.440872831274,97.5154105158,97.5154105158,100.440872831274,,,2499000.0
1991-03-25,97.5154105158,97.5154105158,97.5154105158,97.5154105158,,,2499000.0
1991-03-26,98.490564620958,97.5154105158,97.5154105158,98.490564620958,,,2499000.0
1991-03-27,98.490564620958,97.5154105158,97.5154105158,98.490564620958,,,2499000.0
1991-03-28,98.490564620958,97.5154105158,97.5154105158,98.490564620958,,,2499000.0
1991-04-02,98.490564620958,97.5154105158,97.5154105158,98.490564620958,,,2499000.0
1991-04-03,98.490564620958,97.5154105158,97.5154105158,98.490564620958,,,2499000.0
1991-04-04,97.5154105158,97.5154105158,97.5154105158,97.5154105158,,,2499000.0
1991-04-05,98.490564620958,97.5154105158,97.5154105158,98.490564620958,,,2499000.0
1991-04-08,98.490564620958,97.5154105158,97.5154105158,98.490564620958,,,2499000.0
1991-04-09,98.490564620958,98.490564620958,98.490564620958,98.490564620958,,,2499000.0
1991-04-10,98.490564620958,97.5154105158,97.5154105158,98.490564620958,,,2499000.0
1991-04-11,98.490564620958,97.5154105158,97.5154105158,98.490564620958,,,2499000.0
1991-04-12,97.5154105158,97.5154105158,97.5154105158,97.5154105158,,,2499000.0
1991-04-15,98.490564620958,97.5154105158,97.5154105158,98.490564620958,,,2499000.0
1991-04-16,98.490564620958,97.5154105158,98.490564620958,98.490564620958,,,2499000.0
1991-04-17,100.440872831274,98.490564620958,99.465718726116,100.440872831274,,,2499000.0
1991-04-18,100.440872831274,99.465718726116,99.465718726116,100.440872831274,,,2499000.0
1991-04-19,99.465718726116,98.490564620958,99.465718726116,98.490564620958,,,2499000.0
1991-04-22,100.440872831274,99.465718726116,99.465718726116,100.440872831274,,,2499000.0
1991-04-23,100.440872831274,99.465718726116,99.465718726116,100.440872831274,,,2499000.0
1991-04-24,100.440872831274,99.465718726116,99.465718726116,100.440872831274,,,2499000.0
1991-04-25,100.440872831274,99.465718726116,99.465718726116,100.440872831274,,,2499000.0
1991-04-26,100.440872831274,99.465718726116,99.465718726116,100.440872831274,,,2499000.0
1991-04-29,100.440872831274,99.465718726116,99.465718726116,100.440872831274,,,2499000.0
1991-04-30,100.440872831274,99.465718726116,99.465718726116,100.440872831274,,,2499000.0
1991-05-01,100.440872831274,100.440872831274,100.440872831274,100.440872831274,,,2499000.0
1991-05-02,100.440872831274,100.440872831274,100.440872831274,100.440872831274,,,2499000.0
1991-05-03,100.440872831274,100.440872831274,100.440872831274,100.440872831274,,,2499000.0
1991-05-07,100.440872831274,100.440872831274,100.440872831274,100.440872831274,,,2499000.0
1991-05-08,100.440872831274,100.440872831274,100.440872831274,100.440872831274,,,2499000.0
1991-05-09,100.440872831274,100.440872831274,100.440872831274,100.440872831274,,,2499000.0
1991-05-10,101.416026936432,100.440872831274,101.416026936432,100.440872831274,,,2499000.0
1991-05-13,103.366335146748,102.39118104159,102.39118104159,103.366335146748,,,2499000.0
1991-05-14,103.366335146748,102.39118104159,102.39118104159,103.366335146748,,,2499000.0
1991-05-15,103.366335146748,102.39118104159,102.39118104159,103.366335146748,,,2499000.0
1991-05-16,102.39118104159,102.39118104159,102.39118104159,102.39118104159,,,2499000.0
1991-05-17,105.316643357064,103.366335146748,105.316643357064,103.366335146748,,,2499000.0
1991-05-20,105.316643357064,105.316643357064,105.316643357064,105.316643357064,,,2499000.0
1991-05-21,105.316643357064,105.316643357064,105.316643357064,105.316643357064,,,2499000.0
1991-05-22,105.316643357064,105.316643357064,105.316643357064,105.316643357064,,,2499000.0
1991-05-23,106.291797462222,105.316643357064,106.291797462222,105.316643357064,,,2499000.0
1991-05-24,106.291797462222,106.291797462222,106.291797462222,106.291797462222,,,2499000.0
1991-05-28,107.26695156738,106.291797462222,107.26695156738,107.26695156738,,,2499000.0
1991-05-29,107.26695156738,106.291797462222,107.26695156738,107.26695156738,,,2499000.0
1991-05-30,107.26695156738,107.26695156738,107.26695156738,107.26695156738,,,2499000.0
1991-05-31,107.26695156738,107.26695156738,107.26695156738,107.26695156738,,,2499000.0
1991-06-03,111.167567988012,107.26695156738,111.167567988012,107.26695156738,,,2499000.0
1991-06-04,112.14272209317,111.167567988012,111.167567988012,112.14272209317,,,2499000.0
1991-06-05,112.14272209317,111.167567988012,111.167567988012,112.14272209317,,,2499000.0
1991-06-06,112.14272209317,111.167567988012,111.167567988012,112.14272209317,,,2499000.0
1991-06-07,112.14272209317,111.167567988012,111.167567988012,112.14272209317,,,2499000.0
1991-06-10,111.167567988012,110.192413882854,111.167567988012,110.192413882854,,,2499000.0
1991-06-11,112.14272209317,111.167567988012,111.167567988012,112.14272209317,,,2499000.0
1991-06-12,112.14272209317,112.14272209317,112.14272209317,112.14272209317,,,2499000.0
1991-06-13,113.117876198328,112.14272209317,112.14272209317,113.117876198328,,,2499000.0
1991-06-14,113.117876198328,112.14272209317,112.14272209317,113.117876198328,,,2499000.0
1991-06-17,113.117876198328,112.14272209317,112.14272209317,113.117876198328,,,2499000.0
1991-06-18,113.117876198328,113.117876198328,113.117876198328,113.117876198328,,,2499000.0
1991-06-19,113.117876198328,112.14272209317,112.14272209317,113.117876198328,,,2499000.0
1991-06-20,113.117876198328,112.14272209317,112.14272209317,113.117876198328,,,2499000.0
1991-06-21,113.117876198328,112.14272209317,112.14272209317,113.117876198328,,,2499000.0
1991-06-24,113.117876198328,112.14272209317,112.14272209317,113.117876198328,,,2499000.0
1991-06-25,113.117876198328,113.117876198328,113.117876198328,113.117876198328,,,2499000.0
1991-06-26,113.117876198328,112.14272209317,112.14272209317,113.117876198328,,,2499000.0
1991-06-27,113.117876198328,112.14272209317,112.14272209317,113.117876198328,,,2499000.0
1991-06-28,113.117876198328,112.14272209317,113.117876198328,113.117876198328,,,2499000.0
1991-07-01,113.117876198328,112.14272209317,113.117876198328,113.117876198328,,,2499000.0
1991-07-02,113.117876198328,112.14272209317,113.117876198328,113.117876198328,,,2499000.0
1991-07-03,112.14272209317,112.14272209317,112.14272209317,112.14272209317,,,2499000.0
1991-07-04,113.117876198328,113.117876198328,113.117876198328,113.117876198328,,,2499000.0
1991-07-05,113.117876198328,112.14272209317,113.117876198328,113.117876198328,,,2499000.0
1991-07-08,113.117876198328,112.14272209317,113.117876198328,113.117876198328,,,2499000.0
1991-07-09,113.117876198328,112.14272209317,112.14272209317,113.117876198328,,,2499000.0
1991-07-10,113.117876198328,112.14272209317,113.117876198328,113.117876198328,,,2499000.0
1991-07-11,113.117876198328,112.14272209317,112.14272209317,113.117876198328,,,2499000.0
1991-07-12,113.117876198328,112.14272209317,112.14272209317,113.117876198328,,,2499000.0
1991-07-15,113.117876198328,112.14272209317,113.117876198328,113.117876198328,,,2499000.0
1991-07-16,113.117876198328,112.14272209317,112.14272209317,113.117876198328,,,2499000.0
1991-07-17,112.14272209317,112.14272209317,112.14272209317,112.14272209317,,,2499000.0
1991-07-18,112.14272209317,112.14272209317,112.14272209317,112.14272209317,,,2499000.0
1991-07-19,112.14272209317,111.167567988012,111.167567988012,112.14272209317,,,2499000.0
1991-07-22,111.167567988012,110.192413882854,111.167567988012,110.192413882854,,,2499000.0
1991-07-23,112.14272209317,111.167567988012,112.14272209317,112.14272209317,,,2499000.0
1991-07-24,112.14272209317,111.167567988012,111.167567988012,112.14272209317,,,2499000.0
1991-07-25,112.14272209317,111.167567988012,112.14272209317,112.14272209317,,,2499000.0
1991-07-26,112.14272209317,112.14272209317,112.14272209317,112.14272209317,,,2499000.0
1991-07-29,112.14272209317,110.192413882854,112.14272209317,110.192413882854,,,2499000.0
1991-07-30,112.14272209317,112.14272209317,112.14272209317,112.14272209317,,,2499000.0
1991-07-31,112.14272209317,112.14272209317,112.14272209317,112.14272209317,,,2499000.0
1991-08-01,112.14272209317,112.14272209317,112.14272209317,112.14272209317,,,2499000.0
1991-08-02,112.14272209317,112.14272209317,112.14272209317,112.14272209317,,,2499000.0
1991-08-05,112.14272209317,112.14272209317,112.14272209317,112.14272209317,,,2499000.0
1991-08-06,112.14272209317,112.14272209317,112.14272209317,112.14272209317,,,2499000.0
1991-08-07,112.14272209317,112.14272209317,112.14272209317,112.14272209317,,,2499000.0
1991-08-08,112.14272209317,112.14272209317,112.14272209317,112.14272209317,,,2499000.0
1991-08-09,112.14272209317,112.14272209317,112.14272209317,112.14272209317,,,2499000.0
1991-08-12,112.14272209317,111.167567988012,111.167567988012,112.14272209317,,,2499000.0
1991-08-13,112.14272209317,111.167567988012,111.167567988012,112.14272209317,,,2499000.0
1991-08-14,112.14272209317,112.14272209317,112.14272209317,112.14272209317,,,2499000.0
1991-08-15,112.14272209317,111.167567988012,111.167567988012,112.14272209317,,,2499000.0
1991-08-16,112.14272209317,111.167567988012,111.167567988012,112.14272209317,,,2499000.0
1991-08-19,112.14272209317,110.192413882854,110.192413882854,112.14272209317,,,2499000.0
1991-08-20,110.192413882854,110.192413882854,110.192413882854,110.192413882854,,,2499000.0
1991-08-21,111.167567988012,110.192413882854,110.192413882854,111.167567988012,,,2499000.0
1991-08-22,111.167567988012,110.192413882854,110.192413882854,111.167567988012,,,2499000.0
1991-08-23,110.192413882854,110.192413882854,110.192413882854,110.192413882854,,,2499000.0
1991-08-27,113.117876198328,110.192413882854,110.192413882854,113.117876198328,,,2499000.0
1991-08-28,110.192413882854,110.192413882854,110.192413882854,110.192413882854,,,2499000.0
1991-08-29,110.192413882854,110.192413882854,110.192413882854,110.192413882854,,,2499000.0
1991-08-30,110.192413882854,110.192413882854,110.192413882854,110.192413882854,,,2499000.0
1991-09-02,110.192413882854,110.192413882854,110.192413882854,110.192413882854,,,2499000.0
1991-09-03,110.192413882854,110.192413882854,110.192413882854,110.192413882854,,,2499000.0
1991-09-04,110.192413882854,110.192413882854,110.192413882854,110.192413882854,,,2499000.0
1991-09-05,110.192413882854,110.192413882854,110.192413882854,110.192413882854,,,2499000.0
1991-09-06,110.192413882854,110.192413882854,110.192413882854,110.192413882854,,,2499000.0
1991-09-09,110.192413882854,110.192413882854,110.192413882854,110.192413882854,,,2499000.0
1991-09-10,110.192413882854,110.192413882854,110.192413882854,110.192413882854,,,2499000.0
1991-09-11,110.192413882854,110.192413882854,110.192413882854,110.192413882854,,,2499000.0
1991-09-12,110.192413882854,109.217259777696,110.192413882854,109.217259777696,,,2499000.0
1991-09-13,110.192413882854,110.192413882854,110.192413882854,110.192413882854,,,2499000.0
1991-09-16,110.192413882854,109.217259777696,109.217259777696,110.192413882854,,,2499000.0
1991-09-17,110.192413882854,110.192413882854,110.192413882854,110.192413882854,,,2499000.0
1991-09-18,110.192413882854,110.192413882854,110.192413882854,110.192413882854,,,2499000.0
1991-09-19,110.192413882854,110.192413882854,110.192413882854,110.192413882854,,,2499000.0
1991-09-20,110.192413882854,110.192413882854,110.192413882854,110.192413882854,,,2499000.0
1991-09-23,110.192413882854,110.192413882854,110.192413882854,110.192413882854,,,2499000.0
1991-09-24,110.192413882854,110.192413882854,110.192413882854,110.192413882854,,,2499000.0
1991-09-25,111.167567988012,110.192413882854,111.167567988012,110.192413882854,,,2499000.0
1991-09-26,111.167567988012,110.192413882854,111.167567988012,110.192413882854,,,2499000.0
1991-09-27,111.167567988012,110.192413882854,111.167567988012,110.192413882854,,,2499000.0
1991-09-30,111.167567988012,110.192413882854,111.167567988012,110.192413882854,,,2499000.0
1991-10-01,111.167567988012,110.192413882854,111.167567988012,110.192413882854,,,2499000.0
1991-10-02,111.167567988012,110.192413882854,111.167567988012,110.192413882854,,,2499000.0
1991-10-03,110.192413882854,110.192413882854,110.192413882854,110.192413882854,,,2499000.0
1991-10-04,110.192413882854,110.192413882854,110.192413882854,110.192413882854,,,2499000.0
1991-10-07,110.192413882854,110.192413882854,110.192413882854,110.192413882854,,,2499000.0
1991-10-08,110.192413882854,110.192413882854,110.192413882854,110.192413882854,,,2499000.0
1991-10-09,110.192413882854,110.192413882854,110.192413882854,110.192413882854,,,2499000.0
1991-10-10,110.192413882854,110.192413882854,110.192413882854,110.192413882854,,,2499000.0
1991-10-11,110.192413882854,110.192413882854,110.192413882854,110.192413882854,,,2499000.0
1991-10-14,110.192413882854,110.192413882854,110.192413882854,110.192413882854,,,2499000.0
1991-10-15,110.192413882854,110.192413882854,110.192413882854,110.192413882854,,,2499000.0
1991-10-16,110.192413882854,110.192413882854,110.192413882854,110.192413882854,,,2499000.0
1991-10-17,110.192413882854,110.192413882854,110.192413882854,110.192413882854,,,2499000.0
1991-10-18,110.192413882854,110.192413882854,110.192413882854,110.192413882854,,,2499000.0
1991-10-21,110.192413882854,110.192413882854,110.192413882854,110.192413882854,,,2499000.0
1991-10-22,110.192413882854,110.192413882854,110.192413882854,110.192413882854,,,2499000.0
1991-10-23,110.192413882854,110.192413882854,110.192413882854,110.192413882854,,,2499000.0
1991-10-24,110.192413882854,110.192413882854,110.192413882854,110.192413882854,,,2499000.0
1991-10-25,110.192413882854,110.192413882854,110.192413882854,110.192413882854,,,2499000.0
1991-10-28,110.192413882854,110.192413882854,110.192413882854,110.192413882854,,,2499000.0
1991-10-29,110.192413882854,110.192413882854,110.192413882854,110.192413882854,,,2499000.0
1991-10-30,110.192413882854,110.192413882854,110.192413882854,110.192413882854,,,2499000.0
1991-10-31,110.192413882854,110.192413882854,110.192413882854,110.192413882854,,,2499000.0
1991-11-01,110.192413882854,110.192413882854,110.192413882854,110.192413882854,,,2499000.0
1991-11-04,110.192413882854,110.192413882854,110.192413882854,110.192413882854,,,2499000.0
1991-11-05,110.192413882854,110.192413882854,110.192413882854,110.192413882854,,,2499000.0
1991-11-06,110.192413882854,110.192413882854,110.192413882854,110.192413882854,,,2499000.0
1991-11-07,110.192413882854,110.192413882854,110.192413882854,110.192413882854,,,2499000.0
1991-11-08,110.192413882854,110.192413882854,110.192413882854,110.192413882854,,,2499000.0
1991-11-11,110.192413882854,110.192413882854,110.192413882854,110.192413882854,,,2499000.0
1991-11-12,110.192413882854,110.192413882854,110.192413882854,110.192413882854,,,2499000.0
1991-11-13,110.192413882854,110.192413882854,110.192413882854,110.192413882854,,,2499000.0
1991-11-14,110.192413882854,110.192413882854,110.192413882854,110.192413882854,,,2499000.0
1991-11-15,110.192413882854,110.192413882854,110.192413882854,110.192413882854,,,2499000.0
1991-11-18,110.192413882854,110.192413882854,110.192413882854,110.192413882854,,,2499000.0
1991-11-19,110.192413882854,109.217259777696,109.217259777696,110.192413882854,,,2499000.0
1991-11-20,110.192413882854,109.217259777696,109.217259777696,110.192413882854,,,2499000.0
1991-11-21,110.192413882854,109.217259777696,109.217259777696,110.192413882854,,,2499000.0
1991-11-22,110.192413882854,109.217259777696,109.217259777696,110.192413882854,,,2499000.0
1991-11-25,110.192413882854,109.217259777696,109.217259777696,110.192413882854,,,2499000.0
1991-11-26,110.192413882854,109.217259777696,109.217259777696,110.192413882854,,,2499000.0
1991-11-27,110.192413882854,109.217259777696,109.217259777696,110.192413882854,,,2499000.0
1991-11-28,110.192413882854,109.217259777696,109.217259777696,110.192413882854,,,2499000.0
1991-11-29,110.192413882854,107.26695156738,107.26695156738,110.192413882854,,,2499000.0
1991-12-02,107.26695156738,107.26695156738,107.26695156738,107.26695156738,,,2499000.0
1991-12-03,107.26695156738,107.26695156738,107.26695156738,107.26695156738,,,2499000.0
1991-12-04,107.26695156738,107.26695156738,107.26695156738,107.26695156738,,,2499000.0
1991-12-05,107.26695156738,107.26695156738,107.26695156738,107.26695156738,,,2499000.0
1991-12-06,107.26695156738,107.26695156738,107.26695156738,107.26695156738,,,2499000.0
1991-12-09,107.26695156738,107.26695156738,107.26695156738,107.26695156738,,,2499000.0
1991-12-10,107.26695156738,107.26695156738,107.26695156738,107.26695156738,,,2499000.0
1991-12-11,107.26695156738,107.26695156738,107.26695156738,107.26695156738,,,2499000.0
1991-12-12,107.26695156738,107.26695156738,107.26695156738,107.26695156738,,,2499000.0
1991-12-13,107.26695156738,107.26695156738,107.26695156738,107.26695156738,,,2499000.0
1991-12-16,107.26695156738,107.26695156738,107.26695156738,107.26695156738,,,2499000.0
1991-12-17,107.26695156738,107.26695156738,107.26695156738,107.26695156738,,,2499000.0
1991-12-18,107.26695156738,107.26695156738,107.26695156738,107.26695156738,,,2499000.0
1991-12-19,107.26695156738,107.26695156738,107.26695156738,107.26695156738,,,2499000.0
1991-12-20,107.26695156738,106.291797462222,106.291797462222,107.26695156738,,,2499000.0
1991-12-23,107.26695156738,106.291797462222,106.291797462222,107.26695156738,,,2499000.0
1991-12-24,107.26695156738,106.291797462222,106.291797462222,107.26695156738,,,2499000.0
1991-12-27,107.26695156738,106.291797462222,107.26695156738,107.26695156738,,,2499000.0
1991-12-30,107.26695156738,107.26695156738,107.26695156738,107.26695156738,,,2499000.0
1991-12-31,107.26695156738,107.26695156738,107.26695156738,107.26695156738,,,2460000.0
1992-01-02,107.26695156738,107.26695156738,107.26695156738,107.26695156738,,,2460000.0
1992-01-03,107.26695156738,107.26695156738,107.26695156738,107.26695156738,,,2460000.0
1992-01-06,107.26695156738,107.26695156738,107.26695156738,107.26695156738,,,2460000.0
1992-01-07,107.26695156738,107.26695156738,107.26695156738,107.26695156738,,,2460000.0
1992-01-08,107.26695156738,107.26695156738,107.26695156738,107.26695156738,,,2460000.0
1992-01-09,107.26695156738,107.26695156738,107.26695156738,107.26695156738,,,2460000.0
1992-01-10,107.26695156738,107.26695156738,107.26695156738,107.26695156738,,,2460000.0
1992-01-13,107.26695156738,107.26695156738,107.26695156738,107.26695156738,,,2460000.0
1992-01-14,107.26695156738,107.26695156738,107.26695156738,107.26695156738,,,2460000.0
1992-01-15,107.26695156738,107.26695156738,107.26695156738,107.26695156738,,,2460000.0
1992-01-16,107.26695156738,107.26695156738,107.26695156738,107.26695156738,,,2460000.0
1992-01-17,107.26695156738,107.26695156738,107.26695156738,107.26695156738,,,2460000.0
1992-01-20,107.26695156738,107.26695156738,107.26695156738,107.26695156738,,,2460000.0
1992-01-21,107.26695156738,107.26695156738,107.26695156738,107.26695156738,,,2460000.0
1992-01-22,107.26695156738,107.26695156738,107.26695156738,107.26695156738,,,2460000.0
1992-01-23,107.26695156738,107.26695156738,107.26695156738,107.26695156738,,,2460000.0
1992-01-24,107.26695156738,107.26695156738,107.26695156738,107.26695156738,,,2460000.0
1992-01-27,107.26695156738,107.26695156738,107.26695156738,107.26695156738,,,2460000.0
1992-01-28,107.26695156738,107.26695156738,107.26695156738,107.26695156738,,,2460000.0
1992-01-29,107.26695156738,107.26695156738,107.26695156738,107.26695156738,,,2460000.0
1992-01-30,107.26695156738,107.26695156738,107.26695156738,107.26695156738,,,2460000.0
1992-01-31,107.26695156738,107.26695156738,107.26695156738,107.26695156738,,,2460000.0
1992-02-03,107.26695156738,107.26695156738,107.26695156738,107.26695156738,,,2460000.0
1992-02-04,107.26695156738,107.26695156738,107.26695156738,107.26695156738,,,2460000.0
1992-02-05,107.26695156738,107.26695156738,107.26695156738,107.26695156738,,,2460000.0
1992-02-06,107.26695156738,107.26695156738,107.26695156738,107.26695156738,,,2460000.0
1992-02-07,107.26695156738,107.26695156738,107.26695156738,107.26695156738,,,2460000.0
1992-02-10,107.26695156738,107.26695156738,107.26695156738,107.26695156738,,,2460000.0
1992-02-11,107.26695156738,107.26695156738,107.26695156738,107.26695156738,,,2460000.0
1992-02-12,107.26695156738,107.26695156738,107.26695156738,107.26695156738,,,2460000.0
1992-02-13,107.26695156738,107.26695156738,107.26695156738,107.26695156738,,,2460000.0
1992-02-14,107.26695156738,107.26695156738,107.26695156738,107.26695156738,,,2460000.0
1992-02-17,107.26695156738,107.26695156738,107.26695156738,107.26695156738,,,2460000.0
1992-02-18,107.26695156738,107.26695156738,107.26695156738,107.26695156738,,,2460000.0
1992-02-19,107.26695156738,107.26695156738,107.26695156738,107.26695156738,,,2460000.0
1992-02-20,107.26695156738,107.26695156738,107.26695156738,107.26695156738,,,2460000.0
1992-02-21,107.26695156738,107.26695156738,107.26695156738,107.26695156738,,,2460000.0
1992-02-24,107.26695156738,107.26695156738,107.26695156738,107.26695156738,,,2460000.0
1992-02-25,107.26695156738,107.26695156738,107.26695156738,107.26695156738,,,2460000.0
1992-02-26,107.26695156738,107.26695156738,107.26695156738,107.26695156738,,,2460000.0
1992-02-27,107.26695156738,107.26695156738,107.26695156738,107.26695156738,,,2460000.0
1992-02-28,107.26695156738,107.26695156738,107.26695156738,107.26695156738,,,2460000.0
1992-03-02,107.26695156738,107.26695156738,107.26695156738,107.26695156738,,,2460000.0
1992-03-03,107.26695156738,107.26695156738,107.26695156738,107.26695156738,,,2460000.0
1992-03-04,107.26695156738,107.26695156738,107.26695156738,107.26695156738,,,2460000.0
1992-03-05,107.26695156738,107.26695156738,107.26695156738,107.26695156738,,,2460000.0
1992-03-06,109.217259777696,107.26695156738,109.217259777696,107.26695156738,,,2460000.0
1992-03-09,103.853912199327,102.39118104159,102.39118104159,102.39118104159,,,2460000.0
1992-03-10,103.366335146748,102.39118104159,102.39118104159,103.366335146748,,,2460000.0
1992-03-11,102.39118104159,102.39118104159,102.39118104159,102.39118104159,,,2460000.0
1992-03-12,103.366335146748,102.39118104159,102.39118104159,103.366335146748,,,2460000.0
1992-03-13,102.39118104159,102.39118104159,102.39118104159,102.39118104159,,,2460000.0
1992-03-16,103.366335146748,102.39118104159,103.366335146748,103.366335146748,,,2460000.0
1992-03-17,103.366335146748,102.39118104159,103.366335146748,103.366335146748,,,2460000.0
1992-03-18,103.366335146748,103.366335146748,103.366335146748,103.366335146748,,,2460000.0
1992-03-19,103.366335146748,103.366335146748,103.366335146748,103.366335146748,,,2460000.0
1992-03-20,103.366335146748,103.366335146748,103.366335146748,103.366335146748,,,2460000.0
1992-03-23,103.366335146748,103.366335146748,103.366335146748,103.366335146748,,,2460000.0
1992-03-24,103.366335146748,103.366335146748,103.366335146748,103.366335146748,,,2460000.0
1992-03-25,103.366335146748,102.39118104159,103.366335146748,102.39118104159,,,2460000.0
1992-03-26,103.366335146748,103.366335146748,103.366335146748,103.366335146748,,,2460000.0
1992-03-27,103.366335146748,102.39118104159,102.39118104159,103.366335146748,,,2460000.0
1992-03-30,103.366335146748,102.39118104159,103.366335146748,103.366335146748,,,2460000.0
1992-03-31,103.366335146748,102.39118104159,103.366335146748,103.366335146748,,,2460000.0
1992-04-01,103.366335146748,101.416026936432,101.416026936432,103.366335146748,,,2460000.0
1992-04-02,103.366335146748,102.39118104159,102.39118104159,103.366335146748,,,2460000.0
1992-04-03,103.366335146748,102.39118104159,102.39118104159,103.366335146748,,,2460000.0
1992-04-06,103.366335146748,102.39118104159,102.39118104159,103.366335146748,,,2460000.0
1992-04-07,103.366335146748,102.39118104159,102.39118104159,103.366335146748,,,2460000.0
1992-04-08,102.39118104159,99.465718726116,99.465718726116,102.39118104159,,,2460000.0
1992-04-09,99.465718726116,98.490564620958,98.490564620958,98.490564620958,,,2460000.0
1992-04-10,100.440872831274,100.440872831274,100.440872831274,100.440872831274,,,2460000.0
1992-04-13,100.440872831274,100.440872831274,100.440872831274,100.440872831274,,,2460000.0
1992-04-14,100.440872831274,100.440872831274,100.440872831274,100.440872831274,,,2460000.0
1992-04-15,102.39118104159,100.440872831274,102.39118104159,100.440872831274,,,2460000.0
1992-04-16,105.316643357064,102.39118104159,105.316643357064,102.39118104159,,,2460000.0
1992-04-21,105.316643357064,105.316643357064,105.316643357064,105.316643357064,,,2460000.0
1992-04-22,105.316643357064,105.316643357064,105.316643357064,105.316643357064,,,2460000.0
1992-04-23,105.316643357064,105.316643357064,105.316643357064,105.316643357064,,,2460000.0
1992-04-24,105.316643357064,105.316643357064,105.316643357064,105.316643357064,,,2460000.0
1992-04-27,105.316643357064,105.316643357064,105.316643357064,105.316643357064,,,2460000.0
1992-04-28,108.242105672538,105.316643357064,108.242105672538,106.291797462222,,,2460000.0
1992-04-29,108.242105672538,108.242105672538,108.242105672538,108.242105672538,,,2460000.0
1992-04-30,109.704836830275,108.242105672538,109.704836830275,108.242105672538,,,2460000.0
1992-05-01,112.14272209317,109.704836830275,111.167567988012,112.14272209317,,,2460000.0
1992-05-05,112.14272209317,111.167567988012,112.14272209317,112.14272209317,,,2460000.0
1992-05-06,112.14272209317,112.14272209317,112.14272209317,112.14272209317,,,2460000.0
1992-05-07,112.14272209317,112.14272209317,112.14272209317,112.14272209317,,,2460000.0
1992-05-08,112.14272209317,112.14272209317,112.14272209317,112.14272209317,,,2460000.0
1992-05-11,112.14272209317,112.14272209317,112.14272209317,112.14272209317,,,2460000.0
1992-05-12,112.14272209317,112.14272209317,112.14272209317,112.14272209317,,,2460000.0
1992-05-13,113.117876198328,112.14272209317,112.14272209317,113.117876198328,,,2460000.0
1992-05-14,112.14272209317,112.14272209317,112.14272209317,112.14272209317,,,2460000.0
1992-05-15,112.14272209317,112.14272209317,112.14272209317,112.14272209317,,,2460000.0
1992-05-18,112.14272209317,112.14272209317,112.14272209317,112.14272209317,,,2460000.0
1992-05-19,112.14272209317,112.14272209317,112.14272209317,112.14272209317,,,2460000.0
1992-05-20,112.14272209317,112.14272209317,112.14272209317,112.14272209317,,,2460000.0
1992-05-21,112.14272209317,112.14272209317,112.14272209317,112.14272209317,,,2460000.0
1992-05-22,112.14272209317,112.14272209317,112.14272209317,112.14272209317,,,2460000.0
1992-05-26,112.14272209317,112.14272209317,112.14272209317,112.14272209317,,,2460000.0
1992-05-27,112.14272209317,112.14272209317,112.14272209317,112.14272209317,,,2460000.0
1992-05-28,112.14272209317,112.14272209317,112.14272209317,112.14272209317,,,2460000.0
1992-05-29,112.14272209317,112.14272209317,112.14272209317,112.14272209317,,,2460000.0
1992-06-01,112.14272209317,112.14272209317,112.14272209317,112.14272209317,,,2460000.0
1992-06-02,112.14272209317,112.14272209317,112.14272209317,112.14272209317,,,2460000.0
1992-06-03,112.14272209317,112.14272209317,112.14272209317,112.14272209317,,,2460000.0
1992-06-04,112.14272209317,112.14272209317,112.14272209317,112.14272209317,,,2460000.0
1992-06-05,112.14272209317,112.14272209317,112.14272209317,112.14272209317,,,2460000.0
1992-06-08,112.14272209317,112.14272209317,112.14272209317,112.14272209317,,,2460000.0
1992-06-09,112.14272209317,112.14272209317,112.14272209317,112.14272209317,,,2460000.0
1992-06-10,112.14272209317,112.14272209317,112.14272209317,112.14272209317,,,2460000.0
1992-06-11,112.14272209317,110.192413882854,110.192413882854,112.14272209317,,,2460000.0
1992-06-12,111.167567988012,110.192413882854,110.192413882854,110.192413882854,,,2460000.0
1992-06-15,111.167567988012,110.192413882854,110.192413882854,110.192413882854,,,2460000.0
1992-06-16,110.192413882854,109.217259777696,110.192413882854,109.217259777696,,,2460000.0
1992-06-17,112.14272209317,111.167567988012,111.167567988012,112.14272209317,,,2460000.0
1992-06-18,112.14272209317,111.167567988012,111.167567988012,112.14272209317,,,2460000.0
1992-06-19,112.14272209317,111.167567988012,111.167567988012,112.14272209317,,,2460000.0
1992-06-22,112.14272209317,111.167567988012,111.167567988012,112.14272209317,,,2460000.0
1992-06-23,112.14272209317,111.167567988012,112.14272209317,112.14272209317,,,2460000.0
1992-06-24,112.14272209317,111.167567988012,112.14272209317,112.14272209317,,,2460000.0
1992-06-25,112.14272209317,111.167567988012,111.167567988012,112.14272209317,,,2460000.0
1992-06-26,112.14272209317,111.167567988012,112.14272209317,112.14272209317,,,2460000.0
1992-06-29,112.14272209317,111.167567988012,112.14272209317,112.14272209317,,,2460000.0
1992-06-30,112.14272209317,111.167567988012,112.14272209317,112.14272209317,,,2460000.0
1992-07-01,112.14272209317,112.14272209317,112.14272209317,112.14272209317,,,2460000.0
1992-07-02,112.14272209317,112.14272209317,112.14272209317,112.14272209317,,,2460000.0
1992-07-03,112.14272209317,112.14272209317,112.14272209317,112.14272209317,,,2460000.0
1992-07-06,112.14272209317,112.14272209317,112.14272209317,112.14272209317,,,2460000.0
1992-07-07,112.14272209317,112.14272209317,112.14272209317,112.14272209317,,,2460000.0
1992-07-08,112.14272209317,112.14272209317,112.14272209317,112.14272209317,,,2460000.0
1992-07-09,112.14272209317,112.14272209317,112.14272209317,112.14272209317,,,2460000.0
1992-07-10,112.14272209317,112.14272209317,112.14272209317,112.14272209317,,,2460000.0
1992-07-13,112.14272209317,112.14272209317,112.14272209317,112.14272209317,,,2460000.0
1992-07-14,112.14272209317,112.14272209317,112.14272209317,112.14272209317,,,2460000.0
1992-07-15,112.14272209317,112.14272209317,112.14272209317,112.14272209317,,,2460000.0
1992-07-16,112.14272209317,112.14272209317,112.14272209317,112.14272209317,,,2460000.0
1992-07-17,112.14272209317,112.14272209317,112.14272209317,112.14272209317,,,2460000.0
1992-07-20,112.14272209317,111.167567988012,111.167567988012,112.14272209317,,,2460000.0
1992-07-21,112.14272209317,111.167567988012,111.167567988012,112.14272209317,,,2460000.0
1992-07-22,112.14272209317,111.167567988012,111.167567988012,112.14272209317,,,2460000.0
1992-07-23,112.14272209317,111.167567988012,111.167567988012,112.14272209317,,,2460000.0
1992-07-24,112.14272209317,110.192413882854,110.192413882854,112.14272209317,,,2460000.0
1992-07-27,109.217259777696,106.291797462222,106.291797462222,109.217259777696,,,2460000.0
1992-07-28,106.291797462222,105.316643357064,106.291797462222,105.316643357064,,,2460000.0
1992-07-29,107.26695156738,105.804220409643,107.26695156738,107.26695156738,,,2460000.0
1992-07-30,107.26695156738,106.291797462222,106.291797462222,107.26695156738,,,2460000.0
1992-07-31,107.26695156738,105.316643357064,106.291797462222,105.316643357064,,,2460000.0
1992-08-03,107.26695156738,106.291797462222,106.291797462222,106.291797462222,,,2460000.0
1992-08-04,107.26695156738,105.316643357064,107.26695156738,105.316643357064,,,2460000.0
1992-08-05,107.26695156738,106.291797462222,106.291797462222,107.26695156738,,,2460000.0
1992-08-06,107.26695156738,105.316643357064,106.291797462222,107.26695156738,,,2460000.0
1992-08-07,106.291797462222,105.316643357064,106.291797462222,105.316643357064,,,2460000.0
1992-08-10,105.316643357064,105.316643357064,105.316643357064,105.316643357064,,,2460000.0
1992-08-11,105.316643357064,105.316643357064,105.316643357064,105.316643357064,,,2460000.0
1992-08-12,105.316643357064,105.316643357064,105.316643357064,105.316643357064,,,2460000.0
1992-08-13,105.316643357064,105.316643357064,105.316643357064,105.316643357064,,,2460000.0
1992-08-14,105.316643357064,105.316643357064,105.316643357064,105.316643357064,,,2460000.0
1992-08-17,105.316643357064,104.341489251906,105.316643357064,104.341489251906,,,2460000.0
1992-08-18,105.316643357064,105.316643357064,105.316643357064,105.316643357064,,,2460000.0
1992-08-19,105.316643357064,105.316643357064,105.316643357064,105.316643357064,,,2460000.0
1992-08-20,105.316643357064,105.316643357064,105.316643357064,105.316643357064,,,2460000.0
1992-08-21,105.316643357064,105.316643357064,105.316643357064,105.316643357064,,,2460000.0
1992-08-24,105.316643357064,105.316643357064,105.316643357064,105.316643357064,,,2460000.0
1992-08-25,105.316643357064,104.341489251906,105.316643357064,104.341489251906,,,2460000.0
1992-08-26,105.316643357064,105.316643357064,105.316643357064,105.316643357064,,,2460000.0
1992-08-27,105.316643357064,105.316643357064,105.316643357064,105.316643357064,,,2460000.0
1992-08-28,105.316643357064,105.316643357064,105.316643357064,105.316643357064,,,2460000.0
1992-09-01,105.316643357064,105.316643357064,105.316643357064,105.316643357064,,,2460000.0
1992-09-02,105.316643357064,105.316643357064,105.316643357064,105.316643357064,,,2460000.0
1992-09-03,105.316643357064,105.316643357064,105.316643357064,105.316643357064,,,2460000.0
1992-09-04,105.316643357064,105.316643357064,105.316643357064,105.316643357064,,,2460000.0
1992-09-07,105.316643357064,105.316643357064,105.316643357064,105.316643357064,,,2460000.0
1992-09-08,105.316643357064,104.341489251906,105.316643357064,104.341489251906,,,2460000.0
1992-09-09,105.316643357064,105.316643357064,105.316643357064,105.316643357064,,,2460000.0
1992-09-10,105.316643357064,105.316643357064,105.316643357064,105.316643357064,,,2460000.0
1992-09-11,105.316643357064,105.316643357064,105.316643357064,105.316643357064,,,2460000.0
1992-09-14,105.316643357064,105.316643357064,105.316643357064,105.316643357064,,,2460000.0
1992-09-15,105.316643357064,105.316643357064,105.316643357064,105.316643357064,,,2460000.0
1992-09-16,105.316643357064,103.366335146748,103.366335146748,104.341489251906,,,2460000.0
1992-09-17,104.341489251906,103.366335146748,104.341489251906,104.341489251906,,,2460000.0
1992-09-18,105.316643357064,104.341489251906,105.316643357064,104.341489251906,,,2460000.0
1992-09-21,105.316643357064,105.316643357064,105.316643357064,105.316643357064,,,2460000.0
1992-09-22,105.316643357064,105.316643357064,105.316643357064,105.316643357064,,,2460000.0
1992-09-23,105.316643357064,105.316643357064,105.316643357064,105.316643357064,,,2460000.0
1992-09-24,105.316643357064,105.316643357064,105.316643357064,105.316643357064,,,2460000.0
1992-09-25,106.291797462222,105.316643357064,105.316643357064,106.291797462222,,,2460000.0
1992-09-28,105.316643357064,105.316643357064,105.316643357064,105.316643357064,,,2460000.0
1992-09-29,105.316643357064,105.316643357064,105.316643357064,105.316643357064,,,2460000.0
1992-09-30,105.316643357064,105.316643357064,105.316643357064,105.316643357064,,,2460000.0
1992-10-01,105.316643357064,105.316643357064,105.316643357064,105.316643357064,,,2460000.0
1992-10-02,105.316643357064,105.316643357064,105.316643357064,105.316643357064,,,2460000.0
1992-10-05,105.316643357064,103.366335146748,103.366335146748,105.316643357064,,,2460000.0
1992-10-06,105.316643357064,103.366335146748,103.366335146748,105.316643357064,,,2460000.0
1992-10-07,105.316643357064,105.316643357064,105.316643357064,105.316643357064,,,2460000.0
1992-10-08,105.316643357064,104.341489251906,105.316643357064,104.341489251906,,,2460000.0
1992-10-09,105.316643357064,104.341489251906,105.316643357064,104.341489251906,,,2460000.0
1992-10-12,105.316643357064,105.316643357064,105.316643357064,105.316643357064,,,2460000.0
1992-10-13,105.316643357064,105.316643357064,105.316643357064,105.316643357064,,,2460000.0
1992-10-14,105.316643357064,105.316643357064,105.316643357064,105.316643357064,,,2460000.0
1992-10-15,105.316643357064,105.316643357064,105.316643357064,105.316643357064,,,2460000.0
1992-10-16,105.316643357064,105.316643357064,105.316643357064,105.316643357064,,,2460000.0
1992-10-19,105.316643357064,105.316643357064,105.316643357064,105.316643357064,,,2460000.0
1992-10-20,105.316643357064,104.341489251906,105.316643357064,104.341489251906,,,2460000.0
1992-10-21,106.291797462222,105.316643357064,105.316643357064,106.291797462222,,,2460000.0
1992-10-22,105.316643357064,105.316643357064,105.316643357064,105.316643357064,,,2460000.0
1992-10-23,105.316643357064,105.316643357064,105.316643357064,105.316643357064,,,2460000.0
1992-10-26,106.291797462222,105.316643357064,105.316643357064,106.291797462222,,,2460000.0
1992-10-27,105.316643357064,105.316643357064,105.316643357064,105.316643357064,,,2460000.0
1992-10-28,105.316643357064,105.316643357064,105.316643357064,105.316643357064,,,2460000.0
1992-10-29,105.316643357064,105.316643357064,105.316643357064,105.316643357064,,,2460000.0
1992-10-30,105.316643357064,105.316643357064,105.316643357064,105.316643357064,,,2460000.0
1992-11-02,105.316643357064,105.316643357064,105.316643357064,105.316643357064,,,2460000.0
1992-11-03,105.316643357064,105.316643357064,105.316643357064,105.316643357064,,,2460000.0
1992-11-04,105.316643357064,105.316643357064,105.316643357064,105.316643357064,,,2460000.0
1992-11-05,105.316643357064,105.316643357064,105.316643357064,105.316643357064,,,2460000.0
1992-11-06,105.316643357064,105.316643357064,105.316643357064,105.316643357064,,,2460000.0
1992-11-09,105.316643357064,104.341489251906,105.316643357064,104.341489251906,,,2460000.0
1992-11-10,105.316643357064,105.316643357064,105.316643357064,105.316643357064,,,2460000.0
1992-11-11,105.316643357064,105.316643357064,105.316643357064,105.316643357064,,,2460000.0
1992-11-12,110.192413882854,105.316643357064,110.192413882854,105.316643357064,,,2460000.0
1992-11-13,110.192413882854,110.192413882854,110.192413882854,110.192413882854,,,2460000.0
1992-11-16,110.192413882854,110.192413882854,110.192413882854,110.192413882854,,,2460000.0
1992-11-17,110.192413882854,110.192413882854,110.192413882854,110.192413882854,,,2460000.0
1992-11-18,110.192413882854,110.192413882854,110.192413882854,110.192413882854,,,2460000.0
1992-11-19,110.192413882854,110.192413882854,110.192413882854,110.192413882854,,,2460000.0
1992-11-20,110.192413882854,110.192413882854,110.192413882854,110.192413882854,,,2460000.0
1992-11-23,110.192413882854,110.192413882854,110.192413882854,110.192413882854,,,2460000.0
1992-11-24,111.167567988012,110.192413882854,110.192413882854,110.192413882854,,,2460000.0
1992-11-25,111.167567988012,110.192413882854,110.192413882854,110.192413882854,,,2460000.0
1992-11-26,111.167567988012,110.192413882854,111.167567988012,110.192413882854,,,2460000.0
1992-11-27,112.14272209317,110.192413882854,112.14272209317,110.192413882854,,,2460000.0
1992-11-30,112.14272209317,112.14272209317,112.14272209317,112.14272209317,,,2460000.0
1992-12-01,112.14272209317,112.14272209317,112.14272209317,112.14272209317,,,2460000.0
1992-12-02,112.14272209317,111.167567988012,112.14272209317,111.167567988012,,,2460000.0
1992-12-03,112.14272209317,112.14272209317,112.14272209317,112.14272209317,,,2460000.0
1992-12-04,113.117876198328,112.14272209317,112.14272209317,113.117876198328,,,2460000.0
1992-12-07,113.117876198328,112.14272209317,112.14272209317,113.117876198328,,,2460000.0
1992-12-08,113.117876198328,112.14272209317,112.14272209317,113.117876198328,,,2460000.0
1992-12-09,114.093030303486,112.14272209317,112.14272209317,113.117876198328,,,2460000.0
1992-12-10,113.117876198328,112.14272209317,112.14272209317,113.117876198328,,,2460000.0
1992-12-11,113.117876198328,112.14272209317,112.14272209317,113.117876198328,,,2460000.0
1992-12-14,112.14272209317,112.14272209317,112.14272209317,112.14272209317,,,2460000.0
1992-12-15,112.14272209317,112.14272209317,112.14272209317,112.14272209317,,,2460000.0
1992-12-16,112.14272209317,112.14272209317,112.14272209317,112.14272209317,,,2460000.0
1992-12-17,112.14272209317,112.14272209317,112.14272209317,112.14272209317,,,2460000.0
1992-12-18,112.14272209317,112.14272209317,112.14272209317,112.14272209317,,,2460000.0
1992-12-21,112.14272209317,112.14272209317,112.14272209317,112.14272209317,,,2460000.0
1992-12-22,112.14272209317,112.14272209317,112.14272209317,112.14272209317,,,2460000.0
1992-12-23,112.14272209317,112.14272209317,112.14272209317,112.14272209317,,,2460000.0
1992-12-24,112.14272209317,112.14272209317,112.14272209317,112.14272209317,,,2460000.0
1992-12-29,112.14272209317,112.14272209317,112.14272209317,112.14272209317,,,2460000.0
1992-12-30,112.14272209317,112.14272209317,112.14272209317,112.14272209317,,,2460000.0
1992-12-31,112.14272209317,112.14272209317,112.14272209317,112.14272209317,,,2460000.0
1993-01-04,112.14272209317,112.14272209317,112.14272209317,112.14272209317,,,2460000.0
1993-01-05,112.14272209317,111.167567988012,112.14272209317,111.167567988012,,,2460000.0
1993-01-06,113.117876198328,112.14272209317,113.117876198328,112.14272209317,,,2460000.0
1993-01-07,113.117876198328,113.117876198328,113.117876198328,113.117876198328,,,2460000.0
1993-01-08,113.117876198328,113.117876198328,113.117876198328,113.117876198328,,,2460000.0
1993-01-11,113.117876198328,113.117876198328,113.117876198328,113.117876198328,,,2460000.0
1993-01-12,113.117876198328,113.117876198328,113.117876198328,113.117876198328,,,2460000.0
1993-01-13,113.117876198328,113.117876198328,113.117876198328,113.117876198328,,,2460000.0
1993-01-14,113.117876198328,113.117876198328,113.117876198328,113.117876198328,,,2460000.0
1993-01-15,113.117876198328,113.117876198328,113.117876198328,113.117876198328,,,2460000.0
1993-01-18,113.117876198328,113.117876198328,113.117876198328,113.117876198328,,,2460000.0
1993-01-19,113.117876198328,113.117876198328,113.117876198328,113.117876198328,,,2460000.0
1993-01-20,113.117876198328,113.117876198328,113.117876198328,113.117876198328,,,2460000.0
1993-01-21,113.117876198328,113.117876198328,113.117876198328,113.117876198328,,,2460000.0
1993-01-22,113.117876198328,113.117876198328,113.117876198328,113.117876198328,,,2460000.0
1993-01-25,113.117876198328,113.117876198328,113.117876198328,113.117876198328,,,2460000.0
1993-01-26,115.068184408644,113.117876198328,115.068184408644,113.117876198328,,,2460000.0
1993-01-27,115.068184408644,115.068184408644,115.068184408644,115.068184408644,,,2460000.0
1993-01-28,116.043338513802,115.068184408644,115.068184408644,116.043338513802,,,2460000.0
1993-01-29,115.068184408644,115.068184408644,115.068184408644,115.068184408644,,,2460000.0
1993-02-01,115.068184408644,115.068184408644,115.068184408644,115.068184408644,,,2460000.0
1993-02-02,115.068184408644,115.068184408644,115.068184408644,115.068184408644,,,2460000.0
1993-02-03,117.01849261896,115.068184408644,117.01849261896,115.068184408644,,,2460000.0
1993-02-04,117.01849261896,117.01849261896,117.01849261896,117.01849261896,,,2460000.0
1993-02-05,117.01849261896,117.01849261896,117.01849261896,117.01849261896,,,2460000.0
1993-02-08,117.993646724118,117.01849261896,117.01849261896,117.993646724118,,,2460000.0
1993-02-09,117.01849261896,117.01849261896,117.01849261896,117.01849261896,,,2460000.0
1993-02-10,117.993646724118,117.01849261896,117.993646724118,117.01849261896,,,2460000.0
1993-02-11,117.993646724118,117.01849261896,117.01849261896,117.993646724118,,,2460000.0
1993-02-12,117.993646724118,117.01849261896,117.993646724118,117.01849261896,,,2460000.0
1993-02-15,118.968800829276,117.01849261896,118.968800829276,117.993646724118,,,2460000.0
1993-02-16,119.943954934434,118.968800829276,118.968800829276,119.943954934434,,,2460000.0
1993-02-17,119.943954934434,118.968800829276,118.968800829276,119.943954934434,,,2460000.0
1993-02-18,119.943954934434,118.968800829276,119.943954934434,119.943954934434,,,2460000.0
1993-02-19,119.943954934434,119.943954934434,119.943954934434,119.943954934434,,,2460000.0
1993-02-22,119.943954934434,119.943954934434,119.943954934434,119.943954934434,,,2460000.0
1993-02-23,119.943954934434,119.943954934434,119.943954934434,119.943954934434,,,2460000.0
1993-02-24,121.89426314475,119.943954934434,121.89426314475,119.943954934434,,,2460000.0
1993-02-25,124.819725460224,121.89426314475,124.819725460224,121.89426314475,,,2460000.0
1993-02-26,125.794879565382,123.844571355066,124.819725460224,125.794879565382,,,2460000.0
1993-03-01,120.919109039592,117.01849261896,117.993646724118,117.01849261896,,,2460000.0
1993-03-02,117.993646724118,117.993646724118,117.993646724118,117.993646724118,,,2460000.0
1993-03-03,117.993646724118,117.993646724118,117.993646724118,117.993646724118,,,2460000.0
1993-03-04,117.993646724118,117.993646724118,117.993646724118,117.993646724118,,,2460000.0
1993-03-05,119.943954934434,117.993646724118,119.943954934434,117.993646724118,,,2460000.0
1993-03-08,119.943954934434,119.943954934434,119.943954934434,119.943954934434,,,2460000.0
1993-03-09,119.943954934434,119.943954934434,119.943954934434,119.943954934434,,,2460000.0
1993-03-10,119.943954934434,119.943954934434,119.943954934434,119.943954934434,,,2460000.0
1993-03-11,119.943954934434,119.943954934434,119.943954934434,119.943954934434,,,2460000.0
1993-03-12,119.943954934434,119.943954934434,119.943954934434,119.943954934434,,,2460000.0
1993-03-15,119.943954934434,119.943954934434,119.943954934434,119.943954934434,,,2460000.0
1993-03-16,119.943954934434,119.943954934434,119.943954934434,119.943954934434,,,2460000.0
1993-03-17,117.993646724118,117.993646724118,117.993646724118,117.993646724118,,,2460000.0
1993-03-18,117.993646724118,117.993646724118,117.993646724118,117.993646724118,,,2460000.0
1993-03-19,117.993646724118,117.993646724118,117.993646724118,117.993646724118,,,2460000.0
1993-03-22,117.993646724118,117.993646724118,117.993646724118,117.993646724118,,,2460000.0
1993-03-23,117.993646724118,117.993646724118,117.993646724118,117.993646724118,,,2460000.0
1993-03-24,117.993646724118,117.993646724118,117.993646724118,117.993646724118,,,2460000.0
1993-03-25,117.993646724118,117.01849261896,117.01849261896,117.993646724118,,,2460000.0
1993-03-26,117.993646724118,117.01849261896,117.01849261896,117.993646724118,,,2460000.0
1993-03-29,117.993646724118,117.01849261896,117.01849261896,117.993646724118,,,2460000.0
1993-03-30,117.993646724118,117.01849261896,117.01849261896,117.993646724118,,,2460000.0
1993-03-31,117.993646724118,117.01849261896,117.993646724118,117.993646724118,,,2460000.0
1993-04-01,117.993646724118,117.993646724118,117.993646724118,117.993646724118,,,2460000.0
1993-04-02,117.993646724118,117.993646724118,117.993646724118,117.993646724118,,,2460000.0
1993-04-05,117.993646724118,117.993646724118,117.993646724118,117.993646724118,,,2460000.0
1993-04-06,117.993646724118,117.993646724118,117.993646724118,117.993646724118,,,2460000.0
1993-04-07,117.993646724118,117.993646724118,117.993646724118,117.993646724118,,,2460000.0
1993-04-08,117.993646724118,117.993646724118,117.993646724118,117.993646724118,,,2460000.0
1993-04-13,117.993646724118,117.993646724118,117.993646724118,117.993646724118,,,2460000.0
1993-04-14,117.993646724118,117.993646724118,117.993646724118,117.993646724118,,,2460000.0
1993-04-15,117.993646724118,117.993646724118,117.993646724118,117.993646724118,,,2460000.0
1993-04-16,117.993646724118,117.993646724118,117.993646724118,117.993646724118,,,2460000.0
1993-04-19,117.993646724118,117.993646724118,117.993646724118,117.993646724118,,,2460000.0
1993-04-20,117.993646724118,117.993646724118,117.993646724118,117.993646724118,,,2460000.0
1993-04-21,117.993646724118,117.993646724118,117.993646724118,117.993646724118,,,2460000.0
1993-04-22,117.993646724118,117.993646724118,117.993646724118,117.993646724118,,,2460000.0
1993-04-23,117.993646724118,117.993646724118,117.993646724118,117.993646724118,,,2460000.0
1993-04-26,117.993646724118,117.993646724118,117.993646724118,117.993646724118,,,2460000.0
1993-04-27,117.993646724118,117.993646724118,117.993646724118,117.993646724118,,,2460000.0
1993-04-28,117.993646724118,117.993646724118,117.993646724118,117.993646724118,,,2460000.0
1993-04-29,117.993646724118,117.993646724118,117.993646724118,117.993646724118,,,2460000.0
1993-04-30,117.993646724118,117.993646724118,117.993646724118,117.993646724118,,,2460000.0
1993-05-04,117.993646724118,117.993646724118,117.993646724118,117.993646724118,,,2460000.0
1993-05-05,117.993646724118,117.993646724118,117.993646724118,117.993646724118,,,2460000.0
1993-05-06,118.968800829276,117.993646724118,117.993646724118,118.968800829276,,,2460000.0
1993-05-07,117.993646724118,117.993646724118,117.993646724118,117.993646724118,,,2460000.0
1993-05-10,117.993646724118,117.993646724118,117.993646724118,117.993646724118,,,2460000.0
1993-05-11,117.993646724118,117.993646724118,117.993646724118,117.993646724118,,,2460000.0
1993-05-12,117.993646724118,117.993646724118,117.993646724118,117.993646724118,,,2460000.0
1993-05-13,117.993646724118,117.993646724118,117.993646724118,117.993646724118,,,2460000.0
1993-05-14,117.993646724118,117.993646724118,117.993646724118,117.993646724118,,,2460000.0
1993-05-17,117.993646724118,117.993646724118,117.993646724118,117.993646724118,,,2460000.0
1993-05-18,117.993646724118,117.993646724118,117.993646724118,117.993646724118,,,2460000.0
1993-05-19,117.993646724118,117.993646724118,117.993646724118,117.993646724118,,,2460000.0
1993-05-20,117.993646724118,117.993646724118,117.993646724118,117.993646724118,,,2460000.0
1993-05-21,118.968800829276,117.993646724118,117.993646724118,118.968800829276,,,2460000.0
1993-05-24,117.993646724118,117.01849261896,117.01849261896,117.993646724118,,,2460000.0
1993-05-25,117.993646724118,117.01849261896,117.01849261896,117.993646724118,,,2460000.0
1993-05-26,117.993646724118,117.01849261896,117.01849261896,117.993646724118,,,2460000.0
1993-05-27,117.993646724118,117.01849261896,117.01849261896,117.993646724118,,,2460000.0
1993-05-28,117.993646724118,117.01849261896,117.01849261896,117.993646724118,,,2460000.0
1993-06-01,117.993646724118,117.01849261896,117.01849261896,117.993646724118,,,2460000.0
1993-06-02,117.993646724118,117.01849261896,117.01849261896,117.993646724118,,,2460000.0
1993-06-03,117.993646724118,117.993646724118,117.993646724118,117.993646724118,,,2460000.0
1993-06-04,117.993646724118,117.993646724118,117.993646724118,117.993646724118,,,2460000.0
1993-06-07,117.993646724118,117.993646724118,117.993646724118,117.993646724118,,,2460000.0
1993-06-08,117.993646724118,117.993646724118,117.993646724118,117.993646724118,,,2460000.0
1993-06-09,117.993646724118,117.993646724118,117.993646724118,117.993646724118,,,2460000.0
1993-06-10,117.993646724118,117.993646724118,117.993646724118,117.993646724118,,,2460000.0
1993-06-11,117.993646724118,117.993646724118,117.993646724118,117.993646724118,,,2460000.0
1993-06-14,117.993646724118,117.993646724118,117.993646724118,117.993646724118,,,2460000.0
1993-06-15,119.943954934434,117.993646724118,119.943954934434,117.993646724118,,,2460000.0
1993-06-16,120.919109039592,118.968800829276,118.968800829276,120.919109039592,,,2460000.0
1993-06-17,119.943954934434,118.968800829276,118.968800829276,119.943954934434,,,2460000.0
1993-06-18,119.943954934434,117.993646724118,119.943954934434,117.993646724118,,,2460000.0
1993-06-21,119.943954934434,118.968800829276,118.968800829276,119.943954934434,,,2460000.0
1993-06-22,119.943954934434,119.943954934434,119.943954934434,119.943954934434,,,2460000.0
1993-06-23,120.919109039592,119.943954934434,119.943954934434,120.919109039592,,,2460000.0
1993-06-24,119.943954934434,119.943954934434,119.943954934434,119.943954934434,,,2460000.0
1993-06-25,119.943954934434,119.943954934434,119.943954934434,119.943954934434,,,2460000.0
1993-06-28,119.943954934434,119.943954934434,119.943954934434,119.943954934434,,,2460000.0
1993-06-29,119.943954934434,119.943954934434,119.943954934434,119.943954934434,,,2460000.0
1993-06-30,119.943954934434,119.943954934434,119.943954934434,119.943954934434,,,2460000.0
1993-07-01,119.943954934434,119.943954934434,119.943954934434,119.943954934434,,,2460000.0
1993-07-02,119.943954934434,119.943954934434,119.943954934434,119.943954934434,,,2460000.0
1993-07-05,119.943954934434,119.943954934434,119.943954934434,119.943954934434,,,2460000.0
1993-07-06,119.943954934434,119.943954934434,119.943954934434,119.943954934434,,,2460000.0
1993-07-07,119.943954934434,119.943954934434,119.943954934434,119.943954934434,,,2460000.0
1993-07-08,119.943954934434,119.943954934434,119.943954934434,119.943954934434,,,2460000.0
1993-07-09,120.919109039592,119.943954934434,119.943954934434,120.919109039592,,,2460000.0
1993-07-12,119.943954934434,119.943954934434,119.943954934434,119.943954934434,,,2460000.0
1993-07-13,119.943954934434,119.943954934434,119.943954934434,119.943954934434,,,2460000.0
1993-07-14,119.943954934434,119.943954934434,119.943954934434,119.943954934434,,,2460000.0
1993-07-15,124.819725460224,119.943954934434,124.819725460224,119.943954934434,,,2460000.0
1993-07-16,124.819725460224,124.819725460224,124.819725460224,124.819725460224,,,2460000.0
1993-07-19,125.794879565382,124.819725460224,125.794879565382,124.819725460224,,,2460000.0
1993-07-20,127.745187775698,125.794879565382,126.77003367054,127.745187775698,,,2460000.0
1993-07-21,131.64580419633,126.77003367054,131.64580419633,126.77003367054,,,2460000.0
1993-07-22,131.64580419633,131.64580419633,131.64580419633,131.64580419633,,,2460000.0
1993-07-23,132.620958301488,131.64580419633,132.620958301488,131.64580419633,,,2460000.0
1993-07-26,133.59611240664603,132.620958301488,133.59611240664603,132.620958301488,,,2460000.0
1993-07-27,135.546420616962,132.620958301488,135.546420616962,132.620958301488,,,2460000.0
1993-07-28,135.546420616962,134.571266511804,135.546420616962,134.571266511804,,,2460000.0
1993-07-29,135.546420616962,134.571266511804,135.546420616962,134.571266511804,,,2460000.0
1993-07-30,135.546420616962,134.571266511804,135.546420616962,134.571266511804,,,2460000.0
1993-08-02,134.571266511804,132.620958301488,134.571266511804,133.59611240664603,,,2460000.0
1993-08-03,136.52157472212,134.571266511804,134.571266511804,136.52157472212,,,2460000.0
1993-08-04,136.52157472212,134.571266511804,134.571266511804,136.52157472212,,,2460000.0
1993-08-05,134.571266511804,133.59611240664603,134.571266511804,133.59611240664603,,,2460000.0
1993-08-06,137.496728827278,134.571266511804,135.546420616962,137.496728827278,,,2460000.0
1993-08-09,137.496728827278,135.546420616962,136.52157472212,137.496728827278,,,2460000.0
1993-08-10,136.52157472212,136.52157472212,136.52157472212,136.52157472212,,,2460000.0
1993-08-11,137.496728827278,136.52157472212,136.52157472212,137.496728827278,,,2460000.0
1993-08-12,137.496728827278,136.52157472212,136.52157472212,137.496728827278,,,2460000.0
1993-08-13,137.496728827278,136.52157472212,136.52157472212,137.496728827278,,,2460000.0
1993-08-16,139.447037037594,136.52157472212,139.447037037594,136.52157472212,,,2460000.0
1993-08-17,140.422191142752,139.447037037594,139.447037037594,140.422191142752,,,2460000.0
1993-08-18,139.447037037594,139.447037037594,139.447037037594,139.447037037594,,,2460000.0
1993-08-19,139.447037037594,139.447037037594,139.447037037594,139.447037037594,,,2460000.0
1993-08-20,139.447037037594,139.447037037594,139.447037037594,139.447037037594,,,2460000.0
1993-08-23,139.447037037594,139.447037037594,139.447037037594,139.447037037594,,,2460000.0
1993-08-24,139.447037037594,139.447037037594,139.447037037594,139.447037037594,,,2460000.0
1993-08-25,141.39734524791,139.447037037594,141.39734524791,139.447037037594,,,2460000.0
1993-08-26,141.39734524791,141.39734524791,141.39734524791,141.39734524791,,,2460000.0
1993-08-27,141.39734524791,141.39734524791,141.39734524791,141.39734524791,,,2460000.0
1993-08-31,141.39734524791,141.39734524791,141.39734524791,141.39734524791,,,2460000.0
1993-09-01,141.39734524791,141.39734524791,141.39734524791,141.39734524791,,,2460000.0
1993-09-02,141.39734524791,141.39734524791,141.39734524791,141.39734524791,,,2460000.0
1993-09-03,141.39734524791,141.39734524791,141.39734524791,141.39734524791,,,2460000.0
1993-09-06,141.39734524791,141.39734524791,141.39734524791,141.39734524791,,,2460000.0
1993-09-07,141.39734524791,141.39734524791,141.39734524791,141.39734524791,,,2460000.0
1993-09-08,141.39734524791,141.39734524791,141.39734524791,141.39734524791,,,2460000.0
1993-09-09,141.39734524791,141.39734524791,141.39734524791,141.39734524791,,,2460000.0
1993-09-10,141.39734524791,141.39734524791,141.39734524791,141.39734524791,,,2460000.0
1993-09-13,141.39734524791,141.39734524791,141.39734524791,141.39734524791,,,2460000.0
1993-09-14,141.39734524791,141.39734524791,141.39734524791,141.39734524791,,,2460000.0
1993-09-15,141.39734524791,140.422191142752,140.422191142752,141.39734524791,,,2460000.0
1993-09-16,140.422191142752,138.471882932436,139.447037037594,138.471882932436,,,2460000.0
1993-09-17,139.447037037594,139.447037037594,139.447037037594,139.447037037594,,,2460000.0
1993-09-20,139.447037037594,139.447037037594,139.447037037594,139.447037037594,,,2460000.0
1993-09-21,139.447037037594,139.447037037594,139.447037037594,139.447037037594,,,2460000.0
1993-09-22,139.447037037594,139.447037037594,139.447037037594,139.447037037594,,,2460000.0
1993-09-23,139.447037037594,139.447037037594,139.447037037594,139.447037037594,,,2460000.0
1993-09-24,139.447037037594,139.447037037594,139.447037037594,139.447037037594,,,2460000.0
1993-09-27,139.447037037594,139.447037037594,139.447037037594,139.447037037594,,,2460000.0
1993-09-28,139.447037037594,139.447037037594,139.447037037594,139.447037037594,,,2460000.0
1993-09-29,139.447037037594,139.447037037594,139.447037037594,139.447037037594,,,2460000.0
1993-09-30,139.447037037594,139.447037037594,139.447037037594,139.447037037594,,,2460000.0
1993-10-01,140.422191142752,139.447037037594,139.447037037594,140.422191142752,,,2460000.0
1993-10-04,139.447037037594,139.447037037594,139.447037037594,139.447037037594,,,2460000.0
1993-10-05,140.422191142752,139.447037037594,139.447037037594,140.422191142752,,,2460000.0
1993-10-06,140.422191142752,139.447037037594,139.447037037594,140.422191142752,,,2460000.0
1993-10-07,140.422191142752,139.447037037594,139.447037037594,140.422191142752,,,2460000.0
1993-10-08,139.447037037594,139.447037037594,139.447037037594,139.447037037594,,,2460000.0
1993-10-11,142.372499353068,139.447037037594,142.372499353068,139.447037037594,,,2460000.0
1993-10-12,142.372499353068,142.372499353068,142.372499353068,142.372499353068,,,2460000.0
1993-10-13,142.372499353068,142.372499353068,142.372499353068,142.372499353068,,,2460000.0
1993-10-14,142.372499353068,142.372499353068,142.372499353068,142.372499353068,,,2460000.0
1993-10-15,142.372499353068,142.372499353068,142.372499353068,142.372499353068,,,2460000.0
1993-10-18,142.372499353068,142.372499353068,142.372499353068,142.372499353068,,,2460000.0
1993-10-19,143.347653458226,142.372499353068,142.372499353068,143.347653458226,,,2460000.0
1993-10-20,144.322807563384,142.372499353068,144.322807563384,143.347653458226,,,2460000.0
1993-10-21,144.322807563384,144.322807563384,144.322807563384,144.322807563384,,,2460000.0
1993-10-22,144.322807563384,144.322807563384,144.322807563384,144.322807563384,,,2460000.0
1993-10-25,144.322807563384,144.322807563384,144.322807563384,144.322807563384,,,2460000.0
1993-10-26,144.322807563384,144.322807563384,144.322807563384,144.322807563384,,,2460000.0
1993-10-27,144.322807563384,144.322807563384,144.322807563384,144.322807563384,,,2460000.0
1993-10-28,145.297961668542,144.322807563384,144.322807563384,145.297961668542,,,2460000.0
1993-10-29,144.322807563384,144.322807563384,144.322807563384,144.322807563384,,,2460000.0
1993-11-01,144.322807563384,144.322807563384,144.322807563384,144.322807563384,,,2460000.0
1993-11-02,144.322807563384,143.347653458226,144.322807563384,143.347653458226,,,2460000.0
1993-11-03,144.322807563384,144.322807563384,144.322807563384,144.322807563384,,,2460000.0
1993-11-04,143.347653458226,143.347653458226,143.347653458226,143.347653458226,,,2460000.0
1993-11-05,144.322807563384,143.347653458226,143.347653458226,144.322807563384,,,2460000.0
1993-11-08,144.322807563384,143.347653458226,143.347653458226,144.322807563384,,,2460000.0
1993-11-09,144.322807563384,143.347653458226,143.347653458226,144.322807563384,,,2460000.0
1993-11-10,144.322807563384,143.347653458226,144.322807563384,143.347653458226,,,2460000.0
1993-11-11,144.322807563384,143.347653458226,143.347653458226,144.322807563384,,,2460000.0
1993-11-12,144.322807563384,143.347653458226,143.347653458226,144.322807563384,,,2460000.0
1993-11-15,144.322807563384,143.347653458226,143.347653458226,144.322807563384,,,2460000.0
1993-11-16,144.322807563384,144.322807563384,144.322807563384,144.322807563384,,,2460000.0
1993-11-17,144.322807563384,144.322807563384,144.322807563384,144.322807563384,,,2460000.0
1993-11-18,144.322807563384,144.322807563384,144.322807563384,144.322807563384,,,2460000.0
1993-11-19,145.297961668542,144.322807563384,144.322807563384,144.322807563384,,,2460000.0
1993-11-22,144.322807563384,143.347653458226,144.322807563384,144.322807563384,,,2460000.0
1993-11-23,144.322807563384,144.322807563384,144.322807563384,144.322807563384,,,2460000.0
1993-11-24,144.322807563384,144.322807563384,144.322807563384,144.322807563384,,,2460000.0
1993-11-25,144.322807563384,144.322807563384,144.322807563384,144.322807563384,,,2460000.0
1993-11-26,144.322807563384,144.322807563384,144.322807563384,144.322807563384,,,2460000.0
1993-11-29,144.322807563384,144.322807563384,144.322807563384,144.322807563384,,,2460000.0
1993-11-30,144.322807563384,143.347653458226,144.322807563384,143.347653458226,,,2460000.0
1993-12-01,144.322807563384,144.322807563384,144.322807563384,144.322807563384,,,2460000.0
1993-12-02,144.322807563384,144.322807563384,144.322807563384,144.322807563384,,,2460000.0
1993-12-03,144.322807563384,144.322807563384,144.322807563384,144.322807563384,,,2460000.0
1993-12-06,144.322807563384,144.322807563384,144.322807563384,144.322807563384,,,2460000.0
1993-12-07,146.2731157737,144.322807563384,146.2731157737,144.322807563384,,,2460000.0
1993-12-08,147.248269878858,146.2731157737,146.2731157737,147.248269878858,,,2460000.0
1993-12-09,148.22342398401602,146.2731157737,148.22342398401602,147.248269878858,,,2460000.0
1993-12-10,149.19857808917402,148.22342398401602,148.22342398401602,149.19857808917402,,,2460000.0
1993-12-13,149.19857808917402,148.22342398401602,148.22342398401602,149.19857808917402,,,2460000.0
1993-12-14,149.19857808917402,148.22342398401602,148.22342398401602,149.19857808917402,,,2460000.0
1993-12-15,149.19857808917402,148.22342398401602,148.22342398401602,149.19857808917402,,,2460000.0
1993-12-16,148.22342398401602,148.22342398401602,148.22342398401602,148.22342398401602,,,2460000.0
1993-12-17,149.19857808917402,148.22342398401602,148.22342398401602,149.19857808917402,,,2460000.0
1993-12-20,149.19857808917402,149.19857808917402,149.19857808917402,149.19857808917402,,,2460000.0
1993-12-21,149.19857808917402,149.19857808917402,149.19857808917402,149.19857808917402,,,2460000.0
1993-12-22,149.19857808917402,149.19857808917402,149.19857808917402,149.19857808917402,,,2460000.0
1993-12-23,149.19857808917402,149.19857808917402,149.19857808917402,149.19857808917402,,,2460000.0
1993-12-24,149.19857808917402,149.19857808917402,149.19857808917402,149.19857808917402,,,2460000.0
1993-12-29,150.17373219433202,149.19857808917402,149.19857808917402,150.17373219433202,,,2460000.0
1993-12-30,150.17373219433202,149.19857808917402,149.19857808917402,150.17373219433202,,,2460000.0
1993-12-31,149.19857808917402,149.19857808917402,149.19857808917402,149.19857808917402,,,2460000.0
1994-01-04,149.19857808917402,149.19857808917402,149.19857808917402,149.19857808917402,,,2460000.0
1994-01-05,149.19857808917402,149.19857808917402,149.19857808917402,149.19857808917402,,,2460000.0
1994-01-06,149.19857808917402,149.19857808917402,149.19857808917402,149.19857808917402,,,2460000.0
1994-01-07,149.19857808917402,149.19857808917402,149.19857808917402,149.19857808917402,,,2460000.0
1994-01-10,149.19857808917402,149.19857808917402,149.19857808917402,149.19857808917402,,,2460000.0
1994-01-11,149.19857808917402,149.19857808917402,149.19857808917402,149.19857808917402,,,2460000.0
1994-01-12,149.19857808917402,149.19857808917402,149.19857808917402,149.19857808917402,,,2460000.0
1994-01-13,150.17373219433202,149.19857808917402,149.19857808917402,150.17373219433202,,,2460000.0
1994-01-14,149.19857808917402,149.19857808917402,149.19857808917402,149.19857808917402,,,2460000.0
1994-01-17,149.19857808917402,149.19857808917402,149.19857808917402,149.19857808917402,,,2460000.0
1994-01-18,149.19857808917402,149.19857808917402,149.19857808917402,149.19857808917402,,,2460000.0
1994-01-19,151.14888629949002,149.19857808917402,151.14888629949002,149.19857808917402,,,2460000.0
1994-01-20,151.14888629949002,151.14888629949002,151.14888629949002,151.14888629949002,,,2460000.0
1994-01-21,156.999810930438,151.14888629949002,156.999810930438,151.14888629949002,,,2460000.0
1994-01-24,158.950119140754,156.02465682528,158.950119140754,156.02465682528,,,2460000.0
1994-01-25,158.950119140754,158.950119140754,158.950119140754,158.950119140754,,,2460000.0
1994-01-26,158.950119140754,158.950119140754,158.950119140754,158.950119140754,,,2460000.0
1994-01-27,158.950119140754,158.950119140754,158.950119140754,158.950119140754,,,2460000.0
1994-01-28,158.950119140754,158.950119140754,158.950119140754,158.950119140754,,,2460000.0
1994-01-31,158.950119140754,158.950119140754,158.950119140754,158.950119140754,,,2460000.0
1994-02-01,158.950119140754,158.950119140754,158.950119140754,158.950119140754,,,2460000.0
1994-02-02,158.950119140754,158.950119140754,158.950119140754,158.950119140754,,,2460000.0
1994-02-03,158.950119140754,158.950119140754,158.950119140754,158.950119140754,,,2460000.0
1994-02-04,158.950119140754,158.950119140754,158.950119140754,158.950119140754,,,2460000.0
1994-02-07,156.999810930438,156.02465682528,156.02465682528,156.999810930438,,,2460000.0
1994-02-08,158.950119140754,156.999810930438,158.950119140754,156.999810930438,,,2460000.0
1994-02-09,158.950119140754,158.950119140754,158.950119140754,158.950119140754,,,2460000.0
1994-02-10,159.925273245912,158.950119140754,158.950119140754,159.925273245912,,,2460000.0
1994-02-11,156.999810930438,156.999810930438,156.999810930438,156.999810930438,,,2460000.0
1994-02-14,156.999810930438,156.999810930438,156.999810930438,156.999810930438,,,2460000.0
1994-02-15,156.999810930438,156.999810930438,156.999810930438,156.999810930438,,,2460000.0
1994-02-16,156.999810930438,156.999810930438,156.999810930438,156.999810930438,,,2460000.0
1994-02-17,156.999810930438,156.999810930438,156.999810930438,156.999810930438,,,2460000.0
1994-02-18,156.999810930438,156.999810930438,156.999810930438,156.999810930438,,,2460000.0
1994-02-21,157.974965035596,156.999810930438,157.974965035596,156.999810930438,,,2460000.0
1994-02-22,157.974965035596,156.999810930438,157.974965035596,156.999810930438,,,2460000.0
1994-02-23,158.950119140754,157.974965035596,157.974965035596,158.950119140754,,,2460000.0
1994-02-24,157.974965035596,156.999810930438,157.974965035596,156.999810930438,,,2460000.0
1994-02-25,156.999810930438,153.09919450980598,156.999810930438,153.09919450980598,,,2460000.0
1994-02-28,152.124040404648,152.124040404648,152.124040404648,152.124040404648,,,2460000.0
1994-03-01,152.124040404648,151.14888629949002,151.14888629949002,152.124040404648,,,2460000.0
1994-03-02,151.14888629949002,151.14888629949002,151.14888629949002,151.14888629949002,,,2460000.0
1994-03-03,151.14888629949002,151.14888629949002,151.14888629949002,151.14888629949002,,,2460000.0
1994-03-04,151.14888629949002,151.14888629949002,151.14888629949002,151.14888629949002,,,2460000.0
1994-03-07,151.14888629949002,151.14888629949002,151.14888629949002,151.14888629949002,,,2460000.0
1994-03-08,151.14888629949002,151.14888629949002,151.14888629949002,151.14888629949002,,,2460000.0
1994-03-09,151.14888629949002,151.14888629949002,151.14888629949002,151.14888629949002,,,2460000.0
1994-03-10,151.14888629949002,151.14888629949002,151.14888629949002,151.14888629949002,,,2460000.0
1994-03-11,152.124040404648,151.14888629949002,151.14888629949002,152.124040404648,,,2460000.0
1994-03-14,151.14888629949002,151.14888629949002,151.14888629949002,151.14888629949002,,,2460000.0
1994-03-15,151.14888629949002,151.14888629949002,151.14888629949002,151.14888629949002,,,2460000.0
1994-03-16,152.124040404648,151.14888629949002,151.14888629949002,152.124040404648,,,2460000.0
1994-03-17,152.124040404648,151.14888629949002,151.14888629949002,152.124040404648,,,2460000.0
1994-03-18,152.124040404648,151.14888629949002,151.14888629949002,152.124040404648,,,2460000.0
1994-03-21,152.124040404648,151.14888629949002,151.14888629949002,152.124040404648,,,2460000.0
1994-03-22,152.124040404648,151.14888629949002,151.14888629949002,152.124040404648,,,2460000.0
1994-03-23,152.124040404648,151.14888629949002,151.14888629949002,152.124040404648,,,2460000.0
1994-03-24,152.124040404648,151.14888629949002,151.14888629949002,152.124040404648,,,2460000.0
1994-03-25,151.14888629949002,151.14888629949002,151.14888629949002,151.14888629949002,,,2460000.0
1994-03-28,151.14888629949002,151.14888629949002,151.14888629949002,151.14888629949002,,,2460000.0
1994-03-29,151.14888629949002,151.14888629949002,151.14888629949002,151.14888629949002,,,2460000.0
1994-03-30,151.14888629949002,151.14888629949002,151.14888629949002,151.14888629949002,,,2460000.0
1994-03-31,151.14888629949002,151.14888629949002,151.14888629949002,151.14888629949002,,,2460000.0
1994-04-05,151.14888629949002,151.14888629949002,151.14888629949002,151.14888629949002,,,2460000.0
1994-04-06,151.14888629949002,151.14888629949002,151.14888629949002,151.14888629949002,,,2460000.0
1994-04-07,151.14888629949002,151.14888629949002,151.14888629949002,151.14888629949002,,,2460000.0
1994-04-08,151.14888629949002,151.14888629949002,151.14888629949002,151.14888629949002,,,2460000.0
1994-04-11,151.14888629949002,151.14888629949002,151.14888629949002,151.14888629949002,,,2460000.0
1994-04-12,151.14888629949002,151.14888629949002,151.14888629949002,151.14888629949002,,,2460000.0
1994-04-13,151.14888629949002,151.14888629949002,151.14888629949002,151.14888629949002,,,2460000.0
1994-04-14,151.14888629949002,151.14888629949002,151.14888629949002,151.14888629949002,,,2460000.0
1994-04-15,151.14888629949002,151.14888629949002,151.14888629949002,151.14888629949002,,,2460000.0
1994-04-18,151.14888629949002,151.14888629949002,151.14888629949002,151.14888629949002,,,2460000.0
1994-04-19,151.14888629949002,151.14888629949002,151.14888629949002,151.14888629949002,,,2460000.0
1994-04-20,151.14888629949002,151.14888629949002,151.14888629949002,151.14888629949002,,,2460000.0
1994-04-21,151.14888629949002,151.14888629949002,151.14888629949002,151.14888629949002,,,2460000.0
1994-04-22,151.14888629949002,151.14888629949002,151.14888629949002,151.14888629949002,,,2460000.0
1994-04-25,151.14888629949002,151.14888629949002,151.14888629949002,151.14888629949002,,,2460000.0
1994-04-26,151.14888629949002,151.14888629949002,151.14888629949002,151.14888629949002,,,2460000.0
1994-04-27,153.09919450980598,151.14888629949002,153.09919450980598,151.14888629949002,,,2460000.0
1994-04-28,155.049502720122,153.09919450980598,153.09919450980598,155.049502720122,,,2460000.0
1994-04-29,155.049502720122,153.09919450980598,153.09919450980598,155.049502720122,,,2460000.0
1994-05-03,154.07434861496398,153.09919450980598,153.09919450980598,154.07434861496398,,,2460000.0
1994-05-04,153.09919450980598,152.124040404648,152.124040404648,153.09919450980598,,,2460000.0
1994-05-05,153.09919450980598,152.124040404648,152.124040404648,153.09919450980598,,,2460000.0
1994-05-06,153.09919450980598,151.14888629949002,151.14888629949002,153.09919450980598,,,2460000.0
1994-05-09,152.124040404648,151.14888629949002,151.14888629949002,152.124040404648,,,2460000.0
1994-05-10,152.124040404648,151.14888629949002,151.14888629949002,152.124040404648,,,2460000.0
1994-05-11,152.124040404648,151.14888629949002,151.14888629949002,152.124040404648,,,2460000.0
1994-05-12,151.14888629949002,150.17373219433202,151.14888629949002,150.17373219433202,,,2460000.0
1994-05-13,152.124040404648,151.14888629949002,151.14888629949002,152.124040404648,,,2460000.0
1994-05-16,152.124040404648,151.14888629949002,151.14888629949002,152.124040404648,,,2460000.0
1994-05-17,152.124040404648,151.14888629949002,152.124040404648,152.124040404648,,,2460000.0
1994-05-18,153.09919450980598,152.124040404648,153.09919450980598,152.124040404648,,,2460000.0
1994-05-19,153.09919450980598,152.124040404648,153.09919450980598,152.124040404648,,,2460000.0
1994-05-20,155.049502720122,153.09919450980598,155.049502720122,154.07434861496398,,,2460000.0
1994-05-23,156.02465682528,155.049502720122,155.049502720122,156.02465682528,,,2460000.0
1994-05-24,156.02465682528,156.02465682528,156.02465682528,156.02465682528,,,2460000.0
1994-05-25,156.02465682528,156.02465682528,156.02465682528,156.02465682528,,,2460000.0
1994-05-26,156.02465682528,156.02465682528,156.02465682528,156.02465682528,,,2460000.0
1994-05-27,156.02465682528,155.049502720122,156.02465682528,155.049502720122,,,2460000.0
1994-05-31,156.999810930438,156.02465682528,156.02465682528,156.999810930438,,,2460000.0
1994-06-01,156.02465682528,156.02465682528,156.02465682528,156.02465682528,,,2460000.0
1994-06-02,156.02465682528,156.02465682528,156.02465682528,156.02465682528,,,2460000.0
1994-06-03,156.02465682528,156.02465682528,156.02465682528,156.02465682528,,,2460000.0
1994-06-06,156.02465682528,156.02465682528,156.02465682528,156.02465682528,,,2460000.0
1994-06-07,156.02465682528,156.02465682528,156.02465682528,156.02465682528,,,2460000.0
1994-06-08,156.02465682528,156.02465682528,156.02465682528,156.02465682528,,,2460000.0
1994-06-09,156.02465682528,156.02465682528,156.02465682528,156.02465682528,,,2460000.0
1994-06-10,156.02465682528,156.02465682528,156.02465682528,156.02465682528,,,2460000.0
1994-06-13,156.02465682528,156.02465682528,156.02465682528,156.02465682528,,,2460000.0
1994-06-14,156.02465682528,156.02465682528,156.02465682528,156.02465682528,,,2460000.0
1994-06-15,156.02465682528,156.02465682528,156.02465682528,156.02465682528,,,2460000.0
1994-06-16,156.02465682528,156.02465682528,156.02465682528,156.02465682528,,,2460000.0
1994-06-17,156.02465682528,156.02465682528,156.02465682528,156.02465682528,,,2460000.0
1994-06-20,156.02465682528,156.02465682528,156.02465682528,156.02465682528,,,2460000.0
1994-06-21,156.02465682528,155.049502720122,156.02465682528,155.049502720122,,,2460000.0
1994-06-22,156.02465682528,156.02465682528,156.02465682528,156.02465682528,,,2460000.0
1994-06-23,156.02465682528,155.049502720122,156.02465682528,155.049502720122,,,2460000.0
1994-06-24,156.999810930438,156.02465682528,156.02465682528,156.999810930438,,,2460000.0
1994-06-27,156.02465682528,156.02465682528,156.02465682528,156.02465682528,,,2460000.0
1994-06-28,156.02465682528,156.02465682528,156.02465682528,156.02465682528,,,2460000.0
1994-06-29,156.02465682528,155.049502720122,156.02465682528,155.049502720122,,,2460000.0
1994-06-30,156.02465682528,154.07434861496398,154.07434861496398,155.049502720122,,,2460000.0
1994-07-01,154.07434861496398,154.07434861496398,154.07434861496398,154.07434861496398,,,2460000.0
1994-07-04,154.07434861496398,154.07434861496398,154.07434861496398,154.07434861496398,,,2460000.0
1994-07-05,154.07434861496398,154.07434861496398,154.07434861496398,154.07434861496398,,,2460000.0
1994-07-06,154.07434861496398,154.07434861496398,154.07434861496398,154.07434861496398,,,2460000.0
1994-07-07,154.07434861496398,154.07434861496398,154.07434861496398,154.07434861496398,,,2460000.0
1994-07-08,154.07434861496398,154.07434861496398,154.07434861496398,154.07434861496398,,,2460000.0
1994-07-11,155.049502720122,154.07434861496398,154.07434861496398,155.049502720122,,,2460000.0
1994-07-12,154.07434861496398,154.07434861496398,154.07434861496398,154.07434861496398,,,2460000.0
1994-07-13,154.07434861496398,154.07434861496398,154.07434861496398,154.07434861496398,,,2460000.0
1994-07-14,154.07434861496398,154.07434861496398,154.07434861496398,154.07434861496398,,,2460000.0
1994-07-15,155.049502720122,154.07434861496398,154.07434861496398,155.049502720122,,,2460000.0
1994-07-18,155.049502720122,154.07434861496398,154.07434861496398,155.049502720122,,,2460000.0
1994-07-19,154.07434861496398,154.07434861496398,154.07434861496398,154.07434861496398,,,2460000.0
1994-07-20,154.07434861496398,154.07434861496398,154.07434861496398,154.07434861496398,,,2460000.0
1994-07-21,155.049502720122,154.07434861496398,154.07434861496398,155.049502720122,,,2460000.0
1994-07-22,155.049502720122,154.07434861496398,154.07434861496398,155.049502720122,,,2460000.0
1994-07-25,154.07434861496398,154.07434861496398,154.07434861496398,154.07434861496398,,,2460000.0
1994-07-26,154.07434861496398,154.07434861496398,154.07434861496398,154.07434861496398,,,2460000.0
1994-07-27,154.07434861496398,154.07434861496398,154.07434861496398,154.07434861496398,,,2460000.0
1994-07-28,154.07434861496398,154.07434861496398,154.07434861496398,154.07434861496398,,,2460000.0
1994-07-29,154.07434861496398,154.07434861496398,154.07434861496398,154.07434861496398,,,2460000.0
1994-08-01,151.14888629949002,151.14888629949002,151.14888629949002,151.14888629949002,,,2460000.0
1994-08-02,151.14888629949002,151.14888629949002,151.14888629949002,151.14888629949002,,,2460000.0
1994-08-03,151.14888629949002,151.14888629949002,151.14888629949002,151.14888629949002,,,2460000.0
1994-08-04,151.14888629949002,151.14888629949002,151.14888629949002,151.14888629949002,,,2460000.0
1994-08-05,152.124040404648,151.14888629949002,151.14888629949002,152.124040404648,,,2460000.0
1994-08-08,151.14888629949002,151.14888629949002,151.14888629949002,151.14888629949002,,,2460000.0
1994-08-09,151.14888629949002,151.14888629949002,151.14888629949002,151.14888629949002,,,2460000.0
1994-08-10,151.14888629949002,151.14888629949002,151.14888629949002,151.14888629949002,,,2460000.0
1994-08-11,151.14888629949002,151.14888629949002,151.14888629949002,151.14888629949002,,,2460000.0
1994-08-12,150.17373219433202,149.19857808917402,150.17373219433202,149.19857808917402,,,2460000.0
1994-08-15,150.17373219433202,150.17373219433202,150.17373219433202,150.17373219433202,,,2460000.0
1994-08-16,150.17373219433202,150.17373219433202,150.17373219433202,150.17373219433202,,,2460000.0
1994-08-17,151.14888629949002,150.17373219433202,151.14888629949002,150.17373219433202,,,2460000.0
1994-08-18,151.14888629949002,151.14888629949002,151.14888629949002,151.14888629949002,,,2460000.0
1994-08-19,151.14888629949002,151.14888629949002,151.14888629949002,151.14888629949002,,,2460000.0
1994-08-22,151.14888629949002,151.14888629949002,151.14888629949002,151.14888629949002,,,2460000.0
1994-08-23,151.14888629949002,151.14888629949002,151.14888629949002,151.14888629949002,,,2460000.0
1994-08-24,151.14888629949002,151.14888629949002,151.14888629949002,151.14888629949002,,,2460000.0
1994-08-25,151.14888629949002,151.14888629949002,151.14888629949002,151.14888629949002,,,2460000.0
1994-08-26,151.14888629949002,151.14888629949002,151.14888629949002,151.14888629949002,,,2460000.0
1994-08-30,151.14888629949002,151.14888629949002,151.14888629949002,151.14888629949002,,,2460000.0
1994-08-31,152.124040404648,151.14888629949002,151.14888629949002,152.124040404648,,,2460000.0
1994-09-01,151.14888629949002,151.14888629949002,151.14888629949002,151.14888629949002,,,2460000.0
1994-09-02,151.14888629949002,151.14888629949002,151.14888629949002,151.14888629949002,,,2460000.0
1994-09-05,152.124040404648,151.14888629949002,152.124040404648,151.14888629949002,,,2460000.0
1994-09-06,152.124040404648,152.124040404648,152.124040404648,152.124040404648,,,2460000.0
1994-09-07,152.124040404648,152.124040404648,152.124040404648,152.124040404648,,,2460000.0
1994-09-08,152.124040404648,152.124040404648,152.124040404648,152.124040404648,,,2460000.0
1994-09-09,152.124040404648,152.124040404648,152.124040404648,152.124040404648,,,2460000.0
1994-09-12,152.124040404648,152.124040404648,152.124040404648,152.124040404648,,,2460000.0
1994-09-13,152.124040404648,152.124040404648,152.124040404648,152.124040404648,,,2460000.0
1994-09-14,152.124040404648,152.124040404648,152.124040404648,152.124040404648,,,2460000.0
1994-09-15,152.124040404648,152.124040404648,152.124040404648,152.124040404648,,,2460000.0
1994-09-16,152.124040404648,152.124040404648,152.124040404648,152.124040404648,,,2460000.0
1994-09-19,152.124040404648,152.124040404648,152.124040404648,152.124040404648,,,2460000.0
1994-09-20,152.124040404648,152.124040404648,152.124040404648,152.124040404648,,,2460000.0
1994-09-21,152.124040404648,152.124040404648,152.124040404648,152.124040404648,,,2460000.0
1994-09-22,152.124040404648,152.124040404648,152.124040404648,152.124040404648,,,2460000.0
1994-09-23,152.124040404648,152.124040404648,152.124040404648,152.124040404648,,,2460000.0
1994-09-26,152.124040404648,152.124040404648,152.124040404648,152.124040404648,,,2460000.0
1994-09-27,152.124040404648,152.124040404648,152.124040404648,152.124040404648,,,2460000.0
1994-09-28,152.124040404648,152.124040404648,152.124040404648,152.124040404648,,,2460000.0
1994-09-29,152.124040404648,152.124040404648,152.124040404648,152.124040404648,,,2460000.0
1994-09-30,152.124040404648,152.124040404648,152.124040404648,152.124040404648,,,2460000.0
1994-10-03,152.124040404648,152.124040404648,152.124040404648,152.124040404648,,,2460000.0
1994-10-04,152.124040404648,152.124040404648,152.124040404648,152.124040404648,,,2460000.0
1994-10-05,152.124040404648,151.14888629949002,151.14888629949002,152.124040404648,,,2460000.0
1994-10-06,151.14888629949002,151.14888629949002,151.14888629949002,151.14888629949002,,,2460000.0
1994-10-07,152.124040404648,151.14888629949002,151.14888629949002,152.124040404648,,,2460000.0
1994-10-10,151.14888629949002,151.14888629949002,151.14888629949002,151.14888629949002,,,2460000.0
1994-10-11,151.14888629949002,151.14888629949002,151.14888629949002,151.14888629949002,,,2460000.0
1994-10-12,151.14888629949002,151.14888629949002,151.14888629949002,151.14888629949002,,,2460000.0
1994-10-13,151.14888629949002,151.14888629949002,151.14888629949002,151.14888629949002,,,2460000.0
1994-10-14,152.124040404648,151.14888629949002,151.14888629949002,152.124040404648,,,2460000.0
1994-10-17,151.14888629949002,151.14888629949002,151.14888629949002,151.14888629949002,,,2460000.0
1994-10-18,152.124040404648,151.14888629949002,151.14888629949002,152.124040404648,,,2460000.0
1994-10-19,151.14888629949002,151.14888629949002,151.14888629949002,151.14888629949002,,,2460000.0
1994-10-20,151.14888629949002,151.14888629949002,151.14888629949002,151.14888629949002,,,2460000.0
1994-10-21,151.14888629949002,151.14888629949002,151.14888629949002,151.14888629949002,,,2460000.0
1994-10-24,152.124040404648,151.14888629949002,151.14888629949002,151.14888629949002,,,2460000.0
1994-10-25,151.14888629949002,151.14888629949002,151.14888629949002,151.14888629949002,,,2460000.0
1994-10-26,151.14888629949002,151.14888629949002,151.14888629949002,151.14888629949002,,,2460000.0
1994-10-27,151.14888629949002,151.14888629949002,151.14888629949002,151.14888629949002,,,2460000.0
1994-10-28,151.14888629949002,151.14888629949002,151.14888629949002,151.14888629949002,,,2460000.0
1994-10-31,151.14888629949002,151.14888629949002,151.14888629949002,151.14888629949002,,,2460000.0
1994-11-01,151.14888629949002,151.14888629949002,151.14888629949002,151.14888629949002,,,2460000.0
1994-11-02,151.14888629949002,151.14888629949002,151.14888629949002,151.14888629949002,,,2460000.0
1994-11-03,151.14888629949002,151.14888629949002,151.14888629949002,151.14888629949002,,,2460000.0
1994-11-04,151.14888629949002,151.14888629949002,151.14888629949002,151.14888629949002,,,2460000.0
1994-11-07,151.14888629949002,151.14888629949002,151.14888629949002,151.14888629949002,,,2460000.0
1994-11-08,151.14888629949002,151.14888629949002,151.14888629949002,151.14888629949002,,,2460000.0
1994-11-09,151.14888629949002,151.14888629949002,151.14888629949002,151.14888629949002,,,2460000.0
1994-11-10,151.14888629949002,151.14888629949002,151.14888629949002,151.14888629949002,,,2460000.0
1994-11-11,151.14888629949002,151.14888629949002,151.14888629949002,151.14888629949002,,,2460000.0
1994-11-14,151.14888629949002,151.14888629949002,151.14888629949002,151.14888629949002,,,2460000.0
1994-11-15,151.14888629949002,151.14888629949002,151.14888629949002,151.14888629949002,,,2460000.0
1994-11-16,151.14888629949002,151.14888629949002,151.14888629949002,151.14888629949002,,,2460000.0
1994-11-17,151.14888629949002,151.14888629949002,151.14888629949002,151.14888629949002,,,2460000.0
1994-11-18,151.14888629949002,151.14888629949002,151.14888629949002,151.14888629949002,,,2460000.0
1994-11-21,151.14888629949002,151.14888629949002,151.14888629949002,151.14888629949002,,,2460000.0
1994-11-22,151.14888629949002,151.14888629949002,151.14888629949002,151.14888629949002,,,2460000.0
1994-11-23,151.14888629949002,151.14888629949002,151.14888629949002,151.14888629949002,,,2460000.0
1994-11-24,151.14888629949002,151.14888629949002,151.14888629949002,151.14888629949002,,,2460000.0
1994-11-25,151.14888629949002,151.14888629949002,151.14888629949002,151.14888629949002,,,2460000.0
1994-11-28,151.14888629949002,151.14888629949002,151.14888629949002,151.14888629949002,,,2460000.0
1994-11-29,151.14888629949002,151.14888629949002,151.14888629949002,151.14888629949002,,,2460000.0
1994-11-30,151.14888629949002,151.14888629949002,151.14888629949002,151.14888629949002,,,2460000.0
1994-12-01,151.14888629949002,151.14888629949002,151.14888629949002,151.14888629949002,,,2460000.0
1994-12-02,151.14888629949002,151.14888629949002,151.14888629949002,151.14888629949002,,,2460000.0
1994-12-05,151.14888629949002,151.14888629949002,151.14888629949002,151.14888629949002,,,2460000.0
1994-12-06,151.14888629949002,151.14888629949002,151.14888629949002,151.14888629949002,,,2460000.0
1994-12-07,151.14888629949002,151.14888629949002,151.14888629949002,151.14888629949002,,,2460000.0
1994-12-08,151.14888629949002,151.14888629949002,151.14888629949002,151.14888629949002,,,2460000.0
1994-12-09,151.14888629949002,151.14888629949002,151.14888629949002,151.14888629949002,,,2460000.0
1994-12-12,151.14888629949002,151.14888629949002,151.14888629949002,151.14888629949002,,,2460000.0
1994-12-13,151.14888629949002,151.14888629949002,151.14888629949002,151.14888629949002,,,2460000.0
1994-12-14,151.14888629949002,151.14888629949002,151.14888629949002,151.14888629949002,,,2460000.0
1994-12-15,151.14888629949002,151.14888629949002,151.14888629949002,151.14888629949002,,,2460000.0
1994-12-16,151.14888629949002,151.14888629949002,151.14888629949002,151.14888629949002,,,2460000.0
1994-12-19,151.14888629949002,151.14888629949002,151.14888629949002,151.14888629949002,,,2460000.0
1994-12-20,151.14888629949002,151.14888629949002,151.14888629949002,151.14888629949002,,,2460000.0
1994-12-21,151.14888629949002,151.14888629949002,151.14888629949002,151.14888629949002,,,2460000.0
1994-12-22,151.14888629949002,151.14888629949002,151.14888629949002,151.14888629949002,,,2460000.0
1994-12-23,151.14888629949002,151.14888629949002,151.14888629949002,151.14888629949002,,,2460000.0
1994-12-28,151.14888629949002,151.14888629949002,151.14888629949002,151.14888629949002,,,2460000.0
1994-12-29,151.14888629949002,151.14888629949002,151.14888629949002,151.14888629949002,,,2460000.0
1994-12-30,151.14888629949002,151.14888629949002,151.14888629949002,151.14888629949002,,,2460000.0
1995-01-03,151.14888629949002,151.14888629949002,151.14888629949002,151.14888629949002,,,2460000.0
1995-01-04,151.14888629949002,151.14888629949002,151.14888629949002,151.14888629949002,,,2460000.0
1995-01-05,151.14888629949002,151.14888629949002,151.14888629949002,151.14888629949002,,,2460000.0
1995-01-06,151.14888629949002,151.14888629949002,151.14888629949002,151.14888629949002,,,2460000.0
1995-01-09,151.14888629949002,151.14888629949002,151.14888629949002,151.14888629949002,,,2460000.0
1995-01-10,151.14888629949002,151.14888629949002,151.14888629949002,151.14888629949002,,,2460000.0
1995-01-11,151.14888629949002,151.14888629949002,151.14888629949002,151.14888629949002,,,2460000.0
1995-01-12,151.14888629949002,151.14888629949002,151.14888629949002,151.14888629949002,,,2460000.0
1995-01-13,151.14888629949002,151.14888629949002,151.14888629949002,151.14888629949002,,,2460000.0
1995-01-16,151.14888629949002,151.14888629949002,151.14888629949002,151.14888629949002,,,2460000.0
1995-01-17,151.14888629949002,151.14888629949002,151.14888629949002,151.14888629949002,,,2460000.0
1995-01-18,151.14888629949002,151.14888629949002,151.14888629949002,151.14888629949002,,,2460000.0
1995-01-19,151.14888629949002,151.14888629949002,151.14888629949002,151.14888629949002,,,2460000.0
1995-01-20,151.14888629949002,151.14888629949002,151.14888629949002,151.14888629949002,,,2460000.0
1995-01-23,151.14888629949002,151.14888629949002,151.14888629949002,151.14888629949002,,,2460000.0
1995-01-24,151.14888629949002,151.14888629949002,151.14888629949002,151.14888629949002,,,2460000.0
1995-01-25,151.14888629949002,151.14888629949002,151.14888629949002,151.14888629949002,,,2460000.0
1995-01-26,151.14888629949002,151.14888629949002,151.14888629949002,151.14888629949002,,,2460000.0
1995-01-27,151.14888629949002,151.14888629949002,151.14888629949002,151.14888629949002,,,2460000.0
1995-01-30,151.14888629949002,151.14888629949002,151.14888629949002,151.14888629949002,,,2460000.0
1995-01-31,151.14888629949002,151.14888629949002,151.14888629949002,151.14888629949002,,,2460000.0
1995-02-01,151.14888629949002,151.14888629949002,151.14888629949002,151.14888629949002,,,2460000.0
1995-02-02,151.14888629949002,151.14888629949002,151.14888629949002,151.14888629949002,,,2460000.0
1995-02-03,151.14888629949002,151.14888629949002,151.14888629949002,151.14888629949002,,,2460000.0
1995-02-06,151.14888629949002,151.14888629949002,151.14888629949002,151.14888629949002,,,2460000.0
1995-02-07,151.14888629949002,151.14888629949002,151.14888629949002,151.14888629949002,,,2460000.0
1995-02-08,151.14888629949002,151.14888629949002,151.14888629949002,151.14888629949002,,,2460000.0
1995-02-09,151.14888629949002,151.14888629949002,151.14888629949002,151.14888629949002,,,2460000.0
1995-02-10,151.14888629949002,151.14888629949002,151.14888629949002,151.14888629949002,,,2460000.0
1995-02-13,151.14888629949002,151.14888629949002,151.14888629949002,151.14888629949002,,,2460000.0
1995-02-14,152.124040404648,151.14888629949002,151.14888629949002,152.124040404648,,,2460000.0
1995-02-15,151.14888629949002,151.14888629949002,151.14888629949002,151.14888629949002,,,2460000.0
1995-02-16,151.14888629949002,150.17373219433202,151.14888629949002,150.17373219433202,,,2460000.0
1995-02-17,151.14888629949002,150.17373219433202,151.14888629949002,150.17373219433202,,,2460000.0
1995-02-20,151.14888629949002,151.14888629949002,151.14888629949002,151.14888629949002,,,2460000.0
1995-02-21,151.14888629949002,151.14888629949002,151.14888629949002,151.14888629949002,,,2460000.0
1995-02-22,151.14888629949002,150.17373219433202,151.14888629949002,150.17373219433202,,,2460000.0
1995-02-23,151.14888629949002,151.14888629949002,151.14888629949002,151.14888629949002,,,2460000.0
1995-02-24,151.14888629949002,151.14888629949002,151.14888629949002,151.14888629949002,,,2460000.0
1995-02-27,151.14888629949002,150.17373219433202,151.14888629949002,151.14888629949002,,,2460000.0
1995-02-28,151.14888629949002,151.14888629949002,151.14888629949002,151.14888629949002,,,2460000.0
1995-03-01,151.14888629949002,151.14888629949002,151.14888629949002,151.14888629949002,,,2460000.0
1995-03-02,151.14888629949002,151.14888629949002,151.14888629949002,151.14888629949002,,,2460000.0
1995-03-03,151.14888629949002,151.14888629949002,151.14888629949002,151.14888629949002,,,2460000.0
1995-03-06,144.322807563384,144.322807563384,144.322807563384,144.322807563384,,,2460000.0
1995-03-07,144.322807563384,144.322807563384,144.322807563384,144.322807563384,,,2460000.0
1995-03-08,144.322807563384,144.322807563384,144.322807563384,144.322807563384,,,2460000.0
1995-03-09,144.322807563384,144.322807563384,144.322807563384,144.322807563384,,,2460000.0
1995-03-10,144.322807563384,144.322807563384,144.322807563384,144.322807563384,,,2460000.0
1995-03-13,144.322807563384,144.322807563384,144.322807563384,144.322807563384,,,2460000.0
1995-03-14,144.322807563384,144.322807563384,144.322807563384,144.322807563384,,,2460000.0
1995-03-15,144.322807563384,144.322807563384,144.322807563384,144.322807563384,,,2460000.0
1995-03-16,144.322807563384,144.322807563384,144.322807563384,144.322807563384,,,2460000.0
1995-03-17,144.322807563384,144.322807563384,144.322807563384,144.322807563384,,,2460000.0
1995-03-20,145.297961668542,144.322807563384,145.297961668542,144.322807563384,,,2460000.0
1995-03-21,147.248269878858,145.297961668542,147.248269878858,146.2731157737,,,2460000.0
1995-03-22,147.248269878858,146.2731157737,146.2731157737,147.248269878858,,,2460000.0
1995-03-23,146.2731157737,146.2731157737,146.2731157737,146.2731157737,,,2460000.0
1995-03-24,145.297961668542,144.322807563384,145.297961668542,144.322807563384,,,2460000.0
1995-03-27,145.297961668542,144.322807563384,145.297961668542,144.322807563384,,,2460000.0
1995-03-28,145.297961668542,144.322807563384,145.297961668542,144.322807563384,,,2460000.0
1995-03-29,145.297961668542,144.322807563384,144.322807563384,144.322807563384,,,2460000.0
1995-03-30,144.322807563384,142.372499353068,142.372499353068,144.322807563384,,,2460000.0
1995-03-31,142.372499353068,142.372499353068,142.372499353068,142.372499353068,,,2460000.0
1995-04-03,142.372499353068,142.372499353068,142.372499353068,142.372499353068,,,2460000.0
1995-04-04,142.372499353068,142.372499353068,142.372499353068,142.372499353068,,,2460000.0
1995-04-05,142.372499353068,142.372499353068,142.372499353068,142.372499353068,,,2460000.0
1995-04-06,142.372499353068,142.372499353068,142.372499353068,142.372499353068,,,2460000.0
1995-04-07,142.372499353068,142.372499353068,142.372499353068,142.372499353068,,,2460000.0
1995-04-10,142.372499353068,142.372499353068,142.372499353068,142.372499353068,,,2460000.0
1995-04-11,142.372499353068,142.372499353068,142.372499353068,142.372499353068,,,2460000.0
1995-04-12,143.347653458226,142.372499353068,143.347653458226,142.372499353068,,,2460000.0
1995-04-13,144.322807563384,143.347653458226,143.347653458226,144.322807563384,,,2460000.0
1995-04-18,144.322807563384,143.347653458226,143.347653458226,144.322807563384,,,2460000.0
1995-04-19,144.322807563384,143.347653458226,143.347653458226,144.322807563384,,,2460000.0
1995-04-20,144.322807563384,143.347653458226,143.347653458226,144.322807563384,,,2460000.0
1995-04-21,144.322807563384,143.347653458226,144.322807563384,144.322807563384,,,2460000.0
1995-04-24,146.2731157737,144.322807563384,144.322807563384,146.2731157737,,,2460000.0
1995-04-25,146.2731157737,144.322807563384,144.322807563384,146.2731157737,,,2460000.0
1995-04-26,146.2731157737,145.297961668542,145.297961668542,146.2731157737,,,2460000.0
1995-04-27,146.2731157737,145.297961668542,145.297961668542,146.2731157737,,,2460000.0
1995-04-28,146.2731157737,145.297961668542,145.297961668542,146.2731157737,,,2460000.0
1995-05-01,146.2731157737,145.297961668542,145.297961668542,146.2731157737,,,2460000.0
1995-05-02,146.2731157737,145.297961668542,145.297961668542,146.2731157737,,,2460000.0
1995-05-03,146.2731157737,145.297961668542,146.2731157737,146.2731157737,,,2460000.0
1995-05-04,147.248269878858,146.2731157737,147.248269878858,146.2731157737,,,2460000.0
1995-05-05,147.248269878858,147.248269878858,147.248269878858,147.248269878858,,,2460000.0
1995-05-09,148.22342398401602,147.248269878858,148.22342398401602,147.248269878858,,,2460000.0
1995-05-10,149.19857808917402,148.22342398401602,148.22342398401602,148.22342398401602,,,2460000.0
1995-05-11,149.19857808917402,148.22342398401602,149.19857808917402,149.19857808917402,,,2460000.0
1995-05-12,149.19857808917402,149.19857808917402,149.19857808917402,149.19857808917402,,,2460000.0
1995-05-15,149.19857808917402,149.19857808917402,149.19857808917402,149.19857808917402,,,2460000.0
1995-05-16,149.19857808917402,149.19857808917402,149.19857808917402,149.19857808917402,,,2460000.0
1995-05-17,149.19857808917402,149.19857808917402,149.19857808917402,149.19857808917402,,,2460000.0
1995-05-18,149.19857808917402,149.19857808917402,149.19857808917402,149.19857808917402,,,2460000.0
1995-05-19,150.17373219433202,149.19857808917402,149.19857808917402,150.17373219433202,,,2460000.0
1995-05-22,149.19857808917402,149.19857808917402,149.19857808917402,149.19857808917402,,,2460000.0
1995-05-23,150.17373219433202,149.19857808917402,150.17373219433202,149.19857808917402,,,2460000.0
1995-05-24,151.14888629949002,150.17373219433202,150.17373219433202,151.14888629949002,,,2460000.0
1995-05-25,152.124040404648,151.14888629949002,152.124040404648,151.14888629949002,,,2460000.0
1995-05-26,153.09919450980598,152.124040404648,152.124040404648,152.124040404648,,,2460000.0
1995-05-30,153.09919450980598,152.124040404648,153.09919450980598,152.124040404648,,,2460000.0
1995-05-31,153.09919450980598,152.124040404648,153.09919450980598,152.124040404648,,,2460000.0
1995-06-01,154.07434861496398,153.09919450980598,154.07434861496398,154.07434861496398,,,2460000.0
1995-06-02,155.049502720122,153.09919450980598,155.049502720122,153.09919450980598,,,2460000.0
1995-06-05,156.02465682528,155.049502720122,155.049502720122,156.02465682528,,,2460000.0
1995-06-06,156.02465682528,156.02465682528,156.02465682528,156.02465682528,,,2460000.0
1995-06-07,156.02465682528,156.02465682528,156.02465682528,156.02465682528,,,2460000.0
1995-06-08,156.02465682528,156.02465682528,156.02465682528,156.02465682528,,,2460000.0
1995-06-09,156.02465682528,156.02465682528,156.02465682528,156.02465682528,,,2460000.0
1995-06-12,156.999810930438,156.02465682528,156.02465682528,156.999810930438,,,2460000.0
1995-06-13,156.02465682528,156.02465682528,156.02465682528,156.02465682528,,,2460000.0
1995-06-14,156.02465682528,156.02465682528,156.02465682528,156.02465682528,,,2460000.0
1995-06-15,156.02465682528,156.02465682528,156.02465682528,156.02465682528,,,2460000.0
1995-06-16,156.02465682528,156.02465682528,156.02465682528,156.02465682528,,,2460000.0
1995-06-19,156.999810930438,156.02465682528,156.999810930438,156.999810930438,,,2460000.0
1995-06-20,158.950119140754,157.974965035596,157.974965035596,158.950119140754,,,2460000.0
1995-06-21,158.950119140754,157.974965035596,157.974965035596,158.950119140754,,,2460000.0
1995-06-22,158.950119140754,157.974965035596,157.974965035596,157.974965035596,,,2460000.0
1995-06-23,158.950119140754,156.999810930438,158.950119140754,156.999810930438,,,2460000.0
1995-06-26,158.950119140754,156.999810930438,156.999810930438,158.950119140754,,,2460000.0
1995-06-27,156.999810930438,156.999810930438,156.999810930438,156.999810930438,,,2460000.0
1995-06-28,156.999810930438,156.02465682528,156.999810930438,156.02465682528,,,2460000.0
1995-06-29,156.999810930438,156.999810930438,156.999810930438,156.999810930438,,,2460000.0
1995-06-30,156.999810930438,156.02465682528,156.999810930438,156.02465682528,,,2460000.0
1995-07-03,156.999810930438,156.999810930438,156.999810930438,156.999810930438,,,2460000.0
1995-07-04,156.999810930438,156.999810930438,156.999810930438,156.999810930438,,,2460000.0
1995-07-05,157.974965035596,156.999810930438,157.974965035596,156.999810930438,,,2460000.0
1995-07-06,157.974965035596,156.999810930438,157.974965035596,156.999810930438,,,2460000.0
1995-07-07,158.950119140754,158.950119140754,158.950119140754,158.950119140754,,,2460000.0
1995-07-10,158.950119140754,158.950119140754,158.950119140754,158.950119140754,,,2460000.0
1995-07-11,158.950119140754,158.950119140754,158.950119140754,158.950119140754,,,2460000.0
1995-07-12,160.90042735107,158.950119140754,160.90042735107,158.950119140754,,,2460000.0
1995-07-13,160.90042735107,160.90042735107,160.90042735107,160.90042735107,,,2460000.0
1995-07-14,160.90042735107,160.90042735107,160.90042735107,160.90042735107,,,2460000.0
1995-07-17,161.875581456228,160.90042735107,161.875581456228,160.90042735107,,,2460000.0
1995-07-18,162.85073556138602,162.85073556138602,162.85073556138602,162.85073556138602,,,2460000.0
1995-07-19,165.77619787686,163.825889666544,163.825889666544,165.77619787686,,,2460000.0
1995-07-20,166.751351982018,164.313466719123,166.751351982018,166.751351982018,,,2460000.0
1995-07-21,166.751351982018,166.751351982018,166.751351982018,166.751351982018,,,2460000.0
1995-07-24,168.701660192334,166.751351982018,168.701660192334,166.751351982018,,,2460000.0
1995-07-25,170.65196840265,169.676814297492,170.65196840265,170.65196840265,,,2460000.0
1995-07-26,172.602276612966,170.65196840265,172.602276612966,170.65196840265,,,2460000.0
1995-07-27,172.602276612966,172.602276612966,172.602276612966,172.602276612966,,,2460000.0
1995-07-28,172.602276612966,172.602276612966,172.602276612966,172.602276612966,,,2460000.0
1995-07-31,174.552584823282,172.602276612966,173.577430718124,174.552584823282,,,2460000.0
1995-08-01,174.552584823282,173.577430718124,173.577430718124,174.552584823282,,,2460000.0
1995-08-02,173.577430718124,173.577430718124,173.577430718124,173.577430718124,,,2460000.0
1995-08-03,174.552584823282,173.577430718124,174.552584823282,173.577430718124,,,2460000.0
1995-08-04,175.52773892844,175.52773892844,175.52773892844,175.52773892844,,,2460000.0
1995-08-07,175.52773892844,175.52773892844,175.52773892844,175.52773892844,,,2460000.0
1995-08-08,176.502893033598,175.52773892844,176.502893033598,175.52773892844,,,2460000.0
1995-08-09,176.502893033598,175.52773892844,176.502893033598,175.52773892844,,,2460000.0
1995-08-10,176.502893033598,176.502893033598,176.502893033598,176.502893033598,,,2460000.0
1995-08-11,176.502893033598,176.502893033598,176.502893033598,176.502893033598,,,2460000.0
1995-08-14,176.502893033598,176.502893033598,176.502893033598,176.502893033598,,,2460000.0
1995-08-15,176.502893033598,176.502893033598,176.502893033598,176.502893033598,,,2460000.0
1995-08-16,177.478047138756,176.502893033598,177.478047138756,176.502893033598,,,2460000.0
1995-08-17,178.453201243914,176.502893033598,178.453201243914,176.502893033598,,,2460000.0
1995-08-18,178.453201243914,177.478047138756,178.453201243914,177.478047138756,,,2460000.0
1995-08-21,175.52773892844,175.52773892844,175.52773892844,175.52773892844,,,2460000.0
1995-08-22,175.52773892844,175.52773892844,175.52773892844,175.52773892844,,,2460000.0
1995-08-23,175.52773892844,175.52773892844,175.52773892844,175.52773892844,,,2460000.0
1995-08-24,175.52773892844,175.52773892844,175.52773892844,175.52773892844,,,2460000.0
1995-08-25,175.52773892844,175.52773892844,175.52773892844,175.52773892844,,,2460000.0
1995-08-29,175.52773892844,175.52773892844,175.52773892844,175.52773892844,,,2460000.0
1995-08-30,176.502893033598,175.52773892844,175.52773892844,175.52773892844,,,2460000.0
1995-08-31,175.52773892844,175.52773892844,175.52773892844,175.52773892844,,,2460000.0
1995-09-01,177.478047138756,175.52773892844,175.52773892844,177.478047138756,,,2460000.0
1995-09-04,175.52773892844,175.52773892844,175.52773892844,175.52773892844,,,2460000.0
1995-09-05,175.52773892844,175.52773892844,175.52773892844,175.52773892844,,,2460000.0
1995-09-06,175.52773892844,175.52773892844,175.52773892844,175.52773892844,,,2460000.0
1995-09-07,175.52773892844,175.52773892844,175.52773892844,175.52773892844,,,2460000.0
1995-09-08,175.52773892844,175.52773892844,175.52773892844,175.52773892844,,,2460000.0
1995-09-11,177.478047138756,175.52773892844,177.478047138756,175.52773892844,,,2460000.0
1995-09-12,177.478047138756,177.478047138756,177.478047138756,177.478047138756,,,2460000.0
1995-09-13,177.478047138756,177.478047138756,177.478047138756,177.478047138756,,,2460000.0
1995-09-14,178.453201243914,178.453201243914,178.453201243914,178.453201243914,,,2460000.0
1995-09-15,178.453201243914,178.453201243914,178.453201243914,178.453201243914,,,2460000.0
1995-09-18,178.453201243914,178.453201243914,178.453201243914,178.453201243914,,,2460000.0
1995-09-19,178.453201243914,178.453201243914,178.453201243914,178.453201243914,,,2460000.0
1995-09-20,178.453201243914,178.453201243914,178.453201243914,178.453201243914,,,2460000.0
1995-09-21,181.378663559388,178.453201243914,181.378663559388,178.453201243914,,,2460000.0
1995-09-22,181.378663559388,180.40350945423,181.378663559388,180.40350945423,,,2460000.0
1995-09-25,181.378663559388,181.378663559388,181.378663559388,181.378663559388,,,2460000.0
1995-09-26,181.378663559388,181.378663559388,181.378663559388,181.378663559388,,,2460000.0
1995-09-27,181.378663559388,181.378663559388,181.378663559388,181.378663559388,,,2460000.0
1995-09-28,181.378663559388,181.378663559388,181.378663559388,181.378663559388,,,2460000.0
1995-09-29,181.378663559388,181.378663559388,181.378663559388,181.378663559388,,,2460000.0
1995-10-02,183.328971769704,181.378663559388,182.353817664546,181.378663559388,,,2460000.0
1995-10-03,183.328971769704,182.353817664546,182.353817664546,183.328971769704,,,2460000.0
1995-10-04,183.328971769704,182.353817664546,182.353817664546,183.328971769704,,,2460000.0
1995-10-05,183.328971769704,182.353817664546,182.353817664546,183.328971769704,,,2460000.0
1995-10-06,183.328971769704,182.353817664546,182.353817664546,183.328971769704,,,2460000.0
1995-10-09,183.328971769704,182.353817664546,183.328971769704,183.328971769704,,,2460000.0
1995-10-10,183.328971769704,183.328971769704,183.328971769704,183.328971769704,,,2460000.0
1995-10-11,183.328971769704,183.328971769704,183.328971769704,183.328971769704,,,2460000.0
1995-10-12,183.328971769704,183.328971769704,183.328971769704,183.328971769704,,,2460000.0
1995-10-13,183.328971769704,183.328971769704,183.328971769704,183.328971769704,,,2460000.0
1995-10-16,183.328971769704,183.328971769704,183.328971769704,183.328971769704,,,2460000.0
1995-10-17,183.328971769704,183.328971769704,183.328971769704,183.328971769704,,,2460000.0
1995-10-18,183.328971769704,183.328971769704,183.328971769704,183.328971769704,,,2460000.0
1995-10-19,183.328971769704,183.328971769704,183.328971769704,183.328971769704,,,2460000.0
1995-10-20,185.27927998002,183.328971769704,185.27927998002,183.328971769704,,,2460000.0
1995-10-23,185.27927998002,185.27927998002,185.27927998002,185.27927998002,,,2460000.0
1995-10-24,185.27927998002,185.27927998002,185.27927998002,185.27927998002,,,2460000.0
1995-10-25,185.27927998002,185.27927998002,185.27927998002,185.27927998002,,,2460000.0
1995-10-26,185.27927998002,185.27927998002,185.27927998002,185.27927998002,,,2460000.0
1995-10-27,185.27927998002,185.27927998002,185.27927998002,185.27927998002,,,2460000.0
1995-10-30,185.27927998002,185.27927998002,185.27927998002,185.27927998002,,,2460000.0
1995-10-31,185.27927998002,185.27927998002,185.27927998002,185.27927998002,,,2460000.0
1995-11-01,185.27927998002,185.27927998002,185.27927998002,185.27927998002,,,2460000.0
1995-11-02,185.27927998002,185.27927998002,185.27927998002,185.27927998002,,,2460000.0
1995-11-03,186.254434085178,185.27927998002,186.254434085178,185.27927998002,,,2460000.0
1995-11-06,186.254434085178,186.254434085178,186.254434085178,186.254434085178,,,2460000.0
1995-11-07,186.254434085178,186.254434085178,186.254434085178,186.254434085178,,,2460000.0
1995-11-08,186.254434085178,186.254434085178,186.254434085178,186.254434085178,,,2460000.0
1995-11-09,186.254434085178,186.254434085178,186.254434085178,186.254434085178,,,2460000.0
1995-11-10,187.229588190336,186.254434085178,187.229588190336,186.254434085178,,,2460000.0
1995-11-13,189.179896400652,187.229588190336,187.229588190336,189.179896400652,,,2460000.0
1995-11-14,187.229588190336,186.254434085178,187.229588190336,186.254434085178,,,2460000.0
1995-11-15,188.204742295494,186.254434085178,188.204742295494,186.254434085178,,,2460000.0
1995-11-16,188.204742295494,188.204742295494,188.204742295494,188.204742295494,,,2460000.0
1995-11-17,188.204742295494,188.204742295494,188.204742295494,188.204742295494,,,2460000.0
1995-11-20,188.204742295494,188.204742295494,188.204742295494,188.204742295494,,,2460000.0
1995-11-21,188.204742295494,188.204742295494,188.204742295494,188.204742295494,,,2460000.0
1995-11-22,189.179896400652,188.204742295494,189.179896400652,188.204742295494,,,2460000.0
1995-11-23,190.15505050581,189.179896400652,189.179896400652,190.15505050581,,,2460000.0
1995-11-24,190.15505050581,189.179896400652,189.179896400652,190.15505050581,,,2460000.0
1995-11-27,190.15505050581,189.179896400652,190.15505050581,189.179896400652,,,2460000.0
1995-11-28,190.15505050581,190.15505050581,190.15505050581,190.15505050581,,,2460000.0
1995-11-29,190.15505050581,190.15505050581,190.15505050581,190.15505050581,,,2460000.0
1995-11-30,190.15505050581,190.15505050581,190.15505050581,190.15505050581,,,2460000.0
1995-12-01,190.15505050581,190.15505050581,190.15505050581,190.15505050581,,,2460000.0
1995-12-04,190.15505050581,190.15505050581,190.15505050581,190.15505050581,,,2460000.0
1995-12-05,190.15505050581,190.15505050581,190.15505050581,190.15505050581,,,2460000.0
1995-12-06,190.15505050581,190.15505050581,190.15505050581,190.15505050581,,,2460000.0
1995-12-07,190.15505050581,190.15505050581,190.15505050581,190.15505050581,,,2460000.0
1995-12-08,190.15505050581,190.15505050581,190.15505050581,190.15505050581,,,2460000.0
1995-12-11,190.15505050581,190.15505050581,190.15505050581,190.15505050581,,,2460000.0
1995-12-12,193.080512821284,190.15505050581,193.080512821284,190.15505050581,,,2460000.0
1995-12-13,193.080512821284,193.080512821284,193.080512821284,193.080512821284,,,2460000.0
1995-12-14,193.080512821284,193.080512821284,193.080512821284,193.080512821284,,,2460000.0
1995-12-15,193.080512821284,193.080512821284,193.080512821284,193.080512821284,,,2460000.0
1995-12-18,193.080512821284,193.080512821284,193.080512821284,193.080512821284,,,2460000.0
1995-12-19,193.080512821284,193.080512821284,193.080512821284,193.080512821284,,,2460000.0
1995-12-20,193.080512821284,193.080512821284,193.080512821284,193.080512821284,,,2460000.0
1995-12-21,194.055666926442,193.080512821284,193.080512821284,194.055666926442,,,2460000.0
1995-12-22,193.080512821284,193.080512821284,193.080512821284,193.080512821284,,,2460000.0
1995-12-27,193.080512821284,193.080512821284,193.080512821284,193.080512821284,,,2460000.0
1995-12-28,193.080512821284,193.080512821284,193.080512821284,193.080512821284,,,2460000.0
1995-12-29,193.080512821284,193.080512821284,193.080512821284,193.080512821284,,,2460000.0
1996-01-02,195.0308210316,193.080512821284,195.0308210316,193.080512821284,,,2460000.0
1996-01-03,195.0308210316,195.0308210316,195.0308210316,195.0308210316,,,2460000.0
1996-01-04,195.0308210316,195.0308210316,195.0308210316,195.0308210316,,,2460000.0
1996-01-05,195.0308210316,195.0308210316,195.0308210316,195.0308210316,,,2460000.0
1996-01-08,195.0308210316,195.0308210316,195.0308210316,195.0308210316,,,2460000.0
1996-01-09,195.0308210316,195.0308210316,195.0308210316,195.0308210316,,,2460000.0
1996-01-10,195.0308210316,195.0308210316,195.0308210316,195.0308210316,,,2460000.0
1996-01-11,195.0308210316,195.0308210316,195.0308210316,195.0308210316,,,2460000.0
1996-01-12,195.0308210316,194.055666926442,195.0308210316,194.055666926442,,,2460000.0
1996-01-15,195.0308210316,195.0308210316,195.0308210316,195.0308210316,,,2460000.0
1996-01-16,195.0308210316,195.0308210316,195.0308210316,195.0308210316,,,2460000.0
1996-01-17,195.0308210316,195.0308210316,195.0308210316,195.0308210316,,,2460000.0
1996-01-18,195.0308210316,195.0308210316,195.0308210316,195.0308210316,,,2460000.0
1996-01-19,195.0308210316,194.055666926442,195.0308210316,194.055666926442,,,2460000.0
1996-01-22,195.0308210316,195.0308210316,195.0308210316,195.0308210316,,,2460000.0
1996-01-23,195.0308210316,195.0308210316,195.0308210316,195.0308210316,,,2460000.0
1996-01-24,195.0308210316,195.0308210316,195.0308210316,195.0308210316,,,2460000.0
1996-01-25,195.0308210316,195.0308210316,195.0308210316,195.0308210316,,,2460000.0
1996-01-26,195.0308210316,195.0308210316,195.0308210316,195.0308210316,,,2460000.0
1996-01-29,195.0308210316,195.0308210316,195.0308210316,195.0308210316,,,2460000.0
1996-01-30,195.0308210316,195.0308210316,195.0308210316,195.0308210316,,,2460000.0
1996-01-31,195.0308210316,195.0308210316,195.0308210316,195.0308210316,,,2460000.0
1996-02-01,195.0308210316,195.0308210316,195.0308210316,195.0308210316,,,2460000.0
1996-02-02,195.0308210316,195.0308210316,195.0308210316,195.0308210316,,,2460000.0
1996-02-05,195.0308210316,195.0308210316,195.0308210316,195.0308210316,,,2460000.0
1996-02-06,195.0308210316,195.0308210316,195.0308210316,195.0308210316,,,2460000.0
1996-02-07,195.0308210316,195.0308210316,195.0308210316,195.0308210316,,,2460000.0
1996-02-08,195.0308210316,195.0308210316,195.0308210316,195.0308210316,,,2460000.0
1996-02-09,195.0308210316,195.0308210316,195.0308210316,195.0308210316,,,2460000.0
1996-02-12,195.0308210316,195.0308210316,195.0308210316,195.0308210316,,,2460000.0
1996-02-13,195.0308210316,195.0308210316,195.0308210316,195.0308210316,,,2460000.0
1996-02-14,195.0308210316,195.0308210316,195.0308210316,195.0308210316,,,2460000.0
1996-02-15,195.0308210316,195.0308210316,195.0308210316,195.0308210316,,,2460000.0
1996-02-16,195.0308210316,195.0308210316,195.0308210316,195.0308210316,,,2460000.0
1996-02-19,195.0308210316,195.0308210316,195.0308210316,195.0308210316,,,2460000.0
1996-02-20,195.0308210316,195.0308210316,195.0308210316,195.0308210316,,,2460000.0
1996-02-21,195.0308210316,195.0308210316,195.0308210316,195.0308210316,,,2460000.0
1996-02-22,195.0308210316,195.0308210316,195.0308210316,195.0308210316,,,2460000.0
1996-02-23,196.005975136758,195.0308210316,195.0308210316,196.005975136758,,,2460000.0
1996-02-26,196.981129241916,188.204742295494,188.204742295494,196.981129241916,,,2460000.0
1996-02-27,188.204742295494,188.204742295494,188.204742295494,188.204742295494,,,2460000.0
1996-02-28,189.179896400652,188.204742295494,189.179896400652,188.204742295494,,,2460000.0
1996-02-29,191.130204610968,189.179896400652,189.179896400652,191.130204610968,,,2460000.0
1996-03-01,189.179896400652,189.179896400652,189.179896400652,189.179896400652,,,2460000.0
1996-03-04,191.130204610968,189.179896400652,189.179896400652,191.130204610968,,,2460000.0
1996-03-05,190.15505050581,190.15505050581,190.15505050581,190.15505050581,,,2460000.0
1996-03-06,192.105358716126,190.15505050581,190.15505050581,192.105358716126,,,2460000.0
1996-03-07,192.105358716126,190.15505050581,191.130204610968,192.105358716126,,,2460000.0
1996-03-08,191.130204610968,191.130204610968,191.130204610968,191.130204610968,,,2460000.0
1996-03-11,192.105358716126,191.130204610968,191.130204610968,192.105358716126,,,2460000.0
1996-03-12,191.130204610968,191.130204610968,191.130204610968,191.130204610968,,,2460000.0
1996-03-13,191.130204610968,191.130204610968,191.130204610968,191.130204610968,,,2460000.0
1996-03-14,192.105358716126,191.130204610968,191.130204610968,192.105358716126,,,2460000.0
1996-03-15,191.130204610968,191.130204610968,191.130204610968,191.130204610968,,,2460000.0
1996-03-18,192.105358716126,191.130204610968,191.130204610968,192.105358716126,,,2460000.0
1996-03-19,191.130204610968,191.130204610968,191.130204610968,191.130204610968,,,2460000.0
1996-03-20,191.130204610968,191.130204610968,191.130204610968,191.130204610968,,,2460000.0
1996-03-21,192.105358716126,191.130204610968,191.130204610968,192.105358716126,,,2460000.0
1996-03-22,192.105358716126,191.130204610968,191.130204610968,192.105358716126,,,2460000.0
1996-03-25,192.105358716126,191.130204610968,191.130204610968,192.105358716126,,,2460000.0
1996-03-26,192.105358716126,191.130204610968,191.130204610968,192.105358716126,,,2460000.0
1996-03-27,191.130204610968,191.130204610968,191.130204610968,191.130204610968,,,2460000.0
1996-03-28,191.130204610968,191.130204610968,191.130204610968,191.130204610968,,,2460000.0
1996-03-29,191.130204610968,191.130204610968,191.130204610968,191.130204610968,,,2460000.0
1996-04-01,,,191.130204610968,,,,2460000.0
1996-04-02,191.130204610968,191.130204610968,191.130204610968,191.130204610968,,,2460000.0
1996-04-03,192.105358716126,191.130204610968,192.105358716126,191.130204610968,,3000.0,2460000.0
1996-04-04,192.105358716126,192.105358716126,192.105358716126,192.105358716126,,3000.0,2460000.0
1996-04-09,193.080512821284,192.105358716126,192.105358716126,193.080512821284,,,2460000.0
1996-04-10,194.055666926442,193.080512821284,193.080512821284,193.080512821284,,,2460000.0
1996-04-11,194.055666926442,193.080512821284,193.080512821284,193.080512821284,,,2460000.0
1996-04-12,195.0308210316,192.105358716126,195.0308210316,193.080512821284,,500.0,2460000.0
1996-04-15,198.931437452232,196.005975136758,196.981129241916,198.931437452232,,,2460000.0
1996-04-16,198.931437452232,196.981129241916,197.956283347074,198.931437452232,,,2460000.0
1996-04-17,198.931437452232,197.956283347074,197.956283347074,198.931437452232,,,2460000.0
1996-04-18,198.931437452232,197.956283347074,198.931437452232,197.956283347074,,,2460000.0
1996-04-19,199.90659155739,197.956283347074,199.90659155739,197.956283347074,,10000.0,2460000.0
1996-04-22,199.90659155739,198.931437452232,199.90659155739,198.931437452232,,,2460000.0
1996-04-23,199.90659155739,198.931437452232,199.90659155739,198.931437452232,,,2460000.0
1996-04-24,201.856899767706,199.90659155739,200.881745662548,201.856899767706,,5000.0,2460000.0
1996-04-25,200.881745662548,200.881745662548,200.881745662548,200.881745662548,,,2460000.0
1996-04-26,200.881745662548,200.881745662548,200.881745662548,200.881745662548,,,2460000.0
1996-04-29,200.881745662548,200.881745662548,200.881745662548,200.881745662548,,,2460000.0
1996-04-30,200.881745662548,200.881745662548,200.881745662548,200.881745662548,,,2460000.0
1996-05-01,200.881745662548,200.881745662548,200.881745662548,200.881745662548,,,2460000.0
1996-05-02,200.881745662548,200.881745662548,200.881745662548,200.881745662548,,,2460000.0
1996-05-03,200.881745662548,200.881745662548,200.881745662548,200.881745662548,,,2460000.0
1996-05-07,200.881745662548,200.881745662548,200.881745662548,200.881745662548,,,2460000.0
1996-05-08,200.881745662548,200.881745662548,200.881745662548,200.881745662548,,,2460000.0
1996-05-09,200.881745662548,200.881745662548,200.881745662548,200.881745662548,,,2460000.0
1996-05-10,200.881745662548,200.881745662548,200.881745662548,200.881745662548,,,2460000.0
1996-05-13,201.856899767706,200.881745662548,200.881745662548,201.856899767706,,,2460000.0
1996-05-14,,,200.881745662548,,,,2460000.0
1996-05-15,,,200.881745662548,,,,2460000.0
1996-05-16,,,200.881745662548,,,,2460000.0
1996-05-17,,,200.881745662548,,,,2460000.0
1996-05-20,,,200.881745662548,,,,2460000.0
1996-05-21,,,200.881745662548,,,,2460000.0
1996-05-22,,,200.881745662548,,,,2460000.0
1996-05-23,,,201.856899767706,,,,2460000.0
1996-05-24,,,201.856899767706,,,,2460000.0
1996-05-28,,,202.832053872864,,,,2460000.0
1996-05-29,,,203.807207978022,,,,2460000.0
1996-05-30,,,203.807207978022,,,,2460000.0
1996-05-31,,,203.807207978022,,,,2460000.0
1996-06-03,,,203.807207978022,,,,2460000.0
1996-06-04,,,203.807207978022,,,,2460000.0
1996-06-05,,,204.78236208318,,,,2460000.0
1996-06-06,,,204.78236208318,,,,2460000.0
1996-06-07,,,204.78236208318,,,,2460000.0
1996-06-10,,,204.78236208318,,,,2460000.0
1996-06-11,,,205.757516188338,,,,2460000.0
1996-06-12,,,205.757516188338,,,,2460000.0
1996-06-13,,,207.707824398654,,,,2460000.0
1996-06-14,,,207.707824398654,,,,2460000.0
1996-06-17,,,207.707824398654,,,,2460000.0
1996-06-18,,,207.707824398654,,,,2460000.0
1996-06-19,,,207.707824398654,,,,2460000.0
1996-06-20,,,207.707824398654,,,,2460000.0
1996-06-21,,,207.707824398654,,,,2460000.0
1996-06-24,,,207.707824398654,,,,2460000.0
1996-06-25,,,207.707824398654,,,,2460000.0
1996-06-26,,,207.707824398654,,,,2460000.0
1996-06-27,,,207.707824398654,,,,2460000.0
1996-06-28,,,207.707824398654,,,,2460000.0
1996-07-01,,,207.707824398654,,,,2460000.0
1996-07-02,,,207.707824398654,,,,2460000.0
1996-07-03,,,207.707824398654,,,,2460000.0
1996-07-04,,,207.707824398654,,,,2460000.0
1996-07-05,,,207.707824398654,,,,2460000.0
1996-07-08,,,207.707824398654,,,,2460000.0
1996-07-09,,,207.707824398654,,,,2460000.0
1996-07-10,,,207.707824398654,,,,2460000.0
1996-07-11,,,208.682978503812,,,,2460000.0
1996-07-12,,,208.682978503812,,,,2460000.0
1996-07-15,,,210.633286714128,,,,2460000.0
1996-07-16,,,210.633286714128,,,,2460000.0
1996-07-17,,,210.633286714128,,,,2460000.0
1996-07-18,,,212.583594924444,,,,2460000.0
1996-07-19,,,212.583594924444,,,,2460000.0
1996-07-22,,,213.558749029602,,,,2460000.0
1996-07-23,214.53390313476,214.53390313476,216.484211345076,214.53390313476,,500.0,2460000.0
1996-07-24,,,217.459365450234,,,,2460000.0
1996-07-25,,,217.459365450234,,,,2460000.0
1996-07-26,221.359981870866,221.359981870866,222.335135976024,221.359981870866,,1500.0,2460000.0
1996-07-29,,,224.28544418634,,,,2460000.0
1996-07-30,,,224.28544418634,,,,2460000.0
1996-07-31,,,224.28544418634,,,,2460000.0
1996-08-01,,,224.28544418634,,,,2460000.0
1996-08-02,226.235752396656,226.235752396656,227.210906501814,226.235752396656,,1000.0,2460000.0
1996-08-05,,,227.210906501814,,,,2460000.0
1996-08-06,,,227.210906501814,,,,2460000.0
1996-08-07,,,228.186060606972,,,,2460000.0
1996-08-08,,,228.186060606972,,,,2460000.0
1996-08-09,,,228.186060606972,,,,2460000.0
1996-08-12,,,228.186060606972,,,,2460000.0
1996-08-13,,,228.186060606972,,,,2460000.0
1996-08-14,,,228.186060606972,,,,2460000.0
1996-08-15,,,228.186060606972,,,,2460000.0
1996-08-16,229.16121471213,229.16121471213,233.061831132762,229.16121471213,,1500.0,2460000.0
1996-08-19,,,236.962447553394,,,,2460000.0
1996-08-20,,,236.962447553394,,,,2460000.0
1996-08-21,,,236.962447553394,,,,2460000.0
1996-08-22,,,248.66429681529,,,,2460000.0
1996-08-23,256.465529656554,256.465529656554,252.564913235922,256.465529656554,,500.0,2460000.0
1996-08-27,,,246.226411552395,,,,2460000.0
1996-08-28,,,246.226411552395,,,,2460000.0
1996-08-29,243.7885262895,243.7885262895,246.226411552395,243.7885262895,,,2460000.0
1996-08-30,,,244.763680394658,,,,2460000.0
1996-09-02,,,244.763680394658,,,,2460000.0
1996-09-03,,,244.276103342079,,,,2460000.0
1996-09-04,,,244.276103342079,,,,2460000.0
1996-09-05,,,244.276103342079,,,,2460000.0
1996-09-06,,,243.7885262895,,,,2460000.0
1996-09-09,,,243.7885262895,,,,2460000.0
1996-09-10,,,243.7885262895,,,,2460000.0
1996-09-11,,,243.7885262895,,,,2460000.0
1996-09-12,,,243.7885262895,,,,2460000.0
1996-09-13,,,243.7885262895,,,,2460000.0
1996-09-16,,,243.7885262895,,,,2460000.0
1996-09-17,,,243.7885262895,,,,2460000.0
1996-09-18,,,243.7885262895,,,,2460000.0
1996-09-19,,,243.7885262895,,,,2460000.0
1996-09-20,,,243.7885262895,,,,2460000.0
1996-09-23,,,243.7885262895,,,,2460000.0
1996-09-24,,,243.7885262895,,,,2460000.0
1996-09-25,,,246.226411552395,,,,2460000.0
1996-09-26,,,246.226411552395,,,,2460000.0
1996-09-27,,,246.226411552395,,,,2460000.0
1996-09-30,,,246.226411552395,,,,2460000.0
1996-10-01,,,246.226411552395,,,,2460000.0
1996-10-02,,,246.226411552395,,,,2460000.0
1996-10-03,,,246.226411552395,,,,2460000.0
1996-10-04,,,243.7885262895,,,,2460000.0
1996-10-07,,,243.7885262895,,,,2460000.0
1996-10-08,,,243.7885262895,,,,2460000.0
1996-10-09,,,243.7885262895,,,,2460000.0
1996-10-10,,,243.7885262895,,,,2460000.0
1996-10-11,,,243.7885262895,,,,2460000.0
1996-10-14,,,243.7885262895,,,,2460000.0
1996-10-15,,,243.7885262895,,,,2460000.0
1996-10-16,,,243.7885262895,,,,2460000.0
1996-10-17,,,243.7885262895,,,,2460000.0
1996-10-18,,,243.7885262895,,,,2460000.0
1996-10-21,,,243.7885262895,,,,2460000.0
1996-10-22,,,243.7885262895,,,,2460000.0
1996-10-23,,,243.7885262895,,,,2460000.0
1996-10-24,,,243.7885262895,,,,2460000.0
1996-10-25,,,243.7885262895,,,,2460000.0
1996-10-28,,,243.7885262895,,,,2460000.0
1996-10-29,,,243.7885262895,,,,2460000.0
1996-10-30,,,243.7885262895,,,,2460000.0
1996-10-31,,,243.7885262895,,,,2460000.0
1996-11-01,,,243.7885262895,,,,2460000.0
1996-11-04,,,243.7885262895,,,,2460000.0
1996-11-05,,,243.7885262895,,,,2460000.0
1996-11-06,,,243.7885262895,,,,2460000.0
1996-11-07,,,243.7885262895,,,,2460000.0
1996-11-08,,,243.7885262895,,,,2460000.0
1996-11-11,,,243.7885262895,,,,2460000.0
1996-11-12,,,243.7885262895,,,,2460000.0
1996-11-13,,,243.7885262895,,,,2460000.0
1996-11-14,,,243.7885262895,,,,2460000.0
1996-11-15,,,243.7885262895,,,,2460000.0
1996-11-18,,,243.7885262895,,,,2460000.0
1996-11-19,,,243.7885262895,,,,2460000.0
1996-11-20,,,243.7885262895,,,,2460000.0
1996-11-21,,,242.32579513176304,,,,2460000.0
1996-11-22,,,242.32579513176304,,,,2460000.0
1996-11-25,,,242.32579513176304,,,,2460000.0
1996-11-26,,,242.32579513176304,,,,2460000.0
1996-11-27,,,242.32579513176304,,,,2460000.0
1996-11-28,,,241.838218079184,,,,2460000.0
1996-11-29,,,239.887909868868,,,,2460000.0
1996-12-02,,,239.887909868868,,,,2460000.0
1996-12-03,,,239.887909868868,,,,2460000.0
1996-12-04,,,239.887909868868,,,,2460000.0
1996-12-05,,,239.887909868868,,,,2460000.0
1996-12-06,,,239.887909868868,,,,2460000.0
1996-12-09,,,239.887909868868,,,,2460000.0
1996-12-10,,,239.887909868868,,,,2460000.0
1996-12-11,,,239.887909868868,,,,2460000.0
1996-12-12,,,239.887909868868,,,,2460000.0
1996-12-13,,,239.887909868868,,,,2460000.0
1996-12-16,,,239.887909868868,,,,2460000.0
1996-12-17,,,238.91275576371,,,,2460000.0
1996-12-18,,,238.91275576371,,,,2460000.0
1996-12-19,,,238.91275576371,,,,2460000.0
1996-12-20,,,238.91275576371,,,,2460000.0
1996-12-23,,,238.91275576371,,,,2460000.0
1996-12-24,,,238.91275576371,,,,2460000.0
1996-12-27,,,238.91275576371,,,,2460000.0
1996-12-30,,,238.91275576371,,,,2460000.0
1996-12-31,,,238.91275576371,,,,2460000.0
1997-01-02,,,238.91275576371,,,,2460000.0
1997-01-03,,,238.91275576371,,,,2460000.0
1997-01-06,,,238.91275576371,,,,2460000.0
1997-01-07,,,238.91275576371,,,,2460000.0
1997-01-08,,,238.91275576371,,,,2460000.0
1997-01-09,,,238.91275576371,,,,2460000.0
1997-01-10,238.91275576371,238.91275576371,235.499716395657,238.91275576371,,10000.0,2460000.0
1997-01-13,,,235.499716395657,,,,2460000.0
1997-01-14,,,235.012139343078,,,,2460000.0
1997-01-15,,,235.012139343078,,,,2460000.0
1997-01-16,,,236.962447553394,,,,2460000.0
1997-01-17,,,236.962447553394,,,,2460000.0
1997-01-20,,,236.962447553394,,,,2460000.0
1997-01-21,,,236.962447553394,,,,2460000.0
1997-01-22,,,236.962447553394,,,,2460000.0
1997-01-23,,,236.962447553394,,,,2460000.0
1997-01-24,,,238.91275576371,,,,2460000.0
1997-01-27,,,238.91275576371,,,,2460000.0
1997-01-28,,,238.91275576371,,,,2460000.0
1997-01-29,,,238.91275576371,,,,2460000.0
1997-01-30,,,238.91275576371,,,,2460000.0
1997-01-31,,,238.91275576371,,,,2460000.0
1997-02-03,,,238.91275576371,,,,2460000.0
1997-02-04,,,238.91275576371,,,,2460000.0
1997-02-05,,,238.91275576371,,,,2460000.0
1997-02-06,,,238.91275576371,,,,2460000.0
1997-02-07,,,241.35064102660505,,,,2460000.0
1997-02-10,,,241.35064102660505,,,,2460000.0
1997-02-11,,,241.35064102660505,,,,2460000.0
1997-02-12,,,241.35064102660505,,,,2460000.0
1997-02-13,,,243.7885262895,,,,2460000.0
1997-02-14,,,245.251257447237,,,,2460000.0
1997-02-17,,,246.713988604974,,,,2460000.0
1997-02-18,,,245.251257447237,,,,2460000.0
1997-02-19,,,245.251257447237,,,,2460000.0
1997-02-20,,,247.689142710132,,,,2460000.0
1997-02-21,,,247.689142710132,,,,2460000.0
1997-02-24,,,247.689142710132,,,,2460000.0
1997-02-25,,,249.15187386786903,,,,2460000.0
1997-02-26,,,249.15187386786903,,,,2460000.0
1997-02-27,,,249.15187386786903,,,,2460000.0
1997-02-28,,,269.630110076187,,,,2460000.0
1997-03-03,,,258.41583786687,,,,2460000.0
1997-03-04,263.29160839266,263.29160839266,256.953106709133,263.29160839266,,9422.0,2460000.0
1997-03-05,,,254.515221446238,,,,2460000.0
1997-03-06,,,254.515221446238,,,,2460000.0
1997-03-07,,,253.54006734108,,,,2460000.0
1997-03-10,,,253.54006734108,,,,2460000.0
1997-03-11,249.639450920448,249.639450920448,253.54006734108,249.639450920448,,2000.0,2460000.0
1997-03-12,251.102182078185,251.102182078185,253.54006734108,251.102182078185,,2000.0,2460000.0
1997-03-13,,,253.54006734108,,,,2460000.0
1997-03-14,,,248.66429681529,,,,2460000.0
1997-03-17,,,248.66429681529,,,,2460000.0
1997-03-18,,,247.689142710132,,,,2460000.0
1997-03-19,,,245.251257447237,,,,2460000.0
1997-03-20,,,245.251257447237,,,,2460000.0
1997-03-21,,,243.7885262895,,,,2460000.0
1997-03-24,,,243.7885262895,,,,2460000.0
1997-03-25,,,242.32579513176304,,,,2460000.0
1997-03-26,,,242.32579513176304,,,,2460000.0
1997-03-27,,,242.32579513176304,,,,2460000.0
1997-04-01,,,239.887909868868,,,,2460000.0
1997-04-02,,,239.887909868868,,,,2460000.0
1997-04-03,,,239.887909868868,,,,2460000.0
1997-04-04,,,238.91275576371,,,,2460000.0
1997-04-07,,,238.91275576371,,,,2460000.0
1997-04-08,,,234.03698523792,,,,2460000.0
1997-04-09,,,234.03698523792,,,,2460000.0
1997-04-10,,,234.03698523792,,,,2460000.0
1997-04-11,,,234.03698523792,,,,2460000.0
1997-04-14,234.03698523792,231.111522922446,231.111522922446,234.03698523792,,,2460000.0
1997-04-15,231.111522922446,231.111522922446,231.111522922446,231.111522922446,,,2460000.0
1997-04-16,231.111522922446,231.111522922446,231.111522922446,231.111522922446,,,2460000.0
1997-04-17,231.111522922446,231.111522922446,231.111522922446,231.111522922446,,,2460000.0
1997-04-18,231.111522922446,230.136368817288,231.111522922446,231.111522922446,,,2460000.0
1997-04-21,231.111522922446,224.28544418634,224.28544418634,231.111522922446,,,2460000.0
1997-04-22,226.723329449235,224.28544418634,224.28544418634,224.28544418634,,,2460000.0
1997-04-23,224.28544418634,224.28544418634,224.28544418634,224.28544418634,,,2460000.0
1997-04-24,224.28544418634,224.28544418634,224.28544418634,224.28544418634,,,2460000.0
1997-04-25,224.28544418634,219.40967366055,219.40967366055,224.28544418634,,,2460000.0
1997-04-28,224.28544418634,219.40967366055,219.40967366055,224.28544418634,,,2460000.0
1997-04-29,224.28544418634,219.40967366055,219.40967366055,224.28544418634,,,2460000.0
1997-04-30,221.847558923445,219.40967366055,219.40967366055,219.40967366055,,,2460000.0
1997-05-01,224.28544418634,219.40967366055,219.40967366055,224.28544418634,,,2460000.0
1997-05-02,216.971788397655,214.53390313476,214.53390313476,214.53390313476,,,2460000.0
1997-05-06,216.971788397655,214.53390313476,214.53390313476,214.53390313476,,,2460000.0
1997-05-07,219.40967366055,214.53390313476,214.53390313476,219.40967366055,,,2460000.0
1997-05-08,216.971788397655,214.53390313476,214.53390313476,214.53390313476,,,2460000.0
1997-05-09,219.40967366055,216.971788397655,219.40967366055,219.40967366055,,,2460000.0
1997-05-12,219.40967366055,219.40967366055,219.40967366055,219.40967366055,,,2460000.0
1997-05-13,220.872404818287,219.40967366055,219.40967366055,219.40967366055,,,2460000.0
1997-05-14,220.872404818287,219.40967366055,219.40967366055,219.40967366055,,,2460000.0
1997-05-15,221.847558923445,219.40967366055,219.40967366055,219.40967366055,,,2460000.0
1997-05-16,221.847558923445,219.40967366055,219.40967366055,219.40967366055,,,2460000.0
1997-05-19,223.310290081182,219.40967366055,222.335135976024,219.40967366055,,,2460000.0
1997-05-20,224.28544418634,222.335135976024,222.335135976024,224.28544418634,,,2460000.0
1997-05-21,223.310290081182,222.335135976024,222.335135976024,222.335135976024,,,2460000.0
1997-05-22,223.310290081182,222.335135976024,222.335135976024,222.335135976024,,,2460000.0
1997-05-23,223.310290081182,222.335135976024,222.335135976024,222.335135976024,,,2460000.0
1997-05-27,223.310290081182,222.335135976024,222.335135976024,222.335135976024,,,2460000.0
1997-05-28,223.310290081182,222.335135976024,222.335135976024,222.335135976024,,,2460000.0
1997-05-29,223.310290081182,222.335135976024,222.335135976024,222.335135976024,,,2460000.0
1997-05-30,223.310290081182,222.335135976024,222.335135976024,222.335135976024,,,2460000.0
1997-06-02,224.28544418634,222.335135976024,222.335135976024,224.28544418634,,,2460000.0
1997-06-03,223.310290081182,222.335135976024,222.335135976024,222.335135976024,,,2460000.0
1997-06-04,223.310290081182,222.335135976024,222.335135976024,222.335135976024,,,2460000.0
1997-06-05,223.310290081182,222.335135976024,222.335135976024,222.335135976024,,,2460000.0
1997-06-06,223.310290081182,222.335135976024,222.335135976024,222.335135976024,,,2460000.0
1997-06-09,223.310290081182,222.335135976024,222.335135976024,222.335135976024,,,2460000.0
1997-06-10,223.310290081182,222.335135976024,222.335135976024,222.335135976024,,,2460000.0
1997-06-11,223.310290081182,222.335135976024,222.335135976024,222.335135976024,,,2460000.0
1997-06-12,224.28544418634,222.335135976024,222.335135976024,224.28544418634,,,2460000.0
1997-06-13,227.210906501814,222.335135976024,227.210906501814,222.335135976024,,,2460000.0
1997-06-16,227.210906501814,226.235752396656,226.235752396656,227.210906501814,,,2460000.0
1997-06-17,226.235752396656,226.235752396656,226.235752396656,226.235752396656,,,2460000.0
1997-06-18,226.235752396656,225.260598291498,226.235752396656,226.235752396656,,,2460000.0
1997-06-19,226.235752396656,226.235752396656,226.235752396656,226.235752396656,,,2460000.0
1997-06-20,226.723329449235,226.235752396656,226.235752396656,226.235752396656,,,2460000.0
1997-06-23,226.723329449235,226.235752396656,226.235752396656,226.235752396656,,,2460000.0
1997-06-24,226.235752396656,226.235752396656,226.235752396656,226.235752396656,,,2460000.0
1997-06-25,226.235752396656,226.235752396656,226.235752396656,226.235752396656,,,2460000.0
1997-06-26,226.235752396656,226.235752396656,226.235752396656,226.235752396656,,,2460000.0
1997-06-27,226.235752396656,226.235752396656,226.235752396656,226.235752396656,,,2460000.0
1997-06-30,226.235752396656,226.235752396656,226.235752396656,226.235752396656,,,2460000.0
1997-07-01,226.235752396656,226.235752396656,226.235752396656,226.235752396656,,,2460000.0
1997-07-02,226.235752396656,225.260598291498,226.235752396656,226.235752396656,,,2460000.0
1997-07-03,223.310290081182,222.335135976024,222.335135976024,222.335135976024,,,2460000.0
1997-07-04,223.310290081182,222.335135976024,222.335135976024,222.335135976024,,,2460000.0
1997-07-07,222.335135976024,222.335135976024,222.335135976024,222.335135976024,,,2460000.0
1997-07-08,222.335135976024,222.335135976024,222.335135976024,222.335135976024,,,2460000.0
1997-07-09,222.335135976024,222.335135976024,222.335135976024,222.335135976024,,,2460000.0
1997-07-10,222.335135976024,222.335135976024,222.335135976024,222.335135976024,,,2460000.0
1997-07-11,222.335135976024,222.335135976024,222.335135976024,222.335135976024,,,2460000.0
1997-07-14,222.335135976024,222.335135976024,222.335135976024,222.335135976024,,,2460000.0
1997-07-15,222.335135976024,222.335135976024,222.335135976024,222.335135976024,,,2460000.0
1997-07-16,222.335135976024,222.335135976024,222.335135976024,222.335135976024,,,2460000.0
1997-07-17,226.235752396656,222.335135976024,226.235752396656,222.335135976024,,,2460000.0
1997-07-18,229.16121471213,225.260598291498,229.16121471213,226.235752396656,,,2460000.0
1997-07-21,229.16121471213,229.16121471213,229.16121471213,229.16121471213,,,2460000.0
1997-07-22,229.16121471213,229.16121471213,229.16121471213,229.16121471213,,,2460000.0
1997-07-23,229.16121471213,229.16121471213,229.16121471213,229.16121471213,,,2460000.0
1997-07-24,229.16121471213,229.16121471213,229.16121471213,229.16121471213,,,2460000.0
1997-07-25,229.16121471213,229.16121471213,229.16121471213,229.16121471213,,,2460000.0
1997-07-28,229.16121471213,229.16121471213,229.16121471213,229.16121471213,,,2460000.0
1997-07-29,229.16121471213,229.16121471213,229.16121471213,229.16121471213,,,2460000.0
1997-07-30,229.16121471213,229.16121471213,229.16121471213,229.16121471213,,,2460000.0
1997-07-31,229.16121471213,229.16121471213,229.16121471213,229.16121471213,,,2460000.0
1997-08-01,229.16121471213,229.16121471213,229.16121471213,229.16121471213,,,2460000.0
1997-08-04,229.16121471213,229.16121471213,229.16121471213,229.16121471213,,,2460000.0
1997-08-05,229.16121471213,229.16121471213,229.16121471213,229.16121471213,,,2460000.0
1997-08-06,229.16121471213,229.16121471213,229.16121471213,229.16121471213,,,2460000.0
1997-08-07,229.16121471213,229.16121471213,229.16121471213,229.16121471213,,,2460000.0
1997-08-08,229.16121471213,229.16121471213,229.16121471213,229.16121471213,,,2460000.0
1997-08-11,225.260598291498,224.773021238919,225.260598291498,225.260598291498,,,2460000.0
1997-08-12,226.235752396656,224.773021238919,226.235752396656,225.260598291498,,,2460000.0
1997-08-13,226.235752396656,225.260598291498,226.235752396656,226.235752396656,,,2460000.0
1997-08-14,226.235752396656,224.28544418634,226.235752396656,224.28544418634,,,2460000.0
1997-08-15,226.235752396656,224.28544418634,226.235752396656,224.28544418634,,,2460000.0
1997-08-18,226.235752396656,225.260598291498,226.235752396656,226.235752396656,,,2460000.0
1997-08-19,226.235752396656,226.235752396656,226.235752396656,226.235752396656,,,2460000.0
1997-08-20,230.136368817288,225.260598291498,226.235752396656,226.235752396656,,,2460000.0
1997-08-21,230.136368817288,226.235752396656,226.235752396656,226.235752396656,,,2460000.0
1997-08-22,230.136368817288,226.235752396656,226.235752396656,226.235752396656,,,2460000.0
1997-08-26,235.987293448236,226.235752396656,235.987293448236,226.235752396656,,1000.0,2460000.0
1997-08-27,235.987293448236,235.987293448236,235.987293448236,235.987293448236,,,2460000.0
1997-08-28,235.987293448236,235.987293448236,235.987293448236,235.987293448236,,,2460000.0
1997-08-29,235.987293448236,235.987293448236,235.987293448236,235.987293448236,,,2460000.0
1997-09-01,235.987293448236,235.987293448236,235.987293448236,235.987293448236,,,2460000.0
1997-09-02,235.987293448236,235.987293448236,235.987293448236,235.987293448236,,,2460000.0
1997-09-03,235.987293448236,235.987293448236,235.987293448236,235.987293448236,,,2460000.0
1997-09-04,235.987293448236,235.987293448236,235.987293448236,235.987293448236,,,2460000.0
1997-09-05,235.987293448236,235.987293448236,235.987293448236,235.987293448236,,,2460000.0
1997-09-08,235.987293448236,235.987293448236,235.987293448236,235.987293448236,,,2460000.0
1997-09-09,235.987293448236,235.987293448236,235.987293448236,235.987293448236,,,2460000.0
1997-09-10,235.987293448236,235.987293448236,235.987293448236,235.987293448236,,,2460000.0
1997-09-11,235.987293448236,235.987293448236,235.987293448236,235.987293448236,,,2460000.0
1997-09-12,235.987293448236,235.987293448236,235.987293448236,235.987293448236,,,2460000.0
1997-09-15,235.987293448236,235.987293448236,235.987293448236,235.987293448236,,,2460000.0
1997-09-16,240.863063974026,235.987293448236,240.863063974026,235.987293448236,,,2460000.0
1997-09-17,240.863063974026,238.91275576371,240.863063974026,238.91275576371,,,2460000.0
1997-09-18,240.863063974026,238.91275576371,240.863063974026,238.91275576371,,,2460000.0
1997-09-19,240.863063974026,239.887909868868,240.863063974026,240.863063974026,,,2460000.0
1997-09-22,240.863063974026,238.91275576371,240.863063974026,238.91275576371,,,2460000.0
1997-09-23,240.863063974026,238.91275576371,240.863063974026,238.91275576371,,,2460000.0
1997-09-24,240.863063974026,238.91275576371,240.863063974026,238.91275576371,,,2460000.0
1997-09-25,243.7885262895,238.91275576371,243.7885262895,238.91275576371,,,2460000.0
1997-09-26,243.7885262895,238.91275576371,243.7885262895,238.91275576371,,,2460000.0
1997-09-29,243.7885262895,241.35064102660505,243.7885262895,243.7885262895,,,2460000.0
1997-09-30,243.7885262895,240.863063974026,243.7885262895,240.863063974026,,,2460000.0
1997-10-01,243.7885262895,240.863063974026,243.7885262895,240.863063974026,,,2460000.0
1997-10-02,243.7885262895,243.7885262895,243.7885262895,243.7885262895,,,2460000.0
1997-10-03,246.713988604974,243.7885262895,246.713988604974,243.7885262895,,,2460000.0
1997-10-06,246.713988604974,245.251257447237,246.713988604974,246.713988604974,,,2460000.0
1997-10-07,248.66429681529,246.226411552395,248.66429681529,246.713988604974,,,2460000.0
1997-10-08,248.66429681529,247.201565657553,248.66429681529,248.66429681529,,,2460000.0
1997-10-09,248.66429681529,247.201565657553,248.66429681529,248.66429681529,,,2460000.0
1997-10-10,248.66429681529,247.201565657553,248.66429681529,248.66429681529,,,2460000.0
1997-10-13,248.66429681529,245.738834499816,248.66429681529,245.738834499816,,,2460000.0
1997-10-14,248.66429681529,245.738834499816,248.66429681529,245.738834499816,,,2460000.0
1997-10-15,248.66429681529,248.66429681529,248.66429681529,248.66429681529,,,2460000.0
1997-10-16,248.66429681529,248.66429681529,248.66429681529,248.66429681529,,,2460000.0
1997-10-17,248.66429681529,248.66429681529,248.66429681529,248.66429681529,,,2460000.0
1997-10-20,250.127027973027,248.66429681529,248.66429681529,248.66429681529,,,2460000.0
1997-10-21,253.54006734108,248.66429681529,253.54006734108,248.66429681529,,,2460000.0
1997-10-22,253.54006734108,251.589759130764,253.54006734108,251.589759130764,,,2460000.0
1997-10-23,255.002798498817,251.589759130764,253.54006734108,251.589759130764,,,2460000.0
1997-10-24,258.41583786687,255.002798498817,258.41583786687,256.465529656554,,,2460000.0
1997-10-27,258.41583786687,257.440683761712,258.41583786687,258.41583786687,,,2460000.0
1997-10-28,253.54006734108,250.127027973027,253.54006734108,253.54006734108,,,2460000.0
1997-10-29,258.41583786687,258.41583786687,258.41583786687,258.41583786687,,,2460000.0
1997-10-30,258.41583786687,258.41583786687,258.41583786687,258.41583786687,,,2460000.0
1997-10-31,258.41583786687,258.41583786687,258.41583786687,258.41583786687,,,2460000.0
1997-11-03,261.341300182344,258.41583786687,261.341300182344,258.41583786687,,,2460000.0
1997-11-04,263.29160839266,262.316454287502,263.29160839266,263.29160839266,,,2460000.0
1997-11-05,263.29160839266,263.29160839266,263.29160839266,263.29160839266,,,2460000.0
1997-11-06,263.29160839266,263.29160839266,263.29160839266,263.29160839266,,,2460000.0
1997-11-07,263.29160839266,263.29160839266,263.29160839266,263.29160839266,,,2460000.0
1997-11-10,263.29160839266,263.29160839266,263.29160839266,263.29160839266,,,2460000.0
1997-11-11,263.29160839266,263.29160839266,263.29160839266,263.29160839266,,,2460000.0
1997-11-12,263.29160839266,263.29160839266,263.29160839266,263.29160839266,,,2460000.0
1997-11-13,263.29160839266,263.29160839266,263.29160839266,263.29160839266,,,2460000.0
1997-11-14,263.29160839266,263.29160839266,263.29160839266,263.29160839266,,,2460000.0
1997-11-17,263.29160839266,263.29160839266,263.29160839266,263.29160839266,,,2460000.0
1997-11-18,263.29160839266,263.29160839266,263.29160839266,263.29160839266,,,2460000.0
1997-11-19,263.29160839266,263.29160839266,263.29160839266,263.29160839266,,,2460000.0
1997-11-20,263.29160839266,263.29160839266,263.29160839266,263.29160839266,,,2460000.0
1997-11-21,263.29160839266,263.29160839266,263.29160839266,263.29160839266,,,2460000.0
1997-11-24,263.29160839266,263.29160839266,263.29160839266,263.29160839266,,,2460000.0
1997-11-25,263.29160839266,263.29160839266,263.29160839266,263.29160839266,,,2460000.0
1997-11-26,263.29160839266,263.29160839266,263.29160839266,263.29160839266,,,2460000.0
1997-11-27,263.29160839266,263.29160839266,263.29160839266,263.29160839266,,,2460000.0
1997-11-28,263.29160839266,263.29160839266,263.29160839266,263.29160839266,,,2460000.0
1997-12-01,263.29160839266,263.29160839266,263.29160839266,263.29160839266,,,2460000.0
1997-12-02,263.29160839266,263.29160839266,263.29160839266,263.29160839266,,,2460000.0
1997-12-03,263.29160839266,263.29160839266,263.29160839266,263.29160839266,,,2460000.0
1997-12-04,263.29160839266,263.29160839266,263.29160839266,263.29160839266,,,2460000.0
1997-12-05,263.29160839266,263.29160839266,263.29160839266,263.29160839266,,,2460000.0
1997-12-08,264.266762497818,263.29160839266,264.266762497818,263.29160839266,,,2460000.0
1997-12-09,264.266762497818,263.77918544523897,264.266762497818,264.266762497818,,,2460000.0
1997-12-10,264.266762497818,263.77918544523897,264.266762497818,264.266762497818,,,2460000.0
1997-12-11,264.266762497818,263.77918544523897,264.266762497818,264.266762497818,,,2460000.0
1997-12-12,264.266762497818,263.77918544523897,264.266762497818,264.266762497818,,,2460000.0
1997-12-15,264.266762497818,263.77918544523897,264.266762497818,264.266762497818,,,2460000.0
1997-12-16,264.266762497818,263.29160839266,264.266762497818,263.29160839266,,,2460000.0
1997-12-17,264.266762497818,263.77918544523897,264.266762497818,264.266762497818,,,2460000.0
1997-12-18,264.266762497818,263.77918544523897,264.266762497818,264.266762497818,,,2460000.0
1997-12-19,264.266762497818,263.29160839266,264.266762497818,263.29160839266,,,2460000.0
1997-12-22,264.266762497818,263.77918544523897,264.266762497818,264.266762497818,,,2460000.0
1997-12-23,264.266762497818,263.77918544523897,264.266762497818,264.266762497818,,,2460000.0
1997-12-24,264.266762497818,263.29160839266,264.266762497818,263.29160839266,,,2460000.0
1997-12-29,264.266762497818,263.77918544523897,264.266762497818,264.266762497818,,,2460000.0
1997-12-30,264.266762497818,263.77918544523897,264.266762497818,264.266762497818,,,2460000.0
1997-12-31,264.266762497818,263.77918544523897,264.266762497818,264.266762497818,,,2460000.0
1998-01-02,264.266762497818,263.77918544523897,264.266762497818,264.266762497818,,,2460000.0
1998-01-05,265.241916602976,264.266762497818,264.266762497818,265.241916602976,,,2460000.0
1998-01-06,264.754339550397,264.266762497818,264.266762497818,264.266762497818,,,2460000.0
1998-01-07,267.19222481329206,264.266762497818,266.217070708134,264.266762497818,,,2460000.0
1998-01-08,267.19222481329206,266.217070708134,266.217070708134,266.217070708134,,,2460000.0
1998-01-09,267.19222481329206,266.217070708134,266.217070708134,266.217070708134,,,2460000.0
1998-01-12,267.19222481329206,266.217070708134,266.217070708134,266.217070708134,,,2460000.0
1998-01-13,268.16737891845,266.217070708134,266.217070708134,268.16737891845,,,2460000.0
1998-01-14,268.16737891845,267.19222481329206,268.16737891845,268.16737891845,,,2460000.0
1998-01-15,268.16737891845,268.16737891845,268.16737891845,268.16737891845,,,2460000.0
1998-01-16,268.16737891845,268.16737891845,268.16737891845,268.16737891845,,,2460000.0
1998-01-19,268.16737891845,268.16737891845,268.16737891845,268.16737891845,,,2460000.0
1998-01-20,268.16737891845,268.16737891845,268.16737891845,268.16737891845,,,2460000.0
1998-01-21,268.16737891845,268.16737891845,268.16737891845,268.16737891845,,,2460000.0
1998-01-22,268.16737891845,268.16737891845,268.16737891845,268.16737891845,,,2460000.0
1998-01-23,268.16737891845,268.16737891845,268.16737891845,268.16737891845,,,2460000.0
1998-01-26,268.16737891845,268.16737891845,268.16737891845,268.16737891845,,,2460000.0
1998-01-27,268.16737891845,268.16737891845,268.16737891845,268.16737891845,,,2460000.0
1998-01-28,270.117687128766,268.16737891845,270.117687128766,268.16737891845,,,2460000.0
1998-01-29,270.117687128766,270.117687128766,270.117687128766,270.117687128766,,,2460000.0
1998-01-30,270.117687128766,270.117687128766,270.117687128766,270.117687128766,,,2460000.0
1998-02-02,270.117687128766,270.117687128766,270.117687128766,270.117687128766,,,2460000.0
1998-02-03,270.117687128766,270.117687128766,270.117687128766,270.117687128766,,,2460000.0
1998-02-04,270.117687128766,270.117687128766,270.117687128766,270.117687128766,,,2460000.0
1998-02-05,270.117687128766,270.117687128766,270.117687128766,270.117687128766,,,2460000.0
1998-02-06,270.117687128766,270.117687128766,270.117687128766,270.117687128766,,,2460000.0
1998-02-09,270.117687128766,270.117687128766,270.117687128766,270.117687128766,,,2460000.0
1998-02-10,274.993457654556,270.117687128766,274.993457654556,270.117687128766,,,2460000.0
1998-02-11,274.993457654556,274.993457654556,274.993457654556,274.993457654556,,,2460000.0
1998-02-12,276.45618881229296,274.993457654556,274.993457654556,274.993457654556,,,2460000.0
1998-02-13,276.45618881229296,274.993457654556,274.993457654556,274.993457654556,,,2460000.0
1998-02-16,277.91891997003,276.45618881229296,277.91891997003,277.91891997003,,500.0,2460000.0
1998-02-17,277.91891997003,277.91891997003,277.91891997003,277.91891997003,,,2460000.0
1998-02-18,277.91891997003,277.91891997003,277.91891997003,277.91891997003,,,2460000.0
1998-02-19,288.645615126768,277.91891997003,287.67046102161,277.91891997003,,,2460000.0
1998-02-20,292.5462315474,287.67046102161,292.5462315474,287.67046102161,,,2460000.0
1998-02-23,307.661120177349,292.5462315474,307.661120177349,292.5462315474,,,2460000.0
1998-02-24,309.611428387665,297.42200207319,309.611428387665,297.42200207319,,,2460000.0
1998-02-25,321.80085470214,312.04931365056,321.80085470214,312.04931365056,,,2460000.0
1998-02-26,321.80085470214,316.92508417635,321.80085470214,321.80085470214,,1250.0,2460000.0
1998-02-27,321.80085470214,321.80085470214,321.80085470214,321.80085470214,,1250.0,2460000.0
1998-03-02,351.05547785688,321.80085470214,351.05547785688,321.80085470214,,,2460000.0
1998-03-03,351.05547785688,336.42816627951,336.42816627951,341.3039368053,,,2460000.0
1998-03-04,341.3039368053,336.42816627951,336.42816627951,341.3039368053,,,2460000.0
1998-03-05,336.42816627951,316.92508417635,316.92508417635,336.42816627951,,,2460000.0
1998-03-06,341.3039368053,316.92508417635,316.92508417635,341.3039368053,,3000.0,2460000.0
1998-03-09,307.17354312477,307.17354312477,307.17354312477,307.17354312477,,,2460000.0
1998-03-10,307.17354312477,307.17354312477,307.17354312477,307.17354312477,,,2460000.0
1998-03-11,307.17354312477,307.17354312477,307.17354312477,307.17354312477,,,2460000.0
1998-03-12,307.17354312477,307.17354312477,307.17354312477,307.17354312477,,,2460000.0
1998-03-13,307.17354312477,299.859887336085,302.29777259898003,307.17354312477,,,2460000.0
1998-03-16,302.29777259898003,302.29777259898003,302.29777259898003,302.29777259898003,,,2460000.0
1998-03-17,326.67662522793,302.29777259898003,302.29777259898003,326.67662522793,,,2460000.0
1998-03-18,302.29777259898003,302.29777259898003,302.29777259898003,302.29777259898003,,,2460000.0
1998-03-19,302.29777259898003,302.29777259898003,302.29777259898003,302.29777259898003,,,2460000.0
1998-03-20,302.29777259898003,302.29777259898003,302.29777259898003,302.29777259898003,,,2460000.0
1998-03-23,326.67662522793,302.29777259898003,302.29777259898003,326.67662522793,,,2460000.0
1998-03-24,326.67662522793,302.29777259898003,302.29777259898003,326.67662522793,,,2460000.0
1998-03-25,302.29777259898003,292.5462315474,292.5462315474,302.29777259898003,,,2460000.0
1998-03-26,297.42200207319,292.5462315474,292.5462315474,292.5462315474,,,2460000.0
1998-03-27,326.67662522793,292.5462315474,292.5462315474,326.67662522793,,,2460000.0
1998-03-30,297.42200207319,292.5462315474,292.5462315474,292.5462315474,,,2460000.0
1998-03-31,292.5462315474,292.5462315474,292.5462315474,292.5462315474,,,2460000.0
1998-04-01,292.5462315474,292.5462315474,292.5462315474,292.5462315474,,,2460000.0
1998-04-02,292.5462315474,292.5462315474,292.5462315474,292.5462315474,,,2460000.0
1998-04-03,292.5462315474,292.5462315474,292.5462315474,292.5462315474,,,2460000.0
1998-04-06,292.5462315474,292.5462315474,292.5462315474,292.5462315474,,,2460000.0
1998-04-07,292.5462315474,292.5462315474,292.5462315474,292.5462315474,,,2460000.0
1998-04-08,292.5462315474,292.5462315474,292.5462315474,292.5462315474,,,2460000.0
1998-04-09,292.5462315474,292.5462315474,292.5462315474,292.5462315474,,,2460000.0
1998-04-14,292.5462315474,292.5462315474,292.5462315474,292.5462315474,,,2460000.0
1998-04-15,292.5462315474,292.5462315474,292.5462315474,292.5462315474,,,2460000.0
1998-04-16,292.5462315474,292.5462315474,292.5462315474,292.5462315474,,,2460000.0
1998-04-17,292.5462315474,292.5462315474,292.5462315474,292.5462315474,,,2460000.0
1998-04-20,292.5462315474,292.5462315474,292.5462315474,292.5462315474,,,2460000.0
1998-04-21,292.5462315474,292.5462315474,292.5462315474,292.5462315474,,,2460000.0
1998-04-22,292.5462315474,292.5462315474,292.5462315474,292.5462315474,,,2460000.0
1998-04-23,292.5462315474,292.5462315474,292.5462315474,292.5462315474,,,2460000.0
1998-04-24,292.5462315474,292.5462315474,292.5462315474,292.5462315474,,,2460000.0
1998-04-27,292.5462315474,292.5462315474,292.5462315474,292.5462315474,,,2460000.0
1998-04-28,292.5462315474,292.5462315474,292.5462315474,292.5462315474,,,2460000.0
1998-04-29,316.92508417635,292.5462315474,316.92508417635,292.5462315474,,,2460000.0
1998-04-30,316.92508417635,316.92508417635,316.92508417635,316.92508417635,,,2460000.0
1998-05-01,316.92508417635,316.92508417635,316.92508417635,316.92508417635,,,2460000.0
1998-05-05,316.92508417635,316.92508417635,316.92508417635,316.92508417635,,,2460000.0
1998-05-06,316.92508417635,316.92508417635,316.92508417635,316.92508417635,,,2460000.0
1998-05-07,321.80085470214,316.92508417635,321.80085470214,316.92508417635,,,2460000.0
1998-05-08,326.67662522793,316.92508417635,326.67662522793,316.92508417635,,,2460000.0
1998-05-11,326.67662522793,326.67662522793,326.67662522793,326.67662522793,,,2460000.0
1998-05-12,326.67662522793,326.67662522793,326.67662522793,326.67662522793,,,2460000.0
1998-05-13,326.67662522793,321.80085470214,326.67662522793,321.80085470214,,,2460000.0
1998-05-14,326.67662522793,321.80085470214,326.67662522793,321.80085470214,,,2460000.0
1998-05-15,326.67662522793,321.80085470214,326.67662522793,321.80085470214,,,2460000.0
1998-05-18,326.67662522793,326.67662522793,326.67662522793,326.67662522793,,,2460000.0
1998-05-19,326.67662522793,326.67662522793,326.67662522793,326.67662522793,,,2460000.0
1998-05-20,331.55239575372,326.67662522793,326.67662522793,331.55239575372,,,2460000.0
1998-05-21,355.93124838267005,341.3039368053,355.93124838267005,341.3039368053,,,2460000.0
1998-05-22,355.93124838267005,331.55239575372,355.93124838267005,331.55239575372,,,2460000.0
1998-05-26,355.93124838267005,331.55239575372,355.93124838267005,331.55239575372,,,2460000.0
1998-05-27,355.93124838267005,355.93124838267005,355.93124838267005,355.93124838267005,,,2460000.0
1998-05-28,355.93124838267005,355.93124838267005,355.93124838267005,355.93124838267005,,,2460000.0
1998-05-29,355.93124838267005,331.55239575372,355.93124838267005,331.55239575372,,,2460000.0
1998-06-01,355.93124838267005,331.55239575372,355.93124838267005,331.55239575372,,,2460000.0
1998-06-02,355.93124838267005,355.93124838267005,355.93124838267005,355.93124838267005,,,2460000.0
1998-06-03,355.93124838267005,355.93124838267005,355.93124838267005,355.93124838267005,,,2460000.0
1998-06-04,355.93124838267005,331.55239575372,355.93124838267005,331.55239575372,,,2460000.0
1998-06-05,355.93124838267005,355.93124838267005,355.93124838267005,355.93124838267005,,,2460000.0
1998-06-08,365.68278943425,355.93124838267005,365.68278943425,355.93124838267005,,,2460000.0
1998-06-09,399.81318311478,365.68278943425,365.68278943425,399.81318311478,,,2460000.0
1998-06-10,370.55855996004,365.68278943425,365.68278943425,365.68278943425,,,2460000.0
1998-06-11,370.55855996004,365.68278943425,365.68278943425,365.68278943425,,,2460000.0
1998-06-12,370.55855996004,365.68278943425,365.68278943425,365.68278943425,,,2460000.0
1998-06-15,370.55855996004,365.68278943425,365.68278943425,365.68278943425,,,2460000.0
1998-06-16,370.55855996004,365.68278943425,365.68278943425,365.68278943425,,,2460000.0
1998-06-17,370.55855996004,365.68278943425,365.68278943425,365.68278943425,,,2460000.0
1998-06-18,370.55855996004,365.68278943425,365.68278943425,365.68278943425,,,2460000.0
1998-06-19,370.55855996004,365.68278943425,365.68278943425,365.68278943425,,,2460000.0
1998-06-22,370.55855996004,346.17970733109,346.17970733109,365.68278943425,,,2460000.0
1998-06-23,399.81318311478,346.17970733109,346.17970733109,399.81318311478,,,2460000.0
1998-06-24,360.80701890846,346.17970733109,346.17970733109,346.17970733109,,,2460000.0
1998-06-25,360.80701890846,346.17970733109,351.05547785688,346.17970733109,,,2460000.0
1998-06-26,360.80701890846,351.05547785688,351.05547785688,351.05547785688,,,2460000.0
1998-06-29,360.80701890846,351.05547785688,351.05547785688,351.05547785688,,,2460000.0
1998-06-30,351.05547785688,351.05547785688,351.05547785688,351.05547785688,,,2460000.0
1998-07-01,351.05547785688,351.05547785688,351.05547785688,351.05547785688,,,2460000.0
1998-07-02,351.05547785688,351.05547785688,351.05547785688,351.05547785688,,,2460000.0
1998-07-03,365.68278943425,351.05547785688,351.05547785688,365.68278943425,,,2460000.0
1998-07-06,351.05547785688,351.05547785688,351.05547785688,351.05547785688,,,2460000.0
1998-07-07,351.05547785688,351.05547785688,351.05547785688,351.05547785688,,,2460000.0
1998-07-08,351.05547785688,351.05547785688,351.05547785688,351.05547785688,,,2460000.0
1998-07-09,351.05547785688,351.05547785688,351.05547785688,351.05547785688,,,2460000.0
1998-07-10,351.05547785688,351.05547785688,351.05547785688,351.05547785688,,,2460000.0
1998-07-13,351.05547785688,351.05547785688,351.05547785688,351.05547785688,,,2460000.0
1998-07-14,351.05547785688,351.05547785688,351.05547785688,351.05547785688,,,2460000.0
1998-07-15,351.05547785688,351.05547785688,351.05547785688,351.05547785688,,,2460000.0
1998-07-16,355.93124838267005,351.05547785688,355.93124838267005,351.05547785688,,,2460000.0
1998-07-17,355.93124838267005,355.93124838267005,355.93124838267005,355.93124838267005,,,2460000.0
1998-07-20,355.93124838267005,355.93124838267005,355.93124838267005,355.93124838267005,,,2460000.0
1998-07-21,355.93124838267005,355.93124838267005,355.93124838267005,355.93124838267005,,,2460000.0
1998-07-22,355.93124838267005,355.93124838267005,355.93124838267005,355.93124838267005,,,2460000.0
1998-07-23,355.93124838267005,355.93124838267005,355.93124838267005,355.93124838267005,,,2460000.0
1998-07-24,355.93124838267005,355.93124838267005,355.93124838267005,355.93124838267005,,,2460000.0
1998-07-27,355.93124838267005,355.93124838267005,355.93124838267005,355.93124838267005,,,2460000.0
1998-07-28,355.93124838267005,355.93124838267005,355.93124838267005,355.93124838267005,,,2460000.0
1998-07-29,355.93124838267005,355.93124838267005,355.93124838267005,355.93124838267005,,,2460000.0
1998-07-30,355.93124838267005,355.93124838267005,355.93124838267005,355.93124838267005,,,2460000.0
1998-07-31,355.93124838267005,355.93124838267005,355.93124838267005,355.93124838267005,,,2460000.0
1998-08-03,355.93124838267005,355.93124838267005,355.93124838267005,355.93124838267005,,,2460000.0
1998-08-04,355.93124838267005,355.93124838267005,355.93124838267005,355.93124838267005,,,2460000.0
1998-08-05,370.55855996004,355.93124838267005,355.93124838267005,355.93124838267005,,,2460000.0
1998-08-06,355.93124838267005,355.93124838267005,355.93124838267005,355.93124838267005,,,2460000.0
1998-08-07,355.93124838267005,351.05547785688,351.05547785688,355.93124838267005,,,2460000.0
1998-08-10,348.61759259398497,346.17970733109,346.17970733109,346.17970733109,,,2460000.0
1998-08-11,346.17970733109,346.17970733109,346.17970733109,346.17970733109,,,2460000.0
1998-08-12,346.17970733109,346.17970733109,346.17970733109,346.17970733109,,,2460000.0
1998-08-13,346.17970733109,331.55239575372,338.86605154240505,346.17970733109,,,2460000.0
1998-08-14,338.86605154240505,331.55239575372,338.86605154240505,331.55239575372,,,2460000.0
1998-08-17,365.68278943425,331.55239575372,338.86605154240505,365.68278943425,,,2460000.0
1998-08-18,338.86605154240505,331.55239575372,338.86605154240505,331.55239575372,,,2460000.0
1998-08-19,338.86605154240505,331.55239575372,338.86605154240505,331.55239575372,,,2460000.0
1998-08-20,338.86605154240505,331.55239575372,338.86605154240505,331.55239575372,,,2460000.0
1998-08-21,338.86605154240505,331.55239575372,338.86605154240505,331.55239575372,,,2460000.0
1998-08-24,338.86605154240505,331.55239575372,338.86605154240505,331.55239575372,,,2460000.0
1998-08-25,338.86605154240505,331.55239575372,338.86605154240505,331.55239575372,,,2460000.0
1998-08-26,338.86605154240505,331.55239575372,338.86605154240505,331.55239575372,,,2460000.0
1998-08-27,338.86605154240505,331.55239575372,338.86605154240505,331.55239575372,,,2460000.0
1998-08-28,336.42816627951,331.55239575372,336.42816627951,331.55239575372,,,2460000.0
1998-09-01,336.42816627951,331.55239575372,336.42816627951,331.55239575372,,,2460000.0
1998-09-02,338.86605154240505,336.42816627951,338.86605154240505,336.42816627951,,,2460000.0
1998-09-03,338.86605154240505,336.42816627951,338.86605154240505,336.42816627951,,,2460000.0
1998-09-04,338.86605154240505,336.42816627951,338.86605154240505,336.42816627951,,,2460000.0
1998-09-07,360.80701890846,336.42816627951,338.86605154240505,336.42816627951,,,2460000.0
1998-09-08,360.80701890846,336.42816627951,338.86605154240505,360.80701890846,,,2460000.0
1998-09-09,338.86605154240505,336.42816627951,338.86605154240505,336.42816627951,,,2460000.0
1998-09-10,338.86605154240505,336.42816627951,338.86605154240505,336.42816627951,,,2460000.0
1998-09-11,336.42816627951,336.42816627951,336.42816627951,336.42816627951,,,2460000.0
1998-09-14,351.05547785688,336.42816627951,336.42816627951,351.05547785688,,,2460000.0
1998-09-15,351.05547785688,336.42816627951,336.42816627951,351.05547785688,,,2460000.0
1998-09-16,351.05547785688,336.42816627951,336.42816627951,351.05547785688,,,2460000.0
1998-09-17,336.42816627951,336.42816627951,336.42816627951,336.42816627951,,,2460000.0
1998-09-18,336.42816627951,336.42816627951,336.42816627951,336.42816627951,,,2460000.0
1998-09-21,336.42816627951,316.92508417635,324.23873996503505,336.42816627951,,,2460000.0
1998-09-22,351.05547785688,316.92508417635,324.23873996503505,351.05547785688,,,2460000.0
1998-09-23,351.05547785688,316.92508417635,351.05547785688,316.92508417635,,,2460000.0
1998-09-24,351.05547785688,316.92508417635,324.23873996503505,351.05547785688,,,2460000.0
1998-09-25,324.23873996503505,316.92508417635,324.23873996503505,316.92508417635,,,2460000.0
1998-09-28,324.23873996503505,316.92508417635,324.23873996503505,316.92508417635,,,2460000.0
1998-09-29,324.23873996503505,316.92508417635,316.92508417635,316.92508417635,,,2460000.0
1998-09-30,316.92508417635,312.04931365056,312.04931365056,316.92508417635,,,2460000.0
1998-10-01,307.17354312477,307.17354312477,307.17354312477,307.17354312477,,,2460000.0
1998-10-02,307.17354312477,307.17354312477,307.17354312477,307.17354312477,,,2460000.0
1998-10-05,307.17354312477,307.17354312477,307.17354312477,307.17354312477,,,2460000.0
1998-10-06,307.17354312477,307.17354312477,307.17354312477,307.17354312477,,,2460000.0
1998-10-07,307.17354312477,307.17354312477,307.17354312477,307.17354312477,,,2460000.0
1998-10-08,307.17354312477,287.67046102161,307.17354312477,287.67046102161,,,2460000.0
1998-10-09,307.17354312477,287.67046102161,307.17354312477,287.67046102161,,,2460000.0
1998-10-12,307.17354312477,287.67046102161,307.17354312477,287.67046102161,,,2460000.0
1998-10-13,307.17354312477,287.67046102161,307.17354312477,287.67046102161,,,2460000.0
1998-10-14,307.17354312477,287.67046102161,307.17354312477,287.67046102161,,,2460000.0
1998-10-15,307.17354312477,307.17354312477,307.17354312477,307.17354312477,,,2460000.0
1998-10-16,316.92508417635,314.487198913455,314.487198913455,316.92508417635,,,2460000.0
1998-10-19,316.92508417635,292.5462315474,314.487198913455,292.5462315474,,,2460000.0
1998-10-20,316.92508417635,292.5462315474,314.487198913455,292.5462315474,,,2460000.0
1998-10-21,316.92508417635,292.5462315474,314.487198913455,292.5462315474,,,2460000.0
1998-10-22,316.92508417635,292.5462315474,314.487198913455,292.5462315474,,,2460000.0
1998-10-23,314.487198913455,292.5462315474,314.487198913455,292.5462315474,,,2460000.0
1998-10-26,316.92508417635,314.487198913455,316.92508417635,316.92508417635,,,2460000.0
1998-10-27,326.67662522793,316.92508417635,316.92508417635,326.67662522793,,,2460000.0
1998-10-28,326.67662522793,316.92508417635,316.92508417635,326.67662522793,,,2460000.0
1998-10-29,326.67662522793,316.92508417635,316.92508417635,326.67662522793,,,2460000.0
1998-10-30,316.92508417635,316.92508417635,316.92508417635,316.92508417635,,,2460000.0
1998-11-02,331.55239575372,316.92508417635,331.55239575372,316.92508417635,,,2460000.0
1998-11-03,331.55239575372,331.55239575372,331.55239575372,331.55239575372,,,2460000.0
1998-11-04,331.55239575372,331.55239575372,331.55239575372,331.55239575372,,,2460000.0
1998-11-05,336.42816627951,331.55239575372,331.55239575372,336.42816627951,,,2460000.0
1998-11-06,336.42816627951,331.55239575372,331.55239575372,331.55239575372,,,2460000.0
1998-11-09,336.42816627951,331.55239575372,331.55239575372,331.55239575372,,,2460000.0
1998-11-10,331.55239575372,331.55239575372,331.55239575372,331.55239575372,,,2460000.0
1998-11-11,336.42816627951,331.55239575372,336.42816627951,331.55239575372,,,2460000.0
1998-11-12,336.42816627951,336.42816627951,336.42816627951,336.42816627951,,,2460000.0
1998-11-13,336.42816627951,336.42816627951,336.42816627951,336.42816627951,,,2460000.0
1998-11-16,336.42816627951,336.42816627951,336.42816627951,336.42816627951,,,2460000.0
1998-11-17,336.42816627951,336.42816627951,336.42816627951,336.42816627951,,,2460000.0
1998-11-18,355.93124838267005,336.42816627951,341.3039368053,355.93124838267005,,,2460000.0
1998-11-19,355.93124838267005,341.3039368053,343.741822068195,355.93124838267005,,,2460000.0
1998-11-20,355.93124838267005,343.741822068195,346.17970733109,355.93124838267005,,,2460000.0
1998-11-23,346.17970733109,346.17970733109,346.17970733109,346.17970733109,,,2460000.0
1998-11-24,365.68278943425,365.68278943425,365.68278943425,365.68278943425,,,2460000.0
1998-11-25,365.68278943425,365.68278943425,365.68278943425,365.68278943425,,,2460000.0
1998-11-26,365.68278943425,365.68278943425,365.68278943425,365.68278943425,,,2460000.0
1998-11-27,365.68278943425,365.68278943425,365.68278943425,365.68278943425,,,2460000.0
1998-11-30,365.68278943425,331.55239575372,353.49336311977504,331.55239575372,,,2460000.0
1998-12-01,353.49336311977504,331.55239575372,341.3039368053,331.55239575372,,,2460000.0
1998-12-02,341.3039368053,341.3039368053,341.3039368053,341.3039368053,,,2460000.0
1998-12-03,341.3039368053,341.3039368053,341.3039368053,341.3039368053,,,2460000.0
1998-12-04,341.3039368053,341.3039368053,341.3039368053,341.3039368053,,,2460000.0
1998-12-07,341.3039368053,341.3039368053,341.3039368053,341.3039368053,,,2460000.0
1998-12-08,341.3039368053,341.3039368053,341.3039368053,341.3039368053,,,2460000.0
1998-12-09,341.3039368053,341.3039368053,341.3039368053,341.3039368053,,,2460000.0
1998-12-10,341.3039368053,331.55239575372,341.3039368053,331.55239575372,,,2460000.0
1998-12-11,341.3039368053,341.3039368053,341.3039368053,341.3039368053,,,2460000.0
1998-12-14,331.55239575372,331.55239575372,331.55239575372,331.55239575372,,,2460000.0
1998-12-15,331.55239575372,331.55239575372,331.55239575372,331.55239575372,,,2460000.0
1998-12-16,331.55239575372,331.55239575372,331.55239575372,331.55239575372,,,2460000.0
1998-12-17,331.55239575372,331.55239575372,331.55239575372,331.55239575372,,,2460000.0
1998-12-18,331.55239575372,331.55239575372,331.55239575372,331.55239575372,,,2460000.0
1998-12-21,331.55239575372,331.55239575372,331.55239575372,331.55239575372,,,2460000.0
1998-12-22,331.55239575372,331.55239575372,331.55239575372,331.55239575372,,,2460000.0
1998-12-23,331.55239575372,331.55239575372,331.55239575372,331.55239575372,,,2460000.0
1998-12-24,331.55239575372,331.55239575372,331.55239575372,331.55239575372,,,2460000.0
1998-12-29,331.55239575372,331.55239575372,331.55239575372,331.55239575372,,,2460000.0
1998-12-30,331.55239575372,319.362969439245,319.362969439245,331.55239575372,,,2460000.0
1999-01-04,331.55239575372,316.92508417635,319.362969439245,331.55239575372,,,2460000.0
1999-01-05,319.362969439245,316.92508417635,319.362969439245,316.92508417635,,,2460000.0
1999-01-06,319.362969439245,316.92508417635,319.362969439245,316.92508417635,,,2460000.0
1999-01-07,331.55239575372,316.92508417635,319.362969439245,331.55239575372,,,2460000.0
1999-01-08,331.55239575372,316.92508417635,319.362969439245,331.55239575372,,,2460000.0
1999-01-11,319.362969439245,316.92508417635,319.362969439245,316.92508417635,,,2460000.0
1999-01-12,319.362969439245,316.92508417635,319.362969439245,316.92508417635,,,2460000.0
1999-01-13,319.362969439245,316.92508417635,316.92508417635,316.92508417635,,,2460000.0
1999-01-14,316.92508417635,316.92508417635,316.92508417635,316.92508417635,,,2460000.0
1999-01-15,307.17354312477,307.17354312477,307.17354312477,307.17354312477,,,2460000.0
1999-01-18,307.17354312477,307.17354312477,307.17354312477,307.17354312477,,,2460000.0
1999-01-19,312.04931365056,307.17354312477,307.17354312477,312.04931365056,,,2460000.0
1999-01-20,307.17354312477,307.17354312477,307.17354312477,307.17354312477,,,2460000.0
1999-01-21,312.04931365056,307.17354312477,307.17354312477,312.04931365056,,,2460000.0
1999-01-22,307.17354312477,307.17354312477,307.17354312477,307.17354312477,,,2460000.0
1999-01-25,312.04931365056,307.17354312477,307.17354312477,312.04931365056,,,2460000.0
1999-01-26,307.17354312477,307.17354312477,307.17354312477,307.17354312477,,,2460000.0
1999-01-27,312.04931365056,307.17354312477,307.17354312477,312.04931365056,,,2460000.0
1999-01-28,307.17354312477,307.17354312477,307.17354312477,307.17354312477,,,2460000.0
1999-01-29,316.92508417635,316.92508417635,316.92508417635,316.92508417635,,,2460000.0
1999-02-01,316.92508417635,312.04931365056,316.92508417635,312.04931365056,,,2460000.0
1999-02-02,316.92508417635,312.04931365056,316.92508417635,316.92508417635,,,2460000.0
1999-02-03,316.92508417635,316.92508417635,316.92508417635,316.92508417635,,,2460000.0
1999-02-04,316.92508417635,312.04931365056,316.92508417635,312.04931365056,,,2460000.0
1999-02-05,316.92508417635,312.04931365056,316.92508417635,312.04931365056,,,2460000.0
1999-02-08,316.92508417635,316.92508417635,316.92508417635,316.92508417635,,,2460000.0
1999-02-09,316.92508417635,312.04931365056,316.92508417635,312.04931365056,,,2460000.0
1999-02-10,316.92508417635,316.92508417635,316.92508417635,316.92508417635,,,2460000.0
1999-02-11,316.92508417635,316.92508417635,316.92508417635,316.92508417635,,,2460000.0
1999-02-12,316.92508417635,312.04931365056,316.92508417635,312.04931365056,,,2460000.0
1999-02-15,316.92508417635,316.92508417635,316.92508417635,316.92508417635,,,2460000.0
1999-02-16,316.92508417635,312.04931365056,316.92508417635,312.04931365056,,,2460000.0
1999-02-17,316.92508417635,312.04931365056,316.92508417635,312.04931365056,,,2460000.0
1999-02-18,316.92508417635,316.92508417635,316.92508417635,316.92508417635,,,2460000.0
1999-02-19,316.92508417635,316.92508417635,316.92508417635,316.92508417635,,,2460000.0
1999-02-22,316.92508417635,312.04931365056,316.92508417635,312.04931365056,,,2460000.0
1999-02-23,316.92508417635,316.92508417635,316.92508417635,316.92508417635,,,2460000.0
1999-02-24,316.92508417635,312.04931365056,316.92508417635,312.04931365056,,,2460000.0
1999-02-25,316.92508417635,312.04931365056,316.92508417635,312.04931365056,,,2460000.0
1999-02-26,316.92508417635,316.92508417635,316.92508417635,316.92508417635,,,2460000.0
1999-03-01,316.92508417635,312.04931365056,316.92508417635,312.04931365056,,,2460000.0
1999-03-02,316.92508417635,316.92508417635,316.92508417635,316.92508417635,,,2460000.0
1999-03-03,316.92508417635,312.04931365056,316.92508417635,312.04931365056,,,2460000.0
1999-03-04,316.92508417635,316.92508417635,316.92508417635,316.92508417635,,,2460000.0
1999-03-05,316.92508417635,316.92508417635,316.92508417635,316.92508417635,,,2460000.0
1999-03-08,312.04931365056,297.42200207319,309.611428387665,297.42200207319,,,2460000.0
1999-03-09,312.04931365056,309.611428387665,309.611428387665,312.04931365056,,,2460000.0
1999-03-10,312.04931365056,297.42200207319,309.611428387665,297.42200207319,,,2460000.0
1999-03-11,312.04931365056,297.42200207319,312.04931365056,297.42200207319,,58.0,2460000.0
1999-03-12,321.80085470214,312.04931365056,321.80085470214,312.04931365056,,,2460000.0
1999-03-15,341.3039368053,321.80085470214,341.3039368053,321.80085470214,,,2460000.0
1999-03-16,341.3039368053,341.3039368053,341.3039368053,341.3039368053,,,2460000.0
1999-03-17,341.3039368053,341.3039368053,341.3039368053,341.3039368053,,1500.0,2460000.0
1999-03-18,341.3039368053,341.3039368053,341.3039368053,341.3039368053,,,2460000.0
1999-03-19,341.3039368053,341.3039368053,341.3039368053,341.3039368053,,,2460000.0
1999-03-22,341.3039368053,341.3039368053,341.3039368053,341.3039368053,,,2460000.0
1999-03-23,341.3039368053,336.42816627951,336.42816627951,341.3039368053,,,2460000.0
1999-03-24,336.42816627951,336.42816627951,336.42816627951,336.42816627951,,,2460000.0
1999-03-25,336.42816627951,336.42816627951,336.42816627951,336.42816627951,,,2460000.0
1999-03-26,336.42816627951,336.42816627951,336.42816627951,336.42816627951,,,2460000.0
1999-03-29,336.42816627951,336.42816627951,336.42816627951,336.42816627951,,,2460000.0
1999-03-30,336.42816627951,336.42816627951,336.42816627951,336.42816627951,,,2460000.0
1999-03-31,336.42816627951,316.92508417635,316.92508417635,336.42816627951,,,2460000.0
1999-04-01,316.92508417635,316.92508417635,316.92508417635,316.92508417635,,,2460000.0
1999-04-06,316.92508417635,302.29777259898003,302.29777259898003,316.92508417635,,,2460000.0
1999-04-07,302.29777259898003,302.29777259898003,302.29777259898003,302.29777259898003,,,2460000.0
1999-04-08,307.17354312477,302.29777259898003,307.17354312477,302.29777259898003,,,2460000.0
1999-04-09,307.17354312477,307.17354312477,307.17354312477,307.17354312477,,,2460000.0
1999-04-12,307.17354312477,307.17354312477,307.17354312477,307.17354312477,,,2460000.0
1999-04-13,307.17354312477,307.17354312477,307.17354312477,307.17354312477,,,2460000.0
1999-04-14,312.04931365056,307.17354312477,312.04931365056,307.17354312477,,,2460000.0
1999-04-15,312.04931365056,312.04931365056,312.04931365056,312.04931365056,,,2460000.0
1999-04-16,312.04931365056,312.04931365056,312.04931365056,312.04931365056,,,2460000.0
1999-04-19,312.04931365056,312.04931365056,312.04931365056,312.04931365056,,,2460000.0
1999-04-20,312.04931365056,312.04931365056,312.04931365056,312.04931365056,,,2460000.0
1999-04-21,316.92508417635,312.04931365056,316.92508417635,312.04931365056,,,2460000.0
1999-04-22,316.92508417635,316.92508417635,316.92508417635,316.92508417635,,,2460000.0
1999-04-23,341.3039368053,316.92508417635,341.3039368053,316.92508417635,,,2460000.0
1999-04-26,341.3039368053,341.3039368053,341.3039368053,341.3039368053,,,2460000.0
1999-04-27,346.17970733109,341.3039368053,346.17970733109,341.3039368053,,,2460000.0
1999-04-28,351.05547785688,351.05547785688,351.05547785688,351.05547785688,,,2460000.0
1999-04-29,351.05547785688,351.05547785688,351.05547785688,351.05547785688,,,2460000.0
1999-04-30,390.0616420632,351.05547785688,390.0616420632,351.05547785688,,,2460000.0
1999-05-04,394.93741258899,394.93741258899,394.93741258899,394.93741258899,,,2460000.0
1999-05-05,394.93741258899,394.93741258899,394.93741258899,394.93741258899,,,2460000.0
1999-05-06,394.93741258899,394.93741258899,394.93741258899,394.93741258899,,,2460000.0
1999-05-07,394.93741258899,394.93741258899,394.93741258899,394.93741258899,,,2460000.0
1999-05-10,394.93741258899,394.93741258899,394.93741258899,394.93741258899,,,2460000.0
1999-05-11,394.93741258899,394.93741258899,394.93741258899,394.93741258899,,,2460000.0
1999-05-12,394.93741258899,394.93741258899,394.93741258899,394.93741258899,,,2460000.0
1999-05-13,394.93741258899,394.93741258899,394.93741258899,394.93741258899,,,2460000.0
1999-05-14,394.93741258899,394.93741258899,394.93741258899,394.93741258899,,,2460000.0
1999-05-17,394.93741258899,394.93741258899,394.93741258899,394.93741258899,,,2460000.0
1999-05-18,394.93741258899,394.93741258899,394.93741258899,394.93741258899,,,2460000.0
1999-05-19,394.93741258899,394.93741258899,394.93741258899,394.93741258899,,,2460000.0
1999-05-20,394.93741258899,394.93741258899,394.93741258899,394.93741258899,,,2460000.0
1999-05-21,394.93741258899,394.93741258899,394.93741258899,394.93741258899,,,2460000.0
1999-05-24,394.93741258899,394.93741258899,394.93741258899,394.93741258899,,,2460000.0
1999-05-25,394.93741258899,394.93741258899,394.93741258899,394.93741258899,,,2460000.0
1999-05-26,394.93741258899,394.93741258899,394.93741258899,394.93741258899,,,2460000.0
1999-05-27,394.93741258899,394.93741258899,394.93741258899,394.93741258899,,,2460000.0
1999-05-28,394.93741258899,394.93741258899,394.93741258899,394.93741258899,,,2460000.0
1999-06-01,394.93741258899,394.93741258899,394.93741258899,394.93741258899,,,2460000.0
1999-06-02,394.93741258899,394.93741258899,394.93741258899,394.93741258899,,,2460000.0
1999-06-03,394.93741258899,394.93741258899,394.93741258899,394.93741258899,,,2460000.0
1999-06-04,394.93741258899,394.93741258899,394.93741258899,394.93741258899,,,2460000.0
1999-06-07,394.93741258899,394.93741258899,394.93741258899,394.93741258899,,,2460000.0
1999-06-08,399.81318311478,394.93741258899,399.81318311478,394.93741258899,,,2460000.0
1999-06-09,399.81318311478,399.81318311478,399.81318311478,399.81318311478,,,2460000.0
1999-06-10,399.81318311478,399.81318311478,399.81318311478,399.81318311478,,,2460000.0
1999-06-11,399.81318311478,399.81318311478,399.81318311478,399.81318311478,,,2460000.0
1999-06-14,399.81318311478,399.81318311478,399.81318311478,399.81318311478,,,2460000.0
1999-06-15,399.81318311478,399.81318311478,399.81318311478,399.81318311478,,,2460000.0
1999-06-16,404.68895364057,399.81318311478,404.68895364057,399.81318311478,,,2460000.0
1999-06-17,404.68895364057,404.68895364057,404.68895364057,404.68895364057,,,2460000.0
1999-06-18,404.68895364057,404.68895364057,404.68895364057,404.68895364057,,,2460000.0
1999-06-21,404.68895364057,404.68895364057,404.68895364057,404.68895364057,,,2460000.0
1999-06-22,404.68895364057,404.68895364057,404.68895364057,404.68895364057,,,2460000.0
1999-06-23,404.68895364057,394.93741258899,394.93741258899,404.68895364057,,,2460000.0
1999-06-24,394.93741258899,394.93741258899,394.93741258899,394.93741258899,,,2460000.0
1999-06-25,385.1858715374101,385.1858715374101,385.1858715374101,385.1858715374101,,,2460000.0
1999-06-28,385.1858715374101,385.1858715374101,385.1858715374101,385.1858715374101,,,2460000.0
1999-06-29,385.1858715374101,385.1858715374101,385.1858715374101,385.1858715374101,,,2460000.0
1999-06-30,385.1858715374101,385.1858715374101,385.1858715374101,385.1858715374101,,,2460000.0
1999-07-01,385.1858715374101,385.1858715374101,385.1858715374101,385.1858715374101,,,2460000.0
1999-07-02,385.1858715374101,385.1858715374101,385.1858715374101,385.1858715374101,,,2460000.0
1999-07-05,385.1858715374101,385.1858715374101,385.1858715374101,385.1858715374101,,,2460000.0
1999-07-06,385.1858715374101,385.1858715374101,385.1858715374101,385.1858715374101,,,2460000.0
1999-07-07,385.1858715374101,385.1858715374101,385.1858715374101,385.1858715374101,,,2460000.0
1999-07-08,385.1858715374101,385.1858715374101,385.1858715374101,385.1858715374101,,,2460000.0
1999-07-09,385.1858715374101,385.1858715374101,385.1858715374101,385.1858715374101,,,2460000.0
1999-07-12,385.1858715374101,385.1858715374101,385.1858715374101,385.1858715374101,,,2460000.0
1999-07-13,385.1858715374101,385.1858715374101,385.1858715374101,385.1858715374101,,,2460000.0
1999-07-14,385.1858715374101,385.1858715374101,385.1858715374101,385.1858715374101,,,2460000.0
1999-07-15,385.1858715374101,385.1858715374101,385.1858715374101,385.1858715374101,,,2460000.0
1999-07-16,390.0616420632,385.1858715374101,390.0616420632,385.1858715374101,,,2460000.0
1999-07-19,390.0616420632,390.0616420632,390.0616420632,390.0616420632,,,2460000.0
1999-07-20,385.1858715374101,385.1858715374101,385.1858715374101,385.1858715374101,,,2460000.0
1999-07-21,385.1858715374101,385.1858715374101,385.1858715374101,385.1858715374101,,,2460000.0
1999-07-22,385.1858715374101,385.1858715374101,385.1858715374101,385.1858715374101,,,2460000.0
1999-07-23,385.1858715374101,385.1858715374101,385.1858715374101,385.1858715374101,,,2460000.0
1999-07-26,385.1858715374101,385.1858715374101,385.1858715374101,385.1858715374101,,,2460000.0
1999-07-27,385.1858715374101,385.1858715374101,385.1858715374101,385.1858715374101,,,2460000.0
1999-07-28,385.1858715374101,385.1858715374101,385.1858715374101,385.1858715374101,,,2460000.0
1999-07-29,385.1858715374101,385.1858715374101,385.1858715374101,385.1858715374101,,,2460000.0
1999-07-30,385.1858715374101,385.1858715374101,385.1858715374101,385.1858715374101,,,2460000.0
1999-08-02,385.1858715374101,385.1858715374101,385.1858715374101,385.1858715374101,,,2460000.0
1999-08-03,385.1858715374101,385.1858715374101,385.1858715374101,385.1858715374101,,,2460000.0
1999-08-04,385.1858715374101,385.1858715374101,385.1858715374101,385.1858715374101,,,2460000.0
1999-08-05,385.1858715374101,385.1858715374101,385.1858715374101,385.1858715374101,,,2460000.0
1999-08-06,385.1858715374101,385.1858715374101,385.1858715374101,385.1858715374101,,,2460000.0
1999-08-09,385.1858715374101,385.1858715374101,385.1858715374101,385.1858715374101,,,2460000.0
1999-08-10,385.1858715374101,385.1858715374101,385.1858715374101,385.1858715374101,,,2460000.0
1999-08-11,385.1858715374101,385.1858715374101,385.1858715374101,385.1858715374101,,,2460000.0
1999-08-12,375.43433048583,375.43433048583,375.43433048583,375.43433048583,,,2460000.0
1999-08-13,375.43433048583,375.43433048583,375.43433048583,375.43433048583,,,2460000.0
1999-08-16,369.583405854882,369.583405854882,369.583405854882,369.583405854882,,,2460000.0
1999-08-17,369.583405854882,369.583405854882,369.583405854882,369.583405854882,,,2460000.0
1999-08-18,369.583405854882,369.583405854882,369.583405854882,369.583405854882,,,2460000.0
1999-08-19,369.583405854882,369.583405854882,369.583405854882,369.583405854882,,,2460000.0
1999-08-20,369.583405854882,369.583405854882,369.583405854882,369.583405854882,,,2460000.0
1999-08-23,369.583405854882,369.583405854882,369.583405854882,369.583405854882,,,2460000.0
1999-08-24,369.583405854882,369.583405854882,369.583405854882,369.583405854882,,,2460000.0
1999-08-25,369.583405854882,369.583405854882,369.583405854882,369.583405854882,,40000.0,2460000.0
1999-08-26,369.583405854882,369.583405854882,369.583405854882,369.583405854882,,,2460000.0
1999-08-27,369.583405854882,369.583405854882,369.583405854882,369.583405854882,,,2460000.0
1999-08-31,365.68278943425,365.68278943425,365.68278943425,365.68278943425,,,2460000.0
1999-09-01,375.43433048583,365.68278943425,375.43433048583,365.68278943425,,,2460000.0
1999-09-02,375.43433048583,375.43433048583,375.43433048583,375.43433048583,,,2460000.0
1999-09-03,375.43433048583,375.43433048583,375.43433048583,375.43433048583,,,2460000.0
1999-09-06,390.0616420632,388.111333852884,390.0616420632,390.0616420632,,,2460000.0
1999-09-07,390.0616420632,390.0616420632,390.0616420632,390.0616420632,,,2460000.0
1999-09-08,390.0616420632,390.0616420632,390.0616420632,390.0616420632,,,2460000.0
1999-09-09,390.0616420632,390.0616420632,390.0616420632,390.0616420632,,,2460000.0
1999-09-10,390.0616420632,390.0616420632,390.0616420632,390.0616420632,,,2460000.0
1999-09-13,390.0616420632,390.0616420632,390.0616420632,390.0616420632,,,2460000.0
1999-09-14,390.0616420632,390.0616420632,390.0616420632,390.0616420632,,,2460000.0
1999-09-15,390.0616420632,390.0616420632,390.0616420632,390.0616420632,,,2460000.0
1999-09-16,390.0616420632,390.0616420632,390.0616420632,390.0616420632,,,2460000.0
1999-09-17,390.0616420632,390.0616420632,390.0616420632,390.0616420632,,,2460000.0
1999-09-20,390.0616420632,390.0616420632,390.0616420632,390.0616420632,,,2460000.0
1999-09-21,390.0616420632,390.0616420632,390.0616420632,390.0616420632,,1356.0,2460000.0
1999-09-22,390.0616420632,390.0616420632,390.0616420632,390.0616420632,,6750.0,2460000.0
1999-09-23,390.0616420632,390.0616420632,390.0616420632,390.0616420632,,,2460000.0
1999-09-24,390.0616420632,375.43433048583,375.43433048583,390.0616420632,,,2460000.0
1999-09-27,390.0616420632,375.43433048583,390.0616420632,375.43433048583,,,2460000.0
1999-09-28,390.0616420632,390.0616420632,390.0616420632,390.0616420632,,,2460000.0
1999-09-29,390.0616420632,390.0616420632,390.0616420632,390.0616420632,,,2460000.0
1999-09-30,390.0616420632,385.1858715374101,385.1858715374101,390.0616420632,,,2460000.0
1999-10-01,385.1858715374101,385.1858715374101,385.1858715374101,385.1858715374101,,,2460000.0
1999-10-04,385.1858715374101,385.1858715374101,385.1858715374101,385.1858715374101,,,2460000.0
1999-10-05,385.1858715374101,385.1858715374101,385.1858715374101,385.1858715374101,,,2460000.0
1999-10-06,385.1858715374101,385.1858715374101,385.1858715374101,385.1858715374101,,,2460000.0
1999-10-07,385.1858715374101,385.1858715374101,385.1858715374101,385.1858715374101,,,2460000.0
1999-10-08,385.1858715374101,385.1858715374101,385.1858715374101,385.1858715374101,,,2460000.0
1999-10-11,385.1858715374101,385.1858715374101,385.1858715374101,385.1858715374101,,,2460000.0
1999-10-12,385.1858715374101,385.1858715374101,385.1858715374101,385.1858715374101,,,2460000.0
1999-10-13,385.1858715374101,380.31010101162,380.31010101162,385.1858715374101,,,2460000.0
1999-10-14,380.31010101162,380.31010101162,380.31010101162,380.31010101162,,,2460000.0
1999-10-15,380.31010101162,375.43433048583,375.43433048583,380.31010101162,,,2460000.0
1999-10-18,375.43433048583,375.43433048583,375.43433048583,375.43433048583,,,2460000.0
1999-10-19,390.0616420632,375.43433048583,390.0616420632,375.43433048583,,,2460000.0
1999-10-20,390.0616420632,390.0616420632,390.0616420632,390.0616420632,,,2460000.0
1999-10-21,390.0616420632,385.1858715374101,385.1858715374101,390.0616420632,,,2460000.0
1999-10-22,385.1858715374101,385.1858715374101,385.1858715374101,385.1858715374101,,,2460000.0
1999-10-25,385.1858715374101,385.1858715374101,385.1858715374101,385.1858715374101,,,2460000.0
1999-10-26,385.1858715374101,385.1858715374101,385.1858715374101,385.1858715374101,,,2460000.0
1999-10-27,385.1858715374101,385.1858715374101,385.1858715374101,385.1858715374101,,,2460000.0
1999-10-28,385.1858715374101,385.1858715374101,385.1858715374101,385.1858715374101,,20000.0,2460000.0
1999-10-29,385.1858715374101,385.1858715374101,385.1858715374101,385.1858715374101,,,2460000.0
1999-11-01,385.1858715374101,385.1858715374101,385.1858715374101,385.1858715374101,,,2460000.0
1999-11-02,385.1858715374101,385.1858715374101,385.1858715374101,385.1858715374101,,,2460000.0
1999-11-03,385.1858715374101,385.1858715374101,385.1858715374101,385.1858715374101,,,2460000.0
1999-11-04,385.1858715374101,385.1858715374101,385.1858715374101,385.1858715374101,,10000.0,2460000.0
1999-11-05,385.1858715374101,385.1858715374101,385.1858715374101,385.1858715374101,,,2460000.0
1999-11-08,385.1858715374101,385.1858715374101,385.1858715374101,385.1858715374101,,,2460000.0
1999-11-09,394.93741258899,385.1858715374101,394.93741258899,385.1858715374101,,,2460000.0
1999-11-10,394.93741258899,394.93741258899,394.93741258899,394.93741258899,,,2460000.0
1999-11-11,394.93741258899,394.93741258899,394.93741258899,394.93741258899,,,2460000.0
1999-11-12,394.93741258899,394.93741258899,394.93741258899,394.93741258899,,,2460000.0
1999-11-15,394.93741258899,394.93741258899,394.93741258899,394.93741258899,,,2460000.0
1999-11-16,394.93741258899,394.93741258899,394.93741258899,394.93741258899,,,2460000.0
1999-11-17,394.93741258899,394.93741258899,394.93741258899,394.93741258899,,,2460000.0
1999-11-18,394.93741258899,394.93741258899,394.93741258899,394.93741258899,,,2460000.0
1999-11-19,390.0616420632,390.0616420632,390.0616420632,390.0616420632,,,2460000.0
1999-11-22,390.0616420632,390.0616420632,390.0616420632,390.0616420632,,,2460000.0
1999-11-23,390.0616420632,390.0616420632,390.0616420632,390.0616420632,,,2460000.0
1999-11-24,390.0616420632,390.0616420632,390.0616420632,390.0616420632,,,2460000.0
1999-11-25,390.0616420632,390.0616420632,390.0616420632,390.0616420632,,,2460000.0
1999-11-26,390.0616420632,390.0616420632,390.0616420632,390.0616420632,,,2460000.0
1999-11-29,390.0616420632,390.0616420632,390.0616420632,390.0616420632,,,2460000.0
1999-11-30,390.0616420632,390.0616420632,390.0616420632,390.0616420632,,,2460000.0
1999-12-01,390.0616420632,390.0616420632,390.0616420632,390.0616420632,,,2460000.0
1999-12-02,390.0616420632,390.0616420632,390.0616420632,390.0616420632,,,2460000.0
1999-12-03,390.0616420632,390.0616420632,390.0616420632,390.0616420632,,,2460000.0
1999-12-06,390.0616420632,390.0616420632,390.0616420632,390.0616420632,,,2460000.0
1999-12-07,390.0616420632,390.0616420632,390.0616420632,390.0616420632,,,2460000.0
1999-12-08,390.0616420632,390.0616420632,390.0616420632,390.0616420632,,,2460000.0
1999-12-09,390.0616420632,390.0616420632,390.0616420632,390.0616420632,,,2460000.0
1999-12-10,414.44049469215,390.0616420632,414.44049469215,390.0616420632,,,2460000.0
1999-12-13,414.44049469215,414.44049469215,414.44049469215,414.44049469215,,,2460000.0
1999-12-14,414.44049469215,414.44049469215,414.44049469215,414.44049469215,,,2460000.0
1999-12-15,414.44049469215,414.44049469215,414.44049469215,414.44049469215,,,2460000.0
1999-12-16,414.44049469215,414.44049469215,414.44049469215,414.44049469215,,,2460000.0
1999-12-17,414.44049469215,414.44049469215,414.44049469215,414.44049469215,,,2460000.0
1999-12-20,414.44049469215,414.44049469215,414.44049469215,414.44049469215,,,2460000.0
1999-12-21,414.44049469215,414.44049469215,414.44049469215,414.44049469215,,,2460000.0
1999-12-22,414.44049469215,414.44049469215,414.44049469215,414.44049469215,,,2460000.0
1999-12-23,414.44049469215,414.44049469215,414.44049469215,414.44049469215,,,2460000.0
1999-12-24,414.44049469215,414.44049469215,414.44049469215,414.44049469215,,,2460000.0
1999-12-29,414.44049469215,414.44049469215,414.44049469215,414.44049469215,,,2460000.0
1999-12-30,414.44049469215,414.44049469215,414.44049469215,414.44049469215,,,2460000.0
2000-01-04,414.44049469215,414.44049469215,414.44049469215,414.44049469215,,,2460000.0
2000-01-05,414.44049469215,404.68895364057,404.68895364057,414.44049469215,,,2460000.0
2000-01-06,404.68895364057,404.68895364057,404.68895364057,404.68895364057,,,2460000.0
2000-01-07,404.68895364057,404.68895364057,404.68895364057,404.68895364057,,,2460000.0
2000-01-10,404.68895364057,404.68895364057,404.68895364057,404.68895364057,,,2460000.0
2000-01-11,404.68895364057,404.68895364057,404.68895364057,404.68895364057,,,2460000.0
2000-01-12,404.68895364057,404.68895364057,404.68895364057,404.68895364057,,,2460000.0
2000-01-13,404.68895364057,404.68895364057,404.68895364057,404.68895364057,,,2460000.0
2000-01-14,404.68895364057,404.68895364057,404.68895364057,404.68895364057,,,2460000.0
2000-01-17,404.68895364057,404.68895364057,404.68895364057,404.68895364057,,,2460000.0
2000-01-18,404.68895364057,404.68895364057,404.68895364057,404.68895364057,,,2460000.0
2000-01-19,404.68895364057,404.68895364057,404.68895364057,404.68895364057,,,2460000.0
2000-01-20,404.68895364057,404.68895364057,404.68895364057,404.68895364057,,,2460000.0
2000-01-21,404.68895364057,404.68895364057,404.68895364057,404.68895364057,,,2460000.0
2000-01-24,404.68895364057,404.68895364057,404.68895364057,404.68895364057,,,2460000.0
2000-01-25,404.68895364057,399.81318311478,399.81318311478,404.68895364057,,,2460000.0
2000-01-26,399.81318311478,399.81318311478,399.81318311478,399.81318311478,,,2460000.0
2000-01-27,399.81318311478,399.81318311478,399.81318311478,399.81318311478,,,2460000.0
2000-01-28,399.81318311478,399.81318311478,399.81318311478,399.81318311478,,,2460000.0
2000-01-31,399.81318311478,399.81318311478,399.81318311478,399.81318311478,,,2460000.0
2000-02-01,399.81318311478,394.93741258899,394.93741258899,399.81318311478,,,2460000.0
2000-02-02,394.93741258899,394.93741258899,394.93741258899,394.93741258899,,,2460000.0
2000-02-03,394.93741258899,394.93741258899,394.93741258899,394.93741258899,,,2460000.0
2000-02-04,394.93741258899,394.93741258899,394.93741258899,394.93741258899,,,2460000.0
2000-02-07,394.93741258899,394.93741258899,394.93741258899,394.93741258899,,,2460000.0
2000-02-08,394.93741258899,394.93741258899,394.93741258899,394.93741258899,,,2460000.0
2000-02-09,394.93741258899,394.93741258899,394.93741258899,394.93741258899,,,2460000.0
2000-02-10,394.93741258899,394.93741258899,394.93741258899,394.93741258899,,,2460000.0
2000-02-11,394.93741258899,385.1858715374101,385.1858715374101,394.93741258899,,,2460000.0
2000-02-14,385.1858715374101,385.1858715374101,385.1858715374101,385.1858715374101,,,2460000.0
2000-02-15,385.1858715374101,385.1858715374101,385.1858715374101,385.1858715374101,,,2460000.0
2000-02-16,385.1858715374101,385.1858715374101,385.1858715374101,385.1858715374101,,,2460000.0
2000-02-17,385.1858715374101,385.1858715374101,385.1858715374101,385.1858715374101,,,2460000.0
2000-02-18,385.1858715374101,375.43433048583,375.43433048583,385.1858715374101,,,2460000.0
2000-02-21,375.43433048583,375.43433048583,375.43433048583,375.43433048583,,,2460000.0
2000-02-22,375.43433048583,375.43433048583,375.43433048583,375.43433048583,,,2460000.0
2000-02-23,375.43433048583,375.43433048583,375.43433048583,375.43433048583,,,2460000.0
2000-02-24,375.43433048583,375.43433048583,375.43433048583,375.43433048583,,,2460000.0
2000-02-25,375.43433048583,365.68278943425,365.68278943425,375.43433048583,,,2460000.0
2000-02-28,365.68278943425,365.68278943425,365.68278943425,365.68278943425,,,2460000.0
2000-02-29,365.68278943425,365.68278943425,365.68278943425,365.68278943425,,,2460000.0
2000-03-01,365.68278943425,365.68278943425,365.68278943425,365.68278943425,,,2460000.0
2000-03-02,365.68278943425,365.68278943425,365.68278943425,365.68278943425,,,2460000.0
2000-03-03,365.68278943425,365.68278943425,365.68278943425,365.68278943425,,,2460000.0
2000-03-06,365.68278943425,365.68278943425,365.68278943425,365.68278943425,,,2460000.0
2000-03-07,365.68278943425,365.68278943425,365.68278943425,365.68278943425,,,2460000.0
2000-03-08,365.68278943425,365.68278943425,365.68278943425,365.68278943425,,,2460000.0
2000-03-09,365.68278943425,365.68278943425,365.68278943425,365.68278943425,,,2460000.0
2000-03-10,365.68278943425,365.68278943425,365.68278943425,365.68278943425,,,2460000.0
2000-03-13,365.68278943425,365.68278943425,365.68278943425,365.68278943425,,,2460000.0
2000-03-14,365.68278943425,365.68278943425,365.68278943425,365.68278943425,,,2460000.0
2000-03-15,365.68278943425,365.68278943425,365.68278943425,365.68278943425,,,2460000.0
2000-03-16,365.68278943425,365.68278943425,365.68278943425,365.68278943425,,,2460000.0
2000-03-17,390.0616420632,390.0616420632,390.0616420632,390.0616420632,,2800.0,2460000.0
2000-03-20,375.43433048583,370.55855996004,375.43433048583,375.43433048583,,,2460000.0
2000-03-21,375.43433048583,375.43433048583,375.43433048583,375.43433048583,,,2460000.0
2000-03-22,385.1858715374101,375.43433048583,385.1858715374101,375.43433048583,,,2460000.0
2000-03-23,385.1858715374101,385.1858715374101,385.1858715374101,385.1858715374101,,,2460000.0
2000-03-24,404.68895364057,385.1858715374101,404.68895364057,385.1858715374101,,,2460000.0
2000-03-27,404.68895364057,404.68895364057,404.68895364057,404.68895364057,,,2460000.0
2000-03-28,404.68895364057,404.68895364057,404.68895364057,404.68895364057,,,2460000.0
2000-03-29,404.68895364057,404.68895364057,404.68895364057,404.68895364057,,,2460000.0
2000-03-30,404.68895364057,404.68895364057,404.68895364057,404.68895364057,,,2460000.0
2000-03-31,404.68895364057,390.0616420632,390.0616420632,404.68895364057,,,2460000.0
2000-04-03,390.0616420632,390.0616420632,390.0616420632,390.0616420632,,,2460000.0
2000-04-04,390.0616420632,390.0616420632,390.0616420632,390.0616420632,,,2460000.0
2000-04-05,390.0616420632,390.0616420632,390.0616420632,390.0616420632,,,2460000.0
2000-04-06,390.0616420632,390.0616420632,390.0616420632,390.0616420632,,,2460000.0
2000-04-07,390.0616420632,390.0616420632,390.0616420632,390.0616420632,,,2460000.0
2000-04-10,390.0616420632,390.0616420632,390.0616420632,390.0616420632,,,2460000.0
2000-04-11,390.0616420632,390.0616420632,390.0616420632,390.0616420632,,,2460000.0
2000-04-12,390.0616420632,390.0616420632,390.0616420632,390.0616420632,,,2460000.0
2000-04-13,390.0616420632,390.0616420632,390.0616420632,390.0616420632,,,2460000.0
2000-04-14,390.0616420632,390.0616420632,390.0616420632,390.0616420632,,,2460000.0
2000-04-17,390.0616420632,390.0616420632,390.0616420632,390.0616420632,,,2460000.0
2000-04-18,390.0616420632,390.0616420632,390.0616420632,390.0616420632,,,2460000.0
2000-04-19,390.0616420632,390.0616420632,390.0616420632,390.0616420632,,,2460000.0
2000-04-20,390.0616420632,390.0616420632,390.0616420632,390.0616420632,,,2460000.0
2000-04-25,390.0616420632,390.0616420632,390.0616420632,390.0616420632,,,2460000.0
2000-04-26,390.0616420632,390.0616420632,390.0616420632,390.0616420632,,,2460000.0
2000-04-27,390.0616420632,390.0616420632,390.0616420632,390.0616420632,,,2460000.0
2000-04-28,390.0616420632,390.0616420632,390.0616420632,390.0616420632,,,2460000.0
2000-05-02,390.0616420632,390.0616420632,390.0616420632,390.0616420632,,,2460000.0
2000-05-03,390.0616420632,390.0616420632,390.0616420632,390.0616420632,,,2460000.0
2000-05-04,390.0616420632,390.0616420632,390.0616420632,390.0616420632,,,2460000.0
2000-05-05,394.93741258899,390.0616420632,394.93741258899,390.0616420632,,,2460000.0
2000-05-08,394.93741258899,394.93741258899,394.93741258899,394.93741258899,,,2460000.0
2000-05-09,394.93741258899,394.93741258899,394.93741258899,394.93741258899,,,2460000.0
2000-05-10,394.93741258899,394.93741258899,394.93741258899,394.93741258899,,,2460000.0
2000-05-11,394.93741258899,394.93741258899,394.93741258899,394.93741258899,,,2460000.0
2000-05-12,394.93741258899,394.93741258899,394.93741258899,394.93741258899,,,2460000.0
2000-05-15,394.93741258899,394.93741258899,394.93741258899,394.93741258899,,,2460000.0
2000-05-16,394.93741258899,394.93741258899,394.93741258899,394.93741258899,,,2460000.0
2000-05-17,394.93741258899,394.93741258899,394.93741258899,394.93741258899,,,2460000.0
2000-05-18,394.93741258899,394.93741258899,394.93741258899,394.93741258899,,,2460000.0
2000-05-19,394.93741258899,394.93741258899,394.93741258899,394.93741258899,,,2460000.0
2000-05-22,394.93741258899,394.93741258899,394.93741258899,394.93741258899,,,2460000.0
2000-05-23,394.93741258899,394.93741258899,394.93741258899,394.93741258899,,,2460000.0
2000-05-24,394.93741258899,390.0616420632,390.0616420632,394.93741258899,,,2460000.0
2000-05-25,390.0616420632,390.0616420632,390.0616420632,390.0616420632,,,2460000.0
2000-05-26,390.0616420632,390.0616420632,390.0616420632,390.0616420632,,,2460000.0
2000-05-30,390.0616420632,390.0616420632,390.0616420632,390.0616420632,,,2460000.0
2000-05-31,390.0616420632,390.0616420632,390.0616420632,390.0616420632,,,2460000.0
2000-06-01,390.0616420632,390.0616420632,390.0616420632,390.0616420632,,,2460000.0
2000-06-02,390.0616420632,390.0616420632,390.0616420632,390.0616420632,,,2460000.0
2000-06-05,390.0616420632,390.0616420632,390.0616420632,390.0616420632,,,2460000.0
2000-06-06,390.0616420632,390.0616420632,390.0616420632,390.0616420632,,,2460000.0
2000-06-07,390.0616420632,390.0616420632,390.0616420632,390.0616420632,,,2460000.0
2000-06-08,390.0616420632,390.0616420632,390.0616420632,390.0616420632,,,2460000.0
2000-06-09,390.0616420632,390.0616420632,390.0616420632,390.0616420632,,,2460000.0
2000-06-12,390.0616420632,390.0616420632,390.0616420632,390.0616420632,,,2460000.0
2000-06-13,390.0616420632,390.0616420632,390.0616420632,390.0616420632,,,2460000.0
2000-06-14,390.0616420632,390.0616420632,390.0616420632,390.0616420632,,,2460000.0
2000-06-15,390.0616420632,390.0616420632,390.0616420632,390.0616420632,,,2460000.0
2000-06-16,390.0616420632,390.0616420632,390.0616420632,390.0616420632,,,2460000.0
2000-06-19,390.0616420632,390.0616420632,390.0616420632,390.0616420632,,,2460000.0
2000-06-20,390.0616420632,390.0616420632,390.0616420632,390.0616420632,,,2460000.0
2000-06-21,390.0616420632,390.0616420632,390.0616420632,390.0616420632,,,2460000.0
2000-06-22,390.0616420632,390.0616420632,390.0616420632,390.0616420632,,,2460000.0
2000-06-23,390.0616420632,390.0616420632,390.0616420632,390.0616420632,,,2460000.0
2000-06-26,390.0616420632,390.0616420632,390.0616420632,390.0616420632,,,2460000.0
2000-06-27,390.0616420632,390.0616420632,390.0616420632,390.0616420632,,,2460000.0
2000-06-28,390.0616420632,390.0616420632,390.0616420632,390.0616420632,,,2460000.0
2000-06-29,390.0616420632,390.0616420632,390.0616420632,390.0616420632,,,2460000.0
2000-06-30,390.0616420632,390.0616420632,390.0616420632,390.0616420632,,,2460000.0
2000-07-03,390.0616420632,390.0616420632,390.0616420632,390.0616420632,,,2460000.0
2000-07-04,390.0616420632,390.0616420632,390.0616420632,390.0616420632,,,2460000.0
2000-07-05,390.0616420632,390.0616420632,390.0616420632,390.0616420632,,,2460000.0
2000-07-06,390.0616420632,390.0616420632,390.0616420632,390.0616420632,,,2460000.0
2000-07-07,390.0616420632,390.0616420632,390.0616420632,390.0616420632,,,2460000.0
2000-07-10,390.0616420632,390.0616420632,390.0616420632,390.0616420632,,,2460000.0
2000-07-11,390.0616420632,390.0616420632,390.0616420632,390.0616420632,,,2460000.0
2000-07-12,390.0616420632,390.0616420632,390.0616420632,390.0616420632,,,2460000.0
2000-07-13,390.0616420632,390.0616420632,390.0616420632,390.0616420632,,,2460000.0
2000-07-14,390.0616420632,390.0616420632,390.0616420632,390.0616420632,,,2460000.0
2000-07-17,390.0616420632,390.0616420632,390.0616420632,390.0616420632,,,2460000.0
2000-07-18,390.0616420632,390.0616420632,390.0616420632,390.0616420632,,,2460000.0
2000-07-19,390.0616420632,390.0616420632,390.0616420632,390.0616420632,,,2460000.0
2000-07-20,390.0616420632,390.0616420632,390.0616420632,390.0616420632,,,2460000.0
2000-07-21,390.0616420632,390.0616420632,390.0616420632,390.0616420632,,,2460000.0
2000-07-24,390.0616420632,390.0616420632,390.0616420632,390.0616420632,,,2460000.0
2000-07-25,390.0616420632,390.0616420632,390.0616420632,390.0616420632,,,2460000.0
2000-07-26,390.0616420632,390.0616420632,390.0616420632,390.0616420632,,,2460000.0
2000-07-27,390.0616420632,390.0616420632,390.0616420632,390.0616420632,,,2460000.0
2000-07-28,390.0616420632,390.0616420632,390.0616420632,390.0616420632,,,2460000.0
2000-07-31,390.0616420632,390.0616420632,390.0616420632,390.0616420632,,,2460000.0
2000-08-01,390.0616420632,390.0616420632,390.0616420632,390.0616420632,,,2460000.0
2000-08-02,390.0616420632,390.0616420632,390.0616420632,390.0616420632,,,2460000.0
2000-08-03,390.0616420632,390.0616420632,390.0616420632,390.0616420632,,,2460000.0
2000-08-04,390.0616420632,390.0616420632,390.0616420632,390.0616420632,,,2460000.0
2000-08-07,390.0616420632,390.0616420632,390.0616420632,390.0616420632,,,2460000.0
2000-08-08,390.0616420632,390.0616420632,390.0616420632,390.0616420632,,,2460000.0
2000-08-09,390.0616420632,390.0616420632,390.0616420632,390.0616420632,,,2460000.0
2000-08-10,390.0616420632,390.0616420632,390.0616420632,390.0616420632,,,2460000.0
2000-08-11,390.0616420632,390.0616420632,390.0616420632,390.0616420632,,,2460000.0
2000-08-14,380.31010101162,380.31010101162,380.31010101162,380.31010101162,,,2460000.0
2000-08-15,380.31010101162,380.31010101162,380.31010101162,380.31010101162,,,2460000.0
2000-08-16,380.31010101162,380.31010101162,380.31010101162,380.31010101162,,,2460000.0
2000-08-17,380.31010101162,380.31010101162,380.31010101162,380.31010101162,,,2460000.0
2000-08-18,385.1858715374101,380.31010101162,385.1858715374101,380.31010101162,,,2460000.0
2000-08-21,385.1858715374101,385.1858715374101,385.1858715374101,385.1858715374101,,,2460000.0
2000-08-22,385.1858715374101,385.1858715374101,385.1858715374101,385.1858715374101,,,2460000.0
2000-08-23,385.1858715374101,385.1858715374101,385.1858715374101,385.1858715374101,,,2460000.0
2000-08-24,390.0616420632,385.1858715374101,390.0616420632,385.1858715374101,,,2460000.0
2000-08-25,390.0616420632,390.0616420632,390.0616420632,390.0616420632,,,2460000.0
2000-08-29,390.0616420632,390.0616420632,390.0616420632,390.0616420632,,,2460000.0
2000-08-30,390.0616420632,390.0616420632,390.0616420632,390.0616420632,,,2460000.0
2000-08-31,390.0616420632,390.0616420632,390.0616420632,390.0616420632,,,2460000.0
2000-09-01,393.962258483832,390.0616420632,393.962258483832,390.0616420632,,,2460000.0
2000-09-04,399.81318311478,393.962258483832,394.93741258899,393.962258483832,,,2460000.0
2000-09-05,394.93741258899,394.93741258899,394.93741258899,394.93741258899,,,2460000.0
2000-09-06,394.93741258899,394.93741258899,394.93741258899,394.93741258899,,,2460000.0
2000-09-07,394.93741258899,394.93741258899,394.93741258899,394.93741258899,,,2460000.0
2000-09-08,394.93741258899,394.93741258899,394.93741258899,394.93741258899,,,2460000.0
2000-09-11,394.93741258899,394.93741258899,394.93741258899,394.93741258899,,,2460000.0
2000-09-12,394.93741258899,394.93741258899,394.93741258899,394.93741258899,,,2460000.0
2000-09-13,394.93741258899,394.93741258899,394.93741258899,394.93741258899,,,2460000.0
2000-09-14,394.93741258899,394.93741258899,394.93741258899,394.93741258899,,,2460000.0
2000-09-15,394.93741258899,390.0616420632,390.0616420632,394.93741258899,,,2460000.0
2000-09-18,390.0616420632,390.0616420632,390.0616420632,390.0616420632,,,2460000.0
2000-09-19,390.0616420632,390.0616420632,390.0616420632,390.0616420632,,,2460000.0
2000-09-20,390.0616420632,390.0616420632,390.0616420632,390.0616420632,,,2460000.0
2000-09-21,390.0616420632,385.1858715374101,385.1858715374101,390.0616420632,,,2460000.0
2000-09-22,385.1858715374101,385.1858715374101,385.1858715374101,385.1858715374101,,,2460000.0
2000-09-25,385.1858715374101,385.1858715374101,385.1858715374101,385.1858715374101,,,2460000.0
2000-09-26,385.1858715374101,385.1858715374101,385.1858715374101,385.1858715374101,,,2460000.0
2000-09-27,385.1858715374101,385.1858715374101,385.1858715374101,385.1858715374101,,,2460000.0
2000-09-28,385.1858715374101,385.1858715374101,385.1858715374101,385.1858715374101,,25000.0,2460000.0
2000-09-29,385.1858715374101,385.1858715374101,385.1858715374101,385.1858715374101,,,2460000.0
2000-10-02,385.1858715374101,385.1858715374101,385.1858715374101,385.1858715374101,,,2460000.0
2000-10-03,385.1858715374101,385.1858715374101,385.1858715374101,385.1858715374101,,,2460000.0
2000-10-04,385.1858715374101,385.1858715374101,385.1858715374101,385.1858715374101,,,2460000.0
2000-10-05,385.1858715374101,385.1858715374101,385.1858715374101,385.1858715374101,,,2460000.0
2000-10-06,385.1858715374101,385.1858715374101,385.1858715374101,385.1858715374101,,,2460000.0
2000-10-09,385.1858715374101,385.1858715374101,385.1858715374101,385.1858715374101,,,2460000.0
2000-10-10,385.1858715374101,385.1858715374101,385.1858715374101,385.1858715374101,,,2460000.0
2000-10-11,385.1858715374101,385.1858715374101,385.1858715374101,385.1858715374101,,,2460000.0
2000-10-12,385.1858715374101,385.1858715374101,385.1858715374101,385.1858715374101,,,2460000.0
2000-10-13,385.1858715374101,385.1858715374101,385.1858715374101,385.1858715374101,,,2460000.0
2000-10-16,385.1858715374101,385.1858715374101,385.1858715374101,385.1858715374101,,,2460000.0
2000-10-17,385.1858715374101,385.1858715374101,385.1858715374101,385.1858715374101,,,2460000.0
2000-10-18,385.1858715374101,385.1858715374101,385.1858715374101,385.1858715374101,,,2460000.0
2000-10-19,385.1858715374101,385.1858715374101,385.1858715374101,385.1858715374101,,,2460000.0
2000-10-20,385.1858715374101,385.1858715374101,385.1858715374101,385.1858715374101,,,2460000.0
2000-10-23,385.1858715374101,385.1858715374101,385.1858715374101,385.1858715374101,,,2460000.0
2000-10-24,385.1858715374101,385.1858715374101,385.1858715374101,385.1858715374101,,,2460000.0
2000-10-25,385.1858715374101,385.1858715374101,385.1858715374101,385.1858715374101,,,2460000.0
2000-10-26,385.1858715374101,385.1858715374101,385.1858715374101,385.1858715374101,,,2460000.0
2000-10-27,385.1858715374101,385.1858715374101,385.1858715374101,385.1858715374101,,,2460000.0
2000-10-30,385.1858715374101,385.1858715374101,385.1858715374101,385.1858715374101,,,2460000.0
2000-10-31,385.1858715374101,385.1858715374101,385.1858715374101,385.1858715374101,,,2460000.0
2000-11-01,385.1858715374101,385.1858715374101,385.1858715374101,385.1858715374101,,,2460000.0
2000-11-02,385.1858715374101,385.1858715374101,385.1858715374101,385.1858715374101,,,2460000.0
2000-11-03,385.1858715374101,385.1858715374101,385.1858715374101,385.1858715374101,,,2460000.0
2000-11-06,385.1858715374101,385.1858715374101,385.1858715374101,385.1858715374101,,,2460000.0
2000-11-07,394.93741258899,385.1858715374101,394.93741258899,385.1858715374101,,5000.0,2460000.0
2000-11-08,394.93741258899,394.93741258899,394.93741258899,394.93741258899,,,2460000.0
2000-11-09,394.93741258899,394.93741258899,394.93741258899,394.93741258899,,,2460000.0
2000-11-10,394.93741258899,394.93741258899,394.93741258899,394.93741258899,,19185.0,2460000.0
2000-11-13,394.93741258899,394.93741258899,394.93741258899,394.93741258899,,,2460000.0
2000-11-14,394.93741258899,394.93741258899,394.93741258899,394.93741258899,,,2460000.0
2000-11-15,394.93741258899,394.93741258899,394.93741258899,394.93741258899,,,2460000.0
2000-11-16,394.93741258899,394.93741258899,394.93741258899,394.93741258899,,,2460000.0
2000-11-17,399.81318311478,394.93741258899,399.81318311478,394.93741258899,,,2460000.0
2000-11-20,414.44049469215,399.81318311478,414.44049469215,399.81318311478,,,2460000.0
2000-11-21,414.44049469215,414.44049469215,414.44049469215,414.44049469215,,,2460000.0
2000-11-22,424.19203574373,414.44049469215,414.44049469215,414.44049469215,,,2460000.0
2000-11-23,414.44049469215,414.44049469215,414.44049469215,414.44049469215,,,2460000.0
2000-11-24,414.44049469215,414.44049469215,414.44049469215,414.44049469215,,,2460000.0
2000-11-27,419.31626521794,414.44049469215,419.31626521794,414.44049469215,,,2460000.0
2000-11-28,424.19203574373,419.31626521794,424.19203574373,419.31626521794,,,2460000.0
2000-11-29,424.19203574373,424.19203574373,424.19203574373,424.19203574373,,,2460000.0
2000-11-30,424.19203574373,424.19203574373,424.19203574373,424.19203574373,,,2460000.0
2000-12-01,424.19203574373,424.19203574373,424.19203574373,424.19203574373,,,2460000.0
2000-12-04,424.19203574373,424.19203574373,424.19203574373,424.19203574373,,,2460000.0
2000-12-05,424.19203574373,424.19203574373,424.19203574373,424.19203574373,,,2460000.0
2000-12-06,429.06780626952,424.19203574373,429.06780626952,424.19203574373,,,2460000.0
2000-12-07,429.06780626952,429.06780626952,429.06780626952,429.06780626952,,,2460000.0
2000-12-08,429.06780626952,429.06780626952,429.06780626952,429.06780626952,,,2460000.0
2000-12-11,429.06780626952,429.06780626952,429.06780626952,429.06780626952,,,2460000.0
2000-12-12,429.06780626952,429.06780626952,429.06780626952,429.06780626952,,,2460000.0
2000-12-13,429.06780626952,429.06780626952,429.06780626952,429.06780626952,,,2460000.0
2000-12-14,429.06780626952,429.06780626952,429.06780626952,429.06780626952,,,2460000.0
2000-12-15,429.06780626952,429.06780626952,429.06780626952,429.06780626952,,,2460000.0
2000-12-18,429.06780626952,429.06780626952,429.06780626952,429.06780626952,,,2460000.0
2000-12-19,429.06780626952,429.06780626952,429.06780626952,429.06780626952,,,2460000.0
2000-12-20,429.06780626952,429.06780626952,429.06780626952,429.06780626952,,,2460000.0
2000-12-21,429.06780626952,429.06780626952,429.06780626952,429.06780626952,,,2460000.0
2000-12-22,429.06780626952,429.06780626952,429.06780626952,429.06780626952,,,2460000.0
2000-12-27,429.06780626952,429.06780626952,429.06780626952,429.06780626952,,,2460000.0
2000-12-28,429.06780626952,429.06780626952,429.06780626952,429.06780626952,,,2460000.0
2000-12-29,429.06780626952,429.06780626952,429.06780626952,429.06780626952,,,2460000.0
2001-01-02,429.06780626952,429.06780626952,429.06780626952,429.06780626952,,,2460000.0
2001-01-03,429.06780626952,429.06780626952,429.06780626952,429.06780626952,,,2460000.0
2001-01-04,429.06780626952,429.06780626952,429.06780626952,429.06780626952,,,2460000.0
2001-01-05,430.042960374678,429.06780626952,430.042960374678,429.06780626952,,,2460000.0
2001-01-08,430.042960374678,430.042960374678,430.042960374678,430.042960374678,,,2460000.0
2001-01-09,430.042960374678,430.042960374678,430.042960374678,430.042960374678,,,2460000.0
2001-01-10,430.042960374678,430.042960374678,430.042960374678,430.042960374678,,,2460000.0
2001-01-11,430.042960374678,430.042960374678,430.042960374678,430.042960374678,,,2460000.0
2001-01-12,430.042960374678,430.042960374678,430.042960374678,430.042960374678,,,2460000.0
2001-01-15,430.042960374678,430.042960374678,430.042960374678,430.042960374678,,,2460000.0
2001-01-16,430.042960374678,430.042960374678,430.042960374678,430.042960374678,,,2460000.0
2001-01-17,430.042960374678,430.042960374678,430.042960374678,430.042960374678,,,2460000.0
2001-01-18,430.042960374678,430.042960374678,430.042960374678,430.042960374678,,,2460000.0
2001-01-19,438.8193473211,430.042960374678,438.8193473211,430.042960374678,,,2460000.0
2001-01-22,438.8193473211,438.8193473211,438.8193473211,438.8193473211,,,2460000.0
2001-01-23,438.8193473211,438.8193473211,438.8193473211,438.8193473211,,,2460000.0
2001-01-24,463.19819995005,438.8193473211,463.19819995005,438.8193473211,,,2460000.0
2001-01-25,463.19819995005,463.19819995005,463.19819995005,463.19819995005,,,2460000.0
2001-01-26,463.19819995005,463.19819995005,463.19819995005,463.19819995005,,,2460000.0
2001-01-29,463.19819995005,463.19819995005,463.19819995005,463.19819995005,,,2460000.0
2001-01-30,499.76647889347504,463.19819995005,499.76647889347504,463.19819995005,,,2460000.0
2001-01-31,499.76647889347504,499.76647889347504,499.76647889347504,499.76647889347504,,,2460000.0
2001-02-01,499.76647889347504,499.76647889347504,499.76647889347504,499.76647889347504,,,2460000.0
2001-02-02,499.76647889347504,499.76647889347504,499.76647889347504,499.76647889347504,,,2460000.0
2001-02-05,499.76647889347504,499.76647889347504,499.76647889347504,499.76647889347504,,,2460000.0
2001-02-06,499.76647889347504,499.76647889347504,499.76647889347504,499.76647889347504,,,2460000.0
2001-02-07,499.76647889347504,499.76647889347504,499.76647889347504,499.76647889347504,,,2460000.0
2001-02-08,499.76647889347504,499.76647889347504,499.76647889347504,499.76647889347504,,,2460000.0
2001-02-09,499.76647889347504,499.76647889347504,499.76647889347504,499.76647889347504,,,2460000.0
2001-02-12,499.76647889347504,499.76647889347504,499.76647889347504,499.76647889347504,,2000.0,2460000.0
2001-02-13,499.76647889347504,499.76647889347504,499.76647889347504,499.76647889347504,,,2460000.0
2001-02-14,499.76647889347504,499.76647889347504,499.76647889347504,499.76647889347504,,,2460000.0
2001-02-15,499.76647889347504,499.76647889347504,499.76647889347504,499.76647889347504,,,2460000.0
2001-02-16,524.145331522425,499.76647889347504,524.145331522425,499.76647889347504,,,2460000.0
2001-02-19,524.145331522425,524.145331522425,524.145331522425,524.145331522425,,,2460000.0
2001-02-20,529.021102048215,524.145331522425,529.021102048215,524.145331522425,,,2460000.0
2001-02-21,529.021102048215,529.021102048215,529.021102048215,529.021102048215,,,2460000.0
2001-02-22,529.021102048215,529.021102048215,529.021102048215,529.021102048215,,,2460000.0
2001-02-23,529.021102048215,529.021102048215,529.021102048215,529.021102048215,,,2460000.0
2001-02-26,529.021102048215,529.021102048215,529.021102048215,529.021102048215,,,2460000.0
2001-02-27,529.021102048215,529.021102048215,529.021102048215,529.021102048215,,,2460000.0
2001-02-28,509.51801994505496,509.51801994505496,509.51801994505496,509.51801994505496,,,2460000.0
2001-03-01,509.51801994505496,509.51801994505496,509.51801994505496,509.51801994505496,,,2460000.0
2001-03-02,509.51801994505496,509.51801994505496,509.51801994505496,509.51801994505496,,,2460000.0
2001-03-05,509.51801994505496,509.51801994505496,509.51801994505496,509.51801994505496,,,2460000.0
2001-03-06,509.51801994505496,509.51801994505496,509.51801994505496,509.51801994505496,,,2460000.0
2001-03-07,509.51801994505496,509.51801994505496,509.51801994505496,509.51801994505496,,,2460000.0
2001-03-08,509.51801994505496,509.51801994505496,509.51801994505496,509.51801994505496,,,2460000.0
2001-03-09,509.51801994505496,509.51801994505496,509.51801994505496,509.51801994505496,,,2460000.0
2001-03-12,509.51801994505496,509.51801994505496,509.51801994505496,509.51801994505496,,,2460000.0
2001-03-13,509.51801994505496,509.51801994505496,509.51801994505496,509.51801994505496,,,2460000.0
2001-03-14,509.51801994505496,499.76647889347504,499.76647889347504,509.51801994505496,,,2460000.0
2001-03-15,499.76647889347504,499.76647889347504,499.76647889347504,499.76647889347504,,500.0,2460000.0
2001-03-16,499.76647889347504,499.76647889347504,499.76647889347504,499.76647889347504,,,2460000.0
2001-03-19,499.76647889347504,499.76647889347504,499.76647889347504,499.76647889347504,,,2460000.0
2001-03-20,499.76647889347504,499.76647889347504,499.76647889347504,499.76647889347504,,,2460000.0
2001-03-21,499.76647889347504,499.76647889347504,499.76647889347504,499.76647889347504,,,2460000.0
2001-03-22,499.76647889347504,499.76647889347504,499.76647889347504,499.76647889347504,,,2460000.0
2001-03-23,499.76647889347504,499.76647889347504,499.76647889347504,499.76647889347504,,,2460000.0
2001-03-26,499.76647889347504,499.76647889347504,499.76647889347504,499.76647889347504,,,2460000.0
2001-03-27,499.76647889347504,499.76647889347504,499.76647889347504,499.76647889347504,,,2460000.0
2001-03-28,499.76647889347504,499.76647889347504,499.76647889347504,499.76647889347504,,,2460000.0
2001-03-29,499.76647889347504,499.76647889347504,499.76647889347504,499.76647889347504,,,2460000.0
2001-03-30,499.76647889347504,499.76647889347504,499.76647889347504,499.76647889347504,,,2460000.0
2001-04-02,499.76647889347504,499.76647889347504,499.76647889347504,499.76647889347504,,,2460000.0
2001-04-03,499.76647889347504,499.76647889347504,499.76647889347504,499.76647889347504,,,2460000.0
2001-04-04,499.76647889347504,499.76647889347504,499.76647889347504,499.76647889347504,,,2460000.0
2001-04-05,499.76647889347504,499.76647889347504,499.76647889347504,499.76647889347504,,,2460000.0
2001-04-06,499.76647889347504,499.76647889347504,499.76647889347504,499.76647889347504,,,2460000.0
2001-04-09,499.76647889347504,499.76647889347504,499.76647889347504,499.76647889347504,,,2460000.0
2001-04-10,509.51801994505496,499.76647889347504,509.51801994505496,499.76647889347504,,,2460000.0
2001-04-11,509.51801994505496,509.51801994505496,509.51801994505496,509.51801994505496,,,2460000.0
2001-04-12,509.51801994505496,509.51801994505496,509.51801994505496,509.51801994505496,,,2460000.0
2001-04-17,509.51801994505496,509.51801994505496,509.51801994505496,509.51801994505496,,,2460000.0
2001-04-18,509.51801994505496,509.51801994505496,509.51801994505496,509.51801994505496,,,2460000.0
2001-04-19,509.51801994505496,509.51801994505496,509.51801994505496,509.51801994505496,,,2460000.0
2001-04-20,509.51801994505496,509.51801994505496,509.51801994505496,509.51801994505496,,,2460000.0
2001-04-23,509.51801994505496,509.51801994505496,509.51801994505496,509.51801994505496,,,2460000.0
2001-04-24,509.51801994505496,509.51801994505496,509.51801994505496,509.51801994505496,,,2460000.0
2001-04-25,509.51801994505496,509.51801994505496,509.51801994505496,509.51801994505496,,,2460000.0
2001-04-26,509.51801994505496,509.51801994505496,509.51801994505496,509.51801994505496,,,2460000.0
2001-04-27,509.51801994505496,509.51801994505496,509.51801994505496,509.51801994505496,,,2460000.0
2001-04-30,524.145331522425,509.51801994505496,524.145331522425,509.51801994505496,,,2460000.0
2001-05-01,524.145331522425,524.145331522425,524.145331522425,524.145331522425,,,2460000.0
2001-05-02,543.648413625585,524.145331522425,543.648413625585,524.145331522425,,,2460000.0
2001-05-03,543.648413625585,543.648413625585,543.648413625585,543.648413625585,,,2460000.0
2001-05-04,543.648413625585,543.648413625585,543.648413625585,543.648413625585,,,2460000.0
2001-05-08,548.524184151375,543.648413625585,548.524184151375,543.648413625585,,,2460000.0
2001-05-09,548.524184151375,548.524184151375,548.524184151375,548.524184151375,,,2460000.0
2001-05-10,548.524184151375,548.524184151375,548.524184151375,548.524184151375,,,2460000.0
2001-05-11,548.524184151375,548.524184151375,548.524184151375,548.524184151375,,,2460000.0
2001-05-14,548.524184151375,548.524184151375,548.524184151375,548.524184151375,,,2460000.0
2001-05-15,548.524184151375,548.524184151375,548.524184151375,548.524184151375,,,2460000.0
2001-05-16,548.524184151375,548.524184151375,548.524184151375,548.524184151375,,,2460000.0
2001-05-17,548.524184151375,548.524184151375,548.524184151375,548.524184151375,,,2460000.0
2001-05-18,548.524184151375,548.524184151375,548.524184151375,548.524184151375,,,2460000.0
2001-05-21,553.3999546771649,548.524184151375,553.3999546771649,548.524184151375,,,2460000.0
2001-05-22,553.3999546771649,553.3999546771649,553.3999546771649,553.3999546771649,,,2460000.0
2001-05-23,553.3999546771649,553.3999546771649,553.3999546771649,553.3999546771649,,,2460000.0
2001-05-24,553.3999546771649,553.3999546771649,553.3999546771649,553.3999546771649,,,2460000.0
2001-05-25,553.3999546771649,553.3999546771649,553.3999546771649,553.3999546771649,,,2460000.0
2001-05-29,553.3999546771649,553.3999546771649,553.3999546771649,553.3999546771649,,,2460000.0
2001-05-30,553.3999546771649,553.3999546771649,553.3999546771649,553.3999546771649,,,2460000.0
2001-05-31,553.3999546771649,553.3999546771649,553.3999546771649,553.3999546771649,,,2460000.0
2001-06-01,553.3999546771649,553.3999546771649,553.3999546771649,553.3999546771649,,,2460000.0
2001-06-04,553.3999546771649,553.3999546771649,553.3999546771649,553.3999546771649,,,2460000.0
2001-06-05,553.3999546771649,553.3999546771649,553.3999546771649,553.3999546771649,,,2460000.0
2001-06-06,553.3999546771649,553.3999546771649,553.3999546771649,553.3999546771649,,,2460000.0
2001-06-07,553.3999546771649,553.3999546771649,553.3999546771649,553.3999546771649,,,2460000.0
2001-06-08,553.3999546771649,553.3999546771649,553.3999546771649,553.3999546771649,,,2460000.0
2001-06-11,553.3999546771649,553.3999546771649,553.3999546771649,553.3999546771649,,,2460000.0
2001-06-12,553.3999546771649,553.3999546771649,553.3999546771649,553.3999546771649,,,2460000.0
2001-06-13,553.3999546771649,553.3999546771649,553.3999546771649,553.3999546771649,,,2460000.0
2001-06-14,553.3999546771649,553.3999546771649,553.3999546771649,553.3999546771649,,,2460000.0
2001-06-15,553.3999546771649,553.3999546771649,553.3999546771649,553.3999546771649,,,2460000.0
2001-06-18,553.3999546771649,553.3999546771649,553.3999546771649,553.3999546771649,,,2460000.0
2001-06-19,572.903036780325,553.3999546771649,572.903036780325,553.3999546771649,,,2460000.0
2001-06-20,572.903036780325,572.903036780325,572.903036780325,572.903036780325,,,2460000.0
2001-06-21,572.903036780325,572.903036780325,572.903036780325,572.903036780325,,,2460000.0
2001-06-22,572.903036780325,572.903036780325,572.903036780325,572.903036780325,,,2460000.0
2001-06-25,572.903036780325,572.903036780325,572.903036780325,572.903036780325,,,2460000.0
2001-06-26,572.903036780325,572.903036780325,572.903036780325,572.903036780325,,,2460000.0
2001-06-27,572.903036780325,572.903036780325,572.903036780325,572.903036780325,,,2460000.0
2001-06-28,572.903036780325,572.903036780325,572.903036780325,572.903036780325,,,2460000.0
2001-06-29,572.903036780325,572.903036780325,572.903036780325,572.903036780325,,,2460000.0
2001-07-02,572.903036780325,572.903036780325,572.903036780325,572.903036780325,,,2460000.0
2001-07-03,572.903036780325,572.903036780325,572.903036780325,572.903036780325,,,2460000.0
2001-07-04,572.903036780325,572.903036780325,572.903036780325,572.903036780325,,,2460000.0
2001-07-05,572.903036780325,572.903036780325,572.903036780325,572.903036780325,,,2460000.0
2001-07-06,572.903036780325,572.903036780325,572.903036780325,572.903036780325,,,2460000.0
2001-07-09,572.903036780325,572.903036780325,572.903036780325,572.903036780325,,,2460000.0
2001-07-10,572.903036780325,572.903036780325,572.903036780325,572.903036780325,,,2460000.0
2001-07-11,572.903036780325,572.903036780325,572.903036780325,572.903036780325,,,2460000.0
2001-07-12,572.903036780325,572.903036780325,572.903036780325,572.903036780325,,,2460000.0
2001-07-13,572.903036780325,572.903036780325,572.903036780325,572.903036780325,,,2460000.0
2001-07-16,572.903036780325,572.903036780325,572.903036780325,572.903036780325,,,2460000.0
2001-07-17,572.903036780325,572.903036780325,572.903036780325,572.903036780325,,,2460000.0
2001-07-18,572.903036780325,572.903036780325,572.903036780325,572.903036780325,,,2460000.0
2001-07-19,572.903036780325,572.903036780325,572.903036780325,572.903036780325,,,2460000.0
2001-07-20,572.903036780325,572.903036780325,572.903036780325,572.903036780325,,,2460000.0
2001-07-23,572.903036780325,572.903036780325,572.903036780325,572.903036780325,,,2460000.0
2001-07-24,572.903036780325,572.903036780325,572.903036780325,572.903036780325,,,2460000.0
2001-07-25,572.903036780325,572.903036780325,572.903036780325,572.903036780325,,,2460000.0
2001-07-26,572.903036780325,572.903036780325,572.903036780325,572.903036780325,,,2460000.0
2001-07-27,572.903036780325,572.903036780325,572.903036780325,572.903036780325,,,2460000.0
2001-07-30,572.903036780325,572.903036780325,572.903036780325,572.903036780325,,,2460000.0
2001-07-31,572.903036780325,572.903036780325,572.903036780325,572.903036780325,,,2460000.0
2001-08-01,572.903036780325,572.903036780325,572.903036780325,572.903036780325,,,2460000.0
2001-08-02,592.4061188834851,572.903036780325,592.4061188834851,572.903036780325,,,2460000.0
2001-08-03,592.4061188834851,592.4061188834851,592.4061188834851,592.4061188834851,,,2460000.0
2001-08-06,592.4061188834851,592.4061188834851,592.4061188834851,592.4061188834851,,,2460000.0
2001-08-07,592.4061188834851,592.4061188834851,592.4061188834851,592.4061188834851,,,2460000.0
2001-08-08,592.4061188834851,592.4061188834851,592.4061188834851,592.4061188834851,,,2460000.0
2001-08-09,592.4061188834851,592.4061188834851,592.4061188834851,592.4061188834851,,,2460000.0
2001-08-10,592.4061188834851,592.4061188834851,592.4061188834851,592.4061188834851,,,2460000.0
2001-08-13,592.4061188834851,592.4061188834851,592.4061188834851,592.4061188834851,,,2460000.0
2001-08-14,592.4061188834851,592.4061188834851,592.4061188834851,592.4061188834851,,,2460000.0
2001-08-15,592.4061188834851,592.4061188834851,592.4061188834851,592.4061188834851,,,2460000.0
2001-08-16,592.4061188834851,592.4061188834851,592.4061188834851,592.4061188834851,,,2460000.0
2001-08-17,592.4061188834851,592.4061188834851,592.4061188834851,592.4061188834851,,,2460000.0
2001-08-20,592.4061188834851,592.4061188834851,592.4061188834851,592.4061188834851,,,2460000.0
2001-08-21,592.4061188834851,592.4061188834851,592.4061188834851,592.4061188834851,,,2460000.0
2001-08-22,592.4061188834851,572.903036780325,572.903036780325,592.4061188834851,,1200.0,2460000.0
2001-08-23,572.903036780325,572.903036780325,572.903036780325,572.903036780325,,,2460000.0
2001-08-24,572.903036780325,572.903036780325,572.903036780325,572.903036780325,,,2460000.0
2001-08-28,572.903036780325,572.903036780325,572.903036780325,572.903036780325,,,2460000.0
2001-08-29,575.34092204322,572.903036780325,575.34092204322,572.903036780325,,,2460000.0
2001-08-30,575.34092204322,575.34092204322,575.34092204322,575.34092204322,,,2460000.0
2001-08-31,526.58321678532,526.58321678532,526.58321678532,526.58321678532,,1700.0,2460000.0
2001-09-03,526.58321678532,526.58321678532,526.58321678532,526.58321678532,,,2460000.0
2001-09-04,526.58321678532,526.58321678532,526.58321678532,526.58321678532,,,2460000.0
2001-09-05,526.58321678532,526.58321678532,526.58321678532,526.58321678532,,,2460000.0
2001-09-06,526.58321678532,526.58321678532,526.58321678532,526.58321678532,,,2460000.0
2001-09-07,526.58321678532,526.58321678532,526.58321678532,526.58321678532,,,2460000.0
2001-09-10,526.58321678532,526.58321678532,526.58321678532,526.58321678532,,,2460000.0
2001-09-11,526.58321678532,526.58321678532,526.58321678532,526.58321678532,,,2460000.0
2001-09-12,526.58321678532,507.08013468216,507.08013468216,526.58321678532,,,2460000.0
2001-09-13,507.08013468216,507.08013468216,507.08013468216,507.08013468216,,,2460000.0
2001-09-14,507.08013468216,507.08013468216,507.08013468216,507.08013468216,,,2460000.0
2001-09-17,507.08013468216,507.08013468216,507.08013468216,507.08013468216,,,2460000.0
2001-09-18,507.08013468216,507.08013468216,507.08013468216,507.08013468216,,,2460000.0
2001-09-19,507.08013468216,507.08013468216,507.08013468216,507.08013468216,,,2460000.0
2001-09-20,507.08013468216,502.20436415637,502.20436415637,507.08013468216,,,2460000.0
2001-09-21,502.20436415637,477.82551152742,477.82551152742,502.20436415637,,,2460000.0
2001-09-24,477.82551152742,477.82551152742,477.82551152742,477.82551152742,,,2460000.0
2001-09-25,477.82551152742,477.82551152742,477.82551152742,477.82551152742,,,2460000.0
2001-09-26,477.82551152742,477.82551152742,477.82551152742,477.82551152742,,,2460000.0
2001-09-27,477.82551152742,477.82551152742,477.82551152742,477.82551152742,,,2460000.0
2001-09-28,477.82551152742,477.82551152742,477.82551152742,477.82551152742,,,2460000.0
2001-10-01,477.82551152742,477.82551152742,477.82551152742,477.82551152742,,,2460000.0
2001-10-02,477.82551152742,477.82551152742,477.82551152742,477.82551152742,,,2460000.0
2001-10-03,477.82551152742,477.82551152742,477.82551152742,477.82551152742,,,2460000.0
2001-10-04,497.32859363058,477.82551152742,497.32859363058,477.82551152742,,,2460000.0
2001-10-05,497.32859363058,497.32859363058,497.32859363058,497.32859363058,,,2460000.0
2001-10-08,497.32859363058,497.32859363058,497.32859363058,497.32859363058,,,2460000.0
2001-10-09,497.32859363058,497.32859363058,497.32859363058,497.32859363058,,,2460000.0
2001-10-10,502.20436415637,497.32859363058,502.20436415637,497.32859363058,,,2460000.0
2001-10-11,507.08013468216,502.20436415637,507.08013468216,502.20436415637,,,2460000.0
2001-10-12,507.08013468216,507.08013468216,507.08013468216,507.08013468216,,,2460000.0
2001-10-15,507.08013468216,507.08013468216,507.08013468216,507.08013468216,,,2460000.0
2001-10-16,507.08013468216,507.08013468216,507.08013468216,507.08013468216,,,2460000.0
2001-10-17,507.08013468216,507.08013468216,507.08013468216,507.08013468216,,,2460000.0
2001-10-18,507.08013468216,507.08013468216,507.08013468216,507.08013468216,,,2460000.0
2001-10-19,507.08013468216,507.08013468216,507.08013468216,507.08013468216,,,2460000.0
2001-10-22,507.08013468216,507.08013468216,507.08013468216,507.08013468216,,,2460000.0
2001-10-23,507.08013468216,507.08013468216,507.08013468216,507.08013468216,,,2460000.0
2001-10-24,507.08013468216,507.08013468216,507.08013468216,507.08013468216,,,2460000.0
2001-10-25,507.08013468216,507.08013468216,507.08013468216,507.08013468216,,,2460000.0
2001-10-26,507.08013468216,507.08013468216,507.08013468216,507.08013468216,,,2460000.0
2001-10-29,507.08013468216,507.08013468216,507.08013468216,507.08013468216,,,2460000.0
2001-10-30,507.08013468216,477.82551152742,477.82551152742,507.08013468216,,,2460000.0
2001-10-31,477.82551152742,477.82551152742,477.82551152742,477.82551152742,,,2460000.0
2001-11-01,477.82551152742,477.82551152742,477.82551152742,477.82551152742,,,2460000.0
2001-11-02,477.82551152742,477.82551152742,477.82551152742,477.82551152742,,,2460000.0
2001-11-05,477.82551152742,477.82551152742,477.82551152742,477.82551152742,,,2460000.0
2001-11-06,477.82551152742,477.82551152742,477.82551152742,477.82551152742,,,2460000.0
2001-11-07,497.32859363058,482.7012820532101,497.32859363058,482.7012820532101,,,2460000.0
2001-11-08,502.20436415637,497.32859363058,502.20436415637,497.32859363058,,,2460000.0
2001-11-09,502.20436415637,502.20436415637,502.20436415637,502.20436415637,,,2460000.0
2001-11-12,502.20436415637,502.20436415637,502.20436415637,502.20436415637,,,2460000.0
2001-11-13,502.20436415637,502.20436415637,502.20436415637,502.20436415637,,,2460000.0
2001-11-14,502.20436415637,502.20436415637,502.20436415637,502.20436415637,,,2460000.0
2001-11-15,511.9559052079501,502.20436415637,511.9559052079501,502.20436415637,,,2460000.0
2001-11-16,511.9559052079501,511.9559052079501,511.9559052079501,511.9559052079501,,,2460000.0
2001-11-19,511.9559052079501,511.9559052079501,511.9559052079501,511.9559052079501,,,2460000.0
2001-11-20,511.9559052079501,511.9559052079501,511.9559052079501,511.9559052079501,,,2460000.0
2001-11-21,511.9559052079501,511.9559052079501,511.9559052079501,511.9559052079501,,,2460000.0
2001-11-22,511.9559052079501,511.9559052079501,511.9559052079501,511.9559052079501,,,2460000.0
2001-11-23,511.9559052079501,511.9559052079501,511.9559052079501,511.9559052079501,,,2460000.0
2001-11-26,511.9559052079501,511.9559052079501,511.9559052079501,511.9559052079501,,,2460000.0
2001-11-27,511.9559052079501,511.9559052079501,511.9559052079501,511.9559052079501,,,2460000.0
2001-11-28,511.9559052079501,511.9559052079501,511.9559052079501,511.9559052079501,,,2460000.0
2001-11-29,511.9559052079501,511.9559052079501,511.9559052079501,511.9559052079501,,,2460000.0
2001-11-30,511.9559052079501,511.9559052079501,511.9559052079501,511.9559052079501,,,2460000.0
2001-12-01,412.002609429255,390.0616420632,,,,,2460000.0
2001-12-03,511.9559052079501,511.9559052079501,511.9559052079501,511.9559052079501,,,2460000.0
2001-12-04,521.70744625953,511.9559052079501,521.70744625953,511.9559052079501,,,2460000.0
2001-12-05,521.70744625953,521.70744625953,521.70744625953,521.70744625953,,,2460000.0
2001-12-06,526.58321678532,521.70744625953,526.58321678532,521.70744625953,,,2460000.0
2001-12-07,526.58321678532,526.58321678532,526.58321678532,526.58321678532,,,2460000.0
2001-12-10,526.58321678532,526.58321678532,526.58321678532,526.58321678532,,,2460000.0
2001-12-11,526.58321678532,526.58321678532,526.58321678532,526.58321678532,,,2460000.0
2001-12-12,526.58321678532,526.58321678532,526.58321678532,526.58321678532,,,2460000.0
2001-12-13,526.58321678532,526.58321678532,526.58321678532,526.58321678532,,,2460000.0
2001-12-14,526.58321678532,526.58321678532,526.58321678532,526.58321678532,,,2460000.0
2001-12-17,526.58321678532,526.58321678532,526.58321678532,526.58321678532,,,2460000.0
2001-12-18,526.58321678532,526.58321678532,526.58321678532,526.58321678532,,,2460000.0
2001-12-19,526.58321678532,526.58321678532,526.58321678532,526.58321678532,,,2460000.0
2001-12-20,526.58321678532,526.58321678532,526.58321678532,526.58321678532,,,2460000.0
2001-12-21,526.58321678532,526.58321678532,526.58321678532,526.58321678532,,,2460000.0
2001-12-24,526.58321678532,526.58321678532,526.58321678532,526.58321678532,,,2460000.0
2001-12-27,526.58321678532,526.58321678532,526.58321678532,526.58321678532,,,2460000.0
2001-12-28,526.58321678532,526.58321678532,526.58321678532,526.58321678532,,,2460000.0
2001-12-31,526.58321678532,526.58321678532,526.58321678532,526.58321678532,,,2460000.0
2002-01-02,526.58321678532,526.58321678532,526.58321678532,526.58321678532,,,2460000.0
2002-01-03,531.4589873111099,526.58321678532,531.4589873111099,526.58321678532,,,2460000.0
2002-01-04,531.4589873111099,531.4589873111099,531.4589873111099,531.4589873111099,,,2460000.0
2002-01-07,531.4589873111099,531.4589873111099,531.4589873111099,531.4589873111099,,,2460000.0
2002-01-08,531.4589873111099,531.4589873111099,531.4589873111099,531.4589873111099,,,2460000.0
2002-01-09,531.4589873111099,531.4589873111099,531.4589873111099,531.4589873111099,,,2460000.0
2002-01-10,531.4589873111099,531.4589873111099,531.4589873111099,531.4589873111099,,,2460000.0
2002-01-11,531.4589873111099,531.4589873111099,531.4589873111099,531.4589873111099,,,2460000.0
2002-01-14,531.4589873111099,531.4589873111099,531.4589873111099,531.4589873111099,,,2460000.0
2002-01-15,531.4589873111099,531.4589873111099,531.4589873111099,531.4589873111099,,,2460000.0
2002-01-16,531.4589873111099,531.4589873111099,531.4589873111099,531.4589873111099,,,2460000.0
2002-01-17,531.4589873111099,526.58321678532,526.58321678532,531.4589873111099,,,2460000.0
2002-01-18,526.58321678532,526.58321678532,526.58321678532,526.58321678532,,,2460000.0
2002-01-21,526.58321678532,526.58321678532,526.58321678532,526.58321678532,,,2460000.0
2002-01-22,526.58321678532,526.58321678532,526.58321678532,526.58321678532,,,2460000.0
2002-01-23,526.58321678532,526.58321678532,526.58321678532,526.58321678532,,,2460000.0
2002-01-24,526.58321678532,526.58321678532,526.58321678532,526.58321678532,,,2460000.0
2002-01-25,526.58321678532,526.58321678532,526.58321678532,526.58321678532,,,2460000.0
2002-01-28,526.58321678532,526.58321678532,526.58321678532,526.58321678532,,,2460000.0
2002-01-29,526.58321678532,526.58321678532,526.58321678532,526.58321678532,,,2460000.0
2002-01-30,526.58321678532,526.58321678532,526.58321678532,526.58321678532,,,2460000.0
2002-01-31,526.58321678532,526.58321678532,526.58321678532,526.58321678532,,,2460000.0
2002-02-01,526.58321678532,526.58321678532,526.58321678532,526.58321678532,,,2460000.0
2002-02-04,526.58321678532,526.58321678532,526.58321678532,526.58321678532,,,2460000.0
2002-02-05,526.58321678532,526.58321678532,526.58321678532,526.58321678532,,,2460000.0
2002-02-06,531.4589873111099,526.58321678532,531.4589873111099,526.58321678532,,,2460000.0
2002-02-07,531.4589873111099,531.4589873111099,531.4589873111099,531.4589873111099,,,2460000.0
2002-02-08,531.4589873111099,531.4589873111099,531.4589873111099,531.4589873111099,,,2460000.0
2002-02-11,536.3347578369,531.4589873111099,536.3347578369,531.4589873111099,,,2460000.0
2002-02-12,536.3347578369,536.3347578369,536.3347578369,536.3347578369,,,2460000.0
2002-02-13,541.2105283626901,536.3347578369,541.2105283626901,536.3347578369,,,2460000.0
2002-02-14,550.96206941427,541.2105283626901,550.96206941427,541.2105283626901,,,2460000.0
2002-02-15,555.83783994006,550.96206941427,555.83783994006,550.96206941427,,,2460000.0
2002-02-18,555.83783994006,555.83783994006,555.83783994006,555.83783994006,,,2460000.0
2002-02-19,555.83783994006,555.83783994006,555.83783994006,555.83783994006,,,2460000.0
2002-02-20,555.83783994006,555.83783994006,555.83783994006,555.83783994006,,,2460000.0
2002-02-21,555.83783994006,555.83783994006,555.83783994006,555.83783994006,,,2460000.0
2002-02-22,555.83783994006,555.83783994006,555.83783994006,555.83783994006,,,2460000.0
2002-02-25,555.83783994006,555.83783994006,555.83783994006,555.83783994006,,,2460000.0
2002-02-26,555.83783994006,555.83783994006,555.83783994006,555.83783994006,,,2460000.0
2002-02-27,536.3347578369,536.3347578369,536.3347578369,536.3347578369,,,2460000.0
2002-02-28,536.3347578369,536.3347578369,536.3347578369,536.3347578369,,,2460000.0
2002-03-01,536.3347578369,536.3347578369,536.3347578369,536.3347578369,,,2460000.0
2002-03-04,536.3347578369,536.3347578369,536.3347578369,536.3347578369,,,2460000.0
2002-03-05,536.3347578369,536.3347578369,536.3347578369,536.3347578369,,,2460000.0
2002-03-06,536.3347578369,536.3347578369,536.3347578369,536.3347578369,,,2460000.0
2002-03-07,541.2105283626901,536.3347578369,541.2105283626901,536.3347578369,,,2460000.0
2002-03-08,541.2105283626901,541.2105283626901,541.2105283626901,541.2105283626901,,,2460000.0
2002-03-11,541.2105283626901,541.2105283626901,541.2105283626901,541.2105283626901,,,2460000.0
2002-03-12,541.2105283626901,541.2105283626901,541.2105283626901,541.2105283626901,,,2460000.0
2002-03-13,541.2105283626901,541.2105283626901,541.2105283626901,541.2105283626901,,,2460000.0
2002-03-14,541.2105283626901,541.2105283626901,541.2105283626901,541.2105283626901,,,2460000.0
2002-03-15,541.2105283626901,541.2105283626901,541.2105283626901,541.2105283626901,,,2460000.0
2002-03-18,541.2105283626901,541.2105283626901,541.2105283626901,541.2105283626901,,,2460000.0
2002-03-19,541.2105283626901,541.2105283626901,541.2105283626901,541.2105283626901,,1700.0,2460000.0
2002-03-20,541.2105283626901,541.2105283626901,541.2105283626901,541.2105283626901,,,2460000.0
2002-03-21,541.2105283626901,541.2105283626901,541.2105283626901,541.2105283626901,,50000.0,2460000.0
2002-03-22,541.2105283626901,541.2105283626901,541.2105283626901,541.2105283626901,,,2460000.0
2002-03-25,541.2105283626901,541.2105283626901,541.2105283626901,541.2105283626901,,,2460000.0
2002-03-26,541.2105283626901,541.2105283626901,541.2105283626901,541.2105283626901,,,2460000.0
2002-03-27,541.2105283626901,541.2105283626901,541.2105283626901,541.2105283626901,,,2460000.0
2002-03-28,541.2105283626901,541.2105283626901,541.2105283626901,541.2105283626901,,,2460000.0
2002-04-02,541.2105283626901,541.2105283626901,541.2105283626901,541.2105283626901,,,2460000.0
2002-04-03,541.2105283626901,541.2105283626901,541.2105283626901,541.2105283626901,,,2460000.0
2002-04-04,541.2105283626901,536.3347578369,536.3347578369,541.2105283626901,,,2460000.0
2002-04-05,536.3347578369,536.3347578369,536.3347578369,536.3347578369,,,2460000.0
2002-04-08,536.3347578369,536.3347578369,536.3347578369,536.3347578369,,,2460000.0
2002-04-09,536.3347578369,536.3347578369,536.3347578369,536.3347578369,,,2460000.0
2002-04-10,536.3347578369,536.3347578369,536.3347578369,536.3347578369,,,2460000.0
2002-04-11,536.3347578369,536.3347578369,536.3347578369,536.3347578369,,,2460000.0
2002-04-12,536.3347578369,536.3347578369,536.3347578369,536.3347578369,,,2460000.0
2002-04-15,536.3347578369,536.3347578369,536.3347578369,536.3347578369,,,2460000.0
2002-04-16,536.3347578369,536.3347578369,536.3347578369,536.3347578369,,,2460000.0
2002-04-17,536.3347578369,536.3347578369,536.3347578369,536.3347578369,,,2460000.0
2002-04-18,536.3347578369,536.3347578369,536.3347578369,536.3347578369,,,2460000.0
2002-04-19,536.3347578369,536.3347578369,536.3347578369,536.3347578369,,,2460000.0
2002-04-22,536.3347578369,536.3347578369,536.3347578369,536.3347578369,,100000.0,2460000.0
2002-04-23,536.3347578369,536.3347578369,536.3347578369,536.3347578369,,,2460000.0
2002-04-24,536.3347578369,536.3347578369,536.3347578369,536.3347578369,,,2460000.0
2002-04-25,536.3347578369,536.3347578369,536.3347578369,536.3347578369,,70000.0,2460000.0
2002-04-26,536.3347578369,536.3347578369,536.3347578369,536.3347578369,,,2460000.0
2002-04-29,536.3347578369,536.3347578369,536.3347578369,536.3347578369,,,2460000.0
2002-04-30,536.3347578369,536.3347578369,536.3347578369,536.3347578369,,,2460000.0
2002-05-01,536.3347578369,536.3347578369,536.3347578369,536.3347578369,,,2460000.0
2002-05-02,536.3347578369,536.3347578369,536.3347578369,536.3347578369,,,2460000.0
2002-05-03,536.3347578369,536.3347578369,536.3347578369,536.3347578369,,,2460000.0
2002-05-07,536.3347578369,536.3347578369,536.3347578369,536.3347578369,,,2460000.0
2002-05-08,536.3347578369,536.3347578369,536.3347578369,536.3347578369,,,2460000.0
2002-05-09,536.3347578369,536.3347578369,536.3347578369,536.3347578369,,,2460000.0
2002-05-10,536.3347578369,536.3347578369,536.3347578369,536.3347578369,,,2460000.0
2002-05-13,536.3347578369,536.3347578369,536.3347578369,536.3347578369,,,2460000.0
2002-05-14,536.3347578369,536.3347578369,536.3347578369,536.3347578369,,,2460000.0
2002-05-15,536.3347578369,536.3347578369,536.3347578369,536.3347578369,,,2460000.0
2002-05-16,536.3347578369,536.3347578369,536.3347578369,536.3347578369,,35000.0,2460000.0
2002-05-17,536.3347578369,536.3347578369,536.3347578369,536.3347578369,,,2460000.0
2002-05-20,536.3347578369,536.3347578369,536.3347578369,536.3347578369,,,2460000.0
2002-05-21,536.3347578369,536.3347578369,536.3347578369,536.3347578369,,,2460000.0
2002-05-22,536.3347578369,536.3347578369,536.3347578369,536.3347578369,,25000.0,2460000.0
2002-05-23,541.2105283626901,536.3347578369,541.2105283626901,536.3347578369,,,2460000.0
2002-05-24,541.2105283626901,541.2105283626901,541.2105283626901,541.2105283626901,,1340.0,2460000.0
2002-05-27,541.2105283626901,541.2105283626901,541.2105283626901,541.2105283626901,,,2460000.0
2002-05-28,541.2105283626901,541.2105283626901,541.2105283626901,541.2105283626901,,,2460000.0
2002-05-29,546.08629888848,541.2105283626901,546.08629888848,541.2105283626901,,,2460000.0
2002-05-30,546.08629888848,546.08629888848,546.08629888848,546.08629888848,,,2460000.0
2002-05-31,546.08629888848,546.08629888848,546.08629888848,546.08629888848,,,2460000.0
2002-06-05,546.08629888848,546.08629888848,546.08629888848,546.08629888848,,,2460000.0
2002-06-06,546.08629888848,546.08629888848,546.08629888848,546.08629888848,,,2460000.0
2002-06-07,546.08629888848,546.08629888848,546.08629888848,546.08629888848,,,2460000.0
2002-06-10,546.08629888848,546.08629888848,546.08629888848,546.08629888848,,,2460000.0
2002-06-11,546.08629888848,546.08629888848,546.08629888848,546.08629888848,,,2460000.0
2002-06-12,546.08629888848,546.08629888848,546.08629888848,546.08629888848,,,2460000.0
2002-06-13,546.08629888848,546.08629888848,546.08629888848,546.08629888848,,,2460000.0
2002-06-14,546.08629888848,546.08629888848,546.08629888848,546.08629888848,,,2460000.0
2002-06-17,546.08629888848,546.08629888848,546.08629888848,546.08629888848,,,2460000.0
2002-06-18,546.08629888848,546.08629888848,546.08629888848,546.08629888848,,,2460000.0
2002-06-19,546.08629888848,546.08629888848,546.08629888848,546.08629888848,,,2460000.0
2002-06-20,546.08629888848,546.08629888848,546.08629888848,546.08629888848,,,2460000.0
2002-06-21,546.08629888848,546.08629888848,546.08629888848,546.08629888848,,,2460000.0
2002-06-24,546.08629888848,546.08629888848,546.08629888848,546.08629888848,,,2460000.0
2002-06-25,546.08629888848,546.08629888848,546.08629888848,546.08629888848,,,2460000.0
2002-06-26,546.08629888848,546.08629888848,546.08629888848,546.08629888848,,,2460000.0
2002-06-27,546.08629888848,546.08629888848,546.08629888848,546.08629888848,,,2460000.0
2002-06-28,546.08629888848,546.08629888848,546.08629888848,546.08629888848,,,2460000.0
2002-07-01,546.08629888848,477.82551152742,536.3347578369,546.08629888848,,,2460000.0
2002-07-02,536.3347578369,477.82551152742,536.3347578369,536.3347578369,,,2460000.0
2002-07-03,536.3347578369,477.82551152742,536.3347578369,536.3347578369,,,2460000.0
2002-07-04,536.3347578369,477.82551152742,536.3347578369,536.3347578369,,,2460000.0
2002-07-05,536.3347578369,477.82551152742,536.3347578369,536.3347578369,,,2460000.0
2002-07-08,536.3347578369,477.82551152742,536.3347578369,536.3347578369,,,2460000.0
2002-07-09,536.3347578369,477.82551152742,536.3347578369,536.3347578369,,,2460000.0
2002-07-10,536.3347578369,477.82551152742,536.3347578369,536.3347578369,,,2460000.0
2002-07-11,536.3347578369,477.82551152742,536.3347578369,536.3347578369,,,2460000.0
2002-07-12,536.3347578369,477.82551152742,536.3347578369,536.3347578369,,,2460000.0
2002-07-15,536.3347578369,477.82551152742,536.3347578369,536.3347578369,,,2460000.0
2002-07-16,536.3347578369,429.06780626952,507.08013468216,536.3347578369,,,2460000.0
2002-07-17,507.08013468216,429.06780626952,507.08013468216,507.08013468216,,,2460000.0
2002-07-18,507.08013468216,429.06780626952,507.08013468216,507.08013468216,,1167.0,2460000.0
2002-07-19,507.08013468216,429.06780626952,507.08013468216,507.08013468216,,,2460000.0
2002-07-22,507.08013468216,429.06780626952,507.08013468216,507.08013468216,,,2460000.0
2002-07-23,507.08013468216,429.06780626952,507.08013468216,507.08013468216,,,2460000.0
2002-07-24,507.08013468216,429.06780626952,497.32859363058,507.08013468216,,,2460000.0
2002-07-25,497.32859363058,429.06780626952,497.32859363058,497.32859363058,,,2460000.0
2002-07-26,497.32859363058,429.06780626952,497.32859363058,497.32859363058,,,2460000.0
2002-07-29,497.32859363058,429.06780626952,497.32859363058,497.32859363058,,,2460000.0
2002-07-30,497.32859363058,429.06780626952,497.32859363058,497.32859363058,,,2460000.0
2002-07-31,497.32859363058,429.06780626952,497.32859363058,497.32859363058,,,2460000.0
2002-08-01,497.32859363058,429.06780626952,487.577052579,497.32859363058,,,2460000.0
2002-08-02,487.577052579,429.06780626952,487.577052579,487.577052579,,,2460000.0
2002-08-05,487.577052579,429.06780626952,487.577052579,487.577052579,,,2460000.0
2002-08-06,487.577052579,429.06780626952,487.577052579,487.577052579,,,2460000.0
2002-08-07,487.577052579,429.06780626952,487.577052579,487.577052579,,,2460000.0
2002-08-08,487.577052579,429.06780626952,487.577052579,487.577052579,,,2460000.0
2002-08-09,487.577052579,429.06780626952,487.577052579,487.577052579,,,2460000.0
2002-08-12,487.577052579,429.06780626952,487.577052579,487.577052579,,,2460000.0
2002-08-13,487.577052579,429.06780626952,487.577052579,487.577052579,,,2460000.0
2002-08-14,487.577052579,429.06780626952,477.82551152742,487.577052579,,,2460000.0
2002-08-15,477.82551152742,429.06780626952,477.82551152742,477.82551152742,,,2460000.0
2002-08-16,477.82551152742,429.06780626952,477.82551152742,477.82551152742,,,2460000.0
2002-08-19,477.82551152742,429.06780626952,477.82551152742,477.82551152742,,,2460000.0
2002-08-20,477.82551152742,429.06780626952,477.82551152742,477.82551152742,,,2460000.0
2002-08-21,477.82551152742,429.06780626952,477.82551152742,477.82551152742,,,2460000.0
2002-08-22,477.82551152742,429.06780626952,477.82551152742,477.82551152742,,,2460000.0
2002-08-23,477.82551152742,429.06780626952,477.82551152742,477.82551152742,,,2460000.0
2002-08-27,477.82551152742,429.06780626952,477.82551152742,477.82551152742,,5000.0,2460000.0
2002-08-28,477.82551152742,429.06780626952,477.82551152742,477.82551152742,,1665.0,2460000.0
2002-08-29,477.82551152742,429.06780626952,477.82551152742,477.82551152742,,,2460000.0
2002-08-30,477.82551152742,429.06780626952,477.82551152742,477.82551152742,,,2460000.0
2002-09-02,477.82551152742,429.06780626952,477.82551152742,477.82551152742,,,2460000.0
2002-09-03,477.82551152742,429.06780626952,477.82551152742,477.82551152742,,,2460000.0
2002-09-04,477.82551152742,429.06780626952,477.82551152742,477.82551152742,,,2460000.0
2002-09-05,477.82551152742,429.06780626952,477.82551152742,477.82551152742,,,2460000.0
2002-09-06,477.82551152742,429.06780626952,477.82551152742,477.82551152742,,,2460000.0
2002-09-09,477.82551152742,429.06780626952,477.82551152742,477.82551152742,,32500.0,2460000.0
2002-09-10,477.82551152742,429.06780626952,477.82551152742,477.82551152742,,,2460000.0
2002-09-11,477.82551152742,429.06780626952,477.82551152742,477.82551152742,,,2460000.0
2002-09-12,477.82551152742,429.06780626952,477.82551152742,477.82551152742,,21000.0,2460000.0
2002-09-13,477.82551152742,429.06780626952,477.82551152742,477.82551152742,,10000.0,2460000.0
2002-09-16,477.82551152742,429.06780626952,477.82551152742,477.82551152742,,3000.0,2460000.0
2002-09-17,477.82551152742,429.06780626952,477.82551152742,477.82551152742,,500000.0,2460000.0
2002-09-18,477.82551152742,429.06780626952,477.82551152742,477.82551152742,,,2460000.0
2002-09-19,477.82551152742,429.06780626952,477.82551152742,477.82551152742,,,2460000.0
2002-09-20,477.82551152742,429.06780626952,477.82551152742,477.82551152742,,,2460000.0
2002-09-23,477.82551152742,429.06780626952,477.82551152742,477.82551152742,,29500.0,2460000.0
2002-09-24,477.82551152742,429.06780626952,477.82551152742,477.82551152742,,,2460000.0
2002-09-25,477.82551152742,429.06780626952,477.82551152742,477.82551152742,,,2460000.0
2002-09-26,477.82551152742,429.06780626952,477.82551152742,477.82551152742,,,2460000.0
2002-09-27,477.82551152742,419.31626521794,458.32242942426,477.82551152742,,1333.0,2460000.0
2002-09-30,458.32242942426,360.80701890846,360.80701890846,458.32242942426,,2500.0,2460000.0
2002-10-01,438.8193473211,360.80701890846,433.94357679531,438.8193473211,,,2460000.0
2002-10-02,433.94357679531,360.80701890846,429.06780626952,433.94357679531,,,2460000.0
2002-10-03,429.06780626952,360.80701890846,429.06780626952,429.06780626952,,78000.0,2460000.0
2002-10-04,429.06780626952,360.80701890846,429.06780626952,429.06780626952,,,2460000.0
2002-10-07,429.06780626952,360.80701890846,424.19203574373,429.06780626952,,,2460000.0
2002-10-08,424.19203574373,360.80701890846,424.19203574373,424.19203574373,,,2460000.0
2002-10-09,433.94357679531,360.80701890846,433.94357679531,424.19203574373,,,2460000.0
2002-10-10,433.94357679531,360.80701890846,433.94357679531,433.94357679531,,128500.0,2460000.0
2002-10-11,433.94357679531,360.80701890846,433.94357679531,433.94357679531,,,2460000.0
2002-10-14,433.94357679531,360.80701890846,433.94357679531,433.94357679531,,,2460000.0
2002-10-15,433.94357679531,360.80701890846,433.94357679531,433.94357679531,,,2460000.0
2002-10-16,433.94357679531,360.80701890846,433.94357679531,433.94357679531,,,2460000.0
2002-10-17,433.94357679531,360.80701890846,433.94357679531,433.94357679531,,,2460000.0
2002-10-18,433.94357679531,360.80701890846,433.94357679531,433.94357679531,,4700.0,2460000.0
2002-10-21,433.94357679531,360.80701890846,433.94357679531,433.94357679531,,,2460000.0
2002-10-22,438.8193473211,360.80701890846,438.8193473211,433.94357679531,,,2460000.0
2002-10-23,443.69511784689,360.80701890846,443.69511784689,438.8193473211,,,2460000.0
2002-10-24,443.69511784689,360.80701890846,443.69511784689,443.69511784689,,,2460000.0
2002-10-25,443.69511784689,360.80701890846,443.69511784689,443.69511784689,,,2460000.0
2002-10-28,448.57088837268,360.80701890846,448.57088837268,443.69511784689,,,2460000.0
2002-10-29,448.57088837268,360.80701890846,448.57088837268,448.57088837268,,,2460000.0
2002-10-30,448.57088837268,360.80701890846,448.57088837268,448.57088837268,,,2460000.0
2002-10-31,448.57088837268,360.80701890846,448.57088837268,448.57088837268,,,2460000.0
2002-11-01,453.44665889847,360.80701890846,453.44665889847,448.57088837268,,,2460000.0
2002-11-04,458.32242942426,360.80701890846,458.32242942426,453.44665889847,,,2460000.0
2002-11-05,458.32242942426,360.80701890846,458.32242942426,458.32242942426,,,2460000.0
2002-11-06,458.32242942426,360.80701890846,458.32242942426,458.32242942426,,,2460000.0
2002-11-07,458.32242942426,360.80701890846,458.32242942426,458.32242942426,,,2460000.0
2002-11-08,458.32242942426,360.80701890846,458.32242942426,458.32242942426,,,2460000.0
2002-11-11,458.32242942426,360.80701890846,458.32242942426,458.32242942426,,,2460000.0
2002-11-12,458.32242942426,360.80701890846,458.32242942426,458.32242942426,,,2460000.0
2002-11-13,458.32242942426,360.80701890846,458.32242942426,458.32242942426,,,2460000.0
2002-11-14,458.32242942426,360.80701890846,458.32242942426,458.32242942426,,500.0,2460000.0
2002-11-15,463.19819995005,360.80701890846,463.19819995005,458.32242942426,,,2460000.0
2002-11-18,463.19819995005,360.80701890846,463.19819995005,463.19819995005,,,2460000.0
2002-11-19,463.19819995005,360.80701890846,463.19819995005,463.19819995005,,,2460000.0
2002-11-20,463.19819995005,360.80701890846,463.19819995005,463.19819995005,,,2460000.0
2002-11-21,463.19819995005,360.80701890846,463.19819995005,463.19819995005,,,2460000.0
2002-11-22,463.19819995005,360.80701890846,463.19819995005,463.19819995005,,,2460000.0
2002-11-25,463.19819995005,360.80701890846,463.19819995005,463.19819995005,,,2460000.0
2002-11-26,463.19819995005,360.80701890846,463.19819995005,463.19819995005,,,2460000.0
2002-11-27,468.07397047584,360.80701890846,468.07397047584,463.19819995005,,,2460000.0
2002-11-28,468.07397047584,360.80701890846,468.07397047584,468.07397047584,,,2460000.0
2002-11-29,472.94974100163,360.80701890846,472.94974100163,468.07397047584,,,2460000.0
2002-12-02,472.94974100163,360.80701890846,472.94974100163,472.94974100163,,,2460000.0
2002-12-03,472.94974100163,360.80701890846,472.94974100163,472.94974100163,,,2460000.0
2002-12-04,472.94974100163,360.80701890846,472.94974100163,472.94974100163,,,2460000.0
2002-12-05,472.94974100163,360.80701890846,472.94974100163,472.94974100163,,,2460000.0
2002-12-06,472.94974100163,360.80701890846,472.94974100163,472.94974100163,,,2460000.0
2002-12-09,472.94974100163,360.80701890846,472.94974100163,472.94974100163,,,2460000.0
2002-12-10,472.94974100163,360.80701890846,472.94974100163,472.94974100163,,,2460000.0
2002-12-11,472.94974100163,360.80701890846,472.94974100163,472.94974100163,,,2460000.0
2002-12-12,472.94974100163,360.80701890846,472.94974100163,472.94974100163,,,2460000.0
2002-12-13,472.94974100163,360.80701890846,472.94974100163,472.94974100163,,1200.0,2460000.0
2002-12-16,472.94974100163,360.80701890846,472.94974100163,472.94974100163,,,2460000.0
2002-12-17,477.82551152742,360.80701890846,477.82551152742,472.94974100163,,,2460000.0
2002-12-18,477.82551152742,360.80701890846,477.82551152742,477.82551152742,,,2460000.0
2002-12-19,482.7012820532101,360.80701890846,482.7012820532101,477.82551152742,,,2460000.0
2002-12-20,482.7012820532101,360.80701890846,482.7012820532101,482.7012820532101,,,2460000.0
2002-12-23,482.7012820532101,360.80701890846,482.7012820532101,482.7012820532101,,,2460000.0
2002-12-24,482.7012820532101,360.80701890846,482.7012820532101,482.7012820532101,,,2460000.0
2002-12-27,487.577052579,360.80701890846,487.577052579,482.7012820532101,,,2460000.0
2002-12-30,487.577052579,360.80701890846,487.577052579,487.577052579,,,2460000.0
2002-12-31,487.577052579,360.80701890846,487.577052579,487.577052579,,,2460000.0
2003-01-02,487.577052579,360.80701890846,487.577052579,487.577052579,,,2460000.0
2003-01-03,487.577052579,360.80701890846,487.577052579,487.577052579,,,2460000.0
2003-01-06,487.577052579,360.80701890846,487.577052579,487.577052579,,,2460000.0
2003-01-07,492.45282310479,360.80701890846,492.45282310479,487.577052579,,,2460000.0
2003-01-08,492.45282310479,360.80701890846,492.45282310479,492.45282310479,,,2460000.0
2003-01-09,492.45282310479,360.80701890846,492.45282310479,492.45282310479,,,2460000.0
2003-01-10,492.45282310479,360.80701890846,492.45282310479,492.45282310479,,,2460000.0
2003-01-13,492.45282310479,360.80701890846,492.45282310479,492.45282310479,,,2460000.0
2003-01-14,492.45282310479,360.80701890846,492.45282310479,492.45282310479,,,2460000.0
2003-01-15,497.32859363058,360.80701890846,497.32859363058,492.45282310479,,2000.0,2460000.0
2003-01-16,497.32859363058,360.80701890846,497.32859363058,497.32859363058,,,2460000.0
2003-01-17,497.32859363058,360.80701890846,497.32859363058,497.32859363058,,,2460000.0
2003-01-20,497.32859363058,360.80701890846,497.32859363058,497.32859363058,,,2460000.0
2003-01-21,497.32859363058,360.80701890846,497.32859363058,497.32859363058,,,2460000.0
2003-01-22,497.32859363058,360.80701890846,497.32859363058,497.32859363058,,,2460000.0
2003-01-23,497.32859363058,360.80701890846,497.32859363058,497.32859363058,,,2460000.0
2003-01-24,497.32859363058,360.80701890846,497.32859363058,497.32859363058,,,2460000.0
2003-01-27,497.32859363058,360.80701890846,497.32859363058,497.32859363058,,,2460000.0
2003-01-28,497.32859363058,360.80701890846,497.32859363058,497.32859363058,,,2460000.0
2003-01-29,497.32859363058,360.80701890846,497.32859363058,497.32859363058,,,2460000.0
2003-01-30,524.145331522425,360.80701890846,497.32859363058,497.32859363058,,,2460000.0
2003-01-31,497.32859363058,360.80701890846,497.32859363058,497.32859363058,,,2460000.0
2003-02-03,497.32859363058,360.80701890846,497.32859363058,497.32859363058,,,2460000.0
2003-02-04,497.32859363058,360.80701890846,497.32859363058,497.32859363058,,,2460000.0
2003-02-05,497.32859363058,360.80701890846,497.32859363058,497.32859363058,,,2460000.0
2003-02-06,497.32859363058,360.80701890846,497.32859363058,497.32859363058,,1000.0,2460000.0
2003-02-07,497.32859363058,360.80701890846,497.32859363058,497.32859363058,,,2460000.0
2003-02-10,497.32859363058,360.80701890846,497.32859363058,497.32859363058,,,2460000.0
2003-02-11,497.32859363058,360.80701890846,497.32859363058,497.32859363058,,,2460000.0
2003-02-12,497.32859363058,360.80701890846,497.32859363058,497.32859363058,,,2460000.0
2003-02-13,497.32859363058,360.80701890846,497.32859363058,497.32859363058,,,2460000.0
2003-02-14,497.32859363058,360.80701890846,497.32859363058,497.32859363058,,,2460000.0
2003-02-17,497.32859363058,360.80701890846,497.32859363058,497.32859363058,,,2460000.0
2003-02-18,497.32859363058,360.80701890846,497.32859363058,497.32859363058,,,2460000.0
2003-02-19,497.32859363058,360.80701890846,497.32859363058,497.32859363058,,2000.0,2460000.0
2003-02-20,497.32859363058,360.80701890846,497.32859363058,497.32859363058,,,2460000.0
2003-02-21,497.32859363058,360.80701890846,497.32859363058,497.32859363058,,,2460000.0
2003-02-24,497.32859363058,360.80701890846,497.32859363058,497.32859363058,,,2460000.0
2003-02-25,497.32859363058,360.80701890846,497.32859363058,497.32859363058,,,2460000.0
2003-02-26,497.32859363058,360.80701890846,487.577052579,497.32859363058,,,2460000.0
2003-02-27,487.577052579,360.80701890846,487.577052579,487.577052579,,,2460000.0
2003-02-28,487.577052579,360.80701890846,487.577052579,487.577052579,,,2460000.0
2003-03-03,487.577052579,360.80701890846,487.577052579,487.577052579,,,2460000.0
2003-03-04,487.577052579,360.80701890846,487.577052579,487.577052579,,,2460000.0
2003-03-05,487.577052579,360.80701890846,487.577052579,487.577052579,,2700.0,2460000.0
2003-03-06,487.577052579,360.80701890846,487.577052579,487.577052579,,,2460000.0
2003-03-07,487.577052579,360.80701890846,487.577052579,487.577052579,,,2460000.0
2003-03-10,487.577052579,360.80701890846,487.577052579,487.577052579,,,2460000.0
2003-03-11,487.577052579,360.80701890846,487.577052579,487.577052579,,,2460000.0
2003-03-12,487.577052579,360.80701890846,482.7012820532101,487.577052579,,26340.0,2460000.0
2003-03-13,482.7012820532101,360.80701890846,482.7012820532101,482.7012820532101,,,2460000.0
2003-03-14,482.7012820532101,360.80701890846,482.7012820532101,482.7012820532101,,,2460000.0
2003-03-17,482.7012820532101,360.80701890846,482.7012820532101,482.7012820532101,,,2460000.0
2003-03-18,482.7012820532101,360.80701890846,482.7012820532101,482.7012820532101,,,2460000.0
2003-03-19,482.7012820532101,360.80701890846,482.7012820532101,482.7012820532101,,,2460000.0
2003-03-20,482.7012820532101,360.80701890846,482.7012820532101,482.7012820532101,,,2460000.0
2003-03-21,482.7012820532101,360.80701890846,482.7012820532101,482.7012820532101,,,2460000.0
2003-03-24,482.7012820532101,360.80701890846,482.7012820532101,482.7012820532101,,,2460000.0
2003-03-25,482.7012820532101,360.80701890846,482.7012820532101,482.7012820532101,,,2460000.0
2003-03-26,482.7012820532101,360.80701890846,482.7012820532101,482.7012820532101,,,2460000.0
2003-03-27,482.7012820532101,360.80701890846,482.7012820532101,482.7012820532101,,2000.0,2460000.0
2003-03-28,482.7012820532101,360.80701890846,482.7012820532101,482.7012820532101,,,2460000.0
2003-03-31,482.7012820532101,360.80701890846,482.7012820532101,482.7012820532101,,,2460000.0
2003-04-01,482.7012820532101,360.80701890846,482.7012820532101,482.7012820532101,,,2460000.0
2003-04-02,482.7012820532101,360.80701890846,482.7012820532101,482.7012820532101,,,2460000.0
2003-04-03,482.7012820532101,360.80701890846,482.7012820532101,482.7012820532101,,,2460000.0
2003-04-04,482.7012820532101,360.80701890846,482.7012820532101,482.7012820532101,,,2460000.0
2003-04-07,482.7012820532101,360.80701890846,482.7012820532101,482.7012820532101,,,2460000.0
2003-04-08,482.7012820532101,360.80701890846,482.7012820532101,482.7012820532101,,,2460000.0
2003-04-09,482.7012820532101,360.80701890846,482.7012820532101,482.7012820532101,,,2460000.0
2003-04-10,482.7012820532101,360.80701890846,482.7012820532101,482.7012820532101,,,2460000.0
2003-04-11,482.7012820532101,360.80701890846,482.7012820532101,482.7012820532101,,,2460000.0
2003-04-14,482.7012820532101,360.80701890846,482.7012820532101,482.7012820532101,,,2460000.0
2003-04-15,482.7012820532101,360.80701890846,482.7012820532101,482.7012820532101,,,2460000.0
2003-04-16,482.7012820532101,360.80701890846,482.7012820532101,482.7012820532101,,,2460000.0
2003-04-17,482.7012820532101,360.80701890846,482.7012820532101,482.7012820532101,,,2460000.0
2003-04-22,482.7012820532101,360.80701890846,482.7012820532101,482.7012820532101,,,2460000.0
2003-04-23,482.7012820532101,360.80701890846,482.7012820532101,482.7012820532101,,,2460000.0
2003-04-24,482.7012820532101,360.80701890846,482.7012820532101,482.7012820532101,,91.0,2460000.0
2003-04-25,482.7012820532101,360.80701890846,482.7012820532101,482.7012820532101,,,2460000.0
2003-04-28,482.7012820532101,360.80701890846,482.7012820532101,482.7012820532101,,,2460000.0
2003-04-29,482.7012820532101,360.80701890846,482.7012820532101,482.7012820532101,,,2460000.0
2003-04-30,482.7012820532101,360.80701890846,482.7012820532101,482.7012820532101,,,2460000.0
2003-05-01,482.7012820532101,360.80701890846,482.7012820532101,482.7012820532101,,,2460000.0
2003-05-02,482.7012820532101,360.80701890846,482.7012820532101,482.7012820532101,,,2460000.0
2003-05-06,482.7012820532101,360.80701890846,482.7012820532101,482.7012820532101,,,2460000.0
2003-05-07,482.7012820532101,360.80701890846,482.7012820532101,482.7012820532101,,,2460000.0
2003-05-08,482.7012820532101,360.80701890846,482.7012820532101,482.7012820532101,,,2460000.0
2003-05-09,482.7012820532101,360.80701890846,482.7012820532101,482.7012820532101,,,2460000.0
2003-05-12,482.7012820532101,360.80701890846,482.7012820532101,482.7012820532101,,,2460000.0
2003-05-13,482.7012820532101,360.80701890846,482.7012820532101,482.7012820532101,,,2460000.0
2003-05-14,482.7012820532101,360.80701890846,482.7012820532101,482.7012820532101,,,2460000.0
2003-05-15,482.7012820532101,360.80701890846,482.7012820532101,482.7012820532101,,2800.0,2460000.0
2003-05-16,482.7012820532101,360.80701890846,482.7012820532101,482.7012820532101,,,2460000.0
2003-05-19,482.7012820532101,360.80701890846,482.7012820532101,482.7012820532101,,,2460000.0
2003-05-20,482.7012820532101,360.80701890846,482.7012820532101,482.7012820532101,,,2460000.0
2003-05-21,482.7012820532101,360.80701890846,482.7012820532101,482.7012820532101,,,2460000.0
2003-05-22,482.7012820532101,360.80701890846,482.7012820532101,482.7012820532101,,4000.0,2460000.0
2003-05-23,482.7012820532101,360.80701890846,482.7012820532101,482.7012820532101,,,2460000.0
2003-05-27,482.7012820532101,360.80701890846,482.7012820532101,482.7012820532101,,,2460000.0
2003-05-28,482.7012820532101,360.80701890846,482.7012820532101,482.7012820532101,,,2460000.0
2003-05-29,482.7012820532101,360.80701890846,482.7012820532101,482.7012820532101,,,2460000.0
2003-05-30,482.7012820532101,360.80701890846,482.7012820532101,482.7012820532101,,,2460000.0
2003-06-02,482.7012820532101,360.80701890846,482.7012820532101,482.7012820532101,,,2460000.0
2003-06-03,482.7012820532101,360.80701890846,482.7012820532101,482.7012820532101,,,2460000.0
2003-06-04,482.7012820532101,360.80701890846,482.7012820532101,482.7012820532101,,,2460000.0
2003-06-05,482.7012820532101,360.80701890846,482.7012820532101,482.7012820532101,,,2460000.0
2003-06-06,482.7012820532101,360.80701890846,482.7012820532101,482.7012820532101,,,2460000.0
2003-06-09,482.7012820532101,360.80701890846,482.7012820532101,482.7012820532101,,,2460000.0
2003-06-10,482.7012820532101,360.80701890846,482.7012820532101,482.7012820532101,,,2460000.0
2003-06-11,482.7012820532101,360.80701890846,482.7012820532101,482.7012820532101,,,2460000.0
2003-06-12,482.7012820532101,360.80701890846,482.7012820532101,482.7012820532101,,,2460000.0
2003-06-13,487.577052579,453.44665889847,487.577052579,482.7012820532101,,,2460000.0
2003-06-16,487.577052579,453.44665889847,487.577052579,487.577052579,,350.0,2460000.0
2003-06-17,487.577052579,453.44665889847,487.577052579,487.577052579,,,2460000.0
2003-06-18,487.577052579,453.44665889847,487.577052579,487.577052579,,,2460000.0
2003-06-19,487.577052579,453.44665889847,487.577052579,487.577052579,,,2460000.0
2003-06-20,487.577052579,453.44665889847,487.577052579,487.577052579,,,2460000.0
2003-06-23,487.577052579,453.44665889847,487.577052579,487.577052579,,,2460000.0
2003-06-24,487.577052579,453.44665889847,487.577052579,487.577052579,,,2460000.0
2003-06-25,487.577052579,453.44665889847,487.577052579,487.577052579,,,2460000.0
2003-06-26,487.577052579,453.44665889847,487.577052579,487.577052579,,500.0,2460000.0
2003-06-27,487.577052579,453.44665889847,487.577052579,487.577052579,,,2460000.0
2003-06-30,487.577052579,453.44665889847,487.577052579,487.577052579,,1250.0,2460000.0
2003-07-01,487.577052579,453.44665889847,487.577052579,487.577052579,,253.0,2460000.0
2003-07-02,487.577052579,453.44665889847,487.577052579,487.577052579,,,2460000.0
2003-07-03,487.577052579,453.44665889847,487.577052579,487.577052579,,,2460000.0
2003-07-04,487.577052579,453.44665889847,487.577052579,487.577052579,,,2460000.0
2003-07-07,487.577052579,453.44665889847,487.577052579,487.577052579,,,2460000.0
2003-07-08,487.577052579,453.44665889847,487.577052579,487.577052579,,670.0,2460000.0
2003-07-09,487.577052579,453.44665889847,487.577052579,487.577052579,,3100.0,2460000.0
2003-07-10,487.577052579,453.44665889847,487.577052579,487.577052579,,,2460000.0
2003-07-11,487.577052579,453.44665889847,487.577052579,487.577052579,,,2460000.0
2003-07-14,487.577052579,453.44665889847,487.577052579,487.577052579,,,2460000.0
2003-07-15,487.577052579,453.44665889847,487.577052579,487.577052579,,,2460000.0
2003-07-16,487.577052579,453.44665889847,487.577052579,487.577052579,,,2460000.0
2003-07-17,487.577052579,453.44665889847,487.577052579,487.577052579,,,2460000.0
2003-07-18,487.577052579,453.44665889847,487.577052579,487.577052579,,,2460000.0
2003-07-21,487.577052579,487.577052579,487.577052579,487.577052579,,,2460000.0
2003-07-22,487.577052579,487.577052579,487.577052579,487.577052579,,,2460000.0
2003-07-23,504.642249419265,487.577052579,504.642249419265,487.577052579,,,2460000.0
2003-07-24,507.08013468216,487.577052579,507.08013468216,504.642249419265,,4100.0,2460000.0
2003-07-25,529.021102048215,507.08013468216,529.021102048215,507.08013468216,,,2460000.0
2003-07-28,529.021102048215,529.021102048215,529.021102048215,529.021102048215,,,2460000.0
2003-07-29,529.021102048215,529.021102048215,529.021102048215,529.021102048215,,,2460000.0
2003-07-30,529.021102048215,529.021102048215,529.021102048215,529.021102048215,,,2460000.0
2003-07-31,533.8968725740051,529.021102048215,533.8968725740051,529.021102048215,,,2460000.0
2003-08-01,533.8968725740051,533.8968725740051,533.8968725740051,533.8968725740051,,,2460000.0
2003-08-04,533.8968725740051,529.021102048215,529.021102048215,533.8968725740051,,,2460000.0
2003-08-05,529.021102048215,529.021102048215,529.021102048215,529.021102048215,,,2460000.0
2003-08-06,529.021102048215,529.021102048215,529.021102048215,529.021102048215,,236.0,2460000.0
2003-08-07,529.021102048215,529.021102048215,529.021102048215,529.021102048215,,,2460000.0
2003-08-08,529.021102048215,529.021102048215,529.021102048215,529.021102048215,,,2460000.0
2003-08-11,529.021102048215,529.021102048215,529.021102048215,529.021102048215,,,2460000.0
2003-08-12,529.021102048215,529.021102048215,529.021102048215,529.021102048215,,,2460000.0
2003-08-13,529.021102048215,529.021102048215,529.021102048215,529.021102048215,,,2460000.0
2003-08-14,529.021102048215,529.021102048215,529.021102048215,529.021102048215,,,2460000.0
2003-08-15,536.3347578369,529.021102048215,536.3347578369,529.021102048215,,,2460000.0
2003-08-18,536.3347578369,536.3347578369,536.3347578369,536.3347578369,,,2460000.0
2003-08-19,536.3347578369,536.3347578369,536.3347578369,536.3347578369,,,2460000.0
2003-08-20,536.3347578369,529.021102048215,529.021102048215,536.3347578369,,,2460000.0
2003-08-21,529.021102048215,529.021102048215,529.021102048215,529.021102048215,,,2460000.0
2003-08-22,529.021102048215,529.021102048215,529.021102048215,529.021102048215,,,2460000.0
2003-08-26,529.021102048215,529.021102048215,529.021102048215,529.021102048215,,,2460000.0
2003-08-27,529.021102048215,529.021102048215,529.021102048215,529.021102048215,,,2460000.0
2003-08-28,529.021102048215,529.021102048215,529.021102048215,529.021102048215,,,2460000.0
2003-08-29,529.021102048215,529.021102048215,529.021102048215,529.021102048215,,,2460000.0
2003-09-01,529.021102048215,529.021102048215,529.021102048215,529.021102048215,,,2460000.0
2003-09-02,529.021102048215,529.021102048215,529.021102048215,529.021102048215,,,2460000.0
2003-09-03,529.021102048215,529.021102048215,529.021102048215,529.021102048215,,,2460000.0
2003-09-04,529.021102048215,529.021102048215,529.021102048215,529.021102048215,,,2460000.0
2003-09-05,529.021102048215,529.021102048215,529.021102048215,529.021102048215,,,2460000.0
2003-09-08,529.021102048215,529.021102048215,529.021102048215,529.021102048215,,,2460000.0
2003-09-09,529.021102048215,529.021102048215,529.021102048215,529.021102048215,,,2460000.0
2003-09-10,529.021102048215,529.021102048215,529.021102048215,529.021102048215,,,2460000.0
2003-09-11,529.021102048215,529.021102048215,529.021102048215,529.021102048215,,,2460000.0
2003-09-12,529.021102048215,529.021102048215,529.021102048215,529.021102048215,,,2460000.0
2003-09-15,529.021102048215,529.021102048215,529.021102048215,529.021102048215,,,2460000.0
2003-09-16,529.021102048215,529.021102048215,529.021102048215,529.021102048215,,,2460000.0
2003-09-17,529.021102048215,529.021102048215,529.021102048215,529.021102048215,,,2460000.0
2003-09-18,529.021102048215,529.021102048215,529.021102048215,529.021102048215,,,2460000.0
2003-09-19,529.021102048215,529.021102048215,529.021102048215,529.021102048215,,,2460000.0
2003-09-22,529.021102048215,529.021102048215,529.021102048215,529.021102048215,,,2460000.0
2003-09-23,529.021102048215,529.021102048215,529.021102048215,529.021102048215,,,2460000.0
2003-09-24,529.021102048215,529.021102048215,529.021102048215,529.021102048215,,,2460000.0
2003-09-25,529.021102048215,529.021102048215,529.021102048215,529.021102048215,,,2460000.0
2003-09-26,529.021102048215,529.021102048215,529.021102048215,529.021102048215,,,2460000.0
2003-09-29,529.021102048215,529.021102048215,529.021102048215,529.021102048215,,,2460000.0
2003-09-30,529.021102048215,529.021102048215,529.021102048215,529.021102048215,,,2460000.0
2003-10-01,536.3347578369,529.021102048215,536.3347578369,529.021102048215,,,2460000.0
2003-10-02,536.3347578369,536.3347578369,536.3347578369,536.3347578369,,,2460000.0
2003-10-03,538.772643099795,536.3347578369,538.772643099795,536.3347578369,,,2460000.0
2003-10-06,538.772643099795,538.772643099795,538.772643099795,538.772643099795,,,2460000.0
2003-10-07,538.772643099795,538.772643099795,538.772643099795,538.772643099795,,,2460000.0
2003-10-08,538.772643099795,538.772643099795,538.772643099795,538.772643099795,,,2460000.0
2003-10-09,538.772643099795,538.772643099795,538.772643099795,538.772643099795,,,2460000.0
2003-10-10,538.772643099795,538.772643099795,538.772643099795,538.772643099795,,,2460000.0
2003-10-13,538.772643099795,538.772643099795,538.772643099795,538.772643099795,,,2460000.0
2003-10-14,538.772643099795,538.772643099795,538.772643099795,538.772643099795,,,2460000.0
2003-10-15,555.83783994006,531.4589873111099,555.83783994006,538.772643099795,,,2460000.0
2003-10-16,555.83783994006,555.83783994006,555.83783994006,555.83783994006,,,2460000.0
2003-10-17,555.83783994006,555.83783994006,555.83783994006,555.83783994006,,,2460000.0
2003-10-20,555.83783994006,555.83783994006,555.83783994006,555.83783994006,,,2460000.0
2003-10-21,555.83783994006,555.83783994006,555.83783994006,555.83783994006,,,2460000.0
2003-10-22,555.83783994006,555.83783994006,555.83783994006,555.83783994006,,,2460000.0
2003-10-23,555.83783994006,555.83783994006,555.83783994006,555.83783994006,,,2460000.0
2003-10-24,,,555.83783994006,,,,2460000.0
2003-10-27,,,555.83783994006,,,800.0,2460000.0
2003-10-28,,,555.83783994006,,,,2460000.0
2003-10-29,,,555.83783994006,,,,2460000.0
2003-10-30,,,555.83783994006,,,,2460000.0
2003-10-31,,,555.83783994006,,,,2460000.0
2003-11-03,,,555.83783994006,,,660.0,2460000.0
2003-11-04,555.83783994006,555.83783994006,555.83783994006,555.83783994006,,,2460000.0
2003-11-05,555.83783994006,555.83783994006,555.83783994006,555.83783994006,,,2460000.0
2003-11-06,555.83783994006,555.83783994006,555.83783994006,555.83783994006,,,2460000.0
2003-11-07,555.83783994006,555.83783994006,555.83783994006,555.83783994006,,,2460000.0
2003-11-10,555.83783994006,555.83783994006,555.83783994006,555.83783994006,,,2460000.0
2003-11-11,555.83783994006,555.83783994006,555.83783994006,555.83783994006,,,2460000.0
2003-11-12,555.83783994006,555.83783994006,555.83783994006,555.83783994006,,,2460000.0
2003-11-13,555.83783994006,555.83783994006,555.83783994006,555.83783994006,,,2460000.0
2003-11-14,555.83783994006,555.83783994006,555.83783994006,555.83783994006,,1650.0,2460000.0
2003-11-17,555.83783994006,555.83783994006,555.83783994006,555.83783994006,,,2460000.0
2003-11-18,555.83783994006,555.83783994006,555.83783994006,555.83783994006,,,2460000.0
2003-11-19,555.83783994006,555.83783994006,555.83783994006,555.83783994006,,,2460000.0
2003-11-20,555.83783994006,555.83783994006,555.83783994006,555.83783994006,,,2460000.0
2003-11-21,555.83783994006,555.83783994006,555.83783994006,555.83783994006,,1300.0,2460000.0
2003-11-24,558.275725202955,555.83783994006,558.275725202955,555.83783994006,,,2460000.0
2003-11-25,558.275725202955,558.275725202955,558.275725202955,558.275725202955,,,2460000.0
2003-11-26,558.275725202955,558.275725202955,558.275725202955,558.275725202955,,,2460000.0
2003-11-27,558.275725202955,558.275725202955,558.275725202955,558.275725202955,,,2460000.0
2003-11-28,558.275725202955,558.275725202955,558.275725202955,558.275725202955,,,2460000.0
2003-12-01,558.275725202955,558.275725202955,558.275725202955,558.275725202955,,,2460000.0
2003-12-02,558.275725202955,558.275725202955,558.275725202955,558.275725202955,,,2460000.0
2003-12-03,558.275725202955,558.275725202955,558.275725202955,558.275725202955,,,2460000.0
2003-12-04,558.275725202955,558.275725202955,558.275725202955,558.275725202955,,,2460000.0
2003-12-05,560.7136104658499,558.275725202955,560.7136104658499,558.275725202955,,,2460000.0
2003-12-08,560.7136104658499,560.7136104658499,560.7136104658499,560.7136104658499,,,2460000.0
2003-12-09,560.7136104658499,560.7136104658499,560.7136104658499,560.7136104658499,,,2460000.0
2003-12-10,560.7136104658499,560.7136104658499,560.7136104658499,560.7136104658499,,,2460000.0
2003-12-11,560.7136104658499,560.7136104658499,560.7136104658499,560.7136104658499,,,2460000.0
2003-12-12,560.7136104658499,560.7136104658499,560.7136104658499,560.7136104658499,,,2460000.0
2003-12-15,560.7136104658499,560.7136104658499,560.7136104658499,560.7136104658499,,,2460000.0
2003-12-16,560.7136104658499,560.7136104658499,560.7136104658499,560.7136104658499,,,2460000.0
2003-12-17,560.7136104658499,560.7136104658499,560.7136104658499,560.7136104658499,,,2460000.0
2003-12-18,560.7136104658499,560.7136104658499,560.7136104658499,560.7136104658499,,,2460000.0
2003-12-19,560.7136104658499,560.7136104658499,560.7136104658499,560.7136104658499,,,2460000.0
2003-12-22,560.7136104658499,560.7136104658499,560.7136104658499,560.7136104658499,,,2460000.0
2003-12-23,560.7136104658499,560.7136104658499,560.7136104658499,560.7136104658499,,,2460000.0
2003-12-24,560.7136104658499,560.7136104658499,560.7136104658499,560.7136104658499,,,2460000.0
2003-12-29,560.7136104658499,560.7136104658499,560.7136104658499,560.7136104658499,,,2460000.0
2003-12-30,560.7136104658499,560.7136104658499,560.7136104658499,560.7136104658499,,,2460000.0
2003-12-31,560.7136104658499,560.7136104658499,560.7136104658499,560.7136104658499,,,2460000.0
2004-01-02,560.7136104658499,560.7136104658499,560.7136104658499,560.7136104658499,,,2460000.0
2004-01-05,560.7136104658499,560.7136104658499,560.7136104658499,560.7136104658499,,,2460000.0
2004-01-06,560.7136104658499,560.7136104658499,560.7136104658499,560.7136104658499,,,2460000.0
2004-01-07,560.7136104658499,560.7136104658499,560.7136104658499,560.7136104658499,,,2460000.0
2004-01-08,560.7136104658499,560.7136104658499,560.7136104658499,560.7136104658499,,,2460000.0
2004-01-09,560.7136104658499,560.7136104658499,560.7136104658499,560.7136104658499,,,2460000.0
2004-01-12,560.7136104658499,560.7136104658499,560.7136104658499,560.7136104658499,,,2460000.0
2004-01-13,560.7136104658499,560.7136104658499,560.7136104658499,560.7136104658499,,,2460000.0
2004-01-14,560.7136104658499,560.7136104658499,560.7136104658499,560.7136104658499,,30000.0,2460000.0
2004-01-15,560.7136104658499,560.7136104658499,560.7136104658499,560.7136104658499,,,2460000.0
2004-01-16,560.7136104658499,560.7136104658499,560.7136104658499,560.7136104658499,,,2460000.0
2004-01-19,560.7136104658499,560.7136104658499,560.7136104658499,560.7136104658499,,,2460000.0
2004-01-20,560.7136104658499,560.7136104658499,560.7136104658499,560.7136104658499,,400.0,2460000.0
2004-01-21,560.7136104658499,560.7136104658499,560.7136104658499,560.7136104658499,,1300.0,2460000.0
2004-01-22,560.7136104658499,560.7136104658499,560.7136104658499,560.7136104658499,,,2460000.0
2004-01-23,560.7136104658499,560.7136104658499,560.7136104658499,560.7136104658499,,,2460000.0
2004-01-26,560.7136104658499,560.7136104658499,560.7136104658499,560.7136104658499,,1000.0,2460000.0
2004-01-27,560.7136104658499,560.7136104658499,560.7136104658499,560.7136104658499,,,2460000.0
2004-01-28,560.7136104658499,560.7136104658499,560.7136104658499,560.7136104658499,,,2460000.0
2004-01-29,560.7136104658499,560.7136104658499,560.7136104658499,560.7136104658499,,2400.0,2460000.0
2004-01-30,560.7136104658499,560.7136104658499,560.7136104658499,560.7136104658499,,,2460000.0
2004-02-02,560.7136104658499,560.7136104658499,560.7136104658499,560.7136104658499,,,2460000.0
2004-02-03,560.7136104658499,560.7136104658499,560.7136104658499,560.7136104658499,,,2460000.0
2004-02-04,560.7136104658499,560.7136104658499,560.7136104658499,560.7136104658499,,5400.0,2460000.0
2004-02-05,560.7136104658499,560.7136104658499,560.7136104658499,560.7136104658499,,,2460000.0
2004-02-06,560.7136104658499,560.7136104658499,560.7136104658499,560.7136104658499,,,2460000.0
2004-02-09,560.7136104658499,560.7136104658499,560.7136104658499,560.7136104658499,,,2460000.0
2004-02-10,560.7136104658499,560.7136104658499,560.7136104658499,560.7136104658499,,,2460000.0
2004-02-11,560.7136104658499,560.7136104658499,560.7136104658499,560.7136104658499,,,2460000.0
2004-02-12,560.7136104658499,560.7136104658499,560.7136104658499,560.7136104658499,,,2460000.0
2004-02-13,560.7136104658499,560.7136104658499,560.7136104658499,560.7136104658499,,,2460000.0
2004-02-16,560.7136104658499,560.7136104658499,560.7136104658499,560.7136104658499,,,2460000.0
2004-02-17,560.7136104658499,560.7136104658499,560.7136104658499,560.7136104658499,,,2460000.0
2004-02-18,560.7136104658499,560.7136104658499,560.7136104658499,560.7136104658499,,,2460000.0
2004-02-19,563.1514957287451,560.7136104658499,563.1514957287451,560.7136104658499,,,2460000.0
2004-02-20,563.1514957287451,563.1514957287451,563.1514957287451,563.1514957287451,,,2460000.0
2004-02-23,563.1514957287451,563.1514957287451,563.1514957287451,563.1514957287451,,,2460000.0
2004-02-24,566.076958044219,563.1514957287451,566.076958044219,563.1514957287451,,,2460000.0
2004-02-25,553.887531729744,544.135990678164,544.135990678164,553.887531729744,,2685.0,2460000.0
2004-02-26,544.135990678164,544.135990678164,544.135990678164,544.135990678164,,,2460000.0
2004-02-27,544.135990678164,544.135990678164,544.135990678164,544.135990678164,,,2460000.0
2004-03-01,544.135990678164,544.135990678164,544.135990678164,544.135990678164,,,2460000.0
2004-03-02,544.135990678164,544.135990678164,544.135990678164,544.135990678164,,,2460000.0
2004-03-03,544.135990678164,544.135990678164,544.135990678164,544.135990678164,,,2460000.0
2004-03-04,544.135990678164,544.135990678164,544.135990678164,544.135990678164,,,2460000.0
2004-03-05,544.135990678164,544.135990678164,544.135990678164,544.135990678164,,16500.0,2460000.0
2004-03-08,544.135990678164,544.135990678164,544.135990678164,544.135990678164,,,2460000.0
2004-03-09,544.135990678164,544.135990678164,544.135990678164,544.135990678164,,7000.0,2460000.0
2004-03-10,544.135990678164,544.135990678164,544.135990678164,544.135990678164,,,2460000.0
2004-03-11,544.135990678164,538.772643099795,541.6981054152691,544.135990678164,,2000.0,2460000.0
2004-03-12,541.6981054152691,541.6981054152691,541.6981054152691,541.6981054152691,,,2460000.0
2004-03-15,541.6981054152691,541.6981054152691,541.6981054152691,541.6981054152691,,,2460000.0
2004-03-16,541.6981054152691,541.6981054152691,541.6981054152691,541.6981054152691,,,2460000.0
2004-03-17,541.6981054152691,541.6981054152691,541.6981054152691,541.6981054152691,,,2460000.0
2004-03-18,541.6981054152691,541.6981054152691,541.6981054152691,541.6981054152691,,,2460000.0
2004-03-19,541.6981054152691,541.6981054152691,541.6981054152691,541.6981054152691,,,2460000.0
2004-03-22,541.6981054152691,541.6981054152691,541.6981054152691,541.6981054152691,,,2460000.0
2004-03-23,541.6981054152691,541.6981054152691,541.6981054152691,541.6981054152691,,1000.0,2460000.0
2004-03-24,541.6981054152691,541.6981054152691,541.6981054152691,541.6981054152691,,,2460000.0
2004-03-25,541.6981054152691,541.6981054152691,541.6981054152691,541.6981054152691,,,2460000.0
2004-03-26,541.6981054152691,541.6981054152691,541.6981054152691,541.6981054152691,,,2460000.0
2004-03-29,541.6981054152691,541.6981054152691,541.6981054152691,541.6981054152691,,,2460000.0
2004-03-30,541.6981054152691,541.6981054152691,541.6981054152691,541.6981054152691,,52198.0,2460000.0
2004-03-31,541.6981054152691,538.772643099795,541.6981054152691,541.6981054152691,,1600.0,2460000.0
2004-04-01,541.6981054152691,541.6981054152691,541.6981054152691,541.6981054152691,,,2460000.0
2004-04-02,541.6981054152691,541.6981054152691,541.6981054152691,541.6981054152691,,,2460000.0
2004-04-05,541.6981054152691,538.772643099795,541.6981054152691,541.6981054152691,,1437.0,2460000.0
2004-04-06,541.6981054152691,541.6981054152691,541.6981054152691,541.6981054152691,,,2460000.0
2004-04-07,541.6981054152691,541.6981054152691,541.6981054152691,541.6981054152691,,,2460000.0
2004-04-08,541.6981054152691,541.6981054152691,541.6981054152691,541.6981054152691,,500.0,2460000.0
2004-04-13,541.6981054152691,541.6981054152691,541.6981054152691,541.6981054152691,,,2460000.0
2004-04-14,541.6981054152691,541.6981054152691,541.6981054152691,541.6981054152691,,,2460000.0
2004-04-15,541.6981054152691,538.772643099795,541.6981054152691,541.6981054152691,,3500.0,2460000.0
2004-04-16,541.6981054152691,538.772643099795,541.6981054152691,541.6981054152691,,1248.0,2460000.0
2004-04-19,541.6981054152691,538.772643099795,541.6981054152691,541.6981054152691,,831.0,2460000.0
2004-04-20,541.6981054152691,541.6981054152691,541.6981054152691,541.6981054152691,,3250.0,2460000.0
2004-04-21,541.6981054152691,541.6981054152691,541.6981054152691,541.6981054152691,,,2460000.0
2004-04-22,541.6981054152691,541.6981054152691,541.6981054152691,541.6981054152691,,547.0,2460000.0
2004-04-23,541.6981054152691,541.6981054152691,541.6981054152691,541.6981054152691,,,2460000.0
2004-04-26,541.6981054152691,541.6981054152691,541.6981054152691,541.6981054152691,,,2460000.0
2004-04-27,541.6981054152691,541.6981054152691,541.6981054152691,541.6981054152691,,,2460000.0
2004-04-28,541.6981054152691,541.6981054152691,541.6981054152691,541.6981054152691,,2000.0,2460000.0
2004-04-29,541.6981054152691,541.6981054152691,541.6981054152691,541.6981054152691,,,2460000.0
2004-04-30,541.6981054152691,541.6981054152691,541.6981054152691,541.6981054152691,,,2460000.0
2004-05-04,541.6981054152691,541.6981054152691,541.6981054152691,541.6981054152691,,,2460000.0
2004-05-05,541.6981054152691,538.772643099795,538.772643099795,541.6981054152691,,253.0,2460000.0
2004-05-06,541.6981054152691,538.772643099795,541.6981054152691,538.772643099795,,,2460000.0
2004-05-07,541.6981054152691,538.772643099795,541.6981054152691,541.6981054152691,,1500.0,2460000.0
2004-05-10,541.6981054152691,541.6981054152691,541.6981054152691,541.6981054152691,,990.0,2460000.0
2004-05-11,541.6981054152691,541.6981054152691,541.6981054152691,541.6981054152691,,,2460000.0
2004-05-12,541.6981054152691,541.6981054152691,541.6981054152691,541.6981054152691,,,2460000.0
2004-05-13,541.6981054152691,541.6981054152691,541.6981054152691,541.6981054152691,,,2460000.0
2004-05-14,541.6981054152691,541.6981054152691,541.6981054152691,541.6981054152691,,523.0,2460000.0
2004-05-17,541.6981054152691,519.757138049214,541.6981054152691,541.6981054152691,,,2460000.0
2004-05-18,541.6981054152691,541.6981054152691,541.6981054152691,541.6981054152691,,244.0,2460000.0
2004-05-19,541.6981054152691,541.6981054152691,541.6981054152691,541.6981054152691,,,2460000.0
2004-05-20,541.6981054152691,541.6981054152691,541.6981054152691,541.6981054152691,,,2460000.0
2004-05-21,541.6981054152691,541.6981054152691,541.6981054152691,541.6981054152691,,,2460000.0
2004-05-24,541.6981054152691,541.6981054152691,541.6981054152691,541.6981054152691,,505.0,2460000.0
2004-05-25,541.6981054152691,541.6981054152691,541.6981054152691,541.6981054152691,,,2460000.0
2004-05-26,541.6981054152691,541.6981054152691,541.6981054152691,541.6981054152691,,,2460000.0
2004-05-27,541.6981054152691,541.6981054152691,541.6981054152691,541.6981054152691,,,2460000.0
2004-05-28,541.6981054152691,541.6981054152691,541.6981054152691,541.6981054152691,,,2460000.0
2004-06-01,541.6981054152691,533.8968725740051,533.8968725740051,541.6981054152691,,472.0,2460000.0
2004-06-02,533.8968725740051,533.8968725740051,533.8968725740051,533.8968725740051,,1250.0,2460000.0
2004-06-03,533.8968725740051,533.8968725740051,533.8968725740051,533.8968725740051,,,2460000.0
2004-06-04,533.8968725740051,533.8968725740051,533.8968725740051,533.8968725740051,,,2460000.0
2004-06-07,533.8968725740051,533.8968725740051,533.8968725740051,533.8968725740051,,,2460000.0
2004-06-08,533.8968725740051,531.4589873111099,531.4589873111099,533.8968725740051,,2330.0,2460000.0
2004-06-09,531.4589873111099,531.4589873111099,531.4589873111099,531.4589873111099,,,2460000.0
2004-06-10,531.4589873111099,531.4589873111099,531.4589873111099,531.4589873111099,,830.0,2460000.0
2004-06-11,531.4589873111099,531.4589873111099,531.4589873111099,531.4589873111099,,,2460000.0
2004-06-14,533.8968725740051,531.4589873111099,531.4589873111099,533.8968725740051,,850.0,2460000.0
2004-06-15,531.4589873111099,531.4589873111099,531.4589873111099,531.4589873111099,,606.0,2460000.0
2004-06-16,531.4589873111099,531.4589873111099,531.4589873111099,531.4589873111099,,3378.0,2460000.0
2004-06-17,531.4589873111099,531.4589873111099,531.4589873111099,531.4589873111099,,2895.0,2460000.0
2004-06-18,533.8968725740051,531.4589873111099,533.8968725740051,531.4589873111099,,2390.0,2460000.0
2004-06-21,533.8968725740051,533.8968725740051,533.8968725740051,533.8968725740051,,,2460000.0
2004-06-22,533.8968725740051,533.8968725740051,533.8968725740051,533.8968725740051,,700.0,2460000.0
2004-06-23,533.8968725740051,533.8968725740051,533.8968725740051,533.8968725740051,,,2460000.0
2004-06-24,533.8968725740051,533.8968725740051,533.8968725740051,533.8968725740051,,,2460000.0
2004-06-25,533.8968725740051,533.8968725740051,533.8968725740051,533.8968725740051,,6000.0,2460000.0
2004-06-28,533.8968725740051,533.8968725740051,533.8968725740051,533.8968725740051,,,2460000.0
2004-06-29,533.8968725740051,533.8968725740051,533.8968725740051,533.8968725740051,,326.0,2460000.0
2004-06-30,533.8968725740051,533.8968725740051,533.8968725740051,533.8968725740051,,,2460000.0
2004-07-01,533.8968725740051,533.8968725740051,533.8968725740051,533.8968725740051,,,2460000.0
2004-07-02,533.8968725740051,533.8968725740051,533.8968725740051,533.8968725740051,,,2460000.0
2004-07-05,533.8968725740051,533.8968725740051,533.8968725740051,533.8968725740051,,,2460000.0
2004-07-06,533.8968725740051,533.8968725740051,533.8968725740051,533.8968725740051,,843.0,2460000.0
2004-07-07,533.8968725740051,533.8968725740051,533.8968725740051,533.8968725740051,,,2460000.0
2004-07-08,533.8968725740051,533.8968725740051,533.8968725740051,533.8968725740051,,,2460000.0
2004-07-09,533.8968725740051,533.8968725740051,533.8968725740051,533.8968725740051,,,2460000.0
2004-07-12,533.8968725740051,533.8968725740051,533.8968725740051,533.8968725740051,,,2460000.0
2004-07-13,533.8968725740051,533.8968725740051,533.8968725740051,533.8968725740051,,,2460000.0
2004-07-14,533.8968725740051,533.8968725740051,533.8968725740051,533.8968725740051,,,2460000.0
2004-07-15,533.8968725740051,533.8968725740051,533.8968725740051,533.8968725740051,,750.0,2460000.0
2004-07-16,533.8968725740051,533.8968725740051,533.8968725740051,533.8968725740051,,860.0,2460000.0
2004-07-19,533.8968725740051,533.8968725740051,533.8968725740051,533.8968725740051,,4000.0,2460000.0
2004-07-20,533.8968725740051,533.8968725740051,533.8968725740051,533.8968725740051,,1250.0,2460000.0
2004-07-21,533.8968725740051,533.8968725740051,533.8968725740051,533.8968725740051,,7298.0,2460000.0
2004-07-22,533.8968725740051,533.8968725740051,533.8968725740051,533.8968725740051,,,2460000.0
2004-07-23,533.8968725740051,533.8968725740051,533.8968725740051,533.8968725740051,,50000.0,2460000.0
2004-07-26,533.8968725740051,533.8968725740051,533.8968725740051,533.8968725740051,,,2460000.0
2004-07-27,533.8968725740051,533.8968725740051,533.8968725740051,533.8968725740051,,124.0,2460000.0
2004-07-28,533.8968725740051,533.8968725740051,533.8968725740051,533.8968725740051,,,2460000.0
2004-07-29,533.8968725740051,533.8968725740051,533.8968725740051,533.8968725740051,,169.0,2460000.0
2004-07-30,533.8968725740051,533.8968725740051,533.8968725740051,533.8968725740051,,,2460000.0
2004-08-02,533.8968725740051,533.8968725740051,533.8968725740051,533.8968725740051,,1206.0,2460000.0
2004-08-03,533.8968725740051,533.8968725740051,533.8968725740051,533.8968725740051,,530.0,2460000.0
2004-08-04,533.8968725740051,533.8968725740051,533.8968725740051,533.8968725740051,,830.0,2460000.0
2004-08-05,533.8968725740051,533.8968725740051,533.8968725740051,533.8968725740051,,3475.0,2460000.0
2004-08-06,533.8968725740051,533.8968725740051,533.8968725740051,533.8968725740051,,,2460000.0
2004-08-09,533.8968725740051,533.8968725740051,533.8968725740051,533.8968725740051,,,2460000.0
2004-08-10,533.8968725740051,533.8968725740051,533.8968725740051,533.8968725740051,,,2460000.0
2004-08-11,533.8968725740051,533.8968725740051,533.8968725740051,533.8968725740051,,,2460000.0
2004-08-12,533.8968725740051,533.8968725740051,533.8968725740051,533.8968725740051,,,2460000.0
2004-08-13,533.8968725740051,533.8968725740051,533.8968725740051,533.8968725740051,,,2460000.0
2004-08-16,533.8968725740051,533.8968725740051,533.8968725740051,533.8968725740051,,2000.0,2460000.0
2004-08-17,533.8968725740051,533.8968725740051,533.8968725740051,533.8968725740051,,,2460000.0
2004-08-18,533.8968725740051,533.8968725740051,533.8968725740051,533.8968725740051,,,2460000.0
2004-08-19,533.8968725740051,533.8968725740051,533.8968725740051,533.8968725740051,,,2460000.0
2004-08-20,533.8968725740051,533.8968725740051,533.8968725740051,533.8968725740051,,,2460000.0
2004-08-23,533.8968725740051,533.8968725740051,533.8968725740051,533.8968725740051,,1700.0,2460000.0
2004-08-24,533.8968725740051,533.8968725740051,533.8968725740051,533.8968725740051,,13586.0,2460000.0
2004-08-25,531.4589873111099,531.4589873111099,531.4589873111099,531.4589873111099,,2350.0,2460000.0
2004-08-26,531.4589873111099,531.4589873111099,531.4589873111099,531.4589873111099,,,2460000.0
2004-08-27,531.4589873111099,531.4589873111099,531.4589873111099,531.4589873111099,,169.0,2460000.0
2004-08-31,531.4589873111099,531.4589873111099,531.4589873111099,531.4589873111099,,3504.0,2460000.0
2004-09-01,531.4589873111099,531.4589873111099,531.4589873111099,531.4589873111099,,,2460000.0
2004-09-02,531.4589873111099,531.4589873111099,531.4589873111099,531.4589873111099,,,2460000.0
2004-09-03,531.4589873111099,531.4589873111099,531.4589873111099,531.4589873111099,,,2460000.0
2004-09-06,531.4589873111099,531.4589873111099,531.4589873111099,531.4589873111099,,11000.0,2460000.0
2004-09-07,531.4589873111099,531.4589873111099,531.4589873111099,531.4589873111099,,1000.0,2460000.0
2004-09-08,531.4589873111099,531.4589873111099,531.4589873111099,531.4589873111099,,1600.0,2460000.0
2004-09-09,531.4589873111099,531.4589873111099,531.4589873111099,531.4589873111099,,300.0,2460000.0
2004-09-10,533.8968725740051,531.4589873111099,533.8968725740051,531.4589873111099,,80000.0,2460000.0
2004-09-13,533.8968725740051,533.8968725740051,533.8968725740051,533.8968725740051,,3000.0,2460000.0
2004-09-14,533.8968725740051,533.8968725740051,533.8968725740051,533.8968725740051,,13226.0,2460000.0
2004-09-15,536.3347578369,533.8968725740051,536.3347578369,533.8968725740051,,2000.0,2460000.0
2004-09-16,538.772643099795,536.3347578369,538.772643099795,536.3347578369,,,2460000.0
2004-09-17,541.2105283626901,538.772643099795,541.2105283626901,538.772643099795,,,2460000.0
2004-09-20,548.524184151375,541.2105283626901,548.524184151375,541.2105283626901,,101000.0,2460000.0
2004-09-21,550.96206941427,548.524184151375,550.96206941427,548.524184151375,,2365.0,2460000.0
2004-09-22,555.83783994006,550.96206941427,555.83783994006,550.96206941427,,59600.0,2460000.0
2004-09-23,560.7136104658499,555.83783994006,560.7136104658499,555.83783994006,,25000.0,2460000.0
2004-09-24,560.7136104658499,560.7136104658499,560.7136104658499,560.7136104658499,,,2460000.0
2004-09-27,560.7136104658499,560.7136104658499,560.7136104658499,560.7136104658499,,4350.0,2460000.0
2004-09-28,560.7136104658499,560.7136104658499,560.7136104658499,560.7136104658499,,163.0,2460000.0
2004-09-29,560.7136104658499,560.7136104658499,560.7136104658499,560.7136104658499,,,2460000.0
2004-09-30,560.7136104658499,560.7136104658499,560.7136104658499,560.7136104658499,,,2460000.0
2004-10-01,560.7136104658499,560.7136104658499,560.7136104658499,560.7136104658499,,,2460000.0
2004-10-04,560.7136104658499,560.7136104658499,560.7136104658499,560.7136104658499,,600.0,2460000.0
2004-10-05,563.1514957287451,560.7136104658499,563.1514957287451,560.7136104658499,,3510.0,2460000.0
2004-10-06,565.58938099164,558.275725202955,565.58938099164,558.275725202955,,,2460000.0
2004-10-07,585.0924630948,565.58938099164,585.0924630948,565.58938099164,,8105.0,2460000.0
2004-10-08,599.71977467217,585.0924630948,599.71977467217,585.0924630948,,6.0,2460000.0
2004-10-11,599.71977467217,599.71977467217,599.71977467217,599.71977467217,,1572.0,2460000.0
2004-10-12,599.71977467217,599.71977467217,,599.71977467217,,30.0,2460000.0
2004-10-13,604.5955451979601,599.71977467217,604.5955451979601,599.71977467217,,,2460000.0
2004-10-14,604.5955451979601,604.5955451979601,604.5955451979601,604.5955451979601,,,2460000.0
2004-10-15,604.5955451979601,604.5955451979601,604.5955451979601,604.5955451979601,,,2460000.0
2004-10-18,604.5955451979601,604.5955451979601,604.5955451979601,604.5955451979601,,1000.0,2460000.0
2004-10-19,614.34708624954,604.5955451979601,614.34708624954,604.5955451979601,,31200.0,2460000.0
2004-10-20,616.7849715124349,614.34708624954,616.7849715124349,614.34708624954,,,2460000.0
2004-10-21,616.7849715124349,616.7849715124349,616.7849715124349,616.7849715124349,,,2460000.0
2004-10-22,616.7849715124349,616.7849715124349,616.7849715124349,616.7849715124349,,1754.0,2460000.0
2004-10-25,619.22285677533,616.7849715124349,619.22285677533,616.7849715124349,,100.0,2460000.0
2004-10-26,619.22285677533,619.22285677533,619.22285677533,619.22285677533,,328.0,2460000.0
2004-10-27,619.22285677533,619.22285677533,619.22285677533,619.22285677533,,,2460000.0
2004-10-28,624.09862730112,619.22285677533,624.09862730112,619.22285677533,,,2460000.0
2004-10-29,624.09862730112,624.09862730112,624.09862730112,624.09862730112,,1985.0,2460000.0
2004-11-01,628.97439782691,624.09862730112,624.09862730112,628.97439782691,,1042.0,2460000.0
2004-11-02,631.412283089805,624.09862730112,631.412283089805,624.09862730112,,2000.0,2460000.0
2004-11-03,631.412283089805,631.412283089805,631.412283089805,631.412283089805,,,2460000.0
2004-11-04,631.412283089805,631.412283089805,631.412283089805,631.412283089805,,,2460000.0
2004-11-05,641.163824141385,633.8501683527,641.163824141385,633.8501683527,,142.0,2460000.0
2004-11-08,641.163824141385,641.163824141385,641.163824141385,641.163824141385,,,2460000.0
2004-11-09,641.163824141385,641.163824141385,641.163824141385,641.163824141385,,1285.0,2460000.0
2004-11-10,641.163824141385,641.163824141385,641.163824141385,641.163824141385,,750.0,2460000.0
2004-11-11,646.0395946671749,641.163824141385,646.0395946671749,641.163824141385,,,2460000.0
2004-11-12,648.4774799300701,646.0395946671749,648.4774799300701,646.0395946671749,,700.0,2460000.0
2004-11-15,653.35325045586,648.4774799300701,653.35325045586,648.4774799300701,,1000.0,2460000.0
2004-11-16,660.666906244545,653.35325045586,660.666906244545,653.35325045586,,768.0,2460000.0
2004-11-17,660.666906244545,660.666906244545,660.666906244545,660.666906244545,,,2460000.0
2004-11-18,660.666906244545,660.666906244545,660.666906244545,660.666906244545,,500.0,2460000.0
2004-11-19,660.666906244545,660.666906244545,660.666906244545,660.666906244545,,,2460000.0
2004-11-22,663.10479150744,660.666906244545,663.10479150744,660.666906244545,,,2460000.0
2004-11-23,663.10479150744,663.10479150744,663.10479150744,663.10479150744,,3067.0,2460000.0
2004-11-24,665.542676770335,663.10479150744,665.542676770335,663.10479150744,,400.0,2460000.0
2004-11-25,665.542676770335,665.542676770335,665.542676770335,665.542676770335,,,2460000.0
2004-11-26,665.542676770335,665.542676770335,665.542676770335,665.542676770335,,,2460000.0
2004-11-29,665.542676770335,665.542676770335,665.542676770335,665.542676770335,,,2460000.0
2004-11-30,665.542676770335,665.542676770335,665.542676770335,665.542676770335,,53.0,2460000.0
2004-12-01,665.542676770335,665.542676770335,665.542676770335,665.542676770335,,136.0,2460000.0
2004-12-02,670.418447296125,667.98056203323,670.418447296125,667.98056203323,,25000.0,2460000.0
2004-12-03,670.418447296125,670.418447296125,670.418447296125,670.418447296125,,1195.0,2460000.0
2004-12-06,670.418447296125,670.418447296125,670.418447296125,670.418447296125,,,2460000.0
2004-12-07,670.418447296125,670.418447296125,670.418447296125,670.418447296125,,10000.0,2460000.0
2004-12-08,675.2942178219149,670.418447296125,675.2942178219149,670.418447296125,,,2460000.0
2004-12-09,675.2942178219149,675.2942178219149,675.2942178219149,675.2942178219149,,960.0,2460000.0
2004-12-10,675.2942178219149,675.2942178219149,675.2942178219149,675.2942178219149,,2855.0,2460000.0
2004-12-13,675.2942178219149,675.2942178219149,675.2942178219149,675.2942178219149,,,2460000.0
2004-12-14,680.169988347705,675.2942178219149,680.169988347705,675.2942178219149,,18986.0,2460000.0
2004-12-15,680.169988347705,680.169988347705,680.169988347705,680.169988347705,,,2460000.0
2004-12-16,680.169988347705,680.169988347705,680.169988347705,680.169988347705,,,2460000.0
2004-12-17,680.169988347705,680.169988347705,680.169988347705,680.169988347705,,270.0,2460000.0
2004-12-20,680.169988347705,680.169988347705,680.169988347705,680.169988347705,,304.0,2460000.0
2004-12-21,680.169988347705,680.169988347705,680.169988347705,680.169988347705,,200.0,2460000.0
2004-12-22,680.169988347705,680.169988347705,680.169988347705,680.169988347705,,718.0,2460000.0
2004-12-23,680.169988347705,680.169988347705,680.169988347705,680.169988347705,,1088.0,2460000.0
2004-12-24,680.169988347705,680.169988347705,680.169988347705,680.169988347705,,,2460000.0
2004-12-29,680.169988347705,680.169988347705,680.169988347705,680.169988347705,,,2460000.0
2004-12-30,680.169988347705,680.169988347705,680.169988347705,680.169988347705,,503.0,2460000.0
2004-12-31,685.0457588734951,680.169988347705,680.169988347705,685.0457588734951,,,2460000.0
2005-01-04,680.169988347705,680.169988347705,680.169988347705,680.169988347705,,1485.0,2460000.0
2005-01-05,680.169988347705,680.169988347705,680.169988347705,680.169988347705,,,2460000.0
2005-01-06,682.6078736106,680.169988347705,682.6078736106,680.169988347705,,,2460000.0
2005-01-07,682.6078736106,682.6078736106,682.6078736106,682.6078736106,,,2460000.0
2005-01-10,682.6078736106,682.6078736106,682.6078736106,682.6078736106,,5570.0,2460000.0
2005-01-11,689.921529399285,682.6078736106,689.921529399285,682.6078736106,,39.0,2460000.0
2005-01-12,692.35941466218,689.921529399285,692.35941466218,689.921529399285,,150.0,2460000.0
2005-01-13,692.35941466218,692.35941466218,692.35941466218,692.35941466218,,1900.0,2460000.0
2005-01-14,692.35941466218,692.35941466218,692.35941466218,692.35941466218,,,2460000.0
2005-01-17,692.35941466218,692.35941466218,692.35941466218,692.35941466218,,,2460000.0
2005-01-18,692.35941466218,692.35941466218,692.35941466218,692.35941466218,,198.0,2460000.0
2005-01-19,694.797299925075,692.35941466218,694.797299925075,692.35941466218,,290.0,2460000.0
2005-01-20,694.797299925075,694.797299925075,694.797299925075,694.797299925075,,15694.0,2460000.0
2005-01-21,694.797299925075,694.797299925075,694.797299925075,694.797299925075,,,2460000.0
2005-01-24,694.797299925075,694.797299925075,694.797299925075,694.797299925075,,,2460000.0
2005-01-25,694.797299925075,694.797299925075,694.797299925075,694.797299925075,,136.0,2460000.0
2005-01-26,694.797299925075,694.797299925075,694.797299925075,694.797299925075,,,2460000.0
2005-01-27,694.797299925075,694.797299925075,694.797299925075,694.797299925075,,,2460000.0
2005-01-28,694.797299925075,694.797299925075,694.797299925075,694.797299925075,,3350.0,2460000.0
2005-01-31,694.797299925075,694.797299925075,694.797299925075,694.797299925075,,3000.0,2460000.0
2005-02-01,694.797299925075,694.797299925075,694.797299925075,694.797299925075,,522.0,2460000.0
2005-02-02,697.2351851879699,694.797299925075,697.2351851879699,694.797299925075,,7998.0,2460000.0
2005-02-03,697.2351851879699,697.2351851879699,697.2351851879699,697.2351851879699,,,2460000.0
2005-02-04,699.673070450865,697.2351851879699,699.673070450865,697.2351851879699,,615.0,2460000.0
2005-02-07,699.673070450865,699.673070450865,699.673070450865,699.673070450865,,,2460000.0
2005-02-08,699.673070450865,697.2351851879699,699.673070450865,699.673070450865,,60.0,2460000.0
2005-02-09,699.673070450865,699.673070450865,699.673070450865,699.673070450865,,,2460000.0
2005-02-10,699.673070450865,699.673070450865,699.673070450865,699.673070450865,,2000.0,2460000.0
2005-02-11,711.8624967653401,702.11095571376,711.8624967653401,702.11095571376,,3300.0,2460000.0
2005-02-14,711.8624967653401,711.8624967653401,711.8624967653401,711.8624967653401,,1452.0,2460000.0
2005-02-15,721.61403781692,711.8624967653401,721.61403781692,711.8624967653401,,4614.0,2460000.0
2005-02-16,721.61403781692,721.61403781692,721.61403781692,721.61403781692,,,2460000.0
2005-02-17,724.051923079815,721.61403781692,724.051923079815,721.61403781692,,290.0,2460000.0
2005-02-18,733.803464131395,724.051923079815,733.803464131395,724.051923079815,,,2460000.0
2005-02-21,733.803464131395,733.803464131395,733.803464131395,733.803464131395,,2765.0,2460000.0
2005-02-22,736.2413493942901,733.803464131395,736.2413493942901,733.803464131395,,11325.0,2460000.0
2005-02-23,736.2413493942901,736.2413493942901,736.2413493942901,736.2413493942901,,,2460000.0
2005-02-24,736.2413493942901,736.2413493942901,736.2413493942901,736.2413493942901,,3465.0,2460000.0
2005-02-25,736.2413493942901,736.2413493942901,736.2413493942901,736.2413493942901,,,2460000.0
2005-02-28,736.2413493942901,736.2413493942901,736.2413493942901,736.2413493942901,,1318.0,2460000.0
2005-03-01,736.2413493942901,736.2413493942901,736.2413493942901,736.2413493942901,,450.0,2460000.0
2005-03-02,736.2413493942901,736.2413493942901,736.2413493942901,736.2413493942901,,800.0,2460000.0
2005-03-03,738.679234657185,736.2413493942901,738.679234657185,736.2413493942901,,,2460000.0
2005-03-04,738.679234657185,738.679234657185,738.679234657185,738.679234657185,,,2460000.0
2005-03-07,741.1171199200801,738.679234657185,741.1171199200801,738.679234657185,,,2460000.0
2005-03-08,741.1171199200801,741.1171199200801,741.1171199200801,741.1171199200801,,1260.0,2460000.0
2005-03-09,741.1171199200801,741.1171199200801,741.1171199200801,741.1171199200801,,,2460000.0
2005-03-10,741.1171199200801,741.1171199200801,741.1171199200801,741.1171199200801,,2000.0,2460000.0
2005-03-11,741.1171199200801,741.1171199200801,741.1171199200801,741.1171199200801,,,2460000.0
2005-03-14,741.1171199200801,741.1171199200801,741.1171199200801,741.1171199200801,,318.0,2460000.0
2005-03-15,741.1171199200801,741.1171199200801,741.1171199200801,741.1171199200801,,1500.0,2460000.0
2005-03-16,743.555005182975,741.1171199200801,743.555005182975,741.1171199200801,,1570.0,2460000.0
2005-03-17,743.555005182975,743.555005182975,743.555005182975,743.555005182975,,1077.0,2460000.0
2005-03-18,743.555005182975,743.555005182975,743.555005182975,743.555005182975,,,2460000.0
2005-03-21,743.555005182975,743.555005182975,743.555005182975,743.555005182975,,240.0,2460000.0
2005-03-22,743.555005182975,743.555005182975,743.555005182975,743.555005182975,,1612.0,2460000.0
2005-03-23,743.555005182975,743.555005182975,743.555005182975,743.555005182975,,7950.0,2460000.0
2005-03-24,743.555005182975,736.2413493942901,736.2413493942901,743.555005182975,,22040.0,2460000.0
2005-03-29,736.2413493942901,736.2413493942901,736.2413493942901,736.2413493942901,,1254.0,2460000.0
2005-03-30,736.2413493942901,736.2413493942901,736.2413493942901,736.2413493942901,,1300.0,2460000.0
2005-03-31,736.2413493942901,736.2413493942901,736.2413493942901,736.2413493942901,,11891.0,2460000.0
2005-04-01,736.2413493942901,736.2413493942901,736.2413493942901,736.2413493942901,,1500.0,2460000.0
2005-04-04,736.2413493942901,736.2413493942901,736.2413493942901,736.2413493942901,,9.0,2460000.0
2005-04-05,736.2413493942901,726.48980834271,726.48980834271,736.2413493942901,,213.0,2460000.0
2005-04-06,726.48980834271,726.48980834271,726.48980834271,726.48980834271,,900.0,2460000.0
2005-04-07,726.48980834271,726.48980834271,726.48980834271,726.48980834271,,31176.0,2460000.0
2005-04-08,726.48980834271,726.48980834271,726.48980834271,726.48980834271,,2515.0,2460000.0
2005-04-11,726.48980834271,726.48980834271,726.48980834271,726.48980834271,,500.0,2460000.0
2005-04-12,726.48980834271,726.48980834271,726.48980834271,726.48980834271,,2306.0,2460000.0
2005-04-13,726.48980834271,726.48980834271,726.48980834271,726.48980834271,,1500.0,2460000.0
2005-04-14,726.48980834271,726.48980834271,726.48980834271,726.48980834271,,750.0,2460000.0
2005-04-15,726.48980834271,726.48980834271,726.48980834271,726.48980834271,,1900.0,2460000.0
2005-04-18,719.1761525540251,719.1761525540251,719.1761525540251,719.1761525540251,,500.0,2460000.0
2005-04-19,719.1761525540251,719.1761525540251,719.1761525540251,719.1761525540251,,132.0,2460000.0
2005-04-20,719.1761525540251,719.1761525540251,719.1761525540251,719.1761525540251,,,2460000.0
2005-04-21,716.73826729113,716.73826729113,716.73826729113,716.73826729113,,1494.0,2460000.0
2005-04-22,716.73826729113,716.73826729113,716.73826729113,716.73826729113,,1065.0,2460000.0
2005-04-25,716.73826729113,716.73826729113,716.73826729113,716.73826729113,,,2460000.0
2005-04-26,716.73826729113,716.73826729113,716.73826729113,716.73826729113,,500.0,2460000.0
2005-04-27,716.73826729113,716.73826729113,716.73826729113,716.73826729113,,,2460000.0
2005-04-28,716.73826729113,716.73826729113,716.73826729113,716.73826729113,,800.0,2460000.0
2005-04-29,716.73826729113,716.73826729113,716.73826729113,716.73826729113,,240.0,2460000.0
2005-05-03,716.73826729113,716.73826729113,716.73826729113,716.73826729113,,,2460000.0
2005-05-04,716.73826729113,716.73826729113,716.73826729113,716.73826729113,,659.0,2460000.0
2005-05-05,716.73826729113,716.73826729113,716.73826729113,716.73826729113,,3470.0,2460000.0
2005-05-06,716.73826729113,716.73826729113,716.73826729113,716.73826729113,,404.0,2460000.0
2005-05-09,716.73826729113,716.73826729113,716.73826729113,716.73826729113,,500.0,2460000.0
2005-05-10,716.73826729113,716.73826729113,716.73826729113,716.73826729113,,42.0,2460000.0
2005-05-11,716.73826729113,714.300382028235,714.300382028235,716.73826729113,,1331.0,2460000.0
2005-05-12,714.300382028235,714.300382028235,714.300382028235,714.300382028235,,5450.0,2460000.0
2005-05-13,714.300382028235,714.300382028235,714.300382028235,714.300382028235,,500.0,2460000.0
2005-05-16,714.300382028235,714.300382028235,714.300382028235,714.300382028235,,,2460000.0
2005-05-17,714.300382028235,714.300382028235,714.300382028235,714.300382028235,,19655.0,2460000.0
2005-05-18,714.300382028235,714.300382028235,714.300382028235,714.300382028235,,,2460000.0
2005-05-19,716.73826729113,714.300382028235,716.73826729113,714.300382028235,,2648.0,2460000.0
2005-05-20,716.73826729113,716.73826729113,716.73826729113,716.73826729113,,1593.0,2460000.0
2005-05-23,716.73826729113,716.73826729113,716.73826729113,716.73826729113,,2769.0,2460000.0
2005-05-24,716.73826729113,716.73826729113,716.73826729113,716.73826729113,,1609.0,2460000.0
2005-05-25,716.73826729113,716.73826729113,716.73826729113,716.73826729113,,,2460000.0
2005-05-26,716.73826729113,716.73826729113,716.73826729113,716.73826729113,,,2460000.0
2005-05-27,721.61403781692,716.73826729113,721.61403781692,716.73826729113,,,2460000.0
2005-05-31,721.61403781692,721.61403781692,721.61403781692,721.61403781692,,,2460000.0
2005-06-01,721.61403781692,721.61403781692,721.61403781692,721.61403781692,,364.0,2460000.0
2005-06-02,721.61403781692,721.61403781692,721.61403781692,721.61403781692,,,2460000.0
2005-06-03,721.61403781692,721.61403781692,721.61403781692,721.61403781692,,,2460000.0
2005-06-06,721.61403781692,721.61403781692,721.61403781692,721.61403781692,,669.0,2460000.0
2005-06-07,721.61403781692,721.61403781692,721.61403781692,721.61403781692,,640.0,2460000.0
2005-06-08,721.61403781692,721.61403781692,721.61403781692,721.61403781692,,6600.0,2460000.0
2005-06-09,728.927693605605,721.61403781692,728.927693605605,721.61403781692,,3380.0,2460000.0
2005-06-10,728.927693605605,728.927693605605,728.927693605605,728.927693605605,,1998.0,2460000.0
2005-06-13,728.927693605605,728.927693605605,728.927693605605,728.927693605605,,254.0,2460000.0
2005-06-14,731.3655788684999,728.927693605605,728.927693605605,728.927693605605,,264.0,2460000.0
2005-06-15,728.927693605605,728.927693605605,728.927693605605,728.927693605605,,670.0,2460000.0
2005-06-16,728.927693605605,728.927693605605,728.927693605605,728.927693605605,,,2460000.0
2005-06-17,728.927693605605,728.927693605605,728.927693605605,728.927693605605,,,2460000.0
2005-06-20,728.927693605605,728.927693605605,728.927693605605,728.927693605605,,,2460000.0
2005-06-21,738.679234657185,728.927693605605,738.679234657185,728.927693605605,,6685.0,2460000.0
2005-06-22,738.679234657185,738.679234657185,738.679234657185,738.679234657185,,1700.0,2460000.0
2005-06-23,738.679234657185,738.679234657185,738.679234657185,738.679234657185,,4891.0,2460000.0
2005-06-24,743.555005182975,738.679234657185,743.555005182975,738.679234657185,,579.0,2460000.0
2005-06-27,743.555005182975,743.555005182975,743.555005182975,743.555005182975,,,2460000.0
2005-06-28,743.555005182975,743.555005182975,743.555005182975,743.555005182975,,895.0,2460000.0
2005-06-29,743.555005182975,743.555005182975,743.555005182975,743.555005182975,,,2460000.0
2005-06-30,748.430775708765,743.555005182975,748.430775708765,743.555005182975,,2840.0,2460000.0
2005-07-01,748.430775708765,748.430775708765,748.430775708765,748.430775708765,,573.0,2460000.0
2005-07-04,748.430775708765,748.430775708765,748.430775708765,748.430775708765,,242.0,2460000.0
2005-07-05,748.430775708765,748.430775708765,748.430775708765,748.430775708765,,1999.0,2460000.0
2005-07-06,753.306546234555,750.86866097166,753.306546234555,750.86866097166,,2204.0,2460000.0
2005-07-07,753.306546234555,750.86866097166,750.86866097166,753.306546234555,,,2460000.0
2005-07-08,753.306546234555,753.306546234555,753.306546234555,753.306546234555,,,2460000.0
2005-07-11,753.306546234555,753.306546234555,753.306546234555,753.306546234555,,,2460000.0
2005-07-12,753.306546234555,753.306546234555,753.306546234555,753.306546234555,,504.0,2460000.0
2005-07-13,755.74443149745,753.306546234555,755.74443149745,753.306546234555,,1250.0,2460000.0
2005-07-14,755.74443149745,755.74443149745,755.74443149745,755.74443149745,,,2460000.0
2005-07-15,755.74443149745,755.74443149745,755.74443149745,755.74443149745,,560.0,2460000.0
2005-07-18,755.74443149745,755.74443149745,755.74443149745,755.74443149745,,180.0,2460000.0
2005-07-19,755.74443149745,755.74443149745,755.74443149745,755.74443149745,,1548.0,2460000.0
2005-07-20,758.182316760345,755.74443149745,758.182316760345,755.74443149745,,442.0,2460000.0
2005-07-21,758.182316760345,758.182316760345,758.182316760345,758.182316760345,,346.0,2460000.0
2005-07-22,758.182316760345,758.182316760345,758.182316760345,758.182316760345,,1000.0,2460000.0
2005-07-25,758.182316760345,758.182316760345,758.182316760345,758.182316760345,,360.0,2460000.0
2005-07-26,758.182316760345,758.182316760345,758.182316760345,758.182316760345,,1051.0,2460000.0
2005-07-27,765.4959725490301,758.182316760345,765.4959725490301,758.182316760345,,1374.0,2460000.0
2005-07-28,765.4959725490301,765.4959725490301,765.4959725490301,765.4959725490301,,,2460000.0
2005-07-29,767.933857811925,765.4959725490301,767.933857811925,765.4959725490301,,2090.0,2460000.0
2005-08-01,770.3717430748201,767.933857811925,770.3717430748201,767.933857811925,,901.0,2460000.0
2005-08-02,772.809628337715,770.3717430748201,772.809628337715,770.3717430748201,,1240.0,2460000.0
2005-08-03,772.809628337715,772.809628337715,772.809628337715,772.809628337715,,,2460000.0
2005-08-04,772.809628337715,772.809628337715,772.809628337715,772.809628337715,,1790.0,2460000.0
2005-08-05,772.809628337715,772.809628337715,772.809628337715,772.809628337715,,,2460000.0
2005-08-08,777.685398863505,772.809628337715,777.685398863505,772.809628337715,,2600.0,2460000.0
2005-08-09,777.685398863505,777.685398863505,777.685398863505,777.685398863505,,2513.0,2460000.0
2005-08-10,777.685398863505,777.685398863505,777.685398863505,777.685398863505,,,2460000.0
2005-08-11,784.99905465219,777.685398863505,784.99905465219,777.685398863505,,,2460000.0
2005-08-12,794.75059570377,784.99905465219,794.75059570377,784.99905465219,,2574.0,2460000.0
2005-08-15,794.75059570377,794.75059570377,794.75059570377,794.75059570377,,,2460000.0
2005-08-16,794.75059570377,794.75059570377,794.75059570377,794.75059570377,,3365.0,2460000.0
2005-08-17,794.75059570377,794.75059570377,794.75059570377,794.75059570377,,3627.0,2460000.0
2005-08-18,794.75059570377,793.2878645460331,793.2878645460331,794.75059570377,,500.0,2460000.0
2005-08-19,793.2878645460331,790.8499792831379,790.8499792831379,793.2878645460331,,1250.0,2460000.0
2005-08-22,790.8499792831379,790.8499792831379,790.8499792831379,790.8499792831379,,1900.0,2460000.0
2005-08-23,790.8499792831379,789.8748251779799,789.8748251779799,790.8499792831379,,332.0,2460000.0
2005-08-24,777.685398863505,772.809628337715,772.809628337715,777.685398863505,,250.0,2460000.0
2005-08-25,772.809628337715,772.809628337715,772.809628337715,772.809628337715,,750.0,2460000.0
2005-08-26,772.809628337715,772.809628337715,772.809628337715,772.809628337715,,,2460000.0
2005-08-30,772.809628337715,772.809628337715,772.809628337715,772.809628337715,,92.0,2460000.0
2005-08-31,772.809628337715,772.809628337715,772.809628337715,772.809628337715,,1700.0,2460000.0
2005-09-01,772.809628337715,772.809628337715,772.809628337715,772.809628337715,,120.0,2460000.0
2005-09-02,772.809628337715,772.809628337715,772.809628337715,772.809628337715,,1680.0,2460000.0
2005-09-05,772.809628337715,772.809628337715,772.809628337715,772.809628337715,,,2460000.0
2005-09-06,772.809628337715,772.809628337715,772.809628337715,772.809628337715,,,2460000.0
2005-09-07,772.809628337715,772.809628337715,772.809628337715,772.809628337715,,,2460000.0
2005-09-08,772.809628337715,772.809628337715,772.809628337715,772.809628337715,,,2460000.0
2005-09-09,775.24751360061,772.809628337715,775.24751360061,772.809628337715,,,2460000.0
2005-09-12,775.24751360061,775.24751360061,775.24751360061,775.24751360061,,300.0,2460000.0
2005-09-13,775.24751360061,775.24751360061,775.24751360061,775.24751360061,,,2460000.0
2005-09-14,775.24751360061,775.24751360061,775.24751360061,775.24751360061,,,2460000.0
2005-09-15,775.24751360061,775.24751360061,775.24751360061,775.24751360061,,259.0,2460000.0
2005-09-16,775.24751360061,775.24751360061,775.24751360061,775.24751360061,,,2460000.0
2005-09-19,775.24751360061,775.24751360061,775.24751360061,775.24751360061,,140.0,2460000.0
2005-09-20,775.24751360061,775.24751360061,775.24751360061,775.24751360061,,1250.0,2460000.0
2005-09-21,775.24751360061,775.24751360061,775.24751360061,775.24751360061,,,2460000.0
2005-09-22,775.24751360061,775.24751360061,775.24751360061,775.24751360061,,,2460000.0
2005-09-23,775.24751360061,775.24751360061,775.24751360061,775.24751360061,,,2460000.0
2005-09-26,775.24751360061,772.809628337715,772.809628337715,775.24751360061,,1500.0,2460000.0
2005-09-27,772.809628337715,772.809628337715,772.809628337715,772.809628337715,,663.0,2460000.0
2005-09-28,772.809628337715,772.809628337715,772.809628337715,772.809628337715,,,2460000.0
2005-09-29,775.24751360061,772.809628337715,775.24751360061,772.809628337715,,,2460000.0
2005-09-30,775.24751360061,775.24751360061,775.24751360061,775.24751360061,,1230.0,2460000.0
2005-10-03,775.24751360061,775.24751360061,775.24751360061,775.24751360061,,28.0,2460000.0
2005-10-04,783.536323494453,775.24751360061,780.1232841264,775.24751360061,,554.0,2460000.0
2005-10-05,780.1232841264,780.1232841264,780.1232841264,780.1232841264,,400.0,2460000.0
2005-10-06,780.1232841264,775.24751360061,775.24751360061,780.1232841264,,24.0,2460000.0
2005-10-07,775.24751360061,775.24751360061,775.24751360061,775.24751360061,,527.0,2460000.0
2005-10-10,775.24751360061,775.24751360061,775.24751360061,775.24751360061,,,2460000.0
2005-10-11,775.24751360061,775.24751360061,775.24751360061,775.24751360061,,,2460000.0
2005-10-12,775.24751360061,775.24751360061,775.24751360061,775.24751360061,,,2460000.0
2005-10-13,775.24751360061,775.24751360061,775.24751360061,775.24751360061,,4000.0,2460000.0
2005-10-14,775.24751360061,772.809628337715,772.809628337715,775.24751360061,,600.0,2460000.0
2005-10-17,772.809628337715,772.809628337715,772.809628337715,772.809628337715,,1000.0,2460000.0
2005-10-18,772.809628337715,772.809628337715,772.809628337715,772.809628337715,,,2460000.0
2005-10-19,772.809628337715,768.909011917083,768.909011917083,772.809628337715,,10000.0,2460000.0
2005-10-20,768.909011917083,755.74443149745,755.74443149745,768.909011917083,,300.0,2460000.0
2005-10-21,755.74443149745,755.74443149745,755.74443149745,755.74443149745,,5585.0,2460000.0
2005-10-24,755.74443149745,750.86866097166,750.86866097166,755.74443149745,,471.0,2460000.0
2005-10-25,750.86866097166,750.86866097166,750.86866097166,750.86866097166,,224.0,2460000.0
2005-10-26,750.86866097166,750.86866097166,750.86866097166,750.86866097166,,,2460000.0
2005-10-27,750.86866097166,750.86866097166,750.86866097166,750.86866097166,,,2460000.0
2005-10-28,750.86866097166,748.430775708765,748.430775708765,750.86866097166,,1700.0,2460000.0
2005-10-31,748.430775708765,748.430775708765,748.430775708765,748.430775708765,,38000.0,2460000.0
2005-11-01,748.430775708765,748.430775708765,748.430775708765,748.430775708765,,,2460000.0
2005-11-02,748.430775708765,748.430775708765,748.430775708765,748.430775708765,,,2460000.0
2005-11-03,748.430775708765,748.430775708765,748.430775708765,748.430775708765,,,2460000.0
2005-11-04,748.430775708765,748.430775708765,748.430775708765,748.430775708765,,4680.0,2460000.0
2005-11-07,748.430775708765,745.99289044587,745.99289044587,748.430775708765,,,2460000.0
2005-11-08,745.99289044587,745.99289044587,745.99289044587,745.99289044587,,2512.0,2460000.0
2005-11-09,745.99289044587,745.99289044587,745.99289044587,745.99289044587,,,2460000.0
2005-11-10,745.99289044587,745.99289044587,745.99289044587,745.99289044587,,2450.0,2460000.0
2005-11-11,745.99289044587,745.99289044587,745.99289044587,745.99289044587,,,2460000.0
2005-11-14,745.99289044587,745.99289044587,745.99289044587,745.99289044587,,,2460000.0
2005-11-15,745.99289044587,745.99289044587,745.99289044587,745.99289044587,,250.0,2460000.0
2005-11-16,745.99289044587,745.99289044587,745.99289044587,745.99289044587,,2350.0,2460000.0
2005-11-17,745.99289044587,745.99289044587,745.99289044587,745.99289044587,,4030.0,2460000.0
2005-11-18,745.99289044587,745.99289044587,745.99289044587,745.99289044587,,2090.0,2460000.0
2005-11-21,753.306546234555,745.99289044587,753.306546234555,745.99289044587,,50000.0,2460000.0
2005-11-22,753.306546234555,753.306546234555,753.306546234555,753.306546234555,,600.0,2460000.0
2005-11-23,753.306546234555,753.306546234555,753.306546234555,753.306546234555,,,2460000.0
2005-11-24,753.306546234555,753.306546234555,753.306546234555,753.306546234555,,12500.0,2460000.0
2005-11-25,753.306546234555,753.306546234555,753.306546234555,753.306546234555,,661.0,2460000.0
2005-11-28,758.182316760345,753.306546234555,758.182316760345,753.306546234555,,38850.0,2460000.0
2005-11-29,758.182316760345,758.182316760345,758.182316760345,758.182316760345,,96.0,2460000.0
2005-11-30,758.182316760345,758.182316760345,758.182316760345,758.182316760345,,2500.0,2460000.0
2005-12-01,758.182316760345,758.182316760345,758.182316760345,758.182316760345,,,2460000.0
2005-12-02,770.3717430748201,758.182316760345,758.182316760345,770.3717430748201,,,2460000.0
2005-12-05,758.182316760345,758.182316760345,758.182316760345,758.182316760345,,2610.0,2460000.0
2005-12-06,758.182316760345,758.182316760345,758.182316760345,758.182316760345,,600.0,2460000.0
2005-12-07,758.182316760345,758.182316760345,758.182316760345,758.182316760345,,1350.0,2460000.0
2005-12-08,758.182316760345,758.182316760345,758.182316760345,758.182316760345,,,2460000.0
2005-12-09,758.182316760345,758.182316760345,758.182316760345,758.182316760345,,,2460000.0
2005-12-12,758.182316760345,758.182316760345,758.182316760345,758.182316760345,,2500.0,2460000.0
2005-12-13,758.182316760345,758.182316760345,758.182316760345,758.182316760345,,500.0,2460000.0
2005-12-14,763.058087286135,758.182316760345,763.058087286135,758.182316760345,,21498.0,2460000.0
2005-12-15,763.058087286135,763.058087286135,763.058087286135,763.058087286135,,1200.0,2460000.0
2005-12-16,763.058087286135,763.058087286135,763.058087286135,763.058087286135,,,2460000.0
2005-12-19,763.058087286135,763.058087286135,763.058087286135,763.058087286135,,,2460000.0
2005-12-20,763.058087286135,763.058087286135,763.058087286135,763.058087286135,,27880.0,2460000.0
2005-12-21,765.4959725490301,765.4959725490301,765.4959725490301,765.4959725490301,,1550.0,2460000.0
2005-12-22,775.24751360061,765.4959725490301,765.4959725490301,775.24751360061,,1.0,2460000.0
2005-12-23,765.4959725490301,765.4959725490301,765.4959725490301,765.4959725490301,,,2460000.0
2005-12-28,765.4959725490301,765.4959725490301,765.4959725490301,765.4959725490301,,,2460000.0
2005-12-29,765.4959725490301,765.4959725490301,765.4959725490301,765.4959725490301,,373.0,2460000.0
2005-12-30,765.4959725490301,765.4959725490301,765.4959725490301,765.4959725490301,,,2460000.0
2006-01-03,765.4959725490301,765.4959725490301,765.4959725490301,765.4959725490301,,217.0,2460000.0
2006-01-04,770.3717430748201,765.4959725490301,770.3717430748201,765.4959725490301,,,2460000.0
2006-01-05,770.3717430748201,770.3717430748201,770.3717430748201,770.3717430748201,,900.0,2460000.0
2006-01-06,770.3717430748201,770.3717430748201,770.3717430748201,770.3717430748201,,515.0,2460000.0
2006-01-09,772.809628337715,770.3717430748201,772.809628337715,770.3717430748201,,254.0,2460000.0
2006-01-10,772.809628337715,772.809628337715,772.809628337715,772.809628337715,,2388.0,2460000.0
2006-01-11,780.1232841264,772.809628337715,780.1232841264,772.809628337715,,,2460000.0
2006-01-12,782.561169389295,780.1232841264,782.561169389295,780.1232841264,,,2460000.0
2006-01-13,782.561169389295,782.561169389295,782.561169389295,782.561169389295,,4005.0,2460000.0
2006-01-16,784.99905465219,782.561169389295,784.99905465219,782.561169389295,,1240.0,2460000.0
2006-01-17,787.436939915085,784.99905465219,787.436939915085,784.99905465219,,2945.0,2460000.0
2006-01-18,787.436939915085,787.436939915085,787.436939915085,787.436939915085,,1000.0,2460000.0
2006-01-19,794.75059570377,787.436939915085,794.75059570377,787.436939915085,,2600.0,2460000.0
2006-01-20,794.75059570377,794.75059570377,794.75059570377,794.75059570377,,1005.0,2460000.0
2006-01-23,799.6263662295601,794.75059570377,794.75059570377,799.6263662295601,,115.0,2460000.0
2006-01-24,799.6263662295601,794.75059570377,799.6263662295601,794.75059570377,,,2460000.0
2006-01-25,799.6263662295601,799.6263662295601,799.6263662295601,799.6263662295601,,,2460000.0
2006-01-26,799.6263662295601,799.6263662295601,799.6263662295601,799.6263662295601,,330.0,2460000.0
2006-01-27,799.6263662295601,799.6263662295601,799.6263662295601,799.6263662295601,,5.0,2460000.0
2006-01-30,802.064251492455,799.6263662295601,799.6263662295601,799.6263662295601,,485.0,2460000.0
2006-01-31,799.6263662295601,799.6263662295601,799.6263662295601,799.6263662295601,,,2460000.0
2006-02-01,799.6263662295601,799.6263662295601,799.6263662295601,799.6263662295601,,3500.0,2460000.0
2006-02-02,799.6263662295601,799.6263662295601,799.6263662295601,799.6263662295601,,970.0,2460000.0
2006-02-03,799.6263662295601,799.6263662295601,799.6263662295601,799.6263662295601,,180.0,2460000.0
2006-02-06,804.50213675535,797.188480966665,804.50213675535,797.188480966665,,8053.0,2460000.0
2006-02-07,804.50213675535,804.50213675535,804.50213675535,804.50213675535,,1055.0,2460000.0
2006-02-08,806.940022018245,804.50213675535,804.50213675535,806.940022018245,,900.0,2460000.0
2006-02-09,804.50213675535,804.50213675535,804.50213675535,804.50213675535,,,2460000.0
2006-02-10,804.50213675535,804.50213675535,804.50213675535,804.50213675535,,,2460000.0
2006-02-13,806.940022018245,804.50213675535,806.940022018245,804.50213675535,,75.0,2460000.0
2006-02-14,806.940022018245,806.940022018245,806.940022018245,806.940022018245,,,2460000.0
2006-02-15,806.940022018245,806.940022018245,806.940022018245,806.940022018245,,33.0,2460000.0
2006-02-16,806.940022018245,806.940022018245,806.940022018245,806.940022018245,,888.0,2460000.0
2006-02-17,809.37790728114,806.940022018245,809.37790728114,806.940022018245,,2325.0,2460000.0
2006-02-20,814.25367780693,809.37790728114,814.25367780693,809.37790728114,,10000.0,2460000.0
2006-02-21,814.25367780693,814.25367780693,814.25367780693,814.25367780693,,170.0,2460000.0
2006-02-22,794.75059570377,791.825133388296,794.75059570377,791.825133388296,,1200.0,2460000.0
2006-02-23,794.75059570377,794.75059570377,794.75059570377,794.75059570377,,5760.0,2460000.0
2006-02-24,794.75059570377,794.75059570377,794.75059570377,794.75059570377,,450.0,2460000.0
2006-02-27,794.75059570377,794.75059570377,794.75059570377,794.75059570377,,6538.0,2460000.0
2006-02-28,794.75059570377,794.75059570377,794.75059570377,794.75059570377,,1212.0,2460000.0
2006-03-01,796.2133268615071,794.75059570377,796.2133268615071,794.75059570377,,2055.0,2460000.0
2006-03-02,802.064251492455,796.2133268615071,802.064251492455,796.2133268615071,,2450.0,2460000.0
2006-03-03,802.064251492455,802.064251492455,802.064251492455,802.064251492455,,700.0,2460000.0
2006-03-06,802.064251492455,802.064251492455,802.064251492455,802.064251492455,,2288.0,2460000.0
2006-03-07,802.064251492455,802.064251492455,802.064251492455,802.064251492455,,3.0,2460000.0
2006-03-08,802.064251492455,802.064251492455,802.064251492455,802.064251492455,,,2460000.0
2006-03-09,802.064251492455,799.6263662295601,799.6263662295601,802.064251492455,,1805.0,2460000.0
2006-03-10,799.6263662295601,799.6263662295601,799.6263662295601,799.6263662295601,,,2460000.0
2006-03-13,799.6263662295601,799.6263662295601,799.6263662295601,799.6263662295601,,10180.0,2460000.0
2006-03-14,799.6263662295601,799.6263662295601,799.6263662295601,799.6263662295601,,,2460000.0
2006-03-15,802.064251492455,799.6263662295601,802.064251492455,799.6263662295601,,1296.0,2460000.0
2006-03-16,802.064251492455,799.6263662295601,799.6263662295601,802.064251492455,,3150.0,2460000.0
2006-03-17,799.6263662295601,794.75059570377,794.75059570377,799.6263662295601,,3010.0,2460000.0
2006-03-20,794.75059570377,794.75059570377,794.75059570377,794.75059570377,,3876.0,2460000.0
2006-03-21,794.75059570377,794.75059570377,794.75059570377,794.75059570377,,2378.0,2460000.0
2006-03-22,794.75059570377,792.3127104408751,792.3127104408751,794.75059570377,,495.0,2460000.0
2006-03-23,792.3127104408751,792.3127104408751,792.3127104408751,792.3127104408751,,600.0,2460000.0
2006-03-24,792.3127104408751,792.3127104408751,792.3127104408751,792.3127104408751,,1331.0,2460000.0
2006-03-27,792.3127104408751,789.8748251779799,789.8748251779799,792.3127104408751,,793.0,2460000.0
2006-03-28,789.8748251779799,789.8748251779799,789.8748251779799,789.8748251779799,,2307.0,2460000.0
2006-03-29,789.8748251779799,789.8748251779799,789.8748251779799,789.8748251779799,,755.0,2460000.0
2006-03-30,789.8748251779799,789.8748251779799,789.8748251779799,789.8748251779799,,1540.0,2460000.0
2006-03-31,789.8748251779799,789.8748251779799,789.8748251779799,789.8748251779799,,98.0,2460000.0
2006-04-03,789.8748251779799,789.8748251779799,789.8748251779799,789.8748251779799,,3232.0,2460000.0
2006-04-04,792.3127104408751,789.8748251779799,792.3127104408751,789.8748251779799,,496.0,2460000.0
2006-04-05,792.3127104408751,792.3127104408751,792.3127104408751,792.3127104408751,,1332.0,2460000.0
2006-04-06,799.6263662295601,792.3127104408751,799.6263662295601,792.3127104408751,,3339.0,2460000.0
2006-04-07,799.6263662295601,799.6263662295601,799.6263662295601,799.6263662295601,,115.0,2460000.0
2006-04-10,799.6263662295601,799.6263662295601,799.6263662295601,799.6263662295601,,4570.0,2460000.0
2006-04-11,799.6263662295601,799.6263662295601,799.6263662295601,799.6263662295601,,2100.0,2460000.0
2006-04-12,799.6263662295601,799.6263662295601,799.6263662295601,799.6263662295601,,,2460000.0
2006-04-13,799.6263662295601,799.6263662295601,799.6263662295601,799.6263662295601,,4.0,2460000.0
2006-04-18,799.6263662295601,799.6263662295601,799.6263662295601,799.6263662295601,,19162.0,2460000.0
2006-04-19,799.6263662295601,799.6263662295601,799.6263662295601,799.6263662295601,,,2460000.0
2006-04-20,799.6263662295601,799.6263662295601,799.6263662295601,799.6263662295601,,2103.0,2460000.0
2006-04-21,799.6263662295601,799.6263662295601,799.6263662295601,799.6263662295601,,200.0,2460000.0
2006-04-24,799.6263662295601,799.6263662295601,799.6263662295601,799.6263662295601,,1800.0,2460000.0
2006-04-25,799.6263662295601,799.6263662295601,799.6263662295601,799.6263662295601,,1500.0,2460000.0
2006-04-26,799.6263662295601,799.6263662295601,799.6263662295601,799.6263662295601,,2041.0,2460000.0
2006-04-27,799.6263662295601,799.6263662295601,799.6263662295601,799.6263662295601,,59.0,2460000.0
2006-04-28,799.6263662295601,799.6263662295601,799.6263662295601,799.6263662295601,,750.0,2460000.0
2006-05-02,799.6263662295601,799.6263662295601,799.6263662295601,799.6263662295601,,,2460000.0
2006-05-03,799.6263662295601,799.6263662295601,799.6263662295601,799.6263662295601,,,2460000.0
2006-05-04,799.6263662295601,799.6263662295601,799.6263662295601,799.6263662295601,,5825.0,2460000.0
2006-05-05,799.6263662295601,799.6263662295601,799.6263662295601,799.6263662295601,,2965.0,2460000.0
2006-05-08,799.6263662295601,799.6263662295601,799.6263662295601,799.6263662295601,,,2460000.0
2006-05-09,802.064251492455,799.6263662295601,802.064251492455,799.6263662295601,,,2460000.0
2006-05-10,802.064251492455,802.064251492455,802.064251492455,802.064251492455,,,2460000.0
2006-05-11,804.50213675535,802.064251492455,804.50213675535,802.064251492455,,25060.0,2460000.0
2006-05-12,804.50213675535,804.50213675535,804.50213675535,804.50213675535,,273.0,2460000.0
2006-05-15,804.50213675535,794.75059570377,794.75059570377,804.50213675535,,960.0,2460000.0
2006-05-16,792.3127104408751,789.8748251779799,789.8748251779799,792.3127104408751,,45.0,2460000.0
2006-05-17,792.3127104408751,787.436939915085,787.436939915085,789.8748251779799,,900.0,2460000.0
2006-05-18,782.561169389295,771.346897179978,771.346897179978,782.561169389295,,3986.0,2460000.0
2006-05-19,771.346897179978,771.346897179978,771.346897179978,771.346897179978,,,2460000.0
2006-05-22,771.346897179978,760.6202020232399,760.6202020232399,771.346897179978,,1948.0,2460000.0
2006-05-23,772.809628337715,760.6202020232399,772.809628337715,760.6202020232399,,1800.0,2460000.0
2006-05-24,772.809628337715,772.809628337715,772.809628337715,772.809628337715,,,2460000.0
2006-05-25,772.809628337715,765.4959725490301,765.4959725490301,772.809628337715,,500.0,2460000.0
2006-05-26,765.4959725490301,765.4959725490301,765.4959725490301,765.4959725490301,,,2460000.0
2006-05-30,765.4959725490301,765.4959725490301,765.4959725490301,765.4959725490301,,431.0,2460000.0
2006-05-31,765.4959725490301,765.4959725490301,765.4959725490301,765.4959725490301,,1567.0,2460000.0
2006-06-01,765.4959725490301,765.4959725490301,765.4959725490301,765.4959725490301,,,2460000.0
2006-06-02,770.3717430748201,765.4959725490301,770.3717430748201,765.4959725490301,,2086.0,2460000.0
2006-06-05,770.3717430748201,770.3717430748201,770.3717430748201,770.3717430748201,,,2460000.0
2006-06-06,770.3717430748201,770.3717430748201,770.3717430748201,770.3717430748201,,86.0,2460000.0
2006-06-07,770.3717430748201,767.933857811925,767.933857811925,770.3717430748201,,3.0,2460000.0
2006-06-08,763.058087286135,758.182316760345,758.182316760345,763.058087286135,,937.0,2460000.0
2006-06-09,758.182316760345,758.182316760345,758.182316760345,758.182316760345,,,2460000.0
2006-06-12,758.182316760345,758.182316760345,758.182316760345,758.182316760345,,2000.0,2460000.0
2006-06-13,758.182316760345,755.74443149745,755.74443149745,758.182316760345,,660.0,2460000.0
2006-06-14,755.74443149745,751.356238024239,751.356238024239,755.74443149745,,4500.0,2460000.0
2006-06-15,751.356238024239,751.356238024239,751.356238024239,751.356238024239,,500.0,2460000.0
2006-06-16,751.356238024239,751.356238024239,751.356238024239,751.356238024239,,1100.0,2460000.0
2006-06-19,751.356238024239,751.356238024239,751.356238024239,751.356238024239,,,2460000.0
2006-06-20,748.9183527613441,748.9183527613441,748.9183527613441,748.9183527613441,,2100.0,2460000.0
2006-06-21,748.9183527613441,748.430775708765,748.430775708765,748.9183527613441,,1037.0,2460000.0
2006-06-22,748.430775708765,748.430775708765,748.430775708765,748.430775708765,,,2460000.0
2006-06-23,748.430775708765,748.430775708765,748.430775708765,748.430775708765,,900.0,2460000.0
2006-06-26,748.430775708765,745.99289044587,745.99289044587,748.430775708765,,200.0,2460000.0
2006-06-27,745.99289044587,738.679234657185,738.679234657185,745.99289044587,,9090.0,2460000.0
2006-06-28,738.679234657185,738.679234657185,738.679234657185,738.679234657185,,,2460000.0
2006-06-29,738.679234657185,738.679234657185,738.679234657185,738.679234657185,,,2460000.0
2006-06-30,738.679234657185,738.679234657185,738.679234657185,738.679234657185,,3124.0,2460000.0
2006-07-03,750.86866097166,738.679234657185,750.86866097166,738.679234657185,,6463.0,2460000.0
2006-07-04,750.86866097166,750.86866097166,750.86866097166,750.86866097166,,,2460000.0
2006-07-05,750.86866097166,750.86866097166,750.86866097166,750.86866097166,,,2460000.0
2006-07-06,750.86866097166,750.86866097166,750.86866097166,750.86866097166,,3757.0,2460000.0
2006-07-07,750.86866097166,750.86866097166,750.86866097166,750.86866097166,,,2460000.0
2006-07-10,753.306546234555,753.306546234555,753.306546234555,753.306546234555,,,2460000.0
2006-07-11,753.306546234555,753.306546234555,753.306546234555,753.306546234555,,439.0,2460000.0
2006-07-12,753.306546234555,753.306546234555,753.306546234555,753.306546234555,,3064.0,2460000.0
2006-07-13,753.306546234555,753.306546234555,753.306546234555,753.306546234555,,128.0,2460000.0
2006-07-14,753.306546234555,753.306546234555,753.306546234555,753.306546234555,,,2460000.0
2006-07-17,753.306546234555,753.306546234555,753.306546234555,753.306546234555,,300.0,2460000.0
2006-07-18,753.306546234555,753.306546234555,753.306546234555,753.306546234555,,,2460000.0
2006-07-19,753.306546234555,753.306546234555,753.306546234555,753.306546234555,,3500.0,2460000.0
2006-07-20,755.74443149745,753.306546234555,755.74443149745,753.306546234555,,505.0,2460000.0
2006-07-21,758.182316760345,755.74443149745,758.182316760345,755.74443149745,,,2460000.0
2006-07-24,758.182316760345,758.182316760345,758.182316760345,758.182316760345,,14195.0,2460000.0
2006-07-25,760.6202020232399,758.182316760345,760.6202020232399,758.182316760345,,500.0,2460000.0
2006-07-26,760.6202020232399,760.6202020232399,760.6202020232399,760.6202020232399,,,2460000.0
2006-07-27,760.6202020232399,760.6202020232399,760.6202020232399,760.6202020232399,,,2460000.0
2006-07-28,760.6202020232399,760.6202020232399,760.6202020232399,760.6202020232399,,,2460000.0
2006-07-31,772.809628337715,760.6202020232399,772.809628337715,760.6202020232399,,64280.0,2460000.0
2006-08-01,772.809628337715,772.809628337715,772.809628337715,772.809628337715,,868.0,2460000.0
2006-08-02,784.99905465219,772.809628337715,784.99905465219,772.809628337715,,2000.0,2460000.0
2006-08-03,784.99905465219,784.99905465219,784.99905465219,784.99905465219,,,2460000.0
2006-08-04,784.99905465219,784.99905465219,784.99905465219,784.99905465219,,,2460000.0
2006-08-07,784.99905465219,784.99905465219,784.99905465219,784.99905465219,,7.0,2460000.0
2006-08-08,787.436939915085,784.99905465219,787.436939915085,784.99905465219,,,2460000.0
2006-08-09,792.3127104408751,787.436939915085,792.3127104408751,787.436939915085,,12350.0,2460000.0
2006-08-10,792.3127104408751,792.3127104408751,792.3127104408751,792.3127104408751,,1751.0,2460000.0
2006-08-11,792.3127104408751,792.3127104408751,792.3127104408751,792.3127104408751,,2100.0,2460000.0
2006-08-14,792.3127104408751,792.3127104408751,792.3127104408751,792.3127104408751,,,2460000.0
2006-08-15,792.3127104408751,792.3127104408751,792.3127104408751,792.3127104408751,,777.0,2460000.0
2006-08-16,792.3127104408751,792.3127104408751,792.3127104408751,792.3127104408751,,830.0,2460000.0
2006-08-17,799.6263662295601,792.3127104408751,799.6263662295601,792.3127104408751,,1125.0,2460000.0
2006-08-18,804.50213675535,799.6263662295601,804.50213675535,799.6263662295601,,7130.0,2460000.0
2006-08-21,804.50213675535,804.50213675535,804.50213675535,804.50213675535,,,2460000.0
2006-08-22,804.50213675535,804.50213675535,804.50213675535,804.50213675535,,,2460000.0
2006-08-23,804.50213675535,804.50213675535,804.50213675535,804.50213675535,,1945.0,2460000.0
2006-08-24,804.50213675535,804.50213675535,804.50213675535,804.50213675535,,855.0,2460000.0
2006-08-25,804.50213675535,804.50213675535,804.50213675535,804.50213675535,,,2460000.0
2006-08-29,804.50213675535,804.50213675535,804.50213675535,804.50213675535,,600.0,2460000.0
2006-08-30,804.50213675535,794.75059570377,797.188480966665,804.50213675535,,,2460000.0
2006-08-31,797.188480966665,797.188480966665,797.188480966665,797.188480966665,,,2460000.0
2006-09-01,797.188480966665,797.188480966665,797.188480966665,797.188480966665,,70.0,2460000.0
2006-09-04,798.651212124402,797.188480966665,798.651212124402,797.188480966665,,1270.0,2460000.0
2006-09-05,798.651212124402,798.651212124402,798.651212124402,798.651212124402,,505.0,2460000.0
2006-09-06,798.651212124402,798.651212124402,798.651212124402,798.651212124402,,1720.0,2460000.0
2006-09-07,798.651212124402,798.651212124402,798.651212124402,798.651212124402,,2557.0,2460000.0
2006-09-08,798.651212124402,798.651212124402,798.651212124402,798.651212124402,,,2460000.0
2006-09-11,798.651212124402,798.651212124402,798.651212124402,798.651212124402,,,2460000.0
2006-09-12,804.50213675535,798.651212124402,804.50213675535,798.651212124402,,475.0,2460000.0
2006-09-13,804.50213675535,804.50213675535,804.50213675535,804.50213675535,,500.0,2460000.0
2006-09-14,804.50213675535,804.50213675535,804.50213675535,804.50213675535,,,2460000.0
2006-09-15,809.37790728114,804.50213675535,809.37790728114,804.50213675535,,,2460000.0
2006-09-18,809.37790728114,809.37790728114,809.37790728114,809.37790728114,,6165.0,2460000.0
2006-09-19,811.8157925440349,809.37790728114,811.8157925440349,809.37790728114,,,2460000.0
2006-09-20,819.12944833272,811.8157925440349,819.12944833272,811.8157925440349,,,2460000.0
2006-09-21,819.12944833272,819.12944833272,819.12944833272,819.12944833272,,,2460000.0
2006-09-22,821.5673335956151,819.12944833272,821.5673335956151,819.12944833272,,,2460000.0
2006-09-25,831.318874647195,821.5673335956151,831.318874647195,821.5673335956151,,4524.0,2460000.0
2006-09-26,838.63253043588,831.318874647195,838.63253043588,831.318874647195,,1075.0,2460000.0
2006-09-27,841.070415698775,838.63253043588,841.070415698775,838.63253043588,,,2460000.0
2006-09-28,841.070415698775,841.070415698775,841.070415698775,841.070415698775,,,2460000.0
2006-09-29,841.070415698775,841.070415698775,841.070415698775,841.070415698775,,7000.0,2460000.0
2006-10-02,841.070415698775,841.070415698775,841.070415698775,841.070415698775,,808.0,2460000.0
2006-10-03,841.070415698775,841.070415698775,841.070415698775,841.070415698775,,21.0,2460000.0
2006-10-04,843.50830096167,841.070415698775,843.50830096167,841.070415698775,,176.0,2460000.0
2006-10-05,867.88715359062,843.50830096167,867.88715359062,843.50830096167,,23.0,2460000.0
2006-10-06,867.88715359062,867.88715359062,867.88715359062,867.88715359062,,,2460000.0
2006-10-09,867.88715359062,867.88715359062,867.88715359062,867.88715359062,,26.0,2460000.0
2006-10-10,872.76292411641,867.88715359062,872.76292411641,867.88715359062,,,2460000.0
2006-10-11,875.2008093793049,872.76292411641,875.2008093793049,872.76292411641,,1184.0,2460000.0
2006-10-12,887.39023569378,875.2008093793049,887.39023569378,875.2008093793049,,3336.0,2460000.0
2006-10-13,899.579662008255,887.39023569378,899.579662008255,887.39023569378,,5896.0,2460000.0
2006-10-16,916.64485884852,899.579662008255,914.2069735856252,899.579662008255,,1500.0,2460000.0
2006-10-17,916.64485884852,914.2069735856252,914.2069735856252,916.64485884852,,725.0,2460000.0
2006-10-18,914.2069735856252,914.2069735856252,914.2069735856252,914.2069735856252,,31740.0,2460000.0
2006-10-19,914.2069735856252,909.331203059835,909.331203059835,914.2069735856252,,,2460000.0
2006-10-20,909.331203059835,906.89331779694,909.331203059835,909.331203059835,,25016.0,2460000.0
2006-10-23,909.331203059835,909.331203059835,909.331203059835,909.331203059835,,,2460000.0
2006-10-24,909.331203059835,909.331203059835,909.331203059835,909.331203059835,,730.0,2460000.0
2006-10-25,909.331203059835,909.331203059835,909.331203059835,909.331203059835,,250.0,2460000.0
2006-10-26,909.331203059835,909.331203059835,909.331203059835,909.331203059835,,300.0,2460000.0
2006-10-27,909.331203059835,909.331203059835,909.331203059835,909.331203059835,,,2460000.0
2006-10-30,919.082744111415,909.331203059835,909.331203059835,919.082744111415,,1100.0,2460000.0
2006-10-31,909.331203059835,909.331203059835,909.331203059835,909.331203059835,,,2460000.0
2006-11-01,909.331203059835,909.331203059835,909.331203059835,909.331203059835,,,2460000.0
2006-11-02,909.331203059835,909.331203059835,909.331203059835,909.331203059835,,2665.0,2460000.0
2006-11-03,919.082744111415,909.331203059835,909.331203059835,909.331203059835,,18684.0,2460000.0
2006-11-06,909.331203059835,909.331203059835,909.331203059835,909.331203059835,,609.0,2460000.0
2006-11-07,909.331203059835,909.331203059835,909.331203059835,909.331203059835,,6.0,2460000.0
2006-11-08,909.331203059835,909.331203059835,909.331203059835,909.331203059835,,,2460000.0
2006-11-09,909.331203059835,909.331203059835,909.331203059835,909.331203059835,,,2460000.0
2006-11-10,909.331203059835,909.331203059835,909.331203059835,909.331203059835,,240.0,2460000.0
2006-11-13,909.331203059835,909.331203059835,909.331203059835,909.331203059835,,,2460000.0
2006-11-14,923.958514637205,909.331203059835,923.958514637205,909.331203059835,,2274.0,2460000.0
2006-11-15,928.834285162995,923.958514637205,928.834285162995,923.958514637205,,5521.0,2460000.0
2006-11-16,941.02371147747,928.834285162995,941.02371147747,928.834285162995,,,2460000.0
2006-11-17,941.02371147747,941.02371147747,941.02371147747,941.02371147747,,251.0,2460000.0
2006-11-20,941.02371147747,941.02371147747,941.02371147747,941.02371147747,,24500.0,2460000.0
2006-11-21,941.02371147747,941.02371147747,941.02371147747,941.02371147747,,1198.0,2460000.0
2006-11-22,941.02371147747,941.02371147747,941.02371147747,941.02371147747,,,2460000.0
2006-11-23,941.02371147747,941.02371147747,941.02371147747,941.02371147747,,,2460000.0
2006-11-24,941.02371147747,941.02371147747,941.02371147747,941.02371147747,,,2460000.0
2006-11-27,941.02371147747,938.585826214575,941.02371147747,941.02371147747,,1800.0,2460000.0
2006-11-28,941.02371147747,941.02371147747,941.02371147747,941.02371147747,,,2460000.0
2006-11-29,941.02371147747,941.02371147747,941.02371147747,941.02371147747,,1600.0,2460000.0
2006-11-30,941.02371147747,941.02371147747,941.02371147747,941.02371147747,,,2460000.0
2006-12-01,941.02371147747,941.02371147747,941.02371147747,941.02371147747,,2000.0,2460000.0
2006-12-04,941.02371147747,941.02371147747,941.02371147747,941.02371147747,,,2460000.0
2006-12-05,941.02371147747,941.02371147747,941.02371147747,941.02371147747,,,2460000.0
2006-12-06,943.461596740365,941.02371147747,943.461596740365,941.02371147747,,755.0,2460000.0
2006-12-07,945.89948200326,945.89948200326,945.89948200326,945.89948200326,,,2460000.0
2006-12-08,945.89948200326,945.89948200326,945.89948200326,945.89948200326,,3320.0,2460000.0
2006-12-11,955.65102305484,945.89948200326,955.65102305484,950.77525252905,,660.0,2460000.0
2006-12-12,955.65102305484,950.77525252905,955.65102305484,950.77525252905,,,2460000.0
2006-12-13,955.65102305484,955.65102305484,955.65102305484,955.65102305484,,350.0,2460000.0
2006-12-14,965.40256410642,960.52679358063,965.40256410642,960.52679358063,,1169.0,2460000.0
2006-12-15,965.40256410642,965.40256410642,965.40256410642,965.40256410642,,700.0,2460000.0
2006-12-18,965.40256410642,965.40256410642,965.40256410642,965.40256410642,,3.0,2460000.0
2006-12-19,965.40256410642,965.40256410642,965.40256410642,965.40256410642,,253.0,2460000.0
2006-12-20,967.840449369315,965.40256410642,967.840449369315,965.40256410642,,1500.0,2460000.0
2006-12-21,967.840449369315,967.840449369315,967.840449369315,967.840449369315,,471.0,2460000.0
2006-12-22,970.27833463221,967.840449369315,970.27833463221,967.840449369315,,,2460000.0
2006-12-27,970.27833463221,970.27833463221,970.27833463221,970.27833463221,,750.0,2460000.0
2006-12-28,970.27833463221,970.27833463221,970.27833463221,970.27833463221,,,2460000.0
2006-12-29,987.343531472475,970.27833463221,987.343531472475,970.27833463221,,,2460000.0
2007-01-02,989.78141673537,987.343531472475,989.78141673537,987.343531472475,,,2460000.0
2007-01-03,996.607495471476,989.78141673537,994.65718726116,989.78141673537,,3375.0,2460000.0
2007-01-04,994.65718726116,994.65718726116,994.65718726116,994.65718726116,,439.0,2460000.0
2007-01-05,994.65718726116,994.65718726116,994.65718726116,994.65718726116,,,2460000.0
2007-01-08,,,994.65718726116,,,,2460000.0
2007-01-09,994.65718726116,994.65718726116,994.65718726116,994.65718726116,,500.0,2460000.0
2007-01-10,999.53295778695,994.65718726116,999.53295778695,994.65718726116,,147.0,2460000.0
2007-01-11,,,999.53295778695,,,,2460000.0
2007-01-12,999.53295778695,999.53295778695,999.53295778695,999.53295778695,,1016.0,2460000.0
2007-01-15,,,999.53295778695,,,,2460000.0
2007-01-16,,,999.53295778695,,,,2460000.0
2007-01-17,,,1004.40872831274,,,,2460000.0
2007-01-18,1004.40872831274,1004.40872831274,1004.40872831274,1004.40872831274,,4000.0,2460000.0
2007-01-19,1009.28449883853,1004.40872831274,1009.28449883853,1004.40872831274,,1060.0,2460000.0
2007-01-22,,,1016.5981546272152,,,,2460000.0
2007-01-23,,,1016.5981546272152,,,,2460000.0
2007-01-24,,,1021.473925153005,,,,2460000.0
2007-01-25,,,1021.473925153005,,,,2460000.0
2007-01-26,,,1021.473925153005,,,,2460000.0
2007-01-29,,,1023.9118104159002,,,,2460000.0
2007-01-30,,,1026.349695678795,,,,2460000.0
2007-01-31,1028.78758094169,1026.349695678795,1028.78758094169,1026.349695678795,,1872.0,2460000.0
2007-02-01,1031.225466204585,1031.225466204585,1031.225466204585,1031.225466204585,,2940.0,2460000.0
2007-02-02,1036.101236730375,1031.225466204585,1036.101236730375,1031.225466204585,,1500.0,2460000.0
2007-02-05,1053.16643357064,1043.41489251906,1053.16643357064,1043.41489251906,,13076.0,2460000.0
2007-02-06,1065.355859885115,1053.16643357064,1065.355859885115,1053.16643357064,,2045.0,2460000.0
2007-02-07,1077.54528619959,1065.355859885115,1077.54528619959,1065.355859885115,,1661.0,2460000.0
2007-02-08,,,1077.54528619959,,,,2460000.0
2007-02-09,,,1079.983171462485,,,,2460000.0
2007-02-12,1079.983171462485,1079.983171462485,1079.983171462485,1079.983171462485,,40.0,2460000.0
2007-02-13,1089.734712514065,1079.983171462485,1089.734712514065,1079.983171462485,,1000.0,2460000.0
2007-02-14,,,1106.79990935433,,,,2460000.0
2007-02-15,1114.113565143015,1106.79990935433,1114.113565143015,1106.79990935433,,15400.0,2460000.0
2007-02-16,1116.55145040591,1114.113565143015,1116.55145040591,1114.113565143015,,3000.0,2460000.0
2007-02-19,1116.55145040591,1114.113565143015,1116.55145040591,1114.113565143015,,400.0,2460000.0
2007-02-20,1116.55145040591,1116.55145040591,1116.55145040591,1116.55145040591,,4136.0,2460000.0
2007-02-21,,,1089.734712514065,,,,2460000.0
2007-02-22,1089.734712514065,1089.734712514065,1089.734712514065,1089.734712514065,,19269.0,2460000.0
2007-02-23,1089.734712514065,1084.8589419882749,1084.8589419882749,1089.734712514065,,19304.0,2460000.0
2007-02-26,1084.8589419882749,1075.107400936695,1075.107400936695,1084.8589419882749,,9091.0,2460000.0
2007-02-27,,,1075.107400936695,,,,2460000.0
2007-02-28,1075.107400936695,1065.355859885115,1065.355859885115,1075.107400936695,,200.0,2460000.0
2007-03-01,1065.355859885115,1058.04220409643,1058.04220409643,1065.355859885115,,3000.0,2460000.0
2007-03-02,1058.04220409643,1058.04220409643,1058.04220409643,1058.04220409643,,177.0,2460000.0
2007-03-05,1053.16643357064,1021.473925153005,1021.473925153005,1053.16643357064,,3510.0,2460000.0
2007-03-06,1021.473925153005,1021.473925153005,1021.473925153005,1021.473925153005,,450.0,2460000.0
2007-03-07,1021.473925153005,1021.473925153005,1021.473925153005,1021.473925153005,,600.0,2460000.0
2007-03-08,1021.473925153005,1021.473925153005,1021.473925153005,1021.473925153005,,4000.0,2460000.0
2007-03-09,,,1021.473925153005,,,,2460000.0
2007-03-12,,,1021.473925153005,,,,2460000.0
2007-03-13,1021.473925153005,1021.473925153005,1021.473925153005,1021.473925153005,,6275.0,2460000.0
2007-03-14,1021.473925153005,1021.473925153005,1021.473925153005,1021.473925153005,,836.0,2460000.0
2007-03-15,1021.473925153005,1021.473925153005,1021.473925153005,1021.473925153005,,3296.0,2460000.0
2007-03-16,,,1021.473925153005,,,,2460000.0
2007-03-19,,,1021.473925153005,,,,2460000.0
2007-03-20,1021.473925153005,1021.473925153005,1021.473925153005,1021.473925153005,,922.0,2460000.0
2007-03-21,1021.473925153005,1021.473925153005,1021.473925153005,1021.473925153005,,104.0,2460000.0
2007-03-22,,,1021.473925153005,,,,2460000.0
2007-03-23,1021.473925153005,1021.473925153005,1021.473925153005,1021.473925153005,,850.0,2460000.0
2007-03-26,1021.473925153005,1021.473925153005,1021.473925153005,1021.473925153005,,599.0,2460000.0
2007-03-27,1021.473925153005,1021.473925153005,1021.473925153005,1021.473925153005,,1100.0,2460000.0
2007-03-28,,,1021.473925153005,,,,2460000.0
2007-03-29,1023.9118104159002,1021.473925153005,1023.9118104159002,1021.473925153005,,1595.0,2460000.0
2007-03-30,1023.9118104159002,1023.9118104159002,1023.9118104159002,1023.9118104159002,,3240.0,2460000.0
2007-04-02,1023.9118104159002,1021.473925153005,1023.9118104159002,1023.9118104159002,,7.0,2460000.0
2007-04-03,1023.9118104159002,1023.9118104159002,1023.9118104159002,1023.9118104159002,,987.0,2460000.0
2007-04-04,1023.9118104159002,1023.9118104159002,1023.9118104159002,1023.9118104159002,,1700.0,2460000.0
2007-04-05,1023.9118104159002,1023.9118104159002,1023.9118104159002,1023.9118104159002,,2110.0,2460000.0
2007-04-10,1023.9118104159002,1023.9118104159002,1023.9118104159002,1023.9118104159002,,2792.0,2460000.0
2007-04-11,1023.9118104159002,1023.9118104159002,1023.9118104159002,1023.9118104159002,,4531.0,2460000.0
2007-04-12,,,1023.9118104159002,,,,2460000.0
2007-04-13,1023.9118104159002,1023.9118104159002,1023.9118104159002,1023.9118104159002,,1186.0,2460000.0
2007-04-16,1033.66335146748,1023.9118104159002,1033.66335146748,1023.9118104159002,,29995.0,2460000.0
2007-04-17,1038.53912199327,1033.66335146748,1038.53912199327,1033.66335146748,,448.0,2460000.0
2007-04-18,1038.53912199327,1038.53912199327,1038.53912199327,1038.53912199327,,1300.0,2460000.0
2007-04-19,1038.53912199327,1038.53912199327,1038.53912199327,1038.53912199327,,900.0,2460000.0
2007-04-20,1038.53912199327,1038.53912199327,1038.53912199327,1038.53912199327,,900.0,2460000.0
2007-04-23,1038.53912199327,1038.53912199327,1038.53912199327,1038.53912199327,,100.0,2460000.0
2007-04-24,,,1038.53912199327,,,,2460000.0
2007-04-25,1038.53912199327,1038.53912199327,1038.53912199327,1038.53912199327,,639.0,2460000.0
2007-04-26,1038.53912199327,1038.53912199327,1038.53912199327,1038.53912199327,,1620.0,2460000.0
2007-04-27,,,1038.53912199327,,,,2460000.0
2007-04-30,1038.53912199327,1038.53912199327,1038.53912199327,1038.53912199327,,300.0,2460000.0
2007-05-01,1038.53912199327,1038.53912199327,1038.53912199327,1038.53912199327,,1400.0,2460000.0
2007-05-02,,,1038.53912199327,,,,2460000.0
2007-05-03,1040.977007256165,1038.53912199327,1040.977007256165,1038.53912199327,,4350.0,2460000.0
2007-05-04,,,1040.977007256165,,,,2460000.0
2007-05-08,1040.977007256165,1040.977007256165,1040.977007256165,1040.977007256165,,1250.0,2460000.0
2007-05-09,1040.977007256165,1040.977007256165,1040.977007256165,1040.977007256165,,339.0,2460000.0
2007-05-10,,,1040.977007256165,,,,2460000.0
2007-05-11,1040.977007256165,1040.977007256165,1040.977007256165,1040.977007256165,,318.0,2460000.0
2007-05-14,1040.977007256165,1040.977007256165,1040.977007256165,1040.977007256165,,240.0,2460000.0
2007-05-15,1040.977007256165,1036.101236730375,1039.514276098428,1040.977007256165,,5862.0,2460000.0
2007-05-16,,,1039.514276098428,,,,2460000.0
2007-05-17,,,1039.514276098428,,,,2460000.0
2007-05-18,1039.514276098428,1039.514276098428,1039.514276098428,1039.514276098428,,90.0,2460000.0
2007-05-21,,,1039.514276098428,,,,2460000.0
2007-05-22,1039.514276098428,1039.514276098428,1039.514276098428,1039.514276098428,,1070.0,2460000.0
2007-05-23,,,1039.514276098428,,,,2460000.0
2007-05-24,1039.514276098428,1039.514276098428,1039.514276098428,1039.514276098428,,384.0,2460000.0
2007-05-25,1039.514276098428,1039.514276098428,1039.514276098428,1039.514276098428,,2339.0,2460000.0
2007-05-29,,,1039.514276098428,,,,2460000.0
2007-05-30,,,1039.514276098428,,,,2460000.0
2007-05-31,,,1039.514276098428,,,,2460000.0
2007-06-01,1039.514276098428,1039.514276098428,1039.514276098428,1039.514276098428,,2500.0,2460000.0
2007-06-04,1039.514276098428,1039.514276098428,1039.514276098428,1039.514276098428,,159.0,2460000.0
2007-06-05,,,1039.514276098428,,,,2460000.0
2007-06-06,1043.41489251906,1039.514276098428,1043.41489251906,1039.514276098428,,990.0,2460000.0
2007-06-07,,,1043.41489251906,,,,2460000.0
2007-06-08,1048.29066304485,1043.41489251906,1048.29066304485,1043.41489251906,,1162.0,2460000.0
2007-06-11,,,1053.16643357064,,,,2460000.0
2007-06-12,,,1053.16643357064,,,,2460000.0
2007-06-13,1073.644669778958,1053.16643357064,1073.644669778958,1053.16643357064,,455.0,2460000.0
2007-06-14,,,1109.237794617225,,,,2460000.0
2007-06-15,,,1109.237794617225,,,,2460000.0
2007-06-18,1116.55145040591,1109.237794617225,1109.237794617225,1114.113565143015,,200.0,2460000.0
2007-06-19,1114.113565143015,1109.237794617225,1114.113565143015,1109.237794617225,,2020.0,2460000.0
2007-06-20,1114.113565143015,1114.113565143015,1114.113565143015,1114.113565143015,,3200.0,2460000.0
2007-06-21,1114.113565143015,1114.113565143015,1114.113565143015,1114.113565143015,,500.0,2460000.0
2007-06-22,,,1114.113565143015,,,,2460000.0
2007-06-25,,,1114.113565143015,,,,2460000.0
2007-06-26,,,1114.113565143015,,,,2460000.0
2007-06-27,,,1114.113565143015,,,,2460000.0
2007-06-28,,,1114.113565143015,,,,2460000.0
2007-06-29,,,1114.113565143015,,,,2460000.0
2007-07-02,1114.113565143015,1114.113565143015,1114.113565143015,1114.113565143015,,571.0,2460000.0
2007-07-03,1114.113565143015,1114.113565143015,1114.113565143015,1114.113565143015,,2326.0,2460000.0
2007-07-04,,,1114.113565143015,,,,2460000.0
2007-07-05,1114.113565143015,1114.113565143015,1114.113565143015,1114.113565143015,,1333.0,2460000.0
2007-07-06,1114.113565143015,1114.113565143015,1114.113565143015,1114.113565143015,,1254.0,2460000.0
2007-07-09,1114.113565143015,1114.113565143015,1114.113565143015,1114.113565143015,,1621.0,2460000.0
2007-07-10,1114.113565143015,1113.1384110378572,1114.113565143015,1114.113565143015,,2540.0,2460000.0
2007-07-11,1114.113565143015,1114.113565143015,1114.113565143015,1114.113565143015,,585.0,2460000.0
2007-07-12,,,1116.55145040591,,,,2460000.0
2007-07-13,1118.989335668805,1116.55145040591,1118.989335668805,1116.55145040591,,2128.0,2460000.0
2007-07-16,1120.452066826542,1120.452066826542,1120.452066826542,1120.452066826542,,240.0,2460000.0
2007-07-17,1121.4272209316998,1120.452066826542,1121.4272209316998,1120.452066826542,,272.0,2460000.0
2007-07-18,1121.4272209316998,1121.4272209316998,1121.4272209316998,1121.4272209316998,,679.0,2460000.0
2007-07-19,1121.4272209316998,1121.4272209316998,1121.4272209316998,1121.4272209316998,,1542.0,2460000.0
2007-07-20,1121.4272209316998,1121.4272209316998,1121.4272209316998,1121.4272209316998,,1668.0,2460000.0
2007-07-23,1121.4272209316998,1121.4272209316998,1121.4272209316998,1121.4272209316998,,600.0,2460000.0
2007-07-24,,,1121.4272209316998,,,,2460000.0
2007-07-25,,,1121.4272209316998,,,,2460000.0
2007-07-26,,,1121.4272209316998,,,,2460000.0
2007-07-27,1121.4272209316998,1118.989335668805,1118.989335668805,1121.4272209316998,,10308.0,2460000.0
2007-07-30,1120.2082783002525,1118.989335668805,1120.2082783002525,1118.989335668805,,1197.0,2460000.0
2007-07-31,1120.452066826542,1118.989335668805,1118.989335668805,1120.2082783002525,,1072.0,2460000.0
2007-08-01,1118.989335668805,1118.989335668805,1118.989335668805,1118.989335668805,,465.0,2460000.0
2007-08-02,,,1118.989335668805,,,,2460000.0
2007-08-03,,,1118.989335668805,,,,2460000.0
2007-08-06,,,1118.989335668805,,,,2460000.0
2007-08-07,1118.989335668805,1118.989335668805,1118.989335668805,1118.989335668805,,300.0,2460000.0
2007-08-08,1118.989335668805,1115.3325077744626,1116.55145040591,1118.989335668805,,13900.0,2460000.0
2007-08-09,,,1116.55145040591,,,,2460000.0
2007-08-10,,,1116.55145040591,,,,2460000.0
2007-08-13,1116.55145040591,1114.113565143015,1114.113565143015,1116.55145040591,,70.0,2460000.0
2007-08-14,1114.113565143015,1106.79990935433,1106.79990935433,1114.113565143015,,5450.0,2460000.0
2007-08-15,,,1097.04836830275,,,,2460000.0
2007-08-16,,,1089.734712514065,,,,2460000.0
2007-08-17,1089.734712514065,1079.983171462485,1079.983171462485,1089.734712514065,,2125.0,2460000.0
2007-08-20,,,1079.983171462485,,,,2460000.0
2007-08-21,,,1079.983171462485,,,,2460000.0
2007-08-22,1079.983171462485,1079.983171462485,1079.983171462485,1079.983171462485,,142.0,2460000.0
2007-08-23,1079.983171462485,1072.181938621221,1072.181938621221,1079.983171462485,,933.0,2460000.0
2007-08-24,,,1060.4800893593251,,,,2460000.0
2007-08-28,1060.4800893593251,1060.4800893593251,1060.4800893593251,1060.4800893593251,,32500.0,2460000.0
2007-08-29,1048.29066304485,1038.53912199327,1048.29066304485,1038.53912199327,,1271.0,2460000.0
2007-08-30,1048.29066304485,1048.0468745185606,1048.29066304485,1048.29066304485,,1294.0,2460000.0
2007-08-31,,,1048.29066304485,,,,2460000.0
2007-09-03,1048.29066304485,1045.8527777819552,1045.8527777819552,1048.29066304485,,5263.0,2460000.0
2007-09-04,1045.8527777819552,1045.8527777819552,1045.8527777819552,1045.8527777819552,,500.0,2460000.0
2007-09-05,,,1043.41489251906,,,,2460000.0
2007-09-06,1043.41489251906,1040.977007256165,1040.977007256165,1043.41489251906,,1121.0,2460000.0
2007-09-07,,,1043.41489251906,,,,2460000.0
2007-09-10,,,1043.41489251906,,,,2460000.0
2007-09-11,1043.41489251906,1043.41489251906,1043.41489251906,1043.41489251906,,41.0,2460000.0
2007-09-12,1043.41489251906,1043.41489251906,1043.41489251906,1043.41489251906,,97.0,2460000.0
2007-09-13,1043.41489251906,1043.41489251906,1043.41489251906,1043.41489251906,,2200.0,2460000.0
2007-09-14,1043.41489251906,1043.41489251906,1043.41489251906,1043.41489251906,,1580.0,2460000.0
2007-09-17,1043.41489251906,1038.53912199327,1038.53912199327,1043.41489251906,,1367.0,2460000.0
2007-09-18,1038.53912199327,1038.53912199327,1038.53912199327,1038.53912199327,,545.0,2460000.0
2007-09-19,,,1038.53912199327,,,,2460000.0
2007-09-20,,,1038.53912199327,,,,2460000.0
2007-09-21,1038.53912199327,1038.53912199327,1038.53912199327,1038.53912199327,,800.0,2460000.0
2007-09-24,,,1038.53912199327,,,,2460000.0
2007-09-25,1038.53912199327,1036.8326023092434,1036.8326023092434,1038.53912199327,,1450.0,2460000.0
2007-09-26,1036.8326023092434,1036.101236730375,1036.101236730375,1036.8326023092434,,750.0,2460000.0
2007-09-27,,,1036.101236730375,,,,2460000.0
2007-09-28,,,1036.101236730375,,,,2460000.0
2007-10-01,1036.101236730375,1036.101236730375,1036.101236730375,1036.101236730375,,921.0,2460000.0
2007-10-02,1036.101236730375,1034.394717046349,1036.101236730375,1034.394717046349,,162.0,2460000.0
2007-10-03,1036.101236730375,1031.9568317834537,1032.4444088360326,1036.101236730375,,1834.0,2460000.0
2007-10-04,1032.4444088360326,1032.4444088360326,1032.4444088360326,1032.4444088360326,,383.0,2460000.0
2007-10-05,1032.4444088360326,1032.4444088360326,1032.4444088360326,1032.4444088360326,,225.0,2460000.0
2007-10-08,,,1032.688197362322,,,,2460000.0
2007-10-09,,,1032.688197362322,,,,2460000.0
2007-10-10,1062.771701506446,1032.688197362322,1032.688197362322,1032.688197362322,,546.0,2460000.0
2007-10-11,1058.04220409643,1032.688197362322,1032.688197362322,1032.688197362322,,627.0,2460000.0
2007-10-12,1078.520440304748,1032.688197362322,1032.688197362322,1032.688197362322,,500.0,2460000.0
2007-10-15,1072.6695156738,1032.688197362322,1032.688197362322,1032.688197362322,,452.0,2460000.0
2007-10-16,,,1032.688197362322,,,,2460000.0
2007-10-17,,,1032.688197362322,,,,2460000.0
2007-10-18,1032.688197362322,987.831108525054,1032.688197362322,1032.688197362322,,2451.0,2460000.0
2007-10-19,1038.53912199327,989.78141673537,1026.837272731374,1032.688197362322,,7650.0,2460000.0
2007-10-22,1027.812426836532,1024.886964521058,1024.886964521058,1026.837272731374,,500.0,2460000.0
2007-10-23,1027.812426836532,1024.886964521058,1024.886964521058,1024.886964521058,,500.0,2460000.0
2007-10-24,1029.762735046848,1024.886964521058,1028.78758094169,1024.886964521058,,1406.0,2460000.0
2007-10-25,,,1028.78758094169,,,,2460000.0
2007-10-26,1029.762735046848,1027.812426836532,1028.78758094169,1028.78758094169,,170.0,2460000.0
2007-10-29,1029.762735046848,1027.812426836532,1028.78758094169,1028.78758094169,,400.0,2460000.0
2007-10-30,,,1028.78758094169,,,,2460000.0
2007-10-31,1029.762735046848,1027.812426836532,1028.78758094169,1028.78758094169,,600.0,2460000.0
2007-11-01,,,1028.78758094169,,,,2460000.0
2007-11-02,1029.762735046848,1027.812426836532,1028.78758094169,1028.78758094169,,500.0,2460000.0
2007-11-05,1029.762735046848,1027.812426836532,1028.78758094169,1028.78758094169,,183.0,2460000.0
2007-11-06,,,1028.78758094169,,,,2460000.0
2007-11-07,,,1027.812426836532,,,,2460000.0
2007-11-08,,,1020.011193995268,,,,2460000.0
2007-11-09,,,1020.011193995268,,,,2460000.0
2007-11-12,,,1019.03603989011,,,,2460000.0
2007-11-13,,,1019.03603989011,,,,2460000.0
2007-11-14,,,1020.011193995268,,,,2460000.0
2007-11-15,,,1017.085731679794,,,,2460000.0
2007-11-16,,,1017.085731679794,,,,2460000.0
2007-11-19,1017.085731679794,1013.185115259162,1017.085731679794,1017.085731679794,,8000.0,2460000.0
2007-11-20,1009.28449883853,989.78141673537,989.78141673537,1009.28449883853,,450.0,2460000.0
2007-11-21,,,988.806262630212,,,,2460000.0
2007-11-22,988.806262630212,982.955337999264,982.955337999264,988.806262630212,,30.0,2460000.0
2007-11-23,,,982.955337999264,,,,2460000.0
2007-11-26,987.831108525054,975.154105158,980.02987568379,982.955337999264,,190.0,2460000.0
2007-11-27,,,980.02987568379,,,,2460000.0
2007-11-28,,,980.02987568379,,,,2460000.0
2007-11-29,,,980.02987568379,,,,2460000.0
2007-11-30,,,980.02987568379,,,,2460000.0
2007-12-03,,,980.02987568379,,,,2460000.0
2007-12-04,980.02987568379,975.154105158,980.02987568379,980.02987568379,,667.0,2460000.0
2007-12-05,980.02987568379,955.65102305484,960.52679358063,980.02987568379,,90.0,2460000.0
2007-12-06,975.154105158,950.77525252905,950.77525252905,960.52679358063,,139.0,2460000.0
2007-12-07,965.40256410642,943.461596740365,943.461596740365,951.750406634208,,451.0,2460000.0
2007-12-10,,,943.461596740365,,,,2460000.0
2007-12-11,943.461596740365,916.64485884852,916.64485884852,943.461596740365,,1030.0,2460000.0
2007-12-12,914.2069735856252,906.89331779694,906.89331779694,914.2069735856252,,66.0,2460000.0
2007-12-13,911.76908832273,906.89331779694,906.89331779694,906.89331779694,,579.0,2460000.0
2007-12-14,,,902.01754727115,,,,2460000.0
2007-12-17,,,889.828120956675,,,,2460000.0
2007-12-18,892.26600621957,889.828120956675,889.828120956675,892.26600621957,,1384.0,2460000.0
2007-12-19,,,889.828120956675,,,,2460000.0
2007-12-20,892.26600621957,888.8529668515171,889.828120956675,888.8529668515171,,100.0,2460000.0
2007-12-21,,,889.828120956675,,,,2460000.0
2007-12-24,,,889.828120956675,,,,2460000.0
2007-12-27,,,889.828120956675,,,,2460000.0
2007-12-28,,,889.828120956675,,,,2460000.0
2007-12-31,,,887.39023569378,,,,2460000.0
2008-01-02,,,889.828120956675,,,,2460000.0
2008-01-03,,,889.828120956675,,,,2460000.0
2008-01-04,892.26600621957,889.3405439040961,889.828120956675,889.3405439040961,,150.0,2460000.0
2008-01-07,,,887.39023569378,,,,2460000.0
2008-01-08,887.39023569378,882.51446516799,882.51446516799,886.902658641201,,302.0,2460000.0
2008-01-09,,,882.51446516799,,,,2460000.0
2008-01-10,,,882.51446516799,,,,2460000.0
2008-01-11,,,875.2008093793049,,,,2460000.0
2008-01-14,,,872.76292411641,,,,2460000.0
2008-01-15,882.51446516799,867.88715359062,867.88715359062,870.325038853515,,3.0,2460000.0
2008-01-16,,,860.573497801935,,,,2460000.0
2008-01-17,,,858.13561253904,,,,2460000.0
2008-01-18,,,853.25984201325,,,,2460000.0
2008-01-21,,,831.318874647195,,,,2460000.0
2008-01-22,848.38407148746,821.5673335956151,821.5673335956151,826.4431041214051,,150.0,2460000.0
2008-01-23,,,821.5673335956151,,,,2460000.0
2008-01-24,848.38407148746,821.5673335956151,821.5673335956151,821.5673335956151,,520.0,2460000.0
2008-01-25,,,821.5673335956151,,,,2460000.0
2008-01-28,,,816.691563069825,,,,2460000.0
2008-01-29,838.63253043588,760.6202020232399,802.064251492455,816.691563069825,,1558.0,2460000.0
2008-01-30,,,782.561169389295,,,,2460000.0
2008-01-31,755.74443149745,721.61403781692,755.74443149745,777.685398863505,,1344.0,2460000.0
2008-02-01,778.172975916084,706.9867262395501,745.99289044587,763.058087286135,,1459.0,2460000.0
2008-02-04,770.3717430748201,745.99289044587,770.3717430748201,745.99289044587,,700.0,2460000.0
2008-02-05,824.00521885851,741.1171199200801,789.8748251779799,775.24751360061,,3950.0,2460000.0
2008-02-06,794.75059570377,755.74443149745,794.75059570377,789.8748251779799,,120.0,2460000.0
2008-02-07,,,796.7009039140861,,,,2460000.0
2008-02-08,855.2101502235661,811.8157925440349,811.8157925440349,796.7009039140861,,300.0,2460000.0
2008-02-11,,,811.8157925440349,,,,2460000.0
2008-02-12,,,811.8157925440349,,,,2460000.0
2008-02-13,811.8157925440349,774.7599365480311,811.8157925440349,811.8157925440349,,1000.0,2460000.0
2008-02-14,,,811.8157925440349,,,,2460000.0
2008-02-15,855.2101502235661,774.7599365480311,811.8157925440349,811.8157925440349,,580.0,2460000.0
2008-02-18,,,814.25367780693,,,,2460000.0
2008-02-19,,,814.25367780693,,,,2460000.0
2008-02-20,,,811.8157925440349,,,,2460000.0
2008-02-21,811.8157925440349,774.7599365480311,811.8157925440349,811.8157925440349,,247.0,2460000.0
2008-02-22,814.25367780693,775.24751360061,814.25367780693,811.8157925440349,,1845.0,2460000.0
2008-02-25,819.12944833272,780.1232841264,819.12944833272,811.8157925440349,,2713.0,2460000.0
2008-02-26,819.12944833272,771.346897179978,819.12944833272,819.12944833272,,933.0,2460000.0
2008-02-27,,,811.8157925440349,,,,2460000.0
2008-02-28,,,809.37790728114,,,,2460000.0
2008-02-29,,,809.37790728114,,,,2460000.0
2008-03-03,,,809.37790728114,,,,2460000.0
2008-03-04,809.37790728114,765.4959725490301,809.37790728114,809.37790728114,,1420.0,2460000.0
2008-03-05,809.37790728114,774.2723594954521,809.37790728114,809.37790728114,,300.0,2460000.0
2008-03-06,,,809.37790728114,,,,2460000.0
2008-03-07,,,809.37790728114,,,,2460000.0
2008-03-10,809.37790728114,765.4959725490301,809.37790728114,809.37790728114,,2337.0,2460000.0
2008-03-11,809.37790728114,765.4959725490301,809.37790728114,809.37790728114,,600.0,2460000.0
2008-03-12,,,809.37790728114,,,,2460000.0
2008-03-13,,,809.37790728114,,,,2460000.0
2008-03-14,,,809.37790728114,,,,2460000.0
2008-03-17,809.37790728114,765.4959725490301,809.37790728114,809.37790728114,,1152.0,2460000.0
2008-03-18,809.37790728114,765.4959725490301,809.37790728114,809.37790728114,,1500.0,2460000.0
2008-03-19,850.3343796977761,741.1171199200801,789.8748251779799,809.37790728114,,3076.0,2460000.0
2008-03-20,809.37790728114,726.48980834271,770.3717430748201,785.486631704769,,3700.0,2460000.0
2008-03-25,,,770.3717430748201,,,,2460000.0
2008-03-26,,,767.933857811925,,,,2460000.0
2008-03-27,,,767.933857811925,,,,2460000.0
2008-03-28,,,767.933857811925,,,,2460000.0
2008-03-31,780.1232841264,767.933857811925,767.933857811925,767.933857811925,,57.0,2460000.0
2008-04-01,,,767.933857811925,,,,2460000.0
2008-04-02,760.6202020232399,721.61403781692,760.6202020232399,767.933857811925,,544.0,2460000.0
2008-04-03,760.6202020232399,713.325227923077,760.6202020232399,761.595356128398,,1636.0,2460000.0
2008-04-04,,,760.6202020232399,,,,2460000.0
2008-04-07,799.6263662295601,711.8624967653401,760.6202020232399,760.6202020232399,,11651.0,2460000.0
2008-04-08,,,760.6202020232399,753.306546234555,,,2460000.0
2008-04-09,799.6263662295601,760.6202020232399,760.6202020232399,760.6202020232399,,727.0,2460000.0
2008-04-10,760.6202020232399,760.6202020232399,760.6202020232399,760.6202020232399,,6400.0,2460000.0
2008-04-11,799.6263662295601,760.6202020232399,760.6202020232399,760.6202020232399,,2500.0,2460000.0
2008-04-14,758.182316760345,711.8624967653401,758.182316760345,760.6202020232399,,1667.0,2460000.0
2008-04-15,760.6202020232399,711.8624967653401,760.6202020232399,758.182316760345,,8054.0,2460000.0
2008-04-16,813.278523701772,765.4959725490301,765.4959725490301,760.6202020232399,,110.0,2460000.0
2008-04-17,,,777.685398863505,,,,2460000.0
2008-04-18,780.1232841264,736.2413493942901,780.1232841264,777.685398863505,,120.0,2460000.0
2008-04-21,,,780.1232841264,,,,2460000.0
2008-04-22,,,780.1232841264,,,,2460000.0
2008-04-23,780.1232841264,731.3655788684999,780.1232841264,780.1232841264,,1400.0,2460000.0
2008-04-24,780.1232841264,736.2413493942901,780.1232841264,780.1232841264,,1000.0,2460000.0
2008-04-25,,,780.1232841264,,,,2460000.0
2008-04-28,,,780.1232841264,,,,2460000.0
2008-04-29,,,780.1232841264,780.1232841264,,10000.0,2460000.0
2008-04-30,,,780.1232841264,,,,2460000.0
2008-05-01,,,780.1232841264,,,,2460000.0
2008-05-02,,,780.1232841264,,,,2460000.0
2008-05-06,,,782.561169389295,,,,2460000.0
2008-05-07,,,782.561169389295,,,,2460000.0
2008-05-08,814.25367780693,782.561169389295,782.561169389295,782.561169389295,,1500.0,2460000.0
2008-05-09,,,782.561169389295,,,,2460000.0
2008-05-12,,,782.561169389295,,,,2460000.0
2008-05-13,827.905835279142,741.1171199200801,784.99905465219,782.561169389295,,2009.0,2460000.0
2008-05-14,,,787.436939915085,,,,2460000.0
2008-05-15,787.436939915085,741.1171199200801,787.436939915085,787.436939915085,,1000.0,2460000.0
2008-05-16,,,787.436939915085,,,,2460000.0
2008-05-19,,,787.436939915085,,,,2460000.0
2008-05-20,,,787.436939915085,,,,2460000.0
2008-05-21,787.436939915085,745.99289044587,787.436939915085,787.436939915085,,900.0,2460000.0
2008-05-22,,,787.436939915085,,,,2460000.0
2008-05-23,787.436939915085,741.1171199200801,787.436939915085,787.436939915085,,1383.0,2460000.0
2008-05-27,787.436939915085,741.1171199200801,787.436939915085,787.436939915085,,600.0,2460000.0
2008-05-28,,,787.436939915085,,,,2460000.0
2008-05-29,,,787.436939915085,787.436939915085,,10000.0,2460000.0
2008-05-30,,,787.436939915085,,,,2460000.0
2008-06-02,,,787.436939915085,,,,2460000.0
2008-06-03,787.436939915085,741.1171199200801,787.436939915085,787.436939915085,,372.0,2460000.0
2008-06-04,,,787.436939915085,,,,2460000.0
2008-06-05,,,787.436939915085,,,,2460000.0
2008-06-06,,,787.436939915085,,,,2460000.0
2008-06-09,,,784.99905465219,,,,2460000.0
2008-06-10,784.99905465219,736.2413493942901,784.99905465219,784.99905465219,,800.0,2460000.0
2008-06-11,784.99905465219,741.1171199200801,784.99905465219,784.99905465219,,4760.0,2460000.0
2008-06-12,830.831297594616,736.2413493942901,782.561169389295,784.99905465219,,1505.0,2460000.0
2008-06-13,777.685398863505,737.2165034994481,777.685398863505,782.561169389295,,100.0,2460000.0
2008-06-16,,,775.24751360061,,,,2460000.0
2008-06-17,775.24751360061,727.464962447868,775.24751360061,775.24751360061,,100.0,2460000.0
2008-06-18,,,772.809628337715,,,,2460000.0
2008-06-19,,,772.809628337715,,,,2460000.0
2008-06-20,,,772.809628337715,,,,2460000.0
2008-06-23,,,772.809628337715,,,,2460000.0
2008-06-24,,,772.809628337715,,,,2460000.0
2008-06-25,,,765.4959725490301,,,,2460000.0
2008-06-26,,,765.4959725490301,,,,2460000.0
2008-06-27,,,765.4959725490301,,,,2460000.0
2008-06-30,,,765.4959725490301,,,,2460000.0
2008-07-01,763.058087286135,717.713421396288,763.058087286135,765.4959725490301,,300.0,2460000.0
2008-07-02,763.058087286135,726.48980834271,763.058087286135,763.058087286135,,675.0,2460000.0
2008-07-03,,,763.058087286135,,,,2460000.0
2008-07-04,,,763.058087286135,,,,2460000.0
2008-07-07,,,760.6202020232399,,,,2460000.0
2008-07-08,719.1761525540251,692.35941466218,719.1761525540251,758.182316760345,,1000.0,2460000.0
2008-07-09,731.3655788684999,653.35325045586,702.11095571376,719.1761525540251,,1177.0,2460000.0
2008-07-10,,,702.11095571376,,,,2460000.0
2008-07-11,,,677.7321030848101,,,,2460000.0
2008-07-14,,,675.2942178219149,,,,2460000.0
2008-07-15,619.22285677533,575.34092204322,616.7849715124349,670.418447296125,,7750.0,2460000.0
2008-07-16,616.7849715124349,570.4651515174301,616.7849715124349,616.7849715124349,,2143.0,2460000.0
2008-07-17,616.7849715124349,570.4651515174301,616.7849715124349,616.7849715124349,,12000.0,2460000.0
2008-07-18,643.60170940428,565.58938099164,614.34708624954,616.7849715124349,,2300.0,2460000.0
2008-07-21,643.60170940428,594.84400414638,616.7849715124349,614.34708624954,,5200.0,2460000.0
2008-07-22,,,616.7849715124349,,,,2460000.0
2008-07-23,672.85633255902,631.412283089805,631.412283089805,616.7849715124349,,2499.0,2460000.0
2008-07-24,672.85633255902,631.412283089805,631.412283089805,631.412283089805,,1292.0,2460000.0
2008-07-25,,,631.412283089805,,,,2460000.0
2008-07-28,,,631.412283089805,,,,2460000.0
2008-07-29,,,631.412283089805,,,,2460000.0
2008-07-30,,,631.412283089805,,,,2460000.0
2008-07-31,,,650.915365192965,,,,2460000.0
2008-08-01,,,650.915365192965,,,,2460000.0
2008-08-04,677.7321030848101,650.915365192965,650.915365192965,650.915365192965,,200.0,2460000.0
2008-08-05,,,650.915365192965,,,,2460000.0
2008-08-06,,,650.915365192965,,,,2460000.0
2008-08-07,677.7321030848101,677.7321030848101,677.7321030848101,650.915365192965,,200.0,2460000.0
2008-08-08,,,677.7321030848101,,,,2460000.0
2008-08-11,,,677.7321030848101,,,,2460000.0
2008-08-12,,,677.7321030848101,,,,2460000.0
2008-08-13,,,692.35941466218,,,,2460000.0
2008-08-14,692.35941466218,653.35325045586,692.35941466218,692.35941466218,,3500.0,2460000.0
2008-08-15,,,694.797299925075,,,,2460000.0
2008-08-18,,,694.797299925075,,,,2460000.0
2008-08-19,697.2351851879699,658.22902098165,697.2351851879699,694.797299925075,,1700.0,2460000.0
2008-08-20,,,697.2351851879699,,,,2460000.0
2008-08-21,,,699.673070450865,,,,2460000.0
2008-08-22,,,699.673070450865,,,,2460000.0
2008-08-26,,,699.673070450865,,,,2460000.0
2008-08-27,726.48980834271,682.6078736106,682.6078736106,682.6078736106,,94.0,2460000.0
2008-08-28,706.9867262395501,680.169988347705,680.169988347705,680.169988347705,,25.0,2460000.0
2008-08-29,667.98056203323,628.97439782691,667.98056203323,680.169988347705,,1350.0,2460000.0
2008-09-01,,,653.35325045586,,,,2460000.0
2008-09-02,,,655.7911357187551,,,,2460000.0
2008-09-03,653.35325045586,594.84400414638,653.35325045586,655.7911357187551,,3000.0,2460000.0
2008-09-04,,,653.35325045586,653.35325045586,,10000.0,2460000.0
2008-09-05,,,650.915365192965,,,,2460000.0
2008-09-08,,,650.915365192965,,,,2460000.0
2008-09-09,,,650.915365192965,,,,2460000.0
2008-09-10,650.915365192965,604.5955451979601,650.915365192965,650.915365192965,,950.0,2460000.0
2008-09-11,,,650.915365192965,,,,2460000.0
2008-09-12,,,658.22902098165,653.35325045586,,17500.0,2460000.0
2008-09-15,,,653.35325045586,,,,2460000.0
2008-09-16,,,628.97439782691,,,,2460000.0
2008-09-17,,,628.97439782691,,,,2460000.0
2008-09-18,,,628.97439782691,,,,2460000.0
2008-09-19,,,638.72593887849,,,,2460000.0
2008-09-22,,,631.412283089805,,,,2460000.0
2008-09-23,,,631.412283089805,,,,2460000.0
2008-09-24,,,631.412283089805,,,,2460000.0
2008-09-25,,,631.412283089805,,,,2460000.0
2008-09-26,,,631.412283089805,,,,2460000.0
2008-09-29,631.412283089805,585.0924630948,631.412283089805,631.412283089805,,500.0,2460000.0
2008-09-30,658.22902098165,631.412283089805,631.412283089805,631.412283089805,,36.0,2460000.0
2008-10-01,,,631.412283089805,,,,2460000.0
2008-10-02,658.22902098165,585.0924630948,631.412283089805,631.412283089805,,1622.0,2460000.0
2008-10-03,,,621.6607420382251,,,,2460000.0
2008-10-06,643.60170940428,594.84400414638,594.84400414638,621.6607420382251,,1112.0,2460000.0
2008-10-07,555.83783994006,536.3347578369,555.83783994006,589.9682336205899,,1000.0,2460000.0
2008-10-08,,,504.642249419265,,,,2460000.0
2008-10-09,,,521.70744625953,,,,2460000.0
2008-10-10,,,529.021102048215,,,,2460000.0
2008-10-13,582.167000779326,541.2105283626901,541.2105283626901,531.4589873111099,,1000.0,2460000.0
2008-10-14,604.5955451979601,521.70744625953,604.5955451979601,548.524184151375,,1550.0,2460000.0
2008-10-15,,,607.033430460855,,,,2460000.0
2008-10-16,,,603.620391092802,,,,2460000.0
2008-10-17,,,601.182505829907,,,,2460000.0
2008-10-20,,,603.620391092802,,,,2460000.0
2008-10-21,,,604.5955451979601,,,,2460000.0
2008-10-22,,,602.157659935065,,,,2460000.0
2008-10-23,,,602.157659935065,,,,2460000.0
2008-10-24,,,602.157659935065,,,,2460000.0
2008-10-27,555.83783994006,487.577052579,536.3347578369,602.157659935065,,6157.0,2460000.0
2008-10-28,,,516.83167573374,,,,2460000.0
2008-10-29,,,511.9559052079501,516.83167573374,1.0,9000.0,2460000.0
2008-10-30,,,511.9559052079501,,,,2460000.0
2008-10-31,,,504.642249419265,,,,2460000.0
2008-11-03,,,499.76647889347504,,,,2460000.0
2008-11-04,,,499.76647889347504,,,,2460000.0
2008-11-05,546.08629888848,504.642249419265,504.642249419265,499.76647889347504,1.0,1000.0,2460000.0
2008-11-06,,,504.642249419265,,,,2460000.0
2008-11-07,,,507.08013468216,,,,2460000.0
2008-11-10,,,507.08013468216,,,,2460000.0
2008-11-11,,,507.08013468216,,,,2460000.0
2008-11-12,,,507.08013468216,,,,2460000.0
2008-11-13,490.014937841895,487.577052579,490.014937841895,497.32859363058,1.0,1000.0,2460000.0
2008-11-14,,,490.014937841895,490.014937841895,1.0,1000.0,2460000.0
2008-11-17,,,482.7012820532101,,,,2460000.0
2008-11-18,,,475.387626264525,,,,2460000.0
2008-11-19,518.781983944056,475.387626264525,475.387626264525,475.387626264525,1.0,160.0,2460000.0
2008-11-20,,,465.636085212945,,,,2460000.0
2008-11-21,,,455.884544161365,,,,2460000.0
2008-11-24,,,446.133003109785,,,,2460000.0
2008-11-25,,,446.133003109785,,,,2460000.0
2008-11-26,,,436.381462058205,,,,2460000.0
2008-11-27,,,436.381462058205,,,,2460000.0
2008-11-28,,,412.002609429255,,,,2460000.0
2008-12-01,,,412.002609429255,,,,2460000.0
2008-12-02,,,409.56472416636,,,,2460000.0
2008-12-03,394.93741258899,355.93124838267005,394.93741258899,409.56472416636,1.0,1202.0,2460000.0
2008-12-04,,,387.623756800305,,,,2460000.0
2008-12-05,,,399.81318311478,,,,2460000.0
2008-12-08,409.56472416636,399.81318311478,409.56472416636,399.81318311478,1.0,1040.0,2460000.0
2008-12-09,,,419.31626521794,409.56472416636,1.0,1040.0,2460000.0
2008-12-10,,,419.31626521794,,,,2460000.0
2008-12-11,421.754150480835,375.43433048583,421.754150480835,421.754150480835,1.0,2000.0,2460000.0
2008-12-12,,,421.754150480835,,,,2460000.0
2008-12-15,,,421.754150480835,,,,2460000.0
2008-12-16,,,421.754150480835,,,,2460000.0
2008-12-17,,,421.754150480835,,,,2460000.0
2008-12-18,,,421.754150480835,,,,2460000.0
2008-12-19,,,421.754150480835,,,,2460000.0
2008-12-22,,,421.754150480835,,,,2460000.0
2008-12-23,,,421.754150480835,,,,2460000.0
2008-12-24,,,421.754150480835,,,,2460000.0
2008-12-29,468.07397047584,429.06780626952,429.06780626952,421.754150480835,2.0,2450.0,2460000.0
2008-12-30,,,429.06780626952,,,,2460000.0
2008-12-31,429.06780626952,394.93741258899,429.06780626952,429.06780626952,1.0,225.0,2460000.0
2009-01-02,,,429.06780626952,,,,2460000.0
2009-01-05,462.223045844892,436.381462058205,436.381462058205,429.06780626952,1.0,176.0,2460000.0
2009-01-06,,,436.381462058205,,,,2460000.0
2009-01-07,,,436.381462058205,,,,2460000.0
2009-01-08,,,436.381462058205,,,,2460000.0
2009-01-09,436.381462058205,390.0616420632,436.381462058205,436.381462058205,1.0,860.0,2460000.0
2009-01-12,,,436.381462058205,,,,2460000.0
2009-01-13,476.850357422262,436.381462058205,436.381462058205,436.381462058205,1.0,131.0,2460000.0
2009-01-14,,,436.381462058205,,,,2460000.0
2009-01-15,,,436.381462058205,,,,2460000.0
2009-01-16,,,436.381462058205,,,,2460000.0
2009-01-19,,,436.381462058205,,,,2460000.0
2009-01-20,,,436.381462058205,,,,2460000.0
2009-01-21,,,436.381462058205,,,,2460000.0
2009-01-22,,,436.381462058205,,,,2460000.0
2009-01-23,,,436.381462058205,,,,2460000.0
2009-01-26,,,436.381462058205,,,,2460000.0
2009-01-27,,,436.381462058205,,,,2460000.0
2009-01-28,,,436.381462058205,,,,2460000.0
2009-01-29,,,436.381462058205,,,,2460000.0
2009-01-30,436.381462058205,404.68895364057,436.381462058205,436.381462058205,2.0,775.0,2460000.0
2009-02-02,,,436.381462058205,,,,2460000.0
2009-02-03,436.381462058205,394.93741258899,436.381462058205,436.381462058205,1.0,500.0,2460000.0
2009-02-04,,,436.381462058205,,,,2460000.0
2009-02-05,,,436.381462058205,,,,2460000.0
2009-02-06,453.44665889847,436.381462058205,436.381462058205,436.381462058205,1.0,4000.0,2460000.0
2009-02-09,,,436.381462058205,,,,2460000.0
2009-02-10,436.381462058205,390.0616420632,436.381462058205,436.381462058205,1.0,600.0,2460000.0
2009-02-11,476.850357422262,436.381462058205,436.381462058205,436.381462058205,1.0,158.0,2460000.0
2009-02-12,,,436.381462058205,,,,2460000.0
2009-02-13,436.381462058205,380.31010101162,436.381462058205,436.381462058205,1.0,1300.0,2460000.0
2009-02-16,,,416.878379955045,,,,2460000.0
2009-02-17,,,412.002609429255,,,,2460000.0
2009-02-18,394.93741258899,365.68278943425,394.93741258899,412.002609429255,1.0,500.0,2460000.0
2009-02-19,,,394.93741258899,,,,2460000.0
2009-02-20,,,394.93741258899,,,,2460000.0
2009-02-23,,,394.93741258899,,,,2460000.0
2009-02-24,,,382.74798627451503,,,,2460000.0
2009-02-25,,,382.74798627451503,,,,2460000.0
2009-02-26,,,382.74798627451503,,,,2460000.0
2009-02-27,,,382.74798627451503,,,,2460000.0
2009-03-02,,,380.31010101162,,,,2460000.0
2009-03-03,,,375.43433048583,,,,2460000.0
2009-03-04,,,360.80701890846,,,,2460000.0
2009-03-05,,,360.80701890846,,,,2460000.0
2009-03-06,,,355.93124838267005,,,,2460000.0
2009-03-09,,,353.49336311977504,,,,2460000.0
2009-03-10,324.23873996503505,312.04931365056,324.23873996503505,351.05547785688,1.0,500.0,2460000.0
2009-03-11,309.611428387665,309.611428387665,309.611428387665,314.487198913455,3.0,3150.0,2460000.0
2009-03-12,290.108346284505,253.54006734108,290.108346284505,307.17354312477,2.0,1000.0,2460000.0
2009-03-13,,,268.16737891845,,,,2460000.0
2009-03-16,277.91891997003,268.16737891845,277.91891997003,268.16737891845,1.0,400.0,2460000.0
2009-03-17,,,277.91891997003,,,,2460000.0
2009-03-18,,,277.91891997003,,,,2460000.0
2009-03-19,,,277.91891997003,,,,2460000.0
2009-03-20,,,277.91891997003,,,,2460000.0
2009-03-23,,,275.481034707135,,,,2460000.0
2009-03-24,,,273.04314944424,,,,2460000.0
2009-03-25,,,270.60526418134504,,,,2460000.0
2009-03-26,268.16737891845,224.28544418634,268.16737891845,268.16737891845,1.0,6400.0,2460000.0
2009-03-27,,,260.853723129765,,1.0,,2460000.0
2009-03-30,,,241.35064102660505,,,,2460000.0
2009-03-31,245.4950459735265,219.40967366055,219.40967366055,231.599099975025,2.0,558.0,2460000.0
2009-04-01,226.235752396656,180.40350945423,214.53390313476,219.40967366055,4.0,6340.0,2460000.0
2009-04-02,,,214.53390313476,,,,2460000.0
2009-04-03,,,209.65813260897,,,,2460000.0
2009-04-06,219.40967366055,175.52773892844,209.65813260897,209.65813260897,4.0,19400.0,2460000.0
2009-04-07,219.40967366055,212.096017871865,212.096017871865,212.096017871865,2.0,2400.0,2460000.0
2009-04-08,243.7885262895,199.90659155739,243.7885262895,212.096017871865,2.0,1000.0,2460000.0
2009-04-09,253.54006734108,253.54006734108,253.54006734108,248.66429681529,1.0,1475.0,2460000.0
2009-04-14,,,263.29160839266,,,,2460000.0
2009-04-15,273.04314944424,243.7885262895,273.04314944424,265.72949365555496,1.0,500.0,2460000.0
2009-04-16,,,273.04314944424,,,,2460000.0
2009-04-17,,,282.79469049582,,,,2460000.0
2009-04-20,,,282.79469049582,,,,2460000.0
2009-04-21,,,282.79469049582,,,,2460000.0
2009-04-22,282.79469049582,253.54006734108,282.79469049582,282.79469049582,1.0,600.0,2460000.0
2009-04-23,,,282.79469049582,,,,2460000.0
2009-04-24,,,287.67046102161,,,,2460000.0
2009-04-27,,,292.5462315474,,,,2460000.0
2009-04-28,,,294.9841168102949,,,,2460000.0
2009-04-29,,,307.17354312477,,,,2460000.0
2009-04-30,,,326.67662522793,,,,2460000.0
2009-05-01,,,326.67662522793,326.67662522793,1.0,21500.0,2460000.0
2009-05-05,,,333.990281016615,,,,2460000.0
2009-05-06,341.3039368053,302.29777259898003,336.42816627951,333.990281016615,3.0,19400.0,2460000.0
2009-05-07,,,351.05547785688,,,,2460000.0
2009-05-08,355.93124838267005,353.49336311977504,353.49336311977504,351.05547785688,1.0,6880.0,2460000.0
2009-05-11,390.0616420632,336.42816627951,360.80701890846,355.93124838267005,3.0,6950.0,2460000.0
2009-05-12,365.68278943425,365.68278943425,365.68278943425,365.68278943425,1.0,4000.0,2460000.0
2009-05-13,,,365.68278943425,,,,2460000.0
2009-05-14,,,355.93124838267005,,,,2460000.0
2009-05-15,,,353.49336311977504,,,,2460000.0
2009-05-18,,,353.49336311977504,,,,2460000.0
2009-05-19,,,363.244904171355,,,,2460000.0
2009-05-20,377.872215748725,375.43433048583,377.872215748725,363.244904171355,2.0,11000.0,2460000.0
2009-05-21,385.1858715374101,377.872215748725,377.872215748725,377.872215748725,1.0,10925.0,2460000.0
2009-05-22,,,380.31010101162,380.31010101162,1.0,10925.0,2460000.0
2009-05-26,,,380.31010101162,,,,2460000.0
2009-05-27,,,380.31010101162,,,,2460000.0
2009-05-28,,,380.31010101162,,,,2460000.0
2009-05-29,,,380.31010101162,,,,2460000.0
2009-06-01,380.31010101162,372.508868170356,380.31010101162,380.31010101162,1.0,913.0,2460000.0
2009-06-02,,,380.31010101162,,,,2460000.0
2009-06-03,,,380.31010101162,,,,2460000.0
2009-06-04,,,380.31010101162,,,,2460000.0
2009-06-05,,,380.31010101162,,,,2460000.0
2009-06-08,380.31010101162,372.508868170356,380.31010101162,380.31010101162,1.0,5000.0,2460000.0
2009-06-09,,,380.31010101162,,,,2460000.0
2009-06-10,384.698294484831,377.872215748725,377.872215748725,380.31010101162,1.0,249.0,2460000.0
2009-06-11,377.872215748725,360.80701890846,377.872215748725,377.872215748725,2.0,2000.0,2460000.0
2009-06-12,,,377.872215748725,,,,2460000.0
2009-06-15,385.1858715374101,360.80701890846,377.872215748725,377.872215748725,3.0,1198.0,2460000.0
2009-06-16,,,377.872215748725,,,,2460000.0
2009-06-17,,,377.872215748725,,,,2460000.0
2009-06-18,,,377.872215748725,377.872215748725,1.0,18000.0,2460000.0
2009-06-19,,,377.872215748725,,,,2460000.0
2009-06-22,,,377.872215748725,,,,2460000.0
2009-06-23,368.120674697145,360.80701890846,368.120674697145,377.872215748725,1.0,600.0,2460000.0
2009-06-24,,,368.120674697145,,,,2460000.0
2009-06-25,,,368.120674697145,,,,2460000.0
2009-06-26,374.946753433251,368.120674697145,368.120674697145,368.120674697145,1.0,660.0,2460000.0
2009-06-29,368.120674697145,351.05547785688,368.120674697145,368.120674697145,1.0,1280.0,2460000.0
2009-06-30,,,368.120674697145,368.120674697145,1.0,680.0,2460000.0
2009-07-01,,,368.120674697145,,,,2460000.0
2009-07-02,,,365.68278943425,368.120674697145,1.0,15000.0,2460000.0
2009-07-03,,,363.244904171355,,,,2460000.0
2009-07-06,,,363.244904171355,,,,2460000.0
2009-07-07,363.244904171355,346.17970733109,363.244904171355,363.244904171355,3.0,4000.0,2460000.0
2009-07-08,,,363.244904171355,,,,2460000.0
2009-07-09,,,360.80701890846,360.80701890846,2.0,14000.0,2460000.0
2009-07-10,360.80701890846,346.17970733109,360.80701890846,360.80701890846,1.0,1500.0,2460000.0
2009-07-13,,,360.80701890846,,,,2460000.0
2009-07-14,,,363.244904171355,,,,2460000.0
2009-07-15,,,363.244904171355,,,,2460000.0
2009-07-16,,,363.244904171355,,,,2460000.0
2009-07-17,,,363.244904171355,,,,2460000.0
2009-07-20,363.244904171355,355.93124838267005,363.244904171355,363.244904171355,1.0,700.0,2460000.0
2009-07-21,,,363.244904171355,,,,2460000.0
2009-07-22,,,363.244904171355,,,,2460000.0
2009-07-23,363.244904171355,351.05547785688,363.244904171355,363.244904171355,2.0,82870.0,2460000.0
2009-07-24,,,363.244904171355,,,,2460000.0
2009-07-27,,,363.244904171355,,,,2460000.0
2009-07-28,,,363.244904171355,,,,2460000.0
2009-07-29,,,363.244904171355,,,,2460000.0
2009-07-30,,,363.244904171355,,,,2460000.0
2009-07-31,,,363.244904171355,,,,2460000.0
2009-08-03,,,363.244904171355,,,,2460000.0
2009-08-04,363.244904171355,348.130015541406,363.244904171355,363.244904171355,1.0,600.0,2460000.0
2009-08-05,,,363.244904171355,,,,2460000.0
2009-08-06,,,363.244904171355,,,,2460000.0
2009-08-07,,,363.244904171355,,,,2460000.0
2009-08-10,,,363.244904171355,,,,2460000.0
2009-08-11,,,363.244904171355,,,,2460000.0
2009-08-12,,,363.244904171355,,,,2460000.0
2009-08-13,,,363.244904171355,,,,2460000.0
2009-08-14,390.0616420632,375.43433048583,390.0616420632,363.244904171355,2.0,7000.0,2460000.0
2009-08-17,,,390.0616420632,,,,2460000.0
2009-08-18,390.0616420632,370.55855996004,390.0616420632,390.0616420632,1.0,4100.0,2460000.0
2009-08-19,390.0616420632,390.0616420632,390.0616420632,390.0616420632,2.0,21829.0,2460000.0
2009-08-20,,,390.0616420632,,,,2460000.0
2009-08-21,,,390.0616420632,,,,2460000.0
2009-08-24,,,390.0616420632,,,,2460000.0
2009-08-25,,,390.0616420632,,,,2460000.0
2009-08-26,390.0616420632,373.484022275514,390.0616420632,387.623756800305,1.0,515.0,2460000.0
2009-08-27,,,390.0616420632,,,,2460000.0
2009-08-28,,,390.0616420632,,,,2460000.0
2009-09-01,,,392.499527326095,,,,2460000.0
2009-09-02,,,390.0616420632,,,,2460000.0
2009-09-03,,,390.0616420632,,,,2460000.0
2009-09-04,,,390.0616420632,,,,2460000.0
2009-09-07,,,399.81318311478,,,,2460000.0
2009-09-08,414.44049469215,402.251068377675,402.251068377675,399.81318311478,1.0,100.0,2460000.0
2009-09-09,,,402.251068377675,,,,2460000.0
2009-09-10,,,404.68895364057,,,,2460000.0
2009-09-11,,,404.68895364057,,,,2460000.0
2009-09-14,402.251068377675,385.1858715374101,402.251068377675,404.68895364057,1.0,2600.0,2460000.0
2009-09-15,402.251068377675,385.1858715374101,402.251068377675,402.251068377675,1.0,1288.0,2460000.0
2009-09-16,,,407.126838903465,,,,2460000.0
2009-09-17,,,407.126838903465,,,,2460000.0
2009-09-18,,,407.126838903465,,,,2460000.0
2009-09-21,407.126838903465,394.93741258899,407.126838903465,407.126838903465,1.0,670.0,2460000.0
2009-09-22,407.126838903465,382.260409221936,407.126838903465,407.126838903465,2.0,10200.0,2460000.0
2009-09-23,,,402.251068377675,,,,2460000.0
2009-09-24,,,399.81318311478,,,,2460000.0
2009-09-25,,,399.81318311478,,,,2460000.0
2009-09-28,,,399.81318311478,,,,2460000.0
2009-09-29,,,399.81318311478,,,,2460000.0
2009-09-30,409.56472416636,390.0616420632,399.81318311478,399.81318311478,3.0,2509.0,2460000.0
2009-10-01,409.56472416636,370.55855996004,394.93741258899,399.81318311478,3.0,6073.0,2460000.0
2009-10-02,,,394.93741258899,394.93741258899,1.0,923.0,2460000.0
2009-10-05,429.06780626952,409.56472416636,409.56472416636,394.93741258899,1.0,10.0,2460000.0
2009-10-06,,,409.56472416636,,,,2460000.0
2009-10-07,409.56472416636,390.0616420632,409.56472416636,409.56472416636,1.0,2000.0,2460000.0
2009-10-08,,,409.56472416636,,,,2460000.0
2009-10-09,,,409.56472416636,,,,2460000.0
2009-10-12,,,409.56472416636,,,,2460000.0
2009-10-13,,,409.56472416636,,,,2460000.0
2009-10-14,,,409.56472416636,,,,2460000.0
2009-10-15,419.31626521794,409.56472416636,409.56472416636,409.56472416636,1.0,1565.0,2460000.0
2009-10-16,,,409.56472416636,,,,2460000.0
2009-10-19,,,419.31626521794,,,,2460000.0
2009-10-20,,,419.31626521794,,,,2460000.0
2009-10-21,,,419.31626521794,419.31626521794,1.0,17555.0,2460000.0
2009-10-22,,,419.31626521794,,,,2460000.0
2009-10-23,,,419.31626521794,,,,2460000.0
2009-10-26,,,419.31626521794,,,,2460000.0
2009-10-27,419.31626521794,419.31626521794,419.31626521794,419.31626521794,1.0,1000.0,2460000.0
2009-10-28,,,419.31626521794,,,,2460000.0
2009-10-29,,,419.31626521794,,,,2460000.0
2009-10-30,,,414.44049469215,,,,2460000.0
2009-11-02,,,414.44049469215,,,,2460000.0
2009-11-03,409.56472416636,399.81318311478,409.56472416636,414.44049469215,1.0,464.0,2460000.0
2009-11-04,429.06780626952,409.56472416636,409.56472416636,409.56472416636,1.0,675.0,2460000.0
2009-11-05,,,404.68895364057,,,,2460000.0
2009-11-06,390.0616420632,380.31010101162,390.0616420632,399.81318311478,1.0,913.0,2460000.0
2009-11-09,,,390.0616420632,,,,2460000.0
2009-11-10,,,390.0616420632,,,,2460000.0
2009-11-11,,,390.0616420632,,,,2460000.0
2009-11-12,,,390.0616420632,,,,2460000.0
2009-11-13,,,390.0616420632,,,,2460000.0
2009-11-16,,,399.81318311478,394.93741258899,1.0,7500.0,2460000.0
2009-11-17,,,404.68895364057,,,,2460000.0
2009-11-18,,,404.68895364057,,,,2460000.0
2009-11-19,,,402.251068377675,,,,2460000.0
2009-11-20,402.251068377675,390.0616420632,402.251068377675,402.251068377675,1.0,400.0,2460000.0
2009-11-23,409.56472416636,390.0616420632,409.56472416636,402.251068377675,1.0,3760.0,2460000.0
2009-11-24,412.002609429255,399.81318311478,412.002609429255,409.56472416636,1.0,2000.0,2460000.0
2009-11-25,414.44049469215,399.81318311478,414.44049469215,412.002609429255,1.0,350.0,2460000.0
2009-11-26,395.912566694148,395.912566694148,414.44049469215,414.44049469215,1.0,3600.0,2460000.0
2009-11-27,,,407.126838903465,,,,2460000.0
2009-11-30,,,407.126838903465,,,,2460000.0
2009-12-01,412.002609429255,390.0616420632,412.002609429255,407.126838903465,1.0,3960.0,2460000.0
2009-12-02,424.19203574373,424.19203574373,414.44049469215,409.56472416636,1.0,1000.0,2460000.0
2009-12-03,,,414.44049469215,,,,2460000.0
2009-12-04,433.94357679531,396.887720799306,414.44049469215,414.44049469215,2.0,989.0,2460000.0
2009-12-07,,,414.44049469215,,,,2460000.0
2009-12-08,,,414.44049469215,,,,2460000.0
2009-12-09,,,414.44049469215,,,,2460000.0
2009-12-10,,,414.44049469215,,,,2460000.0
2009-12-11,,,414.44049469215,,,,2460000.0
2009-12-14,414.44049469215,394.93741258899,414.44049469215,414.44049469215,1.0,1600.0,2460000.0
2009-12-15,,,412.002609429255,,,,2460000.0
2009-12-16,,,412.002609429255,,,,2460000.0
2009-12-17,,,412.002609429255,,,,2460000.0
2009-12-18,,,412.002609429255,,,,2460000.0
2009-12-21,,,412.002609429255,,,,2460000.0
2009-12-22,421.754150480835,404.68895364057,421.754150480835,412.002609429255,1.0,523.0,2460000.0
2009-12-23,421.754150480835,404.68895364057,421.754150480835,421.754150480835,1.0,1790.0,2460000.0
2009-12-24,,,421.754150480835,,,,2460000.0
2009-12-29,,,421.754150480835,,,,2460000.0
2009-12-30,,,421.754150480835,,,,2460000.0
2009-12-31,,,421.754150480835,,,,2460000.0
2010-01-04,421.754150480835,404.68895364057,421.754150480835,421.754150480835,2.0,900.0,2460000.0
2010-01-05,,,421.754150480835,,,,2460000.0
2010-01-06,,,421.754150480835,,,,2460000.0
2010-01-07,,,421.754150480835,,,,2460000.0
2010-01-08,,,421.754150480835,,,,2460000.0
2010-01-11,,,421.754150480835,,,,2460000.0
2010-01-12,421.754150480835,409.56472416636,421.754150480835,421.754150480835,1.0,391.0,2460000.0
2010-01-13,,,421.754150480835,,,,2460000.0
2010-01-14,421.754150480835,404.68895364057,421.754150480835,421.754150480835,1.0,2680.0,2460000.0
2010-01-15,,,421.754150480835,,,,2460000.0
2010-01-18,421.754150480835,404.68895364057,421.754150480835,421.754150480835,1.0,660.0,2460000.0
2010-01-19,,,421.754150480835,,1.0,,2460000.0
2010-01-20,421.754150480835,399.81318311478,421.754150480835,421.754150480835,1.0,3580.0,2460000.0
2010-01-21,,,421.754150480835,,,,2460000.0
2010-01-22,,,421.754150480835,,,,2460000.0
2010-01-25,438.8193473211,421.754150480835,421.754150480835,421.754150480835,1.0,3444.0,2460000.0
2010-01-26,421.754150480835,409.56472416636,421.754150480835,421.754150480835,1.0,1300.0,2460000.0
2010-01-27,,,419.31626521794,419.31626521794,1.0,16000.0,2460000.0
2010-01-28,,,419.31626521794,,,,2460000.0
2010-01-29,,,419.31626521794,,,,2460000.0
2010-02-01,,,419.31626521794,,,,2460000.0
2010-02-02,,,419.31626521794,,,,2460000.0
2010-02-03,419.31626521794,404.68895364057,419.31626521794,419.31626521794,1.0,800.0,2460000.0
2010-02-04,,,419.31626521794,,,,2460000.0
2010-02-05,,,419.31626521794,,,,2460000.0
2010-02-08,,,416.878379955045,,,,2460000.0
2010-02-09,416.878379955045,399.81318311478,416.878379955045,416.878379955045,2.0,3840.0,2460000.0
2010-02-10,,,416.878379955045,,,,2460000.0
2010-02-11,416.878379955045,399.81318311478,416.878379955045,416.878379955045,1.0,1309.0,2460000.0
2010-02-12,,,416.878379955045,,,,2460000.0
2010-02-15,,,416.878379955045,,,,2460000.0
2010-02-16,,,416.878379955045,,,,2460000.0
2010-02-17,,,416.878379955045,,,,2460000.0
2010-02-18,,,416.878379955045,,,,2460000.0
2010-02-19,,,416.878379955045,,,,2460000.0
2010-02-22,,,416.878379955045,,,,2460000.0
2010-02-23,,,419.31626521794,,,,2460000.0
2010-02-24,,,419.31626521794,,,,2460000.0
2010-02-25,,,419.31626521794,,,,2460000.0
2010-02-26,,,419.31626521794,,,,2460000.0
2010-03-01,,,419.31626521794,,,,2460000.0
2010-03-02,,,419.31626521794,,,,2460000.0
2010-03-03,414.44049469215,399.81318311478,414.44049469215,412.002609429255,1.0,130.0,2460000.0
2010-03-04,,,414.44049469215,,,,2460000.0
2010-03-05,,,414.44049469215,,,,2460000.0
2010-03-08,414.44049469215,394.93741258899,414.44049469215,414.44049469215,2.0,2751.0,2460000.0
2010-03-09,407.126838903465,390.0616420632,407.126838903465,414.44049469215,1.0,1650.0,2460000.0
2010-03-10,,,407.126838903465,,,,2460000.0
2010-03-11,407.126838903465,390.0616420632,407.126838903465,407.126838903465,1.0,2030.0,2460000.0
2010-03-12,407.126838903465,390.0616420632,407.126838903465,407.126838903465,1.0,240.0,2460000.0
2010-03-15,394.93741258899,390.0616420632,394.93741258899,407.126838903465,3.0,5500.0,2460000.0
2010-03-16,404.68895364057,394.93741258899,394.93741258899,394.93741258899,1.0,1000.0,2460000.0
2010-03-17,,,394.93741258899,,,,2460000.0
2010-03-18,385.1858715374101,365.68278943425,385.1858715374101,394.93741258899,2.0,4500.0,2460000.0
2010-03-19,,,385.1858715374101,,,,2460000.0
2010-03-22,,,385.1858715374101,,,,2460000.0
2010-03-23,385.1858715374101,365.68278943425,385.1858715374101,385.1858715374101,1.0,1000.0,2460000.0
2010-03-24,385.1858715374101,375.43433048583,385.1858715374101,385.1858715374101,1.0,2500.0,2460000.0
2010-03-25,,,385.1858715374101,,,,2460000.0
2010-03-26,,,387.623756800305,,,,2460000.0
2010-03-29,387.623756800305,370.55855996004,385.1858715374101,387.623756800305,1.0,1620.0,2460000.0
2010-03-30,385.1858715374101,370.55855996004,370.55855996004,385.1858715374101,2.0,2765.0,2460000.0
2010-03-31,394.93741258899,385.1858715374101,385.1858715374101,385.1858715374101,2.0,2528.0,2460000.0
2010-04-01,,,385.1858715374101,,,,2460000.0
2010-04-06,,,385.1858715374101,,,,2460000.0
2010-04-07,399.81318311478,390.0616420632,390.0616420632,385.1858715374101,1.0,1994.0,2460000.0
2010-04-08,401.763491325096,392.499527326095,392.499527326095,390.0616420632,1.0,2250.0,2460000.0
2010-04-09,409.56472416636,392.499527326095,394.93741258899,392.499527326095,1.0,1623.0,2460000.0
2010-04-12,399.81318311478,383.2355633270941,394.93741258899,399.81318311478,1.0,579.0,2460000.0
2010-04-13,409.56472416636,394.93741258899,394.93741258899,394.93741258899,1.0,1800.0,2460000.0
2010-04-14,,,399.81318311478,,,,2460000.0
2010-04-15,,,404.68895364057,402.251068377675,1.0,10000.0,2460000.0
2010-04-16,,,407.126838903465,,,,2460000.0
2010-04-19,,,407.126838903465,,,,2460000.0
2010-04-20,,,407.126838903465,,,,2460000.0
2010-04-21,,,407.126838903465,,,,2460000.0
2010-04-22,,,419.31626521794,,,,2460000.0
2010-04-23,,,426.629921006625,,,,2460000.0
2010-04-26,,,438.8193473211,,,,2460000.0
2010-04-27,,,438.8193473211,,,,2460000.0
2010-04-28,433.94357679531,419.31626521794,433.94357679531,438.8193473211,1.0,1000.0,2460000.0
2010-04-29,,,433.94357679531,,,,2460000.0
2010-04-30,433.94357679531,419.31626521794,433.94357679531,433.94357679531,1.0,360.0,2460000.0
2010-05-04,433.94357679531,419.31626521794,433.94357679531,433.94357679531,2.0,1310.0,2460000.0
2010-05-05,,,433.94357679531,,,,2460000.0
2010-05-06,443.69511784689,436.381462058205,436.381462058205,433.94357679531,1.0,3700.0,2460000.0
2010-05-07,436.381462058205,424.19203574373,436.381462058205,436.381462058205,1.0,1162.0,2460000.0
2010-05-10,443.69511784689,429.06780626952,443.69511784689,436.381462058205,1.0,1214.0,2460000.0
2010-05-11,,,443.69511784689,,,,2460000.0
2010-05-12,,,443.69511784689,,,,2460000.0
2010-05-13,,,443.69511784689,,,,2460000.0
2010-05-14,,,443.69511784689,,,,2460000.0
2010-05-17,,,443.69511784689,,,,2460000.0
2010-05-18,443.69511784689,433.94357679531,443.69511784689,443.69511784689,1.0,275.0,2460000.0
2010-05-19,,,443.69511784689,,,,2460000.0
2010-05-20,,,443.69511784689,443.69511784689,2.0,72000.0,2460000.0
2010-05-21,,,443.69511784689,,,,2460000.0
2010-05-24,,,443.69511784689,,,,2460000.0
2010-05-25,441.257232583995,429.06780626952,441.257232583995,443.69511784689,4.0,3616.0,2460000.0
2010-05-26,441.257232583995,429.06780626952,441.257232583995,441.257232583995,1.0,909.0,2460000.0
2010-05-27,,,441.257232583995,441.257232583995,1.0,915.0,2460000.0
2010-05-28,441.257232583995,429.06780626952,441.257232583995,441.257232583995,1.0,1200.0,2460000.0
2010-06-01,441.257232583995,409.56472416636,436.381462058205,441.257232583995,1.0,7500.0,2460000.0
2010-06-02,436.381462058205,419.31626521794,433.94357679531,436.381462058205,4.0,23058.0,2460000.0
2010-06-03,433.94357679531,419.31626521794,433.94357679531,433.94357679531,1.0,3000.0,2460000.0
2010-06-04,433.94357679531,419.31626521794,433.94357679531,433.94357679531,1.0,1072.0,2460000.0
2010-06-07,,,433.94357679531,,,,2460000.0
2010-06-08,,,433.94357679531,,,,2460000.0
2010-06-09,,,433.94357679531,,,,2460000.0
2010-06-10,,,433.94357679531,,,,2460000.0
2010-06-11,,,433.94357679531,,,,2460000.0
2010-06-14,433.94357679531,424.19203574373,433.94357679531,433.94357679531,1.0,5000.0,2460000.0
2010-06-15,433.94357679531,399.81318311478,433.94357679531,433.94357679531,2.0,20500.0,2460000.0
2010-06-16,443.69511784689,436.381462058205,436.381462058205,433.94357679531,1.0,1000.0,2460000.0
2010-06-17,,,436.381462058205,,,,2460000.0
2010-06-18,,,436.381462058205,,,,2460000.0
2010-06-21,,,436.381462058205,,,,2460000.0
2010-06-22,,,436.381462058205,,,,2460000.0
2010-06-23,,,436.381462058205,,,,2460000.0
2010-06-24,,,436.381462058205,,,,2460000.0
2010-06-25,,,436.381462058205,,,,2460000.0
2010-06-28,,,436.381462058205,,,,2460000.0
2010-06-29,,,436.381462058205,,,,2460000.0
2010-06-30,,,433.94357679531,,,,2460000.0
2010-07-01,,,433.94357679531,,,,2460000.0
2010-07-02,419.31626521794,414.44049469215,433.94357679531,433.94357679531,3.0,5357.0,2460000.0
2010-07-05,414.44049469215,414.44049469215,436.381462058205,433.94357679531,1.0,875.0,2460000.0
2010-07-06,,,436.381462058205,,,,2460000.0
2010-07-07,,,438.8193473211,,,,2460000.0
2010-07-08,,,438.8193473211,,,,2460000.0
2010-07-09,,,441.257232583995,,,,2460000.0
2010-07-12,429.06780626952,429.06780626952,441.257232583995,441.257232583995,2.0,6000.0,2460000.0
2010-07-13,424.19203574373,424.19203574373,441.257232583995,441.257232583995,1.0,1000.0,2460000.0
2010-07-14,429.06780626952,425.167189848888,441.257232583995,441.257232583995,2.0,1814.0,2460000.0
2010-07-15,,,441.257232583995,,,,2460000.0
2010-07-16,,,441.257232583995,,,,2460000.0
2010-07-19,424.19203574373,424.19203574373,441.257232583995,441.257232583995,1.0,420.0,2460000.0
2010-07-20,,,441.257232583995,,,,2460000.0
2010-07-21,,,441.257232583995,,,,2460000.0
2010-07-22,,,441.257232583995,,,,2460000.0
2010-07-23,424.19203574373,424.19203574373,441.257232583995,441.257232583995,1.0,1128.0,2460000.0
2010-07-26,,,441.257232583995,,,,2460000.0
2010-07-27,,,441.257232583995,,,,2460000.0
2010-07-28,,,441.257232583995,,,,2460000.0
2010-07-29,,,441.257232583995,,,,2460000.0
2010-07-30,,,441.257232583995,,,,2460000.0
2010-08-02,458.32242942426,433.94357679531,451.008773635575,441.257232583995,2.0,3240.0,2460000.0
2010-08-03,463.19819995005,458.32242942426,460.760314687155,453.44665889847,2.0,18891.0,2460000.0
2010-08-04,,,465.636085212945,,,,2460000.0
2010-08-05,,,465.636085212945,,,,2460000.0
2010-08-06,,,465.636085212945,,,,2460000.0
2010-08-09,448.57088837268,448.57088837268,465.636085212945,465.636085212945,1.0,750.0,2460000.0
2010-08-10,,,465.636085212945,,,,2460000.0
2010-08-11,,,465.636085212945,,,,2460000.0
2010-08-12,448.57088837268,448.57088837268,465.636085212945,465.636085212945,1.0,900.0,2460000.0
2010-08-13,,,465.636085212945,,,,2460000.0
2010-08-16,448.57088837268,448.57088837268,465.636085212945,465.636085212945,2.0,4060.0,2460000.0
2010-08-17,,,465.636085212945,,,,2460000.0
2010-08-18,448.57088837268,448.57088837268,465.636085212945,465.636085212945,1.0,247.0,2460000.0
2010-08-19,,,465.636085212945,,,,2460000.0
2010-08-20,448.57088837268,448.57088837268,465.636085212945,465.636085212945,1.0,2000.0,2460000.0
2010-08-23,,,465.636085212945,,,,2460000.0
2010-08-24,466.123662265524,460.760314687155,465.636085212945,465.636085212945,2.0,12000.0,2460000.0
2010-08-25,455.3969671087861,453.44665889847,463.19819995005,460.760314687155,3.0,2300.0,2460000.0
2010-08-26,453.44665889847,453.44665889847,460.760314687155,463.19819995005,1.0,750.0,2460000.0
2010-08-27,448.57088837268,448.57088837268,460.760314687155,460.760314687155,1.0,662.0,2460000.0
2010-08-31,,,463.19819995005,,,,2460000.0
2010-09-01,,,463.19819995005,,,,2460000.0
2010-09-02,,,463.19819995005,,,,2460000.0
2010-09-03,,,465.636085212945,,,,2460000.0
2010-09-06,,,465.636085212945,,,,2460000.0
2010-09-07,458.32242942426,453.44665889847,465.636085212945,465.636085212945,2.0,2466.0,2460000.0
2010-09-08,,,458.32242942426,,,,2460000.0
2010-09-09,,,458.32242942426,,,,2460000.0
2010-09-10,,,458.32242942426,,,,2460000.0
2010-09-13,460.760314687155,458.32242942426,458.32242942426,458.32242942426,1.0,10000.0,2460000.0
2010-09-14,455.884544161365,438.8193473211,458.32242942426,458.32242942426,2.0,20000.0,2460000.0
2010-09-15,,,458.32242942426,,,,2460000.0
2010-09-16,,,458.32242942426,,,,2460000.0
2010-09-17,,,458.32242942426,,,,2460000.0
2010-09-20,,,458.32242942426,,,,2460000.0
2010-09-21,458.32242942426,443.69511784689,463.19819995005,458.32242942426,2.0,19000.0,2460000.0
2010-09-22,,,468.07397047584,,,,2460000.0
2010-09-23,,,468.07397047584,,,,2460000.0
2010-09-24,,,468.07397047584,,,,2460000.0
2010-09-27,,,472.94974100163,,,,2460000.0
2010-09-28,,,472.94974100163,,,,2460000.0
2010-09-29,,,472.94974100163,,,,2460000.0
2010-09-30,492.45282310479,492.45282310479,472.94974100163,472.94974100163,1.0,29.0,2460000.0
2010-10-01,,,472.94974100163,,,,2460000.0
2010-10-04,,,472.94974100163,,,,2460000.0
2010-10-05,,,472.94974100163,,,,2460000.0
2010-10-06,,,477.82551152742,,,,2460000.0
2010-10-07,,,477.82551152742,,,,2460000.0
2010-10-08,,,477.82551152742,,,,2460000.0
2010-10-11,,,477.82551152742,,,,2460000.0
2010-10-12,,,477.82551152742,,,,2460000.0
2010-10-13,497.32859363058,497.32859363058,482.7012820532101,477.82551152742,1.0,627.0,2460000.0
2010-10-14,497.32859363058,482.7012820532101,482.7012820532101,482.7012820532101,1.0,627.0,2460000.0
2010-10-15,,,482.7012820532101,,,,2460000.0
2010-10-18,,,482.7012820532101,,,,2460000.0
2010-10-19,487.577052579,487.577052579,487.577052579,482.7012820532101,1.0,9000.0,2460000.0
2010-10-20,472.94974100163,472.94974100163,487.577052579,487.577052579,1.0,1000.0,2460000.0
2010-10-21,,,487.577052579,,,,2460000.0
2010-10-22,507.08013468216,507.08013468216,492.45282310479,487.577052579,1.0,709.0,2460000.0
2010-10-25,,,492.45282310479,,,,2460000.0
2010-10-26,,,492.45282310479,,,,2460000.0
2010-10-27,,,492.45282310479,,,,2460000.0
2010-10-28,,,492.45282310479,,,,2460000.0
2010-10-29,,,492.45282310479,,,,2460000.0
2010-11-01,,,492.45282310479,,,,2460000.0
2010-11-02,,,492.45282310479,,,,2460000.0
2010-11-03,,,511.9559052079501,,,,2460000.0
2010-11-04,,,511.9559052079501,,,,2460000.0
2010-11-05,,,511.9559052079501,,,,2460000.0
2010-11-08,,,511.9559052079501,,,,2460000.0
2010-11-09,,,511.9559052079501,,,,2460000.0
2010-11-10,,,502.20436415637,,,,2460000.0
2010-11-11,,,502.20436415637,,,,2460000.0
2010-11-12,,,502.20436415637,,,,2460000.0
2010-11-15,,,502.20436415637,,,,2460000.0
2010-11-16,,,502.20436415637,,,,2460000.0
2010-11-17,,,502.20436415637,,,,2460000.0
2010-11-18,,,502.20436415637,,,,2460000.0
2010-11-19,,,502.20436415637,,,,2460000.0
2010-11-22,,,502.20436415637,,,,2460000.0
2010-11-23,,,492.45282310479,,,,2460000.0
2010-11-24,,,492.45282310479,,,,2460000.0
2010-11-25,,,492.45282310479,,,,2460000.0
2010-11-26,,,492.45282310479,,,,2460000.0
2010-11-29,,,492.45282310479,,,,2460000.0
2010-11-30,,,492.45282310479,,,,2460000.0
2010-12-01,,,492.45282310479,,,,2460000.0
2010-12-02,,,502.20436415637,,,,2460000.0
2010-12-03,,,521.70744625953,,,,2460000.0
2010-12-06,546.08629888848,504.154672366686,526.58321678532,521.70744625953,4.0,5600.0,2460000.0
2010-12-07,575.34092204322,575.34092204322,536.3347578369,531.4589873111099,1.0,500.0,2460000.0
2010-12-08,,,536.3347578369,,,,2460000.0
2010-12-09,,,541.2105283626901,,,,2460000.0
2010-12-10,,,541.2105283626901,,,,2460000.0
2010-12-13,,,541.2105283626901,,,,2460000.0
2010-12-14,,,541.2105283626901,,,,2460000.0
2010-12-15,,,546.08629888848,,,,2460000.0
2010-12-16,,,550.96206941427,,,,2460000.0
2010-12-17,,,550.96206941427,,,,2460000.0
2010-12-20,,,560.7136104658499,,,,2460000.0
2010-12-21,,,565.58938099164,,,,2460000.0
2010-12-22,,,570.4651515174301,,,,2460000.0
2010-12-23,,,570.4651515174301,,,,2460000.0
2010-12-24,,,575.34092204322,,,,2460000.0
2010-12-29,604.5955451979601,604.5955451979601,589.9682336205899,575.34092204322,1.0,238.0,2460000.0
2010-12-30,,,589.9682336205899,,,,2460000.0
2010-12-31,,,589.9682336205899,,,,2460000.0
2011-01-04,,,594.84400414638,,,,2460000.0
2011-01-05,,,594.84400414638,,,,2460000.0
2011-01-06,,,594.84400414638,,,,2460000.0
2011-01-07,,,614.34708624954,,,,2460000.0
2011-01-10,,,633.8501683527,,,,2460000.0
2011-01-11,,,633.8501683527,,,,2460000.0
2011-01-12,,,624.09862730112,,,,2460000.0
2011-01-13,,,609.47131572375,,,,2460000.0
2011-01-14,,,609.47131572375,,,,2460000.0
2011-01-17,575.34092204322,575.34092204322,609.47131572375,609.47131572375,1.0,536.0,2460000.0
2011-01-18,638.72593887849,638.72593887849,609.47131572375,609.47131572375,1.0,738.0,2460000.0
2011-01-19,,,609.47131572375,,,,2460000.0
2011-01-20,,,609.47131572375,,,,2460000.0
2011-01-21,,,609.47131572375,,,,2460000.0
2011-01-24,575.34092204322,575.34092204322,599.71977467217,609.47131572375,1.0,1000.0,2460000.0
2011-01-25,,,599.71977467217,,,,2460000.0
2011-01-26,,,609.47131572375,,,,2460000.0
2011-01-27,,,609.47131572375,,,,2460000.0
2011-01-28,,,609.47131572375,,,,2460000.0
2011-01-31,,,609.47131572375,,,,2460000.0
2011-02-01,,,609.47131572375,,,,2460000.0
2011-02-02,,,609.47131572375,,,,2460000.0
2011-02-03,,,619.22285677533,,,,2460000.0
2011-02-04,,,619.22285677533,,,,2460000.0
2011-02-07,,,619.22285677533,,,,2460000.0
2011-02-08,,,638.72593887849,,,,2460000.0
2011-02-09,,,648.4774799300701,,,,2460000.0
2011-02-10,648.4774799300701,624.09862730112,648.4774799300701,648.4774799300701,1.0,8400.0,2460000.0
2011-02-11,,,648.4774799300701,,,,2460000.0
2011-02-14,621.173164985646,621.173164985646,648.4774799300701,648.4774799300701,1.0,1000.0,2460000.0
2011-02-15,,,653.35325045586,648.4774799300701,,,2460000.0
2011-02-16,630.924706037226,619.22285677533,648.4774799300701,653.35325045586,2.0,450.0,2460000.0
2011-02-17,648.4774799300701,624.09862730112,653.35325045586,648.4774799300701,1.0,4950.0,2460000.0
2011-02-18,,,655.7911357187551,653.35325045586,,,2460000.0
2011-02-21,,,655.7911357187551,655.7911357187551,,,2460000.0
2011-02-22,,,655.7911357187551,655.7911357187551,,,2460000.0
2011-02-23,638.72593887849,638.72593887849,641.163824141385,655.7911357187551,1.0,5000.0,2460000.0
2011-02-24,624.09862730112,624.09862730112,641.163824141385,641.163824141385,1.0,300.0,2460000.0
2011-02-25,,,648.4774799300701,,,,2460000.0
2011-02-28,,,641.163824141385,,,,2460000.0
2011-03-01,644.576863509438,619.22285677533,638.72593887849,641.163824141385,4.0,4670.0,2460000.0
2011-03-02,,,626.5365125640151,,,,2460000.0
2011-03-03,,,626.5365125640151,,,,2460000.0
2011-03-04,616.7849715124349,616.7849715124349,633.8501683527,626.5365125640151,1.0,8500.0,2460000.0
2011-03-07,,,633.8501683527,,,,2460000.0
2011-03-08,609.47131572375,609.47131572375,633.8501683527,633.8501683527,1.0,240.0,2460000.0
2011-03-09,614.34708624954,609.47131572375,614.34708624954,633.8501683527,3.0,1496.0,2460000.0
2011-03-10,,,633.8501683527,,,,2460000.0
2011-03-11,,,633.8501683527,,,,2460000.0
2011-03-14,,,633.8501683527,,,,2460000.0
2011-03-15,,,628.97439782691,,,,2460000.0
2011-03-16,,,628.97439782691,,,,2460000.0
2011-03-17,,,628.97439782691,,,,2460000.0
2011-03-18,,,628.97439782691,,,,2460000.0
2011-03-21,,,628.97439782691,,,,2460000.0
2011-03-22,,,628.97439782691,,,,2460000.0
2011-03-23,,,628.97439782691,,,,2460000.0
2011-03-24,,,628.97439782691,,,,2460000.0
2011-03-25,,,628.97439782691,,,,2460000.0
2011-03-28,,,628.97439782691,,,,2460000.0
2011-03-29,,,628.97439782691,,,,2460000.0
2011-03-30,,,628.97439782691,,,,2460000.0
2011-03-31,648.4774799300701,648.4774799300701,628.97439782691,628.97439782691,1.0,47.0,2460000.0
2011-04-01,648.4774799300701,616.2973944598559,628.97439782691,628.97439782691,2.0,2507.0,2460000.0
2011-04-04,,,628.97439782691,,,,2460000.0
2011-04-05,,,633.8501683527,,,,2460000.0
2011-04-06,,,643.60170940428,,,,2460000.0
2011-04-07,,,643.60170940428,,,,2460000.0
2011-04-08,663.10479150744,663.10479150744,665.542676770335,643.60170940428,1.0,1050.0,2460000.0
2011-04-11,,,665.542676770335,,,,2460000.0
2011-04-12,682.6078736106,682.6078736106,665.542676770335,665.542676770335,1.0,400.0,2460000.0
2011-04-13,,,665.542676770335,,,,2460000.0
2011-04-14,,,665.542676770335,,,,2460000.0
2011-04-15,,,672.85633255902,,,,2460000.0
2011-04-18,692.35941466218,692.35941466218,672.85633255902,672.85633255902,1.0,15.0,2460000.0
2011-04-19,,,672.85633255902,,,,2460000.0
2011-04-20,,,672.85633255902,,,,2460000.0
2011-04-21,,,672.85633255902,,,,2460000.0
2011-04-26,,,672.85633255902,,,,2460000.0
2011-04-27,,,672.85633255902,,,,2460000.0
2011-04-28,,,672.85633255902,,,,2460000.0
2011-05-03,,,672.85633255902,,,,2460000.0
2011-05-04,688.458798241548,653.35325045586,675.2942178219149,672.85633255902,2.0,452.0,2460000.0
2011-05-05,,,675.2942178219149,,,,2460000.0
2011-05-06,,,675.2942178219149,,,,2460000.0
2011-05-09,,,675.2942178219149,,,,2460000.0
2011-05-10,,,675.2942178219149,,,,2460000.0
2011-05-11,663.10479150744,658.22902098165,675.2942178219149,675.2942178219149,2.0,1937.0,2460000.0
2011-05-12,,,670.418447296125,,,,2460000.0
2011-05-13,664.079945612598,652.865673403281,664.079945612598,667.98056203323,2.0,2060.0,2460000.0
2011-05-16,,,670.418447296125,,,,2460000.0
2011-05-17,,,670.418447296125,,,,2460000.0
2011-05-18,,,670.418447296125,,,,2460000.0
2011-05-19,663.10479150744,652.865673403281,663.10479150744,670.418447296125,2.0,964.0,2460000.0
2011-05-20,,,670.418447296125,,,,2460000.0
2011-05-23,,,670.418447296125,,,,2460000.0
2011-05-24,,,670.418447296125,,,,2460000.0
2011-05-25,,,670.418447296125,,,,2460000.0
2011-05-26,663.10479150744,663.10479150744,663.10479150744,670.418447296125,2.0,2260.0,2460000.0
2011-05-27,,,670.418447296125,,,,2460000.0
2011-05-31,,,670.418447296125,,,,2460000.0
2011-06-01,,,670.418447296125,,,,2460000.0
2011-06-02,663.10479150744,663.10479150744,670.418447296125,670.418447296125,1.0,1185.0,2460000.0
2011-06-03,,,670.418447296125,,,,2460000.0
2011-06-06,,,670.418447296125,,,,2460000.0
2011-06-07,,,670.418447296125,,,,2460000.0
2011-06-08,,,670.418447296125,,,,2460000.0
2011-06-09,,,670.418447296125,,,,2460000.0
2011-06-10,,,667.98056203323,,,,2460000.0
2011-06-13,667.98056203323,648.4774799300701,667.98056203323,667.98056203323,1.0,340.0,2460000.0
2011-06-14,,,667.98056203323,,,,2460000.0
2011-06-15,,,670.418447296125,,,,2460000.0
2011-06-16,,,670.418447296125,,,,2460000.0
2011-06-17,,,670.418447296125,,,,2460000.0
2011-06-20,,,672.85633255902,,,,2460000.0
2011-06-21,,,672.85633255902,,,,2460000.0
2011-06-22,,,672.85633255902,,,,2460000.0
2011-06-23,,,672.85633255902,,,,2460000.0
2011-06-24,,,672.85633255902,,,,2460000.0
2011-06-27,,,672.85633255902,,,,2460000.0
2011-06-28,,,672.85633255902,,,,2460000.0
2011-06-29,,,672.85633255902,,,,2460000.0
2011-06-30,,,672.85633255902,,,,2460000.0
2011-07-01,,,672.85633255902,,,,2460000.0
2011-07-04,,,672.85633255902,,,,2460000.0
2011-07-05,,,672.85633255902,,,,2460000.0
2011-07-06,658.22902098165,653.35325045586,672.85633255902,672.85633255902,2.0,1000.0,2460000.0
2011-07-07,672.85633255902,670.906024348704,706.9867262395501,680.169988347705,2.0,3200.0,2460000.0
2011-07-08,,,706.9867262395501,,,,2460000.0
2011-07-11,721.61403781692,692.35941466218,702.11095571376,706.9867262395501,2.0,630.0,2460000.0
2011-07-12,,,699.673070450865,,,,2460000.0
2011-07-13,,,699.673070450865,,,,2460000.0
2011-07-14,,,699.673070450865,,,,2460000.0
2011-07-15,,,699.673070450865,,,,2460000.0
2011-07-18,682.6078736106,682.6078736106,699.673070450865,699.673070450865,1.0,2500.0,2460000.0
2011-07-19,,,697.2351851879699,,,,2460000.0
2011-07-20,697.2351851879699,697.2351851879699,697.2351851879699,697.2351851879699,2.0,7500.0,2460000.0
2011-07-21,,,692.35941466218,,,,2460000.0
2011-07-22,694.309722872496,694.309722872496,692.35941466218,692.35941466218,1.0,200.0,2460000.0
2011-07-25,,,689.921529399285,,,,2460000.0
2011-07-26,663.10479150744,663.10479150744,687.48364413639,689.921529399285,2.0,2942.0,2460000.0
2011-07-27,633.8501683527,633.8501683527,677.7321030848101,682.6078736106,1.0,4812.0,2460000.0
2011-07-28,,,672.85633255902,,,,2460000.0
2011-07-29,,,670.418447296125,,,,2460000.0
2011-08-01,,,670.418447296125,,,,2460000.0
2011-08-02,,,670.418447296125,,,,2460000.0
2011-08-03,,,667.98056203323,,,,2460000.0
2011-08-04,,,655.7911357187551,,,,2460000.0
2011-08-05,640.676247088806,640.676247088806,636.288053615595,653.35325045586,1.0,6100.0,2460000.0
2011-08-08,,,628.97439782691,,,,2460000.0
2011-08-09,,,611.909200986645,,,,2460000.0
2011-08-10,,,614.34708624954,,,,2460000.0
2011-08-11,,,609.47131572375,,,,2460000.0
2011-08-12,,,609.47131572375,,,,2460000.0
2011-08-15,,,609.47131572375,,,,2460000.0
2011-08-16,,,609.47131572375,,,,2460000.0
2011-08-17,,,607.033430460855,,,,2460000.0
2011-08-18,,,607.033430460855,,,,2460000.0
2011-08-19,,,592.4061188834851,,,,2460000.0
2011-08-22,,,592.4061188834851,,,,2460000.0
2011-08-23,,,592.4061188834851,,,,2460000.0
2011-08-24,575.34092204322,575.34092204322,589.9682336205899,589.9682336205899,1.0,1670.0,2460000.0
2011-08-25,,,592.4061188834851,,,,2460000.0
2011-08-26,,,592.4061188834851,,,,2460000.0
2011-08-30,,,599.71977467217,,,,2460000.0
2011-08-31,604.5955451979601,604.5955451979601,611.909200986645,599.71977467217,1.0,1670.0,2460000.0
2011-09-01,,,614.34708624954,,,,2460000.0
2011-09-02,,,614.34708624954,,,,2460000.0
2011-09-05,,,607.033430460855,,,,2460000.0
2011-09-06,,,607.033430460855,,,,2460000.0
2011-09-07,,,609.47131572375,,,,2460000.0
2011-09-08,,,609.47131572375,,,,2460000.0
2011-09-09,,,609.47131572375,,,,2460000.0
2011-09-12,,,602.157659935065,,,,2460000.0
2011-09-13,,,602.157659935065,,,,2460000.0
2011-09-14,,,602.157659935065,,,,2460000.0
2011-09-15,,,603.132814040223,,,,2460000.0
2011-09-16,,,604.107968145381,,,,2460000.0
2011-09-19,,,604.5955451979601,,,,2460000.0
2011-09-20,,,604.5955451979601,,,,2460000.0
2011-09-21,,,594.84400414638,,,,2460000.0
2011-09-22,,,565.58938099164,,,,2460000.0
2011-09-23,546.08629888848,546.08629888848,548.524184151375,565.58938099164,1.0,700.0,2460000.0
2011-09-26,,,548.524184151375,,,,2460000.0
2011-09-27,,,558.275725202955,,,,2460000.0
2011-09-28,,,558.275725202955,,,,2460000.0
2011-09-29,541.2105283626901,541.2105283626901,558.275725202955,558.275725202955,1.0,200.0,2460000.0
2011-09-30,580.21669256901,580.21669256901,558.275725202955,558.275725202955,1.0,26.0,2460000.0
2011-10-03,570.4651515174301,570.4651515174301,543.648413625585,558.275725202955,1.0,23.0,2460000.0
2011-10-04,,,543.648413625585,,,,2460000.0
2011-10-05,,,543.648413625585,,,,2460000.0
2011-10-06,,,553.3999546771649,,,,2460000.0
2011-10-07,,,560.7136104658499,,,,2460000.0
2011-10-10,,,582.6545778319049,,,,2460000.0
2011-10-11,,,582.6545778319049,,,,2460000.0
2011-10-12,,,582.6545778319049,,,,2460000.0
2011-10-13,,,582.6545778319049,,,,2460000.0
2011-10-14,,,582.6545778319049,,,,2460000.0
2011-10-17,,,585.0924630948,,,,2460000.0
2011-10-18,,,582.6545778319049,,,,2460000.0
2011-10-19,,,582.6545778319049,,,,2460000.0
2011-10-20,560.7136104658499,560.7136104658499,582.6545778319049,582.6545778319049,1.0,1200.0,2460000.0
2011-10-21,,,580.21669256901,,,,2460000.0
2011-10-24,,,582.6545778319049,,,,2460000.0
2011-10-25,565.58938099164,565.58938099164,585.0924630948,582.6545778319049,1.0,2000.0,2460000.0
2011-10-26,,,585.0924630948,,,,2460000.0
2011-10-27,,,585.0924630948,,,,2460000.0
2011-10-28,,,585.0924630948,,,,2460000.0
2011-10-31,,,585.0924630948,,,,2460000.0
2011-11-01,,,582.6545778319049,,,,2460000.0
2011-11-02,,,582.6545778319049,,,,2460000.0
2011-11-03,,,577.778807306115,,,,2460000.0
2011-11-04,,,575.34092204322,,,,2460000.0
2011-11-07,555.83783994006,555.83783994006,572.903036780325,575.34092204322,1.0,1500.0,2460000.0
2011-11-08,,,572.903036780325,,,,2460000.0
2011-11-09,565.58938099164,565.58938099164,560.7136104658499,572.903036780325,1.0,5000.0,2460000.0
2011-11-10,,,555.83783994006,,,,2460000.0
2011-11-11,,,555.83783994006,,,,2460000.0
2011-11-14,536.3347578369,536.3347578369,555.83783994006,555.83783994006,2.0,3638.0,2460000.0
2011-11-15,521.70744625953,521.70744625953,538.772643099795,555.83783994006,1.0,1000.0,2460000.0
2011-11-16,555.83783994006,555.83783994006,538.772643099795,538.772643099795,1.0,300.0,2460000.0
2011-11-17,,,538.772643099795,,,,2460000.0
2011-11-18,521.70744625953,521.70744625953,529.021102048215,533.8968725740051,1.0,1000.0,2460000.0
2011-11-21,,,529.021102048215,,,,2460000.0
2011-11-22,,,529.021102048215,,,,2460000.0
2011-11-23,511.9559052079501,511.9559052079501,529.021102048215,529.021102048215,1.0,480.0,2460000.0
2011-11-24,,,529.021102048215,,,,2460000.0
2011-11-25,,,524.145331522425,,,,2460000.0
2011-11-28,,,524.145331522425,,,,2460000.0
2011-11-29,,,524.145331522425,,,,2460000.0
2011-11-30,,,524.145331522425,,,,2460000.0
2011-12-01,,,533.8968725740051,,,,2460000.0
2011-12-02,,,533.8968725740051,,,,2460000.0
2011-12-05,,,533.8968725740051,,,,2460000.0
2011-12-06,,,533.8968725740051,,,,2460000.0
2011-12-07,516.83167573374,516.83167573374,533.8968725740051,533.8968725740051,1.0,85.0,2460000.0
2011-12-08,,,533.8968725740051,,,,2460000.0
2011-12-09,,,533.8968725740051,,,,2460000.0
2011-12-12,,,533.8968725740051,,,,2460000.0
2011-12-13,536.3347578369,516.83167573374,533.8968725740051,533.8968725740051,3.0,12774.0,2460000.0
2011-12-14,,,533.8968725740051,,,,2460000.0
2011-12-15,516.83167573374,516.83167573374,533.8968725740051,533.8968725740051,1.0,589.0,2460000.0
2011-12-16,,,533.8968725740051,,,,2460000.0
2011-12-19,,,533.8968725740051,,,,2460000.0
2011-12-20,516.83167573374,516.83167573374,533.8968725740051,533.8968725740051,1.0,1080.0,2460000.0
2011-12-21,516.83167573374,516.83167573374,533.8968725740051,533.8968725740051,2.0,840.0,2460000.0
2011-12-22,,,533.8968725740051,,,,2460000.0
2011-12-23,,,533.8968725740051,,,,2460000.0
2011-12-28,,,538.772643099795,,,,2460000.0
2011-12-29,,,538.772643099795,,,,2460000.0
2011-12-30,521.70744625953,521.70744625953,541.2105283626901,541.2105283626901,1.0,800.0,2460000.0
2012-01-03,,,541.2105283626901,,,,2460000.0
2012-01-04,,,541.2105283626901,,,,2460000.0
2012-01-05,521.70744625953,521.70744625953,541.2105283626901,541.2105283626901,1.0,120.0,2460000.0
2012-01-06,,,541.2105283626901,,,,2460000.0
2012-01-09,,,541.2105283626901,,,,2460000.0
2012-01-10,,,548.524184151375,,,,2460000.0
2012-01-11,536.3347578369,536.3347578369,565.58938099164,553.3999546771649,1.0,190.0,2460000.0
2012-01-12,548.036607098796,548.036607098796,565.58938099164,565.58938099164,1.0,215.0,2460000.0
2012-01-13,546.08629888848,546.08629888848,565.58938099164,565.58938099164,1.0,600.0,2460000.0
2012-01-16,550.96206941427,550.96206941427,565.58938099164,565.58938099164,1.0,550.0,2460000.0
2012-01-17,,,565.58938099164,,,,2460000.0
2012-01-18,,,565.58938099164,,,,2460000.0
2012-01-19,,,565.58938099164,,,,2460000.0
2012-01-20,,,565.58938099164,,,,2460000.0
2012-01-23,,,575.34092204322,,,,2460000.0
2012-01-24,,,575.34092204322,,,,2460000.0
2012-01-25,,,575.34092204322,,,,2460000.0
2012-01-26,,,575.34092204322,,,,2460000.0
2012-01-27,562.6639186761661,560.7136104658499,577.778807306115,575.34092204322,2.0,3676.0,2460000.0
2012-01-30,,,577.778807306115,,,,2460000.0
2012-01-31,,,577.778807306115,,,,2460000.0
2012-02-01,,,577.778807306115,,,,2460000.0
2012-02-02,,,589.9682336205899,,,,2460000.0
2012-02-03,580.21669256901,580.21669256901,594.84400414638,594.84400414638,2.0,2013.0,2460000.0
2012-02-06,609.47131572375,599.71977467217,614.34708624954,594.84400414638,2.0,4080.0,2460000.0
2012-02-07,,,614.34708624954,,,,2460000.0
2012-02-08,,,621.6607420382251,,,,2460000.0
2012-02-09,638.72593887849,633.8501683527,648.4774799300701,621.6607420382251,4.0,2136.0,2460000.0
2012-02-10,643.60170940428,635.800476563016,648.4774799300701,648.4774799300701,2.0,1375.0,2460000.0
2012-02-13,,,648.4774799300701,,,,2460000.0
2012-02-14,,,648.4774799300701,,,,2460000.0
2012-02-15,,,648.4774799300701,,,,2460000.0
2012-02-16,633.8501683527,633.8501683527,648.4774799300701,648.4774799300701,4.0,2316.0,2460000.0
2012-02-17,,,648.4774799300701,,,,2460000.0
2012-02-20,658.22902098165,633.8501683527,648.4774799300701,648.4774799300701,3.0,405.0,2460000.0
2012-02-21,624.09862730112,624.09862730112,643.60170940428,643.60170940428,1.0,500.0,2460000.0
2012-02-22,,,643.60170940428,,,,2460000.0
2012-02-23,648.4774799300701,628.97439782691,675.2942178219149,643.60170940428,4.0,94500.0,2460000.0
2012-02-24,,,692.35941466218,,,,2460000.0
2012-02-27,,,692.35941466218,,,,2460000.0
2012-02-28,,,741.1171199200801,,,,2460000.0
2012-02-29,702.11095571376,702.11095571376,745.99289044587,741.1171199200801,1.0,2599.0,2460000.0
2012-03-01,721.61403781692,721.61403781692,745.99289044587,745.99289044587,1.0,850.0,2460000.0
2012-03-02,721.61403781692,682.6078736106,721.61403781692,745.99289044587,3.0,2639.0,2460000.0
2012-03-05,721.61403781692,711.8624967653401,711.8624967653401,721.61403781692,2.0,1977.0,2460000.0
2012-03-06,,,706.9867262395501,,,,2460000.0
2012-03-07,658.22902098165,658.22902098165,692.35941466218,706.9867262395501,1.0,1399.0,2460000.0
2012-03-08,677.7321030848101,663.10479150744,682.6078736106,687.48364413639,4.0,8136.0,2460000.0
2012-03-09,663.10479150744,663.10479150744,677.7321030848101,682.6078736106,1.0,1200.0,2460000.0
2012-03-12,,,677.7321030848101,,,,2460000.0
2012-03-13,,,687.48364413639,,,,2460000.0
2012-03-14,,,687.48364413639,,,,2460000.0
2012-03-15,682.6078736106,680.657565400284,687.48364413639,687.48364413639,2.0,34166.0,2460000.0
2012-03-16,675.7817948744939,675.7817948744939,687.48364413639,687.48364413639,1.0,450.0,2460000.0
2012-03-19,677.7321030848101,677.7321030848101,692.35941466218,689.921529399285,1.0,1600.0,2460000.0
2012-03-20,672.85633255902,672.85633255902,692.35941466218,697.2351851879699,1.0,5000.0,2460000.0
2012-03-21,,,687.48364413639,,,,2460000.0
2012-03-22,,,687.48364413639,,,,2460000.0
2012-03-23,,,687.48364413639,,,,2460000.0
2012-03-26,672.85633255902,672.85633255902,687.48364413639,687.48364413639,1.0,240.0,2460000.0
2012-03-27,683.583027715758,672.85633255902,685.0457588734951,687.48364413639,3.0,7250.0,2460000.0
2012-03-28,677.7321030848101,672.85633255902,685.0457588734951,685.0457588734951,2.0,1420.0,2460000.0
2012-03-29,,,682.6078736106,,,,2460000.0
2012-03-30,687.48364413639,687.48364413639,682.6078736106,682.6078736106,2.0,50.0,2460000.0
2012-04-02,687.48364413639,687.48364413639,682.6078736106,682.6078736106,1.0,36.0,2460000.0
2012-04-03,,,682.6078736106,,,,2460000.0
2012-04-04,677.7321030848101,672.85633255902,677.7321030848101,682.6078736106,5.0,6316.0,2460000.0
2012-04-05,682.6078736106,682.6078736106,677.7321030848101,677.7321030848101,2.0,341.0,2460000.0
2012-04-10,682.6078736106,670.906024348704,672.85633255902,677.7321030848101,7.0,1996.0,2460000.0
2012-04-11,663.10479150744,663.10479150744,672.85633255902,672.85633255902,1.0,2000.0,2460000.0
2012-04-12,663.10479150744,663.10479150744,672.85633255902,672.85633255902,1.0,1112.0,2460000.0
2012-04-13,,,672.85633255902,,,,2460000.0
2012-04-16,,,672.85633255902,,,,2460000.0
2012-04-17,679.682411295126,663.10479150744,672.85633255902,672.85633255902,3.0,2812.0,2460000.0
2012-04-18,666.030253822914,666.030253822914,677.7321030848101,672.85633255902,1.0,240.0,2460000.0
2012-04-19,667.98056203323,667.98056203323,685.0457588734951,677.7321030848101,1.0,2700.0,2460000.0
2012-04-20,700.160647503444,672.85633255902,687.48364413639,687.48364413639,3.0,8053.0,2460000.0
2012-04-23,,,685.0457588734951,,,,2460000.0
2012-04-24,,,685.0457588734951,,,,2460000.0
2012-04-25,,,689.921529399285,,,,2460000.0
2012-04-26,706.9867262395501,706.9867262395501,694.797299925075,689.921529399285,1.0,341.0,2460000.0
2012-04-27,682.6078736106,682.6078736106,694.797299925075,694.797299925075,1.0,120.0,2460000.0
2012-04-30,,,694.797299925075,,,,2460000.0
2012-05-01,,,692.35941466218,,,,2460000.0
2012-05-02,,,692.35941466218,,,,2460000.0
2012-05-03,,,692.35941466218,,,,2460000.0
2012-05-04,,,675.2942178219149,,,,2460000.0
2012-05-08,,,672.85633255902,,,,2460000.0
2012-05-09,682.6078736106,682.6078736106,667.98056203323,672.85633255902,1.0,584.0,2460000.0
2012-05-10,,,667.98056203323,,,,2460000.0
2012-05-11,667.98056203323,663.10479150744,667.98056203323,667.98056203323,3.0,4942.0,2460000.0
2012-05-14,658.22902098165,658.22902098165,658.22902098165,667.98056203323,1.0,610.0,2460000.0
2012-05-15,,,658.22902098165,,,,2460000.0
2012-05-16,,,648.4774799300701,,,,2460000.0
2012-05-17,,,648.4774799300701,,,,2460000.0
2012-05-18,638.72593887849,638.72593887849,646.0395946671749,648.4774799300701,1.0,550.0,2460000.0
2012-05-21,,,638.72593887849,,,,2460000.0
2012-05-22,,,638.72593887849,,,,2460000.0
2012-05-23,,,621.6607420382251,,,,2460000.0
2012-05-24,,,621.6607420382251,,,,2460000.0
2012-05-25,,,621.6607420382251,,,,2460000.0
2012-05-28,,,621.6607420382251,,,,2460000.0
2012-05-29,633.8501683527,609.47131572375,621.6607420382251,621.6607420382251,2.0,2260.0,2460000.0
2012-05-30,,,621.6607420382251,,,,2460000.0
2012-05-31,609.47131572375,609.47131572375,621.6607420382251,621.6607420382251,1.0,848.0,2460000.0
2012-06-01,609.47131572375,609.47131572375,621.6607420382251,621.6607420382251,4.0,2577.0,2460000.0
2012-06-06,631.899860142384,609.47131572375,624.09862730112,621.6607420382251,4.0,5162.0,2460000.0
2012-06-07,633.8501683527,614.34708624954,624.09862730112,624.09862730112,2.0,5692.0,2460000.0
2012-06-08,,,624.09862730112,,,,2460000.0
2012-06-11,,,628.97439782691,,,,2460000.0
2012-06-12,,,628.97439782691,,,,2460000.0
2012-06-13,,,624.09862730112,,,,2460000.0
2012-06-14,,,619.22285677533,,,,2460000.0
2012-06-15,,,619.22285677533,,,,2460000.0
2012-06-18,,,619.22285677533,,,,2460000.0
2012-06-19,,,624.09862730112,,,,2460000.0
2012-06-20,,,628.97439782691,,,,2460000.0
2012-06-21,643.60170940428,643.60170940428,628.97439782691,628.97439782691,1.0,367.0,2460000.0
2012-06-22,,,628.97439782691,,,,2460000.0
2012-06-25,,,628.97439782691,,,,2460000.0
2012-06-26,,,628.97439782691,,,,2460000.0
2012-06-27,,,628.97439782691,,,,2460000.0
2012-06-28,,,628.97439782691,,,,2460000.0
2012-06-29,,,628.97439782691,,,,2460000.0
2012-07-02,,,648.4774799300701,,,,2460000.0
2012-07-03,,,648.4774799300701,,,,2460000.0
2012-07-04,,,648.4774799300701,,,,2460000.0
2012-07-05,,,648.4774799300701,,,,2460000.0
2012-07-06,,,648.4774799300701,,,,2460000.0
2012-07-09,,,648.4774799300701,,,,2460000.0
2012-07-10,,,648.4774799300701,,,,2460000.0
2012-07-11,638.72593887849,638.72593887849,648.4774799300701,648.4774799300701,1.0,1600.0,2460000.0
2012-07-12,,,648.4774799300701,,,,2460000.0
2012-07-13,663.10479150744,663.10479150744,658.22902098165,648.4774799300701,1.0,1102.0,2460000.0
2012-07-16,,,658.22902098165,,,,2460000.0
2012-07-17,,,658.22902098165,,,,2460000.0
2012-07-18,,,658.22902098165,,,,2460000.0
2012-07-19,648.4774799300701,648.4774799300701,658.22902098165,658.22902098165,1.0,1250.0,2460000.0
2012-07-20,,,658.22902098165,,,,2460000.0
2012-07-23,,,658.22902098165,,,,2460000.0
2012-07-24,,,658.22902098165,,,,2460000.0
2012-07-25,648.4774799300701,648.4774799300701,658.22902098165,658.22902098165,1.0,725.0,2460000.0
2012-07-26,,,658.22902098165,,,,2460000.0
2012-07-27,,,658.22902098165,,,,2460000.0
2012-07-30,,,658.22902098165,,,,2460000.0
2012-07-31,,,650.915365192965,,,,2460000.0
2012-08-01,,,650.915365192965,,,,2460000.0
2012-08-02,,,650.915365192965,,,,2460000.0
2012-08-03,,,650.915365192965,,,,2460000.0
2012-08-06,,,650.915365192965,,,,2460000.0
2012-08-07,,,650.915365192965,,,,2460000.0
2012-08-08,638.72593887849,638.72593887849,650.915365192965,650.915365192965,1.0,1413.0,2460000.0
2012-08-09,638.72593887849,638.72593887849,650.915365192965,650.915365192965,3.0,4005.0,2460000.0
2012-08-10,646.5271717197539,646.5271717197539,650.915365192965,650.915365192965,1.0,6500.0,2460000.0
2012-08-13,,,650.915365192965,,,,2460000.0
2012-08-14,667.98056203323,643.60170940428,653.35325045586,650.915365192965,2.0,2764.0,2460000.0
2012-08-15,,,653.35325045586,,,,2460000.0
2012-08-16,638.72593887849,638.72593887849,653.35325045586,653.35325045586,3.0,2200.0,2460000.0
2012-08-17,,,653.35325045586,,,,2460000.0
2012-08-20,,,653.35325045586,,,,2460000.0
2012-08-21,,,648.4774799300701,,,,2460000.0
2012-08-22,658.22902098165,628.97439782691,643.60170940428,638.72593887849,2.0,3475.0,2460000.0
2012-08-23,,,643.60170940428,,,,2460000.0
2012-08-24,,,638.72593887849,,,,2460000.0
2012-08-28,,,638.72593887849,,,,2460000.0
2012-08-29,638.72593887849,638.72593887849,638.72593887849,638.72593887849,1.0,2000.0,2460000.0
2012-08-30,636.775630668174,633.8501683527,638.72593887849,,,,2460000.0
2012-08-31,636.775630668174,633.8501683527,638.72593887849,638.72593887849,2.0,1700.0,2460000.0
2012-09-03,,,643.60170940428,,,,2460000.0
2012-09-04,,,643.60170940428,,,,2460000.0
2012-09-05,,,653.35325045586,,,,2460000.0
2012-09-06,,,658.22902098165,,,,2460000.0
2012-09-07,,,663.10479150744,,,,2460000.0
2012-09-10,657.253866876492,656.2787127713341,667.98056203323,663.10479150744,2.0,800.0,2460000.0
2012-09-11,,,667.98056203323,,,,2460000.0
2012-09-12,,,677.7321030848101,,,,2460000.0
2012-09-13,667.98056203323,667.98056203323,677.7321030848101,677.7321030848101,1.0,550.0,2460000.0
2012-09-14,736.2413493942901,731.3655788684999,736.2413493942901,680.169988347705,2.0,1815.0,2460000.0
2012-09-17,760.6202020232399,716.73826729113,736.2413493942901,736.2413493942901,2.0,581.0,2460000.0
2012-09-18,,,736.2413493942901,,,,2460000.0
2012-09-19,,,738.679234657185,,,,2460000.0
2012-09-20,721.61403781692,721.61403781692,738.679234657185,738.679234657185,4.0,8942.0,2460000.0
2012-09-21,,,738.679234657185,,,,2460000.0
2012-09-24,,,728.927693605605,,,,2460000.0
2012-09-25,,,728.927693605605,,,,2460000.0
2012-09-26,726.48980834271,692.35941466218,716.73826729113,724.051923079815,2.0,3500.0,2460000.0
2012-09-27,692.35941466218,692.35941466218,711.8624967653401,714.300382028235,1.0,157.0,2460000.0
2012-09-28,,,706.9867262395501,,,,2460000.0
2012-10-01,697.2351851879699,697.2351851879699,706.9867262395501,697.2351851879699,1.0,1.0,2460000.0
2012-10-02,731.3655788684999,716.73826729113,711.8624967653401,706.9867262395501,2.0,19.0,2460000.0
2012-10-03,731.3655788684999,692.35941466218,716.73826729113,716.73826729113,2.0,174.0,2460000.0
2012-10-04,,,716.73826729113,,,,2460000.0
2012-10-05,731.3655788684999,694.309722872496,716.73826729113,716.73826729113,2.0,2337.0,2460000.0
2012-10-08,,,716.73826729113,,,,2460000.0
2012-10-09,694.309722872496,694.309722872496,716.73826729113,716.73826729113,1.0,168.0,2460000.0
2012-10-10,716.73826729113,716.73826729113,716.73826729113,716.73826729113,1.0,34.0,2460000.0
2012-10-11,716.73826729113,716.73826729113,716.73826729113,716.73826729113,1.0,33.0,2460000.0
2012-10-12,,,716.73826729113,,,,2460000.0
2012-10-15,694.309722872496,694.309722872496,716.73826729113,716.73826729113,1.0,800.0,2460000.0
2012-10-16,716.73826729113,694.309722872496,716.73826729113,716.73826729113,2.0,5200.0,2460000.0
2012-10-17,699.185493398286,699.185493398286,721.61403781692,719.1761525540251,1.0,1500.0,2460000.0
2012-10-18,723.564346027236,721.61403781692,726.48980834271,724.051923079815,2.0,7900.0,2460000.0
2012-10-19,706.9867262395501,706.9867262395501,736.2413493942901,726.48980834271,1.0,1600.0,2460000.0
2012-10-22,750.86866097166,713.812804975656,736.2413493942901,736.2413493942901,2.0,4770.0,2460000.0
2012-10-23,,,736.2413493942901,,,,2460000.0
2012-10-24,,,736.2413493942901,,,,2460000.0
2012-10-25,,,736.2413493942901,,,,2460000.0
2012-10-26,748.9183527613441,711.8624967653401,736.2413493942901,736.2413493942901,4.0,3060.0,2460000.0
2012-10-29,,,736.2413493942901,,,,2460000.0
2012-10-30,,,736.2413493942901,,,,2460000.0
2012-10-31,,,736.2413493942901,,,,2460000.0
2012-11-01,723.564346027236,723.564346027236,736.2413493942901,736.2413493942901,1.0,1621.0,2460000.0
2012-11-02,760.5226866127242,748.9183527613441,736.2413493942901,736.2413493942901,2.0,1919.0,2460000.0
2012-11-05,,,736.2413493942901,,,,2460000.0
2012-11-06,,,736.2413493942901,,,,2460000.0
2012-11-07,719.663729606604,719.663729606604,736.2413493942901,736.2413493942901,2.0,605.0,2460000.0
2012-11-08,,,736.2413493942901,,,,2460000.0
2012-11-09,721.61403781692,721.61403781692,736.2413493942901,736.2413493942901,2.0,1200.0,2460000.0
2012-11-12,,,736.2413493942901,,,,2460000.0
2012-11-13,,,726.48980834271,,,,2460000.0
2012-11-14,,,726.48980834271,,,,2460000.0
2012-11-15,,,731.3655788684999,,,,2460000.0
2012-11-16,718.688575501446,718.688575501446,731.3655788684999,731.3655788684999,1.0,500.0,2460000.0
2012-11-19,718.688575501446,718.688575501446,731.3655788684999,731.3655788684999,1.0,2000.0,2460000.0
2012-11-20,,,731.3655788684999,,,,2460000.0
2012-11-21,731.3655788684999,718.688575501446,731.3655788684999,731.3655788684999,2.0,4000.0,2460000.0
2012-11-22,,,731.3655788684999,,,,2460000.0
2012-11-23,,,731.3655788684999,,,,2460000.0
2012-11-26,,,731.3655788684999,,,,2460000.0
2012-11-27,711.8624967653401,711.8624967653401,731.3655788684999,731.3655788684999,1.0,1477.0,2460000.0
2012-11-28,,,731.3655788684999,,,,2460000.0
2012-11-29,,,731.3655788684999,,,,2460000.0
2012-11-30,,,731.3655788684999,,,,2460000.0
2012-12-03,747.943198656186,708.937034449866,731.3655788684999,731.3655788684999,4.0,4831.0,2460000.0
2012-12-04,708.937034449866,708.937034449866,731.3655788684999,731.3655788684999,1.0,360.0,2460000.0
2012-12-05,747.943198656186,702.11095571376,726.48980834271,682.6078736106,3.0,34891.0,2460000.0
2012-12-06,,,726.48980834271,,,,2460000.0
2012-12-07,,,726.48980834271,,,,2460000.0
2012-12-10,,,726.48980834271,,,,2460000.0
2012-12-11,747.943198656186,747.943198656186,726.48980834271,726.48980834271,1.0,100.0,2460000.0
2012-12-12,,,726.48980834271,,,,2460000.0
2012-12-13,702.11095571376,702.11095571376,726.48980834271,726.48980834271,1.0,2900.0,2460000.0
2012-12-14,729.415270658184,729.415270658184,726.48980834271,726.48980834271,1.0,3000.0,2460000.0
2012-12-17,,,726.48980834271,,,,2460000.0
2012-12-18,,,726.48980834271,,,,2460000.0
2012-12-19,,,726.48980834271,,,,2460000.0
2012-12-20,,,726.48980834271,,,,2460000.0
2012-12-21,,,726.48980834271,,,,2460000.0
2012-12-24,,,726.48980834271,,,,2460000.0
2012-12-27,,,726.48980834271,,,,2460000.0
2012-12-28,,,726.48980834271,,,,2460000.0
2012-12-31,,,721.61403781692,,,,2460000.0
2013-01-02,,,721.61403781692,,,,2460000.0
2013-01-03,,,736.2413493942901,,,,2460000.0
2013-01-04,721.61403781692,721.61403781692,736.2413493942901,736.2413493942901,1.0,1700.0,2460000.0
2013-01-07,,,736.2413493942901,,,,2460000.0
2013-01-08,,,736.2413493942901,,,,2460000.0
2013-01-09,711.8624967653401,711.8624967653401,736.2413493942901,736.2413493942901,1.0,1450.0,2460000.0
2013-01-10,741.1171199200801,741.1171199200801,736.2413493942901,736.2413493942901,1.0,3500.0,2460000.0
2013-01-11,,,736.2413493942901,,,,2460000.0
2013-01-14,736.2413493942901,713.812804975656,736.2413493942901,736.2413493942901,2.0,1600.0,2460000.0
2013-01-15,,,736.2413493942901,,,,2460000.0
2013-01-16,,,736.2413493942901,,,,2460000.0
2013-01-17,,,736.2413493942901,,,,2460000.0
2013-01-18,745.99289044587,713.812804975656,736.2413493942901,736.2413493942901,2.0,4040.0,2460000.0
2013-01-21,,,736.2413493942901,,,,2460000.0
2013-01-22,,,736.2413493942901,,,,2460000.0
2013-01-23,,,736.2413493942901,,,,2460000.0
2013-01-24,736.2413493942901,736.2413493942901,736.2413493942901,736.2413493942901,1.0,500.0,2460000.0
2013-01-25,,,736.2413493942901,,,,2460000.0
2013-01-28,,,736.2413493942901,,,,2460000.0
2013-01-29,,,736.2413493942901,,,,2460000.0
2013-01-30,,,741.1171199200801,,,,2460000.0
2013-01-31,718.688575501446,718.688575501446,741.1171199200801,741.1171199200801,1.0,318.0,2460000.0
2013-02-01,,,741.1171199200801,,,,2460000.0
2013-02-04,,,741.1171199200801,,,,2460000.0
2013-02-05,741.1171199200801,741.1171199200801,741.1171199200801,741.1171199200801,1.0,2000.0,2460000.0
2013-02-06,,,741.1171199200801,,,,2460000.0
2013-02-07,,,741.1171199200801,,,,2460000.0
2013-02-08,,,741.1171199200801,,,,2460000.0
2013-02-11,718.688575501446,718.688575501446,741.1171199200801,741.1171199200801,1.0,1150.0,2460000.0
2013-02-12,,,741.1171199200801,,,,2460000.0
2013-02-13,,,741.1171199200801,,,,2460000.0
2013-02-14,,,741.1171199200801,,,,2460000.0
2013-02-15,718.688575501446,718.688575501446,741.1171199200801,741.1171199200801,1.0,2000.0,2460000.0
2013-02-18,,,741.1171199200801,,,,2460000.0
2013-02-19,,,741.1171199200801,,,,2460000.0
2013-02-20,780.1232841264,780.1232841264,750.86866097166,741.1171199200801,1.0,1300.0,2460000.0
2013-02-21,780.1232841264,736.2413493942901,755.74443149745,750.86866097166,2.0,505.0,2460000.0
2013-02-22,794.75059570377,736.2413493942901,775.24751360061,755.74443149745,2.0,3031.0,2460000.0
2013-02-25,,,775.24751360061,,,,2460000.0
2013-02-26,,,775.24751360061,,,,2460000.0
2013-02-27,,,767.933857811925,,,,2460000.0
2013-02-28,767.933857811925,750.86866097166,767.933857811925,767.933857811925,2.0,5000.0,2460000.0
2013-03-01,747.943198656186,747.943198656186,767.933857811925,767.933857811925,2.0,992.0,2460000.0
2013-03-04,747.943198656186,747.943198656186,767.933857811925,767.933857811925,3.0,1461.0,2460000.0
2013-03-05,770.3717430748201,741.1171199200801,767.933857811925,767.933857811925,3.0,4600.0,2460000.0
2013-03-06,741.1171199200801,741.1171199200801,767.933857811925,767.933857811925,1.0,1750.0,2460000.0
2013-03-07,757.694739707766,743.067428130396,767.933857811925,767.933857811925,3.0,9500.0,2460000.0
2013-03-08,767.933857811925,767.933857811925,767.933857811925,767.933857811925,1.0,1000.0,2460000.0
2013-03-11,794.75059570377,747.943198656186,767.933857811925,767.933857811925,2.0,1121.0,2460000.0
2013-03-12,,,767.933857811925,,,,2460000.0
2013-03-13,,,767.933857811925,,,,2460000.0
2013-03-14,,,767.933857811925,,,,2460000.0
2013-03-15,747.943198656186,747.943198656186,767.933857811925,767.933857811925,1.0,1350.0,2460000.0
2013-03-18,,,760.6202020232399,,,,2460000.0
2013-03-19,760.6202020232399,760.6202020232399,760.6202020232399,760.6202020232399,1.0,1000.0,2460000.0
2013-03-20,789.8748251779799,789.8748251779799,770.3717430748201,760.6202020232399,1.0,308.0,2460000.0
2013-03-21,770.3717430748201,770.3717430748201,770.3717430748201,770.3717430748201,2.0,3400.0,2460000.0
2013-03-22,,,770.3717430748201,,,,2460000.0
2013-03-25,,,770.3717430748201,,,,2460000.0
2013-03-26,,,770.3717430748201,,,,2460000.0
2013-03-27,,,770.3717430748201,,,,2460000.0
2013-03-28,,,770.3717430748201,,,,2460000.0
2013-04-02,799.6263662295601,747.943198656186,770.3717430748201,770.3717430748201,4.0,3813.0,2460000.0
2013-04-03,796.7009039140861,796.7009039140861,770.3717430748201,770.3717430748201,2.0,755.0,2460000.0
2013-04-04,758.669893812924,750.86866097166,770.3717430748201,770.3717430748201,2.0,5300.0,2460000.0
2013-04-05,799.6263662295601,752.818969181976,770.3717430748201,770.3717430748201,4.0,1490.0,2460000.0
2013-04-08,747.943198656186,747.943198656186,770.3717430748201,770.3717430748201,1.0,454.0,2460000.0
2013-04-09,,,770.3717430748201,,,,2460000.0
2013-04-10,786.949362862506,786.949362862506,770.3717430748201,770.3717430748201,1.0,68.0,2460000.0
2013-04-11,786.949362862506,786.949362862506,770.3717430748201,770.3717430748201,1.0,42.0,2460000.0
2013-04-12,,,765.4959725490301,,,,2460000.0
2013-04-15,731.3655788684999,731.3655788684999,760.6202020232399,765.4959725490301,1.0,334.0,2460000.0
2013-04-16,,,760.6202020232399,,,,2460000.0
2013-04-17,,,760.6202020232399,,,,2460000.0
2013-04-18,772.322051285136,772.322051285136,755.74443149745,755.74443149745,1.0,782.0,2460000.0
2013-04-19,,,755.74443149745,,,,2460000.0
2013-04-22,772.322051285136,772.322051285136,760.6202020232399,755.74443149745,1.0,331.0,2460000.0
2013-04-23,,,760.6202020232399,,,,2460000.0
2013-04-24,,,760.6202020232399,,,,2460000.0
2013-04-25,,,760.6202020232399,,,,2460000.0
2013-04-26,738.191657604606,738.191657604606,760.6202020232399,760.6202020232399,1.0,240.0,2460000.0
2013-04-29,738.191657604606,738.191657604606,760.6202020232399,760.6202020232399,1.0,1681.0,2460000.0
2013-04-30,755.74443149745,755.74443149745,760.6202020232399,760.6202020232399,1.0,3500.0,2460000.0
2013-05-01,780.1232841264,780.1232841264,760.6202020232399,760.6202020232399,1.0,440.0,2460000.0
2013-05-02,731.3655788684999,731.3655788684999,760.6202020232399,760.6202020232399,1.0,121.0,2460000.0
2013-05-03,,,760.6202020232399,,,,2460000.0
2013-05-07,,,760.6202020232399,,,,2460000.0
2013-05-08,,,760.6202020232399,,,,2460000.0
2013-05-09,,,760.6202020232399,,,,2460000.0
2013-05-10,,,760.6202020232399,,,,2460000.0
2013-05-13,,,760.6202020232399,,,,2460000.0
2013-05-14,,,760.6202020232399,,,,2460000.0
2013-05-15,741.1171199200801,736.2413493942901,760.6202020232399,760.6202020232399,2.0,3990.0,2460000.0
2013-05-16,,,760.6202020232399,,,,2460000.0
2013-05-17,736.2413493942901,736.2413493942901,760.6202020232399,760.6202020232399,1.0,760.0,2460000.0
2013-05-20,736.2413493942901,736.2413493942901,760.6202020232399,760.6202020232399,2.0,1780.0,2460000.0
2013-05-21,,,760.6202020232399,,,,2460000.0
2013-05-22,770.3717430748201,731.3655788684999,760.6202020232399,760.6202020232399,3.0,2500.0,2460000.0
2013-05-23,,,750.86866097166,,,,2460000.0
2013-05-24,,,750.86866097166,,,,2460000.0
2013-05-28,,,750.86866097166,,,,2460000.0
2013-05-29,,,750.86866097166,,,,2460000.0
2013-05-30,,,750.86866097166,,,,2460000.0
2013-05-31,,,750.86866097166,,,,2460000.0
2013-06-03,,,743.555005182975,,,,2460000.0
2013-06-04,,,743.555005182975,,,,2460000.0
2013-06-05,,,743.555005182975,,,,2460000.0
2013-06-06,702.11095571376,702.11095571376,733.803464131395,733.803464131395,1.0,85.0,2460000.0
2013-06-07,,,733.803464131395,,,,2460000.0
2013-06-10,754.769277392292,754.769277392292,733.803464131395,733.803464131395,1.0,589.0,2460000.0
2013-06-11,,,733.803464131395,,,,2460000.0
2013-06-12,,,733.803464131395,,,,2460000.0
2013-06-13,754.769277392292,754.769277392292,728.927693605605,733.803464131395,1.0,65.0,2460000.0
2013-06-14,,,728.927693605605,,,,2460000.0
2013-06-17,,,731.3655788684999,,,,2460000.0
2013-06-18,754.769277392292,754.769277392292,731.3655788684999,731.3655788684999,1.0,258.0,2460000.0
2013-06-19,,,731.3655788684999,,,,2460000.0
2013-06-20,697.2351851879699,697.2351851879699,726.48980834271,731.3655788684999,1.0,4150.0,2460000.0
2013-06-21,706.9867262395501,706.9867262395501,731.3655788684999,726.48980834271,1.0,5000.0,2460000.0
2013-06-24,687.48364413639,687.48364413639,702.11095571376,728.927693605605,1.0,1500.0,2460000.0
2013-06-25,675.7817948744939,675.7817948744939,694.797299925075,702.11095571376,1.0,395.0,2460000.0
2013-06-26,,,694.797299925075,,,,2460000.0
2013-06-27,,,706.9867262395501,,,,2460000.0
2013-06-28,750.86866097166,687.48364413639,716.73826729113,711.8624967653401,2.0,612.0,2460000.0
2013-07-01,,,721.61403781692,,,,2460000.0
2013-07-02,706.9867262395501,692.35941466218,721.61403781692,721.61403781692,3.0,5368.0,2460000.0
2013-07-03,744.042582235554,744.042582235554,724.051923079815,721.61403781692,1.0,1522.0,2460000.0
2013-07-04,748.9183527613441,748.9183527613441,724.051923079815,724.051923079815,1.0,209.0,2460000.0
2013-07-05,724.051923079815,699.185493398286,724.051923079815,724.051923079815,3.0,6625.0,2460000.0
2013-07-08,741.1171199200801,741.1171199200801,728.927693605605,724.051923079815,1.0,5000.0,2460000.0
2013-07-09,,,728.927693605605,,,,2460000.0
2013-07-10,704.061263924076,704.061263924076,728.927693605605,728.927693605605,1.0,120.0,2460000.0
2013-07-11,762.570510233556,762.570510233556,736.2413493942901,728.927693605605,1.0,1982.0,2460000.0
2013-07-12,,,736.2413493942901,,,,2460000.0
2013-07-15,770.3717430748201,718.688575501446,750.86866097166,736.2413493942901,2.0,1120.0,2460000.0
2013-07-16,,,750.86866097166,,,,2460000.0
2013-07-17,,,750.86866097166,,,,2460000.0
2013-07-18,,,750.86866097166,,,,2460000.0
2013-07-19,784.99905465219,784.99905465219,750.86866097166,750.86866097166,1.0,500.0,2460000.0
2013-07-22,760.6202020232399,741.1171199200801,755.74443149745,750.86866097166,2.0,2985.0,2460000.0
2013-07-23,789.8748251779799,789.8748251779799,770.3717430748201,755.74443149745,1.0,500.0,2460000.0
2013-07-24,,,770.3717430748201,,,,2460000.0
2013-07-25,755.74443149745,755.74443149745,770.3717430748201,770.3717430748201,1.0,1274.0,2460000.0
2013-07-26,,,770.3717430748201,,,,2460000.0
2013-07-29,809.37790728114,804.50213675535,775.24751360061,770.3717430748201,2.0,799.0,2460000.0
2013-07-30,,,789.8748251779799,,,,2460000.0
2013-07-31,,,789.8748251779799,,,,2460000.0
2013-08-01,,,789.8748251779799,,,,2460000.0
2013-08-02,,,789.8748251779799,,,,2460000.0
2013-08-05,799.6263662295601,784.99905465219,799.6263662295601,789.8748251779799,3.0,1708.0,2460000.0
2013-08-06,,,799.6263662295601,,,,2460000.0
2013-08-07,833.7567599100901,833.7567599100901,809.37790728114,799.6263662295601,1.0,935.0,2460000.0
2013-08-08,,,809.37790728114,,,,2460000.0
2013-08-09,,,809.37790728114,,,,2460000.0
2013-08-12,,,809.37790728114,,,,2460000.0
2013-08-13,,,819.12944833272,,,,2460000.0
2013-08-14,,,819.12944833272,,,,2460000.0
2013-08-15,,,819.12944833272,,,,2460000.0
2013-08-16,,,819.12944833272,,,,2460000.0
2013-08-19,,,819.12944833272,,,,2460000.0
2013-08-20,,,819.12944833272,,,,2460000.0
2013-08-21,,,819.12944833272,,,,2460000.0
2013-08-22,799.6263662295601,799.6263662295601,819.12944833272,819.12944833272,1.0,75.0,2460000.0
2013-08-23,,,819.12944833272,,,,2460000.0
2013-08-27,787.924516967664,780.1232841264,819.12944833272,819.12944833272,2.0,840.0,2460000.0
2013-08-28,848.38407148746,780.1232841264,809.37790728114,814.25367780693,2.0,740.0,2460000.0
2013-08-29,,,809.37790728114,,,,2460000.0
2013-08-30,,,809.37790728114,,,,2460000.0
2013-09-02,848.38407148746,848.38407148746,809.37790728114,809.37790728114,1.0,500.0,2460000.0
2013-09-03,780.1232841264,780.1232841264,809.37790728114,809.37790728114,1.0,500.0,2460000.0
2013-09-04,848.38407148746,848.38407148746,814.25367780693,809.37790728114,1.0,100.0,2460000.0
2013-09-05,,,814.25367780693,,,,2460000.0
2013-09-06,,,814.25367780693,,,,2460000.0
2013-09-09,848.38407148746,848.38407148746,814.25367780693,814.25367780693,3.0,1344.0,2460000.0
2013-09-10,848.38407148746,848.38407148746,814.25367780693,814.25367780693,1.0,100.0,2460000.0
2013-09-11,,,824.00521885851,,,,2460000.0
2013-09-12,,,833.7567599100901,,,,2460000.0
2013-09-13,872.76292411641,872.76292411641,848.38407148746,833.7567599100901,1.0,200.0,2460000.0
2013-09-16,853.25984201325,853.25984201325,858.13561253904,850.8219567503551,1.0,1240.0,2460000.0
2013-09-17,897.14177674536,897.14177674536,858.13561253904,858.13561253904,1.0,270.0,2460000.0
2013-09-18,897.14177674536,897.14177674536,858.13561253904,858.13561253904,1.0,100.0,2460000.0
2013-09-19,,,865.449268327725,,,,2460000.0
2013-09-20,906.89331779694,906.89331779694,867.88715359062,867.88715359062,1.0,100.0,2460000.0
2013-09-23,,,867.88715359062,,,,2460000.0
2013-09-24,867.88715359062,867.88715359062,867.88715359062,867.88715359062,2.0,2500.0,2460000.0
2013-09-25,,,867.88715359062,,,,2460000.0
2013-09-26,848.38407148746,848.38407148746,867.88715359062,867.88715359062,2.0,1600.0,2460000.0
2013-09-27,867.88715359062,867.88715359062,870.325038853515,867.88715359062,1.0,1125.0,2460000.0
2013-09-30,906.89331779694,906.89331779694,870.325038853515,870.325038853515,2.0,20.0,2460000.0
2013-10-01,906.89331779694,906.89331779694,870.325038853515,870.325038853515,2.0,45.0,2460000.0
2013-10-02,906.89331779694,906.89331779694,870.325038853515,870.325038853515,1.0,2.0,2460000.0
2013-10-03,906.89331779694,906.89331779694,870.325038853515,870.325038853515,1.0,264.0,2460000.0
2013-10-04,,,870.325038853515,,,,2460000.0
2013-10-07,,,870.325038853515,,,,2460000.0
2013-10-08,,,870.325038853515,,,,2460000.0
2013-10-09,853.25984201325,853.25984201325,865.449268327725,870.325038853515,3.0,3780.0,2460000.0
2013-10-10,897.14177674536,897.14177674536,865.449268327725,865.449268327725,2.0,231.0,2460000.0
2013-10-11,,,865.449268327725,,,,2460000.0
2013-10-14,897.14177674536,849.3592255926179,865.449268327725,865.449268327725,3.0,1134.0,2460000.0
2013-10-15,,,865.449268327725,,,,2460000.0
2013-10-16,860.085920749356,860.085920749356,863.01138306483,865.449268327725,1.0,95.0,2460000.0
2013-10-17,855.2101502235661,855.2101502235661,863.01138306483,863.01138306483,1.0,85.0,2460000.0
2013-10-18,,,863.01138306483,,,,2460000.0
2013-10-21,887.39023569378,838.63253043588,848.38407148746,863.01138306483,2.0,4608.0,2460000.0
2013-10-22,882.51446516799,882.51446516799,877.6386946422,845.9461862245649,1.0,1098.0,2460000.0
2013-10-23,,,882.51446516799,,,,2460000.0
2013-10-24,897.14177674536,897.14177674536,887.39023569378,882.51446516799,1.0,1080.0,2460000.0
2013-10-25,897.14177674536,897.14177674536,897.14177674536,889.828120956675,1.0,50.0,2460000.0
2013-10-28,863.01138306483,863.01138306483,897.14177674536,897.14177674536,1.0,153.0,2460000.0
2013-10-29,858.13561253904,858.13561253904,897.14177674536,897.14177674536,1.0,1000.0,2460000.0
2013-10-30,,,906.89331779694,,,,2460000.0
2013-10-31,,,906.89331779694,,,,2460000.0
2013-11-01,,,911.76908832273,,,,2460000.0
2013-11-04,,,911.76908832273,,,,2460000.0
2013-11-05,,,911.76908832273,,,,2460000.0
2013-11-06,,,911.76908832273,,,,2460000.0
2013-11-07,,,911.76908832273,,,,2460000.0
2013-11-08,,,911.76908832273,,,,2460000.0
2013-11-11,,,911.76908832273,,,,2460000.0
2013-11-12,,,911.76908832273,,,,2460000.0
2013-11-13,,,911.76908832273,,,,2460000.0
2013-11-14,,,911.76908832273,,,,2460000.0
2013-11-15,,,916.64485884852,,,,2460000.0
2013-11-18,,,916.64485884852,,,,2460000.0
2013-11-19,931.27217042589,931.27217042589,916.64485884852,916.64485884852,1.0,1040.0,2460000.0
2013-11-20,,,921.52062937431,,,,2460000.0
2013-11-21,950.77525252905,926.3963999001,931.27217042589,923.958514637205,3.0,4202.0,2460000.0
2013-11-22,,,936.14794095168,,,,2460000.0
2013-11-25,906.89331779694,902.01754727115,941.02371147747,936.14794095168,2.0,1800.0,2460000.0
2013-11-26,,,941.02371147747,941.02371147747,,,2460000.0
2013-11-27,960.52679358063,960.52679358063,950.77525252905,941.02371147747,1.0,600.0,2460000.0
2013-11-28,,,950.77525252905,950.77525252905,,,2460000.0
2013-11-29,970.27833463221,950.77525252905,953.213137791945,950.77525252905,2.0,5850.0,2460000.0
2013-12-02,950.77525252905,950.77525252905,970.27833463221,953.213137791945,1.0,95.0,2460000.0
2013-12-03,941.02371147747,941.02371147747,970.27833463221,970.27833463221,1.0,250.0,2460000.0
2013-12-04,951.750406634208,951.750406634208,970.27833463221,970.27833463221,1.0,323.0,2460000.0
2013-12-05,,,970.27833463221,,,,2460000.0
2013-12-06,,,970.27833463221,,,,2460000.0
2013-12-09,1004.40872831274,999.53295778695,970.27833463221,970.27833463221,4.0,1234.0,2460000.0
2013-12-10,1008.309344733372,1004.40872831274,980.02987568379,970.27833463221,2.0,391.0,2460000.0
2013-12-11,,,980.02987568379,,,,2460000.0
2013-12-12,,,980.02987568379,,,,2460000.0
2013-12-13,,,980.02987568379,,,,2460000.0
2013-12-16,952.725560739366,952.725560739366,980.02987568379,980.02987568379,1.0,10.0,2460000.0
2013-12-17,,,980.02987568379,,,,2460000.0
2013-12-18,,,980.02987568379,,,,2460000.0
2013-12-19,,,980.02987568379,,,,2460000.0
2013-12-20,1016.110577574636,1016.110577574636,980.02987568379,980.02987568379,1.0,2015.0,2460000.0
2013-12-23,,,980.02987568379,,,,2460000.0
2013-12-24,948.824944318734,941.02371147747,980.02987568379,980.02987568379,2.0,1000.0,2460000.0
2013-12-27,,,980.02987568379,,,,2460000.0
2013-12-30,,,980.02987568379,,,,2460000.0
2013-12-31,,,980.02987568379,,,,2460000.0
2014-01-02,,,980.02987568379,,,,2460000.0
2014-01-03,957.601331265156,957.601331265156,980.02987568379,980.02987568379,1.0,170.0,2460000.0
2014-01-06,,,980.02987568379,,,,2460000.0
2014-01-07,,,999.53295778695,,,,2460000.0
2014-01-08,1035.613659677796,1035.613659677796,999.53295778695,999.53295778695,1.0,300.0,2460000.0
2014-01-09,,,999.53295778695,,,,2460000.0
2014-01-10,977.104413368316,977.104413368316,999.53295778695,999.53295778695,1.0,1050.0,2460000.0
2014-01-13,,,999.53295778695,,,,2460000.0
2014-01-14,,,999.53295778695,,,,2460000.0
2014-01-15,1035.613659677796,1035.613659677796,1014.16026936432,999.53295778695,1.0,500.0,2460000.0
2014-01-16,1072.6695156738,1050.240971255166,1031.225466204585,1014.16026936432,2.0,730.0,2460000.0
2014-01-17,,,1031.225466204585,,,,2460000.0
2014-01-20,1009.28449883853,1009.28449883853,1023.9118104159002,1031.225466204585,1.0,2735.0,2460000.0
2014-01-21,,,1023.9118104159002,,,,2460000.0
2014-01-22,,,1023.9118104159002,,,,2460000.0
2014-01-23,,,1023.9118104159002,,,,2460000.0
2014-01-24,994.65718726116,994.65718726116,1023.9118104159002,1023.9118104159002,1.0,1000.0,2460000.0
2014-01-27,1053.16643357064,994.65718726116,1023.9118104159002,1023.9118104159002,2.0,1119.0,2460000.0
2014-01-28,,,1014.16026936432,,,,2460000.0
2014-01-29,,,1014.16026936432,,,,2460000.0
2014-01-30,,,1014.16026936432,,,,2460000.0
2014-01-31,1004.40872831274,975.154105158,1014.16026936432,1014.16026936432,3.0,2050.0,2460000.0
2014-02-03,,,1014.16026936432,,,,2460000.0
2014-02-04,,,1014.16026936432,,,,2460000.0
2014-02-05,,,1014.16026936432,,,,2460000.0
2014-02-06,977.104413368316,977.104413368316,1023.9118104159002,1014.16026936432,1.0,202.0,2460000.0
2014-02-07,,,1023.9118104159002,,,,2460000.0
2014-02-10,1062.9179746222198,984.90564620958,1023.9118104159002,1023.9118104159002,2.0,1091.0,2460000.0
2014-02-11,,,1033.66335146748,,,,2460000.0
2014-02-12,,,1043.41489251906,,,,2460000.0
2014-02-13,,,1043.41489251906,,,,2460000.0
2014-02-14,1092.17259777696,1092.17259777696,1053.16643357064,1053.16643357064,1.0,586.0,2460000.0
2014-02-17,,,1053.16643357064,,,,2460000.0
2014-02-18,,,1053.16643357064,,,,2460000.0
2014-02-19,,,1053.16643357064,,,,2460000.0
2014-02-20,,,1053.16643357064,,,,2460000.0
2014-02-21,1092.17259777696,1014.16026936432,1053.16643357064,1053.16643357064,2.0,652.0,2460000.0
2014-02-24,,,1053.16643357064,,,,2460000.0
2014-02-25,,,1062.9179746222198,,,,2460000.0
2014-02-26,1082.6013,1082.6013,1043.23398,1043.23398,1.0,363.0,2460000.0
2014-02-27,,,1043.23398,,,,2460000.0
2014-02-28,1082.6013,1082.6013,1043.23398,1043.23398,2.0,253.0,2460000.0
2014-03-03,,,1043.23398,,,,2460000.0
2014-03-04,,,1043.23398,,,,2460000.0
2014-03-05,1013.70849,1003.86666,1043.23398,1043.23398,2.0,500.0,2460000.0
2014-03-06,1092.44313,1013.70849,1060.4571825,1043.23398,3.0,681.0,2460000.0
2014-03-07,,,1060.4571825,,,,2460000.0
2014-03-10,1117.047705,1117.047705,1080.1408425,1060.4571825,1.0,873.0,2460000.0
2014-03-11,1126.889535,1033.39215,1080.1408425,1080.1408425,2.0,245.0,2460000.0
2014-03-12,1038.313065,1038.313065,1080.1408425,1080.1408425,1.0,1000.0,2460000.0
2014-03-13,1062.91764,1062.91764,1104.7454175,1080.1408425,1.0,700.0,2460000.0
2014-03-14,,,1104.7454175,,,,2460000.0
2014-03-17,1065.870189,1062.91764,1104.7454175,1104.7454175,3.0,2200.0,2460000.0
2014-03-18,1055.044176,1053.07581,1094.9035875,1104.7454175,2.0,2800.0,2460000.0
2014-03-19,1136.731365,1136.731365,1094.9035875,1094.9035875,1.0,860.0,2460000.0
2014-03-20,,,1094.9035875,,,,2460000.0
2014-03-21,1067.838555,1048.154895,1094.9035875,1094.9035875,3.0,3250.0,2460000.0
2014-03-24,,,1094.9035875,,,,2460000.0
2014-03-25,1053.07581,1048.154895,1094.9035875,1094.9035875,4.0,5056.0,2460000.0
2014-03-26,,,1094.9035875,,,,2460000.0
2014-03-27,,,1094.9035875,,,,2460000.0
2014-03-28,,,1094.9035875,,,,2460000.0
2014-03-31,1123.936986,1087.522215,1112.12679,1094.9035875,3.0,433.0,2460000.0
2014-04-01,1187.908881,1143.37460025,1151.49411,1112.12679,4.0,175.0,2460000.0
2014-04-02,1232.197116,1151.49411,1190.86143,1151.49411,4.0,3081.0,2460000.0
2014-04-03,1232.197116,1164.288489,1198.2428025,1190.86143,3.0,1038.0,2460000.0
2014-04-04,1232.197116,1198.2428025,1198.2428025,1198.2428025,2.0,4221.0,2460000.0
2014-04-07,1213.0055475,1161.33594,1198.2428025,1198.2428025,4.0,963.0,2460000.0
2014-04-08,,,1198.2428025,,,,2460000.0
2014-04-09,1209.2656521,1164.288489,1198.2428025,1198.2428025,3.0,1359.0,2460000.0
2014-04-10,1203.655809,1190.86143,1198.2428025,1198.2428025,7.0,1990.0,2460000.0
2014-04-11,1181.0196,1136.731365,1163.7963975,1185.940515,6.0,1611.0,2460000.0
2014-04-14,1121.4765285,1121.4765285,1153.9545675,1163.7963975,1.0,120.0,2460000.0
2014-04-15,1171.17777,1171.17777,1144.1127375,1153.9545675,1.0,247.0,2460000.0
2014-04-16,1166.256855,1166.256855,1144.1127375,1144.1127375,1.0,1006.0,2460000.0
2014-04-17,,,1144.1127375,,,,2460000.0
2014-04-22,1171.17777,1107.205875,1129.3499925,1144.1127375,2.0,917.0,2460000.0
2014-04-23,1097.364045,1097.364045,1129.3499925,1129.3499925,1.0,1050.0,2460000.0
2014-04-24,,,1129.3499925,,,,2460000.0
2014-04-25,,,1129.3499925,,,,2460000.0
2014-04-28,1087.522215,1087.522215,1117.047705,1129.3499925,1.0,560.0,2460000.0
2014-04-29,1151.49411,1151.49411,1129.3499925,1117.047705,2.0,674.0,2460000.0
2014-04-30,1107.205875,1107.205875,1134.2709075,1129.3499925,1.0,600.0,2460000.0
2014-05-01,1151.49411,1107.205875,1134.2709075,1134.2709075,3.0,1377.0,2460000.0
2014-05-02,,,1134.2709075,,,,2460000.0
2014-05-06,1161.33594,1120.000254,1139.1918225,1139.1918225,2.0,734.0,2460000.0
2014-05-07,1121.91941085,1107.205875,1151.49411,1139.1918225,2.0,1227.0,2460000.0
2014-05-08,1171.17777,1116.063522,1151.49411,1151.49411,2.0,502.0,2460000.0
2014-05-09,,,1151.49411,,,,2460000.0
2014-05-12,1171.17777,1171.17777,1151.49411,1151.49411,2.0,1000.0,2460000.0
2014-05-13,1126.889535,1126.889535,1168.7173125,1156.415025,2.0,2417.0,2460000.0
2014-05-14,1126.889535,1126.889535,1173.6382275,1168.7173125,1.0,1053.0,2460000.0
2014-05-15,1185.940515,1185.940515,1173.6382275,1173.6382275,1.0,329.0,2460000.0
2014-05-16,1185.940515,1185.940515,1173.6382275,1173.6382275,1.0,824.0,2460000.0
2014-05-19,1185.940515,1117.047705,1146.573195,1173.6382275,3.0,2807.0,2460000.0
2014-05-20,,,1146.573195,,,,2460000.0
2014-05-21,,,1146.573195,,,,2460000.0
2014-05-22,,,1146.573195,,,,2460000.0
2014-05-23,1166.256855,1166.256855,1146.573195,1146.573195,1.0,421.0,2460000.0
2014-05-27,1141.65228,1107.205875,1141.65228,1146.573195,4.0,1537.0,2460000.0
2014-05-28,1114.095156,1114.095156,1141.65228,1141.65228,1.0,370.0,2460000.0
2014-05-29,1097.364045,1097.364045,1141.65228,1141.65228,1.0,421.0,2460000.0
2014-05-30,1139.683914,1139.683914,1141.65228,1141.65228,1.0,250.0,2460000.0
2014-06-02,1118.031888,1118.031888,1141.65228,1144.1127375,2.0,1930.0,2460000.0
2014-06-03,,,1139.1918225,,,,2460000.0
2014-06-04,1146.573195,1146.573195,1146.573195,1139.1918225,1.0,425.0,2460000.0
2014-06-05,1156.415025,1156.415025,1151.49411,1146.573195,1.0,380.0,2460000.0
2014-06-06,1121.96862,1121.96862,1151.49411,1151.49411,2.0,545.0,2460000.0
2014-06-09,,,1173.6382275,,,,2460000.0
2014-06-10,1161.33594,1161.33594,1188.4009725,1173.6382275,2.0,1209.0,2460000.0
2014-06-11,1196.766528,1161.33594,1190.86143,1188.4009725,6.0,2674.0,2460000.0
2014-06-12,,,1198.2428025,,,,2460000.0
2014-06-13,,,1205.6241750000002,,,,2460000.0
2014-06-16,,,1190.86143,,,,2460000.0
2014-06-17,1185.940515,1185.940515,1190.86143,1190.86143,1.0,165.0,2460000.0
2014-06-18,1161.33594,1161.33594,1190.86143,1190.86143,1.0,430.0,2460000.0
2014-06-19,1166.256855,1151.49411,1171.17777,1190.86143,3.0,2526.0,2460000.0
2014-06-20,1141.65228,1141.65228,1171.17777,1171.17777,1.0,116.0,2460000.0
2014-06-23,1176.098685,1159.367574,1171.17777,1171.17777,3.0,1346.0,2460000.0
2014-06-24,1176.098685,1176.098685,1176.098685,1173.6382275,1.0,40.0,2460000.0
2014-06-25,1146.573195,1146.573195,1176.098685,1176.098685,2.0,1000.0,2460000.0
2014-06-26,1176.098685,1176.098685,1176.098685,1176.098685,1.0,40.0,2460000.0
2014-06-27,,,1176.098685,,,,2460000.0
2014-06-30,1176.098685,1146.573195,1176.098685,1176.098685,3.0,4096.0,2460000.0
2014-07-01,1171.17777,1136.731365,1171.17777,1173.6382275,4.0,2868.0,2460000.0
2014-07-02,1171.17777,1143.620646,1171.17777,1171.17777,3.0,8341.0,2460000.0
2014-07-03,1171.17777,1171.17777,1171.17777,1171.17777,2.0,469.0,2460000.0
2014-07-04,,,1171.17777,,,,2460000.0
2014-07-07,1141.65228,1141.65228,1171.17777,1171.17777,1.0,124.0,2460000.0
2014-07-08,1143.620646,1143.620646,1171.17777,1171.17777,2.0,2000.0,2460000.0
2014-07-09,,,1171.17777,,,,2460000.0
2014-07-10,1169.209404,1141.65228,1171.17777,1171.17777,2.0,474.0,2460000.0
2014-07-11,,,1171.17777,,,,2460000.0
2014-07-14,1166.256855,1162.9106328,1171.17777,1171.17777,3.0,2355.0,2460000.0
2014-07-15,,,1171.17777,,,,2460000.0
2014-07-16,,,1171.17777,,,,2460000.0
2014-07-17,1174.130319,1174.130319,1171.17777,1171.17777,1.0,971.0,2460000.0
2014-07-18,1146.573195,1146.573195,1171.17777,1171.17777,1.0,5.0,2460000.0
2014-07-21,,,1171.17777,,,,2460000.0
2014-07-22,1146.573195,1146.573195,1171.17777,1171.17777,1.0,675.0,2460000.0
2014-07-23,,,1171.17777,,,,2460000.0
2014-07-24,1138.699731,1138.699731,1166.256855,1171.17777,1.0,531.0,2460000.0
2014-07-25,,,1166.256855,,,,2460000.0
2014-07-28,1161.33594,1138.699731,1166.256855,1166.256855,2.0,735.0,2460000.0
2014-07-29,1160.351757,1160.351757,1166.256855,1166.256855,1.0,91.0,2460000.0
2014-07-30,1160.351757,1141.65228,1166.256855,1166.256855,2.0,1350.0,2460000.0
2014-07-31,1160.351757,1136.731365,1166.256855,1166.256855,2.0,758.0,2460000.0
2014-08-01,1126.889535,1126.889535,1151.49411,1166.256855,1.0,1800.0,2460000.0
2014-08-04,1145.589012,1145.589012,1141.65228,1151.49411,1.0,340.0,2460000.0
2014-08-05,1112.12679,1102.28496,1141.65228,1141.65228,2.0,934.0,2460000.0
2014-08-06,1136.731365,1129.842084,1117.047705,1141.65228,2.0,390.0,2460000.0
2014-08-07,,,1117.047705,,,,2460000.0
2014-08-08,1117.047705,1117.047705,1117.047705,1117.047705,1.0,249.0,2460000.0
2014-08-11,1077.680385,1077.680385,1107.205875,1117.047705,1.0,374.0,2460000.0
2014-08-12,1062.91764,1062.91764,1077.680385,1094.9035875,1.0,50.0,2460000.0
2014-08-13,1072.75947,1072.75947,1077.680385,1075.2199275,1.0,37.0,2460000.0
2014-08-14,,,1077.680385,,,,2460000.0
2014-08-15,,,1072.75947,,,,2460000.0
2014-08-18,1072.75947,1033.39215,1067.838555,1072.75947,6.0,3702.0,2460000.0
2014-08-19,1092.44313,1062.91764,1102.28496,1067.838555,3.0,3994.0,2460000.0
2014-08-20,1112.3236266,1112.3236266,1102.28496,1102.28496,1.0,175.0,2460000.0
2014-08-21,,,1102.28496,,,,2460000.0
2014-08-22,1072.75947,1072.75947,1097.364045,1102.28496,2.0,1120.0,2460000.0
2014-08-26,1072.75947,1072.75947,1082.6013,1097.364045,1.0,200.0,2460000.0
2014-08-27,,,1082.6013,,,,2460000.0
2014-08-28,1087.522215,1087.522215,1075.2199275,1082.6013,1.0,224.0,2460000.0
2014-08-29,,,1075.2199275,,,,2460000.0
2014-09-01,1048.154895,1033.39215,1053.07581,1075.2199275,4.0,4735.0,2460000.0
2014-09-02,1023.55032,1023.55032,1053.07581,1053.07581,2.0,1487.0,2460000.0
2014-09-03,,,1053.07581,,,,2460000.0
2014-09-04,1064.886006,1028.471235,1055.5362675,1053.07581,6.0,4832.0,2460000.0
2014-09-05,,,1055.5362675,,,,2460000.0
2014-09-08,1013.70849,1013.70849,1043.23398,1055.5362675,2.0,1874.0,2460000.0
2014-09-09,,,1043.23398,,,,2460000.0
2014-09-10,1053.07581,1053.07581,1043.23398,1043.23398,2.0,342.0,2460000.0
2014-09-11,1013.70849,1013.70849,1028.471235,1043.23398,1.0,520.0,2460000.0
2014-09-12,1041.265614,1003.86666,1028.471235,1028.471235,2.0,748.0,2460000.0
2014-09-15,,,1028.471235,,,,2460000.0
2014-09-16,998.945745,998.945745,1026.0107775,1028.471235,1.0,252.0,2460000.0
2014-09-17,1041.265614,1041.265614,1026.0107775,1026.0107775,1.0,45.0,2460000.0
2014-09-18,1041.265614,1041.265614,1026.0107775,1026.0107775,2.0,1028.0,2460000.0
2014-09-19,,,1026.0107775,,,,2460000.0
2014-09-22,1036.344699,1036.344699,1008.787575,1023.55032,2.0,772.0,2460000.0
2014-09-23,,,971.8807125,,,,2460000.0
2014-09-24,,,974.34117,,,,2460000.0
2014-09-25,934.97385,934.97385,984.183,974.34117,1.0,82.0,2460000.0
2014-09-26,944.81568,944.81568,979.262085,984.183,1.0,1075.0,2460000.0
2014-09-29,1000.914111,944.81568,984.183,979.262085,4.0,1475.0,2460000.0
2014-09-30,995.993196,995.993196,984.183,984.183,2.0,27.0,2460000.0
2014-10-01,995.993196,944.81568,974.34117,984.183,3.0,988.0,2460000.0
2014-10-02,986.151366,910.369275,949.736595,949.736595,3.0,759.0,2460000.0
2014-10-03,910.369275,910.369275,949.736595,949.736595,1.0,300.0,2460000.0
2014-10-06,986.151366,986.151366,949.736595,949.736595,1.0,8.0,2460000.0
2014-10-07,910.369275,910.369275,949.736595,949.736595,2.0,1548.0,2460000.0
2014-10-08,,,939.894765,,,,2460000.0
2014-10-09,,,939.894765,,,,2460000.0
2014-10-10,895.60653,895.60653,939.894765,939.894765,1.0,150.0,2460000.0
2014-10-13,969.420255,969.420255,934.97385,934.97385,3.0,115.0,2460000.0
2014-10-14,,,932.5133925,,,,2460000.0
2014-10-15,,,920.211105,,,,2460000.0
2014-10-16,,,920.211105,,,,2460000.0
2014-10-17,,,920.211105,,,,2460000.0
2014-10-20,,,905.44836,,,,2460000.0
2014-10-21,,,915.29019,,,,2460000.0
2014-10-22,949.736595,880.843785,930.052935,915.29019,2.0,520.0,2460000.0
2014-10-23,974.34117,974.34117,934.97385,930.052935,2.0,1450.0,2460000.0
2014-10-24,890.685615,890.685615,937.4343075,937.4343075,1.0,200.0,2460000.0
2014-10-27,,,942.3552225,,,,2460000.0
2014-10-28,,,942.3552225,,,,2460000.0
2014-10-29,974.34117,895.60653,942.3552225,942.3552225,3.0,582.0,2460000.0
2014-10-30,,,934.97385,,,,2460000.0
2014-10-31,969.420255,969.420255,939.894765,934.97385,1.0,913.0,2460000.0
2014-11-03,,,939.894765,,,,2460000.0
2014-11-04,,,939.894765,,,,2460000.0
2014-11-05,910.369275,910.369275,959.578425,944.81568,1.0,294.0,2460000.0
2014-11-06,910.369275,910.369275,959.578425,959.578425,1.0,3.0,2460000.0
2014-11-07,,,962.0388825,,,,2460000.0
2014-11-10,,,964.49934,,,,2460000.0
2014-11-11,,,964.49934,,,,2460000.0
2014-11-12,,,964.49934,,,,2460000.0
2014-11-13,,,964.49934,,,,2460000.0
2014-11-14,,,964.49934,,,,2460000.0
2014-11-17,920.211105,920.211105,964.49934,964.49934,1.0,600.0,2460000.0
2014-11-18,994.02483,994.02483,964.49934,964.49934,1.0,99.0,2460000.0
2014-11-19,,,966.9597975,,,,2460000.0
2014-11-20,,,966.9597975,,,,2460000.0
2014-11-21,925.13202,925.13202,966.9597975,966.9597975,1.0,1000.0,2460000.0
2014-11-24,998.945745,998.945745,974.34117,974.34117,1.0,44.0,2460000.0
2014-11-25,,,976.8016275,,,,2460000.0
2014-11-26,930.052935,930.052935,976.8016275,976.8016275,1.0,866.0,2460000.0
2014-11-27,976.8016275,934.97385,976.8016275,976.8016275,2.0,23460.0,2460000.0
2014-11-28,,,994.02483,,,,2460000.0
2014-12-01,925.13202,925.13202,994.02483,994.02483,1.0,1383.0,2460000.0
2014-12-02,,,1001.4062025,,,,2460000.0
2014-12-03,1008.787575,1008.787575,1003.86666,1001.4062025,1.0,192.0,2460000.0
2014-12-04,994.02483,994.02483,1006.3271175,1003.86666,1.0,990.0,2460000.0
2014-12-05,,,1006.3271175,,,,2460000.0
2014-12-08,,,1006.3271175,,,,2460000.0
2014-12-09,,,994.02483,,,,2460000.0
2014-12-10,984.183,984.183,994.02483,994.02483,1.0,100.0,2460000.0
2014-12-11,,,994.02483,,,,2460000.0
2014-12-12,,,994.02483,,,,2460000.0
2014-12-15,984.183,944.81568,994.02483,994.02483,2.0,486.0,2460000.0
2014-12-16,,,994.02483,,,,2460000.0
2014-12-17,,,994.02483,,,,2460000.0
2014-12-18,,,1008.787575,,,,2460000.0
2014-12-19,1003.86666,998.945745,1018.629405,1008.787575,2.0,305.0,2460000.0
2014-12-22,,,1026.0107775,,,,2460000.0
2014-12-23,,,1026.0107775,,,,2460000.0
2014-12-24,,,1033.39215,,,,2460000.0
2014-12-29,1033.39215,994.02483,1043.23398,1033.39215,2.0,1581.0,2460000.0
2014-12-30,,,1043.23398,,,,2460000.0
2014-12-31,1043.23398,1043.23398,1045.6944375,1043.23398,1.0,186.0,2460000.0
2015-01-02,1041.01956825,1041.01956825,1048.154895,1045.6944375,1.0,93.0,2460000.0
2015-01-05,1003.86666,1003.86666,1048.154895,1048.154895,1.0,360.0,2460000.0
2015-01-06,,,1048.154895,,,,2460000.0
2015-01-07,1053.07581,1053.07581,1057.996725,1048.154895,1.0,75.0,2460000.0
2015-01-08,1023.55032,1023.55032,1070.2990125,1057.996725,1.0,42.0,2460000.0
2015-01-09,,,1072.75947,,,,2460000.0
2015-01-12,,,1072.75947,,,,2460000.0
2015-01-13,1023.55032,1013.70849,1072.75947,1072.75947,2.0,1280.0,2460000.0
2015-01-14,1008.787575,1008.787575,1072.75947,1072.75947,1.0,1500.0,2460000.0
2015-01-15,1033.39215,1008.787575,1048.154895,1072.75947,2.0,432.0,2460000.0
2015-01-16,,,1043.23398,,,,2460000.0
2015-01-19,,,1043.23398,,,,2460000.0
2015-01-20,969.420255,969.420255,1035.8526075,1043.23398,1.0,1500.0,2460000.0
2015-01-21,1018.629405,984.183,1033.39215,1035.8526075,2.0,771.0,2460000.0
2015-01-22,984.183,984.183,1033.39215,984.183,1.0,1874.0,2460000.0
2015-01-23,1008.787575,1008.787575,1033.39215,1033.39215,1.0,195.0,2460000.0
2015-01-26,,,1033.39215,,,,2460000.0
2015-01-27,1013.70849,1013.70849,1035.8526075,1033.39215,1.0,159.0,2460000.0
2015-01-28,,,1035.8526075,,,,2460000.0
2015-01-29,,,1035.8526075,,,,2460000.0
2015-01-30,984.183,984.183,1035.8526075,1035.8526075,1.0,350.0,2460000.0
2015-02-02,,,1035.8526075,,,,2460000.0
2015-02-03,,,1035.8526075,,,,2460000.0
2015-02-04,,,1035.8526075,,,,2460000.0
2015-02-05,,,1035.8526075,,,,2460000.0
2015-02-06,,,1035.8526075,,,,2460000.0
2015-02-09,,,1023.55032,,,,2460000.0
2015-02-10,,,1023.55032,,,,2460000.0
2015-02-11,959.578425,959.578425,1023.55032,1023.55032,1.0,2000.0,2460000.0
2015-02-12,,,1023.55032,,,,2460000.0
2015-02-13,,,1023.55032,,,,2460000.0
2015-02-16,,,1023.55032,,,,2460000.0
2015-02-17,1003.86666,954.65751,1023.55032,1023.55032,2.0,1971.0,2460000.0
2015-02-18,,,1023.55032,,,,2460000.0
2015-02-19,,,1026.0107775,,,,2460000.0
2015-02-20,974.34117,974.34117,1003.86666,1026.0107775,2.0,298.0,2460000.0
2015-02-23,1036.344699,1013.70849,1023.55032,1003.86666,3.0,823.0,2460000.0
2015-02-24,982.214634,982.214634,1028.471235,1023.55032,1.0,240.0,2460000.0
2015-02-25,1003.86666,987.135549,1028.471235,1028.471235,3.0,5718.0,2460000.0
2015-02-26,,,1028.471235,,,,2460000.0
2015-02-27,987.135549,987.135549,1028.471235,1028.471235,1.0,500.0,2460000.0
2015-03-02,1057.996725,989.103915,1028.471235,1028.471235,2.0,754.0,2460000.0
2015-03-03,997.961562,990.088098,1028.471235,1028.471235,2.0,4550.0,2460000.0
2015-03-04,,,1028.471235,,,,2460000.0
2015-03-05,,,998.945745,,,,2460000.0
2015-03-06,,,994.02483,,,,2460000.0
2015-03-09,,,989.103915,,,,2460000.0
2015-03-10,,,964.49934,,,,2460000.0
2015-03-11,,,964.49934,,,,2460000.0
2015-03-12,910.369275,910.369275,964.49934,964.49934,2.0,1855.0,2460000.0
2015-03-13,915.29019,915.29019,966.9597975,964.49934,1.0,1400.0,2460000.0
2015-03-16,984.183,930.052935,989.103915,966.9597975,6.0,1734.0,2460000.0
2015-03-17,1003.86666,934.97385,974.34117,979.262085,5.0,7476.0,2460000.0
2015-03-18,,,989.103915,,,,2460000.0
2015-03-19,1033.39215,976.309536,989.103915,989.103915,2.0,4650.0,2460000.0
2015-03-20,985.167183,984.183,984.183,984.183,2.0,8000.0,2460000.0
2015-03-23,984.183,966.467706,984.183,984.183,3.0,1928.0,2460000.0
2015-03-24,1008.787575,986.6434575,1013.70849,1001.4062025,2.0,1500.0,2460000.0
2015-03-25,1023.55032,1013.70849,1013.70849,1013.70849,2.0,3052.0,2460000.0
2015-03-26,1048.154895,944.81568,989.103915,1003.86666,2.0,640.0,2460000.0
2015-03-27,,,989.103915,,,,2460000.0
2015-03-30,949.736595,949.736595,989.103915,989.103915,1.0,600.0,2460000.0
2015-03-31,949.736595,949.736595,989.103915,989.103915,1.0,1000.0,2460000.0
2015-04-01,1043.23398,964.49934,1003.86666,989.103915,6.0,5543.0,2460000.0
2015-04-02,1121.96862,1101.300777,1072.75947,1003.86666,6.0,1186.0,2460000.0
2015-04-07,1034.376333,1034.376333,1072.75947,1072.75947,1.0,251.0,2460000.0
2015-04-08,1125.905352,1125.905352,1072.75947,1072.75947,1.0,100.0,2460000.0
2015-04-09,,,1072.75947,,,,2460000.0
2015-04-10,,,1072.75947,,,,2460000.0
2015-04-13,1115.079339,1036.344699,1072.75947,1072.75947,4.0,832.0,2460000.0
2015-04-14,1028.471235,1018.629405,1072.75947,1072.75947,5.0,5687.0,2460000.0
2015-04-15,1097.364045,1027.487052,1072.75947,1072.75947,2.0,2333.0,2460000.0
2015-04-16,1087.522215,1008.787575,1072.75947,1072.75947,3.0,3904.0,2460000.0
2015-04-17,1126.889535,1038.313065,1072.75947,1072.75947,2.0,2600.0,2460000.0
2015-04-20,,,1072.75947,,,,2460000.0
2015-04-21,1038.313065,1038.313065,1072.75947,1072.75947,1.0,1000.0,2460000.0
2015-04-22,,,1072.75947,,,,2460000.0
2015-04-23,1038.313065,1038.313065,1072.75947,1072.75947,1.0,120.0,2460000.0
2015-04-24,1107.205875,1028.471235,1072.75947,1072.75947,2.0,2501.0,2460000.0
2015-04-27,1092.44313,1092.44313,1072.75947,1072.75947,1.0,825.0,2460000.0
2015-04-28,1028.471235,1028.471235,1072.75947,1072.75947,1.0,360.0,2460000.0
2015-04-29,,,1072.75947,,,,2460000.0
2015-04-30,,,1072.75947,,,,2460000.0
2015-05-01,,,1072.75947,,,,2460000.0
2015-05-05,1028.471235,1028.471235,1070.2990125,1075.2199275,2.0,1350.0,2460000.0
2015-05-06,1023.55032,1018.629405,1070.2990125,1070.2990125,2.0,2000.0,2460000.0
2015-05-07,1107.205875,1107.205875,1070.2990125,1070.2990125,1.0,177.0,2460000.0
2015-05-08,1107.205875,1092.44313,1057.996725,1075.2199275,4.0,3900.0,2460000.0
2015-05-11,1017.645222,1013.70849,1057.996725,1057.996725,2.0,1470.0,2460000.0
2015-05-12,1092.44313,1013.70849,1072.75947,1057.996725,3.0,7100.0,2460000.0
2015-05-13,,,1087.522215,,,,2460000.0
2015-05-14,,,1087.522215,,,,2460000.0
2015-05-15,1141.65228,1120.000254,1087.522215,1087.522215,2.0,298.0,2460000.0
2015-05-18,1117.8350514,1117.8350514,1107.205875,1087.522215,1.0,150.0,2460000.0
2015-05-19,1078.664568,1078.664568,1107.205875,1107.205875,1.0,224.0,2460000.0
2015-05-20,1078.664568,1078.664568,1104.7454175,1107.205875,1.0,1250.0,2460000.0
2015-05-21,,,1104.7454175,,,,2460000.0
2015-05-22,,,1117.047705,,,,2460000.0
2015-05-26,1078.664568,1078.664568,1117.047705,1117.047705,1.0,326.0,2460000.0
2015-05-27,,,1117.047705,,,,2460000.0
2015-05-28,,,1121.96862,,,,2460000.0
2015-05-29,,,1117.047705,,,,2460000.0
2015-06-01,,,1117.047705,,,,2460000.0
2015-06-02,,,1117.047705,,,,2460000.0
2015-06-03,1068.822738,1068.822738,1126.889535,1117.047705,1.0,41.0,2460000.0
2015-06-04,1156.415025,1073.743653,1126.889535,1126.889535,2.0,2192.0,2460000.0
2015-06-05,,,1153.9545675,,,,2460000.0
2015-06-08,,,1161.33594,,,,2460000.0
2015-06-09,1215.466005,1126.889535,1161.33594,1161.33594,3.0,1599.0,2460000.0
2015-06-10,1131.81045,1131.81045,1131.81045,1161.33594,1.0,523.0,2460000.0
2015-06-11,,,1156.415025,,,,2460000.0
2015-06-12,,,1183.4800575,,,,2460000.0
2015-06-15,,,1181.0196,,,,2460000.0
2015-06-16,,,1181.0196,,,,2460000.0
2015-06-17,1225.307835,1225.307835,1181.0196,1181.0196,1.0,76.0,2460000.0
2015-06-18,,,1181.0196,,,,2460000.0
2015-06-19,,,1181.0196,,,,2460000.0
2015-06-22,,,1181.0196,,,,2460000.0
2015-06-23,,,1181.0196,,,,2460000.0
2015-06-24,1225.307835,1225.307835,1181.0196,1181.0196,1.0,119.0,2460000.0
2015-06-25,,,1181.0196,,,,2460000.0
2015-06-26,,,1181.0196,,,,2460000.0
2015-06-29,1102.28496,1102.28496,1151.49411,1161.33594,1.0,2000.0,2460000.0
2015-06-30,,,1151.49411,,,,2460000.0
2015-07-01,,,1156.415025,,,,2460000.0
2015-07-02,1112.12679,1112.12679,1156.415025,1156.415025,1.0,2000.0,2460000.0
2015-07-03,1103.269143,1103.269143,1156.415025,1156.415025,1.0,860.0,2460000.0
2015-07-06,1103.269143,1103.269143,1136.731365,1146.573195,1.0,334.0,2460000.0
2015-07-07,1074.727836,1074.727836,1121.96862,1126.889535,1.0,1000.0,2460000.0
2015-07-08,,,1102.28496,,,,2460000.0
2015-07-09,,,1102.28496,,,,2460000.0
2015-07-10,1141.65228,1059.965091,1104.7454175,1102.28496,2.0,1720.0,2460000.0
2015-07-13,,,1102.28496,,,,2460000.0
2015-07-14,1121.96862,1102.28496,1102.28496,1102.28496,2.0,6000.0,2460000.0
2015-07-15,1134.762999,1134.762999,1102.28496,1102.28496,1.0,430.0,2460000.0
2015-07-16,1131.81045,1131.81045,1102.28496,1102.28496,1.0,84.0,2460000.0
2015-07-17,1113.110973,1113.110973,1102.28496,1102.28496,1.0,705.0,2460000.0
2015-07-20,1141.65228,1131.81045,1107.205875,1102.28496,3.0,1217.0,2460000.0
2015-07-21,,,1107.205875,,,,2460000.0
2015-07-22,1151.49411,1092.44313,1107.205875,1107.205875,3.0,3160.0,2460000.0
2015-07-23,,,1107.205875,,,,2460000.0
2015-07-24,,,1107.205875,,,,2460000.0
2015-07-27,,,1107.205875,,,,2460000.0
2015-07-28,,,1107.205875,,,,2460000.0
2015-07-29,,,1107.205875,,,,2460000.0
2015-07-30,,,1107.205875,,,,2460000.0
2015-07-31,,,1107.205875,,,,2460000.0
2015-08-03,,,1107.205875,,,,2460000.0
2015-08-04,,,1107.205875,,,,2460000.0
2015-08-05,,,1107.205875,,,,2460000.0
2015-08-06,1097.364045,1097.364045,1107.205875,1107.205875,1.0,240.0,2460000.0
2015-08-07,,,1107.205875,,,,2460000.0
2015-08-10,,,1107.205875,,,,2460000.0
2015-08-11,,,1107.205875,,,,2460000.0
2015-08-12,,,1107.205875,,,,2460000.0
2015-08-13,1151.49411,1092.44313,1107.205875,1107.205875,2.0,800.0,2460000.0
2015-08-14,,,1107.205875,,,,2460000.0
2015-08-17,1151.49411,1151.49411,1107.205875,1107.205875,1.0,63.0,2460000.0
2015-08-18,,,1107.205875,,,,2460000.0
2015-08-19,,,1107.205875,,,,2460000.0
2015-08-20,,,1107.205875,,,,2460000.0
2015-08-21,,,1107.205875,,,,2460000.0
2015-08-24,,,1057.996725,,,,2460000.0
2015-08-25,,,1057.996725,,,,2460000.0
2015-08-26,1102.28496,1102.28496,1057.996725,1057.996725,1.0,2.0,2460000.0
2015-08-27,1033.39215,1033.39215,1057.996725,1057.996725,1.0,240.0,2460000.0
2015-08-28,,,1057.996725,,,,2460000.0
2015-09-01,1102.28496,1102.28496,1057.996725,1057.996725,2.0,266.0,2460000.0
2015-09-02,1030.9316925,1030.9316925,1057.996725,1057.996725,1.0,650.0,2460000.0
2015-09-03,,,1062.91764,,,,2460000.0
2015-09-04,,,1062.91764,,,,2460000.0
2015-09-07,1107.205875,1036.9352088,1062.91764,1062.91764,2.0,1370.0,2460000.0
2015-09-08,1038.0178101,1038.0178101,1062.91764,1062.91764,1.0,80.0,2460000.0
2015-09-09,,,1067.838555,,,,2460000.0
2015-09-10,1112.12679,1112.12679,1067.838555,1067.838555,1.0,1266.0,2460000.0
2015-09-11,,,1067.838555,,,,2460000.0
2015-09-14,,,1067.838555,,,,2460000.0
2015-09-15,,,1067.838555,,,,2460000.0
2015-09-16,,,1067.838555,,,,2460000.0
2015-09-17,1112.12679,1112.12679,1067.838555,1067.838555,1.0,63.0,2460000.0
2015-09-18,,,1067.838555,,,,2460000.0
2015-09-21,1043.23398,1043.23398,1067.838555,1067.838555,1.0,500.0,2460000.0
2015-09-22,1046.186529,1046.186529,1067.838555,1067.838555,1.0,150.0,2460000.0
2015-09-23,,,1067.838555,,,,2460000.0
2015-09-24,,,1067.838555,,,,2460000.0
2015-09-25,1171.17777,1046.186529,1121.96862,1067.838555,5.0,2613.0,2460000.0
2015-09-28,,,1151.49411,,,,2460000.0
2015-09-29,1181.0196,1126.889535,1141.65228,1146.573195,2.0,750.0,2460000.0
2015-09-30,1195.782345,1195.782345,1151.49411,1144.1127375,2.0,22.0,2460000.0
2015-10-01,,,1185.940515,,,,2460000.0
2015-10-02,1240.07058,1240.07058,1190.86143,1185.940515,4.0,385.0,2460000.0
2015-10-05,1274.516985,1217.434371,1240.07058,1195.782345,3.0,313.0,2460000.0
2015-10-06,1217.434371,1217.434371,1240.07058,1240.07058,1.0,150.0,2460000.0
2015-10-07,,,1240.07058,,,,2460000.0
2015-10-08,,,1240.07058,,,,2460000.0
2015-10-09,1254.833325,1254.833325,1232.6892075,1240.07058,1.0,10.0,2460000.0
2015-10-12,1274.516985,1176.098685,1225.307835,1232.6892075,2.0,391.0,2460000.0
2015-10-13,1254.833325,1176.098685,1215.466005,1225.307835,3.0,202.0,2460000.0
2015-10-14,1225.307835,1156.415025,1185.940515,1210.54509,2.0,650.0,2460000.0
2015-10-15,1240.07058,1225.307835,1185.940515,1185.940515,4.0,4540.0,2460000.0
2015-10-16,,,1185.940515,,,,2460000.0
2015-10-19,,,1185.940515,,,,2460000.0
2015-10-20,,,1185.940515,,,,2460000.0
2015-10-21,,,1185.940515,,,,2460000.0
2015-10-22,,,1185.940515,,,,2460000.0
2015-10-23,,,1185.940515,,,,2460000.0
2015-10-26,,,1185.940515,,,,2460000.0
2015-10-27,,,1185.940515,,,,2460000.0
2015-10-28,,,1185.940515,,,,2460000.0
2015-10-29,1240.07058,1240.07058,1183.4800575,1185.940515,1.0,4.0,2460000.0
2015-10-30,1161.33594,1161.33594,1183.4800575,1183.4800575,1.0,350.0,2460000.0
2015-11-02,1161.33594,1161.33594,1178.5591425,1183.4800575,1.0,120.0,2460000.0
2015-11-03,1166.256855,1166.256855,1178.5591425,1178.5591425,1.0,12.0,2460000.0
2015-11-04,1225.307835,1225.307835,1181.0196,1181.0196,1.0,465.0,2460000.0
2015-11-05,1181.0196,1181.0196,1181.0196,1181.0196,1.0,500.0,2460000.0
2015-11-06,,,1181.0196,,,,2460000.0
2015-11-09,,,1181.0196,,,,2460000.0
2015-11-10,,,1181.0196,,,,2460000.0
2015-11-11,,,1181.0196,,,,2460000.0
2015-11-12,1171.17777,1171.17777,1181.0196,1181.0196,1.0,625.0,2460000.0
2015-11-13,,,1210.54509,,,,2460000.0
2015-11-16,1259.75424,1200.70326,1249.91241,1210.54509,4.0,1177.0,2460000.0
2015-11-17,1279.4379,1210.54509,1249.91241,1249.91241,3.0,831.0,2460000.0
2015-11-18,1210.54509,1210.54509,1249.91241,1249.91241,1.0,1250.0,2460000.0
2015-11-19,,,1254.833325,,,,2460000.0
2015-11-20,,,1262.2146975,,,,2460000.0
2015-11-23,1230.22875,1230.22875,1272.0565275,1262.2146975,1.0,800.0,2460000.0
2015-11-24,,,1272.0565275,,,,2460000.0
2015-11-25,,,1272.0565275,,,,2460000.0
2015-11-26,,,1272.0565275,,,,2460000.0
2015-11-27,1235.149665,1235.149665,1272.0565275,1272.0565275,1.0,5.0,2460000.0
2015-11-30,1313.884305,1274.516985,1272.0565275,1272.0565275,4.0,1379.0,2460000.0
2015-12-01,1328.64705,1264.675155,1289.27973,1281.8983575,3.0,1750.0,2460000.0
2015-12-02,1294.200645,1244.991495,1299.12156,1289.27973,2.0,4100.0,2460000.0
2015-12-03,1264.675155,1264.675155,1299.12156,1299.12156,1.0,200.0,2460000.0
2015-12-04,,,1299.12156,,,,2460000.0
2015-12-07,,,1299.12156,,,,2460000.0
2015-12-08,,,1299.12156,,,,2460000.0
2015-12-09,1264.675155,1264.675155,1299.12156,1299.12156,1.0,150.0,2460000.0
2015-12-10,1264.675155,1264.675155,1299.12156,1299.12156,1.0,450.0,2460000.0
2015-12-11,,,1289.27973,,,,2460000.0
2015-12-14,1240.5626715,1240.07058,1281.8983575,1289.27973,3.0,1295.0,2460000.0
2015-12-15,1210.54509,1210.54509,1264.675155,1274.516985,1.0,1000.0,2460000.0
2015-12-16,1210.54509,1210.54509,1264.675155,1264.675155,1.0,600.0,2460000.0
2015-12-17,1242.038946,1210.54509,1264.675155,1264.675155,2.0,226.0,2460000.0
2015-12-18,,,1264.675155,,,,2460000.0
2015-12-21,1239.7753251,1239.7753251,1264.675155,1264.675155,1.0,157.0,2460000.0
2015-12-22,,,1264.675155,,,,2460000.0
2015-12-23,1210.54509,1210.54509,1264.675155,1264.675155,1.0,200.0,2460000.0
2015-12-24,,,1264.675155,,,,2460000.0
2015-12-29,,,1264.675155,,,,2460000.0
2015-12-30,1249.91241,1245.975678,1289.27973,1264.675155,2.0,2577.0,2460000.0
2015-12-31,,,1289.27973,,,,2460000.0
2016-01-04,1235.149665,1235.149665,1289.27973,1289.27973,1.0,600.0,2460000.0
2016-01-05,1235.149665,1235.149665,1289.27973,1289.27973,2.0,1250.0,2460000.0
2016-01-06,,,1289.27973,,,,2460000.0
2016-01-07,,,1269.59607,,,,2460000.0
2016-01-08,,,1269.59607,,,,2460000.0
2016-01-11,1220.38692,1131.81045,1195.782345,1269.59607,2.0,657.0,2460000.0
2016-01-12,1210.54509,1210.54509,1205.6241750000002,1195.782345,1.0,161.0,2460000.0
2016-01-13,1240.07058,1151.49411,1215.466005,1205.6241750000002,2.0,1313.0,2460000.0
2016-01-14,1141.65228,1141.65228,1215.466005,1215.466005,1.0,100.0,2460000.0
2016-01-15,1190.86143,1181.0196,1215.466005,1215.466005,2.0,189.0,2460000.0
2016-01-18,1141.65228,1141.65228,1215.466005,1215.466005,3.0,479.0,2460000.0
2016-01-19,,,1215.466005,,,,2460000.0
2016-01-20,1102.28496,1057.996725,1131.81045,1198.2428025,2.0,950.0,2460000.0
2016-01-21,,,1146.573195,,,,2460000.0
2016-01-22,1150.26388125,1126.889535,1200.70326,1168.7173125,2.0,1650.0,2460000.0
2016-01-25,1205.6241750000002,1126.889535,1200.70326,1200.70326,4.0,2105.0,2460000.0
2016-01-26,,,1200.70326,,,,2460000.0
2016-01-27,1141.65228,1126.889535,1200.70326,1200.70326,2.0,4150.0,2460000.0
2016-01-28,,,1176.098685,,,,2460000.0
2016-01-29,1156.415025,1156.415025,1176.098685,1176.098685,1.0,84.0,2460000.0
2016-02-01,1124.4290775,1124.4290775,1176.098685,1176.098685,1.0,342.0,2460000.0
2016-02-02,,,1131.81045,,,,2460000.0
2016-02-03,1033.39215,1033.39215,1117.047705,1131.81045,1.0,1210.0,2460000.0
2016-02-04,,,1117.047705,,,,2460000.0
2016-02-05,,,1117.047705,,,,2460000.0
2016-02-08,1117.6382148,1033.39215,1097.364045,1117.047705,5.0,3696.0,2460000.0
2016-02-09,1008.787575,1008.787575,1077.680385,1089.9826725,1.0,3140.0,2460000.0
2016-02-10,,,1097.364045,,,,2460000.0
2016-02-11,,,1018.629405,,,,2460000.0
2016-02-12,,,1008.787575,,,,2460000.0
2016-02-15,,,1038.313065,,,,2460000.0
2016-02-16,1097.364045,1077.680385,1057.996725,1038.313065,4.0,1369.0,2460000.0
2016-02-17,1097.364045,969.420255,1072.75947,1057.996725,3.0,1470.0,2460000.0
2016-02-18,1107.205875,1107.205875,1087.522215,1072.75947,1.0,250.0,2460000.0
2016-02-19,1146.573195,1146.573195,1112.12679,1087.522215,1.0,400.0,2460000.0
2016-02-22,,,1121.96862,,,,2460000.0
2016-02-23,,,1121.96862,,,,2460000.0
2016-02-24,1038.313065,1038.313065,1112.12679,1121.96862,1.0,194.0,2460000.0
2016-02-25,,,1117.047705,,,,2460000.0
2016-02-26,,,1136.731365,,,,2460000.0
2016-02-29,,,1146.573195,,,,2460000.0
2016-03-01,1171.17777,1077.680385,1161.33594,1146.573195,2.0,959.0,2460000.0
2016-03-02,1072.75947,1072.75947,1161.33594,1161.33594,1.0,1250.0,2460000.0
2016-03-03,,,1161.33594,,,,2460000.0
2016-03-04,,,1171.17777,,,,2460000.0
2016-03-07,,,1171.17777,,,,2460000.0
2016-03-08,,,1171.17777,,,,2460000.0
2016-03-09,1185.940515,1082.6013,1171.17777,1171.17777,3.0,383.0,2460000.0
2016-03-10,1112.12679,1107.205875,1171.17777,1171.17777,2.0,1200.0,2460000.0
2016-03-11,,,1171.17777,,,,2460000.0
2016-03-14,,,1171.17777,,,,2460000.0
2016-03-15,,,1171.17777,,,,2460000.0
2016-03-16,1215.466005,1082.6013,1181.0196,1171.17777,3.0,1254.0,2460000.0
2016-03-17,1215.466005,1215.466005,1185.940515,1181.0196,1.0,19.0,2460000.0
2016-03-18,1107.205875,1107.205875,1185.940515,1185.940515,1.0,220.0,2460000.0
2016-03-21,1205.6241750000002,1087.522215,1185.940515,1185.940515,2.0,595.0,2460000.0
2016-03-22,1195.782345,1087.522215,1185.940515,1185.940515,2.0,782.0,2460000.0
2016-03-23,1087.522215,1087.522215,1176.098685,1181.0196,1.0,360.0,2460000.0
2016-03-24,1077.680385,1077.680385,1176.098685,1176.098685,1.0,690.0,2460000.0
2016-03-29,,,1176.098685,,,,2460000.0
2016-03-30,1077.680385,1077.680385,1176.098685,1176.098685,1.0,474.0,2460000.0
2016-03-31,1136.731365,1136.731365,1176.098685,1176.098685,1.0,50.0,2460000.0
2016-04-01,,,1161.33594,,,,2460000.0
2016-04-04,1062.91764,1062.91764,1161.33594,1161.33594,1.0,350.0,2460000.0
2016-04-05,1363.093455,1230.22875,1326.1865925,1161.33594,3.0,777.0,2460000.0
2016-04-06,1354.97394525,1230.22875,1326.1865925,1326.1865925,3.0,447.0,2460000.0
2016-04-07,1343.409795,1230.22875,1326.1865925,1326.1865925,3.0,783.0,2460000.0
2016-04-08,1279.4379,1220.38692,1316.3447625,1326.1865925,3.0,829.0,2460000.0
2016-04-11,1215.466005,1210.54509,1306.5029325,1311.4238475,2.0,1171.0,2460000.0
2016-04-12,1255.817508,1255.817508,1306.5029325,1306.5029325,2.0,127.0,2460000.0
2016-04-13,1249.91241,1249.91241,1306.5029325,1306.5029325,1.0,5650.0,2460000.0
2016-04-14,1245.0899133,1210.54509,1306.5029325,1306.5029325,3.0,2504.0,2460000.0
2016-04-15,1243.1707564500002,1240.07058,1306.5029325,1306.5029325,2.0,519.0,2460000.0
2016-04-18,,,1306.5029325,,,,2460000.0
2016-04-19,,,1306.5029325,,,,2460000.0
2016-04-20,1240.07058,1240.07058,1306.5029325,1306.5029325,1.0,100.0,2460000.0
2016-04-21,,,1306.5029325,,,,2460000.0
2016-04-22,1210.54509,1210.54509,1306.5029325,1306.5029325,1.0,125.0,2460000.0
2016-04-25,,,1306.5029325,,,,2460000.0
2016-04-26,1210.54509,1210.54509,1306.5029325,1306.5029325,1.0,51.0,2460000.0
2016-04-27,1323.726135,1323.726135,1365.5539125,1306.5029325,1.0,92.0,2460000.0
2016-04-28,,,1365.5539125,,,,2460000.0
2016-04-29,1318.80522,1318.80522,1365.5539125,1365.5539125,1.0,76.0,2460000.0
2016-05-03,1313.884305,1310.931756,1365.5539125,1365.5539125,2.0,303.0,2460000.0
2016-05-04,1296.6611025,1279.4379,1365.5539125,1365.5539125,2.0,1150.0,2460000.0
2016-05-05,1284.358815,1284.358815,1365.5539125,1365.5539125,1.0,6500.0,2460000.0
2016-05-06,,,1365.5539125,,,,2460000.0
2016-05-09,1365.5539125,1365.5539125,1365.5539125,1365.5539125,1.0,178.0,2460000.0
2016-05-10,,,1370.4748275,,,,2460000.0
2016-05-11,1289.27973,1289.27973,1370.4748275,1370.4748275,1.0,2500.0,2460000.0
2016-05-12,1363.093455,1363.093455,1385.2375725,1370.4748275,1.0,216.0,2460000.0
2016-05-13,1385.2375725,1384.7454810000002,1390.1584875,1385.2375725,2.0,73.0,2460000.0
2016-05-16,1308.96339,1304.042475,1390.1584875,1390.1584875,2.0,3050.0,2460000.0
2016-05-17,1384.7454810000002,1384.7454810000002,1397.53986,1390.1584875,1.0,17.0,2460000.0
2016-05-18,,,1397.53986,,,,2460000.0
2016-05-19,,,1397.53986,,,,2460000.0
2016-05-20,,,1397.53986,,,,2460000.0
2016-05-23,1318.80522,1318.80522,1397.53986,1397.53986,3.0,2546.0,2460000.0
2016-05-24,,,1397.53986,,,,2460000.0
2016-05-25,,,1400.0003175,,,,2460000.0
2016-05-26,1390.0,1390.0,1425.0,1405.0,1.0,500.0,2460000.0
2016-05-27,,,1432.5,,,,2460000.0
2016-05-31,1385.0,1385.0,1432.5,1432.5,2.0,130.0,2460000.0
2016-06-01,1385.0,1385.0,1432.5,1432.5,1.0,80.0,2460000.0
2016-06-02,1385.0,1385.0,1435.0,1432.5,1.0,400.0,2460000.0
2016-06-03,1385.0,1385.0,1440.0,1435.0,1.0,49.0,2460000.0
2016-06-06,1445.0,1405.0,1450.0,1445.0,3.0,1295.0,9020000.0
2016-06-07,1445.0,1405.0,1452.5,1450.0,4.0,6825.0,9020000.0
2016-06-08,1495.0,1410.0,1452.5,1452.5,6.0,23667.0,9020000.0
2016-06-09,1490.0,1420.0,1470.0,1457.5,10.0,4336.0,9020000.0
2016-06-10,1470.0,1430.0,1455.0,1470.0,7.0,6682.0,9020000.0
2016-06-13,1470.0,1400.0,1450.0,1450.0,11.0,4936.0,9020000.0
2016-06-14,1425.0,1380.0,1417.5,1445.0,6.0,2167.0,9020000.0
2016-06-15,1410.0,1380.0,1417.5,1417.5,4.0,8164.0,9020000.0
2016-06-16,,,1412.5,,,,9020000.0
2016-06-17,,,1412.5,,,,9020000.0
2016-06-20,1403.0,1380.0,1417.5,1405.0,4.0,1301.0,9020000.0
2016-06-21,1385.0,1380.0,1425.0,1417.5,2.0,1008.0,9020000.0
2016-06-22,1413.0,1380.0,1425.0,1425.0,3.0,669.0,9020000.0
2016-06-23,1413.0,1380.0,1425.0,1425.0,4.0,11203.0,9020000.0
2016-06-24,1390.0,1350.0,1375.0,1350.0,5.0,2100.0,9020000.0
2016-06-27,1380.0,1280.0,1335.0,1375.0,9.0,8264.0,9020000.0
2016-06-28,1375.0,1325.0,1362.5,1347.5,4.0,2058.0,9020000.0
2016-06-29,1360.0,1325.0,1355.0,1362.5,2.0,575.0,9020000.0
2016-06-30,1340.0,1310.0,1355.0,1355.0,6.0,2447.0,9020000.0
2016-07-01,1355.0,1310.0,1355.0,1362.5,5.0,2689.0,9020000.0
2016-07-04,1355.0,1310.0,1335.0,1355.0,7.0,2965.0,9020000.0
2016-07-05,1310.0,1290.0,1327.5,1335.0,3.0,1856.0,9020000.0
2016-07-06,1270.0,1220.0,1312.5,1325.0,6.0,4697.0,9020000.0
2016-07-07,1280.0,1220.0,1295.0,1312.5,2.0,365.0,9020000.0
2016-07-08,1275.0,1226.0,1310.0,1295.0,2.0,250.0,9020000.0
2016-07-11,1391.0,1275.0,1385.0,1310.0,14.0,5140.0,9020000.0
2016-07-12,1411.0,1320.0,1392.5,1385.0,5.0,1705.0,9020000.0
2016-07-13,1410.0,1315.0,1400.0,1392.5,5.0,5651.0,9020000.0
2016-07-14,1401.3,1340.0,1405.0,1400.0,5.0,2681.0,9020000.0
2016-07-15,1395.0,1395.0,1410.0,1405.0,1.0,71.0,9020000.0
2016-07-18,1395.0,1350.0,1420.0,1410.0,2.0,541.0,9020000.0
2016-07-19,1470.0,1380.0,1425.0,1420.0,5.0,8671.0,9020000.0
2016-07-20,1425.0,1390.0,1425.0,1425.0,4.0,1707.0,9020000.0
2016-07-21,,,1425.0,,,,9020000.0
2016-07-22,1425.0,1425.0,1425.0,1425.0,1.0,94.0,9020000.0
2016-07-25,1425.0,1400.0,1430.0,1425.0,8.0,4132.0,9020000.0
2016-07-26,1405.0,1400.0,1430.0,1430.0,3.0,1374.0,9020000.0
2016-07-27,1440.0,1400.0,1430.0,1430.0,13.0,12488.0,9020000.0
2016-07-28,1428.0,1428.0,1430.0,1430.0,3.0,1320.0,9020000.0
2016-07-29,1428.0,1428.0,1430.0,1430.0,2.0,242.0,9020000.0
2016-08-01,1449.0,1400.0,1430.0,1430.0,4.0,723.0,9020000.0
2016-08-02,1427.6,1400.0,1430.0,1430.0,6.0,13238.0,9020000.0
2016-08-03,1425.0,1400.6,1430.0,1430.0,2.0,2100.0,9020000.0
2016-08-04,1430.0,1400.6,1435.0,1430.0,8.0,17841.0,9020000.0
2016-08-05,1452.0,1425.0,1465.0,1437.5,4.0,57716.0,9020000.0
2016-08-08,1448.0,1435.0,1467.5,1465.0,5.0,23039.0,9020000.0
2016-08-09,1469.0,1445.0,1477.5,1467.5,6.0,2868.0,9020000.0
2016-08-10,1474.0,1450.0,1477.5,1477.5,5.0,2780.0,9020000.0
2016-08-11,1455.0,1455.0,1485.0,1477.5,4.0,1467.0,9020000.0
2016-08-12,1482.0,1482.0,1492.5,1487.5,1.0,5689.0,9020000.0
2016-08-15,1482.0,1455.0,1500.0,1492.5,4.0,1661.0,9020000.0
2016-08-16,1482.0,1482.0,1500.0,1500.0,4.0,851.0,9020000.0
2016-08-17,1482.0,1475.0,1500.0,1500.0,5.0,2604.0,9020000.0
2016-08-18,1480.0,1475.0,1492.5,1500.0,3.0,7182.0,9020000.0
2016-08-19,1475.0,1440.0,1477.5,1487.5,4.0,2348.0,9020000.0
2016-08-22,,,1475.0,,,,9020000.0
2016-08-23,1474.0,1440.0,1470.0,1475.0,3.0,1492.0,9020000.0
2016-08-24,1455.0,1440.0,1465.0,1465.0,4.0,3501.0,9020000.0
2016-08-25,1440.0,1440.0,1465.0,1465.0,2.0,384.0,9020000.0
2016-08-26,1468.0,1468.0,1465.0,1465.0,1.0,400.0,9020000.0
2016-08-30,1465.0,1440.0,1465.0,1465.0,3.0,1120.0,9020000.0
2016-08-31,1440.0,1440.0,1465.0,1465.0,1.0,440.0,9020000.0
2016-09-01,1462.0,1440.0,1465.0,1465.0,3.0,868.0,9020000.0
2016-09-02,1465.0,1440.0,1472.5,1465.0,6.0,18312.0,9020000.0
2016-09-05,1462.0,1455.0,1472.5,1472.5,2.0,36673.0,9020000.0
2016-09-06,1473.0,1455.0,1472.5,1472.5,7.0,8255.0,9020000.0
2016-09-07,1473.0,1455.0,1472.5,1472.5,2.0,10263.0,9020000.0
2016-09-08,1485.0,1460.0,1475.0,1472.5,3.0,19025.0,9020000.0
2016-09-09,1488.0,1471.0,1480.0,1480.0,4.0,3981.0,9020000.0
2016-09-12,1488.0,1435.0,1467.5,1460.0,9.0,2351.0,9020000.0
2016-09-13,1486.0,1462.0,1467.5,1470.0,3.0,918.0,9020000.0
2016-09-14,1456.0,1456.0,1480.0,1470.0,1.0,10.0,9020000.0
2016-09-15,1500.0,1498.0,1492.5,1480.0,3.0,670.0,9020000.0
2016-09-16,1510.0,1475.0,1497.5,1492.5,5.0,22270.0,9020000.0
2016-09-19,1510.0,1485.0,1507.5,1497.5,5.0,2371.0,9020000.0
2016-09-20,1545.0,1500.0,1522.5,1507.5,9.0,1496.0,9020000.0
2016-09-21,1555.0,1502.5,1537.5,1522.5,11.0,3801.0,9020000.0
2016-09-22,1550.5,1528.0,1537.5,1535.0,11.0,23865.0,9020000.0
2016-09-23,1554.5,1528.0,1540.0,1540.0,7.0,5160.0,9020000.0
2016-09-26,1540.0,1525.2,1535.0,1540.0,8.0,13420.0,9020000.0
2016-09-27,1537.5,1525.15,1527.5,1535.0,7.0,2648.0,9020000.0
2016-09-28,1534.5,1530.0,1530.0,1527.5,2.0,1030.0,9020000.0
2016-09-29,1544.5,1532.9,1538.5,1530.0,4.0,2231.0,9020000.0
2016-09-30,1548.8,1533.0,1545.5,1538.5,6.0,4960.0,9020000.0
2016-10-03,1549.75,1540.0,1555.0,1547.5,4.0,7311.0,9020000.0
2016-10-04,1666.0,1560.4,1627.5,1555.0,19.0,27856.0,9020000.0
2016-10-05,1675.0,1600.0,1650.0,1635.0,14.0,7011.0,9020000.0
2016-10-06,1662.0,1600.0,1637.5,1637.5,6.0,4129.0,9020000.0
2016-10-07,1656.25,1600.0,1637.5,1637.5,7.0,8592.0,9020000.0
2016-10-10,1656.0,1600.0,1637.5,1637.5,8.0,5900.0,9020000.0
2016-10-11,1649.0,1600.0,1630.0,1637.5,12.0,14608.0,9020000.0
2016-10-12,1642.0,1600.0,1630.0,1625.0,11.0,1212.0,9020000.0
2016-10-13,1630.0,1630.0,1612.5,1630.0,1.0,18.0,9020000.0
2016-10-14,1625.0,1565.0,1625.0,1612.5,3.0,1010.0,9020000.0
2016-10-17,1623.0,1580.0,1610.0,1625.0,2.0,1060.0,9020000.0
2016-10-18,1618.0,1560.0,1602.5,1610.0,5.0,6962.0,9020000.0
2016-10-19,1610.0,1600.0,1605.0,1602.5,3.0,2089.0,9020000.0
2016-10-20,1608.0,1605.0,1605.0,1605.0,2.0,548.0,9020000.0
2016-10-21,1608.0,1608.0,1605.0,1605.0,1.0,123.0,9020000.0
2016-10-24,1608.0,1608.0,1605.0,1600.0,1.0,81.0,9020000.0
2016-10-25,1608.0,1560.0,1605.0,1605.0,7.0,2015.0,9020000.0
2016-10-26,1563.0,1563.0,1605.0,1605.0,2.0,200.0,9020000.0
2016-10-27,1603.0,1560.0,1605.0,1605.0,2.0,900.0,9020000.0
2016-10-28,1600.5,1560.0,1605.0,1605.0,4.0,2078.0,9020000.0
2016-10-31,1596.0,1560.0,1605.0,1605.0,9.0,3845.0,9020000.0
2016-11-01,1580.0,1560.0,1605.0,1605.0,8.0,4458.0,9020000.0
2016-11-02,1579.0,1579.0,1605.0,1605.0,1.0,226.0,9020000.0
2016-11-03,1575.0,1575.0,1605.0,1605.0,7.0,1435.0,9020000.0
2016-11-04,1575.0,1550.0,1587.5,1605.0,7.0,4454.0,9020000.0
2016-11-07,1595.0,1560.0,1595.0,1592.5,4.0,1786.0,9020000.0
2016-11-08,1614.0,1565.0,1595.0,1595.0,8.0,4803.0,9020000.0
2016-11-09,1600.0,1560.0,1600.0,1567.5,7.0,3349.0,9020000.0
2016-11-10,1585.0,1585.0,1605.0,1610.0,1.0,1984.0,9020000.0
2016-11-11,1600.0,1570.0,1600.0,1605.0,2.0,1640.0,9020000.0
2016-11-14,1599.0,1545.0,1595.0,1600.0,8.0,4628.0,9020000.0
2016-11-15,1592.0,1535.0,1585.0,1585.0,2.0,850.0,9020000.0
2016-11-16,1585.0,1527.0,1575.0,1585.0,4.0,1461.0,9020000.0
2016-11-17,1582.0,1580.0,1587.5,1575.0,3.0,297.0,9020000.0
2016-11-18,1594.0,1527.5,1575.0,1575.0,3.0,2761.0,9020000.0
2016-11-21,,,1575.0,,,,9020000.0
2016-11-22,1600.0,1580.0,1577.5,1575.0,3.0,45723.0,9020000.0
2016-11-23,1605.0,1550.0,1575.0,1577.5,2.0,5270.0,9020000.0
2016-11-24,1602.0,1555.0,1580.0,1577.5,5.0,12222.0,9020000.0
2016-11-25,1609.0,1599.0,1592.5,1585.0,2.0,44786.0,9020000.0
2016-11-28,1620.0,1566.0,1607.5,1595.0,9.0,30209.0,9020000.0
2016-11-29,1618.0,1616.9,1610.0,1607.5,5.0,34463.0,9020000.0
2016-11-30,1624.0,1587.0,1615.0,1610.0,3.0,2186.0,9020000.0
2016-12-01,1622.0,1587.0,1615.0,1615.0,6.0,1361.0,9020000.0
2016-12-02,1615.0,1614.0,1620.0,1615.0,2.0,1141.0,9020000.0
2016-12-05,1622.0,1572.0,1612.5,1615.0,6.0,4080.0,9020000.0
2016-12-06,1638.0,1572.0,1627.5,1612.5,7.0,4313.0,9020000.0
2016-12-07,1700.5,1635.0,1675.0,1640.0,8.0,13012.0,9017000.0
2016-12-08,1699.0,1690.0,1690.0,1675.0,6.0,11467.0,9013000.0
2016-12-09,1699.0,1691.0,1695.0,1690.0,12.0,22266.0,9008000.0
2016-12-12,1711.25,1691.1,1705.0,1695.0,5.0,17600.0,9005091.0
2016-12-13,1721.0,1702.0,1715.0,1710.0,10.0,10846.0,9001638.0
2016-12-14,1725.0,1709.0,1717.5,1715.0,10.0,12214.0,8998252.0
2016-12-15,1721.25,1720.0,1717.5,1715.0,4.0,7850.0,8994962.0
2016-12-16,1720.0,1710.0,1717.5,1717.5,6.0,5936.0,8993087.0
2016-12-19,1734.0,1715.0,1725.0,1725.0,8.0,19844.0,8988289.0
2016-12-20,1728.0,1717.0,1722.5,1725.0,5.0,3475.0,8988289.0
2016-12-21,1730.8,1727.0,1725.0,1722.5,6.0,21739.0,8983028.0
2016-12-22,1749.0,1725.0,1740.0,1727.5,9.0,12710.0,8977601.0
2016-12-23,1752.0,1725.0,1727.5,1740.0,10.0,6017.0,8976732.0
2016-12-28,1767.0,1730.25,1757.5,1737.5,8.0,13730.0,8971532.0
2016-12-29,1782.0,1750.6,1780.0,1755.0,14.0,21126.0,8965648.0
2016-12-30,1792.0,1762.0,1785.0,1780.0,11.0,4587.0,8965355.0
2017-01-03,1788.0,1772.0,1777.5,1785.0,21.0,25180.0,8958855.0
2017-01-04,1785.0,1772.5,1777.5,1772.5,7.0,3375.0,8958855.0
2017-01-05,1780.0,1748.0,1765.0,1770.0,13.0,7730.0,8958373.0
2017-01-06,1778.0,1763.0,1770.0,1765.0,10.0,23890.0,8958373.0
2017-01-09,1774.0,1754.5,1765.0,1770.0,10.0,11538.0,8958373.0
2017-01-10,1774.0,1753.0,1765.0,1765.0,12.0,15447.0,8955596.0
2017-01-11,1775.0,1750.0,1760.0,1760.0,7.0,3686.0,8955596.0
2017-01-12,1772.0,1755.0,1760.0,1760.0,4.0,9678.0,8952596.0
2017-01-13,1775.0,1755.0,1760.0,1760.0,8.0,4168.0,8952596.0
2017-01-16,1775.0,1755.1,1767.5,1760.0,7.0,8111.0,8952596.0
2017-01-17,1778.75,1762.0,1775.0,1767.5,4.0,6158.0,8949804.0
2017-01-18,1780.0,1775.0,1770.0,1767.5,6.0,1144.0,8949804.0
2017-01-19,1774.2,1748.2,1767.5,1765.0,5.0,3658.0,8949804.0
2017-01-20,1777.0,1760.0,1770.0,1770.0,11.0,12709.0,8948479.0
2017-01-23,1772.0,1757.0,1765.0,1770.0,13.0,8987.0,8945827.0
2017-01-24,1765.0,1765.0,1767.5,1765.0,1.0,12114.0,8939827.0
2017-01-25,1781.0,1762.0,1775.0,1767.5,4.0,13072.0,8933554.0
2017-01-26,1783.0,1765.0,1775.0,1775.0,4.0,13172.0,8927454.0
2017-01-27,1783.0,1765.0,1775.0,1775.0,8.0,14416.0,8921528.0
2017-01-30,1774.75,1757.0,1770.0,1765.0,13.0,3412.0,8921528.0
2017-01-31,1775.0,1765.0,1772.5,1770.0,5.0,1589.0,8921528.0
2017-02-01,1785.0,1770.0,1775.0,1772.5,8.0,12374.0,8917625.0
2017-02-02,1790.0,1770.0,1782.5,1775.0,3.0,10629.0,8912816.0
2017-02-03,1799.0,1780.0,1795.0,1785.0,19.0,20054.0,8908341.0
2017-02-06,1813.0,1795.0,1802.5,1795.0,31.0,24963.0,8902770.0
2017-02-07,1824.0,1795.0,1820.0,1802.5,25.0,29346.0,8899529.0
2017-02-08,1839.0,1805.0,1820.0,1820.0,16.0,25650.0,8896046.0
2017-02-09,1825.25,1801.25,1805.5,1820.0,18.0,22741.0,8890697.0
2017-02-10,1824.0,1805.0,1810.0,1813.0,19.0,11859.0,8890697.0
2017-02-13,1814.5,1790.0,1800.0,1809.0,23.0,7174.0,8890697.0
2017-02-14,1812.0,1787.0,1810.0,1800.0,14.0,11365.0,8890697.0
2017-02-15,1822.0,1808.0,1820.0,1810.0,13.0,4377.0,8890697.0
2017-02-16,1838.0,1810.0,1825.0,1825.0,11.0,13252.0,8886744.0
2017-02-17,1838.0,1815.0,1830.0,1825.0,17.0,10927.0,8886744.0
2017-02-20,1844.0,1817.0,1835.0,1830.0,29.0,26092.0,8880530.0
2017-02-21,1839.4,1826.0,1830.0,1835.0,10.0,4447.0,8880530.0
2017-02-22,1850.0,1818.0,1837.5,1825.0,13.0,41582.0,8872358.0
2017-02-23,1867.0,1838.0,1859.0,1840.0,20.0,20565.0,8869310.0
2017-02-24,1860.0,1815.9,1830.0,1845.0,11.0,29002.0,8865801.0
2017-02-27,1834.0,1810.0,1827.5,1830.0,17.0,4416.0,8865801.0
2017-02-28,1838.0,1815.75,1837.5,1827.5,11.0,14426.0,8860801.0
2017-03-01,1850.0,1820.0,1840.0,1835.0,12.0,34913.0,8851071.0
2017-03-02,1869.0,1831.0,1852.5,1840.0,16.0,13683.0,8847740.0
2017-03-03,1857.0,1846.0,1855.0,1850.0,11.0,12511.0,8847740.0
2017-03-06,1853.0,1840.0,1847.5,1850.0,21.0,11223.0,8847740.0
2017-03-07,1845.0,1820.0,1835.0,1832.5,12.0,11291.0,8844299.0
2017-03-08,1864.0,1830.0,1867.5,1837.5,9.0,7990.0,8842022.0
2017-03-09,1854.75,1823.0,1857.5,1842.5,17.0,15018.0,8840744.0
2017-03-10,1872.9,1845.0,1850.0,1855.0,14.0,28356.0,8832037.0
2017-03-13,1859.0,1835.0,1852.5,1850.0,13.0,4174.0,8832037.0
2017-03-14,1864.0,1855.0,1855.0,1852.5,8.0,16520.0,8828043.0
2017-03-15,1869.0,1852.0,1867.5,1852.5,8.0,9548.0,8826195.0
2017-03-16,1875.6,1855.0,1880.0,1867.5,20.0,29285.0,8824456.0
2017-03-17,1880.5,1870.0,1882.5,1880.0,11.0,6627.0,8822490.0
2017-03-20,1876.25,1865.0,1875.0,1882.5,12.0,8591.0,8822052.0
2017-03-21,1874.9,1855.6,1862.5,1865.0,11.0,2064.0,8822052.0
2017-03-22,1860.0,1835.35,1852.5,1855.0,12.0,6496.0,8821389.0
2017-03-23,1850.0,1840.0,1845.0,1847.5,8.0,8321.0,8820629.0
2017-03-24,1850.0,1825.0,1827.5,1845.0,8.0,9423.0,8817998.0
2017-03-27,1830.0,1810.0,1822.5,1825.0,12.0,3891.0,8817158.0
2017-03-28,1833.7,1805.0,1832.5,1820.0,17.0,13696.0,8814971.0
2017-03-29,1825.5,1810.0,1825.0,1832.5,10.0,3628.0,8814971.0
2017-03-30,1834.9,1815.0,1832.5,1832.5,19.0,9996.0,8813633.0
2017-03-31,1845.0,1820.0,1862.5,1832.5,13.0,26772.0,8807321.0
2017-04-03,1855.0,1825.0,1845.0,1855.0,12.0,4654.0,8806806.0
2017-04-04,1867.0,1840.0,1857.5,1845.0,22.0,11665.0,8805572.0
2017-04-05,1874.0,1840.0,1862.5,1857.5,16.0,8718.0,8803671.0
2017-04-06,1862.0,1820.0,1862.5,1852.5,28.0,17097.0,8803671.0
2017-04-07,1862.0,1835.0,1860.0,1862.5,16.0,33920.0,8800421.0
2017-04-10,1872.5,1840.0,1872.5,1860.0,11.0,7722.0,8799695.0
2017-04-11,1882.0,1860.0,1880.0,1872.5,12.0,18623.0,8795042.0
2017-04-12,1880.0,1845.0,1865.0,1875.0,23.0,6806.0,8794528.0
2017-04-13,1883.0,1860.0,1882.5,1865.0,13.0,2445.0,8794528.0
2017-04-18,1899.0,1845.0,1865.0,1887.5,15.0,11372.0,8791274.0
2017-04-19,1875.0,1835.0,1852.5,1862.5,16.0,5893.0,8791274.0
2017-04-20,1870.0,1832.04,1867.5,1850.0,13.0,11114.0,8791274.0
2017-04-21,1899.0,1860.0,1887.5,1870.0,8.0,22216.0,8785878.0
2017-04-24,1929.0,1875.0,1925.0,1890.0,25.0,27374.0,8776997.0
2017-04-25,1939.0,1915.0,1935.0,1927.5,13.0,13311.0,8775570.0
2017-04-26,1964.0,1935.0,1955.0,1942.5,16.0,12403.0,8773177.0
2017-04-27,1965.0,1940.0,1965.0,1955.0,27.0,20836.0,8769626.0
2017-04-28,2024.0,1970.0,2014.0,1975.0,36.0,45887.0,8754298.0
2017-05-02,2023.4,1992.0,2013.5,2015.0,21.0,25989.0,8745946.0
2017-05-03,2013.17,1997.0,2014.0,2013.5,15.0,8228.0,8744243.0
2017-05-04,2013.0,1998.0,2012.5,2014.0,18.0,29248.0,8732912.0
2017-05-05,2019.9,1990.0,2017.5,2010.0,52.0,23318.0,8732912.0
2017-05-08,2024.0,1987.0,2017.5,2020.0,104.0,66129.0,8732912.0
2017-05-09,2039.0,2001.0,2035.0,2015.0,51.0,38681.0,8730716.0
2017-05-10,2044.0,2020.0,2030.0,2035.0,52.0,46149.0,8730716.0
2017-05-11,2039.0,2022.0,2030.0,2030.0,43.0,45714.0,8730716.0
2017-05-12,2039.0,2021.0,2035.0,2025.0,50.0,34362.0,8730716.0
2017-05-15,2074.9,2045.0,2065.5,2036.0,74.0,42220.0,8730716.0
2017-05-16,2074.9,2045.1,2057.5,2065.5,44.0,42697.0,8724525.0
2017-05-17,2071.5,2051.0,2060.0,2057.5,36.0,17515.0,8724525.0
2017-05-18,2071.5,2023.0,2035.0,2060.0,34.0,13921.0,8724525.0
2017-05-19,2050.0,2028.5,2032.5,2035.0,20.0,9390.0,8724525.0
2017-05-22,2063.9,2034.5,2045.5,2038.5,34.0,28481.0,8724525.0
2017-05-23,2061.0,2036.31,2044.5,2045.5,22.0,16997.0,8724525.0
2017-05-24,2075.0,2038.0,2067.5,2044.5,28.0,30060.0,8724525.0
2017-05-25,2103.0,2073.0,2102.5,2070.0,31.0,42975.0,8720120.0
2017-05-26,2119.0,2096.0,2114.0,2102.5,27.0,16860.0,8715863.0
2017-05-30,2129.0,2107.0,2129.0,2114.0,29.0,30972.0,8709859.0
2017-05-31,2162.0,2125.0,2165.0,2129.0,29.0,34124.0,8697676.0
2017-06-01,2165.0,2150.75,2158.0,2162.5,33.0,18817.0,8697676.0
2017-06-02,2163.0,2154.0,2156.5,2158.0,33.0,12589.0,8697676.0
2017-06-05,2165.0,2142.0,2145.5,2157.5,27.0,15032.0,8697676.0
2017-06-06,2160.0,2140.0,2150.0,2145.5,33.0,67617.0,8697676.0
2017-06-07,2172.36,2144.9,2145.5,2160.5,27.0,19993.0,8695841.0
2017-06-08,2148.0,2142.0,2148.0,2145.5,20.0,12665.0,8693755.0
2017-06-09,2166.0,2147.0,2152.0,2150.5,15.0,11300.0,8691140.0
2017-06-12,2150.0,2131.0,2140.0,2140.0,21.0,24945.0,8691140.0
2017-06-13,2168.0,2140.0,2150.0,2145.0,23.0,18932.0,8688575.0
2017-06-14,2160.0,2140.0,2150.0,2147.5,22.0,21550.0,8688575.0
2017-06-15,2153.35,2125.0,2135.0,2150.0,15.0,10469.0,8686268.0
2017-06-16,2147.0,2122.0,2140.0,2135.0,13.0,5257.0,8686268.0
2017-06-19,2155.0,2130.0,2140.0,2147.5,23.0,7748.0,8683048.0
2017-06-20,2147.0,2130.1,2135.0,2135.0,12.0,3570.0,8683048.0
2017-06-21,2138.0,2120.0,2130.0,2132.5,16.0,8910.0,8680964.0
2017-06-22,2133.9,2110.1,2115.0,2130.0,17.0,2987.0,8680964.0
2017-06-23,2134.0,2110.1,2130.0,2115.0,13.0,3142.0,8676683.0
2017-06-26,2133.9,2120.1,2125.0,2130.0,14.0,3664.0,8676683.0
2017-06-27,2133.9,2112.1,2120.0,2125.0,19.0,4368.0,8676683.0
2017-06-28,2135.0,2109.0,2120.0,2120.0,14.0,7540.0,8664290.0
2017-06-29,2123.0,2100.0,2110.0,2117.5,19.0,7026.0,8663599.0
2017-06-30,2122.0,2100.0,2120.0,2117.5,12.0,5731.0,8656223.0
2017-07-03,2112.5,2075.0,2087.5,2115.0,15.0,5291.0,8656223.0
2017-07-04,2085.0,2065.0,2077.5,2082.5,21.0,6698.0,8647871.0
2017-07-05,2079.0,2055.0,2067.5,2077.5,14.0,5798.0,8646477.0
2017-07-06,2079.0,2050.0,2080.0,2065.0,14.0,5499.0,8643730.0
2017-07-07,2071.0,2055.0,2072.5,2075.0,9.0,7025.0,8639674.0
2017-07-10,2070.9,2035.0,2057.5,2072.5,20.0,5045.0,8639674.0
2017-07-11,2073.0,2035.0,2057.5,2057.5,19.0,8063.0,8639674.0
2017-07-12,2087.0,2060.0,2082.5,2057.5,13.0,7859.0,8639674.0
2017-07-13,2085.0,2065.0,2077.5,2082.5,13.0,5679.0,8637160.0
2017-07-14,2072.0,2050.0,2065.0,2075.0,23.0,7807.0,8636576.0
2017-07-17,2067.0,2045.0,2062.5,2065.0,22.0,10355.0,8636576.0
2017-07-18,2067.0,2050.0,2067.5,2062.5,10.0,5197.0,8636576.0
2017-07-19,2097.0,2075.0,2107.5,2075.0,15.0,3970.0,8636576.0
2017-07-20,2115.0,2100.0,2110.0,2110.0,17.0,7067.0,8636576.0
2017-07-21,2115.0,2100.0,2110.0,2105.0,12.0,2807.0,8636576.0
2017-07-24,2115.0,2072.0,2090.0,2110.0,24.0,7287.0,8636576.0
2017-07-25,2110.0,2072.4,2112.5,2090.0,19.0,10617.0,8629024.0
2017-07-26,2129.0,2105.0,2120.0,2112.5,21.0,7597.0,8629024.0
2017-07-27,2112.0,2095.0,2110.0,2107.5,6.0,1293.0,8629024.0
2017-07-28,2118.0,2095.0,2110.0,2100.0,14.0,3377.0,8629024.0
2017-07-31,2154.0,2115.8,2150.0,2110.0,20.0,5340.0,8609672.0
2017-08-01,2163.0,2122.0,2150.0,2140.0,11.0,2183.0,8609672.0
2017-08-02,2163.0,2123.0,2150.0,2150.0,26.0,9141.0,8609672.0
2017-08-03,2153.0,2129.5,2147.5,2147.5,15.0,3422.0,8609672.0
2017-08-04,2153.0,2126.0,2147.5,2147.5,25.0,5786.0,8606063.0
2017-08-07,2163.0,2127.0,2150.0,2147.5,25.0,8200.0,8600550.0
2017-08-08,2163.0,2138.0,2162.5,2155.0,13.0,4387.0,8596536.0
2017-08-09,2164.0,2145.0,2140.0,2162.5,16.0,4419.0,8596536.0
2017-08-10,2144.0,2108.0,2135.0,2140.0,14.0,2744.0,8595253.0
2017-08-11,2123.0,2115.0,2127.5,2135.0,7.0,1526.0,8594907.0
2017-08-14,2149.0,2128.0,2137.5,2132.5,15.0,4234.0,8594907.0
2017-08-15,2152.65,2128.0,2130.0,2135.0,12.0,2248.0,8594907.0
2017-08-16,2149.0,2118.0,2140.0,2130.0,19.0,5942.0,8592461.0
2017-08-17,2149.0,2125.0,2137.5,2140.0,21.0,4892.0,8589790.0
2017-08-18,2134.6,2125.0,2130.0,2135.0,13.0,3550.0,8589790.0
2017-08-21,2129.0,2115.0,2125.0,2130.0,19.0,4103.0,8589790.0
2017-08-22,2129.0,2115.0,2125.0,2125.0,9.0,1532.0,8589790.0
2017-08-23,2127.5,2110.0,2127.5,2120.0,17.0,8475.0,8582400.0
2017-08-24,2134.0,2110.0,2120.0,2125.0,10.0,15459.0,8575923.0
2017-08-25,2124.0,2100.0,2115.0,2117.5,19.0,7421.0,8575133.0
2017-08-29,2109.0,2095.0,2112.5,2107.5,15.0,14059.0,8571927.0
2017-08-30,2113.0,2100.0,2112.5,2112.5,15.0,12948.0,8569000.0
2017-08-31,2140.0,2100.0,2140.0,2107.5,12.0,21845.0,8559106.0
2017-09-01,2138.0,2116.0,2137.5,2135.0,15.0,3100.0,8559106.0
2017-09-04,2136.0,2090.0,2107.5,2132.5,18.0,6504.0,8559106.0
2017-09-05,2115.0,2090.0,2113.0,2107.5,18.0,8029.0,8557485.0
2017-09-06,2113.0,2085.0,2110.0,2113.0,19.0,12736.0,8552436.0
2017-09-07,2112.0,2080.0,2102.5,2105.0,12.0,11531.0,8547636.0
2017-09-08,2106.0,2060.0,2080.0,2100.0,16.0,14838.0,8545368.0
2017-09-11,2095.0,2040.0,2060.0,2080.0,21.0,6552.0,8545368.0
2017-09-12,2084.5,2061.0,2077.5,2060.0,17.0,7667.0,8543412.0
2017-09-13,2077.0,2050.35,2067.5,2077.5,15.0,12278.0,8541750.0
2017-09-14,2064.7,2045.5,2057.5,2065.0,9.0,27633.0,8535386.0
2017-09-15,2064.5,2050.0,2062.5,2057.5,15.0,9742.0,8532236.0
2017-09-18,2107.9,2055.5,2097.5,2065.0,15.0,5548.0,8532236.0
2017-09-19,2115.2,2075.0,2107.5,2097.5,16.0,8815.0,8532236.0
2017-09-20,2110.0,2082.0,2097.5,2107.5,11.0,5484.0,8532236.0
2017-09-21,2092.15,2075.0,2095.0,2092.5,12.0,3943.0,8532236.0
2017-09-22,2092.0,2075.0,2087.5,2090.0,10.0,775.0,8532236.0
2017-09-25,2107.0,2075.0,2090.0,2085.0,5.0,1289.0,8532236.0
2017-09-26,2098.0,2077.1,2092.5,2090.0,6.0,2960.0,8532236.0
2017-09-27,2096.0,2075.0,2092.5,2092.5,8.0,2120.0,8532236.0
2017-09-28,2105.0,2080.04,2135.0,2097.5,10.0,6759.0,8529371.0
2017-09-29,2160.0,2115.0,2157.5,2135.0,17.0,27375.0,8517723.0
2017-10-02,2149.0,2120.0,2145.0,2157.5,26.0,6685.0,8517723.0
2017-10-03,2143.0,2111.5,2130.0,2140.0,10.0,12747.0,8517723.0
2017-10-04,2138.0,2107.0,2115.0,2127.5,14.0,43664.0,8517723.0
2017-10-05,2130.0,2105.0,2122.5,2115.0,13.0,6435.0,8517723.0
2017-10-06,2137.5,2112.75,2137.5,2122.5,6.0,13588.0,8517723.0
2017-10-09,2143.9,2130.0,2140.0,2137.5,13.0,13808.0,8509972.0
2017-10-10,2143.9,2125.0,2137.5,2135.0,17.0,13047.0,8505455.0
2017-10-11,2143.9,2125.0,2137.5,2137.5,14.0,10731.0,8501869.0
2017-10-12,2136.9,2125.0,2137.5,2137.5,14.0,13678.0,8498103.0
2017-10-13,2143.9,2135.0,2140.5,2140.0,25.0,13704.0,8495320.0
2017-10-16,2143.9,2135.0,2140.5,2140.5,20.0,41575.0,8493494.0
2017-10-17,2143.9,2131.0,2138.0,2137.5,8.0,3509.0,8492391.0
2017-10-18,2143.9,2125.0,2136.5,2138.0,11.0,3371.0,8492391.0
2017-10-19,2132.0,2115.0,2122.5,2127.5,8.0,9157.0,8488383.0
2017-10-20,2128.0,2120.0,2122.5,2125.0,7.0,3667.0,8488383.0
2017-10-23,2120.0,2105.0,2115.0,2122.5,20.0,10667.0,8487516.0
2017-10-24,2115.0,2085.0,2100.0,2107.5,15.0,6894.0,8485908.0
2017-10-25,2112.5,2085.0,2110.0,2100.0,13.0,8368.0,8483057.0
2017-10-26,2122.39,2090.0,2107.5,2110.0,11.0,3222.0,8481782.0
2017-10-27,2117.5,2095.0,2117.5,2107.5,5.0,8837.0,8480366.0
2017-10-30,2136.0,2100.0,2130.0,2117.5,24.0,31529.0,8468738.0
2017-10-31,2139.0,2110.0,2142.5,2130.0,17.0,13133.0,8463614.0
2017-11-01,2129.0,2090.0,2112.5,2122.5,12.0,8454.0,8463614.0
2017-11-02,2124.0,2101.25,2117.5,2112.5,21.0,19292.0,8461542.0
2017-11-03,2128.0,2110.0,2120.0,2125.0,21.0,17012.0,8455864.0
2017-11-06,2113.0,2085.0,2112.5,2105.0,29.0,14256.0,8455864.0
2017-11-07,2124.0,2095.0,2112.5,2115.0,27.0,26405.0,8451494.0
2017-11-08,2116.9,2090.0,2110.0,2115.0,16.0,6133.0,8451494.0
2017-11-09,2104.0,2090.0,2110.0,2110.0,21.0,5618.0,8451494.0
2017-11-10,2100.0,2070.0,2090.0,2110.0,16.0,6362.0,8451494.0
2017-11-13,2098.9,2065.0,2085.0,2090.0,23.0,12244.0,8451494.0
2017-11-14,2102.0,2084.2,2100.0,2085.0,11.0,12464.0,8446661.0
2017-11-15,2089.0,2070.0,2090.0,2095.0,10.0,8738.0,8443010.0
2017-11-16,2080.0,2050.0,2085.0,2090.0,15.0,12636.0,8439305.0
2017-11-17,2097.0,2055.0,2085.0,2085.0,10.0,4634.0,8437850.0
2017-11-20,2085.0,2050.0,2070.0,2085.0,22.0,11201.0,8434968.0
2017-11-21,2069.0,2050.0,2077.5,2070.0,12.0,4203.0,8434968.0
2017-11-22,2092.5,2075.0,2092.5,2077.5,6.0,2451.0,8434968.0
2017-11-23,2094.0,2075.0,2092.5,2092.5,13.0,4057.0,8434968.0
2017-11-24,2104.9,2080.0,2082.5,2095.0,13.0,3937.0,8434968.0
2017-11-27,2095.0,2080.0,2087.5,2090.0,18.0,17021.0,8426066.0
2017-11-28,2132.5,2080.0,2132.5,2087.5,10.0,13635.0,8421198.0
2017-11-29,2139.0,2110.0,2127.5,2127.5,15.0,7407.0,8420912.0
2017-11-30,2128.9,2100.0,2120.0,2122.5,5.0,2085.0,8420912.0
2017-12-01,2120.0,2090.0,2110.0,2120.0,4.0,618.0,8420912.0
2017-12-04,2123.8,2100.0,2130.0,2115.0,8.0,15487.0,8413975.0
2017-12-05,2132.0,2110.0,2127.5,2130.0,7.0,3875.0,8412223.0
2017-12-06,2143.0,2105.0,2132.5,2122.5,7.0,4137.0,8412223.0
2017-12-07,2138.0,2120.0,2130.0,2132.5,16.0,14323.0,8411310.0
2017-12-08,2134.0,2115.0,2127.5,2130.0,13.0,15994.0,8405525.0
2017-12-11,2134.9,2115.0,2125.0,2127.5,12.0,13916.0,8400099.0
2017-12-12,2134.5,2115.0,2135.0,2125.0,16.0,23339.0,8400099.0
2017-12-13,2137.0,2125.0,2137.5,2137.5,8.0,2267.0,8400099.0
2017-12-14,2135.0,2125.0,2135.0,2137.5,8.0,13498.0,8392351.0
2017-12-15,2138.9,2120.0,2135.0,2135.0,8.0,13866.0,8384134.0
2017-12-18,2144.9,2110.0,2125.0,2132.5,9.0,8569.0,8384134.0
2017-12-19,2132.0,2100.0,2125.0,2125.0,10.0,10961.0,8384134.0
2017-12-20,2128.0,2100.0,2120.0,2125.0,10.0,4598.0,8380192.0
2017-12-21,2122.3,2110.0,2120.0,2120.0,6.0,1371.0,8380192.0
2017-12-22,2115.0,2100.0,2120.0,2120.0,4.0,1901.0,8379116.0
2017-12-27,2120.0,2100.0,2122.5,2120.0,6.0,1566.0,8379116.0
2017-12-28,2128.75,2115.0,2137.5,2122.5,14.0,4454.0,8378515.0
2017-12-29,2133.75,2128.75,2155.0,2137.5,5.0,7378.0,8375258.0
2018-01-02,2160.0,2060.0,2120.0,2145.0,15.0,8547.0,8375258.0
2018-01-03,2141.3,2100.0,2145.0,2125.0,12.0,4564.0,8375258.0
2018-01-04,2156.0,2120.0,2160.0,2145.0,15.0,10420.0,8368856.0
2018-01-05,2151.0,2090.0,2150.0,2150.0,17.0,13233.0,8365181.0
2018-01-08,2144.9,2090.0,2140.0,2150.0,26.0,14336.0,8362759.0
2018-01-09,2115.0,2090.0,2140.0,2135.0,15.0,21211.0,8354114.0
2018-01-10,2115.0,2070.0,2100.0,2130.0,14.0,6708.0,8354114.0
2018-01-11,2086.0,2070.0,2100.0,2100.0,19.0,18716.0,8348164.0
2018-01-12,2119.0,2070.0,2105.0,2095.0,15.0,5025.0,8348164.0
2018-01-15,2137.0,2080.0,2135.0,2105.0,27.0,23189.0,8345551.0
2018-01-16,2138.0,2120.0,2145.0,2135.0,15.0,8407.0,8342710.0
2018-01-17,2143.0,2103.0,2125.0,2145.0,20.0,9725.0,8342450.0
2018-01-18,2124.0,2090.0,2115.0,2125.0,10.0,2387.0,8341896.0
2018-01-19,2115.0,2080.0,2110.0,2115.0,13.0,15985.0,8341896.0
2018-01-22,2109.9,2080.0,2110.0,2110.0,16.0,16693.0,8335611.0
2018-01-23,2110.0,2060.0,2100.0,2110.0,15.0,6536.0,8335611.0
2018-01-24,2085.0,2050.0,2090.0,2100.0,20.0,10982.0,8331465.0
2018-01-25,2100.0,2050.0,2075.0,2090.0,14.0,5721.0,8330045.0
2018-01-26,2083.5,2050.0,2100.0,2075.0,17.0,6852.0,8328914.0
2018-01-29,2088.0,2070.0,2095.0,2100.0,19.0,6337.0,8327418.0
2018-01-30,2105.0,2060.0,2110.0,2085.0,17.0,10873.0,8322986.0
2018-01-31,2132.0,2090.0,2155.0,2110.0,8.0,4964.0,8320612.0
2018-02-01,2111.2,2070.0,2095.0,2135.0,17.0,14552.0,8316510.0
2018-02-02,2108.0,2070.0,2105.0,2095.0,17.0,7459.0,8314147.0
2018-02-05,2080.0,2010.0,2050.0,2060.0,26.0,9267.0,8314147.0
2018-02-06,2055.0,1951.0,2060.0,2000.0,41.0,32988.0,8299220.0
2018-02-07,2062.0,1970.0,2050.0,2000.0,16.0,4718.0,8299220.0
2018-02-08,2048.0,1970.0,1995.0,2025.0,9.0,60588.0,8289220.0
2018-02-09,2040.0,1961.0,2005.0,1985.0,15.0,18220.0,8283044.0
2018-02-12,2055.0,2010.0,2055.0,2015.0,12.0,10134.0,8283044.0
2018-02-13,2044.5,2020.0,2065.0,2055.0,13.0,13834.0,8277059.0
2018-02-14,2042.0,2000.0,2050.0,2065.0,10.0,2877.0,8277059.0
2018-02-15,2040.0,2002.0,2050.0,2050.0,7.0,1321.0,8277059.0
2018-02-16,2058.0,2015.0,2060.0,2050.0,10.0,8527.0,8274124.0
2018-02-19,2030.0,1975.0,1990.0,2055.0,16.0,5241.0,8274124.0
2018-02-20,2059.0,2000.0,2025.0,2010.0,9.0,4673.0,8272300.0
2018-02-21,2064.0,2000.0,2050.0,2025.0,19.0,4940.0,8272300.0
2018-02-22,2067.0,2038.0,2070.0,2050.0,6.0,1213.0,8272300.0
2018-02-23,2089.0,2050.0,2080.0,2075.0,11.0,3643.0,8272300.0
2018-02-26,2081.6,2070.0,2090.0,2085.0,7.0,2829.0,8271200.0
2018-02-27,2130.0,2052.0,2110.0,2090.0,15.0,10098.0,8269098.0
2018-02-28,2142.0,2040.0,2160.0,2095.0,6.0,4379.0,8269098.0
2018-03-01,2162.5,2080.0,2130.0,2150.0,11.0,10221.0,8268163.0
2018-03-02,2115.0,2040.0,2070.0,2120.0,8.0,3339.0,8268163.0
2018-03-05,2098.0,2000.0,2085.0,2050.0,15.0,4466.0,8268163.0
2018-03-06,2124.0,2070.0,2080.0,2115.0,15.0,2484.0,8268163.0
2018-03-07,2104.0,2041.0,2080.0,2080.0,7.0,1791.0,8268163.0
2018-03-08,2144.0,2100.0,2140.0,2080.0,3.0,7430.0,8268163.0
2018-03-09,2143.0,2080.0,2110.0,2115.0,17.0,7712.0,8268163.0
2018-03-12,2121.0,2080.0,2100.0,2110.0,16.0,11829.0,8268163.0
2018-03-13,2114.0,2090.0,2110.0,2100.0,14.0,3444.0,8264066.0
2018-03-14,2140.0,2075.0,2125.0,2095.0,24.0,18090.0,8262337.0
2018-03-15,2127.5,2080.0,2115.0,2100.0,18.0,15057.0,8262337.0
2018-03-16,2134.0,2100.0,2140.0,2115.0,15.0,11119.0,8258687.0
2018-03-19,2131.0,2096.0,2110.0,2140.0,11.0,3399.0,8258687.0
2018-03-20,2126.0,2080.0,2120.0,2110.0,13.0,5642.0,8258687.0
2018-03-21,2139.2,2090.0,2120.0,2120.0,17.0,6149.0,8258412.0
2018-03-22,2128.9,2056.0,2075.0,2110.0,7.0,1997.0,8258412.0
2018-03-23,2086.0,2050.0,2075.0,2065.0,18.0,17449.0,8252745.0
2018-03-26,2099.0,2060.0,2085.0,2075.0,11.0,9775.0,8249774.0
2018-03-27,2112.0,2080.0,2105.0,2085.0,6.0,4169.0,8248265.0
2018-03-28,2095.0,2070.0,2095.0,2095.0,11.0,3854.0,8246913.0
2018-03-29,2102.0,2040.0,2095.0,2095.0,17.0,43621.0,8237581.0
2018-04-03,2089.0,2040.0,2070.0,2085.0,21.0,10349.0,8237581.0
2018-04-04,2080.0,2040.0,2070.0,2070.0,27.0,21825.0,8229920.0
2018-04-05,2079.0,2050.0,2085.0,2070.0,19.0,40288.0,8210666.0
2018-04-06,2070.0,2050.0,2080.0,2080.0,18.0,8874.0,8210021.0
2018-04-09,2077.0,2050.0,2075.0,2080.0,9.0,2690.0,8210021.0
2018-04-10,2070.0,2041.0,2065.0,2075.0,8.0,1669.0,8210021.0
2018-04-11,2070.0,2040.0,2085.0,2065.0,15.0,2141.0,8210021.0
2018-04-12,2070.0,2020.0,2030.0,2085.0,18.0,9902.0,8210021.0
2018-04-13,2058.0,2040.0,2060.0,2045.0,8.0,8217.0,8207227.0
2018-04-16,2050.0,2030.0,2055.0,2050.0,5.0,3300.0,8205827.0
2018-04-17,2044.0,2020.0,2060.0,2050.0,6.0,4715.0,8204023.0
2018-04-18,2066.0,2050.0,2075.0,2065.0,19.0,8290.0,8203224.0
2018-04-19,2057.0,2020.0,2050.0,2075.0,12.0,8660.0,8203224.0
2018-04-20,2054.0,2024.0,2060.0,2050.0,13.0,13703.0,8199371.0
2018-04-23,2062.0,2020.0,2060.0,2060.0,10.0,4675.0,8199371.0
2018-04-24,2072.0,2030.0,2060.0,2060.0,17.0,8428.0,8198153.0
2018-04-25,2040.0,2002.0,2045.0,2040.0,19.0,24728.0,8191032.0
2018-04-26,2050.0,2040.0,2040.0,2045.0,8.0,2734.0,8191032.0
2018-04-27,2054.0,2030.0,2050.0,2045.0,11.0,4036.0,8191032.0
2018-04-30,2060.0,2048.0,2060.0,2050.0,18.0,10038.0,8187032.0
2018-05-01,2059.6,2050.0,2055.0,2055.0,12.0,6809.0,8185924.0
2018-05-02,2058.4,2050.0,2055.0,2055.0,22.0,10215.0,8185924.0
2018-05-03,2055.9,2050.2,2055.0,2055.0,18.0,8119.0,8185924.0
2018-05-04,2051.5,2020.0,2030.0,2055.0,26.0,23824.0,8185924.0
2018-05-08,2037.0,2003.2,2020.0,2030.0,16.0,5383.0,8185924.0
2018-05-09,2034.9,1992.0,2030.0,2010.0,15.0,7677.0,8185924.0
2018-05-10,2067.0,2010.0,2060.0,2020.0,19.0,264188.0,8175924.0
2018-05-11,2127.0,2070.0,2120.0,2065.0,26.0,61137.0,8172353.0
2018-05-14,2150.0,2120.0,2135.0,2125.0,31.0,28871.0,8168922.0
2018-05-15,2138.5,2130.0,2135.0,2135.0,19.0,13874.0,8165166.0
2018-05-16,2149.9,2131.0,2145.0,2135.0,23.0,14081.0,8160945.0
2018-05-17,2149.2,2140.0,2145.0,2145.0,14.0,14785.0,8155748.0
2018-05-18,2148.2,2141.01,2145.0,2145.0,7.0,9352.0,8155748.0
2018-05-21,2160.0,2141.2,2155.0,2145.0,19.0,33553.0,8155748.0
2018-05-22,2199.9,2169.9,2195.0,2165.0,18.0,21548.0,8146928.0
2018-05-23,2196.0,2190.0,2185.0,2195.0,7.0,5268.0,8144746.0
2018-05-24,2190.0,2175.0,2185.0,2185.0,13.0,8106.0,8142598.0
2018-05-25,2190.0,2170.0,2185.0,2185.0,10.0,48468.0,8142598.0
2018-05-29,2210.7,2180.0,2210.0,2185.0,15.0,22597.0,8140733.0
2018-05-30,2219.8,2200.0,2210.0,2210.0,14.0,5980.0,8140733.0
2018-05-31,2219.9,2200.0,2215.0,2210.0,10.0,2355.0,8140733.0
2018-06-01,2219.6,2200.0,2205.0,2215.0,10.0,3093.0,8140733.0
2018-06-04,2209.9,2200.0,2205.0,2205.0,17.0,13999.0,8139287.0
2018-06-05,2210.0,2190.0,2200.0,2205.0,11.0,8995.0,8135825.0
2018-06-06,2206.96,2180.0,2195.0,2200.0,15.0,17754.0,8128135.0
2018-06-07,2198.0,2170.0,2185.0,2195.0,10.0,11115.0,8124039.0
2018-06-08,2180.8,2150.0,2180.0,2170.0,13.0,5737.0,8122773.0
2018-06-11,2182.8,2170.0,2180.0,2180.0,17.0,20587.0,8120485.0
2018-06-12,2186.25,2180.5,2185.0,2185.0,7.0,7725.0,8117014.0
2018-06-13,2208.8,2185.0,2205.0,2185.0,10.0,1416.0,8117014.0
2018-06-14,2225.0,2205.0,2230.0,2205.0,9.0,9808.0,8112515.0
2018-06-15,2247.0,2232.0,2245.0,2235.0,13.0,7490.0,8110729.0
2018-06-18,2247.0,2241.1,2245.0,2245.0,10.0,3713.0,8110729.0
2018-06-19,2245.0,2240.0,2245.0,2245.0,13.0,6663.0,8107900.0
2018-06-20,2249.8,2240.0,2245.0,2245.0,15.0,14443.0,8103099.0
2018-06-21,2250.0,2240.1,2245.0,2245.0,12.0,10662.0,8103099.0
2018-06-22,2246.0,2240.0,2245.0,2245.0,9.0,3256.0,8103099.0
2018-06-25,2247.4,2240.0,2245.0,2245.0,12.0,4780.0,8100708.0
2018-06-26,2259.0,2250.0,2255.0,2255.0,13.0,8948.0,8097721.0
2018-06-27,2259.0,2241.0,2255.0,2250.0,9.0,6933.0,8096165.0
2018-06-28,2257.5,2252.0,2255.0,2255.0,5.0,1396.0,8096165.0
2018-06-29,2280.0,2260.0,2270.0,2260.0,11.0,4342.0,8096165.0
2018-07-02,2270.0,2172.0,2195.0,2240.0,11.0,5963.0,8096165.0
2018-07-03,2239.1,2151.0,2195.0,2195.0,9.0,3861.0,8096165.0
2018-07-04,2240.0,2168.1,2185.0,2195.0,7.0,700.0,8096165.0
2018-07-05,2229.0,2151.1,2185.0,2185.0,5.0,87193.0,8096165.0
2018-07-06,2225.8,2160.0,2205.0,2195.0,11.0,6479.0,8093665.0
2018-07-09,2289.0,2190.0,2245.0,2210.0,13.0,4212.0,8092887.0
2018-07-10,2300.0,2223.0,2280.0,2245.0,10.0,3299.0,8092887.0
2018-07-11,2288.5,2230.0,2265.0,2275.0,5.0,720.0,8092887.0
2018-07-12,2310.0,2223.0,2285.0,2265.0,10.0,4198.0,8092887.0
2018-07-13,2330.0,2273.0,2310.0,2285.0,10.0,3810.0,8092887.0
2018-07-16,2309.4,2280.0,2300.0,2310.0,17.0,5001.0,8090891.0
2018-07-17,2329.0,2280.0,2310.0,2300.0,16.0,12677.0,8085662.0
2018-07-18,2322.0,2280.0,2315.0,2310.0,16.0,4410.0,8084979.0
2018-07-19,2319.0,2300.0,2320.0,2315.0,6.0,2302.0,8084096.0
2018-07-20,2314.8,2270.0,2295.0,2320.0,20.0,7296.0,8082776.0
2018-07-23,2295.0,2282.1,2290.0,2290.0,12.0,2515.0,8082776.0
2018-07-24,2293.8,2270.0,2290.0,2290.0,12.0,10572.0,8080247.0
2018-07-25,2286.0,2270.0,2280.0,2285.0,10.0,29469.0,8066582.0
2018-07-26,2308.6,2264.0,2305.0,2280.0,18.0,30992.0,8055904.0
2018-07-27,2307.4,2295.0,2305.0,2305.0,9.0,5393.0,8055077.0
2018-07-30,2320.1,2280.0,2315.0,2300.0,14.0,3047.0,8055077.0
2018-07-31,2336.7,2305.0,2335.0,2315.0,11.0,11253.0,8047331.0
2018-08-01,2338.0,2326.4,2320.0,2325.0,8.0,2259.0,8047331.0
2018-08-02,2325.0,2300.0,2310.0,2315.0,14.0,2079.0,8047331.0
2018-08-03,2338.0,2312.4,2320.0,2310.0,9.0,8319.0,8047331.0
2018-08-06,2338.0,2310.0,2325.0,2320.0,10.0,2130.0,8047331.0
2018-08-07,2337.0,2310.0,2330.0,2325.0,11.0,8943.0,8047331.0
2018-08-08,2330.0,2270.0,2270.0,2325.0,13.0,1842.0,8047331.0
2018-08-09,2280.0,2250.0,2250.0,2270.0,15.0,7240.0,8047331.0
2018-08-10,2271.0,2250.0,2265.0,2250.0,12.0,24329.0,8039342.0
2018-08-13,2271.0,2240.0,2270.0,2265.0,8.0,3425.0,8037865.0
2018-08-14,2271.0,2260.0,2275.0,2270.0,9.0,1765.0,8032194.0
2018-08-15,2271.0,2250.0,2250.0,2275.0,6.0,11607.0,8032194.0
2018-08-16,2268.0,2240.0,2250.0,2265.0,10.0,3784.0,8032194.0
2018-08-17,2268.0,2240.0,2260.0,2250.0,16.0,14451.0,8029057.0
2018-08-20,2270.0,2260.0,2265.0,2260.0,15.0,6264.0,8028207.0
2018-08-21,2267.1,2250.0,2265.0,2255.0,9.0,21810.0,8028207.0
2018-08-22,2269.0,2260.0,2265.0,2265.0,8.0,4318.0,8027368.0
2018-08-23,2270.0,2260.0,2265.0,2265.0,9.0,5144.0,8027368.0
2018-08-24,2284.0,2270.0,2285.0,2270.0,6.0,2012.0,8027368.0
2018-08-28,2290.0,2280.0,2285.0,2285.0,10.0,7518.0,8027368.0
2018-08-29,2290.0,2255.7,2255.0,2270.0,12.0,12354.0,8027368.0
2018-08-30,2270.0,2250.0,2265.0,2265.0,5.0,8952.0,8021916.0
2018-08-31,2300.0,2262.0,2300.0,2265.0,11.0,13313.0,8019769.0
2018-09-03,2300.0,2270.0,2275.0,2295.0,8.0,1931.0,8019769.0
2018-09-04,2278.8,2230.0,2250.0,2275.0,13.0,2377.0,8019769.0
2018-09-05,2257.0,2233.3,2245.0,2245.0,12.0,4651.0,8018351.0
2018-09-06,2246.7,2222.4,2225.0,2245.0,9.0,2664.0,8018351.0
2018-09-07,2230.0,2221.2,2225.0,2225.0,9.0,6217.0,8015679.0
2018-09-10,2270.0,2250.0,2255.0,2240.0,13.0,17946.0,8013501.0
2018-09-11,2249.9,2240.0,2245.0,2245.0,8.0,3475.0,8012111.0
2018-09-12,2257.8,2249.5,2250.0,2235.0,9.0,2165.0,8012111.0
2018-09-13,2268.0,2250.0,2265.0,2245.0,5.0,19835.0,8012111.0
2018-09-14,2277.0,2268.0,2275.0,2265.0,11.0,2322.0,8012111.0
2018-09-17,2289.6,2269.8,2285.0,2270.0,8.0,1176.0,8012111.0
2018-09-18,2301.3,2280.0,2290.0,2285.0,4.0,415.0,8012111.0
2018-09-19,2300.0,2280.0,2305.0,2290.0,11.0,3255.0,8012111.0
2018-09-20,2292.0,2283.0,2285.0,2295.0,9.0,2486.0,8012111.0
2018-09-21,2297.8,2297.4,2290.0,2290.0,4.0,2442.0,8012111.0
2018-09-24,2297.4,2297.4,2290.0,2285.0,3.0,332.0,8012111.0
2018-09-25,2297.4,2297.4,2300.0,2290.0,2.0,106.0,8012111.0
2018-09-26,2337.6,2300.0,2310.0,2300.0,8.0,4587.0,8012111.0
2018-09-27,2335.6,2302.0,2320.0,2310.0,8.0,10398.0,8012111.0
2018-09-28,2334.0,2300.0,2325.0,2320.0,8.0,1322.0,8012111.0
2018-10-01,2333.2,2311.875,2315.0,2315.0,18.0,2886.0,8006179.0
2018-10-02,2313.7,2312.9,2315.0,2315.0,5.0,951.0,8006179.0
2018-10-03,2324.66667,2312.9,2330.0,2315.0,4.0,1411.0,8006179.0
2018-10-04,2325.8,2290.5,2295.0,2330.0,4.0,132.0,8006179.0
2018-10-05,2300.0,2291.1,2295.0,2295.0,4.0,1600.0,8006179.0
2018-10-08,2299.7,2270.0,2275.0,2285.0,14.0,3490.0,8006179.0
2018-10-09,2284.94,2271.1,2275.0,2275.0,9.0,1179.0,8006179.0
2018-10-10,2271.1,2201.5,2205.0,2275.0,9.0,4621.0,8006179.0
2018-10-11,2150.0,2101.2,2110.0,2200.0,32.0,9574.0,8006179.0
2018-10-12,2138.4,2110.0,2115.0,2120.0,10.0,1815.0,8006179.0
2018-10-15,2128.5,2102.0,2105.0,2115.0,11.0,1844.0,8006179.0
2018-10-16,2100.0,2067.56,2075.0,2080.0,8.0,2517.0,8006179.0
2018-10-17,2118.0,2102.6,2105.0,2105.0,16.0,2959.0,8006179.0
2018-10-18,2108.5,2101.6,2105.0,2105.0,6.0,1220.0,8006179.0
2018-10-19,2107.9,2090.0,2095.0,2105.0,9.0,3192.0,8006179.0
2018-10-22,2100.0,2091.1,2095.0,2095.0,10.0,1402.0,8006179.0
2018-10-23,2100.0,2090.0,2115.0,2095.0,9.0,8742.0,8006179.0
2018-10-24,2135.0,2100.0,2115.0,2120.0,4.0,514.0,8006179.0
2018-10-25,2107.2,2040.0,2105.0,2085.0,17.0,7592.0,8006179.0
2018-10-26,2088.0,2027.2,2060.0,2055.0,8.0,4575.0,8006179.0
2018-10-29,2120.0,2077.0,2095.0,2065.0,13.0,5013.0,8006179.0
2018-10-30,2111.0,2075.0,2100.0,2095.0,9.0,2718.0,8006179.0
2018-10-31,2127.0,2125.0,2120.0,2105.0,5.0,1306.0,8006179.0
2018-11-01,2129.7,2125.0,2130.0,2110.0,6.0,808.0,8006179.0
2018-11-02,2185.2,2140.0,2170.0,2150.0,11.0,7659.0,8006179.0
2018-11-05,2185.8,2184.0,2175.0,2170.0,8.0,1306.0,8006179.0
2018-11-06,2149.5,2135.0,2165.0,2165.0,2.0,347.0,8006179.0
2018-11-07,2202.0,2169.5,2185.0,2165.0,6.0,1181.0,8006179.0
2018-11-08,2205.0,2159.5,2185.0,2185.0,4.0,1453.0,8006179.0
2018-11-09,2188.0,2157.6,2180.0,2170.0,9.0,3047.0,8006179.0
2018-11-12,2210.0,2162.0,2180.0,2175.0,11.0,2795.0,8006179.0
2018-11-13,2200.0,2154.0,2190.0,2180.0,12.0,7649.0,8006179.0
2018-11-14,2198.0,2181.0,2190.0,2190.0,4.0,888.0,8006179.0
2018-11-15,2220.0,2184.66667,2190.0,2200.0,11.0,5204.0,8006179.0
2018-11-16,2200.0,2184.66667,2200.0,2190.0,5.0,6716.0,8006179.0
2018-11-19,2248.5,2210.0,2220.0,2200.0,6.0,787.0,8006179.0
2018-11-20,2209.7,2150.0,2165.0,2215.0,4.0,893.0,8006179.0
2018-11-21,2196.4,2150.0,2165.0,2170.0,8.0,1644.0,8006179.0
2018-11-22,2186.8,2140.5,2170.0,2165.0,9.0,31534.0,8006179.0
2018-11-23,2178.75,2140.0,2145.0,2165.0,6.0,3605.0,8006179.0
2018-11-26,2162.0,2140.0,2165.0,2150.0,8.0,3433.0,8006179.0
2018-11-27,2167.52,2150.0,2165.0,2180.0,3.0,510.0,8006179.0
2018-11-28,2155.6,2110.5,2125.0,2165.0,8.0,4548.0,8006179.0
2018-11-29,2150.0,2100.0,2150.0,2125.0,10.0,11340.0,8006179.0
2018-11-30,2129.6,2129.6,2140.0,2140.0,3.0,573.0,8006179.0
2018-12-03,2158.6,2110.0,2140.0,2140.0,9.0,1056.0,8006179.0
2018-12-04,2130.0,2110.0,2130.0,2135.0,7.0,10653.0,8006179.0
2018-12-05,2114.3,2090.0,2105.0,2115.0,5.0,1033.0,8006179.0
2018-12-06,2102.5,2010.0,2030.0,2095.0,20.0,7320.0,8006179.0
2018-12-07,2061.5,2030.0,2075.0,2045.0,15.0,3834.0,8006179.0
2018-12-10,2049.0,2025.0,2045.0,2070.0,9.0,1691.0,8006179.0
2018-12-11,2043.6,2024.5,2060.0,2045.0,7.0,592.0,8006179.0
2018-12-12,2099.4,2044.5,2075.0,2060.0,5.0,3038.0,8006179.0
2018-12-13,2079.6,2030.0,2065.0,2075.0,7.0,4716.0,8006179.0
2018-12-14,2057.6,2030.00005,2050.0,2055.0,4.0,1937.0,8006179.0
2018-12-17,2057.6,2010.0,2020.0,2050.0,8.0,1517.0,8006179.0
2018-12-18,2021.6,1961.8,1975.0,2020.0,11.0,3858.0,8006179.0
2018-12-19,2010.0,1980.0,2005.0,1975.0,11.0,2602.0,8006179.0
2018-12-20,1975.2,1940.6,1975.0,1970.0,13.0,4842.0,8006179.0
2018-12-21,1968.5,1930.6,1960.0,1975.0,11.0,5882.0,8006179.0
2018-12-24,1952.2,1930.0,1960.0,1960.0,15.0,5848.0,8006179.0
2018-12-27,1989.5,1925.0,1955.0,1965.0,17.0,4976.0,8006179.0
2018-12-28,1979.5,1930.0,1957.5,1955.0,6.0,1483.0,8006179.0
2018-12-31,1965.3,1945.0,1970.0,1957.5,8.0,4306.0,8006179.0
2019-01-02,1989.6,1950.0,1975.0,1965.0,9.0,4214.0,8006179.0
2019-01-03,1997.2,1996.8,1985.0,1980.0,3.0,348.0,8006179.0
2019-01-04,1982.0,1960.0,1980.0,1980.0,5.0,3250.0,8006179.0
2019-01-07,1996.1,1946.65,1990.0,1980.0,13.0,4358.0,8006179.0
2019-01-08,2017.25,1986.0,2010.0,1990.0,12.0,37710.0,7985738.0
2019-01-09,2049.9999,2022.0,2040.0,2015.0,15.0,1801.0,7985738.0
2019-01-10,2049.6,2016.4,2040.0,2025.0,8.0,4372.0,7985738.0
2019-01-11,2060.0,2014.0,2040.0,2040.0,10.0,3727.0,7985738.0
2019-01-14,2054.5,1997.5,2025.0,2020.0,17.0,7214.0,7985738.0
2019-01-15,2038.9,2030.0,2035.0,2030.0,6.0,3522.0,7983785.0
2019-01-16,2060.0,2037.5,2060.0,2020.0,3.0,1414.0,7983785.0
2019-01-17,2083.4,2026.5,2045.0,2060.0,8.0,962.0,7983785.0
2019-01-18,2079.5,2036.5,2055.0,2045.0,11.0,1994.0,7983785.0
2019-01-21,2074.5,2042.5,2055.0,2055.0,10.0,5024.0,7983785.0
2019-01-22,2076.4,2050.5,2050.0,2055.0,8.0,1238.0,7983785.0
2019-01-23,2079.4,2041.3,2050.0,2050.0,8.0,4146.0,7983785.0
2019-01-24,2080.0,2045.56,2050.0,2050.0,5.0,1200.0,7983785.0
2019-01-25,2099.28,2065.56,2080.0,2050.0,10.0,3150.0,7983785.0
2019-01-28,2116.4,2107.0,2095.0,2080.0,8.0,1665.0,7983785.0
2019-01-29,2097.6,2070.0,2085.0,2090.0,10.0,3487.0,7983785.0
2019-01-30,2110.0,2057.5,2090.0,2075.0,9.0,3343.0,7983785.0
2019-01-31,2120.0,2081.6,2100.0,2095.0,5.0,2481.0,7983785.0
2019-02-01,2128.2,2096.0,2095.0,2100.0,17.0,9353.0,7983785.0
2019-02-04,2129.4,2080.0,2105.0,2095.0,8.0,1440.0,7983785.0
2019-02-05,2138.2,2095.0,2110.0,2105.0,7.0,2841.0,7983785.0
2019-02-06,2148.8,2110.0,2115.0,2115.0,10.0,5746.0,7983785.0
2019-02-07,2110.0,2090.6,2105.0,2115.0,4.0,247.0,7983785.0
2019-02-08,2134.5,2098.0,2120.0,2105.0,8.0,693.0,7983785.0
2019-02-11,2144.0,2090.0,2125.0,2120.0,13.0,7909.0,7983785.0
2019-02-12,2134.0,2103.3333,2125.0,2125.0,7.0,10870.0,7983785.0
2019-02-13,2149.6,2114.0,2140.0,2130.0,12.0,10283.0,7983785.0
2019-02-14,2153.6,2110.0,2140.0,2135.0,10.0,5425.0,7983785.0
2019-02-15,2155.0,2130.0,2150.0,2140.0,11.0,12154.0,7983785.0
2019-02-18,2154.0,2130.0,2140.0,2145.0,9.0,1476.0,7983785.0
2019-02-19,2146.0,2110.0,2130.0,2140.0,11.0,4293.0,7983785.0
2019-02-20,2149.88,2120.0,2150.0,2135.0,11.0,6229.0,7983785.0
2019-02-21,2170.4,2130.1,2155.0,2150.0,7.0,1712.0,7983785.0
2019-02-22,2150.0,2130.0,2160.0,2155.0,12.0,6514.0,7983785.0
2019-02-25,2172.0,2130.0,2160.0,2155.0,11.0,3985.0,7983785.0
2019-02-26,2174.8,2130.0,2160.0,2170.0,13.0,6812.0,7983785.0
2019-02-27,2139.0,2060.0,2100.0,2160.0,14.0,7400.0,7983785.0
2019-02-28,2121.0,2090.0,2115.0,2110.0,8.0,1371.0,7983785.0
2019-03-01,2118.0,2100.0,2125.0,2115.0,16.0,3533.0,7983785.0
2019-03-04,2113.5,2090.1,2125.0,2125.0,16.0,3751.0,7983785.0
2019-03-05,2107.6,2044.4,2075.0,2130.0,10.0,4513.0,7983785.0
2019-03-06,2097.2,2055.0,2075.0,2065.0,12.0,6829.0,7980785.0
2019-03-07,2075.0,2040.6,2070.0,2070.0,7.0,1637.0,7980785.0
2019-03-08,2063.2,2016.6,2055.0,2070.0,15.0,5887.0,7980785.0
2019-03-11,2076.6,2060.0,2075.0,2055.0,11.0,4683.0,7980785.0
2019-03-12,2079.8,2060.25,2075.0,2070.0,5.0,1035.0,7980785.0
2019-03-13,2070.0,2040.0,2060.0,2050.0,5.0,1050.0,7980785.0
2019-03-14,2064.1,2060.0,2065.0,2050.0,8.0,2051.0,7980785.0
2019-03-15,2068.8,2050.3,2070.0,2065.0,8.0,1508.0,7980785.0
2019-03-18,2073.5,2024.8,2055.0,2070.0,18.0,3389.0,7980785.0
2019-03-19,2070.0,2030.0,2050.0,2055.0,19.0,8218.0,7980785.0
2019-03-20,2061.0,2026.0,2050.0,2050.0,11.0,2288.0,7980785.0
2019-03-21,2075.0,2022.5,2045.0,2050.0,9.0,4107.0,7980785.0
2019-03-22,2089.4,2002.4,2060.0,2045.0,24.0,13323.0,7980785.0
2019-03-25,2067.0,2020.0,2040.0,2045.0,15.0,7530.0,7980785.0
2019-03-26,2075.08,2020.0,2055.0,2045.0,9.0,10324.0,7980785.0
2019-03-27,2079.5,2050.4,2060.0,2055.0,10.0,3254.0,7980785.0
2019-03-28,2078.0,2027.0,2045.0,2065.0,15.0,6257.0,7980785.0
2019-03-29,2071.0,2028.0,2025.0,2045.0,12.0,5343.0,7980785.0
2019-04-01,2059.6,1997.28,2020.0,2050.0,29.0,11141.0,7980785.0
2019-04-02,2032.6,2007.28,2030.0,2020.0,16.0,3843.0,7980785.0
2019-04-03,2140.0,2010.0,2080.0,2035.0,15.0,8079.0,7980785.0
2019-04-04,2055.56,2014.4,2040.0,2035.0,14.0,3976.0,7980785.0
2019-04-05,2053.8,2025.5,2040.0,2040.0,27.0,34666.0,7967436.0
2019-04-08,2049.2,2015.5,2040.0,2025.0,31.0,15320.0,7962703.0
2019-04-09,2046.4,2030.0,2045.0,2040.0,12.0,2936.0,7962703.0
2019-04-10,2070.0,2031.4,2055.0,2040.0,13.0,18369.0,7962703.0
2019-04-11,2090.0,2057.4,2065.0,2055.0,20.0,8444.0,7962703.0
2019-04-12,2089.5,2050.0,2075.0,2065.0,7.0,2354.0,7962703.0
2019-04-15,2108.5,2075.4,2085.0,2075.0,23.0,27604.0,7952703.0
2019-04-16,2110.0,2075.0,2110.0,2085.0,14.0,46141.0,7937703.0
2019-04-17,2105.0,2083.0,2110.0,2105.0,7.0,1412.0,7937703.0
2019-04-18,2110.0,2090.0,2115.0,2110.0,16.0,5195.0,7937703.0
2019-04-23,2140.0,2104.4,2120.0,2115.0,12.0,4622.0,7937703.0
2019-04-24,2150.0,2100.0,2130.0,2110.0,14.0,12744.0,7937703.0
2019-04-25,2140.0,2120.0,2125.0,2130.0,10.0,5649.0,7937703.0
2019-04-26,2139.1,2125.6,2135.0,2125.0,9.0,1322.0,7937703.0
2019-04-29,2148.8,2130.2,2145.0,2135.0,12.0,2892.0,7937703.0
2019-04-30,2148.6,2112.0,2130.0,2145.0,14.0,3525.0,7937703.0
2019-05-01,2165.2,2130.4,2160.0,2135.0,9.0,2239.0,7937703.0
2019-05-02,2173.35,2138.0,2150.0,2155.0,14.0,3675.0,7937703.0
2019-05-03,2164.6,2125.0,2150.0,2150.0,11.0,4317.0,7937703.0
2019-05-07,2150.0,2120.0,2150.0,2140.0,15.0,6569.0,7937703.0
2019-05-08,2135.2,2120.0,2140.0,2150.0,11.0,2420.0,7937703.0
2019-05-09,2136.2,2121.6,2140.0,2140.0,7.0,2382.0,7937703.0
2019-05-10,2140.0,2110.0,2125.0,2145.0,11.0,5293.0,7937703.0
2019-05-13,2159.0,2120.0,2140.0,2130.0,16.0,5770.0,7937703.0
2019-05-14,2139.6,2101.5,2130.0,2140.0,17.0,5881.0,7937703.0
2019-05-15,2146.7,2120.3,2135.0,2135.0,7.0,1190.0,7937703.0
2019-05-16,2163.04,2120.3,2155.0,2130.0,9.0,2030.0,7937703.0
2019-05-17,2160.72,2127.5,2150.0,2145.0,6.0,5566.0,7937703.0
2019-05-20,2167.5,2120.0,2145.0,2150.0,19.0,46026.0,7937703.0
2019-05-21,2150.4,2130.0,2140.0,2145.0,7.0,3271.0,7937703.0
2019-05-22,2140.0,2115.0,2140.0,2140.0,10.0,8433.0,7937703.0
2019-05-23,2115.0,2090.0,2105.0,2120.0,11.0,3603.0,7937703.0
2019-05-24,2108.0,2085.5,2110.0,2105.0,9.0,5857.0,7937703.0
2019-05-28,2104.0,2057.5,2080.0,2110.0,11.0,4988.0,7937703.0
2019-05-29,2089.5,2030.0,2045.0,2080.0,9.0,2952.0,7937703.0
2019-05-30,2068.0,2020.0,2055.0,2045.0,6.0,2579.0,7937703.0
2019-05-31,2065.0,2020.5,2045.0,2055.0,7.0,1063.0,7937703.0
2019-06-03,2037.4,1914.2,1995.0,2030.0,27.0,8544.0,7937703.0
2019-06-04,2010.8,1951.0,2025.0,1995.0,8.0,5432.0,7937703.0
2019-06-05,2018.0,1990.0,2035.0,2025.0,14.0,4924.0,7937703.0
2019-06-06,2059.0,1980.0,2030.0,2035.0,7.0,2066.0,7937703.0
2019-06-07,2059.0,1980.0,2030.0,2030.0,19.0,3418.0,7937703.0
2019-06-10,2016.8,1981.0,2030.0,2035.0,18.0,4606.0,7937703.0
2019-06-11,2009.6,1982.0,2000.0,2030.0,23.0,17351.0,7928344.0
2019-06-12,2000.0,1970.0,2010.0,2020.0,9.0,4716.0,7928344.0
2019-06-13,2004.8,1980.0,2015.0,2000.0,16.0,31603.0,7916983.0
2019-06-14,2008.5,1990.0,2015.0,2015.0,11.0,4020.0,7916983.0
2019-06-17,2047.4,1990.5,2025.0,2015.0,19.0,13725.0,7911089.0
2019-06-18,2028.0,2000.5,2045.0,2025.0,11.0,6340.0,7911089.0
2019-06-19,2031.0,2010.0,2045.0,2045.0,7.0,7961.0,7904705.0
2019-06-20,2032.8571,2010.0,2050.0,2045.0,7.0,42180.0,7883898.0
2019-06-21,2063.2,2000.0,2045.0,2050.0,17.0,19893.0,7876752.0
2019-06-24,2015.2,1984.0,2030.0,2045.0,15.0,29428.0,7862302.0
2019-06-25,2015.0,1980.0,2020.0,2030.0,11.0,7367.0,7862302.0
2019-06-26,2010.0,1990.0,2015.0,2020.0,4.0,5670.0,7858032.0
2019-06-27,2001.5,1972.1,2005.0,2015.0,6.0,3221.0,7858032.0
2019-06-28,2039.4,1972.1,2010.0,2005.0,7.0,10133.0,7852601.0
2019-07-01,2037.0,1972.5,2000.0,2010.0,19.0,17152.0,7848758.0
2019-07-02,2004.5,1970.0,1980.0,1995.0,16.0,11271.0,7848758.0
2019-07-03,1994.4,1940.0,1975.0,1980.0,21.0,10345.0,7848758.0
2019-07-04,1992.4,1960.0,1980.0,1980.0,10.0,5968.0,7846371.0
2019-07-05,1988.0,1960.0,1980.0,1980.0,11.0,8510.0,7846371.0
2019-07-08,1967.05,1945.0,1972.5,1975.0,9.0,2586.0,7846371.0
2019-07-09,1956.0,1936.5,1960.0,1972.5,14.0,2943.0,7846371.0
2019-07-10,1945.45,1925.0,1957.5,1960.0,13.0,18623.0,7832673.0
2019-07-11,1935.0,1915.0,1947.5,1957.5,25.0,34934.0,7832673.0
2019-07-12,1931.75,1920.0,1947.5,1947.5,13.0,20250.0,7813833.0
2019-07-15,1935.9,1915.0,1942.5,1947.5,13.0,13645.0,7807787.0
2019-07-16,1927.15,1907.7,1937.5,1942.5,9.0,3938.0,7807787.0
2019-07-17,1926.25,1915.9,1937.5,1937.5,15.0,9765.0,7796333.0
2019-07-18,1940.0,1885.45,1920.0,1922.5,22.0,12923.0,7790709.0
2019-07-19,1900.0,1893.5,1917.5,1915.0,13.0,24437.0,7778595.0
2019-07-22,1920.0,1866.0,1902.5,1907.5,19.0,6723.0,7776525.0
2019-07-23,1921.0,1875.0,1915.0,1902.5,13.0,10555.0,7776525.0
2019-07-24,1914.5,1894.5454,1915.0,1915.0,14.0,17585.0,7763387.0
2019-07-25,1919.6,1884.5454,1920.0,1910.0,11.0,25800.0,7750820.0
2019-07-26,1920.0,1884.0,1900.0,1920.0,8.0,2510.0,7750820.0
2019-07-29,1927.0,1885.6,1920.0,1900.0,15.0,4960.0,7750820.0
2019-07-30,1934.5,1900.0,1925.0,1925.0,6.0,2171.0,7750820.0
2019-07-31,1927.5,1900.0,1935.0,1925.0,8.0,14233.0,7742403.0
2019-08-01,1900.0,1880.0,1900.0,1935.0,7.0,1722.0,7742403.0
2019-08-02,1895.5,1880.0,1910.0,1900.0,10.0,3827.0,7742403.0
2019-08-05,1900.0,1870.5,1910.0,1900.0,14.0,9870.0,7736663.0
2019-08-06,1914.5,1870.6,1925.0,1900.0,20.0,17904.0,7729404.0
2019-08-07,1902.0,1860.8,1880.0,1920.0,13.0,15000.0,7729404.0
2019-08-08,1899.6,1870.0,1895.0,1900.0,7.0,31282.0,7713218.0
2019-08-09,1889.4,1860.0,1882.5,1895.0,7.0,2393.0,7713218.0
2019-08-12,1889.5,1860.9,1890.0,1882.5,6.0,15078.0,7713218.0
2019-08-13,1895.0,1840.0,1895.0,1877.5,8.0,2999.0,7713218.0
2019-08-14,1895.0,1870.0,1895.0,1895.0,15.0,15238.0,7696641.0
2019-08-15,1870.0,1830.0,1855.0,1885.0,18.0,12111.0,7693248.0
2019-08-16,1893.8,1860.0,1890.0,1855.0,18.0,4620.0,7693248.0
2019-08-19,1910.0,1890.0,1910.0,1902.5,6.0,1630.0,7693248.0
2019-08-20,1914.4,1890.4,1925.0,1910.0,9.0,7556.0,7688646.0
2019-08-21,1898.2,1870.0,1890.0,1915.0,10.0,3563.0,7688646.0
2019-08-22,1888.2,1860.0,1885.0,1890.0,8.0,6221.0,7685857.0
2019-08-23,1879.2,1860.0,1885.0,1890.0,7.0,4832.0,7683503.0
2019-08-27,1872.5,1850.0,1880.0,1885.0,19.0,26100.0,7676467.0
2019-08-28,1882.6667,1870.0,1890.0,1885.0,9.0,2481.0,7676467.0
2019-08-29,1889.0,1880.0,1895.0,1890.0,6.0,11376.0,7668883.0
2019-08-30,1925.2,1900.0,1920.0,1895.0,6.0,16358.0,7660099.0
2019-09-02,1880.0,1870.0,1905.0,1905.0,7.0,5687.0,7660099.0
2019-09-03,1923.6,1890.0,1905.0,1905.0,5.0,8354.0,7654137.0
2019-09-04,1920.4,1880.5,1905.0,1905.0,2.0,248.0,7654137.0
2019-09-05,1920.4,1871.5,1890.0,1905.0,6.0,2146.0,7654137.0
2019-09-06,1894.8,1878.0,1890.0,1890.0,12.0,11478.0,7648328.0
2019-09-09,1909.7,1870.0,1895.0,1890.0,8.0,25499.0,7637282.0
2019-09-10,1884.5,1860.0,1885.0,1885.0,6.0,3445.0,7637282.0
2019-09-11,1910.0,1891.4,1915.0,1885.0,9.0,5024.0,7634481.0
2019-09-12,1929.5,1912.3,1925.0,1915.0,13.0,10692.0,7634481.0
2019-09-13,1932.0,1915.55,1935.0,1925.0,6.0,5085.0,7634481.0
2019-09-16,1946.8,1920.0,1940.0,1935.0,7.0,7881.0,7634481.0
2019-09-17,1940.0,1925.0,1940.0,1940.0,5.0,3840.0,7632145.0
2019-09-18,1940.4,1917.4,1930.0,1940.0,6.0,539.0,7632145.0
2019-09-19,1930.4,1917.4,1940.0,1930.0,3.0,669.0,7632145.0
2019-09-20,1940.4,1920.0,1945.0,1940.0,7.0,8818.0,7627592.0
2019-09-23,1940.0,1910.0,1915.0,1945.0,6.0,2437.0,7627592.0
2019-09-24,1914.8,1897.4,1920.0,1915.0,10.0,10617.0,7622808.0
2019-09-25,1914.8,1892.4,1920.0,1910.0,5.0,3220.0,7622808.0
2019-09-26,1920.5,1910.3,1925.0,1920.0,2.0,301.0,7622808.0
2019-09-27,1919.6,1902.8,1920.0,1925.0,10.0,4170.0,7622808.0
2019-09-30,1902.95,1886.0,1910.0,1907.5,8.0,2483.0,7622808.0
2019-10-01,1903.6,1870.0,1885.0,1910.0,17.0,8049.0,7622808.0
2019-10-02,1889.8,1870.0,1880.0,1885.0,8.0,3689.0,7622808.0
2019-10-03,1885.0,1870.0,1870.0,1880.0,7.0,4166.0,7620704.0
2019-10-04,1887.8,1850.0,1875.0,1880.0,7.0,4743.0,7620704.0
2019-10-07,1893.6917,1850.0,1885.0,1875.0,9.0,41224.0,7598611.0
2019-10-08,1874.5,1850.0,1875.0,1885.0,4.0,1644.0,7598611.0
2019-10-09,1868.4,1853.2,1870.0,1875.0,3.0,66.0,7598611.0
2019-10-10,1868.9,1850.0,1872.5,1870.0,5.0,448.0,7598611.0
2019-10-11,1866.0,1850.0,1892.5,1870.0,13.0,2594.0,7598611.0
2019-10-14,1887.0,1865.0,1900.0,1892.5,5.0,2484.0,7598611.0
2019-10-15,1901.0,1883.5,1915.0,1900.0,6.0,2682.0,7598611.0
2019-10-16,1913.0,1912.8,1930.0,1915.0,2.0,262.0,7598611.0
2019-10-17,1955.2,1900.0,1965.0,1930.0,7.0,7403.0,7598611.0
2019-10-18,1959.0,1941.0,1965.0,1965.0,6.0,1546.0,7598611.0
2019-10-21,1957.0,1940.0,1945.0,1965.0,6.0,3539.0,7597218.0
2019-10-22,1950.0,1940.0,1950.0,1945.0,9.0,7088.0,7594233.0
2019-10-23,1955.0,1940.0,1965.0,1950.0,13.0,13024.0,7588763.0
2019-10-24,1940.0,1940.0,1965.0,1965.0,1.0,585.0,7588763.0
2019-10-25,1950.4,1935.0,1965.0,1962.5,7.0,1960.0,7588763.0
2019-10-28,1945.0,1940.0,1965.0,1965.0,9.0,9850.0,7582330.0
2019-10-29,1972.0,1920.0,1960.0,1950.0,13.0,12602.0,7576708.0
2019-10-30,1966.6,1940.0,1965.0,1960.0,4.0,1795.0,7576708.0
2019-10-31,1985.0,1944.0,1970.0,1965.0,4.0,1755.0,7576708.0
2019-11-01,1980.0,1948.0,1950.0,1970.0,7.0,3840.0,7576708.0
2019-11-04,1991.8,1944.8,1975.0,1970.0,7.0,2142.0,7576708.0
2019-11-05,2010.0,1947.2,1990.0,1975.0,10.0,4319.0,7576708.0
2019-11-06,1986.7,1960.0,1975.0,1990.0,8.0,66983.0,7543506.0
2019-11-07,1986.7,1960.0,1975.0,1975.0,3.0,1789.0,7543506.0
2019-11-08,1986.7,1953.6,1970.0,1975.0,7.0,1974.0,7543506.0
2019-11-11,1979.2,1961.0,1970.0,1970.0,9.0,3295.0,7543506.0
2019-11-12,1969.5,1960.0,1965.0,1970.0,8.0,6195.0,7540321.0
2019-11-13,1961.3,1961.3,1960.0,1965.0,1.0,651.0,7540321.0
2019-11-14,1954.0,1937.6,1955.0,1960.0,3.0,922.0,7540321.0
2019-11-15,1965.0,1940.0,1950.0,1955.0,3.0,4992.0,7540321.0
2019-11-18,1940.0,1920.28,1930.0,1950.0,7.0,7852.0,7540321.0
2019-11-19,1960.0,1918.75,1930.0,1930.0,10.0,8997.0,7540321.0
2019-11-20,1955.0,1924.6,1935.0,1930.0,10.0,6145.0,7540321.0
2019-11-21,1980.0,1943.0,1955.0,1935.0,5.0,3551.0,7540321.0
2019-11-22,1990.0,1948.0,1975.0,1955.0,7.0,5473.0,7540321.0
2019-11-25,1990.0,1973.5,1965.0,1965.0,11.0,9081.0,7540321.0
2019-11-26,1990.0,1981.0,1965.0,1965.0,10.0,9546.0,7540321.0
2019-11-27,2010.0,1980.0,2020.0,1965.0,10.0,17363.0,7540321.0
2019-11-28,2090.0,2020.0,2085.0,2020.0,13.0,8698.0,7540321.0
2019-11-29,2130.0,2070.0,2105.0,2090.0,12.0,4370.0,7540321.0
2019-12-02,2115.2,2080.0,2100.0,2105.0,9.0,4331.0,7540321.0
2019-12-03,2103.6,2070.0,2095.0,2100.0,8.0,4522.0,7540321.0
2019-12-04,2104.1,2090.0,2110.0,2095.0,7.0,5848.0,7540321.0
2019-12-05,2108.8,2090.0,2110.0,2110.0,7.0,4032.0,7540321.0
2019-12-06,2113.92,2090.0,2115.0,2110.0,3.0,1218.0,7540321.0
2019-12-09,2106.0,2070.0,2095.0,2115.0,20.0,16628.0,7540321.0
2019-12-10,2107.0,2070.0,2095.0,2075.0,10.0,2915.0,7540321.0
2019-12-11,2070.0,2020.0,2055.0,2075.0,8.0,10700.0,7540321.0
2019-12-12,2080.0,2051.5,2070.0,2065.0,15.0,13909.0,7540321.0
2019-12-13,2140.0,2109.7,2135.0,2095.0,29.0,25149.0,7540321.0
2019-12-16,2205.0,2130.0,2180.0,2135.0,131.0,87415.0,7540321.0
2019-12-17,2210.0,2175.0,2190.0,2185.0,50.0,52125.0,7540321.0
2019-12-18,2198.4,2180.0,2185.0,2190.0,24.0,16983.0,7540321.0
2019-12-19,2190.0,2180.0,2185.0,2185.0,20.0,8314.0,7540321.0
2019-12-20,2208.0,2180.0,2185.0,2200.0,17.0,18916.0,7540321.0
2019-12-23,2218.0,2180.0,2205.0,2195.0,12.0,11942.0,7540321.0
2019-12-24,2218.5,2204.4,2225.0,2205.0,5.0,2150.0,7540321.0
2019-12-27,2244.5,2200.0,2230.0,2225.0,16.0,4558.0,7540321.0
2019-12-30,2228.0,2207.2,2215.0,2230.0,13.0,7199.0,7540321.0
2019-12-31,2233.5,2206.3,2225.0,2215.0,17.0,11943.0,7540321.0
2020-01-02,2237.5,2211.5,2235.0,2225.0,20.0,24855.0,7540321.0
2020-01-03,2225.0,2203.3,2190.0,2225.0,10.0,4665.0,7540321.0
2020-01-06,2185.5,2125.0,2145.0,2190.0,14.0,8763.0,7540321.0
2020-01-07,2147.9,2140.0,2165.0,2165.0,8.0,4942.0,7540321.0
2020-01-08,2178.5,2100.0,2150.0,2165.0,26.0,10516.0,7540321.0
2020-01-09,2229.4,2153.6,2205.0,2160.0,13.0,7906.0,7540321.0
2020-01-10,2205.0,2190.0,2195.0,2205.0,17.0,4663.0,7540321.0
2020-01-13,2218.6,2190.1,2210.0,2195.0,16.0,6302.0,7540321.0
2020-01-14,2220.0,2202.4,2215.0,2210.0,17.0,7601.0,7540321.0
2020-01-15,2240.0,2220.0,2235.0,2215.0,8.0,4461.0,7540321.0
2020-01-16,2300.0,2245.0,2280.0,2250.0,13.0,26352.0,7540321.0
2020-01-17,2310.0,2250.4,2300.0,2285.0,15.0,7667.0,7540321.0
2020-01-20,2320.0,2290.2,2310.0,2300.0,11.0,6395.0,7540321.0
2020-01-21,2300.0,2250.9,2280.0,2275.0,15.0,6257.0,7540321.0
2020-01-22,2320.0,2276.7,2310.0,2295.0,18.0,12626.0,7540321.0
2020-01-23,2315.2,2287.8,2295.0,2300.0,9.0,7533.0,7540321.0
2020-01-24,2320.0,2291.7,2305.0,2310.0,14.0,5989.0,7540321.0
2020-01-27,2315.5,2290.0,2290.0,2295.0,11.0,7878.0,7540321.0
2020-01-28,2315.5,2283.2,2295.0,2305.0,12.0,10197.0,7540321.0
2020-01-29,2297.0,2274.8,2285.0,2295.0,3.0,7302.0,7540321.0
2020-01-30,2277.9,2258.7,2265.0,2275.0,2.0,1632.0,7540321.0
2020-01-31,2280.0,2260.0,2270.0,2265.0,10.0,7273.0,7540321.0
2020-02-03,2278.4,2267.3,2270.0,2270.0,12.0,8027.0,7540321.0
2020-02-04,2308.4,2269.3,2290.0,2270.0,10.0,4359.0,7540321.0
2020-02-05,2340.0,2285.0,2320.0,2290.0,15.0,14590.0,7540321.0
2020-02-06,2334.0,2319.6,2330.0,2325.0,11.0,5715.0,7540321.0
2020-02-07,2335.8,2320.0,2330.0,2330.0,13.0,6721.0,7540321.0
2020-02-10,2340.0,2320.0,2330.0,2330.0,10.0,7194.0,7540321.0
2020-02-11,2345.0,2330.0,2350.0,2330.0,11.0,7060.0,7540321.0
2020-02-12,2341.0,2320.0,2325.0,2350.0,13.0,12135.0,7540321.0
2020-02-13,2320.0,2290.0,2295.0,2325.0,16.0,5220.0,7540321.0
2020-02-14,2300.0,2291.2,2295.0,2305.0,5.0,4853.0,7540321.0
2020-02-17,2316.4,2291.2,2295.0,2305.0,11.0,22626.0,7540321.0
2020-02-18,2309.2,2282.4,2290.0,2295.0,12.0,6394.0,7540321.0
2020-02-19,2303.4,2291.2,2300.0,2300.0,5.0,4055.0,7540321.0
2020-02-20,2302.8,2282.4,2300.0,2300.0,8.0,7311.0,7540321.0
2020-02-21,2310.0,2281.5,2280.0,2300.0,10.0,3717.0,7540321.0
2020-02-24,2249.0,2170.0,2230.0,2255.0,27.0,28243.0,7540321.0
2020-02-25,2240.0,2192.1,2185.0,2225.0,14.0,9781.0,7540321.0
2020-02-26,2170.4,2100.0,2160.0,2185.0,18.0,11992.0,7540321.0
2020-02-27,2150.0,2012.1,2080.0,2150.0,21.0,15913.0,7540321.0
2020-02-28,2050.0,1900.0,1970.0,2030.0,25.0,12921.0,7540321.0
2020-03-02,2000.0,1980.0,2000.0,2000.0,19.0,13007.0,7540321.0
2020-03-03,2097.5,2010.5,2030.0,2020.0,21.0,13522.0,7540321.0
2020-03-04,2022.0,1970.0,1985.0,2025.0,31.0,17168.0,7540321.0
2020-03-05,1989.8,1950.0,1985.0,1995.0,10.0,7176.0,7540321.0
2020-03-06,1982.2,1880.0,1945.0,1985.0,21.0,10853.0,7540321.0
2020-03-09,1899.0,1845.1,1905.0,1865.0,15.0,8947.0,7540321.0
2020-03-10,1924.45,1858.8,1875.0,1905.0,16.0,11398.0,7540321.0
2020-03-11,1954.0,1890.0,1905.0,1925.0,12.0,7515.0,7540321.0
2020-03-12,1850.0,1700.0,1790.0,1835.0,16.0,14328.0,7540321.0
2020-03-13,1879.0,1703.0,1805.0,1800.0,23.0,14986.0,7540321.0
2020-03-16,1789.1,1650.0,1690.0,1770.0,34.0,26368.0,7540321.0
2020-03-17,1740.0,1590.0,1707.5,1710.0,22.0,19905.0,7540321.0
2020-03-18,1669.3,1600.0,1635.0,1635.0,22.0,6863.0,7540321.0
2020-03-19,1652.2222,1500.0,1612.5,1635.0,15.0,10964.0,7540321.0
2020-03-20,1705.0,1680.0,1660.0,1655.0,15.0,11822.0,7540321.0
2020-03-23,1550.0,1251.0,1452.5,1600.0,29.0,18722.0,7540321.0
2020-03-24,1670.0,1460.0,1600.0,1495.0,7.0,10420.0,7540321.0
2020-03-25,1770.0,1612.0,1735.0,1625.0,19.0,18223.0,7540321.0
2020-03-26,1747.15,1650.8,1690.0,1705.0,26.0,44498.0,7540321.0
2020-03-27,1713.0,1620.0,1675.0,1695.0,18.0,9463.0,7540321.0
2020-03-30,1690.0,1621.0,1665.0,1675.0,5.0,1807.0,7540321.0
2020-03-31,1710.0,1610.0,1655.0,1660.0,17.0,13466.0,7540321.0
2020-04-01,1650.0,1580.0,1610.0,1627.5,4.0,1986.0,7540321.0
2020-04-02,1650.0,1510.0,1585.0,1605.0,15.0,13638.0,7540321.0
2020-04-03,1595.0,1500.0,1555.0,1565.0,11.0,5819.0,7540321.0
2020-04-06,1610.0,1500.0,1600.0,1560.0,24.0,8762.0,7540321.0
2020-04-07,1640.0,1590.0,1615.0,1600.0,25.0,10198.0,7540321.0
2020-04-08,1614.0,1350.0,1565.0,1635.0,11.0,2823.0,7540321.0
2020-04-09,1585.0,1550.0,1542.5,1565.0,23.0,24087.0,7540321.0
2020-04-14,1637.3,1534.0,1610.0,1562.5,28.0,6882.0,7540321.0
2020-04-15,1650.0,1560.0,1610.0,1610.0,17.0,5464.0,7540321.0
2020-04-16,1655.0,1585.0,1625.0,1615.0,10.0,4053.0,7540321.0
2020-04-17,1719.25,1620.85,1680.0,1655.0,20.0,9342.0,7540321.0
2020-04-20,1699.5,1620.7,1655.0,1695.0,12.0,4977.0,7540321.0
2020-04-21,1649.7,1580.0,1635.0,1635.0,11.0,7991.0,7540321.0
2020-04-22,1675.0,1625.55,1670.0,1647.5,5.0,4616.0,7540321.0
2020-04-23,1725.5,1653.0,1715.0,1675.0,27.0,6564.0,7540321.0
2020-04-24,1730.0,1708.0,1715.0,1715.0,6.0,3802.0,7540321.0
2020-04-27,1741.5,1705.5,1725.0,1725.0,6.0,2632.0,7540321.0
2020-04-28,1729.6,1700.0,1725.0,1725.0,10.0,10035.0,7540321.0
2020-04-29,1750.0,1720.0,1735.0,1725.0,11.0,12770.0,7540321.0
2020-04-30,1736.8,1680.0,1715.0,1735.0,15.0,4184.0,7540321.0
2020-05-01,1693.7,1655.0,1675.0,1710.0,6.0,5520.0,7540321.0
2020-05-04,1665.0,1600.0,1640.0,1660.0,13.0,8100.0,7540321.0
2020-05-05,1630.0,1600.0,1615.0,1640.0,9.0,15335.0,7540321.0
2020-05-06,1648.5,1500.0,1620.0,1615.0,16.0,17043.0,7540321.0
2020-05-07,1650.0,1600.0,1655.0,1612.5,17.0,12391.0,7540321.0
2020-05-11,1642.0,1600.0,1610.0,1655.0,27.0,20897.0,7540321.0
2020-05-12,1659.5,1600.0,1650.0,1610.0,21.0,35543.0,7540321.0
2020-05-13,1638.0,1620.0,1650.0,1650.0,4.0,2796.0,7540321.0
2020-05-14,1638.0,1583.0,1630.0,1630.0,15.0,14384.0,7540321.0
2020-05-15,1636.0,1621.0,1640.0,1640.0,6.0,7475.0,7540321.0
2020-05-18,1650.0,1620.0,1642.5,1640.0,18.0,19806.0,7540321.0
2020-05-19,1650.25,1625.0,1645.0,1647.5,17.0,8913.0,7540321.0
2020-05-20,1646.6,1625.0,1650.0,1635.0,9.0,4501.0,7540321.0
2020-05-21,1650.0,1635.0,1645.0,1647.5,8.0,13371.0,7540321.0
2020-05-22,1645.0,1630.0,1645.0,1645.0,14.0,2718.0,7540321.0
2020-05-26,1678.0,1650.1,1665.0,1655.0,16.0,19822.0,7540321.0
2020-05-27,1690.0,1643.4,1655.0,1665.0,9.0,4578.0,7540321.0
2020-05-28,1710.0,1662.0,1660.0,1655.0,4.0,3240.0,7540321.0
2020-05-29,1710.0,1645.6,1685.0,1660.0,16.0,5132.0,7540321.0
2020-06-01,1770.0,1730.0,1770.0,1685.0,17.0,6919.0,7540321.0
2020-06-02,1776.8,1739.5,1750.0,1770.0,8.0,6257.0,7540321.0
2020-06-03,1795.6,1735.2,1795.0,1750.0,16.0,12236.0,7540321.0
2020-06-04,1794.3,1740.3,1755.0,1785.0,13.0,7562.0,7540321.0
2020-06-05,1799.4,1748.7,1795.0,1755.0,13.0,10125.0,7540321.0
2020-06-08,1799.6,1790.0,1795.0,1795.0,16.0,9238.0,7540321.0
2020-06-09,1848.8,1792.0,1835.0,1825.0,12.0,7505.0,7540321.0
2020-06-10,1863.8,1805.0,1837.5,1845.0,12.0,6798.0,7540321.0
2020-06-11,1800.0,1772.4,1815.0,1825.0,10.0,6583.0,7540321.0
2020-06-12,1812.5,1790.0,1795.0,1810.0,4.0,1478.0,7540321.0
2020-06-15,1762.0,1752.0,1780.0,1780.0,6.0,2595.0,7540321.0
2020-06-16,1799.0,1741.0,1780.0,1790.0,9.0,8436.0,7540321.0
2020-06-17,1784.9,1780.1,1805.0,1780.0,8.0,1812.0,7540321.0
2020-06-18,1795.0,1780.0,1785.0,1785.0,6.0,5469.0,7540321.0
2020-06-19,1810.0,1797.7,1822.5,1790.0,6.0,2649.0,7540321.0
2020-06-22,1807.0,1800.0,1825.0,1825.0,11.0,3617.0,7540321.0
2020-06-23,1823.4,1800.6,1802.5,1825.0,8.0,4945.0,7540321.0
2020-06-24,1808.4,1756.2,1805.0,1835.0,9.0,2733.0,7540321.0
2020-06-25,1794.0,1776.0,1805.0,1805.0,5.0,5936.0,7540321.0
2020-06-26,1809.0,1750.0,1777.5,1812.5,11.0,9444.0,7540321.0
2020-06-29,1790.0,1732.0,1745.0,1765.0,15.0,6758.0,7540321.0
2020-06-30,1745.1,1740.05,1742.5,1745.0,8.0,7235.0,7540321.0
2020-07-01,1770.0,1740.0,1770.0,1742.5,10.0,28798.0,7540321.0
2020-07-02,1793.4,1725.0,1760.0,1775.0,8.0,12454.0,7540321.0
2020-07-03,1785.3,1720.0,1725.0,1750.0,7.0,2846.0,7540321.0
2020-07-06,1763.4,1740.0,1765.0,1770.0,16.0,6477.0,7540321.0
2020-07-07,1760.0,1720.0,1737.5,1760.0,12.0,12262.0,7540321.0
2020-07-08,1740.0,1714.8,1750.0,1725.0,5.0,6033.0,7540321.0
2020-07-09,1790.0,1725.0,1730.0,1755.0,10.0,7437.0,7540321.0
2020-07-10,1760.0,1715.5,1745.0,1715.0,14.0,11184.0,7540321.0
2020-07-13,1795.0,1765.0,1740.0,1750.0,11.0,9357.0,7540321.0
2020-07-14,1780.0,1700.0,1765.0,1740.0,11.0,9306.0,7540321.0
2020-07-15,1776.25,1750.85,1765.0,1765.0,10.0,3043.0,7540321.0
2020-07-16,1765.0,1725.0,1740.0,1765.0,8.0,5258.0,7540321.0
2020-07-17,1750.1,1727.4,1732.5,1740.0,4.0,6142.0,7540321.0
2020-07-20,1760.0,1725.0,1765.0,1732.5,3.0,6795.0,7540321.0
2020-07-21,1792.4,1752.0,1790.0,1762.5,10.0,4581.0,7540321.0
2020-07-22,1830.0,1730.0,1787.5,1800.0,18.0,7664.0,7540321.0
2020-07-23,1778.0,1775.0,1762.5,1787.5,5.0,3892.0,7540321.0
2020-07-24,1773.25,1750.0,1760.0,1757.5,8.0,5154.0,7540321.0
2020-07-27,1770.0,1728.4,1760.0,1745.0,7.0,8878.0,7540321.0
2020-07-28,1795.0,1760.0,1795.0,1755.0,9.0,16707.0,7540321.0
2020-07-29,1812.5,1782.75,1785.0,1795.0,4.0,2343.0,7540321.0
2020-07-30,1770.0,1755.6,1735.0,1785.0,5.0,1284.0,7540321.0
2020-07-31,1770.0,1739.425,1742.5,1745.0,4.0,2154.0,7540321.0
2020-08-03,1770.0,1769.45,1752.5,1745.0,2.0,1020.0,7540321.0
2020-08-04,1780.0,1754.425,1752.5,1752.5,8.0,2421.0,7540321.0
2020-08-05,1780.0,1757.5,1770.0,1755.0,5.0,2017.0,7540321.0
2020-08-06,1790.0,1763.0,1762.5,1760.0,7.0,4391.0,7540321.0
2020-08-07,1810.0,1773.2,1785.0,1762.5,8.0,5379.0,7540321.0
2020-08-10,1829.8,1800.0,1805.0,1805.0,7.0,3099.0,7540321.0
2020-08-11,1830.0,1820.0,1825.0,1815.0,14.0,5531.0,7540321.0
2020-08-12,1839.0,1820.0,1837.5,1825.0,4.0,1735.0,7540321.0
2020-08-13,1849.0,1835.75,1840.0,1837.5,4.0,2709.0,7540321.0
2020-08-14,1860.0,1815.0,1840.0,1852.5,14.0,11836.0,7540321.0
2020-08-17,1860.0,1835.0,1850.0,1840.0,12.0,5735.0,7540321.0
2020-08-18,1864.0,1834.6,1855.0,1850.0,9.0,8947.0,7540321.0
2020-08-19,1870.0,1840.0,1855.0,1855.0,13.0,15747.0,7540321.0
2020-08-20,1869.7,1832.4,1860.0,1855.0,4.0,2609.0,7540321.0
2020-08-21,1890.0,1855.0,1875.0,1860.0,19.0,35980.0,7540321.0
2020-08-24,1920.0,1870.0,1892.5,1880.0,8.0,27723.0,7540321.0
2020-08-25,1903.75,1850.0,1882.5,1892.5,13.0,7362.0,7540321.0
2020-08-26,1880.0,1870.0,1877.5,1877.5,5.0,3407.0,7540321.0
2020-08-27,1885.0,1870.0,1875.0,1877.5,6.0,14593.0,7540321.0
2020-08-28,1892.2,1871.1,1875.0,1875.0,8.0,1083.0,7540321.0
2020-09-01,1865.0,1860.0,1855.0,1870.0,11.0,4381.0,7540321.0
2020-09-02,1860.0,1850.0,1875.0,1855.0,12.0,6708.0,7540321.0
2020-09-03,1894.55,1852.25,1875.0,1872.5,4.0,2992.0,7540321.0
2020-09-04,1884.0,1830.0,1832.5,1865.0,10.0,6865.0,7540321.0
2020-09-07,1834.9,1830.0,1850.0,1832.5,7.0,4098.0,7540321.0
2020-09-08,1859.5,1810.0,1822.5,1840.0,6.0,3593.0,7540321.0
2020-09-09,1825.0,1820.0,1822.5,1822.5,2.0,1006.0,7540321.0
2020-09-10,1835.9,1810.0,1822.5,1822.5,7.0,2369.0,7540321.0
2020-09-11,1831.0,1810.1,1835.0,1820.0,7.0,3997.0,7540321.0
2020-09-14,1832.6,1817.4,1840.0,1842.5,6.0,5918.0,7540321.0
2020-09-15,1835.5,1825.0,1845.0,1840.0,6.0,2307.0,7540321.0
2020-09-16,1831.5,1830.0,1832.5,1845.0,8.0,2279.0,7540321.0
2020-09-17,1832.0,1825.25,1835.0,1832.5,8.0,8102.0,7540321.0
2020-09-18,1838.9,1825.0,1835.0,1835.0,5.0,2031.0,7540321.0
2020-09-21,1830.0,1815.0,1830.0,1835.0,8.0,7259.0,7540321.0
2020-09-22,1830.0001,1820.0,1822.5,1835.0,8.0,2933.0,7540321.0
2020-09-23,1820.0,1815.0,1822.5,1822.5,5.0,2671.0,7540321.0
2020-09-24,1820.0,1796.0,1817.5,1822.5,6.0,5837.0,7540321.0
2020-09-25,1815.5,1785.0,1800.0,1817.5,9.0,5266.0,7540321.0
2020-09-28,1800.0,1795.0,1802.5,1802.5,11.0,3514.0,7540321.0
2020-09-29,1809.8,1780.0,1780.0,1802.5,11.0,12766.0,7540321.0
2020-09-30,1810.0,1770.8,1805.0,1790.0,11.0,3165.0,7540321.0
2020-10-01,1830.0,1801.1,1840.0,1805.0,6.0,2447.0,7540321.0
2020-10-02,1849.4,1831.2,1842.5,1840.0,4.0,2196.0,7540321.0
2020-10-05,1862.5,1846.0,1847.5,1842.5,11.0,2416.0,7540321.0
2020-10-06,1867.6,1840.0,1850.0,1847.5,15.0,13730.0,7540321.0
2020-10-07,1855.8,1840.0,1850.0,1850.0,8.0,7818.0,7540321.0
2020-10-08,1875.0,1850.0,1870.0,1860.0,6.0,3492.0,7540321.0
2020-10-09,1862.0,1841.0,1865.0,1860.0,16.0,7690.0,7540321.0
2020-10-12,1867.0,1849.2,1860.0,1865.0,14.0,4099.0,7540321.0
2020-10-13,1864.0,1820.0,1840.0,1865.0,13.0,6826.0,7540321.0
2020-10-14,1850.0,1836.0,1845.0,1842.5,6.0,2886.0,7540321.0
2020-10-15,1850.0,1831.5,1840.0,1845.0,6.0,3548.0,7540321.0
2020-10-16,1850.0,1830.0,1845.0,1847.5,9.0,4790.0,7540321.0
2020-10-19,1850.0,1840.0,1860.0,1847.5,8.0,2385.0,7540321.0
2020-10-20,1855.8,1825.0,1860.0,1860.0,8.0,21659.0,7540321.0
2020-10-21,1862.0,1810.0,1830.0,1867.5,14.0,6530.0,7540321.0
2020-10-22,1823.6,1793.0,1820.0,1820.0,11.0,5898.0,7540321.0
2020-10-23,1860.0,1820.0,1850.0,1822.5,13.0,27134.0,7540321.0
2020-10-26,1859.6,1820.0,1840.0,1840.0,6.0,5736.0,7540321.0
2020-10-27,1851.6,1810.0001,1840.0,1840.0,8.0,3848.0,7540321.0
2020-10-28,1832.8,1810.0,1825.0,1830.0,6.0,2258.0,7540321.0
2020-10-29,1822.4,1822.4,1825.0,1825.0,1.0,782.0,7540321.0
2020-10-30,1812.4,1790.0,1800.0,1825.0,13.0,3617.0,7540321.0
2020-11-02,1791.6,1770.0,1785.0,1800.0,10.0,5554.0,7540321.0
2020-11-03,1800.0,1780.0,1825.0,1790.0,5.0,4800.0,7540321.0
2020-11-04,1845.6,1810.0,1830.0,1825.0,4.0,260.0,7540321.0
2020-11-05,1829.6,1810.0,1825.0,1830.0,12.0,18777.0,7540321.0
2020-11-06,1827.4999,1815.0,1850.0,1830.0,13.0,3412.0,7540321.0
2020-11-09,1880.34,1842.0,1875.0,1855.0,13.0,3152.0,7540321.0
2020-11-10,1885.2,1860.0,1875.0,1875.0,11.0,1888.0,7540321.0
2020-11-11,1876.2,1860.3,1865.0,1880.0,13.0,7331.0,7540321.0
2020-11-12,1885.0,1855.0,1857.5,1860.0,11.0,7227.0,7540321.0
2020-11-13,1880.0,1850.0,1880.0,1860.0,12.0,14105.0,7540321.0
2020-11-16,1890.0,1870.0,1880.0,1875.0,39.0,28559.0,7540321.0
2020-11-17,1884.0,1870.0,1880.0,1880.0,18.0,16034.0,7540321.0
2020-11-18,1894.5,1870.0,1885.0,1880.0,17.0,5438.0,7540321.0
2020-11-19,1890.0,1876.7,1890.0,1895.0,11.0,2111.0,7540321.0
2020-11-20,1890.0,1870.0,1880.0,1880.0,26.0,17784.0,7540321.0
2020-11-23,1929.2,1897.5,1920.0,1915.0,26.0,16292.0,7540321.0
2020-11-24,1929.75,1860.0,1917.5,1920.0,31.0,11180.0,7540321.0
2020-11-25,1929.8,1880.0,1895.0,1920.0,19.0,19432.0,7540321.0
2020-11-26,1915.0,1866.6,1900.0,1895.0,12.0,10103.0,7540321.0
2020-11-27,1913.0,1900.0,1915.0,1915.0,14.0,6379.0,7540321.0
2020-11-30,1920.0,1875.0,1912.5,1915.0,22.0,9797.0,7540321.0
2020-12-01,1909.6,1886.0,1915.0,1912.5,22.0,16234.0,7540321.0
2020-12-02,1914.0,1890.0,1920.0,1915.0,21.0,12444.0,7540321.0
2020-12-03,1910.08,1890.0,1905.0,1920.0,13.0,9922.0,7540321.0
2020-12-04,1902.0,1900.0,1905.0,1905.0,20.0,7313.0,7540321.0
2020-12-07,1910.0,1895.0,1902.5,1905.0,21.0,5852.0,7540321.0
2020-12-08,1947.3728,1880.0,1920.0,1902.5,26.0,18793.0,7540321.0
2020-12-09,1944.5,1900.0,1920.0,1925.0,8.0,5726.0,7540321.0
2020-12-10,1916.2043,1886.0,1925.0,1925.0,13.0,8638.0,7540321.0
2020-12-11,1950.0,1883.42,1925.0,1915.0,14.0,3045.0,7540321.0
2020-12-14,1935.0,1900.0,1930.0,1925.0,12.0,6197.0,7540321.0
2020-12-15,1908.0,1895.5,1930.0,1915.0,14.0,9878.0,7540321.0
2020-12-16,1965.0,1910.0,1940.0,1925.0,31.0,12769.0,7540321.0
2020-12-17,1975.0,1948.0,1955.0,1950.0,10.0,1602.0,7540321.0
2020-12-18,2000.0,1975.0,1967.5,1955.0,6.0,3313.0,7540321.0
2020-12-21,1980.0,1950.2,1977.5,1962.5,20.0,10953.0,7540321.0
2020-12-22,2020.0,1984.85,1995.0,1977.5,9.0,4721.0,7540321.0
2020-12-23,2049.9999,2000.0,2030.0,2010.0,15.0,10143.0,7540321.0
2020-12-24,2162.3,2080.0,2135.0,2055.0,19.0,24992.0,7540321.0
2020-12-29,2169.3,2099.3806,2130.0,2135.0,22.0,7859.0,7540321.0
2020-12-30,2180.0,2100.0,2180.0,2140.0,18.0,13437.0,7540321.0
2020-12-31,2114.5,2050.0,2105.0,2150.0,10.0,4747.0,7540321.0
2021-01-04,2100.0,2070.0,2080.0,2110.0,11.0,4719.0,7540321.0
2021-01-05,2076.0,2030.0001,2085.0,2105.0,5.0,2755.0,7540321.0
2021-01-06,2099.4,2060.0,2100.0,2100.0,16.0,5059.0,7540321.0
2021-01-07,2090.0,2030.0,2065.0,2110.0,19.0,26282.0,7540321.0
2021-01-08,2065.0,2030.0,2080.0,2065.0,13.0,14429.0,7540321.0
2021-01-11,2119.3,2050.0,2095.0,2080.0,17.0,4833.0,7540321.0
2021-01-12,2100.0,2060.0,2095.0,2100.0,12.0,5808.0,7540321.0
2021-01-13,2075.0,2050.0,2050.0,2095.0,15.0,3712.0,7540321.0
2021-01-14,2082.3612,2050.0,2075.0,2090.0,12.0,6323.0,7540321.0
2021-01-15,2068.0,2030.0,2045.0,2065.0,10.0,2034.0,7540321.0
2021-01-18,2047.8,2020.0,2035.0,2040.0,14.0,6656.0,7540321.0
2021-01-19,2086.0,2040.0,2055.0,2070.0,9.0,4157.0,7540321.0
2021-01-20,2082.0,2050.0,2075.0,2075.0,10.0,1773.0,7540321.0
2021-01-21,2076.0,2050.0,2075.0,2080.0,8.0,1881.0,7540321.0
2021-01-22,2100.0,2022.4,2075.0,2075.0,23.0,7819.0,7540321.0
2021-01-25,2130.0,2067.7,2100.0,2080.0,20.0,6370.0,7540321.0
2021-01-26,2136.8,2087.5,2105.0,2085.0,12.0,4855.0,7540321.0
2021-01-27,2176.0,2100.0,2140.0,2120.0,17.0,11324.0,7540321.0
2021-01-28,2164.5,2080.0,2155.0,2110.0,15.0,10470.0,7540321.0
2021-01-29,2160.0,2130.0,2155.0,2165.0,6.0,2036.0,7540321.0
2021-02-01,2180.0,2120.0,2150.0,2165.0,13.0,5427.0,7540321.0
2021-02-02,2177.3333,2124.8,2150.0,2160.0,11.0,5489.0,7540321.0
2021-02-03,2180.0,2144.0,2150.0,2150.0,7.0,3788.0,7540321.0
2021-02-04,2179.4,2125.0001,2150.0,2150.0,9.0,1702.0,7540321.0
2021-02-05,2178.2,2125.0,2145.0,2150.0,11.0,5572.0,7540321.0
2021-02-08,2160.0,2143.0,2140.0,2140.0,5.0,2164.0,7540321.0
2021-02-09,2180.0,2155.0,2150.0,2125.0,12.0,3907.0,7540321.0
2021-02-10,2170.0,2164.9,2160.0,2160.0,8.0,1929.0,7540321.0
2021-02-11,2200.0,2169.0,2195.0,2160.0,11.0,3060.0,7540321.0
2021-02-12,2210.0,2199.97,2195.0,2190.0,9.0,3154.0,7540321.0
2021-02-15,2250.0,2205.0,2250.0,2200.0,20.0,17188.0,7540321.0
2021-02-16,2260.0,2240.0,2280.0,2275.0,10.0,5402.0,7540321.0
2021-02-17,2320.0,2263.675,2290.0,2280.0,21.0,8968.0,7540321.0
2021-02-18,2311.0,2260.3,2270.0,2290.0,8.0,3147.0,7540321.0
2021-02-19,2279.6,2220.0,2250.0,2255.0,15.0,3303.0,7540321.0
2021-02-22,2276.9457,2220.0,2260.0,2250.0,16.0,6122.0,7540321.0
2021-02-23,2291.2,2223.5001,2260.0,2260.0,17.0,9078.0,7540321.0
2021-02-24,2296.5,2250.1,2265.0,2250.0,13.0,4537.0,7540321.0
2021-02-25,2296.5,2230.0,2260.0,2265.0,14.0,5511.0,7540321.0
2021-02-26,2262.0,2230.3,2250.0,2245.0,14.0,4793.0,7540321.0
2021-03-01,2300.0,2240.6,2280.0,2265.0,7.0,2273.0,7540321.0
2021-03-02,2274.4,2254.2,2260.0,2270.0,5.0,1650.0,7540321.0
2021-03-03,2288.0,2255.0,2285.0,2275.0,8.0,3461.0,7540321.0
2021-03-04,2285.0,2250.0,2260.0,2285.0,11.0,8115.0,7540321.0
2021-03-05,2270.0,2250.0,2260.0,2260.0,10.0,5390.0,7540321.0
2021-03-08,2270.0,2252.0,2265.0,2265.0,6.0,1993.0,7540321.0
2021-03-09,2287.5,2258.0,2285.0,2265.0,11.0,10112.0,7540321.0
2021-03-10,2293.5,2272.0,2280.0,2275.0,16.0,6482.0,7540321.0
2021-03-11,2303.0,2270.0,2290.0,2300.0,8.0,3781.0,7540321.0
2021-03-12,2287.5,2250.0,2280.0,2280.0,7.0,9275.0,7540321.0
2021-03-15,2306.0,2270.0,2300.0,2290.0,7.0,1681.0,7540321.0
2021-03-16,2330.0,2252.1,2285.0,2300.0,17.0,8119.0,7540321.0
2021-03-17,2290.0,2250.0,2290.0,2285.0,11.0,19696.0,7540321.0
2021-03-18,2340.0,2260.0,2295.0,2300.0,12.0,2398.0,7540321.0
2021-03-19,2330.0,2260.0,2295.0,2295.0,16.0,3471.0,7540321.0
2021-03-22,2300.0,2250.0,2275.0,2285.0,12.0,4598.0,7540321.0
2021-03-23,2265.0,2240.0,2280.0,2270.0,13.0,8970.0,7540321.0
2021-03-24,2298.8,2230.0,2255.0,2270.0,9.0,6678.0,7540321.0
2021-03-25,2266.0,2230.0,2230.0,2270.0,7.0,2191.0,7540321.0
2021-03-26,2280.0,2253.0,2280.0,2270.0,13.0,3793.0,7540321.0
2021-03-29,2263.8,2230.0,2280.0,2280.0,16.0,6141.0,7540321.0
2021-03-30,2253.9,2230.0,2280.0,2280.0,19.0,12321.0,7540321.0
2021-03-31,2251.8,2240.0,2275.0,2280.0,9.0,1982.0,7540321.0
2021-04-01,2270.0999,2220.0,2270.0,2275.0,18.0,15589.0,7540321.0
2021-04-06,2310.0,2233.0,2310.0,2275.0,35.0,9859.0,7540321.0
2021-04-07,2310.0,2242.8,2280.0,2280.0,18.0,7255.0,7540321.0
2021-04-08,2308.5,2260.0,2285.0,2315.0,11.0,4101.0,7540321.0
2021-04-09,2310.4167,2272.6,2290.0,2300.0,7.0,2000.0,7540321.0
2021-04-12,2313.4,2269.6,2290.0,2300.0,19.0,8601.0,7540321.0
2021-04-13,2320.0,2280.0,2305.0,2290.0,21.0,5249.0,7540321.0
2021-04-14,2340.0,2280.0,2310.0,2305.0,15.0,6598.0,7540321.0
2021-04-15,2400.0,2337.0,2355.0,2315.0,13.0,2819.0,7540321.0
2021-04-16,2410.0,2380.0,2390.0,2375.0,8.0,1043.0,7540321.0
2021-04-19,2420.0,2402.24,2395.0,2390.0,12.0,2548.0,7540321.0
2021-04-20,2430.0,2410.3,2395.0,2405.0,12.0,2734.0,7540321.0
2021-04-21,2430.0,2400.0001,2415.0,2395.0,19.0,4643.0,7540321.0
2021-04-22,2460.0,2400.4,2445.0,2415.0,14.0,4965.0,7540321.0
2021-04-23,2480.0,2428.0,2490.0,2430.0,18.0,5539.0,7540321.0
2021-04-26,2517.0,2440.0001,2480.0,2490.0,10.0,9533.0,7540321.0
2021-04-27,2500.0,2462.0,2480.0,2480.0,12.0,2744.0,7540321.0
2021-04-28,2498.8,2463.0,2480.0,2480.0,18.0,5537.0,7540321.0
2021-04-29,2517.6,2465.0,2485.0,2480.0,17.0,6558.0,7540321.0
2021-04-30,2530.0,2470.0,2520.0,2490.0,20.0,6399.0,7540321.0
2021-05-04,2550.0,2500.0,2515.0,2520.0,31.0,9798.0,7540321.0
2021-05-05,2530.0,2501.5,2515.0,2515.0,13.0,3503.0,7540321.0
2021-05-06,2532.95,2502.0,2525.0,2525.0,8.0,3426.0,7540321.0
2021-05-07,2540.0,2500.4,2525.0,2545.0,16.0,5377.0,7540321.0
2021-05-10,2580.0,2522.6,2545.0,2555.0,15.0,3549.0,7540321.0
2021-05-11,2578.0,2510.0,2545.0,2545.0,15.0,7010.0,7540321.0
2021-05-12,2562.5,2480.0,2520.0,2545.0,10.0,13140.0,7540321.0
2021-05-13,2487.9999,2445.0,2500.0,2505.0,10.0,2461.0,7540321.0
2021-05-14,2489.0,2480.0,2510.0,2505.0,9.0,4025.0,7540321.0
2021-05-17,2481.2,2450.0,2475.0,2515.0,10.0,5138.0,7540321.0
2021-05-18,2465.0,2440.0,2490.0,2495.0,9.0,15354.0,7540321.0
2021-05-19,2478.4,2420.0,2465.0,2460.0,15.0,5986.0,7540321.0
2021-05-20,2450.0,2430.0,2465.0,2470.0,9.0,2414.0,7540321.0
2021-05-21,2465.0,2421.0,2465.0,2470.0,13.0,9838.0,7540321.0
2021-05-24,2468.5,2430.0,2470.0,2465.0,20.0,6364.0,7540321.0
2021-05-25,2570.0,2453.0,2550.0,2470.0,29.0,9021.0,7540321.0
2021-05-26,2610.0,2560.0,2590.0,2565.0,13.0,6594.0,7540321.0
2021-05-27,2640.0,2585.7,2615.0,2585.0,14.0,6761.0,7540321.0
2021-05-28,2640.0,2605.0,2605.0,2620.0,14.0,5147.0,7540321.0
2021-06-01,2630.0,2594.4,2620.0,2605.0,16.0,7776.0,7540321.0
2021-06-02,2626.0,2600.0,2620.0,2625.0,10.0,2177.0,7540321.0
2021-06-03,2621.2,2580.0,2610.0,2620.0,13.0,3332.0,7540321.0
2021-06-04,2609.0,2530.0,2585.0,2615.0,28.0,14010.0,7540321.0
2021-06-07,2572.4,2550.0,2560.0,2590.0,14.0,4843.0,7540321.0
2021-06-08,2560.2,2526.0,2550.0,2580.0,10.0,4157.0,7540321.0
2021-06-09,2599.3,2518.0,2530.0,2550.0,19.0,13994.0,7540321.0
2021-06-10,2532.2799,2507.35,2515.0,2535.0,12.0,7310.0,7540321.0
2021-06-11,2514.0,2500.0,2510.0,2515.0,12.0,9251.0,7540321.0
2021-06-14,2510.0,2500.0,2505.0,2505.0,12.0,7446.0,7540321.0
2021-06-15,2509.0,2500.0,2505.0,2505.0,12.0,3544.0,7540321.0
2021-06-16,2508.0,2500.2,2505.0,2505.0,13.0,3329.0,7540321.0
2021-06-17,2505.2,2499.9,2495.0,2505.0,10.0,4019.0,7540321.0
2021-06-18,2497.0,2480.0,2495.0,2495.0,7.0,1318.0,7540321.0
2021-06-21,2501.0,2480.0,2485.0,2485.0,9.0,3456.0,7540321.0
2021-06-22,2498.6,2470.0,2475.0,2485.0,11.0,3666.0,7540321.0
2021-06-23,2530.0,2470.01,2530.0,2475.0,10.0,7862.0,7540321.0
2021-06-24,2515.0,2482.9,2485.0,2530.0,5.0,2612.0,7540321.0
2021-06-25,2513.2,2475.0001,2485.0,2485.0,12.0,4175.0,7540321.0
2021-06-28,2481.0,2480.0,2495.0,2490.0,14.0,2670.0,7540321.0
2021-06-29,2520.0,2460.0,2520.0,2480.0,12.0,2107.0,7540321.0
2021-06-30,2490.5,2470.0,2465.0,2465.0,7.0,2333.0,7540321.0
2021-07-01,2520.4,2450.0,2495.0,2465.0,14.0,15435.0,7540321.0
2021-07-02,2501.0,2460.0,2505.0,2495.0,10.0,5355.0,7540321.0
2021-07-05,2493.0,2450.8,2500.0,2505.0,19.0,5896.0,7540321.0
2021-07-06,2474.0,2450.0,2460.0,2500.0,13.0,14771.0,7540321.0
2021-07-07,2465.0,2450.0,2460.0,2485.0,12.0,4044.0,7540321.0
2021-07-08,2459.8,2450.0,2475.0,2460.0,6.0,678.0,7540321.0
2021-07-09,2510.0,2430.0,2510.0,2475.0,10.0,16917.0,7540321.0
2021-07-12,2510.0,2467.0,2500.0,2480.0,12.0,4461.0,7540321.0
2021-07-13,2533.5,2490.0,2535.0,2520.0,13.0,3804.0,7540321.0
2021-07-14,2558.0,2530.2001,2530.0,2545.0,11.0,3179.0,7540321.0
2021-07-15,2549.0,2495.6,2535.0,2535.0,4.0,388.0,7540321.0
2021-07-16,2549.9999,2520.5,2545.0,2545.0,7.0,1249.0,7540321.0
2021-07-19,2525.0,2478.8,2490.0,2535.0,12.0,3360.0,7540321.0
2021-07-20,2488.0,2470.0,2515.0,2510.0,10.0,3771.0,7540321.0
2021-07-21,2490.0,2470.0,2500.0,2515.0,10.0,3956.0,7540321.0
2021-07-22,2475.5999,2455.0,2470.0,2500.0,11.0,3155.0,7540321.0
2021-07-23,2463.0,2460.4,2480.0,2480.0,6.0,1469.0,7540321.0
2021-07-26,2440.7,2440.0,2475.0,2470.0,7.0,1955.0,7540321.0
2021-07-27,2440.007,2420.0,2460.0,2475.0,5.0,3552.0,7540321.0
2021-07-28,2496.0,2420.0,2460.0,2460.0,6.0,5687.0,7540321.0
2021-07-29,2495.2,2428.8,2480.0,2470.0,11.0,5393.0,7540321.0
2021-07-30,2490.8,2440.0,2480.0,2480.0,8.0,3687.0,7540321.0
2021-08-02,2490.6,2450.0,2490.0,2495.0,14.0,6048.0,7540321.0
2021-08-03,2486.5,2460.0,2495.0,2495.0,12.0,4083.0,7540321.0
2021-08-04,2500.0,2450.0,2460.0,2500.0,12.0,10485.0,7540321.0
2021-08-05,2480.0,2450.0,2475.0,2460.0,21.0,10124.0,7540321.0
2021-08-06,2498.0,2457.5,2475.0,2475.0,4.0,1706.0,7540321.0
2021-08-09,2540.0,2464.7,2535.0,2490.0,15.0,6148.0,7540321.0
2021-08-10,2569.9,2539.999,2565.0,2535.0,19.0,5627.0,7540321.0
2021-08-11,2610.0,2570.0,2605.0,2565.0,16.0,6643.0,7540321.0
2021-08-12,2630.0,2609.0201,2625.0,2605.0,14.0,11971.0,7534321.0
2021-08-13,2650.0,2625.0,2640.0,2625.0,11.0,18875.0,7524321.0
2021-08-16,2642.8,2630.0,2640.0,2640.0,6.0,4191.0,7521821.0
2021-08-17,2638.0,2620.0,2635.0,2640.0,8.0,12257.0,7515141.0
2021-08-18,2640.0,2573.9157,2610.0,2625.0,8.0,3567.0,7515141.0
2021-08-19,2591.5799,2530.0,2570.0,2595.0,11.0,7791.0,7515141.0
2021-08-20,2580.0,2520.0,2520.0,2570.0,23.0,17295.0,7515141.0
2021-08-23,2600.0,2530.0,2585.0,2550.0,18.0,9491.0,7515141.0
2021-08-24,2620.0,2555.6,2595.0,2585.0,9.0,5785.0,7515141.0
2021-08-25,2612.0,2563.6,2605.0,2595.0,12.0,5491.0,7515141.0
2021-08-26,2640.0,2565.4,2610.0,2605.0,15.0,12873.0,7515141.0
2021-08-27,2660.0,2578.4,2660.0,2615.0,12.0,6519.0,7515141.0
2021-08-31,2680.0,2640.0,2670.0,2650.0,14.0,7930.0,7515141.0
2021-09-01,2700.0,2671.2,2695.0,2675.0,22.0,22677.0,7512641.0
2021-09-02,2699.5,2691.6,2695.0,2710.0,12.0,7502.0,7510141.0
2021-09-03,2715.75,2695.0,2700.0,2730.0,9.0,10605.0,7507641.0
2021-09-06,2770.0,2695.0,2745.0,2730.0,8.0,11089.0,7507641.0
2021-09-07,2762.0,2720.0,2750.0,2745.0,9.0,9181.0,7507641.0
2021-09-08,2760.0,2731.0,2750.0,2750.0,9.0,10149.0,7502641.0
2021-09-09,2750.0,2710.0001,2750.0,2750.0,10.0,8338.0,7499511.0
2021-09-10,2746.8,2730.0,2750.0,2750.0,9.0,9824.0,7494511.0
2021-09-13,2742.8,2711.0,2745.0,2750.0,10.0,9026.0,7491069.0
2021-09-14,2730.0,2712.0,2745.0,2745.0,10.0,6090.0,7491069.0
2021-09-15,2720.8,2710.0,2740.0,2745.0,11.0,6742.0,7485617.0
2021-09-16,2760.0,2691.0,2740.0,2740.0,12.0,7580.0,7483713.0
2021-09-17,2699.9,2690.0,2695.0,2700.0,8.0,1404.0,7483713.0
2021-09-20,2740.0,2653.25,2670.0,2695.0,14.0,10574.0,7478790.0
2021-09-21,2690.0,2621.3,2670.0,2680.0,7.0,3119.0,7478790.0
2021-09-22,2690.0,2630.0,2640.0,2655.0,10.0,4906.0,7478790.0
2021-09-23,2640.0,2630.0,2635.0,2635.0,8.0,5805.0,7478790.0
2021-09-24,2640.0,2630.0,2635.0,2635.0,4.0,3829.0,7478790.0
2021-09-27,2690.0,2610.0,2630.0,2635.0,7.0,1222.0,7478790.0
2021-09-28,2650.1,2600.0001,2655.0,2630.0,11.0,23988.0,7474790.0
2021-09-29,2658.9,2650.0,2655.0,2655.0,9.0,2828.0,7474790.0
2021-09-30,2660.0,2640.0,2655.0,2655.0,12.0,8691.0,7474790.0
2021-10-01,2660.0,2650.0,2655.0,2655.0,7.0,22625.0,7458237.0
2021-10-04,2660.0,2640.0,2655.0,2655.0,7.0,11682.0,7450611.0
2021-10-05,2650.1,2625.0,2645.0,2655.0,10.0,12170.0,7444591.0
2021-10-06,2650.0,2590.0,2620.0,2645.0,10.0,12966.0,7438841.0
2021-10-07,2600.0,2570.1,2585.0,2600.0,10.0,11366.0,7438841.0
2021-10-08,2600.0,2565.0,2575.0,2585.0,9.0,9815.0,7438841.0
2021-10-11,2575.0,2560.0,2565.0,2570.0,11.0,6039.0,7436851.0
2021-10-12,2555.8,2510.0,2545.0,2560.0,12.0,7200.0,7436851.0
2021-10-13,2529.7,2480.0,2510.0,2520.0,18.0,13293.0,7436851.0
2021-10-14,2520.0,2500.0,2510.0,2510.0,16.0,5924.0,7436851.0
2021-10-15,2560.0,2500.2,2565.0,2510.0,15.0,10925.0,7436851.0
2021-10-18,2587.0,2530.5,2550.0,2560.0,9.0,4097.0,7436851.0
2021-10-19,2567.5,2530.8,2560.0,2550.0,8.0,1915.0,7436851.0
2021-10-20,2576.5,2543.0,2565.0,2560.0,6.0,1012.0,7436851.0
2021-10-21,2574.5,2544.0,2565.0,2565.0,10.0,4413.0,7436851.0
2021-10-22,2573.5,2543.6,2555.0,2570.0,9.0,10356.0,7436851.0
2021-10-25,2580.8,2544.5,2575.0,2555.0,11.0,10185.0,7436851.0
2021-10-26,2582.5,2550.0,2575.0,2575.0,11.0,2489.0,7436851.0
2021-10-27,2562.5,2540.0,2570.0,2575.0,5.0,3195.0,7436851.0
2021-10-28,2552.0,2540.0,2570.0,2570.0,7.0,3783.0,7436851.0
2021-10-29,2550.8,2540.0,2570.0,2570.0,12.0,24074.0,7436851.0
2021-11-01,2597.5,2580.0,2580.0,2570.0,13.0,5278.0,7436851.0
2021-11-02,2595.9,2590.0,2595.0,2595.0,10.0,7771.0,7432851.0
2021-11-03,2594.9,2591.5,2595.0,2595.0,7.0,5674.0,7429851.0
2021-11-04,2620.0,2592.0,2620.0,2595.0,13.0,10506.0,7424851.0
2021-11-05,2620.0,2600.0,2615.0,2620.0,10.0,5857.0,7424851.0
2021-11-08,2601.0,2590.0,2615.0,2600.0,9.0,7712.0,7421360.0
2021-11-09,2609.0,2582.3,2600.0,2615.0,10.0,15849.0,7414160.0
2021-11-10,2594.0,2590.0,2595.0,2600.0,8.0,2599.0,7414160.0
2021-11-11,2595.0,2586.0,2585.0,2595.0,11.0,7596.0,7411060.0
2021-11-12,2588.0,2580.0,2580.0,2585.0,13.0,9584.0,7411060.0
2021-11-15,2629.8,2551.2,2620.0,2570.0,25.0,9284.0,7411060.0
2021-11-16,2649.7,2621.1,2645.0,2620.0,15.0,6167.0,7411060.0
2021-11-17,2679.7,2644.0,2665.0,2645.0,16.0,6756.0,7411060.0
2021-11-18,2679.6,2662.0001,2675.0,2665.0,10.0,4928.0,7411060.0
2021-11-19,2699.8,2690.0,2690.0,2675.0,8.0,4038.0,7409816.0
2021-11-22,2690.0,2656.5995,2675.0,2680.0,8.0,3535.0,7409816.0
2021-11-23,2680.0,2643.3,2650.0,2675.0,5.0,3944.0,7409816.0
2021-11-24,2679.7999,2660.0,2665.0,2660.0,10.0,11692.0,7405024.0
2021-11-25,2657.4,2630.0,2660.0,2650.0,10.0,2999.0,7405024.0
2021-11-26,2607.0,2560.0,2610.0,2645.0,15.0,10640.0,7399623.0
2021-11-29,2580.7,2550.0,2570.0,2620.0,5.0,3322.0,7399623.0
2021-11-30,2580.0,2551.0,2575.0,2545.0,8.0,5880.0,7399623.0
2021-12-01,2615.6,2600.0,2615.0,2600.0,8.0,6998.0,7396426.0
2021-12-02,2613.5,2610.0,2615.0,2610.0,10.0,2546.0,7396426.0
2021-12-03,2615.2,2611.0,2615.0,2615.0,4.0,6003.0,7392614.0
2021-12-06,2625.0,2613.3,2640.0,2615.0,6.0,3126.0,7392614.0
2021-12-07,2646.7,2637.0,2645.0,2645.0,9.0,16514.0,7383883.0
2021-12-08,2651.49999,2637.6,2650.0,2640.0,4.0,5364.0,7383883.0
2021-12-09,2665.4,2620.0,2660.0,2655.0,7.0,5079.0,7382588.0
2021-12-10,2648.8,2596.0,2645.0,2625.0,8.0,3326.0,7382588.0
2021-12-13,2656.0,2630.0,2650.0,2645.0,6.0,10374.0,7375996.0
2021-12-14,2630.0,2621.2,2650.0,2650.0,2.0,1187.0,7375996.0
2021-12-15,2650.0,2610.6,2645.0,2650.0,12.0,6812.0,7373705.0
2021-12-16,2643.5,2636.4,2655.0,2645.0,14.0,11966.0,7369993.0
2021-12-17,2670.0,2600.0,2635.0,2645.0,10.0,5582.0,7369993.0
2021-12-20,2650.0,2570.0,2610.0,2615.0,9.0,4981.0,7367952.0
2021-12-21,2650.0,2580.0,2620.0,2610.0,11.0,5374.0,7367952.0
2021-12-22,2650.0,2606.0,2625.0,2620.0,8.0,4491.0,7367952.0
2021-12-23,2670.0,2633.0001,2670.0,2625.0,14.0,4805.0,7367952.0
2021-12-24,2702.4001,2673.0,2715.0,2670.0,3.0,475.0,7367952.0
2021-12-29,2725.8,2716.2001,2725.0,2715.0,4.0,325.0,7367952.0
2021-12-30,2727.9,2723.1001,2735.0,2725.0,8.0,1804.0,7367952.0
2021-12-31,2740.0,2730.0,2745.0,2735.0,8.0,3663.0,7367952.0
2022-01-04,2753.0,2740.0,2755.0,2745.0,12.0,4973.0,7367952.0
2022-01-05,2796.2999,2770.0,2790.0,2765.0,13.0,10950.0,7367952.0
2022-01-06,2795.4,2771.0,2790.0,2790.0,14.0,8944.0,7367952.0
2022-01-07,2790.0,2756.0,2780.0,2780.0,14.0,6919.0,7356986.0
2022-01-10,2780.0,2760.0,2760.0,2780.0,16.0,6751.0,7354791.0
2022-01-11,2775.5,2740.0,2780.0,2770.0,11.0,1500.0,7354791.0
2022-01-12,2790.0,2706.0,2745.0,2785.0,22.0,17370.0,7347881.0
2022-01-13,2745.0,2691.0,2730.0,2745.0,10.0,2065.0,7347881.0
2022-01-14,2721.0,2670.0,2700.0,2730.0,10.0,5282.0,7346204.0
2022-01-17,2700.0,2670.0,2700.0,2700.0,8.0,1786.0,7346204.0
2022-01-18,2680.0,2660.0,2690.0,2690.0,9.0,6067.0,7343599.0
2022-01-19,2670.5,2620.0,2650.0,2670.0,11.0,6264.0,7341069.0
2022-01-20,2647.0,2580.0001,2610.0,2650.0,5.0,1599.0,7341069.0
2022-01-21,2576.8,2560.0,2590.0,2590.0,7.0,2535.0,7341069.0
2022-01-24,2560.0,2500.0,2530.0,2595.0,12.0,11170.0,7335328.0
2022-01-25,2525.0,2470.0,2505.0,2535.0,7.0,1319.0,7335328.0
2022-01-26,2500.0,2461.6,2500.0,2505.0,12.0,3037.0,7335328.0
2022-01-27,2489.4,2460.0,2480.0,2480.0,7.0,2232.0,7335328.0
2022-01-28,2515.0,2470.0,2515.0,2505.0,10.0,2543.0,7335328.0
2022-01-31,2522.0,2500.0,2525.0,2520.0,9.0,9933.0,7331115.0
2022-02-01,2540.0,2520.0,2535.0,2525.0,15.0,8873.0,7331115.0
2022-02-02,2570.1,2530.0,2555.0,2535.0,15.0,7343.0,7331115.0
2022-02-03,2556.5,2540.0,2545.0,2555.0,10.0,7120.0,7328115.0
2022-02-04,2550.0,2540.0,2550.0,2545.0,6.0,12850.0,7320615.0
2022-02-07,2548.0,2526.4,2545.0,2545.0,8.0,9683.0,7315760.0
2022-02-08,2542.8,2500.0,2520.0,2540.0,12.0,9722.0,7311807.0
2022-02-09,2526.4,2500.0,2530.0,2520.0,8.0,5481.0,7311807.0
2022-02-10,2530.0,2500.0,2540.0,2530.0,12.0,3434.0,7311807.0
2022-02-11,2530.0,2520.0,2540.0,2540.0,4.0,5540.0,7307374.0
2022-02-14,2524.0,2480.0,2520.0,2520.0,9.0,6539.0,7304369.0
2022-02-15,2540.0,2461.6,2510.0,2520.0,13.0,9703.0,7304369.0
2022-02-16,2516.0,2500.0,2520.0,2520.0,6.0,494.0,7304369.0
2022-02-17,2514.8,2500.0,2520.0,2520.0,10.0,5396.0,7301765.0
2022-02-18,2514.0,2481.0,2490.0,2520.0,8.0,9463.0,7297523.0
2022-02-21,2460.0,2452.8,2490.0,2510.0,6.0,4054.0,7295646.0
2022-02-22,2420.0,2420.0,2450.0,2455.0,2.0,626.0,7295646.0
2022-02-23,2438.0,2438.0,2450.0,2450.0,1.0,901.0,7295646.0
2022-02-24,2420.0,2320.0,2355.0,2425.0,16.0,10046.0,7291744.0
2022-02-25,2359.2,2322.4,2360.0,2360.0,7.0,847.0,7291744.0
2022-02-28,2347.6,2300.0,2350.0,2360.0,13.0,4425.0,7291744.0
2022-03-01,2349.0,2330.0,2355.0,2350.0,6.0,6136.0,7287013.0
2022-03-02,2377.9,2372.0,2375.0,2360.0,6.0,3780.0,7285443.0
2022-03-03,2377.0,2370.0,2380.0,2380.0,5.0,1058.0,7285443.0
2022-03-04,2381.4,2360.0,2370.0,2370.0,20.0,14547.0,7278302.0
2022-03-07,2300.0,2220.0,2240.0,2330.0,17.0,6140.0,7275997.0
2022-03-08,2260.0,2146.0,2180.0,2205.0,8.0,7599.0,7275997.0
2022-03-09,2230.0,2180.0,2230.0,2220.0,11.0,12206.0,7275997.0
2022-03-10,2255.2,2220.0,2240.0,2240.0,11.0,9826.0,7275997.0
2022-03-11,2300.0,2255.0,2280.0,2240.0,9.0,3005.0,7274968.0
2022-03-14,2298.2,2270.0,2285.0,2280.0,4.0,608.0,7274968.0
2022-03-15,2280.0,2240.0,2260.0,2245.0,13.0,3561.0,7274968.0
2022-03-16,2317.0,2260.0,2315.0,2265.0,15.0,3780.0,7274968.0
2022-03-17,2374.4,2320.0,2360.0,2320.0,13.0,9323.0,7270378.0
2022-03-18,2393.4,2342.4,2380.0,2360.0,6.0,1913.0,7270378.0
2022-03-21,2395.8,2360.0,2395.0,2380.0,9.0,4786.0,7270378.0
2022-03-22,2398.9,2390.6,2395.0,2395.0,8.0,3185.0,7270378.0
2022-03-23,2452.0,2400.0,2430.0,2400.0,9.0,6293.0,7268378.0
2022-03-24,2487.4,2431.0,2470.0,2440.0,11.0,7220.0,7266878.0
2022-03-25,2494.0,2480.0,2490.0,2485.0,8.0,6850.0,7263710.0
2022-03-28,2540.0,2490.2,2530.0,2490.0,14.0,7724.0,7261851.0
2022-03-29,2549.7,2520.0,2535.0,2530.0,16.0,4935.0,7261851.0
2022-03-30,2545.0,2511.2,2540.0,2535.0,10.0,2520.0,7261851.0
2022-03-31,2560.0,2550.0,2570.0,2545.0,12.0,4267.0,7260098.0
2022-04-01,2598.0,2570.0,2585.0,2570.0,11.0,6210.0,7258069.0
2022-04-04,2590.0,2560.0,2565.0,2585.0,20.0,16411.0,7251521.0
2022-04-05,2548.4,2540.0,2545.0,2535.0,16.0,16420.0,7245713.0
2022-04-06,2546.8,2520.0,2535.0,2540.0,11.0,6470.0,7243174.0
2022-04-07,2521.2,2495.0,2525.0,2520.0,7.0,4090.0,7243174.0
2022-04-08,2545.0,2505.0,2525.0,2525.0,5.0,1048.0,7243174.0
2022-04-11,2541.0,2494.0,2525.0,2525.0,13.0,4395.0,7243174.0
2022-04-12,2512.0,2500.0,2525.0,2525.0,12.0,2229.0,7243174.0
2022-04-13,2516.0,2511.0,2530.0,2530.0,7.0,10341.0,7237036.0
2022-04-14,2518.4,2500.0001,2530.0,2530.0,4.0,1803.0,7237036.0
2022-04-19,2512.0,2500.0,2525.0,2530.0,5.0,1178.0,7237036.0
2022-04-20,2524.5,2520.3,2535.0,2535.0,3.0,738.0,7237036.0
2022-04-21,2526.0,2520.0,2535.0,2535.0,9.0,6823.0,7234641.0
2022-04-22,2518.0,2458.1,2495.0,2525.0,16.0,21325.0,7232121.0
2022-04-25,2471.2,2400.0,2440.0,2450.0,6.0,1776.0,7232121.0
2022-04-26,2459.9999,2400.0,2425.0,2430.0,8.0,16449.0,7227121.0
2022-04-27,2417.5,2395.0,2420.0,2425.0,5.0,8135.0,7222190.0
2022-04-28,2410.0,2392.4,2405.0,2420.0,9.0,1304.0,7222190.0
2022-04-29,2401.0,2340.0,2400.0,2380.0,11.0,5451.0,7219968.0
2022-05-03,2371.5,2340.0,2370.0,2390.0,12.0,13987.0,7219968.0
2022-05-04,2365.0,2340.0,2380.0,2370.0,7.0,6005.0,7216998.0
2022-05-05,2396.94,2353.6,2390.0,2380.0,5.0,1497.0,7216998.0
2022-05-06,2361.6,2323.0,2380.0,2360.0,9.0,4392.0,7214683.0
2022-05-09,2350.0,2260.0,2280.0,2330.0,22.0,8227.0,7214683.0
2022-05-10,2278.8,2260.0,2280.0,2280.0,6.0,8931.0,7209861.0
2022-05-11,2270.0,2260.0,2280.0,2280.0,9.0,12920.0,7203559.0
2022-05-12,2228.2,2200.0,2210.0,2240.0,6.0,1599.0,7203559.0
2022-05-13,2300.0,2200.0,2250.0,2230.0,12.0,6171.0,7203559.0
2022-05-16,2275.5,2234.8,2265.0,2245.0,6.0,760.0,7203559.0
2022-05-17,2280.0,2255.5,2260.0,2265.0,8.0,7813.0,7201059.0
2022-05-18,2280.0,2220.0,2280.0,2240.0,7.0,5090.0,7201059.0
2022-05-19,2290.0,2200.0,2240.0,2240.0,12.0,2246.0,7201059.0
2022-05-20,2250.0,2220.0,2250.0,2240.0,13.0,6233.0,7198460.0
2022-05-23,2286.4,2223.0,2265.0,2250.0,8.0,1835.0,7198460.0
2022-05-24,2276.9,2233.5,2270.0,2265.0,8.0,1596.0,7198460.0
2022-05-25,2270.0,2245.0,2270.0,2270.0,6.0,11825.0,7192029.0
2022-05-26,2280.0,2224.3,2245.0,2270.0,6.0,3694.0,7192029.0
2022-05-27,2289.9999,2255.0,2270.0,2245.0,7.0,1604.0,7192029.0
2022-05-30,2290.0,2262.8,2270.0,2270.0,4.0,491.0,7192029.0
2022-05-31,2335.0,2264.0,2335.0,2270.0,12.0,22830.0,7185774.0
2022-06-01,2350.0,2330.0,2335.0,2340.0,15.0,28895.0,7176334.0
2022-06-06,2335.5999,2250.0,2285.0,2325.0,7.0,1932.0,7176334.0
2022-06-07,2302.2,2257.5,2270.0,2300.0,8.0,2244.0,7176334.0
2022-06-08,2289.0,2259.2,2270.0,2270.0,11.0,4278.0,7176334.0
2022-06-09,2300.0,2254.0,2285.0,2270.0,22.0,10056.0,7175034.0
2022-06-10,2295.9499,2270.0,2285.0,2290.0,18.0,14397.0,7166880.0
2022-06-13,2280.0,2230.0,2245.0,2255.0,9.0,3866.0,7166880.0
2022-06-14,2287.4,2230.0,2230.0,2255.0,13.0,2559.0,7166880.0
2022-06-15,2282.0,2244.2,2270.0,2270.0,12.0,10539.0,7161774.0
2022-06-16,2263.0,2220.0,2240.0,2255.0,14.0,18447.0,7152889.0
2022-06-17,2223.4,2177.8,2180.0,2220.0,12.0,3146.0,7151726.0
2022-06-20,2193.0,2130.8,2150.0,2160.0,7.0,3745.0,7150077.0
2022-06-21,2134.0,2110.0,2130.0,2140.0,8.0,1846.0,7150077.0
2022-06-22,2170.4,2120.0,2150.0,2140.0,8.0,2964.0,7150077.0
2022-06-23,2174.4129,2121.0,2150.0,2150.0,9.0,3079.0,7150077.0
2022-06-24,2194.0,2120.0,2165.0,2150.0,7.0,3438.0,7150077.0
2022-06-27,2183.6,2139.1,2170.0,2165.0,3.0,326.0,7150077.0
2022-06-28,2189.6,2143.109,2180.0,2170.0,6.0,1488.0,7150077.0
2022-06-29,2220.0,2142.4,2205.0,2180.0,7.0,1376.0,7150077.0
2022-06-30,2202.82,2200.2,2210.0,2205.0,5.0,9923.0,7144458.0
2022-07-01,2181.6,2120.0,2180.0,2170.0,4.0,941.0,7144458.0
2022-07-04,2156.0,2144.0,2180.0,2180.0,5.0,7181.0,7140736.0
2022-07-05,2202.4,2130.0,2175.0,2180.0,7.0,3190.0,7139248.0
2022-07-06,2190.0,2130.0,2165.0,2175.0,5.0,1954.0,7139248.0
2022-07-07,2140.0,2132.1,2165.0,2165.0,3.0,6014.0,7139248.0
2022-07-08,2151.0,2130.0,2175.0,2165.0,4.0,1297.0,7139248.0
2022-07-11,2175.0,2140.0,2175.0,2175.0,7.0,894.0,7139248.0
2022-07-12,2140.0,2140.0,2175.0,2175.0,4.0,4883.0,7136748.0
2022-07-13,2150.0,2150.0,2180.0,2175.0,5.0,5402.0,7134248.0
2022-07-14,2150.0,2145.0,2180.0,2180.0,6.0,5390.0,7131748.0
2022-07-15,2187.4999,2160.0,2185.0,2185.0,3.0,1467.0,7131748.0
2022-07-18,2200.0,2200.0,2210.0,2190.0,3.0,4940.0,7129278.0
2022-07-19,2210.0,2200.0,2215.0,2210.0,4.0,4700.0,7129278.0
2022-07-20,2215.0,2210.0,2215.0,2240.0,7.0,7265.0,7122928.0
2022-07-21,2230.0,2220.0,2235.0,2215.0,5.0,4965.0,7120428.0
2022-07-22,2243.2,2230.5,2250.0,2245.0,4.0,600.0,7120428.0
2022-07-25,2255.0,2248.6,2255.0,2250.0,10.0,12673.0,7114573.0
2022-07-26,2254.5,2251.0,2255.0,2255.0,3.0,1409.0,7114573.0
2022-07-27,2275.0,2251.1,2275.0,2255.0,8.0,5068.0,7112473.0
2022-07-28,2314.5,2280.0,2315.0,2275.0,8.0,2123.0,7112473.0
2022-07-29,2314.0,2310.0,2315.0,2315.0,5.0,4273.0,7109047.0
2022-08-01,2258.0,2170.0001,2230.0,2270.0,11.0,9154.0,7109047.0
2022-08-02,2242.0,2220.0,2235.0,2240.0,4.0,3541.0,7109047.0
2022-08-03,2240.36,2230.0,2240.0,2235.0,9.0,5733.0,7107506.0
2022-08-04,2280.4,2250.0,2255.0,2260.0,12.0,12907.0,7102060.0
2022-08-05,2289.2,2261.0,2265.0,2270.0,9.0,9670.0,7098120.0
2022-08-08,2280.0,2261.53,2280.0,2275.0,10.0,5842.0,7096320.0
2022-08-09,2262.0,2241.0,2245.0,2265.0,13.0,5367.0,7095320.0
2022-08-10,2253.5,2220.0,2235.0,2245.0,11.0,13022.0,7091820.0
2022-08-11,2248.0,2202.0,2210.0,2245.0,5.0,3839.0,7090386.0
2022-08-12,2233.1,2200.0,2225.0,2210.0,16.0,15366.0,7090386.0
2022-08-15,2191.3501,2128.0,2150.0,2210.0,24.0,19841.0,7086184.0
2022-08-16,2150.0,2130.0,2145.0,2145.0,9.0,2781.0,7085022.0
2022-08-17,2146.5,2120.0,2145.0,2150.0,7.0,5130.0,7085022.0
2022-08-18,2145.0,2130.0,2145.0,2145.0,4.0,3493.0,7083156.0
2022-08-19,2144.7,2130.0,2145.0,2145.0,5.0,1523.0,7082418.0
2022-08-22,2130.0,2105.0,2115.0,2145.0,4.0,10708.0,7077418.0
2022-08-23,2110.0,2070.0,2100.0,2120.0,9.0,10643.0,7073710.0
2022-08-24,2099.2,2050.0,2070.0,2100.0,5.0,8212.0,7072210.0
2022-08-25,2060.0,2050.0,2060.0,2065.0,5.0,4426.0,7069045.0
2022-08-26,2067.79,2030.0,2025.0,2060.0,10.0,9741.0,7067064.0
2022-08-30,2029.0,1950.0,2005.0,2035.0,14.0,12829.0,7062656.0
2022-08-31,2002.97,2000.0,2015.0,2005.0,4.0,1198.0,7062656.0
2022-09-01,1993.05,1980.0,2005.0,2000.0,6.0,7219.0,7059780.0
2022-09-02,1990.0,1990.0,2005.0,2005.0,5.0,2654.0,7058454.0
2022-09-05,1980.0,1980.0,1995.0,1995.0,5.0,3390.0,7056771.0
2022-09-06,1980.0,1980.0,1995.0,1995.0,3.0,4870.0,7054336.0
2022-09-07,1990.0,1980.0,1995.0,1995.0,4.0,2816.0,7052967.0
2022-09-08,1988.4,1980.0,1995.0,1995.0,5.0,7059.0,7050050.0
2022-09-09,1982.4,1970.0,1995.0,1995.0,6.0,4200.0,7050050.0
2022-09-12,1998.0,1980.0,1990.0,1995.0,11.0,10966.0,7050050.0
2022-09-13,2010.0,1981.2,1995.0,1990.0,12.0,10364.0,7046106.0
2022-09-14,2000.0,1970.0,1995.0,1995.0,5.0,7239.0,7044137.0
2022-09-15,1980.0,1970.0,1982.5,1995.0,4.0,13064.0,7037605.0
2022-09-16,1975.0,1970.0,1982.5,1982.5,2.0,493.0,7037605.0
2022-09-20,1970.0,1970.0,1975.0,1982.5,3.0,1769.0,7036538.0
2022-09-21,1980.0,1970.0,1980.0,1975.0,4.0,4560.0,7034272.0
2022-09-22,1970.0,1970.0,1980.0,1980.0,2.0,2536.0,7033004.0
2022-09-23,1985.0,1940.0,1952.5,1980.0,8.0,3716.0,7032153.0
2022-09-26,1970.0,1950.0,1955.0,1952.5,5.0,759.0,7032153.0
2022-09-27,1965.0,1940.0,1947.5,1965.0,3.0,5893.0,7029101.0
2022-09-28,1958.764,1935.0,1955.0,1945.0,9.0,2122.0,7028342.0
2022-09-29,1940.0,1910.0,1930.0,1950.0,12.0,15816.0,7022308.0
2022-09-30,1935.0,1915.0,1915.0,1942.5,5.0,4480.0,7020071.0
2022-10-03,1920.0,1910.0,1920.0,1930.0,6.0,3849.0,6311595.0
2022-10-04,1922.1999,1910.0,1920.0,1920.0,5.0,9047.0,6309624.0
2022-10-05,1920.0,1910.0,1912.5,1920.0,4.0,3686.0,6308921.0
2022-10-06,1922.1999,1910.0,1917.5,1920.0,5.0,8103.0,6304991.0
2022-10-07,1905.0,1905.0,1910.0,1912.5,3.0,9612.0,6300185.0
2022-10-10,1906.0,1900.0,1905.0,1907.5,7.0,25652.0,6300185.0
2022-10-11,1917.0,1905.0,1917.5,1915.0,12.0,27965.0,6294342.0
2022-10-12,1916.0,1910.0,1920.0,1920.0,15.0,5430.0,6292786.0
2022-10-13,1917.4,1890.0,1905.0,1920.0,13.0,13341.0,6286409.0
2022-10-14,1903.894,1890.0,1905.0,1915.0,24.0,18332.0,6281417.0
2022-10-17,1891.893,1865.0,1880.0,1900.0,11.0,21907.0,6273978.0
2022-10-18,1894.6,1860.3,1895.0,1875.0,8.0,5446.0,6273978.0
2022-10-19,1895.0,1885.0,1897.5,1895.0,6.0,5272.0,6271644.0
2022-10-20,1890.0,1885.0,1880.0,1897.5,6.0,7581.0,6268032.0
2022-10-21,1872.0,1870.0,1885.0,1885.0,4.0,5534.0,6265597.0
2022-10-24,1871.75,1850.0,1865.0,1870.0,12.0,29642.0,6258305.0
2022-10-25,1875.0,1860.0,1862.5,1862.5,13.0,14434.0,6258305.0
2022-10-26,1874.2499,1860.0,1867.5,1862.5,10.0,9555.0,6258305.0
2022-10-27,1888.455,1860.0,1870.0,1867.5,13.0,28020.0,6258305.0
2022-10-28,1885.8,1861.0,1877.5,1875.0,9.0,9114.0,6257201.0
2022-10-31,1885.0,1865.0,1867.5,1877.5,5.0,7970.0,6253534.0
2022-11-01,1902.5,1871.5,1885.0,1882.5,7.0,5456.0,6250864.0
2022-11-02,1870.0,1870.0,1875.0,1887.5,4.0,4730.0,6249226.0
2022-11-03,1876.25,1865.0,1870.0,1877.5,5.0,6720.0,6246125.0
2022-11-04,1892.5,1865.0,1892.5,1882.5,11.0,9087.0,6243029.0
2022-11-07,1884.9,1875.0,1890.0,1892.5,6.0,9236.0,6238636.0
2022-11-08,1877.0,1855.0,1867.5,1890.0,10.0,11953.0,6238636.0
2022-11-09,1863.9999,1850.0,1867.5,1862.5,14.0,48529.0,6230138.0
2022-11-10,1888.5,1855.025,1887.5,1867.5,18.0,12697.0,6230138.0
2022-11-11,1902.5,1888.25,1902.5,1887.5,21.0,15810.0,6230138.0
2022-11-14,1919.99,1895.0,1915.0,1902.5,14.0,5535.0,6230138.0
2022-11-15,1938.0,1910.5001,1930.0,1915.0,20.0,10294.0,6230138.0
2022-11-16,1934.8,1925.0,1932.5,1930.0,7.0,11161.0,6225191.0
2022-11-17,1932.8,1925.0,1932.5,1932.5,5.0,7871.0,6221646.0
2022-11-18,1931.75,1925.0,1930.0,1932.5,9.0,8076.0,6219421.0
2022-11-21,1925.0,1910.025,1925.0,1920.0,8.0,11414.0,6218412.0
2022-11-22,1935.0,1920.0,1935.0,1925.0,9.0,8624.0,6214682.0
2022-11-23,1934.7999,1930.0,1925.0,1935.0,4.0,14834.0,6207355.0
2022-11-24,1933.8,1930.0,1935.0,1932.5,10.0,7024.0,6204797.0
2022-11-25,1934.2,1916.0,1922.5,1935.0,5.0,7352.0,6204797.0
2022-11-28,1925.0,1910.0,1922.5,1927.5,4.0,8868.0,6200684.0
2022-11-29,1911.02,1901.5,1910.0,1912.5,4.0,6778.0,6200684.0
2022-11-30,1919.7,1884.0,1902.5,1922.5,9.0,5355.0,6200684.0
2022-12-01,1916.16,1881.0,1897.5,1920.0,17.0,21677.0,6198184.0
2022-12-02,1904.7999,1895.0,1915.0,1912.5,5.0,3179.0,6198184.0
2022-12-05,1909.7999,1895.0,1897.5,1917.5,8.0,9093.0,6193512.0
2022-12-06,1902.7,1880.0,1900.0,1907.5,8.0,8267.0,6192512.0
2022-12-07,1895.25,1890.0,1907.5,1907.5,7.0,2575.0,6191263.0
2022-12-08,1892.5,1885.0,1895.0,1902.5,8.0,4802.0,6189426.0
2022-12-09,1890.0,1890.0,1902.5,1902.5,3.0,2042.0,6188405.0
2022-12-12,1890.25,1890.0,1902.5,1902.5,11.0,7498.0,6184788.0
2022-12-13,1899.9999,1890.0,1900.0,1902.5,9.0,7066.0,6182094.0
2022-12-14,1890.0,1885.0,1897.5,1897.5,6.0,1920.0,6181312.0
2022-12-15,1885.001,1885.0,1897.5,1900.0,7.0,7960.0,6177498.0
2022-12-16,1885.001,1875.0,1877.5,1897.5,8.0,13587.0,6171380.0
2022-12-19,1875.0,1870.0,1872.5,1877.5,12.0,21655.0,6165989.0
2022-12-20,1886.0,1870.0,1882.5,1877.5,12.0,13458.0,6165989.0
2022-12-21,1890.0,1870.0,1875.0,1882.5,23.0,14261.0,6165989.0
2022-12-22,1890.0,1879.05,1885.0,1882.5,10.0,6690.0,6165989.0
2022-12-23,1895.0,1883.0,1887.5,1885.0,9.0,1401.0,6165989.0
2022-12-28,1892.4999,1885.01,1890.0,1887.5,3.0,1289.0,6165989.0
2022-12-29,1885.01,1885.001,1890.0,1890.0,2.0,216.0,6165989.0
2022-12-30,1885.001,1885.001,1890.0,1890.0,2.0,450.0,6165989.0
2023-01-03,1910.0,1885.001,1902.5,1890.0,4.0,3544.0,6165989.0
2023-01-04,1900.25,1896.0,1905.0,1902.5,3.0,2802.0,6165989.0
2023-01-05,1929.9999,1910.0,1925.0,1907.5,13.0,19080.0,6165989.0
2023-01-06,1940.0,1925.0,1930.0,1927.5,13.0,71535.0,6165989.0
2023-01-09,1931.3,1925.0,1930.0,1932.5,9.0,7777.0,6165989.0
2023-01-10,1928.75,1925.0,1927.5,1930.0,3.0,1283.0,6165989.0
2023-01-11,1927.5,1920.0,1922.5,1932.5,15.0,32964.0,6165989.0
2023-01-12,1924.2,1920.0,1922.5,1922.5,9.0,4068.0,6165989.0
2023-01-13,1940.0,1880.0,1935.0,1922.5,17.0,13203.0,6165989.0
2023-01-16,1940.0,1930.0,1935.0,1935.0,18.0,6161.0,6165989.0
2023-01-17,1959.2499,1935.3001,1955.0,1937.5,13.0,4677.0,6165989.0
2023-01-18,1959.3999,1950.75,1955.0,1955.0,14.0,7106.0,6165989.0
2023-01-19,1959.1,1950.5,1955.0,1955.0,9.0,3297.0,6165989.0
2023-01-20,1958.0,1950.0,1955.0,1955.0,10.0,1164.0,6165989.0
2023-01-23,1959.8999,1952.2,1955.0,1955.0,10.0,5383.0,6165989.0
2023-01-24,1959.0,1959.0,1957.5,1955.0,1.0,20.0,6165989.0
2023-01-25,1960.0,1955.0,1955.0,1957.5,13.0,6745.0,6165989.0
2023-01-26,1959.75,1955.8,1957.5,1957.5,9.0,806.0,6165989.0
2023-01-27,1990.0,1960.0,1977.5,1967.5,10.0,7316.0,6165989.0
2023-01-30,1987.0,1965.0,1982.5,1977.5,5.0,3043.0,6165989.0
2023-01-31,1994.5,1975.0,1995.0,1987.5,6.0,4380.0,6165989.0
2023-02-01,2015.0,1995.0,2015.0,1995.0,14.0,12443.0,6165989.0
2023-02-02,2020.0,2011.2,2025.0,2015.0,11.0,4642.0,6165989.0
2023-02-03,2049.9999,2025.0,2040.0,2025.0,16.0,4839.0,6165989.0
2023-02-06,2070.0,2049.8,2060.0,2040.0,17.0,19321.0,6165989.0
2023-02-07,2067.4,2050.0,2065.0,2060.0,12.0,19707.0,6165989.0
2023-02-08,2066.5,2060.0,2065.0,2065.0,8.0,8485.0,6165989.0
2023-02-09,2066.2,2060.5001,2065.0,2065.0,8.0,2672.0,6165989.0
2023-02-10,2070.0,2060.0,2065.0,2075.0,12.0,23894.0,6165989.0
2023-02-13,2078.0,2060.0,2080.0,2075.0,6.0,4900.0,6165989.0
2023-02-14,2090.0,2071.0,2095.0,2090.0,10.0,5000.0,6165989.0
2023-02-15,2090.5,2080.0,2095.0,2095.0,10.0,15312.0,6165989.0
2023-02-16,2080.0,2030.0,2030.0,2095.0,8.0,1201.0,6165989.0
2023-02-17,2062.0,2040.0,2070.0,2075.0,12.0,16245.0,6165989.0
2023-02-20,2065.0,2030.0,2075.0,2075.0,6.0,2944.0,6165989.0
2023-02-21,2090.0,2050.0,2090.0,2075.0,9.0,11638.0,6165989.0
2023-02-22,2062.4,2050.0,2075.0,2075.0,9.0,7483.0,6165989.0
2023-02-23,2075.0,2050.0,2075.0,2075.0,14.0,5707.0,6165989.0
2023-02-24,2053.0,2050.0,2075.0,2075.0,7.0,12481.0,6165989.0
2023-02-27,2061.65,2050.0,2075.0,2075.0,8.0,8725.0,6165989.0
2023-02-28,2057.92,2050.0,2070.0,2070.0,10.0,11325.0,6165989.0
2023-03-01,2057.75,2050.0,2075.0,2075.0,6.0,5086.0,6165989.0
2023-03-02,2030.0,2030.0,2050.0,2065.0,5.0,5003.0,6165989.0
2023-03-03,2030.0,2030.0,2050.0,2050.0,4.0,4734.0,6165989.0
2023-03-06,2033.6,2020.0,2045.0,2050.0,11.0,14881.0,6165989.0
2023-03-07,2030.0,2020.0,2035.0,2045.0,3.0,3126.0,6165989.0
2023-03-08,2022.4,2020.0,2030.0,2030.0,7.0,5332.0,6165989.0
2023-03-09,2022.2,2001.0,2005.0,2030.0,7.0,6753.0,6165989.0
2023-03-10,2000.0,1970.0,1975.0,1995.0,13.0,5382.0,6165989.0
2023-03-13,1971.1,1960.0,1970.0,1975.0,9.0,5499.0,6165989.0
2023-03-14,1974.7999,1960.0,1970.0,1970.0,4.0,1262.0,6165989.0
2023-03-15,1971.0999,1960.0,1967.5,1970.0,5.0,2389.0,6165989.0
2023-03-16,1972.3999,1960.0,1970.0,1967.5,4.0,1196.0,6165989.0
2023-03-17,1992.1999,1970.0,1985.0,1970.0,5.0,5741.0,6165989.0
2023-03-20,1992.1999,1960.0,1960.0,1985.0,12.0,10176.0,6165989.0
2023-03-21,1984.97,1970.0,1985.0,1985.0,5.0,5400.0,6165989.0
2023-03-22,1933.5001,1933.5001,1965.0,1965.0,2.0,485.0,6165989.0
2023-03-23,1936.64,1910.0,1945.0,1965.0,9.0,11803.0,6165989.0
2023-03-24,1945.0,1910.0,1935.0,1935.0,8.0,4692.0,6165989.0
2023-03-27,1946.5,1910.0,1940.0,1935.0,10.0,9074.0,6165989.0
2023-03-28,1945.0,1920.0,1945.0,1945.0,5.0,5223.0,6165989.0
2023-03-29,1934.5,1915.0,1915.0,1945.0,9.0,4164.0,6165989.0
2023-03-30,1937.5,1900.0,1905.0,1930.0,15.0,12192.0,6165989.0
2023-03-31,1916.0,1900.0,1905.0,1905.0,15.0,12297.0,6165989.0
2023-04-03,1920.0,1900.0,1905.0,1905.0,6.0,6795.0,6165989.0
2023-04-04,1915.0,1900.0,1915.0,1915.0,13.0,11203.0,6165989.0
2023-04-05,1908.7,1900.0,1915.0,1915.0,8.0,20669.0,6165989.0
2023-04-06,1907.0,1900.0,1915.0,1915.0,8.0,3944.0,6165989.0
2023-04-11,1940.0,1902.4,1925.0,1915.0,9.0,1213.0,6165989.0
2023-04-12,1959.95,1913.2,1940.0,1920.0,17.0,2654.0,6165989.0
2023-04-13,1965.0,1927.2,1950.0,1940.0,10.0,11404.0,6165989.0
2023-04-14,1979.5,1940.005,1965.0,1955.0,14.0,15545.0,6165989.0
2023-04-17,1974.5,1940.0,1975.0,1965.0,10.0,10300.0,6165989.0
2023-04-18,1974.0,1960.0,1980.0,1975.0,9.0,10561.0,6165989.0
2023-04-19,1986.8,1980.0,1985.0,1980.0,8.0,6268.0,6165989.0
2023-04-20,1986.3,1950.0,1985.0,1985.0,5.0,7473.0,6165989.0
2023-04-21,1986.1999,1980.0,1985.0,1985.0,6.0,2339.0,6165989.0
2023-04-24,1985.8,1967.5,1985.0,1985.0,15.0,11451.0,6165989.0
2023-04-25,1985.69,1967.5,1985.0,1985.0,7.0,6781.0,6165989.0
2023-04-26,1980.0,1965.0,1965.0,1985.0,6.0,2227.0,6165989.0
2023-04-27,1970.0,1960.0,1965.0,1965.0,7.0,3158.0,6165989.0
2023-04-28,1977.43,1960.0,1965.0,1965.0,8.0,4416.0,6165989.0
2023-05-02,1978.9,1960.0,1975.0,1975.0,13.0,10062.0,6165989.0
2023-05-03,1960.0,1960.0,1975.0,1975.0,6.0,11276.0,6165989.0
2023-05-04,1978.9,1960.0,1975.0,1975.0,5.0,4796.0,6165989.0
2023-05-05,1969.99,1960.0,1975.0,1975.0,6.0,6044.0,6165989.0
2023-05-09,1978.9,1960.0,1975.0,1975.0,6.0,5569.0,6165989.0
2023-05-10,1978.72,1960.0,1975.0,1975.0,8.0,5976.0,6165989.0
2023-05-11,1964.4999,1910.0,1975.0,1975.0,10.0,6740.0,6165989.0
2023-05-12,1964.4999,1947.5,1965.0,1975.0,9.0,8388.0,6165989.0
2023-05-15,1988.4999,1960.0,1975.0,1975.0,9.0,6242.0,6165989.0
2023-05-16,1975.12,1960.0,1975.0,1975.0,5.0,7390.0,6165989.0
2023-05-17,1966.4,1960.0,1970.0,1970.0,7.0,6637.0,6165989.0
2023-05-18,1960.0,1960.0,1970.0,1970.0,6.0,6718.0,6165989.0
2023-05-19,1969.42,1960.0,1975.0,1975.0,12.0,9204.0,6165989.0
2023-05-22,1960.0,1960.0,1975.0,1975.0,9.0,9588.0,6165989.0
2023-05-23,1965.878,1960.0,1965.0,1970.0,5.0,1047.0,6165989.0
2023-05-24,1960.0,1930.0001,1945.0,1965.0,10.0,6888.0,6165989.0
2023-05-25,1950.0,1929.9749,1935.0,1945.0,15.0,8848.0,6165989.0
2023-05-26,1952.0,1930.0,1935.0,1950.0,5.0,4343.0,6165989.0
2023-05-30,1930.0,1902.0,1935.0,1935.0,11.0,5794.0,6165989.0
2023-05-31,1932.053,1930.0,1935.0,1935.0,12.0,3284.0,6165989.0
2023-06-01,1931.435,1930.0,1935.0,1935.0,8.0,13633.0,6165989.0
2023-06-02,1931.7999,1930.0,1935.0,1935.0,11.0,7242.0,6165989.0
2023-06-05,1935.3999,1930.0,1945.0,1945.0,4.0,1754.0,6165989.0
2023-06-06,1935.37,1930.0,1945.0,1945.0,8.0,2766.0,6165989.0
2023-06-07,2040.0,1930.0,2040.0,1945.0,25.0,35708.0,6165989.0
2023-06-08,2044.799,1978.6,1980.0,1975.0,11.0,5238.0,6165989.0
2023-06-09,2080.0,2052.0,2060.0,2050.0,9.0,17941.0,6165989.0
2023-06-12,2180.0,2052.1,2180.0,2052.1,22.0,4569.0,6165989.0
2023-06-13,2220.0,2125.0,2200.0,2136.8,22.0,22945.0,6165989.0
2023-06-14,2160.0,2101.2,2140.0,2160.0,9.0,16872.0,6165989.0
2023-06-15,2220.0,2102.2,2140.0,2120.0,9.0,13285.0,6165989.0
2023-06-16,2200.0,2110.0,2200.0,2110.0,7.0,71376.0,6165989.0
2023-06-19,2111.1,2060.0,2100.0,2111.1,11.0,3659.0,6165989.0
2023-06-20,2100.0,2072.0,2100.0,2072.0,11.0,6393.0,6165989.0
2023-06-21,2140.0,2081.6,2100.0,2081.6,8.0,3748.0,6165989.0
2023-06-22,2140.0,2085.884,2140.0,2140.0,13.0,13002.0,6165989.0
2023-06-23,2140.0,2084.932,2140.0,2092.0,20.0,7490.0,6165989.0
2023-06-26,2140.0,2061.2,2140.0,2085.02,22.0,14800.0,6165989.0
2023-06-27,2096.08,2060.0,2060.0,2096.08,16.0,13465.0,6165989.0
2023-06-28,2092.0,2060.0,2060.0,2066.0,8.0,6020.0,6165989.0
2023-06-29,2087.0,2040.0,2040.0,2066.6,4.0,667.0,6165989.0
2023-06-30,2085.8,2020.0,2020.0,2075.2,15.0,2539.0,6165989.0
2023-07-03,2067.3999,2000.0,2020.0,2040.0,14.0,2410.0,6165989.0
2023-07-04,2060.0,2000.0,2020.0,2022.4,13.0,11515.0,6165989.0
2023-07-05,2000.0,1960.0,1980.0,1986.6,14.0,58346.0,6165989.0
2023-07-06,1964.4,1900.0,1900.0,1964.4,15.0,7000.0,6165989.0
2023-07-07,1927.0,1900.0,1900.0,1927.0,8.0,4414.0,6165989.0
