Date,HIGH,LOW,CLOSE,OPEN,COUNT,VOLUME,SHROUT
2000-12-14,95.0,90.5,92.5,95.0,0.0,60232.0,89358733.0
2000-12-15,95.0,91.0,92.5,94.5,0.0,76844.0,89358733.0
2000-12-18,94.0,90.0,91.5,94.0,0.0,76079.0,89358733.0
2000-12-19,93.5,93.5,91.5,93.5,0.0,6800.0,89358733.0
2000-12-20,94.0,93.5,91.5,93.5,0.0,4677.0,89358733.0
2000-12-21,94.0,93.5,91.5,94.0,0.0,6500.0,89358733.0
2000-12-22,93.5,91.5,91.5,93.5,0.0,2680.0,89358733.0
2000-12-25,91.5,91.5,91.5,91.5,0.0,0.0,89358733.0
2000-12-26,91.5,91.5,91.5,91.5,0.0,0.0,89358733.0
2000-12-27,93.5,93.5,91.5,93.5,0.0,5100.0,89358733.0
2000-12-28,92.0,92.0,90.5,92.0,0.0,3225.0,89358733.0
2000-12-29,90.5,90.5,90.5,90.5,0.0,0.0,89358733.0
2001-01-01,90.5,90.5,90.5,90.5,0.0,0.0,89358733.0
2001-01-02,93.0,93.0,90.5,93.0,0.0,1000.0,89358733.0
2001-01-03,90.0,90.0,90.0,90.0,0.0,1.0,89358733.0
2001-01-04,89.0,88.0,89.5,89.0,0.0,35000.0,89358733.0
2001-01-05,87.0,87.0,89.5,87.0,0.0,10000.0,89358733.0
2001-01-08,88.0,87.5,85.5,88.0,0.0,11000.0,89358733.0
2001-01-09,86.0,83.0,82.5,83.5,0.0,25700.0,89358733.0
2001-01-10,80.0,75.0,77.5,80.0,0.0,61000.0,89358733.0
2001-01-11,79.5,75.0,77.5,75.0,0.0,54382.0,89358733.0
2001-01-12,79.5,79.5,77.5,79.5,0.0,1250.0,89358733.0
2001-01-15,79.5,79.5,77.5,79.5,0.0,4000.0,89358733.0
2001-01-16,79.4,79.4,77.5,79.4,0.0,907.0,89358733.0
2001-01-17,79.5,75.0,77.5,79.5,0.0,38758.0,89358733.0
2001-01-18,79.5,79.5,77.5,79.5,0.0,606.0,89358733.0
2001-01-19,77.5,77.5,77.5,77.5,0.0,0.0,89358733.0
2001-01-22,77.5,77.5,77.5,77.5,0.0,0.0,89358733.0
2001-01-23,79.5,73.0,76.5,79.5,0.0,20267.0,89358733.0
2001-01-24,78.0,75.0,76.5,75.0,0.0,750.0,89358733.0
2001-01-25,75.0,75.0,76.5,75.0,0.0,55556.0,89358733.0
2001-01-26,76.5,76.5,76.5,76.5,0.0,0.0,89358733.0
2001-01-29,78.0,75.0,76.5,75.0,0.0,37000.0,89358733.0
2001-01-30,79.4,77.0,77.5,77.0,0.0,26000.0,89358733.0
2001-01-31,79.5,77.0,77.5,77.0,0.0,3713.0,89358733.0
2001-02-01,77.5,77.5,77.5,77.5,0.0,0.0,89358733.0
2001-02-02,77.5,77.5,77.5,77.5,0.0,0.0,89358733.0
2001-02-05,80.0,80.0,77.5,80.0,0.0,6000.0,89358733.0
2001-02-06,80.0,80.0,78.0,80.0,0.0,1500.0,89358733.0
2001-02-07,79.5,79.5,78.0,79.5,0.0,3310.0,89358733.0
2001-02-08,90.0,80.0,87.5,80.0,0.0,43890.0,89358733.0
2001-02-09,98.0,93.0,96.5,95.0,0.0,645043.0,89358733.0
2001-02-12,98.0,91.5,93.5,97.75,0.0,44855.0,89358733.0
2001-02-13,95.5,91.0,93.5,92.0,0.0,399902.0,89358733.0
2001-02-14,95.0,90.0,92.5,90.0,0.0,7786.0,89358733.0
2001-02-15,95.0,90.0,92.5,91.0,0.0,136593.0,89358733.0
2001-02-16,95.0,94.5,92.5,94.5,0.0,4237.0,89358733.0
2001-02-19,94.5,90.0,90.5,94.5,0.0,19886.0,89358733.0
2001-02-20,92.5,92.5,90.5,92.5,0.0,1075.0,89358733.0
2001-02-21,93.0,88.5,90.5,93.0,0.0,2362.0,89358733.0
2001-02-22,92.0,92.0,89.5,92.0,0.0,2000.0,89358733.0
2001-02-23,87.5,87.5,89.5,87.5,0.0,7000.0,89358733.0
2001-02-26,91.0,91.0,89.5,91.0,0.0,100.0,89358733.0
2001-02-27,91.5,91.5,89.5,91.5,0.0,2357.0,89358733.0
2001-02-28,91.5,91.5,89.5,91.5,0.0,311.0,89358733.0
2001-03-01,92.0,91.4,89.5,91.4,0.0,8221.0,89358733.0
2001-03-02,88.6,87.0,89.5,88.6,0.0,10256.0,89358733.0
2001-03-05,89.5,89.5,89.5,89.5,0.0,0.0,89358733.0
2001-03-06,89.5,89.5,89.5,89.5,0.0,0.0,89358733.0
2001-03-07,91.5,89.5,89.5,89.5,0.0,34318.0,89358733.0
2001-03-08,88.0,88.0,89.5,88.0,0.0,3648.0,89358733.0
2001-03-09,89.5,89.5,89.5,89.5,0.0,0.0,89358733.0
2001-03-12,89.5,89.5,89.5,89.5,0.0,0.0,89358733.0
2001-03-13,92.0,91.0,89.5,92.0,0.0,5524.0,89358733.0
2001-03-14,89.5,89.5,89.5,89.5,0.0,0.0,89358733.0
2001-03-15,91.5,88.5,90.0,89.5,0.0,11284.0,89358733.0
2001-03-16,91.5,88.5,90.0,88.5,0.0,3030.0,89358733.0
2001-03-19,91.5,88.0,90.0,91.5,0.0,9187.0,89358733.0
2001-03-20,91.5,91.5,90.0,91.5,0.0,1000.0,89358733.0
2001-03-21,91.0,91.0,90.0,91.0,0.0,26808.0,89358733.0
2001-03-22,91.5,90.0,90.0,90.0,0.0,8519658.0,89358733.0
2001-03-23,94.4,89.5,92.5,89.5,0.0,20884.0,89358733.0
2001-03-26,96.5,94.5,94.5,94.5,0.0,14744.0,89358733.0
2001-03-27,105.0,96.5,104.0,96.5,0.0,27505.0,89358733.0
2001-03-28,114.5,107.5,108.5,107.5,0.0,47838.0,89358733.0
2001-03-29,111.5,107.3,109.5,110.0,0.0,21750.0,89358733.0
2001-03-30,111.5,111.5,109.5,111.5,0.0,3000.0,89358733.0
2001-04-02,112.0,108.5,109.5,112.0,0.0,4478.0,89358733.0
2001-04-03,111.0,108.0,109.0,111.0,0.0,4429.0,89358733.0
2001-04-04,111.0,107.0,108.5,108.0,0.0,94564.0,89358733.0
2001-04-05,107.0,107.0,108.0,107.0,0.0,1036.0,89358733.0
2001-04-06,107.0,105.0,105.5,107.0,0.0,8000.0,89358733.0
2001-04-09,104.5,104.5,105.0,104.5,0.0,5000.0,89358733.0
2001-04-10,108.0,104.0,105.5,104.0,0.0,10055.0,89358733.0
2001-04-11,105.0,105.0,106.0,105.0,0.0,2500.0,89358733.0
2001-04-12,109.0,108.0,106.5,108.0,0.0,11850.0,89358733.0
2001-04-13,106.5,106.5,106.5,106.5,0.0,0.0,89358733.0
2001-04-16,106.5,106.5,106.5,106.5,0.0,0.0,89358733.0
2001-04-17,109.0,108.5,106.5,108.5,0.0,4813.0,89358733.0
2001-04-18,106.5,106.5,106.5,106.5,0.0,0.0,89358733.0
2001-04-19,108.5,108.5,106.5,108.5,0.0,500.0,89358733.0
2001-04-20,108.5,105.5,106.5,108.5,0.0,3495.0,89358733.0
2001-04-23,109.0,108.5,106.5,109.0,0.0,4124.0,89358733.0
2001-04-24,109.0,109.0,106.5,109.0,0.0,2000.0,89358733.0
2001-04-25,105.0,105.0,106.5,105.0,0.0,7226.0,89358733.0
2001-04-26,115.0,105.5,112.0,108.5,0.0,49727.0,89358733.0
2001-04-27,130.0,120.0,127.5,120.0,0.0,2278539.0,89358733.0
2001-04-30,129.5,125.0,127.5,129.5,0.0,27429.0,89358733.0
2001-05-01,129.5,125.6,127.5,128.5,0.0,26193.0,89358733.0
2001-05-02,136.5,129.0,134.5,129.0,0.0,49391.0,89358733.0
2001-05-03,137.0,136.5,135.0,136.5,0.0,19600.0,89358733.0
2001-05-04,136.5,132.5,134.5,136.5,0.0,2213.0,89358733.0
2001-05-07,134.5,134.5,134.5,134.5,0.0,0.0,89358733.0
2001-05-08,136.5,135.0,134.5,136.5,0.0,724111.0,89358733.0
2001-05-09,136.5,132.5,134.5,136.5,0.0,5115.0,89358733.0
2001-05-10,136.5,132.0,133.5,136.5,0.0,254967.0,89358733.0
2001-05-11,131.0,127.0,128.5,129.5,0.0,19556.0,89358733.0
2001-05-14,130.0,130.0,128.5,130.0,0.0,300.0,89358733.0
2001-05-15,130.0,127.0,128.5,130.0,0.0,1052.0,89358733.0
2001-05-16,128.5,128.5,127.5,128.5,0.0,143984.0,89358733.0
2001-05-17,145.0,129.5,142.5,129.5,0.0,273705.0,89358733.0
2001-05-18,154.5,140.5,142.5,144.5,0.0,206432.0,89358733.0
2001-05-21,143.5,135.0,137.5,143.5,0.0,41262.0,89358733.0
2001-05-22,140.0,137.0,137.5,139.0,0.0,41265.0,89358733.0
2001-05-23,140.0,135.5,137.5,139.0,0.0,35047.0,89358733.0
2001-05-24,139.4,137.0,137.5,139.0,0.0,42124.0,89358733.0
2001-05-25,140.0,135.5,137.5,139.0,0.0,175026.0,89358733.0
2001-05-28,137.5,137.5,137.5,137.5,0.0,0.0,89358733.0
2001-05-29,139.5,138.0,137.5,139.5,0.0,36711.0,89358733.0
2001-05-30,140.0,135.5,138.5,139.5,0.0,60951.0,89358733.0
2001-05-31,140.0,137.0,138.5,140.0,0.0,9499.0,89358733.0
2001-06-01,140.0,135.0,136.0,139.6,0.0,28750.0,89358733.0
2001-06-04,137.0,135.0,136.0,136.8,0.0,14666.0,89358733.0
2001-06-05,137.0,133.0,134.0,137.0,0.0,42248.0,89358733.0
2001-06-06,135.0,133.0,134.0,135.0,0.0,12342.0,89358733.0
2001-06-07,135.0,130.0,134.0,135.0,0.0,531891.0,89358733.0
2001-06-08,135.0,133.0,134.0,133.5,0.0,48221.0,89358733.0
2001-06-11,135.0,134.8,134.0,134.8,0.0,13598.0,89358733.0
2001-06-12,135.0,133.0,134.0,135.0,0.0,6970.0,89358733.0
2001-06-13,135.0,128.5,130.5,135.0,0.0,12329.0,89358733.0
2001-06-14,130.0,127.0,128.5,128.0,0.0,18266.0,89358733.0
2001-06-15,130.0,127.0,128.5,129.6,0.0,4201.0,89358733.0
2001-06-18,130.0,122.0,124.5,127.0,0.0,7501.0,89358733.0
2001-06-19,126.5,122.5,124.5,122.5,0.0,10502.0,89358733.0
2001-06-20,126.5,126.5,124.5,126.5,0.0,1390.0,89358733.0
2001-06-21,127.0,126.4,124.5,127.0,0.0,5678.0,89358733.0
2001-06-22,126.5,122.5,124.5,126.5,0.0,8155.0,89358733.0
2001-06-25,126.5,120.0,124.5,126.5,0.0,19022227.0,89358733.0
2001-06-26,126.5,122.0,124.5,122.5,0.0,4521.0,89358733.0
2001-06-27,127.0,126.5,125.0,126.5,0.0,5317.0,89358733.0
2001-06-28,127.0,123.0,125.0,127.0,0.0,40775.0,89358733.0
2001-06-29,127.0,125.0,126.0,127.0,0.0,46431.0,89358733.0
2001-07-02,128.0,126.0,126.0,128.0,0.0,57774.0,89358733.0
2001-07-03,128.0,124.0,126.0,127.0,0.0,2165.0,89358733.0
2001-07-04,128.0,127.5,126.0,128.0,0.0,3060.0,89358733.0
2001-07-05,128.0,124.0,126.0,128.0,0.0,12362.0,89358733.0
2001-07-06,128.0,128.0,126.0,128.0,0.0,2080.0,89358733.0
2001-07-09,124.5,124.5,126.0,124.5,0.0,4655.0,89358733.0
2001-07-10,128.0,124.0,126.0,128.0,0.0,15177.0,89358733.0
2001-07-11,128.0,124.0,126.0,126.0,0.0,17207.0,89358733.0
2001-07-12,128.0,124.0,126.0,128.0,0.0,6670.0,89358733.0
2001-07-13,128.0,124.0,126.0,127.0,0.0,14805.0,89358733.0
2001-07-16,128.0,124.0,126.0,128.0,0.0,3738.0,89358733.0
2001-07-17,128.0,124.0,126.0,124.0,0.0,2539.0,89358733.0
2001-07-18,128.0,128.0,126.0,128.0,0.0,781.0,89358733.0
2001-07-19,128.0,124.0,126.0,127.0,0.0,5557.0,89358733.0
2001-07-20,128.0,124.0,126.0,127.5,0.0,2600.0,89358733.0
2001-07-23,128.0,127.5,126.0,127.5,0.0,5229.0,89358733.0
2001-07-24,128.0,122.0,126.0,124.0,0.0,32680.0,89358733.0
2001-07-25,126.0,126.0,126.0,126.0,0.0,0.0,89358733.0
2001-07-26,124.0,124.0,126.0,124.0,0.0,2750.0,89358733.0
2001-07-27,128.0,123.0,125.0,124.0,0.0,22420.0,89358733.0
2001-07-30,127.0,127.0,125.0,127.0,0.0,2697.0,89358733.0
2001-07-31,127.0,123.0,125.0,123.0,0.0,5283.0,89358733.0
2001-08-01,128.0,123.5,125.5,127.0,0.0,9711.0,89358733.0
2001-08-02,127.5,122.0,125.5,122.0,0.0,29041.0,89358733.0
2001-08-03,127.5,127.5,125.5,127.5,0.0,317.0,89358733.0
2001-08-06,125.5,122.0,125.5,123.5,0.0,174634.0,89358733.0
2001-08-07,127.5,123.5,125.5,127.5,0.0,1794.0,89358733.0
2001-08-08,123.5,123.5,125.5,123.5,0.0,129.0,89358733.0
2001-08-09,127.5,127.5,125.5,127.5,0.0,4674.0,89358733.0
2001-08-10,125.5,125.5,125.5,125.5,0.0,0.0,89358733.0
2001-08-13,125.5,125.5,125.5,125.5,0.0,0.0,89358733.0
2001-08-14,127.5,123.5,125.5,123.5,0.0,2976.0,89358733.0
2001-08-15,123.6,123.6,125.5,123.6,0.0,471.0,89358733.0
2001-08-16,127.5,123.5,125.5,127.5,0.0,2250.0,89358733.0
2001-08-17,125.5,125.5,125.5,125.5,0.0,0.0,89358733.0
2001-08-20,127.5,123.0,125.5,123.0,0.0,1903.0,89358733.0
2001-08-21,125.5,125.5,125.5,125.5,0.0,0.0,89358733.0
2001-08-22,123.5,123.5,125.5,123.5,0.0,200.0,89358733.0
2001-08-23,127.5,127.5,125.5,127.5,0.0,1550.0,89358733.0
2001-08-24,128.0,123.5,125.5,128.0,0.0,2100.0,89358733.0
2001-08-27,125.5,125.5,125.5,125.5,0.0,0.0,89358733.0
2001-08-28,125.5,125.5,125.5,125.5,0.0,0.0,89358733.0
2001-08-29,123.0,123.0,125.5,123.0,0.0,2300.0,89358733.0
2001-08-30,123.0,123.0,117.5,123.0,0.0,22711.0,89358733.0
2001-08-31,115.6,115.0,117.5,115.0,0.0,7866.0,89358733.0
2001-09-03,115.0,108.0,110.5,115.0,0.0,28450.0,89358733.0
2001-09-04,108.5,95.0,97.5,108.5,0.0,27464.0,89358733.0
2001-09-05,99.0,95.5,98.5,95.6,0.0,33935.0,89358733.0
2001-09-06,104.6,98.6,103.5,101.5,0.0,506326.0,89358733.0
2001-09-07,104.5,102.0,103.5,102.0,0.0,12989.0,89358733.0
2001-09-10,104.0,103.5,103.5,104.0,0.0,12500.0,89358733.0
2001-09-11,104.0,102.0,103.5,104.0,0.0,12496.0,89358733.0
2001-09-12,102.0,95.0,100.5,95.0,0.0,56903.0,89358733.0
2001-09-13,103.0,98.5,101.5,101.5,0.0,419275.0,89358733.0
2001-09-14,103.0,98.0,101.5,102.6,0.0,510194.0,89358733.0
2001-09-17,102.5,102.0,101.5,102.0,0.0,4777.0,89358733.0
2001-09-18,101.5,96.0,100.5,100.0,0.0,508672.0,89358733.0
2001-09-19,99.0,97.0,99.5,97.0,0.0,17245.0,89358733.0
2001-09-20,101.4,101.4,99.5,101.4,0.0,1927.0,89358733.0
2001-09-21,97.5,97.0,99.5,97.5,0.0,7000.0,89358733.0
2001-09-24,101.0,95.0,99.5,100.5,0.0,83245.0,89358733.0
2001-09-25,101.0,101.0,99.5,101.0,0.0,447.0,89627899.0
2001-09-26,101.0,101.0,99.5,101.0,0.0,2000.0,89627899.0
2001-09-27,101.4,98.0,99.5,98.0,0.0,5000.0,89627899.0
2001-09-28,100.0,97.5,99.5,97.5,0.0,101000.0,89627899.0
2001-10-01,99.5,99.5,99.5,99.5,0.0,0.0,89627899.0
2001-10-02,101.0,97.5,99.5,101.0,0.0,1795.0,89627899.0
2001-10-03,99.5,97.0,99.5,99.5,0.0,8497.0,89627899.0
2001-10-04,101.0,97.0,99.5,97.0,0.0,20980.0,89627899.0
2001-10-05,102.0,100.0,99.5,102.0,0.0,178700.0,89627899.0
2001-10-08,101.0,98.0,99.5,101.0,0.0,207472.0,89627899.0
2001-10-09,97.5,97.5,99.5,97.5,0.0,250.0,89627899.0
2001-10-10,101.0,101.0,99.5,101.0,0.0,5960.0,89627899.0
2001-10-11,101.0,97.5,99.5,101.0,0.0,1258.0,89627899.0
2001-10-12,101.0,97.5,99.0,100.0,0.0,23509.0,89627899.0
2001-10-15,101.0,97.5,99.0,101.0,0.0,6120.0,89627899.0
2001-10-16,101.0,97.5,99.0,99.0,0.0,12230.0,89627899.0
2001-10-17,101.0,100.0,99.0,101.0,0.0,5092.0,89627899.0
2001-10-18,100.0,100.0,99.0,100.0,0.0,792.0,89627899.0
2001-10-19,99.0,99.0,99.0,99.0,0.0,0.0,89627899.0
2001-10-22,100.0,97.5,99.0,100.0,0.0,841000.0,89627899.0
2001-10-23,102.0,101.0,100.0,102.0,0.0,6150.0,89627899.0
2001-10-24,104.0,102.0,100.5,102.0,0.0,23500.0,89627899.0
2001-10-25,104.0,100.0,101.5,104.0,0.0,25822.0,89627899.0
2001-10-26,102.5,100.0,101.5,102.5,0.0,305940.0,89627899.0
2001-10-29,102.5,100.0,101.5,102.5,0.0,3200.0,89627899.0
2001-10-30,102.5,102.5,101.5,102.5,0.0,612.0,89627899.0
2001-10-31,98.0,98.0,99.0,98.0,0.0,5000.0,89627899.0
2001-11-01,99.0,99.0,99.0,99.0,0.0,0.0,89627899.0
2001-11-02,100.0,98.0,98.5,99.0,0.0,1645000.0,89627899.0
2001-11-05,105.0,100.0,100.5,104.0,0.0,245257.0,89627899.0
2001-11-06,103.0,101.0,101.5,102.5,0.0,35821.0,89627899.0
2001-11-07,103.0,100.0,101.5,103.0,0.0,585845.0,89627899.0
2001-11-08,103.0,102.0,101.5,103.0,0.0,4770.0,89627899.0
2001-11-09,103.0,100.0,101.5,100.0,0.0,60186.0,89627899.0
2001-11-12,103.0,100.0,101.5,103.0,0.0,7588.0,89627899.0
2001-11-13,103.0,100.0,101.5,103.0,0.0,59538.0,89627899.0
2001-11-14,103.0,100.0,101.5,102.5,0.0,42741.0,89627899.0
2001-11-15,103.0,100.0,101.5,103.0,0.0,1936.0,89627899.0
2001-11-16,103.0,101.5,101.5,103.0,0.0,27203.0,89627899.0
2001-11-19,103.0,102.0,101.5,103.0,0.0,7232.0,89627899.0
2001-11-20,103.0,98.5,100.0,102.6,0.0,827852.0,89627899.0
2001-11-21,101.5,98.5,100.0,98.5,0.0,2193.0,89627899.0
2001-11-22,101.5,100.0,100.0,100.0,0.0,37700.0,89627899.0
2001-11-23,101.5,101.5,100.0,101.5,0.0,2500.0,89627899.0
2001-11-26,102.5,98.0,100.5,98.5,0.0,56039.0,89627899.0
2001-11-27,102.5,98.5,100.5,102.5,0.0,168739.0,89627899.0
2001-11-28,102.5,98.0,100.5,98.0,0.0,273954.0,89627899.0
2001-11-29,98.0,98.0,100.5,98.0,0.0,100000.0,89627899.0
2001-11-30,102.5,98.5,100.5,102.5,0.0,212458.0,89627899.0
2001-12-01,100.5,100.5,100.5,100.5,0.0,0.0,89627899.0
2001-12-03,100.5,100.5,100.5,100.5,0.0,0.0,89627899.0
2001-12-04,98.5,98.5,100.5,98.5,0.0,600.0,89627899.0
2001-12-05,102.5,98.5,100.5,102.5,0.0,1300.0,89627899.0
2001-12-06,99.0,98.5,100.5,99.0,0.0,4711.0,89627899.0
2001-12-07,102.5,98.5,100.5,98.5,0.0,2437.0,89627899.0
2001-12-10,100.5,100.5,100.5,100.5,0.0,0.0,89627899.0
2001-12-11,100.5,100.5,100.5,100.5,0.0,0.0,89627899.0
2001-12-12,102.5,99.0,100.5,102.5,0.0,5809.0,89627899.0
2001-12-13,110.0,100.5,109.0,102.5,0.0,1079401.0,89627899.0
2001-12-14,111.0,108.0,109.0,111.0,0.0,248900.0,89627899.0
2001-12-17,110.0,108.0,109.0,108.0,0.0,576709.0,89627899.0
2001-12-18,110.0,108.0,109.0,110.0,0.0,50500.0,89627899.0
2001-12-19,110.0,108.5,109.0,110.0,0.0,15946.0,89627899.0
2001-12-20,117.0,110.0,113.5,110.0,0.0,4257801.0,89627899.0
2001-12-21,116.0,112.0,114.0,116.0,0.0,815428.0,89627899.0
2001-12-24,116.0,116.0,114.0,116.0,0.0,1555.0,89627899.0
2001-12-25,114.0,114.0,114.0,114.0,0.0,0.0,89627899.0
2001-12-26,114.0,114.0,114.0,114.0,0.0,0.0,89627899.0
2001-12-27,112.0,112.0,114.0,112.0,0.0,1000.0,89627899.0
2001-12-28,116.0,112.0,114.0,116.0,0.0,3052.0,89627899.0
2001-12-31,122.0,118.5,120.0,120.0,0.0,22903.0,89627899.0
2002-01-01,120.0,120.0,120.0,120.0,0.0,0.0,89627899.0
2002-01-02,122.0,120.0,121.0,122.0,0.0,262856.0,89627899.0
2002-01-03,132.0,122.0,129.5,122.0,0.0,214752.0,89627899.0
2002-01-04,132.0,127.5,129.5,132.0,0.0,7180.0,89627899.0
2002-01-07,132.0,110.5,115.5,128.0,0.0,69434.0,89627899.0
2002-01-08,125.0,117.5,122.5,117.5,0.0,135909.0,89627899.0
2002-01-09,124.5,120.5,123.5,124.5,0.0,10846.0,89627899.0
2002-01-10,124.5,120.5,122.5,124.5,0.0,84801.0,89627899.0
2002-01-11,124.5,124.5,122.5,124.5,0.0,1944.0,89627899.0
2002-01-14,124.5,120.0,122.5,124.4,0.0,7768.0,89627899.0
2002-01-15,124.5,120.5,122.5,124.5,0.0,237721.0,89627899.0
2002-01-16,125.0,120.5,122.5,120.5,0.0,5991.0,89627899.0
2002-01-17,125.0,120.5,122.5,125.0,0.0,44831.0,89627899.0
2002-01-18,124.5,120.6,122.5,124.5,0.0,13470.0,89627899.0
2002-01-21,125.0,124.5,122.5,124.5,0.0,5603.0,89627899.0
2002-01-22,125.0,120.0,123.5,124.0,0.0,46011.0,89627899.0
2002-01-23,125.0,122.0,123.5,125.0,0.0,16865.0,89627899.0
2002-01-24,125.0,122.0,123.5,125.0,0.0,4619.0,89627899.0
2002-01-25,125.0,122.0,122.5,122.0,0.0,8437.0,89627899.0
2002-01-28,124.5,124.5,122.5,124.5,0.0,789.0,89627899.0
2002-01-29,125.0,120.5,123.5,124.5,0.0,13388.0,89627899.0
2002-01-30,125.0,122.0,123.5,125.0,0.0,24550.0,89627899.0
2002-01-31,125.0,122.0,123.5,125.0,0.0,251293.0,89627899.0
2002-02-01,125.0,122.0,123.5,124.6,0.0,5150.0,89627899.0
2002-02-04,125.0,120.0,122.5,125.0,0.0,18479.0,89627899.0
2002-02-05,120.0,120.0,121.5,120.0,0.0,6500.0,89627899.0
2002-02-06,122.5,122.5,120.5,122.5,0.0,940.0,89627899.0
2002-02-07,122.5,118.5,120.5,118.5,0.0,67682.0,89627899.0
2002-02-08,122.5,118.5,120.5,122.5,0.0,3903.0,89627899.0
2002-02-11,123.0,120.0,121.5,123.0,0.0,107392.0,89627899.0
2002-02-12,123.0,120.0,121.5,123.0,0.0,5340.0,89627899.0
2002-02-13,122.0,122.0,121.5,122.0,0.0,1329.0,89627899.0
2002-02-14,123.0,122.0,120.5,122.0,0.0,24629.0,89627899.0
2002-02-15,122.5,118.5,120.5,122.5,0.0,5726.0,89627899.0
2002-02-18,118.5,118.5,120.5,118.5,0.0,400.0,89627899.0
2002-02-19,122.5,122.5,120.5,122.5,0.0,14062.0,89627899.0
2002-02-20,120.5,120.5,120.5,120.5,0.0,0.0,89627899.0
2002-02-21,119.0,119.0,120.5,119.0,0.0,3979.0,89627899.0
2002-02-22,122.5,120.0,120.5,122.0,0.0,13789.0,89627899.0
2002-02-25,118.6,118.5,120.5,118.6,0.0,1115.0,89627899.0
2002-02-26,122.0,118.5,120.5,118.5,0.0,226697.0,89627899.0
2002-02-27,122.0,115.5,117.5,122.0,0.0,4025.0,89627899.0
2002-02-28,117.5,113.0,112.5,115.5,0.0,14162.0,89627899.0
2002-03-01,115.0,112.0,113.5,114.5,0.0,36169.0,89627899.0
2002-03-04,115.0,113.5,113.5,115.0,0.0,1110.0,89627899.0
2002-03-05,115.0,112.0,113.5,112.0,0.0,4522.0,89627899.0
2002-03-06,112.0,112.0,113.5,112.0,0.0,2812.0,89627899.0
2002-03-07,115.0,112.3,113.5,112.3,0.0,8500.0,89627899.0
2002-03-08,115.0,112.0,113.5,114.6,0.0,2585.0,89627899.0
2002-03-11,117.0,112.5,114.5,116.5,0.0,8299.0,89627899.0
2002-03-12,116.5,112.5,114.5,116.5,0.0,4790.0,89627899.0
2002-03-13,116.5,116.5,114.5,116.5,0.0,3162.0,89627899.0
2002-03-14,116.0,105.5,107.5,116.0,0.0,27459.0,89627899.0
2002-03-15,109.5,105.0,105.5,109.5,0.0,11560.0,89627899.0
2002-03-18,105.5,103.0,105.5,103.625,0.0,8040.0,89627899.0
2002-03-19,107.5,103.5,105.5,107.5,0.0,242920.0,89627899.0
2002-03-20,107.0,103.0,105.0,106.5,0.0,312130.0,89627899.0
2002-03-21,107.0,104.0,107.5,107.0,0.0,386541.0,89627899.0
2002-03-22,111.0,105.0,108.0,109.5,0.0,118748.0,89627899.0
2002-03-25,109.0,108.8,108.0,109.0,0.0,4880.0,89627899.0
2002-03-26,108.0,104.0,106.0,104.5,0.0,21332.0,89627899.0
2002-03-27,108.0,108.0,106.0,108.0,0.0,500.0,89627899.0
2002-03-28,108.0,104.0,106.0,104.0,0.0,55240.0,89627899.0
2002-03-29,106.0,106.0,106.0,106.0,0.0,0.0,89627899.0
2002-04-01,106.0,106.0,106.0,106.0,0.0,0.0,89627899.0
2002-04-02,108.0,103.0,105.5,108.0,0.0,26900.0,89627899.0
2002-04-03,107.5,103.0,105.5,107.4,0.0,27021.0,89627899.0
2002-04-04,107.5,103.0,105.5,107.5,0.0,11505.0,89627899.0
2002-04-05,107.5,103.0,105.5,103.0,0.0,14166.0,89627899.0
2002-04-08,104.5,100.5,102.5,103.5,0.0,13871.0,89627899.0
2002-04-09,104.5,100.0,102.5,100.0,0.0,3699.0,89627899.0
2002-04-10,104.5,100.5,102.5,104.5,0.0,1515.0,89627899.0
2002-04-11,104.5,103.0,104.0,104.5,0.0,51894.0,89627899.0
2002-04-12,105.0,105.0,104.0,105.0,0.0,10195.0,89627899.0
2002-04-15,105.0,103.0,104.0,105.0,0.0,6982.0,89627899.0
2002-04-16,105.0,104.0,104.0,105.0,0.0,6192.0,89627899.0
2002-04-17,114.0,103.0,109.5,105.0,0.0,790636.0,89627899.0
2002-04-18,115.0,110.0,112.5,114.0,0.0,344962.0,89627899.0
2002-04-19,115.0,114.4,112.5,114.5,0.0,20161.0,89627899.0
2002-04-22,114.5,110.5,112.5,110.5,0.0,21486.0,89627899.0
2002-04-23,114.5,110.5,112.5,110.5,0.0,16287.0,89627899.0
2002-04-24,114.5,108.0,109.5,114.5,0.0,10505.0,89627899.0
2002-04-25,111.5,103.5,105.5,111.5,0.0,37643.0,89627899.0
2002-04-26,107.5,107.375,105.5,107.5,0.0,5459.0,89627899.0
2002-04-29,108.0,105.0,106.5,107.5,0.0,810734.0,89627899.0
2002-04-30,108.0,108.0,106.5,108.0,0.0,1638.0,89627899.0
2002-05-01,107.6,105.0,106.5,105.0,0.0,1721.0,89627899.0
2002-05-02,108.0,108.0,107.5,108.0,0.0,7472.0,89627899.0
2002-05-03,108.0,106.5,106.5,106.5,0.0,55435.0,89627899.0
2002-05-06,106.5,106.5,106.5,106.5,0.0,0.0,89627899.0
2002-05-07,106.5,102.5,104.5,106.5,0.0,4938.0,89627899.0
2002-05-08,107.0,102.5,104.5,106.5,0.0,4523.0,89627899.0
2002-05-09,106.5,103.0,104.5,106.5,0.0,58881.0,89627899.0
2002-05-10,106.5,106.5,104.5,106.5,0.0,4234.0,89627899.0
2002-05-13,106.5,104.5,104.5,106.5,0.0,9474.0,89627899.0
2002-05-14,106.5,102.5,104.5,106.5,0.0,7151.0,89627899.0
2002-05-15,103.0,102.5,104.5,103.0,0.0,4524.0,89627899.0
2002-05-16,106.5,106.5,104.5,106.5,0.0,2854.0,89627899.0
2002-05-17,106.5,102.5,104.5,104.5,0.0,311460.0,89627899.0
2002-05-20,108.0,104.0,105.5,107.0,0.0,7000.0,89627899.0
2002-05-21,108.0,108.0,105.5,108.0,0.0,101.0,89627899.0
2002-05-22,108.0,103.6,105.5,103.6,0.0,1517.0,89627899.0
2002-05-23,103.6,103.0,105.5,103.0,0.0,15538.0,89627899.0
2002-05-24,103.0,103.0,105.5,103.0,0.0,200.0,89627899.0
2002-05-27,105.0,103.0,102.5,103.0,0.0,12401.0,89627899.0
2002-05-28,104.4,100.0,102.5,104.4,0.0,9300.0,89627899.0
2002-05-29,103.0,102.5,102.5,103.0,0.0,861626.0,89627899.0
2002-05-30,103.0,103.0,102.5,103.0,0.0,5000.0,89627899.0
2002-05-31,105.0,104.4,102.5,105.0,0.0,2012.0,89627899.0
2002-06-03,102.5,102.5,102.5,102.5,0.0,0.0,89627899.0
2002-06-04,102.5,102.5,102.5,102.5,0.0,0.0,89627899.0
2002-06-05,105.0,102.0,103.5,102.0,0.0,3192.0,89627899.0
2002-06-06,105.0,102.0,103.5,104.6,0.0,6953.0,89627899.0
2002-06-07,104.6,102.0,103.5,102.0,0.0,2936.0,89627899.0
2002-06-10,105.0,100.0,102.5,100.0,0.0,961599.0,89627899.0
2002-06-11,97.3,97.0,98.5,97.0,0.0,4396.0,89627899.0
2002-06-12,97.3,95.0,96.5,97.3,0.0,18947.0,89627899.0
2002-06-13,98.0,95.0,95.5,95.0,0.0,7751.0,89627899.0
2002-06-14,95.0,90.0,92.5,93.0,0.0,19818.0,89627899.0
2002-06-17,95.0,90.0,92.5,90.6,0.0,10044.0,89627899.0
2002-06-18,90.0,90.0,92.5,90.0,0.0,3270.0,89627899.0
2002-06-19,95.0,90.0,90.5,95.0,0.0,5080.0,89627899.0
2002-06-20,90.0,84.0,86.0,90.0,0.0,6032.0,89627899.0
2002-06-21,87.0,84.0,85.5,84.0,0.0,3837.0,89627899.0
2002-06-24,87.0,87.0,87.0,87.0,0.0,680.0,89627899.0
2002-06-25,89.0,85.0,87.0,85.5,0.0,1767.0,89627899.0
2002-06-26,80.0,75.0,77.5,75.0,0.0,11489.0,89627899.0
2002-06-27,82.0,78.5,80.0,82.0,0.0,10518.0,89627899.0
2002-06-28,82.0,78.0,81.0,82.0,0.0,216906.0,89627899.0
2002-07-01,82.0,75.0,77.5,80.0,0.0,16318.0,89627899.0
2002-07-02,80.0,75.0,77.5,78.0,0.0,2531.0,89627899.0
2002-07-03,75.0,75.0,77.5,75.0,0.0,3088.0,89627899.0
2002-07-04,80.0,80.0,77.5,80.0,0.0,2000.0,89627899.0
2002-07-05,80.0,75.0,77.5,80.0,0.0,5569.0,89627899.0
2002-07-08,80.0,75.0,77.5,80.0,0.0,16250.0,89627899.0
2002-07-09,80.0,79.4,77.5,80.0,0.0,3050.0,89627899.0
2002-07-10,80.0,75.0,77.5,80.0,0.0,7510.0,89627899.0
2002-07-11,75.0,75.0,77.5,75.0,0.0,2498.0,89627899.0
2002-07-12,77.5,77.5,77.5,77.5,0.0,0.0,89627899.0
2002-07-15,77.5,77.5,77.5,77.5,0.0,0.0,89627899.0
2002-07-16,80.0,75.0,77.5,80.0,0.0,16284.0,89627899.0
2002-07-17,80.0,80.0,77.5,80.0,0.0,3478.0,89627899.0
2002-07-18,80.0,75.0,77.5,80.0,0.0,11376.0,89627899.0
2002-07-19,77.0,75.0,73.5,75.0,0.0,8127.0,89627899.0
2002-07-22,77.0,72.5,74.5,75.0,0.0,26660.0,89627899.0
2002-07-23,77.0,72.0,74.5,77.0,0.0,16027.0,89627899.0
2002-07-24,77.0,67.0,69.5,77.0,0.0,19203.0,89627899.0
2002-07-25,72.0,68.5,69.5,72.0,0.0,52710.0,89627899.0
2002-07-26,72.0,68.5,69.5,71.5,0.0,75967.0,89627899.0
2002-07-29,72.0,67.0,69.5,67.5,0.0,18299.0,89627899.0
2002-07-30,72.0,67.0,69.5,72.0,0.0,19689.0,89627899.0
2002-07-31,72.0,71.5,69.5,72.0,0.0,3847.0,89627899.0
2002-08-01,72.0,67.0,69.5,72.0,0.0,3397.0,89627899.0
2002-08-02,72.0,67.0,69.5,72.0,0.0,5579.0,89627899.0
2002-08-05,72.0,67.0,69.5,67.0,0.0,79618.0,89627899.0
2002-08-06,72.0,72.0,69.5,72.0,0.0,3388.0,89627899.0
2002-08-07,72.0,69.5,69.5,72.0,0.0,71048.0,89627899.0
2002-08-08,71.5,67.5,69.5,71.5,0.0,3605.0,89627899.0
2002-08-09,67.5,67.5,69.5,67.5,0.0,500.0,89627899.0
2002-08-12,67.5,67.5,69.5,67.5,0.0,250.0,89627899.0
2002-08-13,71.5,65.0,67.5,71.5,0.0,11388.0,89627899.0
2002-08-14,69.5,65.5,67.5,69.5,0.0,4250.0,89627899.0
2002-08-15,69.5,65.0,67.5,69.5,0.0,12037.0,89627899.0
2002-08-16,67.5,67.5,67.5,67.5,0.0,0.0,89627899.0
2002-08-19,69.0,69.0,67.5,69.0,0.0,7246.0,89627899.0
2002-08-20,69.5,65.5,67.5,69.5,0.0,3734.0,89627899.0
2002-08-21,63.5,63.5,65.0,63.5,0.0,500.0,89627899.0
2002-08-22,67.0,67.0,65.0,67.0,0.0,4132.0,89627899.0
2002-08-23,67.0,63.5,62.5,67.0,0.0,7365.0,89627899.0
2002-08-26,62.5,62.5,62.5,62.5,0.0,0.0,89627899.0
2002-08-27,65.0,60.0,62.5,60.0,0.0,8785.0,89627899.0
2002-08-28,62.5,62.5,62.5,62.5,0.0,0.0,89627899.0
2002-08-29,60.5,60.5,62.5,60.5,0.0,458.0,89627899.0
2002-08-30,64.5,60.5,62.5,60.5,0.0,2613.0,89627899.0
2002-09-02,64.5,64.5,62.5,64.5,0.0,150.0,89627899.0
2002-09-03,61.5,61.5,57.5,61.5,0.0,3203.0,89627899.0
2002-09-04,61.5,55.5,57.5,59.5,0.0,79020.0,89627899.0
2002-09-05,59.5,59.5,57.5,59.5,0.0,82.0,89627899.0
2002-09-06,59.5,50.0,57.5,55.5,0.0,24800.0,89627899.0
2002-09-09,53.5,50.0,51.5,53.5,0.0,9445.0,89627899.0
2002-09-10,48.0,43.0,42.0,48.0,0.0,33729.0,89627899.0
2002-09-11,47.0,44.0,42.5,44.0,0.0,16148.0,89627899.0
2002-09-12,35.0,20.0,23.5,32.0,0.0,274111.0,89627899.0
2002-09-13,25.0,22.0,23.5,25.0,0.0,83826.0,89627899.0
2002-09-16,25.0,20.0,22.5,22.0,0.0,30700.0,89627899.0
2002-09-17,20.5,12.0,13.5,20.5,0.0,649077.0,89627899.0
2002-09-18,14.5,12.2,13.5,12.2,0.0,56845.0,89627899.0
2002-09-19,14.3,11.0,12.0,14.3,0.0,295946.0,89627899.0
2002-09-20,14.0,10.75,12.0,13.5,0.0,297230.0,89627899.0
2002-09-23,14.0,10.0,12.0,13.3,0.0,211868.0,89627899.0
2002-09-24,13.3,13.3,12.0,13.3,0.0,1400.0,89627899.0
2002-09-25,13.3,10.75,12.0,13.3,0.0,14306.0,89627899.0
2002-09-26,13.5,10.75,12.0,13.5,0.0,132753.0,89627899.0
2002-09-27,15.0,10.48,12.0,13.3,0.0,143144.0,89627899.0
2002-09-30,13.3,13.3,11.5,13.3,0.0,4169.0,89627899.0
2002-10-01,12.0,10.0,10.5,12.0,0.0,122750.0,89627899.0
2002-10-02,10.25,9.25,10.5,9.25,0.0,34050.0,89627899.0
2002-10-03,11.75,11.75,10.5,11.75,0.0,5000.0,89627899.0
2002-10-04,11.75,9.0,10.5,11.75,0.0,239809.0,89627899.0
2002-10-07,12.0,11.0,10.5,11.75,0.0,1018485.0,89627899.0
2002-10-08,12.5,10.0,11.0,11.75,0.0,512240.0,89627899.0
2002-10-09,13.0,10.5,12.0,12.75,0.0,3528079.0,89627899.0
2002-10-10,14.0,11.0,11.5,13.75,0.0,354676.0,89627899.0
2002-10-11,15.0,11.0,13.0,12.25,0.0,1650932.0,89627899.0
2002-10-14,15.75,12.25,14.5,15.0,0.0,374786.0,89627899.0
2002-10-15,17.0,16.0,15.75,16.5,0.0,242394.0,89627899.0
2002-10-16,19.0,15.5,18.25,15.5,0.0,319523.0,89627899.0
2002-10-17,19.0,17.5,18.25,18.8,0.0,115922.0,89627899.0
2002-10-18,18.7,16.5,18.25,18.7,0.0,115793.0,89627899.0
2002-10-21,18.5,15.5,16.75,18.5,0.0,143663.0,89627899.0
2002-10-22,18.0,15.0,16.0,17.5,0.0,82448.0,89627899.0
2002-10-23,17.5,17.5,16.25,17.5,0.0,13250.0,89627899.0
2002-10-24,17.65,15.35,16.5,15.35,0.0,538000.0,89627899.0
2002-10-25,17.65,15.35,16.5,17.65,0.0,18272.0,89627899.0
2002-10-28,17.8,15.6,16.5,17.8,0.0,8150.0,89627899.0
2002-10-29,17.65,15.0,14.0,17.65,0.0,8747.0,89627899.0
2002-10-30,15.75,12.0,13.0,15.75,0.0,120164.0,89627899.0
2002-10-31,13.75,13.75,13.0,13.75,0.0,8019.0,89627899.0
2002-11-01,13.75,12.25,13.0,13.75,0.0,33737.0,89627899.0
2002-11-04,13.8,13.75,13.0,13.75,0.0,30028.0,89627899.0
2002-11-05,15.75,13.75,14.0,13.75,0.0,8425.0,89627899.0
2002-11-06,15.8,15.8,14.0,15.8,0.0,5000.0,89627899.0
2002-11-07,15.75,15.0,14.0,15.75,0.0,15000.0,89627899.0
2002-11-08,15.75,15.4,14.0,15.75,0.0,4000.0,89627899.0
2002-11-11,16.0,15.75,14.0,16.0,0.0,9474.0,89627899.0
2002-11-12,15.75,15.75,14.0,15.75,0.0,6000.0,89627899.0
2002-11-13,15.75,13.5,14.0,15.25,0.0,51854.0,89627899.0
2002-11-14,15.8,15.8,13.5,15.8,0.0,4278.0,89627899.0
2002-11-15,12.25,10.0,11.0,12.25,0.0,786368.0,89627899.0
2002-11-18,11.75,10.5,11.0,11.75,0.0,136060.0,89627899.0
2002-11-19,12.0,11.75,11.0,11.75,0.0,41042.0,89627899.0
2002-11-20,11.75,10.0,11.0,11.75,0.0,115150.0,89627899.0
2002-11-21,11.75,8.15,9.5,10.88,0.0,251631.0,89627899.0
2002-11-22,11.0,8.25,9.5,10.25,0.0,167098.0,89627899.0
2002-11-25,10.75,7.5,8.5,10.75,0.0,355900.0,89627899.0
2002-11-26,11.75,8.25,10.0,10.0,0.0,232860.0,89627899.0
2002-11-27,12.0,9.32,10.5,11.75,0.0,225637.0,89627899.0
2002-11-28,13.0,10.0,11.5,12.0,0.0,21329.0,89627899.0
2002-11-29,12.75,10.0,11.5,12.75,0.0,44399.0,89627899.0
2002-12-02,11.5,11.5,11.5,11.5,0.0,0.0,89627899.0
2002-12-03,12.5,10.25,11.5,10.25,0.0,3900.0,89627899.0
2002-12-04,11.5,11.5,11.5,11.5,0.0,0.0,89627899.0
2002-12-05,12.5,11.2,11.5,12.5,0.0,3796.0,89627899.0
2002-12-06,12.5,12.49,11.5,12.5,0.0,14167.0,89627899.0
2002-12-09,10.66,9.0,9.5,10.25,0.0,202299.0,89627899.0
2002-12-10,9.31,8.15,9.5,9.0,0.0,141703.0,89627899.0
2002-12-11,9.75,8.15,9.75,8.25,0.0,95855.0,89627899.0
2002-12-12,8.85,6.0,8.0,7.5,0.0,793294.0,89627899.0
2002-12-13,10.25,7.5,9.0,7.5,0.0,129283.0,89627899.0
2002-12-16,9.75,7.5,8.5,8.0,0.0,212305.0,89627899.0
2002-12-17,9.75,7.5,8.75,7.5,0.0,847298.0,89627899.0
2002-12-18,9.0,7.5,8.75,7.875,0.0,117423.0,89627899.0
2002-12-19,8.5,7.5,7.5,7.5,0.0,173968.0,89627899.0
2002-12-20,8.25,6.5,7.5,8.25,0.0,411877.0,89627899.0
2002-12-23,8.25,8.25,7.5,8.25,0.0,36942.0,89627899.0
2002-12-24,8.25,8.25,7.5,8.25,0.0,9834.0,89627899.0
2002-12-25,7.5,7.5,7.5,7.5,0.0,0.0,89627899.0
2002-12-26,7.5,7.5,7.5,7.5,0.0,0.0,89627899.0
2002-12-27,8.0,8.0,7.5,8.0,0.0,12000.0,89627899.0
2002-12-30,8.25,6.75,7.5,8.25,0.0,74258.0,89627899.0
2002-12-31,9.0,7.0,7.5,9.0,0.0,25966.0,89627899.0
2003-01-01,7.5,7.5,7.5,7.5,0.0,0.0,89627899.0
2003-01-02,9.55,8.5,8.5,9.0,0.0,103662.0,89627899.0
2003-01-03,9.4,8.5,8.75,9.0,0.0,210073.0,89627899.0
2003-01-06,9.4,9.0,8.75,9.4,0.0,23000.0,89627899.0
2003-01-07,9.5,8.75,9.0,9.4,0.0,1193400.0,89627899.0
2003-01-08,9.5,9.5,9.0,9.5,0.0,12500.0,89627899.0
2003-01-09,9.5,9.5,9.0,9.5,0.0,62532.0,89627899.0
2003-01-10,9.5,8.5,9.25,9.5,0.0,366247.0,89627899.0
2003-01-13,12.25,8.68,11.25,9.775,0.0,1361419.0,89627899.0
2003-01-14,12.5,10.0,12.0,12.1,0.0,181676.0,89627899.0
2003-01-15,12.25,10.0,11.0,11.375,0.0,73045.0,89627899.0
2003-01-16,11.2,10.0,11.0,11.2,0.0,119020.0,89627899.0
2003-01-17,11.2,10.0,11.0,10.0,0.0,15277.0,89627899.0
2003-01-20,11.5,10.0,10.5,11.5,0.0,46288.0,89627899.0
2003-01-21,10.5,10.5,10.5,10.5,0.0,9382.0,89627899.0
2003-01-22,10.0,9.0,9.5,10.0,0.0,651848.0,89627899.0
2003-01-23,9.5,9.5,10.75,9.5,0.0,3000.0,89627899.0
2003-01-24,11.0,11.0,10.75,11.0,0.0,5000.0,89627899.0
2003-01-27,11.0,9.5,10.75,10.0,0.0,277500.0,89627899.0
2003-01-28,11.5,9.5,10.75,11.5,0.0,7100.0,89627899.0
2003-01-29,11.5,10.75,10.75,10.75,0.0,17290.0,89627899.0
2003-01-30,11.2,11.2,11.0,11.2,0.0,23000.0,89627899.0
2003-01-31,10.75,10.225,10.75,10.225,0.0,10798.0,89627899.0
2003-02-03,10.75,10.0,10.75,10.0,0.0,82500.0,89627899.0
2003-02-04,11.0,10.0,10.75,10.75,0.0,6875907.0,89627899.0
2003-02-05,11.5,10.0,10.75,11.0,0.0,62500.0,89627899.0
2003-02-06,11.25,10.225,10.75,10.225,0.0,6059.0,89627899.0
2003-02-07,11.25,11.25,10.75,11.25,0.0,2000.0,89627899.0
2003-02-10,10.75,10.75,10.75,10.75,0.0,0.0,89627899.0
2003-02-11,11.25,9.625,10.75,11.25,0.0,5611533.0,89627899.0
2003-02-12,11.0,11.0,10.75,11.0,0.0,7101.0,89627899.0
2003-02-13,10.75,10.75,11.0,10.75,0.0,519678.0,89627899.0
2003-02-14,11.5,10.0,11.0,11.0,0.0,83735.0,89627899.0
2003-02-17,10.3,10.3,11.0,10.3,0.0,1500.0,89627899.0
2003-02-18,10.0,10.0,10.0,10.0,0.0,1.0,89627899.0
2003-02-19,11.0,9.25,11.0,9.25,0.0,99736.0,89627899.0
2003-02-20,11.85,10.0,11.0,11.85,0.0,47449.0,89627899.0
2003-02-21,11.85,10.0,11.0,11.85,0.0,20000.0,89627899.0
2003-02-24,12.0,10.5,11.0,11.75,0.0,36509.0,89627899.0
2003-02-25,12.0,9.0,10.5,12.0,0.0,29286.0,89627899.0
2003-02-26,10.5,9.45,10.5,10.5,0.0,22357.0,89627899.0
2003-02-27,11.8,11.8,10.5,11.8,0.0,3500.0,89627899.0
2003-02-28,11.75,9.5,10.5,9.5,0.0,107513.0,89627899.0
2003-03-03,11.75,9.45,10.5,11.75,0.0,3000.0,89627899.0
2003-03-04,10.0,10.0,10.5,10.0,0.0,6666.0,89627899.0
2003-03-05,9.5,9.5,10.5,9.5,0.0,15000.0,89627899.0
2003-03-06,11.5,9.0,10.5,11.5,0.0,18342.0,89627899.0
2003-03-07,9.5,9.5,10.5,9.5,0.0,1971.0,89627899.0
2003-03-10,13.0,12.0,12.0,12.8,0.0,157203.0,89627899.0
2003-03-11,13.0,11.5,12.0,12.75,0.0,122293.0,89627899.0
2003-03-12,12.4,12.25,12.0,12.4,0.0,22023.0,89627899.0
2003-03-13,11.4,10.3,11.0,10.3,0.0,8631.0,89627899.0
2003-03-14,11.4,10.25,11.0,11.3,0.0,33154.0,89627899.0
2003-03-17,11.4,10.25,11.0,11.4,0.0,10800.0,89627899.0
2003-03-18,11.7,9.375,10.5,11.7,0.0,114211.0,89627899.0
2003-03-19,11.5,11.375,11.0,11.4,0.0,12472.0,89627899.0
2003-03-20,11.5,11.375,11.0,11.375,0.0,1204.0,89627899.0
2003-03-21,11.5,10.6,11.5,11.375,0.0,50827.0,89627899.0
2003-03-24,12.25,10.2,11.5,12.25,0.0,8268.0,89627899.0
2003-03-25,10.9,10.0,11.5,10.9,0.0,37000.0,89627899.0
2003-03-26,12.25,11.5,11.5,11.5,0.0,11000.0,89627899.0
2003-03-27,12.0,10.25,11.5,10.9,0.0,15778.0,89627899.0
2003-03-28,10.5,10.5,11.5,10.5,0.0,5000.0,89627899.0
2003-03-31,10.25,10.25,11.5,10.25,0.0,2000.0,89627899.0
2003-04-01,13.0,10.25,11.5,12.5,0.0,262374.0,89627899.0
2003-04-02,10.25,10.25,11.25,10.25,0.0,7295.0,89627899.0
2003-04-03,12.25,10.5,11.25,10.5,0.0,65020.0,89627899.0
2003-04-04,12.25,12.25,11.25,12.25,0.0,2000.0,89627899.0
2003-04-07,12.31,12.25,11.25,12.31,0.0,30861.0,89627899.0
2003-04-08,12.25,11.0,11.25,12.25,0.0,15000.0,89627899.0
2003-04-09,12.5,11.0,11.75,12.25,0.0,168797.0,89627899.0
2003-04-10,13.0,11.4,12.0,12.5,0.0,31491.0,89627899.0
2003-04-11,13.0,12.0,12.0,13.0,0.0,25769.0,89627899.0
2003-04-14,10.5,10.5,12.0,10.5,0.0,250000.0,89627899.0
2003-04-15,10.95,10.95,12.0,10.95,0.0,10919.0,89627899.0
2003-04-16,10.95,10.75,12.0,10.95,0.0,4959.0,89627899.0
2003-04-17,10.0,10.0,12.0,10.0,0.0,430000.0,89627899.0
2003-04-18,12.0,12.0,12.0,12.0,0.0,0.0,89627899.0
2003-04-21,12.0,12.0,12.0,12.0,0.0,0.0,89627899.0
2003-04-22,13.0,12.5,12.0,12.5,0.0,10232.0,89627899.0
2003-04-23,12.875,11.25,12.0,12.5,0.0,34500.0,89627899.0
2003-04-24,12.5,12.5,12.0,12.5,0.0,561.0,89627899.0
2003-04-25,11.25,11.25,12.0,11.25,0.0,2168.0,89627899.0
2003-04-28,12.5,11.25,12.0,12.5,0.0,46325.0,89627899.0
2003-04-29,12.5,11.5,12.0,12.5,0.0,40800.0,89627899.0
2003-04-30,12.5,12.5,12.0,12.5,0.0,2000.0,89627899.0
2003-05-01,12.5,12.0,12.0,12.0,0.0,2500.0,89627899.0
2003-05-02,12.5,11.15,12.0,12.5,0.0,13272.0,89627899.0
2003-05-05,12.0,12.0,12.0,12.0,0.0,0.0,89627899.0
2003-05-06,11.25,11.15,12.0,11.25,0.0,1300.0,89627899.0
2003-05-07,11.25,11.25,12.0,11.25,0.0,20000.0,89627899.0
2003-05-08,12.5,12.5,12.0,12.5,0.0,785.0,89627899.0
2003-05-09,11.25,11.25,12.0,11.25,0.0,1580.0,89627899.0
2003-05-12,12.5,11.5,12.0,12.5,0.0,32684.0,89627899.0
2003-05-13,11.18,11.0,11.75,11.18,0.0,25240.0,89627899.0
2003-05-14,11.0375,10.12,10.625,10.93,0.0,454000.0,89627899.0
2003-05-15,10.5,10.0,10.0,10.1875,0.0,156500.0,89627899.0
2003-05-16,11.0,10.3333,10.5,10.3333,0.0,9789.0,89627899.0
2003-05-19,11.0,10.0,10.5,10.75,0.0,19614.0,89627899.0
2003-05-20,10.0,10.0,10.5,10.0,0.0,6896.0,89627899.0
2003-05-21,11.0,10.75,10.5,10.75,0.0,23000.0,89627899.0
2003-05-22,10.75,10.0,10.0,10.75,0.0,18032.0,89627899.0
2003-05-23,10.0,9.25,10.0,10.0,0.0,9690.0,89627899.0
2003-05-26,10.0,10.0,10.0,10.0,0.0,0.0,89627899.0
2003-05-27,10.75,10.7,10.0,10.75,0.0,8000.0,89627899.0
2003-05-28,9.5,9.5,10.0,9.5,0.0,3325.0,89627899.0
2003-05-29,10.5,9.5,10.0,9.5,0.0,12667.0,89627899.0
2003-05-30,10.5,9.75,10.0,10.5,0.0,10195.0,89627899.0
2003-06-02,10.25,9.0,9.5,10.25,0.0,93730.0,89627899.0
2003-06-03,10.25,8.5,9.5,9.0,0.0,191000.0,89627899.0
2003-06-04,9.0,9.0,9.5,9.0,0.0,150000.0,89627899.0
2003-06-05,10.5,9.7,10.0,10.25,0.0,26738.0,89627899.0
2003-06-06,11.0,10.25,10.5,10.5,0.0,32858.0,89627899.0
2003-06-09,11.0,11.0,10.5,11.0,0.0,4409.0,89627899.0
2003-06-10,10.875,10.875,10.5,10.875,0.0,5000.0,89627899.0
2003-06-11,11.0,10.25,10.5,10.25,0.0,28000.0,89627899.0
2003-06-12,11.0,10.75,11.5,11.0,0.0,6435.0,89627899.0
2003-06-13,12.0,11.0,11.5,11.07,0.0,50133.0,89627899.0
2003-06-16,11.5,11.0,11.5,11.0,0.0,77833.0,89627899.0
2003-06-17,11.5,11.0,11.5,11.5,0.0,8728.0,89627899.0
2003-06-18,12.0,11.0,11.5,11.0625,0.0,189854.0,89627899.0
2003-06-19,11.7,11.25,11.5,11.7,0.0,5210.0,89627899.0
2003-06-20,11.85,11.85,11.5,11.85,0.0,198.0,89627899.0
2003-06-23,11.7,10.0,11.0,11.07,0.0,74560.0,89627899.0
2003-06-24,10.75,10.75,10.75,10.75,0.0,1.0,89627899.0
2003-06-25,10.75,10.75,10.75,10.75,0.0,0.0,89627899.0
2003-06-26,10.375,10.375,10.75,10.375,0.0,3000.0,89627899.0
2003-06-27,11.75,11.75,11.125,11.75,0.0,11855.0,89627899.0
2003-06-30,11.563,11.563,11.125,11.563,0.0,1500.0,89627899.0
2003-07-01,11.75,10.7,10.875,11.75,0.0,28800.0,89627899.0
2003-07-02,11.75,10.0,10.875,11.5,0.0,77568.0,89627899.0
2003-07-03,11.3125,10.0,10.875,11.3125,0.0,4200.0,89627899.0
2003-07-04,11.3125,10.0,10.875,11.3125,0.0,3505.0,89627899.0
2003-07-07,11.5,10.438,10.875,11.5,0.0,11718.0,89627899.0
2003-07-08,10.25,10.0,10.875,10.25,0.0,14000.0,89627899.0
2003-07-09,10.875,10.875,10.875,10.875,0.0,0.0,89627899.0
2003-07-10,11.5,11.5,10.875,11.5,0.0,10000.0,89627899.0
2003-07-11,10.2625,10.2625,10.875,10.2625,0.0,136.0,89627899.0
2003-07-14,11.3,10.2625,10.875,11.3,0.0,15462.0,89627899.0
2003-07-15,10.875,10.875,10.875,10.875,0.0,0.0,89627899.0
2003-07-16,11.138,11.138,10.875,11.138,0.0,2244.0,89627899.0
2003-07-17,11.1375,10.0,10.375,11.1375,0.0,13594.0,89627899.0
2003-07-18,9.75,9.75,10.125,9.75,0.0,7115.0,89627899.0
2003-07-21,10.88,10.13,10.875,10.13,0.0,70178.0,89627899.0
2003-07-22,10.88,10.0,10.0,10.88,0.0,170648.0,89627899.0
2003-07-23,10.0,9.5,9.5,10.0,0.0,441606.0,89627899.0
2003-07-24,10.13,10.0,10.125,10.0,0.0,23730.0,89627899.0
2003-07-25,10.25,10.13,10.25,10.13,0.0,11564.0,89627899.0
2003-07-28,10.25,10.25,10.25,10.25,0.0,3528.0,89627899.0
2003-07-29,10.25,10.25,10.25,10.25,0.0,80934.0,89627899.0
2003-07-30,10.25,10.25,10.25,10.25,0.0,100000.0,89627899.0
2003-07-31,10.25,10.25,10.25,10.25,0.0,0.0,89627899.0
2003-08-01,10.25,10.25,10.25,10.25,0.0,379901.0,89627899.0
2003-08-04,11.13,10.25,11.125,10.25,0.0,212130.0,89627899.0
2003-08-05,11.13,11.125,11.125,11.13,0.0,170594.0,89627899.0
2003-08-06,11.125,11.125,11.125,11.125,0.0,0.0,89627899.0
2003-08-07,11.13,11.125,11.125,11.130000000000003,0.0,1.0,89627899.0
2003-08-08,11.63,11.13,11.5,11.13,0.0,55123.0,89627899.0
2003-08-11,11.88,11.75,11.875,11.75,0.0,303692.0,89627899.0
2003-08-12,11.88,11.875,11.875,11.88,0.0,5697.0,89627899.0
2003-08-13,12.75,11.88,12.25,11.88,0.0,306394.0,89627899.0
2003-08-14,12.25,12.25,12.25,12.25,0.0,102912.0,89627899.0
2003-08-15,12.5,12.25,12.5,12.25,0.0,348731.0,89627899.0
2003-08-18,12.75,12.5,12.75,12.5,0.0,218959.0,89627899.0
2003-08-19,13.63,12.75,13.625,12.75,0.0,395667.0,89627899.0
2003-08-20,13.625,13.625,13.625,13.625,0.0,0.0,89627899.0
2003-08-21,14.25,13.5,13.5,13.75,0.0,1057675.0,89627899.0
2003-08-22,13.75,13.0,13.5,13.75,0.0,905370.0,89627899.0
2003-08-25,13.5,13.5,13.5,13.5,0.0,0.0,89627899.0
2003-08-26,13.88,13.5,13.875,13.5,0.0,315712.0,89627899.0
2003-08-27,14.25,13.88,14.25,13.88,0.0,1975748.0,89627899.0
2003-08-28,14.25,14.25,14.25,14.25,0.0,385885.0,89627899.0
2003-08-29,14.25,14.25,14.25,14.25,0.0,150497.0,89627899.0
2003-09-01,14.25,14.25,14.25,14.25,0.0,60801.0,89627899.0
2003-09-02,14.25,14.25,14.25,14.25,0.0,51213.0,89627899.0
2003-09-03,14.25,14.25,14.25,14.25,0.0,43250.0,89627899.0
2003-09-04,14.25,14.25,14.25,14.25,0.0,49061.0,89627899.0
2003-09-05,14.25,14.0,14.0,14.25,0.0,136193.0,89627899.0
2003-09-08,14.0,14.0,14.0,14.0,0.0,51459.0,89627899.0
2003-09-09,14.0,13.75,13.75,14.0,0.0,1085541.0,89627899.0
2003-09-10,13.75,13.5,13.5,13.75,0.0,95002.0,89627899.0
2003-09-11,12.75,12.75,12.75,12.75,0.0,45749.0,89627899.0
2003-09-12,12.75,11.75,11.75,12.75,0.0,290772.0,89627899.0
2003-09-15,12.0,11.75,11.75,11.75,0.0,155798.0,89627899.0
2003-09-16,11.75,11.75,11.75,11.75,0.0,9160.0,89627899.0
2003-09-17,12.0,11.75,12.0,11.75,0.0,183387.0,89627899.0
2003-09-18,12.5,12.0,12.5,12.0,0.0,2791843.0,89627899.0
2003-09-19,13.125,12.25,12.25,12.625,0.0,1326706.0,89659399.0
2003-09-22,12.25,12.25,12.25,12.25,0.0,265961.0,89659399.0
2003-09-23,12.25,12.25,12.25,12.25,0.0,149672.0,89659399.0
2003-09-24,12.25,12.25,12.25,12.25,0.0,62501.0,89659399.0
2003-09-25,12.25,10.25,10.25,12.25,0.0,161036.0,89659399.0
2003-09-26,10.75,10.75,10.75,10.75,0.0,72498.0,89659399.0
2003-09-29,10.75,10.75,10.75,10.75,0.0,64357.0,89659399.0
2003-09-30,11.0,9.75,9.75,10.75,0.0,515554.0,89659399.0
2003-10-01,10.25,9.75,10.25,9.75,0.0,1063811.0,89659399.0
2003-10-02,10.25,10.25,10.25,10.25,0.0,45221.0,89659399.0
2003-10-03,10.25,10.25,10.25,10.25,0.0,77544.0,89659399.0
2003-10-06,10.25,10.25,10.25,10.25,0.0,20012.0,89659399.0
2003-10-07,10.25,10.25,10.25,10.25,0.0,824176.0,89659399.0
2003-10-08,10.25,10.25,10.25,10.25,0.0,17953.0,89659399.0
2003-10-09,11.25,11.0,11.25,11.0,0.0,1045399.0,89659399.0
2003-10-10,11.25,11.25,11.25,11.25,0.0,176505.0,89659399.0
2003-10-13,11.25,10.5,10.5,11.25,0.0,80712.0,89659399.0
2003-10-14,10.5,10.5,10.5,10.5,0.0,82480.0,89659399.0
2003-10-15,10.5,9.25,10.0,10.5,0.0,838149.0,89659399.0
2003-10-16,10.25,10.0,10.25,10.0,0.0,836523.0,89659399.0
2003-10-17,11.5,10.5,11.5,10.5,0.0,2202280.0,89659399.0
2003-10-20,11.25,11.25,11.25,11.25,0.0,157048.0,89659399.0
2003-10-21,11.25,11.0,11.0,11.25,0.0,157068.0,89659399.0
2003-10-22,11.0,11.0,11.0,11.0,0.0,27983.0,89659399.0
2003-10-23,11.0,10.75,10.75,11.0,0.0,87538.0,89659399.0
2003-10-24,10.75,10.75,10.75,10.75,0.0,2120000.0,89659399.0
2003-10-27,10.75,10.75,10.75,10.75,0.0,4000.0,89659399.0
2003-10-28,10.75,10.75,10.75,10.75,0.0,30816.0,89659399.0
2003-10-29,10.75,10.5,10.75,10.75,0.0,53178.0,89659399.0
2003-10-30,10.75,10.75,10.75,10.75,0.0,77545.0,89659399.0
2003-10-31,10.75,10.75,10.75,10.75,0.0,277003.0,89659399.0
2003-11-03,10.75,10.25,10.75,10.75,0.0,64376.0,89659399.0
2003-11-04,10.75,10.75,10.75,10.75,0.0,112715.0,89659399.0
2003-11-05,10.75,10.5,10.5,10.75,0.0,165000.0,89659399.0
2003-11-06,10.5,10.25,10.25,10.5,0.0,205735.0,89659399.0
2003-11-07,10.25,10.0,10.0,10.25,0.0,41370.0,89659399.0
2003-11-10,10.0,10.0,10.0,10.0,0.0,156887.0,89659399.0
2003-11-11,10.0,10.0,10.0,10.0,0.0,104416.0,89659399.0
2003-11-12,10.0,10.0,10.0,10.0,0.0,114825.0,89683855.0
2003-11-13,10.0,10.0,10.0,10.0,0.0,20935.0,89683855.0
2003-11-14,10.0,10.0,10.0,10.0,0.0,16385.0,89683855.0
2003-11-17,10.0,10.0,10.0,10.0,0.0,21002.0,89683855.0
2003-11-18,10.25,10.0,10.25,10.0,0.0,129000.0,89683855.0
2003-11-19,10.25,10.25,10.25,10.25,0.0,45721.0,89683855.0
2003-11-20,10.25,10.25,10.25,10.25,0.0,100900.0,89683855.0
2003-11-21,10.25,10.25,10.25,10.25,0.0,270360.0,89683855.0
2003-11-24,10.25,9.75,10.0,10.25,0.0,765129.0,89683855.0
2003-11-25,10.25,10.25,10.25,10.25,0.0,12603.0,89683855.0
2003-11-26,10.25,10.25,10.25,10.25,0.0,0.0,89683855.0
2003-11-27,10.25,10.25,10.25,10.25,0.0,121146.0,89683855.0
2003-11-28,10.25,10.25,10.25,10.25,0.0,200925.0,89683855.0
2003-12-01,10.25,10.25,10.25,10.25,0.0,162876.0,89683855.0
2003-12-02,10.25,10.25,10.25,10.25,0.0,637.0,89683855.0
2003-12-03,10.25,10.25,10.25,10.25,0.0,150000.0,89683855.0
2003-12-04,10.25,10.25,10.25,10.25,0.0,35200.0,89683855.0
2003-12-05,10.25,10.0,10.0,10.25,0.0,1353.0,89683855.0
2003-12-08,10.25,10.0,10.0,10.25,0.0,44064.0,89683855.0
2003-12-09,10.0,10.0,10.0,10.0,0.0,0.0,89683855.0
2003-12-10,10.0,10.0,10.0,10.0,0.0,19000.0,89683855.0
2003-12-11,10.0,10.0,10.0,10.0,0.0,417858.0,89683855.0
2003-12-12,10.0,10.0,10.0,10.0,0.0,227089.0,89683855.0
2003-12-15,10.0,10.0,10.0,10.0,0.0,27576.0,89683855.0
2003-12-16,10.0,10.0,10.0,10.0,0.0,54825.0,89683855.0
2003-12-17,10.0,9.0,9.0,10.0,0.0,195051.0,89683855.0
2003-12-18,9.25,9.0,9.25,9.0,0.0,76592.0,89683855.0
2003-12-19,9.25,9.25,9.25,9.25,0.0,23621.0,89683855.0
2003-12-22,9.125,9.125,9.125,9.125,0.0,40259.0,89683855.0
2003-12-23,9.125,9.125,9.125,9.125,0.0,25000.0,89683855.0
2003-12-24,9.125,9.125,9.125,9.125,0.0,72000.0,89683855.0
2003-12-25,9.125,9.125,9.125,9.125,0.0,0.0,89683855.0
2003-12-26,9.125,9.125,9.125,9.125,0.0,0.0,89683855.0
2003-12-29,9.125,9.125,9.125,9.125,0.0,0.0,89683855.0
2003-12-30,9.125,9.125,9.125,9.125,0.0,2250.0,89683855.0
2003-12-31,9.125,9.125,9.125,9.125,0.0,1052.0,89683855.0
2004-01-01,9.125,9.125,9.125,9.125,0.0,0.0,89683855.0
2004-01-02,9.125,9.125,9.125,9.125,0.0,10570.0,89683855.0
2004-01-04,9.125,9.125,9.125,9.125,0.0,0.0,89683855.0
2004-01-05,9.375,9.125,9.375,9.125,0.0,2500.0,89683855.0
2004-01-06,9.375,9.375,9.375,9.375,0.0,20266.0,89683855.0
2004-01-07,9.375,9.375,9.375,9.375,0.0,15147.0,89683855.0
2004-01-08,9.625,9.625,9.625,9.625,0.0,52092.0,89683855.0
2004-01-09,10.25,9.625,10.25,9.625,0.0,59854.0,89683855.0
2004-01-12,10.5,10.25,10.5,10.25,0.0,252486.0,89683855.0
2004-01-13,10.5,10.5,10.5,10.5,0.0,0.0,89683855.0
2004-01-14,10.5,10.5,10.5,10.5,0.0,0.0,89683855.0
2004-01-15,11.875,10.5,11.75,10.5,0.0,522758.0,89683855.0
2004-01-16,12.5,11.75,11.75,12.375,0.0,477797.0,89683855.0
2004-01-19,12.0,11.75,11.875,11.75,0.0,139718.0,89683855.0
2004-01-20,11.875,11.25,11.25,11.875,0.0,69409.0,89683855.0
2004-01-21,11.25,11.25,11.25,11.25,0.0,52996.0,89683855.0
2004-01-22,11.25,11.25,11.25,11.25,0.0,18878.0,89683855.0
2004-01-23,11.25,11.0,11.125,11.25,0.0,90004.0,89683855.0
2004-01-26,11.125,11.125,11.125,11.125,0.0,19468.0,89683855.0
2004-01-27,11.125,11.125,11.125,11.125,0.0,172114.0,89683855.0
2004-01-28,11.0,10.0,10.0,11.0,0.0,173236.0,89683855.0
2004-01-29,10.0,10.0,10.0,10.0,0.0,27152.0,89683855.0
2004-01-30,11.875,10.75,11.75,10.75,0.0,1800321.0,89683855.0
2004-02-02,13.75,11.75,13.5,11.75,0.0,2486029.0,89683855.0
2004-02-03,16.375,13.5,16.125,13.5,0.0,1879374.0,89683855.0
2004-02-04,16.125,15.0,15.0,16.125,0.0,1781138.0,89683855.0
2004-02-05,15.125,14.25,14.75,15.0,0.0,792447.0,89683855.0
2004-02-06,14.75,14.75,14.75,14.75,0.0,426944.0,89683855.0
2004-02-09,15.25,14.75,15.25,14.75,0.0,868028.0,89683855.0
2004-02-10,15.25,15.25,15.25,15.25,0.0,75878.0,89683855.0
2004-02-11,15.25,15.25,15.25,15.25,0.0,153675.0,89683855.0
2004-02-12,15.25,15.25,15.25,15.25,0.0,239721.0,89683855.0
2004-02-13,15.25,14.875,15.0,15.25,0.0,261427.0,89683855.0
2004-02-16,15.75,15.0,15.75,15.0,0.0,377826.0,89683855.0
2004-02-17,15.75,15.75,15.75,15.75,0.0,194535.0,89683855.0
2004-02-18,15.75,15.75,15.75,15.75,0.0,108047.0,89683855.0
2004-02-19,15.75,15.75,15.75,15.75,0.0,171558.0,89683855.0
2004-02-20,15.75,15.75,15.75,15.75,0.0,90720.0,89683855.0
2004-02-23,15.75,15.75,15.75,15.75,0.0,101548.0,89683855.0
2004-02-24,15.75,15.5,15.5,15.75,0.0,111536.0,89683855.0
2004-02-25,15.5,14.5,14.5,15.5,0.0,349749.0,89683855.0
2004-02-26,14.75,14.5,14.75,14.5,0.0,224384.0,89683855.0
2004-02-27,14.875,14.75,14.875,14.75,0.0,42017.0,89683855.0
2004-03-01,15.0,14.875,15.0,14.875,0.0,167686.0,89683855.0
2004-03-02,15.0,15.0,15.0,15.0,0.0,157897.0,89683855.0
2004-03-03,15.0,15.0,15.0,15.0,0.0,280335.0,89683855.0
2004-03-04,15.0,15.0,15.0,15.0,0.0,248649.0,89683855.0
2004-03-05,15.0,15.0,15.0,15.0,0.0,84716.0,89683855.0
2004-03-08,15.0,15.0,15.0,15.0,0.0,47460.0,89683855.0
2004-03-09,15.25,15.0,15.25,15.0,0.0,445445.0,89683855.0
2004-03-10,15.25,15.25,15.25,15.25,0.0,51918.0,89683855.0
2004-03-11,15.25,15.0,15.0,15.25,0.0,54684.0,89683855.0
2004-03-12,15.0,15.0,15.0,15.0,0.0,94059.0,89683855.0
2004-03-15,15.0,14.5,14.5,15.0,0.0,93127.0,89683855.0
2004-03-16,14.0,14.0,14.0,14.0,0.0,52347.0,89683855.0
2004-03-17,14.0,14.0,14.0,14.0,0.0,52413.0,89683855.0
2004-03-18,13.75,13.75,13.75,13.75,0.0,88097.0,89683855.0
2004-03-19,13.75,13.75,13.75,13.75,0.0,35624.0,89683855.0
2004-03-22,13.75,13.5,13.5,13.75,0.0,324771.0,89683855.0
2004-03-23,13.875,13.5,13.75,13.5,0.0,299400.0,89683855.0
2004-03-24,13.5,11.75,12.25,13.5,0.0,749081.0,89683855.0
2004-03-25,13.0,12.25,13.0,12.25,0.0,530946.0,89683855.0
2004-03-26,13.125,13.0,13.125,13.0,0.0,387093.0,89683855.0
2004-03-29,13.125,13.125,13.125,13.125,0.0,186150.0,89683855.0
2004-03-30,13.375,13.375,13.375,13.375,0.0,24075.0,89683855.0
2004-03-31,13.375,13.375,13.375,13.375,0.0,15000.0,89683855.0
2004-04-01,13.375,13.375,13.375,13.375,0.0,117926.0,89683855.0
2004-04-02,13.375,13.375,13.375,13.375,0.0,53014.0,89683855.0
2004-04-05,13.375,13.375,13.375,13.375,0.0,234544.0,89683855.0
2004-04-06,13.375,13.25,13.25,13.375,0.0,257279.0,89683855.0
2004-04-07,13.25,13.25,13.25,13.25,0.0,230461.0,89683855.0
2004-04-08,13.25,13.25,13.25,13.25,0.0,217855.0,89683855.0
2004-04-09,13.25,13.25,13.25,13.25,0.0,0.0,89683855.0
2004-04-12,13.25,13.25,13.25,13.25,0.0,0.0,89683855.0
2004-04-13,13.25,13.25,13.25,13.25,0.0,49527.0,89683855.0
2004-04-14,13.25,13.25,13.25,13.25,0.0,74070.0,89683855.0
2004-04-15,13.375,13.125,13.375,13.25,0.0,147580.0,89683855.0
2004-04-16,13.375,13.375,13.375,13.375,0.0,303030.0,89683855.0
2004-04-19,13.375,12.75,12.75,13.375,0.0,105407.0,89683855.0
2004-04-20,12.75,12.5,12.5,12.75,0.0,716979.0,89683855.0
2004-04-21,12.0,11.75,12.0,12.0,0.0,261950.0,89683855.0
2004-04-22,12.0,12.0,12.0,12.0,0.0,70007.0,89683855.0
2004-04-23,12.0,12.0,12.0,12.0,0.0,415214.0,89683855.0
2004-04-26,12.0,11.75,11.75,12.0,0.0,111234.0,89683855.0
2004-04-27,11.75,11.75,11.75,11.75,0.0,64584.0,89683855.0
2004-04-28,11.75,11.75,11.75,11.75,0.0,63497.0,89683855.0
2004-04-29,12.0,12.0,12.0,12.0,0.0,32715.0,89683855.0
2004-04-30,12.0,12.0,12.0,12.0,0.0,45677.0,89683855.0
2004-05-03,12.0,12.0,12.0,12.0,0.0,0.0,89683855.0
2004-05-04,12.0,11.75,11.75,12.0,0.0,178908.0,89683855.0
2004-05-05,11.75,11.75,11.75,11.75,0.0,75192.0,89683855.0
2004-05-06,11.75,11.75,11.75,11.75,0.0,122920.0,89683855.0
2004-05-07,11.75,11.75,11.75,11.75,0.0,24327.0,89683855.0
2004-05-10,11.75,11.75,11.75,11.75,0.0,28125.0,89683855.0
2004-05-11,11.75,11.75,11.75,11.75,0.0,20111.0,89683855.0
2004-05-12,11.75,11.5,11.5,11.75,0.0,800.0,89683855.0
2004-05-13,11.5,11.5,11.5,11.5,0.0,219876.0,89683855.0
2004-05-14,11.5,10.25,10.25,11.5,0.0,172669.0,89683855.0
2004-05-17,10.25,9.25,9.5,10.25,0.0,284079.0,89683855.0
2004-05-18,10.25,9.5,10.25,9.5,0.0,152429.0,89683855.0
2004-05-19,10.5,10.25,10.5,10.25,0.0,117601.0,89683855.0
2004-05-20,10.5,10.5,10.5,10.5,0.0,30675.0,89683855.0
2004-05-21,10.5,10.5,10.5,10.5,0.0,48579.0,89683855.0
2004-05-24,10.5,10.5,10.5,10.5,0.0,22506.0,89683855.0
2004-05-25,10.5,10.5,10.5,10.5,0.0,23545.0,89683855.0
2004-05-26,10.5,10.5,10.5,10.5,0.0,66406.0,89683855.0
2004-05-27,10.5,10.5,10.5,10.5,0.0,78600.0,89683855.0
2004-05-28,10.5,10.5,10.5,10.5,0.0,50000.0,89683855.0
2004-05-31,10.5,10.5,10.5,10.5,0.0,0.0,89683855.0
2004-06-01,10.5,10.25,10.25,10.5,0.0,49900.0,89683855.0
2004-06-02,10.25,10.25,10.25,10.25,0.0,34465.0,89683855.0
2004-06-03,10.25,10.25,10.25,10.25,0.0,22801.0,89683855.0
2004-06-04,10.25,10.25,10.25,10.25,0.0,100000.0,89683855.0
2004-06-07,10.25,10.25,10.25,10.25,0.0,26124.0,89683855.0
2004-06-08,10.25,10.25,10.25,10.25,0.0,46858.0,89683855.0
2004-06-09,10.25,10.25,10.25,10.25,0.0,30300.0,89683855.0
2004-06-10,10.25,10.25,10.25,10.25,0.0,22000.0,89683855.0
2004-06-11,10.5,10.25,10.5,10.25,0.0,443974.0,89727713.0
2004-06-14,10.5,10.5,10.5,10.5,0.0,534478.0,89727713.0
2004-06-15,10.5,10.5,10.5,10.5,0.0,11182.0,89727713.0
2004-06-16,10.5,10.5,10.5,10.5,0.0,16000.0,89727713.0
2004-06-17,10.5,10.5,10.5,10.5,0.0,100056.0,89727713.0
2004-06-18,10.5,10.5,10.5,10.5,0.0,82329.0,89727713.0
2004-06-21,10.5,10.5,10.5,10.5,0.0,5097.0,89727713.0
2004-06-22,10.5,10.5,10.5,10.5,0.0,25111.0,89727713.0
2004-06-23,10.5,10.0,10.0,10.5,0.0,102585.0,89727713.0
2004-06-24,10.25,10.0,10.25,10.0,0.0,11700.0,89727713.0
2004-06-25,10.25,10.0,10.0,10.25,0.0,1926.0,89727713.0
2004-06-28,10.0,10.0,10.0,10.0,0.0,44864.0,89727713.0
2004-06-29,10.0,10.0,10.0,10.0,0.0,23564.0,89727713.0
2004-06-30,10.5,10.0,10.5,10.0,0.0,616453.0,89727713.0
2004-07-01,11.0,10.625,11.0,10.625,0.0,272140.0,89727713.0
2004-07-02,11.0,11.0,11.0,11.0,0.0,62001.0,89774343.0
2004-07-05,11.0,10.75,10.75,11.0,0.0,243953.0,89774343.0
2004-07-06,10.875,10.75,10.875,10.75,0.0,40989.0,89774343.0
2004-07-07,10.875,10.875,10.875,10.875,0.0,109484.0,89774343.0
2004-07-08,10.875,10.75,10.75,10.875,0.0,60824.0,89774343.0
2004-07-09,10.75,10.75,10.75,10.75,0.0,4365.0,89774343.0
2004-07-12,10.75,10.75,10.75,10.75,0.0,20131.0,89774343.0
2004-07-13,10.75,10.75,10.75,10.75,0.0,1157.0,89774343.0
2004-07-14,10.75,10.75,10.75,10.75,0.0,31765.0,89774343.0
2004-07-15,10.75,10.75,10.75,10.75,0.0,79658.0,89774343.0
2004-07-16,10.75,10.75,10.75,10.75,0.0,170663.0,89774343.0
2004-07-19,10.75,10.75,10.75,10.75,0.0,15955.0,89774343.0
2004-07-20,10.75,10.75,10.75,10.75,0.0,69600.0,89774343.0
2004-07-21,12.75,11.0,12.75,11.0,0.0,568165.0,89774343.0
2004-07-22,12.75,12.75,12.75,12.75,0.0,101412.0,89774343.0
2004-07-23,12.75,12.75,12.75,12.75,0.0,376880.0,89774343.0
2004-07-26,12.75,12.75,12.75,12.75,0.0,69716.0,89774343.0
2004-07-27,12.75,11.75,11.75,12.75,0.0,138666.0,89774343.0
2004-07-28,11.75,11.5,11.5,11.75,0.0,71440.0,89774343.0
2004-07-29,11.5,11.5,11.5,11.5,0.0,10797.0,89774343.0
2004-07-30,11.5,11.5,11.5,11.5,0.0,50000.0,89774343.0
2004-08-02,11.5,11.5,11.5,11.5,0.0,60231.0,89774343.0
2004-08-03,11.5,11.25,11.25,11.5,0.0,125963.0,89774343.0
2004-08-04,11.25,11.0,11.0,11.25,0.0,89239.0,89774343.0
2004-08-05,11.25,11.0,11.25,11.0,0.0,38597.0,89774343.0
2004-08-06,11.25,11.25,11.25,11.25,0.0,1050.0,89774343.0
2004-08-09,11.25,11.25,11.25,11.25,0.0,3895.0,89774343.0
2004-08-10,11.25,11.25,11.25,11.25,0.0,3976.0,89774343.0
2004-08-11,11.25,11.25,11.25,11.25,0.0,57727.0,89774343.0
2004-08-12,11.25,11.25,11.25,11.25,0.0,18575.0,89774343.0
2004-08-13,11.25,11.0,11.0,11.25,0.0,62844.0,89774343.0
2004-08-16,11.25,11.0,11.25,11.0,0.0,133709.0,89774343.0
2004-08-17,12.0,11.25,12.0,11.25,0.0,174492.0,89774343.0
2004-08-18,12.0,11.25,11.25,12.0,0.0,374000.0,89774343.0
2004-08-19,11.25,11.0,11.0,11.25,0.0,265162.0,89774343.0
2004-08-20,11.0,11.0,11.0,11.0,0.0,45431.0,89774343.0
2004-08-23,11.25,11.0,11.25,11.0,0.0,107000.0,89774343.0
2004-08-24,11.25,11.0,11.0,11.25,0.0,249938.0,89774343.0
2004-08-25,11.0,10.75,10.75,11.0,0.0,399000.0,89774343.0
2004-08-26,10.75,10.75,10.75,10.75,0.0,17128.0,89774343.0
2004-08-27,10.75,10.5,10.75,10.5,0.0,279884.0,89774343.0
2004-08-30,10.75,10.75,10.75,10.75,0.0,0.0,89774343.0
2004-08-31,10.75,10.75,10.75,10.75,0.0,127500.0,89774343.0
2004-09-01,10.75,10.75,10.75,10.75,0.0,9426.0,89774343.0
2004-09-02,10.75,10.75,10.75,10.75,0.0,106269.0,89774343.0
2004-09-03,11.0,10.75,11.0,10.75,0.0,1343401.0,89774343.0
2004-09-06,10.75,10.75,10.75,10.75,0.0,132745.0,89774343.0
2004-09-07,10.75,10.75,10.75,10.75,0.0,24088.0,89774343.0
2004-09-08,10.75,10.75,10.75,10.75,0.0,50000.0,89774343.0
2004-09-09,10.75,9.5,9.5,10.75,0.0,531075.0,89774343.0
2004-09-10,10.0,9.5,10.0,9.5,0.0,265847.0,89774343.0
2004-09-13,10.0,10.0,10.0,10.0,0.0,79614.0,89774343.0
2004-09-14,9.75,9.25,9.5,9.75,0.0,210814.0,89774343.0
2004-09-15,9.75,9.5,9.75,9.5,0.0,107554.0,89774343.0
2004-09-16,9.75,9.75,9.75,9.75,0.0,100520.0,89774343.0
2004-09-17,9.75,9.75,9.75,9.75,0.0,170748.0,89774343.0
2004-09-20,9.75,9.75,9.75,9.75,0.0,67200.0,89774343.0
2004-09-21,10.0,9.75,10.0,9.75,0.0,226723.0,89774343.0
2004-09-22,11.0,10.5,11.0,10.5,0.0,1037781.0,89774343.0
2004-09-23,11.375,10.84,11.125,11.0,0.0,409013.0,89774343.0
2004-09-24,11.375,11.375,11.375,11.375,0.0,2927771.0,89774343.0
2004-09-27,11.375,11.375,11.375,11.375,0.0,112142.0,89774343.0
2004-09-28,11.5,11.375,11.5,11.375,0.0,225894.0,89774343.0
2004-09-29,11.75,11.5,11.5,11.5,0.0,575810.0,89774343.0
2004-09-30,11.5,11.5,11.5,11.5,0.0,107404.0,89774343.0
2004-10-01,11.5,11.5,11.5,11.5,0.0,70343.0,89774343.0
2004-10-04,11.5,11.5,11.5,11.5,0.0,75500.0,89774343.0
2004-10-05,11.5,11.5,11.5,11.5,0.0,63604.0,89774343.0
2004-10-06,11.5,11.25,11.25,11.5,0.0,52883.0,89774343.0
2004-10-07,11.25,11.25,11.25,11.25,0.0,76096.0,89774343.0
2004-10-08,11.25,11.25,11.25,11.25,0.0,96352.0,89774343.0
2004-10-11,11.25,11.0,11.0,11.25,0.0,236756.0,89774343.0
2004-10-12,11.0,11.0,11.0,11.0,0.0,199578.0,89774343.0
2004-10-13,10.75,10.75,10.75,10.75,0.0,314965.0,89774343.0
2004-10-14,10.75,10.75,10.75,10.75,0.0,25206.0,89774343.0
2004-10-15,10.75,10.75,10.75,10.75,0.0,92395.0,89774343.0
2004-10-18,11.0,10.75,11.0,10.75,0.0,802249.0,89774343.0
2004-10-19,11.5,11.125,11.5,11.125,0.0,2978863.0,89774343.0
2004-10-20,11.5,11.5,11.5,11.5,0.0,140925.0,89774343.0
2004-10-21,11.5,11.5,11.5,11.5,0.0,56714.0,89774343.0
2004-10-22,11.5,11.5,11.5,11.5,0.0,46277.0,89774343.0
2004-10-25,11.5,11.5,11.5,11.5,0.0,6773.0,89774343.0
2004-10-26,11.5,11.5,11.5,11.5,0.0,172596.0,89774343.0
2004-10-27,11.5,11.25,11.25,11.5,0.0,1026480.0,89774343.0
2004-10-28,11.25,11.25,11.25,11.25,0.0,3875.0,89774343.0
2004-10-29,11.5,11.25,11.5,11.25,0.0,124027.0,89774343.0
2004-11-01,11.75,11.5,11.75,11.5,0.0,84768.0,89774343.0
2004-11-02,11.75,11.75,11.75,11.75,0.0,292026.0,89774343.0
2004-11-03,11.5,11.5,11.5,11.5,0.0,111795.0,89774343.0
2004-11-04,11.625,11.375,11.375,11.5,0.0,322550.0,89774343.0
2004-11-05,11.5,11.375,11.5,11.375,0.0,209672.0,89774343.0
2004-11-08,11.5,11.5,11.5,11.5,0.0,113170.0,89774343.0
2004-11-09,11.5,11.5,11.5,11.5,0.0,271654.0,89774343.0
2004-11-10,11.625,11.5,11.625,11.5,0.0,2643613.0,89774343.0
2004-11-11,12.25,11.875,11.875,12.125,0.0,1190697.0,89774343.0
2004-11-12,12.0,12.0,12.0,12.0,0.0,364439.0,89774343.0
2004-11-15,12.0,12.0,12.0,12.0,0.0,610008.0,89774343.0
2004-11-16,12.0,12.0,12.0,12.0,0.0,117990.0,89774343.0
2004-11-17,12.0,12.0,12.0,12.0,0.0,28599.0,89774343.0
2004-11-18,12.0,11.75,11.75,12.0,0.0,99663.0,89774343.0
2004-11-19,11.75,11.75,11.75,11.75,0.0,80373.0,89774343.0
2004-11-22,11.75,11.75,11.75,11.75,0.0,196272.0,89774343.0
2004-11-23,11.75,11.75,11.75,11.75,0.0,97353.0,89774343.0
2004-11-24,11.75,11.75,11.75,11.75,0.0,101525.0,89774343.0
2004-11-25,11.75,11.75,11.75,11.75,0.0,900449.0,89774343.0
2004-11-26,11.75,11.75,11.75,11.75,0.0,197966.0,89774343.0
2004-11-29,11.75,11.75,11.75,11.75,0.0,48493.0,89774343.0
2004-11-30,11.75,11.75,11.75,11.75,0.0,27360.0,89774343.0
2004-12-01,11.75,11.75,11.75,11.75,0.0,36426.0,89774343.0
2004-12-02,11.75,11.75,11.75,11.75,0.0,39625.0,89774343.0
2004-12-03,11.75,11.75,11.75,11.75,0.0,42417.0,89774343.0
2004-12-06,11.75,11.75,11.75,11.75,0.0,386893.0,89774343.0
2004-12-07,11.75,11.75,11.75,11.75,0.0,99777.0,89774343.0
2004-12-08,11.75,11.75,11.75,11.75,0.0,5481.0,89774343.0
2004-12-09,11.75,11.75,11.75,11.75,0.0,38598.0,89774343.0
2004-12-10,11.75,11.75,11.75,11.75,0.0,11778.0,89774343.0
2004-12-13,11.75,11.75,11.75,11.75,0.0,69978.0,89774343.0
2004-12-14,11.75,11.75,11.75,11.75,0.0,15535.0,89774343.0
2004-12-15,11.75,11.75,11.75,11.75,0.0,17481.0,89774343.0
2004-12-16,11.75,11.75,11.75,11.75,0.0,16850.0,89774343.0
2004-12-17,11.75,11.75,11.75,11.75,0.0,87690.0,89774343.0
2004-12-20,11.75,11.75,11.75,11.75,0.0,400.0,89774343.0
2004-12-21,11.75,11.75,11.75,11.75,0.0,15930.0,89774343.0
2004-12-22,11.75,11.75,11.75,11.75,0.0,14048.0,89774343.0
2004-12-23,11.75,11.75,11.75,11.75,0.0,50000.0,89774343.0
2004-12-24,11.75,11.75,11.75,11.75,0.0,91721.0,89774343.0
2004-12-27,11.75,11.75,11.75,11.75,0.0,0.0,89774343.0
2004-12-28,11.75,11.75,11.75,11.75,0.0,0.0,89774343.0
2004-12-29,11.75,11.75,11.75,11.75,0.0,9500.0,89774343.0
2004-12-30,11.75,11.75,11.75,11.75,0.0,14707.0,89774343.0
2004-12-31,11.75,11.75,11.75,11.75,0.0,6473.0,89774343.0
2005-01-03,11.75,11.75,11.75,11.75,0.0,0.0,89774343.0
2005-01-04,11.75,11.75,11.75,11.75,0.0,42175.0,89774343.0
2005-01-05,11.75,11.75,11.75,11.75,0.0,35897.0,89774343.0
2005-01-06,12.0,12.0,12.0,12.0,0.0,145000.0,89774343.0
2005-01-07,12.0,11.75,11.75,12.0,0.0,309242.0,89774343.0
2005-01-10,11.75,11.75,11.75,11.75,0.0,39438.0,89774343.0
2005-01-11,12.0,11.75,12.0,11.75,0.0,49761.0,89774343.0
2005-01-12,12.0,12.0,12.0,12.0,0.0,40396.0,89774343.0
2005-01-13,12.0,11.75,11.75,12.0,0.0,128928.0,89774343.0
2005-01-14,11.75,11.75,11.75,11.75,0.0,173486.0,89774343.0
2005-01-17,11.75,11.75,11.75,11.75,0.0,43350.0,89774343.0
2005-01-18,11.75,11.75,11.75,11.75,0.0,147014.0,89774343.0
2005-01-19,11.75,11.75,11.75,11.75,0.0,193793.0,89774343.0
2005-01-20,11.75,11.75,11.75,11.75,0.0,21363.0,89774343.0
2005-01-21,11.75,11.75,11.75,11.75,0.0,25000.0,89774343.0
2005-01-24,12.0,11.75,12.0,11.75,0.0,45998.0,89774343.0
2005-01-25,12.25,12.0,12.25,12.0,0.0,455162.0,89774343.0
2005-01-26,12.25,12.25,12.25,12.25,0.0,57733.0,89774343.0
2005-01-27,12.25,12.25,12.25,12.25,0.0,72745.0,89774343.0
2005-01-28,12.25,12.25,12.25,12.25,0.0,52189.0,89774343.0
2005-01-31,12.25,12.25,12.25,12.25,0.0,238523.0,89774343.0
2005-02-01,12.25,12.25,12.25,12.25,0.0,30416.0,89774343.0
2005-02-02,12.25,12.25,12.25,12.25,0.0,31753.0,89774343.0
2005-02-03,12.25,12.25,12.25,12.25,0.0,36077.0,89774343.0
2005-02-04,12.5,12.25,12.25,12.5,0.0,363755.0,89774343.0
2005-02-07,12.25,12.25,12.25,12.25,0.0,63468.0,89774343.0
2005-02-08,12.25,12.25,12.25,12.25,0.0,301008.0,89774343.0
2005-02-09,12.25,12.25,12.25,12.25,0.0,59813.0,89774343.0
2005-02-10,12.25,12.25,12.25,12.25,0.0,249542.0,89774343.0
2005-02-11,12.25,12.25,12.25,12.25,0.0,66725.0,89774343.0
2005-02-14,12.5,12.0,12.25,12.25,0.0,284100.0,89774343.0
2005-02-15,12.25,12.25,12.25,12.25,0.0,77673.0,89774343.0
2005-02-16,12.25,12.25,12.25,12.25,0.0,67606.0,89774343.0
2005-02-17,12.25,12.25,12.25,12.25,0.0,9000.0,89774343.0
2005-02-18,12.25,12.0,12.0,12.25,0.0,290779.0,89774343.0
2005-02-21,12.0,12.0,12.0,12.0,0.0,60689.0,89774343.0
2005-02-22,12.0,12.0,12.0,12.0,0.0,39273.0,89774343.0
2005-02-23,12.0,12.0,12.0,12.0,0.0,56534.0,89774343.0
2005-02-24,11.75,11.75,11.75,11.75,0.0,250565.0,89774343.0
2005-02-25,11.75,11.75,11.75,11.75,0.0,78988.0,89774343.0
2005-02-28,11.75,11.75,11.75,11.75,0.0,40327.0,89774343.0
2005-03-01,11.75,11.75,11.75,11.75,0.0,41449.0,89774343.0
2005-03-02,11.75,11.75,11.75,11.75,0.0,25808.0,89774343.0
2005-03-03,11.75,11.75,11.75,11.75,0.0,63253.0,89774343.0
2005-03-04,11.75,11.75,11.75,11.75,0.0,43835.0,89774343.0
2005-03-07,11.75,11.75,11.75,11.75,0.0,24166.0,89774343.0
2005-03-08,11.75,11.75,11.75,11.75,0.0,90027.0,89774343.0
2005-03-09,11.75,11.5,11.5,11.75,0.0,89372.0,89774343.0
2005-03-10,11.5,11.5,11.5,11.5,0.0,55780.0,89774343.0
2005-03-11,11.5,11.5,11.5,11.5,0.0,933632.0,89774343.0
2005-03-14,11.5,11.5,11.5,11.5,0.0,117523.0,89774343.0
2005-03-15,11.5,11.5,11.5,11.5,0.0,64700.0,89774343.0
2005-03-16,11.5,11.5,11.5,11.5,0.0,158316.0,89774343.0
2005-03-17,11.5,11.5,11.5,11.5,0.0,87939.0,89774343.0
2005-03-18,11.5,11.5,11.5,11.5,0.0,113825.0,89774343.0
2005-03-21,11.5,11.25,11.25,11.5,0.0,312084.0,89774343.0
2005-03-22,11.25,11.0,11.0,11.25,0.0,120739.0,89774343.0
2005-03-23,13.5,11.5,13.5,11.5,0.0,4940019.0,89774343.0
2005-03-24,13.75,13.5,13.5,13.5,0.0,1064712.0,89774343.0
2005-03-25,13.5,13.5,13.5,13.5,0.0,0.0,89774343.0
2005-03-28,13.5,13.5,13.5,13.5,0.0,0.0,89774343.0
2005-03-29,13.5,12.75,12.75,13.5,0.0,462692.0,89774343.0
2005-03-30,13.0,12.0,12.0,12.5,0.0,241409.0,89774343.0
2005-03-31,12.75,12.0,12.75,12.0,0.0,421356.0,89774343.0
2005-04-01,13.0,12.75,13.0,12.75,0.0,985109.0,89774343.0
2005-04-04,13.75,12.75,12.75,13.0,0.0,2986461.0,89774343.0
2005-04-05,13.0,12.75,13.0,12.75,0.0,530187.0,89774343.0
2005-04-06,13.0,12.75,13.0,12.75,0.0,287337.0,89774343.0
2005-04-07,13.25,12.75,12.75,13.0,0.0,491398.0,89774343.0
2005-04-08,13.5,12.75,13.25,12.75,0.0,1298976.0,89774343.0
2005-04-11,13.75,13.25,13.5,13.25,0.0,1080491.0,89774343.0
2005-04-12,15.75,13.5,15.75,13.5,0.0,1092191.0,89774343.0
2005-04-13,16.25,15.25,16.25,15.75,0.0,730287.0,89774343.0
2005-04-14,17.0,16.5,17.0,16.5,0.0,998804.0,89774343.0
2005-04-15,17.0,16.0,16.25,17.0,0.0,667783.0,89774343.0
2005-04-18,16.25,15.0,15.5,16.25,0.0,543346.0,89774343.0
2005-04-19,18.0,15.5,17.0,15.5,0.0,1098703.0,89774343.0
2005-04-20,19.25,18.0,18.5,18.0,0.0,2140978.0,89774343.0
2005-04-21,18.5,17.0,17.75,18.5,0.0,517045.0,89774343.0
2005-04-22,18.75,18.25,18.25,18.25,0.0,369491.0,89774343.0
2005-04-25,18.25,18.25,18.25,18.25,0.0,187033.0,89774343.0
2005-04-26,18.25,18.25,18.25,18.25,0.0,101160.0,89774343.0
2005-04-27,18.25,17.0,17.0,18.25,0.0,224767.0,89774343.0
2005-04-28,17.0,16.0,16.0,17.0,0.0,305088.0,89774343.0
2005-04-29,15.75,14.25,15.0,15.75,0.0,600066.0,89774343.0
2005-05-02,15.0,15.0,15.0,15.0,0.0,0.0,89774343.0
2005-05-03,15.75,15.0,15.75,15.0,0.0,200359.0,89774343.0
2005-05-04,15.75,15.75,15.75,15.75,0.0,51606.0,89774343.0
2005-05-05,15.75,15.5,15.75,15.75,0.0,138012.0,89774343.0
2005-05-06,15.75,15.75,15.75,15.75,0.0,124037.0,89774343.0
2005-05-09,16.5,15.75,16.5,16.0,0.0,177601.0,89774343.0
2005-05-10,16.75,16.5,16.75,16.5,0.0,744090.0,89774343.0
2005-05-11,17.5,16.75,17.0,17.5,0.0,1050643.0,89774343.0
2005-05-12,17.5,17.0,17.25,17.0,0.0,657676.0,89774343.0
2005-05-13,17.25,17.25,17.25,17.25,0.0,228638.0,89774343.0
2005-05-16,17.25,17.0,17.25,17.25,0.0,1056482.0,89867043.0
2005-05-17,17.5,17.25,17.5,17.25,0.0,551592.0,89867043.0
2005-05-18,18.5,17.75,18.5,17.75,0.0,494667.0,89867043.0
2005-05-19,19.0,18.75,19.0,18.75,0.0,464151.0,89867043.0
2005-05-20,19.0,18.5,18.5,19.0,0.0,318900.0,89867043.0
2005-05-23,18.75,18.5,18.5,18.5,0.0,583555.0,89867043.0
2005-05-24,18.5,17.75,17.75,18.5,0.0,677457.0,89867043.0
2005-05-25,18.25,17.75,18.25,17.75,0.0,173326.0,89867043.0
2005-05-26,18.75,18.25,18.75,18.25,0.0,221921.0,89867043.0
2005-05-27,18.75,18.75,18.75,18.75,0.0,305089.0,89867043.0
2005-05-30,18.75,18.75,18.75,18.75,0.0,0.0,89867043.0
2005-05-31,18.75,18.75,18.75,18.75,0.0,62369.0,89867043.0
2005-06-01,21.0,18.75,20.5,18.75,0.0,715569.0,89867043.0
2005-06-02,23.75,20.5,23.5,20.5,0.0,901134.0,89867043.0
2005-06-03,23.5,22.25,22.25,23.5,0.0,592130.0,89867043.0
2005-06-06,24.0,22.0,24.0,22.25,0.0,418727.0,89867043.0
2005-06-07,24.0,24.0,24.0,24.0,0.0,307738.0,89867043.0
2005-06-08,24.25,24.0,24.0,24.25,0.0,280802.0,89867043.0
2005-06-09,24.0,23.5,23.5,24.0,0.0,227182.0,89867043.0
2005-06-10,23.5,21.25,21.5,23.5,0.0,351451.0,89967043.0
2005-06-13,21.5,21.25,21.25,21.5,0.0,307558.0,89967043.0
2005-06-14,21.5,21.25,21.5,21.25,0.0,143302.0,89967043.0
2005-06-15,25.5,21.5,25.5,21.5,0.0,1238739.0,90067043.0
2005-06-16,31.25,27.25,30.5,27.75,0.0,2945042.0,90067043.0
2005-06-17,31.75,29.0,30.5,30.5,0.0,1349969.0,90067043.0
2005-06-20,30.75,28.25,28.5,30.75,0.0,566797.0,90267043.0
2005-06-21,28.5,27.75,27.75,28.5,0.0,376508.0,90267043.0
2005-06-22,34.5,30.5,34.25,30.5,0.0,1777326.0,90267043.0
2005-06-23,36.0,34.0,34.75,34.25,0.0,1512108.0,90367043.0
2005-06-24,35.5,34.75,35.5,34.75,0.0,530934.0,90367043.0
2005-06-27,37.0,35.5,36.0,35.5,0.0,803927.0,90367043.0
2005-06-28,39.0,36.25,38.25,36.25,0.0,1459373.0,90467043.0
2005-06-29,41.0,38.25,39.0,39.5,0.0,1655544.0,90467043.0
2005-06-30,39.0,36.5,36.5,39.0,0.0,952613.0,90497043.0
2005-07-01,37.5,34.5,37.0,36.5,0.0,871066.0,90497043.0
2005-07-04,38.5,37.0,37.5,37.0,0.0,200772.0,90497043.0
2005-07-05,42.75,38.0,41.25,38.0,0.0,2270002.0,90627043.0
2005-07-06,48.0,42.25,46.25,42.25,0.0,2520868.0,90627043.0
2005-07-07,50.0,41.5,49.0,46.25,0.0,2882572.0,90697043.0
2005-07-08,58.0,43.0,46.5,50.0,0.0,5927633.0,90697043.0
2005-07-11,46.5,37.5,40.0,46.5,0.0,4036583.0,90697043.0
2005-07-12,41.25,38.0,41.0,40.5,0.0,1244468.0,90897043.0
2005-07-13,41.25,36.0,36.5,41.0,0.0,1220454.0,90897043.0
2005-07-14,36.5,30.25,32.25,36.5,0.0,4939641.0,90964043.0
2005-07-15,32.25,31.5,32.0,32.25,0.0,448974.0,91064043.0
2005-07-18,32.0,30.5,31.0,32.0,0.0,426460.0,91064043.0
2005-07-19,35.0,31.0,34.5,31.0,0.0,1834338.0,91131043.0
2005-07-20,39.0,34.5,35.5,34.5,0.0,1819272.0,91131043.0
2005-07-21,35.25,32.0,33.0,35.25,0.0,360445.0,91131043.0
2005-07-22,34.5,33.0,34.5,33.0,0.0,1117944.0,91131043.0
2005-07-25,34.5,34.5,34.5,34.5,0.0,409530.0,91131043.0
2005-07-26,34.0,32.0,32.5,34.0,0.0,277103.0,91131043.0
2005-07-27,32.5,30.5,30.5,32.5,0.0,565014.0,91131043.0
2005-07-28,33.5,30.5,33.5,30.5,0.0,368726.0,91131043.0
2005-07-29,33.0,31.0,31.5,33.0,0.0,793269.0,91131043.0
2005-08-01,33.0,31.5,32.5,31.5,0.0,1195265.0,91131043.0
2005-08-02,32.5,31.5,31.5,32.5,0.0,240868.0,91131043.0
2005-08-03,31.5,29.5,29.5,31.5,0.0,1010857.0,91131043.0
2005-08-04,29.5,26.5,29.5,29.5,0.0,1488741.0,91131043.0
2005-08-05,29.5,27.0,29.0,29.5,0.0,403746.0,91131043.0
2005-08-08,33.5,31.5,33.0,32.25,0.0,2441993.0,91131043.0
2005-08-09,33.25,31.5,33.0,33.25,0.0,19556382.0,91131043.0
2005-08-10,33.75,33.0,33.75,33.0,0.0,852187.0,91131043.0
2005-08-11,33.0,32.0,32.25,32.5,0.0,1030868.0,91131043.0
2005-08-12,33.25,32.25,32.75,32.25,0.0,1267896.0,91131043.0
2005-08-15,33.5,32.5,33.0,32.75,0.0,396464.0,91131043.0
2005-08-16,33.0,33.0,33.0,33.0,0.0,203091.0,91131043.0
2005-08-17,33.25,33.0,33.25,33.0,0.0,2232176.0,90927143.0
2005-08-18,35.0,33.0,35.0,33.25,0.0,3681763.0,90927143.0
2005-08-19,37.75,34.25,37.0,34.75,0.0,24862019.0,90927143.0
2005-08-22,37.0,34.75,35.5,37.0,0.0,2050815.0,90990243.0
2005-08-23,38.0,35.5,37.5,35.5,0.0,1148208.0,90990243.0
2005-08-24,40.5,37.5,39.0,37.5,0.0,2329407.0,90990243.0
2005-08-25,42.5,39.0,42.0,39.0,0.0,15026556.0,90990243.0
2005-08-26,43.0,40.0,40.75,42.0,0.0,4967997.0,90990243.0
2005-08-29,40.75,40.75,40.75,40.75,0.0,0.0,90990243.0
2005-08-30,42.0,39.25,40.0,41.0,0.0,1313585.0,90990243.0
2005-08-31,40.0,38.25,39.5,40.0,0.0,377607.0,90990243.0
2005-09-01,39.25,36.75,39.25,38.5,0.0,1760794.0,90990243.0
2005-09-02,39.75,39.25,39.25,39.5,0.0,1061383.0,90990243.0
2005-09-05,39.25,39.25,39.25,39.25,0.0,147952.0,90990243.0
2005-09-06,39.25,35.25,36.25,39.25,0.0,535206.0,90990243.0
2005-09-07,37.5,36.25,37.25,36.25,0.0,366613.0,90990243.0
2005-09-08,40.0,38.5,40.0,38.5,0.0,411655.0,90990243.0
2005-09-09,42.0,39.5,41.0,39.5,0.0,529690.0,90990243.0
2005-09-12,41.5,39.0,39.0,41.0,0.0,289009.0,90990243.0
2005-09-13,39.0,37.5,38.0,39.0,0.0,203204.0,90990243.0
2005-09-14,38.0,38.0,38.0,38.0,0.0,208180.0,90990243.0
2005-09-15,39.75,38.0,39.75,38.0,0.0,622858.0,90990243.0
2005-09-16,41.0,39.5,40.0,39.75,0.0,1098479.0,90990243.0
2005-09-19,43.5,40.0,43.0,40.0,0.0,1532219.0,90990243.0
2005-09-20,43.25,40.75,41.5,43.0,0.0,1021092.0,90990243.0
2005-09-21,42.0,35.5,35.75,42.0,0.0,2850094.0,90990243.0
2005-09-22,36.0,35.0,36.0,35.5,0.0,934796.0,90990243.0
2005-09-23,38.75,36.0,38.25,36.0,0.0,1157979.0,90990243.0
2005-09-26,39.0,38.25,39.0,38.25,0.0,473313.0,90990243.0
2005-09-27,39.0,35.5,36.0,39.0,0.0,602188.0,90990243.0
2005-09-28,37.5,36.0,37.5,36.0,0.0,203044.0,90990243.0
2005-09-29,38.0,36.5,37.0,38.0,0.0,366498.0,90990243.0
2005-09-30,37.0,36.5,37.0,36.5,0.0,334695.0,90990243.0
2005-10-03,37.0,37.0,37.0,37.0,0.0,341481.0,90990243.0
2005-10-04,37.0,35.75,35.75,37.0,0.0,185034.0,90990243.0
2005-10-05,35.5,35.5,35.5,35.5,0.0,299858.0,90990243.0
2005-10-06,35.5,33.5,34.75,35.5,0.0,321462.0,90990243.0
2005-10-07,34.75,34.75,34.75,34.75,0.0,266011.0,90990243.0
2005-10-10,36.25,34.75,36.0,34.75,0.0,735466.0,90990243.0
2005-10-11,36.5,36.0,36.5,36.0,0.0,193387.0,90990243.0
2005-10-12,36.5,34.0,34.75,36.5,0.0,300266.0,90990243.0
2005-10-13,34.75,33.0,33.0,34.75,0.0,312962.0,90990243.0
2005-10-14,33.0,33.0,33.0,33.0,0.0,227183.0,90990243.0
2005-10-17,33.75,33.0,33.75,33.0,0.0,292261.0,90990243.0
2005-10-18,33.75,30.5,32.0,33.75,0.0,216390.0,90990243.0
2005-10-19,32.0,29.0,30.0,32.0,0.0,1994974.0,90990243.0
2005-10-20,31.75,30.0,31.75,30.0,0.0,311185.0,91027143.0
2005-10-21,31.75,29.5,30.0,31.75,0.0,425516.0,91027143.0
2005-10-24,30.0,28.0,28.25,30.0,0.0,338765.0,91027143.0
2005-10-25,29.5,28.75,29.0,28.75,0.0,693024.0,91090243.0
2005-10-26,29.0,29.0,29.0,29.0,0.0,282359.0,91090243.0
2005-10-27,29.0,29.0,29.0,29.0,0.0,138050.0,91090243.0
2005-10-28,29.0,28.0,28.25,29.0,0.0,157381.0,91090243.0
2005-10-31,28.5,27.5,28.25,28.5,0.0,330706.0,91090243.0
2005-11-01,28.25,28.25,28.25,28.25,0.0,152692.0,91157043.0
2005-11-02,28.25,27.25,27.25,28.25,0.0,239950.0,91357043.0
2005-11-03,28.75,27.25,28.75,27.25,0.0,1388323.0,91357043.0
2005-11-04,28.75,28.75,28.75,28.75,0.0,111376.0,91387043.0
2005-11-07,28.75,28.75,28.75,28.75,0.0,152024.0,91387043.0
2005-11-08,28.75,27.0,27.0,28.75,0.0,135217.0,91387043.0
2005-11-09,27.0,23.25,26.25,27.0,0.0,1519316.0,91387043.0
2005-11-10,27.75,26.25,27.5,26.25,0.0,2133171.0,91387043.0
2005-11-11,30.0,27.5,29.5,27.5,0.0,987520.0,91387043.0
2005-11-14,29.5,28.5,28.5,29.5,0.0,249139.0,91387043.0
2005-11-15,28.5,28.5,28.5,28.5,0.0,155233.0,91387043.0
2005-11-16,28.5,27.0,27.0,28.5,0.0,226459.0,91387043.0
2005-11-17,27.0,27.0,27.0,27.0,0.0,101435.0,91387043.0
2005-11-18,27.0,26.75,26.75,27.0,0.0,324924.0,91387043.0
2005-11-21,26.75,25.75,25.75,26.75,0.0,437094.0,91387043.0
2005-11-22,26.25,25.75,26.25,25.75,0.0,938074.0,91387043.0
2005-11-23,31.5,26.25,31.5,26.25,0.0,521257.0,91387043.0
2005-11-24,36.5,31.5,32.5,31.5,0.0,1512115.0,91387043.0
2005-11-25,32.5,31.0,31.0,32.5,0.0,263881.0,91257143.0
2005-11-28,34.0,32.0,33.5,32.0,0.0,484438.0,91257143.0
2005-11-29,33.5,33.5,33.5,33.5,0.0,519040.0,91257143.0
2005-11-30,33.5,29.5,32.0,33.5,0.0,634564.0,91357143.0
2005-12-01,32.5,32.0,32.5,32.0,0.0,147324.0,91357143.0
2005-12-02,33.0,32.5,33.0,32.5,0.0,267222.0,91357143.0
2005-12-05,33.0,32.5,33.0,33.0,0.0,96545.0,91357143.0
2005-12-06,35.0,33.0,34.5,33.0,0.0,524990.0,91357143.0
2005-12-07,34.5,34.0,34.0,34.5,0.0,195732.0,91357143.0
2005-12-08,34.0,34.0,34.0,34.0,0.0,321783.0,91357143.0
2005-12-09,34.0,33.0,33.0,34.0,0.0,249678.0,91357143.0
2005-12-12,33.0,32.0,32.0,33.0,0.0,152549.0,91357143.0
2005-12-13,32.0,32.0,32.0,32.0,0.0,281861.0,91357143.0
2005-12-14,32.0,32.0,32.0,32.0,0.0,160921.0,91357143.0
2005-12-15,32.0,30.0,30.0,32.0,0.0,112402.0,91357143.0
2005-12-16,30.0,30.0,30.0,30.0,0.0,130640.0,91357143.0
2005-12-19,30.0,30.0,30.0,30.0,0.0,172430.0,91357143.0
2005-12-20,32.5,30.0,32.5,30.0,0.0,161068.0,91357143.0
2005-12-21,33.0,32.5,33.0,32.5,0.0,113781.0,91357143.0
2005-12-22,33.0,32.5,33.0,33.0,0.0,327680.0,91357143.0
2005-12-23,33.0,32.5,33.0,33.0,0.0,242107.0,91357143.0
2005-12-26,33.0,33.0,33.0,33.0,0.0,0.0,91357143.0
2005-12-27,33.0,33.0,33.0,33.0,0.0,0.0,91357143.0
2005-12-28,33.0,33.0,33.0,33.0,0.0,272878.0,91357143.0
2005-12-29,33.0,33.0,33.0,33.0,0.0,318713.0,91357143.0
2005-12-30,36.25,34.5,35.0,35.0,0.0,465288.0,91357143.0
2006-01-02,35.0,35.0,35.0,35.0,0.0,0.0,91357143.0
2006-01-03,38.0,35.0,37.0,35.0,0.0,1230018.0,91357143.0
2006-01-04,38.0,37.0,37.25,37.0,0.0,694060.0,91357143.0
2006-01-05,37.25,36.75,36.75,37.25,0.0,398762.0,91357143.0
2006-01-06,36.75,36.25,36.5,36.75,0.0,349193.0,91357143.0
2006-01-09,36.5,36.0,36.25,36.5,0.0,260169.0,91357143.0
2006-01-10,36.25,36.25,36.25,36.25,0.0,111937.0,91357143.0
2006-01-11,38.0,36.25,38.0,36.25,0.0,364262.0,91357143.0
2006-01-12,38.5,38.25,38.5,38.25,0.0,280507.0,91357143.0
2006-01-13,39.0,38.5,39.0,38.5,0.0,353646.0,91357143.0
2006-01-16,41.0,39.0,39.0,39.0,0.0,940574.0,91357143.0
2006-01-17,39.5,39.0,39.5,39.0,0.0,145601.0,91357143.0
2006-01-18,39.75,39.5,39.75,39.5,0.0,95582.0,91357143.0
2006-01-19,39.75,36.25,38.0,39.75,0.0,850983.0,91357143.0
2006-01-20,37.75,37.0,37.5,37.75,0.0,654906.0,91357143.0
2006-01-23,38.0,37.0,38.0,37.5,0.0,326908.0,91357143.0
2006-01-24,38.0,38.0,38.0,38.0,0.0,412676.0,91357143.0
2006-01-25,38.0,38.0,38.0,38.0,0.0,110396.0,91357143.0
2006-01-26,38.5,38.0,38.5,38.0,0.0,607404.0,91357143.0
2006-01-27,41.5,38.5,41.25,38.5,0.0,947986.0,91357143.0
2006-01-30,41.5,40.0,40.0,41.25,0.0,1524632.0,91357143.0
2006-01-31,40.5,40.0,40.0,40.5,0.0,292331.0,91357143.0
2006-02-01,40.0,39.0,39.0,40.0,0.0,392126.0,91318773.0
2006-02-02,39.0,38.0,38.0,38.5,0.0,101389.0,91318773.0
2006-02-03,38.0,36.75,36.75,38.0,0.0,176118.0,91318773.0
2006-02-06,39.5,36.75,39.0,36.75,0.0,389519.0,91318773.0
2006-02-07,39.0,39.0,39.0,39.0,0.0,78514.0,91380403.0
2006-02-08,40.0,39.0,40.0,39.0,0.0,262831.0,91380403.0
2006-02-09,40.5,39.5,40.5,39.5,0.0,202381.0,91380403.0
2006-02-10,42.5,40.5,42.0,40.5,0.0,327913.0,91380403.0
2006-02-13,42.0,38.5,38.5,42.0,0.0,339663.0,91380403.0
2006-02-14,39.0,37.5,38.0,38.5,0.0,251143.0,91380403.0
2006-02-15,38.5,38.0,38.5,38.0,0.0,93830.0,91380403.0
2006-02-16,38.5,38.25,38.25,38.5,0.0,54222.0,91418773.0
2006-02-17,38.25,38.25,38.25,38.25,0.0,28582.0,91418773.0
2006-02-20,38.25,38.0,38.25,38.0,0.0,362941.0,91418773.0
2006-02-21,38.25,38.25,38.25,38.25,0.0,132099.0,91418773.0
2006-02-22,38.25,38.0,38.0,38.25,0.0,440862.0,91518773.0
2006-02-23,38.25,38.0,38.25,38.0,0.0,126276.0,91518773.0
2006-02-24,38.75,38.25,38.75,38.25,0.0,247124.0,91518773.0
2006-02-27,39.75,38.75,39.75,38.75,0.0,232084.0,91518773.0
2006-02-28,39.75,39.0,39.0,39.75,0.0,506290.0,91518773.0
2006-03-01,38.5,38.0,38.0,38.5,0.0,155683.0,91518773.0
2006-03-02,38.5,37.0,37.25,38.0,0.0,477772.0,91518773.0
2006-03-03,37.5,37.25,37.5,37.25,0.0,88725.0,91518773.0
2006-03-06,28.5,22.5,22.5,25.0,0.0,21518979.0,91518773.0
2006-03-07,24.25,22.5,23.75,22.5,0.0,3373466.0,91518773.0
2006-03-08,23.75,21.75,21.75,23.25,0.0,1198171.0,91518773.0
2006-03-09,24.0,22.5,24.0,22.5,0.0,2276949.0,91518773.0
2006-03-10,24.25,24.25,24.25,24.25,0.0,502167.0,91518773.0
2006-03-13,24.25,23.75,23.75,24.25,0.0,765235.0,91518773.0
2006-03-14,23.75,22.5,23.0,23.75,0.0,405061.0,91518773.0
2006-03-15,23.0,23.0,23.0,23.0,0.0,376072.0,91518773.0
2006-03-16,23.0,21.75,22.0,23.0,0.0,602272.0,91518773.0
2006-03-17,22.25,21.75,21.75,22.0,0.0,311501.0,91518773.0
2006-03-20,21.75,21.75,21.75,21.75,0.0,900413.0,91518773.0
2006-03-21,21.75,20.5,21.0,21.75,0.0,1164871.0,91518773.0
2006-03-22,22.25,21.0,21.5,21.25,0.0,3912636.0,91518773.0
2006-03-23,21.5,21.5,21.5,21.5,0.0,783312.0,91518773.0
2006-03-24,21.5,21.5,21.5,21.5,0.0,568203.0,91518773.0
2006-03-27,21.5,20.75,20.75,21.5,0.0,719022.0,91518773.0
2006-03-28,20.75,20.75,20.75,20.75,0.0,639723.0,91518773.0
2006-03-29,20.75,20.25,20.75,20.75,0.0,341710.0,91518773.0
2006-03-30,20.75,19.25,19.25,20.75,0.0,843842.0,91518773.0
2006-03-31,19.25,19.25,19.25,19.25,0.0,483019.0,91518773.0
2006-04-03,19.25,19.25,19.25,19.25,0.0,516183.0,91518773.0
2006-04-04,19.0,17.75,18.0,19.0,0.0,3543666.0,91518773.0
2006-04-05,20.0,18.0,19.75,18.0,0.0,4137356.0,91518773.0
2006-04-06,20.0,19.75,19.75,20.0,0.0,685637.0,91518773.0
2006-04-07,20.0,19.75,19.75,20.0,0.0,849203.0,91518773.0
2006-04-10,20.5,19.75,19.75,20.5,0.0,2707873.0,91518773.0
2006-04-11,20.0,19.5,19.5,20.0,0.0,333968.0,91518773.0
2006-04-12,19.5,19.5,19.5,19.5,0.0,300390.0,91518773.0
2006-04-13,19.5,19.5,19.5,19.5,0.0,197903.0,91518773.0
2006-04-14,19.5,19.5,19.5,19.5,0.0,0.0,91518773.0
2006-04-17,19.5,19.5,19.5,19.5,0.0,0.0,91518773.0
2006-04-18,20.0,19.5,20.0,19.5,0.0,411525.0,91518773.0
2006-04-19,20.0,19.75,19.75,20.0,0.0,726840.0,91518773.0
2006-04-20,19.75,19.0,19.0,19.75,0.0,5679561.0,91518773.0
2006-04-21,19.0,19.0,19.0,19.0,0.0,564998.0,91518773.0
2006-04-24,20.75,19.0,20.75,19.0,0.0,1191176.0,91518773.0
2006-04-25,23.25,20.25,22.0,20.25,0.0,2059733.0,91518773.0
2006-04-26,23.75,22.0,23.5,22.0,0.0,3602799.0,91518773.0
2006-04-27,23.5,22.25,22.25,23.5,0.0,582817.0,91518773.0
2006-04-28,22.5,22.25,22.5,22.25,0.0,143612.0,91518773.0
2006-05-01,22.5,22.5,22.5,22.5,0.0,0.0,91518773.0
2006-05-02,22.5,22.25,22.25,22.5,0.0,468847.0,91518773.0
2006-05-03,22.25,21.0,21.0,22.25,0.0,284777.0,91518773.0
2006-05-04,21.0,20.75,20.75,21.0,0.0,302987.0,91518773.0
2006-05-05,20.75,20.0,20.25,20.75,0.0,815728.0,91518773.0
2006-05-08,20.25,20.0,20.0,20.25,0.0,206694.0,91518773.0
2006-05-09,21.0,20.0,20.0,20.0,0.0,562470.0,91518773.0
2006-05-10,22.75,20.75,21.75,21.75,0.0,1982666.0,91518773.0
2006-05-11,22.25,21.5,22.25,21.75,0.0,558679.0,91518773.0
2006-05-12,22.25,22.0,22.0,22.25,0.0,304239.0,91518773.0
2006-05-15,22.0,19.25,19.5,22.0,0.0,872510.0,91518773.0
2006-05-16,19.25,18.75,19.0,19.25,0.0,724263.0,91518773.0
2006-05-17,19.5,17.75,17.75,19.0,0.0,739749.0,91518773.0
2006-05-18,18.0,17.5,17.75,17.5,0.0,911276.0,91518773.0
2006-05-19,18.75,17.75,18.25,17.75,0.0,601717.0,91518773.0
2006-05-22,18.0,16.5,16.5,18.0,0.0,407828.0,91518773.0
2006-05-23,17.25,16.5,17.25,16.5,0.0,665557.0,91518773.0
2006-05-24,17.25,17.25,17.25,17.25,0.0,141953.0,91518773.0
2006-05-25,17.25,16.25,16.25,17.25,0.0,396783.0,91518773.0
2006-05-26,18.25,16.5,18.25,16.5,0.0,959915.0,91518773.0
2006-05-29,18.25,18.25,18.25,18.25,0.0,0.0,91518773.0
2006-05-30,19.5,18.25,18.75,18.25,0.0,356892.0,91518773.0
2006-05-31,18.75,18.25,18.25,18.5,0.0,137631.0,91518773.0
2006-06-01,18.25,18.25,18.25,18.25,0.0,104834.0,91518773.0
2006-06-02,18.25,18.0,18.0,18.25,0.0,95957.0,91518773.0
2006-06-05,18.5,18.0,18.0,18.5,0.0,136899.0,91518773.0
2006-06-06,18.0,16.5,16.5,18.0,0.0,693639.0,91518773.0
2006-06-07,16.5,16.5,16.5,16.5,0.0,274320.0,91518773.0
2006-06-08,16.25,16.0,16.25,16.0,0.0,177142.0,91518773.0
2006-06-09,16.25,15.0,15.75,16.25,0.0,544649.0,91518773.0
2006-06-12,15.75,15.5,15.5,15.75,0.0,349222.0,91518773.0
2006-06-13,15.25,14.5,14.75,15.25,0.0,488344.0,91518773.0
2006-06-14,15.25,14.75,15.25,14.75,0.0,171003.0,91518773.0
2006-06-15,15.25,15.25,15.25,15.25,0.0,138204.0,91518773.0
2006-06-16,15.5,15.5,15.5,15.5,0.0,227956.0,91518773.0
2006-06-19,16.25,15.5,16.25,15.75,0.0,614340.0,91518773.0
2006-06-20,16.25,16.25,16.25,16.25,0.0,233142.0,91518773.0
2006-06-21,16.25,16.25,16.25,16.25,0.0,76659.0,91518773.0
2006-06-22,17.5,16.25,17.0,16.25,0.0,691013.0,91518773.0
2006-06-23,17.0,16.75,17.0,16.75,0.0,301003.0,91518773.0
2006-06-26,17.5,16.75,17.25,16.75,0.0,852377.0,91518773.0
2006-06-27,17.25,16.75,16.75,17.25,0.0,2377957.0,91518773.0
2006-06-28,17.25,16.75,16.75,16.75,0.0,377000.0,91518773.0
2006-06-29,16.75,16.75,16.75,16.75,0.0,183242.0,91518773.0
2006-06-30,16.75,16.5,16.75,16.75,0.0,1347892.0,91518773.0
2006-07-03,17.0,17.0,17.0,17.0,0.0,152895.0,91518773.0
2006-07-04,17.0,17.0,17.0,17.0,0.0,92632.0,91518773.0
2006-07-05,17.0,16.75,17.0,16.75,0.0,94822.0,91518773.0
2006-07-06,17.0,17.0,17.0,17.0,0.0,15545.0,91518773.0
2006-07-07,17.0,16.25,16.25,16.75,0.0,166918.0,91518773.0
2006-07-10,16.25,16.25,16.25,16.25,0.0,54759.0,91518773.0
2006-07-11,16.25,16.25,16.25,16.25,0.0,190967.0,91518773.0
2006-07-12,16.25,16.25,16.25,16.25,0.0,36363.0,91518773.0
2006-07-13,16.25,16.0,16.0,16.25,0.0,66157.0,91518773.0
2006-07-14,16.0,16.0,16.0,16.0,0.0,69258.0,91518773.0
2006-07-17,16.0,15.5,15.5,16.0,0.0,257560.0,91518773.0
2006-07-18,15.5,15.5,15.5,15.5,0.0,145329.0,91518773.0
2006-07-19,15.5,14.75,15.0,15.5,0.0,439840.0,91518773.0
2006-07-20,16.25,15.0,16.0,15.0,0.0,329588.0,91518773.0
2006-07-21,16.0,16.0,16.0,16.0,0.0,56858.0,91518773.0
2006-07-24,16.0,16.0,16.0,16.0,0.0,292019.0,91518773.0
2006-07-25,16.0,15.5,15.5,16.0,0.0,76595.0,91826924.0
2006-07-26,15.5,15.25,15.5,15.5,0.0,3560549.0,91826924.0
2006-07-27,15.75,15.5,15.75,15.5,0.0,311423.0,91826924.0
2006-07-28,15.75,15.75,15.75,15.75,0.0,189237.0,91826924.0
2006-07-31,15.75,15.5,15.5,15.75,0.0,165814.0,91826924.0
2006-08-01,15.5,15.5,15.5,15.5,0.0,87984.0,91826924.0
2006-08-02,15.5,15.5,15.5,15.5,0.0,100682.0,91826924.0
2006-08-03,15.5,15.5,15.5,15.5,0.0,322053.0,91826924.0
2006-08-04,15.5,15.25,15.25,15.5,0.0,130154.0,91826924.0
2006-08-07,15.5,15.25,15.5,15.25,0.0,182529.0,91826924.0
2006-08-08,15.5,15.25,15.5,15.25,0.0,277601.0,91826924.0
2006-08-09,15.5,15.25,15.5,15.25,0.0,306176.0,91826924.0
2006-08-10,15.5,15.25,15.25,15.5,0.0,89741.0,91826924.0
2006-08-11,15.25,15.25,15.25,15.25,0.0,80530.0,91826924.0
2006-08-14,15.25,15.25,15.25,15.25,0.0,162300.0,91826924.0
2006-08-15,15.25,15.25,15.25,15.25,0.0,289598.0,91826924.0
2006-08-16,15.25,15.25,15.25,15.25,0.0,112685.0,91826924.0
2006-08-17,15.25,15.25,15.25,15.25,0.0,151069.0,91826924.0
2006-08-18,15.25,15.25,15.25,15.25,0.0,43832.0,91826924.0
2006-08-21,15.25,15.25,15.25,15.25,0.0,34146.0,91826924.0
2006-08-22,15.25,15.25,15.25,15.25,0.0,71826.0,91826924.0
2006-08-23,15.25,15.25,15.25,15.25,0.0,127045.0,91826924.0
2006-08-24,15.5,15.25,15.5,15.25,0.0,76586.0,91826924.0
2006-08-25,15.5,15.5,15.5,15.5,0.0,121944.0,91826924.0
2006-08-28,15.5,15.5,15.5,15.5,0.0,0.0,91826924.0
2006-08-29,15.5,15.5,15.5,15.5,0.0,247993.0,91826924.0
2006-08-30,15.5,15.5,15.5,15.5,0.0,249341.0,91826924.0
2006-08-31,15.5,15.5,15.5,15.5,0.0,110227.0,91826924.0
2006-09-01,15.5,15.5,15.5,15.5,0.0,261183.0,91826924.0
2006-09-04,15.5,15.5,15.5,15.5,0.0,77844.0,91826924.0
2006-09-05,15.5,15.5,15.5,15.5,0.0,360092.0,91826924.0
2006-09-06,15.5,13.25,13.75,15.5,0.0,2261526.0,91826924.0
2006-09-07,13.75,13.5,13.75,13.75,0.0,222036.0,91826924.0
2006-09-08,13.75,13.75,13.75,13.75,0.0,117934.0,91826924.0
2006-09-11,13.75,12.75,13.25,13.75,0.0,446436.0,91826924.0
2006-09-12,13.25,12.25,13.0,13.25,0.0,165577.0,91826924.0
2006-09-13,13.0,13.0,13.0,13.0,0.0,348963.0,91826924.0
2006-09-14,13.0,13.0,13.0,13.0,0.0,187023.0,91826924.0
2006-09-15,15.25,13.0,15.25,13.0,0.0,5281355.0,91826924.0
2006-09-18,16.0,15.25,15.5,15.25,0.0,743073.0,91826924.0
2006-09-19,15.5,15.25,15.25,15.25,0.0,326937.0,91826924.0
2006-09-20,16.0,13.25,13.75,16.0,0.0,1682800.0,91826924.0
2006-09-21,13.75,13.75,13.75,13.75,0.0,305333.0,91826924.0
2006-09-22,13.75,13.0,13.5,13.75,0.0,1229841.0,91826924.0
2006-09-25,13.5,13.5,13.5,13.5,0.0,170420.0,91826924.0
2006-09-26,13.5,13.5,13.5,13.5,0.0,172748.0,91826924.0
2006-09-27,13.5,13.5,13.5,13.5,0.0,29107.0,91826924.0
2006-09-28,13.5,13.25,13.5,13.25,0.0,409093.0,91826924.0
2006-09-29,14.5,13.5,14.5,13.5,0.0,956972.0,91826924.0
2006-10-02,14.5,12.75,13.25,14.25,0.0,378453.0,91826924.0
2006-10-03,13.5,13.25,13.5,13.25,0.0,562135.0,91826924.0
2006-10-04,14.0,13.75,14.0,13.75,0.0,441053.0,91826924.0
2006-10-05,14.0,14.0,14.0,14.0,0.0,50434.0,91826924.0
2006-10-06,14.0,13.5,13.75,14.0,0.0,225951.0,91826924.0
2006-10-09,13.75,13.75,13.75,13.75,0.0,337807.0,91826924.0
2006-10-10,13.5,13.5,13.5,13.5,0.0,587298.0,91826924.0
2006-10-11,13.5,13.25,13.5,13.25,0.0,11111.0,91826924.0
2006-10-12,13.5,13.5,13.5,13.5,0.0,66569.0,91826924.0
2006-10-13,13.5,13.5,13.5,13.5,0.0,53664.0,91826924.0
2006-10-16,13.5,13.5,13.5,13.5,0.0,138437.0,91826924.0
2006-10-17,13.5,13.5,13.5,13.5,0.0,285785.0,91826924.0
2006-10-18,13.75,13.5,13.75,13.5,0.0,354682.0,91826924.0
2006-10-19,13.75,13.75,13.75,13.75,0.0,400380.0,91826924.0
2006-10-20,14.5,13.25,14.5,13.25,0.0,437056.0,91826924.0
2006-10-23,14.5,14.0,14.25,14.5,0.0,92739.0,91826924.0
2006-10-24,14.25,14.25,14.25,14.25,0.0,4227.0,91826924.0
2006-10-25,14.25,14.25,14.25,14.25,0.0,141747.0,91826924.0
2006-10-26,14.5,14.25,14.5,14.25,0.0,289554.0,91826924.0
2006-10-27,15.0,14.5,15.0,14.5,0.0,370366.0,91826924.0
2006-10-30,16.0,15.0,16.0,15.25,0.0,336809.0,91826924.0
2006-10-31,17.0,16.0,17.0,16.0,0.0,2541956.0,91826924.0
2006-11-01,17.0,17.0,17.0,17.0,0.0,1127509.0,91826924.0
2006-11-02,17.0,16.25,16.25,17.0,0.0,328453.0,91826924.0
2006-11-03,16.25,16.25,16.25,16.25,0.0,97414.0,91826924.0
2006-11-06,16.25,15.25,15.25,16.25,0.0,374690.0,91826924.0
2006-11-07,15.25,15.25,15.25,15.25,0.0,72811.0,91826924.0
2006-11-08,15.25,15.25,15.25,15.25,0.0,84532.0,91826924.0
2006-11-09,15.25,15.25,15.25,15.25,0.0,124358.0,91826924.0
2006-11-10,15.25,15.25,15.25,15.25,0.0,122500.0,91826924.0
2006-11-13,15.25,15.25,15.25,15.25,0.0,151147.0,91826924.0
2006-11-14,15.25,15.0,15.25,15.25,0.0,245948.0,91826924.0
2006-11-15,18.5,15.5,18.0,15.5,0.0,2642017.0,91826924.0
2006-11-16,18.5,18.0,18.5,18.0,0.0,1260914.0,91826924.0
2006-11-17,18.5,18.25,18.25,18.5,0.0,673462.0,91826924.0
2006-11-20,18.5,17.75,18.0,18.25,0.0,627363.0,91826924.0
2006-11-21,20.5,18.0,20.5,18.0,0.0,2096871.0,91826924.0
2006-11-22,21.5,20.25,20.25,20.5,0.0,3961330.0,91826924.0
2006-11-23,20.75,19.5,20.75,19.5,0.0,1875751.0,91826924.0
2006-11-24,21.5,20.75,21.5,20.75,0.0,1838136.0,91826924.0
2006-11-27,21.5,20.75,20.75,21.5,0.0,744867.0,91826924.0
2006-11-28,20.75,19.25,19.75,20.75,0.0,1180634.0,91826924.0
2006-11-29,19.75,19.75,19.75,19.75,0.0,179216.0,91826924.0
2006-11-30,19.75,19.75,19.75,19.75,0.0,246992.0,91826924.0
2006-12-01,19.75,19.75,19.75,19.75,0.0,288691.0,91826924.0
2006-12-04,19.75,19.75,19.75,19.75,0.0,228264.0,91826924.0
2006-12-05,19.75,18.5,18.5,19.75,0.0,581518.0,91826924.0
2006-12-06,18.5,18.25,18.5,18.5,0.0,351274.0,91826924.0
2006-12-07,18.75,18.5,18.75,18.5,0.0,179273.0,91826924.0
2006-12-08,18.75,18.75,18.75,18.75,0.0,69315.0,91826924.0
2006-12-11,18.75,18.0,18.0,18.75,0.0,183012.0,91826924.0
2006-12-12,18.0,17.75,17.75,18.0,0.0,272158.0,91826924.0
2006-12-13,17.75,16.75,17.5,17.75,0.0,427907.0,91826924.0
2006-12-14,17.5,17.5,17.5,17.5,0.0,327371.0,91826924.0
2006-12-15,17.5,17.5,17.5,17.5,0.0,143722.0,91826924.0
2006-12-18,17.5,17.5,17.5,17.5,0.0,185899.0,91826924.0
2006-12-19,17.5,16.75,16.75,17.25,0.0,287925.0,91826924.0
2006-12-20,16.75,16.25,16.5,16.75,0.0,516329.0,91726924.0
2006-12-21,17.5,16.25,17.5,16.5,0.0,1335035.0,91726924.0
2006-12-22,18.25,17.5,18.25,17.5,0.0,237342.0,91726924.0
2006-12-25,18.25,18.25,18.25,18.25,0.0,0.0,91726924.0
2006-12-26,18.25,18.25,18.25,18.25,0.0,0.0,91726924.0
2006-12-27,19.25,18.25,19.25,18.25,0.0,390312.0,91726924.0
2006-12-28,19.25,19.0,19.0,19.25,0.0,152255.0,91726924.0
2006-12-29,19.5,19.0,19.5,19.0,0.0,96000.0,91726924.0
2007-01-01,19.5,19.5,19.5,19.5,0.0,0.0,91726924.0
2007-01-02,19.75,19.5,19.75,19.5,0.0,1765262.0,91726924.0
2007-01-03,19.75,19.75,19.75,19.75,0.0,241284.0,91726924.0
2007-01-04,20.5,19.75,20.5,19.75,0.0,903838.0,91726924.0
2007-01-05,20.5,20.25,20.25,20.5,0.0,251990.0,91726924.0
2007-01-08,20.25,20.0,20.25,20.25,0.0,164797.0,91726924.0
2007-01-09,20.25,19.5,19.5,20.25,0.0,215490.0,91726924.0
2007-01-10,19.5,19.5,19.5,19.5,0.0,161029.0,91726924.0
2007-01-11,19.5,19.5,19.5,19.5,0.0,159302.0,91726924.0
2007-01-12,19.5,18.5,18.5,19.5,0.0,241889.0,91726924.0
2007-01-15,19.25,18.5,19.25,18.5,0.0,546332.0,91726924.0
2007-01-16,21.0,19.25,20.5,19.25,0.0,583323.0,91726924.0
2007-01-17,20.5,20.5,20.5,20.5,0.0,239642.0,91726924.0
2007-01-18,20.5,20.25,20.25,20.5,0.0,192772.0,91726924.0
2007-01-19,20.25,19.75,19.75,20.25,0.0,147171.0,91726924.0
2007-01-22,19.75,19.5,19.5,19.75,0.0,153362.0,91726924.0
2007-01-23,19.5,19.5,19.5,19.5,0.0,70217.0,91726924.0
2007-01-24,19.5,19.5,19.5,19.5,0.0,136195.0,91726924.0
2007-01-25,19.5,19.5,19.5,19.5,0.0,255667.0,91726924.0
2007-01-26,19.5,19.25,19.25,19.5,0.0,88388.0,91726924.0
2007-01-29,19.25,19.25,19.25,19.25,0.0,118459.0,91726924.0
2007-01-30,19.25,19.25,19.25,19.25,0.0,41805.0,91726924.0
2007-01-31,19.25,19.25,19.25,19.25,0.0,27900.0,91726924.0
2007-02-01,19.25,19.25,19.25,19.25,0.0,77212.0,91726924.0
2007-02-02,19.25,19.25,19.25,19.25,0.0,73835.0,91726924.0
2007-02-05,19.25,18.0,18.0,19.25,0.0,565637.0,91726924.0
2007-02-06,19.0,17.75,19.0,17.75,0.0,737890.0,91726924.0
2007-02-07,19.0,18.75,19.0,19.0,0.0,139286.0,91726924.0
2007-02-08,19.0,19.0,19.0,19.0,0.0,106216.0,91726924.0
2007-02-09,19.0,19.0,19.0,19.0,0.0,283664.0,91726924.0
2007-02-12,19.0,19.0,19.0,19.0,0.0,27681.0,91726924.0
2007-02-13,19.0,19.0,19.0,19.0,0.0,27127.0,91726924.0
2007-02-14,19.0,19.0,19.0,19.0,0.0,107880.0,91726924.0
2007-02-15,18.75,18.75,18.75,18.75,0.0,65337.0,91726924.0
2007-02-16,18.75,18.5,18.5,18.75,0.0,485626.0,91726924.0
2007-02-19,18.5,18.5,18.5,18.5,0.0,121320.0,91726924.0
2007-02-20,18.5,18.25,18.25,18.5,0.0,217898.0,91726924.0
2007-02-21,18.25,18.0,18.0,18.25,0.0,110499.0,91726924.0
2007-02-22,18.0,18.0,18.0,18.0,0.0,78148.0,91726924.0
2007-02-23,18.0,18.0,18.0,18.0,0.0,412503.0,91726924.0
2007-02-26,18.0,17.75,18.0,18.0,0.0,184964.0,91726924.0
2007-02-27,18.0,17.0,17.75,18.0,0.0,613341.0,91726924.0
2007-02-28,17.75,17.0,17.25,17.75,0.0,289766.0,91726924.0
2007-03-01,17.25,17.25,17.25,17.25,0.0,145848.0,91726924.0
2007-03-02,17.25,17.25,17.25,17.25,0.0,50783.0,91726924.0
2007-03-05,17.0,16.5,16.75,17.0,0.0,180574.0,91726924.0
2007-03-06,16.75,16.75,16.75,16.75,0.0,36521.0,91726924.0
2007-03-07,16.75,16.75,16.75,16.75,0.0,48619.0,91726924.0
2007-03-08,16.75,16.25,16.25,16.75,0.0,280584.0,91726924.0
2007-03-09,17.25,15.75,17.25,16.25,0.0,571462.0,91726924.0
2007-03-12,18.75,17.25,18.75,17.5,0.0,918042.0,91726924.0
2007-03-13,18.75,18.5,18.5,18.75,0.0,181931.0,91726924.0
2007-03-14,18.25,18.0,18.0,18.25,0.0,92509.0,91726924.0
2007-03-15,18.25,17.25,17.5,18.0,0.0,595387.0,91726924.0
2007-03-16,17.75,17.5,17.75,17.5,0.0,226223.0,91726924.0
2007-03-19,18.0,17.75,17.75,17.75,0.0,398780.0,91726924.0
2007-03-20,18.0,17.75,18.0,17.75,0.0,371219.0,91726924.0
2007-03-21,20.75,18.75,19.5,18.75,0.0,3171834.0,91726924.0
2007-03-22,20.0,19.5,20.0,19.75,0.0,809104.0,91726924.0
2007-03-23,20.5,19.75,20.5,19.75,0.0,941135.0,91726924.0
2007-03-26,20.5,19.5,19.5,20.5,0.0,530416.0,91726924.0
2007-03-27,19.5,18.5,18.5,19.5,0.0,416349.0,91726924.0
2007-03-28,18.5,17.75,17.75,18.5,0.0,388672.0,91726924.0
2007-03-29,17.75,17.5,17.75,17.75,0.0,699868.0,91726924.0
2007-03-30,17.75,17.5,17.5,17.75,0.0,176315.0,91726924.0
2007-04-02,17.75,17.5,17.75,17.5,0.0,370325.0,91726924.0
2007-04-03,18.75,17.75,18.75,17.75,0.0,729221.0,91726924.0
2007-04-04,18.75,18.75,18.75,18.75,0.0,329007.0,91726924.0
2007-04-05,19.0,18.75,18.75,18.75,0.0,536826.0,91726924.0
2007-04-06,18.75,18.75,18.75,18.75,0.0,0.0,91726924.0
2007-04-09,18.75,18.75,18.75,18.75,0.0,0.0,91726924.0
2007-04-10,18.75,18.75,18.75,18.75,0.0,255882.0,91726924.0
2007-04-11,18.75,18.0,18.0,18.75,0.0,230947.0,91726924.0
2007-04-12,18.0,17.75,18.0,18.0,0.0,505873.0,91726924.0
2007-04-13,18.0,17.25,17.25,18.0,0.0,256330.0,91726924.0
2007-04-16,17.25,17.0,17.0,17.25,0.0,185397.0,91726924.0
2007-04-17,17.0,16.5,16.5,17.0,0.0,523547.0,91726924.0
2007-04-18,16.5,16.5,16.5,16.5,0.0,204264.0,91726924.0
2007-04-19,16.75,16.5,16.75,16.5,0.0,492656.0,91726924.0
2007-04-20,17.0,16.75,17.0,16.75,0.0,135176.0,91726924.0
2007-04-23,17.0,16.5,16.5,17.0,0.0,285636.0,91726924.0
2007-04-24,16.75,16.5,16.75,16.5,0.0,124331.0,91726924.0
2007-04-25,17.0,16.75,17.0,16.75,0.0,319629.0,91926924.0
2007-04-26,17.5,17.0,17.5,17.0,0.0,492651.0,91926924.0
2007-04-27,18.75,17.5,18.0,17.5,0.0,1440330.0,91926924.0
2007-04-30,18.0,17.75,17.75,18.0,0.0,260515.0,91926924.0
2007-05-01,18.0,17.75,18.0,17.75,0.0,129925.0,91926924.0
2007-05-02,18.0,17.75,17.75,18.0,0.0,185457.0,91926924.0
2007-05-03,17.75,17.5,17.5,17.75,0.0,199847.0,91926924.0
2007-05-04,17.5,17.5,17.5,17.5,0.0,630349.0,91926924.0
2007-05-06,17.5,17.5,17.5,17.5,0.0,0.0,91926924.0
2007-05-07,17.5,17.5,17.5,17.5,0.0,0.0,91926924.0
2007-05-08,17.5,17.5,17.5,17.5,0.0,110266.0,91926924.0
2007-05-09,19.25,18.0,19.25,18.0,0.0,2526777.0,91926924.0
2007-05-10,19.25,18.5,18.5,19.25,0.0,488449.0,91926924.0
2007-05-11,18.25,18.25,18.25,18.25,0.0,104366.0,91926924.0
2007-05-14,18.25,18.25,18.25,18.25,0.0,204333.0,91926924.0
2007-05-15,18.25,18.25,18.25,18.25,0.0,44567.0,91926924.0
2007-05-16,18.25,18.25,18.25,18.25,0.0,119829.0,91926924.0
2007-05-17,18.25,18.0,18.25,18.25,0.0,73505.0,91926924.0
2007-05-18,18.25,17.75,17.75,18.25,0.0,407506.0,91926924.0
2007-05-21,17.75,17.5,17.5,17.75,0.0,240692.0,91926924.0
2007-05-22,17.5,17.5,17.5,17.5,0.0,227217.0,91926924.0
2007-05-23,21.75,17.75,20.0,17.75,0.0,8245385.0,91926924.0
2007-05-24,20.0,19.5,19.5,20.0,0.0,578421.0,91926924.0
2007-05-25,20.0,19.5,20.0,19.5,0.0,378444.0,91926924.0
2007-05-28,20.0,20.0,20.0,20.0,0.0,0.0,91926924.0
2007-05-29,20.75,20.25,20.75,20.25,0.0,636205.0,91926924.0
2007-05-30,20.75,20.25,20.25,20.75,0.0,405073.0,91926924.0
2007-05-31,20.25,20.0,20.0,20.25,0.0,171149.0,91926924.0
2007-06-01,20.0,20.0,20.0,20.0,0.0,402927.0,91926924.0
2007-06-04,21.25,20.0,21.25,20.0,0.0,1169169.0,91926924.0
2007-06-05,21.25,21.25,21.25,21.25,0.0,438426.0,91926924.0
2007-06-06,21.25,20.75,21.0,21.25,0.0,374044.0,91926924.0
2007-06-07,21.0,20.25,20.25,21.0,0.0,251544.0,91926924.0
2007-06-08,20.25,19.25,19.25,20.25,0.0,163771.0,91926924.0
2007-06-11,19.25,19.0,19.0,19.25,0.0,88762.0,91926924.0
2007-06-12,19.0,19.0,19.0,19.0,0.0,118230.0,91926924.0
2007-06-13,19.0,18.75,18.75,19.0,0.0,50350.0,91926924.0
2007-06-14,19.25,18.75,19.25,18.75,0.0,330041.0,91926924.0
2007-06-15,19.25,19.25,19.25,19.25,0.0,291054.0,91926924.0
2007-06-18,19.25,19.0,19.0,19.25,0.0,39617.0,91926924.0
2007-06-19,19.0,19.0,19.0,19.0,0.0,148717.0,91926924.0
2007-06-20,19.0,19.0,19.0,19.0,0.0,35111.0,91926924.0
2007-06-21,19.0,18.75,18.75,19.0,0.0,45252.0,91926924.0
2007-06-22,19.0,18.75,19.0,18.75,0.0,115459.0,91926924.0
2007-06-25,19.0,18.75,18.75,19.0,0.0,113518.0,91926924.0
2007-06-26,18.75,18.75,18.75,18.75,0.0,58110.0,91926924.0
2007-06-27,19.0,18.75,19.0,18.75,0.0,291738.0,91926924.0
2007-06-28,19.0,19.0,19.0,19.0,0.0,4855.0,91926924.0
2007-06-29,19.0,19.0,19.0,19.0,0.0,144532.0,91926924.0
2007-07-02,19.0,19.0,19.0,19.0,0.0,57357.0,91926924.0
2007-07-03,19.0,19.0,19.0,19.0,0.0,73659.0,91926924.0
2007-07-04,19.25,19.0,19.25,19.0,0.0,92608.0,91926924.0
2007-07-05,19.25,19.25,19.25,19.25,0.0,60751.0,91926924.0
2007-07-06,19.25,18.75,18.75,19.25,0.0,48471.0,91926924.0
2007-07-09,18.75,18.75,18.75,18.75,0.0,57595.0,91926924.0
2007-07-10,19.0,18.75,19.0,18.75,0.0,103900.0,91926924.0
2007-07-11,19.0,19.0,19.0,19.0,0.0,740.0,91926924.0
2007-07-12,19.5,19.0,19.0,19.0,0.0,169244.0,91926924.0
2007-07-13,19.0,19.0,19.0,19.0,0.0,171231.0,91926924.0
2007-07-16,19.0,18.5,18.5,19.0,0.0,151433.0,91926924.0
2007-07-17,18.5,18.5,18.5,18.5,0.0,154338.0,91926924.0
2007-07-18,18.5,18.5,18.5,18.5,0.0,297775.0,91926924.0
2007-07-19,18.5,18.5,18.5,18.5,0.0,444331.0,91926924.0
2007-07-20,18.5,18.5,18.5,18.5,0.0,237366.0,91926924.0
2007-07-23,18.5,18.5,18.5,18.5,0.0,2576177.0,91926924.0
2007-07-24,18.5,17.75,18.25,18.5,0.0,299478.0,91926924.0
2007-07-25,18.25,18.25,18.25,18.25,0.0,43341.0,91926924.0
2007-07-26,18.25,18.0,18.0,18.25,0.0,100200.0,91926924.0
2007-07-27,17.75,17.25,17.5,17.75,0.0,658906.0,91926924.0
2007-07-30,17.5,17.5,17.5,17.5,0.0,271764.0,91926924.0
2007-07-31,17.5,17.5,17.5,17.5,0.0,101430.0,91926924.0
2007-08-01,17.5,17.25,17.25,17.5,0.0,98603.0,91926924.0
2007-08-02,17.25,17.0,17.0,17.25,0.0,117413.0,91926924.0
2007-08-03,17.0,17.0,17.0,17.0,0.0,40049.0,91926924.0
2007-08-06,17.0,17.0,17.0,17.0,0.0,35614.0,91926924.0
2007-08-07,17.25,17.0,17.25,17.0,0.0,127557.0,91926924.0
2007-08-08,17.25,16.75,16.75,17.25,0.0,55346.0,91926924.0
2007-08-09,17.5,16.75,17.5,16.75,0.0,239769.0,91926924.0
2007-08-10,17.25,16.25,16.25,17.25,0.0,190807.0,91926924.0
2007-08-13,16.75,16.25,16.75,16.25,0.0,197991.0,91926924.0
2007-08-14,16.75,16.75,16.75,16.75,0.0,78482.0,91926924.0
2007-08-15,16.5,15.75,15.75,16.5,0.0,183823.0,91926924.0
2007-08-16,15.5,15.0,15.0,15.5,0.0,347934.0,91926924.0
2007-08-17,15.25,15.0,15.0,15.0,0.0,435153.0,91926924.0
2007-08-20,15.5,15.0,15.5,15.0,0.0,182802.0,91926924.0
2007-08-21,15.5,15.5,15.5,15.5,0.0,18048.0,91926924.0
2007-08-22,15.5,15.5,15.5,15.5,0.0,48402.0,91926924.0
2007-08-23,16.0,15.5,16.0,15.5,0.0,347817.0,91926924.0
2007-08-24,16.0,16.0,16.0,16.0,0.0,50619.0,91926924.0
2007-08-27,16.0,16.0,16.0,16.0,0.0,0.0,91926924.0
2007-08-28,16.0,16.0,16.0,16.0,0.0,153942.0,91926924.0
2007-08-29,16.0,15.75,15.75,16.0,0.0,74716.0,91926924.0
2007-08-30,15.75,15.75,15.75,15.75,0.0,70826.0,91926924.0
2007-08-31,16.0,15.75,16.0,15.75,0.0,282013.0,91926924.0
2007-09-03,16.5,16.0,16.5,16.0,0.0,212730.0,91926924.0
2007-09-04,16.5,16.25,16.25,16.5,0.0,70803.0,91926924.0
2007-09-05,16.25,16.0,16.0,16.25,0.0,101205.0,91926924.0
2007-09-06,16.25,15.75,16.25,16.0,0.0,156120.0,91926924.0
2007-09-07,17.0,16.25,17.0,16.25,0.0,289110.0,91926924.0
2007-09-10,17.75,17.0,17.75,17.0,0.0,370134.0,91926924.0
2007-09-11,18.0,17.75,17.75,18.0,0.0,310344.0,91926924.0
2007-09-12,18.25,17.75,18.25,17.75,0.0,110475.0,91926924.0
2007-09-13,18.25,18.25,18.25,18.25,0.0,70472.0,91926924.0
2007-09-14,18.25,17.0,17.5,18.25,0.0,399227.0,91926924.0
2007-09-17,17.5,17.25,17.5,17.25,0.0,66313.0,91926924.0
2007-09-18,17.5,17.5,17.5,17.5,0.0,98763.0,91926924.0
2007-09-19,17.5,17.5,17.5,17.5,0.0,228246.0,91926924.0
2007-09-20,18.0,17.5,17.75,17.5,0.0,349059.0,91926924.0
2007-09-21,18.0,17.75,18.0,17.75,0.0,89951.0,91926924.0
2007-09-24,18.0,17.75,17.75,18.0,0.0,271563.0,91926924.0
2007-09-25,17.75,17.75,17.75,17.75,0.0,236567.0,91926924.0
2007-09-26,17.75,17.25,17.25,17.75,0.0,327704.0,91926924.0
2007-09-27,17.25,17.25,17.25,17.25,0.0,41508.0,91926924.0
2007-09-28,17.25,17.25,17.25,17.25,0.0,178500.0,91926924.0
2007-10-01,17.25,16.75,16.75,17.25,0.0,322831.0,91926924.0
2007-10-02,17.0,16.75,16.75,16.75,0.0,194296.0,91926924.0
2007-10-03,16.75,16.5,16.75,16.75,0.0,228914.0,91926924.0
2007-10-04,17.0,16.75,17.0,16.75,0.0,144652.0,91926924.0
2007-10-05,18.75,17.0,18.75,17.0,0.0,638077.0,91926924.0
2007-10-08,23.5,19.0,21.5,19.0,0.0,2329973.0,91926924.0
2007-10-09,22.0,20.75,20.75,21.5,0.0,950694.0,91926924.0
2007-10-10,21.75,21.0,21.75,21.0,0.0,441036.0,91926924.0
2007-10-11,21.75,21.25,21.25,21.75,0.0,112577.0,91926924.0
2007-10-12,21.25,20.5,20.75,21.25,0.0,444361.0,91926924.0
2007-10-15,20.75,20.25,20.25,20.75,0.0,416141.0,91926924.0
2007-10-16,20.5,20.0,20.5,20.0,0.0,369598.0,91926924.0
2007-10-17,20.75,20.5,20.5,20.5,0.0,139130.0,91926924.0
2007-10-18,20.5,20.5,20.5,20.5,0.0,199991.0,91926924.0
2007-10-19,21.0,20.5,20.75,20.5,0.0,84146.0,91926924.0
2007-10-22,20.75,20.0,20.0,20.75,0.0,233285.0,91926924.0
2007-10-23,20.0,20.0,20.0,20.0,0.0,112673.0,91926924.0
2007-10-24,20.0,20.0,20.0,20.0,0.0,48732.0,91926924.0
2007-10-25,20.0,19.5,19.5,20.0,0.0,185458.0,91926924.0
2007-10-26,19.5,19.5,19.5,19.5,0.0,299145.0,91926924.0
2007-10-29,19.5,18.5,19.0,19.5,0.0,442024.0,91926924.0
2007-10-30,19.5,19.0,19.5,19.0,0.0,513675.0,91926924.0
2007-10-31,19.75,19.5,19.75,19.5,0.0,226887.0,91926924.0
2007-11-01,20.25,19.75,20.25,19.75,0.0,87361.0,91926924.0
2007-11-02,20.25,20.25,20.25,20.25,0.0,138964.0,91926924.0
2007-11-05,21.0,20.25,21.0,20.25,0.0,285281.0,91926924.0
2007-11-06,21.0,20.25,20.25,21.0,0.0,217956.0,91926924.0
2007-11-07,20.25,20.25,20.25,20.25,0.0,83189.0,91926924.0
2007-11-08,20.0,20.0,20.0,20.0,0.0,127836.0,91926924.0
2007-11-09,20.0,20.0,20.0,20.0,0.0,342628.0,91926924.0
2007-11-12,20.0,20.0,20.0,20.0,0.0,140054.0,91926924.0
2007-11-13,20.0,19.0,19.25,19.75,0.0,190577.0,91926924.0
2007-11-14,19.5,19.25,19.5,19.25,0.0,28015.0,91926924.0
2007-11-15,19.5,19.5,19.5,19.5,0.0,394501.0,91926924.0
2007-11-16,19.5,19.5,19.5,19.5,0.0,10000.0,91926924.0
2007-11-19,20.0,19.75,19.75,19.75,0.0,32108.0,91926924.0
2007-11-20,19.75,19.75,19.75,19.75,0.0,81238.0,91926924.0
2007-11-21,19.75,19.0,19.0,19.75,0.0,184371.0,91926924.0
2007-11-22,19.25,19.25,19.25,19.25,0.0,150660.0,91926924.0
2007-11-23,19.25,19.25,19.25,19.25,0.0,177045.0,91926924.0
2007-11-26,19.25,19.25,19.25,19.25,0.0,101568.0,91926924.0
2007-11-27,19.25,19.25,19.25,19.25,0.0,12580.0,91926924.0
2007-11-28,19.25,19.25,19.25,19.25,0.0,167573.0,91926924.0
2007-11-29,19.25,19.0,19.25,19.25,0.0,63605.0,91926924.0
2007-11-30,19.25,19.25,19.25,19.25,0.0,45377.0,91926924.0
2007-12-03,19.25,19.0,19.0,19.25,0.0,91822.0,91926924.0
2007-12-04,19.0,19.0,19.0,19.0,0.0,1000.0,91926924.0
2007-12-05,19.0,19.0,19.0,19.0,0.0,55127.0,91926924.0
2007-12-06,19.0,19.0,19.0,19.0,0.0,120467.0,91926924.0
2007-12-07,19.0,19.0,19.0,19.0,0.0,32703.0,91926924.0
2007-12-10,19.0,19.0,19.0,19.0,0.0,110754.0,91926924.0
2007-12-11,19.0,19.0,19.0,19.0,0.0,33227.0,91926924.0
2007-12-12,19.0,19.0,19.0,19.0,0.0,22750.0,91926924.0
2007-12-13,19.0,19.0,19.0,19.0,0.0,90549.0,91926924.0
2007-12-14,19.0,19.0,19.0,19.0,0.0,11269.0,91926924.0
2007-12-17,19.0,19.0,19.0,19.0,0.0,263167.0,91926924.0
2007-12-18,18.75,18.25,18.25,18.75,0.0,139701.0,91926924.0
2007-12-19,18.25,18.25,18.25,18.25,0.0,124222.0,91926924.0
2007-12-20,18.25,18.25,18.25,18.25,0.0,30000.0,91926924.0
2007-12-21,18.25,17.5,17.5,18.25,0.0,351104.0,91926924.0
2007-12-24,17.5,17.5,17.5,17.5,0.0,13798.0,91926924.0
2007-12-25,17.5,17.5,17.5,17.5,0.0,0.0,91926924.0
2007-12-26,17.5,17.5,17.5,17.5,0.0,0.0,91926924.0
2007-12-27,17.5,17.25,17.25,17.5,0.0,62873.0,91926924.0
2007-12-28,17.25,17.0,17.0,17.25,0.0,59342.0,91926924.0
2007-12-31,16.75,16.75,16.75,16.75,0.0,126206.0,91926924.0
2008-01-01,16.75,16.75,16.75,16.75,0.0,0.0,91926924.0
2008-01-02,17.75,16.75,17.75,16.75,0.0,547492.0,91926924.0
2008-01-03,18.0,17.75,18.0,17.75,0.0,221306.0,91926924.0
2008-01-04,18.25,18.0,18.25,18.0,0.0,232154.0,91926924.0
2008-01-07,18.0,18.0,18.0,18.0,0.0,31929.0,91926924.0
2008-01-08,18.0,18.0,18.0,18.0,0.0,36000.0,91926924.0
2008-01-09,18.0,18.0,18.0,18.0,0.0,183290.0,91926924.0
2008-01-10,18.0,18.0,18.0,18.0,0.0,41424.0,91926924.0
2008-01-11,18.0,18.0,18.0,18.0,0.0,10646.0,91926924.0
2008-01-14,18.0,18.0,18.0,18.0,0.0,5572.0,91926924.0
2008-01-15,18.0,17.75,17.75,18.0,0.0,261678.0,91926924.0
2008-01-16,17.75,17.75,17.75,17.75,0.0,86125.0,91926924.0
2008-01-17,17.75,17.5,17.5,17.75,0.0,158419.0,91926924.0
2008-01-18,17.5,17.5,17.5,17.5,0.0,39583.0,91926924.0
2008-01-21,17.5,17.5,17.5,17.5,0.0,126617.0,91926924.0
2008-01-22,17.5,16.75,16.75,17.5,0.0,137194.0,91926924.0
2008-01-23,16.75,16.75,16.75,16.75,0.0,206712.0,91926924.0
2008-01-24,17.5,16.75,17.5,16.75,0.0,534290.0,91926924.0
2008-01-25,17.75,17.5,17.75,17.5,0.0,238370.0,91926924.0
2008-01-28,18.25,18.0,18.25,18.0,0.0,430498.0,91926924.0
2008-01-29,19.75,18.25,19.75,18.25,0.0,313603.0,91926924.0
2008-01-30,19.75,19.5,19.5,19.75,0.0,195551.0,91926924.0
2008-01-31,19.5,19.25,19.25,19.25,0.0,238409.0,91926924.0
2008-02-01,19.25,19.25,19.25,19.25,0.0,102218.0,91926924.0
2008-02-04,19.25,19.25,19.25,19.25,0.0,15639.0,91926924.0
2008-02-05,19.25,19.0,19.0,19.25,0.0,166188.0,91926924.0
2008-02-06,19.0,18.75,18.75,18.75,0.0,54534.0,91926924.0
2008-02-07,19.0,18.75,18.75,19.0,0.0,97726.0,91926924.0
2008-02-08,18.75,18.75,18.75,18.75,0.0,37796.0,91926924.0
2008-02-11,18.75,18.75,18.75,18.75,0.0,16150.0,91926924.0
2008-02-12,18.75,18.75,18.75,18.75,0.0,66459.0,91926924.0
2008-02-13,19.0,18.75,19.0,18.75,0.0,48167.0,91926924.0
2008-02-14,19.0,18.25,18.25,19.0,0.0,858012.0,91926924.0
2008-02-15,18.25,18.25,18.25,18.25,0.0,107814.0,91926924.0
2008-02-18,18.25,18.25,18.25,18.25,0.0,62760.0,91926924.0
2008-02-19,18.25,18.25,18.25,18.25,0.0,74590.0,91926924.0
2008-02-20,18.25,17.75,17.75,18.25,0.0,44758.0,91926924.0
2008-02-21,17.75,17.75,17.75,17.75,0.0,28142.0,91926924.0
2008-02-22,17.75,17.5,17.5,17.75,0.0,209589.0,91926924.0
2008-02-25,17.75,17.75,17.75,17.75,0.0,132571.0,91926924.0
2008-02-26,17.75,17.75,17.75,17.75,0.0,328680.0,91926924.0
2008-02-27,17.75,17.75,17.75,17.75,0.0,129000.0,91926924.0
2008-02-28,17.75,17.75,17.75,17.75,0.0,100463.0,91926924.0
2008-02-29,17.75,17.75,17.75,17.75,0.0,82536.0,91926924.0
2008-03-03,17.75,17.75,17.75,17.75,0.0,470980.0,91926924.0
2008-03-04,17.75,17.75,17.75,17.75,0.0,82313.0,91926924.0
2008-03-05,17.75,17.75,17.75,17.75,0.0,79986.0,91926924.0
2008-03-06,17.75,17.75,17.75,17.75,0.0,127639.0,91926924.0
2008-03-07,17.75,17.5,17.5,17.75,0.0,156008.0,91926924.0
2008-03-10,17.5,17.5,17.5,17.5,0.0,105217.0,91926924.0
2008-03-11,16.75,15.5,16.75,15.75,0.0,1129043.0,91926924.0
2008-03-12,16.75,16.0,16.25,16.5,0.0,360892.0,91926924.0
2008-03-13,16.0,15.5,15.5,16.0,0.0,464710.0,91926924.0
2008-03-14,15.5,15.5,15.5,15.5,0.0,297401.0,91926924.0
2008-03-17,15.5,15.25,15.5,15.25,0.0,386589.0,91926924.0
2008-03-18,15.5,15.5,15.5,15.5,0.0,78157.0,91926924.0
2008-03-19,15.5,15.25,15.25,15.5,0.0,5593712.0,91926924.0
2008-03-20,15.25,15.25,15.25,15.25,0.0,1487109.0,91926924.0
2008-03-21,15.25,15.25,15.25,15.25,0.0,0.0,91926924.0
2008-03-24,15.25,15.25,15.25,15.25,0.0,0.0,91926924.0
2008-03-25,15.25,15.25,15.25,15.25,0.0,246545.0,91926924.0
2008-03-26,15.25,15.25,15.25,15.25,0.0,319826.0,91926924.0
2008-03-27,15.25,15.25,15.25,15.25,0.0,333601.0,91926924.0
2008-03-28,15.25,15.25,15.25,15.25,0.0,306783.0,91926924.0
2008-03-31,15.25,15.25,15.25,15.25,0.0,89042.0,91926924.0
2008-04-01,15.25,15.25,15.25,15.25,0.0,173691.0,91926924.0
2008-04-02,15.25,15.25,15.25,15.25,0.0,38559.0,91926924.0
2008-04-03,15.25,15.25,15.25,15.25,0.0,197486.0,91926924.0
2008-04-04,15.25,15.25,15.25,15.25,0.0,344683.0,91926924.0
2008-04-07,15.25,15.25,15.25,15.25,0.0,83258.0,91926924.0
2008-04-08,15.25,15.25,15.25,15.25,0.0,84669.0,91926924.0
2008-04-09,15.25,15.25,15.25,15.25,0.0,94084.0,91926924.0
2008-04-10,15.25,15.25,15.25,15.25,0.0,6998.0,91926924.0
2008-04-11,15.25,15.25,15.25,15.25,0.0,113509.0,91926924.0
2008-04-14,15.25,15.25,15.25,15.25,0.0,446836.0,91926924.0
2008-04-15,15.25,15.25,15.25,15.25,0.0,283322.0,91926924.0
2008-04-16,15.25,15.25,15.25,15.25,0.0,2639.0,91926924.0
2008-04-17,15.25,15.0,15.25,15.25,0.0,49364.0,91926924.0
2008-04-18,15.25,15.25,15.25,15.25,0.0,139123.0,91926924.0
2008-04-21,15.5,15.25,15.5,15.25,0.0,245556.0,91926924.0
2008-04-22,16.5,15.5,16.5,15.5,0.0,431980.0,92105456.0
2008-04-23,16.5,16.5,16.5,16.5,0.0,128879.0,92105456.0
2008-04-24,16.5,16.25,16.25,16.5,0.0,111260.0,92105456.0
2008-04-25,16.25,16.25,16.25,16.25,0.0,51326.0,92105456.0
2008-04-28,16.25,16.25,16.25,16.25,0.0,52201.0,92105456.0
2008-04-29,16.25,16.25,16.25,16.25,0.0,195902.0,92105456.0
2008-04-30,16.25,16.0,16.0,16.25,0.0,278970.0,92105456.0
2008-05-01,16.0,16.0,16.0,16.0,0.0,34072.0,92105456.0
2008-05-02,16.0,16.0,16.0,16.0,0.0,20607.0,92105456.0
2008-05-05,16.0,16.0,16.0,16.0,0.0,0.0,92105456.0
2008-05-06,16.0,16.0,16.0,16.0,0.0,99905.0,92105456.0
2008-05-07,18.75,16.25,18.25,16.25,0.0,1145646.0,92105456.0
2008-05-08,18.25,18.25,18.25,18.25,0.0,228408.0,92105456.0
2008-05-09,18.25,18.0,18.0,18.25,0.0,80307.0,92105456.0
2008-05-12,18.0,17.25,17.5,18.0,0.0,289007.0,92105456.0
2008-05-13,18.25,17.5,18.25,17.5,0.0,215821.0,92105456.0
2008-05-14,18.75,18.0,18.75,18.25,0.0,629395.0,92605346.0
2008-05-15,19.25,18.75,19.0,18.75,0.0,350674.0,92605346.0
2008-05-16,19.0,19.0,19.0,19.0,0.0,158500.0,92605346.0
2008-05-19,20.75,19.25,20.5,19.25,0.0,870098.0,92605346.0
2008-05-20,21.5,20.25,21.25,20.5,0.0,1442183.0,92605346.0
2008-05-21,21.25,21.25,21.25,21.25,0.0,581903.0,92605346.0
2008-05-22,22.75,21.25,22.5,21.25,0.0,1150086.0,92605346.0
2008-05-23,22.75,22.5,22.5,22.75,0.0,634228.0,92605346.0
2008-05-26,22.5,22.5,22.5,22.5,0.0,0.0,92605346.0
2008-05-27,22.5,22.0,22.0,22.5,0.0,644417.0,92605346.0
2008-05-28,22.0,21.0,21.0,22.0,0.0,203562.0,92605346.0
2008-05-29,21.0,20.5,20.5,21.0,0.0,527261.0,92605346.0
2008-05-30,20.5,20.25,20.25,20.5,0.0,421712.0,92605346.0
2008-06-02,20.5,20.0,20.5,20.25,0.0,212895.0,92605346.0
2008-06-03,21.0,20.5,21.0,20.5,0.0,233066.0,92605346.0
2008-06-04,22.5,21.0,22.5,21.0,0.0,1085527.0,92605346.0
2008-06-05,23.0,22.5,22.75,22.5,0.0,579627.0,92605346.0
2008-06-06,23.25,22.75,23.25,22.75,0.0,658789.0,92605346.0
2008-06-09,23.25,22.75,22.75,23.25,0.0,601226.0,92605346.0
2008-06-10,22.75,22.5,22.5,22.75,0.0,348452.0,92605346.0
2008-06-11,22.5,22.25,22.25,22.5,0.0,171218.0,92605346.0
2008-06-12,22.25,22.25,22.25,22.25,0.0,30725.0,92605346.0
2008-06-13,22.25,22.25,22.25,22.25,0.0,71746.0,92605346.0
2008-06-16,22.25,22.25,22.25,22.25,0.0,29295.0,92605346.0
2008-06-17,22.25,22.0,22.0,22.25,0.0,53863.0,92605346.0
2008-06-18,22.0,22.0,22.0,22.0,0.0,67875.0,92605346.0
2008-06-19,22.0,22.0,22.0,22.0,0.0,111053.0,92605346.0
2008-06-20,22.25,22.0,22.25,22.0,0.0,83498.0,92605346.0
2008-06-23,22.25,22.0,22.0,22.25,0.0,130012.0,92605346.0
2008-06-24,22.0,21.5,21.5,22.0,0.0,405737.0,92605346.0
2008-06-25,21.5,21.5,21.5,21.5,0.0,82858.0,92605346.0
2008-06-26,21.5,21.5,21.5,21.5,0.0,10000.0,92605346.0
2008-06-27,21.5,21.25,21.25,21.5,0.0,79251.0,92605346.0
2008-06-30,21.25,21.0,21.0,21.25,0.0,65412.0,92605346.0
2008-07-01,21.0,21.0,21.0,21.0,0.0,49900.0,92605346.0
2008-07-02,21.0,21.0,21.0,21.0,0.0,37483.0,92605346.0
2008-07-03,21.0,19.25,19.25,21.0,0.0,694068.0,92605346.0
2008-07-04,19.0,18.75,19.0,19.0,0.0,174374.0,92605346.0
2008-07-07,19.0,18.5,18.75,19.0,0.0,206100.0,92605346.0
2008-07-08,18.75,18.75,18.75,18.75,0.0,26180.0,92605346.0
2008-07-09,18.75,18.75,18.75,18.75,0.0,17626.0,92605346.0
2008-07-10,18.75,18.75,18.75,18.75,0.0,75000.0,92605346.0
2008-07-11,18.75,18.75,18.75,18.75,0.0,1885.0,92605346.0
2008-07-14,18.75,18.75,18.75,18.75,0.0,79327.0,92605346.0
2008-07-15,18.75,18.5,18.5,18.75,0.0,108509.0,92605346.0
2008-07-16,18.5,18.5,18.5,18.5,0.0,72448.0,92605346.0
2008-07-17,18.5,18.25,18.25,18.25,0.0,585177.0,92605346.0
2008-07-18,18.25,18.25,18.25,18.25,0.0,21000.0,92783878.0
2008-07-21,18.25,18.25,18.25,18.25,0.0,58181.0,92783878.0
2008-07-22,18.5,18.25,18.5,18.25,0.0,77528.0,92783878.0
2008-07-23,18.5,18.25,18.25,18.5,0.0,24106.0,92783878.0
2008-07-24,18.25,18.25,18.25,18.25,0.0,155239.0,92783878.0
2008-07-25,18.25,18.25,18.25,18.25,0.0,7000.0,92783878.0
2008-07-28,18.25,18.25,18.25,18.25,0.0,50337.0,92783878.0
2008-07-29,18.25,18.25,18.25,18.25,0.0,51335.0,92783878.0
2008-07-30,18.5,18.25,18.5,18.25,0.0,49393.0,92783878.0
2008-07-31,18.5,18.0,18.0,18.5,0.0,39689.0,92783878.0
2008-08-01,18.0,18.0,18.0,18.0,0.0,40015.0,92783878.0
2008-08-04,18.0,18.0,18.0,18.0,0.0,70000.0,92783878.0
2008-08-05,18.0,17.75,17.75,18.0,0.0,173582.0,92783878.0
2008-08-06,17.75,17.75,17.75,17.75,0.0,138400.0,92783878.0
2008-08-07,17.75,17.75,17.75,17.75,0.0,82833.0,92783878.0
2008-08-08,17.75,17.75,17.75,17.75,0.0,69386.0,92783878.0
2008-08-11,17.75,17.75,17.75,17.75,0.0,33409.0,92783878.0
2008-08-12,17.75,17.75,17.75,17.75,0.0,27494.0,92783878.0
2008-08-13,17.75,17.75,17.75,17.75,0.0,0.0,92783878.0
2008-08-14,17.75,17.75,17.75,17.75,0.0,5500.0,92783878.0
2008-08-15,17.75,17.75,17.75,17.75,0.0,86160.0,92783878.0
2008-08-18,18.0,17.75,18.0,17.75,0.0,97152.0,92783878.0
2008-08-19,18.0,17.75,17.75,18.0,0.0,41900.0,92783878.0
2008-08-20,17.75,17.75,17.75,17.75,0.0,54016.0,92783878.0
2008-08-21,17.75,17.75,17.75,17.75,0.0,73100.0,92783878.0
2008-08-22,18.75,17.75,18.5,17.75,0.0,217738.0,92783878.0
2008-08-25,18.5,18.5,18.5,18.5,0.0,0.0,92783878.0
2008-08-26,18.5,18.5,18.5,18.5,0.0,15238.0,92783878.0
2008-08-27,18.5,18.5,18.5,18.5,0.0,41162.0,92783878.0
2008-08-28,18.5,18.5,18.5,18.5,0.0,318533.0,92783878.0
2008-08-29,18.5,18.5,18.5,18.5,0.0,21398.0,92783878.0
2008-09-01,18.5,18.5,18.5,18.5,0.0,432.0,92783878.0
2008-09-02,18.5,18.5,18.5,18.5,0.0,68511.0,92783878.0
2008-09-03,18.5,18.5,18.5,18.5,0.0,10257.0,92783878.0
2008-09-04,18.5,18.5,18.5,18.5,0.0,41828.0,92783878.0
2008-09-05,18.5,18.5,18.5,18.5,0.0,40723.0,92783878.0
2008-09-08,18.5,18.5,18.5,18.5,0.0,53388.0,92783878.0
2008-09-09,18.5,18.5,18.5,18.5,0.0,227383.0,92783878.0
2008-09-10,18.75,18.5,18.75,18.5,0.0,59553.0,92783878.0
2008-09-11,18.75,18.75,18.75,18.75,0.0,40000.0,92783878.0
2008-09-12,18.75,18.75,18.75,18.75,0.0,18000.0,92783878.0
2008-09-15,18.75,18.5,18.75,18.75,0.0,245582.0,92783878.0
2008-09-16,18.75,18.0,18.5,18.75,0.0,270704.0,92783878.0
2008-09-17,19.5,18.5,19.0,18.5,0.0,428753.0,92783878.0
2008-09-18,19.0,18.25,18.25,19.0,0.0,204782.0,92783878.0
2008-09-19,18.25,18.0,18.0,18.25,0.0,22269.0,92783878.0
2008-09-22,18.0,18.0,18.0,18.0,0.0,68390.0,92783878.0
2008-09-23,18.0,17.0,17.0,18.0,0.0,153645.0,92783878.0
2008-09-24,17.25,17.0,17.25,17.0,0.0,561598.0,92783878.0
2008-09-25,17.5,17.25,17.5,17.25,0.0,154739.0,92783878.0
2008-09-26,17.5,17.5,17.5,17.5,0.0,252862.0,92783878.0
2008-09-29,17.5,17.5,17.5,17.5,0.0,127141.0,92783878.0
2008-09-30,17.5,17.0,17.25,17.5,0.0,350461.0,92883878.0
2008-10-01,17.25,17.0,17.25,17.0,0.0,325400.0,92883878.0
2008-10-02,17.25,17.0,17.25,17.25,0.0,133801.0,92883878.0
2008-10-03,17.5,17.25,17.5,17.25,0.0,70351.0,92883878.0
2008-10-06,17.5,17.25,17.25,17.5,0.0,137559.0,92883878.0
2008-10-07,17.25,17.0,17.0,17.25,0.0,344474.0,92883878.0
2008-10-08,17.0,17.0,17.0,17.0,0.0,203360.0,92883878.0
2008-10-09,17.0,17.0,17.0,17.0,0.0,318123.0,92883878.0
2008-10-10,17.0,16.0,16.0,17.0,0.0,707334.0,92883878.0
2008-10-13,16.0,16.0,16.0,16.0,0.0,108461.0,92883878.0
2008-10-14,16.0,16.0,16.0,16.0,0.0,178420.0,92883878.0
2008-10-15,16.0,15.75,15.75,16.0,0.0,258439.0,92883878.0
2008-10-16,15.75,15.5,15.5,15.75,0.0,94082.0,92883878.0
2008-10-17,15.5,15.5,15.5,15.5,0.0,142709.0,92883878.0
2008-10-20,15.5,15.5,15.5,15.5,0.0,31020.0,92883878.0
2008-10-21,15.5,15.5,15.5,15.5,0.0,31361.0,92883878.0
2008-10-22,15.5,15.5,15.5,15.5,0.0,10281.0,92883878.0
2008-10-23,15.5,14.5,14.5,15.5,0.0,436497.0,92883878.0
2008-10-24,14.5,14.25,14.25,14.5,0.0,54788.0,92883878.0
2008-10-27,14.25,13.5,13.5,14.25,0.0,188765.0,92883878.0
2008-10-28,13.5,13.5,13.5,13.5,0.0,1984.0,92883878.0
2008-10-29,13.5,13.5,13.5,13.5,9.0,86625.0,92883878.0
2008-10-30,14.0,13.5,14.0,13.5,11.0,174410.0,92883878.0
2008-10-31,14.0,13.75,13.75,14.0,8.0,45165.0,92883878.0
2008-11-03,13.75,13.75,13.75,13.75,8.0,274748.0,92883878.0
2008-11-04,16.25,13.75,16.25,13.75,22.0,427284.0,92883878.0
2008-11-05,17.0,16.13,16.5,16.25,15.0,579652.0,92883878.0
2008-11-06,16.5,16.0,16.5,16.5,14.0,115184.0,92883878.0
2008-11-07,16.5,16.5,16.5,16.5,3.0,38300.0,92883878.0
2008-11-10,16.5,16.25,16.25,16.5,15.0,180552.0,92883878.0
2008-11-11,16.25,16.0,16.0,16.25,8.0,62830.0,92883878.0
2008-11-12,16.0,16.0,16.0,16.0,4.0,30870.0,92883878.0
2008-11-13,16.0,15.25,15.25,16.0,8.0,206634.0,92883878.0
2008-11-14,15.25,15.25,15.25,15.25,1.0,10000.0,92883878.0
2008-11-17,15.25,15.0,15.0,15.25,5.0,222327.0,92883878.0
2008-11-18,15.0,14.25,14.25,15.0,10.0,137805.0,92883878.0
2008-11-19,14.25,14.0,14.0,14.25,6.0,67521.0,92883878.0
2008-11-20,14.0,13.75,13.75,14.0,9.0,143670.0,92883878.0
2008-11-21,14.0,13.75,14.0,13.75,12.0,200237.0,92883878.0
2008-11-24,14.0,14.0,14.0,14.0,2.0,22410.0,92883878.0
2008-11-25,14.25,14.0,14.25,14.0,1.0,7000.0,92883878.0
2008-11-26,14.25,12.0,13.25,14.25,30.0,3421718.0,92883878.0
2008-11-27,13.25,13.25,13.25,13.25,3.0,16035.0,92883878.0
2008-11-28,13.25,12.5,12.5,13.25,13.0,211207.0,92883878.0
2008-12-01,13.0,12.5,13.0,12.5,7.0,156155.0,92883878.0
2008-12-02,13.0,13.0,13.0,13.0,1.0,5459.0,92883878.0
2008-12-03,13.0,13.0,13.0,13.0,3.0,32914.0,92883878.0
2008-12-04,13.0,13.0,13.0,13.0,3.0,4214.0,92883878.0
2008-12-05,13.0,13.0,13.0,13.0,3.0,20211.0,92883878.0
2008-12-08,13.0,13.0,13.0,13.0,4.0,30563.0,92883878.0
2008-12-09,13.0,12.75,13.0,13.0,11.0,138000.0,92883878.0
2008-12-10,13.0,11.25,11.75,13.0,16.0,489052.0,92883878.0
2008-12-11,11.75,11.5,11.5,11.75,6.0,157296.0,92883878.0
2008-12-12,12.5,11.5,12.5,11.5,6.0,109656.0,92883878.0
2008-12-15,13.0,12.5,13.0,12.5,8.0,163794.0,92883878.0
2008-12-16,13.0,12.75,12.75,13.0,5.0,300183.0,92883878.0
2008-12-17,12.75,12.25,12.25,12.75,3.0,17026.0,92883878.0
2008-12-18,12.25,12.0,12.0,12.25,4.0,80000.0,92883878.0
2008-12-19,12.0,12.0,12.0,12.0,3.0,58150.0,92883878.0
2008-12-22,12.0,12.0,12.0,12.0,5.0,351435.0,92883878.0
2008-12-23,12.25,12.0,12.25,12.0,3.0,84275.0,92883878.0
2008-12-24,12.25,12.25,12.25,12.25,0.0,0.0,92883878.0
2008-12-25,12.25,12.25,12.25,12.25,0.0,0.0,92883878.0
2008-12-26,12.25,12.25,12.25,12.25,0.0,0.0,92883878.0
2008-12-29,12.25,12.25,12.25,12.25,4.0,13415.0,92883878.0
2008-12-30,12.25,12.25,12.25,12.25,2.0,110000.0,92883878.0
2008-12-31,12.25,11.75,12.25,12.25,7.0,376898.0,92883878.0
2009-01-01,12.25,12.25,12.25,12.25,0.0,0.0,92883878.0
2009-01-02,12.5,12.5,12.5,12.5,0.0,1.0,92883878.0
2009-01-05,12.75,12.5,12.75,12.5,4.0,51545.0,92883878.0
2009-01-06,13.0,12.75,13.0,12.75,6.0,41500.0,92883878.0
2009-01-07,13.0,13.0,13.0,13.0,4.0,24631.0,92883878.0
2009-01-08,13.0,12.75,12.75,13.0,4.0,121606.0,92883878.0
2009-01-09,13.75,12.75,13.5,12.75,4.0,55872.0,92883878.0
2009-01-12,13.5,13.5,13.5,13.5,2.0,5552.0,92883878.0
2009-01-13,13.5,13.5,13.5,13.5,2.0,26030.0,92883878.0
2009-01-14,13.5,13.5,13.5,13.5,6.0,122858.0,92883878.0
2009-01-15,13.5,13.5,13.5,13.5,2.0,10831.0,92883878.0
2009-01-16,13.5,13.5,13.5,13.5,0.0,0.0,92883878.0
2009-01-19,13.5,13.5,13.5,13.5,2.0,17119.0,92883878.0
2009-01-20,13.5,13.25,13.25,13.5,5.0,65751.0,92883878.0
2009-01-21,13.25,12.5,13.25,13.25,15.0,975126.0,92883878.0
2009-01-22,13.5,13.25,13.5,13.5,4.0,26354.0,92883878.0
2009-01-23,13.5,13.25,13.25,13.5,3.0,33393.0,92883878.0
2009-01-26,13.5,13.25,13.5,13.25,10.0,301479.0,92883878.0
2009-01-27,13.75,13.25,13.75,13.5,1.0,3571.0,92883878.0
2009-01-28,13.75,13.75,13.75,13.75,1.0,50000.0,92883878.0
2009-01-29,13.75,13.75,13.75,13.75,1.0,20000.0,92883878.0
2009-01-30,13.75,13.75,13.75,13.75,5.0,84722.0,92883878.0
2009-02-02,13.75,13.75,13.75,13.75,4.0,11429.0,92883878.0
2009-02-03,13.75,13.75,13.75,13.75,4.0,34331.0,92883878.0
2009-02-04,13.75,13.75,13.75,13.75,3.0,75920.0,92883878.0
2009-02-05,13.75,13.75,13.75,13.75,4.0,2693.0,92883878.0
2009-02-06,14.0,13.75,13.75,13.75,11.0,567163.0,92883878.0
2009-02-09,14.0,13.75,14.0,13.75,8.0,148406.0,92883878.0
2009-02-10,14.0,13.75,13.75,14.0,4.0,68151.0,92883878.0
2009-02-11,14.25,13.75,14.25,13.75,6.0,71186.0,92883878.0
2009-02-12,14.5,14.25,14.5,14.25,3.0,59459.0,92883878.0
2009-02-13,15.0,14.5,15.0,14.5,5.0,87045.0,92883878.0
2009-02-16,15.0,14.75,15.0,14.75,4.0,98930.0,92883878.0
2009-02-17,15.0,14.5,14.5,15.0,8.0,136902.0,92883878.0
2009-02-18,14.25,14.25,14.25,14.25,1.0,1500.0,92883878.0
2009-02-19,14.25,14.0,14.25,14.25,2.0,40000.0,92883878.0
2009-02-20,14.0,14.0,14.0,14.0,4.0,123838.0,92883878.0
2009-02-23,14.0,13.75,13.75,14.0,7.0,42900.0,92883878.0
2009-02-24,13.75,13.75,13.75,13.75,0.0,0.0,92883878.0
2009-02-25,13.75,13.5,13.5,13.75,9.0,988000.0,92883878.0
2009-02-26,14.5,13.5,14.0,13.5,4.0,196591.0,92883878.0
2009-02-27,14.0,14.0,14.0,14.0,3.0,96796.0,92883878.0
2009-03-02,14.0,13.5,14.0,13.75,12.0,341404.0,92883878.0
2009-03-03,14.0,14.0,14.0,14.0,8.0,60558.0,92883878.0
2009-03-04,14.5,14.0,14.5,14.0,7.0,321427.0,92883878.0
2009-03-05,14.5,14.0,14.25,14.5,6.0,76120.0,92883878.0
2009-03-06,14.25,14.0,14.25,14.25,2.0,19000.0,92883878.0
2009-03-09,14.25,14.0,14.25,14.25,8.0,258756.0,92883878.0
2009-03-10,14.25,14.0,14.25,14.0,6.0,34973.0,92883878.0
2009-03-11,14.25,14.25,14.25,14.25,3.0,159626.0,92883878.0
2009-03-12,14.5,14.0,14.5,14.0,5.0,149310.0,92883878.0
2009-03-13,14.5,14.5,14.5,14.5,11.0,9663110.0,92883878.0
2009-03-16,15.0,14.5,15.0,14.5,5.0,95164.0,92883878.0
2009-03-17,15.0,14.5,14.75,15.0,13.0,141395.0,92883878.0
2009-03-18,16.5,15.75,16.5,15.75,34.0,1064834.0,92883878.0
2009-03-19,18.0,16.5,17.75,16.5,53.0,597262.0,92883878.0
2009-03-20,17.75,17.25,17.25,17.75,23.0,161372.0,92883878.0
2009-03-23,17.25,17.0,17.0,17.25,15.0,176996.0,92883878.0
2009-03-24,17.0,17.0,17.0,17.0,13.0,108839.0,92883878.0
2009-03-25,17.0,17.0,17.0,17.0,9.0,97964.0,92883878.0
2009-03-26,17.0,17.0,17.0,17.0,9.0,96477.0,92883878.0
2009-03-27,17.0,17.0,17.0,17.0,14.0,90792.0,92883878.0
2009-03-29,17.0,17.0,17.0,17.0,0.0,0.0,92883878.0
2009-03-30,17.0,17.0,17.0,17.0,15.0,241989.0,92883878.0
2009-03-31,17.0,17.0,17.0,17.0,13.0,60550.0,92883878.0
2009-04-01,17.0,17.0,17.0,17.0,11.0,70130.0,92883878.0
2009-04-02,17.0,17.0,17.0,17.0,7.0,75110.0,92883878.0
2009-04-03,17.0,17.0,17.0,17.0,6.0,86035.0,92883878.0
2009-04-06,17.0,17.0,17.0,17.0,10.0,89066.0,92883878.0
2009-04-07,17.0,17.0,17.0,17.0,9.0,61783.0,92883878.0
2009-04-08,17.0,16.75,16.75,17.0,10.0,91220.0,92883878.0
2009-04-09,16.75,16.75,16.75,16.75,6.0,51063.0,92883878.0
2009-04-10,16.75,16.75,16.75,16.75,0.0,0.0,92883878.0
2009-04-13,16.75,16.75,16.75,16.75,0.0,0.0,92883878.0
2009-04-14,17.0,16.75,17.0,16.75,7.0,334036.0,92883878.0
2009-04-15,17.25,17.0,17.25,17.0,5.0,119249.0,92883878.0
2009-04-16,18.0,17.25,18.0,17.25,10.0,82165.0,92883878.0
2009-04-17,19.0,18.0,19.0,18.0,22.0,184616.0,92883878.0
2009-04-20,19.25,19.0,19.0,19.0,7.0,57940.0,92883878.0
2009-04-21,19.0,19.0,19.0,19.0,7.0,46180.0,92883878.0
2009-04-22,20.0,19.0,19.5,19.0,19.0,281320.0,92883878.0
2009-04-23,19.75,19.5,19.75,19.5,12.0,38812.0,92883878.0
2009-04-24,20.25,19.75,20.25,19.75,14.0,100323.0,92883878.0
2009-04-27,20.25,20.25,20.25,20.25,19.0,224109.0,92883878.0
2009-04-28,20.25,20.25,20.25,20.25,11.0,105793.0,92883878.0
2009-04-29,21.75,20.25,21.75,20.25,30.0,447518.0,92883878.0
2009-04-30,21.75,21.5,21.75,21.75,19.0,286401.0,92883878.0
2009-05-01,23.25,21.0,22.75,21.75,54.0,593622.0,92883878.0
2009-05-04,22.75,22.75,22.75,22.75,0.0,0.0,92883878.0
2009-05-05,23.75,22.75,23.75,22.75,46.0,1828629.0,92883878.0
2009-05-06,25.75,24.0,25.0,24.0,76.0,3514917.0,92883878.0
2009-05-07,25.25,25.0,25.0,25.0,45.0,2377194.0,92883878.0
2009-05-08,25.0,23.25,23.25,25.0,61.0,809336.0,92883878.0
2009-05-11,23.25,22.25,22.25,23.25,26.0,339636.0,92883878.0
2009-05-12,22.25,22.0,22.25,22.0,7.0,48510.0,92883878.0
2009-05-13,22.25,22.0,22.0,22.25,8.0,41863.0,92883878.0
2009-05-14,22.0,21.5,21.75,22.0,14.0,168993.0,92883878.0
2009-05-15,21.75,21.25,21.25,21.75,14.0,68771.0,92883878.0
2009-05-18,21.25,21.25,21.25,21.25,8.0,25790.0,92883878.0
2009-05-19,21.5,21.25,21.5,21.25,18.0,481566.0,92883878.0
2009-05-20,23.75,21.5,23.25,21.5,37.0,672696.0,92883878.0
2009-05-21,23.25,21.75,22.0,23.25,21.0,237787.0,92883878.0
2009-05-22,22.0,22.0,22.0,22.0,3.0,20386.0,92883878.0
2009-05-25,22.0,22.0,22.0,22.0,0.0,0.0,92883878.0
2009-05-26,22.0,22.0,22.0,22.0,3.0,37802.0,92883878.0
2009-05-27,22.0,21.75,22.0,22.0,4.0,7850.0,92883878.0
2009-05-28,22.0,22.0,22.0,22.0,3.0,16650.0,92883878.0
2009-05-29,22.0,21.75,22.0,21.75,10.0,132065.0,92883878.0
2009-06-01,22.25,21.75,21.75,22.0,12.0,258063.0,92883878.0
2009-06-02,22.0,22.0,22.0,22.0,11.0,331311.0,92883878.0
2009-06-03,23.0,22.25,22.75,22.25,16.0,399542.0,92883878.0
2009-06-04,23.0,22.75,23.0,22.75,3.0,23508.0,92883878.0
2009-06-05,23.25,23.0,23.25,23.0,8.0,605376.0,92883878.0
2009-06-08,23.25,23.25,23.25,23.25,7.0,65419.0,92883878.0
2009-06-09,23.25,23.0,23.0,23.25,9.0,142510.0,92883878.0
2009-06-10,23.0,22.5,22.5,23.0,14.0,204565.0,92883878.0
2009-06-11,22.5,22.5,22.5,22.5,2.0,4500.0,92883878.0
2009-06-12,22.5,22.0,22.0,22.5,13.0,283942.0,92883878.0
2009-06-15,22.0,22.0,22.0,22.0,7.0,27803.0,92883878.0
2009-06-16,22.0,21.25,21.25,22.0,11.0,327147.0,92883878.0
2009-06-17,21.25,21.0,21.0,21.25,7.0,22099.0,92883878.0
2009-06-18,21.0,19.5,19.75,21.0,18.0,245268.0,92883878.0
2009-06-19,19.75,19.5,19.5,19.75,11.0,89781.0,92883878.0
2009-06-22,19.5,19.5,19.5,19.5,4.0,42859.0,92883878.0
2009-06-23,19.25,19.0,19.0,19.0,7.0,169032.0,92883878.0
2009-06-24,19.25,19.0,19.0,19.0,7.0,208602.0,92883878.0
2009-06-25,18.75,18.75,18.75,18.75,9.0,121170.0,92883878.0
2009-06-26,19.25,18.75,19.0,18.75,8.0,95533.0,92883878.0
2009-06-29,19.0,19.0,19.0,19.0,1.0,15000.0,92883878.0
2009-06-30,19.25,19.0,19.25,19.0,8.0,356275.0,92883878.0
2009-07-01,19.5,19.25,19.5,19.25,3.0,27938.0,92883878.0
2009-07-02,19.5,19.5,19.5,19.5,10.0,349122.0,92883878.0
2009-07-03,19.5,19.5,19.5,19.5,6.0,103228.0,92883878.0
2009-07-06,19.5,19.25,19.5,19.25,4.0,54168.0,92883878.0
2009-07-07,19.5,19.25,19.25,19.5,2.0,2339.0,92883878.0
2009-07-08,19.5,19.0,19.5,19.0,7.0,82412.0,92883878.0
2009-07-09,19.5,19.25,19.25,19.5,1.0,12683.0,92883878.0
2009-07-10,19.5,19.25,19.5,19.25,4.0,152053.0,92883878.0
2009-07-13,19.5,19.25,19.25,19.5,7.0,69162.0,92883878.0
2009-07-14,19.25,19.0,19.25,19.25,3.0,41098.0,92883878.0
2009-07-15,19.5,19.25,19.5,19.25,12.0,149190.0,92883878.0
2009-07-16,19.5,19.5,19.5,19.5,3.0,12977.0,92883878.0
2009-07-17,19.5,19.5,19.5,19.5,7.0,572200.0,92883878.0
2009-07-20,19.75,19.5,19.75,19.5,5.0,97000.0,92883878.0
2009-07-21,19.75,19.25,19.5,19.75,11.0,540278.0,92883878.0
2009-07-22,19.75,19.5,19.75,19.5,10.0,164010.0,92883878.0
2009-07-23,19.75,19.75,19.75,19.75,1.0,639.0,92883878.0
2009-07-24,19.75,19.75,19.75,19.75,9.0,85439.0,92883878.0
2009-07-27,19.75,19.5,19.75,19.75,5.0,167723.0,92883878.0
2009-07-28,19.75,19.5,19.5,19.75,9.0,34697.0,92883878.0
2009-07-29,19.5,19.25,19.5,19.25,6.0,81691.0,92883878.0
2009-07-30,19.5,19.5,19.5,19.5,5.0,28448.0,92883878.0
2009-07-31,19.5,19.25,19.5,19.5,8.0,95864.0,92883878.0
2009-08-03,19.5,19.0,19.0,19.5,9.0,38258.0,92883878.0
2009-08-04,19.5,19.0,19.5,19.0,15.0,81604.0,92883878.0
2009-08-05,19.5,19.5,19.5,19.5,9.0,59629.0,92883878.0
2009-08-06,19.75,19.5,19.5,19.75,9.0,65743.0,92883878.0
2009-08-07,19.75,19.75,19.75,19.75,12.0,54278.0,92883878.0
2009-08-10,20.5,19.75,20.5,19.75,19.0,253251.0,92883878.0
2009-08-11,20.5,20.5,20.5,20.5,10.0,44371.0,92883878.0
2009-08-12,20.5,20.5,20.5,20.5,6.0,62381.0,92883878.0
2009-08-13,20.5,20.25,20.25,20.5,13.0,265194.0,92883878.0
2009-08-14,20.5,20.25,20.5,20.25,4.0,33154.0,92883878.0
2009-08-17,20.5,20.25,20.25,20.5,12.0,61258.0,92883878.0
2009-08-18,20.25,20.0,20.0,20.25,8.0,116751.0,92883878.0
2009-08-19,20.0,20.0,20.0,20.0,9.0,154026.0,92883878.0
2009-08-20,20.0,20.0,20.0,20.0,8.0,129176.0,92883878.0
2009-08-21,20.25,20.0,20.25,20.0,4.0,99686.0,92883878.0
2009-08-24,20.25,20.25,20.25,20.25,1.0,15000.0,92883878.0
2009-08-25,20.5,20.0,20.5,20.25,5.0,88743.0,92883878.0
2009-08-26,20.5,20.5,20.5,20.5,1.0,10000.0,92883878.0
2009-08-27,20.5,20.5,20.5,20.5,2.0,39531.0,92883878.0
2009-08-28,20.5,20.5,20.5,20.5,5.0,217000.0,92883878.0
2009-08-31,20.5,20.5,20.5,20.5,0.0,0.0,92883878.0
2009-09-01,20.5,20.25,20.5,20.5,3.0,152350.0,92883878.0
2009-09-02,20.5,20.5,20.5,20.5,3.0,38216.0,92883878.0
2009-09-03,20.5,20.5,20.5,20.5,2.0,12274.0,92883878.0
2009-09-04,20.5,20.5,20.5,20.5,7.0,54335.0,92883878.0
2009-09-07,20.5,20.5,20.5,20.5,6.0,286638.0,92883878.0
2009-09-08,20.5,20.5,20.5,20.5,3.0,21599.0,92883878.0
2009-09-09,21.25,20.5,21.25,20.5,13.0,155761.0,92883878.0
2009-09-10,23.0,21.5,23.0,21.5,24.0,217613.0,92883878.0
2009-09-11,23.0,23.0,23.0,23.0,5.0,61937.0,92883878.0
2009-09-14,23.5,23.0,23.0,23.0,39.0,507815.0,92883878.0
2009-09-15,23.0,22.5,22.5,22.75,15.0,170945.0,92883878.0
2009-09-16,23.0,21.25,21.25,22.75,31.0,549193.0,92883878.0
2009-09-17,21.25,20.25,20.25,21.25,21.0,355961.0,92883878.0
2009-09-18,20.25,20.0,20.0,20.25,6.0,41950.0,92883878.0
2009-09-21,20.0,19.5,19.5,20.0,3.0,16000.0,92883878.0
2009-09-22,20.0,19.5,20.0,19.5,9.0,212625.0,92883878.0
2009-09-23,20.25,19.75,19.75,20.25,6.0,550000.0,92883878.0
2009-09-24,19.75,19.5,19.5,19.75,3.0,9869.0,92883878.0
2009-09-25,19.5,19.5,19.5,19.5,8.0,136957.0,92883878.0
2009-09-28,19.5,19.5,19.5,19.5,5.0,175492.0,92883878.0
2009-09-29,19.5,19.5,19.5,19.5,0.0,0.0,92883878.0
2009-09-30,19.5,19.25,19.25,19.5,4.0,103582.0,92883878.0
2009-10-01,19.25,19.25,19.25,19.25,5.0,158850.0,92883878.0
2009-10-02,19.25,19.0,19.0,19.25,5.0,35706.0,92883878.0
2009-10-05,19.0,18.75,19.0,18.75,3.0,12701.0,92883878.0
2009-10-06,19.0,19.0,19.0,19.0,0.0,0.0,92883878.0
2009-10-07,19.0,19.0,19.0,19.0,0.0,0.0,92883878.0
2009-10-08,19.0,18.5,18.5,18.75,9.0,683907.0,92883878.0
2009-10-09,18.5,18.5,18.5,18.5,2.0,12084.0,92883878.0
2009-10-12,18.5,18.5,18.5,18.5,4.0,50000.0,92883878.0
2009-10-13,18.5,18.25,18.5,18.5,2.0,20500.0,92883878.0
2009-10-14,18.5,18.5,18.5,18.5,4.0,9204.0,92883878.0
2009-10-15,18.5,17.75,18.0,18.5,13.0,189598.0,92883878.0
2009-10-16,18.0,18.0,18.0,18.0,4.0,34340.0,92883878.0
2009-10-17,18.0,18.0,18.0,18.0,0.0,0.0,92883878.0
2009-10-19,18.0,18.0,18.0,18.0,6.0,100074.0,92883878.0
2009-10-20,18.0,17.5,17.75,18.0,4.0,64700.0,92883878.0
2009-10-21,17.75,17.75,17.75,17.75,2.0,15182.0,92883878.0
2009-10-22,18.0,17.75,18.0,17.75,4.0,47000.0,92883878.0
2009-10-23,18.25,18.0,18.25,18.0,4.0,8267.0,92883878.0
2009-10-26,18.25,18.25,18.25,18.25,4.0,90000.0,92883878.0
2009-10-27,18.5,18.0,18.0,18.25,12.0,341827.0,92883878.0
2009-10-28,18.0,17.75,17.75,18.0,14.0,585238.0,92883878.0
2009-10-29,17.75,17.5,17.5,17.5,3.0,23075.0,92883878.0
2009-10-30,17.5,17.5,17.5,17.5,2.0,19000.0,92883878.0
2009-11-02,18.0,18.0,18.0,18.0,5.0,64230.0,92883878.0
2009-11-03,18.0,18.0,18.0,18.0,3.0,39000.0,92883878.0
2009-11-04,18.0,18.0,18.0,18.0,0.0,0.0,92883878.0
2009-11-05,18.0,18.0,18.0,18.0,4.0,72432.0,92883878.0
2009-11-06,18.0,18.0,18.0,18.0,3.0,34741.0,92883878.0
2009-11-09,18.0,18.0,18.0,18.0,2.0,5500.0,92883878.0
2009-11-10,18.0,17.5,17.5,18.0,4.0,39044.0,92883878.0
2009-11-11,17.5,17.5,17.5,17.5,4.0,82754.0,92883878.0
2009-11-12,17.5,17.5,17.5,17.5,1.0,20000.0,92883878.0
2009-11-13,17.5,17.0,17.25,17.5,7.0,211849.0,92883878.0
2009-11-16,18.25,17.25,18.25,17.25,11.0,215704.0,92883878.0
2009-11-17,18.75,18.25,18.25,18.25,2.0,30000.0,92883878.0
2009-11-18,18.25,17.5,17.5,18.25,6.0,69180.0,92883878.0
2009-11-19,17.5,17.5,17.5,17.5,2.0,33000.0,92883878.0
2009-11-20,18.0,17.5,18.0,17.5,7.0,75086.0,92883878.0
2009-11-23,18.0,18.0,18.0,18.0,8.0,45368.0,92883878.0
2009-11-24,18.0,18.0,18.0,18.0,1.0,4857.0,92883878.0
2009-11-25,18.25,18.0,18.25,18.0,11.0,203439.0,92883878.0
2009-11-26,18.25,18.25,18.25,18.25,2.0,30000.0,92883878.0
2009-11-27,18.25,18.25,18.25,18.25,4.0,120205.0,92883878.0
2009-11-30,18.25,18.25,18.25,18.25,0.0,0.0,92883878.0
2009-12-01,18.25,17.5,17.5,18.25,12.0,150754.0,92883878.0
2009-12-02,17.5,17.5,17.5,17.5,1.0,11331.0,92883878.0
2009-12-03,18.0,17.5,18.0,17.5,6.0,269339.0,92883878.0
2009-12-04,18.0,18.0,18.0,18.0,6.0,63935.0,92883878.0
2009-12-07,18.0,18.0,18.0,18.0,3.0,7337.0,92883878.0
2009-12-08,18.0,18.0,18.0,18.0,1.0,40000.0,92883878.0
2009-12-09,18.0,17.75,17.75,18.0,4.0,85000.0,92883878.0
2009-12-10,17.75,17.75,17.75,17.75,8.0,32760.0,92883878.0
2009-12-11,17.75,17.75,17.75,17.75,0.0,0.0,92883878.0
2009-12-14,17.75,17.75,17.75,17.75,1.0,2692.0,92883878.0
2009-12-15,17.75,17.75,17.75,17.75,2.0,649.0,92883878.0
2009-12-16,17.75,17.5,17.5,17.75,5.0,696000.0,92883878.0
2009-12-17,17.75,17.75,17.75,17.75,4.0,15996.0,92883878.0
2009-12-18,17.5,17.5,17.5,17.5,0.0,1.0,92883878.0
2009-12-21,18.0,17.75,18.0,17.75,14.0,518902.0,92883878.0
2009-12-22,18.25,18.0,18.0,18.25,9.0,204692.0,92883878.0
2009-12-23,18.0,18.0,18.0,18.0,1.0,25000.0,92883878.0
2009-12-24,18.0,18.0,18.0,18.0,2.0,6255.0,92883878.0
2009-12-25,18.0,18.0,18.0,18.0,0.0,0.0,92883878.0
2009-12-28,18.0,18.0,18.0,18.0,0.0,0.0,92883878.0
2009-12-29,18.0,18.0,18.0,18.0,4.0,31132.0,92883878.0
2009-12-30,18.0,18.0,18.0,18.0,3.0,18684.0,92883878.0
2009-12-31,18.0,18.0,18.0,18.0,0.0,0.0,92883878.0
2010-01-01,18.0,18.0,18.0,18.0,0.0,0.0,92883878.0
2010-01-04,18.0,18.0,18.0,18.0,8.0,77434.0,92883878.0
2010-01-05,18.0,17.25,17.25,18.0,5.0,84910.0,92883878.0
2010-01-06,17.25,16.75,16.75,17.25,9.0,89695.0,92883878.0
2010-01-07,16.75,16.75,16.75,16.75,15.0,163137.0,92883878.0
2010-01-08,17.5,16.75,17.5,17.25,22.0,397706.0,92883878.0
2010-01-11,17.75,17.5,17.75,17.5,15.0,386845.0,92883878.0
2010-01-12,18.0,17.75,17.75,18.0,8.0,145103.0,92883878.0
2010-01-13,17.75,17.5,17.5,17.75,3.0,13766.0,92883878.0
2010-01-14,17.5,17.5,17.5,17.5,6.0,59922.0,92883878.0
2010-01-15,17.75,17.5,17.5,17.75,2.0,15795.0,92883878.0
2010-01-18,17.5,17.5,17.5,17.5,5.0,36971.0,92883878.0
2010-01-19,17.5,17.5,17.5,17.5,9.0,97812.0,92883878.0
2010-01-20,17.25,17.25,17.25,17.25,0.0,1.0,92883878.0
2010-01-21,17.5,17.25,17.5,17.25,5.0,81331.0,92883878.0
2010-01-22,17.5,17.5,17.5,17.5,12.0,105030.0,92883878.0
2010-01-25,17.5,17.5,17.5,17.5,1.0,18000.0,92883878.0
2010-01-26,17.5,17.0,17.0,17.5,8.0,51150.0,92883878.0
2010-01-27,17.0,17.0,17.0,17.0,0.0,0.0,92883878.0
2010-01-28,17.25,17.0,17.0,17.25,3.0,51280.0,92883878.0
2010-01-29,17.0,17.0,17.0,17.0,2.0,15003.0,92883878.0
2010-02-01,17.0,17.0,17.0,17.0,5.0,9195.0,92883878.0
2010-02-02,17.0,16.5,16.5,17.0,9.0,67044.0,92883878.0
2010-02-03,16.75,16.5,16.5,16.5,3.0,13250.0,92883878.0
2010-02-04,16.75,16.5,16.75,16.5,5.0,16283.0,92883878.0
2010-02-05,16.75,16.75,16.75,16.75,6.0,20393.0,92883878.0
2010-02-08,16.75,16.5,16.5,16.75,1.0,768.0,92883878.0
2010-02-09,16.5,16.5,16.5,16.5,1.0,2928.0,92883878.0
2010-02-10,16.5,16.5,16.5,16.5,0.0,0.0,92883878.0
2010-02-11,16.5,16.25,16.25,16.5,4.0,269500.0,92883878.0
2010-02-12,16.5,16.25,16.25,16.25,2.0,6479.0,92883878.0
2010-02-15,16.75,16.25,16.75,16.25,8.0,41826.0,92883878.0
2010-02-16,16.75,16.75,16.75,16.75,4.0,31700.0,92883878.0
2010-02-17,16.75,16.75,16.75,16.75,3.0,63894.0,92883878.0
2010-02-18,16.75,16.5,16.5,16.75,2.0,2300.0,92883878.0
2010-02-19,16.75,16.5,16.75,16.5,3.0,35930.0,92883878.0
2010-02-22,16.75,16.75,16.75,16.75,0.0,0.0,92883878.0
2010-02-23,16.75,16.25,16.25,16.75,5.0,71450.0,92883878.0
2010-02-24,16.25,16.25,16.25,16.25,3.0,190000.0,92883878.0
2010-02-25,16.75,16.25,16.75,16.25,3.0,11921.0,92883878.0
2010-02-26,16.75,16.75,16.75,16.75,1.0,5000.0,92883878.0
2010-03-01,16.75,16.75,16.75,16.75,3.0,12469.0,92883878.0
2010-03-02,16.75,16.75,16.75,16.75,3.0,5084.0,93083878.0
2010-03-03,16.75,16.75,16.75,16.75,3.0,13970.0,93083878.0
2010-03-04,16.75,16.75,16.75,16.75,7.0,129651.0,93083878.0
2010-03-05,16.75,16.75,16.75,16.75,5.0,78381.0,93083878.0
2010-03-08,17.0,16.75,17.0,16.75,5.0,42140.0,93083878.0
2010-03-09,17.0,17.0,17.0,17.0,6.0,48479.0,93083878.0
2010-03-10,18.5,18.25,18.5,18.25,19.0,405974.0,93083878.0
2010-03-11,19.25,18.5,19.25,18.5,26.0,443519.0,93083878.0
2010-03-12,20.0,19.25,19.75,19.25,39.0,901713.0,93083878.0
2010-03-15,19.75,18.5,18.75,19.75,19.0,249574.0,93083878.0
2010-03-16,18.75,17.5,17.5,18.75,19.0,335563.0,93083878.0
2010-03-17,18.25,17.75,18.25,17.75,8.0,119970.0,93083878.0
2010-03-18,18.25,18.25,18.25,18.25,9.0,100328.0,93083878.0
2010-03-19,18.5,18.0,18.0,18.25,8.0,129450.0,93083878.0
2010-03-22,18.0,18.0,18.0,18.0,12.0,150670.0,93083878.0
2010-03-23,18.0,18.0,18.0,18.0,10.0,99651.0,93083878.0
2010-03-24,18.0,18.0,18.0,18.0,6.0,24843.0,93083878.0
2010-03-25,18.0,18.0,18.0,18.0,4.0,10152.0,93083878.0
2010-03-26,18.0,18.0,18.0,18.0,8.0,31067.0,93083878.0
2010-03-29,18.5,18.0,18.5,18.0,13.0,204232.0,93083878.0
2010-03-30,18.5,18.25,18.25,18.5,6.0,24443.0,93083878.0
2010-03-31,18.25,18.25,18.25,18.25,3.0,60757.0,93083878.0
2010-04-01,18.25,18.25,18.25,18.25,1.0,9000.0,93083878.0
2010-04-02,18.25,18.25,18.25,18.25,0.0,0.0,93083878.0
2010-04-05,18.25,18.25,18.25,18.25,0.0,0.0,93083878.0
2010-04-06,18.25,18.0,18.0,18.25,7.0,113642.0,93083878.0
2010-04-07,18.0,17.75,17.75,18.0,6.0,85885.0,93083878.0
2010-04-08,17.75,17.75,17.75,17.75,4.0,35167.0,93083878.0
2010-04-09,17.75,17.5,17.5,17.75,9.0,106504.0,93083878.0
2010-04-12,17.5,17.5,17.5,17.5,5.0,80050.0,93083878.0
2010-04-13,17.5,17.25,17.25,17.5,11.0,139347.0,93083878.0
2010-04-14,17.25,17.25,17.25,17.25,7.0,78513.0,93083878.0
2010-04-15,17.25,17.25,17.25,17.25,2.0,5033.0,93083878.0
2010-04-16,17.25,17.25,17.25,17.25,5.0,92124.0,93083878.0
2010-04-19,17.25,17.0,17.0,17.25,7.0,198968.0,93083878.0
2010-04-20,17.0,17.0,17.0,17.0,5.0,54499.0,93083878.0
2010-04-21,17.0,17.0,17.0,17.0,3.0,49897.0,93083878.0
2010-04-22,17.0,17.0,17.0,17.0,3.0,17588.0,93083878.0
2010-04-23,17.0,17.0,17.0,17.0,2.0,34678.0,93083878.0
2010-04-26,17.0,16.75,16.75,17.0,14.0,146839.0,93083878.0
2010-04-27,16.75,16.75,16.75,16.75,5.0,55376.0,93083878.0
2010-04-28,17.0,16.75,16.75,17.0,7.0,74567.0,93083878.0
2010-04-29,16.75,16.75,16.75,16.75,3.0,21057.0,93083878.0
2010-04-30,16.75,16.75,16.75,16.75,4.0,28669.0,93083878.0
2010-05-03,16.75,16.75,16.75,16.75,0.0,0.0,93083878.0
2010-05-04,16.75,16.5,16.5,16.75,5.0,33800.0,93083878.0
2010-05-05,16.5,16.5,16.5,16.5,2.0,26016.0,93083878.0
2010-05-06,16.5,16.5,16.5,16.5,2.0,28904.0,93083878.0
2010-05-07,15.75,15.75,15.75,15.75,13.0,99597.0,93083878.0
2010-05-10,15.75,15.25,15.25,15.75,10.0,274070.0,93083878.0
2010-05-11,15.5,15.25,15.5,15.25,6.0,42978.0,93083878.0
2010-05-12,15.5,15.5,15.5,15.5,2.0,40000.0,93083878.0
2010-05-13,15.5,15.5,15.5,15.5,7.0,29775.0,93083878.0
2010-05-14,15.5,15.5,15.5,15.5,5.0,80326.0,93083878.0
2010-05-17,15.5,15.5,15.5,15.5,6.0,148331.0,93083878.0
2010-05-18,15.5,15.5,15.5,15.5,5.0,31568.0,93083878.0
2010-05-19,15.75,15.5,15.75,15.5,9.0,87435.0,93083878.0
2010-05-20,15.75,15.75,15.75,15.75,5.0,86940.0,93083878.0
2010-05-21,15.75,15.75,15.75,15.75,5.0,65102.0,93083878.0
2010-05-24,15.75,15.75,15.75,15.75,5.0,139149.0,93083878.0
2010-05-25,15.75,15.75,15.75,15.75,1.0,2700.0,93083878.0
2010-05-26,15.75,15.75,15.75,15.75,4.0,33553.0,93083878.0
2010-05-27,15.75,15.75,15.75,15.75,6.0,38538.0,93083878.0
2010-05-28,15.75,15.75,15.75,15.75,3.0,54603.0,93083878.0
2010-05-31,15.75,15.75,15.75,15.75,0.0,0.0,93083878.0
2010-06-01,15.75,15.75,15.75,15.75,3.0,12589.0,93083878.0
2010-06-02,15.75,15.75,15.75,15.75,4.0,78588.0,93083878.0
2010-06-03,15.75,15.5,15.5,15.75,5.0,57769.0,93083878.0
2010-06-04,15.5,15.5,15.5,15.5,4.0,18948.0,93083878.0
2010-06-07,15.5,15.5,15.5,15.5,6.0,90453.0,93083878.0
2010-06-08,15.5,15.25,15.25,15.5,3.0,32827.0,93083878.0
2010-06-09,15.25,15.25,15.25,15.25,2.0,15199.0,93083878.0
2010-06-10,15.25,15.25,15.25,15.25,3.0,61478.0,93083878.0
2010-06-11,15.25,15.25,15.25,15.25,3.0,19991.0,93083878.0
2010-06-14,15.25,15.25,15.25,15.25,1.0,944.0,93083878.0
2010-06-15,15.5,15.25,15.5,15.25,2.0,14571.0,93083878.0
2010-06-16,15.5,15.5,15.5,15.5,2.0,6914.0,93083878.0
2010-06-17,15.5,15.5,15.5,15.5,1.0,746.0,93083878.0
2010-06-18,15.5,15.5,15.5,15.5,1.0,20000.0,93083878.0
2010-06-21,15.75,15.5,15.75,15.5,14.0,421376.0,93083878.0
2010-06-22,16.25,15.75,16.0,15.75,7.0,59039.0,93083878.0
2010-06-23,16.0,16.0,16.0,16.0,6.0,116879.0,93083878.0
2010-06-24,16.0,16.0,16.0,16.0,3.0,65485.0,93083878.0
2010-06-25,16.0,16.0,16.0,16.0,3.0,33006.0,93083878.0
2010-06-28,16.5,16.0,16.25,16.0,9.0,105360.0,93083878.0
2010-06-29,16.25,16.25,16.25,16.25,9.0,122322.0,93083878.0
2010-06-30,16.25,16.0,16.0,16.25,3.0,224184.0,93083878.0
2010-07-01,16.0,15.75,16.0,16.0,1.0,100000.0,93083878.0
2010-07-02,16.0,16.0,16.0,16.0,4.0,69195.0,93083878.0
2010-07-05,16.0,16.0,16.0,16.0,2.0,3046.0,93083878.0
2010-07-06,16.0,16.0,16.0,16.0,7.0,132977.0,93083878.0
2010-07-07,16.5,16.25,16.5,16.25,6.0,53937.0,93083878.0
2010-07-08,16.5,16.5,16.5,16.5,3.0,16821.0,93083878.0
2010-07-09,16.5,16.5,16.5,16.5,1.0,7500.0,93083878.0
2010-07-12,16.5,16.25,16.25,16.5,11.0,410159.0,93083878.0
2010-07-13,16.25,16.25,16.25,16.25,5.0,72573.0,93083878.0
2010-07-14,16.25,16.25,16.25,16.25,3.0,160257.0,93083878.0
2010-07-15,16.25,16.25,16.25,16.25,5.0,121196.0,93083878.0
2010-07-16,16.25,16.25,16.25,16.25,2.0,27500.0,93083878.0
2010-07-19,16.25,16.25,16.25,16.25,2.0,41000.0,93083878.0
2010-07-20,16.25,16.25,16.25,16.25,4.0,209435.0,93083878.0
2010-07-21,16.25,16.0,16.0,16.25,5.0,207500.0,93083878.0
2010-07-22,16.0,15.75,15.75,16.0,3.0,3517.0,93083878.0
2010-07-23,16.0,15.75,15.75,16.0,3.0,16110.0,93083878.0
2010-07-26,16.0,15.75,15.75,16.0,4.0,19407.0,93083878.0
2010-07-27,16.0,15.75,15.75,16.0,3.0,111000.0,93083878.0
2010-07-28,15.75,15.75,15.75,15.75,3.0,15763.0,93083878.0
2010-07-29,15.75,15.75,15.75,15.75,4.0,311129.0,93083878.0
2010-07-30,15.75,15.75,15.75,15.75,3.0,29644.0,93083878.0
2010-08-02,15.75,15.75,15.75,15.75,4.0,118444.0,93083878.0
2010-08-03,15.75,15.75,15.75,15.75,2.0,8234.0,93083878.0
2010-08-04,15.75,15.75,15.75,15.75,1.0,3970.0,93083878.0
2010-08-05,15.75,15.75,15.75,15.75,4.0,32963.0,93083878.0
2010-08-06,15.75,15.75,15.75,15.75,5.0,44827.0,93083878.0
2010-08-09,15.75,15.75,15.75,15.75,1.0,2000.0,93083878.0
2010-08-10,15.75,15.75,15.75,15.75,0.0,0.0,93083878.0
2010-08-11,15.75,15.75,15.75,15.75,6.0,100425.0,93083878.0
2010-08-12,15.75,15.75,15.75,15.75,2.0,24000.0,93083878.0
2010-08-13,15.75,15.75,15.75,15.75,1.0,1235.0,93083878.0
2010-08-16,15.75,15.75,15.75,15.75,2.0,9569.0,93083878.0
2010-08-17,15.75,15.75,15.75,15.75,4.0,65605.0,93083878.0
2010-08-18,15.75,15.75,15.75,15.75,5.0,319999.0,93083878.0
2010-08-19,15.75,15.75,15.75,15.75,4.0,195413.0,93083878.0
2010-08-20,15.75,15.75,15.75,15.75,4.0,146282.0,93083878.0
2010-08-23,15.75,15.75,15.75,15.75,2.0,12000.0,93083878.0
2010-08-24,15.75,15.75,15.75,15.75,2.0,20500.0,93083878.0
2010-08-25,15.75,15.25,15.25,15.75,5.0,88611.0,93083878.0
2010-08-26,15.25,15.25,15.25,15.25,1.0,600.0,93083878.0
2010-08-27,15.25,15.25,15.25,15.25,3.0,62380.0,93083878.0
2010-08-30,15.25,15.25,15.25,15.25,0.0,0.0,93083878.0
2010-08-31,15.25,15.25,15.25,15.25,1.0,3000.0,93083878.0
2010-09-01,15.25,15.25,15.25,15.25,5.0,42843.0,93083878.0
2010-09-02,15.5,15.25,15.5,15.25,3.0,28709.0,93083878.0
2010-09-03,15.75,15.75,15.75,15.75,13.0,434158.0,93083878.0
2010-09-06,15.75,15.25,15.25,15.75,10.0,151936.0,93083878.0
2010-09-07,15.5,14.75,15.25,15.0,17.0,320051.0,93083878.0
2010-09-08,15.25,15.0,15.0,15.25,13.0,297019.0,93083878.0
2010-09-09,15.25,15.0,15.0,15.0,38.0,742288.0,93083878.0
2010-09-10,15.0,15.0,15.0,15.0,22.0,191086.0,93083878.0
2010-09-13,15.25,15.0,15.25,15.0,18.0,336551.0,93083878.0
2010-09-14,17.25,15.25,17.0,15.25,42.0,906532.0,93083878.0
2010-09-15,17.0,16.75,16.75,17.0,12.0,97918.0,93083878.0
2010-09-16,17.0,16.75,16.75,16.75,4.0,75200.0,93083878.0
2010-09-17,17.0,16.75,17.0,16.75,13.0,60496.0,93083878.0
2010-09-20,17.0,16.75,17.0,17.0,10.0,71191.0,93083878.0
2010-09-21,17.0,17.0,17.0,17.0,4.0,50077.0,93154278.0
2010-09-22,17.0,16.75,17.0,17.0,7.0,101742.0,93154278.0
2010-09-23,17.0,17.0,17.0,17.0,6.0,69762.0,93154278.0
2010-09-24,17.75,17.0,17.5,17.0,9.0,93474.0,93154278.0
2010-09-27,17.5,17.5,17.5,17.5,4.0,31745.0,93154278.0
2010-09-28,17.75,17.5,17.75,17.5,6.0,97850.0,93154278.0
2010-09-29,18.75,17.75,18.5,17.75,17.0,234886.0,93154278.0
2010-09-30,19.0,18.5,18.5,18.5,8.0,65247.0,93154278.0
2010-10-01,18.5,18.5,18.5,18.5,8.0,134875.0,93154278.0
2010-10-02,18.5,18.5,18.5,18.5,0.0,0.0,93154278.0
2010-10-04,18.5,18.5,18.5,18.5,5.0,39063.0,93210878.0
2010-10-05,18.5,18.5,18.5,18.5,1.0,25000.0,93401878.0
2010-10-06,18.5,18.25,18.25,18.5,6.0,67383.0,93401878.0
2010-10-07,18.25,17.75,17.75,18.25,8.0,112323.0,93401878.0
2010-10-08,17.75,17.75,17.75,17.75,11.0,175239.0,93401878.0
2010-10-11,19.0,17.75,18.75,17.75,18.0,356403.0,93401878.0
2010-10-12,18.75,18.75,18.75,18.75,7.0,41500.0,93401878.0
2010-10-13,18.75,18.5,18.75,18.75,6.0,113055.0,93401878.0
2010-10-14,18.75,18.25,18.25,18.75,6.0,88646.0,93695478.0
2010-10-15,18.25,18.0,18.0,18.25,4.0,27921.0,93695478.0
2010-10-18,18.0,18.0,18.0,18.0,5.0,61002.0,93695478.0
2010-10-19,18.0,18.0,18.0,18.0,1.0,10000.0,93695478.0
2010-10-20,18.0,18.0,18.0,18.0,4.0,7285.0,93695478.0
2010-10-21,18.0,18.0,18.0,18.0,5.0,34174.0,93695478.0
2010-10-22,18.0,18.0,18.0,18.0,5.0,202435.0,93695478.0
2010-10-25,18.0,18.0,18.0,18.0,3.0,80850.0,93995478.0
2010-10-26,18.0,18.0,18.0,18.0,3.0,17500.0,93995478.0
2010-10-27,18.0,18.0,18.0,18.0,9.0,115089.0,93995478.0
2010-10-28,18.0,18.0,18.0,18.0,3.0,21254.0,93995478.0
2010-10-29,18.25,18.0,18.25,18.0,8.0,123240.0,93995478.0
2010-11-01,18.75,18.25,18.75,18.25,11.0,181866.0,93995478.0
2010-11-02,18.75,18.75,18.75,18.75,4.0,37683.0,93995478.0
2010-11-03,18.75,18.75,18.75,18.75,5.0,36862.0,93995478.0
2010-11-04,19.0,18.75,19.0,18.75,11.0,266632.0,93995478.0
2010-11-05,19.75,19.0,19.25,19.0,15.0,226053.0,93995478.0
2010-11-08,19.5,19.25,19.25,19.25,10.0,107638.0,93995478.0
2010-11-09,19.25,19.0,19.0,19.25,10.0,1825120.0,93995478.0
2010-11-10,19.0,18.75,18.75,19.0,6.0,45712.0,93995478.0
2010-11-11,18.75,18.25,18.25,18.75,11.0,167977.0,93995478.0
2010-11-12,18.25,18.25,18.25,18.25,7.0,37825.0,93995478.0
2010-11-15,18.25,18.25,18.25,18.25,5.0,38542.0,93995478.0
2010-11-16,18.25,17.5,18.0,17.5,7.0,72521.0,93995478.0
2010-11-17,18.0,17.5,17.5,18.0,7.0,120099.0,93995478.0
2010-11-18,17.5,17.25,17.25,17.5,6.0,57848.0,93995478.0
2010-11-19,17.5,17.25,17.5,17.25,9.0,125280.0,93995478.0
2010-11-22,17.5,17.25,17.5,17.25,7.0,107168.0,93995478.0
2010-11-23,17.5,17.25,17.25,17.5,6.0,35890.0,93995478.0
2010-11-24,17.25,17.25,17.25,17.25,6.0,25242.0,93995478.0
2010-11-25,17.25,17.0,17.0,17.25,10.0,62586.0,93995478.0
2010-11-26,17.0,17.0,17.0,17.0,3.0,22847.0,93995478.0
2010-11-29,17.0,16.75,16.75,17.0,10.0,113216.0,93995478.0
2010-11-30,17.0,16.5,16.75,16.75,10.0,3692173.0,93995478.0
2010-12-01,16.75,16.75,16.75,16.75,9.0,145222.0,93995478.0
2010-12-02,16.75,16.75,16.75,16.75,4.0,27668.0,93995478.0
2010-12-03,16.75,16.75,16.75,16.75,9.0,4345743.0,93995478.0
2010-12-06,17.0,16.75,17.0,16.75,13.0,113821.0,93995478.0
2010-12-07,17.75,17.0,17.75,17.0,11.0,156811.0,93995478.0
2010-12-08,18.5,17.5,18.5,17.75,21.0,419531.0,93995478.0
2010-12-09,18.5,18.5,18.5,18.5,8.0,114509.0,93995478.0
2010-12-10,18.75,18.5,18.75,18.5,9.0,122255.0,93995478.0
2010-12-13,18.75,18.75,18.75,18.75,7.0,135528.0,93995478.0
2010-12-14,18.75,18.75,18.75,18.75,6.0,92855.0,93995478.0
2010-12-15,18.75,18.75,18.75,18.75,6.0,74490.0,93995478.0
2010-12-16,18.75,18.75,18.75,18.75,5.0,74761.0,93995478.0
2010-12-17,18.75,18.75,18.75,18.75,7.0,77232.0,93995478.0
2010-12-20,19.25,18.75,19.25,18.75,8.0,142346.0,93995478.0
2010-12-21,19.5,19.5,19.5,19.5,7.0,67742.0,93995478.0
2010-12-22,19.5,19.5,19.5,19.5,7.0,74946.0,93995478.0
2010-12-23,19.5,19.5,19.5,19.5,4.0,75725.0,93995478.0
2010-12-24,19.5,19.5,19.5,19.5,2.0,5242.0,93995478.0
2010-12-27,19.5,19.5,19.5,19.5,0.0,0.0,93995478.0
2010-12-28,19.5,19.5,19.5,19.5,0.0,0.0,93995478.0
2010-12-29,19.5,19.5,19.5,19.5,10.0,36445.0,93995478.0
2010-12-30,20.0,19.5,19.5,20.0,11.0,110776.0,93995478.0
2010-12-31,20.0,19.5,20.0,19.5,2.0,75000.0,93995478.0
2011-01-03,20.0,20.0,20.0,20.0,0.0,0.0,93995478.0
2011-01-04,20.0,20.0,20.0,20.0,12.0,113445.0,93995478.0
2011-01-05,20.0,20.0,20.0,20.0,6.0,60673.0,93995478.0
2011-01-06,20.0,19.75,19.75,20.0,6.0,35579.0,93995478.0
2011-01-07,19.75,18.75,18.75,19.75,13.0,161348.0,93995478.0
2011-01-10,18.75,18.75,18.75,18.75,3.0,6899.0,93995478.0
2011-01-11,18.75,18.75,18.75,18.75,10.0,222782.0,93995478.0
2011-01-12,18.75,18.5,18.75,18.75,11.0,112454.0,93995478.0
2011-01-13,19.0,18.75,19.0,18.75,7.0,174752.0,93995478.0
2011-01-14,23.0,19.0,22.75,19.0,39.0,779565.0,93995478.0
2011-01-17,23.0,22.5,23.0,22.5,42.0,478141.0,93995478.0
2011-01-18,23.0,21.0,21.0,23.0,37.0,718449.0,93995478.0
2011-01-19,21.0,20.75,21.0,21.0,11.0,416333.0,93995478.0
2011-01-20,21.0,20.5,20.5,21.0,11.0,124692.0,93995478.0
2011-01-21,20.5,20.5,20.5,20.5,3.0,26457.0,93995478.0
2011-01-24,20.5,20.5,20.5,20.5,4.0,20824.0,93995478.0
2011-01-25,20.5,20.5,20.5,20.5,4.0,23267.0,93995478.0
2011-01-26,20.5,20.5,20.5,20.5,2.0,10225.0,93995478.0
2011-01-27,20.5,20.5,20.5,20.5,6.0,35608.0,93995478.0
2011-01-28,20.5,20.25,20.25,20.5,5.0,137221.0,93995478.0
2011-01-31,20.5,20.0,20.5,20.0,2.0,13359.0,93995478.0
2011-02-01,20.5,20.5,20.5,20.5,5.0,18858.0,93995478.0
2011-02-02,20.5,20.5,20.5,20.5,4.0,16933.0,93995478.0
2011-02-03,20.5,20.5,20.5,20.5,2.0,5897.0,93995478.0
2011-02-04,20.5,20.5,20.5,20.5,7.0,141500.0,93995478.0
2011-02-07,22.0,20.5,22.0,20.5,26.0,379963.0,93995478.0
2011-02-08,23.0,22.0,22.75,22.0,41.0,500272.0,93995478.0
2011-02-09,22.75,22.5,22.5,22.75,6.0,130785.0,93995478.0
2011-02-10,22.5,21.5,21.5,22.5,7.0,92913.0,93995478.0
2011-02-11,21.5,21.5,21.5,21.5,9.0,140192.0,93995478.0
2011-02-14,21.0,21.0,21.0,21.5,5.0,40127.0,93995478.0
2011-02-15,21.0,20.65,21.0,21.0,3.0,260934.0,93995478.0
2011-02-16,21.125,20.66,21.0,21.0,5.0,53897.0,93995478.0
2011-02-17,21.125,20.66,21.0,21.0,11.0,60807.0,93995478.0
2011-02-18,21.19,20.8,21.0,21.0,6.0,25617.0,93995478.0
2011-02-21,21.18,20.6,21.0,21.0,3.0,49000.0,93995478.0
2011-02-22,21.0,20.525,20.75,21.0,8.0,183743.0,93995478.0
2011-02-23,21.5,20.5,21.25,20.75,9.0,276309.0,93995478.0
2011-02-24,21.0,20.55,21.0,21.25,3.0,19324.0,93995478.0
2011-02-25,21.19,21.0,21.0,20.875,3.0,9276.0,93995478.0
2011-02-28,21.19,20.0,21.0,21.0,4.0,128645.0,93995478.0
2011-03-01,21.0625,19.5,20.5,21.0,8.0,208814.0,93995478.0
2011-03-02,19.835,18.0,19.5,20.25,11.0,265550.0,93995478.0
2011-03-03,20.0,19.75,19.75,19.5,6.0,92452.0,93995478.0
2011-03-04,20.25,19.945,20.25,19.75,5.0,95000.0,93995478.0
2011-03-07,20.5,20.25,20.25,20.25,4.0,66688.0,93995478.0
2011-03-08,21.0,20.1,21.0,20.25,7.0,137500.0,93995478.0
2011-03-09,21.5,20.505,20.75,21.25,27.0,524244.0,93995478.0
2011-03-10,20.9,20.0,20.25,20.5,19.0,718628.0,93995478.0
2011-03-11,21.5,20.12,21.25,20.25,19.0,240338.0,93995478.0
2011-03-14,22.35,20.93,21.5,21.25,12.0,228126.0,93995478.0
2011-03-15,21.9,21.0,21.5,21.5,12.0,105072.0,93995478.0
2011-03-16,22.0,19.75,21.5,21.5,8.0,195036.0,93995478.0
2011-03-17,21.95,21.5,21.5,21.5,5.0,39500.0,93995478.0
2011-03-18,23.0,21.71,22.5,21.5,11.0,141876.0,93995478.0
2011-03-19,22.5,22.5,22.5,22.5,0.0,0.0,93995478.0
2011-03-21,23.25,22.37,23.0,22.5,11.0,214853.0,93995478.0
2011-03-22,23.0,22.0,22.5,23.0,12.0,170175.0,93995478.0
2011-03-23,22.625,22.25,22.5,22.5,8.0,194834.0,93995478.0
2011-03-24,22.79,22.325,22.5,22.5,10.0,187422.0,93995478.0
2011-03-25,22.7,22.325,22.5,22.5,5.0,21108.0,93995478.0
2011-03-28,23.0,22.665,22.75,22.5,4.0,41000.0,93995478.0
2011-03-29,22.825,22.75,22.75,22.75,3.0,16500.0,93995478.0
2011-03-30,25.5,22.975,24.5,22.75,43.0,650720.0,93995478.0
2011-03-31,24.75,24.055,24.375,24.5,7.0,102368.0,93995478.0
2011-04-01,24.375,23.8,23.875,24.75,16.0,148606.0,93995478.0
2011-04-04,23.95,21.65,22.25,23.875,12.0,240106.0,93995478.0
2011-04-05,22.525,21.5,22.25,22.25,4.0,322247.0,93995478.0
2011-04-06,23.45,21.7,22.75,22.25,11.0,240560.0,93995478.0
2011-04-07,23.335,22.0,22.5,22.75,11.0,210300.0,93995478.0
2011-04-08,22.55,22.11,22.5,22.5,3.0,14669.0,93995478.0
2011-04-11,22.3,21.5,21.375,22.25,11.0,164830.0,93995478.0
2011-04-12,21.75,21.1,21.375,21.375,5.0,54639.0,93995478.0
2011-04-13,21.45,21.1,21.375,21.375,5.0,28983.0,93995478.0
2011-04-14,21.1,20.5,21.0,21.375,3.0,83779.0,93995478.0
2011-04-15,21.0,20.95,21.0,21.0,1.0,10000.0,93995478.0
2011-04-18,21.5,20.5,21.0,21.0,5.0,126894.0,93995478.0
2011-04-19,20.9,20.0,20.75,21.0,9.0,65299.0,93995478.0
2011-04-20,20.75,20.7,20.75,20.75,1.0,15000.0,93995478.0
2011-04-21,20.75,20.5667,20.75,20.75,2.0,5755.0,93995478.0
2011-04-26,21.5,20.567,21.0,20.75,9.0,148238.0,93995478.0
2011-04-27,21.5,21.15,21.5,21.0,12.0,159260.0,93995478.0
2011-04-28,21.8,21.15,21.625,21.5,11.0,173120.0,93995478.0
2011-04-29,21.625,21.625,21.625,21.625,0.0,0.0,93995478.0
2011-05-02,21.625,21.625,21.625,21.625,0.0,0.0,93995478.0
2011-05-03,21.362,20.725,21.0,21.625,11.0,91182.0,93995478.0
2011-05-04,23.95,21.75,23.5,22.0,37.0,865615.0,93995478.0
2011-05-05,23.75,22.65,23.25,23.5,10.0,232526.0,93995478.0
2011-05-06,23.5,22.67,23.0,23.25,9.0,129458.0,93995478.0
2011-05-09,23.95,23.3,23.5,23.0,5.0,116000.0,93995478.0
2011-05-10,23.9,23.25,23.25,23.5,3.0,57900.0,93995478.0
2011-05-11,24.0,23.25,23.5,23.25,5.0,194951.0,93995478.0
2011-05-12,24.6,23.8,24.75,23.5,23.0,323684.0,93995478.0
2011-05-13,24.85,24.055,24.5,24.75,14.0,181323.0,93995478.0
2011-05-16,24.5,24.11,24.5,24.5,2.0,9525.0,93995478.0
2011-05-17,24.25,23.0,23.5,24.5,10.0,255093.0,93995478.0
2011-05-18,23.25,21.5,22.5,23.0,22.0,250292.0,93995478.0
2011-05-19,24.643,23.0,24.375,23.0,22.0,513587.0,93995478.0
2011-05-20,24.35,23.625,23.75,24.375,12.0,473804.0,93995478.0
2011-05-23,23.24,22.51,23.0,23.75,9.0,84978.0,93995478.0
2011-05-24,23.0,22.7,23.0,23.0,2.0,32655.0,93995478.0
2011-05-25,23.45,22.5,23.0,23.0,10.0,205692.0,93995478.0
2011-05-26,22.5,20.0,21.25,23.0,19.0,11088096.0,93995478.0
2011-05-27,21.85,21.27,21.5,21.25,10.0,158947.0,99600848.0
2011-05-30,21.5,21.5,21.5,21.5,0.0,0.0,99600848.0
2011-05-31,22.373,21.1,22.25,21.5,17.0,458912.0,99600848.0
2011-06-01,22.84,22.375,22.5,22.25,4.0,80764.0,99600848.0
2011-06-02,22.95,22.5,22.5,22.5,2.0,48108.0,99600848.0
2011-06-03,22.5,22.21,22.5,22.5,2.0,8551.0,99600848.0
2011-06-06,22.6,22.21,22.5,22.5,4.0,58626.0,99600848.0
2011-06-07,22.6,22.3,22.5,22.5,9.0,374172.0,99600848.0
2011-06-08,22.9,22.26,22.5,22.5,9.0,103310.0,99600848.0
2011-06-09,22.75,22.2,22.5,22.5,4.0,36008.0,99600848.0
2011-06-10,22.75,21.75,22.5,22.5,6.0,139518.0,99600848.0
2011-06-13,22.7,22.0,22.5,22.5,8.0,80200.0,99600848.0
2011-06-14,22.4,22.0,22.25,22.5,2.0,24072.0,99600848.0
2011-06-15,22.4,21.515,22.25,22.25,3.0,14088.0,99600848.0
2011-06-16,22.0,21.85,22.0,22.25,1.0,3128.0,99600848.0
2011-06-17,21.835,21.5,22.0,22.0,2.0,95000.0,99600848.0
2011-06-20,21.75,21.015,21.75,22.0,5.0,62223.0,99600848.0
2011-06-21,21.8,21.0,21.25,21.75,6.0,32813.0,99600848.0
2011-06-22,21.46,20.5,21.25,21.25,5.0,8491.0,99600848.0
2011-06-23,21.0,20.5,21.0,21.25,3.0,81242.0,99600848.0
2011-06-24,20.5,20.0,20.25,21.0,5.0,58000.0,99600848.0
2011-06-27,20.25,19.6,20.25,20.25,2.0,26339.0,99600848.0
2011-06-28,20.5,19.55,20.0,20.25,7.0,182950.0,99600848.0
2011-06-29,20.2,20.0,20.0,20.0,1.0,1463.0,99600848.0
2011-06-30,20.2,19.1,20.0,20.0,2.0,8300.0,99600848.0
2011-07-01,20.688,20.0,20.375,20.0,6.0,73600.0,99600848.0
2011-07-04,20.965,20.34,20.875,20.375,7.0,80107.0,99600848.0
2011-07-05,20.875,20.875,20.875,20.875,0.0,0.0,99600848.0
2011-07-06,20.813,20.225,20.375,20.875,9.0,100343.0,99600848.0
2011-07-07,20.25,19.5,20.25,20.375,17.0,294012.0,99600848.0
2011-07-08,19.88,19.61,19.75,20.25,3.0,40000.0,99600848.0
2011-07-11,20.05,19.0,19.75,19.75,4.0,30781.0,99600848.0
2011-07-12,20.05,19.75,19.75,19.75,2.0,15000.0,99600848.0
2011-07-13,19.875,19.875,19.875,19.875,0.0,1.0,99600848.0
2011-07-14,19.95,19.75,19.75,19.75,1.0,242.0,99600848.0
2011-07-15,19.75,19.75,19.75,19.75,0.0,0.0,99600848.0
2011-07-18,19.5,19.0,19.5,19.75,2.0,15351.0,99600848.0
2011-07-19,19.503,18.55,19.25,19.5,8.0,183915.0,99600848.0
2011-07-20,19.25,19.1,19.25,19.25,2.0,24500.0,99700848.0
2011-07-21,19.2,18.0,19.125,19.25,10.0,145633.0,99700848.0
2011-07-22,19.359,19.0,19.0,19.0,1.0,15000.0,99700848.0
2011-07-23,19.0,19.0,19.0,19.0,0.0,0.0,99700848.0
2011-07-25,19.3,18.555,18.75,19.0,9.0,50193.0,99700848.0
2011-07-26,19.172,18.5,18.875,18.75,3.0,52857.0,99700848.0
2011-07-27,19.375,18.65,19.0,18.875,3.0,64835.0,99700848.0
2011-07-28,20.0,19.375,19.75,19.0,4.0,85500.0,99700848.0
2011-07-29,20.5,19.25,19.75,19.75,4.0,126000.0,99700848.0
2011-08-01,19.75,19.25,19.75,19.75,1.0,50000.0,99700848.0
2011-08-02,19.25,18.8,19.25,19.75,3.0,65131.0,99700848.0
2011-08-03,18.9,17.55,17.75,19.25,11.0,243666.0,99700848.0
2011-08-04,18.1,17.0,17.25,17.75,8.0,183118.0,99700848.0
2011-08-05,16.875,16.0,16.875,16.5,11.0,162078.0,99700848.0
2011-08-08,16.25,16.0,16.25,16.625,8.0,130262.0,99700848.0
2011-08-09,17.35,16.0,17.25,16.25,9.0,173376.0,99700848.0
2011-08-10,17.34,16.695,17.25,17.25,3.0,47198.0,99700848.0
2011-08-11,17.34,16.1,17.125,17.25,12.0,127106.0,99700848.0
2011-08-12,17.79,16.25,17.5,17.25,7.0,152095.0,99700848.0
2011-08-15,18.5,17.79,18.5,17.5,9.0,119329.0,99700848.0
2011-08-16,20.0,18.25,18.5,18.5,6.0,112321.0,99700848.0
2011-08-17,19.0,18.75,18.75,18.5,2.0,40000.0,99700848.0
2011-08-18,20.0,18.66,19.0,18.75,24.0,289554.0,99700848.0
2011-08-19,19.125,18.7,19.0,19.0,3.0,37946.0,99700848.0
2011-08-22,19.88,19.0,19.5,19.0,8.0,178073.0,99700848.0
2011-08-23,19.5,19.25,19.5,19.5,2.0,4663.0,99700848.0
2011-08-24,20.0,19.25,19.25,19.5,3.0,63036.0,99700848.0
2011-08-25,19.835,19.0,19.25,19.25,4.0,60974.0,99700848.0
2011-08-26,20.0,19.0,19.375,19.25,5.0,161185.0,99700848.0
2011-08-29,19.375,19.375,19.375,19.375,0.0,0.0,99700848.0
2011-08-30,19.85,19.063,19.75,19.375,5.0,104004.0,99700848.0
2011-08-31,19.938,19.5,19.875,19.75,7.0,98050.0,99700848.0
2011-09-01,19.875,19.54,19.875,19.875,5.0,40913.0,99700848.0
2011-09-02,20.0,19.1,19.5,19.875,7.0,128280.0,99700848.0
2011-09-05,19.6,19.5,19.5,19.5,2.0,10500.0,99700848.0
2011-09-06,19.5,19.5,19.5,19.5,1.0,29093.0,99700848.0
2011-09-07,21.0,19.5,20.125,20.25,20.0,377721.0,99700848.0
2011-09-08,19.775,19.375,19.375,20.0,7.0,73315.0,99700848.0
2011-09-09,19.6,19.45,19.5,19.375,4.0,21395.0,99700848.0
2011-09-12,19.125,18.75,19.125,19.5,6.0,79281.0,99700848.0
2011-09-13,19.015,18.62,18.625,19.125,4.0,44376.0,99700848.0
2011-09-14,18.0,17.625,18.0,18.5,13.0,195881.0,99700848.0
2011-09-15,19.05,18.45,18.5,18.0,8.0,112727.0,99700848.0
2011-09-16,19.25,18.55,18.625,18.5,17.0,211625.0,99700848.0
2011-09-19,19.1,18.56,18.625,18.625,4.0,96986.0,99700848.0
2011-09-20,19.0,18.61,19.0,19.0,3.0,107000.0,99700848.0
2011-09-21,19.18,18.5,19.0,19.0,2.0,65710.0,99700848.0
2011-09-22,19.15,18.25,18.25,18.5,5.0,54000.0,99700848.0
2011-09-23,18.62,17.5,18.25,18.25,8.0,109410.0,99700848.0
2011-09-26,17.75,16.5,17.75,18.25,9.0,164114.0,99700848.0
2011-09-27,18.335,17.226,18.0,17.75,4.0,17597.0,99700848.0
2011-09-28,17.875,17.55,17.875,18.0,3.0,20111.0,99700848.0
2011-09-29,18.093,17.557,17.625,17.875,3.0,13074.0,99700848.0
2011-09-30,17.913,17.188,17.625,17.625,2.0,4901.0,99700848.0
2011-10-03,17.125,16.3,17.125,17.5,3.0,23573.0,99700848.0
2011-10-04,16.375,16.05,16.375,17.125,8.0,130598.0,99700848.0
2011-10-05,16.75,16.5,16.5,16.375,3.0,60203.0,99700848.0
2011-10-06,17.5,16.4,17.125,16.5,5.0,156500.0,99700848.0
2011-10-07,17.688,17.1,17.25,17.125,2.0,11600.0,99700848.0
2011-10-10,17.25,16.687,17.25,17.25,5.0,75070.0,99700848.0
2011-10-11,17.0,16.8,17.0,17.25,3.0,53817.0,99700848.0
2011-10-12,17.0,16.5,17.0,17.0,2.0,23549.0,99700848.0
2011-10-13,17.1,17.0,17.0,17.0,2.0,2129.0,99700848.0
2011-10-14,17.1,16.5,17.0,17.0,2.0,27821.0,99700848.0
2011-10-17,17.5,16.55,17.125,17.0,3.0,51599.0,99700848.0
2011-10-18,17.417,16.78,17.125,17.125,4.0,42658.0,99700848.0
2011-10-19,17.875,17.275,17.875,17.125,2.0,34307.0,99700848.0
2011-10-20,18.45,17.118,17.75,17.625,4.0,26729.0,99700848.0
2011-10-21,17.75,15.743,17.75,17.75,5.0,137756.0,99700848.0
2011-10-24,18.25,18.05,18.125,17.75,5.0,82656.0,99700848.0
2011-10-25,17.875,17.85,17.875,18.125,2.0,62832.0,99700848.0
2011-10-26,18.0,17.65,17.875,17.875,2.0,31000.0,99700848.0
2011-10-27,17.8,17.177,17.75,17.875,2.0,29739.0,99700848.0
2011-10-28,17.825,17.375,17.375,17.75,3.0,19688.0,99700848.0
2011-10-31,17.375,17.375,17.375,17.375,0.0,0.0,99700848.0
2011-11-01,16.9,16.0,16.75,17.375,3.0,21548.0,99700848.0
2011-11-02,17.35,16.45,16.75,16.75,5.0,30568.0,99700848.0
2011-11-03,17.11,16.75,16.75,16.75,2.0,16000.0,99700848.0
2011-11-04,18.01,17.5,17.5,17.25,6.0,61419.0,99700848.0
2011-11-07,18.488,17.3,17.75,17.5,13.0,139936.0,99700848.0
2011-11-08,18.75,18.3,18.5,17.75,9.0,215634.0,99700848.0
2011-11-09,20.0,18.5,19.0,18.5,26.0,474897.0,99700848.0
2011-11-10,19.113,18.315,18.5,19.0,10.0,125510.0,99700848.0
2011-11-11,18.99,18.35,18.5,18.5,10.0,110700.0,99700848.0
2011-11-14,18.85,18.0,18.5,18.5,9.0,189786.0,99700848.0
2011-11-15,18.89,18.5,18.5,18.5,4.0,16991.0,99700848.0
2011-11-16,19.25,18.15,19.25,18.5,5.0,50146.0,99700848.0
2011-11-17,19.85,18.725,19.25,19.25,7.0,67641.0,99700848.0
2011-11-18,19.0,18.75,19.0,19.25,2.0,20500.0,99700848.0
2011-11-21,19.475,18.0,18.375,19.0,11.0,180669.0,99700848.0
2011-11-22,18.725,18.1,18.375,18.375,5.0,57221.0,99700848.0
2011-11-23,18.45,17.875,18.25,18.375,5.0,132512.0,99700848.0
2011-11-24,17.75,17.55,18.25,18.25,4.0,78061.0,99700848.0
2011-11-25,18.25,17.5,18.25,18.25,6.0,139525.0,99700848.0
2011-11-28,17.625,17.29,17.625,18.25,10.0,143241.0,99700848.0
2011-11-29,17.65,17.25,17.625,17.625,5.0,54800.0,99700848.0
2011-11-30,17.75,17.25,17.5,17.625,8.0,178153.0,99700848.0
2011-12-01,17.75,17.55,17.75,17.75,6.0,64885.0,99700848.0
2011-12-02,17.75,17.58,17.75,17.75,3.0,52824.0,99700848.0
2011-12-05,17.75,17.505,17.75,17.625,6.0,52813.0,99700848.0
2011-12-06,17.75,17.511,17.75,17.75,3.0,23119.0,99700848.0
2011-12-07,17.75,17.5,17.75,17.75,7.0,182549.0,99700848.0
2011-12-08,17.75,17.5,17.75,17.75,6.0,136871.0,99700848.0
2011-12-09,18.0,17.6,17.75,17.75,5.0,133030.0,99700848.0
2011-12-12,17.75,17.506,17.75,17.75,1.0,819.0,99700848.0
2011-12-13,17.75,17.5,17.75,17.75,4.0,157500.0,99700848.0
2011-12-14,17.5,17.5,17.75,17.75,3.0,365000.0,99700848.0
2011-12-15,17.8,17.5,17.75,17.75,5.0,136412.0,99700848.0
2011-12-16,17.75,17.75,17.75,17.75,0.0,0.0,99700848.0
2011-12-19,17.795,17.55,17.75,17.75,3.0,12747.0,99700848.0
2011-12-20,17.75,17.5,17.75,17.75,6.0,193943.0,99700848.0
2011-12-21,17.75,16.5,17.75,17.75,2.0,24445.0,99700848.0
2011-12-22,18.19,17.25,18.0,17.75,14.0,281867.0,99700848.0
2011-12-23,18.0,17.573,18.0,18.0,1.0,7500.0,99700848.0
2011-12-27,18.0,18.0,18.0,18.0,0.0,0.0,99700848.0
2011-12-28,18.15,17.55,18.0,18.0,3.0,20136.0,99700848.0
2011-12-29,18.099,18.0,18.0,18.0,1.0,10000.0,99700848.0
2011-12-30,18.19,18.125,18.125,18.0,3.0,25000.0,99700848.0
2012-01-02,18.125,18.125,18.125,18.125,0.0,0.0,99700848.0
2012-01-03,18.418,17.75,17.875,18.125,8.0,80865.0,99700848.0
2012-01-04,18.1,17.55,17.875,17.875,6.0,38179.0,99700848.0
2012-01-05,18.1,17.55,17.875,17.875,4.0,18262.0,99700848.0
2012-01-06,18.167,17.65,17.875,17.875,3.0,16545.0,99700848.0
2012-01-09,17.65,17.0,17.5,17.875,13.0,183641.0,99700848.0
2012-01-10,17.68,17.5,17.5,17.5,2.0,16964.0,99700848.0
2012-01-11,17.675,17.02,17.375,17.5,5.0,53382.0,99700848.0
2012-01-12,17.375,17.0,17.375,17.375,1.0,12000.0,99700848.0
2012-01-13,17.592,17.05,17.375,17.375,7.0,74480.0,99700848.0
2012-01-16,17.75,16.313,17.375,17.375,28.0,403703.0,99700848.0
2012-01-17,18.1,17.375,17.875,17.5,7.0,73450.0,99700848.0
2012-01-18,18.049,17.3,17.5,17.875,6.0,54472.0,99700848.0
2012-01-19,17.8,17.3,17.625,17.5,4.0,46000.0,99700848.0
2012-01-20,17.7,17.263,17.625,17.625,6.0,69111.0,99700848.0
2012-01-23,17.7,17.2,17.625,17.625,6.0,76971.0,99700848.0
2012-01-24,17.68,17.325,17.625,17.625,6.0,82833.0,99700848.0
2012-01-25,18.0,17.35,17.375,17.625,4.0,66851.0,99700848.0
2012-01-26,18.56,17.3,18.0,17.375,12.0,276159.0,99700848.0
2012-01-27,18.56,17.438,17.875,18.0,7.0,77884.0,99700848.0
2012-01-30,18.125,17.375,17.875,17.875,4.0,45258.0,99700848.0
2012-01-31,17.875,17.25,17.875,17.875,2.0,43202.0,99700848.0
2012-02-01,18.18,17.388,18.0,17.875,7.0,59604.0,99700848.0
2012-02-02,21.0,18.75,20.0,18.625,28.0,583709.0,99700848.0
2012-02-03,20.4,19.88,20.0,20.0,15.0,210927.0,99700848.0
2012-02-05,20.0,20.0,20.0,20.0,0.0,0.0,99700848.0
2012-02-06,20.4,20.0,20.0,20.0,10.0,64499.0,99700848.0
2012-02-07,20.35,19.52,19.75,20.0,10.0,166180.0,99700848.0
2012-02-08,20.313,19.255,19.75,19.75,5.0,57543.0,99700848.0
2012-02-09,20.2,18.9,19.25,19.75,6.0,148825.0,99700848.0
2012-02-10,19.875,19.125,19.125,19.75,4.0,76515.0,99700848.0
2012-02-13,19.44,19.0,19.25,19.125,13.0,315655.0,99700848.0
2012-02-14,19.25,19.05,19.25,19.25,6.0,156484.0,99700848.0
2012-02-15,20.038,19.53,19.875,19.375,12.0,108730.0,99700848.0
2012-02-16,19.9,19.275,19.375,19.875,6.0,153285.0,99700848.0
2012-02-17,20.333,19.4,20.25,19.375,17.0,300591.0,99700848.0
2012-02-20,21.88,20.65,21.5,20.25,38.0,467132.0,99700848.0
2012-02-21,21.9,20.833,21.5,21.5,17.0,190229.0,99700848.0
2012-02-22,21.75,20.18,20.75,21.5,12.0,100576.0,99700848.0
2012-02-23,21.0,20.0,20.125,20.75,9.0,104514.0,99700848.0
2012-02-24,20.25,20.03,20.125,20.125,13.0,145440.0,99700848.0
2012-02-27,20.5,20.0,20.25,20.125,12.0,158039.0,99700848.0
2012-02-28,20.4,19.437,20.25,20.25,7.0,84636.0,99700848.0
2012-02-29,20.395,20.2,20.25,20.25,8.0,51632.0,99700848.0
2012-03-01,20.25,20.1,20.25,20.25,2.0,5900.0,99700848.0
2012-03-02,20.4,20.1,20.25,20.25,7.0,120456.0,99700848.0
2012-03-05,20.395,20.125,20.25,20.25,7.0,53347.0,99700848.0
2012-03-06,20.4,20.05,20.25,20.25,11.0,241500.0,99700848.0
2012-03-07,21.1,20.75,20.75,20.75,22.0,378519.0,99700848.0
2012-03-08,20.8,20.5,20.75,20.75,9.0,93717.0,99700848.0
2012-03-09,20.75,19.75,20.5,20.75,6.0,125553.0,99700848.0
2012-03-12,20.5,20.0,20.5,20.5,11.0,58928.0,99700848.0
2012-03-13,20.025,19.65,20.0,20.5,15.0,158710.0,99700848.0
2012-03-14,19.98,19.5,20.0,20.0,12.0,90732.0,99700848.0
2012-03-15,20.0,19.52,20.0,20.0,10.0,56795.0,99700848.0
2012-03-16,20.325,19.75,20.0,20.0,14.0,144836.0,99700848.0
2012-03-19,20.35,19.5,20.0,20.0,27.0,471007.0,99700848.0
2012-03-20,20.35,19.77,20.125,20.0,18.0,496128.0,99700848.0
2012-03-21,21.0,20.06,20.75,20.125,28.0,1253816.0,99700848.0
2012-03-22,21.75,20.5,21.0,20.75,15.0,129324.0,99700848.0
2012-03-23,22.0,20.77,21.25,21.25,19.0,278133.0,99700848.0
2012-03-26,22.749,21.1,22.25,21.5,24.0,367459.0,99700848.0
2012-03-27,22.25,21.5,22.25,22.25,20.0,211131.0,99700848.0
2012-03-28,21.875,20.75,20.875,22.25,15.0,189402.0,99700848.0
2012-03-29,21.138,20.25,20.875,20.875,7.0,23709.0,99700848.0
2012-03-30,21.559,20.85,21.125,20.875,14.0,143434.0,99700848.0
2012-04-02,21.5,20.5,21.125,21.125,19.0,362960.0,99700848.0
2012-04-03,21.8,21.18,21.5,21.125,17.0,336441.0,99700848.0
2012-04-04,22.24,21.25,22.0,21.5,22.0,234394.0,99700848.0
2012-04-05,22.09,20.777,21.625,22.0,13.0,170305.0,99700848.0
2012-04-08,21.625,21.625,21.625,21.625,0.0,0.0,99700848.0
2012-04-09,21.625,21.625,21.625,21.625,0.0,0.0,99700848.0
2012-04-10,20.75,20.5,20.5,21.625,9.0,52504.0,99700848.0
2012-04-11,22.2,21.81,22.125,22.0,10.0,151806.0,99700848.0
2012-04-12,22.2,20.833,21.625,22.125,11.0,85273.0,99700848.0
2012-04-13,21.9,20.96,21.625,21.625,5.0,20243.0,99700848.0
2012-04-16,22.39,20.943,21.75,21.625,10.0,88207.0,99700848.0
2012-04-17,22.15,21.25,21.75,21.75,5.0,29452.0,99700848.0
2012-04-18,22.3,21.375,21.75,21.75,6.0,89044.0,99700848.0
2012-04-19,21.377,20.5,21.25,21.75,3.0,73743.0,99700848.0
2012-04-20,21.85,20.55,21.25,21.25,12.0,133942.0,99700848.0
2012-04-23,21.7,20.75,21.25,21.25,9.0,83065.0,99700848.0
2012-04-24,21.5,20.561,21.25,21.25,5.0,26266.0,99700848.0
2012-04-25,21.5,20.575,21.25,21.25,10.0,112553.0,99700848.0
2012-04-26,21.863,20.963,21.375,21.25,7.0,89435.0,99700848.0
2012-04-27,22.35,21.3,21.75,21.75,9.0,90238.0,99700848.0
2012-04-30,22.89,21.35,22.5,21.75,26.0,277672.0,99700848.0
2012-05-01,22.65,22.2,22.5,22.5,10.0,95850.0,99700848.0
2012-05-02,22.75,22.1,22.5,22.5,11.0,72471.0,99700848.0
2012-05-03,22.5,22.15,22.5,22.5,3.0,3419.0,100863085.0
2012-05-04,22.6,22.16,22.5,22.5,5.0,52579.0,100863085.0
2012-05-07,22.5,22.5,22.5,22.5,0.0,0.0,100863085.0
2012-05-08,22.55,21.75,22.25,22.5,9.0,177684.0,100863085.0
2012-05-09,22.5,18.58,20.125,22.25,34.0,514699.0,100863085.0
2012-05-10,20.75,20.6,20.5,20.125,5.0,155212.0,100863085.0
2012-05-11,20.5,20.5,20.5,20.5,0.0,0.0,100863085.0
2012-05-14,20.9,19.725,20.25,20.5,8.0,80556.0,100863085.0
2012-05-15,20.7,19.65,20.25,20.25,5.0,44543.0,100863085.0
2012-05-16,20.425,19.6,20.25,20.25,3.0,9515.0,100863085.0
2012-05-17,20.4,20.0,20.0,20.25,4.0,461765.0,100863085.0
2012-05-18,20.4,19.25,20.0,20.0,2.0,2706.0,100863085.0
2012-05-21,19.5,19.25,19.5,20.0,1.0,25000.0,100863085.0
2012-05-22,20.65,19.4,20.0,19.5,7.0,67239.0,100863085.0
2012-05-23,20.233,19.35,19.5,20.0,6.0,50715.0,100863085.0
2012-05-24,19.7,19.15,19.625,19.5,11.0,254104.0,100863085.0
2012-05-25,19.7,19.28,19.625,19.625,3.0,25979.0,100863085.0
2012-05-28,19.813,19.25,19.625,19.625,4.0,24575.0,100863085.0
2012-05-29,20.45,20.25,20.25,20.25,11.0,105191.0,100863085.0
2012-05-30,20.25,19.77,20.25,20.25,1.0,15242.0,100863085.0
2012-05-31,20.38,19.5,20.25,20.25,9.0,230790.0,100863085.0
2012-06-01,20.25,19.666,20.25,20.25,3.0,12356.0,100863085.0
2012-06-04,20.25,20.25,20.25,20.25,0.0,0.0,100863085.0
2012-06-05,20.25,20.25,20.25,20.25,0.0,0.0,100863085.0
2012-06-06,20.0,19.0,20.0,20.0,5.0,24970.0,100863085.0
2012-06-07,20.0,20.0,20.0,20.0,0.0,0.0,100863085.0
2012-06-08,20.0,19.05,19.75,20.0,8.0,80868.0,100863085.0
2012-06-11,19.75,19.038,19.75,19.75,2.0,10182.0,100863085.0
2012-06-12,19.75,19.0,19.75,19.75,2.0,151000.0,100863085.0
2012-06-13,20.25,19.24,20.0,19.75,4.0,39098.0,100863085.0
2012-06-14,20.58,19.25,20.0,20.0,3.0,5186.0,100863085.0
2012-06-15,19.75,19.25,19.75,20.0,3.0,36250.0,100863085.0
2012-06-18,19.5,19.038,19.5,19.75,8.0,154715.0,100863085.0
2012-06-19,19.05,18.3,18.875,19.5,13.0,198971.0,100863085.0
2012-06-20,18.5,18.375,18.75,18.875,6.0,279918.0,100863085.0
2012-06-21,19.168,18.25,18.875,18.625,8.0,67891.0,100863085.0
2012-06-22,19.25,18.613,18.875,18.875,4.0,44532.0,100863085.0
2012-06-25,19.16,18.622,18.875,18.875,3.0,17734.0,100863085.0
2012-06-26,19.15,18.65,18.875,18.875,6.0,85301.0,100863085.0
2012-06-27,19.1,18.613,18.875,18.875,3.0,8786.0,100863085.0
2012-06-28,19.05,18.6,18.875,18.875,4.0,5406.0,100863085.0
2012-06-29,19.04,18.6,18.875,18.875,2.0,4273.0,100863085.0
2012-07-02,19.08,18.625,18.875,18.875,5.0,52689.0,100863085.0
2012-07-03,19.01,18.55,18.875,18.875,8.0,62540.0,100863085.0
2012-07-04,18.99,18.55,18.875,18.875,3.0,16235.0,100863085.0
2012-07-05,18.98,18.58,18.875,18.875,4.0,28562.0,100863085.0
2012-07-06,20.75,20.0,20.75,18.875,6.0,92027.0,100863085.0
2012-07-07,20.75,20.75,20.75,20.75,0.0,0.0,100863085.0
2012-07-08,20.875,20.4,20.875,20.4,0.0,1.0,100863085.0
2012-07-09,20.875,20.31,20.875,18.625,5.0,32593.0,100863085.0
2012-07-10,18.5,17.875,18.375,18.5,6.0,60977.0,100863085.0
2012-07-11,18.45,17.75,18.0,18.375,5.0,178941.0,100863085.0
2012-07-12,18.2,17.65,18.0,18.0,6.0,181371.0,100863085.0
2012-07-13,18.2,18.0,18.125,18.0,4.0,40154.0,100863085.0
2012-07-16,18.19,17.84,18.125,18.125,4.0,110337.0,100863085.0
2012-07-17,18.125,17.8,18.125,18.125,2.0,162738.0,100863085.0
2012-07-18,18.15,18.125,18.125,18.125,1.0,20000.0,100863085.0
2012-07-19,18.18,17.83,18.125,18.125,3.0,191721.0,100863085.0
2012-07-20,18.5,17.95,18.25,18.125,12.0,244354.0,100863085.0
2012-07-23,18.86,18.5,18.875,18.25,7.0,59068.0,100863085.0
2012-07-24,18.99,18.05,18.5,18.875,10.0,117900.0,100863085.0
2012-07-25,18.9,18.05,18.75,18.5,7.0,174774.0,100863085.0
2012-07-26,19.5,18.0,18.75,18.75,5.0,201602.0,100863085.0
2012-07-27,19.18,18.33,18.75,18.75,7.0,153928.0,100863085.0
2012-07-30,18.75,18.75,18.75,18.75,0.0,0.0,100863085.0
2012-07-31,18.95,18.375,18.875,18.75,3.0,63800.0,100863085.0
2012-08-01,20.75,19.4,20.25,18.875,10.0,259673.0,100863085.0
2012-08-02,21.5,20.25,20.75,20.75,8.0,59773.0,100863085.0
2012-08-03,21.5,20.55,20.75,20.75,5.0,67259.0,100863085.0
2012-08-06,20.55,20.0,20.75,20.75,3.0,58581.0,100863085.0
2012-08-07,20.9,20.3,20.75,20.75,4.0,41897.0,100863085.0
2012-08-08,20.8,20.4,20.875,20.75,2.0,32606.0,100863085.0
2012-08-09,20.31,20.31,20.875,20.875,7.0,54535.0,100863085.0
2012-08-10,21.2,20.31,20.875,20.875,9.0,58169.0,100863085.0
2012-08-13,21.9,21.163,21.25,20.875,2.0,60000.0,100863085.0
2012-08-14,22.131,21.15,21.75,21.25,4.0,27490.0,100863085.0
2012-08-15,21.25,20.68,21.25,21.75,5.0,34439.0,100863085.0
2012-08-16,21.76,20.9,21.25,21.25,5.0,82069.0,100863085.0
2012-08-17,20.9,20.631,20.875,21.25,8.0,37224.0,100863085.0
2012-08-20,21.13,20.5,20.875,20.875,5.0,22106.0,100863085.0
2012-08-21,21.25,20.875,20.875,20.875,3.0,25000.0,100863085.0
2012-08-22,21.15,20.75,21.125,20.875,5.0,84623.0,100863085.0
2012-08-23,21.28,20.85,21.125,21.125,5.0,89095.0,100863085.0
2012-08-24,21.18,20.125,21.125,21.125,5.0,60400.0,100863085.0
2012-08-27,21.125,21.125,21.125,21.125,0.0,0.0,100863085.0
2012-08-28,21.18,20.75,21.125,21.125,2.0,20000.0,100863085.0
2012-08-29,21.125,20.75,21.125,21.125,5.0,10763.0,100863085.0
2012-08-30,21.0,20.05,20.5,21.125,6.0,103490.0,100863085.0
2012-08-31,20.65,20.0,20.25,20.5,8.0,120368.0,100863085.0
2012-09-03,20.75,20.0,20.75,20.25,6.0,55412.0,100863085.0
2012-09-04,20.825,20.0,20.75,20.75,6.0,60186.0,100863085.0
2012-09-05,20.75,19.75,20.25,20.75,7.0,187854.0,100863085.0
2012-09-06,20.85,19.5,20.75,20.25,14.0,161824.0,100863085.0
2012-09-07,20.95,20.13,20.5,20.75,11.0,174209.0,100863085.0
2012-09-10,21.75,20.5,20.75,20.5,21.0,313870.0,100863085.0
2012-09-11,21.25,20.5,21.25,20.75,10.0,114188.0,100863085.0
2012-09-12,20.515,20.0,20.0,21.25,16.0,500878.0,100863085.0
2012-09-13,20.25,19.5,20.25,20.0,12.0,96191.0,100863085.0
2012-09-14,20.1,19.5,20.25,20.0,16.0,416179.0,100863085.0
2012-09-17,20.25,20.06,20.25,20.25,5.0,50158.0,100863085.0
2012-09-18,20.25,20.02,20.25,20.25,8.0,116992.0,100863085.0
2012-09-19,20.25,20.02,20.25,20.25,5.0,57779.0,100863085.0
2012-09-20,20.25,20.0,20.25,20.25,7.0,205608.0,100863085.0
2012-09-21,20.35,20.0,20.25,20.25,12.0,678267.0,100863085.0
2012-09-24,20.375,20.0,20.25,20.25,8.0,89066.0,100863085.0
2012-09-25,20.35,20.0,20.25,20.25,9.0,107228.0,100863085.0
2012-09-26,20.25,20.01,20.25,20.25,6.0,44126.0,100863085.0
2012-09-27,20.325,20.0,20.25,20.25,10.0,258275.0,100863085.0
2012-09-28,20.325,20.0,20.25,20.25,8.0,155679.0,100863085.0
2012-10-01,20.25,20.0,20.25,20.25,5.0,37318.0,100863085.0
2012-10-02,20.25,20.015,20.25,20.25,5.0,81680.0,100863085.0
2012-10-03,21.84,20.25,21.625,20.375,29.0,877913.0,100863085.0
2012-10-04,21.56,21.0,21.5,21.625,8.0,152798.0,100863085.0
2012-10-05,21.625,21.02,21.625,21.5,9.0,247328.0,100863085.0
2012-10-08,21.625,21.25,21.625,21.625,8.0,148055.0,100863085.0
2012-10-09,21.5,21.2,21.25,21.625,6.0,107731.0,100863085.0
2012-10-10,21.5,21.0,21.5,21.25,5.0,30221.0,100863085.0
2012-10-11,23.0,21.7,22.5,21.5,19.0,268610.0,100863085.0
2012-10-12,23.95,22.35,23.5,22.5,20.0,211837.0,100863085.0
2012-10-15,23.36,22.0,22.75,23.5,19.0,229344.0,100863085.0
2012-10-16,23.125,22.3,22.75,22.75,5.0,14893.0,100863085.0
2012-10-17,23.2,22.325,23.0,22.75,6.0,45734.0,100863085.0
2012-10-18,23.2,22.55,23.0,23.0,6.0,43786.0,101013085.0
2012-10-19,23.2,22.66,23.0,23.0,3.0,29000.0,101013085.0
2012-10-22,23.2,22.35,22.75,23.0,6.0,36370.0,101013085.0
2012-10-23,23.2,22.375,22.5,22.75,5.0,48615.0,101013085.0
2012-10-24,22.95,22.375,22.375,22.5,7.0,379494.0,101263085.0
2012-10-25,24.775,23.425,23.75,22.75,33.0,419915.0,101263085.0
2012-10-26,23.9,23.06,23.375,23.75,16.0,162921.0,101013085.0
2012-10-29,23.75,23.3,23.375,23.375,6.0,129588.0,101013085.0
2012-10-30,24.0,23.3,23.5,23.375,11.0,74773.0,101013085.0
2012-10-31,24.0,23.35,23.75,23.5,10.0,163500.0,101013085.0
2012-11-01,24.2,23.25,23.75,23.75,4.0,26759.0,101013085.0
2012-11-02,24.335,23.3,23.75,23.75,8.0,116588.0,101013085.0
2012-11-05,25.0,23.7,24.0,23.75,16.0,228739.0,101013085.0
2012-11-06,26.0,24.3,25.0,24.25,43.0,486039.0,101013085.0
2012-11-07,26.0,25.1,25.25,25.0,16.0,139139.0,101013085.0
2012-11-08,28.0,25.55,26.5,25.25,71.0,788185.0,101013085.0
2012-11-09,27.0,25.5,26.375,26.5,23.0,297896.0,101013085.0
2012-11-12,26.25,24.7575,25.125,26.375,21.0,174288.0,101013085.0
2012-11-13,25.0,24.0,24.5,25.125,20.0,355777.0,101013085.0
2012-11-14,25.25,24.5,25.0,24.5,10.0,238430.0,101013085.0
2012-11-15,25.2,24.625,25.0,25.0,10.0,88606.0,101013085.0
2012-11-16,25.125,24.06,24.75,25.0,8.0,106715.0,101013085.0
2012-11-19,24.7,24.0,24.25,24.75,13.0,239518.0,101013085.0
2012-11-20,24.2,23.5,24.0,24.25,5.0,53017.0,101013085.0
2012-11-21,24.0,22.85,23.375,24.0,21.0,609815.0,101013085.0
2012-11-22,23.4,23.0,23.125,23.375,5.0,32039.0,101013085.0
2012-11-23,23.375,22.805,23.125,23.125,11.0,129828.0,101013085.0
2012-11-26,23.125,23.125,23.125,23.125,0.0,0.0,101013085.0
2012-11-27,23.0,22.805,23.0,23.125,1.0,4480.0,101013085.0
2012-11-28,23.17,22.805,23.0,23.0,5.0,47795.0,101013085.0
2012-11-29,23.5,22.8,23.0,23.0,9.0,359525.0,101013085.0
2012-11-30,23.7017,22.875,23.0,23.0,4.0,36544.0,101013085.0
2012-12-03,24.4,23.15,24.0,23.0,11.0,59751.0,101013085.0
2012-12-04,25.95,23.95,25.0,24.0,17.0,218678.0,101013085.0
2012-12-05,26.0,25.0,25.75,25.0,15.0,226448.0,101013085.0
2012-12-06,25.55,25.0,25.5,25.75,9.0,93145.0,101013085.0
2012-12-07,25.25,24.5,25.25,25.375,6.0,46039.0,101013085.0
2012-12-10,25.01,24.0,25.25,25.25,16.0,248653.0,101013085.0
2012-12-11,25.375,24.5,25.375,25.25,4.0,18093.0,101013085.0
2012-12-12,25.0,24.5,25.125,25.375,6.0,118652.0,101013085.0
2012-12-13,25.125,24.25,25.125,25.125,5.0,91330.0,101013085.0
2012-12-14,25.25,24.25,25.125,25.125,4.0,26910.0,101013085.0
2012-12-17,25.0,24.0,24.5,25.125,9.0,89356.0,101013085.0
2012-12-18,24.6,23.7514,24.5,24.5,7.0,4205427.0,101013085.0
2012-12-19,24.5,23.75,24.5,24.5,5.0,260971.0,101013085.0
2012-12-20,24.25,23.5,24.25,24.5,9.0,48340.0,101013085.0
2012-12-21,24.4,23.5,24.25,24.25,3.0,16047.0,101013085.0
2012-12-24,24.4,23.5,24.25,24.25,3.0,59053.0,101013085.0
2012-12-27,24.375,23.5,24.25,24.25,8.0,21336.0,101013085.0
2012-12-28,24.29,23.5,24.25,24.25,8.0,148535.0,101013085.0
2012-12-31,24.5,23.5,24.25,24.25,7.0,161419.0,101013085.0
2013-01-02,27.15,24.25,26.625,24.25,33.0,492142.0,101013085.0
2013-01-03,27.0,25.5,26.25,26.625,15.0,188937.0,101013085.0
2013-01-04,26.45,25.5,26.0,26.25,11.0,158751.0,101013085.0
2013-01-07,26.125,25.62,26.0,26.0,9.0,147201.0,101013085.0
2013-01-08,27.43,26.0,26.75,26.25,17.0,339274.0,101013085.0
2013-01-09,29.0,26.55,28.5,26.75,42.0,529276.0,101013085.0
2013-01-10,29.0,28.0,28.5,28.5,34.0,1497491.0,101013085.0
2013-01-11,28.265,27.0,27.75,28.5,21.0,232602.0,101013085.0
2013-01-14,27.85,27.0,27.5,27.75,12.0,86574.0,101013085.0
2013-01-15,27.15,26.75,26.75,27.5,17.0,461004.0,101013085.0
2013-01-16,26.875,26.0,26.625,26.75,11.0,150700.0,101013085.0
2013-01-17,27.79,26.5,26.75,26.625,20.0,338310.0,101013085.0
2013-01-18,28.0,26.65,27.75,27.25,30.0,323199.0,101013085.0
2013-01-21,28.5,27.15,28.0,27.75,35.0,378713.0,101013085.0
2013-01-22,28.5,27.77,28.0,28.0,18.0,114430.0,101263024.0
2013-01-23,28.275,27.75,28.0,28.0,5.0,109667.0,101263024.0
2013-01-24,28.4,27.5,28.0,28.0,14.0,144189.0,101263024.0
2013-01-25,28.67,28.0,28.5,28.0,23.0,202637.0,101263024.0
2013-01-28,29.0,28.125,28.5,28.5,16.0,52669.0,101263024.0
2013-01-29,28.75,26.0505,27.0,28.5,29.0,236603.0,101263024.0
2013-01-30,27.5,26.65,27.125,27.0,4.0,53963.0,101263024.0
2013-01-31,27.2,26.84,27.125,27.125,3.0,23892.0,101263024.0
2013-02-01,27.0,26.84,27.0,27.125,9.0,86347.0,101263024.0
2013-02-04,27.125,26.6,26.875,27.0,12.0,88961.0,101263024.0
2013-02-05,26.5,25.51,26.25,26.875,20.0,210706.0,101263024.0
2013-02-06,26.7,26.37,26.5,26.25,4.0,33572.0,101263024.0
2013-02-07,26.7,26.0,26.5,26.5,7.0,43747.0,101263024.0
2013-02-08,26.55,25.6,26.25,26.5,4.0,9100.0,101263024.0
2013-02-11,26.5,25.5,26.0,26.25,15.0,223882.0,101263024.0
2013-02-12,25.91,25.5,25.75,26.0,13.0,136302.0,101263024.0
2013-02-13,25.8,24.5,24.875,25.75,15.0,198905.0,101263024.0
2013-02-14,25.5,24.62,25.125,24.875,8.0,103511.0,101263024.0
2013-02-15,25.35,24.82,25.125,25.125,5.0,38724.0,101263024.0
2013-02-18,25.3,24.75,25.125,25.125,6.0,64780.0,101263024.0
2013-02-19,28.9,24.84,28.0,25.125,44.0,630333.0,101263024.0
2013-02-20,28.775,26.0,26.5,28.0,27.0,527447.0,101263024.0
2013-02-21,26.68,26.125,26.5,26.5,4.0,43681.0,101263024.0
2013-02-22,27.8098,26.5,27.25,26.75,11.0,131247.0,101263024.0
2013-02-25,27.4,26.0,27.125,27.25,12.0,145140.0,101263024.0
2013-02-26,27.5,26.75,27.0,27.125,7.0,107856.0,101263024.0
2013-02-27,29.6,26.5,29.25,27.0,26.0,830085.0,101263024.0
2013-02-28,30.0,28.0,28.625,29.25,19.0,397600.0,101263024.0
2013-03-01,29.875,28.625,29.125,28.625,24.0,468820.0,101263024.0
2013-03-04,29.125,28.0,28.5,29.125,18.0,270156.0,101263024.0
2013-03-05,28.375,27.5,28.0,28.5,12.0,268329.0,101263024.0
2013-03-06,28.15,27.75,28.0,28.0,4.0,11149.0,101263024.0
2013-03-07,28.15,28.0,28.0,28.0,1.0,785.0,101263024.0
2013-03-08,29.25,28.0,28.875,28.0,17.0,154524.0,101263024.0
2013-03-11,29.93,29.0,29.5,28.875,15.0,150230.0,101263024.0
2013-03-12,29.88,29.1125,29.375,29.5,13.0,39659.0,101263024.0
2013-03-13,31.15,30.0,30.25,30.5,56.0,968165.0,101263024.0
2013-03-14,32.5,30.0,30.75,30.25,40.0,542668.0,101263024.0
2013-03-15,31.13,30.325,30.875,30.75,25.0,692097.0,101263024.0
2013-03-18,31.1,28.35,28.625,30.875,27.0,272977.0,101263024.0
2013-03-19,29.7,28.5,29.0,29.125,13.0,91990.0,101263024.0
2013-03-20,29.0,28.125,29.0,29.0,16.0,173940.0,101263024.0
2013-03-21,29.8,28.575,29.25,29.0,11.0,75324.0,101263024.0
2013-03-22,29.85,29.075,29.75,29.25,12.0,90222.0,101263024.0
2013-03-25,31.85,29.75,31.25,29.75,32.0,309628.0,101263024.0
2013-03-26,32.0,30.55,31.375,31.25,19.0,294427.0,101263024.0
2013-03-27,32.0,30.625,31.25,31.375,26.0,1643311.0,101263024.0
2013-03-28,31.75,31.0,31.5,31.25,15.0,555625.0,101263024.0
2013-04-01,31.5,31.5,31.5,31.5,0.0,0.0,101263024.0
2013-04-02,34.0,31.5,32.25,31.5,28.0,541397.0,101263024.0
2013-04-03,32.5,31.5,32.25,32.25,25.0,466974.0,101263024.0
2013-04-04,32.25,29.4774,30.25,32.25,34.0,789333.0,101263024.0
2013-04-05,30.225,29.0,30.0,30.25,24.0,210822.0,101263024.0
2013-04-08,30.0,29.5,30.0,30.0,11.0,165961.0,101263024.0
2013-04-09,30.0,29.5,30.0,30.0,9.0,44334.0,101263024.0
2013-04-10,30.125,29.79,30.125,30.0,2.0,6010.0,101263024.0
2013-04-11,30.8449,29.75,30.375,30.125,21.0,229411.0,101263024.0
2013-04-12,30.7,29.8,30.375,30.375,10.0,50898.0,101263024.0
2013-04-15,31.0,29.75,30.375,30.375,13.0,194053.0,101263024.0
2013-04-16,30.0,29.0,29.25,30.375,14.0,157268.0,101263024.0
2013-04-17,29.25,29.15,29.25,29.25,2.0,8286.0,101263024.0
2013-04-18,29.01,27.8,28.625,29.25,21.0,160555.0,101363024.0
2013-04-19,28.73,28.25,28.625,28.625,7.0,195186.0,101363024.0
2013-04-22,28.625,28.25,28.625,28.625,16.0,172912.0,101363024.0
2013-04-23,28.625,28.25,28.625,28.625,6.0,29317.0,101363024.0
2013-04-24,28.725,28.25,28.625,28.625,11.0,193751.0,101363024.0
2013-04-25,29.9425,28.5,29.125,28.625,10.0,187847.0,101363024.0
2013-04-26,30.0,28.6175,29.25,29.125,4.0,26830.0,101363024.0
2013-04-29,30.0,28.905,29.5,29.25,9.0,111008.0,101363024.0
2013-04-30,30.25,29.55,30.0,29.5,18.0,261944.0,101363024.0
2013-05-01,32.0,30.5,30.5,30.75,18.0,286353.0,101363024.0
2013-05-02,30.85,30.01,30.25,30.5,6.0,24415.0,101363024.0
2013-05-03,30.5,29.5,30.5,30.25,4.0,81576.0,101363024.0
2013-05-06,30.5,30.5,30.5,30.5,0.0,0.0,101363024.0
2013-05-07,30.7,30.0,30.5,30.5,14.0,187041.0,101363024.0
2013-05-08,30.5,30.0,30.5,30.5,10.0,155746.0,101363024.0
2013-05-09,30.68,30.0,30.5,30.5,6.0,69212.0,101363024.0
2013-05-10,31.0,29.5,30.375,30.5,6.0,125239.0,101363024.0
2013-05-13,30.08,29.55,30.0,30.375,9.0,32411.0,101363024.0
2013-05-14,29.99,28.5,29.5,30.0,7.0,66573.0,101363024.0
2013-05-15,29.6,28.1481,29.25,29.5,5.0,43956.0,101363024.0
2013-05-16,29.15,27.6688,29.0,29.25,10.0,150418.0,101363024.0
2013-05-17,29.1,28.77,29.0,29.0,5.0,71419.0,101363024.0
2013-05-20,28.975,28.15,28.625,28.75,17.0,182308.0,101363024.0
2013-05-21,29.1,28.64,29.125,28.625,9.0,39569.0,101363024.0
2013-05-22,31.0,27.0,30.0,28.625,33.0,5233917.0,101363024.0
2013-05-23,30.69,29.7,30.5,30.0,17.0,402087.0,101363024.0
2013-05-24,30.69,29.83,30.375,30.25,7.0,116347.0,123585247.0
2013-05-27,30.375,30.375,30.375,30.375,0.0,0.0,123585247.0
2013-05-28,30.69,29.75,30.375,30.375,13.0,569583.0,123585247.0
2013-05-29,30.5,29.75,30.375,30.375,7.0,109123.0,123585247.0
2013-05-30,30.375,29.8125,30.375,30.375,7.0,49627.0,123585247.0
2013-05-31,30.375,29.825,30.375,30.375,4.0,20175.0,123585247.0
2013-06-03,30.5,29.55,30.0,30.375,13.0,197868.0,123585247.0
2013-06-04,30.2,29.5,30.0,30.0,13.0,126465.0,123585247.0
2013-06-05,30.1,29.5,29.75,30.0,8.0,103693.0,123585247.0
2013-06-06,29.75,29.0,29.75,29.75,6.0,52812.0,123585247.0
2013-06-07,29.0,28.5,29.0,29.75,11.0,138652.0,123585247.0
2013-06-10,29.0,28.5,29.0,29.0,13.0,95019.0,123585247.0
2013-06-11,29.0,28.25,29.0,29.0,4.0,51076.0,123585247.0
2013-06-12,28.83,28.0,28.75,28.75,6.0,20653.0,123585247.0
2013-06-13,28.78,28.0,28.5,28.75,5.0,12605.0,123585247.0
2013-06-14,28.73,28.0,28.5,28.5,6.0,51932.0,123585247.0
2013-06-17,30.0,28.65,29.5,28.5,11.0,257043.0,123585247.0
2013-06-18,31.5,29.15,31.5,29.5,29.0,662131.0,123585247.0
2013-06-19,31.9,31.0,31.5,31.5,13.0,388641.0,123585247.0
2013-06-20,31.725,31.0,31.5,31.5,17.0,760367.0,123585247.0
2013-06-21,31.7,31.0,31.5,31.5,13.0,126443.0,123585247.0
2013-06-24,31.7,30.0,30.25,31.5,11.0,116129.0,123585247.0
2013-06-25,30.25,29.15,30.0,30.25,12.0,53566.0,123585247.0
2013-06-26,30.0,29.75,30.0,30.0,7.0,72317.0,123585247.0
2013-06-27,31.25,29.5,31.25,30.0,29.0,406325.0,123585247.0
2013-06-28,33.5,31.5,33.0,31.25,63.0,739650.0,123585247.0
2013-07-01,35.0,33.05,34.375,33.0,61.0,655339.0,123585247.0
2013-07-02,35.0,34.1,34.375,34.375,28.0,388270.0,123585247.0
2013-07-03,34.7,34.0,34.25,34.375,25.0,122203.0,123585247.0
2013-07-04,35.0,33.8875,34.5,34.25,25.0,155895.0,123585247.0
2013-07-05,35.0,34.5,34.75,34.5,39.0,377421.0,123585247.0
2013-07-08,35.0,33.15,34.0,34.75,38.0,413484.0,123585247.0
2013-07-09,36.5,34.95,36.125,34.5,49.0,845231.0,123585247.0
2013-07-10,36.4,35.62,35.75,36.125,37.0,609815.0,123585247.0
2013-07-11,36.5,35.625,36.375,35.75,24.0,247754.0,123585247.0
2013-07-12,36.25,35.65,35.875,36.375,24.0,225844.0,123585247.0
2013-07-15,36.0,35.65,35.875,35.875,14.0,164615.0,123585247.0
2013-07-16,36.0,35.65,35.75,35.875,8.0,23923.0,123585247.0
2013-07-17,37.0,35.7,36.75,35.75,25.0,547937.0,123585247.0
2013-07-18,39.0,36.68,38.25,36.75,54.0,876669.0,123585247.0
2013-07-19,41.4,38.05,39.75,38.25,111.0,1151269.0,123585247.0
2013-07-22,41.0,39.85,40.125,39.75,100.0,692711.0,123585247.0
2013-07-23,40.15,37.15,38.0,40.125,48.0,337284.0,123585247.0
2013-07-24,37.875,37.13,37.25,37.25,20.0,156717.0,123585247.0
2013-07-25,38.5,37.06,38.0,37.25,34.0,214939.0,123585247.0
2013-07-26,39.51,38.25,39.125,38.0,23.0,270014.0,123585247.0
2013-07-29,38.915,37.5,38.0,39.125,30.0,134305.0,123585247.0
2013-07-30,37.9,37.015,37.75,37.75,14.0,45577.0,123585247.0
2013-07-31,38.5,36.75,37.75,37.75,20.0,151838.0,123585247.0
2013-08-01,37.9,36.4444,37.5,37.75,16.0,144250.0,123585247.0
2013-08-02,39.99,38.49,39.375,37.5,90.0,711239.0,123585247.0
2013-08-05,39.95,39.275,39.75,39.375,133.0,1249394.0,123585247.0
2013-08-06,40.5,39.5,39.875,40.5,68.0,2533064.0,123585247.0
2013-08-07,40.25,39.75,40.0,39.875,42.0,246779.0,123585247.0
2013-08-08,40.1,39.75,40.125,40.0,52.0,512266.0,123585247.0
2013-08-09,40.1,39.5,40.0,40.125,49.0,783501.0,123585247.0
2013-08-12,40.5,39.5,40.0,40.0,70.0,368164.0,123585247.0
2013-08-13,40.145,39.75,40.0,40.0,43.0,190808.0,123585247.0
2013-08-14,40.475,39.825,40.125,40.0,36.0,223036.0,123585247.0
2013-08-15,40.25,39.58,40.25,40.125,62.0,412480.0,123585247.0
2013-08-16,40.75,40.0,40.5,40.25,59.0,686742.0,123585247.0
2013-08-19,41.25,40.25,40.625,40.5,74.0,510705.0,123585247.0
2013-08-20,40.5,40.0,40.375,40.625,34.0,268549.0,123585247.0
2013-08-21,40.5,39.75,40.25,40.375,22.0,165094.0,123585247.0
2013-08-22,40.95,40.05,40.75,40.25,39.0,522303.0,123585247.0
2013-08-23,41.005,40.025,40.75,40.75,42.0,301035.0,123585247.0
2013-08-26,40.75,40.75,40.75,40.75,0.0,0.0,123585247.0
2013-08-27,40.75,39.5,40.375,40.75,43.0,290795.0,123585247.0
2013-08-28,40.375,39.5,40.375,40.375,23.0,169117.0,123585247.0
2013-08-29,40.1,39.75,40.375,40.375,12.0,103214.0,123585247.0
2013-08-30,40.0,39.75,40.25,40.375,16.0,56495.0,123585247.0
2013-09-02,40.1,39.75,40.375,40.25,17.0,103717.0,123585247.0
2013-09-03,40.1,39.25,40.375,40.375,21.0,284869.0,123585247.0
2013-09-04,39.9,39.2353,40.25,40.375,10.0,48918.0,123585247.0
2013-09-05,41.0,39.5,40.25,40.25,19.0,95883.0,123585247.0
2013-09-06,40.1,39.5,40.25,40.25,14.0,159161.0,123585247.0
2013-09-09,40.9745,39.55,40.5,40.25,22.0,178921.0,123585247.0
2013-09-10,41.7,40.1,41.25,40.5,27.0,136220.0,123585247.0
2013-09-11,42.5,39.75,40.75,41.75,73.0,760850.0,123585247.0
2013-09-12,41.5,40.05,40.75,40.75,44.0,782046.0,123585247.0
2013-09-13,41.5,40.0,40.875,40.75,17.0,138612.0,123585247.0
2013-09-16,41.5,40.21,41.0,40.875,40.0,529008.0,123585247.0
2013-09-17,41.0,40.5,41.25,41.0,22.0,124198.0,123585247.0
2013-09-18,40.99,40.5,41.25,41.25,19.0,199514.0,123585247.0
2013-09-19,41.0,40.285,40.5,41.25,24.0,309466.0,123585247.0
2013-09-20,40.75,40.325,40.5,40.5,17.0,55841.0,123585247.0
2013-09-23,40.65,39.615,39.75,40.5,26.0,169054.0,123585247.0
2013-09-24,39.75,39.0,39.5,39.75,23.0,136273.0,123585247.0
2013-09-25,39.65,36.75,37.5,39.5,53.0,554025.0,123585247.0
2013-09-26,37.75,36.0,37.5,37.625,55.0,345189.0,123585247.0
2013-09-27,38.95,37.0,38.5,37.5,27.0,201285.0,123585247.0
2013-09-30,38.999,38.0,39.125,38.5,24.0,202732.0,123585247.0
2013-10-01,39.0,38.0,39.0,39.125,10.0,76540.0,123585247.0
2013-10-02,39.0,38.0,38.25,39.0,17.0,100281.0,123585247.0
2013-10-03,38.75,38.025,38.5,38.25,9.0,45292.0,123585247.0
2013-10-04,40.0,38.05,39.5,38.5,13.0,79398.0,123585247.0
2013-10-07,39.5,38.7363,39.25,39.5,14.0,87779.0,123585247.0
2013-10-08,39.0,38.0,39.0,39.25,12.0,135402.0,123585247.0
2013-10-09,39.0,38.5,39.0,39.0,22.0,164440.0,123585247.0
2013-10-10,38.84,38.0,39.0,39.0,12.0,247979.0,123585247.0
2013-10-11,39.75,38.5,39.5,39.0,13.0,151065.0,123585247.0
2013-10-14,39.75,39.2,39.5,39.5,20.0,117792.0,123585247.0
2013-10-15,39.7,39.0,39.5,39.5,15.0,62493.0,123585247.0
2013-10-16,39.5,39.0,39.25,39.5,16.0,97966.0,123585247.0
2013-10-17,39.25,38.5023,39.25,39.25,22.0,1261320.0,123585247.0
2013-10-18,40.35,39.0,40.375,39.25,31.0,200768.0,123585247.0
2013-10-21,40.5,39.6138,40.5,40.375,31.0,152921.0,123585247.0
2013-10-22,40.85,40.0,40.5,40.5,15.0,103195.0,123585247.0
2013-10-23,41.8034,40.35,41.25,40.5,25.0,139025.0,123585247.0
2013-10-24,41.5,40.0,41.0,41.25,35.0,1420694.0,123585247.0
2013-10-25,41.0,39.5,40.125,41.0,23.0,376003.0,123585247.0
2013-10-28,40.25,39.75,40.25,40.125,27.0,108796.0,123585247.0
2013-10-29,40.08,39.5,40.125,40.25,16.0,87704.0,123585247.0
2013-10-30,39.95,39.525,39.75,40.125,26.0,105110.0,123585247.0
2013-10-31,39.825,39.5,39.75,39.75,17.0,50334.0,123585247.0
2013-11-01,39.74,39.5,39.75,39.75,9.0,62004.0,123585247.0
2013-11-04,40.0,39.55,39.875,39.75,25.0,814112.0,123585247.0
2013-11-05,40.2525,39.75,40.125,40.125,12.0,183535.0,123585247.0
2013-11-06,40.275,39.75,40.125,40.125,21.0,134198.0,123585247.0
2013-11-07,41.0,39.7575,40.5,40.125,16.0,291590.0,123585247.0
2013-11-08,41.0,40.15,40.5,40.5,12.0,45033.0,123585247.0
2013-11-11,41.0,40.5,40.75,40.5,27.0,142899.0,123585247.0
2013-11-12,40.92,40.0,40.5,40.75,16.0,168501.0,123585247.0
2013-11-13,40.625,40.0,40.5,40.5,13.0,52582.0,123585247.0
2013-11-14,40.4,39.5,40.5,40.5,17.0,124692.0,123585247.0
2013-11-15,40.5,39.5,40.375,40.5,19.0,151152.0,123585247.0
2013-11-18,40.5,39.5,40.125,40.375,22.0,2546147.0,123585247.0
2013-11-19,40.05,38.5,39.375,40.125,28.0,377309.0,123585247.0
2013-11-20,40.32,39.25,39.75,39.375,18.0,184906.0,123585247.0
2013-11-21,40.5,39.52,39.875,39.75,18.0,112009.0,123585247.0
2013-11-22,40.2165,39.5,39.875,39.875,21.0,96886.0,123585247.0
2013-11-25,40.2,39.3,39.5,39.875,25.0,170001.0,123585247.0
2013-11-26,40.0,39.35,39.5,39.5,12.0,72491.0,123585247.0
2013-11-27,42.0,39.65,41.375,39.5,25.0,235873.0,123585247.0
2013-11-28,45.0,41.35,43.25,41.5,74.0,568953.0,123585247.0
2013-11-29,43.5,42.42,43.25,43.25,30.0,240424.0,123585247.0
2013-12-02,43.75,42.5,43.25,43.25,22.0,274002.0,123585247.0
2013-12-03,44.0,42.0,42.75,43.25,15.0,241607.0,123585247.0
2013-12-04,43.78,42.5,43.0,43.0,18.0,288425.0,123585247.0
2013-12-05,43.78,42.6,43.0,43.0,10.0,411217.0,123585247.0
2013-12-06,44.0,42.66,43.25,43.0,12.0,66575.0,123585247.0
2013-12-09,43.9,42.5,43.0,43.25,14.0,131276.0,123591927.0
2013-12-10,43.25,42.75,43.0,43.0,8.0,35285.0,123591927.0
2013-12-11,42.9,42.75,43.0,43.0,17.0,126643.0,123591927.0
2013-12-12,42.9,42.88,43.25,43.0,13.0,81912.0,123591927.0
2013-12-13,42.9,42.0,42.75,43.25,14.0,139513.0,123591927.0
2013-12-16,42.89,42.0,42.75,42.75,15.0,98061.0,123591927.0
2013-12-17,43.5,42.0,43.25,42.75,11.0,116415.0,123591927.0
2013-12-18,42.7,42.075,42.75,43.25,14.0,113611.0,123591927.0
2013-12-19,43.45,42.1,43.25,42.75,19.0,253098.0,123591927.0
2013-12-20,43.75,42.5,43.25,43.25,20.0,191388.0,123591927.0
2013-12-23,43.45,42.5,43.25,43.25,22.0,116183.0,123591927.0
2013-12-24,43.2,42.5,43.25,43.0,6.0,13649.0,123591927.0
2013-12-27,43.45,42.5,43.0,43.25,14.0,61309.0,123591927.0
2013-12-30,43.4,42.125,43.0,43.0,18.0,141402.0,123591927.0
2013-12-31,43.4,42.5,43.0,43.0,9.0,34384.0,123591927.0
2014-01-02,43.4,42.5,43.0,43.0,10.0,14175.0,123591927.0
2014-01-03,43.35,42.55,43.0,43.0,10.0,37844.0,123591927.0
2014-01-06,43.4,42.61,42.75,43.0,15.0,187789.0,123591927.0
2014-01-07,44.0,42.6,43.0,42.75,20.0,318873.0,123591927.0
2014-01-08,43.84,42.7,43.25,43.0,20.0,63464.0,123591927.0
2014-01-09,43.84,42.71,43.25,43.25,14.0,100715.0,123591927.0
2014-01-10,43.75,42.38,43.0,43.25,18.0,120900.0,123591927.0
2014-01-13,48.5,43.25,46.5,43.5,122.0,2896343.0,123591927.0
2014-01-14,50.5,46.72,49.75,46.5,143.0,1084750.0,123591927.0
2014-01-15,52.063,48.6433,51.0,51.5,109.0,635912.0,123591927.0
2014-01-16,51.235,47.0,49.0,50.5,55.0,408177.0,123591927.0
2014-01-17,51.25,48.5,49.75,49.0,69.0,1402996.0,123591927.0
2014-01-20,50.625,48.0,48.75,50.25,83.0,462892.0,123591927.0
2014-01-21,49.15,46.5,48.0,48.75,49.0,298361.0,123591927.0
2014-01-22,47.8,47.0,48.0,48.0,30.0,171577.0,123591927.0
2014-01-23,48.28,46.55,48.0,48.0,38.0,296950.0,123591927.0
2014-01-24,47.25,44.2307,46.0,48.0,60.0,390902.0,123591927.0
2014-01-27,45.4,40.15,44.25,46.0,97.0,503716.0,123591927.0
2014-01-28,45.975,43.0,44.0,44.25,28.0,162659.0,123591927.0
2014-01-29,43.83,41.525,42.75,44.0,22.0,277516.0,123591927.0
2014-01-30,42.9,40.0,42.0,42.75,27.0,323797.0,123591927.0
2014-01-31,42.75,41.0,43.5,42.0,28.0,264123.0,123591927.0
2014-02-03,45.0,42.35,44.0,43.5,35.0,152862.0,124237279.0
2014-02-04,44.5,43.56,44.0,44.0,15.0,149278.0,124237279.0
2014-02-05,48.0,43.15,47.0,44.0,43.0,393641.0,124237279.0
2014-02-06,47.0,45.0,46.0,47.0,38.0,251011.0,124237279.0
2014-02-07,46.5,45.0,45.75,46.25,33.0,305619.0,124237279.0
2014-02-10,45.9,44.35,44.75,45.25,24.0,119776.0,124237279.0
2014-02-11,45.85,44.1,44.75,44.75,16.0,72404.0,124237279.0
2014-02-12,45.85,44.5,44.75,44.75,13.0,127779.0,124237279.0
2014-02-13,45.8,45.5,44.75,44.75,4.0,25715.0,124237279.0
2014-02-14,45.5,44.805,44.75,44.75,10.0,50583.0,124237279.0
2014-02-17,46.0,44.55,44.75,44.75,30.0,140712.0,124237279.0
2014-02-18,46.0,44.0,44.75,44.75,9.0,47906.0,124237279.0
2014-02-19,46.5,44.85,45.75,44.75,20.0,181065.0,124237279.0
2014-02-20,46.48,44.75,45.25,46.0,18.0,102428.0,124237279.0
2014-02-21,46.15,45.0,45.25,45.25,15.0,63359.0,124237279.0
2014-02-24,45.947,44.0,45.25,45.25,21.0,234535.0,124237279.0
2014-02-25,46.4,44.308,45.5,45.25,21.0,186743.0,124237279.0
2014-02-26,46.0,44.0,45.25,45.5,20.0,212435.0,124237279.0
2014-02-27,45.3,43.5,44.25,45.25,27.0,191598.0,124237279.0
2014-02-28,44.25,43.5,44.25,44.25,20.0,125142.0,124237279.0
2014-03-03,44.18,42.0,43.0,44.25,19.0,153020.0,124237279.0
2014-03-04,43.0,42.0,43.0,43.0,15.0,151473.0,124237279.0
2014-03-05,44.0,42.0,43.0,43.0,23.0,120500.0,124237279.0
2014-03-06,42.5,42.0,43.0,43.0,19.0,231590.0,124237279.0
2014-03-07,43.4,42.0,43.0,43.0,19.0,73613.0,124237279.0
2014-03-10,42.6,41.0,42.5,43.0,21.0,125044.0,124237279.0
2014-03-11,42.2,40.5,42.0,42.5,25.0,241004.0,124237279.0
2014-03-12,44.0,41.0,42.5,43.0,46.0,3767961.0,124237279.0
2014-03-13,42.15,41.0,42.0,42.5,30.0,242578.0,124237279.0
2014-03-14,41.88,41.0,42.0,42.0,18.0,103427.0,124237279.0
2014-03-17,41.8,39.375,41.0,42.0,28.0,239139.0,124237279.0
2014-03-18,40.76,36.15,40.25,41.0,96.0,1708047.0,124237279.0
2014-03-19,42.0,40.0,41.0,40.25,33.0,412057.0,124237279.0
2014-03-20,41.98,40.0,41.0,41.0,15.0,99449.0,124237279.0
2014-03-21,42.64,40.8,42.0,41.0,24.0,299078.0,124237279.0
2014-03-24,44.0,42.0,42.75,42.25,28.0,222700.0,124237279.0
2014-03-25,43.065,41.5,42.5,42.75,30.0,295339.0,124237279.0
2014-03-26,42.77,42.0,42.375,42.5,19.0,147612.0,124237279.0
2014-03-27,42.4,41.5,41.75,42.375,19.0,101996.0,124237279.0
2014-03-28,42.0,41.0,41.75,41.5,18.0,1651233.0,124237279.0
2014-03-31,41.85,40.5,41.125,41.75,21.0,272764.0,124237279.0
2014-04-01,41.5,39.5,40.75,41.125,27.0,708739.0,124237279.0
2014-04-02,40.5,39.0,40.0,40.0,24.0,161184.0,124237279.0
2014-04-03,40.85,38.15,40.75,40.0,32.0,625782.0,124237279.0
2014-04-04,42.0,39.5,40.25,40.75,12.0,92319.0,124237279.0
2014-04-07,40.4,39.0,40.25,40.25,32.0,279931.0,124237279.0
2014-04-08,39.92,39.0,40.25,40.25,11.0,78531.0,124237279.0
2014-04-09,40.0,39.0,40.0,40.25,22.0,348139.0,124237279.0
2014-04-10,39.95,38.85,40.0,40.0,21.0,122915.0,124237279.0
2014-04-11,39.9,39.0,40.0,40.0,12.0,92267.0,124237279.0
2014-04-14,40.5,39.01,40.25,40.0,16.0,171037.0,124237279.0
2014-04-15,41.0,39.77,40.25,40.25,18.0,2261608.0,124237279.0
2014-04-16,41.0,39.35,40.0,40.25,16.0,233168.0,124237279.0
2014-04-17,41.0,39.0,40.0,40.0,8.0,122531.0,124237279.0
2014-04-22,40.25,39.0,40.0,40.0,18.0,361559.0,124237279.0
2014-04-23,39.87,37.5,38.75,39.75,19.0,139170.0,124237279.0
2014-04-24,39.1,37.675,38.75,38.75,12.0,61304.0,124237279.0
2014-04-25,40.0,37.525,38.75,39.0,14.0,73123.0,124237279.0
2014-04-28,39.0,37.53,38.75,38.75,19.0,553102.0,124237279.0
2014-04-29,39.4875,38.95,39.5,38.75,8.0,70942.0,124237279.0
2014-04-30,40.75,38.5,40.0,39.5,16.0,385409.0,124237279.0
2014-05-01,40.75,40.0,40.0,40.5,19.0,183153.0,124237279.0
2014-05-02,40.2,39.2,40.0,40.0,7.0,49746.0,124237279.0
2014-05-05,40.0,40.0,40.0,40.0,0.0,0.0,124237279.0
2014-05-06,40.0,39.4,39.5,40.0,10.0,54455.0,124237279.0
2014-05-07,40.0,39.6,39.5,39.5,8.0,61519.0,124237279.0
2014-05-08,40.4,39.65,40.0,39.5,14.0,160807.0,124237279.0
2014-05-09,41.25,39.7,40.75,40.0,21.0,492374.0,124237279.0
2014-05-12,45.0,40.45,43.75,40.5,36.0,445501.0,124237279.0
2014-05-13,43.75,40.0,41.5,44.0,50.0,1601043.0,124237279.0
2014-05-14,41.5,40.24,41.0,41.5,30.0,335656.0,124237279.0
2014-05-15,41.0,40.08,40.25,41.0,45.0,776612.0,124237279.0
2014-05-16,40.4,40.0,40.125,40.25,33.0,328611.0,124237279.0
2014-05-19,40.05,38.0,38.75,40.125,31.0,984239.0,124237279.0
2014-05-20,38.65,38.025,38.25,38.75,27.0,360894.0,124237279.0
2014-05-21,38.88,38.25,38.625,38.25,20.0,113513.0,124237279.0
2014-05-22,39.9,38.6,40.0,38.625,13.0,92608.0,124237279.0
2014-05-23,42.0,40.0,41.5,40.125,30.0,200844.0,124237279.0
2014-05-26,41.5,41.5,41.5,41.5,0.0,0.0,124237279.0
2014-05-27,42.0,41.25,41.5,41.5,22.0,107570.0,124237279.0
2014-05-28,43.3769,41.6,42.25,41.5,8.0,38569.0,124237279.0
2014-05-29,43.0,41.55,42.25,42.25,11.0,63639.0,124237279.0
2014-05-30,42.75,41.15,42.0,42.25,16.0,118445.0,124237279.0
2014-06-02,42.65,41.35,42.0,42.0,18.0,70019.0,124237279.0
2014-06-03,43.000043,41.875,42.5,42.0,23.0,158121.0,124237279.0
2014-06-04,43.11,42.132,42.75,42.5,28.0,129849.0,124237279.0
2014-06-05,44.3342,43.0,43.75,42.75,18.0,113816.0,124237279.0
2014-06-06,44.500045,43.0,43.5,43.75,29.0,223800.0,124237279.0
2014-06-09,44.25,42.99721,43.75,43.5,25.0,117754.0,124237279.0
2014-06-10,44.25,43.165,43.75,43.75,12.0,93097.0,124237279.0
2014-06-11,44.5,43.345,43.75,43.75,19.0,65172.0,124237279.0
2014-06-12,44.48,43.345,43.75,43.75,12.0,93451.0,124237279.0
2014-06-13,44.48,43.35,43.75,43.75,11.0,35153.0,124237279.0
2014-06-16,44.5,43.1,43.75,43.75,15.0,82641.0,124237279.0
2014-06-17,44.1,43.0,43.5,43.75,9.0,158957.0,124237279.0
2014-06-18,43.7,42.125,43.0,43.5,12.0,63751.0,124237279.0
2014-06-19,42.875,42.0,42.75,43.0,11.0,38554.0,124237279.0
2014-06-20,42.875,42.0075,42.75,42.75,5.0,2772.0,124237279.0
2014-06-23,42.75,42.0,42.75,42.75,9.0,30025.0,124237279.0
2014-06-24,42.55,42.0,42.75,42.75,11.0,65351.0,124237279.0
2014-06-25,42.4,41.5,42.5,42.75,6.0,26044.0,124237279.0
2014-06-26,43.25,41.0,42.5,42.5,7.0,115593.0,124237279.0
2014-06-27,42.25,41.0525,41.625,42.5,14.0,51401.0,124237279.0
2014-06-30,41.75,41.075,41.25,41.625,12.0,38872.0,124237279.0
2014-07-01,41.79,41.0,41.5,41.25,17.0,211505.0,124237279.0
2014-07-02,41.7,41.0,42.0,42.0,13.0,28710.0,124237279.0
2014-07-03,41.5,41.0,42.0,42.0,8.0,36428.0,124237279.0
2014-07-04,41.28,41.0,42.0,42.0,16.0,75621.0,124237279.0
2014-07-07,42.21,42.0,42.5,42.5,16.0,85281.0,124237279.0
2014-07-08,42.1,42.0,42.0,42.5,18.0,49509.0,124237279.0
2014-07-09,41.5,41.05,42.0,42.0,9.0,191063.0,124237279.0
2014-07-10,41.5,41.0,42.0,42.0,12.0,83686.0,124237279.0
2014-07-11,41.3,41.0,41.5,42.0,11.0,72326.0,124237279.0
2014-07-14,41.0,40.0,40.5,41.5,7.0,44991.0,124237279.0
2014-07-15,40.25,39.0,39.75,40.5,17.0,74247.0,124237279.0
2014-07-16,39.95,38.0,39.5,39.75,14.0,149011.0,124237279.0
2014-07-17,39.45,36.50015,38.25,38.75,82.0,2301426.0,124237279.0
2014-07-18,38.15,37.0,37.5,38.25,24.0,440354.0,124237279.0
2014-07-21,37.75,36.5,37.5,37.5,28.0,356570.0,146459501.0
2014-07-22,38.5,36.0,36.5,37.5,36.0,348561.0,146459501.0
2014-07-23,37.0,36.0,36.25,36.75,30.0,292699.0,146459501.0
2014-07-24,36.15,35.52,35.875,36.25,35.0,282659.0,146459501.0
2014-07-25,36.3,36.0,36.25,35.875,24.0,315687.0,146459501.0
2014-07-28,36.075,35.86,36.0,36.25,18.0,110928.0,146459501.0
2014-07-29,36.225,35.87,36.125,36.0,22.0,90678.0,146459501.0
2014-07-30,36.25,35.75,36.125,36.125,11.0,205834.0,146459501.0
2014-07-31,36.2,35.75,36.0,36.125,17.0,188090.0,146459501.0
2014-08-01,38.0,36.0,37.5,36.0,178.0,1569880.0,146459501.0
2014-08-04,39.5,37.25,38.0,37.5,87.0,786591.0,146459501.0
2014-08-05,38.75,37.5,38.0,38.0,66.0,858765.0,146459501.0
2014-08-06,38.12,37.05,37.75,38.0,40.0,309526.0,146459501.0
2014-08-07,38.1,37.1,37.75,37.75,31.0,230035.0,146459501.0
2014-08-08,38.05,37.165,37.75,37.75,43.0,369338.0,146459501.0
2014-08-11,37.92,37.0,37.75,37.75,39.0,448339.0,146459501.0
2014-08-12,38.25,37.075,37.75,37.75,22.0,223099.0,146459501.0
2014-08-13,38.5,37.28,38.0,37.75,28.0,305277.0,146459501.0
2014-08-14,38.5,37.35,37.5,38.0,24.0,174452.0,146459501.0
2014-08-15,37.875,37.35,37.625,37.5,27.0,202430.0,146459501.0
2014-08-18,37.675,37.2575,37.375,37.625,16.0,69237.0,146459501.0
2014-08-19,37.75,37.25,37.375,37.375,19.0,146052.0,146459501.0
2014-08-20,37.5,37.125,37.375,37.375,17.0,72344.0,146459501.0
2014-08-21,37.5,37.125,37.375,37.375,13.0,232774.0,146459501.0
2014-08-22,37.45,37.125,37.375,37.375,15.0,138750.0,146459501.0
2014-08-25,37.375,37.375,37.375,37.375,0.0,0.0,146459501.0
2014-08-26,37.45,37.03,37.375,37.375,31.0,327567.0,146459501.0
2014-08-27,37.3625,37.0,37.375,37.375,9.0,38281.0,146459501.0
2014-08-28,37.375,36.5,37.0,37.375,17.0,542150.0,146459501.0
2014-08-29,37.05,36.13,36.75,37.0,20.0,124448.0,146459501.0
2014-09-01,37.0,36.3,36.75,36.75,14.0,101872.0,146459501.0
2014-09-02,37.0,36.325,36.75,36.75,11.0,65347.0,146459501.0
2014-09-03,37.975,36.3938,37.625,36.75,44.0,443715.0,146459501.0
2014-09-04,38.7,37.75,38.0,38.25,27.0,168656.0,146459501.0
2014-09-05,39.3588,38.15,38.75,38.0,17.0,168760.0,146459501.0
2014-09-08,40.0,39.05,39.25,38.75,36.0,413958.0,146459501.0
2014-09-09,39.51,38.5,39.25,39.25,17.0,153918.0,146459501.0
2014-09-10,39.41,38.0,38.5,39.5,22.0,172757.0,146459501.0
2014-09-11,39.41,38.775,39.0,38.25,30.0,294590.0,146459501.0
2014-09-12,40.0,38.925,39.25,39.5,27.0,380584.0,146459501.0
2014-09-15,39.475,39.0,39.25,39.25,22.0,280774.0,146459501.0
2014-09-16,39.41,38.9,39.0,39.25,23.0,108398.0,146459501.0
2014-09-17,39.5,38.95,39.0,39.0,14.0,233441.0,146459501.0
2014-09-18,39.5,39.0,39.375,39.0,19.0,82036.0,146459501.0
2014-09-19,39.41,37.9,39.5,39.375,24.0,318609.0,146459501.0
2014-09-22,40.0,38.55,39.5,39.5,15.0,88351.0,146459501.0
2014-09-23,40.3,38.55,39.5,39.5,17.0,245724.0,146459501.0
2014-09-24,40.35,38.5,39.25,40.5,29.0,203850.0,146459501.0
2014-09-25,40.0,38.0,38.5,39.25,24.0,118082.0,146459501.0
2014-09-26,38.5,38.0,38.5,38.5,11.0,63606.0,146459501.0
2014-09-29,38.62,38.25,38.5,38.5,6.0,35421.0,146459501.0
2014-09-30,38.6,38.0,38.25,38.5,14.0,81527.0,146459501.0
2014-10-01,38.5,37.875,38.125,38.25,10.0,36918.0,146459501.0
2014-10-02,38.5,38.5,38.125,38.125,7.0,33776.0,146459501.0
2014-10-03,38.5,37.35,37.875,38.125,20.0,203223.0,146459501.0
2014-10-06,38.0,37.055,37.25,37.875,21.0,107989.0,146459501.0
2014-10-07,37.1725,35.4,36.625,37.25,32.0,465250.0,146459501.0
2014-10-08,37.0,36.15,36.75,36.5,12.0,292248.0,146459501.0
2014-10-09,36.72,36.0,36.5,36.75,9.0,31212.0,146459501.0
2014-10-10,36.4,34.5,35.75,36.5,19.0,108321.0,146459501.0
2014-10-13,35.7,32.0,34.0,35.75,62.0,461638.0,147566501.0
2014-10-14,33.8,32.5,33.0,34.0,29.0,490468.0,147566501.0
2014-10-15,33.0,32.114,32.375,33.0,26.0,292036.0,147566501.0
2014-10-16,32.375,31.2,31.75,32.25,28.0,338894.0,147566501.0
2014-10-17,31.95,31.5375,31.875,31.75,25.0,131732.0,147566501.0
2014-10-20,32.4,31.55,32.375,31.875,20.0,179462.0,147566501.0
2014-10-21,32.2,31.8125,32.5,32.375,12.0,52541.0,147566501.0
2014-10-22,32.375,32.05,32.5,32.5,10.0,43124.0,147566501.0
2014-10-23,32.75,32.0,32.5,32.5,15.0,200145.0,147566501.0
2014-10-24,32.45,32.0,32.5,32.5,13.0,183332.0,147566501.0
2014-10-27,32.4,32.0,32.5,32.5,16.0,703355.0,147566501.0
2014-10-28,33.0,32.05,32.625,32.5,26.0,656352.0,147566501.0
2014-10-29,33.5,32.625,33.5,33.0,27.0,732108.0,147566501.0
2014-10-30,33.6,33.0,33.5,33.375,12.0,764030.0,147566501.0
2014-10-31,35.35,33.22,34.5,33.5,18.0,305114.0,147566501.0
2014-11-03,36.0,34.22,35.0,35.0,20.0,89030.0,147566501.0
2014-11-04,35.79,34.375,35.0,35.0,9.0,50368.0,147566501.0
2014-11-05,36.5,35.7,35.75,35.0,6.0,76869.0,147566501.0
2014-11-06,38.5,35.75,37.0,35.75,21.0,216389.0,147576554.0
2014-11-07,38.0,36.75,37.0,37.0,16.0,117527.0,147576554.0
2014-11-10,38.0,37.25,37.0,37.0,15.0,110300.0,147576554.0
2014-11-11,37.75,37.15,37.0,37.0,7.0,79862.0,147576554.0
2014-11-12,37.875,36.55,36.75,37.0,17.0,160733.0,147576554.0
2014-11-13,37.1,36.0,36.75,36.75,15.0,140895.0,147576554.0
2014-11-14,37.08,36.1,36.75,36.75,14.0,122978.0,147576554.0
2014-11-17,36.5,35.2866,36.25,36.75,17.0,157028.0,147576554.0
2014-11-18,36.1,35.0,36.0,36.25,19.0,193503.0,147576554.0
2014-11-19,36.0,35.0,35.5,36.0,13.0,38543.0,147576554.0
2014-11-20,35.5,34.5,35.5,35.5,6.0,46312.0,147576554.0
2014-11-21,35.7,35.0,35.5,35.5,6.0,94118.0,147576554.0
2014-11-24,35.68,34.23,35.0,35.5,12.0,64190.0,147576554.0
2014-11-25,34.75,34.0,34.5,34.75,15.0,155225.0,147576554.0
2014-11-26,34.38,34.25,34.5,34.5,7.0,49404.0,147576554.0
2014-11-27,34.35,34.0,34.25,34.5,11.0,139325.0,147576554.0
2014-11-28,34.25,34.0,34.25,34.25,14.0,108509.0,147576554.0
2014-12-01,34.2,32.0,33.0,34.25,7.0,56130.0,147576554.0
2014-12-02,34.0,32.0,33.0,33.0,13.0,117566.0,147576554.0
2014-12-03,32.75,32.5,33.25,33.0,8.0,104196.0,147576554.0
2014-12-04,33.9662,32.0,33.25,33.25,14.0,158561.0,147576554.0
2014-12-05,33.25,32.5,33.25,33.25,11.0,153484.0,147576554.0
2014-12-08,33.23,32.0,33.0,33.0,13.0,82377.0,147619906.0
2014-12-09,33.0,32.0,33.0,33.0,14.0,111267.0,147619906.0
2014-12-10,32.75,32.0,33.0,33.0,10.0,99093.0,147619906.0
2014-12-11,33.0,31.5,32.25,33.0,13.0,102768.0,147619906.0
2014-12-12,31.5,28.0,30.75,32.25,56.0,500090.0,147619906.0
2014-12-15,31.57,30.1,31.0,30.75,13.0,32306.0,147619906.0
2014-12-16,30.5,29.25,30.0,31.0,10.0,100890.0,147619906.0
2014-12-17,30.7,29.0,30.5,30.0,20.0,178838.0,147619906.0
2014-12-18,30.7,30.0,30.5,30.5,9.0,49107.0,147619906.0
2014-12-19,32.875,31.392,32.0,31.0,44.0,808422.0,147619906.0
2014-12-22,32.2,31.15,31.75,32.0,14.0,68026.0,147619906.0
2014-12-23,32.57,31.1,32.0,31.75,12.0,115074.0,147619906.0
2014-12-24,32.5,31.375,32.0,32.0,6.0,60211.0,147619906.0
2014-12-29,31.375,31.125,32.0,32.0,4.0,31691.0,147619906.0
2014-12-30,32.25,32.2,32.0,32.0,2.0,1673.0,147619906.0
2014-12-31,31.695,31.0,31.75,32.0,7.0,125014.0,147619906.0
2015-01-02,32.5,31.1823,31.75,31.75,11.0,90140.0,147619906.0
2015-01-05,33.0,31.5,32.5,31.75,27.0,285935.0,147619906.0
2015-01-06,32.4,29.5,30.5,32.5,43.0,1061944.0,147619906.0
2015-01-07,30.25,29.5,30.25,30.5,14.0,174116.0,147619906.0
2015-01-08,32.4,29.7025,30.25,30.25,13.0,173624.0,147619906.0
2015-01-09,30.235,29.775,30.25,30.25,17.0,190740.0,147664703.0
2015-01-12,30.5,29.875,30.25,30.25,10.0,108700.0,147664703.0
2015-01-13,30.75,29.5,30.25,30.25,16.0,155622.0,148200236.0
2015-01-14,30.5,29.5,30.25,30.25,11.0,50156.0,148200236.0
2015-01-15,30.25,28.5,29.0,30.25,23.0,556793.0,148200236.0
2015-01-16,29.15,28.5,29.0,29.0,16.0,325390.0,148200236.0
2015-01-19,29.0,27.0,27.5,29.0,33.0,376136.0,148200236.0
2015-01-20,27.165,25.275,25.375,27.5,78.0,1143698.0,148200236.0
2015-01-21,24.125,23.05,24.125,23.625,126.0,3896298.0,148200236.0
2015-01-22,23.65,22.0,22.5,24.125,63.0,1005209.0,148200236.0
2015-01-23,22.625,21.35,22.625,22.5,124.0,2579907.0,148200236.0
2015-01-26,22.625,21.5,22.625,22.625,18.0,480228.0,148200236.0
2015-01-27,22.75,21.75,22.625,22.625,32.0,561913.0,148200236.0
2015-01-28,22.05,21.75,22.125,22.625,23.0,446450.0,148200236.0
2015-01-29,22.5,21.75,22.125,22.125,29.0,170489.0,148200236.0
2015-01-30,22.25,21.5,22.0,22.125,19.0,173184.0,148200236.0
2015-02-02,22.5,21.55,22.0,22.0,29.0,443109.0,148200236.0
2015-02-03,21.85,21.5,22.0,22.0,21.0,202110.0,148200236.0
2015-02-04,22.1,21.525,22.0,22.0,21.0,189006.0,148200236.0
2015-02-05,22.17,21.65,22.125,22.0,8.0,50719.0,148200236.0
2015-02-06,21.95,21.5,21.875,22.125,26.0,345343.0,148200236.0
2015-02-09,22.15,21.6,21.875,21.875,11.0,189566.0,148200236.0
2015-02-10,23.0,21.9,22.75,21.875,27.0,1038870.0,148200236.0
2015-02-11,23.2,22.05,23.25,22.75,21.0,266023.0,148200236.0
2015-02-12,24.1,22.65,24.125,23.25,29.0,866272.0,148200236.0
2015-02-13,24.08,23.3,23.875,24.125,25.0,300544.0,148200236.0
2015-02-16,24.0,23.38,24.0,23.875,14.0,164260.0,148200236.0
2015-02-17,24.0,23.7,24.0,24.0,20.0,231124.0,148200236.0
2015-02-18,24.65,23.75,24.5,24.0,20.0,441084.0,148200236.0
2015-02-19,25.505,23.0,24.25,25.25,21.0,299896.0,148200236.0
2015-02-20,24.42,22.5,23.25,24.25,27.0,509007.0,148200236.0
2015-02-23,23.17,22.55,23.25,23.25,27.0,296853.0,148200236.0
2015-02-24,22.95,22.58,23.25,23.25,16.0,179103.0,148200236.0
2015-02-25,22.9,22.15,23.0,23.25,16.0,81056.0,148200236.0
2015-02-26,22.75,22.1,22.5,23.0,16.0,148463.0,148200236.0
2015-02-27,22.65,22.0,22.5,22.5,10.0,60070.0,148200236.0
2015-03-02,22.6,22.0,22.5,22.5,7.0,52491.0,148200236.0
2015-03-03,22.58,21.325,21.5,22.5,15.0,140100.0,148200236.0
2015-03-04,21.625,21.1,21.25,21.5,20.0,883349.0,148200236.0
2015-03-05,21.5,20.52,20.75,21.25,33.0,639052.0,148200236.0
2015-03-06,21.29,20.0,21.0,20.75,34.0,5385866.0,148200236.0
2015-03-09,21.23,20.5,21.0,21.0,29.0,551575.0,148200236.0
2015-03-10,21.0,20.5,21.0,21.0,26.0,492193.0,148200236.0
2015-03-11,22.4,20.5,21.0,21.25,48.0,1403145.0,148200236.0
2015-03-12,20.9,19.6,20.25,21.0,38.0,1459285.0,148200236.0
2015-03-13,21.95,20.5,21.5,20.25,50.0,954934.0,148200236.0
2015-03-16,21.45,21.0,21.5,21.5,25.0,286306.0,148200236.0
2015-03-17,21.55,20.33,20.75,21.5,24.0,374670.0,148200236.0
2015-03-18,20.88,20.1,20.625,20.75,36.0,519551.0,148200236.0
2015-03-19,20.85,20.25,20.375,20.625,30.0,555841.0,148200236.0
2015-03-20,20.5,20.325,20.625,20.375,27.0,358689.0,148200236.0
2015-03-23,21.0,20.25,20.375,20.625,23.0,307380.0,148200236.0
2015-03-24,20.7,20.025,20.625,20.375,29.0,332753.0,148200236.0
2015-03-25,20.695,20.25,20.375,20.625,30.0,680958.0,148200236.0
2015-03-26,20.35,20.0,20.25,20.375,21.0,759510.0,148200236.0
2015-03-27,20.875,20.25,20.625,20.375,31.0,802272.0,148200236.0
2015-03-30,20.7,20.05,20.25,20.625,25.0,282419.0,148200236.0
2015-03-31,20.3,20.06,20.25,20.25,11.0,71901.0,148200236.0
2015-04-01,20.264,19.52,19.75,20.25,25.0,1122011.0,148200236.0
2015-04-02,19.85,19.5,19.75,19.75,25.0,565068.0,148200236.0
2015-04-06,19.75,19.75,19.75,19.75,0.0,0.0,148200236.0
2015-04-07,20.2499,19.63,20.125,19.75,27.0,374881.0,148200236.0
2015-04-08,21.0,20.1,20.625,20.125,26.0,341050.0,148200236.0
2015-04-09,21.3667,20.3401,21.0,20.625,25.0,368556.0,148200236.0
2015-04-10,21.5,20.5,21.0,21.0,26.0,474606.0,148200236.0
2015-04-13,21.0,20.65,21.0,21.0,18.0,247580.0,148200236.0
2015-04-14,20.825,20.5,20.75,21.0,15.0,212453.0,148200236.0
2015-04-15,20.755,20.1,20.25,20.75,28.0,457388.0,148200236.0
2015-04-16,20.3749,20.2,20.25,20.25,28.0,366689.0,148200236.0
2015-04-17,20.222,20.12,20.25,20.25,14.0,337501.0,148200236.0
2015-04-20,20.1,19.75,20.0,20.25,21.0,383887.0,148200236.0
2015-04-21,20.3,19.825,20.25,20.0,10.0,447971.0,148200236.0
2015-04-22,20.875,20.275,20.875,20.25,19.0,368550.0,154611968.0
2015-04-23,20.57,20.27,20.875,20.875,19.0,204552.0,154611968.0
2015-04-24,20.38,19.875,20.25,20.875,18.0,569718.0,154611968.0
2015-04-27,20.2,20.02,20.25,20.25,20.0,171038.0,154611968.0
2015-04-28,20.175,20.0,20.0,20.25,16.0,174390.0,154611968.0
2015-04-29,20.25,19.83,20.125,20.0,13.0,5554572.0,154611968.0
2015-04-30,24.15,20.4,23.25,20.5,117.0,1977265.0,154611968.0
2015-05-01,23.3,22.5,22.75,23.25,37.0,543537.0,162098696.0
2015-05-04,22.75,22.75,22.75,22.75,0.0,0.0,162098696.0
2015-05-05,22.65,21.75,22.25,22.75,27.0,408667.0,162098696.0
2015-05-06,23.0,21.8,22.5,22.25,24.0,261397.0,162098696.0
2015-05-07,24.0,22.0,23.5,22.5,22.0,128032.0,162098696.0
2015-05-08,25.5,23.5,24.5,23.5,26.0,333689.0,162098696.0
2015-05-11,25.95,24.375,24.875,24.5,41.0,483035.0,162098696.0
2015-05-12,25.8,24.6201,25.0,24.875,31.0,465734.0,162098696.0
2015-05-13,25.4,24.7,25.0,25.0,21.0,320412.0,162098696.0
2015-05-14,25.85,25.0,25.5,25.0,19.0,256468.0,162098696.0
2015-05-15,25.75,25.0,25.5,25.5,19.0,289176.0,162098696.0
2015-05-18,25.85,25.1201,25.25,25.5,20.0,386492.0,162098696.0
2015-05-19,25.45,24.6725,25.0,25.25,18.0,614320.0,162098696.0
2015-05-20,25.175,24.3438,24.5,25.0,15.0,97192.0,162098696.0
2015-05-21,23.5,20.0,23.0,22.0,80.0,798446.0,162098696.0
2015-05-22,23.5,22.52,22.75,23.0,15.0,109627.0,162098696.0
2015-05-25,22.75,22.75,22.75,22.75,0.0,0.0,162098696.0
2015-05-26,24.0,22.72,22.75,22.75,19.0,118556.0,162098696.0
2015-05-27,23.95,23.1,23.5,22.75,11.0,98002.0,162098696.0
2015-05-28,23.5,23.05,23.0,23.25,14.0,130708.0,162098696.0
2015-05-29,23.5,22.77,23.0,23.0,12.0,108173.0,162098696.0
2015-06-01,23.5,22.65,22.5,23.0,12.0,107052.0,162098696.0
2015-06-02,22.94,22.3073,22.5,22.5,5.0,93949.0,162098696.0
2015-06-03,22.82999,22.3,22.5,22.5,10.0,259003.0,162098696.0
2015-06-04,22.46,22.46,22.5,22.5,3.0,8038.0,162098696.0
2015-06-05,23.0,22.5,22.5,22.5,15.0,167597.0,162176730.0
2015-06-08,22.9,22.15,22.5,22.5,15.0,393576.0,162176730.0
2015-06-09,22.8749,22.1201,22.5,22.5,12.0,81482.0,162176730.0
2015-06-10,22.8,22.375,22.5,22.5,5.0,121322.0,162176730.0
2015-06-11,23.0,22.3,22.5,22.5,10.0,188750.0,162178810.0
2015-06-12,23.9999,22.4,23.75,22.5,16.0,161787.0,162178810.0
2015-06-15,24.0,23.05,23.5,23.75,13.0,94514.0,162178810.0
2015-06-16,23.8,23.3,23.5,23.5,13.0,136291.0,162178810.0
2015-06-17,23.75,23.35,23.5,23.5,10.0,98395.0,162178810.0
2015-06-18,23.9,22.5049,23.0,23.5,15.0,244661.0,162178810.0
2015-06-19,22.6,22.0,23.0,23.0,7.0,132450.0,162178810.0
2015-06-22,23.4999,22.35,23.0,23.0,10.0,32547.0,162178810.0
2015-06-23,23.8,22.6,23.5,23.0,15.0,142092.0,162178810.0
2015-06-24,24.0,23.5,23.5,23.5,9.0,72968.0,162178810.0
2015-06-25,24.0,23.625,23.5,23.5,3.0,25092.0,162199619.0
2015-06-26,23.7,23.0,23.25,23.5,8.0,220621.0,162199619.0
2015-06-29,23.3,22.54,22.75,23.25,15.0,109653.0,162199619.0
2015-06-30,22.85,22.5,22.75,22.75,8.0,87952.0,162199619.0
2015-07-01,23.4,22.5,22.75,23.25,12.0,294394.0,162199619.0
2015-07-02,22.85,22.5,22.75,22.75,10.0,126522.0,162216266.0
2015-07-03,22.799,22.6,22.75,22.75,10.0,114869.0,162216266.0
2015-07-06,22.87,22.615,22.75,22.75,19.0,340341.0,162216266.0
2015-07-07,22.85,22.75,22.875,22.875,14.0,1029847.0,162216266.0
2015-07-08,22.7,22.5,22.625,22.75,8.0,110794.0,162216266.0
2015-07-09,22.55,22.05,22.375,22.625,11.0,103724.0,162216266.0
2015-07-10,22.45,22.15,22.375,22.375,9.0,40857.0,162216266.0
2015-07-13,22.4,22.225,22.375,22.375,3.0,13129.0,162216266.0
2015-07-14,22.4,22.0626,22.25,22.25,12.0,47907.0,162283546.0
2015-07-15,24.75,22.125,24.5,22.25,31.0,362813.0,162283546.0
2015-07-16,26.3799,24.8374,25.75,24.75,44.0,504679.0,162283546.0
2015-07-17,25.8,24.4,24.5,25.75,17.0,246588.0,162283546.0
2015-07-20,24.875,24.0,24.75,24.75,9.0,150196.0,162283546.0
2015-07-21,24.49,23.0001,23.5,24.75,17.0,162313.0,162283546.0
2015-07-22,23.575,22.725,23.25,23.5,23.0,234706.0,162283546.0
2015-07-23,24.0,23.05,23.5,23.5,11.0,129009.0,162283546.0
2015-07-24,23.975,23.00001,23.25,23.5,21.0,272736.0,162283546.0
2015-07-27,23.75,22.825,23.625,23.25,7.0,19057.0,162283546.0
2015-07-28,24.2,22.3,23.0,23.625,14.0,176694.0,162283546.0
2015-07-29,23.475,22.3001,23.0,23.0,14.0,115492.0,162283546.0
2015-07-30,23.2,22.1,23.0,23.0,4.0,26840.0,162283546.0
2015-07-31,23.2399,22.3,23.0,23.0,7.0,59722.0,162283546.0
2015-08-03,23.5,22.42001,23.0,23.0,10.0,89278.0,162283546.0
2015-08-04,22.7,22.15,23.0,23.0,12.0,130816.0,162283546.0
2015-08-05,23.375,22.15,23.0,23.0,12.0,110132.0,162335569.0
2015-08-06,23.4,22.55,23.0,23.0,6.0,43600.0,162335569.0
2015-08-07,23.25,22.15,23.0,23.0,8.0,98700.0,162335569.0
2015-08-10,23.9,23.25,23.75,23.0,17.0,220852.0,162335569.0
2015-08-11,23.85,23.5,23.75,23.75,9.0,121331.0,162335569.0
2015-08-12,23.9,23.525,23.75,23.75,6.0,57565.0,162335569.0
2015-08-13,24.9899,24.3,24.5,24.25,10.0,104474.0,162335569.0
2015-08-14,24.7499,24.0001,24.125,24.5,14.0,179100.0,162335569.0
2015-08-17,24.6874,24.0025,24.125,24.125,7.0,28005.0,162335569.0
2015-08-18,24.25,24.01,24.125,24.125,2.0,25000.0,162335569.0
2015-08-19,23.9999,23.6,23.75,24.125,6.0,160360.0,162335569.0
2015-08-20,23.9,23.0,23.25,23.75,9.0,88662.0,162335569.0
2015-08-21,23.0601,22.1,22.75,23.25,17.0,248745.0,162335569.0
2015-08-24,22.125,20.2,21.5,22.5,37.0,356649.0,162335569.0
2015-08-25,22.7,21.25001,22.75,21.5,19.0,202882.0,162335569.0
2015-08-26,22.4,22.0,22.5,22.75,5.0,35262.0,162335569.0
2015-08-27,22.65,21.675,22.0,22.5,11.0,282278.0,162335569.0
2015-08-28,22.0,21.775,22.0,22.0,5.0,63378.0,162335569.0
2015-08-31,22.0,22.0,22.0,22.0,0.0,0.0,162335569.0
2015-09-01,22.5,21.9,22.0,22.0,4.0,47700.0,162335569.0
2015-09-02,22.5,21.65,22.0,22.0,6.0,25064.0,162335569.0
2015-09-03,22.5,21.7,22.0,22.0,6.0,82326.0,162335569.0
2015-09-04,22.45,21.8,22.0,22.0,11.0,106181.0,162335569.0
2015-09-07,22.5,21.85,22.0,22.0,13.0,156089.0,162335569.0
2015-09-08,23.0,21.9,22.75,22.25,19.0,227302.0,162335569.0
2015-09-09,25.3,22.1,25.25,23.75,61.0,1250996.0,162335569.0
2015-09-10,25.0,24.16,25.0,25.0,27.0,310509.0,162335569.0
2015-09-11,25.5,24.8,25.0,25.0,14.0,123926.0,162335569.0
2015-09-14,25.2,24.675,25.0,25.0,10.0,74841.0,162335569.0
2015-09-15,25.2,24.75,25.0,25.0,6.0,50341.0,162335569.0
2015-09-16,36.0,33.7,35.25,33.5,262.0,12101456.0,162335569.0
2015-09-17,35.5,35.2,35.375,35.25,69.0,1045366.0,162335569.0
2015-09-18,35.76,35.31,35.5,35.375,50.0,935516.0,162335569.0
2015-09-21,35.675,35.25,35.625,35.5,50.0,1222038.0,162335569.0
2015-09-22,35.85,35.25,35.625,35.625,37.0,821387.0,162335569.0
2015-09-23,35.7,35.325,35.5,35.625,43.0,1310417.0,162335569.0
2015-09-24,35.7,35.25,35.5,35.5,24.0,350967.0,162335569.0
2015-09-25,35.75,35.52,35.5,35.5,22.0,383726.0,162335569.0
2015-09-28,35.75,35.51,35.5,35.5,24.0,601212.0,162335569.0
2015-09-29,35.7,35.25,35.5,35.5,26.0,687972.0,162335569.0
2015-09-30,35.75,35.54,35.5,35.5,21.0,598397.0,162335569.0
2015-10-01,35.9,35.625,35.625,35.5,7.0,202646.0,162335569.0
2015-10-02,36.0,35.62,35.625,35.625,11.0,137787.0,162335569.0
2015-10-05,36.0,35.25,35.5,35.625,8.0,117444.0,162335569.0
2015-10-06,35.625,35.5,35.5,35.5,22.0,17078589.0,162335569.0
2015-10-07,35.7,35.4,35.625,35.5,12.0,441958.0,162335569.0
2015-10-08,35.7,35.56,35.625,35.625,7.0,54332.0,162335569.0
2015-10-09,35.7,35.56,35.625,35.625,19.0,301390.0,162335569.0
2015-10-12,35.7,35.56,35.625,35.625,9.0,52073.0,162335569.0
2015-10-13,35.9,35.6,35.75,35.75,8.0,24615.0,162335569.0
2015-10-14,35.75,35.65,35.75,35.75,7.0,49502.0,162335569.0
2015-10-15,35.75,35.75,35.75,35.75,11.0,40417.0,162335569.0
2015-10-16,35.8,35.75,35.75,35.75,13.0,271054.0,162335569.0
2015-10-19,35.765,35.75,35.75,35.75,8.0,394089.0,162335569.0
2015-10-20,35.761,35.75,35.75,35.75,9.0,139626.0,162335569.0
2015-10-21,35.95,35.755,35.75,35.75,6.0,81612.0,162335569.0
2015-10-22,35.95,35.8,35.75,35.75,18.0,574485.0,162335569.0
2015-10-23,35.875,35.801,35.75,35.75,12.0,174033.0,169357749.0
2015-10-26,36.0,35.801,35.75,35.75,13.0,58523.0,169357749.0
2015-10-27,35.801,35.801,35.75,35.75,3.0,9122.0,169357749.0
2015-10-28,35.801,35.801,35.75,35.75,7.0,12055.0,169357749.0
