Date,HIGH,LOW,CLOSE,OPEN,COUNT,VOLUME,SHROUT
2000-09-29,54.58284,9.09714,25.926849,54.58284,0.0,331902.0,
2000-10-02,26.7455916,18.19428,21.378279,26.7455916,0.0,109647.0,
2000-10-03,23.652564,18.19428,22.74285,22.74285,0.0,91932.0,
2000-10-04,27.29142,18.19428,24.107421,24.107421,0.0,57125.0,
2000-10-05,26.4726774,20.923422,22.287993,26.381706,0.0,36470.0,
2000-10-06,25.471992,18.19428,21.378279,25.471992,0.0,13000.0,
2000-10-09,18.9220512,18.19428,21.378279,18.19428,0.0,3767.0,
2000-10-10,21.378279,21.378279,21.378279,21.378279,0.0,15000.0,
2000-10-11,21.378279,21.378279,21.378279,21.378279,0.0,0.0,
2000-10-12,18.19428,18.19428,21.378279,18.19428,0.0,3972.0,
2000-10-13,18.7401084,16.374852,19.558851,18.7401084,0.0,12000.0,
2000-10-16,17.1026232,17.1026232,19.558851,17.1026232,0.0,2000.0,
2000-10-17,20.923422,20.923422,19.558851,20.923422,0.0,1956.0,
2000-10-18,19.558851,19.558851,19.558851,19.558851,0.0,0.0,
2000-10-19,19.558851,19.558851,19.558851,19.558851,0.0,0.0,
2000-10-20,22.1970216,22.1970216,20.468565,22.1970216,0.0,6000.0,
2000-10-23,21.833136,18.19428,20.468565,18.19428,0.0,10000.0,
2000-10-24,22.287993,22.287993,20.468565,22.287993,0.0,4000.0,
2000-10-25,19.558851,19.558851,19.558851,19.558851,0.0,1.0,
2000-10-26,21.833136,16.374852,19.558851,21.833136,0.0,7000.0,
2000-10-27,19.558851,19.558851,19.558851,19.558851,0.0,0.0,
2000-10-30,20.923422,20.923422,19.558851,20.923422,0.0,2173.0,
2000-10-31,19.558851,19.558851,19.558851,19.558851,0.0,0.0,
2000-11-01,19.558851,19.558851,19.558851,19.558851,0.0,0.0,
2000-11-02,20.923422,16.374852,19.558851,16.374852,0.0,8307.0,
2000-11-03,19.558851,19.558851,19.558851,19.558851,0.0,0.0,
2000-11-06,16.374852,16.374852,19.558851,16.374852,0.0,14000.0,
2000-11-07,16.374852,16.374852,19.558851,16.374852,0.0,5000.0,
2000-11-08,19.103994,19.103994,19.103994,19.103994,0.0,1.0,
2000-11-09,17.0116518,17.0116518,19.103994,17.0116518,0.0,4705.0,
2000-11-10,15.465138,15.465138,16.829709,15.465138,0.0,15085.0,
2000-11-13,15.7380522,15.465138,16.829709,15.465138,0.0,4000.0,
2000-11-14,13.64571,13.64571,15.919995,13.64571,0.0,3000.0,
2000-11-15,13.64571,13.64571,15.919995,13.64571,0.0,10662.0,
2000-11-16,14.1915384,13.64571,15.010281,14.1915384,0.0,13000.0,
2000-11-17,14.555424,12.735996,14.555424,14.555424,0.0,45000.0,
2000-11-20,12.735996,12.735996,14.100567,12.735996,0.0,15000.0,
2000-11-21,15.465138,15.465138,14.100567,15.465138,0.0,50000.0,
2000-11-22,11.826282,11.826282,14.100567,11.826282,0.0,2000.0,
2000-11-23,11.826282,11.826282,13.64571,11.826282,0.0,5000.0,
2000-11-24,11.826282,11.826282,13.64571,11.826282,0.0,4000.0,
2000-11-27,13.64571,13.64571,13.64571,13.64571,0.0,0.0,
2000-11-28,13.64571,13.64571,13.64571,13.64571,0.0,0.0,
2000-11-29,12.281139,12.281139,12.281139,12.281139,0.0,1.0,
2000-11-30,11.1894822,10.916568,12.281139,11.1894822,0.0,4359.0,
2000-12-01,11.1894822,10.916568,12.281139,10.916568,0.0,13152.0,
2000-12-04,11.371425,10.916568,10.916568,11.371425,0.0,4000.0,
2000-12-05,10.461711,10.461711,10.461711,10.461711,0.0,1.0,
2000-12-06,10.461711,10.461711,10.461711,10.461711,0.0,0.0,
2000-12-07,9.3700542,9.09714,10.461711,9.3700542,0.0,15000.0,
2000-12-08,11.371425,9.3700542,10.461711,9.3700542,0.0,7000.0,
2000-12-11,9.3700542,9.3700542,10.461711,9.3700542,0.0,3000.0,
2000-12-12,9.3700542,9.2790828,10.461711,9.3700542,0.0,4000.0,
2000-12-13,9.3700542,9.09714,10.461711,9.09714,0.0,10589.0,
2000-12-14,9.2790828,9.09714,9.551997,9.2790828,0.0,14000.0,
2000-12-15,9.09714,9.09714,9.551997,9.09714,0.0,2000.0,
2000-12-18,9.09714,9.09714,9.551997,9.09714,0.0,2000.0,
2000-12-19,10.006854,10.006854,9.551997,10.006854,0.0,3000.0,
2000-12-20,9.09714,9.09714,9.551997,9.09714,0.0,2000.0,
2000-12-21,9.551997,9.551997,9.551997,9.551997,0.0,0.0,
2000-12-22,10.006854,10.006854,9.551997,10.006854,0.0,20000.0,
2000-12-25,9.551997,9.551997,9.551997,9.551997,0.0,0.0,
2000-12-26,9.551997,9.551997,9.551997,9.551997,0.0,0.0,
2000-12-27,9.09714,9.09714,9.551997,9.09714,0.0,9992.0,
2000-12-28,10.006854,10.006854,9.551997,10.006854,0.0,3334.0,
2000-12-29,9.09714,9.09714,9.551997,9.09714,0.0,6500.0,
2001-01-01,9.551997,9.551997,9.551997,9.551997,0.0,0.0,
2001-01-02,9.551997,9.551997,9.551997,9.551997,0.0,0.0,
2001-01-03,9.09714,9.09714,9.551997,9.09714,0.0,2000.0,
2001-01-04,8.187426,8.187426,9.551997,8.187426,0.0,30000.0,
2001-01-05,9.09714,9.09714,9.551997,9.09714,0.0,2000.0,
2001-01-08,9.09714,9.09714,9.09714,9.09714,0.0,73025.0,
2001-01-09,7.277712,7.277712,8.187426,7.277712,0.0,30980.0,
2001-01-10,7.277712,7.277712,7.277712,7.277712,0.0,1.0,
2001-01-11,8.187426,6.367998,7.277712,6.367998,0.0,11166.0,
2001-01-12,7.732569,6.5499408,7.277712,6.5499408,0.0,7800.0,
2001-01-15,8.187426,6.367998,7.277712,6.367998,0.0,29000.0,
2001-01-16,6.367998,6.367998,7.0502835,6.367998,0.0,330000.0,
2001-01-17,7.0502835,7.0502835,7.0502835,7.0502835,0.0,0.0,
2001-01-18,5.913141,5.458284,6.1405695,5.913141,0.0,27256.0,
2001-01-19,6.367998,6.367998,6.1405695,6.367998,0.0,5000.0,
2001-01-22,5.458284,5.458284,5.6857125,5.458284,0.0,21000.0,
2001-01-23,6.822855000000001,5.458284,6.1405695,5.458284,0.0,110012.0,
2001-01-24,6.6409122,6.6409122,6.1405695,6.6409122,0.0,1000.0,
2001-01-25,6.6409122,6.6409122,6.1405695,6.6409122,0.0,1000.0,
2001-01-26,5.5492554,5.458284,5.003427,5.5492554,0.0,4000.0,
2001-01-29,5.458284,4.54857,5.003427,4.54857,0.0,65000.0,
2001-01-30,5.458284,5.003427,4.7759985,5.458284,0.0,323487.0,
2001-01-31,5.003427,5.003427,4.3211415,5.003427,0.0,280000.0,
2001-02-01,5.458284,4.8214842,5.6857125,4.8214842,0.0,73000.0,
2001-02-02,8.642283,5.6857125,8.187426,5.913141,0.0,236816.0,
2001-02-05,9.551997,8.5513116,9.3245685,8.5513116,0.0,170796.0,
2001-02-06,11.826282,10.006854,10.6891395,10.006854,0.0,109957.0,
2001-02-07,13.64571,10.6891395,11.5988535,11.371425,0.0,126500.0,
2001-02-08,12.281139,10.916568,11.5988535,12.281139,0.0,77522.0,
2001-02-09,11.826282,10.461711,10.6891395,10.461711,0.0,210162.0,
2001-02-12,10.461711,7.277712,7.732569,10.0978254,0.0,128375.0,
2001-02-13,7.277712,6.367998,7.0502835,7.277712,0.0,40000.0,
2001-02-14,7.732569,7.732569,7.277712,7.732569,0.0,11000.0,
2001-02-15,9.09714,8.187426,8.642283,8.187426,0.0,54852.0,
2001-02-16,10.461711,9.09714,10.006854,9.09714,0.0,45242.0,
2001-02-19,9.551997,9.551997,10.006854,9.551997,0.0,46802.0,
2001-02-20,10.006854,9.09714,9.3245685,10.006854,0.0,53631.0,
2001-02-21,9.551997,8.187426,8.642283,8.642283,0.0,53200.0,
2001-02-22,8.187426,8.187426,8.642283,8.187426,0.0,4042.0,
2001-02-23,8.642283,8.642283,8.642283,8.642283,0.0,0.0,
2001-02-26,8.642283,8.187426,8.642283,8.187426,0.0,34080.0,
2001-02-27,8.642283,8.642283,8.642283,8.642283,0.0,0.0,
2001-02-28,8.4148545,8.4148545,8.4148545,8.4148545,0.0,1.0,
2001-03-01,7.732569,7.732569,8.4148545,7.732569,0.0,15000.0,
2001-03-02,7.8235404,7.8235404,8.4148545,7.8235404,0.0,4500.0,
2001-03-05,9.09714,9.09714,8.4148545,9.09714,0.0,10000.0,
2001-03-06,7.8235404,7.8235404,8.4148545,7.8235404,0.0,2000.0,
2001-03-07,7.8235404,7.8235404,8.4148545,7.8235404,0.0,2000.0,
2001-03-08,8.915197200000001,8.915197200000001,8.4148545,8.915197200000001,0.0,4825.0,
2001-03-09,8.915197200000001,8.915197200000001,8.4148545,8.915197200000001,0.0,1588.0,
2001-03-12,7.8235404,7.277712,7.9599975,7.8235404,0.0,77500.0,
2001-03-13,6.9138264,6.9138264,7.0502835,6.9138264,0.0,7000.0,
2001-03-14,7.732569,6.822855000000001,7.0502835,7.732569,0.0,28000.0,
2001-03-15,6.822855000000001,6.822855000000001,7.277712,6.822855000000001,0.0,2000.0,
2001-03-16,7.277712,7.277712,7.277712,7.277712,0.0,0.0,
2001-03-19,6.822855000000001,6.822855000000001,7.277712,6.822855000000001,0.0,3000.0,
2001-03-20,6.367998,6.367998,7.0502835,6.367998,0.0,13636.0,
2001-03-21,7.0957692,7.0957692,6.5954265,7.0957692,0.0,1000.0,
2001-03-22,7.277712,6.0041124,6.1405695,6.0041124,0.0,6000.0,
2001-03-23,6.367998,5.913141,6.1405695,6.367998,0.0,14500.0,
2001-03-26,7.0957692,7.0957692,6.822855000000001,7.0957692,0.0,10000.0,
2001-03-27,6.822855000000001,6.822855000000001,6.5954265,6.822855000000001,0.0,2000.0,
2001-03-28,7.0502835,7.0502835,7.0502835,7.0502835,0.0,25000.0,
2001-03-29,7.5051405,7.5051405,7.277712,7.5051405,0.0,12500.0,
2001-03-30,8.187426,6.9138264,7.5051405,8.0054832,0.0,13000.0,
2001-04-02,6.9138264,6.9138264,7.5051405,6.9138264,0.0,200.0,
2001-04-03,7.732569,7.732569,7.732569,7.732569,0.0,1.0,
2001-04-04,7.5051405,7.277712,7.732569,7.277712,0.0,40000.0,
2001-04-05,8.187426,7.277712,7.732569,7.277712,0.0,4000.0,
2001-04-06,7.732569,7.732569,7.732569,7.732569,0.0,0.0,
2001-04-09,6.822855000000001,6.367998,7.277712,6.822855000000001,0.0,151000.0,
2001-04-10,7.5051405,7.5051405,7.5051405,7.5051405,0.0,1.0,
2001-04-11,7.277712,7.277712,7.277712,7.277712,0.0,1.0,
2001-04-12,7.277712,7.277712,7.277712,7.277712,0.0,0.0,
2001-04-13,7.277712,7.277712,7.277712,7.277712,0.0,0.0,
2001-04-16,7.277712,7.277712,7.277712,7.277712,0.0,0.0,
2001-04-17,7.5051405,7.5051405,7.5051405,7.5051405,0.0,1.0,
2001-04-18,7.277712,7.277712,7.277712,7.277712,0.0,1.0,
2001-04-19,7.277712,7.277712,7.277712,7.277712,0.0,0.0,
2001-04-20,7.277712,7.277712,7.277712,7.277712,0.0,0.0,
2001-04-23,7.5051405,7.5051405,7.5051405,7.5051405,0.0,1.0,
2001-04-24,7.277712,7.277712,7.277712,7.277712,0.0,1.0,
2001-04-25,7.732569,7.732569,7.277712,7.732569,0.0,200.0,
2001-04-26,7.277712,7.277712,7.277712,7.277712,0.0,0.0,
2001-04-27,7.277712,7.277712,7.277712,7.277712,0.0,0.0,
2001-04-30,7.277712,6.822855000000001,7.277712,6.822855000000001,0.0,262000.0,
2001-05-01,7.732569,7.732569,7.277712,7.732569,0.0,2352.0,
2001-05-02,7.732569,7.732569,7.5051405,7.732569,0.0,88255.0,
2001-05-03,6.9138264,6.9138264,7.5051405,6.9138264,0.0,2000.0,
2001-05-04,7.732569,7.732569,7.732569,7.732569,0.0,1.0,
2001-05-07,7.732569,7.732569,7.732569,7.732569,0.0,0.0,
2001-05-08,8.187426,8.187426,7.9599975,8.187426,0.0,50000.0,
2001-05-09,8.187426,8.187426,7.5051405,8.187426,0.0,15000.0,
2001-05-10,8.0054832,6.9138264,7.5051405,8.0054832,0.0,4500.0,
2001-05-11,7.5051405,7.5051405,7.5051405,7.5051405,0.0,0.0,
2001-05-14,6.822855000000001,6.822855000000001,7.5051405,6.822855000000001,0.0,14500.0,
2001-05-15,7.5051405,7.5051405,7.5051405,7.5051405,0.0,0.0,
2001-05-16,7.0502835,7.0502835,7.0502835,7.0502835,0.0,1.0,
2001-05-17,6.4589694,6.4589694,7.0502835,6.4589694,0.0,7500.0,
2001-05-18,6.5954265,6.5954265,7.0502835,6.5954265,0.0,23500.0,
2001-05-21,6.4589694,6.4589694,7.0502835,6.4589694,0.0,2000.0,
2001-05-22,6.4589694,6.4589694,7.0502835,6.4589694,0.0,2000.0,
2001-05-23,6.4589694,6.4589694,6.822855000000001,6.4589694,0.0,21.0,
2001-05-24,6.822855000000001,6.822855000000001,6.822855000000001,6.822855000000001,0.0,0.0,
2001-05-25,6.4589694,6.367998,6.5954265,6.4589694,0.0,27300.0,
2001-05-28,6.5954265,6.5954265,6.5954265,6.5954265,0.0,0.0,
2001-05-29,6.5954265,6.4589694,6.822855000000001,6.4589694,0.0,31000.0,
2001-05-30,6.822855000000001,6.822855000000001,6.822855000000001,6.822855000000001,0.0,0.0,
2001-05-31,6.4589694,6.4589694,6.822855000000001,6.4589694,0.0,5000.0,
2001-06-01,6.4589694,6.4589694,6.822855000000001,6.4589694,0.0,2000.0,
2001-06-04,6.822855000000001,6.822855000000001,6.822855000000001,6.822855000000001,0.0,0.0,
2001-06-05,6.4589694,6.4589694,7.0502835,6.4589694,0.0,2000.0,
2001-06-06,6.4589694,6.4589694,7.0502835,6.4589694,0.0,2000.0,
2001-06-07,7.0502835,7.0502835,7.0502835,7.0502835,0.0,0.0,
2001-06-08,6.822855000000001,6.822855000000001,6.822855000000001,6.822855000000001,0.0,1.0,
2001-06-11,5.913141,4.54857,4.54857,5.913141,0.0,19750.0,
2001-06-12,5.5492554,4.6395414,5.458284,4.6395414,0.0,43050.0,
2001-06-13,5.0943984,5.0943984,5.458284,5.0943984,0.0,2000.0,
2001-06-14,4.8214842,4.8214842,5.2308555000000005,4.8214842,0.0,2589.0,
2001-06-15,5.003427,5.003427,5.003427,5.003427,0.0,1.0,
2001-06-18,5.003427,5.003427,5.003427,5.003427,0.0,0.0,
2001-06-19,5.2308555000000005,5.2308555000000005,5.2308555000000005,5.2308555000000005,0.0,1.0,
2001-06-20,5.003427,5.003427,5.003427,5.003427,0.0,1.0,
2001-06-21,5.003427,5.003427,5.003427,5.003427,0.0,0.0,
2001-06-22,5.003427,5.003427,5.003427,5.003427,0.0,0.0,
2001-06-25,4.6395414,4.6395414,5.458284,4.6395414,0.0,4000.0,
2001-06-26,6.367998,5.5492554,5.913141,5.913141,0.0,32192.0,
2001-06-27,7.277712,6.9138264,6.5954265,6.9138264,0.0,74200.0,
2001-06-28,6.367998,6.367998,6.367998,6.367998,0.0,1.0,
2001-06-29,6.367998,6.367998,6.367998,6.367998,0.0,0.0,
2001-07-02,6.367998,6.367998,6.367998,6.367998,0.0,0.0,
2001-07-03,6.0041124,6.0041124,6.367998,6.0041124,0.0,2500.0,
2001-07-04,6.4589694,6.4589694,6.1405695,6.4589694,0.0,2666.0,
2001-07-05,5.003427,5.003427,6.1405695,5.003427,0.0,100000.0,
2001-07-06,5.640226800000001,5.640226800000001,5.913141,5.640226800000001,0.0,1102.0,
2001-07-09,5.913141,5.913141,5.913141,5.913141,0.0,0.0,
2001-07-10,5.458284,5.458284,5.6857125,5.458284,0.0,10000.0,
2001-07-11,5.2308555000000005,5.2308555000000005,5.2308555000000005,5.2308555000000005,0.0,1.0,
2001-07-12,4.75325565,4.75325565,5.2308555000000005,4.75325565,0.0,4000.0,
2001-07-13,5.2308555000000005,5.2308555000000005,5.2308555000000005,5.2308555000000005,0.0,0.0,
2001-07-16,5.2308555000000005,5.2308555000000005,5.2308555000000005,5.2308555000000005,0.0,0.0,
2001-07-17,5.2308555000000005,5.2308555000000005,5.2308555000000005,5.2308555000000005,0.0,0.0,
2001-07-18,4.7305128000000005,4.7305128000000005,5.2308555000000005,4.7305128000000005,0.0,1800.0,
2001-07-19,4.6395414,4.54857,5.003427,4.6395414,0.0,20154.0,
2001-07-20,4.6395414,4.54857,5.003427,4.6395414,0.0,4589.0,
2001-07-23,4.6395414,4.6395414,5.003427,4.6395414,0.0,6242.0,
2001-07-24,5.003427,5.003427,5.003427,5.003427,0.0,0.0,
2001-07-25,5.003427,5.003427,5.003427,5.003427,0.0,0.0,
2001-07-26,5.003427,5.003427,5.003427,5.003427,0.0,0.0,
2001-07-27,5.003427,5.003427,5.003427,5.003427,0.0,0.0,
2001-07-30,5.003427,5.003427,5.003427,5.003427,0.0,0.0,
2001-07-31,5.003427,5.003427,5.003427,5.003427,0.0,0.0,
2001-08-01,5.458284,5.458284,5.003427,5.458284,0.0,10000.0,
2001-08-02,5.0943984,5.0943984,5.003427,5.0943984,0.0,5000.0,
2001-08-03,4.093713,4.093713,4.093713,4.093713,0.0,25000.0,
2001-08-06,4.3211415,4.3211415,4.3211415,4.3211415,0.0,100000.0,
2001-08-07,4.3211415,4.3211415,4.3211415,4.3211415,0.0,0.0,
2001-08-08,4.7759985,4.7759985,4.3211415,4.7759985,0.0,1800.0,
2001-08-09,5.003427,5.003427,4.54857,5.003427,0.0,18181.0,
2001-08-10,4.54857,4.54857,4.54857,4.54857,0.0,0.0,
2001-08-13,4.20287868,4.20287868,4.3211415,4.20287868,0.0,3000.0,
2001-08-14,4.3211415,4.3211415,4.3211415,4.3211415,0.0,0.0,
2001-08-15,4.3211415,4.3211415,4.3211415,4.3211415,0.0,0.0,
2001-08-16,3.84354165,3.638856,4.3211415,3.84354165,0.0,52000.0,
2001-08-17,3.638856,3.638856,4.093713,3.638856,0.0,30000.0,
2001-08-20,3.7753131,3.7753131,4.093713,3.7753131,0.0,5000.0,
2001-08-21,3.638856,3.638856,3.8662845,3.638856,0.0,10000.0,
2001-08-22,4.093713,4.093713,4.093713,4.093713,0.0,50000.0,
2001-08-23,3.638856,3.638856,4.093713,3.638856,0.0,24399.0,
2001-08-24,4.093713,4.093713,4.093713,4.093713,0.0,0.0,
2001-08-27,4.093713,4.093713,4.093713,4.093713,0.0,0.0,
2001-08-28,4.093713,4.093713,4.093713,4.093713,0.0,0.0,
2001-08-29,3.83899308,3.83899308,4.093713,3.83899308,0.0,7880.0,
2001-08-30,4.093713,4.093713,4.093713,4.093713,0.0,0.0,
2001-08-31,4.093713,4.093713,4.093713,4.093713,0.0,0.0,
2001-09-03,4.54857,4.54857,4.093713,4.54857,0.0,8000.0,
2001-09-04,4.3484329200000005,4.3484329200000005,4.093713,4.3484329200000005,0.0,4000.0,
2001-09-05,4.093713,4.093713,4.093713,4.093713,0.0,0.0,
2001-09-06,4.093713,4.093713,4.093713,4.093713,0.0,0.0,
2001-09-07,4.093713,4.093713,4.093713,4.093713,0.0,0.0,
2001-09-10,4.3484329200000005,4.3484329200000005,4.093713,4.3484329200000005,0.0,1000.0,
2001-09-11,3.8662845,3.8662845,3.8662845,3.8662845,0.0,1.0,
2001-09-12,3.638856,3.4114275000000003,3.8662845,3.4114275000000003,0.0,27500.0,
2001-09-13,3.638856,3.638856,3.638856,3.638856,0.0,1.0,
2001-09-14,2.9565705,2.9565705,3.638856,2.9565705,0.0,3000.0,
2001-09-17,3.638856,3.638856,3.638856,3.638856,0.0,0.0,
2001-09-18,3.638856,3.638856,3.638856,3.638856,0.0,0.0,
2001-09-19,3.4114275000000003,3.4114275000000003,3.4114275000000003,3.4114275000000003,0.0,1.0,
2001-09-20,2.8928905200000004,2.8928905200000004,3.183999,2.8928905200000004,0.0,10605.0,
2001-09-21,2.4380335200000003,2.4380335200000003,2.9565705,2.4380335200000003,0.0,3665.0,
2001-09-24,2.274285,2.274285,2.9565705,2.274285,0.0,3000.0,
2001-09-25,2.9565705,2.9565705,2.9565705,2.9565705,0.0,0.0,
2001-09-26,2.9565705,2.9565705,2.9565705,2.9565705,0.0,0.0,
2001-09-27,2.274285,2.274285,2.9565705,2.274285,0.0,3916.0,
2001-09-28,2.9565705,2.9565705,2.9565705,2.9565705,0.0,0.0,
2001-10-01,2.9565705,2.9565705,2.9565705,2.9565705,0.0,0.0,
2001-10-02,2.729142,2.729142,2.9565705,2.729142,0.0,2991.0,
2001-10-03,2.9565705,2.9565705,2.9565705,2.9565705,0.0,0.0,
2001-10-04,2.274285,2.274285,2.9565705,2.274285,0.0,7906.0,
2001-10-05,2.9565705,2.9565705,2.9565705,2.9565705,0.0,0.0,
2001-10-08,3.638856,3.183999,3.8662845,4.54857,0.0,52742.0,
2001-10-09,3.8662845,3.8662845,3.8662845,3.8662845,0.0,0.0,
2001-10-10,3.38868465,3.38868465,3.8662845,3.38868465,0.0,21250.0,
2001-10-11,4.54857,4.54857,3.8662845,4.54857,0.0,7000.0,
2001-10-12,3.8662845,3.8662845,3.8662845,3.8662845,0.0,0.0,
2001-10-15,3.183999,3.183999,3.8662845,3.183999,0.0,7142.0,
2001-10-16,3.3477475200000004,3.3477475200000004,3.638856,3.3477475200000004,0.0,2000.0,
2001-10-17,3.183999,3.183999,3.638856,3.183999,0.0,3905.0,
2001-10-18,3.638856,3.638856,3.638856,3.638856,0.0,0.0,
2001-10-19,3.638856,3.638856,3.638856,3.638856,0.0,3000.0,
2001-10-22,3.183999,3.183999,3.638856,3.183999,0.0,3000.0,
2001-10-23,3.8662845,3.8662845,3.8662845,3.8662845,0.0,1.0,
2001-10-24,3.8662845,3.8662845,3.8662845,3.8662845,0.0,0.0,
2001-10-25,3.8662845,3.8662845,3.8662845,3.8662845,0.0,0.0,
2001-10-26,3.8662845,3.8662845,3.8662845,3.8662845,0.0,0.0,
2001-10-29,3.8662845,3.8662845,3.8662845,3.8662845,0.0,0.0,
2001-10-30,3.3477475200000004,3.3477475200000004,3.8662845,3.3477475200000004,0.0,2205.0,
2001-10-31,3.8662845,3.8662845,3.8662845,3.8662845,0.0,0.0,
2001-11-01,3.8662845,3.8662845,3.8662845,3.8662845,0.0,0.0,
2001-11-02,3.8662845,3.8662845,3.8662845,3.8662845,0.0,0.0,
2001-11-05,3.3477475200000004,3.3477475200000004,3.8662845,3.3477475200000004,0.0,5176.0,
2001-11-06,3.8662845,3.8662845,3.8662845,3.8662845,0.0,0.0,
2001-11-07,3.8662845,3.8662845,3.8662845,3.8662845,0.0,0.0,
2001-11-08,3.8662845,3.8662845,3.8662845,3.8662845,0.0,0.0,
2001-11-09,3.8662845,3.8662845,3.8662845,3.8662845,0.0,0.0,
2001-11-12,3.8662845,3.8662845,3.8662845,3.8662845,0.0,0.0,
2001-11-13,3.638856,3.638856,3.638856,3.638856,0.0,1.0,
2001-11-14,3.638856,3.638856,3.638856,3.638856,0.0,0.0,
2001-11-15,3.638856,3.638856,3.638856,3.638856,0.0,600000.0,
2001-11-16,4.093713,4.093713,4.093713,4.093713,0.0,1.0,
2001-11-19,4.88971275,4.88971275,4.7759985,4.88971275,0.0,602934.0,
2001-11-20,4.54857,4.54857,4.54857,4.54857,0.0,1.0,
2001-11-21,4.093713,4.093713,4.093713,4.093713,0.0,1.0,
2001-11-22,4.093713,4.093713,4.093713,4.093713,0.0,0.0,
2001-11-23,4.093713,4.093713,4.093713,4.093713,0.0,0.0,
2001-11-26,3.638856,3.638856,3.638856,3.638856,0.0,1.0,
2001-11-27,4.093713,4.093713,3.638856,4.093713,0.0,7500.0,
2001-11-28,4.3484329200000005,3.89357592,4.093713,3.89357592,0.0,11571.0,
2001-11-29,3.638856,3.183999,3.638856,3.183999,0.0,159950.0,
2001-11-30,3.638856,3.638856,3.638856,3.638856,0.0,0.0,
2001-12-01,3.638856,3.638856,3.638856,3.638856,0.0,0.0,
2001-12-03,3.638856,3.638856,3.638856,3.638856,0.0,0.0,
2001-12-04,3.638856,3.638856,3.638856,3.638856,0.0,0.0,
2001-12-05,3.638856,3.638856,3.638856,3.638856,0.0,0.0,
2001-12-06,3.2931646800000003,3.2931646800000003,3.638856,3.2931646800000003,0.0,2000.0,
2001-12-07,3.2931646800000003,3.2931646800000003,3.638856,3.2931646800000003,0.0,5000.0,
2001-12-10,3.638856,3.638856,3.638856,3.638856,0.0,0.0,
2001-12-11,3.26587326,3.26587326,3.638856,3.26587326,0.0,881.0,
2001-12-12,3.638856,3.638856,3.638856,3.638856,0.0,0.0,
2001-12-13,3.638856,3.638856,3.638856,3.638856,0.0,0.0,
2001-12-14,3.638856,3.638856,3.638856,3.638856,0.0,74150.0,
2001-12-17,3.638856,3.638856,3.638856,3.638856,0.0,0.0,
2001-12-18,3.2931646800000003,3.2931646800000003,3.638856,3.2931646800000003,0.0,5665.0,
2001-12-19,3.638856,3.638856,3.638856,3.638856,0.0,0.0,
2001-12-20,3.638856,3.638856,3.638856,3.638856,0.0,50000.0,
2001-12-21,3.638856,3.638856,3.638856,3.638856,0.0,0.0,
2001-12-24,3.638856,3.638856,3.638856,3.638856,0.0,0.0,
2001-12-25,3.638856,3.638856,3.638856,3.638856,0.0,0.0,
2001-12-26,3.638856,3.638856,3.638856,3.638856,0.0,0.0,
2001-12-27,4.54857,4.093713,4.093713,4.093713,0.0,100000.0,
2001-12-28,4.3211415,4.3211415,4.3211415,4.3211415,0.0,1.0,
2001-12-31,4.73960994,4.73960994,4.3211415,4.73960994,0.0,8000.0,
2002-01-01,4.3211415,4.3211415,4.3211415,4.3211415,0.0,0.0,
2002-01-02,4.3211415,4.3211415,4.3211415,4.3211415,0.0,0.0,
2002-01-03,4.3211415,4.3211415,4.3211415,4.3211415,0.0,0.0,
2002-01-04,4.3211415,4.3211415,4.3211415,4.3211415,0.0,0.0,
2002-01-07,4.3211415,4.3211415,4.3211415,4.3211415,0.0,0.0,
2002-01-08,4.3211415,4.3211415,4.3211415,4.3211415,0.0,0.0,
2002-01-09,4.3211415,4.3211415,4.3211415,4.3211415,0.0,0.0,
2002-01-10,4.3211415,4.3211415,4.3211415,4.3211415,0.0,0.0,
2002-01-11,4.3211415,4.3211415,4.3211415,4.3211415,0.0,0.0,
2002-01-14,3.80260452,3.80260452,4.3211415,3.80260452,0.0,2000.0,
2002-01-15,4.3211415,4.3211415,4.3211415,4.3211415,0.0,0.0,
2002-01-16,4.3211415,4.3211415,4.3211415,4.3211415,0.0,0.0,
2002-01-17,4.3211415,4.3211415,4.3211415,4.3211415,0.0,0.0,
2002-01-18,3.80260452,3.80260452,4.3211415,3.80260452,0.0,2000.0,
2002-01-21,4.3211415,4.3211415,4.3211415,4.3211415,0.0,0.0,
2002-01-22,3.80260452,3.638856,4.3211415,3.638856,0.0,34470.0,
2002-01-23,4.3211415,4.3211415,4.3211415,4.3211415,0.0,0.0,
2002-01-24,4.3211415,4.3211415,4.3211415,4.3211415,0.0,0.0,
2002-01-25,4.3211415,4.3211415,4.3211415,4.3211415,0.0,0.0,
2002-01-28,3.80260452,3.638856,4.3211415,3.638856,0.0,6393.0,
2002-01-29,4.3211415,4.3211415,4.3211415,4.3211415,0.0,0.0,
2002-01-30,4.093713,4.093713,4.093713,4.093713,0.0,1.0,
2002-01-31,4.093713,4.093713,4.093713,4.093713,0.0,0.0,
2002-02-01,4.093713,4.093713,4.093713,4.093713,0.0,0.0,
2002-02-04,4.73960994,4.73960994,4.3211415,4.73960994,0.0,4679.0,
2002-02-05,4.3211415,4.3211415,4.3211415,4.3211415,0.0,0.0,
2002-02-06,4.3211415,4.3211415,4.3211415,4.3211415,0.0,0.0,
2002-02-07,4.3211415,4.3211415,4.3211415,4.3211415,0.0,0.0,
2002-02-08,4.3211415,4.3211415,4.3211415,4.3211415,0.0,0.0,
2002-02-11,4.3211415,4.3211415,4.3211415,4.3211415,0.0,0.0,
2002-02-12,3.80260452,3.80260452,4.3211415,3.80260452,0.0,2500.0,
2002-02-13,4.3211415,4.3211415,4.3211415,4.3211415,0.0,0.0,
2002-02-14,3.80260452,3.80260452,4.3211415,3.80260452,0.0,2000.0,
2002-02-15,4.3211415,4.3211415,4.3211415,4.3211415,0.0,0.0,
2002-02-18,4.3211415,4.3211415,4.3211415,4.3211415,0.0,0.0,
2002-02-19,4.3211415,4.3211415,4.3211415,4.3211415,0.0,0.0,
2002-02-20,4.3211415,4.3211415,4.3211415,4.3211415,0.0,0.0,
2002-02-21,4.3211415,4.3211415,4.3211415,4.3211415,0.0,0.0,
2002-02-22,4.093713,3.638856,4.3211415,4.093713,0.0,16176.0,
2002-02-25,3.80260452,3.80260452,4.3211415,3.80260452,0.0,10000.0,
2002-02-26,4.3211415,4.3211415,4.3211415,4.3211415,0.0,0.0,
2002-02-27,4.3211415,4.3211415,4.3211415,4.3211415,0.0,0.0,
2002-02-28,3.80260452,3.80260452,4.3211415,3.80260452,0.0,6509.0,
2002-03-01,4.3211415,4.3211415,4.3211415,4.3211415,0.0,0.0,
2002-03-04,4.3211415,4.3211415,4.3211415,4.3211415,0.0,0.0,
2002-03-05,3.638856,3.638856,4.3211415,3.638856,0.0,20000.0,
2002-03-06,4.093713,4.093713,4.093713,4.093713,0.0,1.0,
2002-03-07,4.093713,4.093713,4.093713,4.093713,0.0,0.0,
2002-03-08,3.74802168,3.74802168,4.093713,3.74802168,0.0,4000.0,
2002-03-11,4.093713,4.093713,4.093713,4.093713,0.0,0.0,
2002-03-12,4.3211415,4.3211415,4.3211415,4.3211415,0.0,1.0,
2002-03-13,4.093713,4.093713,4.093713,4.093713,0.0,1.0,
2002-03-14,4.093713,4.093713,4.093713,4.093713,0.0,0.0,
2002-03-15,4.093713,4.093713,4.093713,4.093713,0.0,0.0,
2002-03-18,4.093713,4.093713,4.093713,4.093713,0.0,0.0,
2002-03-19,4.093713,4.093713,4.093713,4.093713,0.0,0.0,
2002-03-20,4.093713,4.093713,4.093713,4.093713,0.0,0.0,
2002-03-21,3.74802168,3.74802168,4.093713,3.74802168,0.0,2000.0,
2002-03-22,4.093713,4.093713,4.093713,4.093713,0.0,0.0,
2002-03-25,4.093713,4.093713,4.093713,4.093713,0.0,0.0,
2002-03-26,3.74802168,3.74802168,4.093713,3.74802168,0.0,20000.0,
2002-03-27,4.093713,4.093713,4.3211415,4.093713,0.0,50000.0,
2002-03-28,4.73960994,4.73960994,4.3211415,4.73960994,0.0,5000.0,
2002-03-29,4.3211415,4.3211415,4.3211415,4.3211415,0.0,0.0,
2002-04-01,4.3211415,4.3211415,4.3211415,4.3211415,0.0,0.0,
2002-04-02,5.003427,5.003427,4.54857,5.003427,0.0,20000.0,
2002-04-03,5.458284,5.003427,5.6857125,5.003427,0.0,34000.0,
2002-04-04,6.0950838,5.139884100000001,5.6857125,6.0950838,0.0,4691.0,
2002-04-05,5.6857125,5.6857125,5.6857125,5.6857125,0.0,0.0,
2002-04-08,6.0950838,5.003427,5.6857125,6.0950838,0.0,16179.0,
2002-04-09,5.6857125,5.6857125,5.6857125,5.6857125,0.0,0.0,
2002-04-10,5.6857125,5.6857125,5.6857125,5.6857125,0.0,0.0,
2002-04-11,6.367998,6.367998,6.1405695,6.367998,0.0,10000.0,
2002-04-12,6.1405695,6.1405695,6.1405695,6.1405695,0.0,0.0,
2002-04-15,6.367998,6.367998,6.367998,6.367998,0.0,1.0,
2002-04-16,6.367998,6.367998,6.367998,6.367998,0.0,0.0,
2002-04-17,5.913141,5.913141,5.913141,5.913141,0.0,1.0,
2002-04-18,5.5947411,5.5492554,5.913141,5.5947411,0.0,12000.0,
2002-04-19,5.5492554,5.5492554,5.6857125,5.5492554,0.0,1571.0,
2002-04-22,5.5037697,5.5037697,5.6857125,5.5037697,0.0,4000.0,
2002-04-23,5.913141,5.8847579232000005,5.6857125,5.8847579232000005,0.0,300000.0,
2002-04-24,6.1405695,6.1405695,6.1405695,6.1405695,0.0,630971.0,
2002-04-25,7.277712,6.4589694,7.0502835,7.0502835,0.0,166213.0,
2002-04-26,9.06984858,7.641597600000001,8.4148545,7.641597600000001,0.0,10500.0,
2002-04-29,10.006854,8.3238831,9.3245685,9.09714,0.0,33144.0,
2002-04-30,9.3245685,9.3245685,9.3245685,9.3245685,0.0,0.0,
2002-05-01,8.7787401,8.7787401,9.3245685,8.7787401,0.0,2000.0,
2002-05-02,9.09714,9.09714,9.09714,9.09714,0.0,1.0,
2002-05-03,8.7332544,8.642283,9.09714,8.642283,0.0,10000.0,
2002-05-06,9.09714,9.09714,9.09714,9.09714,0.0,0.0,
2002-05-07,8.824225799999999,8.824225799999999,8.869711500000001,8.824225799999999,0.0,2000.0,
2002-05-08,8.2783974,8.2783974,8.4148545,8.2783974,0.0,10241.0,
2002-05-09,8.187426,8.187426,8.4148545,8.187426,0.0,31248.0,
2002-05-10,8.4148545,8.4148545,8.4148545,8.4148545,0.0,0.0,
2002-05-13,8.4148545,8.4148545,8.4148545,8.4148545,0.0,0.0,
2002-05-14,8.4148545,8.4148545,8.4148545,8.4148545,0.0,0.0,
2002-05-15,8.869711500000001,8.869711500000001,8.4148545,8.869711500000001,0.0,9900.0,
2002-05-16,7.732569,7.732569,8.187426,7.732569,0.0,23942.0,
2002-05-17,8.4148545,7.732569,8.4148545,7.732569,0.0,4500.0,
2002-05-20,9.09714,9.09714,8.4148545,9.09714,0.0,20000.0,
2002-05-21,9.09714,7.732569,8.4148545,7.732569,0.0,14000.0,
2002-05-22,8.642283,8.642283,8.642283,8.642283,0.0,1.0,
2002-05-23,8.642283,8.642283,8.642283,8.642283,0.0,0.0,
2002-05-24,8.642283,8.642283,8.642283,8.642283,0.0,0.0,
2002-05-27,8.642283,8.642283,8.642283,8.642283,0.0,0.0,
2002-05-28,7.8690261,7.732569,8.4148545,7.732569,0.0,53476.0,
2002-05-29,8.187426,8.187426,8.187426,8.187426,0.0,1.0,
2002-05-30,8.187426,8.187426,8.187426,8.187426,0.0,0.0,
2002-05-31,8.187426,8.187426,8.187426,8.187426,0.0,0.0,
2002-06-03,8.187426,8.187426,8.187426,8.187426,0.0,0.0,
2002-06-04,8.187426,8.187426,8.187426,8.187426,0.0,0.0,
2002-06-05,8.187426,8.187426,8.187426,8.187426,0.0,0.0,
2002-06-06,7.8235404,7.8235404,8.187426,7.8235404,0.0,4000.0,
2002-06-07,7.8690261,7.8690261,8.4148545,7.8690261,0.0,2000.0,
2002-06-10,8.4148545,8.4148545,8.4148545,8.4148545,0.0,0.0,
2002-06-11,8.4148545,8.4148545,8.4148545,8.4148545,0.0,0.0,
2002-06-12,8.4148545,8.4148545,8.4148545,8.4148545,0.0,0.0,
2002-06-13,8.4148545,8.4148545,8.4148545,8.4148545,0.0,0.0,
2002-06-14,8.187426,7.8690261,7.9599975,7.8690261,0.0,27198.0,
2002-06-17,7.277712,7.277712,7.9599975,7.277712,0.0,4000.0,
2002-06-18,7.4141691,7.4141691,7.9599975,7.4141691,0.0,8750.0,
2002-06-19,7.9599975,7.9599975,7.9599975,7.9599975,0.0,0.0,
2002-06-20,7.9599975,7.9599975,7.9599975,7.9599975,0.0,0.0,
2002-06-21,7.9599975,7.9599975,7.9599975,7.9599975,0.0,0.0,
2002-06-24,7.9599975,7.9599975,7.9599975,7.9599975,0.0,0.0,
2002-06-25,7.9599975,7.9599975,7.9599975,7.9599975,0.0,0.0,
2002-06-26,7.9599975,7.9599975,7.9599975,7.9599975,0.0,0.0,
2002-06-27,7.9599975,7.9599975,7.9599975,7.9599975,0.0,0.0,
2002-06-28,7.9599975,7.9599975,7.9599975,7.9599975,0.0,0.0,
2002-07-01,7.9599975,7.9599975,7.9599975,7.9599975,0.0,0.0,
2002-07-02,7.4141691,7.4141691,7.9599975,7.4141691,0.0,6000.0,
2002-07-03,7.9599975,7.9599975,7.9599975,7.9599975,0.0,0.0,
2002-07-04,7.9599975,7.9599975,7.9599975,7.9599975,0.0,0.0,
2002-07-05,7.9599975,7.9599975,7.9599975,7.9599975,0.0,0.0,
2002-07-08,7.9599975,7.9599975,7.9599975,7.9599975,0.0,0.0,
2002-07-09,7.9599975,7.9599975,7.9599975,7.9599975,0.0,0.0,
2002-07-10,7.9599975,7.9599975,7.9599975,7.9599975,0.0,0.0,
2002-07-11,7.9599975,7.9599975,7.9599975,7.9599975,0.0,0.0,
2002-07-12,8.460340200000001,7.4141691,7.9599975,7.4141691,0.0,4000.0,
2002-07-15,7.4141691,7.4141691,7.9599975,7.4141691,0.0,2000.0,
2002-07-16,7.9599975,7.9599975,7.9599975,7.9599975,0.0,0.0,
2002-07-17,7.4141691,7.4141691,7.9599975,7.4141691,0.0,2000.0,
2002-07-18,7.9599975,7.9599975,7.9599975,7.9599975,0.0,0.0,
2002-07-19,7.277712,7.277712,7.732569,7.277712,0.0,15000.0,
2002-07-22,7.5051405,7.5051405,7.5051405,7.5051405,0.0,1.0,
2002-07-23,7.732569,7.732569,7.732569,7.732569,0.0,1.0,
2002-07-24,7.732569,7.732569,7.732569,7.732569,0.0,0.0,
2002-07-25,7.732569,7.732569,7.732569,7.732569,0.0,0.0,
2002-07-26,7.277712,7.277712,7.732569,7.277712,0.0,2205.0,
2002-07-29,7.459654799999999,7.459654799999999,7.732569,7.459654799999999,0.0,6500.0,
2002-07-30,7.732569,7.732569,7.732569,7.732569,0.0,0.0,
2002-07-31,7.732569,7.732569,7.732569,7.732569,0.0,0.0,
2002-08-01,7.732569,7.732569,7.732569,7.732569,0.0,0.0,
2002-08-02,7.732569,7.732569,7.732569,7.732569,0.0,0.0,
2002-08-05,7.732569,7.732569,7.732569,7.732569,0.0,0.0,
2002-08-06,7.323197700000001,7.277712,6.1405695,7.323197700000001,0.0,15000.0,
2002-08-07,8.0054832,6.6409122,7.5051405,6.6409122,0.0,42000.0,
2002-08-08,7.5051405,7.5051405,7.5051405,7.5051405,0.0,0.0,
2002-08-09,7.5051405,7.5051405,7.5051405,7.5051405,0.0,0.0,
2002-08-12,7.5051405,7.5051405,7.5051405,7.5051405,0.0,0.0,
2002-08-13,7.5051405,7.5051405,7.5051405,7.5051405,0.0,0.0,
2002-08-14,8.050968899999999,8.0054832,7.5051405,8.050968899999999,0.0,2000.0,
2002-08-15,7.02754065,7.02754065,7.5051405,7.02754065,0.0,2000.0,
2002-08-16,8.187426,8.187426,7.732569,8.187426,0.0,15000.0,
2002-08-19,7.732569,7.732569,7.732569,7.732569,0.0,0.0,
2002-08-20,8.187426,8.187426,7.9599975,8.187426,0.0,10000.0,
2002-08-21,8.869711500000001,8.869711500000001,8.869711500000001,8.869711500000001,0.0,1.0,
2002-08-22,8.869711500000001,8.869711500000001,8.869711500000001,8.869711500000001,0.0,0.0,
2002-08-23,8.869711500000001,8.869711500000001,8.869711500000001,8.869711500000001,0.0,0.0,
2002-08-26,8.869711500000001,8.869711500000001,8.869711500000001,8.869711500000001,0.0,0.0,
2002-08-27,10.006854,8.642283,8.869711500000001,10.006854,0.0,60000.0,
2002-08-28,9.3700542,8.3238831,8.869711500000001,8.3238831,0.0,4000.0,
2002-08-29,8.4148545,8.39211165,8.869711500000001,8.39211165,0.0,9000.0,
2002-08-30,8.4148545,8.4148545,8.869711500000001,8.4148545,0.0,2000.0,
2002-09-02,8.869711500000001,8.869711500000001,8.869711500000001,8.869711500000001,0.0,0.0,
2002-09-03,8.7787401,8.4148545,9.3245685,8.4148545,0.0,12334.0,
2002-09-04,9.3245685,9.3245685,9.3245685,9.3245685,0.0,0.0,
2002-09-05,9.8249112,8.7787401,9.3245685,8.7787401,0.0,10000.0,
2002-09-06,10.2797682,10.006854,10.2342825,10.006854,0.0,20000.0,
2002-09-09,10.734625200000002,9.551997,10.006854,10.734625200000002,0.0,61000.0,
2002-09-10,10.006854,9.551997,10.2342825,9.6429684,0.0,74169.0,
2002-09-11,9.6884541,9.6884541,10.006854,9.6884541,0.0,1000.0,
2002-09-12,10.006854,10.006854,10.006854,10.006854,0.0,0.0,
2002-09-13,10.006854,10.006854,10.006854,10.006854,0.0,0.0,
2002-09-16,10.2342825,10.2342825,10.006854,10.2342825,0.0,1777.0,
2002-09-17,10.006854,10.006854,10.006854,10.006854,0.0,0.0,
2002-09-18,10.006854,10.006854,10.006854,10.006854,0.0,0.0,
2002-09-19,9.7794255,9.551997,9.551997,9.551997,0.0,12160.0,
2002-09-20,10.006854,10.006854,9.551997,10.006854,0.0,2605.0,
2002-09-23,9.09714,9.09714,9.551997,9.09714,0.0,2000.0,
2002-09-24,9.551997,9.551997,9.551997,9.551997,0.0,0.0,
2002-09-25,9.551997,9.551997,9.551997,9.551997,0.0,0.0,
2002-09-26,9.551997,9.551997,9.551997,9.551997,0.0,0.0,
2002-09-27,9.551997,9.551997,9.551997,9.551997,0.0,0.0,
2002-09-30,9.551997,9.551997,9.551997,9.551997,0.0,0.0,
2002-10-01,9.551997,9.551997,9.551997,9.551997,0.0,0.0,
2002-10-02,9.551997,9.551997,9.551997,9.551997,0.0,0.0,
2002-10-03,9.551997,9.551997,9.551997,9.551997,0.0,0.0,
2002-10-04,10.006854,10.006854,9.7794255,10.006854,0.0,20000.0,
2002-10-07,9.7794255,9.7794255,9.7794255,9.7794255,0.0,0.0,
2002-10-08,9.7794255,9.7794255,9.7794255,9.7794255,0.0,0.0,
2002-10-09,9.2335971,9.2335971,9.7794255,9.2335971,0.0,2000.0,
2002-10-10,9.7794255,9.7794255,9.7794255,9.7794255,0.0,0.0,
2002-10-11,9.7794255,9.7794255,9.7794255,9.7794255,0.0,0.0,
2002-10-14,9.7794255,9.7794255,9.7794255,9.7794255,0.0,0.0,
2002-10-15,9.7794255,9.7794255,9.7794255,9.7794255,0.0,0.0,
2002-10-16,9.551997,9.2335971,9.7794255,9.2335971,0.0,15000.0,
2002-10-17,9.7794255,9.7794255,9.7794255,9.7794255,0.0,0.0,
2002-10-18,9.7794255,9.7794255,9.7794255,9.7794255,0.0,0.0,
2002-10-21,9.7794255,9.7794255,9.7794255,9.7794255,0.0,0.0,
2002-10-22,9.7794255,9.7794255,9.7794255,9.7794255,0.0,0.0,
2002-10-23,9.7794255,9.7794255,9.7794255,9.7794255,0.0,0.0,
2002-10-24,9.7794255,9.7794255,9.7794255,9.7794255,0.0,0.0,
2002-10-25,9.2335971,9.2335971,9.7794255,9.2335971,0.0,1323.0,
2002-10-28,9.7794255,9.7794255,9.7794255,9.7794255,0.0,0.0,
2002-10-29,9.7794255,9.7794255,9.7794255,9.7794255,0.0,0.0,
2002-10-30,10.2797682,9.2335971,9.3245685,10.2797682,0.0,10110.0,
2002-10-31,9.83400834,9.83400834,9.3245685,9.83400834,0.0,10020.0,
2002-11-01,8.80603152,8.80603152,9.3245685,8.80603152,0.0,6307.0,
2002-11-04,8.642283,8.642283,8.869711500000001,8.642283,0.0,12967.0,
2002-11-05,8.35117452,8.35117452,8.869711500000001,8.35117452,0.0,10000.0,
2002-11-06,8.869711500000001,8.869711500000001,8.869711500000001,8.869711500000001,0.0,0.0,
2002-11-07,8.3238831,8.3238831,8.869711500000001,8.3238831,0.0,3000.0,
2002-11-08,7.732569,7.732569,8.869711500000001,7.732569,0.0,24255.0,
2002-11-11,8.869711500000001,8.869711500000001,8.869711500000001,8.869711500000001,0.0,0.0,
2002-11-12,7.277712,7.277712,8.642283,7.277712,0.0,34000.0,
2002-11-13,8.187426,6.367998,8.642283,8.187426,0.0,103087.0,
2002-11-14,7.89631752,7.89631752,8.4148545,7.89631752,0.0,1000.0,
2002-11-15,8.4148545,8.4148545,8.4148545,8.4148545,0.0,0.0,
2002-11-18,7.732569,7.732569,8.4148545,7.732569,0.0,13512.0,
2002-11-19,8.4148545,8.4148545,8.4148545,8.4148545,0.0,0.0,
2002-11-20,7.9599975,7.9599975,7.9599975,7.9599975,0.0,1.0,
2002-11-21,7.9599975,7.9599975,7.9599975,7.9599975,0.0,0.0,
2002-11-22,7.9599975,7.9599975,7.9599975,7.9599975,0.0,0.0,
2002-11-25,7.9599975,7.9599975,7.9599975,7.9599975,0.0,0.0,
2002-11-26,7.44146052,7.44146052,7.9599975,7.44146052,0.0,2000.0,
2002-11-27,7.38687768,7.277712,7.732569,7.38687768,0.0,12000.0,
2002-11-28,7.732569,7.732569,7.732569,7.732569,0.0,0.0,
2002-11-29,7.732569,7.732569,7.732569,7.732569,0.0,0.0,
2002-12-02,7.38687768,7.38687768,7.732569,7.38687768,0.0,4000.0,
2002-12-03,7.427814809999999,7.427814809999999,7.9599975,7.427814809999999,0.0,2205.0,
2002-12-04,7.9599975,7.9599975,7.9599975,7.9599975,0.0,0.0,
2002-12-05,7.9599975,7.9599975,7.9599975,7.9599975,0.0,0.0,
2002-12-06,7.9599975,7.9599975,7.9599975,7.9599975,0.0,0.0,
2002-12-09,7.9599975,7.9599975,7.9599975,7.9599975,0.0,0.0,
2002-12-10,7.9599975,7.9599975,7.9599975,7.9599975,0.0,0.0,
2002-12-11,7.9599975,7.9599975,7.9599975,7.9599975,0.0,0.0,
2002-12-12,7.9599975,7.9599975,7.9599975,7.9599975,0.0,0.0,
2002-12-13,7.5051405,7.277712,7.5051405,7.5051405,0.0,13025.0,
2002-12-16,6.98660352,6.98660352,7.5051405,6.98660352,0.0,2402.0,
2002-12-17,7.9599975,7.9599975,7.9599975,7.9599975,0.0,30000.0,
2002-12-18,8.46943734,8.46943734,7.9599975,8.46943734,0.0,2500.0,
2002-12-19,7.9599975,7.9599975,7.9599975,7.9599975,0.0,0.0,
2002-12-20,7.9599975,7.9599975,7.9599975,7.9599975,0.0,0.0,
2002-12-23,7.9599975,7.9599975,7.9599975,7.9599975,0.0,0.0,
2002-12-24,8.187426,8.187426,8.187426,8.187426,0.0,1.0,
2002-12-25,8.187426,8.187426,8.187426,8.187426,0.0,0.0,
2002-12-26,8.187426,8.187426,8.187426,8.187426,0.0,0.0,
2002-12-27,7.9599975,7.9599975,7.9599975,7.9599975,0.0,1.0,
2002-12-30,7.9599975,7.9599975,7.9599975,7.9599975,0.0,0.0,
2002-12-31,7.9599975,7.9599975,7.9599975,7.9599975,0.0,0.0,
2003-01-01,7.9599975,7.9599975,7.9599975,7.9599975,0.0,0.0,
2003-01-02,8.187426,7.277712,7.732569,7.38687768,0.0,33307.0,
2003-01-03,7.732569,7.732569,7.732569,7.732569,0.0,0.0,
2003-01-06,6.98660352,6.98660352,7.5051405,6.98660352,0.0,2000.0,
2003-01-07,7.5051405,7.5051405,7.5051405,7.5051405,0.0,0.0,
2003-01-08,6.822855000000001,6.822855000000001,7.277712,6.822855000000001,0.0,16000.0,
2003-01-09,7.277712,7.277712,7.277712,7.277712,0.0,0.0,
2003-01-10,7.277712,7.277712,7.277712,7.277712,0.0,0.0,
2003-01-13,6.5954265,6.367998,7.0502835,6.367998,0.0,25000.0,
2003-01-14,7.0502835,7.0502835,7.0502835,7.0502835,0.0,0.0,
2003-01-15,7.0502835,7.0502835,7.0502835,7.0502835,0.0,0.0,
2003-01-16,7.0502835,7.0502835,7.0502835,7.0502835,0.0,0.0,
2003-01-17,7.0502835,7.0502835,7.0502835,7.0502835,0.0,0.0,
2003-01-20,6.367998,6.367998,7.0502835,6.367998,0.0,2000.0,
2003-01-21,7.0502835,7.0502835,7.0502835,7.0502835,0.0,0.0,
2003-01-22,7.0502835,7.0502835,7.0502835,7.0502835,0.0,0.0,
2003-01-23,7.0502835,7.0502835,7.0502835,7.0502835,0.0,0.0,
2003-01-24,6.367998,6.367998,6.822855000000001,6.367998,0.0,6000.0,
2003-01-27,6.822855000000001,6.822855000000001,6.822855000000001,6.822855000000001,0.0,0.0,
2003-01-28,6.822855000000001,6.822855000000001,6.822855000000001,6.822855000000001,0.0,0.0,
2003-01-29,7.0502835,7.0502835,7.0502835,7.0502835,0.0,1.0,
2003-01-30,6.822855000000001,6.822855000000001,6.822855000000001,6.822855000000001,0.0,1.0,
2003-01-31,6.5954265,6.5954265,6.5954265,6.5954265,0.0,1.0,
2003-02-03,6.5954265,6.5954265,6.5954265,6.5954265,0.0,0.0,
2003-02-04,5.913141,5.913141,6.5954265,5.913141,0.0,5512.0,
2003-02-05,6.5954265,6.5954265,6.5954265,6.5954265,0.0,0.0,
2003-02-06,6.5954265,6.5954265,6.5954265,6.5954265,0.0,0.0,
2003-02-07,6.5954265,6.5954265,6.5954265,6.5954265,0.0,0.0,
2003-02-10,6.5954265,6.5954265,6.5954265,6.5954265,0.0,0.0,
2003-02-11,6.5954265,6.5954265,6.5954265,6.5954265,0.0,0.0,
2003-02-12,6.5954265,6.5954265,6.5954265,6.5954265,0.0,0.0,
2003-02-13,6.5954265,6.5954265,6.5954265,6.5954265,0.0,0.0,
2003-02-14,6.822855000000001,6.25428375,6.822855000000001,6.822855000000001,0.0,1050000.0,
2003-02-17,6.47716368,6.47716368,6.822855000000001,6.47716368,0.0,602000.0,
2003-02-18,6.5954265,6.5954265,6.5954265,6.5954265,0.0,1.0,
2003-02-19,6.5954265,6.5954265,6.5954265,6.5954265,0.0,0.0,
2003-02-20,6.5954265,6.5954265,6.5954265,6.5954265,0.0,0.0,
2003-02-21,6.5954265,6.5954265,6.5954265,6.5954265,0.0,0.0,
2003-02-24,6.5954265,6.5954265,6.5954265,6.5954265,0.0,0.0,
2003-02-25,6.5954265,6.5954265,6.5954265,6.5954265,0.0,0.0,
2003-02-26,6.5954265,6.5954265,6.5954265,6.5954265,0.0,0.0,
2003-02-27,6.07688952,6.07688952,6.5954265,6.07688952,0.0,2000.0,
2003-02-28,6.5954265,6.5954265,6.5954265,6.5954265,0.0,0.0,
2003-03-03,6.5954265,6.5954265,6.5954265,6.5954265,0.0,0.0,
2003-03-04,5.913141,5.913141,5.913141,5.913141,0.0,5000.0,
2003-03-05,5.16717552,5.16717552,5.6857125,5.16717552,0.0,7000.0,
2003-03-06,5.6857125,5.6857125,5.6857125,5.6857125,0.0,0.0,
2003-03-07,5.6857125,5.6857125,5.6857125,5.6857125,0.0,0.0,
2003-03-10,5.6857125,5.6857125,5.6857125,5.6857125,0.0,0.0,
2003-03-11,5.6857125,5.6857125,5.6857125,5.6857125,0.0,0.0,
2003-03-12,5.6857125,5.6857125,5.6857125,5.6857125,0.0,0.0,
2003-03-13,5.003427,4.54857,5.2308555000000005,4.54857,0.0,89000.0,
2003-03-14,5.458284,5.458284,5.458284,5.458284,0.0,1.0,
2003-03-17,5.1125926800000006,5.1125926800000006,5.458284,5.1125926800000006,0.0,4410.0,
2003-03-18,5.458284,5.458284,5.458284,5.458284,0.0,0.0,
2003-03-19,5.003427,5.003427,5.458284,5.003427,0.0,2000.0,
2003-03-20,5.2308555000000005,5.2308555000000005,5.2308555000000005,5.2308555000000005,0.0,1.0,
2003-03-21,5.2308555000000005,5.2308555000000005,5.2308555000000005,5.2308555000000005,0.0,0.0,
2003-03-24,4.71231852,4.54857,5.2308555000000005,4.54857,0.0,5000.0,
2003-03-25,5.2308555000000005,5.2308555000000005,5.2308555000000005,5.2308555000000005,0.0,0.0,
2003-03-26,5.2308555000000005,5.2308555000000005,5.2308555000000005,5.2308555000000005,0.0,0.0,
2003-03-27,5.2308555000000005,5.2308555000000005,5.2308555000000005,5.2308555000000005,0.0,0.0,
2003-03-28,5.2308555000000005,5.2308555000000005,5.2308555000000005,5.2308555000000005,0.0,0.0,
2003-03-31,5.2308555000000005,5.2308555000000005,5.2308555000000005,5.2308555000000005,0.0,0.0,
2003-04-01,4.64863854,4.64863854,5.2308555000000005,4.64863854,0.0,5000.0,
2003-04-02,5.2308555000000005,5.2308555000000005,5.2308555000000005,5.2308555000000005,0.0,0.0,
2003-04-03,4.71231852,4.71231852,5.2308555000000005,4.71231852,0.0,2000.0,
2003-04-04,4.71231852,4.54857,5.2308555000000005,4.54857,0.0,6393.0,
2003-04-07,5.2308555000000005,5.2308555000000005,5.2308555000000005,5.2308555000000005,0.0,0.0,
2003-04-08,5.2308555000000005,5.2308555000000005,5.2308555000000005,5.2308555000000005,0.0,0.0,
2003-04-09,5.2308555000000005,5.2308555000000005,5.2308555000000005,5.2308555000000005,0.0,0.0,
2003-04-10,4.71231852,4.54857,5.2308555000000005,4.54857,0.0,4000.0,
2003-04-11,5.003427,4.64863854,5.003427,4.64863854,0.0,138000.0,
2003-04-14,5.003427,5.003427,5.003427,5.003427,0.0,0.0,
2003-04-15,5.2308555000000005,5.2308555000000005,5.2308555000000005,5.2308555000000005,0.0,1.0,
2003-04-16,5.2308555000000005,5.2308555000000005,5.2308555000000005,5.2308555000000005,0.0,0.0,
2003-04-17,5.2308555000000005,5.2308555000000005,5.2308555000000005,5.2308555000000005,0.0,0.0,
2003-04-18,5.2308555000000005,5.2308555000000005,5.2308555000000005,5.2308555000000005,0.0,0.0,
2003-04-21,5.2308555000000005,5.2308555000000005,5.2308555000000005,5.2308555000000005,0.0,0.0,
2003-04-22,5.2308555000000005,5.2308555000000005,5.2308555000000005,5.2308555000000005,0.0,0.0,
2003-04-23,5.2308555000000005,5.2308555000000005,5.2308555000000005,5.2308555000000005,0.0,0.0,
2003-04-24,5.2308555000000005,5.2308555000000005,5.2308555000000005,5.2308555000000005,0.0,0.0,
2003-04-25,5.2308555000000005,5.2308555000000005,5.2308555000000005,5.2308555000000005,0.0,0.0,
2003-04-28,5.2308555000000005,5.2308555000000005,5.2308555000000005,5.2308555000000005,0.0,0.0,
2003-04-29,5.2308555000000005,5.2308555000000005,5.2308555000000005,5.2308555000000005,0.0,0.0,
2003-04-30,5.2308555000000005,5.2308555000000005,5.2308555000000005,5.2308555000000005,0.0,0.0,
2003-05-01,5.2308555000000005,5.2308555000000005,5.2308555000000005,5.2308555000000005,0.0,0.0,
2003-05-02,5.2308555000000005,5.2308555000000005,5.2308555000000005,5.2308555000000005,0.0,0.0,
2003-05-05,5.2308555000000005,5.2308555000000005,5.2308555000000005,5.2308555000000005,0.0,0.0,
2003-05-06,5.2308555000000005,5.2308555000000005,5.2308555000000005,5.2308555000000005,0.0,0.0,
2003-05-07,5.2308555000000005,5.2308555000000005,5.2308555000000005,5.2308555000000005,0.0,0.0,
2003-05-08,5.2308555000000005,5.2308555000000005,5.2308555000000005,5.2308555000000005,0.0,0.0,
2003-05-09,5.2308555000000005,5.2308555000000005,5.2308555000000005,5.2308555000000005,0.0,0.0,
2003-05-12,5.2308555000000005,5.2308555000000005,5.2308555000000005,5.2308555000000005,0.0,0.0,
2003-05-13,5.2308555000000005,5.2308555000000005,5.2308555000000005,5.2308555000000005,0.0,0.0,
2003-05-14,5.2308555000000005,5.2308555000000005,5.2308555000000005,5.2308555000000005,0.0,0.0,
2003-05-15,5.2308555000000005,5.2308555000000005,5.2308555000000005,5.2308555000000005,0.0,0.0,
2003-05-16,5.2308555000000005,5.2308555000000005,5.2308555000000005,5.2308555000000005,0.0,0.0,
2003-05-19,5.2308555000000005,5.2308555000000005,5.2308555000000005,5.2308555000000005,0.0,0.0,
2003-05-20,5.458284,5.458284,5.2308555000000005,5.458284,0.0,50000.0,
2003-05-21,5.2308555000000005,5.2308555000000005,5.2308555000000005,5.2308555000000005,0.0,0.0,
2003-05-22,5.2308555000000005,5.2308555000000005,5.2308555000000005,5.2308555000000005,0.0,0.0,
2003-05-23,4.54857,4.54857,5.2308555000000005,4.54857,0.0,6000.0,
2003-05-26,5.2308555000000005,5.2308555000000005,5.2308555000000005,5.2308555000000005,0.0,0.0,
2003-05-27,5.2308555000000005,5.2308555000000005,5.2308555000000005,5.2308555000000005,0.0,0.0,
2003-05-28,5.740295339999999,5.740295339999999,5.2308555000000005,5.740295339999999,0.0,10000.0,
2003-05-29,4.76690136,4.76690136,5.2308555000000005,4.76690136,0.0,2000.0,
2003-05-30,5.740295339999999,5.740295339999999,5.2308555000000005,5.740295339999999,0.0,10000.0,
2003-06-02,5.2308555000000005,5.2308555000000005,5.2308555000000005,5.2308555000000005,0.0,0.0,
2003-06-03,5.2308555000000005,5.2308555000000005,5.2308555000000005,5.2308555000000005,0.0,0.0,
2003-06-04,5.458284,5.2308555000000005,5.2308555000000005,5.2308555000000005,0.0,230000.0,
2003-06-05,5.2308555000000005,5.2308555000000005,5.2308555000000005,5.2308555000000005,0.0,0.0,
2003-06-06,5.2308555000000005,5.2308555000000005,5.2308555000000005,5.2308555000000005,0.0,0.0,
2003-06-09,5.2308555000000005,5.2308555000000005,5.2308555000000005,5.2308555000000005,0.0,12000.0,
2003-06-10,5.2308555000000005,5.2308555000000005,5.2308555000000005,5.2308555000000005,0.0,0.0,
2003-06-11,5.2308555000000005,5.2308555000000005,5.2308555000000005,5.2308555000000005,0.0,0.0,
2003-06-12,4.71231852,4.71231852,5.2308555000000005,4.71231852,0.0,4666.0,
2003-06-13,5.003427,5.003427,5.2308555000000005,5.003427,0.0,17000.0,
2003-06-16,5.2308555000000005,5.2308555000000005,5.2308555000000005,5.2308555000000005,0.0,0.0,
2003-06-17,5.2308555000000005,5.2308555000000005,5.2308555000000005,5.2308555000000005,0.0,0.0,
2003-06-18,5.2308555000000005,5.2308555000000005,5.2308555000000005,5.2308555000000005,0.0,0.0,
2003-06-19,5.2308555000000005,5.2308555000000005,5.2308555000000005,5.2308555000000005,0.0,0.0,
2003-06-20,5.2308555000000005,5.2308555000000005,5.2308555000000005,5.2308555000000005,0.0,0.0,
2003-06-23,5.2308555000000005,5.2308555000000005,5.2308555000000005,5.2308555000000005,0.0,0.0,
2003-06-24,5.2308555000000005,5.2308555000000005,5.2308555000000005,5.2308555000000005,0.0,0.0,
2003-06-25,5.2308555000000005,5.2308555000000005,5.2308555000000005,5.2308555000000005,0.0,0.0,
2003-06-26,5.2308555000000005,5.2308555000000005,5.2308555000000005,5.2308555000000005,0.0,0.0,
2003-06-27,5.2308555000000005,5.2308555000000005,5.2308555000000005,5.2308555000000005,0.0,0.0,
2003-06-30,5.2308555000000005,5.2308555000000005,5.2308555000000005,5.2308555000000005,0.0,0.0,
2003-07-01,5.2308555000000005,5.2308555000000005,5.2308555000000005,5.2308555000000005,0.0,0.0,
2003-07-02,5.2308555000000005,5.2308555000000005,5.2308555000000005,5.2308555000000005,0.0,0.0,
2003-07-03,5.2308555000000005,5.2308555000000005,5.2308555000000005,5.2308555000000005,0.0,0.0,
2003-07-04,5.2308555000000005,5.2308555000000005,5.2308555000000005,5.2308555000000005,0.0,0.0,
2003-07-07,5.2308555000000005,5.2308555000000005,5.2308555000000005,5.2308555000000005,0.0,0.0,
2003-07-08,5.2308555000000005,5.2308555000000005,5.2308555000000005,5.2308555000000005,0.0,0.0,
2003-07-09,4.71231852,4.71231852,4.7759985,4.71231852,0.0,50000.0,
2003-07-10,4.7759985,4.7759985,4.7759985,4.7759985,0.0,0.0,
2003-07-11,4.7759985,4.7759985,4.7759985,4.7759985,0.0,0.0,
2003-07-14,4.7759985,4.7759985,4.7759985,4.7759985,0.0,0.0,
2003-07-15,5.640226800000001,4.312044360000001,4.7759985,4.54857,0.0,185000.0,
2003-07-16,5.28543834,5.28543834,5.2308555000000005,5.28543834,0.0,25000.0,
2003-07-17,5.2308555000000005,5.2308555000000005,5.2308555000000005,5.2308555000000005,0.0,0.0,
2003-07-18,5.2308555000000005,5.2308555000000005,5.2308555000000005,5.2308555000000005,0.0,0.0,
2003-07-21,5.2308555000000005,5.2308555000000005,5.2308555000000005,5.2308555000000005,0.0,0.0,
2003-07-22,5.2308555000000005,5.2308555000000005,5.2308555000000005,5.2308555000000005,0.0,0.0,
2003-07-23,5.2308555000000005,5.2308555000000005,5.2308555000000005,5.2308555000000005,0.0,0.0,
2003-07-24,5.2308555000000005,5.2308555000000005,5.2308555000000005,5.2308555000000005,0.0,0.0,
2003-07-25,5.2308555000000005,5.2308555000000005,5.2308555000000005,5.2308555000000005,0.0,0.0,
2003-07-28,5.2308555000000005,5.2308555000000005,5.2308555000000005,5.2308555000000005,0.0,0.0,
2003-07-29,5.2308555000000005,5.2308555000000005,5.2308555000000005,5.2308555000000005,0.0,0.0,
2003-07-30,5.2308555000000005,5.2308555000000005,5.2308555000000005,5.2308555000000005,0.0,0.0,
2003-07-31,5.2308555000000005,5.2308555000000005,5.2308555000000005,5.2308555000000005,0.0,0.0,
2003-08-01,5.2308555000000005,5.2308555000000005,5.2308555000000005,5.2308555000000005,0.0,0.0,
2003-08-04,5.2308555000000005,5.2308555000000005,5.2308555000000005,5.2308555000000005,0.0,0.0,
2003-08-05,5.2308555000000005,5.2308555000000005,5.2308555000000005,5.2308555000000005,0.0,0.0,
2003-08-06,5.2308555000000005,5.2308555000000005,5.2308555000000005,5.2308555000000005,0.0,0.0,
2003-08-07,5.2308555000000005,5.2308555000000005,5.2308555000000005,5.2308555000000005,0.0,0.0,
2003-08-08,5.2308555000000005,5.2308555000000005,5.2308555000000005,5.2308555000000005,0.0,0.0,
2003-08-11,5.2308555000000005,5.2308555000000005,5.2308555000000005,5.2308555000000005,0.0,5176.0,
2003-08-12,5.2308555000000005,5.2308555000000005,5.2308555000000005,5.2308555000000005,0.0,0.0,
2003-08-13,5.2308555000000005,5.2308555000000005,5.2308555000000005,5.2308555000000005,0.0,5000.0,
2003-08-14,5.2308555000000005,5.2308555000000005,5.2308555000000005,5.2308555000000005,0.0,0.0,
2003-08-15,5.2308555000000005,5.2308555000000005,5.2308555000000005,5.2308555000000005,0.0,0.0,
2003-08-18,5.2308555000000005,5.2308555000000005,5.2308555000000005,5.2308555000000005,0.0,0.0,
2003-08-19,5.2308555000000005,5.2308555000000005,5.2308555000000005,5.2308555000000005,0.0,0.0,
2003-08-20,5.2308555000000005,5.2308555000000005,5.2308555000000005,5.2308555000000005,0.0,25014.0,
2003-08-21,5.2308555000000005,5.2308555000000005,5.2308555000000005,5.2308555000000005,0.0,0.0,
2003-08-22,5.2308555000000005,5.2308555000000005,5.2308555000000005,5.2308555000000005,0.0,0.0,
2003-08-25,5.2308555000000005,5.2308555000000005,5.2308555000000005,5.2308555000000005,0.0,0.0,
2003-08-26,5.2308555000000005,5.2308555000000005,5.2308555000000005,5.2308555000000005,0.0,7717.0,
2003-08-27,5.2308555000000005,5.2308555000000005,5.2308555000000005,5.2308555000000005,0.0,0.0,
2003-08-28,5.2308555000000005,5.2308555000000005,5.2308555000000005,5.2308555000000005,0.0,7865.0,
2003-08-29,5.2308555000000005,5.2308555000000005,5.2308555000000005,5.2308555000000005,0.0,0.0,
2003-09-01,5.2308555000000005,5.2308555000000005,5.2308555000000005,5.2308555000000005,0.0,0.0,
2003-09-02,5.2308555000000005,5.2308555000000005,5.2308555000000005,5.2308555000000005,0.0,0.0,
2003-09-03,5.2308555000000005,5.2308555000000005,5.2308555000000005,5.2308555000000005,0.0,7986.0,
2003-09-04,5.2308555000000005,5.2308555000000005,5.2308555000000005,5.2308555000000005,0.0,0.0,
2003-09-05,5.2308555000000005,5.2308555000000005,5.2308555000000005,5.2308555000000005,0.0,6000.0,
2003-09-08,5.2308555000000005,5.2308555000000005,5.2308555000000005,5.2308555000000005,0.0,0.0,
2003-09-09,5.2308555000000005,5.2308555000000005,5.2308555000000005,5.2308555000000005,0.0,0.0,
2003-09-10,4.7759985,4.7759985,4.7759985,4.7759985,0.0,1.0,
2003-09-11,4.7759985,4.7759985,4.7759985,4.7759985,0.0,0.0,
2003-09-12,5.6857125,4.7759985,5.6857125,4.7759985,0.0,27000.0,
2003-09-15,5.6857125,5.6857125,5.6857125,5.6857125,0.0,0.0,
2003-09-16,5.6857125,5.6857125,5.6857125,5.6857125,0.0,0.0,
2003-09-17,5.6857125,5.6857125,5.6857125,5.6857125,0.0,0.0,
2003-09-18,5.6857125,5.6857125,5.6857125,5.6857125,0.0,24610.0,
2003-09-19,5.6857125,5.6857125,5.6857125,5.6857125,0.0,0.0,
2003-09-22,5.6857125,5.6857125,5.6857125,5.6857125,0.0,0.0,
2003-09-23,5.6857125,5.6857125,5.6857125,5.6857125,0.0,0.0,
2003-09-24,5.6857125,5.6857125,5.6857125,5.6857125,0.0,90.0,
2003-09-25,5.6857125,5.6857125,5.6857125,5.6857125,0.0,0.0,
2003-09-26,5.6857125,5.6857125,5.6857125,5.6857125,0.0,0.0,
2003-09-29,5.6857125,5.6857125,5.6857125,5.6857125,0.0,0.0,
2003-09-30,5.6857125,5.6857125,5.6857125,5.6857125,0.0,0.0,
2003-10-01,5.6857125,5.6857125,5.6857125,5.6857125,0.0,0.0,
2003-10-02,5.6857125,5.6857125,5.6857125,5.6857125,0.0,2000.0,
2003-10-03,5.6857125,5.6857125,5.6857125,5.6857125,0.0,0.0,
2003-10-06,5.6857125,5.6857125,5.6857125,5.6857125,0.0,0.0,
2003-10-07,5.6857125,5.6857125,5.6857125,5.6857125,0.0,0.0,
2003-10-08,5.6857125,5.6857125,5.6857125,5.6857125,0.0,0.0,
2003-10-09,5.6857125,5.6857125,5.6857125,5.6857125,0.0,70000.0,
2003-10-10,5.6857125,5.6857125,5.6857125,5.6857125,0.0,4000.0,
2003-10-13,5.6857125,5.6857125,5.6857125,5.6857125,0.0,0.0,
2003-10-14,5.6857125,5.6857125,5.6857125,5.6857125,0.0,0.0,
2003-10-15,5.6857125,5.6857125,5.6857125,5.6857125,0.0,0.0,
2003-10-16,5.6857125,5.6857125,5.6857125,5.6857125,0.0,2000.0,
2003-10-17,5.913141,5.6857125,5.913141,5.6857125,0.0,4000.0,
2003-10-20,5.6857125,5.6857125,5.6857125,5.6857125,0.0,2000.0,
2003-10-21,5.6857125,5.6857125,5.6857125,5.6857125,0.0,0.0,
2003-10-22,5.6857125,5.6857125,5.6857125,5.6857125,0.0,5000.0,
2003-10-23,5.6857125,5.6857125,5.6857125,5.6857125,0.0,0.0,
2003-10-24,5.6857125,5.6857125,5.6857125,5.6857125,0.0,0.0,
2003-10-27,5.6857125,5.6857125,5.6857125,5.6857125,0.0,0.0,
2003-10-28,5.6857125,5.6857125,5.6857125,5.6857125,0.0,0.0,
2003-10-29,5.6857125,5.6857125,5.6857125,5.6857125,0.0,0.0,
2003-10-30,5.6857125,5.6857125,5.6857125,5.6857125,0.0,0.0,
2003-10-31,5.6857125,5.6857125,5.6857125,5.6857125,0.0,0.0,
2003-11-03,5.6857125,5.6857125,5.6857125,5.6857125,0.0,0.0,
2003-11-04,5.6857125,5.6857125,5.6857125,5.6857125,0.0,0.0,
2003-11-05,5.6857125,5.6857125,5.6857125,5.6857125,0.0,0.0,
2003-11-06,5.6857125,5.6857125,5.6857125,5.6857125,0.0,0.0,
2003-11-07,5.6857125,5.6857125,5.6857125,5.6857125,0.0,0.0,
2003-11-10,5.6857125,5.6857125,5.6857125,5.6857125,0.0,5000.0,
2003-11-11,5.6857125,5.6857125,5.6857125,5.6857125,0.0,0.0,
2003-11-12,5.6857125,5.6857125,5.6857125,5.6857125,0.0,0.0,
2003-11-13,5.6857125,5.6857125,5.6857125,5.6857125,0.0,2346.0,
2003-11-14,5.6857125,4.3211415,5.003427,5.6857125,0.0,130188.0,
2003-11-17,5.34456975,5.003427,5.34456975,5.003427,0.0,111491.0,
2003-11-18,6.1405695,6.0268552500000006,6.1405695,6.0268552500000006,0.0,50000.0,
2003-11-19,6.1405695,6.1405695,6.1405695,6.1405695,0.0,5000.0,
2003-11-20,6.1405695,6.1405695,6.1405695,6.1405695,0.0,21000.0,
2003-11-21,6.1405695,6.1405695,6.1405695,6.1405695,0.0,2559.0,
2003-11-24,6.1405695,6.1405695,6.1405695,6.1405695,0.0,3307.0,
2003-11-25,6.1405695,6.1405695,6.1405695,6.1405695,0.0,7107.0,
2003-11-26,6.1405695,6.1405695,6.1405695,6.1405695,0.0,2000.0,
2003-11-27,6.1405695,6.1405695,6.1405695,6.1405695,0.0,0.0,
2003-11-28,6.1405695,6.1405695,6.1405695,6.1405695,0.0,0.0,
2003-12-01,6.1405695,6.1405695,6.1405695,6.1405695,0.0,0.0,
2003-12-02,6.1405695,6.1405695,6.1405695,6.1405695,0.0,4500.0,
2003-12-03,6.1405695,6.1405695,6.1405695,6.1405695,0.0,0.0,
2003-12-04,6.1405695,6.1405695,6.1405695,6.1405695,0.0,0.0,
2003-12-05,6.1405695,5.913141,5.913141,6.1405695,0.0,12977.0,
2003-12-08,5.913141,5.913141,5.913141,5.913141,0.0,0.0,
2003-12-09,5.913141,5.913141,5.913141,5.913141,0.0,0.0,
2003-12-10,5.913141,5.913141,5.913141,5.913141,0.0,0.0,
2003-12-11,5.913141,5.913141,5.913141,5.913141,0.0,5000.0,
2003-12-12,5.913141,5.913141,5.913141,5.913141,0.0,0.0,
2003-12-15,5.913141,5.913141,5.913141,5.913141,0.0,4870.0,
2003-12-16,5.913141,5.913141,5.913141,5.913141,0.0,0.0,
2003-12-17,5.913141,5.913141,5.913141,5.913141,0.0,0.0,
2003-12-18,5.913141,5.913141,5.913141,5.913141,0.0,0.0,
2003-12-19,5.913141,5.6857125,5.913141,5.6857125,0.0,2000.0,
2003-12-22,5.913141,5.913141,5.913141,5.913141,0.0,0.0,
2003-12-23,5.2308555000000005,5.2308555000000005,5.2308555000000005,5.2308555000000005,0.0,1.0,
2003-12-24,5.2308555000000005,5.2308555000000005,5.2308555000000005,5.2308555000000005,0.0,4000.0,
2003-12-25,5.2308555000000005,5.2308555000000005,5.2308555000000005,5.2308555000000005,0.0,0.0,
2003-12-26,5.2308555000000005,5.2308555000000005,5.2308555000000005,5.2308555000000005,0.0,0.0,
2003-12-29,5.2308555000000005,5.2308555000000005,5.2308555000000005,5.2308555000000005,0.0,750.0,
2003-12-30,5.34456975,5.2308555000000005,5.34456975,5.2308555000000005,0.0,27000.0,
2003-12-31,5.34456975,5.34456975,5.34456975,5.34456975,0.0,0.0,
2004-01-01,5.34456975,5.34456975,5.34456975,5.34456975,0.0,0.0,
2004-01-02,5.34456975,5.34456975,5.34456975,5.34456975,0.0,0.0,
2004-01-04,5.34456975,5.34456975,5.34456975,5.34456975,0.0,0.0,
2004-01-05,5.34456975,5.34456975,5.34456975,5.34456975,0.0,0.0,
2004-01-06,5.34456975,5.34456975,5.34456975,5.34456975,0.0,10762.0,
2004-01-07,5.458284,5.34456975,5.458284,5.458284,0.0,12000.0,
2004-01-08,5.458284,5.458284,5.458284,5.458284,0.0,0.0,
2004-01-09,5.458284,5.458284,5.458284,5.458284,0.0,0.0,
2004-01-12,5.458284,5.458284,5.458284,5.458284,0.0,25000.0,
2004-01-13,5.458284,5.458284,5.458284,5.458284,0.0,2000.0,
2004-01-14,5.458284,5.458284,5.458284,5.458284,0.0,1500.0,
2004-01-15,5.458284,5.458284,5.458284,5.458284,0.0,0.0,
2004-01-16,5.458284,5.458284,5.458284,5.458284,0.0,0.0,
2004-01-19,5.458284,5.458284,5.458284,5.458284,0.0,0.0,
2004-01-20,5.6857125,5.6857125,5.6857125,5.6857125,0.0,1.0,
2004-01-21,5.6857125,5.6857125,5.6857125,5.6857125,0.0,2000.0,
2004-01-22,5.6857125,5.6857125,5.6857125,5.6857125,0.0,0.0,
2004-01-23,5.6857125,5.6857125,5.6857125,5.6857125,0.0,6000.0,
2004-01-26,5.6857125,5.6857125,5.6857125,5.6857125,0.0,2000.0,
2004-01-27,5.6857125,5.6857125,5.6857125,5.6857125,0.0,0.0,
2004-01-28,5.6857125,5.6857125,5.6857125,5.6857125,0.0,0.0,
2004-01-29,5.6857125,5.6857125,5.6857125,5.6857125,0.0,15000.0,
2004-01-30,5.6857125,5.6857125,5.6857125,5.6857125,0.0,0.0,
2004-02-02,6.1405695,5.913141,6.1405695,5.913141,0.0,50000.0,
2004-02-03,6.1405695,6.1405695,6.1405695,6.1405695,0.0,2205.0,
2004-02-04,6.1405695,6.1405695,6.1405695,6.1405695,0.0,2000.0,
2004-02-05,6.1405695,6.1405695,6.1405695,6.1405695,0.0,80000.0,
2004-02-06,6.25428375,6.1405695,6.25428375,6.1405695,0.0,30000.0,
2004-02-09,6.25428375,6.25428375,6.25428375,6.25428375,0.0,0.0,
2004-02-10,6.822855000000001,6.367998,6.822855000000001,6.367998,0.0,2000.0,
2004-02-11,6.822855000000001,6.822855000000001,6.822855000000001,6.822855000000001,0.0,0.0,
2004-02-12,7.0502835,7.0502835,7.0502835,7.0502835,0.0,4410.0,
2004-02-13,7.0502835,7.0502835,7.0502835,7.0502835,0.0,84995.0,
2004-02-16,7.0502835,7.0502835,7.0502835,7.0502835,0.0,15025.0,
2004-02-17,7.277712,7.0502835,7.277712,7.0502835,0.0,2000.0,
2004-02-18,7.277712,7.277712,7.277712,7.277712,0.0,0.0,
2004-02-19,7.277712,7.277712,7.277712,7.277712,0.0,0.0,
2004-02-20,7.277712,7.277712,7.277712,7.277712,0.0,0.0,
2004-02-23,7.277712,7.277712,7.277712,7.277712,0.0,2000.0,
2004-02-24,7.277712,7.277712,7.277712,7.277712,0.0,0.0,
2004-02-25,7.277712,7.277712,7.277712,7.277712,0.0,0.0,
2004-02-26,7.277712,7.277712,7.277712,7.277712,0.0,0.0,
2004-02-27,7.277712,7.277712,7.277712,7.277712,0.0,0.0,
2004-03-01,7.277712,7.277712,7.277712,7.277712,0.0,0.0,
2004-03-02,7.277712,7.277712,7.277712,7.277712,0.0,0.0,
2004-03-03,7.277712,7.277712,7.277712,7.277712,0.0,0.0,
2004-03-04,7.277712,7.277712,7.277712,7.277712,0.0,3526.0,
2004-03-05,7.277712,7.277712,7.277712,7.277712,0.0,0.0,
2004-03-08,7.277712,7.0502835,7.277712,7.0502835,0.0,5512.0,
2004-03-09,7.277712,7.277712,7.277712,7.277712,0.0,0.0,
2004-03-10,7.277712,7.277712,7.277712,7.277712,0.0,0.0,
2004-03-11,7.277712,7.277712,7.277712,7.277712,0.0,0.0,
2004-03-12,7.277712,7.0502835,7.277712,7.0502835,0.0,8900.0,
2004-03-15,7.277712,7.277712,7.277712,7.277712,0.0,4000.0,
2004-03-16,7.277712,6.822855000000001,6.822855000000001,7.277712,0.0,32000.0,
2004-03-17,6.822855000000001,6.822855000000001,6.822855000000001,6.822855000000001,0.0,5000.0,
2004-03-18,6.822855000000001,6.822855000000001,6.822855000000001,6.822855000000001,0.0,45000.0,
2004-03-19,6.822855000000001,6.822855000000001,6.822855000000001,6.822855000000001,0.0,10355.0,
2004-03-22,6.822855000000001,6.822855000000001,6.822855000000001,6.822855000000001,0.0,100000.0,
2004-03-23,6.822855000000001,6.822855000000001,6.822855000000001,6.822855000000001,0.0,0.0,
2004-03-24,6.822855000000001,6.70914075,6.70914075,6.822855000000001,0.0,13512.0,
2004-03-25,6.70914075,6.70914075,6.70914075,6.70914075,0.0,0.0,
2004-03-26,6.70914075,6.70914075,6.70914075,6.70914075,0.0,4000.0,
2004-03-29,6.70914075,6.70914075,6.70914075,6.70914075,0.0,0.0,
2004-03-30,6.70914075,6.70914075,6.70914075,6.70914075,0.0,75000.0,
2004-03-31,6.70914075,6.70914075,6.70914075,6.70914075,0.0,2000.0,
2004-04-01,6.70914075,6.70914075,6.70914075,6.70914075,0.0,0.0,
2004-04-02,6.70914075,6.70914075,6.70914075,6.70914075,0.0,5000.0,
2004-04-05,6.70914075,6.70914075,6.70914075,6.70914075,0.0,0.0,
2004-04-06,6.70914075,6.70914075,6.70914075,6.70914075,0.0,19200.0,
2004-04-07,6.70914075,6.70914075,6.70914075,6.70914075,0.0,0.0,
2004-04-08,6.70914075,6.70914075,6.70914075,6.70914075,0.0,10710.0,
2004-04-09,6.70914075,6.70914075,6.70914075,6.70914075,0.0,0.0,
2004-04-12,6.70914075,6.70914075,6.70914075,6.70914075,0.0,0.0,
2004-04-13,6.70914075,6.70914075,6.70914075,6.70914075,0.0,2198.0,
2004-04-14,6.70914075,6.70914075,6.70914075,6.70914075,0.0,0.0,
2004-04-15,6.70914075,6.70914075,6.70914075,6.70914075,0.0,2000.0,
2004-04-16,7.0502835,6.70914075,7.0502835,6.70914075,0.0,211136.0,
2004-04-19,7.5051405,7.277712,7.5051405,7.277712,0.0,1500.0,
2004-04-20,7.9599975,7.5051405,7.9599975,7.5051405,0.0,27756.0,
2004-04-21,8.187426,8.187426,8.187426,8.187426,0.0,41102.0,
2004-04-22,8.4148545,8.187426,8.4148545,8.187426,0.0,29210.0,
2004-04-23,8.4148545,8.4148545,8.4148545,8.4148545,0.0,7500.0,
2004-04-26,8.4148545,8.4148545,8.4148545,8.4148545,0.0,2000.0,
2004-04-27,8.4148545,8.4148545,8.4148545,8.4148545,0.0,5000.0,
2004-04-28,8.4148545,8.4148545,8.4148545,8.4148545,0.0,5000.0,
2004-04-29,8.4148545,8.4148545,8.4148545,8.4148545,0.0,4384.0,
2004-04-30,8.4148545,8.4148545,8.4148545,8.4148545,0.0,0.0,
2004-05-03,8.4148545,8.4148545,8.4148545,8.4148545,0.0,0.0,
2004-05-04,8.4148545,8.4148545,8.4148545,8.4148545,0.0,0.0,
2004-05-05,8.4148545,8.4148545,8.4148545,8.4148545,0.0,1000.0,
2004-05-06,8.4148545,8.4148545,8.4148545,8.4148545,0.0,0.0,
2004-05-07,8.4148545,8.4148545,8.4148545,8.4148545,0.0,97255.0,
2004-05-10,8.4148545,8.4148545,8.4148545,8.4148545,0.0,0.0,
2004-05-11,8.4148545,8.4148545,8.4148545,8.4148545,0.0,96526.0,
2004-05-12,8.4148545,8.4148545,8.4148545,8.4148545,0.0,2000.0,
2004-05-13,8.4148545,8.4148545,8.4148545,8.4148545,0.0,0.0,
2004-05-14,8.4148545,8.4148545,8.4148545,8.4148545,0.0,0.0,
2004-05-17,8.4148545,8.4148545,8.4148545,8.4148545,0.0,0.0,
2004-05-18,8.4148545,8.4148545,8.4148545,8.4148545,0.0,12552.0,
2004-05-19,8.4148545,8.4148545,8.4148545,8.4148545,0.0,10154.0,
2004-05-20,8.4148545,8.4148545,8.4148545,8.4148545,0.0,2000.0,
2004-05-21,8.4148545,8.4148545,8.4148545,8.4148545,0.0,3000.0,
2004-05-24,8.4148545,8.4148545,8.4148545,8.4148545,0.0,0.0,
2004-05-25,8.869711500000001,8.4148545,8.869711500000001,8.4148545,0.0,53927.0,
2004-05-26,8.869711500000001,8.869711500000001,8.869711500000001,8.869711500000001,0.0,57361.0,
2004-05-27,8.869711500000001,8.869711500000001,8.869711500000001,8.869711500000001,0.0,0.0,
2004-05-28,8.869711500000001,8.869711500000001,8.869711500000001,8.869711500000001,0.0,0.0,
2004-05-31,8.869711500000001,8.869711500000001,8.869711500000001,8.869711500000001,0.0,0.0,
2004-06-01,8.869711500000001,8.869711500000001,8.869711500000001,8.869711500000001,0.0,0.0,
2004-06-02,8.869711500000001,8.869711500000001,8.869711500000001,8.869711500000001,0.0,5512.0,
2004-06-03,8.869711500000001,8.869711500000001,8.869711500000001,8.869711500000001,0.0,25000.0,
2004-06-04,8.869711500000001,8.869711500000001,8.869711500000001,8.869711500000001,0.0,11740.0,
2004-06-07,8.869711500000001,8.869711500000001,8.869711500000001,8.869711500000001,0.0,0.0,
2004-06-08,8.869711500000001,8.869711500000001,8.869711500000001,8.869711500000001,0.0,0.0,
2004-06-09,8.869711500000001,8.869711500000001,8.869711500000001,8.869711500000001,0.0,0.0,
2004-06-10,8.869711500000001,8.869711500000001,8.869711500000001,8.869711500000001,0.0,0.0,
2004-06-11,8.869711500000001,8.869711500000001,8.869711500000001,8.869711500000001,0.0,0.0,
2004-06-14,8.869711500000001,8.869711500000001,8.869711500000001,8.869711500000001,0.0,0.0,
2004-06-15,8.869711500000001,8.869711500000001,8.869711500000001,8.869711500000001,0.0,0.0,
2004-06-16,8.869711500000001,8.869711500000001,8.869711500000001,8.869711500000001,0.0,0.0,
2004-06-17,8.869711500000001,8.869711500000001,8.869711500000001,8.869711500000001,0.0,0.0,
2004-06-18,8.869711500000001,8.869711500000001,8.869711500000001,8.869711500000001,0.0,0.0,
2004-06-21,8.869711500000001,8.869711500000001,8.869711500000001,8.869711500000001,0.0,1000.0,
2004-06-22,8.869711500000001,8.869711500000001,8.869711500000001,8.869711500000001,0.0,0.0,
2004-06-23,8.869711500000001,8.869711500000001,8.869711500000001,8.869711500000001,0.0,7205.0,
2004-06-24,8.869711500000001,8.869711500000001,8.869711500000001,8.869711500000001,0.0,0.0,
2004-06-25,8.869711500000001,8.869711500000001,8.869711500000001,8.869711500000001,0.0,0.0,
2004-06-28,8.869711500000001,8.869711500000001,8.869711500000001,8.869711500000001,0.0,2000.0,
2004-06-29,8.869711500000001,8.869711500000001,8.869711500000001,8.869711500000001,0.0,4000.0,
2004-06-30,8.869711500000001,8.642283,8.642283,8.869711500000001,0.0,21025.0,
2004-07-01,8.642283,8.642283,8.642283,8.642283,0.0,0.0,
2004-07-02,8.642283,8.642283,8.642283,8.642283,0.0,0.0,
2004-07-05,8.869711500000001,8.642283,8.642283,8.642283,0.0,2000.0,
2004-07-06,8.642283,8.642283,8.642283,8.642283,0.0,0.0,
2004-07-07,8.642283,8.642283,8.642283,8.642283,0.0,3254.0,
2004-07-08,8.642283,8.642283,8.642283,8.642283,0.0,0.0,
2004-07-09,8.642283,8.642283,8.642283,8.642283,0.0,0.0,
2004-07-12,8.642283,8.642283,8.642283,8.642283,0.0,2000.0,
2004-07-13,8.642283,8.642283,8.642283,8.642283,0.0,0.0,
2004-07-14,8.642283,8.642283,8.642283,8.642283,0.0,0.0,
2004-07-15,8.642283,8.642283,8.642283,8.642283,0.0,0.0,
2004-07-16,8.642283,8.642283,8.642283,8.642283,0.0,0.0,
2004-07-19,8.642283,8.642283,8.642283,8.642283,0.0,0.0,
2004-07-20,8.642283,8.642283,8.642283,8.642283,0.0,10000.0,
2004-07-21,8.642283,8.642283,8.642283,8.642283,0.0,20000.0,
2004-07-22,8.642283,8.642283,8.642283,8.642283,0.0,0.0,
2004-07-23,8.642283,8.642283,8.642283,8.642283,0.0,0.0,
2004-07-26,8.642283,8.642283,8.642283,8.642283,0.0,0.0,
2004-07-27,8.642283,8.642283,8.642283,8.642283,0.0,0.0,
2004-07-28,8.642283,8.642283,8.642283,8.642283,0.0,4975.0,
2004-07-29,8.642283,8.642283,8.642283,8.642283,0.0,10000.0,
2004-07-30,8.642283,8.642283,8.642283,8.642283,0.0,0.0,
2004-08-02,8.642283,8.642283,8.642283,8.642283,0.0,0.0,
2004-08-03,8.642283,8.642283,8.642283,8.642283,0.0,3036.0,
2004-08-04,8.642283,8.642283,8.642283,8.642283,0.0,0.0,
2004-08-05,8.642283,8.4148545,8.642283,8.4148545,0.0,2589.0,
2004-08-06,9.551997,8.642283,9.551997,8.642283,0.0,57000.0,
2004-08-09,9.551997,9.3245685,9.3245685,9.551997,0.0,3000.0,
2004-08-10,9.3245685,9.3245685,9.3245685,9.3245685,0.0,0.0,
2004-08-11,9.3245685,9.3245685,9.3245685,9.3245685,0.0,0.0,
2004-08-12,9.3245685,9.3245685,9.3245685,9.3245685,0.0,3489.0,
2004-08-13,9.3245685,9.3245685,9.3245685,9.3245685,0.0,0.0,
2004-08-16,9.551997,9.3245685,9.551997,9.3245685,0.0,40000.0,
2004-08-17,9.551997,9.551997,9.551997,9.551997,0.0,75000.0,
2004-08-18,9.551997,9.551997,9.551997,9.551997,0.0,100000.0,
2004-08-19,9.89313975,9.551997,9.89313975,9.551997,0.0,58000.0,
2004-08-20,9.89313975,9.89313975,9.89313975,9.89313975,0.0,9989.0,
2004-08-23,9.89313975,9.89313975,9.89313975,9.89313975,0.0,0.0,
2004-08-24,9.89313975,9.89313975,9.89313975,9.89313975,0.0,0.0,
2004-08-25,9.89313975,9.89313975,9.89313975,9.89313975,0.0,0.0,
2004-08-26,9.89313975,9.89313975,9.89313975,9.89313975,0.0,0.0,
2004-08-27,9.89313975,9.66571125,9.66571125,9.89313975,0.0,45000.0,
2004-08-30,9.66571125,9.66571125,9.66571125,9.66571125,0.0,0.0,
2004-08-31,9.7794255,9.7794255,9.7794255,9.7794255,0.0,1.0,
2004-09-01,9.7794255,9.7794255,9.7794255,9.7794255,0.0,7000.0,
2004-09-02,9.7794255,9.7794255,9.7794255,9.7794255,0.0,10000.0,
2004-09-03,9.7794255,9.7794255,9.7794255,9.7794255,0.0,0.0,
2004-09-06,9.7794255,9.7794255,9.7794255,9.7794255,0.0,20000.0,
2004-09-07,9.7794255,9.7794255,9.7794255,9.7794255,0.0,14227.0,
2004-09-08,9.7794255,9.7794255,9.7794255,9.7794255,0.0,2500.0,
2004-09-09,9.7794255,9.7794255,9.7794255,9.7794255,0.0,10000.0,
2004-09-10,9.7794255,9.7794255,9.7794255,9.7794255,0.0,0.0,
2004-09-13,9.7794255,9.7794255,9.7794255,9.7794255,0.0,0.0,
2004-09-14,9.7794255,9.7794255,9.7794255,9.7794255,0.0,0.0,
2004-09-15,9.7794255,9.7794255,9.7794255,9.7794255,0.0,103875.0,
2004-09-16,9.7794255,9.7794255,9.7794255,9.7794255,0.0,25000.0,
2004-09-17,9.7794255,9.7794255,9.7794255,9.7794255,0.0,0.0,
2004-09-20,9.7794255,9.551997,9.551997,9.7794255,0.0,2000.0,
2004-09-21,9.551997,9.551997,9.551997,9.551997,0.0,0.0,
2004-09-22,9.551997,9.551997,9.551997,9.551997,0.0,0.0,
2004-09-23,9.551997,9.551997,9.551997,9.551997,0.0,2000.0,
2004-09-24,9.551997,9.551997,9.551997,9.551997,0.0,0.0,
2004-09-27,9.551997,9.551997,9.551997,9.551997,0.0,0.0,
2004-09-28,9.551997,9.551997,9.551997,9.551997,0.0,0.0,
2004-09-29,9.551997,9.551997,9.551997,9.551997,0.0,2000.0,
2004-09-30,9.551997,9.551997,9.551997,9.551997,0.0,35958.0,
2004-10-01,9.551997,9.551997,9.551997,9.551997,0.0,6037.0,
2004-10-04,9.3245685,9.3245685,9.3245685,9.3245685,0.0,1.0,
2004-10-05,9.3245685,9.3245685,9.3245685,9.3245685,0.0,4857.0,
2004-10-06,9.3245685,9.3245685,9.3245685,9.3245685,0.0,10102.0,
2004-10-07,9.3245685,9.3245685,9.3245685,9.3245685,0.0,0.0,
2004-10-08,9.3245685,9.3245685,9.3245685,9.3245685,0.0,0.0,
2004-10-11,9.3245685,9.3245685,9.3245685,9.3245685,0.0,10000.0,
2004-10-12,9.3245685,9.3245685,9.3245685,9.3245685,0.0,0.0,
2004-10-13,9.3245685,9.3245685,9.3245685,9.3245685,0.0,3000.0,
2004-10-14,9.3245685,9.3245685,9.3245685,9.3245685,0.0,0.0,
2004-10-15,9.3245685,9.3245685,9.3245685,9.3245685,0.0,2756.0,
2004-10-18,9.3245685,9.3245685,9.3245685,9.3245685,0.0,3095.0,
2004-10-19,9.3245685,9.3245685,9.3245685,9.3245685,0.0,10227.0,
2004-10-20,9.09714,9.09714,9.09714,9.09714,0.0,4000.0,
2004-10-21,9.09714,9.09714,9.09714,9.09714,0.0,1000.0,
2004-10-22,9.09714,8.869711500000001,9.09714,8.869711500000001,0.0,10023.0,
2004-10-25,9.09714,9.09714,9.09714,9.09714,0.0,75000.0,
2004-10-26,9.09714,8.869711500000001,8.869711500000001,9.09714,0.0,12000.0,
2004-10-27,8.869711500000001,8.869711500000001,8.869711500000001,8.869711500000001,0.0,20000.0,
2004-10-28,8.869711500000001,8.869711500000001,8.869711500000001,8.869711500000001,0.0,2000.0,
2004-10-29,8.869711500000001,8.869711500000001,8.869711500000001,8.869711500000001,0.0,13505.0,
2004-11-01,8.869711500000001,8.869711500000001,8.869711500000001,8.869711500000001,0.0,9583.0,
2004-11-02,8.869711500000001,8.869711500000001,8.869711500000001,8.869711500000001,0.0,0.0,
2004-11-03,8.869711500000001,8.869711500000001,8.869711500000001,8.869711500000001,0.0,18217.0,
2004-11-04,8.869711500000001,8.869711500000001,8.869711500000001,8.869711500000001,0.0,22050.0,
2004-11-05,8.869711500000001,8.869711500000001,8.869711500000001,8.869711500000001,0.0,4000.0,
2004-11-08,8.869711500000001,8.869711500000001,8.869711500000001,8.869711500000001,0.0,2000.0,
2004-11-09,8.869711500000001,8.869711500000001,8.869711500000001,8.869711500000001,0.0,4210.0,
2004-11-10,8.869711500000001,8.869711500000001,8.869711500000001,8.869711500000001,0.0,0.0,
2004-11-11,8.869711500000001,8.869711500000001,8.869711500000001,8.869711500000001,0.0,0.0,
2004-11-12,8.869711500000001,8.869711500000001,8.869711500000001,8.869711500000001,0.0,0.0,
2004-11-15,8.869711500000001,8.869711500000001,8.869711500000001,8.869711500000001,0.0,938.0,
2004-11-16,8.869711500000001,8.869711500000001,8.869711500000001,8.869711500000001,0.0,0.0,
2004-11-17,8.869711500000001,8.869711500000001,8.869711500000001,8.869711500000001,0.0,0.0,
2004-11-18,8.869711500000001,8.869711500000001,8.869711500000001,8.869711500000001,0.0,0.0,
2004-11-19,8.869711500000001,8.869711500000001,8.869711500000001,8.869711500000001,0.0,5000.0,
2004-11-22,8.869711500000001,8.869711500000001,8.869711500000001,8.869711500000001,0.0,0.0,
2004-11-23,8.869711500000001,8.869711500000001,8.869711500000001,8.869711500000001,0.0,0.0,
2004-11-24,8.869711500000001,8.869711500000001,8.869711500000001,8.869711500000001,0.0,0.0,
2004-11-25,8.869711500000001,8.869711500000001,8.869711500000001,8.869711500000001,0.0,0.0,
2004-11-26,8.869711500000001,8.869711500000001,8.869711500000001,8.869711500000001,0.0,0.0,
2004-11-29,8.869711500000001,8.869711500000001,8.869711500000001,8.869711500000001,0.0,14849.0,
2004-11-30,8.869711500000001,8.869711500000001,8.869711500000001,8.869711500000001,0.0,0.0,
2004-12-01,8.869711500000001,8.869711500000001,8.869711500000001,8.869711500000001,0.0,0.0,
2004-12-02,8.869711500000001,8.869711500000001,8.869711500000001,8.869711500000001,0.0,0.0,
2004-12-03,8.869711500000001,8.869711500000001,8.869711500000001,8.869711500000001,0.0,54535.0,
2004-12-06,8.869711500000001,8.869711500000001,8.869711500000001,8.869711500000001,0.0,0.0,
2004-12-07,8.869711500000001,8.869711500000001,8.869711500000001,8.869711500000001,0.0,3000.0,
2004-12-08,8.869711500000001,8.869711500000001,8.869711500000001,8.869711500000001,0.0,0.0,
2004-12-09,8.869711500000001,8.869711500000001,8.869711500000001,8.869711500000001,0.0,0.0,
2004-12-10,8.869711500000001,8.869711500000001,8.869711500000001,8.869711500000001,0.0,2000.0,
2004-12-13,8.869711500000001,8.869711500000001,8.869711500000001,8.869711500000001,0.0,937.0,
2004-12-14,8.869711500000001,8.869711500000001,8.869711500000001,8.869711500000001,0.0,0.0,
2004-12-15,8.869711500000001,8.869711500000001,8.869711500000001,8.869711500000001,0.0,0.0,
2004-12-16,8.869711500000001,8.869711500000001,8.869711500000001,8.869711500000001,0.0,2000.0,
2004-12-17,8.869711500000001,8.869711500000001,8.869711500000001,8.869711500000001,0.0,0.0,
2004-12-20,8.869711500000001,8.869711500000001,8.869711500000001,8.869711500000001,0.0,0.0,
2004-12-21,8.869711500000001,8.869711500000001,8.869711500000001,8.869711500000001,0.0,0.0,
2004-12-22,8.869711500000001,8.869711500000001,8.869711500000001,8.869711500000001,0.0,2000.0,
2004-12-23,8.869711500000001,8.869711500000001,8.869711500000001,8.869711500000001,0.0,0.0,
2004-12-24,8.869711500000001,8.869711500000001,8.869711500000001,8.869711500000001,0.0,0.0,
2004-12-27,8.869711500000001,8.869711500000001,8.869711500000001,8.869711500000001,0.0,0.0,
2004-12-28,8.869711500000001,8.869711500000001,8.869711500000001,8.869711500000001,0.0,0.0,
2004-12-29,8.869711500000001,8.869711500000001,8.869711500000001,8.869711500000001,0.0,0.0,
2004-12-30,8.869711500000001,8.869711500000001,8.869711500000001,8.869711500000001,0.0,0.0,
2004-12-31,8.869711500000001,8.869711500000001,8.869711500000001,8.869711500000001,0.0,0.0,
2005-01-03,8.869711500000001,8.869711500000001,8.869711500000001,8.869711500000001,0.0,0.0,
2005-01-04,8.869711500000001,8.869711500000001,8.869711500000001,8.869711500000001,0.0,0.0,
2005-01-05,8.869711500000001,8.869711500000001,8.869711500000001,8.869711500000001,0.0,8205.0,
2005-01-06,8.869711500000001,8.869711500000001,8.869711500000001,8.869711500000001,0.0,0.0,
2005-01-07,8.869711500000001,8.869711500000001,8.869711500000001,8.869711500000001,0.0,0.0,
2005-01-10,8.869711500000001,8.869711500000001,8.869711500000001,8.869711500000001,0.0,2076.0,
2005-01-11,8.869711500000001,8.869711500000001,8.869711500000001,8.869711500000001,0.0,0.0,
2005-01-12,8.869711500000001,8.869711500000001,8.869711500000001,8.869711500000001,0.0,20000.0,
2005-01-13,8.869711500000001,8.869711500000001,8.869711500000001,8.869711500000001,0.0,0.0,
2005-01-14,8.869711500000001,8.869711500000001,8.869711500000001,8.869711500000001,0.0,0.0,
2005-01-17,8.869711500000001,8.869711500000001,8.869711500000001,8.869711500000001,0.0,2205.0,
2005-01-18,8.869711500000001,8.869711500000001,8.869711500000001,8.869711500000001,0.0,0.0,
2005-01-19,8.869711500000001,8.869711500000001,8.869711500000001,8.869711500000001,0.0,0.0,
2005-01-20,8.869711500000001,8.869711500000001,8.869711500000001,8.869711500000001,0.0,0.0,
2005-01-21,8.869711500000001,8.869711500000001,8.869711500000001,8.869711500000001,0.0,0.0,
2005-01-24,8.869711500000001,8.869711500000001,8.869711500000001,8.869711500000001,0.0,0.0,
2005-01-25,8.869711500000001,8.869711500000001,8.869711500000001,8.869711500000001,0.0,0.0,
2005-01-26,8.869711500000001,8.869711500000001,8.869711500000001,8.869711500000001,0.0,0.0,
2005-01-27,8.869711500000001,8.869711500000001,8.869711500000001,8.869711500000001,0.0,5000.0,
2005-01-28,8.869711500000001,8.869711500000001,8.869711500000001,8.869711500000001,0.0,2559.0,
2005-01-31,8.869711500000001,8.869711500000001,8.869711500000001,8.869711500000001,0.0,2000.0,
2005-02-01,8.869711500000001,8.869711500000001,8.869711500000001,8.869711500000001,0.0,0.0,
2005-02-02,8.869711500000001,8.869711500000001,8.869711500000001,8.869711500000001,0.0,4205.0,
2005-02-03,8.869711500000001,8.869711500000001,8.869711500000001,8.869711500000001,0.0,257.0,
2005-02-04,8.869711500000001,8.869711500000001,8.869711500000001,8.869711500000001,0.0,2000.0,
2005-02-07,11.1439965,9.3245685,11.1439965,9.3245685,0.0,395163.0,
2005-02-08,13.4182815,11.371425,13.4182815,11.371425,0.0,148022.0,
2005-02-09,13.4182815,13.190853,13.190853,13.4182815,0.0,43000.0,
2005-02-10,13.190853,13.190853,13.190853,13.190853,0.0,0.0,
2005-02-11,13.190853,13.190853,13.190853,13.190853,0.0,2000.0,
2005-02-14,13.190853,13.190853,13.190853,13.190853,0.0,17250.0,
2005-02-15,13.190853,13.190853,13.190853,13.190853,0.0,0.0,
2005-02-16,13.190853,13.190853,13.190853,13.190853,0.0,0.0,
2005-02-17,13.4182815,13.190853,13.4182815,13.190853,0.0,9018.0,
2005-02-18,13.4182815,13.4182815,13.4182815,13.4182815,0.0,0.0,
2005-02-21,13.4182815,13.4182815,13.4182815,13.4182815,0.0,0.0,
2005-02-22,13.4182815,13.4182815,13.4182815,13.4182815,0.0,13505.0,
2005-02-23,13.4182815,13.4182815,13.4182815,13.4182815,0.0,12512.0,
2005-02-24,13.4182815,13.4182815,13.4182815,13.4182815,0.0,0.0,
2005-02-25,13.4182815,13.4182815,13.4182815,13.4182815,0.0,9559.0,
2005-02-28,13.4182815,13.4182815,13.4182815,13.4182815,0.0,16531.0,
2005-03-01,13.4182815,13.4182815,13.4182815,13.4182815,0.0,5000.0,
2005-03-02,13.4182815,13.4182815,13.4182815,13.4182815,0.0,17000.0,
2005-03-03,13.4182815,13.4182815,13.4182815,13.4182815,0.0,0.0,
2005-03-04,13.4182815,13.4182815,13.4182815,13.4182815,0.0,9986.0,
2005-03-07,13.4182815,13.4182815,13.4182815,13.4182815,0.0,3307.0,
2005-03-08,13.4182815,12.9634245,12.9634245,13.4182815,0.0,85965.0,
2005-03-09,13.190853,13.190853,13.190853,13.190853,0.0,1.0,
2005-03-10,13.190853,13.190853,13.190853,13.190853,0.0,0.0,
2005-03-11,13.190853,13.190853,13.190853,13.190853,0.0,2000.0,
2005-03-14,13.190853,13.190853,13.190853,13.190853,0.0,0.0,
2005-03-15,13.190853,13.190853,13.190853,13.190853,0.0,0.0,
2005-03-16,13.4182815,13.190853,13.4182815,13.190853,0.0,39883.0,
2005-03-17,13.4182815,13.4182815,13.4182815,13.4182815,0.0,4205.0,
2005-03-18,13.4182815,13.4182815,13.4182815,13.4182815,0.0,80000.0,
2005-03-21,13.4182815,13.190853,13.190853,13.4182815,0.0,6000.0,
2005-03-22,13.190853,13.190853,13.190853,13.190853,0.0,0.0,
2005-03-23,13.190853,13.190853,13.190853,13.190853,0.0,0.0,
2005-03-24,13.190853,13.190853,13.190853,13.190853,0.0,4205.0,
2005-03-25,13.190853,13.190853,13.190853,13.190853,0.0,0.0,
2005-03-28,13.190853,13.190853,13.190853,13.190853,0.0,0.0,
2005-03-29,13.190853,13.190853,13.190853,13.190853,0.0,11000.0,
2005-03-30,13.190853,12.9634245,12.9634245,13.190853,0.0,13307.0,
2005-03-31,12.9634245,12.9634245,12.9634245,12.9634245,0.0,0.0,
2005-04-01,12.9634245,12.9634245,12.9634245,12.9634245,0.0,0.0,
2005-04-04,12.9634245,12.9634245,12.9634245,12.9634245,0.0,518.0,
2005-04-05,12.9634245,12.9634245,12.9634245,12.9634245,0.0,0.0,
2005-04-06,12.9634245,12.9634245,12.9634245,12.9634245,0.0,0.0,
2005-04-07,12.9634245,12.9634245,12.9634245,12.9634245,0.0,0.0,
2005-04-08,12.9634245,12.9634245,12.9634245,12.9634245,0.0,2000.0,
2005-04-11,12.9634245,12.9634245,12.9634245,12.9634245,0.0,7107.0,
2005-04-12,12.9634245,12.9634245,12.9634245,12.9634245,0.0,0.0,
2005-04-13,12.9634245,12.9634245,12.9634245,12.9634245,0.0,0.0,
2005-04-14,12.9634245,12.9634245,12.9634245,12.9634245,0.0,2000.0,
2005-04-15,12.9634245,12.9634245,12.9634245,12.9634245,0.0,0.0,
2005-04-18,12.9634245,12.9634245,12.9634245,12.9634245,0.0,0.0,
2005-04-19,12.9634245,12.9634245,12.9634245,12.9634245,0.0,9000.0,
2005-04-20,12.9634245,12.9634245,12.9634245,12.9634245,0.0,5000.0,
2005-04-21,11.1439965,8.642283,8.642283,11.1439965,0.0,128982.0,
2005-04-22,8.642283,8.642283,8.642283,8.642283,0.0,2000.0,
2005-04-25,8.642283,8.642283,8.642283,8.642283,0.0,62000.0,
2005-04-26,8.642283,8.4148545,8.4148545,8.642283,0.0,2000.0,
2005-04-27,8.4148545,8.4148545,8.4148545,8.4148545,0.0,16000.0,
2005-04-28,8.4148545,8.4148545,8.4148545,8.4148545,0.0,2000.0,
2005-04-29,8.4148545,8.4148545,8.4148545,8.4148545,0.0,8000.0,
2005-05-02,8.4148545,8.4148545,8.4148545,8.4148545,0.0,0.0,
2005-05-03,8.4148545,8.4148545,8.4148545,8.4148545,0.0,2000.0,
2005-05-04,8.4148545,8.4148545,8.4148545,8.4148545,0.0,0.0,
2005-05-05,8.4148545,8.4148545,8.4148545,8.4148545,0.0,0.0,
2005-05-06,8.4148545,8.4148545,8.4148545,8.4148545,0.0,0.0,
2005-05-09,8.4148545,8.4148545,8.4148545,8.4148545,0.0,6099.0,
2005-05-10,8.4148545,8.4148545,8.4148545,8.4148545,0.0,0.0,
2005-05-11,8.4148545,8.4148545,8.4148545,8.4148545,0.0,0.0,
2005-05-12,8.4148545,8.4148545,8.4148545,8.4148545,0.0,50000.0,
2005-05-13,8.4148545,8.187426,8.4148545,8.187426,0.0,12000.0,
2005-05-16,8.4148545,8.4148545,8.4148545,8.4148545,0.0,0.0,
2005-05-17,8.4148545,8.4148545,8.4148545,8.4148545,0.0,0.0,
2005-05-18,8.4148545,8.4148545,8.4148545,8.4148545,0.0,5000.0,
2005-05-19,8.4148545,8.4148545,8.4148545,8.4148545,0.0,0.0,
2005-05-20,8.4148545,8.4148545,8.4148545,8.4148545,0.0,0.0,
2005-05-23,8.4148545,8.4148545,8.4148545,8.4148545,0.0,0.0,
2005-05-24,8.4148545,8.4148545,8.4148545,8.4148545,0.0,0.0,
2005-05-25,8.4148545,8.4148545,8.4148545,8.4148545,0.0,0.0,
2005-05-26,8.4148545,8.4148545,8.4148545,8.4148545,0.0,10000.0,
2005-05-27,8.4148545,8.4148545,8.4148545,8.4148545,0.0,0.0,
2005-05-30,8.4148545,8.4148545,8.4148545,8.4148545,0.0,0.0,
2005-05-31,8.4148545,8.4148545,8.4148545,8.4148545,0.0,2000.0,
2005-06-01,8.4148545,8.4148545,8.4148545,8.4148545,0.0,0.0,
2005-06-02,8.4148545,8.4148545,8.4148545,8.4148545,0.0,0.0,
2005-06-03,8.4148545,8.4148545,8.4148545,8.4148545,0.0,0.0,
2005-06-06,8.4148545,8.4148545,8.4148545,8.4148545,0.0,2000.0,
2005-06-07,8.4148545,8.4148545,8.4148545,8.4148545,0.0,0.0,
2005-06-08,8.4148545,8.4148545,8.4148545,8.4148545,0.0,0.0,
2005-06-09,8.4148545,8.4148545,8.4148545,8.4148545,0.0,0.0,
2005-06-10,8.4148545,8.4148545,8.4148545,8.4148545,0.0,0.0,
2005-06-13,8.4148545,8.4148545,8.4148545,8.4148545,0.0,0.0,
2005-06-14,8.4148545,8.4148545,8.4148545,8.4148545,0.0,0.0,
2005-06-15,8.4148545,8.4148545,8.4148545,8.4148545,0.0,0.0,
2005-06-16,8.4148545,8.4148545,8.4148545,8.4148545,0.0,5976.0,
2005-06-17,8.4148545,8.4148545,8.4148545,8.4148545,0.0,0.0,
2005-06-20,8.4148545,8.4148545,8.4148545,8.4148545,0.0,0.0,
2005-06-21,8.187426,8.187426,8.187426,8.187426,0.0,1.0,
2005-06-22,8.187426,8.187426,8.187426,8.187426,0.0,0.0,
2005-06-23,8.187426,8.187426,8.187426,8.187426,0.0,0.0,
2005-06-24,8.187426,8.187426,8.187426,8.187426,0.0,0.0,
2005-06-27,8.187426,8.187426,8.187426,8.187426,0.0,0.0,
2005-06-28,8.187426,8.187426,8.187426,8.187426,0.0,0.0,
2005-06-29,8.187426,8.187426,8.187426,8.187426,0.0,0.0,
2005-06-30,8.187426,8.187426,8.187426,8.187426,0.0,0.0,
2005-07-01,8.187426,8.187426,8.187426,8.187426,0.0,0.0,
2005-07-04,8.187426,8.187426,8.187426,8.187426,0.0,0.0,
2005-07-05,8.187426,8.187426,8.187426,8.187426,0.0,0.0,
2005-07-06,8.187426,8.187426,8.187426,8.187426,0.0,0.0,
2005-07-07,8.187426,8.187426,8.187426,8.187426,0.0,0.0,
2005-07-08,8.187426,8.187426,8.187426,8.187426,0.0,0.0,
2005-07-11,8.187426,8.187426,8.187426,8.187426,0.0,0.0,
2005-07-12,8.187426,7.9599975,7.9599975,8.187426,0.0,35199.0,
2005-07-13,7.9599975,7.9599975,7.9599975,7.9599975,0.0,0.0,
2005-07-14,7.9599975,7.9599975,7.9599975,7.9599975,0.0,0.0,
2005-07-15,7.9599975,7.9599975,7.9599975,7.9599975,0.0,0.0,
2005-07-18,7.9599975,7.9599975,7.9599975,7.9599975,0.0,0.0,
2005-07-19,7.9599975,7.277712,7.277712,7.9599975,0.0,40882.0,
2005-07-20,7.5051405,7.277712,7.5051405,7.277712,0.0,65000.0,
2005-07-21,7.5051405,7.5051405,7.5051405,7.5051405,0.0,5759.0,
2005-07-22,7.5051405,7.5051405,7.5051405,7.5051405,0.0,2000.0,
2005-07-25,7.5051405,7.5051405,7.5051405,7.5051405,0.0,0.0,
2005-07-26,7.5051405,7.5051405,7.5051405,7.5051405,0.0,0.0,
2005-07-27,7.5051405,7.277712,7.277712,7.5051405,0.0,12000.0,
2005-07-28,7.277712,7.277712,7.277712,7.277712,0.0,2000.0,
2005-07-29,7.277712,7.277712,7.277712,7.277712,0.0,36025.0,
2005-08-01,7.277712,7.277712,7.277712,7.277712,0.0,0.0,
2005-08-02,7.277712,7.277712,7.277712,7.277712,0.0,0.0,
2005-08-03,7.277712,7.277712,7.277712,7.277712,0.0,0.0,
2005-08-04,7.277712,7.277712,7.277712,7.277712,0.0,0.0,
2005-08-05,7.277712,7.277712,7.277712,7.277712,0.0,0.0,
2005-08-08,7.277712,7.277712,7.277712,7.277712,0.0,10000.0,
2005-08-09,7.5051405,7.277712,7.5051405,7.277712,0.0,299.0,
2005-08-10,7.5051405,7.5051405,7.5051405,7.5051405,0.0,0.0,
2005-08-11,7.5051405,7.5051405,7.5051405,7.5051405,0.0,5000.0,
2005-08-12,7.5051405,7.5051405,7.5051405,7.5051405,0.0,0.0,
2005-08-15,7.5051405,7.5051405,7.5051405,7.5051405,0.0,0.0,
2005-08-16,7.5051405,7.5051405,7.5051405,7.5051405,0.0,2000.0,
2005-08-17,7.5051405,7.5051405,7.5051405,7.5051405,0.0,16000.0,
2005-08-18,7.5051405,7.5051405,7.5051405,7.5051405,0.0,0.0,
2005-08-19,7.5051405,7.5051405,7.5051405,7.5051405,0.0,0.0,
2005-08-22,7.5051405,7.5051405,7.5051405,7.5051405,0.0,2589.0,
2005-08-23,7.5051405,7.277712,7.277712,7.5051405,0.0,22050.0,
2005-08-24,7.277712,7.277712,7.277712,7.277712,0.0,0.0,
2005-08-25,7.277712,7.277712,7.277712,7.277712,0.0,0.0,
2005-08-26,7.277712,7.277712,7.277712,7.277712,0.0,0.0,
2005-08-29,7.277712,7.277712,7.277712,7.277712,0.0,0.0,
2005-08-30,7.277712,7.277712,7.277712,7.277712,0.0,31464.0,
2005-08-31,7.277712,7.277712,7.277712,7.277712,0.0,0.0,
2005-09-01,7.277712,7.277712,7.277712,7.277712,0.0,0.0,
2005-09-02,7.277712,7.277712,7.277712,7.277712,0.0,0.0,
2005-09-05,7.277712,7.277712,7.277712,7.277712,0.0,2000.0,
2005-09-06,7.277712,7.277712,7.277712,7.277712,0.0,4305.0,
2005-09-07,7.277712,7.277712,7.277712,7.277712,0.0,2000.0,
2005-09-08,7.277712,7.0502835,7.0502835,7.277712,0.0,19512.0,
2005-09-09,7.0502835,7.0502835,7.0502835,7.0502835,0.0,1024.0,
2005-09-12,7.0502835,7.0502835,7.0502835,7.0502835,0.0,2000.0,
2005-09-13,7.0502835,7.0502835,7.0502835,7.0502835,0.0,0.0,
2005-09-14,7.0502835,7.0502835,7.0502835,7.0502835,0.0,0.0,
2005-09-15,7.0502835,7.0502835,7.0502835,7.0502835,0.0,10000.0,
2005-09-16,7.0502835,7.0502835,7.0502835,7.0502835,0.0,9020.0,
2005-09-19,7.0502835,7.0502835,7.0502835,7.0502835,0.0,14151.0,
2005-09-20,7.0502835,7.0502835,7.0502835,7.0502835,0.0,0.0,
2005-09-21,7.0502835,7.0502835,7.0502835,7.0502835,0.0,0.0,
2005-09-22,7.0502835,7.0502835,7.0502835,7.0502835,0.0,15000.0,
2005-09-23,7.0502835,7.0502835,7.0502835,7.0502835,0.0,0.0,
2005-09-26,7.0502835,7.0502835,7.0502835,7.0502835,0.0,2000.0,
2005-09-27,7.0502835,7.0502835,7.0502835,7.0502835,0.0,10000.0,
2005-09-28,7.0502835,7.0502835,7.0502835,7.0502835,0.0,881.0,
2005-09-29,7.0502835,7.0502835,7.0502835,7.0502835,0.0,0.0,
2005-09-30,7.0502835,7.0502835,7.0502835,7.0502835,0.0,0.0,
2005-10-03,7.0502835,7.0502835,7.0502835,7.0502835,0.0,100000.0,
2005-10-04,7.0502835,7.0502835,7.0502835,7.0502835,0.0,2000.0,
2005-10-05,7.0502835,7.0502835,7.0502835,7.0502835,0.0,0.0,
2005-10-06,7.0502835,7.0502835,7.0502835,7.0502835,0.0,6492.0,
2005-10-07,7.0502835,7.0502835,7.0502835,7.0502835,0.0,0.0,
2005-10-10,7.0502835,7.0502835,7.0502835,7.0502835,0.0,0.0,
2005-10-11,7.0502835,7.0502835,7.0502835,7.0502835,0.0,11700.0,
2005-10-12,7.0502835,7.0502835,7.0502835,7.0502835,0.0,0.0,
2005-10-13,7.0502835,7.0502835,7.0502835,7.0502835,0.0,0.0,
2005-10-14,7.0502835,6.822855000000001,6.822855000000001,7.0502835,0.0,11510.0,
2005-10-17,6.822855000000001,6.822855000000001,6.822855000000001,6.822855000000001,0.0,0.0,
2005-10-18,6.822855000000001,6.822855000000001,6.822855000000001,6.822855000000001,0.0,3000.0,
2005-10-19,7.0502835,7.0502835,7.0502835,7.0502835,0.0,1.0,
2005-10-20,7.0502835,7.0502835,7.0502835,7.0502835,0.0,23000.0,
2005-10-21,7.0502835,7.0502835,7.0502835,7.0502835,0.0,0.0,
2005-10-24,7.0502835,7.0502835,7.0502835,7.0502835,0.0,0.0,
2005-10-25,7.0502835,7.0502835,7.0502835,7.0502835,0.0,20000.0,
2005-10-26,7.0502835,7.0502835,7.0502835,7.0502835,0.0,0.0,
2005-10-27,7.0502835,7.0502835,7.0502835,7.0502835,0.0,11025.0,
2005-10-28,7.0502835,7.0502835,7.0502835,7.0502835,0.0,26000.0,
2005-10-31,7.0502835,7.0502835,7.0502835,7.0502835,0.0,0.0,
2005-11-01,7.0502835,7.0502835,7.0502835,7.0502835,0.0,2000.0,
2005-11-02,7.0502835,7.0502835,7.0502835,7.0502835,0.0,11425.0,
2005-11-03,7.0502835,7.0502835,7.0502835,7.0502835,0.0,0.0,
2005-11-04,7.0502835,7.0502835,7.0502835,7.0502835,0.0,0.0,
2005-11-07,7.0502835,7.0502835,7.0502835,7.0502835,0.0,11380.0,
2005-11-08,7.0502835,7.0502835,7.0502835,7.0502835,0.0,2000.0,
2005-11-09,6.822855000000001,6.822855000000001,6.822855000000001,6.822855000000001,0.0,1.0,
2005-11-10,6.822855000000001,6.822855000000001,6.822855000000001,6.822855000000001,0.0,0.0,
2005-11-11,6.822855000000001,6.822855000000001,6.822855000000001,6.822855000000001,0.0,0.0,
2005-11-14,6.822855000000001,6.822855000000001,6.822855000000001,6.822855000000001,0.0,0.0,
2005-11-15,6.822855000000001,6.822855000000001,6.822855000000001,6.822855000000001,0.0,2000.0,
2005-11-16,6.822855000000001,6.822855000000001,6.822855000000001,6.822855000000001,0.0,0.0,
2005-11-17,7.277712,7.277712,7.277712,7.277712,0.0,1.0,
2005-11-18,7.277712,7.277712,7.277712,7.277712,0.0,0.0,
2005-11-21,7.277712,7.277712,7.277712,7.277712,0.0,14000.0,
2005-11-22,7.277712,7.277712,7.277712,7.277712,0.0,0.0,
2005-11-23,7.277712,7.277712,7.277712,7.277712,0.0,665.0,
2005-11-24,7.277712,7.277712,7.277712,7.277712,0.0,0.0,
2005-11-25,7.277712,7.16399775,7.16399775,7.277712,0.0,29000.0,
2005-11-28,7.16399775,7.16399775,7.16399775,7.16399775,0.0,0.0,
2005-11-29,7.16399775,7.16399775,7.16399775,7.16399775,0.0,0.0,
2005-11-30,7.16399775,7.16399775,7.16399775,7.16399775,0.0,0.0,
2005-12-01,7.16399775,7.16399775,7.16399775,7.16399775,0.0,0.0,
2005-12-02,7.16399775,7.16399775,7.16399775,7.16399775,0.0,0.0,
2005-12-05,7.16399775,7.16399775,7.16399775,7.16399775,0.0,0.0,
2005-12-06,7.16399775,7.16399775,7.16399775,7.16399775,0.0,0.0,
2005-12-07,7.16399775,7.16399775,7.16399775,7.16399775,0.0,2205.0,
2005-12-08,7.16399775,7.16399775,7.16399775,7.16399775,0.0,0.0,
2005-12-09,7.16399775,7.16399775,7.16399775,7.16399775,0.0,0.0,
2005-12-12,7.16399775,7.16399775,7.16399775,7.16399775,0.0,2000.0,
2005-12-13,7.16399775,7.16399775,7.16399775,7.16399775,0.0,0.0,
2005-12-14,7.16399775,7.16399775,7.16399775,7.16399775,0.0,0.0,
2005-12-15,7.16399775,7.16399775,7.16399775,7.16399775,0.0,0.0,
2005-12-16,7.16399775,7.16399775,7.16399775,7.16399775,0.0,4205.0,
2005-12-19,7.16399775,7.16399775,7.16399775,7.16399775,0.0,0.0,
2005-12-20,7.16399775,7.16399775,7.16399775,7.16399775,0.0,8000.0,
2005-12-21,6.93656925,6.93656925,6.93656925,6.93656925,0.0,1.0,
2005-12-22,6.93656925,6.93656925,6.93656925,6.93656925,0.0,0.0,
2005-12-23,6.93656925,6.93656925,6.93656925,6.93656925,0.0,0.0,
2005-12-26,6.93656925,6.93656925,6.93656925,6.93656925,0.0,0.0,
2005-12-27,6.93656925,6.93656925,6.93656925,6.93656925,0.0,0.0,
2005-12-28,6.93656925,6.93656925,6.93656925,6.93656925,0.0,0.0,
2005-12-29,6.93656925,6.93656925,6.93656925,6.93656925,0.0,11000.0,
2005-12-30,6.93656925,6.93656925,6.93656925,6.93656925,0.0,0.0,
2006-01-02,6.93656925,6.93656925,6.93656925,6.93656925,0.0,0.0,
2006-01-03,6.93656925,6.93656925,6.93656925,6.93656925,0.0,2000.0,
2006-01-04,6.93656925,6.93656925,6.93656925,6.93656925,0.0,0.0,
2006-01-05,6.93656925,6.93656925,6.93656925,6.93656925,0.0,0.0,
2006-01-06,6.93656925,6.93656925,6.93656925,6.93656925,0.0,0.0,
2006-01-09,6.93656925,6.93656925,6.93656925,6.93656925,0.0,23000.0,
2006-01-10,6.93656925,6.93656925,6.93656925,6.93656925,0.0,1444.0,
2006-01-11,6.93656925,6.93656925,6.93656925,6.93656925,0.0,0.0,
2006-01-12,6.93656925,6.93656925,6.93656925,6.93656925,0.0,0.0,
2006-01-13,6.93656925,6.93656925,6.93656925,6.93656925,0.0,0.0,
2006-01-16,6.93656925,6.93656925,6.93656925,6.93656925,0.0,0.0,
2006-01-17,6.93656925,6.93656925,6.93656925,6.93656925,0.0,3860.0,
2006-01-18,6.93656925,6.93656925,6.93656925,6.93656925,0.0,0.0,
2006-01-19,6.93656925,6.93656925,6.93656925,6.93656925,0.0,0.0,
2006-01-20,6.93656925,6.93656925,6.93656925,6.93656925,0.0,0.0,
2006-01-23,6.93656925,6.93656925,6.93656925,6.93656925,0.0,0.0,
2006-01-24,6.93656925,6.93656925,6.93656925,6.93656925,0.0,0.0,
2006-01-25,6.93656925,6.93656925,6.93656925,6.93656925,0.0,0.0,
2006-01-26,6.93656925,6.93656925,6.93656925,6.93656925,0.0,0.0,
2006-01-27,6.93656925,6.93656925,6.93656925,6.93656925,0.0,2000.0,
2006-01-30,6.93656925,6.93656925,6.93656925,6.93656925,0.0,8000.0,
2006-01-31,6.93656925,6.93656925,6.93656925,6.93656925,0.0,0.0,
2006-02-01,6.93656925,6.93656925,6.93656925,6.93656925,0.0,0.0,
2006-02-02,6.93656925,6.93656925,6.93656925,6.93656925,0.0,5548.0,
2006-02-03,6.93656925,6.93656925,6.93656925,6.93656925,0.0,1500.0,
2006-02-06,7.277712,6.93656925,7.277712,6.93656925,0.0,11013.0,
2006-02-07,7.277712,7.277712,7.277712,7.277712,0.0,3360.0,
2006-02-08,7.277712,7.277712,7.277712,7.277712,0.0,0.0,
2006-02-09,7.277712,7.277712,7.277712,7.277712,0.0,0.0,
2006-02-10,7.277712,7.277712,7.277712,7.277712,0.0,50000.0,
2006-02-13,7.277712,7.277712,7.277712,7.277712,0.0,26000.0,
2006-02-14,7.277712,7.277712,7.277712,7.277712,0.0,178625.0,
2006-02-15,7.277712,7.277712,7.277712,7.277712,0.0,0.0,
2006-02-16,7.277712,7.277712,7.277712,7.277712,0.0,0.0,
2006-02-17,7.277712,7.277712,7.277712,7.277712,0.0,0.0,
2006-02-20,7.732569,7.277712,7.732569,7.277712,0.0,61000.0,
2006-02-21,8.4148545,7.732569,8.30114025,7.732569,0.0,35637.0,
2006-02-22,8.30114025,8.30114025,8.30114025,8.30114025,0.0,0.0,
2006-02-23,8.30114025,8.30114025,8.30114025,8.30114025,0.0,0.0,
2006-02-24,8.30114025,8.30114025,8.30114025,8.30114025,0.0,0.0,
2006-02-27,8.30114025,8.30114025,8.30114025,8.30114025,0.0,2000.0,
2006-02-28,8.4148545,8.30114025,8.4148545,8.30114025,0.0,14912.0,
2006-03-01,8.4148545,8.4148545,8.4148545,8.4148545,0.0,4205.0,
2006-03-02,8.4148545,8.4148545,8.4148545,8.4148545,0.0,2000.0,
2006-03-03,8.4148545,8.4148545,8.4148545,8.4148545,0.0,4500.0,
2006-03-06,8.4148545,8.4148545,8.4148545,8.4148545,0.0,2000.0,
2006-03-07,8.4148545,8.4148545,8.4148545,8.4148545,0.0,0.0,
2006-03-08,8.4148545,8.4148545,8.4148545,8.4148545,0.0,0.0,
2006-03-09,8.4148545,8.4148545,8.4148545,8.4148545,0.0,2204.0,
2006-03-10,8.4148545,8.4148545,8.4148545,8.4148545,0.0,2000.0,
2006-03-13,8.4148545,8.187426,8.187426,8.4148545,0.0,6102.0,
2006-03-14,8.187426,8.187426,8.187426,8.187426,0.0,30000.0,
2006-03-15,7.9599975,7.9599975,7.9599975,7.9599975,0.0,1.0,
2006-03-16,7.9599975,7.9599975,7.9599975,7.9599975,0.0,53250.0,
2006-03-17,7.9599975,7.9599975,7.9599975,7.9599975,0.0,34756.0,
2006-03-20,7.9599975,7.9599975,7.9599975,7.9599975,0.0,10000.0,
2006-03-21,7.9599975,7.9599975,7.9599975,7.9599975,0.0,0.0,
2006-03-22,7.9599975,7.9599975,7.9599975,7.9599975,0.0,0.0,
2006-03-23,7.9599975,7.9599975,7.9599975,7.9599975,0.0,7263.0,
2006-03-24,7.9599975,7.9599975,7.9599975,7.9599975,0.0,0.0,
2006-03-27,7.9599975,7.9599975,7.9599975,7.9599975,0.0,10000.0,
2006-03-28,7.9599975,7.9599975,7.9599975,7.9599975,0.0,0.0,
2006-03-29,7.9599975,7.9599975,7.9599975,7.9599975,0.0,0.0,
2006-03-30,7.9599975,7.9599975,7.9599975,7.9599975,0.0,0.0,
2006-03-31,7.9599975,7.9599975,7.9599975,7.9599975,0.0,0.0,
2006-04-03,7.9599975,7.9599975,7.9599975,7.9599975,0.0,10905.0,
2006-04-04,7.9599975,7.9599975,7.9599975,7.9599975,0.0,0.0,
2006-04-05,7.9599975,7.9599975,7.9599975,7.9599975,0.0,0.0,
2006-04-06,7.9599975,7.9599975,7.9599975,7.9599975,0.0,0.0,
2006-04-07,7.9599975,7.9599975,7.9599975,7.9599975,0.0,0.0,
2006-04-10,7.9599975,7.9599975,7.9599975,7.9599975,0.0,0.0,
2006-04-11,7.9599975,7.9599975,7.9599975,7.9599975,0.0,0.0,
2006-04-12,8.187426,8.187426,8.187426,8.187426,0.0,4305.0,
2006-04-13,8.187426,8.187426,8.187426,8.187426,0.0,0.0,
2006-04-14,8.187426,8.187426,8.187426,8.187426,0.0,0.0,
2006-04-17,8.187426,8.187426,8.187426,8.187426,0.0,0.0,
2006-04-18,8.187426,8.187426,8.187426,8.187426,0.0,0.0,
2006-04-19,8.187426,8.187426,8.187426,8.187426,0.0,0.0,
2006-04-20,8.187426,8.187426,8.187426,8.187426,0.0,0.0,
2006-04-21,8.187426,8.187426,8.187426,8.187426,0.0,5000.0,
2006-04-24,8.187426,8.187426,8.187426,8.187426,0.0,0.0,
2006-04-25,8.187426,8.187426,8.187426,8.187426,0.0,0.0,
2006-04-26,14.7828525,8.642283,12.0537105,8.642283,0.0,186983.0,
2006-04-27,12.0537105,12.0537105,12.0537105,12.0537105,0.0,15000.0,
2006-04-28,12.281139,12.0537105,12.281139,12.0537105,0.0,38500.0,
2006-05-01,12.281139,12.281139,12.281139,12.281139,0.0,0.0,
2006-05-02,12.281139,12.0537105,12.0537105,12.281139,0.0,26492.0,
2006-05-03,12.0537105,12.0537105,12.0537105,12.0537105,0.0,6410.0,
2006-05-04,12.0537105,12.0537105,12.0537105,12.0537105,0.0,0.0,
2006-05-05,12.0537105,12.0537105,12.0537105,12.0537105,0.0,18644.0,
2006-05-08,12.0537105,12.0537105,12.0537105,12.0537105,0.0,0.0,
2006-05-09,12.0537105,12.0537105,12.0537105,12.0537105,0.0,64757.0,
2006-05-10,11.826282,11.826282,11.826282,11.826282,0.0,383.0,
2006-05-11,11.826282,11.826282,11.826282,11.826282,0.0,122084.0,
2006-05-12,11.826282,11.826282,11.826282,11.826282,0.0,5000.0,
2006-05-15,11.826282,11.5988535,11.5988535,11.826282,0.0,5000.0,
2006-05-16,11.5988535,11.5988535,11.5988535,11.5988535,0.0,0.0,
2006-05-17,11.5988535,11.5988535,11.5988535,11.5988535,0.0,0.0,
2006-05-18,11.5988535,10.6891395,10.6891395,11.5988535,0.0,5000.0,
2006-05-19,10.461711,10.461711,10.461711,10.461711,0.0,75000.0,
2006-05-22,10.461711,10.461711,10.461711,10.461711,0.0,0.0,
2006-05-23,10.461711,10.461711,10.461711,10.461711,0.0,2000.0,
2006-05-24,10.6891395,10.461711,10.6891395,10.461711,0.0,27439.0,
2006-05-25,10.6891395,10.6891395,10.6891395,10.6891395,0.0,0.0,
2006-05-26,10.6891395,10.6891395,10.6891395,10.6891395,0.0,25000.0,
2006-05-29,10.6891395,10.6891395,10.6891395,10.6891395,0.0,0.0,
2006-05-30,10.6891395,10.6891395,10.6891395,10.6891395,0.0,10000.0,
2006-05-31,10.6891395,10.6891395,10.6891395,10.6891395,0.0,1200.0,
2006-06-01,10.6891395,10.6891395,10.6891395,10.6891395,0.0,0.0,
2006-06-02,10.6891395,10.6891395,10.6891395,10.6891395,0.0,3000.0,
2006-06-05,10.6891395,10.6891395,10.6891395,10.6891395,0.0,0.0,
2006-06-06,10.6891395,10.6891395,10.6891395,10.6891395,0.0,0.0,
2006-06-07,10.6891395,10.6891395,10.6891395,10.6891395,0.0,0.0,
2006-06-08,10.6891395,10.6891395,10.6891395,10.6891395,0.0,10000.0,
2006-06-09,11.1439965,10.6891395,11.1439965,10.6891395,0.0,5000.0,
2006-06-12,11.1439965,11.1439965,11.1439965,11.1439965,0.0,3000.0,
2006-06-13,10.916568,10.916568,10.916568,10.916568,0.0,1.0,
2006-06-14,10.916568,10.916568,10.916568,10.916568,0.0,0.0,
2006-06-15,10.916568,10.916568,10.916568,10.916568,0.0,0.0,
2006-06-16,10.916568,10.916568,10.916568,10.916568,0.0,0.0,
2006-06-19,10.916568,10.916568,10.916568,10.916568,0.0,0.0,
2006-06-20,10.916568,10.916568,10.916568,10.916568,0.0,2000.0,
2006-06-21,10.916568,10.916568,10.916568,10.916568,0.0,0.0,
2006-06-22,10.916568,10.916568,10.916568,10.916568,0.0,0.0,
2006-06-23,10.916568,10.916568,10.916568,10.916568,0.0,0.0,
2006-06-26,10.916568,10.916568,10.916568,10.916568,0.0,5512.0,
2006-06-27,10.916568,10.916568,10.916568,10.916568,0.0,5512.0,
2006-06-28,10.916568,10.916568,10.916568,10.916568,0.0,0.0,
2006-06-29,10.916568,10.916568,10.916568,10.916568,0.0,0.0,
2006-06-30,10.916568,10.916568,10.916568,10.916568,0.0,0.0,
2006-07-03,10.916568,10.916568,10.916568,10.916568,0.0,0.0,
2006-07-04,10.916568,10.916568,10.916568,10.916568,0.0,0.0,
2006-07-05,10.916568,10.916568,10.916568,10.916568,0.0,0.0,
2006-07-06,10.916568,10.916568,10.916568,10.916568,0.0,586.0,
2006-07-07,11.1439965,10.916568,11.1439965,10.916568,0.0,36400.0,
2006-07-10,11.1439965,11.1439965,11.1439965,11.1439965,0.0,0.0,
2006-07-11,11.1439965,11.1439965,11.1439965,11.1439965,0.0,4000.0,
2006-07-12,11.1439965,11.1439965,11.1439965,11.1439965,0.0,23000.0,
2006-07-13,11.1439965,11.1439965,11.1439965,11.1439965,0.0,9883.0,
2006-07-14,11.1439965,11.1439965,11.1439965,11.1439965,0.0,0.0,
2006-07-17,11.1439965,11.1439965,11.1439965,11.1439965,0.0,0.0,
2006-07-18,11.1439965,11.1439965,11.1439965,11.1439965,0.0,0.0,
2006-07-19,11.1439965,11.1439965,11.1439965,11.1439965,0.0,0.0,
2006-07-20,11.1439965,11.1439965,11.1439965,11.1439965,0.0,0.0,
2006-07-21,11.1439965,11.1439965,11.1439965,11.1439965,0.0,0.0,
2006-07-24,11.1439965,11.1439965,11.1439965,11.1439965,0.0,0.0,
2006-07-25,11.1439965,11.1439965,11.1439965,11.1439965,0.0,0.0,
2006-07-26,11.1439965,11.1439965,11.1439965,11.1439965,0.0,0.0,
2006-07-27,11.1439965,11.1439965,11.1439965,11.1439965,0.0,0.0,
2006-07-28,11.1439965,11.1439965,11.1439965,11.1439965,0.0,0.0,
2006-07-31,11.1439965,11.1439965,11.1439965,11.1439965,0.0,0.0,
2006-08-01,11.371425,11.1439965,11.371425,11.1439965,0.0,10000.0,
2006-08-02,12.5085675,11.371425,12.5085675,11.371425,0.0,10000.0,
2006-08-03,12.5085675,12.5085675,12.5085675,12.5085675,0.0,0.0,
2006-08-04,12.5085675,12.5085675,12.5085675,12.5085675,0.0,10000.0,
2006-08-07,12.5085675,12.5085675,12.5085675,12.5085675,0.0,0.0,
2006-08-08,12.5085675,12.5085675,12.5085675,12.5085675,0.0,7000.0,
2006-08-09,14.555424,13.64571,14.3279955,13.64571,0.0,62500.0,
2006-08-10,14.3279955,14.3279955,14.3279955,14.3279955,0.0,0.0,
2006-08-11,14.3279955,14.3279955,14.3279955,14.3279955,0.0,5145.0,
2006-08-14,14.3279955,14.3279955,14.3279955,14.3279955,0.0,5955.0,
2006-08-15,14.3279955,14.3279955,14.3279955,14.3279955,0.0,0.0,
2006-08-16,14.3279955,13.8731385,14.100567,14.3279955,0.0,24954.0,
2006-08-17,14.100567,14.100567,14.100567,14.100567,0.0,2000.0,
2006-08-18,14.100567,14.100567,14.100567,14.100567,0.0,3000.0,
2006-08-21,14.100567,13.8731385,14.100567,14.100567,0.0,17755.0,
2006-08-22,14.3279955,14.3279955,14.3279955,14.3279955,0.0,1.0,
2006-08-23,14.3279955,14.3279955,14.3279955,14.3279955,0.0,0.0,
2006-08-24,14.3279955,14.3279955,14.3279955,14.3279955,0.0,2000.0,
2006-08-25,14.3279955,14.3279955,14.3279955,14.3279955,0.0,3000.0,
2006-08-28,14.3279955,14.3279955,14.3279955,14.3279955,0.0,0.0,
2006-08-29,14.3279955,14.3279955,14.3279955,14.3279955,0.0,0.0,
2006-08-30,14.3279955,14.3279955,14.3279955,14.3279955,0.0,0.0,
2006-08-31,14.3279955,14.3279955,14.3279955,14.3279955,0.0,53874.0,
2006-09-01,14.3279955,14.3279955,14.3279955,14.3279955,0.0,0.0,
2006-09-04,14.3279955,14.3279955,14.3279955,14.3279955,0.0,0.0,
2006-09-05,14.3279955,14.3279955,14.3279955,14.3279955,0.0,2000.0,
2006-09-06,14.3279955,14.3279955,14.3279955,14.3279955,0.0,0.0,
2006-09-07,14.3279955,14.3279955,14.3279955,14.3279955,0.0,10000.0,
2006-09-08,14.3279955,14.3279955,14.3279955,14.3279955,0.0,0.0,
2006-09-11,14.3279955,14.3279955,14.3279955,14.3279955,0.0,0.0,
2006-09-12,15.2377095,14.3279955,15.2377095,14.3279955,0.0,14374.0,
2006-09-13,15.2377095,15.2377095,15.2377095,15.2377095,0.0,0.0,
2006-09-14,15.2377095,15.2377095,15.2377095,15.2377095,0.0,0.0,
2006-09-15,15.2377095,15.2377095,15.2377095,15.2377095,0.0,0.0,
2006-09-18,15.2377095,15.2377095,15.2377095,15.2377095,0.0,2205.0,
2006-09-19,15.2377095,15.2377095,15.2377095,15.2377095,0.0,0.0,
2006-09-20,15.2377095,15.2377095,15.2377095,15.2377095,0.0,17000.0,
2006-09-21,15.2377095,15.2377095,15.2377095,15.2377095,0.0,0.0,
2006-09-22,15.2377095,15.2377095,15.2377095,15.2377095,0.0,5512.0,
2006-09-25,15.465138,15.2377095,15.465138,15.2377095,0.0,30500.0,
2006-09-26,15.465138,15.465138,15.465138,15.465138,0.0,0.0,
2006-09-27,15.465138,15.465138,15.465138,15.465138,0.0,0.0,
2006-09-28,15.465138,15.465138,15.465138,15.465138,0.0,5000.0,
2006-09-29,15.465138,15.465138,15.465138,15.465138,0.0,0.0,
2006-10-02,15.465138,15.465138,15.465138,15.465138,0.0,0.0,
2006-10-03,15.465138,15.010281,15.010281,15.465138,0.0,25000.0,
2006-10-04,15.010281,15.010281,15.010281,15.010281,0.0,4000.0,
2006-10-05,15.010281,15.010281,15.010281,15.010281,0.0,354.0,
2006-10-06,15.010281,15.010281,15.010281,15.010281,0.0,0.0,
2006-10-09,15.010281,15.010281,15.010281,15.010281,0.0,30000.0,
2006-10-10,15.010281,15.010281,15.010281,15.010281,0.0,0.0,
2006-10-11,15.010281,15.010281,15.010281,15.010281,0.0,2000.0,
2006-10-12,15.010281,15.010281,15.010281,15.010281,0.0,2000.0,
2006-10-13,15.010281,15.010281,15.010281,15.010281,0.0,2000.0,
2006-10-16,15.010281,15.010281,15.010281,15.010281,0.0,0.0,
2006-10-17,15.010281,15.010281,15.010281,15.010281,0.0,0.0,
2006-10-18,15.010281,15.010281,15.010281,15.010281,0.0,4856.0,
2006-10-19,15.010281,15.010281,15.010281,15.010281,0.0,0.0,
2006-10-20,15.010281,15.010281,15.010281,15.010281,0.0,0.0,
2006-10-23,15.010281,15.010281,15.010281,15.010281,0.0,2000.0,
2006-10-24,15.010281,14.3279955,14.3279955,15.010281,0.0,27585.0,
2006-10-25,14.3279955,14.3279955,14.3279955,14.3279955,0.0,17000.0,
2006-10-26,14.3279955,14.3279955,14.3279955,14.3279955,0.0,0.0,
2006-10-27,14.3279955,14.3279955,14.3279955,14.3279955,0.0,0.0,
2006-10-30,14.3279955,14.3279955,14.3279955,14.3279955,0.0,0.0,
2006-10-31,14.3279955,14.3279955,14.3279955,14.3279955,0.0,0.0,
2006-11-01,14.3279955,14.3279955,14.3279955,14.3279955,0.0,0.0,
2006-11-02,14.3279955,14.3279955,14.3279955,14.3279955,0.0,0.0,
2006-11-03,14.3279955,14.3279955,14.3279955,14.3279955,0.0,7512.0,
2006-11-06,14.3279955,14.3279955,14.3279955,14.3279955,0.0,0.0,
2006-11-07,14.3279955,14.3279955,14.3279955,14.3279955,0.0,0.0,
2006-11-08,14.3279955,14.3279955,14.3279955,14.3279955,0.0,4205.0,
2006-11-09,14.3279955,14.3279955,14.3279955,14.3279955,0.0,79000.0,
2006-11-10,14.100567,14.100567,14.100567,14.100567,0.0,1.0,
2006-11-13,14.100567,13.64571,13.64571,14.100567,0.0,25000.0,
2006-11-14,13.64571,13.64571,13.64571,13.64571,0.0,0.0,
2006-11-15,13.64571,13.64571,13.64571,13.64571,0.0,0.0,
2006-11-16,13.64571,13.64571,13.64571,13.64571,0.0,0.0,
2006-11-17,13.64571,13.64571,13.64571,13.64571,0.0,0.0,
2006-11-20,13.64571,13.64571,13.64571,13.64571,0.0,0.0,
2006-11-21,13.64571,13.64571,13.64571,13.64571,0.0,0.0,
2006-11-22,13.64571,13.64571,13.64571,13.64571,0.0,0.0,
2006-11-23,13.64571,13.64571,13.64571,13.64571,0.0,39000.0,
2006-11-24,13.64571,13.64571,13.64571,13.64571,0.0,0.0,
2006-11-27,13.64571,13.64571,13.64571,13.64571,0.0,0.0,
2006-11-28,13.64571,13.64571,13.64571,13.64571,0.0,0.0,
2006-11-29,13.64571,13.64571,13.64571,13.64571,0.0,9583.0,
2006-11-30,13.64571,13.190853,13.190853,13.64571,0.0,50000.0,
2006-12-01,13.190853,13.190853,13.190853,13.190853,0.0,0.0,
2006-12-04,13.190853,13.190853,13.190853,13.190853,0.0,0.0,
2006-12-05,13.190853,13.190853,13.190853,13.190853,0.0,0.0,
2006-12-06,13.190853,13.190853,13.190853,13.190853,0.0,5000.0,
2006-12-07,13.190853,13.190853,13.190853,13.190853,0.0,2000.0,
2006-12-08,13.190853,13.190853,13.190853,13.190853,0.0,0.0,
2006-12-11,13.190853,13.190853,13.190853,13.190853,0.0,0.0,
2006-12-12,13.4182815,13.190853,13.4182815,13.190853,0.0,15000.0,
2006-12-13,13.4182815,13.4182815,13.4182815,13.4182815,0.0,0.0,
2006-12-14,13.4182815,13.4182815,13.4182815,13.4182815,0.0,0.0,
2006-12-15,13.4182815,13.4182815,13.4182815,13.4182815,0.0,0.0,
2006-12-18,13.4182815,13.4182815,13.4182815,13.4182815,0.0,0.0,
2006-12-19,13.4182815,13.4182815,13.4182815,13.4182815,0.0,25000.0,
2006-12-20,13.4182815,13.4182815,13.4182815,13.4182815,0.0,0.0,
2006-12-21,13.4182815,13.4182815,13.4182815,13.4182815,0.0,0.0,
2006-12-22,13.4182815,13.4182815,13.4182815,13.4182815,0.0,0.0,
2006-12-25,13.4182815,13.4182815,13.4182815,13.4182815,0.0,0.0,
2006-12-26,13.4182815,13.4182815,13.4182815,13.4182815,0.0,0.0,
2006-12-27,13.4182815,13.4182815,13.4182815,13.4182815,0.0,10000.0,
2006-12-28,13.4182815,13.4182815,13.4182815,13.4182815,0.0,0.0,
2006-12-29,13.4182815,13.4182815,13.4182815,13.4182815,0.0,0.0,
2007-01-01,13.4182815,13.4182815,13.4182815,13.4182815,0.0,0.0,
2007-01-02,13.4182815,13.4182815,13.4182815,13.4182815,0.0,0.0,
2007-01-03,13.4182815,13.4182815,13.4182815,13.4182815,0.0,51524.0,
2007-01-04,13.4182815,13.4182815,13.4182815,13.4182815,0.0,6260.0,
2007-01-05,13.4182815,13.4182815,13.4182815,13.4182815,0.0,2881.0,
2007-01-08,13.4182815,13.4182815,13.4182815,13.4182815,0.0,0.0,
2007-01-09,13.4182815,13.4182815,13.4182815,13.4182815,0.0,0.0,
2007-01-10,13.4182815,13.4182815,13.4182815,13.4182815,0.0,0.0,
2007-01-11,13.4182815,13.4182815,13.4182815,13.4182815,0.0,10000.0,
2007-01-12,13.4182815,13.4182815,13.4182815,13.4182815,0.0,0.0,
2007-01-15,13.4182815,13.4182815,13.4182815,13.4182815,0.0,881.0,
2007-01-16,13.4182815,13.4182815,13.4182815,13.4182815,0.0,0.0,
2007-01-17,13.4182815,13.4182815,13.4182815,13.4182815,0.0,8356.0,
2007-01-18,13.4182815,13.4182815,13.4182815,13.4182815,0.0,2000.0,
2007-01-19,13.4182815,13.4182815,13.4182815,13.4182815,0.0,60000.0,
2007-01-22,13.4182815,13.4182815,13.4182815,13.4182815,0.0,30000.0,
2007-01-23,13.4182815,13.4182815,13.4182815,13.4182815,0.0,9000.0,
2007-01-24,13.4182815,13.4182815,13.4182815,13.4182815,0.0,0.0,
2007-01-25,13.4182815,13.4182815,13.4182815,13.4182815,0.0,0.0,
2007-01-26,13.4182815,13.4182815,13.4182815,13.4182815,0.0,0.0,
2007-01-29,13.4182815,13.4182815,13.4182815,13.4182815,0.0,0.0,
2007-01-30,13.4182815,13.4182815,13.4182815,13.4182815,0.0,0.0,
2007-01-31,13.4182815,13.4182815,13.4182815,13.4182815,0.0,2000.0,
2007-02-01,13.4182815,13.4182815,13.4182815,13.4182815,0.0,5600.0,
2007-02-02,13.4182815,13.4182815,13.4182815,13.4182815,0.0,0.0,
2007-02-05,13.4182815,13.4182815,13.4182815,13.4182815,0.0,0.0,
2007-02-06,14.3279955,13.64571,14.3279955,13.64571,0.0,13035.0,
2007-02-07,14.3279955,14.3279955,14.3279955,14.3279955,0.0,37091.0,
2007-02-08,14.3279955,14.3279955,14.3279955,14.3279955,0.0,0.0,
2007-02-09,14.3279955,14.3279955,14.3279955,14.3279955,0.0,3000.0,
2007-02-12,14.3279955,14.3279955,14.3279955,14.3279955,0.0,0.0,
2007-02-13,14.3279955,14.3279955,14.3279955,14.3279955,0.0,0.0,
2007-02-14,14.3279955,14.3279955,14.3279955,14.3279955,0.0,0.0,
2007-02-15,14.3279955,14.3279955,14.3279955,14.3279955,0.0,15000.0,
2007-02-16,15.2377095,14.3279955,15.2377095,14.3279955,0.0,29312.0,
2007-02-19,17.284566,15.2377095,16.829709,15.2377095,0.0,182769.0,
2007-02-20,17.284566,16.829709,17.0571375,16.829709,0.0,80568.0,
2007-02-21,17.0571375,17.0571375,17.0571375,17.0571375,0.0,0.0,
2007-02-22,18.19428,17.0571375,18.19428,17.0571375,0.0,64934.0,
2007-02-23,19.7862795,18.19428,19.7862795,18.19428,0.0,15591.0,
2007-02-26,20.013708,19.558851,19.558851,19.7862795,0.0,20444.0,
2007-02-27,19.7862795,19.3314225,19.7862795,19.558851,0.0,60566.0,
2007-02-28,19.7862795,19.7862795,19.7862795,19.7862795,0.0,15027.0,
2007-03-01,19.7862795,19.7862795,19.7862795,19.7862795,0.0,0.0,
2007-03-02,19.7862795,19.7862795,19.7862795,19.7862795,0.0,0.0,
2007-03-05,19.7862795,19.3314225,19.3314225,19.7862795,0.0,16300.0,
2007-03-06,19.3314225,18.8765655,18.8765655,19.3314225,0.0,5451.0,
2007-03-07,18.8765655,18.8765655,18.8765655,18.8765655,0.0,4593.0,
2007-03-08,18.8765655,18.8765655,18.8765655,18.8765655,0.0,0.0,
2007-03-09,18.8765655,18.8765655,18.8765655,18.8765655,0.0,10000.0,
2007-03-12,18.8765655,18.8765655,18.8765655,18.8765655,0.0,0.0,
2007-03-13,18.8765655,18.8765655,18.8765655,18.8765655,0.0,34297.0,
2007-03-14,18.8765655,18.8765655,18.8765655,18.8765655,0.0,0.0,
2007-03-15,18.8765655,18.8765655,18.8765655,18.8765655,0.0,2000.0,
2007-03-16,18.8765655,18.8765655,18.8765655,18.8765655,0.0,5200.0,
2007-03-19,18.8765655,18.8765655,18.8765655,18.8765655,0.0,8000.0,
2007-03-20,18.8765655,18.8765655,18.8765655,18.8765655,0.0,2000.0,
2007-03-21,18.8765655,18.8765655,18.8765655,18.8765655,0.0,42341.0,
2007-03-22,18.8765655,18.8765655,18.8765655,18.8765655,0.0,9000.0,
2007-03-23,18.8765655,18.8765655,18.8765655,18.8765655,0.0,15000.0,
2007-03-26,18.8765655,18.8765655,18.8765655,18.8765655,0.0,0.0,
2007-03-27,18.8765655,18.8765655,18.8765655,18.8765655,0.0,0.0,
2007-03-28,18.8765655,18.8765655,18.8765655,18.8765655,0.0,4000.0,
2007-03-29,18.8765655,18.8765655,18.8765655,18.8765655,0.0,451.0,
2007-03-30,18.8765655,18.8765655,18.8765655,18.8765655,0.0,0.0,
2007-04-02,18.8765655,18.8765655,18.8765655,18.8765655,0.0,0.0,
2007-04-03,18.8765655,18.8765655,18.8765655,18.8765655,0.0,7165.0,
2007-04-04,18.8765655,18.8765655,18.8765655,18.8765655,0.0,4000.0,
2007-04-05,18.8765655,18.8765655,18.8765655,18.8765655,0.0,0.0,
2007-04-06,18.8765655,18.8765655,18.8765655,18.8765655,0.0,0.0,
2007-04-09,18.8765655,18.8765655,18.8765655,18.8765655,0.0,0.0,
2007-04-10,18.8765655,18.8765655,18.8765655,18.8765655,0.0,12909.0,
2007-04-11,18.8765655,18.8765655,18.8765655,18.8765655,0.0,12410.0,
2007-04-12,18.8765655,18.8765655,18.8765655,18.8765655,0.0,0.0,
2007-04-13,18.8765655,18.8765655,18.8765655,18.8765655,0.0,0.0,
2007-04-16,18.8765655,18.8765655,18.8765655,18.8765655,0.0,0.0,
2007-04-17,18.8765655,18.8765655,18.8765655,18.8765655,0.0,3000.0,
2007-04-18,18.8765655,18.8765655,18.8765655,18.8765655,0.0,0.0,
2007-04-19,18.8765655,18.649137,18.649137,18.8765655,0.0,2000.0,
2007-04-20,18.649137,18.649137,18.649137,18.649137,0.0,27949.0,
2007-04-23,18.649137,18.649137,18.649137,18.649137,0.0,0.0,
2007-04-24,18.649137,18.649137,18.649137,18.649137,0.0,7632.0,
2007-04-25,18.649137,18.649137,18.649137,18.649137,0.0,25000.0,
2007-04-26,19.103994,18.649137,19.103994,18.649137,0.0,20000.0,
2007-04-27,19.103994,19.103994,19.103994,19.103994,0.0,0.0,
2007-04-30,19.103994,19.103994,19.103994,19.103994,0.0,0.0,
2007-05-01,19.103994,19.103994,19.103994,19.103994,0.0,50400.0,
2007-05-02,19.103994,19.103994,19.103994,19.103994,0.0,0.0,
2007-05-03,19.103994,19.103994,19.103994,19.103994,0.0,0.0,
2007-05-04,19.103994,19.103994,19.103994,19.103994,0.0,0.0,
2007-05-06,19.103994,19.103994,19.103994,19.103994,0.0,0.0,
2007-05-07,19.103994,19.103994,19.103994,19.103994,0.0,0.0,
2007-05-08,19.103994,18.8765655,18.8765655,19.103994,0.0,27000.0,
2007-05-09,18.8765655,18.8765655,18.8765655,18.8765655,0.0,2000.0,
2007-05-10,18.8765655,18.8765655,18.8765655,18.8765655,0.0,0.0,
2007-05-11,18.8765655,18.649137,18.649137,18.8765655,0.0,30000.0,
2007-05-14,18.649137,17.284566,17.284566,18.649137,0.0,89084.0,
2007-05-15,17.284566,17.284566,17.284566,17.284566,0.0,0.0,
2007-05-16,17.284566,17.284566,17.284566,17.284566,0.0,2000.0,
2007-05-17,17.284566,17.284566,17.284566,17.284566,0.0,1000.0,
2007-05-18,17.284566,17.284566,17.284566,17.284566,0.0,0.0,
2007-05-21,17.284566,17.284566,17.284566,17.284566,0.0,0.0,
2007-05-22,17.284566,17.284566,17.284566,17.284566,0.0,2000.0,
2007-05-23,17.284566,17.284566,17.284566,17.284566,0.0,1102.0,
2007-05-24,17.284566,17.284566,17.284566,17.284566,0.0,0.0,
2007-05-25,17.284566,17.284566,17.284566,17.284566,0.0,0.0,
2007-05-28,17.284566,17.284566,17.284566,17.284566,0.0,0.0,
2007-05-29,17.0571375,16.829709,17.0571375,16.829709,0.0,27316.0,
2007-05-30,17.0571375,17.0571375,17.0571375,17.0571375,0.0,55000.0,
2007-05-31,17.0571375,17.0571375,17.0571375,17.0571375,0.0,2000.0,
2007-06-01,17.0571375,16.829709,16.829709,17.0571375,0.0,2000.0,
2007-06-04,16.829709,16.829709,16.829709,16.829709,0.0,0.0,
2007-06-05,16.829709,16.829709,16.829709,16.829709,0.0,0.0,
2007-06-06,16.829709,16.829709,16.829709,16.829709,0.0,0.0,
2007-06-07,16.829709,16.829709,16.829709,16.829709,0.0,0.0,
2007-06-08,16.829709,16.829709,16.829709,16.829709,0.0,0.0,
2007-06-11,16.829709,16.829709,16.829709,16.829709,0.0,2388.0,
2007-06-12,16.829709,16.6022805,16.6022805,16.829709,0.0,2000.0,
2007-06-13,16.6022805,16.6022805,16.6022805,16.6022805,0.0,0.0,
2007-06-14,16.6022805,16.6022805,16.6022805,16.6022805,0.0,0.0,
2007-06-15,16.6022805,16.6022805,16.6022805,16.6022805,0.0,5000.0,
2007-06-18,16.6022805,16.6022805,16.6022805,16.6022805,0.0,20000.0,
2007-06-19,16.6022805,16.6022805,16.6022805,16.6022805,0.0,2000.0,
2007-06-20,16.6022805,16.6022805,16.6022805,16.6022805,0.0,470.0,
2007-06-21,16.6022805,16.6022805,16.6022805,16.6022805,0.0,0.0,
2007-06-22,16.6022805,16.6022805,16.6022805,16.6022805,0.0,0.0,
2007-06-25,16.6022805,16.6022805,16.6022805,16.6022805,0.0,22000.0,
2007-06-26,16.6022805,16.6022805,16.6022805,16.6022805,0.0,0.0,
2007-06-27,16.6022805,16.6022805,16.6022805,16.6022805,0.0,0.0,
2007-06-28,16.6022805,16.6022805,16.6022805,16.6022805,0.0,0.0,
2007-06-29,16.6022805,16.6022805,16.6022805,16.6022805,0.0,0.0,
2007-07-02,16.6022805,16.6022805,16.6022805,16.6022805,0.0,0.0,
2007-07-03,16.6022805,16.6022805,16.6022805,16.6022805,0.0,0.0,
2007-07-04,16.6022805,16.6022805,16.6022805,16.6022805,0.0,0.0,
2007-07-05,16.6022805,16.6022805,16.6022805,16.6022805,0.0,0.0,
2007-07-06,16.6022805,16.6022805,16.6022805,16.6022805,0.0,5478.0,
2007-07-09,16.6022805,16.6022805,16.6022805,16.6022805,0.0,0.0,
2007-07-10,16.6022805,16.147423500000002,16.147423500000002,16.6022805,0.0,6478.0,
2007-07-11,16.147423500000002,16.147423500000002,16.147423500000002,16.147423500000002,0.0,0.0,
2007-07-12,16.374852,16.374852,16.374852,16.374852,0.0,1.0,
2007-07-13,16.374852,16.374852,16.374852,16.374852,0.0,0.0,
2007-07-16,16.374852,16.374852,16.374852,16.374852,0.0,10000.0,
2007-07-17,16.374852,16.374852,16.374852,16.374852,0.0,4000.0,
2007-07-18,16.374852,16.374852,16.374852,16.374852,0.0,1000.0,
2007-07-19,16.374852,16.374852,16.374852,16.374852,0.0,1800.0,
2007-07-20,16.374852,16.374852,16.374852,16.374852,0.0,0.0,
2007-07-23,16.374852,16.374852,16.374852,16.374852,0.0,490.0,
2007-07-24,16.374852,16.374852,16.374852,16.374852,0.0,0.0,
2007-07-25,16.374852,16.374852,16.374852,16.374852,0.0,0.0,
2007-07-26,16.374852,16.374852,16.374852,16.374852,0.0,0.0,
2007-07-27,16.374852,16.374852,16.374852,16.374852,0.0,0.0,
2007-07-30,16.374852,16.374852,16.374852,16.374852,0.0,0.0,
2007-07-31,16.374852,16.374852,16.374852,16.374852,0.0,4651.0,
2007-08-01,16.374852,16.374852,16.374852,16.374852,0.0,1500.0,
2007-08-02,16.374852,16.374852,16.374852,16.374852,0.0,1500.0,
2007-08-03,16.374852,16.374852,16.374852,16.374852,0.0,0.0,
2007-08-06,16.374852,16.374852,16.374852,16.374852,0.0,5386.0,
2007-08-07,16.374852,16.374852,16.374852,16.374852,0.0,1444.0,
2007-08-08,16.374852,16.374852,16.374852,16.374852,0.0,2500.0,
2007-08-09,16.374852,16.374852,16.374852,16.374852,0.0,10000.0,
2007-08-10,16.374852,16.374852,16.374852,16.374852,0.0,10000.0,
2007-08-13,16.374852,16.374852,16.374852,16.374852,0.0,10692.0,
2007-08-14,16.374852,15.919995,15.919995,16.374852,0.0,20000.0,
2007-08-15,15.6925665,15.6925665,15.6925665,15.6925665,0.0,1.0,
2007-08-16,15.6925665,15.6925665,15.6925665,15.6925665,0.0,0.0,
2007-08-17,15.6925665,15.6925665,15.6925665,15.6925665,0.0,6000.0,
2007-08-20,15.6925665,15.6925665,15.6925665,15.6925665,0.0,2700.0,
2007-08-21,15.6925665,15.6925665,15.6925665,15.6925665,0.0,0.0,
2007-08-22,15.6925665,15.6925665,15.6925665,15.6925665,0.0,21594.0,
2007-08-23,15.919995,15.6925665,15.919995,15.6925665,0.0,5563.0,
2007-08-24,15.919995,15.919995,15.919995,15.919995,0.0,0.0,
2007-08-27,15.919995,15.919995,15.919995,15.919995,0.0,0.0,
2007-08-28,15.919995,15.919995,15.919995,15.919995,0.0,0.0,
2007-08-29,15.919995,15.919995,15.919995,15.919995,0.0,0.0,
2007-08-30,16.147423500000002,16.147423500000002,16.147423500000002,16.147423500000002,0.0,1.0,
2007-08-31,16.147423500000002,15.6925665,15.6925665,16.147423500000002,0.0,5512.0,
2007-09-03,16.374852,15.6925665,16.374852,15.6925665,0.0,25000.0,
2007-09-04,16.6022805,16.374852,16.6022805,16.374852,0.0,5000.0,
2007-09-05,16.6022805,16.6022805,16.6022805,16.6022805,0.0,0.0,
2007-09-06,16.6022805,16.6022805,16.6022805,16.6022805,0.0,0.0,
2007-09-07,16.6022805,16.6022805,16.6022805,16.6022805,0.0,0.0,
2007-09-10,16.6022805,16.6022805,16.6022805,16.6022805,0.0,0.0,
2007-09-11,16.6022805,16.6022805,16.6022805,16.6022805,0.0,0.0,
2007-09-12,16.6022805,16.6022805,16.6022805,16.6022805,0.0,0.0,
2007-09-13,16.6022805,16.6022805,16.6022805,16.6022805,0.0,0.0,
2007-09-14,16.6022805,16.6022805,16.6022805,16.6022805,0.0,0.0,
2007-09-17,16.6022805,16.6022805,16.6022805,16.6022805,0.0,10000.0,
2007-09-18,16.6022805,16.6022805,16.6022805,16.6022805,0.0,1666.0,
2007-09-19,16.6022805,16.6022805,16.6022805,16.6022805,0.0,1000.0,
2007-09-20,16.6022805,16.6022805,16.6022805,16.6022805,0.0,0.0,
2007-09-21,16.6022805,16.6022805,16.6022805,16.6022805,0.0,0.0,
2007-09-24,16.6022805,16.6022805,16.6022805,16.6022805,0.0,4100.0,
2007-09-25,16.6022805,16.6022805,16.6022805,16.6022805,0.0,10000.0,
2007-09-26,16.6022805,16.6022805,16.6022805,16.6022805,0.0,3691.0,
2007-09-27,16.6022805,16.6022805,16.6022805,16.6022805,0.0,94100.0,
2007-09-28,16.6022805,16.6022805,16.6022805,16.6022805,0.0,2000.0,
2007-10-01,16.6022805,16.6022805,16.6022805,16.6022805,0.0,2205.0,
2007-10-02,15.919995,15.919995,15.919995,15.919995,0.0,1.0,
2007-10-03,15.919995,15.2377095,15.465138,15.919995,0.0,925000.0,
2007-10-04,15.465138,15.465138,15.465138,15.465138,0.0,0.0,
2007-10-05,15.465138,15.465138,15.465138,15.465138,0.0,2000.0,
2007-10-08,15.465138,15.465138,15.465138,15.465138,0.0,0.0,
2007-10-09,15.465138,15.465138,15.465138,15.465138,0.0,11917.0,
2007-10-10,15.465138,15.465138,15.465138,15.465138,0.0,2205.0,
2007-10-11,15.465138,15.465138,15.465138,15.465138,0.0,0.0,
2007-10-12,15.465138,15.465138,15.465138,15.465138,0.0,4475.0,
2007-10-15,15.465138,15.465138,15.465138,15.465138,0.0,0.0,
2007-10-16,15.465138,15.2377095,15.2377095,15.465138,0.0,12500.0,
2007-10-17,15.2377095,15.2377095,15.2377095,15.2377095,0.0,0.0,
2007-10-18,15.2377095,15.2377095,15.2377095,15.2377095,0.0,0.0,
2007-10-19,15.2377095,15.2377095,15.2377095,15.2377095,0.0,0.0,
2007-10-22,15.2377095,15.2377095,15.2377095,15.2377095,0.0,0.0,
2007-10-23,15.2377095,15.2377095,15.2377095,15.2377095,0.0,0.0,
2007-10-24,15.2377095,15.010281,15.010281,15.2377095,0.0,2500.0,
2007-10-25,15.010281,15.010281,15.010281,15.010281,0.0,0.0,
2007-10-26,15.010281,13.8731385,13.8731385,15.010281,0.0,25003.0,
2007-10-29,13.8731385,13.8731385,13.8731385,13.8731385,0.0,0.0,
2007-10-30,13.8731385,13.8731385,13.8731385,13.8731385,0.0,2000.0,
2007-10-31,13.8731385,13.8731385,13.8731385,13.8731385,0.0,0.0,
2007-11-01,13.190853,13.190853,13.190853,13.190853,0.0,1.0,
2007-11-02,13.4182815,13.190853,13.4182815,13.190853,0.0,28625.0,
2007-11-05,13.4182815,13.4182815,13.4182815,13.4182815,0.0,0.0,
2007-11-06,13.4182815,13.4182815,13.4182815,13.4182815,0.0,0.0,
2007-11-07,13.4182815,13.4182815,13.4182815,13.4182815,0.0,5602.0,
2007-11-08,13.4182815,13.4182815,13.4182815,13.4182815,0.0,3210.0,
2007-11-09,13.4182815,13.4182815,13.4182815,13.4182815,0.0,0.0,
2007-11-12,13.190853,11.826282,13.190853,11.826282,0.0,8675.0,
2007-11-13,13.190853,13.190853,13.190853,13.190853,0.0,5128.0,
2007-11-14,13.190853,13.190853,13.190853,13.190853,0.0,0.0,
2007-11-15,12.9634245,12.9634245,12.9634245,12.9634245,0.0,1.0,
2007-11-16,12.9634245,12.735996,12.735996,12.9634245,0.0,2000.0,
2007-11-19,12.735996,12.735996,12.735996,12.735996,0.0,0.0,
2007-11-20,12.735996,12.735996,12.735996,12.735996,0.0,0.0,
2007-11-21,12.735996,12.735996,12.735996,12.735996,0.0,0.0,
2007-11-22,12.735996,12.735996,12.735996,12.735996,0.0,0.0,
2007-11-23,12.9634245,12.9634245,12.9634245,12.9634245,0.0,1.0,
2007-11-26,12.9634245,12.9634245,12.9634245,12.9634245,0.0,1102.0,
2007-11-27,12.9634245,12.9634245,12.9634245,12.9634245,0.0,0.0,
2007-11-28,12.9634245,12.9634245,12.9634245,12.9634245,0.0,25000.0,
2007-11-29,12.9634245,12.9634245,12.9634245,12.9634245,0.0,0.0,
2007-11-30,12.9634245,12.9634245,12.9634245,12.9634245,0.0,0.0,
2007-12-03,12.9634245,12.9634245,12.9634245,12.9634245,0.0,0.0,
2007-12-04,12.9634245,12.9634245,12.9634245,12.9634245,0.0,0.0,
2007-12-05,12.9634245,12.9634245,12.9634245,12.9634245,0.0,0.0,
2007-12-06,13.190853,12.9634245,12.9634245,12.9634245,0.0,15000.0,
2007-12-07,12.9634245,12.9634245,12.9634245,12.9634245,0.0,6278.0,
2007-12-10,12.9634245,12.9634245,12.9634245,12.9634245,0.0,24475.0,
2007-12-11,12.9634245,12.9634245,12.9634245,12.9634245,0.0,0.0,
2007-12-12,12.9634245,12.9634245,12.9634245,12.9634245,0.0,13405.0,
2007-12-13,12.9634245,12.9634245,12.9634245,12.9634245,0.0,0.0,
2007-12-14,12.9634245,12.9634245,12.9634245,12.9634245,0.0,0.0,
2007-12-17,12.9634245,12.9634245,12.9634245,12.9634245,0.0,0.0,
2007-12-18,12.9634245,12.9634245,12.9634245,12.9634245,0.0,55000.0,
2007-12-19,12.9634245,12.9634245,12.9634245,12.9634245,0.0,0.0,
2007-12-20,12.9634245,12.9634245,12.9634245,12.9634245,0.0,0.0,
2007-12-21,12.9634245,12.9634245,12.9634245,12.9634245,0.0,0.0,
2007-12-24,12.9634245,12.9634245,12.9634245,12.9634245,0.0,0.0,
2007-12-25,12.9634245,12.9634245,12.9634245,12.9634245,0.0,0.0,
2007-12-26,12.9634245,12.9634245,12.9634245,12.9634245,0.0,0.0,
2007-12-27,12.9634245,12.9634245,12.9634245,12.9634245,0.0,0.0,
2007-12-28,12.9634245,12.9634245,12.9634245,12.9634245,0.0,0.0,
2007-12-31,12.9634245,12.5085675,12.5085675,12.9634245,0.0,7000.0,
2008-01-01,12.5085675,12.5085675,12.5085675,12.5085675,0.0,0.0,
2008-01-02,12.5085675,12.5085675,12.5085675,12.5085675,0.0,0.0,
2008-01-03,12.5085675,12.5085675,12.5085675,12.5085675,0.0,7000.0,
2008-01-04,12.5085675,12.5085675,12.5085675,12.5085675,0.0,8750.0,
2008-01-07,12.5085675,12.5085675,12.5085675,12.5085675,0.0,26078.0,
2008-01-08,12.5085675,12.5085675,12.5085675,12.5085675,0.0,0.0,
2008-01-09,12.5085675,12.5085675,12.5085675,12.5085675,0.0,0.0,
2008-01-10,12.5085675,12.5085675,12.5085675,12.5085675,0.0,16275.0,
2008-01-11,12.5085675,12.5085675,12.5085675,12.5085675,0.0,76890.0,
2008-01-14,12.5085675,9.09714,12.5085675,9.09714,0.0,20821.0,
2008-01-15,12.5085675,12.5085675,12.5085675,12.5085675,0.0,0.0,
2008-01-16,12.5085675,11.826282,12.5085675,11.826282,0.0,2000.0,
2008-01-17,12.5085675,12.5085675,12.5085675,12.5085675,0.0,0.0,
2008-01-18,12.5085675,11.1439965,11.1439965,12.5085675,0.0,42500.0,
2008-01-21,11.1439965,11.1439965,11.1439965,11.1439965,0.0,0.0,
2008-01-22,11.1439965,11.1439965,11.1439965,11.1439965,0.0,0.0,
2008-01-23,11.1439965,11.1439965,11.1439965,11.1439965,0.0,0.0,
2008-01-24,11.1439965,11.1439965,11.1439965,11.1439965,0.0,0.0,
2008-01-25,11.1439965,11.1439965,11.1439965,11.1439965,0.0,0.0,
2008-01-28,11.1439965,11.1439965,11.1439965,11.1439965,0.0,5030.0,
2008-01-29,11.1439965,11.1439965,11.1439965,11.1439965,0.0,0.0,
2008-01-30,11.1439965,11.1439965,11.1439965,11.1439965,0.0,0.0,
2008-01-31,11.1439965,11.1439965,11.1439965,11.1439965,0.0,2000.0,
2008-02-01,11.1439965,11.1439965,11.1439965,11.1439965,0.0,0.0,
2008-02-04,11.1439965,11.1439965,11.1439965,11.1439965,0.0,0.0,
2008-02-05,11.1439965,11.1439965,11.1439965,11.1439965,0.0,1108.0,
2008-02-06,11.1439965,11.1439965,11.1439965,11.1439965,0.0,0.0,
2008-02-07,11.1439965,11.1439965,11.1439965,11.1439965,0.0,0.0,
2008-02-08,11.1439965,11.1439965,11.1439965,11.1439965,0.0,0.0,
2008-02-11,11.1439965,11.1439965,11.1439965,11.1439965,0.0,0.0,
2008-02-12,11.1439965,11.1439965,11.1439965,11.1439965,0.0,0.0,
2008-02-13,11.1439965,11.1439965,11.1439965,11.1439965,0.0,0.0,
2008-02-14,11.1439965,11.1439965,11.1439965,11.1439965,0.0,0.0,
2008-02-15,11.1439965,11.1439965,11.1439965,11.1439965,0.0,0.0,
2008-02-18,11.1439965,11.1439965,11.1439965,11.1439965,0.0,0.0,
2008-02-19,11.1439965,11.1439965,11.1439965,11.1439965,0.0,1100.0,
2008-02-20,11.1439965,11.1439965,11.1439965,11.1439965,0.0,2513.0,
2008-02-21,11.1439965,11.1439965,11.1439965,11.1439965,0.0,2000.0,29790743.0
2008-02-22,11.1439965,7.732569,11.1439965,7.732569,0.0,25762.0,29790743.0
2008-02-25,11.1439965,10.461711,11.1439965,10.461711,0.0,2000.0,29790743.0
2008-02-26,11.1439965,11.1439965,11.1439965,11.1439965,0.0,0.0,29790743.0
2008-02-27,11.1439965,11.1439965,11.1439965,11.1439965,0.0,0.0,29790743.0
2008-02-28,11.371425,11.371425,11.371425,11.371425,0.0,1.0,29790743.0
2008-02-29,11.826282,11.371425,11.826282,11.371425,0.0,100000.0,29790743.0
2008-03-03,11.826282,11.826282,11.826282,11.826282,0.0,51000.0,29790743.0
2008-03-04,12.0537105,11.826282,12.0537105,11.826282,0.0,27000.0,29790743.0
2008-03-05,12.0537105,12.0537105,12.0537105,12.0537105,0.0,1532.0,29790743.0
2008-03-06,12.0537105,12.0537105,12.0537105,12.0537105,0.0,2000.0,29790743.0
2008-03-07,12.0537105,12.0537105,12.0537105,12.0537105,0.0,0.0,29790743.0
2008-03-10,12.0537105,12.0537105,12.0537105,12.0537105,0.0,0.0,29790743.0
2008-03-11,12.0537105,12.0537105,12.0537105,12.0537105,0.0,0.0,29790743.0
2008-03-12,12.0537105,12.0537105,12.0537105,12.0537105,0.0,0.0,29790743.0
2008-03-13,12.0537105,12.0537105,12.0537105,12.0537105,0.0,0.0,29790743.0
2008-03-14,12.0537105,12.0537105,12.0537105,12.0537105,0.0,0.0,29790743.0
2008-03-17,12.0537105,12.0537105,12.0537105,12.0537105,0.0,0.0,29790743.0
2008-03-18,12.0537105,12.0537105,12.0537105,12.0537105,0.0,4000.0,29790743.0
2008-03-19,12.0537105,12.0537105,12.0537105,12.0537105,0.0,5000.0,29790743.0
2008-03-20,12.0537105,12.0537105,12.0537105,12.0537105,0.0,0.0,29790743.0
2008-03-21,12.0537105,12.0537105,12.0537105,12.0537105,0.0,0.0,29790743.0
2008-03-24,12.0537105,12.0537105,12.0537105,12.0537105,0.0,0.0,29790743.0
2008-03-25,12.0537105,11.5988535,11.5988535,12.0537105,0.0,5000.0,29790743.0
2008-03-26,11.5988535,11.5988535,11.5988535,11.5988535,0.0,0.0,29790743.0
2008-03-27,11.5988535,11.1439965,11.1439965,11.5988535,0.0,5000.0,29790743.0
2008-03-28,11.1439965,11.1439965,11.1439965,11.1439965,0.0,0.0,29790743.0
2008-03-31,11.1439965,11.1439965,11.1439965,11.1439965,0.0,0.0,29790743.0
2008-04-01,11.1439965,11.1439965,11.1439965,11.1439965,0.0,0.0,29790743.0
2008-04-02,11.1439965,11.1439965,11.1439965,11.1439965,0.0,0.0,29790743.0
2008-04-03,11.1439965,11.1439965,11.1439965,11.1439965,0.0,0.0,29790743.0
2008-04-04,11.1439965,11.1439965,11.1439965,11.1439965,0.0,0.0,29790743.0
2008-04-07,11.1439965,11.1439965,11.1439965,11.1439965,0.0,0.0,29790743.0
2008-04-08,11.1439965,10.6891395,10.6891395,11.1439965,0.0,5000.0,29790743.0
2008-04-09,10.6891395,10.6891395,10.6891395,10.6891395,0.0,0.0,29790743.0
2008-04-10,10.6891395,10.6891395,10.6891395,10.6891395,0.0,2000.0,29790743.0
2008-04-11,10.6891395,10.6891395,10.6891395,10.6891395,0.0,0.0,29790743.0
2008-04-14,10.6891395,10.6891395,10.6891395,10.6891395,0.0,0.0,29790743.0
2008-04-15,10.6891395,10.6891395,10.6891395,10.6891395,0.0,2000.0,29790743.0
2008-04-16,10.6891395,10.6891395,10.6891395,10.6891395,0.0,0.0,29790743.0
2008-04-17,10.6891395,10.6891395,10.6891395,10.6891395,0.0,0.0,29790743.0
2008-04-18,10.6891395,10.6891395,10.6891395,10.6891395,0.0,399.0,29790743.0
2008-04-21,10.6891395,10.6891395,10.6891395,10.6891395,0.0,2198.0,29790743.0
2008-04-22,10.6891395,10.6891395,10.6891395,10.6891395,0.0,0.0,29790743.0
2008-04-23,10.6891395,10.6891395,10.6891395,10.6891395,0.0,0.0,29790743.0
2008-04-24,10.6891395,10.6891395,10.6891395,10.6891395,0.0,0.0,29790743.0
2008-04-25,10.6891395,10.6891395,10.6891395,10.6891395,0.0,750.0,29790743.0
2008-04-28,10.6891395,10.6891395,10.6891395,10.6891395,0.0,0.0,29790743.0
2008-04-29,10.6891395,10.6891395,10.6891395,10.6891395,0.0,0.0,29790743.0
2008-04-30,10.6891395,10.6891395,10.6891395,10.6891395,0.0,0.0,29790743.0
2008-05-01,10.6891395,10.6891395,10.6891395,10.6891395,0.0,0.0,29790743.0
2008-05-02,10.6891395,10.6891395,10.6891395,10.6891395,0.0,0.0,29790743.0
2008-05-05,10.6891395,10.6891395,10.6891395,10.6891395,0.0,0.0,29790743.0
2008-05-06,10.6891395,10.6891395,10.6891395,10.6891395,0.0,0.0,29790743.0
2008-05-07,10.6891395,10.6891395,10.6891395,10.6891395,0.0,0.0,29790743.0
2008-05-08,10.6891395,10.6891395,10.6891395,10.6891395,0.0,0.0,29790743.0
2008-05-09,10.461711,10.461711,10.461711,10.461711,0.0,1.0,29790743.0
2008-05-12,10.461711,10.461711,10.461711,10.461711,0.0,0.0,29790743.0
2008-05-13,10.461711,10.461711,10.461711,10.461711,0.0,0.0,29790743.0
2008-05-14,10.461711,10.461711,10.461711,10.461711,0.0,2000.0,29790743.0
2008-05-15,10.461711,10.461711,10.461711,10.461711,0.0,0.0,29790743.0
2008-05-16,10.461711,10.461711,10.461711,10.461711,0.0,50000.0,29790743.0
2008-05-19,10.6891395,10.6891395,10.6891395,10.6891395,0.0,1.0,29790743.0
2008-05-20,10.6891395,10.6891395,10.6891395,10.6891395,0.0,0.0,29790743.0
2008-05-21,10.6891395,10.6891395,10.6891395,10.6891395,0.0,0.0,29790743.0
2008-05-22,10.6891395,10.6891395,10.6891395,10.6891395,0.0,4000.0,29790743.0
2008-05-23,10.6891395,10.6891395,10.6891395,10.6891395,0.0,0.0,29790743.0
2008-05-26,10.6891395,10.6891395,10.6891395,10.6891395,0.0,0.0,29790743.0
2008-05-27,10.6891395,10.6891395,10.6891395,10.6891395,0.0,0.0,29790743.0
2008-05-28,10.6891395,10.461711,10.461711,10.6891395,0.0,5000.0,29790743.0
2008-05-29,10.6891395,10.006854,10.461711,10.461711,0.0,4961.0,29790743.0
2008-05-30,10.461711,10.461711,10.461711,10.461711,0.0,0.0,29790743.0
2008-06-02,10.6891395,10.6891395,10.6891395,10.6891395,0.0,1.0,29790743.0
2008-06-03,10.6891395,10.6891395,10.6891395,10.6891395,0.0,0.0,29790743.0
2008-06-04,10.6891395,10.6891395,10.6891395,10.6891395,0.0,0.0,29790743.0
2008-06-05,10.6891395,10.6891395,10.6891395,10.6891395,0.0,0.0,29790743.0
2008-06-06,10.6891395,10.6891395,10.6891395,10.6891395,0.0,0.0,29790743.0
2008-06-09,10.6891395,10.461711,10.461711,10.6891395,0.0,2500.0,29790743.0
2008-06-10,10.461711,10.461711,10.461711,10.461711,0.0,0.0,29790743.0
2008-06-11,10.461711,10.461711,10.461711,10.461711,0.0,0.0,29790743.0
2008-06-12,10.461711,10.461711,10.461711,10.461711,0.0,0.0,29790743.0
2008-06-13,10.461711,10.461711,10.461711,10.461711,0.0,0.0,29790743.0
2008-06-16,10.461711,10.461711,10.461711,10.461711,0.0,0.0,29790743.0
2008-06-17,10.461711,10.461711,10.461711,10.461711,0.0,0.0,29790743.0
2008-06-18,10.461711,10.461711,10.461711,10.461711,0.0,0.0,29790743.0
2008-06-19,10.461711,10.461711,10.461711,10.461711,0.0,35000.0,29790743.0
2008-06-20,10.461711,10.461711,10.461711,10.461711,0.0,0.0,29790743.0
2008-06-23,10.461711,10.461711,10.461711,10.461711,0.0,0.0,29790743.0
2008-06-24,10.461711,10.461711,10.461711,10.461711,0.0,2000.0,29790743.0
2008-06-25,10.461711,10.461711,10.461711,10.461711,0.0,0.0,29790743.0
2008-06-26,10.461711,10.461711,10.461711,10.461711,0.0,0.0,29790743.0
2008-06-27,10.461711,10.461711,10.461711,10.461711,0.0,0.0,29790743.0
2008-06-30,10.461711,10.461711,10.461711,10.461711,0.0,0.0,29790743.0
2008-07-01,10.461711,10.461711,10.461711,10.461711,0.0,0.0,29790743.0
2008-07-02,10.461711,10.461711,10.461711,10.461711,0.0,0.0,29790743.0
2008-07-03,10.461711,10.461711,10.461711,10.461711,0.0,0.0,29790743.0
2008-07-04,10.461711,10.461711,10.461711,10.461711,0.0,0.0,29790743.0
2008-07-07,10.461711,10.006854,10.006854,10.461711,0.0,9090.0,29790743.0
2008-07-08,9.7794255,9.7794255,9.7794255,9.7794255,0.0,1.0,29790743.0
2008-07-09,9.7794255,9.7794255,9.7794255,9.7794255,0.0,0.0,29790743.0
2008-07-10,9.7794255,9.7794255,9.7794255,9.7794255,0.0,0.0,29790743.0
2008-07-11,9.7794255,9.7794255,9.7794255,9.7794255,0.0,0.0,29790743.0
2008-07-14,9.7794255,9.7794255,9.7794255,9.7794255,0.0,2000.0,29790743.0
2008-07-15,9.7794255,9.7794255,9.7794255,9.7794255,0.0,0.0,29790743.0
2008-07-16,9.7794255,9.7794255,9.7794255,9.7794255,0.0,0.0,29790743.0
2008-07-17,9.7794255,9.7794255,9.7794255,9.7794255,0.0,0.0,29790743.0
2008-07-18,9.7794255,9.3245685,9.3245685,9.7794255,0.0,1000.0,29790743.0
2008-07-21,9.3245685,9.3245685,9.3245685,9.3245685,0.0,0.0,29790743.0
2008-07-22,8.4148545,8.4148545,8.4148545,8.4148545,0.0,1.0,29790743.0
2008-07-23,8.4148545,8.4148545,8.4148545,8.4148545,0.0,0.0,29790743.0
2008-07-24,8.4148545,8.4148545,8.4148545,8.4148545,0.0,0.0,29790743.0
2008-07-25,8.4148545,8.4148545,8.4148545,8.4148545,0.0,0.0,29790743.0
2008-07-28,8.4148545,8.4148545,8.4148545,8.4148545,0.0,0.0,29790743.0
2008-07-29,8.4148545,8.4148545,8.4148545,8.4148545,0.0,0.0,29790743.0
2008-07-30,8.4148545,8.4148545,8.4148545,8.4148545,0.0,0.0,29790743.0
2008-07-31,8.4148545,8.4148545,8.4148545,8.4148545,0.0,0.0,29790743.0
2008-08-01,8.4148545,8.4148545,8.4148545,8.4148545,0.0,0.0,29790743.0
2008-08-04,8.4148545,8.4148545,8.4148545,8.4148545,0.0,0.0,29790743.0
2008-08-05,8.4148545,8.4148545,8.4148545,8.4148545,0.0,0.0,29790743.0
2008-08-06,8.4148545,8.4148545,8.4148545,8.4148545,0.0,0.0,29790743.0
2008-08-07,8.4148545,8.4148545,8.4148545,8.4148545,0.0,0.0,29790743.0
2008-08-08,8.642283,8.642283,8.642283,8.642283,0.0,1.0,29790743.0
2008-08-11,8.869711500000001,8.642283,8.869711500000001,8.642283,0.0,8742.0,29790743.0
2008-08-12,8.869711500000001,8.869711500000001,8.869711500000001,8.869711500000001,0.0,0.0,29790743.0
2008-08-13,8.869711500000001,8.869711500000001,8.869711500000001,8.869711500000001,0.0,0.0,29790743.0
2008-08-14,8.869711500000001,8.869711500000001,8.869711500000001,8.869711500000001,0.0,0.0,29790743.0
2008-08-15,8.869711500000001,8.869711500000001,8.869711500000001,8.869711500000001,0.0,0.0,29790743.0
2008-08-18,8.869711500000001,8.869711500000001,8.869711500000001,8.869711500000001,0.0,0.0,29790743.0
2008-08-19,8.869711500000001,8.187426,8.187426,8.869711500000001,0.0,10000.0,29790743.0
2008-08-20,8.4148545,8.187426,8.4148545,8.187426,0.0,100000.0,29790743.0
2008-08-21,8.642283,8.4148545,8.642283,8.4148545,0.0,25000.0,29790743.0
2008-08-22,8.869711500000001,8.642283,8.869711500000001,8.642283,0.0,5000.0,29790743.0
2008-08-25,8.869711500000001,8.869711500000001,8.869711500000001,8.869711500000001,0.0,0.0,29790743.0
2008-08-26,8.869711500000001,8.869711500000001,8.869711500000001,8.869711500000001,0.0,0.0,29790743.0
2008-08-27,8.869711500000001,8.869711500000001,8.869711500000001,8.869711500000001,0.0,0.0,29790743.0
2008-08-28,8.869711500000001,8.869711500000001,8.869711500000001,8.869711500000001,0.0,10000.0,29790743.0
2008-08-29,8.869711500000001,8.869711500000001,8.869711500000001,8.869711500000001,0.0,0.0,29790743.0
2008-09-01,8.869711500000001,8.869711500000001,8.869711500000001,8.869711500000001,0.0,2000.0,29790743.0
2008-09-02,9.09714,8.869711500000001,9.09714,8.869711500000001,0.0,4410.0,29790743.0
2008-09-03,9.09714,9.09714,9.09714,9.09714,0.0,0.0,29790743.0
2008-09-04,9.09714,9.09714,9.09714,9.09714,0.0,0.0,29790743.0
2008-09-05,9.09714,9.09714,9.09714,9.09714,0.0,0.0,29790743.0
2008-09-08,9.09714,9.09714,9.09714,9.09714,0.0,0.0,29790743.0
2008-09-09,9.09714,9.09714,9.09714,9.09714,0.0,2000.0,29790743.0
2008-09-10,9.09714,9.09714,9.09714,9.09714,0.0,2205.0,29790743.0
2008-09-11,9.09714,9.09714,9.09714,9.09714,0.0,0.0,29790743.0
2008-09-12,9.09714,9.09714,9.09714,9.09714,0.0,0.0,29790743.0
2008-09-15,9.09714,9.09714,9.09714,9.09714,0.0,0.0,29790743.0
2008-09-16,9.09714,9.09714,9.09714,9.09714,0.0,0.0,29790743.0
2008-09-17,9.09714,9.09714,9.09714,9.09714,0.0,0.0,29790743.0
2008-09-18,9.09714,9.09714,9.09714,9.09714,0.0,2000.0,29790743.0
2008-09-19,9.09714,9.09714,9.09714,9.09714,0.0,0.0,29790743.0
2008-09-22,9.09714,9.09714,9.09714,9.09714,0.0,2000.0,29790743.0
2008-09-23,9.09714,9.09714,9.09714,9.09714,0.0,0.0,29790743.0
2008-09-24,9.09714,8.869711500000001,8.869711500000001,9.09714,0.0,10500.0,29790743.0
2008-09-25,8.869711500000001,8.869711500000001,8.869711500000001,8.869711500000001,0.0,0.0,29790743.0
2008-09-26,8.869711500000001,8.869711500000001,8.869711500000001,8.869711500000001,0.0,665.0,29790743.0
2008-09-29,8.642283,8.642283,8.642283,8.642283,0.0,1.0,29790743.0
2008-09-30,8.4148545,7.9599975,7.9599975,8.4148545,0.0,5900.0,29790743.0
2008-10-01,7.9599975,7.9599975,7.9599975,7.9599975,0.0,0.0,29790743.0
2008-10-02,7.9599975,7.9599975,7.9599975,7.9599975,0.0,0.0,29790743.0
2008-10-03,7.9599975,7.9599975,7.9599975,7.9599975,0.0,0.0,29790743.0
2008-10-06,7.732569,7.732569,7.732569,7.732569,0.0,1.0,29790743.0
2008-10-07,7.732569,7.277712,7.277712,7.732569,0.0,6574.0,29790743.0
2008-10-08,7.277712,7.0502835,7.0502835,7.277712,0.0,10762.0,29790743.0
2008-10-09,7.0502835,7.0502835,7.0502835,7.0502835,0.0,50000.0,29790743.0
2008-10-10,7.0502835,7.0502835,7.0502835,7.0502835,0.0,0.0,29790743.0
2008-10-13,7.0502835,7.0502835,7.0502835,7.0502835,0.0,0.0,29790743.0
2008-10-14,7.0502835,7.0502835,7.0502835,7.0502835,0.0,3000.0,29790743.0
2008-10-15,7.0502835,7.0502835,7.0502835,7.0502835,0.0,0.0,29790743.0
2008-10-16,7.0502835,7.0502835,7.0502835,7.0502835,0.0,2000.0,29790743.0
2008-10-17,7.0502835,7.0502835,7.0502835,7.0502835,0.0,0.0,29790743.0
2008-10-20,7.0502835,7.0502835,7.0502835,7.0502835,0.0,0.0,29790743.0
2008-10-21,7.0502835,7.0502835,7.0502835,7.0502835,0.0,0.0,29790743.0
2008-10-22,7.0502835,7.0502835,7.0502835,7.0502835,0.0,0.0,29790743.0
2008-10-23,7.0502835,7.0502835,7.0502835,7.0502835,0.0,0.0,29790743.0
2008-10-24,7.0502835,6.5954265,6.5954265,7.0502835,0.0,65000.0,29790743.0
2008-10-27,6.5954265,6.5954265,6.5954265,6.5954265,0.0,0.0,29790743.0
2008-10-28,6.5954265,6.5954265,6.5954265,6.5954265,0.0,0.0,29790743.0
2008-10-29,6.5954265,6.5954265,6.5954265,6.5954265,0.0,0.0,29790743.0
2008-10-30,6.5954265,6.5954265,6.5954265,6.5954265,2.0,7890.0,29790743.0
2008-10-31,6.5954265,6.5954265,6.5954265,6.5954265,0.0,0.0,29790743.0
2008-11-03,6.5954265,6.5954265,6.5954265,6.5954265,0.0,0.0,29790743.0
2008-11-04,6.5954265,6.5954265,6.5954265,6.5954265,1.0,7000.0,29790743.0
2008-11-05,6.5954265,6.5954265,6.5954265,6.5954265,0.0,0.0,29790743.0
2008-11-06,6.5954265,6.5954265,6.5954265,6.5954265,0.0,0.0,29790743.0
2008-11-07,6.5954265,6.5954265,6.5954265,6.5954265,1.0,50.0,29790743.0
2008-11-10,6.5954265,6.5954265,6.5954265,6.5954265,0.0,0.0,29790743.0
2008-11-11,6.5954265,6.5954265,6.5954265,6.5954265,0.0,0.0,29790743.0
2008-11-12,6.5954265,6.5954265,6.5954265,6.5954265,0.0,0.0,29790743.0
2008-11-13,6.5954265,6.5954265,6.5954265,6.5954265,1.0,2410000.0,29790743.0
2008-11-14,6.5954265,6.5954265,6.5954265,6.5954265,0.0,0.0,29790743.0
2008-11-17,6.5954265,6.5954265,6.5954265,6.5954265,0.0,0.0,29790743.0
2008-11-18,6.5954265,6.5954265,6.5954265,6.5954265,0.0,0.0,29790743.0
2008-11-19,6.5954265,6.5954265,6.5954265,6.5954265,0.0,0.0,29790743.0
2008-11-20,6.5954265,6.5954265,6.5954265,6.5954265,0.0,0.0,29790743.0
2008-11-21,6.5954265,6.5954265,6.5954265,6.5954265,0.0,0.0,29790743.0
2008-11-24,6.5954265,6.5954265,6.5954265,6.5954265,1.0,3000.0,29790743.0
2008-11-25,6.5954265,6.5954265,6.5954265,6.5954265,0.0,0.0,29790743.0
2008-11-26,6.5954265,6.5954265,6.5954265,6.5954265,0.0,0.0,29790743.0
2008-11-27,6.5954265,6.5954265,6.5954265,6.5954265,0.0,0.0,29790743.0
2008-11-28,6.5954265,6.5954265,6.5954265,6.5954265,0.0,0.0,29790743.0
2008-12-01,6.5954265,6.5954265,6.5954265,6.5954265,0.0,0.0,29790743.0
2008-12-02,6.5954265,6.5954265,6.5954265,6.5954265,0.0,0.0,29790743.0
2008-12-03,6.5954265,6.5954265,6.5954265,6.5954265,0.0,0.0,29790743.0
2008-12-04,6.5954265,6.5954265,6.5954265,6.5954265,0.0,0.0,29790743.0
2008-12-05,6.5954265,6.5954265,6.5954265,6.5954265,0.0,0.0,29790743.0
2008-12-08,6.5954265,6.5954265,6.5954265,6.5954265,0.0,0.0,29790743.0
2008-12-09,6.5954265,6.5954265,6.5954265,6.5954265,0.0,0.0,29790743.0
2008-12-10,6.5954265,6.5954265,6.5954265,6.5954265,0.0,0.0,29790743.0
2008-12-11,6.5954265,6.5954265,6.5954265,6.5954265,0.0,0.0,29790743.0
2008-12-12,6.5954265,6.5954265,6.5954265,6.5954265,1.0,50000.0,29790743.0
2008-12-15,6.367998,6.367998,6.367998,6.367998,0.0,1.0,29790743.0
2008-12-16,6.367998,5.458284,6.1405695,6.367998,2.0,50000.0,29790743.0
2008-12-17,6.1405695,6.1405695,6.1405695,6.1405695,0.0,0.0,29790743.0
2008-12-18,6.1405695,6.1405695,6.1405695,6.1405695,0.0,0.0,29790743.0
2008-12-19,6.1405695,6.1405695,6.1405695,6.1405695,0.0,0.0,29790743.0
2008-12-22,6.1405695,6.1405695,6.1405695,6.1405695,0.0,0.0,29790743.0
2008-12-23,6.1405695,6.1405695,6.1405695,6.1405695,0.0,0.0,29790743.0
2008-12-24,6.1405695,6.1405695,6.1405695,6.1405695,0.0,0.0,29790743.0
2008-12-25,6.1405695,6.1405695,6.1405695,6.1405695,0.0,0.0,29790743.0
2008-12-26,6.1405695,6.1405695,6.1405695,6.1405695,0.0,0.0,29790743.0
2008-12-29,6.1405695,6.1405695,6.1405695,6.1405695,0.0,0.0,29790743.0
2008-12-30,6.1405695,4.54857,5.2308555000000005,6.1405695,4.0,329000.0,29790743.0
2008-12-31,5.913141,5.2308555000000005,5.6857125,5.2308555000000005,2.0,54000.0,29790743.0
2009-01-01,5.6857125,5.6857125,5.6857125,5.6857125,0.0,0.0,29790743.0
2009-01-02,5.6857125,5.6857125,5.6857125,5.6857125,1.0,5000.0,29790743.0
2009-01-05,5.6857125,5.6857125,5.6857125,5.6857125,0.0,0.0,29790743.0
2009-01-06,5.6857125,5.6857125,5.6857125,5.6857125,0.0,0.0,29790743.0
2009-01-07,5.6857125,5.6857125,5.6857125,5.6857125,0.0,0.0,29790743.0
2009-01-08,5.6857125,5.6857125,5.6857125,5.6857125,0.0,0.0,29790743.0
2009-01-09,5.6857125,5.6857125,5.6857125,5.6857125,0.0,0.0,29790743.0
2009-01-12,5.6857125,5.6857125,5.6857125,5.6857125,0.0,0.0,29790743.0
2009-01-13,5.6857125,5.6857125,5.6857125,5.6857125,0.0,0.0,29790743.0
2009-01-14,5.6857125,5.6857125,5.6857125,5.6857125,0.0,0.0,29790743.0
2009-01-15,5.6857125,5.6857125,5.6857125,5.6857125,0.0,0.0,29790743.0
2009-01-16,5.6857125,5.6857125,5.6857125,5.6857125,0.0,0.0,29790743.0
2009-01-19,5.6857125,5.6857125,5.6857125,5.6857125,0.0,0.0,29790743.0
2009-01-20,5.6857125,5.6857125,5.6857125,5.6857125,0.0,0.0,29790743.0
2009-01-21,5.6857125,5.6857125,5.6857125,5.6857125,1.0,5000.0,29790743.0
2009-01-22,5.6857125,5.6857125,5.6857125,5.6857125,0.0,0.0,29790743.0
2009-01-23,5.6857125,5.6857125,5.6857125,5.6857125,2.0,4000.0,29790743.0
2009-01-26,5.6857125,5.6857125,5.6857125,5.6857125,0.0,0.0,29790743.0
2009-01-27,5.6857125,5.6857125,5.6857125,5.6857125,0.0,0.0,29790743.0
2009-01-28,5.6857125,5.6857125,5.6857125,5.6857125,0.0,0.0,29790743.0
2009-01-29,5.6857125,5.6857125,5.6857125,5.6857125,0.0,0.0,29790743.0
2009-01-30,5.6857125,5.6857125,5.6857125,5.6857125,0.0,0.0,29790743.0
2009-02-02,5.6857125,5.6857125,5.6857125,5.6857125,1.0,10355.0,29790743.0
2009-02-03,5.6857125,5.6857125,5.6857125,5.6857125,0.0,0.0,29790743.0
2009-02-04,5.6857125,5.6857125,5.6857125,5.6857125,1.0,2000.0,29790743.0
2009-02-05,5.6857125,5.6857125,5.6857125,5.6857125,1.0,6812.0,29790743.0
2009-02-06,5.6857125,5.6857125,5.6857125,5.6857125,0.0,0.0,29790743.0
2009-02-09,5.6857125,5.6857125,5.6857125,5.6857125,0.0,0.0,29790743.0
2009-02-10,5.6857125,5.6857125,5.6857125,5.6857125,0.0,0.0,29790743.0
2009-02-11,5.6857125,5.6857125,5.6857125,5.6857125,1.0,2000.0,29790743.0
2009-02-12,5.6857125,5.6857125,5.6857125,5.6857125,0.0,0.0,29790743.0
2009-02-13,5.6857125,5.6857125,5.6857125,5.6857125,1.0,50000.0,29790743.0
2009-02-16,5.913141,5.913141,5.913141,5.913141,0.0,1.0,29790743.0
2009-02-17,5.913141,5.913141,5.913141,5.913141,0.0,0.0,29790743.0
2009-02-18,5.913141,5.913141,5.913141,5.913141,0.0,0.0,29790743.0
2009-02-19,5.913141,5.913141,5.913141,5.913141,0.0,0.0,29790743.0
2009-02-20,5.913141,5.913141,5.913141,5.913141,0.0,0.0,29790743.0
2009-02-23,5.913141,5.913141,5.913141,5.913141,1.0,2500.0,29790743.0
2009-02-24,5.913141,5.913141,5.913141,5.913141,0.0,0.0,29790743.0
2009-02-25,5.913141,5.913141,5.913141,5.913141,0.0,0.0,29790743.0
2009-02-26,5.913141,5.913141,5.913141,5.913141,0.0,0.0,29790743.0
2009-02-27,5.913141,5.913141,5.913141,5.913141,0.0,0.0,29790743.0
2009-03-02,5.913141,5.913141,5.913141,5.913141,0.0,0.0,29790743.0
2009-03-03,5.913141,5.913141,5.913141,5.913141,0.0,0.0,29790743.0
2009-03-04,5.913141,5.913141,5.913141,5.913141,0.0,0.0,29790743.0
2009-03-05,5.913141,5.913141,5.913141,5.913141,0.0,0.0,29790743.0
2009-03-06,5.913141,5.913141,5.913141,5.913141,0.0,0.0,29790743.0
2009-03-09,5.913141,5.913141,5.913141,5.913141,0.0,0.0,29790743.0
2009-03-10,5.913141,5.913141,5.913141,5.913141,0.0,0.0,29790743.0
2009-03-11,5.913141,5.913141,5.913141,5.913141,0.0,0.0,29790743.0
2009-03-12,5.913141,5.913141,5.913141,5.913141,0.0,0.0,29790743.0
2009-03-13,5.913141,5.913141,5.913141,5.913141,0.0,0.0,29790743.0
2009-03-16,5.913141,5.913141,5.913141,5.913141,1.0,10405.0,29790743.0
2009-03-17,5.913141,5.913141,5.913141,5.913141,0.0,0.0,29790743.0
2009-03-18,5.913141,5.913141,5.913141,5.913141,0.0,0.0,29790743.0
2009-03-19,5.913141,5.913141,5.913141,5.913141,0.0,0.0,29790743.0
2009-03-20,5.913141,5.913141,5.913141,5.913141,2.0,13000.0,29790743.0
2009-03-23,5.913141,5.003427,5.913141,5.913141,1.0,18000.0,29790743.0
2009-03-24,6.367998,5.458284,6.1405695,5.913141,5.0,182171.0,29790743.0
2009-03-25,6.1405695,6.1405695,6.1405695,6.1405695,1.0,20000.0,29790743.0
2009-03-26,6.1405695,6.1405695,6.1405695,6.1405695,0.0,0.0,29790743.0
2009-03-27,6.1405695,6.1405695,6.1405695,6.1405695,0.0,0.0,29790743.0
2009-03-29,6.1405695,6.1405695,6.1405695,6.1405695,0.0,0.0,29790743.0
2009-03-30,6.1405695,6.1405695,6.1405695,6.1405695,1.0,2000.0,29790743.0
2009-03-31,6.1405695,6.1405695,6.1405695,6.1405695,0.0,0.0,29790743.0
2009-04-01,6.1405695,5.458284,6.1405695,6.1405695,1.0,30474.0,29790743.0
2009-04-02,6.1405695,6.1405695,6.1405695,6.1405695,0.0,0.0,29790743.0
2009-04-03,6.1405695,6.1405695,6.1405695,6.1405695,0.0,0.0,29790743.0
2009-04-06,6.1405695,6.1405695,6.1405695,6.1405695,0.0,0.0,29790743.0
2009-04-07,6.1405695,6.1405695,6.1405695,6.1405695,0.0,0.0,29790743.0
2009-04-08,6.1405695,6.1405695,6.1405695,6.1405695,0.0,0.0,29790743.0
2009-04-09,6.1405695,6.1405695,6.1405695,6.1405695,0.0,0.0,29790743.0
2009-04-10,6.1405695,6.1405695,6.1405695,6.1405695,0.0,0.0,29790743.0
2009-04-13,6.1405695,6.1405695,6.1405695,6.1405695,0.0,0.0,29790743.0
2009-04-14,6.1405695,6.1405695,6.1405695,6.1405695,0.0,0.0,29790743.0
2009-04-15,6.1405695,6.1405695,6.1405695,6.1405695,1.0,2000.0,29790743.0
2009-04-16,6.1405695,6.1405695,6.1405695,6.1405695,0.0,0.0,29790743.0
2009-04-17,6.1405695,6.1405695,6.1405695,6.1405695,1.0,2205.0,29790743.0
2009-04-20,6.1405695,6.1405695,6.1405695,6.1405695,0.0,0.0,29790743.0
2009-04-21,6.1405695,6.1405695,6.1405695,6.1405695,0.0,0.0,29790743.0
2009-04-22,6.1405695,6.1405695,6.1405695,6.1405695,0.0,0.0,29790743.0
2009-04-23,6.1405695,6.1405695,6.1405695,6.1405695,0.0,0.0,29790743.0
2009-04-24,6.1405695,6.1405695,6.1405695,6.1405695,0.0,0.0,29790743.0
2009-04-27,6.1405695,6.1405695,6.1405695,6.1405695,0.0,0.0,29790743.0
2009-04-28,6.1405695,6.1405695,6.1405695,6.1405695,1.0,1200.0,29790743.0
2009-04-29,6.1405695,6.1405695,6.1405695,6.1405695,1.0,5000.0,29790743.0
2009-04-30,6.1405695,6.1405695,6.1405695,6.1405695,0.0,0.0,29790743.0
2009-05-01,6.1405695,6.1405695,6.1405695,6.1405695,0.0,0.0,29790743.0
2009-05-04,6.1405695,6.1405695,6.1405695,6.1405695,0.0,0.0,29790743.0
2009-05-05,6.1405695,6.1405695,6.1405695,6.1405695,1.0,6000.0,29790743.0
2009-05-06,6.1405695,6.1405695,6.1405695,6.1405695,0.0,0.0,29790743.0
2009-05-07,6.1405695,6.1405695,6.1405695,6.1405695,0.0,0.0,29790743.0
2009-05-08,6.1405695,6.1405695,6.1405695,6.1405695,1.0,26315.0,29790743.0
2009-05-11,6.1405695,6.1405695,6.1405695,6.1405695,0.0,0.0,29790743.0
2009-05-12,6.1405695,6.1405695,6.1405695,6.1405695,0.0,0.0,29790743.0
2009-05-13,6.1405695,6.1405695,6.1405695,6.1405695,1.0,10000.0,29790743.0
2009-05-14,6.367998,6.1405695,6.367998,6.1405695,1.0,26500.0,29790743.0
2009-05-15,6.5954265,6.5954265,6.5954265,6.5954265,0.0,1.0,29790743.0
2009-05-18,6.822855000000001,6.5954265,6.822855000000001,6.5954265,2.0,31293.0,29790743.0
2009-05-19,6.822855000000001,6.822855000000001,6.822855000000001,6.822855000000001,1.0,2000.0,29790743.0
2009-05-20,6.822855000000001,6.822855000000001,6.822855000000001,6.822855000000001,0.0,0.0,29790743.0
2009-05-21,6.822855000000001,6.822855000000001,6.822855000000001,6.822855000000001,0.0,0.0,29790743.0
2009-05-22,6.822855000000001,6.5954265,6.5954265,6.822855000000001,1.0,5512.0,29790743.0
2009-05-25,6.5954265,6.5954265,6.5954265,6.5954265,0.0,0.0,29790743.0
2009-05-26,6.5954265,6.5954265,6.5954265,6.5954265,1.0,2000.0,29790743.0
2009-05-27,7.277712,6.5954265,6.5954265,6.5954265,1.0,30000.0,29790743.0
2009-05-28,6.5954265,6.5954265,6.5954265,6.5954265,0.0,0.0,29790743.0
2009-05-29,6.5954265,6.5954265,6.5954265,6.5954265,0.0,0.0,29790743.0
2009-06-01,6.5954265,6.5954265,6.5954265,6.5954265,0.0,0.0,29790743.0
2009-06-02,6.5954265,6.5954265,6.5954265,6.5954265,0.0,0.0,29790743.0
2009-06-03,6.5954265,6.5954265,6.5954265,6.5954265,0.0,0.0,29790743.0
2009-06-04,6.5954265,6.5954265,6.5954265,6.5954265,0.0,0.0,29790743.0
2009-06-05,6.5954265,6.5954265,6.5954265,6.5954265,0.0,0.0,29790743.0
2009-06-08,6.5954265,6.5954265,6.5954265,6.5954265,0.0,0.0,29790743.0
2009-06-09,6.5954265,6.5954265,6.5954265,6.5954265,0.0,0.0,29790743.0
2009-06-10,6.5954265,6.5954265,6.5954265,6.5954265,0.0,0.0,29790743.0
2009-06-11,6.5954265,6.5954265,6.5954265,6.5954265,0.0,0.0,29790743.0
2009-06-12,6.5954265,6.5954265,6.5954265,6.5954265,0.0,0.0,29790743.0
2009-06-15,6.5954265,6.5954265,6.5954265,6.5954265,0.0,0.0,29790743.0
2009-06-16,6.5954265,6.5954265,6.5954265,6.5954265,0.0,0.0,29790743.0
2009-06-17,6.5954265,6.5954265,6.5954265,6.5954265,0.0,0.0,29790743.0
2009-06-18,6.5954265,6.5954265,6.5954265,6.5954265,0.0,0.0,29790743.0
2009-06-19,6.5954265,6.5954265,6.5954265,6.5954265,1.0,2000.0,29790743.0
2009-06-22,6.5954265,6.5954265,6.5954265,6.5954265,0.0,0.0,29790743.0
2009-06-23,6.5954265,6.5954265,6.5954265,6.5954265,0.0,0.0,29790743.0
2009-06-24,6.5954265,6.5954265,6.5954265,6.5954265,0.0,0.0,29790743.0
2009-06-25,6.5954265,6.5954265,6.5954265,6.5954265,0.0,0.0,29790743.0
2009-06-26,6.5954265,6.5954265,6.5954265,6.5954265,0.0,0.0,29790743.0
2009-06-29,6.5954265,6.5954265,6.5954265,6.5954265,1.0,665.0,29790743.0
2009-06-30,6.5954265,6.5954265,6.5954265,6.5954265,1.0,50000.0,29790743.0
2009-07-01,6.5954265,6.5954265,6.5954265,6.5954265,0.0,0.0,29790743.0
2009-07-02,6.5954265,6.5954265,6.5954265,6.5954265,0.0,0.0,29790743.0
2009-07-03,6.5954265,6.5954265,6.5954265,6.5954265,0.0,0.0,29790743.0
2009-07-06,6.5954265,6.367998,6.367998,6.5954265,1.0,10000.0,29790743.0
2009-07-07,6.367998,6.367998,6.367998,6.367998,0.0,0.0,29790743.0
2009-07-08,6.367998,6.367998,6.367998,6.367998,0.0,0.0,29790743.0
2009-07-09,6.367998,6.367998,6.367998,6.367998,0.0,0.0,29790743.0
2009-07-10,6.367998,6.367998,6.367998,6.367998,0.0,0.0,29790743.0
2009-07-13,6.367998,6.367998,6.367998,6.367998,0.0,0.0,29790743.0
2009-07-14,6.367998,6.367998,6.367998,6.367998,0.0,0.0,29790743.0
2009-07-15,6.367998,6.367998,6.367998,6.367998,0.0,0.0,29790743.0
2009-07-16,6.367998,6.367998,6.367998,6.367998,0.0,0.0,29790743.0
2009-07-17,6.367998,6.367998,6.367998,6.367998,0.0,0.0,29790743.0
2009-07-20,6.367998,6.367998,6.367998,6.367998,0.0,0.0,29790743.0
2009-07-21,6.367998,5.913141,6.1405695,6.367998,5.0,97553.0,29790743.0
2009-07-22,6.1405695,6.1405695,6.1405695,6.1405695,3.0,51293.0,29790743.0
2009-07-23,6.1405695,6.1405695,6.1405695,6.1405695,1.0,2000.0,29790743.0
2009-07-24,6.1405695,6.1405695,6.1405695,6.1405695,0.0,0.0,29790743.0
2009-07-27,6.1405695,6.1405695,6.1405695,6.1405695,0.0,0.0,29790743.0
2009-07-28,6.1405695,6.1405695,6.1405695,6.1405695,0.0,0.0,29790743.0
2009-07-29,6.1405695,6.1405695,6.1405695,6.1405695,0.0,0.0,29790743.0
2009-07-30,6.1405695,6.1405695,6.1405695,6.1405695,0.0,0.0,29790743.0
2009-07-31,6.1405695,6.1405695,6.1405695,6.1405695,0.0,0.0,29790743.0
2009-08-03,6.1405695,6.1405695,6.1405695,6.1405695,1.0,3000.0,29790743.0
2009-08-04,6.1405695,6.1405695,6.1405695,6.1405695,0.0,0.0,29790743.0
2009-08-05,6.1405695,6.1405695,6.1405695,6.1405695,0.0,0.0,29790743.0
2009-08-06,6.367998,5.8676553,6.1405695,6.1405695,2.0,27291.0,29790743.0
2009-08-07,6.1405695,6.1405695,6.1405695,6.1405695,0.0,0.0,29790743.0
2009-08-10,6.1405695,6.1405695,6.1405695,6.1405695,0.0,0.0,29790743.0
2009-08-11,6.1405695,6.1405695,6.1405695,6.1405695,1.0,2000.0,29790743.0
2009-08-12,6.1405695,6.1405695,6.1405695,6.1405695,0.0,0.0,29790743.0
2009-08-13,6.1405695,6.1405695,6.1405695,6.1405695,0.0,0.0,29790743.0
2009-08-14,6.1405695,6.1405695,6.1405695,6.1405695,0.0,0.0,29790743.0
2009-08-17,6.1405695,6.1405695,6.1405695,6.1405695,0.0,0.0,29790743.0
2009-08-18,6.1405695,6.1405695,6.1405695,6.1405695,0.0,0.0,29790743.0
2009-08-19,6.1405695,6.1405695,6.1405695,6.1405695,0.0,0.0,29790743.0
2009-08-20,6.1405695,6.1405695,6.1405695,6.1405695,0.0,0.0,29790743.0
2009-08-21,6.1405695,6.1405695,6.1405695,6.1405695,0.0,0.0,29790743.0
2009-08-24,6.1405695,6.1405695,6.1405695,6.1405695,1.0,10000.0,29790743.0
2009-08-25,6.1405695,5.458284,6.1405695,6.1405695,1.0,2756.0,29790743.0
2009-08-26,6.1405695,6.1405695,6.1405695,6.1405695,0.0,0.0,29790743.0
2009-08-27,6.1405695,6.1405695,6.1405695,6.1405695,1.0,2756.0,29790743.0
2009-08-28,6.1405695,6.1405695,6.1405695,6.1405695,0.0,0.0,29790743.0
2009-08-31,6.1405695,6.1405695,6.1405695,6.1405695,0.0,0.0,29790743.0
2009-09-01,6.1405695,6.1405695,6.1405695,6.1405695,0.0,0.0,29790743.0
2009-09-02,6.1405695,6.1405695,6.1405695,6.1405695,0.0,0.0,29790743.0
2009-09-03,6.1405695,6.1405695,6.1405695,6.1405695,0.0,0.0,29790743.0
2009-09-04,6.1405695,6.1405695,6.1405695,6.1405695,0.0,0.0,29790743.0
2009-09-07,6.1405695,6.1405695,6.1405695,6.1405695,1.0,40665.0,29790743.0
2009-09-08,6.1405695,6.1405695,6.1405695,6.1405695,0.0,0.0,29790743.0
2009-09-09,6.1405695,6.1405695,6.1405695,6.1405695,0.0,0.0,29790743.0
2009-09-10,6.1405695,6.1405695,6.1405695,6.1405695,0.0,0.0,29790743.0
2009-09-11,6.1405695,6.1405695,6.1405695,6.1405695,0.0,0.0,29790743.0
2009-09-14,6.1405695,6.1405695,6.1405695,6.1405695,0.0,0.0,29790743.0
2009-09-15,6.1405695,6.1405695,6.1405695,6.1405695,0.0,0.0,29790743.0
2009-09-16,6.1405695,6.1405695,6.1405695,6.1405695,0.0,0.0,29790743.0
2009-09-17,6.1405695,6.1405695,6.1405695,6.1405695,0.0,0.0,29790743.0
2009-09-18,6.1405695,6.1405695,6.1405695,6.1405695,0.0,0.0,29790743.0
2009-09-21,6.1405695,6.1405695,6.1405695,6.1405695,0.0,0.0,29790743.0
2009-09-22,6.1405695,6.1405695,6.1405695,6.1405695,0.0,0.0,29790743.0
2009-09-23,6.1405695,6.1405695,6.1405695,6.1405695,0.0,0.0,29790743.0
2009-09-24,6.1405695,6.1405695,6.1405695,6.1405695,0.0,0.0,29790743.0
2009-09-25,6.1405695,6.1405695,6.1405695,6.1405695,0.0,0.0,29790743.0
2009-09-28,6.1405695,6.1405695,6.1405695,6.1405695,0.0,0.0,29790743.0
2009-09-29,6.1405695,6.1405695,6.1405695,6.1405695,0.0,0.0,29790743.0
2009-09-30,6.1405695,6.1405695,6.1405695,6.1405695,0.0,0.0,29790743.0
2009-10-01,6.1405695,6.1405695,6.1405695,6.1405695,0.0,0.0,29790743.0
2009-10-02,6.1405695,6.1405695,6.1405695,6.1405695,0.0,0.0,29790743.0
2009-10-05,6.1405695,6.1405695,6.1405695,6.1405695,0.0,0.0,29790743.0
2009-10-06,6.1405695,6.1405695,6.1405695,6.1405695,0.0,0.0,29790743.0
2009-10-07,6.1405695,6.1405695,6.1405695,6.1405695,0.0,0.0,29790743.0
2009-10-08,6.1405695,6.1405695,6.1405695,6.1405695,0.0,0.0,29790743.0
2009-10-09,6.367998,6.367998,6.367998,6.367998,0.0,1.0,29790743.0
2009-10-12,6.5954265,6.5954265,6.5954265,6.5954265,0.0,1.0,29790743.0
2009-10-13,6.5954265,6.5954265,6.5954265,6.5954265,0.0,0.0,29790743.0
2009-10-14,6.5954265,6.5954265,6.5954265,6.5954265,0.0,0.0,29790743.0
2009-10-15,6.5954265,6.5954265,6.5954265,6.5954265,0.0,0.0,29790743.0
2009-10-16,6.822855000000001,6.822855000000001,6.822855000000001,6.822855000000001,0.0,1.0,29790743.0
2009-10-17,6.822855000000001,6.822855000000001,6.822855000000001,6.822855000000001,0.0,0.0,29790743.0
2009-10-19,6.822855000000001,6.822855000000001,6.822855000000001,6.822855000000001,0.0,0.0,29790743.0
2009-10-20,6.822855000000001,6.822855000000001,6.822855000000001,6.822855000000001,0.0,0.0,29790743.0
2009-10-21,6.822855000000001,6.822855000000001,6.822855000000001,6.822855000000001,0.0,0.0,29790743.0
2009-10-22,6.822855000000001,6.822855000000001,6.822855000000001,6.822855000000001,1.0,2000.0,29790743.0
2009-10-23,7.0502835,7.0502835,7.0502835,7.0502835,0.0,1.0,29790743.0
2009-10-26,7.0502835,7.0502835,7.0502835,7.0502835,0.0,0.0,29790743.0
2009-10-27,7.0502835,7.0502835,7.0502835,7.0502835,0.0,0.0,29790743.0
2009-10-28,7.0502835,7.0502835,7.0502835,7.0502835,0.0,0.0,29790743.0
2009-10-29,7.277712,7.277712,7.277712,7.277712,0.0,1.0,29790743.0
2009-10-30,7.9599975,7.9599975,7.9599975,7.9599975,0.0,1.0,29790743.0
2009-11-02,7.9599975,7.9599975,7.9599975,7.9599975,0.0,0.0,29790743.0
2009-11-03,7.9599975,7.9599975,7.9599975,7.9599975,1.0,6956.0,29790743.0
2009-11-04,7.9599975,7.9599975,7.9599975,7.9599975,0.0,0.0,29790743.0
2009-11-05,7.9599975,7.9599975,7.9599975,7.9599975,0.0,0.0,29790743.0
2009-11-06,7.9599975,7.9599975,7.9599975,7.9599975,0.0,0.0,29790743.0
2009-11-09,7.9599975,7.9599975,7.9599975,7.9599975,0.0,0.0,29790743.0
2009-11-10,7.9599975,7.9599975,7.9599975,7.9599975,0.0,0.0,29790743.0
2009-11-11,7.9599975,7.9599975,7.9599975,7.9599975,0.0,0.0,29790743.0
2009-11-12,7.9599975,7.9599975,7.9599975,7.9599975,0.0,0.0,29790743.0
2009-11-13,7.9599975,7.9599975,7.9599975,7.9599975,0.0,0.0,29790743.0
2009-11-16,7.9599975,7.9599975,7.9599975,7.9599975,0.0,0.0,29790743.0
2009-11-17,7.9599975,7.9599975,7.9599975,7.9599975,0.0,0.0,29790743.0
2009-11-18,7.9599975,7.9599975,7.9599975,7.9599975,0.0,0.0,29790743.0
2009-11-19,7.9599975,7.9599975,7.9599975,7.9599975,0.0,0.0,29790743.0
2009-11-20,7.9599975,7.9599975,7.9599975,7.9599975,0.0,0.0,29790743.0
2009-11-23,7.9599975,7.9599975,7.9599975,7.9599975,0.0,0.0,29790743.0
2009-11-24,7.9599975,7.9599975,7.9599975,7.9599975,0.0,0.0,29790743.0
2009-11-25,7.9599975,7.9599975,7.9599975,7.9599975,0.0,0.0,29790743.0
2009-11-26,7.9599975,7.9599975,7.9599975,7.9599975,1.0,10000.0,29790743.0
2009-11-27,7.9599975,7.9599975,7.9599975,7.9599975,0.0,0.0,29790743.0
2009-11-30,7.9599975,7.9599975,7.9599975,7.9599975,0.0,0.0,29790743.0
2009-12-01,7.9599975,7.9599975,7.9599975,7.9599975,0.0,0.0,29790743.0
2009-12-02,7.9599975,7.9599975,7.9599975,7.9599975,0.0,0.0,29790743.0
2009-12-03,7.9599975,7.9599975,7.9599975,7.9599975,0.0,0.0,29790743.0
2009-12-04,7.9599975,7.9599975,7.9599975,7.9599975,0.0,0.0,29790743.0
2009-12-07,7.9599975,7.9599975,7.9599975,7.9599975,0.0,0.0,29790743.0
2009-12-08,7.9599975,7.9599975,7.9599975,7.9599975,0.0,0.0,29790743.0
2009-12-09,7.9599975,7.9599975,7.9599975,7.9599975,0.0,0.0,29790743.0
2009-12-10,7.9599975,7.9599975,7.9599975,7.9599975,0.0,0.0,29790743.0
2009-12-11,7.9599975,7.9599975,7.9599975,7.9599975,0.0,0.0,29790743.0
2009-12-14,7.9599975,7.9599975,7.9599975,7.9599975,0.0,0.0,29790743.0
2009-12-15,7.9599975,7.732569,7.732569,7.9599975,1.0,35000.0,29790743.0
2009-12-16,7.732569,7.732569,7.732569,7.732569,0.0,0.0,29790743.0
2009-12-17,7.732569,7.732569,7.732569,7.732569,0.0,0.0,29790743.0
2009-12-18,7.732569,7.732569,7.732569,7.732569,0.0,0.0,29790743.0
2009-12-21,7.732569,7.732569,7.732569,7.732569,0.0,0.0,29790743.0
2009-12-22,7.732569,7.732569,7.732569,7.732569,0.0,0.0,29790743.0
2009-12-23,7.732569,7.5051405,7.5051405,7.732569,2.0,5307.0,29790743.0
2009-12-24,7.5051405,7.5051405,7.5051405,7.5051405,0.0,0.0,29790743.0
2009-12-25,7.5051405,7.5051405,7.5051405,7.5051405,0.0,0.0,29790743.0
2009-12-28,7.5051405,7.5051405,7.5051405,7.5051405,0.0,0.0,29790743.0
2009-12-29,7.5051405,7.5051405,7.5051405,7.5051405,0.0,0.0,29790743.0
2009-12-30,7.5051405,7.5051405,7.5051405,7.5051405,0.0,0.0,29790743.0
2009-12-31,7.5051405,7.5051405,7.5051405,7.5051405,0.0,0.0,29790743.0
2010-01-01,7.5051405,7.5051405,7.5051405,7.5051405,0.0,0.0,29790743.0
2010-01-04,7.5051405,7.5051405,7.5051405,7.5051405,0.0,0.0,29790743.0
2010-01-05,7.5051405,7.5051405,7.5051405,7.5051405,0.0,0.0,29790743.0
2010-01-06,7.5051405,7.0502835,7.0502835,7.5051405,1.0,12205.0,29790743.0
2010-01-07,7.0502835,7.0502835,7.0502835,7.0502835,0.0,0.0,29790743.0
2010-01-08,7.0502835,7.0502835,7.0502835,7.0502835,0.0,0.0,29790743.0
2010-01-11,7.0502835,7.0502835,7.0502835,7.0502835,0.0,0.0,29790743.0
2010-01-12,7.0502835,7.0502835,7.0502835,7.0502835,0.0,0.0,29790743.0
2010-01-13,7.0502835,7.0502835,7.0502835,7.0502835,0.0,0.0,29790743.0
2010-01-14,7.0502835,7.0502835,7.0502835,7.0502835,0.0,0.0,29790743.0
2010-01-15,7.0502835,7.0502835,7.0502835,7.0502835,0.0,0.0,29790743.0
2010-01-18,7.0502835,7.0502835,7.0502835,7.0502835,0.0,0.0,29790743.0
2010-01-19,7.0502835,7.0502835,7.0502835,7.0502835,0.0,0.0,29790743.0
2010-01-20,7.0502835,7.0502835,7.0502835,7.0502835,0.0,0.0,29790743.0
2010-01-21,7.0502835,7.0502835,7.0502835,7.0502835,0.0,0.0,29790743.0
2010-01-22,7.0502835,7.0502835,7.0502835,7.0502835,0.0,0.0,29790743.0
2010-01-25,7.0502835,7.0502835,7.0502835,7.0502835,0.0,0.0,29790743.0
2010-01-26,7.0502835,7.0502835,7.0502835,7.0502835,0.0,0.0,29790743.0
2010-01-27,7.0502835,7.0502835,7.0502835,7.0502835,0.0,0.0,29790743.0
2010-01-28,7.0502835,7.0502835,7.0502835,7.0502835,0.0,0.0,29790743.0
2010-01-29,7.0502835,7.0502835,7.0502835,7.0502835,0.0,0.0,29790743.0
2010-02-01,6.822855000000001,6.822855000000001,6.822855000000001,6.822855000000001,0.0,1.0,29790743.0
2010-02-02,6.822855000000001,6.822855000000001,6.822855000000001,6.822855000000001,0.0,0.0,29790743.0
2010-02-03,6.822855000000001,6.822855000000001,6.822855000000001,6.822855000000001,0.0,0.0,29790743.0
2010-02-04,6.822855000000001,6.822855000000001,6.822855000000001,6.822855000000001,0.0,0.0,29790743.0
2010-02-05,6.822855000000001,6.822855000000001,6.822855000000001,6.822855000000001,0.0,0.0,29790743.0
2010-02-08,6.822855000000001,6.822855000000001,6.822855000000001,6.822855000000001,1.0,5000.0,29790743.0
2010-02-09,6.822855000000001,6.822855000000001,6.822855000000001,6.822855000000001,1.0,8584.0,29790743.0
2010-02-10,6.822855000000001,6.822855000000001,6.822855000000001,6.822855000000001,0.0,0.0,29790743.0
2010-02-11,6.822855000000001,6.822855000000001,6.822855000000001,6.822855000000001,0.0,0.0,29790743.0
2010-02-12,6.822855000000001,6.822855000000001,6.822855000000001,6.822855000000001,1.0,28128.0,29790743.0
2010-02-15,6.822855000000001,6.822855000000001,6.822855000000001,6.822855000000001,1.0,2000.0,29790743.0
2010-02-16,6.822855000000001,6.1405695,6.1405695,6.822855000000001,2.0,43751.0,29790743.0
2010-02-17,6.1405695,6.1405695,6.1405695,6.1405695,0.0,0.0,29790743.0
2010-02-18,6.1405695,6.1405695,6.1405695,6.1405695,1.0,15352.0,29790743.0
2010-02-19,6.1405695,6.1405695,6.1405695,6.1405695,0.0,0.0,29790743.0
2010-02-22,6.1405695,6.1405695,6.1405695,6.1405695,1.0,40000.0,29790743.0
2010-02-23,6.1405695,6.1405695,6.1405695,6.1405695,1.0,5166.0,29790743.0
2010-02-24,6.1405695,6.1405695,6.1405695,6.1405695,0.0,0.0,29790743.0
2010-02-25,6.1405695,6.1405695,6.1405695,6.1405695,0.0,0.0,29790743.0
2010-02-26,6.1405695,6.1405695,6.1405695,6.1405695,1.0,2205.0,29790743.0
2010-03-01,6.1405695,6.1405695,6.1405695,6.1405695,0.0,0.0,29790743.0
2010-03-02,6.1405695,6.1405695,6.1405695,6.1405695,0.0,0.0,29790743.0
2010-03-03,6.1405695,6.1405695,6.1405695,6.1405695,0.0,0.0,29790743.0
2010-03-04,6.1405695,6.1405695,6.1405695,6.1405695,0.0,0.0,29790743.0
2010-03-05,6.1405695,6.1405695,6.1405695,6.1405695,0.0,0.0,29790743.0
2010-03-08,6.1405695,6.1405695,6.1405695,6.1405695,0.0,0.0,29790743.0
2010-03-09,6.1405695,6.1405695,6.1405695,6.1405695,0.0,0.0,29790743.0
2010-03-10,6.1405695,6.1405695,6.1405695,6.1405695,0.0,0.0,29790743.0
2010-03-11,6.1405695,5.2308555000000005,5.458284,6.1405695,1.0,11025.0,29790743.0
2010-03-12,5.458284,5.458284,5.458284,5.458284,0.0,0.0,29790743.0
2010-03-15,5.458284,5.458284,5.458284,5.458284,0.0,0.0,29790743.0
2010-03-16,5.458284,5.458284,5.458284,5.458284,2.0,22000.0,29790743.0
2010-03-17,5.458284,5.458284,5.458284,5.458284,0.0,0.0,29790743.0
2010-03-18,5.458284,5.458284,5.458284,5.458284,0.0,0.0,29790743.0
2010-03-19,5.913141,5.913141,5.913141,5.913141,0.0,1.0,29790743.0
2010-03-22,5.913141,5.913141,5.913141,5.913141,0.0,0.0,29790743.0
2010-03-23,5.6857125,5.6857125,5.6857125,5.6857125,0.0,1.0,29790743.0
2010-03-24,5.6857125,5.6857125,5.6857125,5.6857125,0.0,0.0,29790743.0
2010-03-25,5.6857125,5.6857125,5.6857125,5.6857125,0.0,0.0,29790743.0
2010-03-26,5.6857125,5.6857125,5.6857125,5.6857125,0.0,0.0,29790743.0
2010-03-29,5.6857125,5.6857125,5.6857125,5.6857125,0.0,0.0,29790743.0
2010-03-30,5.6857125,5.6857125,5.6857125,5.6857125,0.0,0.0,29790743.0
2010-03-31,5.6857125,5.6857125,5.6857125,5.6857125,0.0,0.0,29790743.0
2010-04-01,5.79942675,5.6857125,5.79942675,5.6857125,1.0,5380.0,29790743.0
2010-04-02,5.79942675,5.79942675,5.79942675,5.79942675,0.0,0.0,29790743.0
2010-04-05,5.79942675,5.79942675,5.79942675,5.79942675,0.0,0.0,29790743.0
2010-04-06,5.79942675,5.79942675,5.79942675,5.79942675,0.0,0.0,29790743.0
2010-04-07,5.79942675,5.79942675,5.79942675,5.79942675,0.0,0.0,29790743.0
2010-04-08,5.79942675,5.79942675,5.79942675,5.79942675,0.0,0.0,29790743.0
2010-04-09,5.79942675,5.79942675,5.79942675,5.79942675,0.0,0.0,29790743.0
2010-04-12,5.79942675,5.79942675,5.79942675,5.79942675,0.0,0.0,29790743.0
2010-04-13,5.79942675,5.79942675,5.79942675,5.79942675,0.0,0.0,29790743.0
2010-04-14,5.79942675,5.79942675,5.79942675,5.79942675,0.0,0.0,29790743.0
2010-04-15,5.79942675,5.79942675,5.79942675,5.79942675,0.0,0.0,29790743.0
2010-04-16,5.79942675,5.79942675,5.79942675,5.79942675,0.0,0.0,29790743.0
2010-04-19,5.79942675,5.79942675,5.79942675,5.79942675,0.0,0.0,29790743.0
2010-04-20,5.79942675,5.79942675,5.79942675,5.79942675,0.0,0.0,29790743.0
2010-04-21,5.79942675,5.79942675,5.79942675,5.79942675,0.0,0.0,29790743.0
2010-04-22,5.79942675,5.79942675,5.79942675,5.79942675,0.0,0.0,29790743.0
2010-04-23,5.79942675,5.79942675,5.79942675,5.79942675,0.0,0.0,29790743.0
2010-04-26,5.79942675,5.79942675,5.79942675,5.79942675,0.0,0.0,29790743.0
2010-04-27,5.79942675,5.79942675,5.79942675,5.79942675,1.0,1102.0,29790743.0
2010-04-28,5.79942675,5.79942675,5.79942675,5.79942675,0.0,0.0,29790743.0
2010-04-29,5.79942675,5.79942675,5.79942675,5.79942675,0.0,0.0,29790743.0
2010-04-30,5.79942675,5.79942675,5.79942675,5.79942675,0.0,0.0,29790743.0
2010-05-03,5.79942675,5.79942675,5.79942675,5.79942675,0.0,0.0,29790743.0
2010-05-04,5.79942675,5.79942675,5.79942675,5.79942675,0.0,0.0,29790743.0
2010-05-05,5.79942675,5.79942675,5.79942675,5.79942675,0.0,0.0,29790743.0
2010-05-06,5.79942675,5.79942675,5.79942675,5.79942675,0.0,0.0,29790743.0
2010-05-07,5.79942675,5.79942675,5.79942675,5.79942675,0.0,0.0,29790743.0
2010-05-10,5.79942675,5.79942675,5.79942675,5.79942675,0.0,0.0,29790743.0
2010-05-11,5.79942675,5.79942675,5.79942675,5.79942675,0.0,0.0,29790743.0
2010-05-12,5.79942675,5.79942675,5.79942675,5.79942675,0.0,0.0,29790743.0
2010-05-13,5.79942675,5.79942675,5.79942675,5.79942675,0.0,0.0,29790743.0
2010-05-14,5.79942675,5.79942675,5.79942675,5.79942675,0.0,0.0,29790743.0
2010-05-17,5.79942675,5.79942675,5.79942675,5.79942675,0.0,0.0,29790743.0
2010-05-18,5.79942675,5.79942675,5.79942675,5.79942675,0.0,0.0,29790743.0
2010-05-19,5.79942675,5.79942675,5.79942675,5.79942675,1.0,2166.0,29790743.0
2010-05-20,5.79942675,5.79942675,5.79942675,5.79942675,0.0,0.0,29790743.0
2010-05-21,5.79942675,5.79942675,5.79942675,5.79942675,0.0,0.0,29790743.0
2010-05-24,5.79942675,5.79942675,5.79942675,5.79942675,0.0,0.0,29790743.0
2010-05-25,5.79942675,5.79942675,5.79942675,5.79942675,1.0,9000.0,29790743.0
2010-05-26,5.79942675,5.79942675,5.79942675,5.79942675,0.0,0.0,29790743.0
2010-05-27,5.79942675,5.79942675,5.79942675,5.79942675,0.0,0.0,29790743.0
2010-05-28,5.79942675,5.79942675,5.79942675,5.79942675,0.0,0.0,29790743.0
2010-05-31,5.79942675,5.79942675,5.79942675,5.79942675,0.0,0.0,29790743.0
2010-06-01,5.79942675,5.79942675,5.79942675,5.79942675,1.0,100000.0,29790743.0
2010-06-02,5.79942675,5.6857125,5.6857125,5.79942675,1.0,8217.0,29790743.0
2010-06-03,5.6857125,5.6857125,5.6857125,5.6857125,0.0,0.0,29790743.0
2010-06-04,5.913141,5.6857125,5.913141,5.6857125,1.0,9202.0,29790743.0
2010-06-07,6.1405695,6.1405695,6.1405695,6.1405695,0.0,1.0,29790743.0
2010-06-08,6.1405695,6.1405695,6.1405695,6.1405695,0.0,0.0,29790743.0
2010-06-09,6.1405695,6.1405695,6.1405695,6.1405695,0.0,0.0,29790743.0
2010-06-10,6.1405695,6.1405695,6.1405695,6.1405695,0.0,0.0,29790743.0
2010-06-11,6.1405695,6.1405695,6.1405695,6.1405695,1.0,2626.0,29790743.0
2010-06-14,6.1405695,6.1405695,6.1405695,6.1405695,0.0,0.0,29790743.0
2010-06-15,6.1405695,6.1405695,6.1405695,6.1405695,1.0,33334.0,29790743.0
2010-06-16,6.1405695,6.1405695,6.1405695,6.1405695,0.0,0.0,29790743.0
2010-06-17,6.1405695,6.1405695,6.1405695,6.1405695,0.0,0.0,29790743.0
2010-06-18,6.1405695,6.1405695,6.1405695,6.1405695,0.0,0.0,29790743.0
2010-06-21,6.1405695,6.1405695,6.1405695,6.1405695,0.0,0.0,29790743.0
2010-06-22,6.1405695,6.1405695,6.1405695,6.1405695,0.0,0.0,29790743.0
2010-06-23,6.1405695,6.1405695,6.1405695,6.1405695,0.0,0.0,29790743.0
2010-06-24,6.1405695,6.1405695,6.1405695,6.1405695,0.0,0.0,29790743.0
2010-06-25,6.1405695,6.1405695,6.1405695,6.1405695,0.0,0.0,29790743.0
2010-06-28,6.1405695,6.1405695,6.1405695,6.1405695,0.0,0.0,29790743.0
2010-06-29,6.1405695,6.1405695,6.1405695,6.1405695,1.0,10657.0,29790743.0
2010-06-30,6.1405695,6.1405695,6.1405695,6.1405695,0.0,0.0,29790743.0
2010-07-01,6.1405695,6.1405695,6.1405695,6.1405695,0.0,0.0,29790743.0
2010-07-02,6.1405695,6.1405695,6.1405695,6.1405695,0.0,0.0,29790743.0
2010-07-05,6.1405695,6.1405695,6.1405695,6.1405695,0.0,0.0,29790743.0
2010-07-06,6.1405695,6.1405695,6.1405695,6.1405695,0.0,0.0,29790743.0
2010-07-07,6.1405695,6.1405695,6.1405695,6.1405695,0.0,0.0,29790743.0
2010-07-08,6.1405695,6.1405695,6.1405695,6.1405695,0.0,0.0,29790743.0
2010-07-09,6.1405695,6.1405695,6.1405695,6.1405695,0.0,0.0,29790743.0
2010-07-12,5.913141,5.913141,5.913141,5.913141,0.0,1.0,29790743.0
2010-07-13,5.913141,5.913141,5.913141,5.913141,0.0,0.0,29790743.0
2010-07-14,5.913141,5.913141,5.913141,5.913141,0.0,0.0,29790743.0
2010-07-15,5.913141,5.913141,5.913141,5.913141,0.0,0.0,29790743.0
2010-07-16,5.913141,5.913141,5.913141,5.913141,0.0,0.0,29790743.0
2010-07-19,5.913141,5.913141,5.913141,5.913141,0.0,0.0,29790743.0
2010-07-20,5.913141,5.913141,5.913141,5.913141,0.0,0.0,29790743.0
2010-07-21,5.913141,5.913141,5.913141,5.913141,0.0,0.0,29790743.0
2010-07-22,5.913141,5.913141,5.913141,5.913141,0.0,0.0,29790743.0
2010-07-23,5.913141,5.913141,5.913141,5.913141,0.0,0.0,29790743.0
2010-07-26,5.913141,5.913141,5.913141,5.913141,0.0,0.0,29790743.0
2010-07-27,5.913141,5.913141,5.913141,5.913141,0.0,0.0,29790743.0
2010-07-28,5.913141,5.913141,5.913141,5.913141,0.0,0.0,29790743.0
2010-07-29,5.913141,5.913141,5.913141,5.913141,0.0,0.0,29790743.0
2010-07-30,5.913141,5.913141,5.913141,5.913141,0.0,0.0,29790743.0
2010-08-02,5.913141,5.913141,5.913141,5.913141,1.0,200.0,29790743.0
2010-08-03,5.913141,5.913141,5.913141,5.913141,0.0,0.0,29790743.0
2010-08-04,5.913141,5.913141,5.913141,5.913141,0.0,0.0,29790743.0
2010-08-05,5.913141,5.913141,5.913141,5.913141,0.0,0.0,29790743.0
2010-08-06,5.913141,5.913141,5.913141,5.913141,1.0,2291.0,29790743.0
2010-08-09,5.913141,5.913141,5.913141,5.913141,0.0,0.0,29790743.0
2010-08-10,5.913141,5.913141,5.913141,5.913141,0.0,0.0,29790743.0
2010-08-11,5.913141,5.57199825,5.57199825,5.913141,1.0,5000.0,29790743.0
2010-08-12,5.57199825,5.57199825,5.57199825,5.57199825,0.0,0.0,29790743.0
2010-08-13,6.367998,6.367998,6.367998,6.367998,0.0,1.0,29790743.0
2010-08-16,6.367998,6.367998,6.367998,6.367998,0.0,0.0,29790743.0
2010-08-17,6.367998,6.367998,6.367998,6.367998,0.0,0.0,29790743.0
2010-08-18,6.367998,6.367998,6.367998,6.367998,0.0,0.0,29790743.0
2010-08-19,6.367998,6.367998,6.367998,6.367998,0.0,0.0,29790743.0
2010-08-20,6.367998,6.367998,6.367998,6.367998,0.0,0.0,29790743.0
2010-08-23,6.367998,6.367998,6.367998,6.367998,0.0,0.0,29790743.0
2010-08-24,6.367998,6.367998,6.367998,6.367998,0.0,0.0,29790743.0
2010-08-25,6.367998,6.367998,6.367998,6.367998,0.0,0.0,29790743.0
2010-08-26,6.367998,6.367998,6.367998,6.367998,0.0,0.0,29790743.0
2010-08-27,6.367998,6.367998,6.367998,6.367998,0.0,0.0,29790743.0
2010-08-30,6.367998,6.367998,6.367998,6.367998,0.0,0.0,29790743.0
2010-08-31,6.367998,6.367998,6.367998,6.367998,0.0,0.0,29790743.0
2010-09-01,6.367998,6.367998,6.367998,6.367998,0.0,0.0,29790743.0
2010-09-02,6.367998,6.367998,6.367998,6.367998,1.0,221000.0,29790743.0
2010-09-03,6.367998,6.367998,6.367998,6.367998,0.0,0.0,29790743.0
2010-09-06,6.367998,6.367998,6.367998,6.367998,0.0,0.0,29790743.0
2010-09-07,6.367998,6.367998,6.367998,6.367998,1.0,5407.0,29790743.0
2010-09-08,6.367998,6.367998,6.367998,6.367998,1.0,65000.0,29790743.0
2010-09-09,6.367998,6.367998,6.367998,6.367998,0.0,0.0,29790743.0
2010-09-10,6.367998,6.367998,6.367998,6.367998,0.0,0.0,29790743.0
2010-09-13,6.1405695,6.1405695,6.1405695,6.1405695,0.0,1.0,29790743.0
2010-09-14,6.1405695,6.1405695,6.1405695,6.1405695,0.0,0.0,29790743.0
2010-09-15,6.1405695,6.1405695,6.1405695,6.1405695,0.0,0.0,29790743.0
2010-09-16,6.1405695,6.1405695,6.1405695,6.1405695,0.0,0.0,29790743.0
2010-09-17,6.1405695,6.1405695,6.1405695,6.1405695,0.0,0.0,29790743.0
2010-09-20,6.1405695,6.1405695,6.1405695,6.1405695,0.0,0.0,29790743.0
2010-09-21,6.1405695,6.1405695,6.1405695,6.1405695,0.0,0.0,29790743.0
2010-09-22,6.1405695,6.1405695,6.1405695,6.1405695,0.0,0.0,29790743.0
2010-09-23,6.1405695,6.1405695,6.1405695,6.1405695,0.0,0.0,29790743.0
2010-09-24,6.1405695,6.1405695,6.1405695,6.1405695,0.0,0.0,29790743.0
2010-09-27,6.1405695,6.1405695,6.1405695,6.1405695,0.0,0.0,29790743.0
2010-09-28,6.1405695,6.1405695,6.1405695,6.1405695,0.0,0.0,29790743.0
2010-09-29,6.1405695,6.1405695,6.1405695,6.1405695,0.0,0.0,29790743.0
2010-09-30,6.1405695,6.1405695,6.1405695,6.1405695,0.0,0.0,29790743.0
2010-10-01,6.1405695,6.1405695,6.1405695,6.1405695,0.0,0.0,29790743.0
2010-10-02,6.1405695,6.1405695,6.1405695,6.1405695,0.0,0.0,29790743.0
2010-10-04,6.1405695,6.1405695,6.1405695,6.1405695,0.0,0.0,29790743.0
2010-10-05,6.1405695,6.1405695,6.1405695,6.1405695,0.0,0.0,29790743.0
2010-10-06,6.1405695,6.1405695,6.1405695,6.1405695,0.0,0.0,29790743.0
2010-10-07,6.1405695,6.1405695,6.1405695,6.1405695,0.0,0.0,29790743.0
2010-10-08,6.1405695,6.1405695,6.1405695,6.1405695,0.0,0.0,29790743.0
2010-10-11,6.1405695,6.1405695,6.1405695,6.1405695,1.0,15000.0,29790743.0
2010-10-12,6.367998,6.1405695,6.367998,6.1405695,1.0,14000.0,29790743.0
2010-10-13,6.367998,6.367998,6.367998,6.367998,0.0,0.0,29790743.0
2010-10-14,6.367998,6.367998,6.367998,6.367998,0.0,0.0,29790743.0
2010-10-15,6.367998,6.367998,6.367998,6.367998,1.0,20000.0,29790743.0
2010-10-18,6.367998,6.367998,6.367998,6.367998,0.0,0.0,29790743.0
2010-10-19,6.367998,6.367998,6.367998,6.367998,0.0,0.0,29790743.0
2010-10-20,6.367998,6.367998,6.367998,6.367998,0.0,0.0,29790743.0
2010-10-21,6.367998,6.367998,6.367998,6.367998,0.0,0.0,29790743.0
2010-10-22,6.367998,6.367998,6.367998,6.367998,0.0,0.0,29790743.0
2010-10-25,6.367998,6.367998,6.367998,6.367998,0.0,0.0,29790743.0
2010-10-26,6.367998,6.367998,6.367998,6.367998,0.0,0.0,29790743.0
2010-10-27,6.367998,6.367998,6.367998,6.367998,0.0,0.0,29790743.0
2010-10-28,6.367998,6.367998,6.367998,6.367998,0.0,0.0,29790743.0
2010-10-29,6.367998,6.367998,6.367998,6.367998,0.0,0.0,29790743.0
2010-11-01,6.367998,6.367998,6.367998,6.367998,0.0,0.0,29790743.0
2010-11-02,6.367998,6.367998,6.367998,6.367998,0.0,0.0,29790743.0
2010-11-03,6.367998,6.367998,6.367998,6.367998,0.0,0.0,29790743.0
2010-11-04,6.367998,6.367998,6.367998,6.367998,0.0,0.0,29790743.0
2010-11-05,6.367998,6.367998,6.367998,6.367998,0.0,0.0,29790743.0
2010-11-08,6.367998,6.367998,6.367998,6.367998,0.0,0.0,29790743.0
2010-11-09,6.367998,6.367998,6.367998,6.367998,0.0,0.0,29790743.0
2010-11-10,6.367998,6.367998,6.367998,6.367998,0.0,0.0,29790743.0
2010-11-11,6.367998,6.1405695,6.1405695,6.367998,2.0,4000.0,29790743.0
2010-11-12,6.1405695,6.1405695,6.1405695,6.1405695,0.0,0.0,29790743.0
2010-11-15,6.1405695,6.1405695,6.1405695,6.1405695,1.0,4000.0,29790743.0
2010-11-16,6.1405695,6.1405695,6.1405695,6.1405695,0.0,0.0,29790743.0
2010-11-17,6.1405695,6.1405695,6.1405695,6.1405695,0.0,0.0,29790743.0
2010-11-18,6.1405695,6.1405695,6.1405695,6.1405695,0.0,0.0,29790743.0
2010-11-19,6.1405695,6.1405695,6.1405695,6.1405695,0.0,0.0,29790743.0
2010-11-22,6.1405695,6.1405695,6.1405695,6.1405695,0.0,0.0,29790743.0
2010-11-23,6.1405695,6.1405695,6.1405695,6.1405695,0.0,0.0,29790743.0
2010-11-24,6.1405695,6.1405695,6.1405695,6.1405695,0.0,0.0,29790743.0
2010-11-25,6.1405695,5.913141,5.913141,6.1405695,1.0,974.0,29790743.0
2010-11-26,5.913141,5.913141,5.913141,5.913141,0.0,0.0,29790743.0
2010-11-29,5.913141,5.913141,5.913141,5.913141,0.0,0.0,29790743.0
2010-11-30,5.913141,5.913141,5.913141,5.913141,1.0,3307.0,29790743.0
2010-12-01,5.913141,5.913141,5.913141,5.913141,1.0,1569.0,29790743.0
2010-12-02,5.913141,5.913141,5.913141,5.913141,1.0,5000.0,29790743.0
2010-12-03,5.913141,5.913141,5.913141,5.913141,0.0,0.0,29790743.0
2010-12-06,5.913141,5.913141,5.913141,5.913141,0.0,0.0,29790743.0
2010-12-07,5.913141,5.913141,5.913141,5.913141,0.0,0.0,29790743.0
2010-12-08,5.913141,5.913141,5.913141,5.913141,1.0,4305.0,29790743.0
2010-12-09,5.913141,5.913141,5.913141,5.913141,1.0,10000.0,29790743.0
2010-12-10,5.913141,5.913141,5.913141,5.913141,0.0,0.0,29790743.0
2010-12-13,5.913141,5.913141,5.913141,5.913141,0.0,0.0,29790743.0
2010-12-14,5.913141,5.913141,5.913141,5.913141,0.0,0.0,29790743.0
2010-12-15,5.913141,5.913141,5.913141,5.913141,0.0,0.0,29790743.0
2010-12-16,5.913141,5.913141,5.913141,5.913141,0.0,0.0,29790743.0
2010-12-17,5.913141,5.913141,5.913141,5.913141,0.0,0.0,29790743.0
2010-12-20,5.913141,5.2308555000000005,5.2308555000000005,5.913141,1.0,13071.0,29790743.0
2010-12-21,5.2308555000000005,5.2308555000000005,5.2308555000000005,5.2308555000000005,0.0,0.0,29790743.0
2010-12-22,5.2308555000000005,5.2308555000000005,5.2308555000000005,5.2308555000000005,0.0,0.0,29790743.0
2010-12-23,5.2308555000000005,5.2308555000000005,5.2308555000000005,5.2308555000000005,0.0,0.0,29790743.0
2010-12-24,5.2308555000000005,5.2308555000000005,5.2308555000000005,5.2308555000000005,0.0,0.0,29790743.0
2010-12-27,5.2308555000000005,5.2308555000000005,5.2308555000000005,5.2308555000000005,0.0,0.0,29790743.0
2010-12-28,5.2308555000000005,5.2308555000000005,5.2308555000000005,5.2308555000000005,0.0,0.0,29790743.0
2010-12-29,5.2308555000000005,5.2308555000000005,5.2308555000000005,5.2308555000000005,0.0,0.0,29790743.0
2010-12-30,5.2308555000000005,5.2308555000000005,5.2308555000000005,5.2308555000000005,1.0,49000.0,29790743.0
2010-12-31,5.2308555000000005,5.2308555000000005,5.2308555000000005,5.2308555000000005,0.0,0.0,29790743.0
2011-01-03,5.2308555000000005,5.2308555000000005,5.2308555000000005,5.2308555000000005,0.0,0.0,29790743.0
2011-01-04,5.2308555000000005,5.2308555000000005,5.2308555000000005,5.2308555000000005,0.0,0.0,29790743.0
2011-01-05,5.2308555000000005,5.2308555000000005,5.2308555000000005,5.2308555000000005,1.0,8610.0,29790743.0
2011-01-06,5.2308555000000005,5.2308555000000005,5.2308555000000005,5.2308555000000005,0.0,0.0,29790743.0
2011-01-07,5.2308555000000005,5.2308555000000005,5.2308555000000005,5.2308555000000005,0.0,0.0,29790743.0
2011-01-10,5.2308555000000005,5.003427,5.003427,5.2308555000000005,1.0,3000.0,29790743.0
2011-01-11,5.003427,5.003427,5.003427,5.003427,1.0,4074.0,29790743.0
2011-01-12,5.003427,5.003427,5.003427,5.003427,0.0,0.0,29790743.0
2011-01-13,5.003427,5.003427,5.003427,5.003427,0.0,0.0,29790743.0
2011-01-14,5.003427,5.003427,5.003427,5.003427,0.0,0.0,29790743.0
2011-01-17,5.003427,5.003427,5.003427,5.003427,0.0,0.0,29790743.0
2011-01-18,5.003427,5.003427,5.003427,5.003427,0.0,0.0,29790743.0
2011-01-19,5.003427,5.003427,5.003427,5.003427,0.0,0.0,29790743.0
2011-01-20,5.003427,5.003427,5.003427,5.003427,0.0,0.0,29790743.0
2011-01-21,5.458284,5.458284,5.458284,5.458284,0.0,1.0,29790743.0
2011-01-24,5.458284,5.458284,5.458284,5.458284,0.0,0.0,29790743.0
2011-01-25,5.458284,5.458284,5.458284,5.458284,0.0,0.0,29790743.0
2011-01-26,5.458284,5.458284,5.458284,5.458284,0.0,0.0,29790743.0
2011-01-27,5.458284,5.458284,5.458284,5.458284,0.0,0.0,29790743.0
2011-01-28,5.458284,5.458284,5.458284,5.458284,0.0,0.0,29790743.0
2011-01-31,5.458284,5.458284,5.458284,5.458284,0.0,0.0,31721178.0
2011-02-01,5.458284,5.458284,5.458284,5.458284,0.0,0.0,31721178.0
2011-02-02,5.458284,5.458284,5.458284,5.458284,0.0,0.0,31721178.0
2011-02-03,5.458284,5.458284,5.458284,5.458284,0.0,0.0,31721178.0
2011-02-04,5.458284,5.458284,5.458284,5.458284,0.0,0.0,31721178.0
2011-02-07,5.458284,5.458284,5.458284,5.458284,0.0,0.0,31721178.0
2011-02-08,5.458284,5.458284,5.458284,5.458284,0.0,0.0,31721178.0
2011-02-09,5.458284,5.458284,5.458284,5.458284,0.0,0.0,31721178.0
2011-02-10,5.458284,5.458284,5.458284,5.458284,0.0,0.0,31721178.0
2011-02-11,5.458284,5.458284,5.458284,5.458284,0.0,0.0,31721178.0
2011-02-14,5.458284,5.458284,5.458284,5.458284,0.0,0.0,31721178.0
2011-02-15,6.25428375,5.005701285000001,5.6857125,5.6857125,2.0,9000.0,31721178.0
2011-02-16,5.6857125,5.6857125,5.6857125,5.6857125,0.0,0.0,31721178.0
2011-02-17,5.6857125,5.6857125,5.6857125,5.6857125,0.0,0.0,31721178.0
2011-02-18,5.6857125,5.6857125,5.6857125,5.6857125,0.0,0.0,31721178.0
2011-02-21,5.6857125,5.6857125,5.6857125,5.6857125,0.0,0.0,31721178.0
2011-02-22,7.0502835,7.0502835,6.1405695,5.6857125,1.0,25517.0,31721178.0
2011-02-23,7.0502835,6.25428375,6.25428375,6.1405695,1.0,10000.0,31721178.0
2011-02-24,6.70914075,6.25428375,6.70914075,6.25428375,1.0,145000.0,31721178.0
2011-02-25,7.277712,7.0502835,7.16399775,7.0502835,2.0,14380.0,31721178.0
2011-02-28,8.187426,7.9145118,8.187426,7.16399775,3.0,15000.0,31721178.0
2011-03-01,8.869711500000001,8.5058259,8.869711500000001,8.187426,2.0,21917.0,31721178.0
2011-03-02,8.869711500000001,8.869711500000001,8.869711500000001,8.869711500000001,0.0,0.0,31721178.0
2011-03-03,9.551997,9.09714,9.09714,8.869711500000001,2.0,100000.0,31721178.0
2011-03-04,9.09714,9.09714,9.09714,9.09714,0.0,0.0,31721178.0
2011-03-07,9.09714,9.09714,9.09714,9.09714,0.0,0.0,31721178.0
2011-03-08,9.09714,9.09714,9.09714,9.09714,0.0,0.0,31721178.0
2011-03-09,8.870621214,8.357997375,8.4148545,9.09714,4.0,18626.0,31721178.0
2011-03-10,8.187426,8.187426,8.187426,8.187426,0.0,1.0,31721178.0
2011-03-11,7.9599975,7.9599975,7.9599975,7.9599975,0.0,1.0,31721178.0
2011-03-14,7.9599975,7.9599975,7.9599975,7.9599975,0.0,0.0,31721178.0
2011-03-15,7.9599975,7.9599975,7.9599975,7.9599975,0.0,0.0,31721178.0
2011-03-16,7.9599975,7.9599975,7.9599975,7.9599975,0.0,0.0,31721178.0
2011-03-17,7.9599975,7.9599975,7.9599975,7.9599975,0.0,0.0,31721178.0
2011-03-18,8.187426,8.187426,8.187426,8.187426,0.0,1.0,31721178.0
2011-03-19,8.187426,8.187426,8.187426,8.187426,0.0,0.0,31721178.0
2011-03-21,8.642283,8.4148545,8.4148545,8.187426,1.0,15000.0,31721178.0
2011-03-22,8.4148545,8.4148545,8.4148545,8.4148545,0.0,0.0,31721178.0
2011-03-23,8.4148545,8.4148545,8.4148545,8.4148545,0.0,0.0,31721178.0
2011-03-24,8.4148545,8.4148545,8.4148545,8.4148545,0.0,0.0,31721178.0
2011-03-25,8.4148545,8.4148545,8.4148545,8.4148545,0.0,0.0,31721178.0
2011-03-28,8.4148545,8.4148545,8.4148545,8.4148545,0.0,0.0,31721178.0
2011-03-29,8.4148545,8.4148545,8.4148545,8.4148545,0.0,0.0,31721178.0
2011-03-30,8.4148545,8.4148545,8.4148545,8.4148545,0.0,0.0,31721178.0
2011-03-31,8.4148545,8.4148545,8.4148545,8.4148545,0.0,0.0,31721178.0
2011-04-01,8.4148545,8.4148545,8.4148545,8.4148545,0.0,0.0,31721178.0
2011-04-04,8.4148545,8.4148545,8.4148545,8.4148545,0.0,0.0,31721178.0
2011-04-05,8.4148545,8.4148545,8.4148545,8.4148545,0.0,0.0,31721178.0
2011-04-06,8.4148545,7.9599975,8.4148545,8.4148545,1.0,20000.0,31721178.0
2011-04-07,8.4148545,8.4148545,8.4148545,8.4148545,0.0,0.0,31721178.0
2011-04-08,8.4148545,8.4148545,8.4148545,8.4148545,0.0,0.0,31721178.0
2011-04-11,8.4148545,8.4148545,8.4148545,8.4148545,0.0,0.0,31721178.0
2011-04-12,8.4148545,8.4148545,8.4148545,8.4148545,0.0,0.0,31721178.0
2011-04-13,8.4148545,8.4148545,8.4148545,8.4148545,0.0,0.0,31721178.0
2011-04-14,9.09714,8.4148545,8.4148545,8.4148545,1.0,10000.0,31721178.0
2011-04-15,9.09714,9.09714,9.09714,9.09714,0.0,1.0,31721178.0
2011-04-18,10.2342825,9.7794255,9.7794255,9.09714,1.0,25000.0,31721178.0
2011-04-19,9.7794255,9.7794255,9.7794255,9.7794255,0.0,0.0,31721178.0
2011-04-20,9.7794255,9.7794255,9.7794255,9.7794255,0.0,0.0,31721178.0
2011-04-21,9.7794255,9.7794255,9.7794255,9.7794255,0.0,0.0,31721178.0
2011-04-26,10.461711,9.7794255,9.7794255,9.7794255,3.0,8001.0,31721178.0
2011-04-27,9.551997,9.551997,9.551997,9.551997,0.0,1.0,31721178.0
2011-04-28,9.551997,9.551997,9.551997,9.551997,0.0,0.0,31721178.0
2011-04-29,9.551997,9.551997,9.551997,9.551997,0.0,0.0,31721178.0
2011-05-02,9.551997,9.551997,9.551997,9.551997,0.0,0.0,31721178.0
2011-05-03,9.5974827,9.551997,9.551997,9.551997,1.0,5000.0,31721178.0
2011-05-04,9.551997,9.551997,9.551997,9.551997,0.0,0.0,31721178.0
2011-05-05,9.551997,9.551997,9.551997,9.551997,0.0,0.0,31721178.0
2011-05-06,9.551997,9.551997,9.551997,9.551997,0.0,0.0,31721178.0
2011-05-09,9.5974827,9.551997,9.551997,9.551997,1.0,12000.0,31721178.0
2011-05-10,9.56109414,9.551997,9.551997,9.551997,1.0,2205.0,31721178.0
2011-05-11,9.551997,9.551997,9.551997,9.551997,0.0,0.0,31721178.0
2011-05-12,9.56109414,9.551997,9.551997,9.551997,1.0,2000.0,31721178.0
2011-05-13,9.551997,9.551997,9.551997,9.551997,0.0,0.0,31721178.0
2011-05-16,9.551997,9.551997,9.551997,9.551997,0.0,0.0,31721178.0
2011-05-17,9.551997,9.551997,9.551997,9.551997,0.0,0.0,31721178.0
2011-05-18,9.551997,9.551997,9.551997,9.551997,0.0,0.0,31721178.0
2011-05-19,9.551997,9.551997,9.551997,9.551997,0.0,0.0,31721178.0
2011-05-20,9.551997,9.551997,9.551997,9.551997,0.0,0.0,31721178.0
2011-05-23,9.551997,9.551997,9.551997,9.551997,0.0,0.0,31721178.0
2011-05-24,9.551997,9.551997,9.551997,9.551997,0.0,0.0,31721178.0
2011-05-25,9.551997,9.551997,9.551997,9.551997,0.0,0.0,31721178.0
2011-05-26,9.551997,9.4155399,9.551997,9.551997,1.0,2000.0,31721178.0
2011-05-27,9.4155399,9.3245685,9.3245685,9.551997,1.0,2000.0,31721178.0
2011-05-30,9.3245685,9.3245685,9.3245685,9.3245685,0.0,0.0,31721178.0
2011-05-31,9.3245685,9.3245685,9.3245685,9.3245685,0.0,0.0,31721178.0
2011-06-01,9.3245685,9.3245685,9.3245685,9.3245685,0.0,0.0,31721178.0
2011-06-02,9.09714,9.09714,9.09714,9.09714,0.0,1.0,31721178.0
2011-06-03,9.09714,9.09714,9.09714,9.09714,0.0,0.0,31721178.0
2011-06-06,9.09714,9.09714,9.09714,9.09714,0.0,0.0,31721178.0
2011-06-07,8.869711500000001,8.75599725,8.75599725,9.09714,1.0,20000.0,31721178.0
2011-06-08,8.75599725,8.75599725,8.75599725,8.75599725,0.0,0.0,31721178.0
2011-06-09,8.75599725,8.75599725,8.75599725,8.75599725,0.0,0.0,31721178.0
2011-06-10,8.75599725,8.75599725,8.75599725,8.75599725,0.0,0.0,31721178.0
2011-06-13,8.75599725,8.75599725,8.75599725,8.75599725,0.0,0.0,31721178.0
2011-06-14,8.75599725,8.75599725,8.75599725,8.75599725,0.0,0.0,31721178.0
2011-06-15,8.75599725,8.75599725,8.75599725,8.75599725,0.0,0.0,31721178.0
2011-06-16,8.75599725,8.75599725,8.75599725,8.75599725,0.0,0.0,31721178.0
2011-06-17,8.75599725,8.75599725,8.75599725,8.75599725,0.0,0.0,31721178.0
2011-06-20,9.0516543,8.75599725,8.75599725,8.75599725,1.0,5000.0,31721178.0
2011-06-21,8.824225799999999,8.75599725,8.75599725,8.75599725,1.0,2756.0,31721178.0
2011-06-22,8.75599725,8.75599725,8.75599725,8.75599725,0.0,0.0,31721178.0
2011-06-23,8.52856875,8.52856875,8.52856875,8.52856875,0.0,1.0,31721178.0
2011-06-24,8.52856875,8.52856875,8.52856875,8.52856875,0.0,0.0,31721178.0
2011-06-27,8.52856875,8.52856875,8.52856875,8.52856875,0.0,0.0,31721178.0
2011-06-28,8.52856875,8.52856875,8.52856875,8.52856875,0.0,0.0,31721178.0
2011-06-29,8.52856875,8.52856875,8.52856875,8.52856875,0.0,0.0,31721178.0
2011-06-30,8.52856875,8.52856875,8.52856875,8.52856875,0.0,0.0,31721178.0
2011-07-01,8.52856875,8.52856875,8.52856875,8.52856875,0.0,0.0,31721178.0
2011-07-04,8.52856875,8.52856875,8.52856875,8.52856875,0.0,0.0,31721178.0
2011-07-05,8.52856875,8.52856875,8.52856875,8.52856875,0.0,0.0,31721178.0
2011-07-06,8.52856875,8.52856875,8.52856875,8.52856875,0.0,0.0,31721178.0
2011-07-07,8.52856875,8.52856875,8.52856875,8.52856875,0.0,0.0,31721178.0
2011-07-08,8.52856875,8.52856875,8.52856875,8.52856875,0.0,0.0,31721178.0
2011-07-11,8.52856875,8.52856875,8.52856875,8.52856875,0.0,0.0,31721178.0
2011-07-12,8.52856875,8.52856875,8.52856875,8.52856875,0.0,0.0,31721178.0
2011-07-13,8.52856875,8.130568875,8.52856875,8.52856875,1.0,7500.0,31721178.0
2011-07-14,8.52856875,8.52856875,8.52856875,8.52856875,0.0,0.0,31721178.0
2011-07-15,8.52856875,8.131023732000001,8.52856875,8.52856875,1.0,2000.0,31721178.0
2011-07-18,8.52856875,8.131023732000001,8.52856875,8.52856875,1.0,10000.0,31721178.0
2011-07-19,8.52856875,8.52856875,8.52856875,8.52856875,0.0,0.0,31721178.0
2011-07-20,8.30114025,8.130568875,8.30114025,8.52856875,1.0,3000.0,31721178.0
2011-07-21,8.30114025,8.30114025,8.30114025,8.30114025,0.0,0.0,31721178.0
2011-07-22,8.30114025,8.30114025,8.30114025,8.30114025,0.0,0.0,31721178.0
2011-07-23,8.30114025,8.30114025,8.30114025,8.30114025,0.0,0.0,31721178.0
2011-07-25,8.30114025,8.30114025,8.30114025,8.30114025,0.0,0.0,31721178.0
2011-07-26,8.30114025,8.30114025,8.30114025,8.30114025,0.0,0.0,31721178.0
2011-07-27,8.30114025,8.30114025,8.30114025,8.30114025,0.0,0.0,31721178.0
2011-07-28,8.30114025,8.30114025,8.30114025,8.30114025,0.0,0.0,31721178.0
2011-07-29,8.30114025,8.30114025,8.30114025,8.30114025,0.0,0.0,31721178.0
2011-08-01,8.30114025,8.30114025,8.30114025,8.30114025,0.0,0.0,31721178.0
2011-08-02,8.30114025,8.30114025,8.30114025,8.30114025,0.0,0.0,31721178.0
2011-08-03,8.30114025,8.30114025,8.30114025,8.30114025,0.0,0.0,31721178.0
2011-08-04,8.30114025,8.30114025,8.30114025,8.30114025,0.0,0.0,31721178.0
2011-08-05,8.585880732000001,8.4148545,8.4148545,8.30114025,1.0,5035.0,31721178.0
2011-08-08,8.4148545,8.4148545,8.4148545,8.4148545,0.0,0.0,31721178.0
2011-08-09,8.4148545,8.4148545,8.4148545,8.4148545,0.0,0.0,31721178.0
2011-08-10,8.4148545,8.4148545,8.4148545,8.4148545,1.0,44700.0,31721178.0
2011-08-11,8.4148545,8.4148545,8.4148545,8.4148545,0.0,0.0,31721178.0
2011-08-12,8.4148545,8.4148545,8.4148545,8.4148545,0.0,0.0,31721178.0
2011-08-15,8.4148545,8.4148545,8.4148545,8.4148545,0.0,0.0,31721178.0
2011-08-16,8.4148545,8.4148545,8.4148545,8.4148545,0.0,0.0,31721178.0
2011-08-17,8.4148545,8.4148545,8.4148545,8.4148545,0.0,0.0,31721178.0
2011-08-18,8.4148545,8.4148545,8.4148545,8.4148545,0.0,0.0,31721178.0
2011-08-19,8.4148545,8.4148545,8.4148545,8.4148545,0.0,0.0,31721178.0
2011-08-22,8.4148545,8.4148545,8.4148545,8.4148545,0.0,0.0,31721178.0
2011-08-23,8.4148545,8.4148545,8.4148545,8.4148545,0.0,0.0,31721178.0
2011-08-24,8.4148545,8.4148545,8.4148545,8.4148545,0.0,0.0,31721178.0
2011-08-25,8.4148545,8.4148545,8.4148545,8.4148545,0.0,0.0,31721178.0
2011-08-26,8.4148545,8.4148545,8.4148545,8.4148545,0.0,0.0,31721178.0
2011-08-29,8.4148545,8.4148545,8.4148545,8.4148545,0.0,0.0,31721178.0
2011-08-30,8.4148545,8.4148545,8.4148545,8.4148545,0.0,0.0,31721178.0
2011-08-31,8.4148545,8.4148545,8.4148545,8.4148545,0.0,0.0,31721178.0
2011-09-01,8.4148545,8.4148545,8.4148545,8.4148545,0.0,0.0,31721178.0
2011-09-02,8.4148545,8.4148545,8.4148545,8.4148545,0.0,0.0,31721178.0
2011-09-05,8.4148545,8.4148545,8.4148545,8.4148545,0.0,0.0,31721178.0
2011-09-06,8.4148545,7.9145118,8.4148545,8.4148545,1.0,2000.0,31721178.0
2011-09-07,8.4148545,8.4148545,8.4148545,8.4148545,0.0,0.0,31721178.0
2011-09-08,8.4148545,8.4148545,8.4148545,8.4148545,0.0,0.0,31721178.0
2011-09-09,8.4148545,8.4148545,8.4148545,8.4148545,0.0,0.0,31721178.0
2011-09-12,8.4148545,8.4148545,8.4148545,8.4148545,0.0,0.0,31721178.0
2011-09-13,8.4148545,8.4148545,8.4148545,8.4148545,0.0,0.0,31721178.0
2011-09-14,8.4148545,8.4148545,8.4148545,8.4148545,0.0,0.0,31721178.0
2011-09-15,8.4148545,8.4148545,8.4148545,8.4148545,0.0,0.0,31721178.0
2011-09-16,8.4148545,8.4148545,8.4148545,8.4148545,0.0,0.0,31721178.0
2011-09-19,8.4148545,8.4148545,8.4148545,8.4148545,0.0,0.0,31721178.0
2011-09-20,8.4148545,8.4148545,8.4148545,8.4148545,0.0,0.0,31721178.0
2011-09-21,8.4148545,8.4148545,8.4148545,8.4148545,0.0,0.0,31721178.0
2011-09-22,8.4148545,8.4148545,8.4148545,8.4148545,0.0,0.0,31721178.0
2011-09-23,8.4148545,8.4148545,8.4148545,8.4148545,0.0,0.0,31721178.0
2011-09-26,8.4148545,7.9145118,8.4148545,8.4148545,1.0,15000.0,31721178.0
2011-09-27,8.4148545,8.4148545,8.4148545,8.4148545,0.0,0.0,31721178.0
2011-09-28,8.4148545,8.4148545,8.4148545,8.4148545,0.0,0.0,31721178.0
2011-09-29,8.4148545,8.4148545,8.4148545,8.4148545,0.0,0.0,31721178.0
2011-09-30,8.4148545,8.4148545,8.4148545,8.4148545,0.0,0.0,31721178.0
2011-10-03,8.4148545,8.4148545,8.4148545,8.4148545,0.0,0.0,31721178.0
2011-10-04,8.4148545,8.4148545,8.4148545,8.4148545,0.0,0.0,31721178.0
2011-10-05,8.4148545,8.4148545,8.4148545,8.4148545,0.0,0.0,31721178.0
2011-10-06,8.4148545,8.4148545,8.4148545,8.4148545,0.0,0.0,31721178.0
2011-10-07,8.4148545,8.4148545,8.4148545,8.4148545,0.0,0.0,31721178.0
2011-10-10,8.4148545,7.8690261,8.4148545,8.4148545,1.0,2000.0,31721178.0
2011-10-11,8.4148545,8.4148545,8.4148545,8.4148545,0.0,0.0,31721178.0
2011-10-12,8.4148545,8.4148545,8.4148545,8.4148545,0.0,0.0,31721178.0
2011-10-13,8.4148545,8.4148545,8.4148545,8.4148545,0.0,0.0,31721178.0
2011-10-14,8.4148545,8.4148545,8.4148545,8.4148545,0.0,0.0,31721178.0
2011-10-17,8.4148545,8.4148545,8.4148545,8.4148545,0.0,0.0,31721178.0
2011-10-18,8.4148545,8.4148545,8.4148545,8.4148545,0.0,0.0,31721178.0
2011-10-19,8.4148545,8.4148545,8.4148545,8.4148545,0.0,0.0,31721178.0
2011-10-20,8.4148545,8.4148545,8.4148545,8.4148545,0.0,0.0,31721178.0
2011-10-21,8.4148545,8.4148545,8.4148545,8.4148545,0.0,0.0,31721178.0
2011-10-24,8.4148545,8.4148545,8.4148545,8.4148545,0.0,0.0,31721178.0
2011-10-25,8.4148545,8.4148545,8.4148545,8.4148545,0.0,0.0,31721178.0
2011-10-26,8.4148545,8.4148545,8.4148545,8.4148545,0.0,0.0,31721178.0
2011-10-27,8.4148545,7.778054700000001,8.4148545,8.4148545,1.0,2000.0,31721178.0
2011-10-28,8.4148545,8.4148545,8.4148545,8.4148545,0.0,0.0,31721178.0
2011-10-31,8.4148545,8.4148545,8.4148545,8.4148545,0.0,0.0,31721178.0
2011-11-01,8.4148545,7.732569,8.4148545,8.4148545,2.0,3578.0,31721178.0
2011-11-02,8.4148545,8.4148545,8.4148545,8.4148545,0.0,0.0,31721178.0
2011-11-03,8.4148545,7.732569,8.4148545,8.4148545,1.0,11110.0,31721178.0
2011-11-04,8.4148545,8.4148545,8.4148545,8.4148545,0.0,0.0,31721178.0
2011-11-07,8.4148545,8.4148545,8.4148545,8.4148545,0.0,0.0,31721178.0
2011-11-08,8.4148545,8.4148545,8.4148545,8.4148545,0.0,0.0,31721178.0
2011-11-09,8.4148545,8.4148545,8.4148545,8.4148545,0.0,0.0,31721178.0
2011-11-10,8.4148545,8.4148545,8.4148545,8.4148545,0.0,0.0,31721178.0
2011-11-11,8.4148545,8.4148545,8.4148545,8.4148545,0.0,0.0,31721178.0
2011-11-14,8.4148545,7.732569,8.4148545,8.4148545,1.0,15000.0,31721178.0
2011-11-15,8.4148545,7.732569,8.4148545,8.4148545,1.0,3000.0,31721178.0
2011-11-16,8.4148545,8.4148545,8.4148545,8.4148545,0.0,0.0,31721178.0
2011-11-17,7.732569,7.277712,7.732569,8.4148545,1.0,35000.0,31721178.0
2011-11-18,7.732569,7.732569,7.732569,7.732569,0.0,0.0,31721178.0
2011-11-21,7.732569,7.732569,7.732569,7.732569,0.0,0.0,31721178.0
2011-11-22,7.732569,7.732569,7.732569,7.732569,0.0,0.0,31721178.0
2011-11-23,7.5051405,7.277712,7.5051405,7.732569,1.0,2000.0,31721178.0
2011-11-24,7.5051405,7.5051405,7.5051405,7.5051405,0.0,0.0,31721178.0
2011-11-25,7.5051405,7.5051405,7.5051405,7.5051405,0.0,0.0,31721178.0
2011-11-28,7.5051405,7.5051405,7.5051405,7.5051405,0.0,0.0,31721178.0
2011-11-29,7.5051405,7.5051405,7.5051405,7.5051405,0.0,0.0,31721178.0
2011-11-30,7.5051405,7.5051405,7.5051405,7.5051405,0.0,0.0,31721178.0
2011-12-01,7.5051405,7.5051405,7.5051405,7.5051405,0.0,0.0,31721178.0
2011-12-02,7.5051405,7.5051405,7.5051405,7.5051405,0.0,0.0,31721178.0
2011-12-05,7.5051405,7.5051405,7.5051405,7.5051405,0.0,0.0,31721178.0
2011-12-06,7.5051405,7.5051405,7.5051405,7.5051405,0.0,0.0,31721178.0
2011-12-07,7.5051405,7.5051405,7.5051405,7.5051405,0.0,0.0,31721178.0
2011-12-08,7.5051405,7.5051405,7.5051405,7.5051405,0.0,0.0,31721178.0
2011-12-09,7.5051405,7.5051405,7.5051405,7.5051405,0.0,0.0,31721178.0
2011-12-12,7.5051405,7.5051405,7.5051405,7.5051405,0.0,0.0,31721178.0
2011-12-13,7.5051405,7.5051405,7.5051405,7.5051405,0.0,0.0,31721178.0
2011-12-14,7.5051405,7.5051405,7.5051405,7.5051405,0.0,0.0,31721178.0
2011-12-15,7.5051405,7.5051405,7.5051405,7.5051405,0.0,0.0,31721178.0
2011-12-16,7.5051405,7.5051405,7.5051405,7.5051405,0.0,0.0,31721178.0
2011-12-19,7.5051405,7.5051405,7.5051405,7.5051405,0.0,0.0,31721178.0
2011-12-20,7.5051405,6.822855000000001,7.5051405,7.5051405,1.0,2000.0,31721178.0
2011-12-21,7.5051405,7.5051405,7.5051405,7.5051405,0.0,0.0,31721178.0
2011-12-22,7.5051405,7.5051405,7.5051405,7.5051405,0.0,0.0,31721178.0
2011-12-23,7.5051405,7.5051405,7.5051405,7.5051405,0.0,0.0,31721178.0
2011-12-27,7.5051405,7.5051405,7.5051405,7.5051405,0.0,0.0,31721178.0
2011-12-28,7.5051405,7.5051405,7.5051405,7.5051405,0.0,0.0,31721178.0
2011-12-29,7.5051405,6.822855000000001,7.5051405,7.5051405,1.0,2000.0,31721178.0
2011-12-30,7.5051405,7.5051405,7.5051405,7.5051405,0.0,0.0,31721178.0
2012-01-02,7.5051405,7.5051405,7.5051405,7.5051405,0.0,0.0,31721178.0
2012-01-03,7.5051405,7.5051405,7.5051405,7.5051405,0.0,0.0,31721178.0
2012-01-04,7.5051405,7.5051405,7.5051405,7.5051405,0.0,0.0,31721178.0
2012-01-05,7.5051405,7.5051405,7.5051405,7.5051405,0.0,0.0,31721178.0
2012-01-06,7.5051405,7.5051405,7.5051405,7.5051405,0.0,0.0,31721178.0
2012-01-09,7.5051405,7.5051405,7.5051405,7.5051405,0.0,0.0,31721178.0
2012-01-10,7.5051405,7.5051405,7.5051405,7.5051405,0.0,0.0,31721178.0
2012-01-11,7.5051405,7.5051405,7.5051405,7.5051405,0.0,0.0,31721178.0
2012-01-12,7.5051405,7.5051405,7.5051405,7.5051405,0.0,0.0,31721178.0
2012-01-13,7.5051405,7.5051405,7.5051405,7.5051405,0.0,0.0,31721178.0
2012-01-16,7.5051405,7.5051405,7.5051405,7.5051405,0.0,0.0,31721178.0
2012-01-17,7.5051405,7.5051405,7.5051405,7.5051405,0.0,0.0,31721178.0
2012-01-18,7.5051405,7.5051405,7.5051405,7.5051405,0.0,0.0,31721178.0
2012-01-19,7.5051405,7.5051405,7.5051405,7.5051405,0.0,0.0,31721178.0
2012-01-20,7.5051405,7.5051405,7.5051405,7.5051405,0.0,0.0,31721178.0
2012-01-23,7.5051405,7.5051405,7.5051405,7.5051405,0.0,0.0,31721178.0
2012-01-24,7.5051405,7.5051405,7.5051405,7.5051405,0.0,0.0,31721178.0
2012-01-25,7.5051405,7.5051405,7.5051405,7.5051405,0.0,0.0,31721178.0
2012-01-26,7.5051405,7.5051405,7.5051405,7.5051405,0.0,0.0,31721178.0
2012-01-27,7.5051405,7.5051405,7.5051405,7.5051405,0.0,0.0,31721178.0
2012-01-30,7.5051405,7.5051405,7.5051405,7.5051405,0.0,0.0,31721178.0
2012-01-31,7.5051405,7.5051405,7.5051405,7.5051405,0.0,0.0,31721178.0
2012-02-01,7.5051405,7.5051405,7.5051405,7.5051405,0.0,0.0,31721178.0
2012-02-02,7.5051405,7.5051405,7.5051405,7.5051405,0.0,0.0,31721178.0
2012-02-03,7.5051405,6.822855000000001,7.5051405,7.5051405,1.0,6051.0,31721178.0
2012-02-05,7.5051405,7.5051405,7.5051405,7.5051405,0.0,0.0,31721178.0
2012-02-06,7.5051405,7.5051405,7.5051405,7.5051405,0.0,0.0,31721178.0
2012-02-07,7.5051405,7.5051405,7.5051405,7.5051405,0.0,0.0,31721178.0
2012-02-08,7.5051405,7.5051405,7.5051405,7.5051405,0.0,0.0,31721178.0
2012-02-09,7.5051405,7.5051405,7.5051405,7.5051405,0.0,0.0,31721178.0
2012-02-10,7.5051405,7.5051405,7.5051405,7.5051405,0.0,0.0,31721178.0
2012-02-13,7.5051405,7.5051405,7.5051405,7.5051405,0.0,0.0,31721178.0
2012-02-14,7.5051405,7.5051405,7.5051405,7.5051405,0.0,0.0,31721178.0
2012-02-15,7.732569,7.732569,7.732569,7.732569,0.0,1.0,31721178.0
2012-02-16,7.9599975,7.9599975,7.732569,7.732569,1.0,6000.0,31721178.0
2012-02-17,7.732569,7.732569,7.732569,7.732569,0.0,0.0,31721178.0
2012-02-20,7.732569,7.732569,7.732569,7.732569,0.0,0.0,31721178.0
2012-02-21,7.732569,7.732569,7.732569,7.732569,0.0,0.0,31721178.0
2012-02-22,7.732569,7.732569,7.732569,7.732569,0.0,0.0,31721178.0
2012-02-23,7.732569,7.277712,7.732569,7.732569,1.0,214000.0,31721178.0
2012-02-24,7.9599975,7.8235404,7.9599975,7.732569,1.0,8000.0,31721178.0
2012-02-27,7.9599975,7.9599975,7.9599975,7.9599975,0.0,0.0,31721178.0
2012-02-28,7.9599975,7.9599975,7.9599975,7.9599975,0.0,0.0,31721178.0
2012-02-29,7.9599975,7.48239765,7.9599975,7.9599975,1.0,5000.0,31721178.0
2012-03-01,7.9599975,7.9599975,7.9599975,7.9599975,0.0,0.0,31721178.0
2012-03-02,7.9599975,7.48239765,7.9599975,7.9599975,1.0,3000.0,31721178.0
2012-03-05,7.9599975,7.618854750000001,7.9599975,7.9599975,1.0,120000.0,31721178.0
2012-03-06,7.9599975,7.9599975,7.9599975,7.9599975,0.0,0.0,31721178.0
2012-03-07,7.9599975,7.9599975,7.9599975,7.9599975,0.0,0.0,31721178.0
2012-03-08,7.9599975,7.9599975,7.9599975,7.9599975,0.0,0.0,31721178.0
2012-03-09,7.9599975,7.9599975,7.9599975,7.9599975,0.0,0.0,31721178.0
2012-03-12,7.9599975,7.9599975,7.9599975,7.9599975,0.0,0.0,31721178.0
2012-03-13,7.9599975,7.9599975,7.9599975,7.9599975,0.0,0.0,31721178.0
2012-03-14,7.9599975,7.9599975,7.9599975,7.9599975,0.0,0.0,31721178.0
2012-03-15,7.9599975,7.9599975,7.9599975,7.9599975,0.0,0.0,31721178.0
2012-03-16,7.9599975,7.48239765,7.9599975,7.9599975,2.0,7512.0,31721178.0
2012-03-19,7.9599975,7.9599975,7.9599975,7.9599975,0.0,0.0,31721178.0
2012-03-20,7.9599975,7.277712,7.9599975,7.9599975,1.0,6405.0,31721178.0
2012-03-21,7.9599975,7.9599975,7.9599975,7.9599975,0.0,0.0,31721178.0
2012-03-22,7.9599975,7.9599975,7.9599975,7.9599975,0.0,0.0,31721178.0
2012-03-23,7.9599975,7.9599975,7.9599975,7.9599975,0.0,0.0,31721178.0
2012-03-26,7.9599975,7.277712,7.9599975,7.9599975,1.0,2756.0,31721178.0
2012-03-27,7.9599975,7.277712,7.9599975,7.9599975,1.0,4000.0,31721178.0
2012-03-28,7.9599975,7.9599975,7.9599975,7.9599975,0.0,0.0,31721178.0
2012-03-29,7.9599975,7.9599975,7.9599975,7.9599975,0.0,0.0,31721178.0
2012-03-30,7.9599975,7.9599975,7.9599975,7.9599975,0.0,0.0,31721178.0
2012-04-02,7.9599975,7.9599975,7.9599975,7.9599975,0.0,0.0,31721178.0
2012-04-03,7.9599975,7.277712,7.9599975,7.9599975,1.0,2000.0,31721178.0
2012-04-04,7.9599975,7.9599975,7.9599975,7.9599975,0.0,0.0,31721178.0
2012-04-05,7.9599975,7.9599975,7.9599975,7.9599975,0.0,0.0,31721178.0
2012-04-08,7.9599975,7.9599975,7.9599975,7.9599975,0.0,0.0,31721178.0
2012-04-09,7.9599975,7.9599975,7.9599975,7.9599975,0.0,0.0,31721178.0
2012-04-10,7.9599975,7.9599975,7.9599975,7.9599975,0.0,0.0,31721178.0
2012-04-11,7.9599975,7.9599975,7.9599975,7.9599975,0.0,0.0,31721178.0
2012-04-12,7.9599975,7.9599975,7.9599975,7.9599975,0.0,0.0,31721178.0
2012-04-13,7.9599975,7.9599975,7.9599975,7.9599975,0.0,0.0,31721178.0
2012-04-16,7.9599975,7.9599975,7.9599975,7.9599975,0.0,0.0,31721178.0
2012-04-17,7.9599975,7.9599975,7.9599975,7.9599975,0.0,0.0,31721178.0
2012-04-18,7.9599975,7.9599975,7.9599975,7.9599975,0.0,0.0,31721178.0
2012-04-19,7.9599975,7.9599975,7.9599975,7.9599975,0.0,0.0,31721178.0
2012-04-20,7.9599975,7.9599975,7.9599975,7.9599975,0.0,0.0,31721178.0
2012-04-23,7.277712,7.277712,7.9599975,7.9599975,1.0,4000.0,31721178.0
2012-04-24,7.9599975,7.9599975,7.9599975,7.9599975,0.0,0.0,31721178.0
2012-04-25,7.9599975,7.9599975,7.9599975,7.9599975,0.0,0.0,31721178.0
2012-04-26,7.9599975,7.9599975,7.9599975,7.9599975,0.0,0.0,31721178.0
2012-04-27,7.9599975,7.9599975,7.9599975,7.9599975,0.0,0.0,31721178.0
2012-04-30,7.9599975,7.9599975,7.9599975,7.9599975,0.0,0.0,31721178.0
2012-05-01,7.9599975,7.9599975,7.9599975,7.9599975,0.0,0.0,31721178.0
2012-05-02,7.9599975,7.9599975,7.9599975,7.9599975,0.0,0.0,31721178.0
2012-05-03,7.9599975,7.9599975,7.9599975,7.9599975,0.0,0.0,31721178.0
2012-05-04,7.9599975,7.277712,7.9599975,7.9599975,1.0,3955.0,31721178.0
2012-05-07,7.9599975,7.9599975,7.9599975,7.9599975,0.0,0.0,31721178.0
2012-05-08,7.9599975,7.9599975,7.9599975,7.9599975,0.0,0.0,31721178.0
2012-05-09,7.9599975,7.9599975,7.9599975,7.9599975,0.0,0.0,31721178.0
2012-05-10,7.9599975,7.9599975,7.9599975,7.9599975,0.0,0.0,31721178.0
2012-05-11,7.9599975,7.9599975,7.9599975,7.9599975,0.0,0.0,31721178.0
2012-05-14,7.9599975,7.9599975,7.9599975,7.9599975,0.0,0.0,31721178.0
2012-05-15,7.9599975,7.277712,7.9599975,7.9599975,1.0,1187.0,31721178.0
2012-05-16,7.9599975,7.687083299999999,7.9599975,7.9599975,1.0,2561.0,31721178.0
2012-05-17,7.9599975,7.9599975,7.9599975,7.9599975,0.0,0.0,31721178.0
2012-05-18,7.9599975,7.9599975,7.9599975,7.9599975,1.0,450000.0,31721178.0
2012-05-21,7.9599975,7.9599975,7.9599975,7.9599975,0.0,0.0,31721178.0
2012-05-22,7.9599975,7.9599975,7.9599975,7.9599975,0.0,0.0,31721178.0
2012-05-23,7.9599975,7.0502835,7.9599975,7.9599975,2.0,22259.0,31721178.0
2012-05-24,7.9599975,7.9599975,7.9599975,7.9599975,0.0,0.0,31721178.0
2012-05-25,7.9599975,7.277712,7.9599975,7.9599975,1.0,3000.0,31721178.0
2012-05-28,7.9599975,7.9599975,7.9599975,7.9599975,0.0,0.0,31721178.0
2012-05-29,7.277712,7.277712,7.9599975,7.9599975,1.0,5000.0,31721178.0
2012-05-30,7.9599975,7.9599975,7.9599975,7.9599975,0.0,0.0,31721178.0
2012-05-31,7.9599975,7.9599975,7.9599975,7.9599975,0.0,0.0,31721178.0
2012-06-01,7.9599975,7.9599975,7.9599975,7.9599975,0.0,0.0,31721178.0
2012-06-04,7.9599975,7.9599975,7.9599975,7.9599975,0.0,0.0,31721178.0
2012-06-05,7.9599975,7.9599975,7.9599975,7.9599975,0.0,0.0,31721178.0
2012-06-06,7.9599975,7.9599975,7.9599975,7.9599975,0.0,0.0,31721178.0
2012-06-07,7.9599975,7.9599975,7.9599975,7.9599975,0.0,0.0,31721178.0
2012-06-08,7.9599975,7.9599975,7.9599975,7.9599975,0.0,0.0,31721178.0
2012-06-11,8.050968899999999,7.9599975,7.9599975,7.9599975,1.0,33898.0,31721178.0
2012-06-12,8.4148545,7.832637539999999,8.187426,7.9599975,2.0,52000.0,31721178.0
2012-06-13,9.551997,8.642283,9.21085425,8.187426,3.0,40005.0,31721178.0
2012-06-14,9.21085425,8.915197200000001,9.21085425,9.21085425,1.0,2000.0,31721178.0
2012-06-15,9.21085425,9.21085425,9.21085425,9.21085425,0.0,0.0,31721178.0
2012-06-18,9.21085425,9.21085425,9.21085425,9.21085425,0.0,0.0,31721178.0
2012-06-19,9.21085425,8.915197200000001,9.21085425,9.21085425,1.0,28306.0,31721178.0
2012-06-20,9.21085425,9.21085425,9.21085425,9.21085425,0.0,0.0,31721178.0
2012-06-21,9.21085425,9.21085425,9.21085425,9.21085425,0.0,0.0,31721178.0
2012-06-22,9.21085425,9.21085425,9.21085425,9.21085425,0.0,0.0,31721178.0
2012-06-25,9.21085425,9.21085425,9.21085425,9.21085425,0.0,0.0,31721178.0
2012-06-26,9.21085425,9.21085425,9.21085425,9.21085425,0.0,0.0,31721178.0
2012-06-27,9.21085425,9.21085425,9.21085425,9.21085425,0.0,0.0,31721178.0
2012-06-28,9.21085425,9.21085425,9.21085425,9.21085425,0.0,0.0,31721178.0
2012-06-29,9.21085425,9.21085425,9.21085425,9.21085425,0.0,0.0,31721178.0
2012-07-02,9.21085425,9.21085425,9.21085425,9.21085425,0.0,0.0,31721178.0
2012-07-03,9.21085425,9.21085425,9.21085425,9.21085425,0.0,0.0,31721178.0
2012-07-04,9.21085425,8.642283,9.21085425,9.21085425,1.0,22000.0,31721178.0
2012-07-05,9.21085425,9.21085425,9.21085425,9.21085425,0.0,0.0,31721178.0
2012-07-06,9.21085425,9.21085425,9.21085425,9.21085425,0.0,0.0,31721178.0
2012-07-07,9.21085425,9.21085425,9.21085425,9.21085425,0.0,0.0,31721178.0
2012-07-08,9.21085425,9.21085425,9.21085425,9.21085425,0.0,0.0,31721178.0
2012-07-09,9.09714,8.187426,9.09714,8.187425999999999,0.0,1.0,31721178.0
2012-07-10,9.21085425,9.21085425,9.21085425,9.21085425,0.0,1.0,31721178.0
2012-07-11,9.39279705,9.21085425,9.21085425,9.21085425,1.0,20467.0,31721178.0
2012-07-12,9.21085425,9.21085425,9.21085425,9.21085425,0.0,0.0,31721178.0
2012-07-13,9.21085425,9.21085425,9.21085425,9.21085425,0.0,0.0,31721178.0
2012-07-16,9.21085425,8.642283,9.21085425,9.21085425,1.0,2756.0,31721178.0
2012-07-17,9.21085425,9.21085425,9.21085425,9.21085425,0.0,0.0,31721178.0
2012-07-18,9.21085425,9.21085425,9.21085425,9.21085425,0.0,0.0,31721178.0
2012-07-19,9.21085425,9.21085425,9.21085425,9.21085425,0.0,0.0,31721178.0
2012-07-20,9.21085425,9.21085425,9.21085425,9.21085425,0.0,0.0,31721178.0
2012-07-23,9.21085425,9.21085425,9.21085425,9.21085425,0.0,0.0,31721178.0
2012-07-24,9.21085425,9.21085425,9.21085425,9.21085425,0.0,0.0,31721178.0
2012-07-25,9.21085425,8.642283,9.21085425,9.21085425,1.0,4410.0,31721178.0
2012-07-26,9.21085425,9.21085425,9.21085425,9.21085425,0.0,0.0,31721178.0
2012-07-27,9.21085425,8.75599725,9.21085425,9.21085425,1.0,2870.0,31721178.0
2012-07-30,9.21085425,8.642283,9.21085425,9.21085425,2.0,3254.0,31721178.0
2012-07-31,9.21085425,9.21085425,9.21085425,9.21085425,0.0,0.0,31721178.0
2012-08-01,9.21085425,9.21085425,9.21085425,9.21085425,0.0,0.0,31721178.0
2012-08-02,8.642283,8.642283,9.21085425,9.21085425,1.0,8512.0,31721178.0
2012-08-03,9.21085425,9.21085425,9.21085425,9.21085425,0.0,0.0,31721178.0
2012-08-06,9.21085425,9.21085425,9.21085425,9.21085425,0.0,0.0,31721178.0
2012-08-07,9.21085425,9.21085425,9.21085425,9.21085425,0.0,0.0,31721178.0
2012-08-08,9.21085425,9.21085425,9.21085425,9.21085425,0.0,0.0,31721178.0
2012-08-09,8.187426,8.187426,9.09714,9.21085425,1.0,75000.0,31721178.0
2012-08-10,9.09714,9.09714,9.09714,9.09714,0.0,0.0,31721178.0
2012-08-13,9.09714,9.09714,9.09714,9.09714,0.0,0.0,31721178.0
2012-08-14,9.09714,9.09714,9.09714,9.09714,0.0,0.0,31721178.0
2012-08-15,9.09714,9.09714,9.09714,9.09714,0.0,0.0,31721178.0
2012-08-16,9.09714,9.09714,9.09714,9.09714,0.0,0.0,31721178.0
2012-08-17,9.09714,9.09714,9.09714,9.09714,0.0,0.0,31721178.0
2012-08-20,9.09714,9.09714,9.09714,9.09714,0.0,0.0,31721178.0
2012-08-21,9.09714,9.09714,9.09714,9.09714,0.0,0.0,31721178.0
2012-08-22,9.09714,8.7332544,9.09714,9.09714,1.0,1842.0,31721178.0
2012-08-23,9.09714,9.09714,9.09714,9.09714,0.0,0.0,31721178.0
2012-08-24,9.09714,9.09714,9.09714,9.09714,0.0,0.0,31721178.0
2012-08-27,9.09714,9.09714,9.09714,9.09714,0.0,0.0,31721178.0
2012-08-28,9.09714,8.642283,9.09714,9.09714,1.0,2000.0,31721178.0
2012-08-29,9.09714,9.09714,9.09714,9.09714,0.0,0.0,31721178.0
2012-08-30,9.09714,9.09714,9.09714,9.09714,0.0,0.0,31721178.0
2012-08-31,9.09714,9.09714,9.09714,9.09714,0.0,0.0,31721178.0
2012-09-03,9.7794255,9.7794255,9.7794255,9.551997,1.0,50000.0,31721178.0
2012-09-04,11.03028225,9.713016378,11.03028225,9.7794255,9.0,98000.0,31721178.0
2012-09-05,12.281139,11.5988535,11.93999625,11.03028225,3.0,38601.0,31721178.0
2012-09-06,13.64571,12.281139,12.9634245,12.16742475,4.0,234145.0,31721178.0
2012-09-07,12.735996,12.66776745,12.735996,12.9634245,1.0,2000.0,31721178.0
2012-09-10,13.1453673,12.735996,12.735996,12.735996,2.0,13421.0,31721178.0
2012-09-11,12.735996,12.66776745,12.735996,12.735996,1.0,5000.0,31721178.0
2012-09-12,12.735996,12.735996,12.735996,12.735996,0.0,0.0,31721178.0
2012-09-13,12.735996,12.71780172,12.735996,12.735996,1.0,409.0,31721178.0
2012-09-14,12.71780172,12.71780172,12.735996,12.735996,1.0,1017.0,31721178.0
2012-09-17,12.735996,12.735996,12.735996,12.735996,0.0,0.0,31721178.0
2012-09-18,12.735996,12.735996,12.735996,12.735996,0.0,0.0,31721178.0
2012-09-19,12.735996,12.3721104,12.735996,12.735996,1.0,35000.0,31721178.0
2012-09-20,12.735996,12.5085675,12.735996,12.735996,2.0,27000.0,31721178.0
2012-09-21,12.735996,12.735996,12.735996,12.735996,0.0,0.0,31721178.0
2012-09-24,12.735996,12.735996,12.735996,12.735996,0.0,0.0,31721178.0
2012-09-25,12.735996,12.735996,12.735996,12.735996,0.0,0.0,31721178.0
2012-09-26,12.735996,12.3721104,12.735996,12.735996,1.0,10000.0,31721178.0
2012-09-27,12.735996,12.735996,12.735996,12.735996,0.0,0.0,31721178.0
2012-09-28,12.281139,12.281139,12.281139,12.735996,3.0,25263.0,31721178.0
2012-10-01,12.4630818,12.281139,12.281139,12.281139,1.0,50000.0,31721178.0
2012-10-02,12.9634245,12.735996,12.735996,12.281139,1.0,5000.0,31721178.0
2012-10-03,12.735996,12.281139,12.735996,12.735996,2.0,4000.0,31721178.0
2012-10-04,13.75942425,12.8269674,13.75942425,12.735996,5.0,57705.0,31721178.0
2012-10-05,14.3279955,13.702567125,13.98685275,13.75942425,3.0,52500.0,31721178.0
2012-10-08,14.555424,14.44170975,14.44170975,13.98685275,3.0,35000.0,31721178.0
2012-10-09,14.7828525,14.44170975,14.44170975,14.44170975,1.0,5000.0,31721178.0
2012-10-10,14.7828525,14.44170975,14.44170975,14.44170975,3.0,54006.0,31721178.0
2012-10-11,14.44170975,14.44170975,14.44170975,14.44170975,0.0,0.0,31721178.0
2012-10-12,14.44170975,14.44170975,14.44170975,14.44170975,0.0,0.0,31721178.0
2012-10-15,14.7828525,14.44170975,14.44170975,14.44170975,2.0,100000.0,31721178.0
2012-10-16,14.44170975,14.44170975,14.44170975,14.44170975,0.0,0.0,31721178.0
2012-10-17,14.5099383,14.44170975,14.44170975,14.44170975,1.0,2000.0,31721178.0
2012-10-18,14.44170975,14.44170975,14.44170975,14.44170975,0.0,0.0,31721178.0
2012-10-19,15.465138,14.7828525,15.2377095,14.44170975,7.0,74115.0,31721178.0
2012-10-22,15.35142375,15.010281,15.2377095,15.2377095,2.0,14827.0,31721178.0
2012-10-23,15.2377095,15.12399525,15.2377095,15.2377095,1.0,3210.0,31721178.0
2012-10-24,15.2377095,15.2377095,15.2377095,15.2377095,0.0,0.0,31721178.0
2012-10-25,15.2377095,15.12399525,15.2377095,15.2377095,1.0,2000.0,31721178.0
2012-10-26,15.2377095,15.2377095,15.2377095,15.2377095,0.0,0.0,31721178.0
2012-10-29,15.010281,14.953423875,15.010281,15.2377095,2.0,29410.0,31721178.0
2012-10-30,15.010281,15.010281,15.010281,15.010281,0.0,0.0,31721178.0
2012-10-31,15.2377095,14.8738239,15.010281,15.010281,2.0,26705.0,31721178.0
2012-11-01,15.010281,15.010281,15.010281,15.010281,0.0,0.0,31721178.0
2012-11-02,15.010281,14.919309599999998,15.010281,15.010281,1.0,4000.0,31721178.0
2012-11-05,15.010281,15.010281,15.010281,15.010281,0.0,0.0,31721178.0
2012-11-06,15.010281,15.010281,15.010281,15.010281,0.0,0.0,31721178.0
2012-11-07,15.010281,14.919309599999998,15.010281,15.010281,1.0,2000.0,31721178.0
2012-11-08,15.010281,15.010281,15.010281,15.010281,0.0,0.0,31721178.0
2012-11-09,15.010281,15.010281,15.010281,15.010281,0.0,0.0,31721178.0
2012-11-12,14.8738239,14.65549254,14.7828525,15.010281,2.0,26279.0,31721178.0
2012-11-13,14.7828525,14.6009097,14.7828525,14.7828525,1.0,13796.0,31721178.0
2012-11-14,14.7828525,14.7828525,14.7828525,14.7828525,0.0,0.0,31721178.0
2012-11-15,14.7828525,14.7828525,14.7828525,14.7828525,0.0,0.0,31721178.0
2012-11-16,14.919309599999998,14.555424,14.7828525,14.7828525,3.0,17018.0,31721178.0
2012-11-19,14.7828525,14.7828525,14.7828525,14.7828525,0.0,0.0,31721178.0
2012-11-20,14.7828525,14.555424,14.7828525,14.7828525,1.0,11594.0,31721178.0
2012-11-21,14.7828525,14.7828525,14.7828525,14.7828525,0.0,0.0,31721178.0
2012-11-22,14.91021246,14.89656675,14.89656675,14.7828525,1.0,20000.0,31721178.0
2012-11-23,14.89656675,14.89656675,14.89656675,14.89656675,0.0,0.0,31721178.0
2012-11-26,14.89656675,14.89656675,14.89656675,14.89656675,0.0,0.0,31721178.0
2012-11-27,15.101252400000002,13.9641099,14.89656675,14.89656675,2.0,14203.0,31771178.0
2012-11-28,14.7828525,14.7828525,14.7828525,14.7828525,0.0,1.0,31771178.0
2012-11-29,14.7828525,14.7828525,14.7828525,14.7828525,0.0,0.0,31771178.0
2012-11-30,14.7828525,14.7828525,14.7828525,14.7828525,0.0,0.0,31771178.0
2012-12-03,14.7828525,14.7828525,14.7828525,14.7828525,0.0,0.0,31771178.0
2012-12-04,14.7828525,14.7828525,14.7828525,14.7828525,0.0,0.0,31771178.0
2012-12-05,15.010281,14.7828525,14.7828525,14.7828525,2.0,28826.0,31771178.0
2012-12-06,14.7828525,14.7828525,14.7828525,14.7828525,0.0,0.0,31771178.0
2012-12-07,14.7828525,14.7828525,14.7828525,14.7828525,1.0,500.0,31771178.0
2012-12-10,14.7828525,14.7828525,14.7828525,14.7828525,0.0,0.0,31771178.0
2012-12-11,14.7828525,14.7828525,14.7828525,14.7828525,0.0,0.0,31771178.0
2012-12-12,14.555424,14.555424,14.7828525,14.7828525,1.0,2000.0,31771178.0
2012-12-13,14.7828525,14.555424,14.7828525,14.7828525,1.0,20181.0,31771178.0
2012-12-14,14.7828525,14.7828525,14.7828525,14.7828525,0.0,0.0,31771178.0
2012-12-17,15.1922238,14.555424,15.010281,14.7828525,3.0,48594.0,31771178.0
2012-12-18,15.010281,14.8283382,15.010281,15.010281,1.0,4305.0,31771178.0
2012-12-19,15.010281,15.010281,15.010281,15.010281,0.0,0.0,31771178.0
2012-12-20,15.010281,15.010281,15.010281,15.010281,0.0,0.0,31771178.0
2012-12-21,15.010281,15.010281,15.010281,15.010281,0.0,0.0,31771178.0
2012-12-24,15.010281,15.010281,15.010281,15.010281,0.0,0.0,31771178.0
2012-12-27,15.010281,15.010281,15.010281,15.010281,0.0,0.0,31771178.0
2012-12-28,15.010281,15.010281,15.010281,15.010281,0.0,0.0,31771178.0
2012-12-31,15.010281,14.555424,15.010281,15.010281,1.0,7355.0,31721178.0
2013-01-02,15.010281,15.010281,15.010281,15.010281,0.0,0.0,31721178.0
2013-01-03,15.010281,15.010281,15.010281,15.010281,0.0,0.0,31721178.0
2013-01-04,15.010281,15.010281,15.010281,15.010281,0.0,0.0,31721178.0
2013-01-07,14.8738239,14.7373668,14.89656675,15.010281,2.0,7249.0,31721178.0
2013-01-08,14.7828525,14.66913825,14.7828525,14.89656675,2.0,3102.0,31721178.0
2013-01-09,14.7828525,14.7828525,14.7828525,14.7828525,0.0,0.0,31721178.0
2013-01-10,14.7828525,14.7373668,14.7828525,14.7828525,1.0,11812.0,31721178.0
2013-01-11,14.7828525,14.7828525,14.7828525,14.7828525,0.0,0.0,31721178.0
2013-01-14,14.7828525,14.7828525,14.7828525,14.7828525,0.0,0.0,31721178.0
2013-01-15,14.7828525,14.7828525,14.7828525,14.7828525,0.0,0.0,31721178.0
2013-01-16,14.7828525,14.7828525,14.7828525,14.7828525,0.0,0.0,31721178.0
2013-01-17,14.7828525,14.7828525,14.7828525,14.7828525,0.0,0.0,31721178.0
2013-01-18,14.7828525,14.7828525,14.7828525,14.7828525,0.0,0.0,31721178.0
2013-01-21,14.7828525,14.7828525,14.7828525,14.7828525,0.0,0.0,31721178.0
2013-01-22,14.7828525,14.7828525,14.7828525,14.7828525,0.0,0.0,31721178.0
2013-01-23,15.010281,14.555424,15.010281,14.7828525,2.0,17000.0,31721178.0
2013-01-24,15.010281,14.7828525,15.010281,15.010281,1.0,2000.0,31721178.0
2013-01-25,15.010281,15.010281,15.010281,15.010281,0.0,0.0,31721178.0
2013-01-28,15.3741666,15.3741666,15.010281,15.010281,1.0,10000.0,31721178.0
2013-01-29,15.465138,15.1467381,15.465138,15.010281,3.0,36744.0,31721178.0
2013-01-30,15.465138,15.283195200000002,15.465138,15.465138,2.0,150000.0,31721178.0
2013-01-31,15.465138,15.465138,15.465138,15.465138,0.0,0.0,31721178.0
2013-02-01,15.465138,15.010281,15.465138,15.465138,1.0,5000.0,31721178.0
2013-02-04,15.465138,15.0557667,15.465138,15.465138,1.0,2000.0,31721178.0
2013-02-05,15.465138,15.465138,15.465138,15.465138,0.0,0.0,31721178.0
2013-02-06,15.919995,15.465138,15.465138,15.465138,1.0,7320.0,31721178.0
2013-02-07,15.465138,15.465138,15.465138,15.465138,0.0,0.0,31721178.0
2013-02-08,16.374852,15.2377095,16.147423500000002,15.6925665,8.0,205000.0,31721178.0
2013-02-11,16.147423500000002,16.147423500000002,16.147423500000002,16.147423500000002,0.0,0.0,31721178.0
2013-02-12,16.147423500000002,16.147423500000002,16.147423500000002,16.147423500000002,0.0,0.0,31721178.0
2013-02-13,16.147423500000002,16.147423500000002,16.147423500000002,16.147423500000002,0.0,0.0,31721178.0
2013-02-14,16.147423500000002,16.147423500000002,16.147423500000002,16.147423500000002,0.0,0.0,31721178.0
2013-02-15,16.147423500000002,15.9654807,16.147423500000002,16.147423500000002,1.0,20000.0,31721178.0
2013-02-18,16.147423500000002,15.57885225,16.147423500000002,16.147423500000002,2.0,41988.0,31721178.0
2013-02-19,16.147423500000002,15.919995,16.147423500000002,16.147423500000002,1.0,50000.0,31721178.0
2013-02-20,16.147423500000002,16.147423500000002,16.147423500000002,16.147423500000002,0.0,0.0,31721178.0
2013-02-21,16.147423500000002,16.147423500000002,16.147423500000002,16.147423500000002,0.0,0.0,31721178.0
2013-02-22,16.374852,15.8745093,16.147423500000002,16.147423500000002,3.0,17124.0,31721178.0
2013-02-25,16.374852,15.919995,16.147423500000002,16.147423500000002,2.0,40000.0,31721178.0
2013-02-26,16.147423500000002,15.8745093,16.147423500000002,16.147423500000002,1.0,2000.0,31721178.0
2013-02-27,15.919995,15.6470808,15.919995,16.147423500000002,1.0,3000.0,31721178.0
2013-02-28,15.919995,15.7380522,15.919995,15.919995,1.0,2000.0,31721178.0
2013-03-01,15.919995,15.6470808,15.919995,15.919995,1.0,2000.0,31721178.0
2013-03-04,16.374852,16.374852,16.374852,15.919995,1.0,5000.0,31721178.0
2013-03-05,18.19428,16.238394900000003,16.6022805,16.374852,2.0,110040.0,31721178.0
2013-03-06,17.1935946,16.71599475,16.71599475,16.829709,2.0,3000.0,31721178.0
2013-03-07,18.19428,17.0571375,17.284566,16.71599475,4.0,20161.0,31721178.0
2013-03-08,17.284566,17.284566,17.284566,17.284566,0.0,0.0,31721178.0
2013-03-11,17.5574802,16.9661661,17.284566,17.284566,2.0,5045.0,31721178.0
2013-03-12,17.0571375,17.0571375,17.0571375,17.0571375,0.0,1.0,31721178.0
2013-03-13,17.1935946,17.0571375,17.0571375,17.0571375,1.0,5355.0,31721178.0
2013-03-14,17.0571375,17.0571375,17.0571375,17.0571375,0.0,0.0,31721178.0
2013-03-15,17.284566,17.0571375,17.0571375,17.0571375,1.0,5000.0,31721178.0
2013-03-18,19.90454232,17.284566,18.8765655,17.0571375,8.0,47759.0,31721178.0
2013-03-19,20.013708,19.103994,19.44513675,18.8765655,4.0,92500.0,31721178.0
2013-03-20,19.7862795,19.44513675,19.44513675,19.44513675,1.0,1000.0,31721178.0
2013-03-21,19.44513675,19.44513675,19.44513675,19.44513675,0.0,0.0,31721178.0
2013-03-22,19.44513675,19.44513675,19.44513675,19.44513675,0.0,0.0,31721178.0
2013-03-25,19.44513675,19.44513675,19.44513675,19.44513675,0.0,0.0,31721178.0
2013-03-26,19.44513675,19.103994,19.44513675,19.44513675,2.0,100000.0,31721178.0
2013-03-27,19.558851,19.103994,19.3314225,19.44513675,3.0,17758.0,31721178.0
2013-03-28,19.4678796,19.103994,19.3314225,19.3314225,3.0,30250.0,31721178.0
2013-04-01,19.3314225,19.3314225,19.3314225,19.3314225,0.0,0.0,31721178.0
2013-04-02,19.3314225,18.8765655,18.8765655,19.3314225,3.0,32744.0,31721178.0
2013-04-03,18.8765655,18.8765655,18.8765655,18.8765655,0.0,0.0,31721178.0
2013-04-04,18.8765655,18.8765655,18.8765655,18.8765655,0.0,0.0,31721178.0
2013-04-05,18.89475978,18.649137,18.649137,18.8765655,4.0,310050.0,31721178.0
2013-04-08,18.885662640000003,18.649137,18.649137,18.649137,2.0,34779.0,31721178.0
2013-04-09,18.649137,18.649137,18.649137,18.649137,0.0,0.0,31721178.0
2013-04-10,18.649137,18.649137,18.649137,18.649137,0.0,0.0,31721178.0
2013-04-11,18.885662640000003,18.4671942,18.649137,18.649137,2.0,6102.0,31721178.0
2013-04-12,18.649137,18.649137,18.649137,18.649137,0.0,0.0,31721178.0
2013-04-15,18.649137,18.649137,18.649137,18.649137,0.0,0.0,31721178.0
2013-04-16,18.649137,18.649137,18.649137,18.649137,0.0,0.0,31721178.0
2013-04-17,18.649137,18.649137,18.649137,18.649137,0.0,0.0,31721178.0
2013-04-18,18.649137,18.649137,18.649137,18.649137,0.0,0.0,31721178.0
2013-04-19,18.649137,18.285251400000003,18.649137,18.649137,2.0,77000.0,31721178.0
2013-04-22,18.649137,18.19428,18.649137,18.649137,1.0,2000.0,31721178.0
2013-04-23,18.649137,18.649137,18.649137,18.649137,0.0,0.0,31721178.0
2013-04-24,18.649137,18.649137,18.649137,18.649137,0.0,0.0,31721178.0
2013-04-25,18.649137,18.649137,18.649137,18.649137,0.0,0.0,31721178.0
2013-04-26,18.649137,18.649137,18.649137,18.649137,0.0,0.0,31721178.0
2013-04-29,18.649137,18.19428,18.649137,18.649137,1.0,665.0,31721178.0
2013-04-30,18.7401084,18.649137,18.649137,18.649137,1.0,205.0,31721178.0
2013-05-01,18.649137,18.285251400000003,18.649137,18.649137,1.0,933.0,31721178.0
2013-05-02,19.3314225,18.649137,19.3314225,18.649137,2.0,30000.0,31721178.0
2013-05-03,19.3314225,19.3314225,19.3314225,19.3314225,0.0,0.0,31721178.0
2013-05-06,19.3314225,19.3314225,19.3314225,19.3314225,0.0,0.0,31721178.0
2013-05-07,19.3314225,18.9220512,19.3314225,19.3314225,1.0,5000.0,31721178.0
2013-05-08,19.3314225,19.103994,19.3314225,19.3314225,2.0,50000.0,31721178.0
2013-05-09,19.3314225,18.792416955,19.3314225,19.3314225,1.0,5512.0,31721178.0
2013-05-10,19.3314225,18.7855941,19.3314225,19.3314225,1.0,9000.0,31721178.0
2013-05-13,19.3314225,18.19428,19.3314225,19.3314225,2.0,98229.0,31672949.0
2013-05-14,19.3314225,19.3314225,19.3314225,19.3314225,0.0,0.0,31672949.0
2013-05-15,19.3314225,18.66278271,19.3314225,19.3314225,2.0,12205.0,31672949.0
2013-05-16,18.7855941,18.7855941,19.3314225,19.3314225,1.0,4833.0,31672949.0
2013-05-17,19.3314225,19.3314225,19.3314225,19.3314225,0.0,0.0,31672949.0
2013-05-20,18.19428,18.19428,19.3314225,19.3314225,1.0,25000.0,31672949.0
2013-05-21,18.285251400000003,18.19428,18.08056575,18.649137,5.0,23000.0,31672949.0
2013-05-22,18.4217085,17.739423000000002,18.19428,18.08056575,5.0,134092.0,31672949.0
2013-05-23,18.4217085,17.9668515,18.08056575,18.19428,2.0,11466.0,31672949.0
2013-05-24,18.08056575,17.739423000000002,18.08056575,18.08056575,1.0,2000.0,31672949.0
2013-05-27,18.08056575,18.08056575,18.08056575,18.08056575,0.0,0.0,31672949.0
2013-05-28,18.08056575,18.08056575,18.08056575,18.08056575,0.0,0.0,31672949.0
2013-05-29,18.08056575,18.08056575,18.08056575,18.08056575,0.0,0.0,31672949.0
2013-05-30,18.08056575,17.739423000000002,18.08056575,18.08056575,1.0,4000.0,31672949.0
2013-05-31,18.08056575,18.08056575,18.08056575,18.08056575,0.0,0.0,31672949.0
2013-06-03,18.08056575,18.08056575,18.08056575,18.08056575,0.0,0.0,31672949.0
2013-06-04,18.4217085,18.08056575,18.08056575,18.08056575,2.0,15000.0,31672949.0
2013-06-05,18.08056575,18.08056575,18.08056575,18.08056575,0.0,0.0,31672949.0
2013-06-06,18.08056575,17.739423000000002,18.08056575,18.08056575,2.0,101532.0,31672949.0
2013-06-07,18.08056575,18.08056575,18.08056575,18.08056575,0.0,0.0,31672949.0
2013-06-10,18.08056575,17.8911632952,18.08056575,18.08056575,1.0,233.0,31672949.0
2013-06-11,18.08056575,17.739423000000002,18.08056575,18.08056575,1.0,2000.0,31672949.0
2013-06-12,18.19428,18.19428,18.08056575,18.08056575,1.0,10000.0,31672949.0
2013-06-13,18.08056575,18.08056575,18.08056575,18.08056575,0.0,0.0,31672949.0
2013-06-14,18.08056575,18.08056575,18.08056575,18.08056575,0.0,0.0,31672949.0
2013-06-17,18.08056575,18.08056575,18.08056575,18.08056575,0.0,0.0,31672949.0
2013-06-18,18.0426306762,17.284566,17.85313725,18.08056575,4.0,16205.0,31672949.0
2013-06-19,17.85313725,17.85313725,17.85313725,17.85313725,0.0,0.0,31672949.0
2013-06-20,17.85313725,17.85313725,17.85313725,17.85313725,0.0,0.0,31672949.0
2013-06-21,17.85313725,17.85313725,17.85313725,17.85313725,0.0,0.0,31672949.0
2013-06-24,17.284566,17.284566,17.85313725,17.85313725,1.0,2000.0,31672949.0
2013-06-25,16.374852,16.374852,17.85313725,17.85313725,1.0,50000.0,31672949.0
2013-06-26,17.85313725,17.85313725,17.85313725,17.85313725,0.0,0.0,31672949.0
2013-06-27,17.85313725,17.85313725,17.85313725,17.85313725,0.0,0.0,31672949.0
2013-06-28,17.85313725,17.85313725,17.85313725,17.85313725,0.0,0.0,31672949.0
2013-07-01,17.85313725,17.85313725,17.85313725,17.85313725,0.0,0.0,31672949.0
2013-07-02,17.85313725,17.85313725,17.85313725,17.85313725,0.0,0.0,31672949.0
2013-07-03,17.85313725,17.85313725,17.85313725,17.85313725,0.0,0.0,31672949.0
2013-07-04,17.85313725,17.85313725,17.85313725,17.85313725,0.0,0.0,31672949.0
2013-07-05,17.85313725,17.85313725,17.85313725,17.85313725,0.0,0.0,31672949.0
2013-07-08,17.85313725,17.85313725,17.85313725,17.85313725,0.0,0.0,31672949.0
2013-07-09,17.85313725,17.85313725,17.85313725,17.85313725,0.0,0.0,31672949.0
2013-07-10,17.85313725,17.85313725,17.85313725,17.85313725,0.0,0.0,31672949.0
2013-07-11,17.85313725,17.85313725,17.85313725,17.85313725,0.0,0.0,31672949.0
2013-07-12,17.85313725,17.85313725,17.85313725,17.85313725,0.0,0.0,31672949.0
2013-07-15,17.85313725,17.85313725,17.85313725,17.85313725,0.0,0.0,31672949.0
2013-07-16,18.1033086,18.1033086,17.85313725,17.85313725,1.0,3000.0,31672949.0
2013-07-17,17.85313725,17.85313725,17.85313725,17.85313725,0.0,0.0,31672949.0
2013-07-18,17.284566,17.284566,17.85313725,17.85313725,1.0,2000.0,31672949.0
2013-07-19,18.1033086,18.1033086,17.85313725,17.85313725,1.0,1200.0,31672949.0
2013-07-22,17.85313725,17.85313725,17.85313725,17.85313725,0.0,0.0,31672949.0
2013-07-23,17.375537400000002,17.375537400000002,17.85313725,17.85313725,1.0,2000.0,31672949.0
2013-07-24,17.85313725,17.85313725,17.85313725,17.85313725,0.0,0.0,31672949.0
2013-07-25,17.85313725,17.85313725,17.85313725,17.85313725,0.0,0.0,31672949.0
2013-07-26,17.85313725,17.85313725,17.85313725,17.85313725,0.0,0.0,31672949.0
2013-07-29,17.85313725,17.85313725,17.85313725,17.85313725,0.0,0.0,31672949.0
2013-07-30,17.85313725,17.85313725,17.85313725,17.85313725,0.0,0.0,31672949.0
2013-07-31,17.85313725,17.85313725,17.85313725,17.85313725,0.0,0.0,31672949.0
2013-08-01,17.85313725,17.85313725,17.85313725,17.85313725,0.0,0.0,31672949.0
2013-08-02,17.85313725,17.85313725,17.85313725,17.85313725,0.0,0.0,31672949.0
2013-08-05,17.9213658,17.284566,17.739423000000002,17.85313725,3.0,12562.0,31672949.0
2013-08-06,17.284566,17.284566,17.739423000000002,17.739423000000002,1.0,1102.0,31672949.0
2013-08-07,17.830394400000003,17.830394400000003,17.739423000000002,17.739423000000002,1.0,5034.0,31672949.0
2013-08-08,17.739423000000002,17.739423000000002,17.739423000000002,17.739423000000002,0.0,0.0,31672949.0
2013-08-09,17.739423000000002,17.739423000000002,17.739423000000002,17.739423000000002,1.0,50000.0,31672949.0
2013-08-12,17.739423000000002,17.739423000000002,17.739423000000002,17.739423000000002,0.0,0.0,31672949.0
2013-08-13,17.284566,17.284566,17.739423000000002,17.739423000000002,1.0,5407.0,31672949.0
2013-08-14,17.284566,17.284566,17.739423000000002,17.739423000000002,2.0,3200.0,31672949.0
2013-08-15,17.739423000000002,17.739423000000002,17.739423000000002,17.739423000000002,0.0,0.0,31672949.0
2013-08-16,17.284566,17.284566,17.739423000000002,17.739423000000002,1.0,2000.0,31672949.0
2013-08-19,17.739423000000002,17.739423000000002,17.739423000000002,17.739423000000002,0.0,0.0,31672949.0
2013-08-20,17.739423000000002,17.739423000000002,17.739423000000002,17.739423000000002,0.0,0.0,31672949.0
2013-08-21,17.739423000000002,17.739423000000002,17.739423000000002,17.739423000000002,0.0,0.0,31672949.0
2013-08-22,17.739423000000002,17.739423000000002,17.739423000000002,17.739423000000002,0.0,0.0,31672949.0
2013-08-23,17.739423000000002,17.739423000000002,17.739423000000002,17.739423000000002,1.0,4000.0,31672949.0
2013-08-26,17.739423000000002,17.739423000000002,17.739423000000002,17.739423000000002,0.0,0.0,31672949.0
2013-08-27,17.739423000000002,17.739423000000002,17.739423000000002,17.739423000000002,0.0,0.0,31672949.0
2013-08-28,17.739423000000002,17.739423000000002,17.739423000000002,17.739423000000002,0.0,0.0,31672949.0
2013-08-29,17.739423000000002,17.739423000000002,17.739423000000002,17.739423000000002,0.0,0.0,31672949.0
2013-08-30,17.739423000000002,17.739423000000002,17.739423000000002,17.739423000000002,0.0,0.0,31672949.0
2013-09-02,20.3775936,19.103994,20.013708,18.8765655,6.0,52125.0,31672949.0
2013-09-03,20.3321079,19.558851,20.013708,20.013708,4.0,10308.0,31672949.0
2013-09-04,22.4699358,20.2411365,22.5154215,20.013708,47.0,311261.0,31672949.0
2013-09-05,22.560907200000003,22.1970216,22.0605645,22.5154215,9.0,45445.0,31672949.0
2013-09-06,22.5154215,21.833136,22.0605645,22.0605645,10.0,65084.0,31672949.0
2013-09-09,22.5154215,21.84223314,22.0605645,22.0605645,7.0,62474.0,31672949.0
2013-09-10,22.5154215,21.833136,22.0605645,22.0605645,3.0,30500.0,31672949.0
2013-09-11,22.5154215,22.5154215,22.0605645,22.0605645,1.0,1400.0,31672949.0
2013-09-12,22.0605645,22.0605645,22.0605645,22.0605645,0.0,0.0,31672949.0
2013-09-13,22.5154215,22.5154215,22.0605645,22.0605645,1.0,193.0,31672949.0
2013-09-16,21.99233595,21.99233595,22.0605645,22.0605645,1.0,5000.0,31672949.0
2013-09-17,22.74285,22.5154215,22.0605645,22.0605645,2.0,16000.0,31672949.0
2013-09-18,22.74285,21.833136,22.5154215,22.0605645,13.0,375970.0,31553949.0
2013-09-19,22.74285,22.287993,22.74285,22.5154215,5.0,131950.0,31553949.0
2013-09-20,23.652564,23.197707,23.4251355,22.74285,6.0,36302.0,31553949.0
2013-09-23,23.8799925,23.652564,23.4251355,23.4251355,4.0,18351.0,31553949.0
2013-09-24,23.9254782,23.4251355,23.4251355,23.4251355,2.0,15512.0,31553949.0
2013-09-25,23.9254782,23.9254782,23.4251355,23.4251355,2.0,17100.0,31553949.0
2013-09-26,24.107421,23.4251355,23.652564,23.4251355,4.0,46375.0,31553949.0
2013-09-27,23.652564,23.197707,23.652564,23.652564,3.0,28582.0,31553949.0
2013-09-30,24.2893638,23.652564,24.107421,23.652564,5.0,76084.0,31553949.0
2013-10-01,24.2438781,24.2438781,24.107421,24.107421,1.0,19000.0,31553949.0
2013-10-02,24.198392400000003,23.652564,24.107421,24.107421,2.0,10826.0,31553949.0
2013-10-03,24.107421,24.107421,24.107421,24.107421,1.0,2797.0,31553949.0
2013-10-04,24.107421,24.107421,24.107421,24.107421,0.0,0.0,31553949.0
2013-10-07,23.8345068,23.197707,23.652564,24.107421,3.0,17290.0,31553949.0
2013-10-08,23.652564,23.652564,23.652564,23.652564,0.0,0.0,31553949.0
2013-10-09,23.4251355,23.197707,23.197707,23.652564,4.0,14000.0,31553949.0
2013-10-10,23.4706212,22.74285,23.197707,23.197707,3.0,58330.0,31553949.0
2013-10-11,23.652564,22.84746711,23.197707,23.197707,3.0,30896.0,31553949.0
2013-10-14,23.652564,23.652564,23.197707,23.197707,1.0,13000.0,31553949.0
2013-10-15,24.562278,23.2886784,24.562278,23.197707,7.0,26294.0,31553949.0
2013-10-16,25.926849,25.017135,25.471992,24.562278,11.0,87847.0,31553949.0
2013-10-17,28.1556483,25.926849,27.746277,25.471992,32.0,333976.0,31553949.0
2013-10-18,28.1556483,27.746277,27.9737055,27.746277,6.0,83231.0,31553949.0
2013-10-21,28.1556483,26.836563,27.5188485,27.9737055,7.0,82142.0,31553949.0
2013-10-22,27.73717986,26.381706,26.836563,27.5188485,5.0,44488.0,31553949.0
2013-10-23,26.381706,25.926849,25.926849,26.6091345,8.0,33726.0,31553949.0
2013-10-24,25.471992,24.107421,24.7897065,25.926849,3.0,72486.0,31553949.0
2013-10-25,25.1990778,24.562278,25.017135,25.017135,2.0,9035.0,31553949.0
2013-10-28,25.017135,25.017135,25.017135,25.017135,0.0,0.0,31553949.0
2013-10-29,25.017135,25.017135,25.017135,25.017135,0.0,0.0,31553949.0
2013-10-30,25.2445635,25.2445635,25.2445635,25.2445635,0.0,1.0,31553949.0
2013-10-31,25.2445635,25.2445635,25.2445635,25.2445635,0.0,0.0,31553949.0
2013-11-01,25.471992,25.017135,25.6994205,25.2445635,4.0,41880.0,31553949.0
2013-11-04,26.2907346,25.471992,25.6994205,25.471992,5.0,58670.0,31553949.0
2013-11-05,26.1087918,25.471992,25.926849,25.6994205,3.0,37500.0,31553949.0
2013-11-06,26.0633061,25.471992,25.926849,25.926849,8.0,21570.0,31553949.0
2013-11-07,25.926849,25.926849,25.926849,25.926849,0.0,0.0,31553949.0
2013-11-08,25.81313475,22.90659852,25.2445635,25.926849,7.0,86500.0,31553949.0
2013-11-11,24.562278,24.562278,24.7897065,25.2445635,2.0,26442.0,31553949.0
2013-11-12,24.7897065,24.7897065,24.7897065,24.7897065,0.0,0.0,31553949.0
2013-11-13,24.89887218,24.562278,24.7897065,24.7897065,7.0,34103.0,31553949.0
2013-11-14,25.926849,24.8351922,25.926849,24.7897065,4.0,55415.0,31553949.0
2013-11-15,26.1542775,26.1542775,25.926849,25.926849,1.0,8000.0,31553949.0
2013-11-18,26.381706,25.471992,25.926849,25.926849,2.0,36756.0,31553949.0
2013-11-19,25.5174777,25.5174777,25.6994205,25.926849,1.0,10466.0,31553949.0
2013-11-20,25.8358776,25.6539348,25.6994205,25.6994205,2.0,8493.0,31553949.0
2013-11-21,25.81313475,25.02623214,25.6994205,25.6994205,3.0,11000.0,31553949.0
2013-11-22,25.81313475,25.0626207,25.6994205,25.6994205,2.0,14000.0,31553949.0
2013-11-25,25.6994205,25.6994205,25.6994205,25.6994205,0.0,0.0,31553949.0
2013-11-26,25.017135,25.017135,25.6994205,25.6994205,1.0,3990.0,31553949.0
2013-11-27,25.017135,25.017135,25.6994205,25.6994205,1.0,2000.0,31553949.0
2013-11-28,25.6994205,25.6994205,25.6994205,25.6994205,0.0,0.0,31553949.0
2013-11-29,25.81313475,25.017135,25.6994205,25.6994205,2.0,18000.0,31553949.0
2013-12-02,25.81313475,25.017135,25.6994205,25.6994205,4.0,25726.0,31553949.0
2013-12-03,25.6994205,25.6994205,25.6994205,25.6994205,0.0,0.0,31553949.0
2013-12-04,25.81313475,25.81313475,25.926849,25.6994205,1.0,10476.0,31553949.0
2013-12-05,25.017135,25.017135,25.926849,25.926849,1.0,5407.0,31553949.0
2013-12-06,25.926849,25.926849,25.926849,25.926849,0.0,0.0,31553949.0
2013-12-09,25.471992,25.471992,25.926849,25.926849,1.0,14332.0,31553949.0
2013-12-10,25.2445635,25.2445635,25.6994205,25.926849,1.0,5000.0,31553949.0
2013-12-11,26.381706,26.381706,25.6994205,25.6994205,1.0,10000.0,31553949.0
2013-12-12,26.836563,26.381706,26.1542775,25.6994205,3.0,15000.0,31553949.0
2013-12-13,26.836563,25.471992,26.1542775,26.1542775,2.0,12000.0,31553949.0
2013-12-16,26.7455916,25.6539348,26.1542775,26.1542775,3.0,16531.0,31553949.0
2013-12-17,26.1542775,26.1542775,26.1542775,26.1542775,0.0,0.0,31553949.0
2013-12-18,26.7455916,25.744906200000003,26.1542775,26.1542775,2.0,10700.0,31553949.0
2013-12-19,26.1542775,26.1542775,26.1542775,26.1542775,0.0,0.0,31553949.0
2013-12-20,27.29142,26.381706,26.836563,26.1542775,7.0,115000.0,31553949.0
2013-12-23,27.29142,26.381706,26.836563,26.836563,2.0,14000.0,31553949.0
2013-12-24,26.836563,26.836563,26.836563,26.836563,0.0,0.0,31553949.0
2013-12-27,27.28232286,27.28232286,26.836563,26.836563,2.0,12000.0,31553949.0
2013-12-30,27.28232286,27.28232286,26.836563,26.836563,1.0,8000.0,31553949.0
2013-12-31,26.381706,26.381706,26.836563,26.836563,1.0,3451.0,31553949.0
2014-01-02,26.836563,26.836563,26.836563,26.836563,0.0,0.0,31553949.0
2014-01-03,26.836563,26.836563,26.836563,26.836563,0.0,0.0,31553949.0
2014-01-06,27.29142,25.471992,26.1542775,26.836563,4.0,26540.0,31553949.0
2014-01-07,26.1087918,25.471992,25.926849,26.1542775,2.0,6000.0,31553949.0
2014-01-08,25.926849,25.926849,25.926849,25.926849,0.0,0.0,31553949.0
2014-01-09,25.471992,25.471992,26.1542775,25.926849,1.0,1995.0,31553949.0
2014-01-10,26.1087918,26.1087918,26.1542775,26.1542775,2.0,6250.0,31553949.0
2014-01-13,26.1542775,26.1542775,26.1542775,26.1542775,0.0,0.0,31553949.0
2014-01-14,26.1542775,26.1542775,26.1542775,26.1542775,0.0,0.0,31553949.0
2014-01-15,26.1542775,26.1542775,26.1542775,26.1542775,0.0,0.0,31553949.0
2014-01-16,25.471992,25.471992,26.1542775,26.1542775,1.0,10000.0,31553949.0
2014-01-17,26.0178204,26.0178204,26.1542775,26.1542775,1.0,3287.0,31553949.0
2014-01-20,26.1542775,26.1542775,26.1542775,26.1542775,0.0,0.0,31553949.0
2014-01-21,25.471992,25.471992,26.1542775,26.1542775,2.0,11386.0,31553949.0
2014-01-22,25.471992,25.471992,26.1542775,26.1542775,1.0,2000.0,31553949.0
2014-01-23,26.1542775,26.1542775,26.1542775,26.1542775,0.0,0.0,31553949.0
2014-01-24,25.81313475,25.017135,25.017135,26.1542775,6.0,30283.0,31553949.0
2014-01-27,24.562278,24.562278,25.017135,25.017135,1.0,1400.0,31553949.0
2014-01-28,24.562278,24.562278,25.017135,25.017135,1.0,1102.0,31553949.0
2014-01-29,25.017135,25.017135,25.017135,25.017135,0.0,0.0,31553949.0
2014-01-30,25.017135,25.017135,25.017135,25.017135,0.0,0.0,31553949.0
2014-01-31,25.017135,25.017135,25.017135,25.017135,0.0,0.0,31553949.0
2014-02-03,24.562278,24.562278,25.017135,25.017135,1.0,1000.0,31553949.0
2014-02-04,25.017135,25.017135,25.017135,25.017135,0.0,0.0,31553949.0
2014-02-05,25.017135,25.017135,25.017135,25.017135,0.0,0.0,31553949.0
2014-02-06,24.562278,24.562278,25.017135,25.017135,1.0,2000.0,31553949.0
2014-02-07,25.2445635,25.2445635,25.471992,25.017135,1.0,25000.0,31553949.0
2014-02-10,25.471992,25.471992,25.471992,25.471992,0.0,0.0,31553949.0
2014-02-11,24.57137514,24.57137514,25.471992,25.471992,1.0,3561.0,31553949.0
2014-02-12,24.57137514,24.57137514,25.471992,25.471992,1.0,2000.0,31553949.0
2014-02-13,25.471992,25.471992,25.471992,25.471992,0.0,0.0,31553949.0
2014-02-14,25.471992,23.652564,24.3348495,25.926849,12.0,122593.0,31553949.0
2014-02-17,23.652564,23.652564,23.8799925,24.3348495,3.0,10965.0,31553949.0
2014-02-18,23.652564,23.652564,23.652564,23.652564,0.0,1.0,31553949.0
2014-02-19,24.107421,24.107421,23.652564,23.652564,1.0,2000.0,31553949.0
2014-02-20,23.99370675,23.197707,23.652564,23.652564,2.0,19000.0,31553949.0
2014-02-21,23.652564,23.197707,23.4251355,23.652564,4.0,21762.0,31553949.0
2014-02-24,24.107421,23.652564,24.562278,23.4251355,6.0,31500.0,31553949.0
2014-02-25,24.7897065,24.7442208,24.7897065,24.562278,2.0,40000.0,31553949.0
2014-02-26,24.912517890000004,24.3348495,24.90342075,24.7897065,3.0,41552.0,31553949.0
2014-02-27,24.90342075,24.90342075,24.90342075,24.90342075,0.0,0.0,31553949.0
2014-02-28,24.3348495,24.3348495,24.90342075,24.90342075,1.0,535.0,31553949.0
2014-03-03,25.223185221,24.7897065,24.7897065,24.90342075,2.0,54000.0,31553949.0
2014-03-04,25.471992,24.3348495,24.7897065,24.7897065,2.0,10279.0,31553949.0
2014-03-05,25.2445635,24.3348495,24.7897065,24.7897065,3.0,31199.0,31553949.0
2014-03-06,24.7897065,24.7897065,24.7897065,24.7897065,0.0,0.0,31553949.0
2014-03-07,25.471992,24.3803352,25.017135,24.7897065,7.0,48610.0,31553949.0
2014-03-10,25.017135,25.017135,25.017135,25.017135,0.0,0.0,31553949.0
2014-03-11,25.017135,25.017135,25.017135,25.017135,0.0,0.0,31553949.0
2014-03-12,24.562278,23.652564,24.3348495,25.017135,4.0,47000.0,31553949.0
2014-03-13,23.652564,23.652564,24.107421,24.3348495,1.0,25000.0,31553949.0
2014-03-14,23.743535400000003,23.743535400000003,24.107421,24.107421,1.0,1250.0,31553949.0
2014-03-17,24.0164496,24.0164496,23.8799925,24.107421,1.0,10000.0,31553949.0
2014-03-18,23.8345068,23.661661140000003,23.652564,23.8799925,2.0,14347.0,31553949.0
2014-03-19,23.5615926,23.197707,23.4251355,23.652564,3.0,32000.0,31553949.0
2014-03-20,23.197707,22.74285,22.9702785,23.4251355,3.0,26202.0,31553949.0
2014-03-21,23.197707,23.197707,22.9702785,22.9702785,1.0,3000.0,31553949.0
2014-03-24,22.9702785,22.9702785,22.9702785,22.9702785,0.0,0.0,31553949.0
2014-03-25,23.1067356,22.74285,22.62913575,22.9702785,4.0,57092.0,31553949.0
2014-03-26,22.74285,22.287993,22.62913575,22.62913575,4.0,31205.0,31553949.0
2014-03-27,22.6973643,22.35622155,22.62913575,22.62913575,4.0,39000.0,31553949.0
2014-03-28,22.6973643,22.287993,22.62913575,22.62913575,2.0,7000.0,31553949.0
2014-03-31,22.62913575,22.62913575,22.62913575,22.62913575,0.0,0.0,31553949.0
2014-04-01,22.74285,22.287993,22.62913575,22.62913575,3.0,13278.0,31553949.0
2014-04-02,22.74285,22.287993,22.62913575,22.62913575,2.0,5930.0,31553949.0
2014-04-03,22.74285,22.74285,22.62913575,22.62913575,2.0,4500.0,31553949.0
2014-04-04,22.287993,22.287993,22.62913575,22.62913575,1.0,6984.0,31553949.0
2014-04-07,21.99688452,20.923422,22.0605645,22.62913575,3.0,50302.0,31553949.0
2014-04-08,22.0605645,22.0605645,22.0605645,22.0605645,0.0,0.0,31553949.0
2014-04-09,22.0605645,22.0605645,22.0605645,22.0605645,0.0,0.0,31553949.0
2014-04-10,21.9695931,21.9695931,22.0605645,22.0605645,1.0,2039.0,31553949.0
2014-04-11,21.833136,21.833136,22.0605645,22.0605645,1.0,5000.0,31553949.0
2014-04-14,20.923422,20.923422,21.49199325,22.0605645,1.0,22000.0,31553949.0
2014-04-15,21.21907905,21.21907905,21.49199325,21.49199325,1.0,3000.0,31553949.0
2014-04-16,21.35553615,20.013708,21.26456475,21.49199325,3.0,49264.0,31553949.0
2014-04-17,21.26456475,21.26456475,21.26456475,21.26456475,0.0,0.0,31553949.0
2014-04-22,20.923422,20.468565,21.03713625,21.26456475,2.0,60000.0,31553949.0
2014-04-23,21.03713625,21.03713625,21.03713625,21.03713625,0.0,0.0,31553949.0
2014-04-24,21.03713625,21.03713625,21.03713625,21.03713625,0.0,0.0,31553949.0
2014-04-25,21.03713625,21.03713625,21.03713625,21.03713625,0.0,0.0,31553949.0
2014-04-28,20.013708,20.013708,20.6959935,21.03713625,1.0,10000.0,31553949.0
2014-04-29,20.468565,20.468565,20.468565,20.6959935,1.0,5000.0,31553949.0
2014-04-30,20.013708,19.6043367,20.468565,20.468565,3.0,120000.0,31553949.0
2014-05-01,20.468565,20.468565,20.468565,20.468565,0.0,0.0,31553949.0
2014-05-02,20.468565,20.468565,20.468565,20.468565,0.0,0.0,31553949.0
2014-05-05,20.468565,20.468565,20.468565,20.468565,0.0,0.0,31553949.0
2014-05-06,20.013708,20.013708,20.468565,20.468565,1.0,57.0,31553949.0
2014-05-07,20.468565,20.468565,20.468565,20.468565,0.0,0.0,31553949.0
2014-05-08,20.013708,18.649137,20.35485075,20.468565,5.0,152100.0,31553949.0
2014-05-09,19.103994,19.103994,19.558851,20.35485075,1.0,17796.0,31553949.0
2014-05-12,19.1949654,18.8765655,19.103994,19.558851,2.0,20000.0,31553949.0
2014-05-13,19.103994,19.103994,19.103994,19.103994,0.0,0.0,31553949.0
2014-05-14,19.103994,19.103994,19.103994,19.103994,0.0,0.0,31553949.0
2014-05-15,19.103994,18.19428,18.649137,19.103994,3.0,75000.0,31553949.0
2014-05-16,18.649137,18.649137,18.649137,18.649137,0.0,0.0,31553949.0
2014-05-19,18.649137,18.649137,18.649137,18.649137,0.0,0.0,31553949.0
2014-05-20,18.649137,18.649137,18.649137,18.649137,0.0,0.0,31553949.0
2014-05-21,18.649137,18.649137,18.649137,18.649137,0.0,0.0,31553949.0
2014-05-22,18.649137,18.649137,18.649137,18.649137,0.0,0.0,31553949.0
2014-05-23,18.649137,18.649137,18.649137,18.649137,0.0,0.0,31553949.0
2014-05-26,18.649137,18.649137,18.649137,18.649137,0.0,0.0,31553949.0
2014-05-27,18.649137,18.649137,18.649137,18.649137,0.0,0.0,31553949.0
2014-05-28,18.649137,18.649137,18.649137,18.649137,0.0,0.0,31553949.0
2014-05-29,18.19428,18.19428,18.649137,18.649137,1.0,2000.0,31553949.0
2014-05-30,18.649137,18.649137,18.649137,18.649137,0.0,0.0,31553949.0
2014-06-02,18.649137,18.649137,18.649137,18.649137,0.0,0.0,31553949.0
2014-06-03,18.649137,18.649137,18.649137,18.649137,0.0,0.0,31553949.0
2014-06-04,18.19428,18.19428,18.4217085,18.649137,2.0,5000.0,31553949.0
2014-06-05,18.4217085,18.4217085,18.4217085,18.4217085,0.0,0.0,31553949.0
2014-06-06,18.4217085,18.4217085,18.4217085,18.4217085,0.0,0.0,31553949.0
2014-06-09,18.4217085,18.4217085,18.4217085,18.4217085,0.0,0.0,31553949.0
2014-06-10,18.4217085,18.4217085,18.4217085,18.4217085,0.0,0.0,31553949.0
2014-06-11,18.30799425,18.30799425,18.4217085,18.4217085,1.0,110.0,31553949.0
2014-06-12,18.4217085,18.4217085,18.4217085,18.4217085,0.0,0.0,31553949.0
2014-06-13,18.19428,18.19428,18.4217085,18.4217085,1.0,423.0,31553949.0
2014-06-16,18.4217085,18.4217085,18.4217085,18.4217085,0.0,0.0,31553949.0
2014-06-17,18.19428,18.19428,18.649137,18.4217085,1.0,16052.0,31553949.0
2014-06-18,18.649137,18.649137,18.649137,18.649137,0.0,0.0,31553949.0
2014-06-19,18.649137,18.649137,18.649137,18.649137,0.0,0.0,31553949.0
2014-06-20,18.2397657,18.19428,18.19428,18.649137,2.0,5115.0,31553949.0
2014-06-23,17.375537400000002,17.375537400000002,18.19428,18.19428,1.0,686.0,31553949.0
2014-06-24,18.19428,18.19428,18.19428,18.19428,0.0,0.0,31553949.0
2014-06-25,18.19428,18.19428,18.19428,18.19428,0.0,0.0,31553949.0
2014-06-26,17.375537400000002,17.375537400000002,18.19428,18.19428,2.0,24244.0,31553949.0
2014-06-27,18.19428,18.19428,18.19428,18.19428,0.0,0.0,31553949.0
2014-06-30,18.19428,18.19428,18.19428,18.19428,0.0,0.0,31553949.0
2014-07-01,18.19428,18.19428,18.19428,18.19428,0.0,0.0,31553949.0
2014-07-02,17.375537400000002,17.375537400000002,18.19428,18.19428,1.0,2205.0,31553949.0
2014-07-03,18.19428,18.19428,18.19428,18.19428,0.0,0.0,31553949.0
2014-07-04,17.375537400000002,17.375537400000002,18.19428,18.19428,1.0,6305.0,31553949.0
2014-07-07,18.19428,18.19428,18.19428,18.19428,0.0,0.0,31553949.0
2014-07-08,18.19428,18.19428,18.19428,18.19428,0.0,0.0,31553949.0
2014-07-09,17.739423000000002,17.375537400000002,18.19428,18.19428,5.0,55687.0,31553949.0
2014-07-10,18.19428,18.19428,18.19428,18.19428,0.0,0.0,31553949.0
2014-07-11,18.19428,18.19428,18.19428,18.19428,0.0,0.0,31553949.0
2014-07-14,18.3762228,17.375537400000002,18.19428,18.19428,4.0,11000.0,31553949.0
2014-07-15,18.19428,18.19428,18.19428,18.19428,0.0,0.0,31553949.0
2014-07-16,16.374852,16.374852,16.829709,16.829709,1.0,233.0,31553949.0
2014-07-17,16.6022805,16.374852,16.829709,16.829709,4.0,65531.0,31553949.0
2014-07-18,16.829709,16.829709,16.829709,16.829709,0.0,0.0,31553949.0
2014-07-21,16.829709,16.829709,16.829709,16.829709,0.0,0.0,31553949.0
2014-07-22,16.829709,16.829709,16.829709,16.829709,0.0,0.0,31553949.0
2014-07-23,16.829709,16.829709,16.829709,16.829709,0.0,0.0,31553949.0
2014-07-24,16.829709,16.829709,16.829709,16.829709,0.0,0.0,31553949.0
2014-07-25,16.374852,16.374852,16.829709,16.829709,1.0,2000.0,31553949.0
2014-07-28,16.374852,16.374852,16.829709,16.829709,1.0,2039.0,31553949.0
2014-07-29,16.7842233,16.374852,16.829709,16.829709,2.0,2261.0,31553949.0
2014-07-30,16.829709,16.829709,16.829709,16.829709,0.0,0.0,31553949.0
2014-07-31,16.374852,16.374852,16.829709,16.829709,1.0,1220.0,31553949.0
2014-08-01,16.829709,16.829709,16.829709,16.829709,0.0,0.0,31553949.0
2014-08-04,16.829709,16.829709,16.829709,16.829709,0.0,0.0,31553949.0
2014-08-05,16.829709,16.829709,16.829709,16.829709,0.0,0.0,31553949.0
2014-08-06,16.829709,16.829709,16.829709,16.829709,0.0,0.0,31553949.0
2014-08-07,16.374852,16.374852,16.829709,16.829709,1.0,2205.0,31553949.0
2014-08-08,16.829709,16.829709,16.829709,16.829709,0.0,0.0,31553949.0
2014-08-11,16.829709,16.829709,16.829709,16.829709,0.0,0.0,31553949.0
2014-08-12,16.374852,16.374852,16.829709,16.829709,1.0,1667.0,31553949.0
2014-08-13,16.829709,16.829709,16.829709,16.829709,0.0,0.0,31553949.0
2014-08-14,16.374852,15.465138,15.919995,16.829709,3.0,16000.0,31553949.0
2014-08-15,15.8745093,15.465138,15.919995,15.919995,2.0,5787.0,31553949.0
2014-08-18,15.919995,15.919995,15.919995,15.919995,0.0,0.0,31553949.0
2014-08-19,15.919995,15.919995,15.919995,15.919995,0.0,0.0,31553949.0
2014-08-20,15.919995,15.919995,15.919995,15.919995,0.0,0.0,31553949.0
2014-08-21,15.919995,15.919995,15.919995,15.919995,0.0,0.0,31553949.0
2014-08-22,15.919995,15.919995,15.919995,15.919995,0.0,0.0,31553949.0
2014-08-25,15.919995,15.919995,15.919995,15.919995,0.0,0.0,31553949.0
2014-08-26,15.8745093,15.8745093,15.919995,15.919995,1.0,100.0,31553949.0
2014-08-27,15.465138,14.555424,15.2377095,15.919995,3.0,20000.0,31553949.0
2014-08-28,15.2377095,15.2377095,15.2377095,15.2377095,0.0,0.0,31553949.0
2014-08-29,14.7373668,13.75942425,15.010281,15.2377095,2.0,30500.0,31553949.0
2014-09-01,13.64571,13.64571,14.100567,13.190853,2.0,15000.0,31553949.0
2014-09-02,13.64571,13.64571,14.100567,14.100567,1.0,3000.0,31553949.0
2014-09-03,14.100567,14.100567,14.100567,14.100567,0.0,0.0,31553949.0
2014-09-04,14.100567,14.100567,14.100567,14.100567,0.0,0.0,31553949.0
2014-09-05,14.2825098,14.2825098,14.100567,14.100567,1.0,465.0,31553949.0
2014-09-08,14.100567,14.100567,14.100567,14.100567,0.0,0.0,31553949.0
2014-09-09,13.64571,12.98616735,13.64571,14.100567,2.0,8582.0,31553949.0
2014-09-10,13.64571,13.64571,13.64571,13.64571,0.0,0.0,31553949.0
2014-09-11,13.64571,13.64571,13.64571,13.64571,0.0,0.0,31553949.0
2014-09-12,13.64571,13.64571,13.64571,13.64571,0.0,0.0,31553949.0
2014-09-15,13.64571,13.64571,13.64571,13.64571,0.0,0.0,31553949.0
2014-09-16,14.100567,12.9634245,13.64571,13.64571,3.0,10200.0,31553949.0
2014-09-17,12.735996,12.735996,13.64571,13.64571,1.0,12500.0,31553949.0
2014-09-18,13.64571,13.64571,13.64571,13.64571,0.0,0.0,31553949.0
2014-09-19,12.735996,12.735996,13.64571,13.64571,1.0,3610.0,31553949.0
2014-09-22,13.64571,13.64571,13.64571,13.64571,0.0,0.0,31553949.0
2014-09-23,12.735996,12.735996,13.64571,13.64571,1.0,2000.0,31553949.0
2014-09-24,13.64571,13.64571,13.64571,13.64571,0.0,0.0,31553949.0
2014-09-25,12.735996,12.735996,13.64571,13.64571,1.0,1120.0,31553949.0
2014-09-26,13.64571,13.64571,13.64571,13.64571,0.0,0.0,31553949.0
2014-09-29,13.64571,13.64571,13.64571,13.64571,0.0,0.0,31553949.0
2014-09-30,13.64571,13.64571,13.64571,13.64571,0.0,0.0,31553949.0
2014-10-01,13.64571,13.64571,13.64571,13.64571,0.0,0.0,31553949.0
2014-10-02,13.64571,13.64571,13.64571,13.64571,0.0,0.0,31553949.0
2014-10-03,13.64571,13.64571,13.64571,13.64571,0.0,0.0,31553949.0
2014-10-06,13.64571,13.64571,13.64571,13.64571,0.0,0.0,31553949.0
2014-10-07,13.64571,13.64571,13.64571,13.64571,0.0,0.0,31553949.0
2014-10-08,13.64571,13.64571,13.64571,13.64571,0.0,0.0,31553949.0
2014-10-09,12.735996,12.735996,13.64571,13.64571,1.0,75000.0,31553949.0
2014-10-10,13.64571,13.64571,13.64571,13.64571,0.0,0.0,31553949.0
2014-10-13,13.64571,13.64571,13.64571,13.64571,0.0,0.0,31553949.0
2014-10-14,13.64571,13.64571,13.64571,13.64571,0.0,0.0,31553949.0
2014-10-15,12.735996,12.735996,13.64571,13.64571,1.0,3333.0,31553949.0
2014-10-16,13.64571,13.64571,13.64571,13.64571,0.0,0.0,31553949.0
2014-10-17,13.64571,13.64571,13.64571,13.64571,0.0,0.0,31553949.0
2014-10-20,12.735996,11.826282,13.64571,13.64571,2.0,26096.0,31553949.0
2014-10-21,12.735996,12.281139,12.735996,13.64571,2.0,55000.0,31553949.0
2014-10-22,12.735996,12.735996,12.735996,12.735996,0.0,0.0,31553949.0
2014-10-23,12.735996,12.735996,12.735996,12.735996,0.0,0.0,31553949.0
2014-10-24,12.735996,12.735996,12.735996,12.735996,0.0,0.0,31553949.0
2014-10-27,12.735996,12.735996,12.735996,12.735996,0.0,0.0,31553949.0
2014-10-28,12.735996,12.735996,12.735996,12.735996,0.0,0.0,31553949.0
2014-10-29,12.735996,12.735996,12.735996,12.735996,0.0,0.0,31553949.0
2014-10-30,12.735996,12.735996,12.735996,12.735996,0.0,0.0,31553949.0
2014-10-31,12.6450246,12.6450246,12.735996,12.735996,1.0,4000.0,31553949.0
2014-11-03,12.735996,12.735996,12.735996,12.735996,0.0,0.0,31553949.0
2014-11-04,12.735996,12.735996,12.735996,12.735996,0.0,0.0,31553949.0
2014-11-05,12.735996,12.735996,12.735996,12.735996,0.0,0.0,31553949.0
2014-11-06,12.9179388,12.8269674,12.735996,12.735996,5.0,20435.0,31553949.0
2014-11-07,12.735996,12.735996,12.735996,12.735996,0.0,0.0,31553949.0
2014-11-10,11.826282,11.826282,12.735996,12.735996,2.0,6000.0,31553949.0
2014-11-11,13.190853,13.190853,12.735996,12.735996,2.0,176.0,31553949.0
2014-11-12,11.826282,11.826282,12.735996,12.735996,2.0,13223.0,31553949.0
2014-11-13,12.735996,12.735996,12.735996,12.735996,0.0,0.0,31553949.0
2014-11-14,11.84902485,11.84902485,12.735996,12.735996,1.0,1324.0,31553949.0
2014-11-17,12.735996,12.735996,12.735996,12.735996,0.0,0.0,31553949.0
2014-11-18,13.07713875,13.07713875,13.190853,12.735996,1.0,20869.0,31553949.0
2014-11-19,13.190853,13.190853,13.190853,13.190853,0.0,0.0,31553949.0
2014-11-20,13.190853,13.190853,13.190853,13.190853,0.0,0.0,31553949.0
2014-11-21,13.190853,13.190853,13.190853,13.190853,0.0,0.0,31553949.0
2014-11-24,13.55019003,13.3727958,13.64571,13.190853,2.0,20000.0,31553949.0
2014-11-25,13.64571,13.64571,13.64571,13.64571,0.0,0.0,31553949.0
2014-11-26,13.64571,13.64571,13.64571,13.64571,0.0,0.0,31553949.0
2014-11-27,13.64571,13.64571,13.64571,13.64571,0.0,0.0,31553949.0
2014-11-28,13.64571,13.64571,13.64571,13.64571,0.0,0.0,31553949.0
2014-12-01,13.64571,13.64571,13.64571,13.64571,0.0,0.0,31553949.0
2014-12-02,13.64571,13.64571,13.64571,13.64571,0.0,0.0,31553949.0
2014-12-03,13.64571,13.64571,13.64571,13.64571,0.0,0.0,31553949.0
2014-12-04,13.64571,13.64571,13.64571,13.64571,0.0,0.0,31553949.0
2014-12-05,12.98616735,12.92703594,13.64571,13.64571,2.0,5000.0,31553949.0
2014-12-08,13.64571,13.64571,13.64571,13.64571,0.0,0.0,31553949.0
2014-12-09,12.735996,12.735996,13.64571,13.64571,1.0,2000.0,31553949.0
2014-12-10,13.64571,13.64571,13.64571,13.64571,0.0,0.0,31553949.0
2014-12-11,13.64571,13.64571,13.64571,13.64571,0.0,0.0,31553949.0
2014-12-12,14.555424,14.555424,13.8731385,13.64571,1.0,10000.0,31553949.0
2014-12-15,13.190853,13.190853,13.8731385,13.8731385,1.0,2000.0,31553949.0
2014-12-16,13.8731385,13.8731385,13.8731385,13.8731385,0.0,0.0,31553949.0
2014-12-17,13.8731385,13.8731385,13.8731385,13.8731385,0.0,0.0,31553949.0
2014-12-18,13.8731385,13.8731385,13.8731385,13.8731385,0.0,0.0,31553949.0
2014-12-19,13.8731385,13.8731385,13.8731385,13.8731385,0.0,0.0,31553949.0
2014-12-22,13.8731385,13.8731385,13.8731385,13.8731385,0.0,0.0,31553949.0
2014-12-23,13.8731385,13.8731385,13.8731385,13.8731385,0.0,0.0,31553949.0
2014-12-24,13.8731385,13.8731385,13.8731385,13.8731385,0.0,0.0,31553949.0
2014-12-29,13.66845285,13.66845285,13.8731385,13.8731385,1.0,10000.0,31553949.0
2014-12-30,13.8731385,13.8731385,13.8731385,13.8731385,0.0,0.0,31553949.0
2014-12-31,13.8731385,13.8731385,13.8731385,13.8731385,0.0,0.0,31553949.0
2015-01-02,13.8731385,13.8731385,13.8731385,13.8731385,0.0,0.0,31553949.0
2015-01-05,13.190853,13.190853,13.8731385,13.8731385,1.0,2000.0,31553949.0
2015-01-06,13.8731385,13.8731385,13.8731385,13.8731385,0.0,0.0,31553949.0
2015-01-07,13.8731385,13.8731385,13.8731385,13.8731385,0.0,0.0,31553949.0
2015-01-08,13.8731385,13.8731385,13.8731385,13.8731385,0.0,0.0,31553949.0
2015-01-09,13.71393855,13.64571,13.8731385,13.8731385,2.0,34766.0,31553949.0
2015-01-12,13.8731385,13.8731385,13.8731385,13.8731385,0.0,0.0,31553949.0
2015-01-13,13.8731385,13.8731385,13.8731385,13.8731385,0.0,0.0,31553949.0
2015-01-14,13.8731385,13.8731385,13.8731385,13.8731385,0.0,0.0,31553949.0
2015-01-15,13.190853,13.190853,13.8731385,13.8731385,1.0,3000.0,31553949.0
2015-01-16,13.3273101,13.190853,13.4182815,13.8731385,2.0,12205.0,31553949.0
2015-01-19,13.4182815,13.4182815,13.4182815,13.4182815,0.0,0.0,31553949.0
2015-01-20,13.4182815,13.4182815,13.4182815,13.4182815,0.0,0.0,31553949.0
2015-01-21,13.4182815,13.4182815,13.4182815,13.4182815,0.0,0.0,31553949.0
2015-01-22,13.4182815,13.4182815,13.4182815,13.4182815,0.0,0.0,31553949.0
2015-01-23,15.010281,13.190853,13.4182815,13.4182815,2.0,131304.0,31553949.0
2015-01-26,13.64571,13.597950015,13.8731385,13.4182815,2.0,6927.0,31553949.0
2015-01-27,13.8731385,13.8731385,13.8731385,13.8731385,0.0,0.0,31553949.0
2015-01-28,13.8731385,13.8731385,13.8731385,13.8731385,0.0,0.0,31553949.0
2015-01-29,13.8731385,13.8731385,13.8731385,13.8731385,0.0,0.0,31553949.0
2015-01-30,13.8731385,13.8731385,13.8731385,13.8731385,0.0,0.0,31553949.0
2015-02-02,14.555424,14.555424,14.100567,13.8731385,1.0,2500.0,31553949.0
2015-02-03,14.100567,14.100567,14.100567,14.100567,0.0,0.0,31553949.0
2015-02-04,14.555424,14.555424,14.100567,14.100567,1.0,5000.0,31553949.0
2015-02-05,14.100567,13.64571,13.8731385,14.100567,3.0,32000.0,31553949.0
2015-02-06,14.555424,13.4182815,13.8731385,13.8731385,2.0,3427.0,31553949.0
2015-02-09,13.8731385,13.8731385,13.8731385,13.8731385,0.0,0.0,31553949.0
2015-02-10,13.8731385,13.8731385,13.8731385,13.8731385,0.0,0.0,31553949.0
2015-02-11,13.190853,13.190853,12.9634245,12.735996,1.0,100000.0,31553949.0
2015-02-12,14.555424,12.735996,13.8731385,12.9634245,7.0,134593.0,31553949.0
2015-02-13,15.010281,13.8731385,14.7828525,13.8731385,10.0,312810.0,31553949.0
2015-02-16,14.7828525,14.7828525,14.7828525,14.7828525,0.0,0.0,31553949.0
2015-02-17,14.7828525,14.7828525,14.7828525,14.7828525,0.0,0.0,31553949.0
2015-02-18,15.465138,14.555424,15.010281,14.7828525,2.0,78647.0,31553949.0
2015-02-19,15.6925665,15.2377095,15.35142375,15.010281,5.0,243443.0,31553949.0
2015-02-20,15.35142375,15.35142375,15.35142375,15.35142375,0.0,0.0,31553949.0
2015-02-23,15.35142375,15.35142375,15.35142375,15.35142375,0.0,0.0,31553949.0
2015-02-24,15.35142375,15.35142375,15.35142375,15.35142375,0.0,0.0,31553949.0
2015-02-25,15.35142375,15.35142375,15.35142375,15.35142375,0.0,0.0,31553949.0
2015-02-26,15.465138,15.465138,15.35142375,15.35142375,1.0,3000.0,31553949.0
2015-02-27,15.283195200000002,15.283195200000002,15.80628075,15.35142375,1.0,12177.0,31553949.0
2015-03-02,15.80628075,15.80628075,15.80628075,15.80628075,2.0,6000.0,31553949.0
2015-03-03,15.80628075,15.80628075,15.80628075,15.80628075,0.0,0.0,31553949.0
2015-03-04,15.80628075,15.80628075,15.80628075,15.80628075,0.0,0.0,31553949.0
2015-03-05,15.80628075,15.80628075,15.80628075,15.80628075,0.0,0.0,31553949.0
2015-03-06,15.80628075,15.80628075,15.80628075,15.80628075,0.0,0.0,31553949.0
2015-03-09,15.80628075,15.80628075,15.80628075,15.80628075,0.0,0.0,31553949.0
2015-03-10,15.80628075,15.80628075,15.80628075,15.80628075,0.0,0.0,31553949.0
2015-03-11,15.80628075,15.35142375,15.80628075,15.80628075,2.0,37346.0,31553949.0
2015-03-12,15.35142375,15.35142375,15.57885225,15.80628075,1.0,4000.0,31553949.0
2015-03-13,15.57885225,15.57885225,15.57885225,15.57885225,0.0,0.0,31553949.0
2015-03-16,15.57885225,15.57885225,15.57885225,15.57885225,0.0,0.0,31553949.0
2015-03-17,15.57885225,15.57885225,15.57885225,15.57885225,0.0,0.0,31553949.0
2015-03-18,15.57885225,15.57885225,15.57885225,15.57885225,0.0,0.0,31553949.0
2015-03-19,15.283195200000002,15.283195200000002,15.57885225,15.57885225,1.0,7000.0,31553949.0
2015-03-20,15.783537900000002,15.783537900000002,15.57885225,15.57885225,1.0,8645.0,31553949.0
2015-03-23,15.783537900000002,15.783537900000002,15.57885225,15.57885225,1.0,3098.0,31553949.0
2015-03-24,15.3741666,15.3741666,15.57885225,15.57885225,1.0,665.0,31553949.0
2015-03-25,15.2377095,15.2377095,15.57885225,15.57885225,1.0,10106.0,31553949.0
2015-03-26,15.57885225,15.57885225,15.57885225,15.57885225,0.0,0.0,31553949.0
2015-03-27,15.3469661514,15.3469661514,15.57885225,15.57885225,1.0,4250.0,31553949.0
2015-03-30,15.57885225,15.57885225,15.57885225,15.57885225,0.0,0.0,31553949.0
2015-03-31,15.57885225,15.57885225,15.57885225,15.57885225,0.0,0.0,31553949.0
2015-04-01,15.57885225,15.57885225,15.57885225,15.57885225,0.0,0.0,31553949.0
2015-04-02,15.3093949632,15.3093949632,15.57885225,15.57885225,1.0,6000.0,31553949.0
2015-04-06,15.57885225,15.57885225,15.57885225,15.57885225,0.0,0.0,31553949.0
2015-04-07,15.28774377,15.283195200000002,15.57885225,15.57885225,2.0,15000.0,31553949.0
2015-04-08,15.283195200000002,15.2377095,15.57885225,15.57885225,3.0,210000.0,31553949.0
2015-04-09,15.283195200000002,15.283195200000002,15.57885225,15.57885225,1.0,10000.0,31553949.0
2015-04-10,15.283195200000002,15.283195200000002,15.57885225,15.57885225,1.0,10000.0,31553949.0
2015-04-13,15.57885225,15.57885225,15.57885225,15.57885225,0.0,0.0,31553949.0
2015-04-14,15.2377095,15.2377095,15.57885225,15.57885225,1.0,2198.0,31553949.0
2015-04-15,15.283195200000002,15.242803898400002,15.35142375,15.57885225,2.0,3000.0,31553949.0
2015-04-16,15.35142375,15.35142375,15.35142375,15.35142375,0.0,0.0,31553949.0
2015-04-17,15.283195200000002,15.283195200000002,15.35142375,15.35142375,1.0,2000.0,31553949.0
2015-04-20,15.35142375,15.35142375,15.35142375,15.35142375,0.0,0.0,31553949.0
2015-04-21,15.2377095,15.2377095,15.010281,15.35142375,1.0,5000.0,31553949.0
2015-04-22,14.100567,14.100567,15.010281,15.010281,1.0,27615.0,31553949.0
2015-04-23,14.555424,14.555424,15.010281,15.010281,1.0,1612.0,31553949.0
2015-04-24,15.010281,15.010281,15.010281,15.010281,0.0,0.0,31553949.0
2015-04-27,15.010281,15.010281,15.010281,15.010281,1.0,1000.0,31553949.0
2015-04-28,14.5555149714,14.5555149714,15.010281,15.010281,1.0,92.0,31553949.0
2015-04-29,15.010281,15.010281,15.010281,15.010281,0.0,0.0,31553949.0
2015-04-30,14.555424,14.555424,15.010281,15.010281,1.0,5176.0,31553949.0
2015-05-01,14.555424,14.555424,15.010281,15.010281,1.0,4000.0,31553949.0
2015-05-04,15.010281,15.010281,15.010281,15.010281,0.0,0.0,31553949.0
2015-05-05,15.010281,15.010281,15.010281,15.010281,0.0,0.0,31553949.0
2015-05-06,14.555424,14.555424,15.010281,15.010281,1.0,11025.0,31553949.0
2015-05-07,15.010281,15.010281,15.010281,15.010281,0.0,0.0,31553949.0
2015-05-08,15.010281,15.010281,15.010281,15.010281,0.0,0.0,31553949.0
2015-05-11,14.100567,14.100567,14.7828525,15.010281,1.0,15107.0,31553949.0
2015-05-12,14.8283382,14.8283382,14.7828525,14.7828525,1.0,100.0,31553949.0
2015-05-13,14.1006579714,14.100567,14.7828525,14.7828525,2.0,7512.0,31553949.0
2015-05-14,14.7828525,14.7828525,14.7828525,14.7828525,0.0,0.0,31553949.0
2015-05-15,14.7828525,14.7828525,14.7828525,14.7828525,0.0,0.0,31553949.0
2015-05-18,14.7828525,14.7828525,14.7828525,14.7828525,0.0,0.0,31553949.0
2015-05-19,14.7828525,14.7828525,14.7828525,14.7828525,0.0,0.0,31553949.0
2015-05-20,14.7828525,14.7828525,14.7828525,14.7828525,0.0,0.0,31553949.0
2015-05-21,14.7828525,14.7828525,14.7828525,14.7828525,0.0,0.0,31553949.0
2015-05-22,14.7828525,14.7828525,14.7828525,14.7828525,0.0,0.0,31553949.0
2015-05-25,14.7828525,14.7828525,14.7828525,14.7828525,0.0,0.0,31553949.0
2015-05-26,14.7828525,14.7828525,14.7828525,14.7828525,0.0,0.0,31553949.0
2015-05-27,14.7828525,14.7828525,14.7828525,14.7828525,0.0,0.0,31553949.0
2015-05-28,14.7828525,14.7828525,14.7828525,14.7828525,0.0,0.0,31553949.0
2015-05-29,14.7828525,14.7828525,14.7828525,14.7828525,0.0,0.0,31553949.0
2015-06-01,14.7828525,14.7828525,14.7828525,14.7828525,0.0,0.0,31553949.0
2015-06-02,14.7828525,14.7828525,14.7828525,14.7828525,0.0,0.0,31553949.0
2015-06-03,14.804685636,14.1034780848,14.7828525,14.7828525,2.0,7267.0,31553949.0
2015-06-04,14.7828525,14.7828525,14.7828525,14.7828525,0.0,0.0,31553949.0
2015-06-05,14.100567,14.100567,14.7828525,14.7828525,1.0,665.0,31553949.0
2015-06-08,14.555424,14.555424,14.555424,14.555424,0.0,1.0,31553949.0
2015-06-09,14.555424,14.555424,14.555424,14.555424,0.0,0.0,31553949.0
2015-06-10,14.555424,14.555424,14.555424,14.555424,0.0,0.0,31553949.0
2015-06-11,14.555424,14.555424,14.555424,14.555424,0.0,0.0,31553949.0
2015-06-12,14.555424,14.555424,14.555424,14.555424,0.0,0.0,31553949.0
2015-06-15,13.64571,13.64571,14.555424,14.555424,1.0,2000.0,31553949.0
2015-06-16,14.555424,14.555424,14.555424,14.555424,0.0,0.0,31553949.0
2015-06-17,14.555424,14.555424,14.555424,14.555424,0.0,0.0,31553949.0
2015-06-18,14.555424,14.555424,14.555424,14.555424,0.0,0.0,31553949.0
2015-06-19,14.555424,14.555424,14.555424,14.555424,0.0,0.0,31553949.0
2015-06-22,14.100567,14.100567,14.555424,14.555424,1.0,1000.0,31553949.0
2015-06-23,14.555424,14.555424,14.555424,14.555424,0.0,0.0,31553949.0
2015-06-24,13.646619714,13.646619714,14.555424,14.555424,1.0,2000.0,31553949.0
2015-06-25,14.555424,14.555424,14.555424,14.555424,0.0,0.0,31553949.0
2015-06-26,14.555424,14.555424,14.555424,14.555424,0.0,0.0,31553949.0
2015-06-29,14.555424,14.555424,14.555424,14.555424,0.0,0.0,31553949.0
2015-06-30,13.190853,13.190853,13.64571,14.555424,1.0,20000.0,31553949.0
2015-07-01,13.64571,13.64571,13.64571,13.64571,0.0,0.0,31553949.0
2015-07-02,13.64571,13.64571,13.64571,13.64571,0.0,0.0,31553949.0
2015-07-03,13.64571,13.64571,13.64571,13.64571,0.0,0.0,31553949.0
2015-07-06,12.735996,12.735996,13.64571,13.64571,1.0,350.0,31553949.0
2015-07-07,13.8276528,13.59567573,13.8731385,13.64571,2.0,27967.0,31553949.0
2015-07-08,13.8731385,13.8731385,13.8731385,13.8731385,0.0,0.0,31553949.0
2015-07-09,13.8731385,13.8731385,13.8731385,13.8731385,0.0,0.0,31553949.0
2015-07-10,13.8731385,13.8731385,13.8731385,13.8731385,0.0,0.0,31553949.0
2015-07-13,13.8731385,13.8731385,13.8731385,13.8731385,0.0,0.0,31553949.0
2015-07-14,13.8731385,13.8731385,13.8731385,13.8731385,0.0,0.0,31553949.0
2015-07-15,13.64571,13.64571,13.8731385,13.8731385,1.0,100.0,31553949.0
2015-07-16,13.8731385,13.8731385,13.8731385,13.8731385,0.0,0.0,31553949.0
2015-07-17,13.8731385,13.8731385,13.8731385,13.8731385,0.0,0.0,31553949.0
2015-07-20,13.8731385,13.8731385,13.8731385,13.8731385,0.0,0.0,31553949.0
2015-07-21,13.8731385,13.8731385,13.8731385,13.8731385,0.0,0.0,31553949.0
2015-07-22,13.8731385,13.8731385,13.8731385,13.8731385,0.0,0.0,31553949.0
2015-07-23,13.8731385,13.8731385,13.8731385,13.8731385,0.0,0.0,31553949.0
2015-07-24,13.190853,13.190853,13.64571,13.8731385,1.0,5176.0,31553949.0
2015-07-27,12.5085675,12.5085675,13.190853,13.64571,1.0,25000.0,31553949.0
2015-07-28,13.190853,13.190853,13.190853,13.190853,0.0,0.0,31553949.0
2015-07-29,13.0997906286,13.0997906286,13.190853,13.190853,1.0,2500.0,31553949.0
2015-07-30,13.190853,13.190853,13.190853,13.190853,0.0,0.0,31553949.0
2015-07-31,13.190853,13.190853,13.190853,13.190853,0.0,0.0,31553949.0
2015-08-03,13.052576472,13.052576472,13.190853,13.190853,1.0,5000.0,31553949.0
2015-08-04,13.190853,13.190853,13.190853,13.190853,0.0,0.0,31553949.0
2015-08-05,13.190853,13.190853,13.190853,13.190853,0.0,0.0,31553949.0
2015-08-06,12.735996,11.93999625,12.0537105,13.190853,3.0,42025.0,31553949.0
2015-08-07,12.0537105,12.0537105,12.0537105,12.0537105,0.0,0.0,31553949.0
2015-08-10,12.0537105,12.0537105,12.0537105,12.0537105,0.0,0.0,31553949.0
2015-08-11,12.0537105,12.0537105,12.0537105,12.0537105,0.0,0.0,31553949.0
2015-08-12,11.826282,11.371425,12.0537105,12.0537105,2.0,115000.0,31553949.0
2015-08-13,11.6898249,11.371425,12.0537105,12.0537105,3.0,40000.0,31553949.0
2015-08-14,12.0537105,12.0537105,12.0537105,12.0537105,0.0,0.0,31553949.0
2015-08-17,12.0537105,12.0537105,12.0537105,12.0537105,0.0,0.0,31553949.0
2015-08-18,12.0537105,12.0537105,12.0537105,12.0537105,0.0,0.0,31553949.0
2015-08-19,12.4630818,12.4630818,12.0537105,12.0537105,1.0,2500.0,31553949.0
2015-08-20,12.0537105,12.0537105,12.0537105,12.0537105,0.0,0.0,31553949.0
2015-08-21,11.826282,11.826282,11.826282,11.826282,0.0,1.0,31553949.0
2015-08-24,11.826282,11.826282,11.826282,11.826282,0.0,0.0,31553949.0
2015-08-25,12.099196200000002,10.462620714,11.5988535,11.826282,8.0,233032.0,31553949.0
2015-08-26,12.0537105,11.7353106,11.93999625,11.5988535,2.0,35000.0,31553949.0
2015-08-27,11.93999625,11.93999625,11.93999625,11.93999625,0.0,0.0,31553949.0
2015-08-28,11.93999625,11.93999625,11.93999625,11.93999625,0.0,0.0,31553949.0
2015-08-31,11.93999625,11.93999625,11.93999625,11.93999625,0.0,0.0,31553949.0
2015-09-01,12.281139,12.281139,12.281139,11.93999625,2.0,75000.0,31553949.0
2015-09-02,12.281139,12.281139,12.281139,12.281139,0.0,0.0,31553949.0
2015-09-03,11.9628300714,11.9628300714,12.281139,12.281139,1.0,3858.0,31553949.0
2015-09-04,12.281139,12.281139,12.281139,12.281139,0.0,0.0,31553949.0
2015-09-07,12.281139,12.281139,12.281139,12.281139,0.0,0.0,31553949.0
2015-09-08,12.281139,12.281139,12.281139,12.281139,0.0,0.0,31553949.0
2015-09-09,12.62033496204,12.62033496204,12.281139,12.281139,1.0,7122.0,31553949.0
2015-09-10,11.9172534,11.827191714,12.281139,12.281139,3.0,24000.0,31553949.0
2015-09-11,12.281139,12.281139,12.281139,12.281139,0.0,0.0,31553949.0
2015-09-14,12.281139,12.281139,12.281139,12.281139,0.0,0.0,31553949.0
2015-09-15,12.281139,12.281139,12.281139,12.281139,0.0,0.0,31553949.0
2015-09-16,12.281139,12.281139,12.281139,12.281139,0.0,0.0,31553949.0
2015-09-17,12.281139,12.281139,12.281139,12.281139,0.0,0.0,31553949.0
2015-09-18,12.281139,12.281139,12.281139,12.281139,0.0,0.0,31553949.0
2015-09-21,12.281139,12.281139,12.281139,12.281139,0.0,0.0,31553949.0
2015-09-22,12.281139,12.281139,12.281139,12.281139,0.0,0.0,31553949.0
2015-09-23,12.281139,12.281139,12.281139,12.281139,0.0,0.0,31553949.0
2015-09-24,12.281139,12.281139,12.281139,12.281139,0.0,0.0,31553949.0
2015-09-25,13.5547386,12.735996,13.4182815,12.9634245,6.0,93134.0,31553949.0
2015-09-28,12.735996,12.735996,13.190853,13.4182815,1.0,25000.0,31553949.0
2015-09-29,12.736905714,12.736905714,12.9634245,13.190853,2.0,5643.0,31553949.0
2015-09-30,12.326624700000002,12.326624700000002,12.735996,12.9634245,1.0,20000.0,31553949.0
2015-10-01,12.3267156714,12.3267156714,12.735996,12.735996,1.0,2756.0,31553949.0
2015-10-02,12.735996,12.735996,12.735996,12.735996,0.0,0.0,31553949.0
2015-10-05,12.282048714,12.282048714,12.735996,12.735996,1.0,14074.0,31553949.0
2015-10-06,12.735996,12.735996,12.735996,12.735996,0.0,0.0,31553949.0
2015-10-07,12.735996,11.826282,12.9634245,12.735996,3.0,89120.0,31553949.0
2015-10-08,12.282048714,12.282048714,12.9634245,12.9634245,1.0,1667.0,31553949.0
2015-10-09,12.4175961,12.4175961,12.9634245,12.9634245,2.0,15217.0,31553949.0
2015-10-12,12.9634245,12.9634245,12.9634245,12.9634245,0.0,0.0,31553949.0
2015-10-13,12.9634245,12.9634245,12.9634245,12.9634245,0.0,0.0,31553949.0
2015-10-14,13.5092529,13.5092529,12.9634245,12.9634245,1.0,252.0,31553949.0
2015-10-15,13.5092529,13.5092529,12.9634245,12.9634245,1.0,9000.0,31553949.0
2015-10-16,13.64571,13.64571,12.9634245,12.9634245,1.0,9.0,31553949.0
2015-10-19,13.522807638600002,13.522807638600002,12.9634245,12.9634245,1.0,10000.0,31553949.0
2015-10-20,12.9634245,12.9634245,12.9634245,12.9634245,0.0,0.0,31553949.0
2015-10-21,12.9634245,12.9634245,12.9634245,12.9634245,0.0,0.0,31553949.0
2015-10-22,12.9634245,12.9634245,12.9634245,12.9634245,0.0,0.0,31553949.0
2015-10-23,12.9634245,12.9634245,12.9634245,12.9634245,0.0,0.0,31553949.0
2015-10-26,13.64571,13.64571,12.9634245,12.9634245,1.0,25000.0,31553949.0
2015-10-27,13.9641099,13.64571,13.4182815,12.9634245,2.0,10300.0,31553949.0
2015-10-28,13.2363387,13.2363387,13.4182815,13.4182815,1.0,2000.0,31553949.0
2015-10-29,13.2363387,12.75873885,13.4182815,13.4182815,2.0,79120.0,31553949.0
2015-10-30,13.8276528,13.2363387,13.4182815,13.4182815,4.0,100000.0,31553949.0
2015-11-02,13.4182815,13.4182815,13.4182815,13.4182815,0.0,0.0,31553949.0
2015-11-03,13.4182815,13.4182815,13.4182815,13.4182815,0.0,0.0,31553949.0
2015-11-04,14.100567,14.100567,13.8731385,13.4182815,1.0,2632.0,31553949.0
2015-11-05,14.4189669,13.2363387,13.8731385,13.8731385,2.0,2303.0,31553949.0
2015-11-06,14.4189669,14.4189669,13.8731385,13.8731385,3.0,10199.0,31553949.0
2015-11-09,14.4189669,14.4189669,13.8731385,13.8731385,1.0,2500.0,31553949.0
2015-11-10,14.55541490286,13.450576347,13.8731385,13.8731385,2.0,9636.0,31553949.0
2015-11-11,14.555424,13.64571,14.3279955,13.8731385,4.0,31412.0,31553949.0
2015-11-12,13.918624200000002,13.64571,13.64571,14.100567,3.0,21205.0,31553949.0
2015-11-13,13.64571,13.64571,13.64571,13.64571,0.0,0.0,31553949.0
2015-11-16,14.0095956,13.918624200000002,13.64571,13.64571,4.0,5124.0,31553949.0
2015-11-17,13.8276528,13.3727958,13.64571,13.64571,4.0,15731.0,31553949.0
2015-11-18,13.8276528,13.8276528,13.64571,13.64571,2.0,3947.0,31553949.0
2015-11-19,13.8276528,13.450576347,13.64571,13.64571,2.0,6881.0,31553949.0
2015-11-20,13.64571,13.64571,13.64571,13.64571,0.0,0.0,31553949.0
2015-11-23,13.64571,13.64571,13.64571,13.64571,0.0,0.0,31553949.0
2015-11-24,13.64571,13.64571,13.64571,13.64571,0.0,0.0,31553949.0
2015-11-25,13.450576347,13.450576347,13.64571,13.64571,1.0,45000.0,31553949.0
2015-11-26,13.39553865,13.24088727,13.64571,13.64571,2.0,22522.0,31553949.0
2015-11-27,13.64571,13.64571,13.64571,13.64571,1.0,2960.0,31553949.0
2015-11-30,13.24088727,13.24088727,13.64571,13.64571,1.0,4000.0,31553949.0
2015-12-01,13.64571,13.64571,13.64571,13.64571,0.0,0.0,31553949.0
2015-12-02,13.24088727,13.24088727,13.64571,13.64571,1.0,2000.0,31553949.0
2015-12-03,13.64571,13.64571,13.64571,13.64571,0.0,0.0,31553949.0
2015-12-04,13.64571,13.64571,13.64571,13.64571,0.0,0.0,31553949.0
2015-12-07,13.64571,13.64571,13.64571,13.64571,1.0,321.0,31553949.0
2015-12-08,13.64571,13.64571,13.64571,13.64571,0.0,0.0,31553949.0
2015-12-09,13.1909439714,13.190853,13.4182815,13.64571,2.0,7500.0,31553949.0
2015-12-10,13.4182815,13.4182815,13.4182815,13.4182815,0.0,0.0,31553949.0
2015-12-11,13.190853,13.190853,13.4182815,13.4182815,1.0,1764.0,31553949.0
2015-12-14,13.4182815,13.190853,13.4182815,13.4182815,4.0,161000.0,31553949.0
2015-12-15,13.190853,13.190853,13.4182815,13.4182815,1.0,5000.0,31553949.0
2015-12-16,13.4182815,13.4182815,13.4182815,13.4182815,0.0,0.0,31553949.0
2015-12-17,13.4182815,13.4182815,13.4182815,13.4182815,0.0,0.0,31553949.0
2015-12-18,13.190853,13.190853,13.4182815,13.4182815,1.0,10000.0,31553949.0
2015-12-21,13.4182815,13.4182815,13.4182815,13.4182815,0.0,0.0,31553949.0
2015-12-22,13.4182815,13.4182815,13.4182815,13.4182815,0.0,0.0,31553949.0
2015-12-23,13.4182815,13.4182815,13.4182815,13.4182815,0.0,0.0,31553949.0
2015-12-24,13.4182815,13.4182815,13.4182815,13.4182815,0.0,0.0,31553949.0
2015-12-28,13.4182815,13.4182815,13.4182815,13.4182815,0.0,0.0,31553949.0
2015-12-29,13.4182815,13.4182815,13.4182815,13.4182815,0.0,0.0,31553949.0
2015-12-30,13.4182815,13.4182815,13.4182815,13.4182815,0.0,0.0,31553949.0
2015-12-31,13.6002243,13.6002243,13.4182815,13.4182815,1.0,790.0,31553949.0
2016-01-04,13.190853,13.190853,13.4182815,13.4182815,1.0,6787.0,31553949.0
2016-01-05,13.2864639414,13.2864639414,13.4182815,13.4182815,1.0,4000.0,31553949.0
2016-01-06,13.30456725,12.9634245,13.4182815,13.4182815,2.0,100000.0,31553949.0
2016-01-07,13.644800286,13.644800286,13.4182815,13.4182815,1.0,321.0,31553949.0
2016-01-08,13.4182815,13.4182815,13.4182815,13.4182815,0.0,0.0,31553949.0
2016-01-11,13.644800286,13.2864639414,13.4182815,13.4182815,2.0,15302.0,31553949.0
2016-01-12,13.2864639414,13.2864639414,13.4182815,13.4182815,1.0,2000.0,31553949.0
2016-01-13,13.4182815,13.4182815,13.4182815,13.4182815,0.0,0.0,31553949.0
2016-01-14,13.4182815,13.4182815,13.4182815,13.4182815,0.0,0.0,31553949.0
2016-01-15,13.29092154,13.29092154,13.4182815,13.4182815,1.0,7098.0,31553949.0
2016-01-18,13.4182815,13.4182815,13.4182815,13.4182815,0.0,0.0,31553949.0
2016-01-19,13.4182815,13.4182815,13.4182815,13.4182815,0.0,0.0,31553949.0
2016-01-20,13.29092154,13.29092154,13.4182815,13.4182815,2.0,17000.0,31553949.0
2016-01-21,13.29092154,13.2363387,13.4182815,13.4182815,3.0,34000.0,31553949.0
2016-01-22,13.4182815,13.4182815,13.4182815,13.4182815,0.0,0.0,31553949.0
2016-01-25,13.1909439714,13.190853,13.4182815,13.4182815,2.0,8250.0,31553949.0
2016-01-26,13.4182815,13.4182815,13.4182815,13.4182815,0.0,0.0,31553949.0
2016-01-27,13.4182815,13.4182815,13.4182815,13.4182815,0.0,0.0,31553949.0
2016-01-28,13.4182815,13.4182815,13.4182815,13.4182815,0.0,0.0,31553949.0
2016-01-29,13.4182815,13.4182815,13.4182815,13.4182815,0.0,0.0,31553949.0
2016-02-01,13.64571,13.64571,13.4182815,13.4182815,1.0,50000.0,31553949.0
2016-02-02,13.4182815,13.4182815,13.4182815,13.4182815,0.0,0.0,31553949.0
2016-02-03,13.4182815,13.4182815,13.4182815,13.4182815,0.0,0.0,31553949.0
2016-02-04,13.4182815,13.4182815,13.4182815,13.4182815,0.0,0.0,31553949.0
2016-02-05,13.52743808286,13.52743808286,13.4182815,13.4182815,1.0,323.0,31553949.0
2016-02-08,13.4182815,13.4182815,13.4182815,13.4182815,0.0,0.0,31553949.0
2016-02-09,13.4182815,13.4182815,13.4182815,13.4182815,0.0,0.0,31553949.0
2016-02-10,13.200859854,13.200859854,13.4182815,13.4182815,1.0,4034.0,31553949.0
2016-02-11,13.4182815,13.4182815,13.4182815,13.4182815,0.0,0.0,31553949.0
2016-02-12,13.4182815,13.4182815,13.4182815,13.4182815,0.0,0.0,31553949.0
2016-02-15,13.4182815,13.4182815,13.4182815,13.4182815,0.0,0.0,31553949.0
2016-02-16,13.4182815,13.4182815,13.4182815,13.4182815,0.0,0.0,31553949.0
2016-02-17,13.4182815,13.4182815,13.4182815,13.4182815,0.0,0.0,31553949.0
2016-02-18,13.4182815,13.4182815,13.4182815,13.4182815,0.0,0.0,31553949.0
2016-02-19,13.4182815,13.4182815,13.4182815,13.4182815,0.0,0.0,31553949.0
2016-02-22,14.555424,14.100567,14.555424,13.4182815,3.0,40355.0,31553949.0
2016-02-23,13.6458009714,13.6458009714,13.8731385,14.555424,1.0,10000.0,31553949.0
2016-02-24,14.2825098,14.2825098,13.8731385,13.8731385,1.0,6337.0,31553949.0
2016-02-25,14.2825098,14.2825098,13.8731385,13.8731385,1.0,6369.0,31553949.0
2016-02-26,13.8731385,13.8731385,13.8731385,13.8731385,0.0,0.0,31553949.0
2016-02-29,13.8731385,13.8731385,13.8731385,13.8731385,0.0,0.0,31553949.0
2016-03-01,13.8731385,13.8731385,13.8731385,13.8731385,0.0,0.0,31553949.0
2016-03-02,13.8731385,13.8731385,13.8731385,13.8731385,0.0,0.0,31553949.0
2016-03-03,13.1909439714,13.1909439714,13.8731385,13.8731385,1.0,2500.0,31553949.0
2016-03-04,13.190853,13.190853,13.8731385,13.8731385,1.0,2000.0,31553949.0
2016-03-07,14.100567,13.191762714,13.8731385,13.8731385,2.0,1810.0,31553949.0
2016-03-08,14.07781505286,14.07781505286,14.100567,13.8731385,1.0,4500.0,31553949.0
2016-03-09,13.1909439714,13.190853,14.100567,14.100567,2.0,5500.0,31553949.0
2016-03-10,14.100567,14.100567,14.100567,14.100567,0.0,0.0,31553949.0
2016-03-11,14.100567,14.100567,14.100567,14.100567,0.0,0.0,31553949.0
2016-03-14,14.100567,14.100567,14.100567,14.100567,0.0,0.0,31553949.0
2016-03-15,14.100567,14.100567,14.100567,14.100567,0.0,0.0,31553949.0
2016-03-16,14.31889836,14.31889836,14.100567,14.100567,1.0,610.0,31553949.0
2016-03-17,13.40918436,13.40918436,14.100567,14.100567,1.0,665.0,31553949.0
2016-03-18,14.100567,14.100567,14.100567,14.100567,0.0,0.0,31553949.0
2016-03-21,13.64571,13.190853,13.8731385,14.100567,2.0,6000.0,31553949.0
2016-03-22,13.8731385,13.8731385,13.8731385,13.8731385,0.0,0.0,31553949.0
2016-03-23,14.0095956,14.0095956,13.8731385,13.8731385,1.0,6000.0,31553949.0
2016-03-24,13.2818244,13.2818244,13.8731385,13.8731385,1.0,2000.0,31553949.0
2016-03-28,13.8731385,13.8731385,13.8731385,13.8731385,0.0,0.0,31553949.0
2016-03-29,12.5540532,12.5540532,13.64571,13.8731385,1.0,15000.0,31553949.0
2016-03-30,12.95432736,12.95432736,13.64571,13.64571,1.0,1000.0,31553949.0
2016-03-31,13.64571,13.64571,13.64571,13.64571,0.0,0.0,31553949.0
2016-04-01,12.95432736,12.735996,13.64571,13.64571,3.0,8337.0,31553949.0
2016-04-04,12.7360869714,12.735996,13.64571,13.64571,4.0,4101.0,31553949.0
2016-04-05,13.64571,13.64571,13.64571,13.64571,0.0,0.0,31553949.0
2016-04-06,13.64571,13.64571,13.64571,13.64571,0.0,0.0,31553949.0
2016-04-07,13.54564146,13.54564146,13.64571,13.64571,1.0,323.0,31553949.0
2016-04-08,13.64571,13.64571,13.64571,13.64571,0.0,0.0,31553949.0
2016-04-11,13.64571,13.64571,13.64571,13.64571,0.0,0.0,31553949.0
2016-04-12,13.64571,13.64571,13.64571,13.64571,0.0,0.0,31553949.0
2016-04-13,13.64571,13.64571,13.64571,13.64571,0.0,0.0,31553949.0
2016-04-14,13.64571,13.64571,13.64571,13.64571,0.0,0.0,31553949.0
2016-04-15,13.45467006,12.735996,13.64571,13.64571,2.0,2724.0,31553949.0
2016-04-18,13.64571,13.64571,13.64571,13.64571,0.0,0.0,31553949.0
2016-04-19,13.88678421,13.8731385,13.64571,13.64571,2.0,587238.0,31553949.0
2016-04-20,13.64571,13.64571,13.64571,13.64571,0.0,0.0,31553949.0
2016-04-21,12.735996,12.735996,13.4182815,13.64571,1.0,2000.0,31553949.0
2016-04-22,13.14081873,12.281139,13.190853,13.4182815,3.0,19510.0,31553949.0
2016-04-25,13.190853,13.190853,13.190853,13.190853,0.0,0.0,31553949.0
2016-04-26,13.190853,13.190853,13.190853,13.190853,0.0,0.0,31553949.0
2016-04-27,13.190853,13.190853,13.190853,13.190853,0.0,0.0,31553949.0
2016-04-28,12.281139,12.281139,13.190853,13.190853,1.0,518.0,31553949.0
2016-04-29,12.9634245,12.5085675,13.190853,13.190853,2.0,131000.0,31553949.0
2016-05-02,13.190853,13.190853,13.190853,13.190853,0.0,0.0,31553949.0
2016-05-03,13.190853,13.190853,13.190853,13.190853,0.0,0.0,31553949.0
2016-05-04,12.282048714,12.282048714,13.190853,13.190853,1.0,2000.0,31553949.0
2016-05-05,12.735996,12.281139,13.190853,13.190853,2.0,56102.0,31553949.0
2016-05-06,12.9179388,12.9179388,13.190853,13.190853,1.0,339.0,31553949.0
2016-05-09,12.29023614,12.29023614,13.190853,13.190853,1.0,2000.0,31553949.0
2016-05-10,13.190853,13.190853,13.190853,13.190853,0.0,0.0,31553949.0
2016-05-11,13.190853,13.190853,13.190853,13.190853,0.0,0.0,31553949.0
2016-05-12,13.190853,13.190853,13.190853,13.190853,0.0,0.0,31553949.0
2016-05-13,13.190853,13.190853,13.190853,13.190853,0.0,0.0,31553949.0
2016-05-16,13.190853,13.190853,13.190853,13.190853,0.0,0.0,31553949.0
2016-05-17,13.190853,13.190853,13.190853,13.190853,0.0,0.0,31553949.0
2016-05-18,13.190853,13.190853,13.190853,13.190853,0.0,0.0,31553949.0
2016-05-19,13.190853,13.190853,13.190853,13.190853,0.0,0.0,31553949.0
2016-05-20,12.29023614,12.29023614,13.190853,13.190853,1.0,1500.0,31553949.0
2016-05-23,12.9179388,12.9179388,13.190853,13.190853,1.0,20000.0,31553949.0
2016-05-24,13.190853,13.190853,13.190853,13.190853,0.0,0.0,31553949.0
2016-05-25,13.190853,13.190853,13.190853,13.190853,0.0,0.0,31553949.0
2016-05-26,13.190853,13.190853,13.190853,13.190853,0.0,0.0,31553949.0
2016-05-27,13.190853,13.190853,13.190853,13.190853,0.0,0.0,31553949.0
2016-05-30,13.190853,13.190853,13.190853,13.190853,0.0,0.0,31553949.0
2016-05-31,12.326624700000002,12.326624700000002,13.190853,13.190853,1.0,2000.0,31553949.0
2016-06-01,13.190853,13.190853,13.190853,13.190853,0.0,0.0,31553949.0
2016-06-02,13.190853,13.190853,13.190853,13.190853,0.0,0.0,31553949.0
2016-06-03,13.190853,12.326624700000002,13.190853,13.190853,3.0,55355.0,31553949.0
2016-06-06,13.190853,13.190853,13.190853,13.190853,0.0,0.0,31553949.0
2016-06-07,13.31820386286,12.281139,12.9634245,13.190853,2.0,336.0,31553949.0
2016-06-08,12.6905103,12.326624700000002,12.9634245,12.9634245,2.0,2143.0,31553949.0
2016-06-09,12.9634245,12.9634245,12.9634245,12.9634245,0.0,0.0,31553949.0
2016-06-10,12.9634245,12.9634245,12.9634245,12.9634245,0.0,0.0,31553949.0
2016-06-13,12.9634245,12.9634245,12.9634245,12.9634245,0.0,0.0,31553949.0
2016-06-14,12.9634245,12.9634245,12.9634245,12.9634245,0.0,0.0,31553949.0
2016-06-15,12.9634245,12.9634245,12.9634245,12.9634245,0.0,0.0,31553949.0
2016-06-16,12.9634245,12.9634245,12.9634245,12.9634245,0.0,0.0,31553949.0
2016-06-17,12.9634245,12.9634245,12.9634245,12.9634245,0.0,0.0,31553949.0
2016-06-20,12.9634245,12.9634245,12.9634245,12.9634245,0.0,0.0,31553949.0
2016-06-21,12.9634245,12.9634245,12.9634245,12.9634245,0.0,0.0,31553949.0
2016-06-22,12.326624700000002,12.326624700000002,12.9634245,12.9634245,1.0,2000.0,31553949.0
2016-06-23,12.326624700000002,12.326624700000002,12.9634245,12.9634245,1.0,4934.0,31553949.0
2016-06-24,11.57611065,11.57611065,11.371425,11.371425,1.0,2000.0,31553949.0
2016-06-27,11.5533678,11.5533678,11.371425,11.371425,2.0,45000.0,31553949.0
2016-06-28,11.371425,11.371425,11.371425,11.371425,0.0,0.0,31553949.0
2016-06-29,11.371425,11.371425,11.371425,11.371425,0.0,0.0,31553949.0
2016-06-30,11.371425,11.371425,11.371425,11.371425,0.0,0.0,31553949.0
2016-07-01,11.371425,11.371425,11.371425,11.371425,0.0,0.0,31553949.0
2016-07-04,11.371425,11.371425,11.371425,11.371425,0.0,0.0,31553949.0
2016-07-05,11.371425,11.371425,11.371425,11.371425,0.0,0.0,31553949.0
2016-07-06,11.371425,11.371425,11.371425,11.371425,0.0,0.0,31553949.0
2016-07-07,11.0985108,11.0985108,11.371425,11.371425,1.0,20000.0,31553949.0
2016-07-08,11.371425,11.371425,11.371425,11.371425,0.0,0.0,31553949.0
2016-07-11,11.371425,11.371425,11.371425,11.371425,0.0,0.0,31553949.0
2016-07-12,11.371425,11.371425,11.371425,11.371425,0.0,0.0,31553949.0
2016-07-13,11.371425,11.371425,11.371425,11.371425,0.0,0.0,31553949.0
2016-07-14,10.917477714,10.917477714,11.371425,11.371425,1.0,1500.0,31553949.0
2016-07-15,11.5533678,11.5533678,11.371425,11.371425,1.0,7874.0,31553949.0
2016-07-18,11.371425,11.371425,11.371425,11.371425,0.0,0.0,31553949.0
2016-07-19,11.371425,11.371425,11.371425,11.371425,0.0,0.0,31553949.0
2016-07-20,10.9620537,10.9620537,11.371425,11.371425,1.0,950.0,31553949.0
2016-07-21,11.371425,11.371425,11.371425,11.371425,0.0,0.0,31553949.0
2016-07-22,11.371425,11.371425,11.371425,11.371425,1.0,34000.0,31553949.0
2016-07-25,11.371425,11.371425,11.371425,11.371425,0.0,0.0,31553949.0
2016-07-26,11.371425,11.371425,11.371425,11.371425,0.0,0.0,31553949.0
2016-07-27,10.917477714,10.917477714,11.371425,11.371425,1.0,3295.0,31553949.0
2016-07-28,11.371425,11.371425,11.371425,11.371425,0.0,0.0,31553949.0
2016-07-29,11.371425,11.371425,11.371425,11.371425,0.0,0.0,31553949.0
2016-08-01,11.371425,11.371425,11.371425,11.371425,0.0,0.0,31553949.0
2016-08-02,11.371425,11.371425,11.371425,11.371425,0.0,0.0,31553949.0
2016-08-03,11.371425,11.371425,11.371425,11.371425,0.0,0.0,31553949.0
2016-08-04,11.371425,11.371425,11.371425,11.371425,0.0,0.0,31553949.0
2016-08-05,11.371425,11.371425,11.371425,11.371425,0.0,0.0,31553949.0
2016-08-08,11.371425,11.371425,11.371425,11.371425,0.0,0.0,31553949.0
2016-08-09,11.371425,11.371425,11.371425,11.371425,0.0,0.0,31553949.0
2016-08-10,11.371425,11.371425,11.371425,11.371425,0.0,0.0,31553949.0
2016-08-11,11.371425,11.371425,11.371425,11.371425,0.0,0.0,31553949.0
2016-08-12,11.371425,11.371425,11.371425,11.371425,0.0,0.0,31553949.0
2016-08-15,11.371425,11.371425,11.371425,11.371425,0.0,0.0,31553949.0
2016-08-16,10.9620537,10.9620537,11.371425,11.371425,1.0,1667.0,31553949.0
2016-08-17,10.917477714,10.917477714,11.371425,11.371425,1.0,7000.0,31553949.0
2016-08-18,11.0985108,11.0985108,11.371425,11.371425,1.0,114000.0,31553949.0
2016-08-19,11.371425,11.371425,11.371425,11.371425,0.0,0.0,31553949.0
2016-08-22,10.9620537,10.9620537,11.371425,11.371425,1.0,2815.0,31553949.0
2016-08-23,11.825372286,10.9620537,11.371425,11.371425,4.0,131475.0,31553949.0
2016-08-24,11.371425,11.371425,11.371425,11.371425,0.0,0.0,31553949.0
2016-08-25,11.7353106,10.9620537,11.371425,11.371425,2.0,141598.0,31553949.0
2016-08-26,13.646619714,12.7359050286,14.100567,11.371425,8.0,40000.0,31553949.0
2016-08-29,14.100567,14.100567,14.100567,14.100567,0.0,0.0,31553949.0
2016-08-30,14.555424,13.4637672,13.8731385,14.100567,6.0,55408.0,31553949.0
2016-08-31,13.8731385,13.8731385,13.8731385,13.8731385,0.0,0.0,31553949.0
2016-09-01,14.100567,14.100567,13.8731385,13.8731385,1.0,25000.0,31553949.0
2016-09-02,13.64571,13.64571,13.8731385,13.8731385,1.0,5000.0,31553949.0
2016-09-05,14.0095046286,13.64571,13.8731385,13.8731385,2.0,7500.0,31553949.0
2016-09-06,13.190853,13.190853,13.8731385,13.8731385,1.0,7000.0,31553949.0
2016-09-07,13.8731385,13.8731385,13.8731385,13.8731385,0.0,0.0,31553949.0
2016-09-08,13.190853,13.190853,13.8731385,13.8731385,1.0,10000.0,31553949.0
2016-09-09,20.923422,16.374852,20.468565,16.829709,41.0,388392.0,31553949.0
2016-09-12,25.91775186,20.0137989714,25.017135,21.378279,46.0,654583.0,31553949.0
2016-09-13,25.926849,23.652564,24.562278,25.017135,10.0,76479.0,31553949.0
2016-09-14,23.652564,22.743759714000003,23.197707,24.562278,5.0,43000.0,31553949.0
2016-09-15,23.197707,23.197707,23.197707,23.197707,0.0,0.0,31553949.0
2016-09-16,24.562278,22.74285,24.107421,23.197707,12.0,373312.0,31553949.0
2016-09-19,25.3810206,23.652564,24.3348495,24.107421,8.0,440364.0,31553949.0
2016-09-20,24.3348495,24.3348495,24.3348495,24.3348495,0.0,0.0,31553949.0
2016-09-21,23.197707,23.197707,24.3348495,24.3348495,1.0,60000.0,31553949.0
2016-09-22,24.6759012786,23.4251355,24.3348495,24.3348495,2.0,9000.0,31553949.0
2016-09-23,25.471992,24.6759012786,25.471992,24.3348495,6.0,82270.0,31553949.0
2016-09-26,26.3816150286,24.563187714,25.471992,25.471992,3.0,32198.0,31553949.0
2016-09-27,29.1107570286,26.381706,28.655991,25.471992,13.0,303659.0,31553949.0
2016-09-28,31.188361861800004,28.201134,31.385133,28.655991,15.0,168727.0,31553949.0
2016-09-29,32.6587326,30.702938471400003,30.930276,31.385133,12.0,148763.0,31553949.0
2016-09-30,31.148607360000003,30.020562,30.930276,30.930276,9.0,89599.0,31553949.0
2016-10-03,31.83999,29.110848,30.2479905,30.930276,5.0,90248.0,31553949.0
2016-10-04,29.97326596914,29.311076051400004,29.565705,30.020562,2.0,12000.0,31553949.0
2016-10-05,29.338367471400005,29.338367471400005,29.565705,29.565705,1.0,8000.0,31553949.0
2016-10-06,30.020562,25.0895482344,27.746277,29.110848,14.0,154224.0,31553949.0
2016-10-07,29.10175086,26.9376322254,27.746277,27.746277,3.0,17500.0,31553949.0
2016-10-10,27.746277,27.746277,27.746277,27.746277,0.0,0.0,31553949.0
2016-10-11,29.110848,27.746277,28.201134,27.746277,2.0,75000.0,31553949.0
2016-10-12,28.64689386,28.64689386,28.201134,28.201134,1.0,5000.0,31553949.0
2016-10-13,27.29142,27.29142,28.201134,28.201134,1.0,2756.0,31553949.0
2016-10-14,27.7563748254,27.7563748254,28.201134,28.201134,1.0,5000.0,31553949.0
2016-10-17,27.746277,27.746277,28.201134,28.201134,1.0,9712.0,31553949.0
2016-10-18,28.5650196,28.5650196,28.201134,28.201134,1.0,2532.0,31553949.0
2016-10-19,28.5650196,27.29142,28.201134,28.201134,5.0,111663.0,31553949.0
2016-10-20,28.201134,28.201134,28.201134,28.201134,0.0,0.0,31553949.0
2016-10-21,27.7463679714,27.7463679714,28.201134,28.201134,1.0,1649.0,31553949.0
2016-10-24,27.29142,27.29142,27.746277,28.201134,1.0,5512.0,31553949.0
2016-10-25,27.5189394714,27.5189394714,27.746277,27.746277,1.0,7000.0,31553949.0
2016-10-26,27.746277,27.746277,27.746277,27.746277,0.0,0.0,31553949.0
2016-10-27,27.746277,27.746277,27.746277,27.746277,0.0,0.0,31553949.0
2016-10-28,28.5650196,28.064585928600003,27.746277,27.746277,2.0,52500.0,31553949.0
2016-10-31,27.746277,27.746277,27.746277,27.746277,0.0,0.0,31553949.0
2016-11-01,27.746277,27.746277,27.746277,27.746277,0.0,0.0,31553949.0
2016-11-02,27.746277,27.746277,27.746277,27.746277,0.0,0.0,31553949.0
2016-11-03,27.746277,27.746277,27.746277,27.746277,0.0,0.0,31553949.0
2016-11-04,27.746277,27.746277,27.746277,27.746277,0.0,0.0,31553949.0
2016-11-07,29.110848,27.300517140000004,28.201134,27.746277,6.0,54339.0,31553949.0
2016-11-08,29.920493460000003,28.655991,29.565705,28.655991,5.0,71253.0,31553949.0
2016-11-09,29.110848,29.110848,29.110848,29.110848,0.0,1.0,31553949.0
2016-11-10,30.020562,29.556607860000003,30.020562,29.110848,3.0,20585.0,31553949.0
2016-11-11,30.466321860000004,30.020562,30.020562,30.020562,7.0,23439.0,31553949.0
2016-11-14,30.930276,30.8393046,30.475419,30.020562,3.0,6475.0,31553949.0
2016-11-15,33.3358327302,30.2025957714,31.83999,30.475419,12.0,79324.0,31553949.0
2016-11-16,32.749704,31.3852239714,31.83999,31.83999,6.0,60015.0,31553949.0
2016-11-17,33.9,33.25001,33.0,33.5,4.0,27510.0,31553949.0
2016-11-18,34.4,32.375,34.0,33.0,8.0,86000.0,31553949.0
2016-11-21,34.75,33.0,34.0,34.0,6.0,63000.0,31553949.0
2016-11-22,33.5999,32.0,33.0,34.0,4.0,20000.0,31553949.0
2016-11-23,37.0,31.7614,36.5,34.0,20.0,239039.0,31553949.0
2016-11-24,41.0,36.3,40.5,36.5,16.0,178415.0,31553949.0
2016-11-25,41.625,39.0,39.5,40.5,14.0,92739.0,31553949.0
2016-11-28,38.0,36.2873,37.5,39.5,3.0,31147.0,31553949.0
2016-11-29,37.5,37.5,37.5,37.5,0.0,0.0,31553949.0
2016-11-30,36.5,36.0,36.5,37.5,2.0,15000.0,31553949.0
2016-12-01,36.5,35.0,36.75,36.5,4.0,15924.0,31553949.0
2016-12-02,38.4799,35.5,38.0,36.75,10.0,51279.0,31553949.0
2016-12-05,38.5,37.25,38.5,38.0,2.0,12235.0,31553949.0
2016-12-06,39.2199,37.0,38.0,38.5,6.0,27113.0,31553949.0
2016-12-07,37.7999,37.0,37.5,38.0,2.0,7953.0,31553949.0
2016-12-08,38.0,38.0,38.0,37.5,1.0,15000.0,31553949.0
2016-12-09,38.0,37.0,38.0,38.0,3.0,37000.0,31553949.0
2016-12-12,38.19999,37.0,37.5,38.0,6.0,9672.0,31553949.0
2016-12-13,37.7,37.5999,37.5,37.5,4.0,6393.0,31553949.0
2016-12-14,37.0,37.0,37.0,37.0,0.0,1.0,31553949.0
2016-12-15,40.0,37.7,38.75,37.5,17.0,587434.0,31553949.0
2016-12-16,40.0,38.0,38.5,38.75,17.0,244838.0,31553949.0
2016-12-19,39.6,37.8,38.0,38.5,11.0,119190.0,31553949.0
2016-12-20,38.9,38.0,38.0,38.0,4.0,204269.0,31553949.0
2016-12-21,39.75,38.021,38.5,38.0,6.0,34643.0,31553949.0
2016-12-22,39.6,38.021,38.5,38.5,3.0,7048.0,31553949.0
2016-12-23,40.0,39.89,39.0,38.5,5.0,21330.0,31553949.0
2016-12-27,39.0,39.0,39.0,39.0,0.0,0.0,31553949.0
2016-12-28,39.89,38.5,39.0,39.0,3.0,15611.0,31553949.0
2016-12-29,38.6765,38.6765,39.0,39.0,1.0,10335.0,31553949.0
2016-12-30,40.4,39.0,39.5,39.0,4.0,60675.0,31553949.0
2017-01-02,39.5,39.5,39.5,39.5,0.0,0.0,31553949.0
2017-01-03,40.9,39.1,39.5,39.5,3.0,15063.0,31553949.0
2017-01-04,40.8,39.0,39.5,39.5,6.0,260656.0,31553949.0
2017-01-05,40.0,38.9001,39.5,39.5,3.0,412000.0,31553949.0
2017-01-06,40.0,40.0,39.5,39.5,1.0,12000.0,31553949.0
2017-01-09,39.5,39.5,39.5,39.5,0.0,0.0,31553949.0
2017-01-10,39.5,39.5,39.5,39.5,0.0,0.0,31553949.0
2017-01-11,40.0,40.0,39.5,39.5,1.0,3102.0,31553949.0
2017-01-12,39.5,39.5,39.5,39.5,0.0,0.0,31553949.0
2017-01-13,39.625,38.25,38.5,39.5,4.0,36039.0,31553949.0
2017-01-16,39.58,37.0,37.0,38.5,10.0,115427.0,31553949.0
2017-01-17,37.49,37.49,37.0,37.0,1.0,800.0,31553949.0
2017-01-18,36.1211,36.1211,37.0,37.0,1.0,2000.0,31553949.0
2017-01-19,40.0,38.0,39.0,37.0,5.0,143343.0,31553949.0
2017-01-20,39.0,39.0,39.0,39.0,0.0,0.0,31553949.0
2017-01-23,38.21,38.21,39.0,39.0,1.0,2500.0,31553949.0
2017-01-24,39.0,39.0,39.0,39.0,0.0,0.0,31553949.0
2017-01-25,39.45,38.25,39.0,39.0,3.0,25715.0,31553949.0
2017-01-26,39.375,38.0,39.0,39.0,5.0,96686.0,31553949.0
2017-01-27,39.2,38.0,39.0,39.0,2.0,49500.0,31553949.0
2017-01-30,39.18,39.18,39.0,39.0,1.0,10000.0,31553949.0
2017-01-31,38.21,38.0,39.0,39.0,2.0,43716.0,31553949.0
2017-02-01,39.0,39.0,39.0,39.0,0.0,0.0,31553949.0
2017-02-02,38.79,38.0,39.0,39.0,2.0,12665.0,31553949.0
2017-02-03,39.0,39.0,39.0,39.0,0.0,0.0,31553949.0
2017-02-06,38.79,38.0,39.0,39.0,2.0,49676.0,31553949.0
2017-02-07,38.9999,38.0,39.0,39.0,2.0,2753.0,31553949.0
2017-02-08,38.99999,38.99999,39.0,39.0,1.0,10166.0,31553949.0
2017-02-09,38.0212,38.0212,39.0,39.0,1.0,10000.0,31553949.0
2017-02-10,39.0,39.0,39.0,39.0,0.0,0.0,31553949.0
2017-02-13,38.0,38.0,38.5,39.0,1.0,10000.0,31553949.0
2017-02-14,38.999,38.999,38.5,38.5,1.0,2584.0,31553949.0
2017-02-15,38.999,37.11,38.0,38.5,2.0,28048.0,31553949.0
2017-02-16,38.74,37.11,38.0,38.0,5.0,61323.0,31553949.0
2017-02-17,38.3,37.6875,38.25,38.0,5.0,65000.0,31553949.0
2017-02-20,42.0,38.2001,40.5,38.25,15.0,166500.0,31553949.0
2017-02-21,44.0,41.625,43.0,40.5,15.0,115559.0,31553949.0
2017-02-22,45.9999,42.375,45.0,42.5,19.0,283014.0,31553949.0
2017-02-23,44.75,43.1,44.0,44.5,5.0,35871.0,31553949.0
2017-02-24,44.75,43.25,44.0,44.0,2.0,8840.0,31553949.0
2017-02-27,44.9999,43.25,44.0,44.0,2.0,877.0,31553949.0
2017-02-28,44.0,44.0,44.0,44.0,0.0,0.0,31553949.0
2017-03-01,45.0,44.9999,45.0,44.0,2.0,150084.0,31553949.0
2017-03-02,44.25,44.25,45.0,45.0,1.0,4547.0,31553949.0
2017-03-03,45.7499,45.125,45.5,45.0,3.0,3603.0,31553949.0
2017-03-06,45.5,45.5,45.5,45.5,0.0,0.0,31553949.0
2017-03-07,45.131,45.125,45.5,45.5,2.0,16637.0,31553949.0
2017-03-08,45.6,45.5,45.5,45.5,2.0,100000.0,31553949.0
2017-03-09,45.055,43.2211,44.0,45.5,2.0,69500.0,31553949.0
2017-03-10,43.25,43.111,43.5,44.0,2.0,4000.0,31553949.0
2017-03-13,43.0001,41.2251,42.0,43.5,4.0,60000.0,31553949.0
2017-03-14,41.2251,41.0,41.5,42.0,3.0,44000.0,31553949.0
2017-03-15,40.111,40.111,41.0,41.5,1.0,5000.0,31553949.0
2017-03-16,41.0,40.0,40.0,41.0,4.0,92962.0,31553949.0
2017-03-17,39.111,39.111,40.0,40.0,2.0,13115.0,31553949.0
2017-03-20,41.0,39.111,40.0,40.0,6.0,223470.0,31553949.0
2017-03-21,40.0,40.0,40.0,40.0,0.0,0.0,31553949.0
2017-03-22,39.111,39.111,40.0,40.0,2.0,75000.0,31553949.0
2017-03-23,40.0,40.0,40.0,40.0,0.0,0.0,31553949.0
2017-03-24,40.0,39.0,40.0,40.0,4.0,73775.0,31553949.0
2017-03-27,39.1,39.0,40.0,40.0,2.0,60000.0,31553949.0
2017-03-28,39.0,39.0,40.0,40.0,2.0,50000.0,31553949.0
2017-03-29,39.00001,38.0,39.0,40.0,2.0,7533.0,31553949.0
2017-03-30,39.0,39.0,39.0,39.0,0.0,0.0,31553949.0
2017-03-31,38.5,38.5,38.5,38.5,0.0,1.0,31553949.0
2017-04-03,38.0,37.1511,38.0,38.5,2.0,15970.0,31553949.0
2017-04-04,37.25,37.1511,38.0,38.0,2.0,17877.0,31553949.0
2017-04-05,38.0,38.0,38.0,38.0,0.0,0.0,31553949.0
2017-04-06,38.0,38.0,38.0,38.0,0.0,0.0,31553949.0
2017-04-07,45.49,40.45,44.0,40.0,21.0,294971.0,31553949.0
2017-04-10,42.375,42.3125,43.0,43.5,2.0,9289.0,31553949.0
2017-04-11,43.75,42.3129,43.0,43.0,2.0,3102.0,31553949.0
2017-04-12,42.5,42.5,43.0,43.0,1.0,10000.0,31553949.0
2017-04-13,43.69,43.69,43.0,43.0,1.0,1796.0,31553949.0
2017-04-17,43.0,43.0,43.0,43.0,0.0,0.0,31553949.0
2017-04-18,43.0,43.0,43.0,43.0,0.0,0.0,31553949.0
2017-04-19,42.35,42.25,43.0,43.0,2.0,4000.0,31553949.0
2017-04-20,42.0,42.0,42.5,43.0,2.0,7407.0,31553949.0
2017-04-21,42.0,42.0,42.5,42.5,1.0,2000.0,31553949.0
2017-04-24,42.0,42.0,42.5,42.5,1.0,12756.0,31553949.0
2017-04-25,42.5,42.5,42.5,42.5,0.0,0.0,31553949.0
2017-04-26,47.7,45.0,46.5,44.5,19.0,616498.0,31553949.0
2017-04-27,50.75,47.49,49.0,46.5,44.0,622880.0,31553949.0
2017-04-28,49.15,46.51,47.25,49.0,13.0,161541.0,31553949.0
2017-05-01,47.25,47.25,47.25,47.25,0.0,0.0,31553949.0
2017-05-02,49.9,47.7,48.5,47.25,16.0,227447.0,31553949.0
2017-05-03,47.0,45.0,46.5,48.5,5.0,36688.0,31553949.0
2017-05-04,46.75,44.206,46.0,46.5,16.0,131749.0,31553949.0
2017-05-05,46.9,46.9,46.0,46.0,1.0,15000.0,31553949.0
2017-05-08,46.88,45.25,46.0,46.0,2.0,2533.0,31553949.0
2017-05-09,46.88,45.6,46.5,46.0,2.0,56665.0,31553949.0
2017-05-10,50.0,46.6,49.0,46.5,18.0,188061.0,31553949.0
2017-05-11,48.75,47.25,48.0,49.0,10.0,194750.0,31553949.0
2017-05-12,48.61,47.0,47.5,48.0,8.0,72998.0,31553949.0
2017-05-15,46.5,46.5,47.25,47.5,1.0,5000.0,31553949.0
2017-05-16,47.25,47.25,47.25,47.25,0.0,0.0,31553949.0
2017-05-17,46.375,46.375,47.25,47.25,1.0,500.0,31553949.0
2017-05-18,46.0,43.5,44.5,47.25,8.0,104578.0,31553949.0
2017-05-19,45.0,45.0,45.0,44.5,1.0,5000.0,31553949.0
2017-05-22,45.0,45.0,45.0,45.0,0.0,0.0,31553949.0
2017-05-23,45.0,45.0,45.0,45.0,0.0,0.0,31553949.0
2017-05-24,44.0,44.0,44.5,45.0,1.0,25000.0,31553949.0
2017-05-25,44.5,44.5,44.5,44.5,0.0,0.0,31553949.0
2017-05-26,44.5,44.5,44.5,44.5,0.0,0.0,31553949.0
2017-05-29,44.5,44.5,44.5,44.5,0.0,0.0,31553949.0
2017-05-30,46.0,44.875,45.0,44.5,6.0,52006.0,31553949.0
2017-05-31,46.0,44.0,44.25,45.0,6.0,119234.0,31553949.0
2017-06-01,43.5,43.125,43.5,44.25,2.0,11128.0,31553949.0
2017-06-02,43.9,43.9,44.0,43.5,1.0,45528.0,31553949.0
2017-06-05,44.0,44.0,44.0,44.0,0.0,0.0,31553949.0
2017-06-06,43.0,43.0,43.25,44.0,1.0,3000.0,31553949.0
2017-06-07,43.25,43.25,43.25,43.25,0.0,0.0,31553949.0
2017-06-08,43.6,43.6,43.25,43.25,1.0,2855.0,31553949.0
2017-06-09,43.0,43.0,43.0,43.0,0.0,1.0,31553949.0
2017-06-12,43.0,43.0,43.0,43.0,0.0,0.0,31553949.0
2017-06-13,43.6,43.6,43.0,43.0,1.0,1146.0,31553949.0
2017-06-14,43.0,43.0,43.0,43.0,0.0,0.0,31553949.0
2017-06-15,43.0,43.0,43.0,43.0,0.0,0.0,31553949.0
2017-06-16,43.0,43.0,43.0,43.0,0.0,0.0,31553949.0
2017-06-19,42.25,42.25,43.0,43.0,1.0,404.0,31553949.0
2017-06-20,43.0,43.0,43.0,43.0,0.0,0.0,31553949.0
2017-06-21,43.6,43.6,43.0,43.0,1.0,1253.0,31553949.0
2017-06-22,42.25,41.0,42.0,43.0,2.0,31000.0,31553949.0
2017-06-23,42.69,42.69,42.0,42.0,1.0,1000.0,31553949.0
2017-06-26,41.25,41.0,42.0,42.0,3.0,12041.0,31553949.0
2017-06-27,42.4,41.0,41.75,42.0,2.0,7841.0,31553949.0
2017-06-28,41.75,41.75,41.75,41.75,0.0,0.0,31553949.0
2017-06-29,42.0,40.5,41.5,41.75,2.0,3000.0,31553949.0
2017-06-30,41.5,41.5,41.5,41.5,0.0,0.0,31553949.0
2017-07-03,42.0,42.0,41.5,41.5,2.0,23185.0,31553949.0
2017-07-04,41.75,40.0,41.0,41.5,2.0,6000.0,31553949.0
2017-07-05,41.7,41.685,41.0,41.0,2.0,25000.0,31553949.0
2017-07-06,40.55,40.0,41.0,41.0,3.0,12977.0,31553949.0
2017-07-07,41.0,41.0,41.0,41.0,0.0,0.0,31553949.0
2017-07-10,43.49,41.685,43.25,41.0,10.0,79632.0,31553949.0
2017-07-11,43.1,43.1,43.25,43.25,1.0,4640.0,31553949.0
2017-07-12,42.6875,42.5,42.5,43.25,3.0,14000.0,31553949.0
2017-07-13,42.5,42.5,42.5,42.5,0.0,0.0,31553949.0
2017-07-14,42.77,42.77,42.5,42.5,1.0,397.0,31553949.0
2017-07-17,41.25,41.25,41.875,42.5,1.0,6874.0,31553949.0
2017-07-18,42.2,42.2,41.875,41.875,1.0,2000.0,31553949.0
2017-07-19,41.875,41.875,41.875,41.875,0.0,0.0,31553949.0
2017-07-20,41.875,41.875,41.875,41.875,0.0,0.0,31553949.0
2017-07-21,42.5313,42.5313,41.875,41.875,1.0,3000.0,31553949.0
2017-07-24,41.875,41.875,41.875,41.875,0.0,0.0,31553949.0
2017-07-25,43.0,41.0,42.25,41.875,5.0,48311.0,31553949.0
2017-07-26,43.0,43.0,42.5,42.25,1.0,9220.0,31553949.0
2017-07-27,42.225,41.5,42.25,42.5,2.0,16000.0,31553949.0
2017-07-28,41.0,41.0,41.5,42.25,1.0,9757.0,31553949.0
2017-07-31,40.0,40.0,41.0,41.5,2.0,36000.0,31553949.0
2017-08-01,41.0,41.0,41.0,41.0,0.0,0.0,31553949.0
2017-08-02,42.1,41.44,42.5,41.0,7.0,62251.0,31553949.0
2017-08-03,43.625,43.0,42.5,42.5,3.0,51118.0,31553949.0
2017-08-04,41.1,41.0,42.0,42.5,2.0,9000.0,31553949.0
2017-08-07,42.8,41.1,42.0,42.0,4.0,40405.0,31553949.0
2017-08-08,43.8,42.75,43.0,42.0,3.0,17283.0,31553949.0
2017-08-09,44.0,44.0,43.0,43.0,1.0,200.0,31553949.0
2017-08-10,42.25,42.25,43.0,43.0,1.0,9468.0,31553949.0
2017-08-11,45.97,43.0,43.5,43.0,13.0,237770.0,31553949.0
2017-08-14,43.75,43.75,43.5,43.5,2.0,3000.0,31553949.0
2017-08-15,43.125,43.125,43.5,43.5,1.0,2000.0,31553949.0
2017-08-16,43.125,43.125,43.5,43.5,1.0,3500.0,31553949.0
2017-08-17,43.5,43.5,43.5,43.5,0.0,0.0,31553949.0
2017-08-18,43.125,42.0,43.0,43.5,2.0,4664.0,31553949.0
2017-08-21,43.0,43.0,43.0,43.0,0.0,0.0,31553949.0
2017-08-22,43.0,43.0,43.0,43.0,0.0,0.0,31553949.0
2017-08-23,43.0,43.0,43.0,43.0,0.0,0.0,31553949.0
2017-08-24,42.0,41.0,41.0,43.0,4.0,23647.0,31553949.0
2017-08-25,40.11,40.11,40.5,41.0,1.0,665.0,31553949.0
2017-08-28,40.5,40.5,40.5,40.5,0.0,0.0,31553949.0
2017-08-29,40.5,40.5,40.5,40.5,0.0,0.0,31553949.0
2017-08-30,40.5,40.5,40.5,40.5,0.0,0.0,31553949.0
2017-08-31,40.0,39.0,40.0,40.5,2.0,8000.0,31553949.0
2017-09-01,40.75,40.75,40.0,40.0,1.0,2000.0,31553949.0
2017-09-04,40.0,40.0,40.0,40.0,0.0,0.0,31553949.0
2017-09-05,39.0,39.0,39.5,40.0,2.0,28000.0,31553949.0
2017-09-06,39.8,39.8,40.0,39.5,1.0,14750.0,31553949.0
2017-09-07,39.0,39.0,40.0,40.0,1.0,5182.0,31553949.0
2017-09-08,40.0,40.0,40.0,40.0,0.0,0.0,31553949.0
2017-09-11,43.88,41.0,42.0,42.0,19.0,166106.0,31553949.0
2017-09-12,42.2,42.17,42.0,42.0,3.0,2874.0,31553949.0
2017-09-13,42.0,42.0,42.0,42.0,0.0,0.0,31553949.0
2017-09-14,42.0,42.0,42.0,42.0,0.0,0.0,31553949.0
2017-09-15,42.744,42.17,43.0,42.0,4.0,9600.0,31553949.0
2017-09-18,42.9,42.9,43.0,43.0,1.0,10000.0,31553949.0
2017-09-19,43.0,43.0,43.0,43.0,0.0,0.0,31553949.0
2017-09-20,42.055,42.0,42.5,43.0,2.0,19732.0,31553949.0
2017-09-21,42.5,42.5,42.5,42.5,0.0,0.0,31553949.0
2017-09-22,42.75,42.75,42.5,42.5,1.0,50000.0,31553949.0
2017-09-25,46.89,42.1255,45.5,43.0,20.0,85004.0,31553949.0
2017-09-26,46.044,44.48,45.5,45.5,2.0,7500.0,31553949.0
2017-09-27,47.9,45.3,46.5,45.5,8.0,56945.0,31553949.0
2017-09-28,48.0,45.28,46.0,46.5,7.0,36493.0,31553949.0
2017-09-29,46.0,46.0,46.0,46.0,0.0,0.0,31553949.0
2017-10-02,45.206,45.206,45.5,46.0,1.0,11328.0,31553949.0
2017-10-03,44.375,44.3,45.0,45.5,2.0,17059.0,31553949.0
2017-10-04,46.0,44.5,45.0,45.0,2.0,33000.0,31553949.0
2017-10-05,46.0,44.375,45.5,45.0,4.0,33955.0,31553949.0
2017-10-06,47.0,47.0,46.0,45.5,2.0,13500.0,31553949.0
2017-10-09,47.0,47.0,46.25,46.0,1.0,4255.0,31553949.0
2017-10-10,46.0,46.0,46.0,46.25,1.0,4348.0,31553949.0
2017-10-11,47.0,46.0,47.0,46.0,3.0,14255.0,31553949.0
2017-10-12,49.0,47.055,48.0,47.0,7.0,18140.0,31553949.0
2017-10-13,47.2,47.2,48.0,48.0,1.0,15000.0,31553949.0
2017-10-16,50.0,47.215,50.5,48.0,6.0,64998.0,31553949.0
2017-10-17,51.685,50.0,50.5,50.5,9.0,93069.0,31553949.0
2017-10-18,50.89,48.45,49.5,50.5,5.0,37235.0,31553949.0
2017-10-19,54.0,48.25,51.5,49.5,51.0,520619.0,31553949.0
2017-10-20,52.5,51.4,52.0,51.5,6.0,38096.0,31553949.0
2017-10-23,52.5,51.0,51.5,52.0,4.0,18144.0,31553949.0
2017-10-24,51.5,51.5,51.5,51.5,0.0,0.0,31553949.0
2017-10-25,51.0,47.875,48.5,51.5,5.0,51889.0,31553949.0
2017-10-26,48.8,47.0,47.75,48.5,2.0,8307.0,31553949.0
2017-10-27,48.45,46.0,47.5,47.75,5.0,15268.0,31553949.0
2017-10-30,53.85,49.0,52.5,47.5,18.0,202667.0,31553949.0
2017-10-31,55.68,53.0,55.5,52.5,26.0,393973.0,31553949.0
2017-11-01,55.5,53.0,53.0,55.5,6.0,48150.0,31553949.0
2017-11-02,53.0,51.02,52.0,53.0,7.0,50332.0,31553949.0
2017-11-03,52.325,51.72,52.0,52.0,3.0,2042.0,31553949.0
2017-11-06,53.0,52.0,52.0,52.0,6.0,127574.0,31553949.0
2017-11-07,54.0,52.5,53.0,52.0,4.0,70111.0,31553949.0
2017-11-08,52.0,52.0,53.0,53.0,2.0,15000.0,31553949.0
2017-11-09,52.0,51.0,52.0,53.0,3.0,21000.0,31553949.0
2017-11-10,51.0,51.0,51.5,52.0,1.0,5000.0,31553949.0
2017-11-13,53.0,52.55,51.5,51.5,4.0,27993.0,31553949.0
2017-11-14,50.75,50.75,51.5,51.5,1.0,5000.0,31553949.0
2017-11-15,52.0,50.75,51.0,51.5,2.0,5950.0,31553949.0
2017-11-16,51.45,49.21,50.5,51.0,4.0,40174.0,31553949.0
2017-11-17,50.64,49.21,50.0,50.5,3.0,40000.0,31553949.0
2017-11-20,53.0,51.3,52.0,51.0,4.0,16098.0,31553949.0
2017-11-21,55.0,51.3,54.0,52.0,6.0,47043.0,31553949.0
2017-11-22,55.0,53.3,54.0,54.0,7.0,68101.0,31553949.0
2017-11-23,54.6,51.15,52.0,54.0,6.0,32804.0,31553949.0
2017-11-24,52.7,52.7,52.0,52.0,1.0,3795.0,31553949.0
2017-11-27,53.0,51.0,52.0,52.0,3.0,8450.0,31553949.0
2017-11-28,51.1,51.1,52.0,52.0,1.0,10000.0,31553949.0
2017-11-29,51.1,51.1,52.0,52.0,2.0,6084.0,31553949.0
2017-11-30,52.5,52.5,52.0,52.0,2.0,6900.0,31553949.0
2017-12-01,52.0,52.0,52.0,52.0,0.0,0.0,31553949.0
2017-12-04,52.85,52.0,51.5,52.0,5.0,38100.0,31553949.0
2017-12-05,56.1,53.35,54.5,54.5,17.0,128288.0,31553949.0
2017-12-06,55.9,54.0,55.0,54.5,9.0,168259.0,31553949.0
2017-12-07,55.9,54.0,54.5,55.0,5.0,19002.0,31553949.0
2017-12-08,54.44,52.0,53.5,54.5,6.0,70284.0,31553949.0
2017-12-11,53.9,51.1,53.5,53.5,10.0,140031.0,31553949.0
2017-12-12,54.0,54.0,53.5,53.5,2.0,852.0,31553949.0
2017-12-13,54.9,52.3,54.0,53.5,4.0,8108.0,31553949.0
2017-12-14,54.8,53.0,54.0,54.0,2.0,5306.0,31553949.0
2017-12-15,54.0,54.0,54.0,54.0,0.0,0.0,31553949.0
2017-12-18,54.8,53.0,53.5,54.0,4.0,10855.0,31553949.0
2017-12-19,54.3,54.3,54.0,53.5,1.0,1941.0,31553949.0
2017-12-20,54.0,54.0,54.0,54.0,0.0,0.0,31553949.0
2017-12-21,55.0,53.0,55.5,54.0,5.0,14950.0,31553949.0
2017-12-22,57.0,55.5,56.0,55.5,5.0,13162.0,31553949.0
2017-12-27,58.0,55.5,56.25,56.0,5.0,26376.0,31553949.0
2017-12-28,56.8,55.0,55.5,56.25,6.0,42000.0,31553949.0
2017-12-29,55.5,55.5,55.5,55.5,0.0,0.0,31553949.0
2018-01-02,54.0,54.0,55.5,55.5,1.0,2500.0,31553949.0
2018-01-03,55.145,54.0,55.0,55.5,4.0,21260.0,31553949.0
2018-01-04,55.88,54.3,55.0,55.0,5.0,18754.0,31553949.0
2018-01-05,59.9,55.9,57.5,55.0,39.0,277351.0,31553949.0
2018-01-08,58.7,56.651,57.5,57.5,8.0,46884.0,31553949.0
2018-01-09,60.88,56.3,59.5,57.5,8.0,24463.0,31553949.0
2018-01-10,66.75,58.3,64.0,59.5,32.0,211448.0,31553949.0
2018-01-11,71.64,64.21,71.0,64.0,38.0,218742.0,31553949.0
2018-01-12,72.0,68.4,69.0,71.0,15.0,66122.0,31553949.0
2018-01-15,70.85,68.4,69.5,69.0,11.0,40762.0,31553949.0
2018-01-16,77.0,70.85,75.5,69.5,24.0,94424.0,31553949.0
2018-01-17,80.3158,76.21,78.25,75.5,33.0,151062.0,31553949.0
2018-01-18,78.425,76.0,77.0,78.25,19.0,78028.0,31553949.0
2018-01-19,76.32,73.26,73.5,77.0,19.0,79265.0,31553949.0
2018-01-22,78.0,73.26,76.5,73.5,10.0,37767.0,31553949.0
2018-01-23,78.0,75.666,76.5,76.5,2.0,5000.0,31553949.0
2018-01-24,75.8,74.351,75.0,76.5,6.0,39103.0,31553949.0
2018-01-25,75.0,75.0,75.0,75.0,0.0,0.0,31553949.0
2018-01-26,75.6,72.66,73.5,75.0,8.0,19253.0,31553949.0
2018-01-29,73.7,71.51,71.5,73.5,8.0,50299.0,31553949.0
2018-01-30,72.9,55.0,57.5,71.5,70.0,887522.0,31553949.0
2018-01-31,58.0,53.0,54.5,57.5,18.0,116408.0,42553949.0
2018-02-01,55.5,52.0,54.5,55.5,13.0,95333.0,42553949.0
2018-02-02,56.25,49.75,50.5,54.5,17.0,152000.0,42553949.0
2018-02-05,52.0,48.4,49.0,50.5,18.0,137457.0,42553949.0
2018-02-06,48.0,45.0,48.5,48.0,18.0,100352.0,42553949.0
2018-02-07,53.49,49.8,51.5,48.5,23.0,121901.0,42553949.0
2018-02-08,52.45,47.31,49.0,51.5,16.0,96019.0,42553949.0
2018-02-09,49.9,48.5,49.0,49.0,7.0,32339.0,42553949.0
2018-02-12,51.45,48.999,50.0,49.0,9.0,25089.0,42553949.0
2018-02-13,52.0,48.44,51.0,50.0,4.0,112386.0,42553949.0
2018-02-14,53.5,50.51,52.0,51.0,8.0,51349.0,42553949.0
2018-02-15,52.0,52.0,52.0,52.0,0.0,0.0,42553949.0
2018-02-16,52.6,50.0,52.0,52.0,3.0,40000.0,42553949.0
2018-02-19,52.4,51.0,52.0,51.5,2.0,58000.0,42553949.0
2018-02-20,52.37,51.3,52.0,52.0,2.0,14547.0,42553949.0
2018-02-21,52.6925,50.4,52.0,52.0,4.0,22240.0,42553949.0
2018-02-22,52.0,52.0,52.0,52.0,0.0,0.0,42553949.0
2018-02-23,52.0,52.0,52.0,52.0,0.0,0.0,42553949.0
2018-02-26,50.44,48.0,49.3,52.0,9.0,116080.0,42553949.0
2018-02-27,55.0,50.0,51.0,52.5,15.0,104893.0,42553949.0
2018-02-28,50.0,48.0,50.0,51.0,4.0,40000.0,42553949.0
2018-03-01,50.0,50.0,50.0,50.0,0.0,0.0,42553949.0
2018-03-02,51.49,49.3,50.5,50.0,3.0,8127.0,42553949.0
2018-03-05,49.3,48.25,50.0,50.5,3.0,13815.0,42553949.0
2018-03-06,49.8,48.31,49.0,50.0,3.0,12915.0,42553949.0
2018-03-07,50.0,49.8,50.5,49.0,2.0,10000.0,42553949.0
2018-03-08,51.35,49.5,50.5,50.5,2.0,636.0,42553949.0
2018-03-09,50.5,49.0,50.5,50.5,2.0,10900.0,42553949.0
2018-03-12,52.0,49.5,50.5,50.5,2.0,705.0,42553949.0
2018-03-13,49.5,49.5,50.5,50.5,1.0,5000.0,42553949.0
2018-03-14,51.19,49.3,50.0,50.5,3.0,12432.0,42553949.0
2018-03-15,49.8,47.3,48.0,50.0,9.0,91983.0,42553949.0
2018-03-16,48.0,46.56,48.5,48.0,3.0,22844.0,42553949.0
2018-03-19,47.3,37.8333,40.5,48.5,36.0,307658.0,42553949.0
2018-03-20,39.0,35.1,37.5,40.5,10.0,75453.0,42553949.0
2018-03-21,37.0,35.0,37.0,37.5,12.0,55116.0,42553949.0
2018-03-22,38.4,36.1,37.5,37.5,3.0,3368.0,42553949.0
2018-03-23,36.1,36.06,37.5,37.5,3.0,14000.0,42553949.0
2018-03-26,36.98,36.06,37.5,37.5,3.0,13500.0,42553949.0
2018-03-27,37.7,36.9,38.0,37.5,2.0,35000.0,42553949.0
2018-03-28,36.9,36.0,37.5,38.0,7.0,63537.0,42553949.0
2018-03-29,37.5,37.5,37.5,37.5,0.0,0.0,42553949.0
2018-04-03,36.01,31.0,34.0,37.5,7.0,100972.0,42553949.0
2018-04-04,33.0,31.0,32.5,34.0,5.0,80409.0,42553949.0
2018-04-05,34.7,32.15,34.5,32.5,7.0,32853.0,42553949.0
2018-04-06,34.9,34.0,35.0,34.5,13.0,59122.0,42553949.0
2018-04-09,34.88,34.88,35.0,35.0,1.0,1460.0,42553949.0
2018-04-10,35.0,32.0,33.5,35.0,6.0,38473.0,42553949.0
2018-04-11,33.5,33.0,34.0,33.5,3.0,23200.0,42553949.0
2018-04-12,32.0,32.0,34.0,34.0,1.0,10000.0,42553949.0
2018-04-13,31.0,31.0,34.5,34.0,1.0,27500.0,42553949.0
2018-04-16,34.0,34.0,34.0,34.5,1.0,5000.0,42553949.0
2018-04-17,33.0,30.0,33.0,34.0,13.0,260697.0,42553949.0
2018-04-18,35.5,32.0,35.5,33.0,15.0,186450.0,42553949.0
2018-04-19,34.15,33.2,35.0,35.5,4.0,10102.0,42553949.0
2018-04-20,33.15,33.02,34.5,35.0,3.0,11034.0,42553949.0
2018-04-23,34.5,34.5,34.5,34.5,0.0,0.0,42553949.0
2018-04-24,35.0,35.0,34.5,34.5,1.0,2826.0,42553949.0
2018-04-25,34.5,34.5,34.5,34.5,0.0,0.0,42553949.0
2018-04-26,37.69,35.0,37.0,34.5,14.0,219416.0,42553949.0
2018-04-27,42.8,38.0,40.0,37.0,26.0,148823.0,42553949.0
2018-04-30,40.7,38.0,39.5,40.0,9.0,67636.0,42553949.0
2018-05-01,38.0,35.0,36.0,39.5,8.0,44649.0,42553949.0
2018-05-02,40.0,35.0,36.0,36.0,6.0,91648.0,42553949.0
2018-05-03,38.0,38.0,37.5,37.0,2.0,27000.0,42553949.0
2018-05-04,37.5,37.5,37.5,37.5,0.0,0.0,42553949.0
2018-05-07,37.5,37.5,37.5,37.5,0.0,0.0,42553949.0
2018-05-08,37.0,37.0,37.5,37.5,1.0,1262.0,42553949.0
2018-05-09,37.0,36.45,37.5,37.5,2.0,12205.0,42553949.0
2018-05-10,39.0,39.0,37.5,37.5,1.0,900.0,42553949.0
2018-05-11,36.51,36.51,37.5,37.5,1.0,4923.0,42553949.0
2018-05-14,38.5,36.0,37.0,37.5,4.0,25731.0,42553949.0
2018-05-15,36.7,35.0,36.0,37.0,3.0,17394.0,42553949.0
2018-05-16,36.0,36.0,36.0,36.0,0.0,0.0,42553949.0
2018-05-17,37.0,35.3,36.0,36.0,6.0,98990.0,42553949.0
2018-05-18,40.5,37.0,39.5,36.0,8.0,108394.0,42553949.0
2018-05-21,40.18,40.18,39.5,39.5,1.0,5275.0,42553949.0
2018-05-22,39.5,39.5,39.5,39.5,0.0,0.0,42553949.0
2018-05-23,39.5,38.0,39.5,39.5,2.0,52500.0,42553949.0
2018-05-24,39.5,38.0,39.5,39.5,3.0,77500.0,42553949.0
2018-05-25,41.0,39.0,39.5,39.5,2.0,3500.0,42553949.0
2018-05-28,39.5,39.5,39.5,39.5,0.0,0.0,42553949.0
2018-05-29,38.0,38.0,39.5,39.5,1.0,2500.0,42553949.0
2018-05-30,39.5,39.5,39.5,39.5,0.0,0.0,42553949.0
2018-05-31,39.5,39.5,39.5,39.5,0.0,0.0,42553949.0
2018-06-01,39.5,39.5,39.5,39.5,0.0,0.0,42553949.0
2018-06-04,39.5,39.5,39.5,39.5,0.0,0.0,42553949.0
2018-06-05,39.5,39.5,39.5,39.5,0.0,0.0,42553949.0
2018-06-06,38.0,36.0,38.0,39.5,2.0,33000.0,42553949.0
2018-06-07,37.0,35.0,36.0,38.0,6.0,23186.0,42553949.0
2018-06-08,36.0,36.0,36.0,36.0,0.0,0.0,42553949.0
2018-06-11,35.0,35.0,36.0,36.0,1.0,2034.0,42553949.0
2018-06-12,36.0,36.0,36.0,36.0,0.0,0.0,42553949.0
2018-06-13,36.0,35.0,35.0,36.0,4.0,61064.0,42553949.0
2018-06-14,36.0,34.0,35.0,35.0,4.0,15448.0,42553949.0
2018-06-15,34.1,34.1,35.0,35.0,1.0,397.0,42553949.0
2018-06-18,35.9,35.9,36.0,35.0,1.0,10000.0,42553949.0
2018-06-19,36.0,36.0,36.0,36.0,0.0,0.0,42553949.0
2018-06-20,36.0,36.0,36.0,36.0,0.0,0.0,42553949.0
2018-06-21,36.0,36.0,36.0,36.0,0.0,0.0,42553949.0
2018-06-22,36.0,36.0,36.0,36.0,0.0,0.0,42553949.0
2018-06-25,36.0,36.0,36.0,36.0,0.0,0.0,42553949.0
2018-06-26,36.0,36.0,36.0,36.0,0.0,0.0,42553949.0
2018-06-27,34.2,33.0,32.5,36.0,5.0,30543.0,42553949.0
2018-06-28,31.875,31.0,31.5,32.5,2.0,12961.0,42553949.0
2018-06-29,31.5,31.5,31.5,31.5,0.0,0.0,42553949.0
2018-07-02,31.0,28.0,29.0,31.5,7.0,52751.0,42553949.0
2018-07-03,29.5,25.0,28.0,29.0,11.0,99941.0,42553949.0
2018-07-04,26.9,25.0,27.0,28.0,8.0,41535.0,42553949.0
2018-07-05,28.0,26.1,27.0,27.0,3.0,22032.0,42553949.0
2018-07-06,27.45,25.0,27.0,27.0,3.0,110000.0,42553949.0
2018-07-09,28.0,27.4,27.5,27.0,3.0,21743.0,42553949.0
2018-07-10,28.7,26.5111,27.5,27.5,2.0,1741.0,42553949.0
2018-07-11,33.0,27.0,28.5,28.5,34.0,417370.0,42553949.0
2018-07-12,30.0,29.5,29.0,28.5,2.0,23500.0,42553949.0
2018-07-13,34.88,28.33,33.5,29.0,16.0,118978.0,42553949.0
2018-07-16,33.9,29.5111,32.0,33.5,21.0,149278.0,42553949.0
2018-07-17,34.15,32.22,33.5,32.5,5.0,30114.0,42553949.0
2018-07-18,32.3,32.3,33.5,33.5,3.0,19160.0,42553949.0
2018-07-19,32.25,30.35,31.0,33.5,3.0,30000.0,42553949.0
2018-07-20,31.749,30.55,31.5,31.0,5.0,32409.0,42553949.0
2018-07-23,31.695,29.6667,31.5,31.5,3.0,30223.0,42553949.0
2018-07-24,30.001,30.001,30.5,31.5,1.0,3354.0,42553949.0
2018-07-25,30.0,25.65,29.0,30.5,14.0,151666.0,42553949.0
2018-07-26,29.0,29.0,29.0,29.0,0.0,0.0,42553949.0
2018-07-27,29.0,29.0,29.0,29.0,0.0,0.0,42553949.0
2018-07-30,28.4,28.4,29.0,29.0,1.0,5000.0,42553949.0
2018-07-31,30.333,28.4,30.5,29.0,4.0,28881.0,42553949.0
2018-08-01,30.333,30.333,30.5,30.5,2.0,5500.0,42553949.0
2018-08-02,30.5,30.5,30.5,30.5,0.0,0.0,42553949.0
2018-08-03,30.5,30.5,30.5,30.5,0.0,0.0,42553949.0
2018-08-06,30.5,30.5,30.5,30.5,0.0,0.0,42553949.0
2018-08-07,30.04,30.0,30.5,30.5,2.0,300000.0,42553949.0
2018-08-08,30.2,30.2,30.5,30.5,1.0,5000.0,42553949.0
2018-08-09,30.0,30.0,30.0,30.5,1.0,10000.0,42553949.0
2018-08-10,30.65,29.2,30.0,30.0,2.0,3492.0,42553949.0
2018-08-13,30.0,30.0,30.0,30.0,0.0,0.0,42553949.0
2018-08-14,30.65,30.65,30.0,30.0,1.0,3245.0,42553949.0
2018-08-15,30.0,30.0,30.0,30.0,0.0,0.0,42553949.0
2018-08-16,30.65,29.2,30.0,30.0,2.0,1625.0,42553949.0
2018-08-17,30.0,30.0,30.0,30.0,0.0,0.0,42553949.0
2018-08-20,30.65,30.65,30.0,30.0,1.0,3262.0,42553949.0
2018-08-21,30.0,30.0,30.0,30.0,0.0,0.0,42553949.0
2018-08-22,30.65,30.65,30.0,30.0,1.0,320.0,42553949.0
2018-08-23,29.0,29.0,30.0,30.0,1.0,10000.0,42553949.0
2018-08-24,30.65,30.65,30.0,30.0,1.0,32626.0,42553949.0
2018-08-27,30.0,30.0,30.0,30.0,0.0,0.0,42553949.0
2018-08-28,30.0,30.0,30.0,30.0,0.0,0.0,42553949.0
2018-08-29,30.0,30.0,30.0,30.0,0.0,0.0,42553949.0
2018-08-30,30.7,30.7,30.0,30.0,1.0,3000.0,42553949.0
2018-08-31,31.0,30.7,31.0,30.0,3.0,7500.0,42553949.0
2018-09-03,31.0,31.0,31.0,31.0,1.0,5000.0,42553949.0
2018-09-04,32.0,32.0,31.0,31.0,1.0,1843.0,42553949.0
2018-09-05,28.6,25.0,26.5,30.0,20.0,187863.0,42553949.0
2018-09-06,26.2,25.0,26.5,26.5,3.0,34031.0,42553949.0
2018-09-07,26.2,26.2,26.5,26.5,3.0,27608.0,42553949.0
2018-09-10,25.6,25.6,26.5,26.5,1.0,10000.0,42553949.0
2018-09-11,25.6,25.6,26.5,26.5,1.0,2586.0,42553949.0
2018-09-12,25.6,25.6,26.5,26.5,1.0,11025.0,42553949.0
2018-09-13,25.3,25.125,26.5,26.5,2.0,21562.0,42553949.0
2018-09-14,26.5,26.5,26.5,26.5,0.0,0.0,42553949.0
2018-09-17,27.55,27.55,26.5,26.5,2.0,1874.0,42553949.0
2018-09-18,26.5,26.5,26.5,26.5,0.0,0.0,42553949.0
2018-09-19,27.0,27.0,26.5,26.5,1.0,961.0,42553949.0
2018-09-20,27.55,27.55,26.5,26.5,1.0,356.0,42553949.0
2018-09-21,26.5,26.5,26.5,26.5,0.0,0.0,42553949.0
2018-09-24,25.125,25.125,26.5,26.5,2.0,8723.0,42553949.0
2018-09-25,26.5,26.5,26.5,26.5,0.0,0.0,42553949.0
2018-09-26,27.24,25.125,26.5,26.5,2.0,10249.0,42553949.0
2018-09-27,25.0,25.0,26.5,26.5,1.0,458.0,42553949.0
2018-09-28,26.5,26.5,26.5,26.5,0.0,0.0,42553949.0
2018-10-01,28.0,25.0,26.5,26.5,2.0,3401.0,42553949.0
2018-10-02,25.0,25.0,26.5,26.5,1.0,2500.0,42553949.0
2018-10-03,29.3,26.0,28.0,28.0,6.0,48171.0,42553949.0
2018-10-04,28.0,28.0,28.0,28.0,0.0,0.0,42553949.0
2018-10-05,27.9,26.0,27.5,28.0,2.0,8100.0,42553949.0
2018-10-08,26.0,26.0,27.0,27.5,1.0,2408.0,42553949.0
2018-10-09,26.25,25.01,25.5,27.0,3.0,20000.0,42553949.0
2018-10-10,25.05,22.0,23.0,25.5,7.0,46430.0,42553949.0
2018-10-11,23.39,20.0,23.0,22.0,19.0,152920.0,42553949.0
2018-10-12,22.74,22.0,22.0,23.0,3.0,26840.0,42553949.0
2018-10-15,22.74,21.06,22.0,22.0,4.0,33699.0,42553949.0
2018-10-16,23.0,22.4,22.5,22.0,3.0,35954.0,42553949.0
2018-10-17,24.4789,21.3,24.5,22.5,7.0,116000.0,42553949.0
2018-10-18,25.949,25.0,24.5,24.5,4.0,31652.0,42553949.0
2018-10-19,26.665,25.0,26.0,26.0,3.0,34662.0,42553949.0
2018-10-22,26.665,25.2,26.0,26.0,2.0,13375.0,42553949.0
2018-10-23,26.55,25.2,25.5,25.5,5.0,29908.0,42553949.0
2018-10-24,27.0,24.51,25.5,25.5,3.0,2518.0,42553949.0
2018-10-25,25.5,25.5,25.5,25.5,0.0,0.0,42553949.0
2018-10-26,26.5,26.5,26.0,25.5,1.0,19577.0,42553949.0
2018-10-29,26.0,26.0,26.0,26.0,0.0,0.0,42553949.0
2018-10-30,26.0,26.0,26.0,26.0,0.0,0.0,42553949.0
2018-10-31,27.0,25.3,26.5,26.0,2.0,28307.0,42553949.0
2018-11-01,28.0,28.0,26.5,26.5,1.0,1.0,42553949.0
2018-11-02,25.6666,25.6666,26.5,26.5,1.0,5905.0,42553949.0
2018-11-05,26.5,26.5,26.5,26.5,0.0,0.0,42553949.0
2018-11-06,26.5,26.5,26.5,26.5,0.0,0.0,42553949.0
2018-11-07,25.6666,25.45,26.5,26.5,2.0,12756.0,42553949.0
2018-11-08,26.5,26.5,26.5,26.5,0.0,0.0,42553949.0
2018-11-09,26.5,26.5,26.5,26.5,0.0,0.0,42553949.0
2018-11-12,25.5,25.5,26.5,26.5,1.0,15000.0,42553949.0
2018-11-13,26.0,26.0,26.0,26.0,0.0,1.0,42553949.0
2018-11-14,26.0,26.0,26.0,26.0,0.0,0.0,42553949.0
2018-11-15,25.5,25.5,26.0,26.0,1.0,2589.0,42553949.0
2018-11-16,26.4999,25.5,26.0,26.0,3.0,15160.0,42553949.0
2018-11-19,26.0,26.0,26.0,26.0,0.0,0.0,42553949.0
2018-11-20,25.5,25.5,25.0,26.0,3.0,10193.0,42553949.0
2018-11-21,25.5,24.0,24.5,25.0,3.0,40000.0,42553949.0
2018-11-22,24.0,24.0,24.0,24.0,0.0,1.0,42553949.0
2018-11-23,24.0,23.0,23.5,24.0,4.0,32000.0,42553949.0
2018-11-26,23.15,23.15,23.5,23.5,1.0,5.0,42553949.0
2018-11-27,23.5,23.5,23.5,23.5,0.0,0.0,42553949.0
2018-11-28,26.0,26.0,24.5,23.5,1.0,76463.0,42553949.0
2018-11-29,24.5,24.5,24.5,24.5,0.0,0.0,42553949.0
2018-11-30,24.5,24.5,24.5,24.5,0.0,0.0,42553949.0
2018-12-03,24.5,24.5,24.5,24.5,1.0,15000.0,42553949.0
2018-12-04,23.6,23.6,24.5,24.5,1.0,5000.0,42553949.0
2018-12-05,23.5,23.5,24.5,24.5,1.0,5000.0,42553949.0
2018-12-06,23.63,23.63,24.5,24.5,1.0,5000.0,42553949.0
2018-12-07,23.5,23.5,24.5,24.5,2.0,8231.0,42553949.0
2018-12-10,27.67,24.6,26.0,25.0,3.0,28735.0,42553949.0
2018-12-11,24.5555,24.0,25.5,26.0,2.0,15000.0,42553949.0
2018-12-12,25.5,25.5,25.5,25.5,0.0,0.0,42553949.0
2018-12-13,24.8,24.0,24.0,25.5,2.0,15000.0,42553949.0
2018-12-14,23.3,23.3,24.0,24.0,1.0,5000.0,42553949.0
2018-12-17,24.75,23.3,24.0,24.0,3.0,1948.0,42553949.0
2018-12-18,23.0,21.4,22.0,24.0,5.0,39383.0,42553949.0
2018-12-19,21.2,21.2,22.0,22.0,2.0,2912.0,42553949.0
2018-12-20,20.1,19.1,20.5,21.5,10.0,67367.0,42553949.0
2018-12-21,19.45,19.45,20.5,20.5,1.0,10507.0,42553949.0
2018-12-24,20.5,20.5,20.5,20.5,0.0,0.0,42553949.0
2018-12-27,19.54,19.2666,20.5,20.5,3.0,39109.0,42553949.0
2018-12-28,19.85,19.28,19.0,20.5,5.0,84095.0,42553949.0
2018-12-31,19.5,18.1555,19.0,19.0,3.0,68159.0,42553949.0
2019-01-02,19.0,18.0,18.5,18.5,5.0,98015.0,42553949.0
2019-01-03,18.5,18.5,18.5,18.5,0.0,0.0,42553949.0
2019-01-04,19.0,19.0,19.0,18.5,1.0,10000.0,42553949.0
2019-01-07,18.4,18.35,19.0,19.0,2.0,7568.0,42553949.0
2019-01-08,18.45,18.4,19.0,19.0,2.0,20000.0,42553949.0
2019-01-09,18.475,18.475,19.0,19.0,1.0,5000.0,42553949.0
2019-01-10,19.0,19.0,19.0,19.0,0.0,0.0,42553949.0
2019-01-11,19.65,19.65,19.5,19.0,1.0,2227.0,42553949.0
2019-01-14,19.1,19.1,19.5,19.5,1.0,5000.0,42553949.0
2019-01-15,19.9,19.1,19.3,19.5,2.0,15000.0,42553949.0
2019-01-16,19.0,19.0,19.3,19.3,1.0,25000.0,42553949.0
2019-01-17,19.3,19.3,19.3,19.3,0.0,0.0,42553949.0
2019-01-18,18.75,18.7,19.3,19.3,2.0,12663.0,42553949.0
2019-01-21,19.0,18.6,19.3,19.3,3.0,25000.0,42553949.0
2019-01-22,18.6,18.6,19.3,19.3,1.0,5000.0,42553949.0
2019-01-23,18.6111,18.6111,18.8,19.3,1.0,5000.0,42553949.0
2019-01-24,18.6,17.0,17.25,18.8,9.0,165864.0,42553949.0
2019-01-25,18.0,17.5,17.5,17.25,3.0,30000.0,42553949.0
2019-01-28,28.588,19.0,26.0,18.5,73.0,660921.0,42553949.0
2019-01-29,26.28,22.0,22.5,26.0,15.0,114903.0,42553949.0
2019-01-30,24.5,22.1,24.5,22.5,10.0,179832.0,42553949.0
2019-01-31,25.65,23.285,25.0,24.5,3.0,24040.0,42553949.0
2019-02-01,24.35,23.38,24.5,25.0,2.0,10102.0,42553949.0
2019-02-04,24.5,24.5,24.5,24.5,0.0,0.0,42553949.0
2019-02-05,24.5,24.5,24.5,24.5,0.0,0.0,42553949.0
2019-02-06,24.5,24.5,24.5,24.5,0.0,0.0,42553949.0
2019-02-07,25.2,25.0,26.0,26.0,3.0,15000.0,42553949.0
2019-02-08,26.6,24.0,25.0,26.0,5.0,26825.0,42553949.0
2019-02-11,24.2,24.2,25.0,25.0,1.0,5000.0,42553949.0
2019-02-12,24.77,23.0,23.5,25.0,4.0,31083.0,42553949.0
2019-02-13,23.9,23.9,24.0,23.5,1.0,25000.0,42553949.0
2019-02-14,25.35,24.2,25.0,24.0,3.0,16916.0,42553949.0
2019-02-15,25.35,24.11,25.0,25.0,2.0,5931.0,42553949.0
2019-02-18,24.0,24.0,25.0,25.0,1.0,10000.0,42553949.0
2019-02-19,25.35,25.35,25.0,25.0,1.0,1952.0,42553949.0
2019-02-20,25.0,25.0,25.0,25.0,0.0,0.0,42553949.0
2019-02-21,24.2,22.0,23.0,25.0,15.0,174256.0,42553949.0
2019-02-22,22.3,22.3,23.0,23.0,1.0,10000.0,42553949.0
2019-02-25,23.0,22.3,23.0,23.0,3.0,35000.0,42553949.0
2019-02-26,23.0,22.3,23.0,23.0,4.0,60000.0,42553949.0
2019-02-27,23.0,22.3,23.0,23.0,6.0,52113.0,42553949.0
2019-02-28,22.25,22.2,23.0,23.0,2.0,10538.0,42553949.0
2019-03-01,22.3,22.3,23.0,23.0,2.0,6661.0,42553949.0
2019-03-04,22.3333,22.3333,23.0,23.0,2.0,9282.0,42553949.0
2019-03-05,22.35,22.35,23.0,23.0,1.0,5000.0,42553949.0
2019-03-06,24.0,22.575,24.0,23.0,7.0,109162.0,42553949.0
2019-03-07,23.5,23.35,24.0,24.0,3.0,23307.0,42553949.0
2019-03-08,24.0,23.3,24.0,24.0,6.0,154542.0,42553949.0
2019-03-11,23.3,23.3,24.0,24.0,1.0,10000.0,42553949.0
2019-03-12,23.3,23.3,24.0,23.5,1.0,10000.0,42553949.0
2019-03-13,24.7,23.3,24.0,24.0,3.0,13595.0,42553949.0
2019-03-14,23.3,23.3,24.0,24.0,2.0,39845.0,42553949.0
2019-03-15,24.0,23.3,24.0,24.0,5.0,175196.0,42553949.0
2019-03-18,23.15,23.15,24.0,24.0,1.0,10000.0,42553949.0
2019-03-19,24.0,23.15,24.0,24.0,2.0,11364.0,42553949.0
2019-03-20,24.0,23.0,24.0,24.0,3.0,656000.0,42553949.0
2019-03-21,23.3,23.0,23.0,24.0,2.0,7000.0,42553949.0
2019-03-22,22.511,22.3,23.0,23.0,2.0,9615.0,42553949.0
2019-03-25,22.3,22.0,23.0,23.0,2.0,20000.0,42553949.0
2019-03-26,22.3,22.0,23.0,23.0,2.0,21102.0,42553949.0
2019-03-27,21.3,21.3,22.0,23.0,1.0,10000.0,42553949.0
2019-03-28,21.3,21.3,22.0,22.0,1.0,1000.0,42553949.0
2019-03-29,21.0,21.0,22.0,22.0,1.0,10000.0,42553949.0
2019-04-01,22.0,22.0,22.0,22.0,1.0,17000.0,42553949.0
2019-04-02,22.0,22.0,22.0,22.0,0.0,0.0,42553949.0
2019-04-03,21.0,20.0,20.5,22.0,2.0,20000.0,42553949.0
2019-04-04,20.5,19.3,20.5,21.0,4.0,58566.0,42553949.0
2019-04-05,21.55,19.35,20.5,20.5,2.0,1665.0,42553949.0
2019-04-08,20.0,19.0,20.0,20.5,7.0,2340658.0,42553949.0
2019-04-09,19.36,19.36,20.0,20.0,1.0,10000.0,42553949.0
2019-04-10,20.0,20.0,20.0,20.0,0.0,0.0,42553949.0
2019-04-11,19.36,19.36,20.0,20.0,1.0,10000.0,42553949.0
2019-04-12,20.0,20.0,20.0,20.0,0.0,0.0,42553949.0
2019-04-15,19.9,19.05,20.0,20.0,7.0,100795.0,42553949.0
2019-04-16,20.0,20.0,20.0,20.0,0.0,0.0,42553949.0
2019-04-17,19.8,19.8,20.0,20.0,1.0,5000.0,42553949.0
2019-04-18,20.0,20.0,20.0,20.0,0.0,0.0,42553949.0
2019-04-23,19.125,19.125,20.0,20.0,1.0,10000.0,42553949.0
2019-04-24,19.8,19.8,20.0,20.0,1.0,5000.0,42553949.0
2019-04-25,21.0,19.0,20.0,20.0,2.0,4200.0,42553949.0
2019-04-26,20.0,20.0,20.0,20.0,0.0,0.0,42553949.0
2019-04-29,19.0,19.0,19.5,20.0,1.0,10000.0,42553949.0
2019-04-30,19.5,19.5,19.5,19.5,0.0,0.0,42553949.0
2019-05-01,19.5,19.5,19.5,19.5,0.0,0.0,42553949.0
2019-05-02,20.42,19.0,19.5,19.5,3.0,28000.0,42553949.0
2019-05-03,20.0,20.0,20.0,19.5,1.0,10000.0,42553949.0
2019-05-06,20.0,20.0,20.0,20.0,0.0,0.0,42553949.0
2019-05-07,19.025,19.025,19.5,20.0,1.0,20000.0,42553949.0
2019-05-08,21.55,19.15,20.5,19.5,9.0,54638.0,42553949.0
2019-05-09,23.0,21.39,22.0,20.5,9.0,113256.0,42553949.0
2019-05-10,22.75,21.7,22.5,22.0,3.0,20000.0,42553949.0
2019-05-13,23.0,22.02,22.5,22.5,6.0,85000.0,42553949.0
2019-05-14,23.0,23.0,22.5,22.5,1.0,10000.0,42553949.0
2019-05-15,23.5,23.0,23.5,22.5,2.0,10000.0,42553949.0
2019-05-16,23.01,23.01,23.5,23.5,1.0,10000.0,42553949.0
2019-05-17,23.5,23.5,23.5,23.5,0.0,0.0,42553949.0
2019-05-20,23.01,23.01,23.5,23.5,1.0,3858.0,42553949.0
2019-05-21,23.01,23.01,23.5,23.5,1.0,10000.0,42553949.0
2019-05-22,23.5,23.5,23.5,23.5,0.0,0.0,42553949.0
2019-05-23,23.5,23.5,23.5,23.5,0.0,0.0,42553949.0
2019-05-24,29.2222,24.75,27.0,23.5,16.0,2216759.0,42553949.0
2019-05-27,27.0,27.0,27.0,27.0,0.0,0.0,42553949.0
2019-05-28,28.94,26.875,27.5,27.0,5.0,6029.0,42553949.0
2019-05-29,27.5,27.5,27.5,27.5,0.0,0.0,42553949.0
2019-05-30,27.5,26.9,27.5,27.5,5.0,16285.0,42553949.0
2019-05-31,27.5,27.5,27.5,27.5,0.0,0.0,42553949.0
2019-06-03,28.499,26.875,27.5,27.5,8.0,31541.0,42553949.0
2019-06-04,26.9,26.9,27.5,27.5,1.0,10000.0,42553949.0
2019-06-05,27.5,27.5,27.5,27.5,0.0,0.0,42553949.0
2019-06-06,27.5,27.5,27.5,27.5,0.0,0.0,42553949.0
2019-06-07,28.4,26.04,27.0,27.5,7.0,81014.0,42553949.0
2019-06-10,27.0,27.0,27.0,27.0,0.0,0.0,42553949.0
2019-06-11,27.4,25.0,26.0,27.0,4.0,34868.0,42553949.0
2019-06-12,28.0,27.04,27.5,28.0,4.0,17142.0,42553949.0
2019-06-13,29.0,26.0,27.5,27.5,4.0,75654.0,42553949.0
2019-06-14,28.94,28.94,27.5,27.5,1.0,2000.0,42553949.0
2019-06-17,27.25,27.0,27.5,27.5,3.0,40000.0,42553949.0
2019-06-18,28.7,26.6,27.5,27.5,3.0,16187.0,42553949.0
2019-06-19,29.0,26.35,27.5,27.5,4.0,25712.0,42553949.0
2019-06-20,26.95,25.5,27.5,27.5,2.0,40000.0,42553949.0
2019-06-21,28.45,28.45,27.5,27.5,1.0,15000.0,42553949.0
2019-06-24,28.6,26.75,27.5,27.5,2.0,45590.0,42553949.0
2019-06-25,29.94,27.55,28.5,28.5,5.0,34872.0,42553949.0
2019-06-26,30.0,28.0,28.0,28.5,6.0,615500.0,42553949.0
2019-06-27,28.96,28.96,28.0,28.0,1.0,3453.0,42553949.0
2019-06-28,31.0,28.96,30.5,28.0,10.0,71968.0,42553949.0
2019-07-01,31.0,30.02,30.5,30.5,5.0,40635.0,42553949.0
2019-07-02,31.0,30.7,31.5,30.5,4.0,15000.0,42553949.0
2019-07-03,31.98,31.98,31.5,31.5,2.0,5273.0,42553949.0
2019-07-04,31.5,31.5,31.5,31.5,0.0,0.0,42553949.0
2019-07-05,31.2555,31.0,31.0,31.5,2.0,13500.0,42553949.0
2019-07-08,35.0,32.0,34.5,31.0,7.0,24323.0,42553949.0
2019-07-09,35.97,35.97,34.5,34.5,1.0,6950.0,42553949.0
2019-07-10,35.97,35.0,35.5,34.5,6.0,30272.0,42553949.0
2019-07-11,36.75,34.75,35.5,35.5,4.0,18821.0,42553949.0
2019-07-12,36.45,35.0,35.5,35.5,5.0,43036.0,42553949.0
2019-07-15,35.15,35.125,36.0,35.5,2.0,18417.0,42553949.0
2019-07-16,35.875,34.04,35.0,36.0,6.0,33955.0,42553949.0
2019-07-17,34.0,32.5,33.5,35.0,3.0,49602.0,42553949.0
2019-07-18,32.99,32.45,33.5,33.5,4.0,7164.0,42553949.0
2019-07-19,33.5,33.5,33.5,33.5,0.0,0.0,42553949.0
2019-07-22,32.15,32.15,33.5,33.5,1.0,3500.0,42553949.0
2019-07-23,33.0,33.0,34.0,34.0,1.0,4500.0,42553949.0
2019-07-24,33.8,33.8,34.0,34.0,1.0,147.0,42553949.0
2019-07-25,34.0,34.0,34.0,34.0,0.0,0.0,42553949.0
2019-07-26,34.0,34.0,34.0,34.0,0.0,0.0,42553949.0
2019-07-29,34.0,33.0,34.0,34.0,4.0,527709.0,42553949.0
2019-07-30,33.04,33.04,34.0,34.0,1.0,3995.0,42553949.0
2019-07-31,34.0,34.0,34.0,34.0,0.0,0.0,42553949.0
2019-08-01,33.0,33.0,34.0,34.0,1.0,5000.0,42553949.0
2019-08-02,34.0,34.0,34.0,34.0,0.0,0.0,42553949.0
2019-08-05,33.0,31.0,33.0,34.0,2.0,9500.0,42553949.0
2019-08-06,32.895,32.004,33.0,33.0,2.0,7631.0,42553949.0
2019-08-07,31.5,31.5,33.0,33.0,1.0,11910.0,42553949.0
2019-08-08,32.0,31.0,32.0,33.0,2.0,7000.0,42553949.0
2019-08-09,31.0,31.0,31.0,32.0,3.0,15000.0,42553949.0
2019-08-12,30.0,28.0,31.0,31.0,2.0,21138.0,42553949.0
2019-08-13,30.0,30.0,30.5,31.0,1.0,5000.0,42553949.0
2019-08-14,29.0,29.0,30.5,30.5,1.0,2000.0,42553949.0
2019-08-15,29.0,27.0,28.0,30.5,7.0,68845.0,42553949.0
2019-08-16,27.00001,27.00001,28.0,28.0,1.0,2626.0,42553949.0
2019-08-19,27.0,27.0,28.0,28.0,1.0,10603.0,42553949.0
2019-08-20,27.04,27.0,27.5,28.0,2.0,5048.0,42553949.0
2019-08-21,27.9,26.0,27.0,27.5,3.0,36670.0,42553949.0
2019-08-22,27.375,26.04,27.0,27.0,2.0,2348.0,42553949.0
2019-08-23,26.04,26.04,27.0,27.0,1.0,5241.0,42553949.0
2019-08-26,27.0,27.0,27.0,27.0,0.0,0.0,42553949.0
2019-08-27,27.0,27.0,27.0,27.0,0.0,0.0,42553949.0
2019-08-28,27.96,27.96,27.0,27.0,1.0,4828.0,42553949.0
2019-08-29,27.0,27.0,27.0,27.0,0.0,0.0,42553949.0
2019-08-30,27.0,27.0,27.0,27.0,0.0,0.0,42553949.0
2019-09-02,27.0,27.0,27.0,27.0,0.0,0.0,42553949.0
2019-09-03,27.0,27.0,27.0,27.0,0.0,0.0,42553949.0
2019-09-04,27.0,27.0,27.0,27.0,0.0,0.0,42553949.0
2019-09-05,27.0,27.0,27.0,27.0,0.0,0.0,42553949.0
2019-09-06,27.0,27.0,27.0,27.0,0.0,0.0,42553949.0
2019-09-09,27.375,27.37,27.0,27.0,2.0,6074.0,42553949.0
2019-09-10,27.0,27.0,27.0,27.0,0.0,0.0,42553949.0
2019-09-11,27.0,27.0,27.0,27.0,0.0,0.0,42553949.0
2019-09-12,26.04,26.04,27.0,27.0,1.0,6231.0,42553949.0
2019-09-13,27.3,27.3,27.0,27.0,2.0,10183.0,42553949.0
2019-09-16,26.04,26.04,27.0,27.0,2.0,7000.0,42553949.0
2019-09-17,26.0,26.0,27.0,27.0,1.0,153.0,42553949.0
2019-09-18,27.0,27.0,27.0,27.0,0.0,0.0,42553949.0
2019-09-19,27.0,27.0,27.0,27.0,0.0,0.0,42553949.0
2019-09-20,26.0,26.0,27.0,27.0,1.0,1312.0,42553949.0
2019-09-23,27.5,27.5,27.0,27.0,1.0,23590.0,42553949.0
2019-09-24,26.2,25.05,26.2,27.0,3.0,80000.0,42553949.0
2019-09-25,26.0,26.0,26.5,26.2,1.0,25000.0,42553949.0
2019-09-26,26.2,26.2,26.2,26.2,0.0,1.0,42553949.0
2019-09-27,26.2,26.2,26.2,26.2,0.0,0.0,42553949.0
2019-09-30,26.2,26.2,26.2,26.2,0.0,0.0,42553949.0
2019-10-01,26.2,26.2,26.2,26.2,0.0,0.0,42553949.0
2019-10-02,26.0,26.0,26.2,26.2,1.0,25000.0,42553949.0
2019-10-03,26.2,26.2,26.2,26.2,0.0,0.0,42553949.0
2019-10-04,27.9,27.845,27.5,27.5,2.0,19000.0,42553949.0
2019-10-07,26.06,25.0,26.5,27.5,4.0,18342.0,42553949.0
2019-10-08,25.0,25.0,26.5,26.5,1.0,3000.0,42553949.0
2019-10-09,28.0,24.3,27.5,25.5,14.0,174185.0,42553949.0
2019-10-10,28.5,28.5,28.5,28.5,0.0,1.0,42553949.0
2019-10-11,29.74,27.05,28.5,28.5,4.0,66440.0,42553949.0
2019-10-14,27.1654,27.1654,28.5,28.5,1.0,20000.0,42553949.0
2019-10-15,28.88,27.06,28.5,28.5,2.0,27278.0,42553949.0
2019-10-16,28.5,28.5,28.5,28.5,0.0,0.0,42553949.0
2019-10-17,27.25,27.06,28.5,28.5,2.0,8176.0,42553949.0
2019-10-18,27.0,27.0,28.5,28.5,3.0,20539.0,42553949.0
2019-10-21,28.1,27.0,28.5,28.5,5.0,44544.0,42553949.0
2019-10-22,27.27,27.0,28.5,28.5,2.0,28293.0,42553949.0
2019-10-23,27.5,26.0,27.5,28.5,4.0,48985.0,42553949.0
2019-10-24,27.5,27.5,27.5,27.5,0.0,0.0,42553949.0
2019-10-25,27.5,27.5,27.5,27.5,0.0,0.0,42553949.0
2019-10-28,27.0,27.0,27.5,27.5,1.0,10000.0,42553949.0
2019-10-29,26.25,26.25,27.5,27.5,2.0,19011.0,42553949.0
2019-10-30,26.25,26.25,27.5,27.5,2.0,10000.0,42553949.0
2019-10-31,27.0,26.155,27.0,27.5,4.0,120000.0,42553949.0
2019-11-01,26.04,25.05,26.5,27.0,3.0,20000.0,42553949.0
2019-11-04,25.05,25.05,26.5,26.5,2.0,10000.0,42553949.0
2019-11-05,25.05,25.05,26.5,26.5,2.0,14000.0,42553949.0
2019-11-06,26.5,26.5,26.5,26.5,0.0,0.0,42553949.0
2019-11-07,27.15,25.05,26.5,26.5,4.0,167000.0,42553949.0
2019-11-08,26.5,25.05,26.5,27.0,3.0,124496.0,42553949.0
2019-11-11,25.05,25.05,26.5,26.5,2.0,20000.0,42553949.0
2019-11-12,25.05,25.0,26.0,26.5,2.0,7205.0,42553949.0
2019-11-13,25.05,25.05,26.0,26.0,1.0,1010000.0,42553949.0
2019-11-14,26.39,26.39,26.0,26.0,1.0,25000.0,42553949.0
2019-11-15,25.125,25.11,26.0,26.0,2.0,37000.0,42553949.0
2019-11-18,28.0,25.15,27.0,26.0,2.0,45695.0,42553949.0
2019-11-19,27.445,26.225,27.0,27.0,6.0,160099.0,42553949.0
2019-11-20,30.0,25.25,29.5,27.0,11.0,140000.0,42553949.0
2019-11-21,32.0,30.0,30.5,30.5,8.0,83294.0,42553949.0
2019-11-22,31.76,30.98,31.5,30.5,4.0,44500.0,42553949.0
2019-11-25,31.96,30.15,31.0,31.5,5.0,22425.0,42553949.0
2019-11-26,31.0,31.0,31.0,31.0,0.0,0.0,42553949.0
2019-11-27,31.0,31.0,31.0,31.0,0.0,0.0,42553949.0
2019-11-28,31.0,31.0,31.0,31.0,0.0,0.0,42553949.0
2019-11-29,31.0,31.0,31.0,31.0,0.0,0.0,42553949.0
2019-12-02,31.0,31.0,31.0,31.0,0.0,0.0,42553949.0
2019-12-03,30.72,30.72,31.0,31.0,1.0,3500.0,42553949.0
2019-12-04,31.4,31.4,31.0,31.0,1.0,3519.0,42553949.0
2019-12-05,31.4,30.75,31.0,31.0,2.0,15397.0,42553949.0
2019-12-06,31.0,30.82,31.0,31.0,2.0,27500.0,42553949.0
2019-12-09,30.75,30.75,31.0,31.0,1.0,69.0,42553949.0
2019-12-10,30.75,30.75,31.0,31.0,1.0,4000.0,42553949.0
2019-12-11,32.0,30.25,31.0,31.0,4.0,110488.0,42553949.0
2019-12-12,31.0,31.0,31.0,31.0,0.0,0.0,42553949.0
2019-12-13,30.0,30.0,31.0,31.0,1.0,10000.0,42553949.0
2019-12-16,30.88,30.04,31.0,31.0,2.0,10655.0,42553949.0
2019-12-17,30.88,28.155,30.0,31.0,4.0,18000.0,42553949.0
2019-12-18,28.2,28.2,30.0,30.0,1.0,1740.0,42553949.0
2019-12-19,35.0,31.75,33.5,31.5,24.0,530721.0,42553949.0
2019-12-20,35.0,34.94,34.0,33.0,2.0,185000.0,42553949.0
2019-12-23,36.0,33.35,34.0,34.0,7.0,44102.0,42553949.0
2019-12-24,36.0,35.92,35.0,34.0,2.0,16927.0,42553949.0
2019-12-27,36.0,36.0,35.0,34.0,1.0,1500.0,42553949.0
2019-12-30,34.5,34.5,35.0,35.0,1.0,1000.0,42553949.0
2019-12-31,35.0,35.0,35.0,35.0,0.0,0.0,42553949.0
2020-01-02,37.0,35.5,36.5,35.0,5.0,46000.0,42553949.0
2020-01-03,41.4,37.55,40.0,36.5,14.0,160382.0,42553949.0
2020-01-06,41.7,41.2,40.0,40.0,3.0,20966.0,42553949.0
2020-01-07,41.725,41.6,40.5,40.0,2.0,12000.0,42553949.0
2020-01-08,39.52,39.52,40.5,40.5,1.0,2500.0,42553949.0
2020-01-09,43.0,39.75,42.5,40.5,13.0,124544.0,42553949.0
2020-01-10,45.7,43.04,44.5,42.5,14.0,208754.0,42553949.0
2020-01-13,45.94,45.7,44.5,44.5,3.0,9660.0,42553949.0
2020-01-14,45.9,44.5,45.0,44.5,4.0,25373.0,42553949.0
2020-01-15,45.9,44.5,45.0,45.0,3.0,23361.0,42553949.0
2020-01-16,45.75,44.055,45.0,45.0,3.0,36700.0,42553949.0
2020-01-17,45.8,45.8,45.5,45.0,3.0,11108.0,42553949.0
2020-01-20,46.85,46.85,45.5,45.5,2.0,6364.0,42553949.0
2020-01-21,46.5,44.06,45.5,45.5,9.0,45236.0,42553949.0
2020-01-22,44.0,40.2,42.5,45.5,14.0,83110.0,42553949.0
2020-01-23,41.8,40.3,41.0,42.5,5.0,24503.0,42553949.0
2020-01-24,39.4,39.04,40.0,41.0,6.0,31455.0,42553949.0
2020-01-27,41.0,39.0,39.5,40.0,7.0,63566.0,42553949.0
2020-01-28,39.95,39.0,39.5,39.5,2.0,62500.0,42553949.0
2020-01-29,43.8,40.0,42.5,39.5,8.0,31723.0,42553949.0
2020-01-30,44.0,41.65,42.5,42.5,3.0,22000.0,42553949.0
2020-01-31,43.94,43.94,42.5,42.5,1.0,2275.0,42553949.0
2020-02-03,41.65,40.0,42.5,42.5,4.0,37315.0,42553949.0
2020-02-04,41.0,41.0,42.5,42.5,1.0,2424.0,42553949.0
2020-02-05,47.0,42.58,46.0,43.5,13.0,42558.0,42553949.0
2020-02-06,43.3,43.0,43.6,46.0,4.0,181822.0,42553949.0
2020-02-07,43.25,42.8,43.6,43.6,2.0,19616.0,42553949.0
2020-02-10,43.2,40.0171,43.6,43.6,3.0,15900.0,42553949.0
2020-02-11,43.6,43.6,43.6,43.6,0.0,0.0,42553949.0
2020-02-12,43.45,43.2,43.6,43.6,3.0,2766.0,42553949.0
2020-02-13,43.2,43.2,43.6,43.6,1.0,1000.0,42553949.0
2020-02-14,44.78,43.25,44.5,43.6,11.0,98514.0,42553949.0
2020-02-17,44.25,43.5,44.5,44.5,2.0,26260.0,42553949.0
2020-02-18,45.968,44.4,45.4,44.5,7.0,82519.0,42553949.0
2020-02-19,45.9,43.125,43.5,45.4,6.0,56021.0,42553949.0
2020-02-20,43.02,43.02,43.7,43.5,1.0,57056.0,42553949.0
2020-02-21,43.808,43.808,43.7,43.7,2.0,8167.0,42553949.0
2020-02-24,44.3,43.808,44.2,43.7,3.0,18598.0,42553949.0
2020-02-25,44.92,42.1,43.0,44.2,6.0,28000.0,42553949.0
2020-02-26,42.0,39.0,39.5,43.0,7.0,230325.0,42553949.0
2020-02-27,39.98,39.75,39.5,39.5,3.0,52500.0,42553949.0
2020-02-28,39.98,39.02,39.5,39.5,4.0,34450.0,42553949.0
2020-03-02,42.0,40.0,42.0,39.5,3.0,49375.0,42553949.0
2020-03-03,43.5,40.0,41.5,42.0,6.0,54357.0,42553949.0
2020-03-04,38.5,33.0,35.0,39.0,17.0,340602.0,42553949.0
2020-03-05,33.78,33.4,35.0,35.0,2.0,12834.0,42553949.0
2020-03-06,35.0,32.0,33.0,35.0,4.0,141500.0,42553949.0
2020-03-09,34.0,30.15,32.0,33.0,13.0,344000.0,42553949.0
2020-03-10,32.0,30.15,32.0,32.0,3.0,47000.0,42553949.0
2020-03-11,32.0,30.6,32.0,32.0,7.0,659500.0,42553949.0
2020-03-12,30.69,30.0,30.0,32.0,5.0,316000.0,42553949.0
2020-03-13,30.5,30.5,30.5,30.5,0.0,1.0,42553949.0
2020-03-16,31.5,28.04,28.5,30.5,4.0,27481.0,42553949.0
2020-03-17,31.0,28.0,28.5,30.0,5.0,48410.0,42553949.0
2020-03-18,29.0,28.055,28.5,28.5,4.0,60000.0,42553949.0
2020-03-19,28.0,27.5,30.0,30.0,2.0,19270.0,42553949.0
2020-03-20,30.5,30.5,30.5,30.5,0.0,1.0,42553949.0
2020-03-23,30.5,30.5,30.5,30.5,0.0,0.0,42553949.0
2020-03-24,29.0,29.0,30.0,30.5,1.0,8395.0,42553949.0
2020-03-25,30.4,30.0,30.0,30.0,2.0,14318.0,42553949.0
2020-03-26,29.25,28.0,30.0,30.0,2.0,30325.0,42553949.0
2020-03-27,30.0,30.0,30.0,30.0,0.0,0.0,42553949.0
2020-03-30,28.0,28.0,30.0,30.0,1.0,5.0,42553949.0
2020-03-31,31.0,31.0,30.0,30.0,2.0,6573.0,42553949.0
2020-04-01,30.0,30.0,30.0,30.0,0.0,0.0,42553949.0
2020-04-02,28.0,28.0,29.0,30.0,1.0,4305.0,42553949.0
2020-04-03,29.0,29.0,29.0,29.0,0.0,0.0,42553949.0
2020-04-06,29.45,28.0,29.0,29.0,4.0,86094.0,42553949.0
2020-04-07,29.7,29.7,29.0,29.0,1.0,20175.0,42553949.0
2020-04-08,29.9,29.9,29.0,29.0,1.0,1000.0,42553949.0
2020-04-09,29.0,27.1,29.0,29.0,2.0,59485.0,42553949.0
2020-04-14,30.0,28.52,29.0,29.0,4.0,41346.0,42553949.0
2020-04-15,29.45,28.52,29.0,29.0,4.0,20906.0,42553949.0
2020-04-16,29.5,29.5,29.5,29.5,0.0,1.0,42553949.0
2020-04-17,30.0,29.25,31.0,29.5,3.0,55000.0,42553949.0
2020-04-20,34.0,31.65,32.5,31.0,6.0,47500.0,59220616.0
2020-04-21,38.0,33.99999,37.0,32.5,17.0,270106.0,59220616.0
2020-04-22,39.48,37.58,39.5,37.0,15.0,44738.0,59220616.0
2020-04-23,43.0,39.5,42.5,39.5,13.0,244294.0,59220616.0
2020-04-24,45.0,42.25,43.5,42.5,8.0,281188.0,59220616.0
2020-04-27,47.0,44.11,44.5,44.5,13.0,97219.0,59220616.0
2020-04-28,44.55,44.55,44.5,44.5,2.0,6273.0,59220616.0
2020-04-29,46.75,44.11,44.5,44.5,9.0,121603.0,59220616.0
2020-04-30,52.5,47.0,50.5,45.0,22.0,274536.0,59220616.0
2020-05-01,51.25,44.0,44.5,50.5,13.0,274674.0,59220616.0
2020-05-04,43.15,43.0,44.5,44.5,5.0,8085.0,59220616.0
2020-05-05,46.0,43.0,44.5,44.5,4.0,6879.0,59220616.0
2020-05-06,44.5,44.5,44.5,44.5,0.0,0.0,59220616.0
2020-05-07,46.0,43.75,44.5,44.5,2.0,26000.0,59220616.0
2020-05-08,44.5,44.5,44.5,44.5,0.0,0.0,59220616.0
2020-05-11,47.0,44.08,46.0,44.5,3.0,9625.0,59220616.0
2020-05-12,47.85,45.06,46.5,46.0,4.0,69417.0,59220616.0
2020-05-13,45.3,45.15,46.5,46.5,3.0,24044.0,59220616.0
2020-05-14,45.25,45.15,46.5,46.5,5.0,73869.0,59220616.0
2020-05-15,47.0,47.0,46.5,46.5,1.0,875.0,59220616.0
2020-05-18,45.15,45.15,46.5,46.5,5.0,18379.0,59220616.0
2020-05-19,45.15,45.15,46.5,46.5,1.0,5000.0,59220616.0
2020-05-20,45.15,43.08,44.5,46.5,5.0,16750.0,59220616.0
2020-05-21,43.2117,40.0,40.5,43.5,8.0,16100.0,59220616.0
2020-05-22,41.0,40.25,40.5,40.5,3.0,28000.0,59220616.0
2020-05-25,40.5,40.5,40.5,40.5,0.0,0.0,59220616.0
2020-05-26,41.0,41.0,42.0,40.5,1.0,2000.0,59220616.0
2020-05-27,41.0,41.0,42.0,42.0,2.0,5108.0,59220616.0
2020-05-28,45.0,43.0,43.5,42.0,6.0,27900.0,59220616.0
2020-05-29,44.9,42.5,42.0,43.5,2.0,5300.0,59220616.0
2020-06-01,43.96,40.08,42.0,42.0,2.0,8550.0,59220616.0
2020-06-02,42.99999,42.99999,42.0,42.0,1.0,3450.0,59220616.0
2020-06-03,42.99999,42.9,42.0,42.0,2.0,1910.0,59220616.0
2020-06-04,42.7,40.5,42.0,42.0,3.0,43166.0,59220616.0
2020-06-05,42.0,41.0,41.0,42.0,5.0,118741.0,59220616.0
2020-06-08,41.0,41.0,41.0,41.0,0.0,0.0,59220616.0
2020-06-09,40.0,40.0,41.0,41.0,1.0,1543.0,59220616.0
2020-06-10,41.0,41.0,41.0,41.0,0.0,0.0,59220616.0
2020-06-11,42.0,42.0,41.0,41.0,1.0,219.0,59220616.0
2020-06-12,41.0,41.0,41.0,41.0,0.0,0.0,59220616.0
2020-06-15,40.0,38.06,39.5,41.0,4.0,25650.0,59220616.0
2020-06-16,39.5,39.5,39.5,39.5,0.0,0.0,59220616.0
2020-06-17,40.55,40.55,40.0,39.5,2.0,10616.0,59220616.0
2020-06-18,39.0,38.4211,40.0,40.0,2.0,12000.0,59220616.0
2020-06-19,41.92,38.9,40.0,40.0,2.0,10722.0,59220616.0
2020-06-22,41.92,38.8842,40.0,40.0,2.0,11000.0,59220616.0
2020-06-23,41.92,41.92,40.0,40.0,1.0,2385.0,59220616.0
2020-06-24,40.0,40.0,40.0,40.0,0.0,0.0,59220616.0
2020-06-25,39.33,39.33,40.0,40.0,1.0,14000.0,59220616.0
2020-06-26,39.33,39.33,40.0,40.0,1.0,5000.0,59220616.0
2020-06-29,41.92,39.33,40.0,40.0,2.0,2611.0,59220616.0
2020-06-30,41.92,41.92,40.0,40.0,1.0,77.0,59220616.0
2020-07-01,40.0,40.0,40.0,40.0,0.0,0.0,59220616.0
2020-07-02,42.0,41.92,40.0,40.0,2.0,5508.0,59220616.0
2020-07-03,42.0,42.0,40.0,40.0,1.0,710.0,59220616.0
2020-07-06,42.0,40.0,40.0,40.0,3.0,229157.0,59220616.0
2020-07-07,42.7,39.28,41.0,40.0,12.0,72001.0,59220616.0
2020-07-08,42.4,39.5,41.0,41.0,4.0,43877.0,59220616.0
2020-07-09,50.0,41.08,47.0,41.0,25.0,268239.0,59220616.0
2020-07-10,45.72,45.66,47.0,47.0,5.0,130980.0,59220616.0
2020-07-13,46.5,42.375,44.0,47.5,10.0,71489.0,59220616.0
2020-07-14,44.0,44.0,44.0,44.0,0.0,0.0,59220616.0
2020-07-15,44.0,44.0,44.0,44.0,0.0,0.0,59220616.0
2020-07-16,45.45,45.45,44.0,44.0,1.0,10892.0,59220616.0
2020-07-17,42.08,42.0,43.5,44.0,2.0,12000.0,59220616.0
2020-07-20,44.4,44.4,44.0,43.5,1.0,10000.0,59220616.0
2020-07-21,42.08,42.0,44.0,44.0,3.0,200056.0,59220616.0
2020-07-22,44.0,44.0,44.0,44.0,0.0,0.0,59220616.0
2020-07-23,42.08,42.08,44.0,44.0,1.0,5000.0,59220616.0
2020-07-24,43.5,42.0,43.0,44.0,2.0,21494.0,59220616.0
2020-07-27,41.0,41.0,43.0,43.0,1.0,500.0,59220616.0
2020-07-28,41.5,40.1,42.0,43.0,2.0,4818.0,59320616.0
2020-07-29,42.0,42.0,42.0,42.0,0.0,0.0,59320616.0
2020-07-30,42.0,42.0,42.0,42.0,0.0,0.0,59320616.0
2020-07-31,42.0,42.0,42.0,42.0,0.0,0.0,59320616.0
2020-08-03,40.0,37.2,39.0,42.0,5.0,37000.0,59320616.0
2020-08-04,37.2,37.2,39.0,39.0,1.0,621.0,59320616.0
2020-08-05,37.35,37.35,39.0,39.0,2.0,261.0,59320616.0
2020-08-06,39.0,39.0,39.0,39.0,0.0,0.0,59320616.0
2020-08-07,37.35,37.2,39.0,39.5,2.0,16627.0,59320616.0
2020-08-10,37.08,37.08,39.0,39.0,1.0,54.0,59320616.0
2020-08-11,37.08,37.08,39.0,39.0,2.0,2010.0,59320616.0
2020-08-12,37.0,36.0,38.0,39.0,2.0,11645.0,59320616.0
2020-08-13,38.6,34.6297,37.0,38.0,9.0,166474.0,59320616.0
2020-08-14,35.82,35.82,37.0,37.0,2.0,13651.0,59320616.0
2020-08-17,37.0,37.0,37.0,37.0,0.0,0.0,59320616.0
2020-08-18,37.97,35.6,36.5,37.0,6.0,64000.0,59320616.0
2020-08-19,36.5,36.5,36.5,36.5,0.0,0.0,59320616.0
2020-08-20,35.75,35.75,36.5,36.5,1.0,13125.0,59320616.0
2020-08-21,36.5,36.5,36.5,36.5,0.0,0.0,59320616.0
2020-08-24,38.0,38.0,36.5,36.5,4.0,12986.0,59320616.0
2020-08-25,37.65,35.15,36.5,36.5,3.0,31375.0,59320616.0
2020-08-26,38.0,38.0,37.0,36.5,1.0,4000.0,59320616.0
2020-08-27,39.75,38.9656,38.0,37.0,3.0,20994.0,59320616.0
2020-08-28,40.0,38.0,39.5,38.0,5.0,22000.0,59320616.0
2020-08-31,39.5,39.5,39.5,39.5,0.0,0.0,59320616.0
2020-09-01,40.94,38.06,38.5,39.5,4.0,21000.0,59320616.0
2020-09-02,37.0,37.0,38.0,38.5,1.0,134500.0,59320616.0
2020-09-03,38.75,38.75,38.0,38.0,1.0,746.0,59320616.0
2020-09-04,42.0,38.75,39.0,38.0,3.0,34000.0,59320616.0
2020-09-07,41.0,39.0,40.5,38.0,10.0,227924.0,59320616.0
2020-09-08,42.0,39.35,40.5,40.5,3.0,14372.0,59320616.0
2020-09-09,42.0,42.0,40.5,40.5,1.0,2352.0,59320616.0
2020-09-10,42.0,39.35,40.0,40.5,4.0,18076.0,59320616.0
2020-09-11,41.2,41.2,40.0,40.0,1.0,1432.0,59320616.0
2020-09-14,41.7,38.0,40.5,40.0,10.0,685018.0,59320616.0
2020-09-15,42.6,40.0,42.0,40.5,6.0,20028.0,59320616.0
2020-09-16,42.4,38.0,40.5,42.0,6.0,28419.0,59320616.0
2020-09-17,43.35,40.95,42.0,40.5,10.0,71420.0,59320616.0
2020-09-18,45.8,41.375,44.0,42.0,8.0,60342.0,59320616.0
2020-09-21,44.0,38.06,40.0,44.0,12.0,105149.0,59320616.0
2020-09-22,41.75,41.3,40.0,40.0,2.0,3678.0,59320616.0
2020-09-23,41.29,38.25,40.0,40.0,3.0,32000.0,59320616.0
2020-09-24,38.4,38.4,39.0,40.0,1.0,5000.0,59320616.0
2020-09-25,41.0,40.92,41.0,39.0,3.0,72000.0,59320616.0
2020-09-28,39.4,39.4,41.0,41.0,1.0,10000.0,59320616.0
2020-09-29,39.11,39.11,41.0,41.0,1.0,4389.0,59320616.0
2020-09-30,39.11,39.11,41.0,41.0,2.0,5160.0,59320616.0
2020-10-01,42.75,39.11,41.0,41.0,2.0,29500.0,59320616.0
2020-10-02,39.5,39.5,41.0,41.0,1.0,4500.0,59320616.0
2020-10-05,47.25,42.94,45.0,41.0,22.0,176483.0,59320616.0
2020-10-06,47.5,43.5,45.5,45.0,21.0,142405.0,59320616.0
2020-10-07,45.9,42.0,42.5,45.5,7.0,30746.0,59320616.0
2020-10-08,44.5,40.1,42.5,42.5,8.0,27816.0,59320616.0
2020-10-09,44.9,40.75,43.0,42.5,5.0,27392.0,59320616.0
2020-10-12,44.8244,40.75,42.5,43.0,9.0,32745.0,59320616.0
2020-10-13,44.5,40.8,42.5,42.5,3.0,16722.0,59320616.0
2020-10-14,44.9,40.8,42.5,42.5,2.0,4115.0,59320616.0
2020-10-15,41.0,41.0,42.5,42.5,1.0,5000.0,59320616.0
2020-10-16,41.0,40.8,42.5,42.5,2.0,16000.0,59320616.0
2020-10-19,42.7,39.28,41.5,42.5,16.0,121205.0,59320616.0
2020-10-20,43.0,40.06,42.0,41.5,7.0,50944.0,59320616.0
2020-10-21,43.7,40.58,42.0,42.0,5.0,30708.0,59320616.0
2020-10-22,43.6,40.2,42.0,42.0,5.0,30132.0,59320616.0
2020-10-23,43.25,39.55,41.0,42.0,3.0,20172.0,59320616.0
2020-10-26,42.5,39.1,41.0,41.0,5.0,30798.0,59320616.0
2020-10-27,41.7,38.0,40.0,41.0,6.0,43091.0,59320616.0
2020-10-28,38.3,38.3,40.0,40.0,1.0,10000.0,59320616.0
2020-10-29,37.5,37.5,39.5,39.5,1.0,10000.0,59320616.0
2020-10-30,39.5,39.5,39.5,39.5,0.0,0.0,59320616.0
2020-11-02,40.95,37.0,38.5,39.5,4.0,13748.0,59320616.0
2020-11-03,38.5,38.5,38.5,38.5,0.0,0.0,59320616.0
2020-11-04,40.94,37.5,40.0,38.5,8.0,66890.0,59320616.0
2020-11-05,49.0,43.9,46.5,41.5,49.0,627963.0,59320616.0
2020-11-06,46.99999,42.35,43.0,46.5,12.0,128922.0,59320616.0
2020-11-09,44.92,40.0,42.0,43.0,17.0,100066.0,59320616.0
2020-11-10,42.0,42.0,42.0,42.0,3.0,6171.0,59320616.0
2020-11-11,41.0,38.08,40.0,42.0,7.0,85052.0,59320616.0
2020-11-12,41.0,41.0,40.5,40.0,4.0,22920.0,59320616.0
2020-11-13,43.0,43.0,40.5,40.5,1.0,2000.0,59320616.0
2020-11-16,38.25,38.25,40.5,40.5,2.0,10003.0,59320616.0
2020-11-17,38.3,38.3,40.5,40.5,1.0,10000.0,59320616.0
2020-11-18,42.5,38.3,40.5,40.5,13.0,121143.0,59320616.0
2020-11-19,42.9,39.055,40.5,40.5,4.0,28750.0,59320616.0
2020-11-20,42.8,38.47,41.0,40.5,3.0,40487.0,59320616.0
2020-11-23,42.92,39.35,41.0,41.0,3.0,37716.0,59320616.0
2020-11-24,41.0,39.0,41.0,41.0,2.0,3264.0,59320616.0
2020-11-25,43.0,39.55,41.0,41.0,4.0,56000.0,59320616.0
2020-11-26,40.2,40.2,41.0,41.0,3.0,28425.0,59320616.0
2020-11-27,44.0,40.75,43.0,41.0,7.0,99316.0,59320616.0
2020-11-30,44.0,42.5,43.5,43.0,6.0,47978.0,59320616.0
2020-12-01,43.5,43.5,43.5,43.5,0.0,0.0,59320616.0
2020-12-02,48.0,45.25,46.5,43.5,10.0,167226.0,59320616.0
2020-12-03,47.94,45.5,46.5,46.5,4.0,105516.0,59320616.0
2020-12-04,46.5,46.5,46.5,46.5,0.0,0.0,59320616.0
2020-12-07,48.0,47.96,48.0,46.5,4.0,64671.0,59320616.0
2020-12-08,47.1,47.1,48.0,48.0,1.0,10940.0,59320616.0
2020-12-09,48.0,48.0,48.0,48.0,0.0,0.0,59320616.0
2020-12-10,47.2,47.2,48.0,48.0,1.0,5910.0,59320616.0
2020-12-11,49.5,47.5,48.5,48.0,8.0,105432.0,59320616.0
2020-12-14,50.25,48.0,48.5,48.5,2.0,1376.0,59320616.0
2020-12-15,48.0,47.2,49.0,48.5,2.0,49098.0,59320616.0
2020-12-16,48.0,48.0,49.0,49.0,2.0,3671.0,59320616.0
2020-12-17,49.0,49.0,49.0,49.0,0.0,0.0,59320616.0
2020-12-18,50.75,50.0,50.5,49.0,2.0,485000.0,59320616.0
2020-12-21,50.85,48.0,49.5,50.5,4.0,768071.0,59320616.0
2020-12-22,48.5,48.5,49.5,49.5,1.0,256.0,59320616.0
2020-12-23,50.25,50.25,49.5,49.5,1.0,1965.0,59320616.0
2020-12-24,50.25,48.5,49.5,49.5,2.0,7965.0,59320616.0
2020-12-28,49.5,49.5,49.5,49.5,0.0,0.0,59320616.0
2020-12-29,50.25,48.0,49.5,49.5,6.0,81205.0,59320616.0
2020-12-30,49.5,49.5,49.5,49.5,0.0,0.0,59320616.0
2020-12-31,48.06,48.06,49.5,49.5,1.0,1806.0,59320616.0
2021-01-04,50.0,46.0,48.0,49.5,6.0,29361.0,59320616.0
2021-01-05,48.0,48.0,48.0,48.0,0.0,0.0,59320616.0
2021-01-06,48.0,48.0,48.0,48.0,0.0,0.0,59320616.0
2021-01-07,52.5,46.8,52.5,48.0,11.0,317139.0,59320616.0
2021-01-08,54.0,51.0,53.0,52.5,6.0,25093.0,59320616.0
2021-01-11,51.2,51.2,53.0,53.0,2.0,361.0,59320616.0
2021-01-12,57.45,51.2,56.25,53.0,10.0,132104.0,59320616.0
2021-01-13,57.4375,55.05,56.25,56.25,6.0,153052.0,59320616.0
2021-01-14,56.25,56.25,56.25,56.25,0.0,0.0,59320616.0
2021-01-15,56.25,56.25,56.25,56.25,2.0,2495.0,59320616.0
2021-01-18,57.45,55.375,56.25,56.25,3.0,142888.0,59320616.0
2021-01-19,55.0625,55.0,56.25,56.25,4.0,128964.0,59320616.0
2021-01-20,55.0,55.0,56.25,56.25,2.0,15000.0,59320616.0
2021-01-21,55.03,55.03,56.25,56.25,1.0,5000.0,59320616.0
2021-01-22,56.25,56.25,56.25,56.25,0.0,0.0,59388116.0
2021-01-25,59.0,55.0,59.0,56.25,6.0,35004.0,59388116.0
2021-01-26,57.21,57.2,59.0,59.0,3.0,16867.0,59388116.0
2021-01-27,59.0,59.0,59.0,59.0,0.0,0.0,59388116.0
2021-01-28,66.55,60.0,65.0,59.0,64.0,653866.0,59388116.0
2021-01-29,70.4,63.33,69.0,65.0,27.0,309018.0,59388116.0
2021-02-01,71.0,67.2,69.0,69.0,21.0,165175.0,59388116.0
2021-02-02,70.8,68.7,69.0,69.0,8.0,30309.0,59388116.0
2021-02-03,70.8,69.0,69.0,69.0,9.0,69003.0,59388116.0
2021-02-04,77.0,69.05,76.25,69.0,29.0,177657.0,59388116.0
2021-02-05,79.8,75.0,77.5,76.25,30.0,356513.0,59388116.0
2021-02-08,77.8,75.08,76.5,77.5,3.0,64322.0,59388116.0
2021-02-09,77.65,75.3,76.5,76.5,7.0,72687.0,59388116.0
2021-02-10,75.3,75.3,76.5,76.5,7.0,126296.0,59388116.0
2021-02-11,75.25,75.25,76.5,76.5,3.0,17430.0,59388116.0
2021-02-12,77.925,74.33,76.5,76.5,8.0,32226.0,59388116.0
2021-02-15,78.0,74.0,76.5,76.5,9.0,62459.0,59388116.0
2021-02-16,78.0,74.0,76.0,76.5,7.0,23252.0,59388116.0
2021-02-17,77.9,74.0,76.0,76.0,4.0,21295.0,59388116.0
2021-02-18,74.1,74.0,76.0,76.0,3.0,78000.0,59388116.0
2021-02-19,74.25,74.0,74.5,76.0,6.0,38825.0,59388116.0
2021-02-22,74.98,74.0,74.5,74.5,5.0,21651.0,59388116.0
2021-02-23,76.94,74.02,76.0,74.5,6.0,24500.0,59388116.0
2021-02-24,74.5,74.375,76.0,76.0,2.0,10008.0,59388116.0
2021-02-25,76.96,75.3,76.0,76.0,3.0,15150.0,59388116.0
2021-02-26,77.94,74.0,76.0,76.0,14.0,110306.0,59388116.0
2021-03-01,77.92,74.0,76.0,76.0,8.0,114378.0,59388116.0
2021-03-02,80.5,76.44,79.0,76.0,22.0,139308.0,59388116.0
2021-03-03,80.0,78.1,79.0,79.0,4.0,5507.0,59388116.0
2021-03-04,79.96,78.5,79.0,79.0,6.0,11207.0,59388116.0
2021-03-05,80.0,80.0,79.0,79.0,2.0,4696.0,59388116.0
2021-03-08,87.0,80.0,85.0,79.0,33.0,340864.0,59388116.0
2021-03-09,98.0,85.5,92.0,85.0,49.0,377375.0,59388116.0
2021-03-10,100.0,91.75,97.5,92.5,28.0,183742.0,59388116.0
2021-03-11,99.5,92.0,95.0,97.5,26.0,102895.0,59388116.0
2021-03-12,97.7,92.12,95.0,95.0,15.0,74078.0,59388116.0
2021-03-15,97.9223,93.33,95.0,95.0,10.0,86646.0,59388116.0
2021-03-16,109.8,97.0,105.0,95.0,31.0,476662.0,59388116.0
2021-03-17,109.25,104.0,107.5,105.5,28.0,476993.0,59388116.0
2021-03-18,107.9,104.25,105.5,107.5,12.0,68864.0,59388116.0
2021-03-19,111.94,107.0,108.5,105.5,43.0,383129.0,59388116.0
2021-03-22,112.0,107.13,109.5,108.5,28.0,193801.0,59388116.0
2021-03-23,111.88,107.0,109.5,109.5,21.0,143447.0,59388116.0
2021-03-24,111.25,105.0,106.5,109.5,17.0,132669.0,59388116.0
2021-03-25,107.94,101.0,106.5,106.5,31.0,84929.0,59388116.0
2021-03-26,115.2,106.5,114.0,106.5,21.0,89505.0,59388116.0
2021-03-29,116.75,112.5,114.5,114.0,27.0,241033.0,59388116.0
2021-03-30,117.0,112.25,114.0,114.5,14.0,54086.0,59388116.0
2021-03-31,115.8,103.65,105.0,114.0,22.0,106420.0,59388116.0
2021-04-01,115.0,107.0,113.0,105.0,18.0,107995.0,59388116.0
2021-04-06,115.0,111.5,113.0,113.0,20.0,173876.0,59388116.0
2021-04-07,116.45,112.1,113.5,113.0,22.0,95251.0,59388116.0
2021-04-08,115.8,112.58,113.5,113.5,9.0,26260.0,59448116.0
2021-04-09,115.8,115.8,113.5,113.5,4.0,30894.0,59448116.0
2021-04-12,115.5,112.2,113.5,113.0,13.0,52333.0,59448116.0
2021-04-13,115.5,111.08,113.0,113.5,7.0,27829.0,59448116.0
2021-04-14,113.97,108.5,109.5,113.0,8.0,40771.0,59448116.0
2021-04-15,111.0,108.0,111.5,109.5,14.0,80096.0,59448116.0
2021-04-16,111.5,108.13,110.5,111.5,10.0,26766.0,59448116.0
2021-04-19,112.88,108.13,110.0,110.5,18.0,194124.0,59448116.0
2021-04-20,111.0,108.44,110.0,110.0,4.0,78871.0,59448116.0
2021-04-21,110.0,106.67,107.5,110.0,9.0,999535.0,59448116.0
2021-04-22,111.25,108.0,109.5,107.5,5.0,29013.0,59448116.0
2021-04-23,109.25,105.0,107.5,109.5,7.0,32718.0,59448116.0
2021-04-26,109.9,105.1,107.5,107.5,9.0,27241.0,59448116.0
2021-04-27,107.5,107.5,107.5,107.5,0.0,0.0,59448116.0
2021-04-28,109.9,105.25,107.5,107.5,6.0,49273.0,59448116.0
2021-04-29,106.0,100.0,104.5,107.5,11.0,53695.0,59448116.0
2021-04-30,114.0,96.05,112.0,100.0,73.0,416912.0,59448116.0
2021-05-03,112.0,112.0,112.0,112.0,0.0,0.0,59448116.0
2021-05-04,121.5,110.65,117.5,112.0,44.0,196499.0,59448116.0
2021-05-05,119.25,109.25,111.5,117.5,61.0,1070437.0,59448116.0
2021-05-06,115.0,106.6,108.0,111.5,25.0,250610.0,59448116.0
2021-05-07,109.8,103.0,105.5,108.0,32.0,550899.0,65237589.0
2021-05-10,107.75,104.0,107.0,105.5,13.0,214226.0,65237589.0
2021-05-11,106.0,104.0,104.5,107.0,9.0,63248.0,65237589.0
2021-05-12,104.0,97.25,99.5,104.5,29.0,115977.0,65237589.0
2021-05-13,100.0,94.28,98.0,99.5,41.0,298654.0,65312589.0
2021-05-14,99.92,96.08,98.0,98.0,12.0,25243.0,65312589.0
2021-05-17,99.45,95.33,98.0,98.0,9.0,35954.0,65312589.0
2021-05-18,98.7,92.5,96.0,98.0,10.0,125151.0,65312589.0
2021-05-19,94.4,93.0,93.5,96.0,19.0,36279.0,65312589.0
2021-05-20,97.0,93.5,97.5,95.0,17.0,567646.0,65312589.0
2021-05-21,97.5,95.0,96.5,97.5,8.0,106957.0,65312589.0
2021-05-24,96.0,91.0,94.0,96.5,24.0,93398.0,65312589.0
2021-05-25,94.52,92.2,95.0,94.0,14.0,35321.0,65312589.0
2021-05-26,97.0,92.5,95.0,95.0,10.0,27160.0,65312589.0
2021-05-27,95.0,94.5,95.0,95.0,4.0,7090.0,65312589.0
2021-05-28,95.0,94.21,95.0,95.0,7.0,26697.0,65312589.0
2021-05-31,95.0,95.0,95.0,95.0,0.0,0.0,65312589.0
2021-06-01,95.0,93.0,95.0,95.0,5.0,9058.0,65312589.0
2021-06-02,94.5,92.11,92.5,95.0,8.0,19495.0,65312589.0
2021-06-03,93.0,90.0,92.5,92.5,8.0,49049.0,65312589.0
2021-06-04,92.9,90.0,92.5,92.5,7.0,25524.0,65312589.0
2021-06-07,91.99,87.06,88.5,92.5,10.0,36244.0,65312589.0
2021-06-08,95.0,90.0,92.5,94.0,31.0,317181.0,65312589.0
2021-06-09,92.2,90.0,91.0,92.5,13.0,110030.0,65312589.0
2021-06-10,90.95,84.2429,88.0,91.0,33.0,129691.0,65312589.0
2021-06-11,89.0,86.08,88.0,88.0,13.0,64241.0,65312589.0
2021-06-14,88.75,85.0,85.0,88.0,16.0,47567.0,65312589.0
2021-06-15,89.875,85.45,85.5,85.0,15.0,230994.0,65312589.0
2021-06-16,85.0,80.0,82.5,85.5,21.0,76946.0,65312589.0
2021-06-17,82.7,80.4293,81.5,82.5,4.0,19675.0,65312589.0
2021-06-18,82.4,80.0,81.5,81.5,12.0,103253.0,65312589.0
2021-06-21,86.9,82.02,85.0,81.5,29.0,98259.0,65312589.0
2021-06-22,86.1,84.3,85.0,85.0,13.0,33550.0,65312589.0
2021-06-23,86.0,83.25,85.0,85.0,20.0,242475.0,65312589.0
2021-06-24,95.0,84.69,92.5,85.0,43.0,135298.0,65312589.0
2021-06-25,95.7,91.1,94.5,92.5,49.0,220556.0,65312589.0
2021-06-28,97.5,93.55,95.5,94.5,68.0,472459.0,65312589.0
2021-06-29,97.0,91.0,93.0,95.5,41.0,148861.0,65312589.0
2021-06-30,93.25,91.3,93.0,93.0,15.0,43843.0,65312589.0
2021-07-01,93.0,86.15,88.5,93.0,26.0,96223.0,65312589.0
2021-07-02,94.0,87.5,92.0,88.5,31.0,101973.0,65312589.0
2021-07-05,94.0,87.1,88.0,92.0,18.0,57701.0,65312589.0
2021-07-06,89.0,84.0,86.0,88.0,19.0,91427.0,65312589.0
2021-07-07,86.3,82.0,85.0,86.0,23.0,170146.0,65312589.0
2021-07-08,86.0,83.2,85.0,85.0,11.0,109273.0,65312589.0
2021-07-09,88.0,83.2,85.0,85.0,6.0,73858.0,65312589.0
2021-07-12,85.25,83.2,85.0,85.0,10.0,25983.0,65312589.0
2021-07-13,85.4,83.5,85.0,85.0,8.0,645343.0,65312589.0
2021-07-14,87.1,84.0,85.0,85.0,9.0,28317.0,65312589.0
2021-07-15,87.88,87.75,85.5,85.0,5.0,6248.0,65312589.0
2021-07-16,87.5,85.0,86.0,86.0,6.0,34619.0,65312589.0
2021-07-19,86.0,84.3829,85.0,86.0,6.0,112377.0,65312589.0
2021-07-20,88.0,84.55,86.0,85.0,7.0,33840.0,65312589.0
2021-07-21,95.0,88.25,91.5,89.0,54.0,1274160.0,65312589.0
2021-07-22,93.25,88.66,91.5,91.5,18.0,176530.0,65312589.0
2021-07-23,91.75,88.0,91.5,91.5,9.0,16319.0,65312589.0
2021-07-26,94.0,82.1,84.0,91.5,22.0,112613.0,65312589.0
2021-07-27,87.7,82.31,87.5,85.0,7.0,25047.0,65312589.0
2021-07-28,89.0,85.25,87.5,87.5,9.0,25469.0,65312589.0
2021-07-29,88.5,85.7,87.5,87.5,4.0,24705.0,65312589.0
2021-07-30,89.6,85.25,87.5,87.5,7.0,13063.0,65312589.0
2021-08-02,89.75,85.1,86.5,87.5,8.0,25861.0,65312589.0
2021-08-03,88.75,82.4915,83.0,86.5,11.0,28904.0,65312589.0
2021-08-04,84.5564,80.05,82.0,83.0,37.0,185685.0,65312589.0
2021-08-05,86.6,81.355,82.5,82.0,13.0,59820.0,65312589.0
2021-08-06,84.9,82.25,83.0,82.5,10.0,47359.0,65312589.0
2021-08-09,86.88,83.1,84.0,83.0,9.0,10619.0,65312589.0
2021-08-10,91.85,88.0,91.0,85.0,14.0,99804.0,65312589.0
2021-08-11,92.0,86.75,87.5,91.0,11.0,39272.0,65312589.0
2021-08-12,88.5,87.875,87.5,87.5,7.0,11558.0,65312589.0
2021-08-13,90.625,87.25,87.5,87.5,28.0,56131.0,65312589.0
2021-08-16,88.125,86.75,87.5,87.5,3.0,18500.0,65312589.0
2021-08-17,90.0,86.3,88.5,87.5,11.0,43288.0,65312589.0
2021-08-18,91.88,87.3,89.5,88.5,4.0,23377.0,65312589.0
2021-08-19,92.0,90.75,90.5,89.5,2.0,7163.0,65312589.0
2021-08-20,89.55,89.5,90.5,90.5,3.0,20394.0,65312589.0
2021-08-23,92.0,89.55,90.5,90.5,7.0,8504.0,65312589.0
2021-08-24,94.5,89.15,93.0,90.5,10.0,99145.0,65312589.0
2021-08-25,96.0,92.25,95.0,93.0,14.0,191074.0,65312589.0
2021-08-26,95.75,94.0,94.0,95.0,7.0,18613.0,65312589.0
2021-08-27,95.175,92.25,94.0,94.0,4.0,39194.0,65312589.0
2021-08-30,94.0,94.0,94.0,94.0,0.0,0.0,65312589.0
2021-08-31,95.7,92.28,94.0,94.0,7.0,29816.0,65312589.0
2021-09-01,95.25,92.58,94.0,94.0,5.0,7198.0,65312589.0
2021-09-02,94.7,92.58,94.0,94.0,8.0,7611.0,65312589.0
2021-09-03,94.18,91.75,92.5,94.0,9.0,74329.0,65312589.0
2021-09-06,95.5,91.25,95.0,93.5,19.0,226761.0,65312589.0
2021-09-07,93.7,90.1,92.5,93.5,12.0,93622.0,65312589.0
2021-09-08,95.0,88.25,89.0,92.5,18.0,266502.0,65312589.0
2021-09-09,89.0,88.0,88.5,89.0,7.0,52000.0,65312589.0
2021-09-10,90.0,88.36,88.5,89.0,9.0,38174.0,65312589.0
2021-09-13,88.5,88.0,88.5,88.5,12.0,173206.0,65312589.0
2021-09-14,88.5,88.25,88.5,88.5,4.0,8196.0,65312589.0
2021-09-15,89.23,88.3,88.5,88.5,14.0,267668.0,65312589.0
2021-09-16,84.75,74.05,77.5,84.0,130.0,877768.0,65312589.0
2021-09-17,77.77,75.5,77.5,77.5,27.0,312106.0,65312589.0
2021-09-20,77.05,75.0,76.0,77.5,16.0,89690.0,65312589.0
2021-09-21,76.0,74.003,75.0,76.0,7.0,27665.0,65312589.0
2021-09-22,75.625,73.3,74.0,75.0,11.0,51411.0,65312589.0
2021-09-23,77.8,73.4,76.5,74.0,15.0,86734.0,65312589.0
2021-09-24,76.95,74.0,75.5,76.5,7.0,44732.0,65312589.0
2021-09-27,75.5,73.002,75.5,75.5,10.0,109379.0,65312589.0
2021-09-28,75.0,71.1,72.0,75.5,14.0,86685.0,65312589.0
2021-09-29,73.0,70.0,70.5,72.0,16.0,79577.0,65312589.0
2021-09-30,70.05,63.002,67.5,70.5,31.0,276624.0,65312589.0
2021-10-01,67.49,64.25,67.5,67.5,8.0,79857.0,65312589.0
2021-10-04,68.0,65.25,67.5,67.5,9.0,28056.0,65312589.0
2021-10-05,65.39,64.0,67.0,67.5,8.0,127029.0,65312589.0
2021-10-06,67.0,64.0,67.0,67.0,4.0,95754.0,65312589.0
2021-10-07,64.01,61.0,64.0,67.0,19.0,418843.0,65312589.0
2021-10-08,66.9,62.0,65.5,64.0,21.0,368475.0,65312589.0
2021-10-11,66.28,64.625,65.5,65.5,4.0,2594.0,65312589.0
2021-10-12,70.7,64.0,65.5,67.5,29.0,312207.0,65312589.0
2021-10-13,66.85,63.25,65.5,65.5,6.0,63598.0,65312589.0
2021-10-14,65.0,63.0,64.0,65.5,14.0,73220.0,65312589.0
2021-10-15,66.85,64.0,65.5,64.0,8.0,208814.0,65312589.0
2021-10-18,70.4,64.5,68.0,65.5,20.0,112168.0,65312589.0
2021-10-19,69.6,66.35,68.0,68.0,12.0,158108.0,65312589.0
2021-10-20,68.85,66.08,68.0,68.0,4.0,8469.0,65312589.0
2021-10-21,69.7,67.55,69.5,68.0,8.0,126421.0,65312589.0
2021-10-22,70.7,67.55,69.5,69.5,6.0,147202.0,65312589.0
2021-10-25,67.76,65.35,66.0,69.5,8.0,110067.0,65312589.0
2021-10-26,67.0,65.35,65.0,66.0,7.0,34088.0,65312589.0
2021-10-27,65.55,63.55,65.0,65.0,6.0,82971.0,65312589.0
2021-10-28,65.5,63.7,65.0,65.0,6.0,18191.0,65312589.0
2021-10-29,65.75,63.75,65.0,65.0,7.0,31250.0,65312589.0
2021-11-01,67.5,64.28,67.5,65.0,11.0,51087.0,65312589.0
2021-11-02,68.5,65.5,67.5,67.5,3.0,13102.0,65312589.0
2021-11-03,68.5,64.55,66.5,67.5,3.0,25046.0,65312589.0
2021-11-04,68.5,68.5,66.5,66.5,2.0,1014.0,65312589.0
2021-11-05,68.0,64.55,66.5,66.5,7.0,87380.0,65312589.0
2021-11-08,69.0,65.0,66.5,66.5,10.0,26059.0,65312589.0
2021-11-09,69.0,65.5,69.0,66.5,6.0,73131.0,65312589.0
2021-11-10,73.36,66.2,68.5,69.5,22.0,118153.0,65312589.0
2021-11-11,68.75,66.25,68.5,68.5,5.0,8052.0,65312589.0
2021-11-12,66.95,65.7,68.5,68.5,7.0,51901.0,65312589.0
2021-11-15,66.7,66.7,68.5,68.5,2.0,4135.0,65312589.0
2021-11-16,67.75,67.1,67.5,68.5,3.0,22232.0,65312589.0
2021-11-17,66.7,66.7,67.5,67.5,2.0,5000.0,65312589.0
2021-11-18,68.0,66.7,68.0,67.5,5.0,28396.0,65312589.0
2021-11-19,68.0,65.0,66.0,68.0,8.0,121870.0,65312589.0
2021-11-22,67.75,64.0,66.0,66.0,6.0,129562.0,65312589.0
2021-11-23,67.7,67.25,66.0,66.0,3.0,5882.0,65312589.0
2021-11-24,65.25,65.25,66.0,66.0,2.0,8505.0,65312589.0
2021-11-25,65.5,65.3,66.0,66.0,4.0,6060.0,65312589.0
2021-11-26,67.25,65.5,66.0,66.0,3.0,120923.0,65312589.0
2021-11-29,65.8,64.0,66.0,66.0,4.0,19264.0,65312589.0
2021-11-30,67.2,65.85,66.0,66.0,2.0,100595.0,65312589.0
2021-12-01,66.99,64.25,66.0,66.0,7.0,39172.0,65312589.0
2021-12-02,64.65,64.6,66.0,66.0,4.0,25000.0,65312589.0
2021-12-03,64.91,64.0,65.5,66.0,4.0,58000.0,65312589.0
2021-12-06,65.6,62.05,63.0,65.5,6.0,26250.0,65312589.0
2021-12-07,61.55,61.3,63.0,63.0,3.0,13116.0,65312589.0
2021-12-08,62.0,62.0,62.0,62.0,0.0,1.0,65312589.0
2021-12-09,62.0,61.0,62.0,62.0,4.0,24699.0,65312589.0
2021-12-10,61.303,61.0,62.0,62.0,3.0,43220.0,65312589.0
2021-12-13,61.1,61.04,61.5,62.0,4.0,9400.0,65312589.0
2021-12-14,61.7,60.0,60.0,61.5,7.0,29381.0,65312589.0
2021-12-15,59.04,58.04,59.0,60.0,2.0,2505.0,65402589.0
2021-12-16,58.7,58.0,58.5,59.0,4.0,52244.0,65402589.0
2021-12-17,58.49,56.0,57.0,58.5,10.0,85982.0,65402589.0
2021-12-20,57.495,57.1,57.0,57.0,4.0,47306.0,65402589.0
2021-12-21,57.96,56.5,57.0,57.0,2.0,11435.0,65402589.0
2021-12-22,61.5,56.55,61.5,57.0,10.0,32584.0,65402589.0
2021-12-23,60.1,58.0,57.5,61.5,9.0,71512.0,65402589.0
2021-12-24,60.0,58.05,57.5,57.5,4.0,67232.0,65402589.0
2021-12-27,57.5,57.5,57.5,57.5,0.0,0.0,65402589.0
2021-12-28,57.5,57.5,57.5,57.5,0.0,0.0,65402589.0
2021-12-29,60.0,56.0,58.0,57.5,9.0,49258.0,65402589.0
2021-12-30,59.0,59.0,58.0,58.0,3.0,1272940.0,65402589.0
2021-12-31,59.92,58.5,58.5,58.0,4.0,35899.0,65402589.0
2022-01-03,58.5,58.5,58.5,58.5,0.0,0.0,65402589.0
2022-01-04,62.2533,58.65,60.5,58.5,13.0,97051.0,65402589.0
2022-01-05,61.85,61.135,60.5,60.5,5.0,45855.0,65402589.0
2022-01-06,61.85,59.68,60.5,60.5,4.0,21251.0,65402589.0
2022-01-07,61.8,59.75,60.0,60.5,3.0,14791.0,65402589.0
2022-01-10,61.65,58.0477,60.0,60.0,13.0,87451.0,65402589.0
2022-01-11,59.25,57.0,58.5,60.0,8.0,45801.0,65402589.0
2022-01-12,59.25,57.0,58.5,58.5,2.0,9140.0,65402589.0
2022-01-13,59.125,56.1,58.0,58.5,9.0,96596.0,65402589.0
2022-01-14,59.0,56.3,59.0,58.0,5.0,226896.0,65402589.0
2022-01-17,59.9,56.0,58.0,59.0,14.0,172689.0,65402589.0
2022-01-18,57.25,57.25,58.0,58.0,1.0,5000.0,65402589.0
2022-01-19,68.8,56.6,63.5,65.0,45.0,305866.0,65402589.0
2022-01-20,66.7,62.0,63.5,63.5,15.0,130327.0,65402589.0
2022-01-21,65.4,60.25,62.0,63.5,11.0,67627.0,65402589.0
2022-01-24,63.0,61.99,63.0,62.0,8.0,37017.0,65402589.0
2022-01-25,62.0,62.0,63.0,63.0,2.0,31483.0,65402589.0
2022-01-26,63.0,63.0,63.0,63.0,0.0,0.0,65402589.0
2022-01-27,65.4,62.01,63.0,63.0,2.0,5010.0,65402589.0
2022-01-28,65.39,65.39,63.0,63.0,1.0,764.0,65402589.0
2022-01-31,63.0,63.0,63.0,63.0,0.0,0.0,65402589.0
2022-02-01,65.0,62.0,63.0,63.0,5.0,60682.0,65402589.0
2022-02-02,63.0,61.05,63.0,63.0,8.0,169156.0,65402589.0
2022-02-03,62.475,60.3,63.0,63.0,3.0,5235.0,65402589.0
2022-02-04,63.0,60.3,63.0,63.0,4.0,53488.0,65402589.0
2022-02-07,60.3,60.3,63.0,63.0,1.0,450.0,65402589.0
2022-02-08,60.3,60.3,63.0,63.0,1.0,1000.0,65402589.0
2022-02-09,63.0,58.0,63.0,63.0,6.0,1318629.0,65402589.0
2022-02-10,60.12,60.12,63.0,63.0,1.0,34.0,65402589.0
2022-02-11,61.0,60.12,61.0,63.0,3.0,219079.0,65402589.0
2022-02-14,59.5,56.0,57.0,59.5,11.0,50219.0,65402589.0
2022-02-15,60.0,56.0,60.0,57.0,27.0,1709821.0,65402589.0
2022-02-16,59.9,58.05,59.0,60.0,3.0,12921.0,65402589.0
2022-02-17,60.0,57.0,59.0,59.0,2.0,205000.0,65402589.0
2022-02-18,56.12,56.12,59.0,59.0,1.0,2612.0,65402589.0
2022-02-21,58.5,55.15,57.5,59.0,6.0,84113.0,65402589.0
2022-02-22,57.0,55.15,56.0,56.5,2.0,12044.0,65402589.0
2022-02-23,56.5,56.5,56.0,56.0,3.0,5526.0,65402589.0
2022-02-24,56.4,53.3774,53.5,55.0,8.0,16652.0,65402589.0
2022-02-25,54.0,53.05,53.5,53.5,9.0,232588.0,65402589.0
2022-02-28,53.74,53.74,53.5,53.5,2.0,3860.0,65402589.0
2022-03-01,59.85,56.0,57.5,57.0,21.0,494836.0,65402589.0
2022-03-02,58.0,56.01,57.5,57.5,18.0,326050.0,65402589.0
2022-03-03,59.0,56.55,57.5,57.5,15.0,215342.0,65402589.0
2022-03-04,58.5,55.1,57.5,57.5,14.0,165885.0,65402589.0
2022-03-07,57.45,54.0,55.5,57.5,6.0,27165.0,65402589.0
2022-03-08,57.5,56.75,55.5,55.5,9.0,153534.0,65402589.0
2022-03-09,57.0,54.15,55.5,55.5,4.0,19631.0,65402589.0
2022-03-10,57.99,57.99,56.0,55.5,1.0,5170.0,65402589.0
2022-03-11,57.0,56.0,56.0,56.0,4.0,18205.0,65402589.0
2022-03-14,58.0,56.0,56.0,56.0,4.0,8904.0,65402589.0
2022-03-15,59.0,56.85,57.5,57.5,12.0,119971.0,65402589.0
2022-03-16,60.0,56.025,59.5,57.5,19.0,274150.0,65402589.0
2022-03-17,60.0,60.0,59.5,59.5,3.0,252000.0,65402589.0
2022-03-18,59.47,54.25,56.0,59.5,24.0,252187.0,65402589.0
2022-03-21,56.03,55.25,55.5,56.0,5.0,35728.0,65402589.0
2022-03-22,66.5,57.55,58.5,57.5,44.0,345268.0,65402589.0
2022-03-23,60.0,59.5,60.0,58.5,11.0,148718.0,65402589.0
2022-03-24,60.0,60.0,60.0,60.0,11.0,128014.0,65402589.0
2022-03-25,60.06,58.05,59.0,60.0,14.0,92806.0,65402589.0
2022-03-28,60.0,58.05,59.0,59.0,9.0,88881.0,65402589.0
2022-03-29,59.9995,57.0,59.0,59.0,3.0,17175.0,65402589.0
2022-03-30,59.95,59.95,59.5,59.0,2.0,5407.0,65402589.0
2022-03-31,59.8,59.5,59.5,59.5,2.0,15784.0,65402589.0
2022-04-01,59.49,58.06,59.0,59.5,7.0,37603.0,65402589.0
2022-04-04,60.94,58.0,59.0,59.0,19.0,522784.0,65402589.0
2022-04-05,59.4,57.0,58.5,59.0,10.0,287281.0,65402589.0
2022-04-06,67.5,57.0,65.0,58.5,43.0,9356888.0,65402589.0
2022-04-07,69.3368,65.5,67.5,66.5,17.0,53504.0,65402589.0
2022-04-08,69.5,66.1,68.5,67.5,7.0,47779.0,65402589.0
2022-04-11,69.75,66.0,68.5,68.5,8.0,99844.0,65402589.0
2022-04-12,67.25,67.15,68.5,68.5,2.0,52254.0,65402589.0
2022-04-13,67.05,67.05,68.5,68.5,1.0,10000.0,65402589.0
2022-04-14,69.2,69.2,68.5,68.5,1.0,5000.0,65402589.0
2022-04-19,69.5,67.151,68.5,68.5,6.0,10480.0,65402589.0
2022-04-20,67.17,67.17,68.5,68.5,1.0,1500.0,65402589.0
2022-04-21,69.9,67.25,68.5,68.5,6.0,25245.0,65402589.0
2022-04-22,68.5,68.5,68.5,68.5,0.0,0.0,65402589.0
2022-04-25,67.75,66.0,68.5,68.5,6.0,34458.0,65402589.0
2022-04-26,74.7,72.0,73.0,71.0,21.0,114386.0,65402589.0
2022-04-27,75.28,72.05,73.0,73.0,9.0,101026.0,65402589.0
2022-04-28,73.0,73.0,73.0,73.0,0.0,0.0,65402589.0
2022-04-29,71.85,68.35,69.0,73.0,8.0,41359.0,65402589.0
2022-05-02,69.0,69.0,69.0,69.0,0.0,0.0,65402589.0
2022-05-03,68.62,68.52,69.0,69.0,2.0,11562.0,65402589.0
2022-05-04,68.98,66.15,67.5,69.0,9.0,76068.0,65402589.0
2022-05-05,67.38,61.75,63.0,67.5,25.0,136425.0,65402589.0
2022-05-06,62.7,62.25,64.5,63.0,4.0,5132.0,65402589.0
2022-05-09,62.3,62.3,64.5,64.5,3.0,11618.0,65402589.0
2022-05-10,64.5,62.25,64.5,64.5,10.0,59970.0,65402589.0
2022-05-11,62.25,62.25,64.5,64.5,1.0,1102.0,65402589.0
2022-05-12,62.49,62.15,63.5,64.5,2.0,1210.0,65402589.0
2022-05-13,62.06,62.06,63.5,63.5,1.0,32.0,65402589.0
2022-05-16,64.2,62.49,64.0,63.5,4.0,20616.0,65402589.0
2022-05-17,63.25,63.04,64.0,64.0,2.0,4428.0,65402589.0
2022-05-18,62.7,62.0,62.5,63.5,4.0,13918.0,65402589.0
2022-05-19,62.5,61.06,62.0,62.5,7.0,12185.0,65402589.0
2022-05-20,61.7,60.5,61.0,62.0,7.0,54919.0,65402589.0
2022-05-23,60.04,60.04,61.0,61.0,1.0,4174.0,65402589.0
2022-05-24,61.29,61.0,61.0,61.0,3.0,25881.0,65402589.0
2022-05-25,61.24,61.24,61.0,61.0,1.0,10000.0,65402589.0
2022-05-26,63.68,61.318,63.0,61.0,7.0,57602.0,65402589.0
2022-05-27,61.55,61.55,63.0,63.0,1.0,17000.0,65402589.0
2022-05-30,62.5,60.8737,63.5,63.0,5.0,91722.0,65402589.0
2022-05-31,62.4,62.4,63.5,63.5,1.0,25000.0,65402589.0
2022-06-01,68.0,61.0,66.5,63.5,11.0,841329.0,65402589.0
2022-06-02,66.5,66.5,66.5,66.5,0.0,0.0,65402589.0
2022-06-03,66.5,66.5,66.5,66.5,0.0,0.0,65402589.0
2022-06-06,68.67,67.67,68.0,66.5,7.0,15637.0,65402589.0
2022-06-07,68.0,65.0987,66.5,68.0,7.0,58973.0,65402589.0
2022-06-08,66.5,66.5,66.5,66.5,0.0,0.0,65402589.0
2022-06-09,68.0,65.6,66.5,66.5,4.0,54519.0,65402589.0
2022-06-10,68.0,66.1,67.0,66.5,13.0,61104.0,65402589.0
2022-06-13,67.75,65.111,66.0,67.0,18.0,36200.0,65402589.0
2022-06-14,67.5,67.25,66.0,66.0,2.0,5005.0,65402589.0
2022-06-15,67.5,63.15,64.0,66.0,4.0,40908.0,65402589.0
2022-06-16,64.96,64.89,64.5,64.0,5.0,9448.0,65402589.0
2022-06-17,64.88,63.2,64.0,64.5,5.0,21902.0,65402589.0
2022-06-20,64.4,62.2,63.5,64.0,3.0,23374.0,65402589.0
2022-06-21,63.9,62.1,63.5,63.5,2.0,2554.0,65402589.0
2022-06-22,63.77,63.77,63.5,63.5,1.0,7840.0,65402589.0
2022-06-23,63.68,62.04,62.5,63.5,4.0,11824.0,65402589.0
2022-06-24,62.89,61.11,61.5,62.5,6.0,49375.0,65402589.0
2022-06-27,61.11,60.0,61.0,61.5,7.0,41351.0,65402589.0
2022-06-28,60.06,58.5,59.0,61.5,5.0,27504.0,65402589.0
2022-06-29,59.4,57.1,58.5,59.0,7.0,7699.0,65402589.0
2022-06-30,58.6,56.1,58.0,58.5,12.0,76771.0,65452589.0
2022-07-01,59.9,56.55,58.0,58.0,7.0,18279.0,65452589.0
2022-07-04,57.82,57.2,58.0,58.0,2.0,35500.0,65452589.0
2022-07-05,60.0,59.75,59.5,58.0,4.0,14173.0,65452589.0
2022-07-06,59.5,59.5,59.5,59.5,0.0,0.0,65452589.0
2022-07-07,61.7,60.1,60.0,59.5,4.0,35339.0,65452589.0
2022-07-08,59.9,58.1,60.0,60.0,3.0,36661.0,65452589.0
2022-07-11,61.96,59.9,60.5,60.0,11.0,77582.0,65452589.0
2022-07-12,61.3,58.26,60.5,60.5,3.0,9648.0,65452589.0
2022-07-13,59.9,58.3,59.0,60.5,4.0,28581.0,65452589.0
2022-07-14,58.0,56.2,57.0,59.0,6.0,33669.0,65452589.0
2022-07-15,57.9,57.7,58.5,57.0,2.0,12098.0,65452589.0
2022-07-18,59.7,56.55,58.5,58.5,2.0,2714.0,65452589.0
2022-07-19,59.5,59.5,58.5,58.5,1.0,5042.0,65452589.0
2022-07-20,57.0,57.0,58.5,58.5,2.0,9119.0,65452589.0
2022-07-21,59.7,57.0,58.5,58.5,2.0,16400.0,65452589.0
2022-07-22,58.5,57.15,58.5,58.5,3.0,29100.0,65452589.0
2022-07-25,59.7,56.3,59.5,58.5,5.0,40587.0,65452589.0
2022-07-26,60.399,60.3,59.5,59.5,2.0,6487.0,65452589.0
2022-07-27,65.6,62.0,62.5,62.5,11.0,53750.0,65452589.0
2022-07-28,62.88,61.2,61.5,62.5,7.0,165893.0,65452589.0
2022-07-29,62.66,61.5,61.5,61.5,4.0,15460.0,65452589.0
2022-08-01,62.5,60.22,62.0,61.5,7.0,25212.0,65452589.0
2022-08-02,61.5,61.5,61.5,61.5,0.0,1.0,65452589.0
2022-08-03,60.5,60.06,61.5,61.5,3.0,17580.0,65452589.0
2022-08-04,61.877,61.877,61.5,61.5,1.0,80.0,65452589.0
2022-08-05,61.877,61.877,61.5,61.5,1.0,7818.0,65452589.0
2022-08-08,60.0,59.0,58.0,61.5,3.0,30119.0,65452589.0
2022-08-09,59.2,55.0,57.5,58.0,4.0,37543.0,65452589.0
2022-08-10,59.0,55.1,57.5,57.5,3.0,4600.0,65452589.0
2022-08-11,57.5,57.5,57.5,57.5,0.0,0.0,65452589.0
2022-08-12,56.25,55.1,57.5,57.5,2.0,42500.0,65452589.0
2022-08-15,55.5,55.25,57.5,57.5,4.0,2997.0,65452589.0
2022-08-16,59.0,57.0,57.5,57.5,6.0,20883.0,65452589.0
2022-08-17,58.75,57.25,57.5,57.5,5.0,13719.0,65452589.0
2022-08-18,57.5,57.5,57.5,57.5,0.0,0.0,65452589.0
2022-08-19,60.0,58.75,57.5,57.5,2.0,30000.0,65452589.0
2022-08-22,58.75,53.5,57.0,57.5,3.0,110008.0,65452589.0
2022-08-23,56.84,56.7,56.5,57.0,2.0,5590.0,65452589.0
2022-08-24,56.0,53.5,54.0,56.5,5.0,15160.0,65452589.0
2022-08-25,55.0,53.65,54.0,54.0,4.0,60762.0,65452589.0
2022-08-26,54.75,53.6605,54.0,54.0,4.0,36160.0,65452589.0
2022-08-29,54.0,54.0,54.0,54.0,0.0,0.0,65452589.0
2022-08-30,53.75,52.9778,52.0,54.0,6.0,40142.0,65452589.0
2022-08-31,52.0,52.0,52.0,52.0,0.0,0.0,65452589.0
2022-09-01,52.16,51.1,52.0,52.0,6.0,44556.0,65452589.0
2022-09-02,52.96,52.8,52.0,52.0,3.0,7746.0,65452589.0
2022-09-05,53.0,51.5,52.0,52.0,7.0,55913.0,65452589.0
2022-09-06,54.55,52.0,53.5,53.5,12.0,131516.0,65452589.0
2022-09-07,61.0,52.5,60.0,53.5,13.0,507871.0,65452589.0
2022-09-08,60.96,56.75,59.0,60.0,13.0,105508.0,65452589.0
2022-09-09,62.0,58.15,61.5,59.0,10.0,105078.0,65452589.0
2022-09-12,60.7,59.0,60.5,61.5,6.0,24706.0,65452589.0
2022-09-13,59.7,59.0,59.0,60.5,4.0,28700.0,65452589.0
2022-09-14,56.2,56.2,57.0,58.0,2.0,16301.0,65452589.0
2022-09-15,57.6,56.04,57.0,57.0,3.0,2009.0,65452589.0
2022-09-16,56.04,56.04,57.0,57.0,2.0,5706.0,65452589.0
2022-09-19,57.0,57.0,57.0,57.0,0.0,0.0,65452589.0
2022-09-20,57.0,56.04,57.0,57.0,2.0,5013.0,65452589.0
2022-09-21,56.05,56.05,56.0,57.0,2.0,9223.0,65452589.0
2022-09-22,56.7,52.04,52.5,57.5,13.0,75860.0,65452589.0
2022-09-23,52.0,52.0,52.0,52.5,1.0,2461.0,65452589.0
2022-09-26,54.0,51.06,52.5,52.0,4.0,22093.0,65452589.0
2022-09-27,51.22,50.5,51.5,52.5,5.0,37080.0,65452589.0
2022-09-28,50.65,50.65,51.0,51.5,1.0,48330.0,65452589.0
2022-09-29,49.2,48.0,48.0,51.0,10.0,59232.0,65452589.0
2022-09-30,49.0,49.0,48.0,48.0,1.0,408.0,65452589.0
2022-10-03,46.95,46.25,47.5,48.0,11.0,101558.0,65452589.0
2022-10-04,52.0,47.1,52.0,47.5,5.0,45000.0,65452589.0
2022-10-05,57.0,46.87,54.5,52.0,7.0,125515.0,65452589.0
2022-10-06,54.5,54.5,54.5,54.5,0.0,0.0,65452589.0
2022-10-07,53.1,52.1,54.5,54.5,2.0,15000.0,65452589.0
2022-10-10,54.5,54.5,54.5,54.5,0.0,0.0,65452589.0
2022-10-11,54.56,52.0,54.0,54.5,3.0,21646.0,65452589.0
2022-10-12,55.5,54.5,54.0,54.0,2.0,13377.0,65452589.0
2022-10-13,54.0,54.0,54.0,54.0,0.0,0.0,65452589.0
2022-10-14,60.0,54.5,54.5,54.0,7.0,184666.0,65452589.0
2022-10-17,53.45,53.45,54.5,54.5,1.0,208.0,65452589.0
2022-10-18,56.0,54.05,54.5,54.5,2.0,20000.0,65452589.0
2022-10-19,53.51,53.0,54.5,54.5,3.0,19774.0,65452589.0
2022-10-20,54.7,54.05,55.5,55.5,2.0,20000.0,65452589.0
2022-10-21,53.88,53.88,55.0,55.5,2.0,17500.0,65452589.0
2022-10-24,54.96,53.05,55.0,55.0,7.0,53550.0,65452589.0
2022-10-25,58.8,53.55,57.0,55.0,11.0,79397.0,65452589.0
2022-10-26,58.56,56.255,57.0,57.0,4.0,40500.0,65452589.0
2022-10-27,58.92,55.11,56.5,57.0,19.0,182117.0,65452589.0
2022-10-28,56.3,55.11,56.0,56.5,4.0,26800.0,65452589.0
2022-10-31,56.78,54.01,55.0,56.0,7.0,38641.0,65452589.0
2022-11-01,55.0,55.0,55.0,55.0,0.0,0.0,65452589.0
2022-11-02,54.0,54.0,54.0,55.0,1.0,7500.0,65452589.0
2022-11-03,53.5,51.55,53.0,54.0,4.0,31500.0,65452589.0
2022-11-04,51.65,51.65,53.0,53.0,1.0,371.0,65452589.0
2022-11-07,53.0,53.0,53.0,53.0,0.0,0.0,65452589.0
2022-11-08,51.55,51.4,52.0,53.0,2.0,11000.0,65452589.0
2022-11-09,51.4,50.7846,51.0,52.0,5.0,58224.0,65452589.0
2022-11-10,54.7,51.7,53.5,51.0,11.0,84000.0,65452589.0
2022-11-11,54.44,52.15,54.0,53.5,9.0,65039.0,65452589.0
2022-11-14,53.1,52.0,53.0,54.0,6.0,41976.0,65452589.0
2022-11-15,52.85,51.0,51.5,53.0,11.0,56350.0,65452589.0
2022-11-16,53.5,52.55,53.5,51.5,5.0,25472.0,65452589.0
2022-11-17,53.5,53.5,53.5,53.5,0.0,0.0,65452589.0
2022-11-18,53.5,53.5,53.5,53.5,0.0,0.0,65452589.0
2022-11-21,53.5,53.5,53.5,53.5,0.0,0.0,65452589.0
2022-11-22,52.35,52.1,53.0,53.5,2.0,10047.0,65452589.0
2022-11-23,54.0,52.1,53.0,53.0,4.0,8072.0,65452589.0
2022-11-24,53.0,53.0,53.0,53.0,0.0,0.0,65452589.0
2022-11-25,52.1,52.1,53.0,53.0,1.0,10.0,65452589.0
2022-11-28,53.99,52.151,53.0,53.0,8.0,155890.0,65452589.0
2022-11-29,52.3,52.3,53.0,53.0,1.0,7666.0,65452589.0
2022-11-30,52.1,50.1,52.5,53.0,14.0,102878.0,65452589.0
2022-12-01,51.50001,51.50001,52.5,52.5,1.0,50000.0,65452589.0
2022-12-02,52.55,51.15,52.5,52.5,5.0,139607.0,65452589.0
2022-12-05,52.5,52.5,52.5,52.5,0.0,0.0,65452589.0
2022-12-06,51.32,50.0,51.0,52.5,6.0,140279.0,65452589.0
2022-12-07,51.5,50.0,51.5,51.0,4.0,52408.0,65452589.0
2022-12-08,52.585,49.3,53.0,51.5,13.0,111901.0,65452589.0
2022-12-09,51.95,50.809,53.0,53.0,6.0,194131.0,65452589.0
2022-12-12,51.3,51.3,53.0,53.0,2.0,1648.0,65452589.0
2022-12-13,54.5,51.0,53.0,53.0,5.0,34536.0,65452589.0
2022-12-14,53.0,53.0,53.0,53.0,0.0,0.0,65452589.0
2022-12-15,51.55,51.55,53.0,53.0,2.0,3519.0,65452589.0
2022-12-16,51.65,51.1,53.0,53.0,3.0,22702.0,65452589.0
2022-12-19,51.55,51.55,52.5,53.0,1.0,2500.0,65452589.0
2022-12-20,51.3,51.3,52.5,52.5,1.0,2500.0,65452589.0
2022-12-21,52.5,51.0,52.5,52.5,5.0,33024.0,65452589.0
2022-12-22,51.3,51.3,52.5,52.5,1.0,2000.0,65452589.0
2022-12-23,52.5,51.3,52.5,52.5,3.0,45000.0,65452589.0
2022-12-27,52.5,52.5,52.5,52.5,0.0,0.0,65452589.0
2022-12-28,53.0,51.0,53.0,52.5,6.0,24778.0,65452589.0
2022-12-29,52.9,51.0,53.0,53.0,2.0,8400.0,65452589.0
2022-12-30,51.0,51.0,53.0,53.0,1.0,5000.0,65452589.0
2023-01-02,53.0,53.0,53.0,53.0,0.0,0.0,65452589.0
2023-01-03,51.35,50.0,50.5,53.0,14.0,115329.0,65452589.0
2023-01-04,53.3,50.25,52.0,50.5,5.0,74609.0,65452589.0
2023-01-05,50.61,50.61,52.0,52.0,1.0,16000.0,65452589.0
2023-01-06,52.0,50.479,52.0,52.0,2.0,159406.0,65452589.0
2023-01-09,52.0,50.7,52.0,52.0,2.0,315045.0,65452589.0
2023-01-10,54.75,52.51,53.5,52.0,4.0,85000.0,65452589.0
2023-01-11,58.0,54.2,55.0,53.5,14.0,176076.0,65452589.0
2023-01-12,57.5,55.0,56.5,55.0,9.0,45005.0,65452589.0
2023-01-13,55.75,55.75,56.5,56.5,1.0,10174.0,65452589.0
2023-01-16,57.25,55.0,56.5,56.5,4.0,13300.0,65452589.0
2023-01-17,54.5,52.0,54.0,56.5,6.0,115166.0,65452589.0
2023-01-18,53.74,52.08,53.5,54.0,5.0,79244.0,65452589.0
2023-01-19,53.5,53.5,53.5,53.5,-1.0,0.0,65452589.0
2023-01-20,53.0,51.2,52.5,53.5,7.0,75993.0,65452589.0
2023-01-23,52.5,51.05,53.5,52.5,9.0,137000.0,65452589.0
2023-01-24,55.5,51.6,54.0,53.5,3.0,33128.0,65452589.0
2023-01-25,54.0,54.0,54.0,54.0,-1.0,0.0,65452589.0
2023-01-26,58.0,55.5,56.5,54.0,6.0,45000.0,65452589.0
2023-01-27,60.0,51.4695,57.5,57.5,9.0,89618.0,65452589.0
2023-01-30,57.16,57.16,57.5,57.5,1.0,5250.0,65452589.0
2023-01-31,57.4,56.0,57.0,57.5,3.0,15873.0,65452589.0
2023-02-01,56.01,56.01,57.0,57.0,1.0,2500.0,65452589.0
2023-02-02,59.78,53.0,53.5,60.5,29.0,253120.0,65452589.0
2023-02-03,53.5,53.0,54.0,53.5,4.0,22950.0,65452589.0
2023-02-06,54.28,53.0,54.0,54.0,4.0,10898.0,65452589.0
2023-02-07,54.0,54.0,54.0,54.0,-1.0,0.0,65452589.0
2023-02-08,53.3,53.3,54.0,54.0,1.0,1876.0,65452589.0
2023-02-09,53.3,53.3,54.0,54.0,1.0,5614.0,65452589.0
2023-02-10,55.0,53.0,55.0,54.0,9.0,100357.0,65452589.0
2023-02-13,57.0,54.15,56.0,55.0,9.0,58082.0,65452589.0
2023-02-14,55.15,55.15,55.0,56.0,1.0,15000.0,65452589.0
2023-02-15,55.0,55.0,55.0,55.0,-1.0,0.0,65452589.0
2023-02-16,54.7,52.5,53.5,55.0,5.0,35000.0,65452589.0
2023-02-17,52.665,52.665,53.5,53.5,1.0,894.0,65452589.0
2023-02-20,54.7,54.7,54.5,53.5,1.0,1519.0,65452589.0
2023-02-21,53.4,53.3,54.5,54.5,3.0,48342.0,65452589.0
2023-02-22,53.56,52.68,53.0,54.5,4.0,70738.0,65452589.0
2023-02-23,53.7,53.7,54.5,53.0,1.0,20000.0,65452589.0
2023-02-24,53.15,52.32,52.5,54.5,3.0,34533.0,65452589.0
2023-02-27,52.35,52.05,52.5,52.5,3.0,45000.0,65452589.0
2023-02-28,53.0,52.11,53.0,52.5,5.0,68755.0,65452589.0
2023-03-01,53.5,52.03,53.0,53.0,6.0,20041.0,65452589.0
2023-03-02,53.0,52.7,53.0,53.0,3.0,62828.0,65452589.0
2023-03-03,52.2,50.15,50.5,53.0,13.0,317904.0,65452589.0
2023-03-06,52.5,50.7,52.5,50.5,4.0,29206.0,65452589.0
2023-03-07,55.9,53.0,54.5,52.5,6.0,245048.0,65452589.0
2023-03-08,55.6,54.0,55.0,54.5,4.0,70479.0,65452589.0
2023-03-09,55.8,51.0,52.0,55.0,10.0,435233.0,65452589.0
2023-03-10,50.0,46.75,48.5,52.0,35.0,886106.0,65452589.0
2023-03-13,48.95,44.0,46.0,48.5,29.0,287980.0,65452589.0
2023-03-14,47.95,44.35,46.0,46.5,9.0,85695.0,65452589.0
2023-03-15,46.76,46.32,46.0,46.0,4.0,135692.0,65452589.0
2023-03-16,50.7,46.88,50.0,46.0,11.0,311203.0,65452589.0
2023-03-17,50.5,49.365,50.0,50.0,4.0,22404.0,65452589.0
2023-03-20,49.12,47.15,47.5,50.0,5.0,46921.0,65452589.0
2023-03-21,47.7,47.3,48.5,47.5,3.0,27000.0,65452589.0
2023-03-22,47.377,47.377,48.5,48.5,1.0,5000.0,65452589.0
2023-03-23,50.7,47.377,50.0,48.5,10.0,210142.0,65452589.0
2023-03-24,49.3,48.8,48.0,50.0,4.0,60000.0,65452589.0
2023-03-27,50.7,49.0,49.5,48.0,8.0,58952.0,65452589.0
2023-03-28,50.72,49.455,49.5,49.5,6.0,110000.0,65452589.0
2023-03-29,49.5,49.5,49.5,49.5,-1.0,0.0,65452589.0
2023-03-30,50.67,50.0,50.0,49.5,3.0,117500.0,65452589.0
2023-03-31,51.718,49.8,50.0,50.0,3.0,83487.0,65452589.0
2023-04-03,56.0,51.45,53.5,50.0,19.0,286806.0,65452589.0
2023-04-04,53.7,51.6,52.0,53.5,4.0,47988.0,65452589.0
2023-04-05,52.98,51.85,52.0,52.0,5.0,44228.0,65452589.0
2023-04-06,53.7,52.11,52.5,52.0,9.0,113534.0,65452589.0
2023-04-11,53.85,51.0,52.5,52.5,7.0,28094.0,65452589.0
2023-04-12,52.5,52.3,52.5,52.5,2.0,10000.0,65452589.0
2023-04-13,52.3,51.785,52.5,52.5,2.0,19827.0,65452589.0
2023-04-14,53.3,51.785,52.5,52.5,3.0,7472.0,65452589.0
2023-04-17,53.22,51.25,51.5,52.5,5.0,58283.0,65452589.0
2023-04-18,51.06,49.1,49.0,51.5,12.0,155006.0,65452589.0
2023-04-19,49.0,49.0,49.0,49.0,-1.0,0.0,65452589.0
2023-04-20,50.0,49.7,49.5,49.0,4.0,9509.0,65452589.0
2023-04-21,49.15,49.15,49.5,49.5,1.0,5000.0,65452589.0
2023-04-24,49.99,49.0,49.5,49.5,3.0,26263.0,65452589.0
2023-04-25,50.0,49.0,49.5,49.5,3.0,55200.0,65452589.0
2023-04-26,49.9,49.06,49.5,49.5,2.0,10200.0,65452589.0
2023-04-27,49.155,49.1,49.0,49.5,2.0,14515.0,65452589.0
2023-04-28,50.0,49.5,49.5,49.0,4.0,65120.0,65452589.0
2023-05-02,50.7,50.0,50.0,49.5,3.0,35000.0,65452589.0
2023-05-03,50.0,49.25,50.0,50.0,5.0,1006144.0,65452589.0
2023-05-04,49.3,46.25,48.5,50.0,8.0,102430.0,65452589.0
2023-05-05,48.9,47.1,49.0,48.5,8.0,54441.0,65452589.0
2023-05-08,49.0,49.0,49.0,49.0,0.0,0.0,65452589.0
2023-05-09,53.0,48.9,51.5,49.0,23.0,176435.0,65452589.0
2023-05-10,58.0,50.2,57.5,51.5,23.0,145365.0,65452589.0
2023-05-11,57.5,54.0,56.0,57.5,24.0,269742.0,65452589.0
2023-05-12,55.4,54.12,54.5,56.0,3.0,17557.0,65452589.0
2023-05-15,54.05,52.51,53.0,54.5,7.0,28272.0,65452589.0
2023-05-16,52.5,51.125,52.0,53.0,3.0,7487.0,65452589.0
2023-05-17,52.34,51.1,51.5,52.0,5.0,30000.0,65452589.0
2023-05-18,51.5,51.5,51.5,51.5,-1.0,0.0,65452589.0
2023-05-19,52.97,51.15,51.5,51.5,5.0,40000.0,65452589.0
2023-05-22,53.0,51.3,51.5,51.5,3.0,20000.0,65452589.0
2023-05-23,55.0,51.5,53.5,51.5,8.0,63000.0,65452589.0
2023-05-24,56.9,52.33,56.0,53.5,22.0,289730.0,65452589.0
2023-05-25,56.88,56.88,56.5,56.0,2.0,10501.0,65452589.0
2023-05-26,58.0,55.0,56.5,56.5,10.0,194429.0,65452589.0
2023-05-29,56.5,56.5,56.5,56.5,0.0,0.0,65452589.0
2023-05-30,57.82,56.4,56.5,56.5,7.0,68174.0,65452589.0
2023-05-31,57.74,55.36,56.5,56.5,3.0,6917.0,65452589.0
2023-06-01,57.7,55.45,56.5,56.5,3.0,24500.0,65452589.0
2023-06-02,57.22,55.48,56.5,56.5,5.0,22466.0,65452589.0
2023-06-05,56.5,56.5,56.5,56.5,-1.0,0.0,65452589.0
2023-06-06,56.5,56.5,56.5,56.5,-1.0,0.0,65452589.0
2023-06-07,57.68,56.21,58.0,57.0,3.0,28002.0,65452589.0
2023-06-08,57.47,55.3,56.0,58.0,6.0,27046.0,65452589.0
2023-06-09,57.439,55.32,57.0,56.0,5.0,52517.0,65452589.0
2023-06-12,59.25,56.102,57.5,57.0,5.0,15879.0,65452589.0
2023-06-13,56.67,55.75,57.5,57.5,11.0,163202.0,65452589.0
2023-06-14,56.5,55.4,56.5,57.5,5.0,60964.0,65452589.0
2023-06-15,55.6,53.0,54.5,56.5,6.0,45485.0,65452589.0
2023-06-16,54.488,52.41,53.5,54.5,3.0,27082.0,65452589.0
2023-06-19,54.55,50.2039,51.5,53.5,6.0,133509.0,65452589.0
2023-06-20,51.5,51.5,51.5,51.5,-1.0,0.0,65452589.0
2023-06-21,51.8,51.0,51.5,51.5,2.0,3151.0,65452589.0
2023-06-22,51.845,51.285,53.0,51.5,5.0,67392.0,65452589.0
2023-06-23,53.0,51.15,53.0,53.0,4.0,546231.0,65452589.0
2023-06-26,54.88,52.54,53.5,53.0,6.0,60947.0,65452589.0
2023-06-27,52.555,52.41,53.5,53.5,2.0,28828.0,65452589.0
2023-06-28,53.5,53.5,53.5,53.5,-1.0,0.0,65452589.0
2023-06-29,54.35,54.215,53.5,53.5,2.0,7183.0,65452589.0
2023-06-30,53.5,53.5,53.5,53.5,-1.0,0.0,65452589.0
2023-07-03,54.12,50.65,51.5,53.5,5.0,76225.0,65452589.0
2023-07-04,50.65,50.65,51.5,51.5,2.0,4422.0,65452589.0
2023-07-05,51.9999,51.95,51.5,51.5,2.0,36048.0,65452589.0
2023-07-06,51.8,50.88,51.5,51.5,3.0,31000.0,65452589.0
2023-07-07,52.64,50.48,51.5,51.5,6.0,87016.0,65452589.0
2023-07-10,51.5,51.5,51.5,51.5,-1.0,0.0,65452589.0
