Date,HIGH,LOW,CLOSE,OPEN,COUNT,VOLUME,SHROUT
1983-01-04,,,,,0.0,0.0,
1983-01-05,,,,,0.0,1.0,
1983-01-06,,,,,0.0,1.0,
1983-01-07,,,,,0.0,1.0,
1983-01-10,,,,,0.0,1.0,
1983-01-11,,,,,0.0,1.0,
1983-01-12,,,,,0.0,1.0,
1983-01-13,,,,,0.0,1.0,
1983-01-14,,,,,0.0,1.0,
1983-01-17,,,,,0.0,1.0,
1983-01-18,,,,,0.0,1.0,
1983-01-19,,,,,0.0,1.0,
1983-01-20,,,,,0.0,1.0,
1983-01-21,,,,,0.0,1.0,
1983-01-24,,,,,0.0,1.0,
1983-01-25,,,,,0.0,1.0,
1983-01-26,,,,,0.0,1.0,
1983-01-27,,,,,0.0,1.0,
1983-01-28,,,,,0.0,1.0,
1983-01-31,,,,,0.0,1.0,
1983-02-01,,,,,0.0,1.0,
1983-02-02,,,,,0.0,1.0,
1983-02-03,,,,,0.0,1.0,
1983-02-04,,,,,0.0,1.0,
1983-02-07,,,,,0.0,1.0,
1983-02-08,,,,,0.0,1.0,
1983-02-09,,,,,0.0,1.0,
1983-02-10,,,,,0.0,1.0,
1983-02-11,,,,,0.0,1.0,
1983-02-14,,,,,0.0,1.0,
1983-02-15,,,,,0.0,1.0,
1983-02-16,,,,,0.0,1.0,
1983-02-17,,,,,0.0,1.0,
1983-02-18,,,,,0.0,1.0,
1983-02-21,,,,,0.0,1.0,
1983-02-22,,,,,0.0,1.0,
1983-02-23,,,,,0.0,1.0,
1983-02-24,,,,,0.0,1.0,
1983-02-25,,,,,0.0,1.0,
1983-02-28,,,,,0.0,1.0,
1983-03-01,,,,,0.0,1.0,
1983-03-02,,,,,0.0,1.0,
1983-03-03,,,,,0.0,1.0,
1983-03-04,,,,,0.0,1.0,
1983-03-07,,,,,0.0,1.0,
1983-03-08,,,,,0.0,1.0,
1983-03-09,,,,,0.0,1.0,
1983-03-10,,,,,0.0,1.0,
1983-03-11,,,,,0.0,1.0,
1983-03-14,,,,,0.0,1.0,
1983-03-15,,,,,0.0,1.0,
1983-03-16,,,,,0.0,1.0,
1983-03-17,,,,,0.0,1.0,
1983-03-18,,,,,0.0,1.0,
1983-03-21,,,,,0.0,1.0,
1983-03-22,,,,,0.0,1.0,
1983-03-23,,,,,0.0,1.0,
1983-03-24,,,,,0.0,1.0,
1983-03-25,,,,,0.0,1.0,
1983-03-28,,,,,0.0,1.0,
1983-03-29,,,,,0.0,1.0,
1983-03-30,,,,,0.0,1.0,
1983-03-31,,,,,0.0,1.0,
1983-04-01,,,,,0.0,1.0,
1983-04-04,,,,,0.0,1.0,
1983-04-05,,,,,0.0,1.0,
1983-04-06,,,,,0.0,1.0,
1983-04-07,,,,,0.0,1.0,
1983-04-08,,,,,0.0,1.0,
1983-04-11,,,,,0.0,1.0,
1983-04-12,,,,,0.0,1.0,
1983-04-13,,,,,0.0,1.0,
1983-04-14,,,,,0.0,1.0,
1983-04-15,,,,,0.0,1.0,
1983-04-18,,,,,0.0,1.0,
1983-04-19,,,,,0.0,1.0,
1983-04-20,,,,,0.0,1.0,
1983-04-21,,,,,0.0,1.0,
1983-04-22,,,,,0.0,1.0,
1983-04-25,,,,,0.0,1.0,
1983-04-26,,,,,0.0,1.0,
1983-04-27,,,,,0.0,1.0,
1983-04-28,,,,,0.0,1.0,
1983-04-29,,,,,0.0,1.0,
1983-05-02,,,,,0.0,1.0,
1983-05-03,,,,,0.0,1.0,
1983-05-04,,,,,0.0,1.0,
1983-05-05,,,,,0.0,1.0,
1983-05-06,,,,,0.0,1.0,
1983-05-09,,,,,0.0,1.0,
1983-05-10,,,,,0.0,1.0,
1983-05-11,,,,,0.0,1.0,
1983-05-12,,,,,0.0,1.0,
1983-05-13,,,,,0.0,1.0,
1983-05-16,,,,,0.0,1.0,
1983-05-17,,,,,0.0,1.0,
1983-05-18,,,,,0.0,1.0,
1983-05-19,,,,,0.0,1.0,
1983-05-20,,,,,0.0,1.0,
1983-05-23,,,,,0.0,1.0,
1983-05-24,,,,,0.0,1.0,
1983-05-25,,,,,0.0,1.0,
1983-05-26,,,,,0.0,1.0,
1983-05-27,,,,,0.0,1.0,
1983-05-30,,,,,0.0,1.0,
1983-05-31,,,,,0.0,1.0,
1983-06-01,,,,,0.0,1.0,
1983-06-02,,,,,0.0,1.0,
1983-06-03,,,,,0.0,1.0,
1983-06-06,,,,,0.0,1.0,
1983-06-07,,,,,0.0,1.0,
1983-06-08,,,,,0.0,1.0,
1983-06-09,,,,,0.0,1.0,
1983-06-10,,,,,0.0,1.0,
1983-06-13,,,,,0.0,1.0,
1983-06-14,,,,,0.0,1.0,
1983-06-15,,,,,0.0,1.0,
1983-06-16,,,,,0.0,1.0,
1983-06-17,,,,,0.0,1.0,
1983-06-20,,,,,0.0,1.0,
1983-06-21,,,,,0.0,1.0,
1983-06-22,,,,,0.0,1.0,
1983-06-23,,,,,0.0,1.0,
1983-06-24,,,,,0.0,1.0,
1983-06-27,,,,,0.0,1.0,
1983-06-28,,,,,0.0,1.0,
1983-06-29,,,,,0.0,1.0,
1983-06-30,,,,,0.0,1.0,
1983-07-01,,,,,0.0,1.0,
1983-07-04,,,,,0.0,1.0,
1983-07-05,,,,,0.0,1.0,
1983-07-06,,,,,0.0,1.0,
1983-07-07,,,,,0.0,1.0,
1983-07-08,,,,,0.0,1.0,
1983-07-11,,,,,0.0,1.0,
1983-07-12,,,,,0.0,1.0,
1983-07-13,,,,,0.0,1.0,
1983-07-14,,,,,0.0,1.0,
1983-07-15,,,,,0.0,1.0,
1983-07-18,,,,,0.0,1.0,
1983-07-19,,,,,0.0,1.0,
1983-07-20,,,,,0.0,1.0,
1983-07-21,,,,,0.0,1.0,
1983-07-22,,,,,0.0,1.0,
1983-07-25,,,,,0.0,1.0,
1983-07-26,,,,,0.0,1.0,
1983-07-27,,,,,0.0,1.0,
1983-07-28,,,,,0.0,1.0,
1983-07-29,,,,,0.0,1.0,
1983-08-01,,,,,0.0,1.0,
1983-08-02,,,,,0.0,1.0,
1983-08-03,,,,,0.0,1.0,
1983-08-04,,,,,0.0,1.0,
1983-08-05,,,,,0.0,1.0,
1983-08-08,,,,,0.0,1.0,
1983-08-09,,,,,0.0,1.0,
1983-08-10,,,,,0.0,1.0,
1983-08-11,,,,,0.0,1.0,
1983-08-12,,,,,0.0,1.0,
1983-08-15,,,,,0.0,1.0,
1983-08-16,,,,,0.0,1.0,
1983-08-17,,,,,0.0,1.0,
1983-08-18,,,,,0.0,1.0,
1983-08-19,,,,,0.0,1.0,
1983-08-22,,,,,0.0,1.0,
1983-08-23,,,,,0.0,1.0,
1983-08-24,,,,,0.0,1.0,
1983-08-25,,,,,0.0,1.0,
1983-08-26,,,,,0.0,1.0,
1983-08-29,,,,,0.0,1.0,
1983-08-30,,,,,0.0,1.0,
1983-08-31,,,,,0.0,1.0,
1983-09-01,,,,,0.0,1.0,
1983-09-02,,,,,0.0,1.0,
1983-09-05,,,,,0.0,1.0,
1983-09-06,,,,,0.0,1.0,
1983-09-07,,,,,0.0,1.0,
1983-09-08,,,,,0.0,1.0,
1983-09-09,,,,,0.0,1.0,
1983-09-12,,,,,0.0,1.0,
1983-09-13,,,,,0.0,1.0,
1983-09-14,,,,,0.0,1.0,
1983-09-15,,,,,0.0,1.0,
1983-09-16,,,,,0.0,1.0,
1983-09-19,,,,,0.0,1.0,
1983-09-20,,,,,0.0,1.0,
1983-09-21,,,,,0.0,1.0,
1983-09-22,,,,,0.0,1.0,
1983-09-23,,,,,0.0,1.0,
1983-09-26,,,,,0.0,1.0,
1983-09-27,,,,,0.0,1.0,
1983-09-28,,,,,0.0,1.0,
1983-09-29,,,,,0.0,1.0,
1983-09-30,,,,,0.0,1.0,
1983-10-03,,,,,0.0,1.0,
1983-10-04,,,,,0.0,1.0,
1983-10-05,,,,,0.0,1.0,
1983-10-06,,,,,0.0,1.0,
1983-10-07,,,,,0.0,1.0,
1983-10-10,,,,,0.0,1.0,
1983-10-11,,,,,0.0,1.0,
1983-10-12,,,,,0.0,1.0,
1983-10-13,,,,,0.0,1.0,
1983-10-14,,,,,0.0,1.0,
1983-10-17,,,,,0.0,1.0,
1983-10-18,,,,,0.0,1.0,
1983-10-19,,,,,0.0,1.0,
1983-10-20,,,,,0.0,1.0,
1983-10-21,,,,,0.0,1.0,
1983-10-24,,,,,0.0,1.0,
1983-10-25,,,,,0.0,1.0,
1983-10-26,,,,,0.0,1.0,
1983-10-27,,,,,0.0,1.0,
1983-10-28,,,,,0.0,1.0,
1983-10-31,,,,,0.0,1.0,
1983-11-01,,,,,0.0,1.0,
1983-11-02,,,,,0.0,1.0,
1983-11-03,,,,,0.0,1.0,
1983-11-04,,,,,0.0,1.0,
1983-11-07,,,,,0.0,1.0,
1983-11-08,,,,,0.0,1.0,
1983-11-09,,,,,0.0,1.0,
1983-11-10,,,,,0.0,1.0,
1983-11-11,,,,,0.0,1.0,
1983-11-14,,,,,0.0,1.0,
1983-11-15,,,,,0.0,1.0,
1983-11-16,,,,,0.0,1.0,
1983-11-17,,,,,0.0,1.0,
1983-11-18,,,,,0.0,1.0,
1983-11-21,,,,,0.0,1.0,
1983-11-22,,,,,0.0,1.0,
1983-11-23,,,,,0.0,1.0,
1983-11-24,,,,,0.0,1.0,
1983-11-25,,,,,0.0,1.0,
1983-11-28,,,,,0.0,1.0,
1983-11-29,,,,,0.0,1.0,
1983-11-30,,,,,0.0,1.0,
1983-12-01,,,,,0.0,1.0,
1983-12-02,,,,,0.0,1.0,
1983-12-05,,,,,0.0,1.0,
1983-12-06,,,,,0.0,1.0,
1983-12-07,,,,,0.0,1.0,
1983-12-08,,,,,0.0,1.0,
1983-12-09,,,,,0.0,1.0,
1983-12-12,,,,,0.0,1.0,
1983-12-13,,,,,0.0,1.0,
1983-12-14,,,,,0.0,1.0,
1983-12-15,,,,,0.0,1.0,
1983-12-16,,,,,0.0,1.0,
1983-12-19,,,,,0.0,1.0,
1983-12-20,,,,,0.0,1.0,
1983-12-21,,,,,0.0,1.0,
1983-12-22,,,,,0.0,1.0,
1983-12-23,,,,,0.0,1.0,
1983-12-26,,,,,0.0,1.0,
1983-12-27,,,,,0.0,1.0,
1983-12-28,,,,,0.0,1.0,
1983-12-29,,,,,0.0,1.0,
1983-12-30,,,,,0.0,1.0,
1984-01-02,,,,,0.0,1.0,
1984-01-03,,,,,0.0,1.0,
1984-01-04,,,,,0.0,1.0,
1984-01-05,,,,,0.0,1.0,
1984-01-06,,,,,0.0,1.0,
1984-01-09,,,,,0.0,1.0,
1984-01-10,,,,,0.0,1.0,
1984-01-11,,,,,0.0,1.0,
1984-01-12,,,,,0.0,1.0,
1984-01-13,,,,,0.0,1.0,
1984-01-16,,,,,0.0,1.0,
1984-01-17,,,,,0.0,1.0,
1984-01-18,,,,,0.0,1.0,
1984-01-19,,,,,0.0,1.0,
1984-01-20,,,,,0.0,1.0,
1984-01-23,,,,,0.0,1.0,
1984-01-24,,,,,0.0,1.0,
1984-01-25,,,,,0.0,1.0,
1984-01-26,,,,,0.0,1.0,
1984-01-27,,,,,0.0,1.0,
1984-01-30,,,,,0.0,1.0,
1984-01-31,,,,,0.0,1.0,
1984-02-01,,,,,0.0,1.0,
1984-02-02,,,,,0.0,1.0,
1984-02-03,,,,,0.0,1.0,
1984-02-06,,,,,0.0,1.0,
1984-02-07,,,,,0.0,1.0,
1984-02-08,,,,,0.0,1.0,
1984-02-09,,,,,0.0,1.0,
1984-02-10,,,,,0.0,1.0,
1984-02-13,,,,,0.0,1.0,
1984-02-14,,,,,0.0,1.0,
1984-02-15,,,,,0.0,1.0,
1984-02-16,,,,,0.0,1.0,
1984-02-17,,,,,0.0,1.0,
1984-02-20,,,,,0.0,1.0,
1984-02-21,,,,,0.0,1.0,
1984-02-22,,,,,0.0,1.0,
1984-02-23,,,,,0.0,1.0,
1984-02-24,,,,,0.0,1.0,
1984-02-27,,,,,0.0,1.0,
1984-02-28,,,,,0.0,1.0,
1984-02-29,,,,,0.0,1.0,
1984-03-01,,,,,0.0,1.0,
1984-03-02,,,,,0.0,1.0,
1984-03-05,,,,,0.0,1.0,
1984-03-06,,,,,0.0,1.0,
1984-03-07,,,,,0.0,1.0,
1984-03-08,,,,,0.0,1.0,
1984-03-09,,,,,0.0,1.0,
1984-03-12,,,,,0.0,1.0,
1984-03-13,,,,,0.0,1.0,
1984-03-14,,,,,0.0,1.0,
1984-03-15,,,,,0.0,1.0,
1984-03-16,,,,,0.0,1.0,
1984-03-19,,,,,0.0,1.0,
1984-03-20,,,,,0.0,1.0,
1984-03-21,,,,,0.0,1.0,
1984-03-22,,,,,0.0,1.0,
1984-03-23,,,,,0.0,1.0,
1984-03-26,,,,,0.0,1.0,
1984-03-27,,,,,0.0,1.0,
1984-03-28,,,,,0.0,1.0,
1984-03-29,,,,,0.0,1.0,
1984-03-30,,,,,0.0,1.0,
1984-04-02,,,,,0.0,1.0,
1984-04-03,,,,,0.0,1.0,
1984-04-04,,,,,0.0,1.0,
1984-04-05,,,,,0.0,1.0,
1984-04-06,,,,,0.0,1.0,
1984-04-09,,,,,0.0,1.0,
1984-04-10,,,,,0.0,1.0,
1984-04-11,,,,,0.0,1.0,
1984-04-12,,,,,0.0,1.0,
1984-04-13,,,,,0.0,1.0,
1984-04-16,,,,,0.0,1.0,
1984-04-17,,,,,0.0,1.0,
1984-04-18,,,,,0.0,1.0,
1984-04-19,,,,,0.0,1.0,
1984-04-20,,,,,0.0,1.0,
1984-04-23,,,,,0.0,1.0,
1984-04-24,,,,,0.0,1.0,
1984-04-25,,,,,0.0,1.0,
1984-04-26,,,,,0.0,1.0,
1984-04-27,,,,,0.0,1.0,
1984-04-30,,,,,0.0,1.0,
1984-05-01,,,,,0.0,1.0,
1984-05-02,,,,,0.0,1.0,
1984-05-03,,,,,0.0,1.0,
1984-05-04,,,,,0.0,1.0,
1984-05-07,,,,,0.0,1.0,
1984-05-08,,,,,0.0,1.0,
1984-05-09,,,,,0.0,1.0,
1984-05-10,,,,,0.0,1.0,
1984-05-11,,,,,0.0,1.0,
1984-05-14,,,,,0.0,1.0,
1984-05-15,,,,,0.0,1.0,
1984-05-16,,,,,0.0,1.0,
1984-05-17,,,,,0.0,1.0,
1984-05-18,,,,,0.0,1.0,
1984-05-21,,,,,0.0,1.0,
1984-05-22,,,,,0.0,1.0,
1984-05-23,,,,,0.0,1.0,
1984-05-24,,,,,0.0,1.0,
1984-05-25,,,,,0.0,1.0,
1984-05-28,,,,,0.0,1.0,
1984-05-29,,,,,0.0,1.0,
1984-05-30,,,,,0.0,1.0,
1984-05-31,,,,,0.0,1.0,
1984-06-01,,,,,0.0,1.0,
1984-06-04,,,,,0.0,1.0,
1984-06-05,,,,,0.0,1.0,
1984-06-06,,,,,0.0,1.0,
1984-06-07,,,,,0.0,1.0,
1984-06-08,,,,,0.0,1.0,
1984-06-11,,,,,0.0,1.0,
1984-06-12,,,,,0.0,1.0,
1984-06-13,,,,,0.0,1.0,
1984-06-14,,,,,0.0,1.0,
1984-06-15,,,,,0.0,1.0,
1984-06-18,,,,,0.0,1.0,
1984-06-19,,,,,0.0,1.0,
1984-06-20,,,,,0.0,1.0,
1984-06-21,,,,,0.0,1.0,
1984-06-22,,,,,0.0,1.0,
1984-06-25,,,,,0.0,1.0,
1984-06-26,,,,,0.0,1.0,
1984-06-27,,,,,0.0,1.0,
1984-06-28,,,,,0.0,1.0,
1984-06-29,,,,,0.0,1.0,
1984-07-02,,,,,0.0,1.0,
1984-07-03,,,,,0.0,1.0,
1984-07-04,,,,,0.0,1.0,
1984-07-05,,,,,0.0,1.0,
1984-07-06,,,,,0.0,1.0,
1984-07-09,,,,,0.0,1.0,
1984-07-10,,,,,0.0,1.0,
1984-07-11,,,,,0.0,1.0,
1984-07-12,,,,,0.0,1.0,
1984-07-13,,,,,0.0,1.0,
1984-07-16,,,,,0.0,1.0,
1984-07-17,,,,,0.0,1.0,
1984-07-18,,,,,0.0,1.0,
1984-07-19,,,,,0.0,1.0,
1984-07-20,,,,,0.0,1.0,
1984-07-23,,,,,0.0,1.0,
1984-07-24,,,,,0.0,1.0,
1984-07-25,,,,,0.0,1.0,
1984-07-26,,,,,0.0,1.0,
1984-07-27,,,,,0.0,1.0,
1984-07-30,,,,,0.0,1.0,
1984-07-31,,,,,0.0,1.0,
1984-08-01,,,,,0.0,1.0,
1984-08-02,,,,,0.0,1.0,
1984-08-03,,,,,0.0,1.0,
1984-08-06,,,,,0.0,1.0,
1984-08-07,,,,,0.0,1.0,
1984-08-08,,,,,0.0,1.0,
1984-08-09,,,,,0.0,1.0,
1984-08-10,,,,,0.0,1.0,
1984-08-13,,,,,0.0,1.0,
1984-08-14,,,,,0.0,1.0,
1984-08-15,,,,,0.0,1.0,
1984-08-16,,,,,0.0,1.0,
1984-08-17,,,,,0.0,1.0,
1984-08-20,,,,,0.0,1.0,
1984-08-21,,,,,0.0,1.0,
1984-08-22,,,,,0.0,1.0,
1984-08-23,,,,,0.0,1.0,
1984-08-24,,,,,0.0,1.0,
1984-08-27,,,,,0.0,1.0,
1984-08-28,,,,,0.0,1.0,
1984-08-29,,,,,0.0,1.0,
1984-08-30,,,,,0.0,1.0,
1984-08-31,,,,,0.0,1.0,
1984-09-03,,,,,0.0,1.0,
1984-09-04,,,,,0.0,1.0,
1984-09-05,,,,,0.0,1.0,
1984-09-06,,,,,0.0,1.0,
1984-09-07,,,,,0.0,1.0,
1984-09-10,,,,,0.0,1.0,
1984-09-11,,,,,0.0,1.0,
1984-09-12,,,,,0.0,1.0,
1984-09-13,,,,,0.0,1.0,
1984-09-14,,,,,0.0,1.0,
1984-09-17,,,,,0.0,1.0,
1984-09-18,,,,,0.0,1.0,
1984-09-19,,,,,0.0,1.0,
1984-09-20,,,,,0.0,1.0,
1984-09-21,,,,,0.0,1.0,
1984-09-24,,,,,0.0,1.0,
1984-09-25,,,,,0.0,1.0,
1984-09-26,,,,,0.0,1.0,
1984-09-27,,,,,0.0,1.0,
1984-09-28,,,,,0.0,1.0,
1984-10-01,,,,,0.0,1.0,
1984-10-02,,,,,0.0,1.0,
1984-10-03,,,,,0.0,1.0,
1984-10-04,,,,,0.0,1.0,
1984-10-05,,,,,0.0,1.0,
1984-10-08,,,,,0.0,1.0,
1984-10-09,,,,,0.0,1.0,
1984-10-10,,,,,0.0,1.0,
1984-10-11,,,,,0.0,1.0,
1984-10-12,,,,,0.0,1.0,
1984-10-15,,,,,0.0,1.0,
1984-10-16,,,,,0.0,1.0,
1984-10-17,,,,,0.0,1.0,
1984-10-18,,,,,0.0,1.0,
1984-10-19,,,,,0.0,1.0,
1984-10-22,,,,,0.0,1.0,
1984-10-23,,,,,0.0,1.0,
1984-10-24,,,,,0.0,1.0,
1984-10-25,,,,,0.0,1.0,
1984-10-26,,,,,0.0,1.0,
1984-10-29,,,,,0.0,1.0,
1984-10-30,,,,,0.0,1.0,
1984-10-31,,,,,0.0,1.0,
1984-11-01,,,,,0.0,1.0,
1984-11-02,,,,,0.0,1.0,
1984-11-05,,,,,0.0,1.0,
1984-11-06,,,,,0.0,1.0,
1984-11-07,,,,,0.0,1.0,
1984-11-08,,,,,0.0,1.0,
1984-11-09,,,,,0.0,1.0,
1984-11-12,,,,,0.0,1.0,
1984-11-13,,,,,0.0,1.0,
1984-11-14,,,,,0.0,1.0,
1984-11-15,,,,,0.0,1.0,
1984-11-16,,,,,0.0,1.0,
1984-11-19,,,,,0.0,1.0,
1984-11-20,,,,,0.0,1.0,
1984-11-21,,,,,0.0,1.0,
1984-11-22,,,,,0.0,1.0,
1984-11-23,,,,,0.0,1.0,
1984-11-26,,,,,0.0,1.0,
1984-11-27,,,,,0.0,1.0,
1984-11-28,,,,,0.0,1.0,
1984-11-29,,,,,0.0,1.0,
1984-11-30,,,,,0.0,1.0,
1984-12-03,,,,,0.0,1.0,
1984-12-04,,,,,0.0,1.0,
1984-12-05,,,,,0.0,1.0,
1984-12-06,,,,,0.0,1.0,
1984-12-07,,,,,0.0,1.0,
1984-12-10,,,,,0.0,1.0,
1984-12-11,,,,,0.0,1.0,
1984-12-12,,,,,0.0,1.0,
1984-12-13,,,,,0.0,1.0,
1984-12-14,,,,,0.0,1.0,
1984-12-17,,,,,0.0,1.0,
1984-12-18,,,,,0.0,1.0,
1984-12-19,,,,,0.0,1.0,
1984-12-20,,,,,0.0,1.0,
1984-12-21,,,,,0.0,1.0,
1984-12-24,,,,,0.0,1.0,
1984-12-25,,,,,0.0,1.0,
1984-12-26,,,,,0.0,1.0,
1984-12-27,,,,,0.0,1.0,
1984-12-28,,,,,0.0,1.0,
1984-12-31,,,,,0.0,1.0,
1985-01-01,,,,,0.0,1.0,
1985-01-02,,,,,0.0,1.0,
1985-01-03,,,,,0.0,1.0,
1985-01-04,,,,,0.0,1.0,
1985-01-07,,,,,0.0,1.0,
1985-01-08,,,,,0.0,1.0,
1985-01-09,,,,,0.0,1.0,
1985-01-10,,,,,0.0,1.0,
1985-01-11,,,,,0.0,1.0,
1985-01-14,,,,,0.0,1.0,
1985-01-15,,,,,0.0,1.0,
1985-01-16,,,,,0.0,1.0,
1985-01-17,,,,,0.0,1.0,
1985-01-18,,,,,0.0,1.0,
1985-01-21,,,,,0.0,1.0,
1985-01-22,,,,,0.0,1.0,
1985-01-23,,,,,0.0,1.0,
1985-01-24,,,,,0.0,1.0,
1985-01-25,,,,,0.0,1.0,
1985-01-28,,,,,0.0,1.0,
1985-01-29,,,,,0.0,1.0,
1985-01-30,,,,,0.0,1.0,
1985-01-31,,,,,0.0,1.0,
1985-02-01,,,,,0.0,1.0,
1985-02-04,,,,,0.0,1.0,
1985-02-05,,,,,0.0,1.0,
1985-02-06,,,,,0.0,1.0,
1985-02-07,,,,,0.0,1.0,
1985-02-08,,,,,0.0,1.0,
1985-02-11,,,,,0.0,1.0,
1985-02-12,,,,,0.0,1.0,
1985-02-13,,,,,0.0,1.0,
1985-02-14,,,,,0.0,1.0,
1985-02-15,,,,,0.0,1.0,
1985-02-18,,,,,0.0,1.0,
1985-02-19,,,,,0.0,1.0,
1985-02-20,,,,,0.0,1.0,
1985-02-21,,,,,0.0,1.0,
1985-02-22,,,,,0.0,1.0,
1985-02-25,,,,,0.0,1.0,
1985-02-26,,,,,0.0,1.0,
1985-02-27,,,,,0.0,1.0,
1985-02-28,,,,,0.0,1.0,
1985-03-01,,,,,0.0,1.0,
1985-03-04,,,,,0.0,1.0,
1985-03-05,,,,,0.0,1.0,
1985-03-06,,,,,0.0,1.0,
1985-03-07,,,,,0.0,1.0,
1985-03-08,,,,,0.0,1.0,
1985-03-11,,,,,0.0,1.0,
1985-03-12,,,,,0.0,1.0,
1985-03-13,,,,,0.0,1.0,
1985-03-14,,,,,0.0,1.0,
1985-03-15,,,,,0.0,1.0,
1985-03-18,,,,,0.0,1.0,
1985-03-19,,,,,0.0,1.0,
1985-03-20,,,,,0.0,1.0,
1985-03-21,,,,,0.0,1.0,
1985-03-22,,,,,0.0,1.0,
1985-03-25,,,,,0.0,1.0,
1985-03-26,,,,,0.0,1.0,
1985-03-27,,,,,0.0,1.0,
1985-03-28,,,,,0.0,1.0,
1985-03-29,,,,,0.0,1.0,
1985-04-01,,,,,0.0,1.0,
1985-04-02,,,,,0.0,1.0,
1985-04-03,,,,,0.0,1.0,
1985-04-04,,,,,0.0,1.0,
1985-04-05,,,,,0.0,1.0,
1985-04-08,,,,,0.0,1.0,
1985-04-09,,,,,0.0,1.0,
1985-04-10,,,,,0.0,1.0,
1985-04-11,,,,,0.0,1.0,
1985-04-12,,,,,0.0,1.0,
1985-04-15,,,,,0.0,1.0,
1985-04-16,,,,,0.0,1.0,
1985-04-17,,,,,0.0,1.0,
1985-04-18,,,,,0.0,1.0,
1985-04-19,,,,,0.0,1.0,
1985-04-22,,,,,0.0,1.0,
1985-04-23,,,,,0.0,1.0,
1985-04-24,,,,,0.0,1.0,
1985-04-25,,,,,0.0,1.0,
1985-04-26,,,,,0.0,1.0,
1985-04-29,,,,,0.0,1.0,
1985-04-30,,,,,0.0,1.0,
1985-05-01,,,,,0.0,1.0,
1985-05-02,,,,,0.0,1.0,
1985-05-03,,,,,0.0,1.0,
1985-05-06,,,,,0.0,1.0,
1985-05-07,,,,,0.0,1.0,
1985-05-08,,,,,0.0,1.0,
1985-05-09,,,,,0.0,1.0,
1985-05-10,,,,,0.0,1.0,
1985-05-13,,,,,0.0,1.0,
1985-05-14,,,,,0.0,1.0,
1985-05-15,,,,,0.0,1.0,
1985-05-16,,,,,0.0,1.0,
1985-05-17,,,,,0.0,1.0,
1985-05-20,,,,,0.0,1.0,
1985-05-21,,,,,0.0,1.0,
1985-05-22,,,,,0.0,1.0,
1985-05-23,,,,,0.0,1.0,
1985-05-24,,,,,0.0,1.0,
1985-05-27,,,,,0.0,1.0,
1985-05-28,,,,,0.0,1.0,
1985-05-29,,,,,0.0,1.0,
1985-05-30,,,,,0.0,1.0,
1985-05-31,,,,,0.0,1.0,
1985-06-03,,,,,0.0,1.0,
1985-06-04,,,,,0.0,1.0,
1985-06-05,,,,,0.0,1.0,
1985-06-06,,,,,0.0,1.0,
1985-06-07,,,,,0.0,1.0,
1985-06-10,,,,,0.0,1.0,
1985-06-11,,,,,0.0,1.0,
1985-06-12,,,,,0.0,1.0,
1985-06-13,,,,,0.0,1.0,
1985-06-14,,,,,0.0,1.0,
1985-06-17,,,,,0.0,1.0,
1985-06-18,,,,,0.0,1.0,
1985-06-19,,,,,0.0,1.0,
1985-06-20,,,,,0.0,1.0,
1985-06-21,,,,,0.0,1.0,
1985-06-24,,,,,0.0,1.0,
1985-06-25,,,,,0.0,1.0,
1985-06-26,,,,,0.0,1.0,
1985-06-27,,,,,0.0,1.0,
1985-06-28,,,,,0.0,1.0,
1985-07-01,,,,,0.0,1.0,
1985-07-02,,,,,0.0,1.0,
1985-07-03,,,,,0.0,1.0,
1985-07-04,,,,,0.0,1.0,
1985-07-05,,,,,0.0,1.0,
1985-07-08,,,,,0.0,1.0,
1985-07-09,,,,,0.0,1.0,
1985-07-10,,,,,0.0,1.0,
1985-07-11,,,,,0.0,1.0,
1985-07-12,,,,,0.0,1.0,
1985-07-15,,,,,0.0,1.0,
1985-07-16,,,,,0.0,1.0,
1985-07-17,,,,,0.0,1.0,
1985-07-18,,,,,0.0,1.0,
1985-07-19,,,,,0.0,1.0,
1985-07-22,,,,,0.0,1.0,
1985-07-23,,,,,0.0,1.0,
1985-07-24,,,,,0.0,1.0,
1985-07-25,,,,,0.0,1.0,
1985-07-26,,,,,0.0,1.0,
1985-07-29,,,,,0.0,1.0,
1985-07-30,,,,,0.0,1.0,
1985-07-31,,,,,0.0,1.0,
1985-08-01,,,,,0.0,1.0,
1985-08-02,,,,,0.0,1.0,
1985-08-05,,,,,0.0,1.0,
1985-08-06,,,,,0.0,1.0,
1985-08-07,,,,,0.0,1.0,
1985-08-08,,,,,0.0,1.0,
1985-08-09,,,,,0.0,1.0,
1985-08-12,,,,,0.0,1.0,
1985-08-13,,,,,0.0,1.0,
1985-08-14,,,,,0.0,1.0,
1985-08-15,,,,,0.0,1.0,
1985-08-16,,,,,0.0,1.0,
1985-08-19,,,,,0.0,1.0,
1985-08-20,,,,,0.0,1.0,
1985-08-21,,,,,0.0,1.0,
1985-08-22,,,,,0.0,1.0,
1985-08-23,,,,,0.0,1.0,
1985-08-26,,,,,0.0,1.0,
1985-08-27,,,,,0.0,1.0,
1985-08-28,,,,,0.0,1.0,
1985-08-29,,,,,0.0,1.0,
1985-08-30,,,,,0.0,1.0,
1985-09-02,,,,,0.0,1.0,
1985-09-03,,,,,0.0,1.0,
1985-09-04,,,,,0.0,1.0,
1985-09-05,,,,,0.0,1.0,
1985-09-06,,,,,0.0,1.0,
1985-09-09,,,,,0.0,1.0,
1985-09-10,,,,,0.0,1.0,
1985-09-11,,,,,0.0,1.0,
1985-09-12,,,,,0.0,1.0,
1985-09-13,,,,,0.0,1.0,
1985-09-16,,,,,0.0,1.0,
1985-09-17,,,,,0.0,1.0,
1985-09-18,,,,,0.0,1.0,
1985-09-19,,,,,0.0,1.0,
1985-09-20,,,,,0.0,1.0,
1985-09-23,,,,,0.0,1.0,
1985-09-24,,,,,0.0,1.0,
1985-09-25,,,,,0.0,1.0,
1985-09-26,,,,,0.0,1.0,
1985-09-27,,,,,0.0,1.0,
1985-09-30,,,,,0.0,1.0,
1985-10-01,,,,,0.0,1.0,
1985-10-02,,,,,0.0,1.0,
1985-10-03,,,,,0.0,1.0,
1985-10-04,,,,,0.0,1.0,
1985-10-07,,,,,0.0,1.0,
1985-10-08,,,,,0.0,1.0,
1985-10-09,,,,,0.0,1.0,
1985-10-10,,,,,0.0,1.0,
1985-10-11,,,,,0.0,1.0,
1985-10-14,,,,,0.0,1.0,
1985-10-15,,,,,0.0,1.0,
1985-10-16,,,,,0.0,1.0,
1985-10-17,,,,,0.0,1.0,
1985-10-18,,,,,0.0,1.0,
1985-10-21,,,,,0.0,1.0,
1985-10-22,,,,,0.0,1.0,
1985-10-23,,,,,0.0,1.0,
1985-10-24,,,,,0.0,1.0,
1985-10-25,,,,,0.0,1.0,
1985-10-28,,,,,0.0,1.0,
1985-10-29,,,,,0.0,1.0,
1985-10-30,,,,,0.0,1.0,
1985-10-31,,,,,0.0,1.0,
1985-11-01,,,,,0.0,1.0,
1985-11-04,,,,,0.0,1.0,
1985-11-05,,,,,0.0,1.0,
1985-11-06,,,,,0.0,1.0,
1985-11-07,,,,,0.0,1.0,
1985-11-08,,,,,0.0,1.0,
1985-11-11,,,,,0.0,1.0,
1985-11-12,,,,,0.0,1.0,
1985-11-13,,,,,0.0,1.0,
1985-11-14,,,,,0.0,1.0,
1985-11-15,,,,,0.0,1.0,
1985-11-18,,,,,0.0,1.0,
1985-11-19,,,,,0.0,1.0,
1985-11-20,,,,,0.0,1.0,
1985-11-21,,,,,0.0,1.0,
1985-11-22,,,,,0.0,1.0,
1985-11-25,,,,,0.0,1.0,
1985-11-26,,,,,0.0,1.0,
1985-11-27,,,,,0.0,1.0,
1985-11-28,,,,,0.0,1.0,
1985-11-29,,,,,0.0,1.0,
1985-12-02,,,,,0.0,1.0,
1985-12-03,,,,,0.0,1.0,
1985-12-04,,,,,0.0,1.0,
1985-12-05,,,,,0.0,1.0,
1985-12-06,,,,,0.0,1.0,
1985-12-09,,,,,0.0,1.0,
1985-12-10,,,,,0.0,1.0,
1985-12-11,,,,,0.0,1.0,
1985-12-12,,,,,0.0,1.0,
1985-12-13,,,,,0.0,1.0,
1985-12-16,,,,,0.0,1.0,
1985-12-17,,,,,0.0,1.0,
1985-12-18,,,,,0.0,1.0,
1985-12-19,,,,,0.0,1.0,
1985-12-20,,,,,0.0,1.0,
1985-12-23,,,,,0.0,1.0,
1985-12-24,,,,,0.0,1.0,
1985-12-25,,,,,0.0,1.0,
1985-12-26,,,,,0.0,1.0,
1985-12-27,,,,,0.0,1.0,
1985-12-30,,,,,0.0,1.0,
1985-12-31,,,,,0.0,1.0,
1986-01-02,,,,,0.0,1.0,
1986-01-03,,,,,0.0,1.0,
1986-01-06,,,,,0.0,1.0,
1986-01-07,,,,,0.0,1.0,
1986-01-08,,,,,0.0,1.0,
1986-01-09,,,,,0.0,1.0,
1986-01-10,,,,,0.0,1.0,
1986-01-13,,,,,0.0,1.0,
1986-01-14,,,,,0.0,1.0,
1986-01-15,,,,,0.0,1.0,
1986-01-16,,,,,0.0,1.0,
1986-01-17,,,,,0.0,1.0,
1986-01-20,,,,,0.0,1.0,
1986-01-21,,,,,0.0,1.0,
1986-01-22,,,,,0.0,1.0,
1986-01-23,,,,,0.0,1.0,
1986-01-24,,,,,0.0,1.0,
1986-01-27,,,,,0.0,1.0,
1986-01-28,,,,,0.0,1.0,
1986-01-29,,,,,0.0,1.0,
1986-01-30,,,,,0.0,1.0,
1986-01-31,,,,,0.0,1.0,
1986-02-03,,,,,0.0,1.0,
1986-02-04,,,,,0.0,1.0,
1986-02-05,,,,,0.0,1.0,
1986-02-06,,,,,0.0,1.0,
1986-02-07,,,,,0.0,1.0,
1986-02-10,,,,,0.0,1.0,
1986-02-11,,,,,0.0,1.0,
1986-02-12,,,,,0.0,1.0,
1986-02-13,,,,,0.0,1.0,
1986-02-14,,,,,0.0,1.0,
1986-02-17,,,,,0.0,1.0,
1986-02-18,,,,,0.0,1.0,
1986-02-19,,,,,0.0,1.0,
1986-02-20,,,,,0.0,1.0,
1986-02-21,,,,,0.0,1.0,
1986-02-24,,,,,0.0,1.0,
1986-02-25,,,,,0.0,1.0,
1986-02-26,,,,,0.0,1.0,
1986-02-27,,,,,0.0,1.0,
1986-02-28,,,,,0.0,1.0,
1986-03-03,,,,,0.0,1.0,
1986-03-04,,,,,0.0,1.0,
1986-03-05,,,,,0.0,1.0,
1986-03-06,,,,,0.0,1.0,
1986-03-07,,,,,0.0,1.0,
1986-03-10,,,,,0.0,1.0,
1986-03-11,,,,,0.0,1.0,
1986-03-12,,,,,0.0,1.0,
1986-03-13,,,,,0.0,1.0,
1986-03-14,,,,,0.0,1.0,
1986-03-17,,,,,0.0,1.0,
1986-03-18,,,,,0.0,1.0,
1986-03-19,,,,,0.0,1.0,
1986-03-20,,,,,0.0,1.0,
1986-03-21,,,,,0.0,1.0,
1986-03-24,,,,,0.0,1.0,
1986-03-25,,,,,0.0,1.0,
1986-03-26,,,,,0.0,1.0,
1986-03-27,,,,,0.0,1.0,
1986-04-01,,,,,0.0,1.0,
1986-04-02,,,,,0.0,1.0,
1986-04-03,,,,,0.0,1.0,
1986-04-04,,,,,0.0,1.0,
1986-04-07,,,,,0.0,1.0,
1986-04-08,,,,,0.0,1.0,
1986-04-09,,,,,0.0,1.0,
1986-04-10,,,,,0.0,1.0,
1986-04-11,,,,,0.0,1.0,
1986-04-14,,,,,0.0,1.0,
1986-04-15,,,,,0.0,1.0,
1986-04-16,,,,,0.0,1.0,
1986-04-17,,,,,0.0,1.0,
1986-04-18,,,,,0.0,1.0,
1986-04-21,,,,,0.0,1.0,
1986-04-22,,,,,0.0,1.0,
1986-04-23,,,,,0.0,1.0,
1986-04-24,,,,,0.0,1.0,
1986-04-25,,,,,0.0,1.0,
1986-04-28,,,,,0.0,1.0,
1986-04-29,,,,,0.0,1.0,
1986-04-30,,,,,0.0,1.0,
1986-05-01,,,,,0.0,1.0,
1986-05-02,,,,,0.0,1.0,
1986-05-05,,,,,0.0,1.0,
1986-05-06,,,,,0.0,1.0,
1986-05-07,,,,,0.0,1.0,
1986-05-08,,,,,0.0,1.0,
1986-05-09,,,,,0.0,1.0,
1986-05-12,,,,,0.0,1.0,
1986-05-13,,,,,0.0,1.0,
1986-05-14,,,,,0.0,1.0,
1986-05-15,,,,,0.0,1.0,
1986-05-16,,,,,0.0,1.0,
1986-05-19,,,,,0.0,1.0,
1986-05-20,,,,,0.0,1.0,
1986-05-21,,,,,0.0,1.0,
1986-05-22,,,,,0.0,1.0,
1986-05-23,,,,,0.0,1.0,
1986-05-26,,,,,0.0,1.0,
1986-05-27,,,,,0.0,1.0,
1986-05-28,,,,,0.0,1.0,
1986-05-29,,,,,0.0,1.0,
1986-05-30,,,,,0.0,1.0,
1986-06-02,,,,,0.0,1.0,
1986-06-03,,,,,0.0,1.0,
1986-06-04,,,,,0.0,1.0,
1986-06-05,,,,,0.0,1.0,
1986-06-06,,,,,0.0,1.0,
1986-06-09,,,,,0.0,1.0,
1986-06-10,,,,,0.0,1.0,
1986-06-11,,,,,0.0,1.0,
1986-06-12,,,,,0.0,1.0,
1986-06-13,,,,,0.0,1.0,
1986-06-16,,,,,0.0,1.0,
1986-06-17,,,,,0.0,1.0,
1986-06-18,,,,,0.0,1.0,
1986-06-19,,,,,0.0,1.0,
1986-06-20,,,,,0.0,1.0,
1986-06-23,,,,,0.0,1.0,
1986-06-24,,,,,0.0,1.0,
1986-06-25,,,,,0.0,1.0,
1986-06-26,,,,,0.0,1.0,
1986-06-27,,,,,0.0,1.0,
1986-06-30,,,,,0.0,1.0,
1986-07-01,,,,,0.0,1.0,
1986-07-02,,,,,0.0,1.0,
1986-07-03,,,,,0.0,1.0,
1986-07-04,,,,,0.0,1.0,
1986-07-07,,,,,0.0,1.0,
1986-07-08,,,,,0.0,1.0,
1986-07-09,,,,,0.0,1.0,
1986-07-10,,,,,0.0,1.0,
1986-07-11,,,,,0.0,1.0,
1986-07-14,,,,,0.0,1.0,
1986-07-15,,,,,0.0,1.0,
1986-07-16,,,,,0.0,1.0,
1986-07-17,,,,,0.0,1.0,
1986-07-18,,,,,0.0,1.0,
1986-07-21,,,,,0.0,1.0,
1986-07-22,,,,,0.0,1.0,
1986-07-23,,,,,0.0,1.0,
1986-07-24,,,,,0.0,1.0,
1986-07-25,,,,,0.0,1.0,
1986-07-28,,,,,0.0,1.0,
1986-07-29,,,,,0.0,1.0,
1986-07-30,,,,,0.0,1.0,
1986-07-31,,,,,0.0,1.0,
1986-08-01,,,,,0.0,1.0,
1986-08-04,,,,,0.0,1.0,
1986-08-05,,,,,0.0,1.0,
1986-08-06,,,,,0.0,1.0,
1986-08-07,,,,,0.0,1.0,
1986-08-08,,,,,0.0,1.0,
1986-08-11,,,,,0.0,1.0,
1986-08-12,,,,,0.0,1.0,
1986-08-13,,,,,0.0,1.0,
1986-08-14,,,,,0.0,1.0,
1986-08-15,,,,,0.0,1.0,
1986-08-18,,,,,0.0,1.0,
1986-08-19,,,,,0.0,1.0,
1986-08-20,,,,,0.0,1.0,
1986-08-21,,,,,0.0,1.0,
1986-08-22,,,,,0.0,1.0,
1986-08-25,,,,,0.0,1.0,
1986-08-26,,,,,0.0,1.0,
1986-08-27,,,,,0.0,1.0,
1986-08-28,,,,,0.0,1.0,
1986-08-29,,,,,0.0,1.0,
1986-09-01,,,,,0.0,1.0,
1986-09-02,,,,,0.0,1.0,
1986-09-03,,,,,0.0,1.0,
1986-09-04,,,,,0.0,1.0,
1986-09-05,,,,,0.0,1.0,
1986-09-08,,,,,0.0,1.0,
1986-09-09,,,,,0.0,1.0,
1986-09-10,,,,,0.0,1.0,
1986-09-11,,,,,0.0,1.0,
1986-09-12,,,,,0.0,1.0,
1986-09-15,,,,,0.0,1.0,
1986-09-16,,,,,0.0,1.0,
1986-09-17,,,,,0.0,1.0,
1986-09-18,,,,,0.0,1.0,
1986-09-19,,,,,0.0,1.0,
1986-09-22,,,,,0.0,1.0,
1986-09-23,,,,,0.0,1.0,
1986-09-24,,,,,0.0,1.0,
1986-09-25,,,,,0.0,1.0,
1986-09-26,,,,,0.0,1.0,
1986-09-29,,,,,0.0,1.0,
1986-09-30,,,,,0.0,1.0,
1986-10-01,,,,,0.0,1.0,
1986-10-02,,,,,0.0,1.0,
1986-10-03,,,,,0.0,1.0,
1986-10-06,,,,,0.0,1.0,
1986-10-07,,,,,0.0,1.0,
1986-10-08,,,,,0.0,1.0,
1986-10-09,,,,,0.0,1.0,
1986-10-10,,,,,0.0,1.0,
1986-10-13,,,,,0.0,1.0,
1986-10-14,,,,,0.0,1.0,
1986-10-15,,,,,0.0,1.0,
1986-10-16,,,,,0.0,1.0,
1986-10-17,,,,,0.0,1.0,
1986-10-20,,,,,0.0,1.0,
1986-10-21,,,,,0.0,1.0,
1986-10-22,,,,,0.0,1.0,
1986-10-23,,,,,0.0,1.0,
1986-10-24,,,,,0.0,1.0,
1986-10-27,,,,,0.0,1.0,
1986-10-28,,,,,0.0,1.0,
1986-10-29,,,,,0.0,1.0,
1986-10-30,,,,,0.0,1.0,
1986-10-31,,,,,0.0,1.0,
1986-11-03,,,,,0.0,1.0,
1986-11-04,,,,,0.0,1.0,
1986-11-05,,,,,0.0,1.0,
1986-11-06,,,,,0.0,1.0,
1986-11-07,,,,,0.0,1.0,
1986-11-10,,,,,0.0,1.0,
1986-11-11,,,,,0.0,1.0,
1986-11-12,,,,,0.0,1.0,
1986-11-13,,,,,0.0,1.0,
1986-11-14,,,,,0.0,1.0,
1986-11-17,,,,,0.0,1.0,
1986-11-18,,,,,0.0,1.0,
1986-11-19,,,,,0.0,1.0,
1986-11-20,,,,,0.0,1.0,
1986-11-21,,,,,0.0,1.0,
1986-11-24,,,,,0.0,1.0,
1986-11-25,,,,,0.0,1.0,
1986-11-26,,,,,0.0,1.0,
1986-11-27,,,,,0.0,1.0,
1986-11-28,,,,,0.0,1.0,
1986-12-01,,,,,0.0,1.0,
1986-12-02,,,,,0.0,1.0,
1986-12-03,,,,,0.0,1.0,
1986-12-04,,,,,0.0,1.0,
1986-12-05,,,,,0.0,1.0,
1986-12-08,,,,,0.0,1.0,
1986-12-09,,,,,0.0,1.0,
1986-12-10,,,,,0.0,1.0,
1986-12-11,,,,,0.0,1.0,
1986-12-12,,,,,0.0,1.0,
1986-12-15,,,,,0.0,1.0,
1986-12-16,,,,,0.0,1.0,
1986-12-17,,,,,0.0,1.0,
1986-12-18,,,,,0.0,1.0,
1986-12-19,,,,,0.0,1.0,
1986-12-22,,,,,0.0,1.0,
1986-12-23,,,,,0.0,1.0,
1986-12-24,,,,,0.0,1.0,
1986-12-29,,,,,0.0,1.0,
1986-12-30,,,,,0.0,1.0,
1986-12-31,,,,,0.0,1.0,
1987-01-02,,,,,0.0,1.0,
1987-01-05,,,,,0.0,1.0,
1987-01-06,,,,,0.0,1.0,
1987-01-07,,,,,0.0,1.0,
1987-01-08,,,,,0.0,1.0,
1987-01-09,,,,,0.0,1.0,
1987-01-12,,,,,0.0,1.0,
1987-01-13,,,,,0.0,1.0,
1987-01-14,,,,,0.0,1.0,
1987-01-15,,,,,0.0,1.0,
1987-01-16,,,,,0.0,1.0,
1987-01-19,,,,,0.0,1.0,
1987-01-20,,,,,0.0,1.0,
1987-01-21,,,,,0.0,1.0,
1987-01-22,,,,,0.0,1.0,
1987-01-23,,,,,0.0,1.0,
1987-01-26,,,,,0.0,1.0,
1987-01-27,,,,,0.0,1.0,
1987-01-28,,,,,0.0,1.0,
1987-01-29,,,,,0.0,1.0,
1987-01-30,,,,,0.0,1.0,
1987-02-02,,,,,0.0,1.0,
1987-02-03,,,,,0.0,1.0,
1987-02-04,,,,,0.0,1.0,
1987-02-05,,,,,0.0,1.0,
1987-02-06,,,,,0.0,1.0,
1987-02-09,,,,,0.0,1.0,
1987-02-10,,,,,0.0,1.0,
1987-02-11,,,,,0.0,1.0,
1987-02-12,,,,,0.0,1.0,
1987-02-13,,,,,0.0,1.0,
1987-02-16,,,,,0.0,1.0,
1987-02-17,,,,,0.0,1.0,
1987-02-18,,,,,0.0,1.0,
1987-02-19,,,,,0.0,1.0,
1987-02-20,,,,,0.0,1.0,
1987-02-23,,,,,0.0,1.0,
1987-02-24,,,,,0.0,1.0,
1987-02-25,,,,,0.0,1.0,
1987-02-26,,,,,0.0,1.0,
1987-02-27,,,,,0.0,1.0,
1987-03-02,,,,,0.0,1.0,
1987-03-03,,,,,0.0,1.0,
1987-03-04,,,,,0.0,1.0,
1987-03-05,,,,,0.0,1.0,
1987-03-06,,,,,0.0,1.0,
1987-03-09,,,,,0.0,1.0,
1987-03-10,,,,,0.0,1.0,
1987-03-11,,,,,0.0,1.0,
1987-03-12,,,,,0.0,1.0,
1987-03-13,,,,,0.0,1.0,
1987-03-16,,,,,0.0,1.0,
1987-03-17,,,,,0.0,1.0,
1987-03-18,,,,,0.0,1.0,
1987-03-19,,,,,0.0,1.0,
1987-03-20,,,,,0.0,1.0,
1987-03-23,,,,,0.0,1.0,
1987-03-24,,,,,0.0,1.0,
1987-03-25,,,,,0.0,1.0,
1987-03-26,,,,,0.0,1.0,
1987-03-27,,,,,0.0,1.0,
1987-03-30,,,,,0.0,1.0,
1987-03-31,,,,,0.0,1.0,
1987-04-01,,,,,0.0,1.0,
1987-04-02,,,,,0.0,1.0,
1987-04-03,,,,,0.0,1.0,
1987-04-06,,,,,0.0,1.0,
1987-04-07,,,,,0.0,1.0,
1987-04-08,,,,,0.0,1.0,
1987-04-09,,,,,0.0,1.0,
1987-04-10,,,,,0.0,1.0,
1987-04-13,,,,,0.0,1.0,
1987-04-14,,,,,0.0,1.0,
1987-04-15,,,,,0.0,1.0,
1987-04-16,,,,,0.0,1.0,
1987-04-21,,,,,0.0,1.0,
1987-04-22,,,,,0.0,1.0,
1987-04-23,,,,,0.0,1.0,
1987-04-24,,,,,0.0,1.0,
1987-04-27,,,,,0.0,1.0,
1987-04-28,,,,,0.0,1.0,
1987-04-29,,,,,0.0,1.0,
1987-04-30,,,,,0.0,1.0,
1987-05-01,,,,,0.0,1.0,
1987-05-04,,,,,0.0,1.0,
1987-05-05,,,,,0.0,1.0,
1987-05-06,,,,,0.0,1.0,
1987-05-07,,,,,0.0,1.0,
1987-05-08,,,,,0.0,1.0,
1987-05-11,,,,,0.0,1.0,
1987-05-12,,,,,0.0,1.0,
1987-05-13,,,,,0.0,1.0,
1987-05-14,,,,,0.0,1.0,
1987-05-15,,,,,0.0,1.0,
1987-05-18,,,,,0.0,1.0,
1987-05-19,,,,,0.0,1.0,
1987-05-20,,,,,0.0,1.0,
1987-05-21,,,,,0.0,1.0,
1987-05-22,,,,,0.0,1.0,
1987-05-25,,,,,0.0,1.0,
1987-05-26,,,,,0.0,1.0,
1987-05-27,,,,,0.0,1.0,
1987-05-28,,,,,0.0,1.0,
1987-05-29,,,,,0.0,1.0,
1987-06-01,,,,,0.0,1.0,
1987-06-02,,,,,0.0,1.0,
1987-06-03,,,,,0.0,1.0,
1987-06-04,,,,,0.0,1.0,
1987-06-05,,,,,0.0,1.0,
1987-06-08,,,,,0.0,1.0,
1987-06-09,,,,,0.0,1.0,
1987-06-10,,,,,0.0,1.0,
1987-06-11,,,,,0.0,1.0,
1987-06-12,,,,,0.0,1.0,
1987-06-15,,,,,0.0,1.0,
1987-06-16,,,,,0.0,1.0,
1987-06-17,,,,,0.0,1.0,
1987-06-18,,,,,0.0,1.0,
1987-06-19,,,,,0.0,1.0,
1987-06-22,,,,,0.0,1.0,
1987-06-23,,,,,0.0,1.0,
1987-06-24,,,,,0.0,1.0,
1987-06-25,,,,,0.0,1.0,
1987-06-26,,,,,0.0,1.0,
1987-06-29,,,,,0.0,1.0,
1987-06-30,,,,,0.0,1.0,
1987-07-01,,,,,0.0,1.0,
1987-07-02,,,,,0.0,1.0,
1987-07-03,,,,,0.0,1.0,
1987-07-06,,,,,0.0,1.0,
1987-07-07,,,,,0.0,1.0,
1987-07-08,,,,,0.0,1.0,
1987-07-09,,,,,0.0,1.0,
1987-07-10,,,,,0.0,1.0,
1987-07-13,,,,,0.0,1.0,
1987-07-14,,,,,0.0,1.0,
1987-07-15,,,,,0.0,1.0,
1987-07-16,,,,,0.0,1.0,
1987-07-17,,,,,0.0,1.0,
1987-07-20,,,,,0.0,1.0,
1987-07-21,,,,,0.0,1.0,
1987-07-22,,,,,0.0,1.0,
1987-07-23,,,,,0.0,1.0,
1987-07-24,,,,,0.0,1.0,
1987-07-27,,,,,0.0,1.0,
1987-07-28,,,,,0.0,1.0,
1987-07-29,,,,,0.0,1.0,
1987-07-30,,,,,0.0,1.0,
1987-07-31,,,,,0.0,1.0,
1987-08-03,,,,,0.0,1.0,
1987-08-04,,,,,0.0,1.0,
1987-08-05,,,,,0.0,1.0,
1987-08-06,,,,,0.0,1.0,
1987-08-07,,,,,0.0,1.0,
1987-08-10,,,,,0.0,1.0,
1987-08-11,,,,,0.0,1.0,
1987-08-12,,,,,0.0,1.0,
1987-08-13,,,,,0.0,1.0,
1987-08-14,,,,,0.0,1.0,
1987-08-17,,,,,0.0,1.0,
1987-08-18,,,,,0.0,1.0,
1987-08-19,,,,,0.0,1.0,
1987-08-20,,,,,0.0,1.0,
1987-08-21,,,,,0.0,1.0,
1987-08-24,,,,,0.0,1.0,
1987-08-25,,,,,0.0,1.0,
1987-08-26,,,,,0.0,1.0,
1987-08-27,,,,,0.0,1.0,
1987-08-28,,,,,0.0,1.0,
1987-08-31,,,,,0.0,1.0,
1987-09-01,,,,,0.0,1.0,
1987-09-02,,,,,0.0,1.0,
1987-09-03,,,,,0.0,1.0,
1987-09-04,,,,,0.0,1.0,
1987-09-07,,,,,0.0,1.0,
1987-09-08,,,,,0.0,1.0,
1987-09-09,,,,,0.0,1.0,
1987-09-10,,,,,0.0,1.0,
1987-09-11,,,,,0.0,1.0,
1987-09-14,,,,,0.0,1.0,
1987-09-15,,,,,0.0,1.0,
1987-09-16,,,,,0.0,1.0,
1987-09-17,,,,,0.0,1.0,
1987-09-18,,,,,0.0,1.0,
1987-09-21,,,,,0.0,1.0,
1987-09-22,,,,,0.0,1.0,
1987-09-23,,,,,0.0,1.0,
1987-09-24,,,,,0.0,1.0,
1987-09-25,,,,,0.0,1.0,
1987-09-28,,,,,0.0,1.0,
1987-09-29,,,,,0.0,1.0,
1987-09-30,,,,,0.0,1.0,
1987-10-01,,,,,0.0,1.0,
1987-10-02,,,,,0.0,1.0,
1987-10-05,,,,,0.0,1.0,
1987-10-06,,,,,0.0,1.0,
1987-10-07,,,,,0.0,1.0,
1987-10-08,,,,,0.0,1.0,
1987-10-09,,,,,0.0,1.0,
1987-10-12,,,,,0.0,1.0,
1987-10-13,,,,,0.0,1.0,
1987-10-14,,,,,0.0,1.0,
1987-10-15,,,,,0.0,1.0,
1987-10-16,,,,,0.0,1.0,
1987-10-19,,,,,0.0,1.0,
1987-10-20,,,,,0.0,1.0,
1987-10-21,,,,,0.0,1.0,
1987-10-22,,,,,0.0,1.0,
1987-10-23,,,,,0.0,1.0,
1987-10-26,,,,,0.0,1.0,
1987-10-27,,,,,0.0,1.0,
1987-10-28,,,,,0.0,1.0,
1987-10-29,,,,,0.0,1.0,
1987-10-30,,,,,0.0,1.0,
1987-11-02,,,,,0.0,1.0,
1987-11-03,,,,,0.0,1.0,
1987-11-04,,,,,0.0,1.0,
1987-11-05,,,,,0.0,1.0,
1987-11-06,,,,,0.0,1.0,
1987-11-09,,,,,0.0,1.0,
1987-11-10,,,,,0.0,1.0,
1987-11-11,,,,,0.0,1.0,
1987-11-12,,,,,0.0,1.0,
1987-11-13,,,,,0.0,1.0,
1987-11-16,,,,,0.0,1.0,
1987-11-17,,,,,0.0,1.0,
1987-11-18,,,,,0.0,1.0,
1987-11-19,,,,,0.0,1.0,
1987-11-20,,,,,0.0,1.0,
1987-11-23,,,,,0.0,1.0,
1987-11-24,,,,,0.0,1.0,
1987-11-25,,,,,0.0,1.0,
1987-11-26,,,,,0.0,1.0,
1987-11-27,,,,,0.0,1.0,
1987-11-30,,,,,0.0,1.0,
1987-12-01,,,,,0.0,1.0,
1987-12-02,,,,,0.0,1.0,
1987-12-03,,,,,0.0,1.0,
1987-12-04,,,,,0.0,1.0,
1987-12-07,,,,,0.0,1.0,
1987-12-08,,,,,0.0,1.0,
1987-12-09,,,,,0.0,1.0,
1987-12-10,,,,,0.0,1.0,
1987-12-11,,,,,0.0,1.0,
1987-12-14,,,,,0.0,1.0,
1987-12-15,,,,,0.0,1.0,
1987-12-16,,,,,0.0,1.0,
1987-12-17,,,,,0.0,1.0,
1987-12-18,,,,,0.0,1.0,
1987-12-21,,,,,0.0,1.0,
1987-12-22,,,,,0.0,1.0,
1987-12-23,,,,,0.0,1.0,
1987-12-24,,,,,0.0,1.0,
1987-12-28,,,,,0.0,1.0,
1987-12-29,,,,,0.0,1.0,
1987-12-30,,,,,0.0,1.0,
1987-12-31,,,,,0.0,1.0,
1988-01-04,,,,,0.0,1.0,
1988-01-05,,,,,0.0,1.0,
1988-01-06,,,,,0.0,1.0,
1988-01-07,,,,,0.0,1.0,
1988-01-08,,,,,0.0,1.0,
1988-01-11,,,,,0.0,1.0,
1988-01-12,,,,,0.0,1.0,
1988-01-13,,,,,0.0,1.0,
1988-01-14,,,,,0.0,1.0,
1988-01-15,,,,,0.0,1.0,
1988-01-18,,,,,0.0,1.0,
1988-01-19,,,,,0.0,1.0,
1988-01-20,,,,,0.0,1.0,
1988-01-21,,,,,0.0,1.0,
1988-01-22,,,,,0.0,1.0,
1988-01-25,,,,,0.0,1.0,
1988-01-26,,,,,0.0,1.0,
1988-01-27,,,,,0.0,1.0,
1988-01-28,,,,,0.0,1.0,
1988-01-29,,,,,0.0,1.0,
1988-02-01,,,,,0.0,1.0,
1988-02-02,,,,,0.0,1.0,
1988-02-03,,,,,0.0,1.0,
1988-02-04,,,,,0.0,1.0,
1988-02-05,,,,,0.0,1.0,
1988-02-06,,,,,0.0,1.0,
1988-02-08,,,,,0.0,1.0,
1988-02-09,,,,,0.0,1.0,
1988-02-10,,,,,0.0,1.0,
1988-02-11,,,,,0.0,1.0,
1988-02-12,,,,,0.0,1.0,
1988-02-15,,,,,0.0,1.0,
1988-02-16,,,,,0.0,1.0,
1988-02-17,,,,,0.0,1.0,
1988-02-18,,,,,0.0,1.0,
1988-02-19,,,,,0.0,1.0,
1988-02-22,,,,,0.0,1.0,
1988-02-23,,,,,0.0,1.0,
1988-02-24,,,,,0.0,1.0,
1988-02-25,,,,,0.0,1.0,
1988-02-26,,,,,0.0,1.0,
1988-02-29,,,,,0.0,1.0,
1988-03-01,,,,,0.0,1.0,
1988-03-02,,,,,0.0,1.0,
1988-03-03,,,,,0.0,1.0,
1988-03-04,,,,,0.0,1.0,
1988-03-07,,,,,0.0,1.0,
1988-03-08,,,,,0.0,1.0,
1988-03-09,,,,,0.0,1.0,
1988-03-10,,,,,0.0,1.0,
1988-03-11,,,,,0.0,1.0,
1988-03-14,,,,,0.0,1.0,
1988-03-15,,,,,0.0,1.0,
1988-03-16,,,,,0.0,1.0,
1988-03-17,,,,,0.0,1.0,
1988-03-18,,,,,0.0,1.0,
1988-03-21,,,,,0.0,1.0,
1988-03-22,,,,,0.0,1.0,
1988-03-23,,,,,0.0,1.0,
1988-03-24,,,,,0.0,1.0,
1988-03-25,,,,,0.0,1.0,
1988-03-28,,,,,0.0,1.0,
1988-03-29,,,,,0.0,1.0,
1988-03-30,,,,,0.0,1.0,
1988-03-31,,,,,0.0,1.0,
1988-04-05,,,,,0.0,1.0,
1988-04-06,,,,,0.0,1.0,
1988-04-07,,,,,0.0,1.0,
1988-04-08,,,,,0.0,1.0,
1988-04-11,,,,,0.0,1.0,
1988-04-12,,,,,0.0,1.0,
1988-04-13,,,,,0.0,1.0,
1988-04-14,,,,,0.0,1.0,
1988-04-15,,,,,0.0,1.0,
1988-04-18,,,,,0.0,1.0,
1988-04-19,,,,,0.0,1.0,
1988-04-20,,,,,0.0,1.0,
1988-04-21,,,,,0.0,1.0,
1988-04-22,,,,,0.0,1.0,
1988-04-25,,,,,0.0,1.0,
1988-04-26,,,,,0.0,1.0,
1988-04-27,,,,,0.0,1.0,
1988-04-28,,,,,0.0,1.0,
1988-04-29,,,,,0.0,1.0,
1988-05-02,,,,,0.0,1.0,
1988-05-03,,,,,0.0,1.0,
1988-05-04,,,,,0.0,1.0,
1988-05-05,,,,,0.0,1.0,
1988-05-06,,,,,0.0,1.0,
1988-05-09,,,,,0.0,1.0,
1988-05-10,,,,,0.0,1.0,
1988-05-11,,,,,0.0,1.0,
1988-05-12,,,,,0.0,1.0,
1988-05-13,,,,,0.0,1.0,
1988-05-16,,,,,0.0,1.0,
1988-05-17,,,,,0.0,1.0,
1988-05-18,,,,,0.0,1.0,
1988-05-19,,,,,0.0,1.0,
1988-05-20,,,,,0.0,1.0,
1988-05-23,,,,,0.0,1.0,
1988-05-24,,,,,0.0,1.0,
1988-05-25,,,,,0.0,1.0,
1988-05-26,,,,,0.0,1.0,
1988-05-27,,,,,0.0,1.0,
1988-05-30,,,,,0.0,1.0,
1988-05-31,,,,,0.0,1.0,
1988-06-01,,,,,0.0,1.0,
1988-06-02,,,,,0.0,1.0,
1988-06-03,,,,,0.0,1.0,
1988-06-06,,,,,0.0,1.0,
1988-06-07,,,,,0.0,1.0,
1988-06-08,,,,,0.0,1.0,
1988-06-09,,,,,0.0,1.0,
1988-06-10,,,,,0.0,1.0,
1988-06-13,,,,,0.0,1.0,
1988-06-14,,,,,0.0,1.0,
1988-06-15,,,,,0.0,1.0,
1988-06-16,,,,,0.0,1.0,
1988-06-17,,,,,0.0,1.0,
1988-06-20,,,,,0.0,1.0,
1988-06-21,,,,,0.0,1.0,
1988-06-22,,,,,0.0,1.0,
1988-06-23,,,,,0.0,1.0,
1988-06-24,,,,,0.0,1.0,
1988-06-27,,,,,0.0,1.0,
1988-06-28,,,,,0.0,1.0,
1988-06-29,,,,,0.0,1.0,
1988-06-30,,,,,0.0,1.0,
1988-07-01,,,,,0.0,1.0,
1988-07-04,,,,,0.0,1.0,
1988-07-05,,,,,0.0,1.0,
1988-07-06,,,,,0.0,1.0,
1988-07-07,,,,,0.0,1.0,
1988-07-08,,,,,0.0,1.0,
1988-07-11,,,,,0.0,1.0,
1988-07-12,,,,,0.0,1.0,
1988-07-13,,,,,0.0,1.0,
1988-07-14,,,,,0.0,1.0,
1988-07-15,,,,,0.0,1.0,
1988-07-18,,,,,0.0,1.0,
1988-07-19,,,,,0.0,1.0,
1988-07-20,,,,,0.0,1.0,
1988-07-21,,,,,0.0,1.0,
1988-07-22,,,,,0.0,1.0,
1988-07-25,,,,,0.0,1.0,
1988-07-26,,,,,0.0,1.0,
1988-07-27,,,,,0.0,1.0,
1988-07-28,,,,,0.0,1.0,
1988-07-29,,,,,0.0,1.0,
1988-08-01,,,,,0.0,1.0,
1988-08-02,,,,,0.0,1.0,
1988-08-03,,,,,0.0,1.0,
1988-08-04,,,,,0.0,1.0,
1988-08-05,,,,,0.0,1.0,
1988-08-08,,,,,0.0,1.0,
1988-08-09,,,,,0.0,1.0,
1988-08-10,,,,,0.0,1.0,
1988-08-11,,,,,0.0,1.0,
1988-08-12,,,,,0.0,1.0,
1988-08-15,,,,,0.0,1.0,
1988-08-16,,,,,0.0,1.0,
1988-08-17,,,,,0.0,1.0,
1988-08-18,,,,,0.0,1.0,
1988-08-19,,,,,0.0,1.0,
1988-08-22,,,,,0.0,1.0,
1988-08-23,,,,,0.0,1.0,
1988-08-24,,,,,0.0,1.0,
1988-08-25,,,,,0.0,1.0,
1988-08-26,,,,,0.0,1.0,
1988-08-29,,,,,0.0,1.0,
1988-08-30,,,,,0.0,1.0,
1988-08-31,,,,,0.0,1.0,
1988-09-01,,,,,0.0,1.0,
1988-09-02,,,,,0.0,1.0,
1988-09-05,,,,,0.0,1.0,
1988-09-06,,,,,0.0,1.0,
1988-09-07,,,,,0.0,1.0,
1988-09-08,,,,,0.0,1.0,
1988-09-09,,,,,0.0,1.0,
1988-09-12,,,,,0.0,1.0,
1988-09-13,,,,,0.0,1.0,
1988-09-14,,,,,0.0,1.0,
1988-09-15,,,,,0.0,1.0,
1988-09-16,,,,,0.0,1.0,
1988-09-19,,,,,0.0,1.0,
1988-09-20,,,,,0.0,1.0,
1988-09-21,,,,,0.0,1.0,
1988-09-22,,,,,0.0,1.0,
1988-09-23,,,,,0.0,1.0,
1988-09-26,,,,,0.0,1.0,
1988-09-27,,,,,0.0,1.0,
1988-09-28,,,,,0.0,1.0,
1988-09-29,,,,,0.0,1.0,
1988-09-30,,,,,0.0,1.0,
1988-10-03,,,,,0.0,1.0,
1988-10-04,,,,,0.0,1.0,
1988-10-05,,,,,0.0,1.0,
1988-10-06,,,,,0.0,1.0,
1988-10-07,,,,,0.0,1.0,
1988-10-10,,,,,0.0,1.0,
1988-10-11,,,,,0.0,1.0,
1988-10-12,,,,,0.0,1.0,
1988-10-13,,,,,0.0,1.0,
1988-10-14,,,,,0.0,1.0,
1988-10-17,,,,,0.0,1.0,
1988-10-18,,,,,0.0,1.0,
1988-10-19,,,,,0.0,1.0,
1988-10-20,,,,,0.0,1.0,
1988-10-21,,,,,0.0,1.0,
1988-10-24,,,,,0.0,1.0,
1988-10-25,,,,,0.0,1.0,
1988-10-26,,,,,0.0,1.0,
1988-10-27,,,,,0.0,1.0,
1988-10-28,,,,,0.0,1.0,
1988-10-31,,,,,0.0,1.0,
1988-11-01,,,,,0.0,1.0,
1988-11-02,,,,,0.0,1.0,
1988-11-03,,,,,0.0,1.0,
1988-11-04,,,,,0.0,1.0,
1988-11-07,,,,,0.0,1.0,
1988-11-08,,,,,0.0,1.0,
1988-11-09,,,,,0.0,1.0,
1988-11-10,,,,,0.0,1.0,
1988-11-11,,,,,0.0,1.0,
1988-11-14,,,,,0.0,1.0,
1988-11-15,,,,,0.0,1.0,
1988-11-16,,,,,0.0,1.0,
1988-11-17,,,,,0.0,1.0,
1988-11-18,,,,,0.0,1.0,
1988-11-21,,,,,0.0,1.0,
1988-11-22,,,,,0.0,1.0,
1988-11-23,,,,,0.0,1.0,
1988-11-24,,,,,0.0,1.0,
1988-11-25,,,,,0.0,1.0,
1988-11-28,,,,,0.0,1.0,
1988-11-29,,,,,0.0,1.0,
1988-11-30,,,,,0.0,1.0,
1988-12-01,,,,,0.0,1.0,
1988-12-02,,,,,0.0,1.0,
1988-12-05,,,,,0.0,1.0,
1988-12-06,,,,,0.0,1.0,
1988-12-07,,,,,0.0,1.0,
1988-12-08,,,,,0.0,1.0,
1988-12-09,,,,,0.0,1.0,
1988-12-12,,,,,0.0,1.0,
1988-12-13,,,,,0.0,1.0,
1988-12-14,,,,,0.0,1.0,
1988-12-15,,,,,0.0,1.0,
1988-12-16,,,,,0.0,1.0,
1988-12-19,,,,,0.0,1.0,
1988-12-20,,,,,0.0,1.0,
1988-12-21,,,,,0.0,1.0,
1988-12-22,,,,,0.0,1.0,
1988-12-23,,,,,0.0,1.0,
1988-12-26,,,,,0.0,1.0,
1988-12-27,,,,,0.0,1.0,
1988-12-28,,,,,0.0,1.0,
1988-12-29,,,,,0.0,1.0,
1988-12-30,,,,,0.0,1.0,
1989-01-02,,,,,0.0,1.0,
1989-01-03,,,,,0.0,1.0,
1989-01-04,,,,,0.0,1.0,
1989-01-05,,,,,0.0,1.0,
1989-01-06,,,,,0.0,1.0,
1989-01-09,,,,,0.0,1.0,
1989-01-10,,,,,0.0,1.0,
1989-01-11,,,,,0.0,1.0,
1989-01-12,,,,,0.0,1.0,
1989-01-13,,,,,0.0,1.0,
1989-01-16,,,,,0.0,1.0,
1989-01-17,,,,,0.0,1.0,
1989-01-18,,,,,0.0,1.0,
1989-01-19,,,,,0.0,1.0,
1989-01-20,,,,,0.0,1.0,
1989-01-23,,,,,0.0,1.0,
1989-01-24,,,,,0.0,1.0,
1989-01-25,,,,,0.0,1.0,
1989-01-26,,,,,0.0,1.0,
1989-01-27,,,,,0.0,1.0,
1989-01-30,,,,,0.0,1.0,
1989-01-31,,,,,0.0,1.0,
1989-02-01,,,,,0.0,1.0,
1989-02-02,,,,,0.0,1.0,
1989-02-03,,,,,0.0,1.0,
1989-02-06,,,,,0.0,1.0,
1989-02-07,,,,,0.0,1.0,
1989-02-08,,,,,0.0,1.0,
1989-02-09,,,,,0.0,1.0,
1989-02-10,,,,,0.0,1.0,
1989-02-13,,,,,0.0,1.0,
1989-02-14,,,,,0.0,1.0,
1989-02-15,,,,,0.0,1.0,
1989-02-16,,,,,0.0,1.0,
1989-02-17,,,,,0.0,1.0,
1989-02-20,,,,,0.0,1.0,
1989-02-21,,,,,0.0,1.0,
1989-02-22,,,,,0.0,1.0,
1989-02-23,,,,,0.0,1.0,
1989-02-24,,,,,0.0,1.0,
1989-02-27,,,,,0.0,1.0,
1989-02-28,,,,,0.0,1.0,
1989-03-01,,,,,0.0,1.0,
1989-03-02,,,,,0.0,1.0,
1989-03-03,,,,,0.0,1.0,
1989-03-06,,,,,0.0,1.0,
1989-03-07,,,,,0.0,1.0,
1989-03-08,,,,,0.0,1.0,
1989-03-09,,,,,0.0,1.0,
1989-03-10,,,,,0.0,1.0,
1989-03-13,,,,,0.0,1.0,
1989-03-14,,,,,0.0,1.0,
1989-03-15,,,,,0.0,1.0,
1989-03-16,,,,,0.0,1.0,
1989-03-17,,,,,0.0,1.0,
1989-03-20,,,,,0.0,1.0,
1989-03-21,,,,,0.0,1.0,
1989-03-22,,,,,0.0,1.0,
1989-03-23,,,,,0.0,1.0,
1989-03-24,,,,,0.0,1.0,
1989-03-27,,,,,0.0,1.0,
1989-03-28,,,,,0.0,1.0,
1989-03-29,,,,,0.0,1.0,
1989-03-30,,,,,0.0,1.0,
1989-03-31,,,,,0.0,1.0,
1989-04-03,,,,,0.0,1.0,
1989-04-04,,,,,0.0,1.0,
1989-04-05,,,,,0.0,1.0,
1989-04-06,,,,,0.0,1.0,
1989-04-07,,,,,0.0,1.0,
1989-04-10,,,,,0.0,1.0,
1989-04-11,,,,,0.0,1.0,
1989-04-12,,,,,0.0,1.0,
1989-04-13,,,,,0.0,1.0,
1989-04-14,,,,,0.0,1.0,
1989-04-17,,,,,0.0,1.0,
1989-04-18,,,,,0.0,1.0,
1989-04-19,,,,,0.0,1.0,
1989-04-20,,,,,0.0,1.0,
1989-04-21,,,,,0.0,1.0,
1989-04-24,,,,,0.0,1.0,
1989-04-25,,,,,0.0,1.0,
1989-04-26,,,,,0.0,1.0,
1989-04-27,,,,,0.0,1.0,
1989-04-28,,,,,0.0,1.0,
1989-05-01,,,,,0.0,1.0,
1989-05-02,,,,,0.0,1.0,
1989-05-03,,,,,0.0,1.0,
1989-05-04,,,,,0.0,1.0,
1989-05-05,,,,,0.0,1.0,
1989-05-08,,,,,0.0,1.0,
1989-05-09,,,,,0.0,1.0,
1989-05-10,,,,,0.0,1.0,
1989-05-11,,,,,0.0,1.0,
1989-05-12,,,,,0.0,1.0,
1989-05-15,,,,,0.0,1.0,
1989-05-16,,,,,0.0,1.0,
1989-05-17,,,,,0.0,1.0,
1989-05-18,,,,,0.0,1.0,
1989-05-19,,,,,0.0,1.0,
1989-05-22,,,,,0.0,1.0,
1989-05-23,,,,,0.0,1.0,
1989-05-24,,,,,0.0,1.0,
1989-05-25,,,,,0.0,1.0,
1989-05-26,,,,,0.0,1.0,
1989-05-29,,,,,0.0,1.0,
1989-05-30,,,,,0.0,1.0,
1989-05-31,,,,,0.0,1.0,
1989-06-01,,,,,0.0,1.0,
1989-06-02,,,,,0.0,1.0,
1989-06-05,,,,,0.0,1.0,
1989-06-06,,,,,0.0,1.0,
1989-06-07,,,,,0.0,1.0,
1989-06-08,,,,,0.0,1.0,
1989-06-09,,,,,0.0,1.0,
1989-06-12,,,,,0.0,1.0,
1989-06-13,,,,,0.0,1.0,
1989-06-14,,,,,0.0,1.0,
1989-06-15,,,,,0.0,1.0,
1989-06-16,,,,,0.0,1.0,
1989-06-19,,,,,0.0,1.0,
1989-06-20,,,,,0.0,1.0,
1989-06-21,,,,,0.0,1.0,
1989-06-22,,,,,0.0,1.0,
1989-06-23,,,,,0.0,1.0,
1989-06-26,,,,,0.0,1.0,
1989-06-27,,,,,0.0,1.0,
1989-06-28,,,,,0.0,1.0,
1989-06-29,,,,,0.0,1.0,
1989-06-30,,,,,0.0,1.0,
1989-07-03,,,,,0.0,1.0,
1989-07-04,,,,,0.0,1.0,
1989-07-05,,,,,0.0,1.0,
1989-07-06,,,,,0.0,1.0,
1989-07-07,,,,,0.0,1.0,
1989-07-10,,,,,0.0,1.0,
1989-07-11,,,,,0.0,1.0,
1989-07-12,,,,,0.0,1.0,
1989-07-13,,,,,0.0,1.0,
1989-07-14,,,,,0.0,1.0,
1989-07-17,,,,,0.0,1.0,
1989-07-18,,,,,0.0,1.0,
1989-07-19,,,,,0.0,1.0,
1989-07-20,,,,,0.0,1.0,
1989-07-21,,,,,0.0,1.0,
1989-07-24,,,,,0.0,1.0,
1989-07-25,,,,,0.0,1.0,
1989-07-26,,,,,0.0,1.0,
1989-07-27,,,,,0.0,1.0,
1989-07-28,,,,,0.0,1.0,
1989-07-31,,,,,0.0,1.0,
1989-08-01,,,,,0.0,1.0,
1989-08-02,,,,,0.0,1.0,
1989-08-03,,,,,0.0,1.0,
1989-08-04,,,,,0.0,1.0,
1989-08-07,,,,,0.0,1.0,
1989-08-08,,,,,0.0,1.0,
1989-08-09,,,,,0.0,1.0,
1989-08-10,,,,,0.0,1.0,
1989-08-11,,,,,0.0,1.0,
1989-08-14,,,,,0.0,1.0,
1989-08-15,,,,,0.0,1.0,
1989-08-16,,,,,0.0,1.0,
1989-08-17,,,,,0.0,1.0,
1989-08-18,,,,,0.0,1.0,
1989-08-21,,,,,0.0,1.0,
1989-08-22,,,,,0.0,1.0,
1989-08-23,,,,,0.0,1.0,
1989-08-24,,,,,0.0,1.0,
1989-08-25,,,,,0.0,1.0,
1989-08-28,,,,,0.0,1.0,
1989-08-29,,,,,0.0,1.0,
1989-08-30,,,,,0.0,1.0,
1989-08-31,,,,,0.0,1.0,
1989-09-01,,,,,0.0,1.0,
1989-09-04,,,,,0.0,1.0,
1989-09-05,,,,,0.0,1.0,
1989-09-06,,,,,0.0,1.0,
1989-09-07,,,,,0.0,1.0,
1989-09-08,,,,,0.0,1.0,
1989-09-11,,,,,0.0,1.0,
1989-09-12,,,,,0.0,1.0,
1989-09-13,,,,,0.0,1.0,
1989-09-14,,,,,0.0,1.0,
1989-09-15,,,,,0.0,1.0,
1989-09-18,,,,,0.0,1.0,
1989-09-19,,,,,0.0,1.0,
1989-09-20,,,,,0.0,1.0,
1989-09-21,,,,,0.0,1.0,
1989-09-22,,,,,0.0,1.0,
1989-09-25,,,,,0.0,1.0,
1989-09-26,,,,,0.0,1.0,
1989-09-27,,,,,0.0,1.0,
1989-09-28,,,,,0.0,1.0,
1989-09-29,,,,,0.0,1.0,
1989-10-02,,,,,0.0,1.0,
1989-10-03,,,,,0.0,1.0,
1989-10-04,,,,,0.0,1.0,
1989-10-05,,,,,0.0,1.0,
1989-10-06,,,,,0.0,1.0,
1989-10-09,,,,,0.0,1.0,
1989-10-10,,,,,0.0,1.0,
1989-10-11,,,,,0.0,1.0,
1989-10-12,,,,,0.0,1.0,
1989-10-13,,,,,0.0,1.0,
1989-10-16,,,,,0.0,1.0,
1989-10-17,,,,,0.0,1.0,
1989-10-18,,,,,0.0,1.0,
1989-10-19,,,,,0.0,1.0,
1989-10-20,,,,,0.0,1.0,
1989-10-23,,,,,0.0,1.0,
1989-10-24,,,,,0.0,1.0,
1989-10-25,,,,,0.0,1.0,
1989-10-26,,,,,0.0,1.0,
1989-10-27,,,,,0.0,1.0,
1989-10-30,,,,,0.0,1.0,
1989-10-31,,,,,0.0,1.0,
1989-11-01,,,,,0.0,1.0,
1989-11-02,,,,,0.0,1.0,
1989-11-03,,,,,0.0,1.0,
1989-11-06,,,,,0.0,1.0,
1989-11-07,,,,,0.0,1.0,
1989-11-08,,,,,0.0,1.0,
1989-11-09,,,,,0.0,1.0,
1989-11-10,,,,,0.0,1.0,
1989-11-13,,,,,0.0,1.0,
1989-11-14,,,,,0.0,1.0,
1989-11-15,,,,,0.0,1.0,
1989-11-16,,,,,0.0,1.0,
1989-11-17,,,,,0.0,1.0,
1989-11-20,,,,,0.0,1.0,
1989-11-21,,,,,0.0,1.0,
1989-11-22,,,,,0.0,1.0,
1989-11-23,,,,,0.0,1.0,
1989-11-24,,,,,0.0,1.0,
1989-11-27,,,,,0.0,1.0,
1989-11-28,,,,,0.0,1.0,
1989-11-29,,,,,0.0,1.0,
1989-11-30,,,,,0.0,1.0,
1989-12-01,,,,,0.0,1.0,
1989-12-04,,,,,0.0,1.0,
1989-12-05,,,,,0.0,1.0,
1989-12-06,,,,,0.0,1.0,
1989-12-07,,,,,0.0,1.0,
1989-12-08,,,,,0.0,1.0,
1989-12-11,,,,,0.0,1.0,
1989-12-12,,,,,0.0,1.0,
1989-12-13,,,,,0.0,1.0,
1989-12-14,,,,,0.0,1.0,
1989-12-15,,,,,0.0,1.0,
1989-12-18,,,,,0.0,1.0,
1989-12-19,,,,,0.0,1.0,
1989-12-20,,,,,0.0,1.0,
1989-12-21,,,,,0.0,1.0,
1989-12-22,,,,,0.0,1.0,
1989-12-25,,,,,0.0,1.0,
1989-12-26,,,,,0.0,1.0,
1989-12-27,,,,,0.0,1.0,
1989-12-28,,,,,0.0,1.0,
1989-12-29,,,,,0.0,1.0,
1990-01-01,,,,,0.0,1.0,
1990-01-02,,,,,0.0,1.0,
1990-01-03,,,,,0.0,1.0,
1990-01-04,,,,,0.0,1.0,
1990-01-05,,,,,0.0,1.0,
1990-01-08,,,,,0.0,1.0,
1990-01-09,,,,,0.0,1.0,
1990-01-10,,,,,0.0,1.0,
1990-01-11,,,,,0.0,1.0,
1990-01-12,,,,,0.0,1.0,
1990-01-15,,,,,0.0,1.0,
1990-01-16,,,,,0.0,1.0,
1990-01-17,,,,,0.0,1.0,
1990-01-18,,,,,0.0,1.0,
1990-01-19,,,,,0.0,1.0,
1990-01-22,,,,,0.0,1.0,
1990-01-23,,,,,0.0,1.0,
1990-01-24,,,,,0.0,1.0,
1990-01-25,,,,,0.0,1.0,
1990-01-26,,,,,0.0,1.0,
1990-01-29,,,,,0.0,1.0,
1990-01-30,,,,,0.0,1.0,
1990-01-31,,,,,0.0,1.0,
1990-02-01,,,,,0.0,1.0,
1990-02-02,,,,,0.0,1.0,
1990-02-05,,,,,0.0,1.0,
1990-02-06,,,,,0.0,1.0,
1990-02-07,,,,,0.0,1.0,
1990-02-08,,,,,0.0,1.0,
1990-02-09,,,,,0.0,1.0,
1990-02-12,,,,,0.0,1.0,
1990-02-13,,,,,0.0,1.0,
1990-02-14,,,,,0.0,1.0,
1990-02-15,,,,,0.0,1.0,
1990-02-16,,,,,0.0,1.0,
1990-02-19,,,,,0.0,1.0,
1990-02-20,,,,,0.0,1.0,
1990-02-21,,,,,0.0,1.0,
1990-02-22,,,,,0.0,1.0,
1990-02-23,,,,,0.0,1.0,
1990-02-26,,,,,0.0,1.0,
1990-02-27,,,,,0.0,1.0,
1990-02-28,,,,,0.0,1.0,
1990-03-01,,,,,0.0,1.0,
1990-03-02,,,,,0.0,1.0,
1990-03-05,,,,,0.0,1.0,
1990-03-06,,,,,0.0,1.0,
1990-03-07,,,,,0.0,1.0,
1990-03-08,,,,,0.0,1.0,
1990-03-09,,,,,0.0,1.0,
1990-03-12,,,,,0.0,1.0,
1990-03-13,,,,,0.0,1.0,
1990-03-14,,,,,0.0,1.0,
1990-03-15,,,,,0.0,1.0,
1990-03-16,,,,,0.0,1.0,
1990-03-19,,,,,0.0,1.0,
1990-03-20,,,,,0.0,1.0,
1990-03-21,,,,,0.0,1.0,
1990-03-22,,,,,0.0,1.0,
1990-03-23,,,,,0.0,1.0,
1990-03-26,,,,,0.0,1.0,
1990-03-27,,,,,0.0,1.0,
1990-03-28,,,,,0.0,1.0,
1990-03-29,,,,,0.0,1.0,
1990-03-30,,,,,0.0,1.0,
1990-04-02,,,,,0.0,1.0,
1990-04-03,,,,,0.0,1.0,
1990-04-04,,,,,0.0,1.0,
1990-04-05,,,,,0.0,1.0,
1990-04-06,,,,,0.0,1.0,
1990-04-09,,,,,0.0,1.0,
1990-04-10,,,,,0.0,1.0,
1990-04-11,,,,,0.0,1.0,
1990-04-12,,,,,0.0,1.0,
1990-04-13,,,,,0.0,1.0,
1990-04-16,,,,,0.0,1.0,
1990-04-17,,,,,0.0,1.0,
1990-04-18,,,,,0.0,1.0,
1990-04-19,,,,,0.0,1.0,
1990-04-20,,,,,0.0,1.0,
1990-04-23,,,,,0.0,1.0,
1990-04-24,,,,,0.0,1.0,
1990-04-25,,,,,0.0,1.0,
1990-04-26,,,,,0.0,1.0,
1990-04-27,,,,,0.0,1.0,
1990-04-30,,,,,0.0,1.0,
1990-05-01,,,,,0.0,1.0,
1990-05-02,,,,,0.0,1.0,
1990-05-03,,,,,0.0,1.0,
1990-05-04,,,,,0.0,1.0,
1990-05-07,,,,,0.0,1.0,
1990-05-08,,,,,0.0,1.0,
1990-05-09,,,,,0.0,1.0,
1990-05-10,,,,,0.0,1.0,
1990-05-11,,,,,0.0,1.0,
1990-05-14,,,,,0.0,1.0,
1990-05-15,,,,,0.0,1.0,
1990-05-16,,,,,0.0,1.0,
1990-05-17,,,,,0.0,1.0,
1990-05-18,,,,,0.0,1.0,
1990-05-21,,,,,0.0,1.0,
1990-05-22,,,,,0.0,1.0,
1990-05-23,,,,,0.0,1.0,
1990-05-24,,,,,0.0,1.0,
1990-05-25,,,,,0.0,1.0,
1990-05-28,,,,,0.0,1.0,
1990-05-29,,,,,0.0,1.0,
1990-05-30,,,,,0.0,1.0,
1990-05-31,,,,,0.0,1.0,
1990-06-01,,,,,0.0,1.0,
1990-06-04,,,,,0.0,1.0,
1990-06-05,,,,,0.0,1.0,
1990-06-06,,,,,0.0,1.0,
1990-06-07,,,,,0.0,1.0,
1990-06-08,,,,,0.0,1.0,
1990-06-11,,,,,0.0,1.0,
1990-06-12,,,,,0.0,1.0,
1990-06-13,,,,,0.0,1.0,
1990-06-14,,,,,0.0,1.0,
1990-06-15,,,,,0.0,1.0,
1990-06-18,,,,,0.0,1.0,
1990-06-19,,,,,0.0,1.0,
1990-06-20,,,,,0.0,1.0,
1990-06-21,,,,,0.0,1.0,
1990-06-22,,,,,0.0,1.0,
1990-06-25,,,,,0.0,1.0,
1990-06-26,,,,,0.0,1.0,
1990-06-27,,,,,0.0,1.0,
1990-06-28,,,,,0.0,1.0,
1990-06-29,,,,,0.0,1.0,
1990-07-02,,,,,0.0,1.0,
1990-07-03,,,,,0.0,1.0,
1990-07-04,,,,,0.0,1.0,
1990-07-05,,,,,0.0,1.0,
1990-07-06,,,,,0.0,1.0,
1990-07-09,,,,,0.0,1.0,
1990-07-10,,,,,0.0,1.0,
1990-07-11,,,,,0.0,1.0,
1990-07-12,,,,,0.0,1.0,
1990-07-13,,,,,0.0,1.0,
1990-07-16,,,,,0.0,1.0,
1990-07-17,,,,,0.0,1.0,
1990-07-18,,,,,0.0,1.0,
1990-07-19,,,,,0.0,1.0,
1990-07-20,,,,,0.0,1.0,
1990-07-23,,,,,0.0,1.0,
1990-07-24,,,,,0.0,1.0,
1990-07-25,,,,,0.0,1.0,
1990-07-26,,,,,0.0,1.0,
1990-07-27,,,,,0.0,1.0,
1990-07-30,,,,,0.0,1.0,
1990-07-31,,,,,0.0,1.0,
1990-08-01,,,,,0.0,1.0,
1990-08-02,,,,,0.0,1.0,
1990-08-03,,,,,0.0,1.0,
1990-08-06,,,,,0.0,1.0,
1990-08-07,,,,,0.0,1.0,
1990-08-08,,,,,0.0,1.0,
1990-08-09,,,,,0.0,1.0,
1990-08-10,,,,,0.0,1.0,
1990-08-13,,,,,0.0,1.0,
1990-08-14,,,,,0.0,1.0,
1990-08-15,,,,,0.0,1.0,
1990-08-16,,,,,0.0,1.0,
1990-08-17,,,,,0.0,1.0,
1990-08-20,,,,,0.0,1.0,
1990-08-21,,,,,0.0,1.0,
1990-08-22,,,,,0.0,1.0,
1990-08-23,,,,,0.0,1.0,
1990-08-24,,,,,0.0,1.0,
1990-08-27,,,,,0.0,1.0,
1990-08-28,,,,,0.0,1.0,
1990-08-29,,,,,0.0,1.0,
1990-08-30,,,,,0.0,1.0,
1990-08-31,,,,,0.0,1.0,
1990-09-03,,,,,0.0,1.0,
1990-09-04,,,,,0.0,1.0,
1990-09-05,,,,,0.0,1.0,
1990-09-06,,,,,0.0,1.0,
1990-09-07,,,,,0.0,1.0,
1990-09-10,,,,,0.0,1.0,
1990-09-11,,,,,0.0,1.0,
1990-09-12,,,,,0.0,1.0,
1990-09-13,,,,,0.0,1.0,
1990-09-14,,,,,0.0,1.0,
1990-09-17,,,,,0.0,1.0,
1990-09-18,,,,,0.0,1.0,
1990-09-19,,,,,0.0,1.0,
1990-09-20,,,,,0.0,1.0,
1990-09-21,,,,,0.0,1.0,
1990-09-24,,,,,0.0,1.0,
1990-09-25,,,,,0.0,1.0,
1990-09-26,,,,,0.0,1.0,
1990-09-27,,,,,0.0,1.0,
1990-09-28,,,,,0.0,1.0,
1990-10-01,,,,,0.0,1.0,
1990-10-02,,,,,0.0,1.0,
1990-10-03,,,,,0.0,1.0,
1990-10-04,,,,,0.0,1.0,
1990-10-05,,,,,0.0,1.0,
1990-10-08,,,,,0.0,1.0,
1990-10-09,,,,,0.0,1.0,
1990-10-10,,,,,0.0,1.0,
1990-10-11,,,,,0.0,1.0,
1990-10-12,,,,,0.0,1.0,
1990-10-15,,,,,0.0,1.0,
1990-10-16,,,,,0.0,1.0,
1990-10-17,,,,,0.0,1.0,
1990-10-18,,,,,0.0,1.0,
1990-10-19,,,,,0.0,1.0,
1990-10-22,,,,,0.0,1.0,
1990-10-23,,,,,0.0,1.0,
1990-10-24,,,,,0.0,1.0,
1990-10-25,,,,,0.0,1.0,
1990-10-26,,,,,0.0,1.0,
1990-10-29,,,,,0.0,1.0,
1990-10-30,,,,,0.0,1.0,
1990-10-31,,,,,0.0,1.0,
1990-11-01,,,,,0.0,1.0,
1990-11-02,,,,,0.0,1.0,
1990-11-05,,,,,0.0,1.0,
1990-11-06,,,,,0.0,1.0,
1990-11-07,,,,,0.0,1.0,
1990-11-08,,,,,0.0,1.0,
1990-11-09,,,,,0.0,1.0,
1990-11-12,,,,,0.0,1.0,
1990-11-13,,,,,0.0,1.0,
1990-11-14,,,,,0.0,1.0,
1990-11-15,,,,,0.0,1.0,
1990-11-16,,,,,0.0,1.0,
1990-11-19,,,,,0.0,1.0,
1990-11-20,,,,,0.0,1.0,
1990-11-21,,,,,0.0,1.0,
1990-11-22,,,,,0.0,1.0,
1990-11-23,,,,,0.0,1.0,
1990-11-26,,,,,0.0,1.0,
1990-11-27,,,,,0.0,1.0,
1990-11-28,,,,,0.0,1.0,
1990-11-29,,,,,0.0,1.0,
1990-11-30,,,,,0.0,1.0,
1990-12-03,,,,,0.0,1.0,
1990-12-04,,,,,0.0,1.0,
1990-12-05,,,,,0.0,1.0,
1990-12-06,,,,,0.0,1.0,
1990-12-07,,,,,0.0,1.0,
1990-12-10,,,,,0.0,1.0,
1990-12-11,,,,,0.0,1.0,
1990-12-12,,,,,0.0,1.0,
1990-12-13,,,,,0.0,1.0,
1990-12-14,,,,,0.0,1.0,
1990-12-17,,,,,0.0,1.0,
1990-12-18,,,,,0.0,1.0,
1990-12-19,,,,,0.0,1.0,
1990-12-20,,,,,0.0,1.0,
1990-12-21,,,,,0.0,1.0,
1990-12-24,,,,,0.0,1.0,
1990-12-25,,,,,0.0,1.0,
1990-12-26,,,,,0.0,1.0,
1990-12-27,,,,,0.0,1.0,
1990-12-28,,,,,0.0,1.0,
1990-12-31,,,,,0.0,1.0,
1991-01-01,,,,,0.0,1.0,
1991-01-02,,,,,0.0,1.0,
1991-01-03,,,,,0.0,1.0,
1991-01-04,,,,,0.0,1.0,
1991-01-07,,,,,0.0,1.0,
1991-01-08,,,,,0.0,1.0,
1991-01-09,,,,,0.0,1.0,
1991-01-10,,,,,0.0,1.0,
1991-01-11,,,,,0.0,1.0,
1991-01-14,,,,,0.0,1.0,
1991-01-15,,,,,0.0,1.0,
1991-01-16,,,,,0.0,1.0,
1991-01-17,,,,,0.0,1.0,
1991-01-18,,,,,0.0,1.0,
1991-01-21,,,,,0.0,1.0,
1991-01-22,,,,,0.0,1.0,
1991-01-23,,,,,0.0,1.0,
1991-01-24,,,,,0.0,1.0,
1991-01-25,,,,,0.0,1.0,
1991-01-28,,,,,0.0,1.0,
1991-01-29,,,,,0.0,1.0,
1991-01-30,,,,,0.0,1.0,
1991-01-31,,,,,0.0,1.0,
1991-02-01,,,,,0.0,1.0,
1991-02-04,,,,,0.0,1.0,
1991-02-05,,,,,0.0,1.0,
1991-02-06,,,,,0.0,1.0,
1991-02-07,,,,,0.0,1.0,
1991-02-08,,,,,0.0,1.0,
1991-02-11,,,,,0.0,1.0,
1991-02-12,,,,,0.0,1.0,
1991-02-13,,,,,0.0,1.0,
1991-02-14,,,,,0.0,1.0,
1991-02-15,,,,,0.0,1.0,
1991-02-18,,,,,0.0,1.0,
1991-02-19,,,,,0.0,1.0,
1991-02-20,,,,,0.0,1.0,
1991-02-21,,,,,0.0,1.0,
1991-02-22,,,,,0.0,1.0,
1991-02-25,,,,,0.0,1.0,
1991-02-26,,,,,0.0,1.0,
1991-02-27,,,,,0.0,1.0,
1991-02-28,,,,,0.0,1.0,
1991-03-01,,,,,0.0,1.0,
1991-03-04,,,,,0.0,1.0,
1991-03-05,,,,,0.0,1.0,
1991-03-06,,,,,0.0,1.0,
1991-03-07,,,,,0.0,1.0,
1991-03-08,,,,,0.0,1.0,
1991-03-11,,,,,0.0,1.0,
1991-03-12,,,,,0.0,1.0,
1991-03-13,,,,,0.0,1.0,
1991-03-14,,,,,0.0,1.0,
1991-03-15,,,,,0.0,1.0,
1991-03-18,,,,,0.0,1.0,
1991-03-19,,,,,0.0,1.0,
1991-03-20,,,,,0.0,1.0,
1991-03-21,,,,,0.0,1.0,
1991-03-22,,,,,0.0,1.0,
1991-03-25,,,,,0.0,1.0,
1991-03-26,,,,,0.0,1.0,
1991-03-27,,,,,0.0,1.0,
1991-03-28,,,,,0.0,1.0,
1991-03-29,,,,,0.0,1.0,
1991-04-01,,,,,0.0,1.0,
1991-04-02,,,,,0.0,1.0,
1991-04-03,,,,,0.0,1.0,
1991-04-04,,,,,0.0,1.0,
1991-04-05,,,,,0.0,1.0,
1991-04-08,,,,,0.0,1.0,
1991-04-09,,,,,0.0,1.0,
1991-04-10,,,,,0.0,1.0,
1991-04-11,,,,,0.0,1.0,
1991-04-12,,,,,0.0,1.0,
1991-04-15,,,,,0.0,1.0,
1991-04-16,,,,,0.0,1.0,
1991-04-17,,,,,0.0,1.0,
1991-04-18,,,,,0.0,1.0,
1991-04-19,,,,,0.0,1.0,
1991-04-22,,,,,0.0,1.0,
1991-04-23,,,,,0.0,1.0,
1991-04-24,,,,,0.0,1.0,
1991-04-25,,,,,0.0,1.0,
1991-04-26,,,,,0.0,1.0,
1991-04-29,,,,,0.0,1.0,
1991-04-30,,,,,0.0,1.0,
1991-05-01,,,,,0.0,1.0,
1991-05-02,,,,,0.0,1.0,
1991-05-03,,,,,0.0,1.0,
1991-05-06,,,,,0.0,1.0,
1991-05-07,,,,,0.0,1.0,
1991-05-08,,,,,0.0,1.0,
1991-05-09,,,,,0.0,1.0,
1991-05-10,,,,,0.0,1.0,
1991-05-13,,,,,0.0,1.0,
1991-05-14,,,,,0.0,1.0,
1991-05-15,,,,,0.0,1.0,
1991-05-16,,,,,0.0,1.0,
1991-05-17,,,,,0.0,1.0,
1991-05-20,,,,,0.0,1.0,
1991-05-21,,,,,0.0,1.0,
1991-05-22,,,,,0.0,1.0,
1991-05-23,,,,,0.0,1.0,
1991-05-24,,,,,0.0,1.0,
1991-05-27,,,,,0.0,1.0,
1991-05-28,,,,,0.0,1.0,
1991-05-29,,,,,0.0,1.0,
1991-05-30,,,,,0.0,1.0,
1991-05-31,,,,,0.0,1.0,
1991-06-03,,,,,0.0,1.0,
1991-06-04,,,,,0.0,1.0,
1991-06-05,,,,,0.0,1.0,
1991-06-06,,,,,0.0,1.0,
1991-06-07,,,,,0.0,1.0,
1991-06-10,,,,,0.0,1.0,
1991-06-11,,,,,0.0,1.0,
1991-06-12,,,,,0.0,1.0,
1991-06-13,,,,,0.0,1.0,
1991-06-14,,,,,0.0,1.0,
1991-06-17,,,,,0.0,1.0,
1991-06-18,,,,,0.0,1.0,
1991-06-19,,,,,0.0,1.0,
1991-06-20,,,,,0.0,1.0,
1991-06-21,,,,,0.0,1.0,
1991-06-24,,,,,0.0,1.0,
1991-06-25,,,,,0.0,1.0,
1991-06-26,,,,,0.0,1.0,
1991-06-27,,,,,0.0,1.0,
1991-06-28,,,,,0.0,1.0,
1991-07-01,,,,,0.0,1.0,
1991-07-02,,,,,0.0,1.0,
1991-07-03,,,,,0.0,1.0,
1991-07-04,,,,,0.0,1.0,
1991-07-05,,,,,0.0,1.0,
1991-07-08,,,,,0.0,1.0,
1991-07-09,,,,,0.0,1.0,
1991-07-10,,,,,0.0,1.0,
1991-07-11,,,,,0.0,1.0,
1991-07-12,,,,,0.0,1.0,
1991-07-15,,,,,0.0,1.0,
1991-07-16,,,,,0.0,1.0,
1991-07-17,,,,,0.0,1.0,
1991-07-18,,,,,0.0,1.0,
1991-07-19,,,,,0.0,1.0,
1991-07-22,,,,,0.0,1.0,
1991-07-23,,,,,0.0,1.0,
1991-07-24,,,,,0.0,1.0,
1991-07-25,,,,,0.0,1.0,
1991-07-26,,,,,0.0,1.0,
1991-07-29,,,,,0.0,1.0,
1991-07-30,,,,,0.0,1.0,
1991-07-31,,,,,0.0,1.0,
1991-08-01,,,,,0.0,1.0,
1991-08-02,,,,,0.0,1.0,
1991-08-05,,,,,0.0,1.0,
1991-08-06,,,,,0.0,1.0,
1991-08-07,,,,,0.0,1.0,
1991-08-08,,,,,0.0,1.0,
1991-08-09,,,,,0.0,1.0,
1991-08-12,,,,,0.0,1.0,
1991-08-13,,,,,0.0,1.0,
1991-08-14,,,,,0.0,1.0,
1991-08-15,,,,,0.0,1.0,
1991-08-16,,,,,0.0,1.0,
1991-08-19,,,,,0.0,1.0,
1991-08-20,,,,,0.0,1.0,
1991-08-21,,,,,0.0,1.0,
1991-08-22,,,,,0.0,1.0,
1991-08-23,,,,,0.0,1.0,
1991-08-26,,,,,0.0,1.0,
1991-08-27,,,,,0.0,1.0,
1991-08-28,,,,,0.0,1.0,
1991-08-29,,,,,0.0,1.0,
1991-08-30,,,,,0.0,1.0,
1991-09-02,,,,,0.0,1.0,
1991-09-03,,,,,0.0,1.0,
1991-09-04,,,,,0.0,1.0,
1991-09-05,,,,,0.0,1.0,
1991-09-06,,,,,0.0,1.0,
1991-09-09,,,,,0.0,1.0,
1991-09-10,,,,,0.0,1.0,
1991-09-11,,,,,0.0,1.0,
1991-09-12,,,,,0.0,1.0,
1991-09-13,,,,,0.0,1.0,
1991-09-16,,,,,0.0,1.0,
1991-09-17,,,,,0.0,1.0,
1991-09-18,,,,,0.0,1.0,
1991-09-19,,,,,0.0,1.0,
1991-09-20,,,,,0.0,1.0,
1991-09-23,,,,,0.0,1.0,
1991-09-24,,,,,0.0,1.0,
1991-09-25,,,,,0.0,1.0,
1991-09-26,,,,,0.0,1.0,
1991-09-27,,,,,0.0,1.0,
1991-09-30,,,,,0.0,1.0,
1991-10-01,,,,,0.0,1.0,
1991-10-02,,,,,0.0,1.0,
1991-10-03,,,,,0.0,1.0,
1991-10-04,,,,,0.0,1.0,
1991-10-07,,,,,0.0,1.0,
1991-10-08,,,,,0.0,1.0,
1991-10-09,,,,,0.0,1.0,
1991-10-10,,,,,0.0,1.0,
1991-10-11,,,,,0.0,1.0,
1991-10-14,,,,,0.0,1.0,
1991-10-15,,,,,0.0,1.0,
1991-10-16,,,,,0.0,1.0,
1991-10-17,,,,,0.0,1.0,
1991-10-18,,,,,0.0,1.0,
1991-10-21,,,,,0.0,1.0,
1991-10-22,,,,,0.0,1.0,
1991-10-23,,,,,0.0,1.0,
1991-10-24,,,,,0.0,1.0,
1991-10-25,,,,,0.0,1.0,
1991-10-28,,,,,0.0,1.0,
1991-10-29,,,,,0.0,1.0,
1991-10-30,,,,,0.0,1.0,
1991-10-31,,,,,0.0,1.0,
1991-11-01,,,,,0.0,1.0,
1991-11-04,,,,,0.0,1.0,
1991-11-05,,,,,0.0,1.0,
1991-11-06,,,,,0.0,1.0,
1991-11-07,,,,,0.0,1.0,
1991-11-08,,,,,0.0,1.0,
1991-11-11,,,,,0.0,1.0,
1991-11-12,,,,,0.0,1.0,
1991-11-13,,,,,0.0,1.0,
1991-11-14,,,,,0.0,1.0,
1991-11-15,,,,,0.0,1.0,
1991-11-18,,,,,0.0,1.0,
1991-11-19,,,,,0.0,1.0,
1991-11-20,,,,,0.0,1.0,
1991-11-21,,,,,0.0,1.0,
1991-11-22,,,,,0.0,1.0,
1991-11-25,,,,,0.0,1.0,
1991-11-26,,,,,0.0,1.0,
1991-11-27,,,,,0.0,1.0,
1991-11-28,,,,,0.0,1.0,
1991-11-29,,,,,0.0,1.0,
1991-12-02,,,,,0.0,1.0,
1991-12-03,,,,,0.0,1.0,
1991-12-04,,,,,0.0,1.0,
1991-12-05,,,,,0.0,1.0,
1991-12-06,,,,,0.0,1.0,
1991-12-09,,,,,0.0,1.0,
1991-12-10,,,,,0.0,1.0,
1991-12-11,,,,,0.0,1.0,
1991-12-12,,,,,0.0,1.0,
1991-12-13,,,,,0.0,1.0,
1991-12-16,,,,,0.0,1.0,
1991-12-17,,,,,0.0,1.0,
1991-12-18,,,,,0.0,1.0,
1991-12-19,,,,,0.0,1.0,
1991-12-20,,,,,0.0,1.0,
1991-12-23,,,,,0.0,1.0,
1991-12-24,,,,,0.0,1.0,
1991-12-25,,,,,0.0,1.0,
1991-12-26,,,,,0.0,1.0,
1991-12-27,,,,,0.0,1.0,
1991-12-30,,,,,0.0,1.0,
1991-12-31,,,,,0.0,1.0,
1992-01-01,,,,,0.0,1.0,
1992-01-02,,,,,0.0,1.0,
1992-01-03,,,,,0.0,1.0,
1992-01-06,,,,,0.0,1.0,
1992-01-07,,,,,0.0,1.0,
1992-01-08,,,,,0.0,1.0,
1992-01-09,,,,,0.0,1.0,
1992-01-10,,,,,0.0,1.0,
1992-01-13,,,,,0.0,1.0,
1992-01-14,,,,,0.0,1.0,
1992-01-15,,,,,0.0,1.0,
1992-01-16,,,,,0.0,1.0,
1992-01-17,,,,,0.0,1.0,
1992-01-20,,,,,0.0,1.0,
1992-01-21,,,,,0.0,1.0,
1992-01-22,,,,,0.0,1.0,
1992-01-23,,,,,0.0,1.0,
1992-01-24,,,,,0.0,1.0,
1992-01-27,,,,,0.0,1.0,
1992-01-28,,,,,0.0,1.0,
1992-01-29,,,,,0.0,1.0,
1992-01-30,,,,,0.0,1.0,
1992-01-31,,,,,0.0,1.0,
1992-02-03,,,,,0.0,1.0,
1992-02-04,,,,,0.0,1.0,
1992-02-05,,,,,0.0,1.0,
1992-02-06,,,,,0.0,1.0,
1992-02-07,,,,,0.0,1.0,
1992-02-10,,,,,0.0,1.0,
1992-02-11,,,,,0.0,1.0,
1992-02-12,,,,,0.0,1.0,
1992-02-13,,,,,0.0,1.0,
1992-02-14,,,,,0.0,1.0,
1992-02-17,,,,,0.0,1.0,
1992-02-18,,,,,0.0,1.0,
1992-02-19,,,,,0.0,1.0,
1992-02-20,,,,,0.0,1.0,
1992-02-21,,,,,0.0,1.0,
1992-02-24,,,,,0.0,1.0,
1992-02-25,,,,,0.0,1.0,
1992-02-26,,,,,0.0,1.0,
1992-02-27,,,,,0.0,1.0,
1992-02-28,,,,,0.0,1.0,
1992-03-02,,,,,0.0,1.0,
1992-03-03,,,,,0.0,1.0,
1992-03-04,,,,,0.0,1.0,
1992-03-05,,,,,0.0,1.0,
1992-03-06,,,,,0.0,1.0,
1992-03-09,,,,,0.0,1.0,
1992-03-10,,,,,0.0,1.0,
1992-03-11,,,,,0.0,1.0,
1992-03-12,,,,,0.0,1.0,
1992-03-13,,,,,0.0,1.0,
1992-03-16,,,,,0.0,1.0,
1992-03-17,,,,,0.0,1.0,
1992-03-18,,,,,0.0,1.0,
1992-03-19,,,,,0.0,1.0,
1992-03-20,,,,,0.0,1.0,
1992-03-23,,,,,0.0,1.0,
1992-03-24,,,,,0.0,1.0,
1992-03-25,,,,,0.0,1.0,
1992-03-26,,,,,0.0,1.0,
1992-03-27,,,,,0.0,1.0,
1992-03-30,,,,,0.0,1.0,
1992-03-31,,,,,0.0,1.0,
1992-04-01,,,,,0.0,1.0,
1992-04-02,,,,,0.0,1.0,
1992-04-03,,,,,0.0,1.0,
1992-04-06,,,,,0.0,1.0,
1992-04-07,,,,,0.0,1.0,
1992-04-08,,,,,0.0,1.0,
1992-04-09,,,,,0.0,1.0,
1992-04-10,,,,,0.0,1.0,
1992-04-13,,,,,0.0,1.0,
1992-04-14,,,,,0.0,1.0,
1992-04-15,,,,,0.0,1.0,
1992-04-16,,,,,0.0,1.0,
1992-04-17,,,,,0.0,1.0,
1992-04-20,,,,,0.0,1.0,
1992-04-21,,,,,0.0,1.0,
1992-04-22,,,,,0.0,1.0,
1992-04-23,,,,,0.0,1.0,
1992-04-24,,,,,0.0,1.0,
1992-04-27,,,,,0.0,1.0,
1992-04-28,,,,,0.0,1.0,
1992-04-29,,,,,0.0,1.0,
1992-04-30,,,,,0.0,1.0,
1992-05-01,,,,,0.0,1.0,
1992-05-04,,,,,0.0,1.0,
1992-05-05,,,,,0.0,1.0,
1992-05-06,,,,,0.0,1.0,
1992-05-07,,,,,0.0,1.0,
1992-05-08,,,,,0.0,1.0,
1992-05-11,,,,,0.0,1.0,
1992-05-12,,,,,0.0,1.0,
1992-05-13,,,,,0.0,1.0,
1992-05-14,,,,,0.0,1.0,
1992-05-15,,,,,0.0,1.0,
1992-05-18,,,,,0.0,1.0,
1992-05-19,,,,,0.0,1.0,
1992-05-20,,,,,0.0,1.0,
1992-05-21,,,,,0.0,1.0,
1992-05-22,,,,,0.0,1.0,
1992-05-25,,,,,0.0,1.0,
1992-05-26,,,,,0.0,1.0,
1992-05-27,,,,,0.0,1.0,
1992-05-28,,,,,0.0,1.0,
1992-05-29,,,,,0.0,1.0,
1992-06-01,,,,,0.0,1.0,
1992-06-02,,,,,0.0,1.0,
1992-06-03,,,,,0.0,1.0,
1992-06-04,,,,,0.0,1.0,
1992-06-05,,,,,0.0,1.0,
1992-06-08,,,,,0.0,1.0,
1992-06-09,,,,,0.0,1.0,
1992-06-10,,,,,0.0,1.0,
1992-06-11,,,,,0.0,1.0,
1992-06-12,,,,,0.0,1.0,
1992-06-15,,,,,0.0,1.0,
1992-06-16,,,,,0.0,1.0,
1992-06-17,,,,,0.0,1.0,
1992-06-18,,,,,0.0,1.0,
1992-06-19,,,,,0.0,1.0,
1992-06-22,,,,,0.0,1.0,
1992-06-23,,,,,0.0,1.0,
1992-06-24,,,,,0.0,1.0,
1992-06-25,,,,,0.0,1.0,
1992-06-26,,,,,0.0,1.0,
1992-06-29,,,,,0.0,1.0,
1992-06-30,,,,,0.0,1.0,
1992-07-01,,,,,0.0,1.0,
1992-07-02,,,,,0.0,1.0,
1992-07-03,,,,,0.0,1.0,
1992-07-06,,,,,0.0,1.0,
1992-07-07,,,,,0.0,1.0,
1992-07-08,,,,,0.0,1.0,
1992-07-09,,,,,0.0,1.0,
1992-07-10,,,,,0.0,1.0,
1992-07-13,,,,,0.0,1.0,
1992-07-14,,,,,0.0,1.0,
1992-07-15,,,,,0.0,1.0,
1992-07-16,,,,,0.0,1.0,
1992-07-17,,,,,0.0,1.0,
1992-07-20,,,,,0.0,1.0,
1992-07-21,,,,,0.0,1.0,
1992-07-22,,,,,0.0,1.0,
1992-07-23,,,,,0.0,1.0,
1992-07-24,,,,,0.0,1.0,
1992-07-27,,,,,0.0,1.0,
1992-07-28,,,,,0.0,1.0,
1992-07-29,,,,,0.0,1.0,
1992-07-30,,,,,0.0,1.0,
1992-07-31,,,,,0.0,1.0,
1992-08-03,,,,,0.0,1.0,
1992-08-04,,,,,0.0,1.0,
1992-08-05,,,,,0.0,1.0,
1992-08-06,,,,,0.0,1.0,
1992-08-07,,,,,0.0,1.0,
1992-08-10,,,,,0.0,1.0,
1992-08-11,,,,,0.0,1.0,
1992-08-12,,,,,0.0,1.0,
1992-08-13,,,,,0.0,1.0,
1992-08-14,,,,,0.0,1.0,
1992-08-17,,,,,0.0,1.0,
1992-08-18,,,,,0.0,1.0,
1992-08-19,,,,,0.0,1.0,
1992-08-20,,,,,0.0,1.0,
1992-08-21,,,,,0.0,1.0,
1992-08-24,,,,,0.0,1.0,
1992-08-25,,,,,0.0,1.0,
1992-08-26,,,,,0.0,1.0,
1992-08-27,,,,,0.0,1.0,
1992-08-28,,,,,0.0,1.0,
1992-08-31,,,,,0.0,1.0,
1992-09-01,,,,,0.0,1.0,
1992-09-02,,,,,0.0,1.0,
1992-09-03,,,,,0.0,1.0,
1992-09-04,,,,,0.0,1.0,
1992-09-07,,,,,0.0,1.0,
1992-09-08,,,,,0.0,1.0,
1992-09-09,,,,,0.0,1.0,
1992-09-10,,,,,0.0,1.0,
1992-09-11,,,,,0.0,1.0,
1992-09-14,,,,,0.0,1.0,
1992-09-15,,,,,0.0,1.0,
1992-09-16,,,,,0.0,1.0,
1992-09-17,,,,,0.0,1.0,
1992-09-18,,,,,0.0,1.0,
1992-09-21,,,,,0.0,1.0,
1992-09-22,,,,,0.0,1.0,
1992-09-23,,,,,0.0,1.0,
1992-09-24,,,,,0.0,1.0,
1992-09-25,,,,,0.0,1.0,
1992-09-28,,,,,0.0,1.0,
1992-09-29,,,,,0.0,1.0,
1992-09-30,,,,,0.0,1.0,
1992-10-01,,,,,0.0,1.0,
1992-10-02,,,,,0.0,1.0,
1992-10-03,,,,,0.0,1.0,
1992-10-05,,,,,0.0,1.0,
1992-10-06,,,,,0.0,1.0,
1992-10-07,,,,,0.0,1.0,
1992-10-08,,,,,0.0,1.0,
1992-10-09,,,,,0.0,1.0,
1992-10-10,,,,,0.0,1.0,
1992-10-12,,,,,0.0,1.0,
1992-10-13,,,,,0.0,1.0,
1992-10-14,,,,,0.0,1.0,
1992-10-15,,,,,0.0,1.0,
1992-10-16,,,,,0.0,1.0,
1992-10-19,,,,,0.0,1.0,
1992-10-20,,,,,0.0,1.0,
1992-10-21,,,,,0.0,1.0,
1992-10-22,,,,,0.0,1.0,
1992-10-23,,,,,0.0,1.0,
1992-10-26,,,,,0.0,1.0,
1992-10-27,,,,,0.0,1.0,
1992-10-28,,,,,0.0,1.0,
1992-10-29,,,,,0.0,1.0,
1992-10-30,,,,,0.0,1.0,
1992-11-02,,,,,0.0,1.0,
1992-11-03,,,,,0.0,1.0,
1992-11-04,,,,,0.0,1.0,
1992-11-05,,,,,0.0,1.0,
1992-11-06,,,,,0.0,1.0,
1992-11-07,,,,,0.0,1.0,
1992-11-08,,,,,0.0,1.0,
1992-11-09,,,,,0.0,1.0,
1992-11-10,,,,,0.0,1.0,
1992-11-11,,,,,0.0,1.0,
1992-11-12,,,,,0.0,1.0,
1992-11-13,,,,,0.0,1.0,
1992-11-14,,,,,0.0,1.0,
1992-11-16,,,,,0.0,1.0,
1992-11-17,,,,,0.0,1.0,
1992-11-18,,,,,0.0,1.0,
1992-11-19,,,,,0.0,1.0,
1992-11-20,,,,,0.0,1.0,
1992-11-23,,,,,0.0,1.0,
1992-11-24,,,,,0.0,1.0,
1992-11-25,,,,,0.0,1.0,
1992-11-26,,,,,0.0,1.0,
1992-11-27,,,,,0.0,1.0,
1992-11-28,,,,,0.0,1.0,
1992-11-30,,,,,0.0,1.0,
1992-12-01,,,,,0.0,1.0,
1992-12-02,,,,,0.0,1.0,
1992-12-03,,,,,0.0,1.0,
1992-12-04,,,,,0.0,1.0,
1992-12-07,,,,,0.0,1.0,
1992-12-08,,,,,0.0,1.0,
1992-12-09,,,,,0.0,1.0,
1992-12-10,,,,,0.0,1.0,
1992-12-11,,,,,0.0,1.0,
1992-12-14,,,,,0.0,1.0,
1992-12-15,,,,,0.0,1.0,
1992-12-16,,,,,0.0,1.0,
1992-12-17,,,,,0.0,1.0,
1992-12-18,,,,,0.0,1.0,
1992-12-21,,,,,0.0,1.0,
1992-12-22,,,,,0.0,1.0,
1992-12-23,,,,,0.0,1.0,
1992-12-24,,,,,0.0,1.0,
1992-12-25,,,,,0.0,1.0,
1992-12-28,,,,,0.0,1.0,
1992-12-29,,,,,0.0,1.0,
1992-12-30,,,,,0.0,1.0,
1992-12-31,,,,,0.0,1.0,
1993-01-01,,,,,0.0,1.0,
1993-01-04,,,,,0.0,1.0,
1993-01-05,,,,,0.0,1.0,
1993-01-06,,,,,0.0,1.0,
1993-01-07,,,,,0.0,1.0,
1993-01-08,,,,,0.0,1.0,
1993-01-11,,,,,0.0,1.0,
1993-01-12,,,,,0.0,1.0,
1993-01-13,,,,,0.0,1.0,
1993-01-14,,,,,0.0,1.0,
1993-01-15,,,,,0.0,1.0,
1993-01-18,,,,,0.0,1.0,
1993-01-19,,,,,0.0,1.0,
1993-01-20,,,,,0.0,1.0,
1993-01-21,,,,,0.0,1.0,
1993-01-22,,,,,0.0,1.0,
1993-01-25,,,,,0.0,1.0,
1993-01-26,,,,,0.0,1.0,
1993-01-27,,,,,0.0,1.0,
1993-01-28,,,,,0.0,1.0,
1993-01-29,,,,,0.0,1.0,
1993-02-01,,,,,0.0,1.0,
1993-02-02,,,,,0.0,1.0,
1993-02-03,,,,,0.0,1.0,
1993-02-04,,,,,0.0,1.0,
1993-02-05,,,,,0.0,1.0,
1993-02-08,,,,,0.0,1.0,
1993-02-09,,,,,0.0,1.0,
1993-02-10,,,,,0.0,1.0,
1993-02-11,,,,,0.0,1.0,
1993-02-12,,,,,0.0,1.0,
1993-02-15,,,,,0.0,1.0,
1993-02-16,,,,,0.0,1.0,
1993-02-17,,,,,0.0,1.0,
1993-02-18,,,,,0.0,1.0,
1993-02-19,,,,,0.0,1.0,
1993-02-22,,,,,0.0,1.0,
1993-02-23,,,,,0.0,1.0,
1993-02-24,,,,,0.0,1.0,
1993-02-25,,,,,0.0,1.0,
1993-02-26,,,,,0.0,1.0,
1993-03-01,,,,,0.0,1.0,
1993-03-02,,,,,0.0,1.0,
1993-03-03,,,,,0.0,1.0,
1993-03-04,,,,,0.0,1.0,
1993-03-05,,,,,0.0,1.0,
1993-03-08,,,,,0.0,1.0,
1993-03-09,,,,,0.0,1.0,
1993-03-10,,,,,0.0,1.0,
1993-03-11,,,,,0.0,1.0,
1993-03-12,,,,,0.0,1.0,
1993-03-15,,,,,0.0,1.0,
1993-03-16,,,,,0.0,1.0,
1993-03-17,,,,,0.0,1.0,
1993-03-18,,,,,0.0,1.0,
1993-03-19,,,,,0.0,1.0,
1993-03-22,,,,,0.0,1.0,
1993-03-23,,,,,0.0,1.0,
1993-03-24,,,,,0.0,1.0,
1993-03-25,,,,,0.0,1.0,
1993-03-26,,,,,0.0,1.0,
1993-03-29,,,,,0.0,1.0,
1993-03-30,,,,,0.0,1.0,
1993-03-31,,,,,0.0,1.0,
1993-04-01,,,,,0.0,1.0,
1993-04-02,,,,,0.0,1.0,
1993-04-05,,,,,0.0,1.0,
1993-04-06,,,,,0.0,1.0,
1993-04-07,,,,,0.0,1.0,
1993-04-08,,,,,0.0,1.0,
1993-04-13,,,,,0.0,1.0,
1993-04-14,,,,,0.0,1.0,
1993-04-15,,,,,0.0,1.0,
1993-04-16,,,,,0.0,1.0,
1993-04-19,,,,,0.0,1.0,
1993-04-20,,,,,0.0,1.0,
1993-04-21,,,,,0.0,1.0,
1993-04-22,,,,,0.0,1.0,
1993-04-23,,,,,0.0,1.0,
1993-04-26,,,,,0.0,1.0,
1993-04-27,,,,,0.0,1.0,
1993-04-28,,,,,0.0,1.0,
1993-04-29,,,,,0.0,1.0,
1993-04-30,,,,,0.0,1.0,
1993-05-03,,,,,0.0,1.0,
1993-05-04,,,,,0.0,1.0,
1993-05-05,,,,,0.0,1.0,
1993-05-06,,,,,0.0,1.0,
1993-05-07,,,,,0.0,1.0,
1993-05-10,,,,,0.0,1.0,
1993-05-11,,,,,0.0,1.0,
1993-05-12,,,,,0.0,1.0,
1993-05-13,,,,,0.0,1.0,
1993-05-14,,,,,0.0,1.0,
1993-05-17,,,,,0.0,1.0,
1993-05-18,,,,,0.0,1.0,
1993-05-19,,,,,0.0,1.0,
1993-05-20,,,,,0.0,1.0,
1993-05-21,,,,,0.0,1.0,
1993-05-24,,,,,0.0,1.0,
1993-05-25,,,,,0.0,1.0,
1993-05-26,,,,,0.0,1.0,
1993-05-27,,,,,0.0,1.0,
1993-05-28,,,,,0.0,1.0,
1993-06-01,,,,,0.0,1.0,
1993-06-02,,,,,0.0,1.0,
1993-06-03,,,,,0.0,1.0,
1993-06-04,,,,,0.0,1.0,
1993-06-07,,,,,0.0,1.0,
1993-06-08,,,,,0.0,1.0,
1993-06-09,,,,,0.0,1.0,
1993-06-10,,,,,0.0,1.0,
1993-06-11,,,,,0.0,1.0,
1993-06-14,,,,,0.0,1.0,
1993-06-15,,,,,0.0,1.0,
1993-06-16,,,,,0.0,1.0,
1993-06-17,,,,,0.0,1.0,
1993-06-18,,,,,0.0,1.0,
1993-06-21,,,,,0.0,1.0,
1993-06-22,,,,,0.0,1.0,
1993-06-23,,,,,0.0,1.0,
1993-06-24,,,,,0.0,1.0,
1993-06-25,,,,,0.0,1.0,
1993-06-28,,,,,0.0,1.0,
1993-06-29,,,,,0.0,1.0,
1993-06-30,,,,,0.0,1.0,
1993-07-01,,,,,0.0,1.0,
1993-07-02,,,,,0.0,1.0,
1993-07-05,,,,,0.0,1.0,
1993-07-06,,,,,0.0,1.0,
1993-07-07,,,,,0.0,1.0,
1993-07-08,,,,,0.0,1.0,
1993-07-09,,,,,0.0,1.0,
1993-07-12,,,,,0.0,1.0,
1993-07-13,,,,,0.0,1.0,
1993-07-14,,,,,0.0,1.0,
1993-07-15,,,,,0.0,1.0,
1993-07-16,,,,,0.0,1.0,
1993-07-19,,,,,0.0,1.0,
1993-07-20,,,,,0.0,1.0,
1993-07-21,,,,,0.0,1.0,
1993-07-22,,,,,0.0,1.0,
1993-07-23,,,,,0.0,1.0,
1993-07-26,,,,,0.0,1.0,
1993-07-27,,,,,0.0,1.0,
1993-07-28,,,,,0.0,1.0,
1993-07-29,,,,,0.0,1.0,
1993-07-30,,,,,0.0,1.0,
1993-08-02,,,,,0.0,1.0,
1993-08-03,,,,,0.0,1.0,
1993-08-04,,,,,0.0,1.0,
1993-08-05,,,,,0.0,1.0,
1993-08-06,,,,,0.0,1.0,
1993-08-09,,,,,0.0,1.0,
1993-08-10,,,,,0.0,1.0,
1993-08-11,,,,,0.0,1.0,
1993-08-12,,,,,0.0,1.0,
1993-08-13,,,,,0.0,1.0,
1993-08-16,,,,,0.0,1.0,
1993-08-17,,,,,0.0,1.0,
1993-08-18,,,,,0.0,1.0,
1993-08-19,,,,,0.0,1.0,
1993-08-20,,,,,0.0,1.0,
1993-08-23,,,,,0.0,1.0,
1993-08-24,,,,,0.0,1.0,
1993-08-25,,,,,0.0,1.0,
1993-08-26,,,,,0.0,1.0,
1993-08-27,,,,,0.0,1.0,
1993-08-30,,,,,0.0,1.0,
1993-08-31,,,,,0.0,1.0,
1993-09-01,,,,,0.0,1.0,
1993-09-02,,,,,0.0,1.0,
1993-09-03,,,,,0.0,1.0,
1993-09-06,,,,,0.0,1.0,
1993-09-07,,,,,0.0,1.0,
1993-09-08,,,,,0.0,1.0,
1993-09-09,,,,,0.0,1.0,
1993-09-10,,,,,0.0,1.0,
1993-09-13,,,,,0.0,1.0,
1993-09-14,,,,,0.0,1.0,
1993-09-15,,,,,0.0,1.0,
1993-09-16,,,,,0.0,1.0,
1993-09-17,,,,,0.0,1.0,
1993-09-20,,,,,0.0,1.0,
1993-09-21,,,,,0.0,1.0,
1993-09-22,,,,,0.0,1.0,
1993-09-23,,,,,0.0,1.0,
1993-09-24,,,,,0.0,1.0,
1993-09-27,,,,,0.0,1.0,
1993-09-28,,,,,0.0,1.0,
1993-09-29,,,,,0.0,1.0,
1993-09-30,,,,,0.0,1.0,
1993-10-01,,,,,0.0,1.0,
1993-10-04,,,,,0.0,1.0,
1993-10-05,,,,,0.0,1.0,
1993-10-06,,,,,0.0,1.0,
1993-10-07,,,,,0.0,1.0,
1993-10-08,,,,,0.0,1.0,
1993-10-11,,,,,0.0,1.0,
1993-10-12,,,,,0.0,1.0,
1993-10-13,,,,,0.0,1.0,
1993-10-14,,,,,0.0,1.0,
1993-10-15,,,,,0.0,1.0,
1993-10-18,,,,,0.0,1.0,
1993-10-19,,,,,0.0,1.0,
1993-10-20,,,,,0.0,1.0,
1993-10-21,,,,,0.0,1.0,
1993-10-22,,,,,0.0,1.0,
1993-10-25,,,,,0.0,1.0,
1993-10-26,,,,,0.0,1.0,
1993-10-27,,,,,0.0,1.0,
1993-10-28,,,,,0.0,1.0,
1993-10-29,,,,,0.0,1.0,
1993-11-01,,,,,0.0,1.0,
1993-11-02,,,,,0.0,1.0,
1993-11-03,,,,,0.0,1.0,
1993-11-04,,,,,0.0,1.0,
1993-11-05,,,,,0.0,1.0,
1993-11-08,,,,,0.0,1.0,
1993-11-09,,,,,0.0,1.0,
1993-11-10,,,,,0.0,1.0,
1993-11-11,,,,,0.0,1.0,
1993-11-12,,,,,0.0,1.0,
1993-11-15,,,,,0.0,1.0,
1993-11-16,,,,,0.0,1.0,
1993-11-17,,,,,0.0,1.0,
1993-11-18,,,,,0.0,1.0,
1993-11-19,,,,,0.0,1.0,
1993-11-22,,,,,0.0,1.0,
1993-11-23,,,,,0.0,1.0,
1993-11-24,,,,,0.0,1.0,
1993-11-25,,,,,0.0,1.0,
1993-11-26,,,,,0.0,1.0,
1993-11-29,,,,,0.0,1.0,
1993-11-30,,,,,0.0,1.0,
1993-12-01,,,,,0.0,1.0,
1993-12-02,,,,,0.0,1.0,
1993-12-03,,,,,0.0,1.0,
1993-12-06,,,,,0.0,1.0,
1993-12-07,,,,,0.0,1.0,
1993-12-08,,,,,0.0,1.0,
1993-12-09,,,,,0.0,1.0,
1993-12-10,,,,,0.0,1.0,
1993-12-13,,,,,0.0,1.0,
1993-12-14,,,,,0.0,1.0,
1993-12-15,,,,,0.0,1.0,
1993-12-16,,,,,0.0,1.0,
1993-12-17,,,,,0.0,1.0,
1993-12-20,,,,,0.0,1.0,
1993-12-21,,,,,0.0,1.0,
1993-12-22,,,,,0.0,1.0,
1993-12-23,,,,,0.0,1.0,
1993-12-24,,,,,0.0,1.0,
1993-12-27,,,,,0.0,1.0,
1993-12-28,,,,,0.0,1.0,
1993-12-29,,,,,0.0,1.0,
1993-12-30,,,,,0.0,1.0,
1993-12-31,,,,,0.0,1.0,
1994-01-03,,,,,0.0,1.0,
1994-01-04,,,,,0.0,1.0,
1994-01-05,,,,,0.0,1.0,
1994-01-06,,,,,0.0,1.0,
1994-01-07,,,,,0.0,1.0,
1994-01-10,,,,,0.0,1.0,
1994-01-11,,,,,0.0,1.0,
1994-01-12,,,,,0.0,1.0,
1994-01-13,,,,,0.0,1.0,
1994-01-14,,,,,0.0,1.0,
1994-01-17,,,,,0.0,1.0,
1994-01-18,,,,,0.0,1.0,
1994-01-19,,,,,0.0,1.0,
1994-01-20,,,,,0.0,1.0,
1994-01-21,,,,,0.0,1.0,
1994-01-24,,,,,0.0,1.0,
1994-01-25,,,,,0.0,1.0,
1994-01-26,,,,,0.0,1.0,
1994-01-27,,,,,0.0,1.0,
1994-01-28,,,,,0.0,1.0,
1994-01-31,,,,,0.0,1.0,
1994-02-01,,,,,0.0,1.0,
1994-02-02,,,,,0.0,1.0,
1994-02-03,,,,,0.0,1.0,
1994-02-04,,,,,0.0,1.0,
1994-02-07,,,,,0.0,1.0,
1994-02-08,,,,,0.0,1.0,
1994-02-09,,,,,0.0,1.0,
1994-02-10,,,,,0.0,1.0,
1994-02-11,,,,,0.0,1.0,
1994-02-14,,,,,0.0,1.0,
1994-02-15,,,,,0.0,1.0,
1994-02-16,,,,,0.0,1.0,
1994-02-17,,,,,0.0,1.0,
1994-02-18,,,,,0.0,1.0,
1994-02-21,,,,,0.0,1.0,
1994-02-22,,,,,0.0,1.0,
1994-02-23,,,,,0.0,1.0,
1994-02-24,,,,,0.0,1.0,
1994-02-25,,,,,0.0,1.0,
1994-02-28,,,,,0.0,1.0,
1994-03-01,,,,,0.0,1.0,
1994-03-02,,,,,0.0,1.0,
1994-03-03,,,,,0.0,1.0,
1994-03-04,,,,,0.0,1.0,
1994-03-07,,,,,0.0,1.0,
1994-03-08,,,,,0.0,1.0,
1994-03-09,,,,,0.0,1.0,
1994-03-10,,,,,0.0,1.0,
1994-03-11,,,,,0.0,1.0,
1994-03-14,,,,,0.0,1.0,
1994-03-15,,,,,0.0,1.0,
1994-03-16,,,,,0.0,1.0,
1994-03-17,,,,,0.0,1.0,
1994-03-18,,,,,0.0,1.0,
1994-03-21,,,,,0.0,1.0,
1994-03-22,,,,,0.0,1.0,
1994-03-23,,,,,0.0,1.0,
1994-03-24,,,,,0.0,1.0,
1994-03-25,,,,,0.0,1.0,
1994-03-28,,,,,0.0,1.0,
1994-03-29,,,,,0.0,1.0,
1994-03-30,,,,,0.0,1.0,
1994-03-31,,,,,0.0,1.0,
1994-04-05,,,,,0.0,1.0,
1994-04-06,,,,,0.0,1.0,
1994-04-07,,,,,0.0,1.0,
1994-04-08,,,,,0.0,1.0,
1994-04-11,,,,,0.0,1.0,
1994-04-12,,,,,0.0,1.0,
1994-04-13,,,,,0.0,1.0,
1994-04-14,,,,,0.0,1.0,
1994-04-15,,,,,0.0,1.0,
1994-04-18,,,,,0.0,1.0,
1994-04-19,,,,,0.0,1.0,
1994-04-20,,,,,0.0,1.0,
1994-04-21,,,,,0.0,1.0,
1994-04-22,,,,,0.0,1.0,
1994-04-25,,,,,0.0,1.0,
1994-04-26,,,,,0.0,1.0,
1994-04-27,,,,,0.0,1.0,
1994-04-28,,,,,0.0,1.0,
1994-04-29,,,,,0.0,1.0,
1994-05-02,,,,,0.0,1.0,
1994-05-03,,,,,0.0,1.0,
1994-05-04,,,,,0.0,1.0,
1994-05-05,,,,,0.0,1.0,
1994-05-06,,,,,0.0,1.0,
1994-05-09,,,,,0.0,1.0,
1994-05-10,,,,,0.0,1.0,
1994-05-11,,,,,0.0,1.0,
1994-05-12,,,,,0.0,1.0,
1994-05-13,,,,,0.0,1.0,
1994-05-16,,,,,0.0,1.0,
1994-05-17,,,,,0.0,1.0,
1994-05-18,,,,,0.0,1.0,
1994-05-19,,,,,0.0,1.0,
1994-05-20,,,,,0.0,1.0,
1994-05-23,,,,,0.0,1.0,
1994-05-24,,,,,0.0,1.0,
1994-05-25,,,,,0.0,1.0,
1994-05-26,,,,,0.0,1.0,
1994-05-27,,,,,0.0,1.0,
1994-05-30,,,,,0.0,1.0,
1994-05-31,,,,,0.0,1.0,
1994-06-01,,,,,0.0,1.0,
1994-06-02,,,,,0.0,1.0,
1994-06-03,,,,,0.0,1.0,
1994-06-06,,,,,0.0,1.0,
1994-06-07,,,,,0.0,1.0,
1994-06-08,,,,,0.0,1.0,
1994-06-09,,,,,0.0,1.0,
1994-06-10,,,,,0.0,1.0,
1994-06-13,,,,,0.0,1.0,
1994-06-14,,,,,0.0,1.0,
1994-06-15,,,,,0.0,1.0,
1994-06-16,,,,,0.0,1.0,
1994-06-17,,,,,0.0,1.0,
1994-06-20,,,,,0.0,1.0,
1994-06-21,,,,,0.0,1.0,
1994-06-22,,,,,0.0,1.0,
1994-06-23,,,,,0.0,1.0,
1994-06-24,,,,,0.0,1.0,
1994-06-27,,,,,0.0,1.0,
1994-06-28,,,,,0.0,1.0,
1994-06-29,,,,,0.0,1.0,
1994-06-30,,,,,0.0,1.0,
1994-07-01,,,,,0.0,1.0,
1994-07-04,,,,,0.0,1.0,
1994-07-05,,,,,0.0,1.0,
1994-07-06,,,,,0.0,1.0,
1994-07-07,,,,,0.0,1.0,
1994-07-08,,,,,0.0,1.0,
1994-07-11,,,,,0.0,1.0,
1994-07-12,,,,,0.0,1.0,
1994-07-13,,,,,0.0,1.0,
1994-07-14,,,,,0.0,1.0,
1994-07-15,,,,,0.0,1.0,
1994-07-18,,,,,0.0,1.0,
1994-07-19,,,,,0.0,1.0,
1994-07-20,,,,,0.0,1.0,
1994-07-21,,,,,0.0,1.0,
1994-07-22,,,,,0.0,1.0,
1994-07-25,,,,,0.0,1.0,
1994-07-26,,,,,0.0,1.0,
1994-07-27,,,,,0.0,1.0,
1994-07-28,,,,,0.0,1.0,
1994-07-29,,,,,0.0,1.0,
1994-08-01,,,,,0.0,1.0,
1994-08-02,,,,,0.0,1.0,
1994-08-03,,,,,0.0,1.0,
1994-08-04,,,,,0.0,1.0,
1994-08-05,,,,,0.0,1.0,
1994-08-08,,,,,0.0,1.0,
1994-08-09,,,,,0.0,1.0,
1994-08-10,,,,,0.0,1.0,
1994-08-11,,,,,0.0,1.0,
1994-08-12,,,,,0.0,1.0,
1994-08-15,,,,,0.0,1.0,
1994-08-16,,,,,0.0,1.0,
1994-08-17,,,,,0.0,1.0,
1994-08-18,,,,,0.0,1.0,
1994-08-19,,,,,0.0,1.0,
1994-08-22,,,,,0.0,1.0,
1994-08-23,,,,,0.0,1.0,
1994-08-24,,,,,0.0,1.0,
1994-08-25,,,,,0.0,1.0,
1994-08-26,,,,,0.0,1.0,
1994-08-29,,,,,0.0,1.0,
1994-08-30,,,,,0.0,1.0,
1994-08-31,,,,,0.0,1.0,
1994-09-01,,,,,0.0,1.0,
1994-09-02,,,,,0.0,1.0,
1994-09-05,,,,,0.0,1.0,
1994-09-06,,,,,0.0,1.0,
1994-09-07,,,,,0.0,1.0,
1994-09-08,,,,,0.0,1.0,
1994-09-09,,,,,0.0,1.0,
1994-09-12,,,,,0.0,1.0,
1994-09-13,,,,,0.0,1.0,
1994-09-14,,,,,0.0,1.0,
1994-09-15,,,,,0.0,1.0,
1994-09-16,,,,,0.0,1.0,
1994-09-19,,,,,0.0,1.0,
1994-09-20,,,,,0.0,1.0,
1994-09-21,,,,,0.0,1.0,
1994-09-22,,,,,0.0,1.0,
1994-09-23,,,,,0.0,1.0,
1994-09-26,,,,,0.0,1.0,
1994-09-27,,,,,0.0,1.0,
1994-09-28,,,,,0.0,1.0,
1994-09-29,,,,,0.0,1.0,
1994-09-30,,,,,0.0,1.0,
1994-10-03,,,,,0.0,1.0,
1994-10-04,,,,,0.0,1.0,
1994-10-05,,,,,0.0,1.0,
1994-10-06,,,,,0.0,1.0,
1994-10-07,,,,,0.0,1.0,
1994-10-10,,,,,0.0,1.0,
1994-10-11,,,,,0.0,1.0,
1994-10-12,,,,,0.0,1.0,
1994-10-13,,,,,0.0,1.0,
1994-10-14,,,,,0.0,1.0,
1994-10-17,,,,,0.0,1.0,
1994-10-18,,,,,0.0,1.0,
1994-10-19,,,,,0.0,1.0,
1994-10-20,,,,,0.0,1.0,
1994-10-21,,,,,0.0,1.0,
1994-10-24,,,,,0.0,1.0,
1994-10-25,,,,,0.0,1.0,
1994-10-26,,,,,0.0,1.0,
1994-10-27,,,,,0.0,1.0,
1994-10-28,,,,,0.0,1.0,
1994-10-31,,,,,0.0,1.0,
1994-11-01,,,,,0.0,1.0,
1994-11-02,,,,,0.0,1.0,
1994-11-03,,,,,0.0,1.0,
1994-11-04,,,,,0.0,1.0,
1994-11-07,,,,,0.0,1.0,
1994-11-08,,,,,0.0,1.0,
1994-11-09,,,,,0.0,1.0,
1994-11-10,,,,,0.0,1.0,
1994-11-11,,,,,0.0,1.0,
1994-11-14,,,,,0.0,1.0,
1994-11-15,,,,,0.0,1.0,
1994-11-16,,,,,0.0,1.0,
1994-11-17,,,,,0.0,1.0,
1994-11-18,,,,,0.0,1.0,
1994-11-21,,,,,0.0,1.0,
1994-11-22,,,,,0.0,1.0,
1994-11-23,,,,,0.0,1.0,
1994-11-24,,,,,0.0,1.0,
1994-11-25,,,,,0.0,1.0,
1994-11-28,,,,,0.0,1.0,
1994-11-29,,,,,0.0,1.0,
1994-11-30,,,,,0.0,1.0,
1994-12-01,,,,,0.0,1.0,
1994-12-02,,,,,0.0,1.0,
1994-12-05,,,,,0.0,1.0,
1994-12-06,,,,,0.0,1.0,
1994-12-07,,,,,0.0,1.0,
1994-12-08,,,,,0.0,1.0,
1994-12-09,,,,,0.0,1.0,
1994-12-12,,,,,0.0,1.0,
1994-12-13,,,,,0.0,1.0,
1994-12-14,,,,,0.0,1.0,
1994-12-15,,,,,0.0,1.0,
1994-12-16,,,,,0.0,1.0,
1994-12-19,,,,,0.0,1.0,
1994-12-20,,,,,0.0,1.0,
1994-12-21,,,,,0.0,1.0,
1994-12-22,,,,,0.0,1.0,
1994-12-23,,,,,0.0,1.0,
1994-12-26,,,,,0.0,1.0,
1994-12-27,,,,,0.0,1.0,
1994-12-28,,,,,0.0,1.0,
1994-12-29,,,,,0.0,1.0,
1994-12-30,,,,,0.0,1.0,
1995-01-02,,,,,0.0,1.0,
1995-01-03,,,,,0.0,1.0,
1995-01-04,,,,,0.0,1.0,
1995-01-05,,,,,0.0,1.0,
1995-01-06,,,,,0.0,1.0,
1995-01-09,,,,,0.0,1.0,
1995-01-10,,,,,0.0,1.0,
1995-01-11,,,,,0.0,1.0,
1995-01-12,,,,,0.0,1.0,
1995-01-13,,,,,0.0,1.0,
1995-01-16,,,,,0.0,1.0,
1995-01-17,,,,,0.0,1.0,
1995-01-18,,,,,0.0,1.0,
1995-01-19,,,,,0.0,1.0,
1995-01-20,,,,,0.0,1.0,
1995-01-23,,,,,0.0,1.0,
1995-01-24,,,,,0.0,1.0,
1995-01-25,,,,,0.0,1.0,
1995-01-26,,,,,0.0,1.0,
1995-01-27,,,,,0.0,1.0,
1995-01-30,,,,,0.0,1.0,
1995-01-31,,,,,0.0,1.0,
1995-02-01,,,,,0.0,1.0,
1995-02-02,,,,,0.0,1.0,
1995-02-03,,,,,0.0,1.0,
1995-02-06,,,,,0.0,1.0,
1995-02-07,,,,,0.0,1.0,
1995-02-08,,,,,0.0,1.0,
1995-02-09,,,,,0.0,1.0,
1995-02-10,,,,,0.0,1.0,
1995-02-13,,,,,0.0,1.0,
1995-02-14,,,,,0.0,1.0,
1995-02-15,,,,,0.0,1.0,
1995-02-16,,,,,0.0,1.0,
1995-02-17,,,,,0.0,1.0,
1995-02-20,,,,,0.0,1.0,
1995-02-21,,,,,0.0,1.0,
1995-02-22,,,,,0.0,1.0,
1995-02-23,,,,,0.0,1.0,
1995-02-24,,,,,0.0,1.0,
1995-02-27,,,,,0.0,1.0,
1995-02-28,,,,,0.0,1.0,
1995-03-01,,,,,0.0,1.0,
1995-03-02,,,,,0.0,1.0,
1995-03-03,,,,,0.0,1.0,
1995-03-06,,,,,0.0,1.0,
1995-03-07,,,,,0.0,1.0,
1995-03-08,,,,,0.0,1.0,
1995-03-09,,,,,0.0,1.0,
1995-03-10,,,,,0.0,1.0,
1995-03-13,,,,,0.0,1.0,
1995-03-14,,,,,0.0,1.0,
1995-03-15,,,,,0.0,1.0,
1995-03-16,,,,,0.0,1.0,
1995-03-17,,,,,0.0,1.0,
1995-03-20,,,,,0.0,1.0,
1995-03-21,,,,,0.0,1.0,
1995-03-22,,,,,0.0,1.0,
1995-03-23,,,,,0.0,1.0,
1995-03-24,,,,,0.0,1.0,
1995-03-27,,,,,0.0,1.0,
1995-03-28,,,,,0.0,1.0,
1995-03-29,,,,,0.0,1.0,
1995-03-30,,,,,0.0,1.0,
1995-03-31,,,,,0.0,1.0,
1995-04-03,,,,,0.0,1.0,
1995-04-04,,,,,0.0,1.0,
1995-04-05,,,,,0.0,1.0,
1995-04-06,,,,,0.0,1.0,
1995-04-07,,,,,0.0,1.0,
1995-04-10,,,,,0.0,1.0,
1995-04-11,,,,,0.0,1.0,
1995-04-12,,,,,0.0,1.0,
1995-04-13,,,,,0.0,1.0,
1995-04-14,,,,,0.0,1.0,
1995-04-17,,,,,0.0,1.0,
1995-04-18,,,,,0.0,1.0,
1995-04-19,,,,,0.0,1.0,
1995-04-20,,,,,0.0,1.0,
1995-04-21,,,,,0.0,1.0,
1995-04-24,,,,,0.0,1.0,
1995-04-25,,,,,0.0,1.0,
1995-04-26,,,,,0.0,1.0,
1995-04-27,,,,,0.0,1.0,
1995-04-28,,,,,0.0,1.0,
1995-05-01,,,,,0.0,1.0,
1995-05-02,,,,,0.0,1.0,
1995-05-03,,,,,0.0,1.0,
1995-05-04,,,,,0.0,1.0,
1995-05-05,,,,,0.0,1.0,
1995-05-08,,,,,0.0,1.0,
1995-05-09,,,,,0.0,1.0,
1995-05-10,,,,,0.0,1.0,
1995-05-11,,,,,0.0,1.0,
1995-05-12,,,,,0.0,1.0,
1995-05-15,,,,,0.0,1.0,
1995-05-16,,,,,0.0,1.0,
1995-05-17,,,,,0.0,1.0,
1995-05-18,,,,,0.0,1.0,
1995-05-19,,,,,0.0,1.0,
1995-05-22,,,,,0.0,1.0,
1995-05-23,,,,,0.0,1.0,
1995-05-24,,,,,0.0,1.0,
1995-05-25,,,,,0.0,1.0,
1995-05-26,,,,,0.0,1.0,
1995-05-29,,,,,0.0,1.0,
1995-05-30,,,,,0.0,1.0,
1995-05-31,,,,,0.0,1.0,
1995-06-01,,,,,0.0,1.0,
1995-06-02,,,,,0.0,1.0,
1995-06-05,,,,,0.0,1.0,
1995-06-06,,,,,0.0,1.0,
1995-06-07,,,,,0.0,1.0,
1995-06-08,,,,,0.0,1.0,
1995-06-09,,,,,0.0,1.0,
1995-06-12,,,,,0.0,1.0,
1995-06-13,,,,,0.0,1.0,
1995-06-14,,,,,0.0,1.0,
1995-06-15,,,,,0.0,1.0,
1995-06-16,,,,,0.0,1.0,
1995-06-19,,,,,0.0,1.0,
1995-06-20,,,,,0.0,1.0,
1995-06-21,,,,,0.0,1.0,
1995-06-22,,,,,0.0,1.0,
1995-06-23,,,,,0.0,1.0,
1995-06-26,,,,,0.0,1.0,
1995-06-27,,,,,0.0,1.0,
1995-06-28,,,,,0.0,1.0,
1995-06-29,,,,,0.0,1.0,
1995-06-30,,,,,0.0,1.0,
1995-07-03,,,,,0.0,1.0,
1995-07-04,,,,,0.0,1.0,
1995-07-05,,,,,0.0,1.0,
1995-07-06,,,,,0.0,1.0,
1995-07-07,,,,,0.0,1.0,
1995-07-10,,,,,0.0,1.0,
1995-07-11,,,,,0.0,1.0,
1995-07-12,,,,,0.0,1.0,
1995-07-13,,,,,0.0,1.0,
1995-07-14,,,,,0.0,1.0,
1995-07-17,,,,,0.0,1.0,
1995-07-18,,,,,0.0,1.0,
1995-07-19,,,,,0.0,1.0,
1995-07-20,,,,,0.0,1.0,
1995-07-21,,,,,0.0,1.0,
1995-07-24,,,,,0.0,1.0,
1995-07-25,,,,,0.0,1.0,
1995-07-26,,,,,0.0,1.0,
1995-07-27,,,,,0.0,1.0,
1995-07-28,,,,,0.0,1.0,
1995-07-31,,,,,0.0,1.0,
1995-08-01,,,,,0.0,1.0,
1995-08-02,,,,,0.0,1.0,
1995-08-03,,,,,0.0,1.0,
1995-08-04,,,,,0.0,1.0,
1995-08-07,,,,,0.0,1.0,
1995-08-08,,,,,0.0,1.0,
1995-08-09,,,,,0.0,1.0,
1995-08-10,,,,,0.0,1.0,
1995-08-11,,,,,0.0,1.0,
1995-08-14,,,,,0.0,1.0,
1995-08-15,,,,,0.0,1.0,
1995-08-16,,,,,0.0,1.0,
1995-08-17,,,,,0.0,1.0,
1995-08-18,,,,,0.0,1.0,
1995-08-21,,,,,0.0,1.0,
1995-08-22,,,,,0.0,1.0,
1995-08-23,,,,,0.0,1.0,
1995-08-24,,,,,0.0,1.0,
1995-08-25,,,,,0.0,1.0,
1995-08-28,,,,,0.0,1.0,
1995-08-29,,,,,0.0,1.0,
1995-08-30,,,,,0.0,1.0,
1995-08-31,,,,,0.0,1.0,
1995-09-01,,,,,0.0,1.0,
1995-09-04,,,,,0.0,1.0,
1995-09-05,,,,,0.0,1.0,
1995-09-06,,,,,0.0,1.0,
1995-09-07,,,,,0.0,1.0,
1995-09-08,,,,,0.0,1.0,
1995-09-11,,,,,0.0,1.0,
1995-09-12,,,,,0.0,1.0,
1995-09-13,,,,,0.0,1.0,
1995-09-14,,,,,0.0,1.0,
1995-09-15,,,,,0.0,1.0,
1995-09-18,,,,,0.0,1.0,
1995-09-19,,,,,0.0,1.0,
1995-09-20,,,,,0.0,1.0,
1995-09-21,,,,,0.0,1.0,
1995-09-22,,,,,0.0,1.0,
1995-09-25,,,,,0.0,1.0,
1995-09-26,,,,,0.0,1.0,
1995-09-27,,,,,0.0,1.0,
1995-09-28,,,,,0.0,1.0,
1995-09-29,,,,,0.0,1.0,
1995-10-02,,,,,0.0,1.0,
1995-10-03,,,,,0.0,1.0,
1995-10-04,,,,,0.0,1.0,
1995-10-05,,,,,0.0,1.0,
1995-10-06,,,,,0.0,1.0,
1995-10-09,,,,,0.0,1.0,
1995-10-10,,,,,0.0,1.0,
1995-10-11,,,,,0.0,1.0,
1995-10-12,,,,,0.0,1.0,
1995-10-13,,,,,0.0,1.0,
1995-10-16,,,,,0.0,1.0,
1995-10-17,,,,,0.0,1.0,
1995-10-18,,,,,0.0,1.0,
1995-10-19,,,,,0.0,1.0,
1995-10-20,,,,,0.0,1.0,
1995-10-23,,,,,0.0,1.0,
1995-10-24,,,,,0.0,1.0,
1995-10-25,,,,,0.0,1.0,
1995-10-26,,,,,0.0,1.0,
1995-10-27,,,,,0.0,1.0,
1995-10-30,,,,,0.0,1.0,
1995-10-31,,,,,0.0,1.0,
1995-11-01,,,,,0.0,1.0,
1995-11-02,,,,,0.0,1.0,
1995-11-03,,,,,0.0,1.0,
1995-11-06,,,,,0.0,1.0,
1995-11-07,,,,,0.0,1.0,
1995-11-08,,,,,0.0,1.0,
1995-11-09,,,,,0.0,1.0,
1995-11-10,,,,,0.0,1.0,
1995-11-13,,,,,0.0,1.0,
1995-11-14,,,,,0.0,1.0,
1995-11-15,,,,,0.0,1.0,
1995-11-16,,,,,0.0,1.0,
1995-11-17,,,,,0.0,1.0,
1995-11-20,,,,,0.0,1.0,
1995-11-21,,,,,0.0,1.0,
1995-11-22,,,,,0.0,1.0,
1995-11-23,,,,,0.0,1.0,
1995-11-24,,,,,0.0,1.0,
1995-11-27,,,,,0.0,1.0,
1995-11-28,,,,,0.0,1.0,
1995-11-29,,,,,0.0,1.0,
1995-11-30,,,,,0.0,1.0,
1995-12-01,,,,,0.0,1.0,
1995-12-04,,,,,0.0,1.0,
1995-12-05,,,,,0.0,1.0,
1995-12-06,,,,,0.0,1.0,
1995-12-07,,,,,0.0,1.0,
1995-12-08,,,,,0.0,1.0,
1995-12-11,,,,,0.0,1.0,
1995-12-12,,,,,0.0,1.0,
1995-12-13,,,,,0.0,1.0,
1995-12-14,,,,,0.0,1.0,
1995-12-15,,,,,0.0,1.0,
1995-12-18,,,,,0.0,1.0,
1995-12-19,,,,,0.0,1.0,
1995-12-20,,,,,0.0,1.0,
1995-12-21,,,,,0.0,1.0,
1995-12-22,,,,,0.0,1.0,
1995-12-25,,,,,0.0,1.0,
1995-12-26,,,,,0.0,1.0,
1995-12-27,,,,,0.0,1.0,
1995-12-28,,,,,0.0,1.0,
1995-12-29,,,,,0.0,1.0,
1996-01-01,,,,,0.0,1.0,
1996-01-02,,,,,0.0,1.0,
1996-01-03,,,,,0.0,1.0,
1996-01-04,,,,,0.0,1.0,
1996-01-05,,,,,0.0,1.0,
1996-01-08,,,,,0.0,1.0,
1996-01-09,,,,,0.0,1.0,
1996-01-10,,,,,0.0,1.0,
1996-01-11,,,,,0.0,1.0,
1996-01-12,,,,,0.0,1.0,
1996-01-15,,,,,0.0,1.0,
1996-01-16,,,,,0.0,1.0,
1996-01-17,,,,,0.0,1.0,
1996-01-18,,,,,0.0,1.0,
1996-01-19,,,,,0.0,1.0,
1996-01-22,,,,,0.0,1.0,
1996-01-23,,,,,0.0,1.0,
1996-01-24,,,,,0.0,1.0,
1996-01-25,,,,,0.0,1.0,
1996-01-26,,,,,0.0,1.0,
1996-01-29,,,,,0.0,1.0,
1996-01-30,,,,,0.0,1.0,
1996-01-31,,,,,0.0,1.0,
1996-02-01,,,,,0.0,1.0,
1996-02-02,,,,,0.0,1.0,
1996-02-05,,,,,0.0,1.0,
1996-02-06,,,,,0.0,1.0,
1996-02-07,,,,,0.0,1.0,
1996-02-08,,,,,0.0,1.0,
1996-02-09,,,,,0.0,1.0,
1996-02-12,,,,,0.0,1.0,
1996-02-13,,,,,0.0,1.0,
1996-02-14,,,,,0.0,1.0,
1996-02-15,,,,,0.0,1.0,
1996-02-16,,,,,0.0,1.0,
1996-02-19,,,,,0.0,1.0,
1996-02-20,,,,,0.0,1.0,
1996-02-21,,,,,0.0,1.0,
1996-02-22,,,,,0.0,1.0,
1996-02-23,,,,,0.0,1.0,
1996-02-26,,,,,0.0,1.0,
1996-02-27,,,,,0.0,1.0,
1996-02-28,,,,,0.0,1.0,
1996-02-29,,,,,0.0,1.0,
1996-03-01,,,,,0.0,1.0,
1996-03-04,,,,,0.0,1.0,
1996-03-05,,,,,0.0,1.0,
1996-03-06,,,,,0.0,1.0,
1996-03-07,,,,,0.0,1.0,
1996-03-08,,,,,0.0,1.0,
1996-03-11,,,,,0.0,1.0,
1996-03-12,,,,,0.0,1.0,
1996-03-13,,,,,0.0,1.0,
1996-03-14,,,,,0.0,1.0,
1996-03-15,,,,,0.0,1.0,
1996-03-18,,,,,0.0,1.0,
1996-03-19,,,,,0.0,1.0,
1996-03-20,,,,,0.0,1.0,
1996-03-21,,,,,0.0,1.0,
1996-03-22,,,,,0.0,1.0,
1996-03-25,,,,,0.0,1.0,
1996-03-26,,,,,0.0,1.0,
1996-03-27,,,,,0.0,1.0,
1996-03-28,,,,,0.0,1.0,
1996-03-29,,,,,0.0,1.0,
1996-04-01,,,,,0.0,1.0,
1996-04-02,,,,,0.0,1.0,
1996-04-03,,,,,0.0,1.0,
1996-04-04,,,,,0.0,1.0,
1996-04-05,,,,,0.0,1.0,
1996-04-08,,,,,0.0,1.0,
1996-04-09,,,,,0.0,1.0,
1996-04-10,,,,,0.0,1.0,
1996-04-11,,,,,0.0,1.0,
1996-04-12,,,,,0.0,1.0,
1996-04-15,,,,,0.0,1.0,
1996-04-16,,,,,0.0,1.0,
1996-04-17,,,,,0.0,1.0,
1996-04-18,,,,,0.0,1.0,
1996-04-19,,,,,0.0,1.0,
1996-04-22,,,,,0.0,1.0,
1996-04-23,,,,,0.0,1.0,
1996-04-24,,,,,0.0,1.0,
1996-04-25,,,,,0.0,1.0,
1996-04-26,,,,,0.0,1.0,
1996-04-29,,,,,0.0,1.0,
1996-04-30,,,,,0.0,1.0,
1996-05-01,,,,,0.0,1.0,
1996-05-02,,,,,0.0,1.0,
1996-05-03,,,,,0.0,1.0,
1996-05-06,,,,,0.0,1.0,
1996-05-07,,,,,0.0,1.0,
1996-05-08,,,,,0.0,1.0,
1996-05-09,,,,,0.0,1.0,
1996-05-10,,,,,0.0,1.0,
1996-05-13,,,,,0.0,1.0,
1996-05-14,,,,,0.0,1.0,
1996-05-15,,,,,0.0,1.0,
1996-05-16,,,,,0.0,1.0,
1996-05-17,,,,,0.0,1.0,
1996-05-20,,,,,0.0,1.0,
1996-05-21,,,,,0.0,1.0,
1996-05-22,,,,,0.0,1.0,
1996-05-23,,,,,0.0,1.0,
1996-05-24,,,,,0.0,1.0,
1996-05-27,,,,,0.0,1.0,
1996-05-28,,,,,0.0,1.0,
1996-05-29,,,,,0.0,1.0,
1996-05-30,,,,,0.0,1.0,
1996-05-31,,,,,0.0,1.0,
1996-06-03,,,,,0.0,1.0,
1996-06-04,,,,,0.0,1.0,
1996-06-05,,,,,0.0,1.0,
1996-06-06,,,,,0.0,1.0,
1996-06-07,,,,,0.0,1.0,
1996-06-10,,,,,0.0,1.0,
1996-06-11,,,,,0.0,1.0,
1996-06-12,,,,,0.0,1.0,
1996-06-13,,,,,0.0,1.0,
1996-06-14,,,,,0.0,1.0,
1996-06-17,,,,,0.0,1.0,
1996-06-18,,,,,0.0,1.0,
1996-06-19,,,,,0.0,1.0,
1996-06-20,,,,,0.0,1.0,
1996-06-21,,,,,0.0,1.0,
1996-06-24,,,,,0.0,1.0,
1996-06-25,,,,,0.0,1.0,
1996-06-26,,,,,0.0,1.0,
1996-06-27,,,,,0.0,1.0,
1996-06-28,,,,,0.0,1.0,
1996-07-01,,,,,0.0,1.0,
1996-07-02,,,,,0.0,1.0,
1996-07-03,,,,,0.0,1.0,
1996-07-04,,,,,0.0,1.0,
1996-07-05,,,,,0.0,1.0,
1996-07-08,,,,,0.0,1.0,
1996-07-09,,,,,0.0,1.0,
1996-07-10,,,,,0.0,1.0,
1996-07-11,,,,,0.0,1.0,
1996-07-12,,,,,0.0,1.0,
1996-07-15,,,,,0.0,1.0,
1996-07-16,,,,,0.0,1.0,
1996-07-17,,,,,0.0,1.0,
1996-07-18,,,,,0.0,1.0,
1996-07-19,,,,,0.0,1.0,
1996-07-22,,,,,0.0,1.0,
1996-07-23,,,,,0.0,1.0,
1996-07-24,,,,,0.0,1.0,
1996-07-25,,,,,0.0,1.0,
1996-07-26,,,,,0.0,1.0,
1996-07-29,,,,,0.0,1.0,
1996-07-30,,,,,0.0,1.0,
1996-07-31,,,,,0.0,1.0,
1996-08-01,,,,,0.0,1.0,
1996-08-02,,,,,0.0,1.0,
1996-08-05,,,,,0.0,1.0,
1996-08-06,,,,,0.0,1.0,
1996-08-07,,,,,0.0,1.0,
1996-08-08,,,,,0.0,1.0,
1996-08-09,,,,,0.0,1.0,
1996-08-12,,,,,0.0,1.0,
1996-08-13,,,,,0.0,1.0,
1996-08-14,,,,,0.0,1.0,
1996-08-15,,,,,0.0,1.0,
1996-08-16,,,,,0.0,1.0,
1996-08-19,,,,,0.0,1.0,
1996-08-20,,,,,0.0,1.0,
1996-08-21,,,,,0.0,1.0,
1996-08-22,,,,,0.0,1.0,
1996-08-23,,,,,0.0,1.0,
1996-08-26,,,,,0.0,1.0,
1996-08-27,,,,,0.0,1.0,
1996-08-28,,,,,0.0,1.0,
1996-08-29,,,,,0.0,1.0,
1996-08-30,,,,,0.0,1.0,
1996-09-02,,,,,0.0,1.0,
1996-09-03,,,,,0.0,1.0,
1996-09-04,,,,,0.0,1.0,
1996-09-05,,,,,0.0,1.0,
1996-09-06,,,,,0.0,1.0,
1996-09-09,,,,,0.0,1.0,
1996-09-10,,,,,0.0,1.0,
1996-09-11,,,,,0.0,1.0,
1996-09-12,,,,,0.0,1.0,
1996-09-13,,,,,0.0,1.0,
1996-09-16,,,,,0.0,1.0,
1996-09-17,,,,,0.0,1.0,
1996-09-18,,,,,0.0,1.0,
1996-09-19,,,,,0.0,1.0,
1996-09-20,,,,,0.0,1.0,
1996-09-23,,,,,0.0,1.0,
1996-09-24,,,,,0.0,1.0,
1996-09-25,,,,,0.0,1.0,
1996-09-26,,,,,0.0,1.0,
1996-09-27,,,,,0.0,1.0,
1996-09-30,,,,,0.0,1.0,
1996-10-01,,,,,0.0,1.0,
1996-10-02,,,,,0.0,1.0,
1996-10-03,,,,,0.0,1.0,
1996-10-04,,,,,0.0,1.0,
1996-10-07,,,,,0.0,1.0,
1996-10-08,,,,,0.0,1.0,
1996-10-09,,,,,0.0,1.0,
1996-10-10,,,,,0.0,1.0,
1996-10-11,,,,,0.0,1.0,
1996-10-14,,,,,0.0,1.0,
1996-10-15,,,,,0.0,1.0,
1996-10-16,,,,,0.0,1.0,
1996-10-17,,,,,0.0,1.0,
1996-10-18,,,,,0.0,1.0,
1996-10-21,,,,,0.0,1.0,
1996-10-22,,,,,0.0,1.0,
1996-10-23,,,,,0.0,1.0,
1996-10-24,,,,,0.0,1.0,
1996-10-25,,,,,0.0,1.0,
1996-10-28,,,,,0.0,1.0,
1996-10-29,,,,,0.0,1.0,
1996-10-30,,,,,0.0,1.0,
1996-10-31,,,,,0.0,1.0,
1996-11-01,,,,,0.0,1.0,
1996-11-04,,,,,0.0,1.0,
1996-11-05,,,,,0.0,1.0,
1996-11-06,,,,,0.0,1.0,
1996-11-07,,,,,0.0,1.0,
1996-11-08,,,,,0.0,1.0,
1996-11-11,,,,,0.0,1.0,
1996-11-12,,,,,0.0,1.0,
1996-11-13,,,,,0.0,1.0,
1996-11-14,,,,,0.0,1.0,
1996-11-15,,,,,0.0,1.0,
1996-11-18,,,,,0.0,1.0,
1996-11-19,,,,,0.0,1.0,
1996-11-20,,,,,0.0,1.0,
1996-11-21,,,,,0.0,1.0,
1996-11-22,,,,,0.0,1.0,
1996-11-25,,,,,0.0,1.0,
1996-11-26,,,,,0.0,1.0,
1996-11-27,,,,,0.0,1.0,
1996-11-28,,,,,0.0,1.0,
1996-11-29,,,,,0.0,1.0,
1996-12-02,,,,,0.0,1.0,
1996-12-03,,,,,0.0,1.0,
1996-12-04,,,,,0.0,1.0,
1996-12-05,,,,,0.0,1.0,
1996-12-06,,,,,0.0,1.0,
1996-12-09,,,,,0.0,1.0,
1996-12-10,,,,,0.0,1.0,
1996-12-11,,,,,0.0,1.0,
1996-12-12,,,,,0.0,1.0,
1996-12-13,,,,,0.0,1.0,
1996-12-16,,,,,0.0,1.0,
1996-12-17,,,,,0.0,1.0,
1996-12-18,,,,,0.0,1.0,
1996-12-19,,,,,0.0,1.0,
1996-12-20,,,,,0.0,1.0,
1996-12-23,,,,,0.0,1.0,
1996-12-24,,,,,0.0,1.0,
1996-12-25,,,,,0.0,1.0,
1996-12-26,,,,,0.0,1.0,
1996-12-27,,,,,0.0,1.0,
1996-12-30,,,,,0.0,1.0,
1996-12-31,,,,,0.0,1.0,
1997-01-01,,,,,0.0,1.0,
1997-01-02,,,,,0.0,1.0,
1997-01-03,,,,,0.0,1.0,
1997-01-06,,,,,0.0,1.0,
1997-01-07,,,,,0.0,1.0,
1997-01-08,,,,,0.0,1.0,
1997-01-09,,,,,0.0,1.0,
1997-01-10,,,,,0.0,1.0,
1997-01-13,,,,,0.0,1.0,
1997-01-14,,,,,0.0,1.0,
1997-01-15,,,,,0.0,1.0,
1997-01-16,,,,,0.0,1.0,
1997-01-17,,,,,0.0,1.0,
1997-01-20,,,,,0.0,1.0,
1997-01-21,,,,,0.0,1.0,
1997-01-22,,,,,0.0,1.0,
1997-01-23,,,,,0.0,1.0,
1997-01-24,,,,,0.0,1.0,
1997-01-27,,,,,0.0,1.0,
1997-01-28,,,,,0.0,1.0,
1997-01-29,,,,,0.0,1.0,
1997-01-30,,,,,0.0,1.0,
1997-01-31,,,,,0.0,1.0,
1997-02-03,,,,,0.0,1.0,
1997-02-04,,,,,0.0,1.0,
1997-02-05,,,,,0.0,1.0,
1997-02-06,,,,,0.0,1.0,
1997-02-07,,,,,0.0,1.0,
1997-02-10,,,,,0.0,1.0,
1997-02-11,,,,,0.0,1.0,
1997-02-12,,,,,0.0,1.0,
1997-02-13,,,,,0.0,1.0,
1997-02-14,,,,,0.0,1.0,
1997-02-17,,,,,0.0,1.0,
1997-02-18,,,,,0.0,1.0,
1997-02-19,,,,,0.0,1.0,
1997-02-20,,,,,0.0,1.0,
1997-02-21,,,,,0.0,1.0,
1997-02-24,,,,,0.0,1.0,
1997-02-25,,,,,0.0,1.0,
1997-02-26,,,,,0.0,1.0,
1997-02-27,,,,,0.0,1.0,
1997-02-28,,,,,0.0,1.0,
1997-03-03,,,,,0.0,1.0,
1997-03-04,,,,,0.0,1.0,
1997-03-05,,,,,0.0,1.0,
1997-03-06,,,,,0.0,1.0,
1997-03-07,,,,,0.0,1.0,
1997-03-10,,,,,0.0,1.0,
1997-03-11,,,,,0.0,1.0,
1997-03-12,,,,,0.0,1.0,
1997-03-13,,,,,0.0,1.0,
1997-03-14,,,,,0.0,1.0,
1997-03-17,,,,,0.0,1.0,
1997-03-18,,,,,0.0,1.0,
1997-03-19,,,,,0.0,1.0,
1997-03-20,,,,,0.0,1.0,
1997-03-21,,,,,0.0,1.0,
1997-03-24,,,,,0.0,1.0,
1997-03-25,,,,,0.0,1.0,
1997-03-26,,,,,0.0,1.0,
1997-03-27,,,,,0.0,1.0,
1997-03-28,,,,,0.0,1.0,
1997-03-31,,,,,0.0,1.0,
1997-04-01,,,,,0.0,1.0,
1997-04-02,,,,,0.0,1.0,
1997-04-03,,,,,0.0,1.0,
1997-04-04,,,,,0.0,1.0,
1997-04-07,,,,,0.0,1.0,
1997-04-08,,,,,0.0,1.0,
1997-04-09,,,,,0.0,1.0,
1997-04-10,,,,,0.0,1.0,
1997-04-11,,,,,0.0,1.0,
1997-04-14,,,,,0.0,1.0,
1997-04-15,,,,,0.0,1.0,
1997-04-16,,,,,0.0,1.0,
1997-04-17,,,,,0.0,1.0,
1997-04-18,,,,,0.0,1.0,
1997-04-21,,,,,0.0,1.0,
1997-04-22,,,,,0.0,1.0,
1997-04-23,,,,,0.0,1.0,
1997-04-24,,,,,0.0,1.0,
1997-04-25,,,,,0.0,1.0,
1997-04-28,,,,,0.0,1.0,
1997-04-29,,,,,0.0,1.0,
1997-04-30,,,,,0.0,1.0,
1997-05-01,,,,,0.0,1.0,
1997-05-02,,,,,0.0,1.0,
1997-05-05,,,,,0.0,1.0,
1997-05-06,,,,,0.0,1.0,
1997-05-07,,,,,0.0,1.0,
1997-05-08,,,,,0.0,1.0,
1997-05-09,,,,,0.0,1.0,
1997-05-12,,,,,0.0,1.0,
1997-05-13,,,,,0.0,1.0,
1997-05-14,,,,,0.0,1.0,
1997-05-15,,,,,0.0,1.0,
1997-05-16,,,,,0.0,1.0,
1997-05-19,,,,,0.0,1.0,
1997-05-20,,,,,0.0,1.0,
1997-05-21,,,,,0.0,1.0,
1997-05-22,,,,,0.0,1.0,
1997-05-23,,,,,0.0,1.0,
1997-05-26,,,,,0.0,1.0,
1997-05-27,,,,,0.0,1.0,
1997-05-28,,,,,0.0,1.0,
1997-05-29,,,,,0.0,1.0,
1997-05-30,,,,,0.0,1.0,
1997-06-02,,,,,0.0,1.0,
1997-06-03,,,,,0.0,1.0,
1997-06-04,,,,,0.0,1.0,
1997-06-05,,,,,0.0,1.0,
1997-06-06,,,,,0.0,1.0,
1997-06-09,,,,,0.0,1.0,
1997-06-10,,,,,0.0,1.0,
1997-06-11,,,,,0.0,1.0,
1997-06-12,,,,,0.0,1.0,
1997-06-13,,,,,0.0,1.0,
1997-06-16,,,,,0.0,1.0,
1997-06-17,,,,,0.0,1.0,
1997-06-18,,,,,0.0,1.0,
1997-06-19,,,,,0.0,1.0,
1997-06-20,,,,,0.0,1.0,
1997-06-23,,,,,0.0,1.0,
1997-06-24,,,,,0.0,1.0,
1997-06-25,,,,,0.0,1.0,
1997-06-26,,,,,0.0,1.0,
1997-06-27,,,,,0.0,1.0,
1997-06-30,,,,,0.0,1.0,
1997-07-01,,,,,0.0,1.0,
1997-07-02,,,,,0.0,1.0,
1997-07-03,,,,,0.0,1.0,
1997-07-04,,,,,0.0,1.0,
1997-07-07,,,,,0.0,1.0,
1997-07-08,,,,,0.0,1.0,
1997-07-09,,,,,0.0,1.0,
1997-07-10,,,,,0.0,1.0,
1997-07-11,,,,,0.0,1.0,
1997-07-14,,,,,0.0,1.0,
1997-07-15,,,,,0.0,1.0,
1997-07-16,,,,,0.0,1.0,
1997-07-17,,,,,0.0,1.0,
1997-07-18,,,,,0.0,1.0,
1997-07-21,,,,,0.0,1.0,
1997-07-22,,,,,0.0,1.0,
1997-07-23,,,,,0.0,1.0,
1997-07-24,,,,,0.0,1.0,
1997-07-25,,,,,0.0,1.0,
1997-07-28,,,,,0.0,1.0,
1997-07-29,,,,,0.0,1.0,
1997-07-30,,,,,0.0,1.0,
1997-07-31,,,,,0.0,1.0,
1997-08-01,,,,,0.0,1.0,
1997-08-04,,,,,0.0,1.0,
1997-08-05,,,,,0.0,1.0,
1997-08-06,,,,,0.0,1.0,
1997-08-07,,,,,0.0,1.0,
1997-08-08,,,,,0.0,1.0,
1997-08-11,,,,,0.0,1.0,
1997-08-12,,,,,0.0,1.0,
1997-08-13,,,,,0.0,1.0,
1997-08-14,,,,,0.0,1.0,
1997-08-15,,,,,0.0,1.0,
1997-08-18,,,,,0.0,1.0,
1997-08-19,,,,,0.0,1.0,
1997-08-20,,,,,0.0,1.0,
1997-08-21,,,,,0.0,1.0,
1997-08-22,,,,,0.0,1.0,
1997-08-25,,,,,0.0,1.0,
1997-08-26,,,,,0.0,1.0,
1997-08-27,,,,,0.0,1.0,
1997-08-28,,,,,0.0,1.0,
1997-08-29,,,,,0.0,1.0,
1997-09-01,,,,,0.0,1.0,
1997-09-02,,,,,0.0,1.0,
1997-09-03,,,,,0.0,1.0,
1997-09-04,,,,,0.0,1.0,
1997-09-05,,,,,0.0,1.0,
1997-09-08,,,,,0.0,1.0,
1997-09-09,,,,,0.0,1.0,
1997-09-10,,,,,0.0,1.0,
1997-09-11,,,,,0.0,1.0,
1997-09-12,,,,,0.0,1.0,
1997-09-15,,,,,0.0,1.0,
1997-09-16,,,,,0.0,1.0,
1997-09-17,,,,,0.0,1.0,
1997-09-18,,,,,0.0,1.0,
1997-09-19,,,,,0.0,1.0,
1997-09-22,,,,,0.0,1.0,
1997-09-23,,,,,0.0,1.0,
1997-09-24,,,,,0.0,1.0,
1997-09-25,,,,,0.0,1.0,
1997-09-26,,,,,0.0,1.0,
1997-09-29,,,,,0.0,1.0,
1997-09-30,,,,,0.0,1.0,
1997-10-01,,,,,0.0,1.0,
1997-10-02,,,,,0.0,1.0,
1997-10-03,,,,,0.0,1.0,
1997-10-06,,,,,0.0,1.0,
1997-10-07,,,,,0.0,1.0,
1997-10-08,,,,,0.0,1.0,
1997-10-09,,,,,0.0,1.0,
1997-10-10,,,,,0.0,1.0,
1997-10-13,,,,,0.0,1.0,
1997-10-14,,,,,0.0,1.0,
1997-10-15,,,,,0.0,1.0,
1997-10-16,,,,,0.0,1.0,
1997-10-17,,,,,0.0,1.0,
1997-10-20,,,,,0.0,1.0,
1997-10-21,,,,,0.0,1.0,
1997-10-22,,,,,0.0,1.0,
1997-10-23,,,,,0.0,1.0,
1997-10-24,,,,,0.0,1.0,
1997-10-27,,,,,0.0,1.0,
1997-10-28,,,,,0.0,1.0,
1997-10-29,,,,,0.0,1.0,
1997-10-30,,,,,0.0,1.0,
1997-10-31,,,,,0.0,1.0,
1997-11-03,,,,,0.0,1.0,
1997-11-04,,,,,0.0,1.0,
1997-11-05,,,,,0.0,1.0,
1997-11-06,,,,,0.0,1.0,
1997-11-07,,,,,0.0,1.0,
1997-11-10,,,,,0.0,1.0,
1997-11-11,,,,,0.0,1.0,
1997-11-12,,,,,0.0,1.0,
1997-11-13,,,,,0.0,1.0,
1997-11-14,,,,,0.0,1.0,
1997-11-17,,,,,0.0,1.0,
1997-11-18,,,,,0.0,1.0,
1997-11-19,,,,,0.0,1.0,
1997-11-20,,,,,0.0,1.0,
1997-11-21,,,,,0.0,1.0,
1997-11-24,,,,,0.0,1.0,
1997-11-25,,,,,0.0,1.0,
1997-11-26,,,,,0.0,1.0,
1997-11-27,,,,,0.0,1.0,
1997-11-28,,,,,0.0,1.0,
1997-12-01,,,,,0.0,1.0,
1997-12-02,,,,,0.0,1.0,
1997-12-03,,,,,0.0,1.0,
1997-12-04,,,,,0.0,1.0,
1997-12-05,,,,,0.0,1.0,
1997-12-08,,,,,0.0,1.0,
1997-12-09,,,,,0.0,1.0,
1997-12-10,,,,,0.0,1.0,
1997-12-11,,,,,0.0,1.0,
1997-12-12,,,,,0.0,1.0,
1997-12-15,,,,,0.0,1.0,
1997-12-16,,,,,0.0,1.0,
1997-12-17,,,,,0.0,1.0,
1997-12-18,,,,,0.0,1.0,
1997-12-19,,,,,0.0,1.0,
1997-12-22,,,,,0.0,1.0,
1997-12-23,,,,,0.0,1.0,
1997-12-24,,,,,0.0,1.0,
1997-12-25,,,,,0.0,1.0,
1997-12-26,,,,,0.0,1.0,
1997-12-29,,,,,0.0,1.0,
1997-12-30,,,,,0.0,1.0,
1997-12-31,,,,,0.0,1.0,
1998-01-01,,,,,0.0,1.0,
1998-01-02,,,,,0.0,1.0,
1998-01-05,,,,,0.0,1.0,
1998-01-06,,,,,0.0,1.0,
1998-01-07,,,,,0.0,1.0,
1998-01-08,,,,,0.0,1.0,
1998-01-09,,,,,0.0,1.0,
1998-01-12,,,,,0.0,1.0,
1998-01-13,,,,,0.0,1.0,
1998-01-14,,,,,0.0,1.0,
1998-01-15,,,,,0.0,1.0,
1998-01-16,,,,,0.0,1.0,
1998-01-19,,,,,0.0,1.0,
1998-01-20,,,,,0.0,1.0,
1998-01-21,,,,,0.0,1.0,
1998-01-22,,,,,0.0,1.0,
1998-01-23,,,,,0.0,1.0,
1998-01-26,,,,,0.0,1.0,
1998-01-27,,,,,0.0,1.0,
1998-01-28,,,,,0.0,1.0,
1998-01-29,,,,,0.0,1.0,
1998-01-30,,,,,0.0,1.0,
1998-02-02,,,,,0.0,1.0,
1998-02-03,,,,,0.0,1.0,
1998-02-04,,,,,0.0,1.0,
1998-02-05,,,,,0.0,1.0,
1998-02-06,,,,,0.0,1.0,
1998-02-09,,,,,0.0,1.0,
1998-02-10,,,,,0.0,1.0,
1998-02-11,,,,,0.0,1.0,
1998-02-12,,,,,0.0,1.0,
1998-02-13,,,,,0.0,1.0,
1998-02-16,,,,,0.0,1.0,
1998-02-17,,,,,0.0,1.0,
1998-02-18,,,,,0.0,1.0,
1998-02-19,,,,,0.0,1.0,
1998-02-20,,,,,0.0,1.0,
1998-02-23,,,,,0.0,1.0,
1998-02-24,,,,,0.0,1.0,
1998-02-25,,,,,0.0,1.0,
1998-02-26,,,,,0.0,1.0,
1998-02-27,,,,,0.0,1.0,
1998-03-02,,,,,0.0,1.0,
1998-03-03,,,,,0.0,1.0,
1998-03-04,,,,,0.0,1.0,
1998-03-05,,,,,0.0,1.0,
1998-03-06,,,,,0.0,1.0,
1998-03-09,,,,,0.0,1.0,
1998-03-10,,,,,0.0,1.0,
1998-03-11,,,,,0.0,1.0,
1998-03-12,,,,,0.0,1.0,
1998-03-13,,,,,0.0,1.0,
1998-03-16,,,,,0.0,1.0,
1998-03-17,,,,,0.0,1.0,
1998-03-18,,,,,0.0,1.0,
1998-03-19,,,,,0.0,1.0,
1998-03-20,,,,,0.0,1.0,
1998-03-23,,,,,0.0,1.0,
1998-03-24,,,,,0.0,1.0,
1998-03-25,,,,,0.0,1.0,
1998-03-26,,,,,0.0,1.0,
1998-03-27,,,,,0.0,1.0,
1998-03-30,,,,,0.0,1.0,
1998-03-31,,,,,0.0,1.0,
1998-04-01,,,,,0.0,1.0,
1998-04-02,,,,,0.0,1.0,
1998-04-03,,,,,0.0,1.0,
1998-04-06,,,,,0.0,1.0,
1998-04-07,,,,,0.0,1.0,
1998-04-08,,,,,0.0,1.0,
1998-04-09,,,,,0.0,1.0,
1998-04-10,,,,,0.0,1.0,
1998-04-13,,,,,0.0,1.0,
1998-04-14,,,,,0.0,1.0,
1998-04-15,,,,,0.0,1.0,
1998-04-16,,,,,0.0,1.0,
1998-04-17,,,,,0.0,1.0,
1998-04-20,,,,,0.0,1.0,
1998-04-21,,,,,0.0,1.0,
1998-04-22,,,,,0.0,1.0,
1998-04-23,,,,,0.0,1.0,
1998-04-24,,,,,0.0,1.0,
1998-04-27,,,,,0.0,1.0,
1998-04-28,,,,,0.0,1.0,
1998-04-29,,,,,0.0,1.0,
1998-04-30,,,,,0.0,1.0,
1998-05-01,,,,,0.0,1.0,
1998-05-04,,,,,0.0,1.0,
1998-05-05,,,,,0.0,1.0,
1998-05-06,,,,,0.0,1.0,
1998-05-07,,,,,0.0,1.0,
1998-05-08,,,,,0.0,1.0,
1998-05-11,,,,,0.0,1.0,
1998-05-12,,,,,0.0,1.0,
1998-05-13,,,,,0.0,1.0,
1998-05-14,,,,,0.0,1.0,
1998-05-15,,,,,0.0,1.0,
1998-05-18,,,,,0.0,1.0,
1998-05-19,,,,,0.0,1.0,
1998-05-20,,,,,0.0,1.0,
1998-05-21,,,,,0.0,1.0,
1998-05-22,,,,,0.0,1.0,
1998-05-25,,,,,0.0,1.0,
1998-05-26,,,,,0.0,1.0,
1998-05-27,,,,,0.0,1.0,
1998-05-28,,,,,0.0,1.0,
1998-05-29,,,,,0.0,1.0,
1998-06-01,,,,,0.0,1.0,
1998-06-02,,,,,0.0,1.0,
1998-06-03,,,,,0.0,1.0,
1998-06-04,,,,,0.0,1.0,
1998-06-05,,,,,0.0,1.0,
1998-06-08,,,,,0.0,1.0,
1998-06-09,,,,,0.0,1.0,
1998-06-10,,,,,0.0,1.0,
1998-06-11,,,,,0.0,1.0,
1998-06-12,,,,,0.0,1.0,
1998-06-15,,,,,0.0,1.0,
1998-06-16,,,,,0.0,1.0,
1998-06-17,,,,,0.0,1.0,
1998-06-18,,,,,0.0,1.0,
1998-06-19,,,,,0.0,1.0,
1998-06-22,,,,,0.0,1.0,
1998-06-23,,,,,0.0,1.0,
1998-06-24,,,,,0.0,1.0,
1998-06-25,,,,,0.0,1.0,
1998-06-26,,,,,0.0,1.0,
1998-06-29,,,,,0.0,1.0,
1998-06-30,,,,,0.0,1.0,
1998-07-01,,,,,0.0,1.0,
1998-07-02,,,,,0.0,1.0,
1998-07-03,,,,,0.0,1.0,
1998-07-06,,,,,0.0,1.0,
1998-07-07,,,,,0.0,1.0,
1998-07-08,,,,,0.0,1.0,
1998-07-09,,,,,0.0,1.0,
1998-07-10,,,,,0.0,1.0,
1998-07-13,,,,,0.0,1.0,
1998-07-14,,,,,0.0,1.0,
1998-07-15,,,,,0.0,1.0,
1998-07-16,,,,,0.0,1.0,
1998-07-17,,,,,0.0,1.0,
1998-07-20,,,,,0.0,1.0,
1998-07-21,,,,,0.0,1.0,
1998-07-22,,,,,0.0,1.0,
1998-07-23,,,,,0.0,1.0,
1998-07-24,,,,,0.0,1.0,
1998-07-27,,,,,0.0,1.0,
1998-07-28,,,,,0.0,1.0,
1998-07-29,,,,,0.0,1.0,
1998-07-30,,,,,0.0,1.0,
1998-07-31,,,,,0.0,1.0,
1998-08-03,,,,,0.0,1.0,
1998-08-04,,,,,0.0,1.0,
1998-08-05,,,,,0.0,1.0,
1998-08-06,,,,,0.0,1.0,
1998-08-07,,,,,0.0,1.0,
1998-08-10,,,,,0.0,1.0,
1998-08-11,,,,,0.0,1.0,
1998-08-12,,,,,0.0,1.0,
1998-08-13,,,,,0.0,1.0,
1998-08-14,,,,,0.0,1.0,
1998-08-17,,,,,0.0,1.0,
1998-08-18,,,,,0.0,1.0,
1998-08-19,,,,,0.0,1.0,
1998-08-20,,,,,0.0,1.0,
1998-08-21,,,,,0.0,1.0,
1998-08-24,,,,,0.0,1.0,
1998-08-25,,,,,0.0,1.0,
1998-08-26,,,,,0.0,1.0,
1998-08-27,,,,,0.0,1.0,
1998-08-28,,,,,0.0,1.0,
1998-08-31,,,,,0.0,1.0,
1998-09-01,,,,,0.0,1.0,
1998-09-02,,,,,0.0,1.0,
1998-09-03,,,,,0.0,1.0,
1998-09-04,,,,,0.0,1.0,
1998-09-07,,,,,0.0,1.0,
1998-09-08,,,,,0.0,1.0,
1998-09-09,,,,,0.0,1.0,
1998-09-10,,,,,0.0,1.0,
1998-09-11,,,,,0.0,1.0,
1998-09-14,,,,,0.0,1.0,
1998-09-15,,,,,0.0,1.0,
1998-09-16,,,,,0.0,1.0,
1998-09-17,,,,,0.0,1.0,
1998-09-18,,,,,0.0,1.0,
1998-09-21,,,,,0.0,1.0,
1998-09-22,,,,,0.0,1.0,
1998-09-23,,,,,0.0,1.0,
1998-09-24,,,,,0.0,1.0,
1998-09-25,,,,,0.0,1.0,
1998-09-28,,,,,0.0,1.0,
1998-09-29,,,,,0.0,1.0,
1998-09-30,,,,,0.0,1.0,
1998-10-01,,,,,0.0,1.0,
1998-10-02,,,,,0.0,1.0,
1998-10-05,,,,,0.0,1.0,
1998-10-06,,,,,0.0,1.0,
1998-10-07,,,,,0.0,1.0,
1998-10-08,,,,,0.0,1.0,
1998-10-09,,,,,0.0,1.0,
1998-10-12,,,,,0.0,1.0,
1998-10-13,,,,,0.0,1.0,
1998-10-14,,,,,0.0,1.0,
1998-10-15,,,,,0.0,1.0,
1998-10-16,,,,,0.0,1.0,
1998-10-19,,,,,0.0,1.0,
1998-10-20,,,,,0.0,1.0,
1998-10-21,,,,,0.0,1.0,
1998-10-22,,,,,0.0,1.0,
1998-10-23,,,,,0.0,1.0,
1998-10-26,,,,,0.0,1.0,
1998-10-27,,,,,0.0,1.0,
1998-10-28,,,,,0.0,1.0,
1998-10-29,,,,,0.0,1.0,
1998-10-30,,,,,0.0,1.0,
1998-11-02,,,,,0.0,1.0,
1998-11-03,,,,,0.0,1.0,
1998-11-04,,,,,0.0,1.0,
1998-11-05,,,,,0.0,1.0,
1998-11-06,,,,,0.0,1.0,
1998-11-09,,,,,0.0,1.0,
1998-11-10,,,,,0.0,1.0,
1998-11-11,,,,,0.0,1.0,
1998-11-12,,,,,0.0,1.0,
1998-11-13,,,,,0.0,1.0,
1998-11-16,,,,,0.0,1.0,
1998-11-17,,,,,0.0,1.0,
1998-11-18,,,,,0.0,1.0,
1998-11-19,,,,,0.0,1.0,
1998-11-20,,,,,0.0,1.0,
1998-11-23,,,,,0.0,1.0,
1998-11-24,,,,,0.0,1.0,
1998-11-25,,,,,0.0,1.0,
1998-11-26,,,,,0.0,1.0,
1998-11-27,,,,,0.0,1.0,
1998-11-30,,,,,0.0,1.0,
1998-12-01,,,,,0.0,1.0,
1998-12-02,,,,,0.0,1.0,
1998-12-03,,,,,0.0,1.0,
1998-12-04,,,,,0.0,1.0,
1998-12-07,,,,,0.0,1.0,
1998-12-08,,,,,0.0,1.0,
1998-12-09,,,,,0.0,1.0,
1998-12-10,,,,,0.0,1.0,
1998-12-11,,,,,0.0,1.0,
1998-12-14,,,,,0.0,1.0,
1998-12-15,,,,,0.0,1.0,
1998-12-16,,,,,0.0,1.0,
1998-12-17,,,,,0.0,1.0,
1998-12-18,,,,,0.0,1.0,
1998-12-21,,,,,0.0,1.0,
1998-12-22,,,,,0.0,1.0,
1998-12-23,,,,,0.0,1.0,
1998-12-24,,,,,0.0,1.0,
1998-12-25,,,,,0.0,1.0,
1998-12-28,,,,,0.0,1.0,
1998-12-29,,,,,0.0,1.0,
1998-12-30,,,,,0.0,1.0,
1998-12-31,,,,,0.0,1.0,
1999-01-01,,,,,0.0,1.0,
1999-01-04,,,,,0.0,1.0,
1999-01-05,,,,,0.0,1.0,
1999-01-06,,,,,0.0,1.0,
1999-01-07,,,,,0.0,1.0,
1999-01-08,,,,,0.0,1.0,
1999-01-11,,,,,0.0,1.0,
1999-01-12,,,,,0.0,1.0,
1999-01-13,,,,,0.0,1.0,
1999-01-14,,,,,0.0,1.0,
1999-01-15,,,,,0.0,1.0,
1999-01-18,,,,,0.0,1.0,
1999-01-19,,,,,0.0,1.0,
1999-01-20,,,,,0.0,1.0,
1999-01-21,,,,,0.0,1.0,
1999-01-22,,,,,0.0,1.0,
1999-01-25,,,,,0.0,1.0,
1999-01-26,,,,,0.0,1.0,
1999-01-27,,,,,0.0,1.0,
1999-01-28,,,,,0.0,1.0,
1999-01-29,,,,,0.0,1.0,
1999-02-01,,,,,0.0,1.0,
1999-02-02,,,,,0.0,1.0,
1999-02-03,,,,,0.0,1.0,
1999-02-04,,,,,0.0,1.0,
1999-02-05,,,,,0.0,1.0,
1999-02-08,,,,,0.0,1.0,
1999-02-09,,,,,0.0,1.0,
1999-02-10,,,,,0.0,1.0,
1999-02-11,,,,,0.0,1.0,
1999-02-12,,,,,0.0,1.0,
1999-02-15,,,,,0.0,1.0,
1999-02-16,,,,,0.0,1.0,
1999-02-17,,,,,0.0,1.0,
1999-02-18,,,,,0.0,1.0,
1999-02-19,,,,,0.0,1.0,
1999-02-22,,,,,0.0,1.0,
1999-02-23,,,,,0.0,1.0,
1999-02-24,,,,,0.0,1.0,
1999-02-25,,,,,0.0,1.0,
1999-02-26,,,,,0.0,1.0,
1999-03-01,,,,,0.0,1.0,
1999-03-02,,,,,0.0,1.0,
1999-03-03,,,,,0.0,1.0,
1999-03-04,,,,,0.0,1.0,
1999-03-05,,,,,0.0,1.0,
1999-03-08,,,,,0.0,1.0,
1999-03-09,,,,,0.0,1.0,
1999-03-10,,,,,0.0,1.0,
1999-03-11,,,,,0.0,1.0,
1999-03-12,,,,,0.0,1.0,
1999-03-15,,,,,0.0,1.0,
1999-03-16,,,,,0.0,1.0,
1999-03-17,,,,,0.0,1.0,
1999-03-18,,,,,0.0,1.0,
1999-03-19,,,,,0.0,1.0,
1999-03-22,,,,,0.0,1.0,
1999-03-23,,,,,0.0,1.0,
1999-03-24,,,,,0.0,1.0,
1999-03-25,,,,,0.0,1.0,
1999-03-26,,,,,0.0,1.0,
1999-03-29,,,,,0.0,1.0,
1999-03-30,,,,,0.0,1.0,
1999-03-31,,,,,0.0,1.0,
1999-04-01,,,,,0.0,1.0,
1999-04-02,,,,,0.0,1.0,
1999-04-05,,,,,0.0,1.0,
1999-04-06,,,,,0.0,1.0,
1999-04-07,,,,,0.0,1.0,
1999-04-08,,,,,0.0,1.0,
1999-04-09,,,,,0.0,1.0,
1999-04-12,,,,,0.0,1.0,
1999-04-13,,,,,0.0,1.0,
1999-04-14,,,,,0.0,1.0,
1999-04-15,,,,,0.0,1.0,
1999-04-16,,,,,0.0,1.0,
1999-04-19,,,,,0.0,1.0,
1999-04-20,,,,,0.0,1.0,
1999-04-21,,,,,0.0,1.0,
1999-04-22,,,,,0.0,1.0,
1999-04-23,,,,,0.0,1.0,
1999-04-26,,,,,0.0,1.0,
1999-04-27,,,,,0.0,1.0,
1999-04-28,,,,,0.0,1.0,
1999-04-29,,,,,0.0,1.0,
1999-04-30,,,,,0.0,1.0,
1999-05-03,,,,,0.0,1.0,
1999-05-04,,,,,0.0,1.0,
1999-05-05,,,,,0.0,1.0,
1999-05-06,,,,,0.0,1.0,
1999-05-07,,,,,0.0,1.0,
1999-05-10,,,,,0.0,1.0,
1999-05-11,,,,,0.0,1.0,
1999-05-12,,,,,0.0,1.0,
1999-05-13,,,,,0.0,1.0,
1999-05-14,,,,,0.0,1.0,
1999-05-17,,,,,0.0,1.0,
1999-05-18,,,,,0.0,1.0,
1999-05-19,,,,,0.0,1.0,
1999-05-20,,,,,0.0,1.0,
1999-05-21,,,,,0.0,1.0,
1999-05-24,,,,,0.0,1.0,
1999-05-25,,,,,0.0,1.0,
1999-05-26,,,,,0.0,1.0,
1999-05-27,,,,,0.0,1.0,
1999-05-28,,,,,0.0,1.0,
1999-05-31,,,,,0.0,1.0,
1999-06-01,,,,,0.0,1.0,
1999-06-02,,,,,0.0,1.0,
1999-06-03,,,,,0.0,1.0,
1999-06-04,,,,,0.0,1.0,
1999-06-07,,,,,0.0,1.0,
1999-06-08,,,,,0.0,1.0,
1999-06-09,,,,,0.0,1.0,
1999-06-10,,,,,0.0,1.0,
1999-06-11,,,,,0.0,1.0,
1999-06-14,,,,,0.0,1.0,
1999-06-15,,,,,0.0,1.0,
1999-06-16,,,,,0.0,1.0,
1999-06-17,,,,,0.0,1.0,
1999-06-18,,,,,0.0,1.0,
1999-06-21,,,,,0.0,1.0,
1999-06-22,,,,,0.0,1.0,
1999-06-23,,,,,0.0,1.0,
1999-06-24,,,,,0.0,1.0,
1999-06-25,,,,,0.0,1.0,
1999-06-28,,,,,0.0,1.0,
1999-06-29,,,,,0.0,1.0,
1999-06-30,,,,,0.0,1.0,
1999-07-01,,,,,0.0,1.0,
1999-07-02,,,,,0.0,1.0,
1999-07-05,,,,,0.0,1.0,
1999-07-06,,,,,0.0,1.0,
1999-07-07,,,,,0.0,1.0,
1999-07-08,,,,,0.0,1.0,
1999-07-09,,,,,0.0,1.0,
1999-07-12,,,,,0.0,1.0,
1999-07-13,,,,,0.0,1.0,
1999-07-14,,,,,0.0,1.0,
1999-07-15,,,,,0.0,1.0,
1999-07-16,,,,,0.0,1.0,
1999-07-19,,,,,0.0,1.0,
1999-07-20,,,,,0.0,1.0,
1999-07-21,,,,,0.0,1.0,
1999-07-22,,,,,0.0,1.0,
1999-07-23,,,,,0.0,1.0,
1999-07-26,,,,,0.0,1.0,
1999-07-27,,,,,0.0,1.0,
1999-07-28,,,,,0.0,1.0,
1999-07-29,,,,,0.0,1.0,
1999-07-30,,,,,0.0,1.0,
1999-08-02,,,,,0.0,1.0,
1999-08-03,,,,,0.0,1.0,
1999-08-04,,,,,0.0,1.0,
1999-08-05,,,,,0.0,1.0,
1999-08-06,,,,,0.0,1.0,
1999-08-09,,,,,0.0,1.0,
1999-08-10,,,,,0.0,1.0,
1999-08-11,,,,,0.0,1.0,
1999-08-12,,,,,0.0,1.0,
1999-08-13,,,,,0.0,1.0,
1999-08-16,,,,,0.0,1.0,
1999-08-17,,,,,0.0,1.0,
1999-08-18,,,,,0.0,1.0,
1999-08-19,,,,,0.0,1.0,
1999-08-20,,,,,0.0,1.0,
1999-08-23,,,,,0.0,1.0,
1999-08-24,,,,,0.0,1.0,
1999-08-25,,,,,0.0,1.0,
1999-08-26,,,,,0.0,1.0,
1999-08-27,,,,,0.0,1.0,
1999-08-30,,,,,0.0,1.0,
1999-08-31,,,,,0.0,1.0,
1999-09-01,,,,,0.0,1.0,
1999-09-02,,,,,0.0,1.0,
1999-09-03,,,,,0.0,1.0,
1999-09-06,,,,,0.0,1.0,
1999-09-07,,,,,0.0,1.0,
1999-09-08,,,,,0.0,1.0,
1999-09-09,,,,,0.0,1.0,
1999-09-10,,,,,0.0,1.0,
1999-09-13,,,,,0.0,1.0,
1999-09-14,,,,,0.0,1.0,
1999-09-15,,,,,0.0,1.0,
1999-09-16,,,,,0.0,1.0,
1999-09-17,,,,,0.0,1.0,
1999-09-20,,,,,0.0,1.0,
1999-09-21,,,,,0.0,1.0,
1999-09-22,,,,,0.0,1.0,
1999-09-23,,,,,0.0,1.0,
1999-09-24,,,,,0.0,1.0,
1999-09-27,,,,,0.0,1.0,
1999-09-28,,,,,0.0,1.0,
1999-09-29,,,,,0.0,1.0,
1999-09-30,,,,,0.0,1.0,
1999-10-01,,,,,0.0,1.0,
1999-10-04,,,,,0.0,1.0,
1999-10-05,,,,,0.0,1.0,
1999-10-06,,,,,0.0,1.0,
1999-10-07,,,,,0.0,1.0,
1999-10-08,,,,,0.0,1.0,
1999-10-11,,,,,0.0,1.0,
1999-10-12,,,,,0.0,1.0,
1999-10-13,,,,,0.0,1.0,
1999-10-14,,,,,0.0,1.0,
1999-10-15,,,,,0.0,1.0,
1999-10-18,,,,,0.0,1.0,
1999-10-19,,,,,0.0,1.0,
1999-10-20,,,,,0.0,1.0,
1999-10-21,,,,,0.0,1.0,
1999-10-22,,,,,0.0,1.0,
1999-10-25,,,,,0.0,1.0,
1999-10-26,,,,,0.0,1.0,
1999-10-27,,,,,0.0,1.0,
1999-10-28,,,,,0.0,1.0,
1999-10-29,,,,,0.0,1.0,
1999-11-01,,,,,0.0,1.0,
1999-11-02,,,,,0.0,1.0,
1999-11-03,,,,,0.0,1.0,
1999-11-04,,,,,0.0,1.0,
1999-11-05,,,,,0.0,1.0,
1999-11-08,,,,,0.0,1.0,
1999-11-09,,,,,0.0,1.0,
1999-11-10,,,,,0.0,1.0,
1999-11-11,,,,,0.0,1.0,
1999-11-12,,,,,0.0,1.0,
1999-11-15,,,,,0.0,1.0,
1999-11-16,,,,,0.0,1.0,
1999-11-17,,,,,0.0,1.0,
1999-11-18,,,,,0.0,1.0,
1999-11-19,,,,,0.0,1.0,
1999-11-22,,,,,0.0,1.0,
1999-11-23,,,,,0.0,1.0,
1999-11-24,,,,,0.0,1.0,
1999-11-25,,,,,0.0,1.0,
1999-11-26,,,,,0.0,1.0,
1999-11-29,,,,,0.0,1.0,
1999-11-30,,,,,0.0,1.0,
1999-12-01,,,,,0.0,1.0,
1999-12-02,,,,,0.0,1.0,
1999-12-03,,,,,0.0,1.0,
1999-12-06,,,,,0.0,1.0,
1999-12-07,,,,,0.0,1.0,
1999-12-08,,,,,0.0,1.0,
1999-12-09,,,,,0.0,1.0,
1999-12-10,,,,,0.0,1.0,
1999-12-13,,,,,0.0,1.0,
1999-12-14,,,,,0.0,1.0,
1999-12-15,,,,,0.0,1.0,
1999-12-16,,,,,0.0,1.0,
1999-12-17,,,,,0.0,1.0,
1999-12-20,,,,,0.0,1.0,
1999-12-21,,,,,0.0,1.0,
1999-12-22,,,,,0.0,1.0,
1999-12-23,,,,,0.0,1.0,
1999-12-24,,,,,0.0,1.0,
1999-12-27,,,,,0.0,1.0,
1999-12-28,,,,,0.0,1.0,
1999-12-29,,,,,0.0,1.0,
1999-12-30,,,,,0.0,1.0,
1999-12-31,,,,,0.0,1.0,
2000-01-03,,,,,0.0,1.0,
2000-01-04,,,,,0.0,1.0,
2000-01-05,,,,,0.0,1.0,
2000-01-06,,,,,0.0,1.0,
2000-01-07,,,,,0.0,1.0,
2000-01-10,,,,,0.0,1.0,
2000-01-11,,,,,0.0,1.0,
2000-01-12,,,,,0.0,1.0,
2000-01-13,,,,,0.0,1.0,
2000-01-14,,,,,0.0,1.0,
2000-01-17,,,,,0.0,1.0,
2000-01-18,,,,,0.0,1.0,
2000-01-19,,,,,0.0,1.0,
2000-01-20,,,,,0.0,1.0,
2000-01-21,,,,,0.0,1.0,
2000-01-24,,,,,0.0,1.0,
2000-01-25,,,,,0.0,1.0,
2000-01-26,,,,,0.0,1.0,
2000-01-27,,,,,0.0,1.0,
2000-01-28,,,,,0.0,1.0,
2000-01-31,,,,,0.0,1.0,
2000-02-01,,,,,0.0,1.0,
2000-02-02,,,,,0.0,1.0,
2000-02-03,,,,,0.0,1.0,
2000-02-04,,,,,0.0,1.0,
2000-02-07,,,,,0.0,1.0,
2000-02-08,,,,,0.0,1.0,
2000-02-09,,,,,0.0,1.0,
2000-02-10,,,,,0.0,1.0,
2000-02-11,,,,,0.0,1.0,
2000-02-14,,,,,0.0,1.0,
2000-02-15,,,,,0.0,1.0,
2000-02-16,,,,,0.0,1.0,
2000-02-17,,,,,0.0,1.0,
2000-02-18,,,,,0.0,1.0,
2000-02-21,,,,,0.0,1.0,
2000-02-22,,,,,0.0,1.0,
2000-02-23,,,,,0.0,1.0,
2000-02-24,,,,,0.0,1.0,
2000-02-25,,,,,0.0,1.0,
2000-02-28,,,,,0.0,1.0,
2000-02-29,,,,,0.0,1.0,
2000-03-01,,,,,0.0,1.0,
2000-03-02,,,,,0.0,1.0,
2000-03-03,,,,,0.0,1.0,
2000-03-06,,,,,0.0,1.0,
2000-03-07,,,,,0.0,1.0,
2000-03-08,,,,,0.0,1.0,
2000-03-09,,,,,0.0,1.0,
2000-03-10,,,,,0.0,1.0,
2000-03-13,,,,,0.0,1.0,
2000-03-14,,,,,0.0,1.0,
2000-03-15,,,,,0.0,1.0,
2000-03-16,,,,,0.0,1.0,
2000-03-17,,,,,0.0,1.0,
2000-03-20,,,,,0.0,1.0,
2000-03-21,,,,,0.0,1.0,
2000-03-22,,,,,0.0,1.0,
2000-03-23,,,,,0.0,1.0,
2000-03-24,,,,,0.0,1.0,
2000-03-27,,,,,0.0,1.0,
2000-03-28,,,,,0.0,1.0,
2000-03-29,,,,,0.0,1.0,
2000-03-30,,,,,0.0,1.0,
2000-03-31,,,,,0.0,1.0,
2000-04-03,,,,,0.0,1.0,
2000-04-04,,,,,0.0,1.0,
2000-04-05,,,,,0.0,1.0,
2000-04-06,,,,,0.0,1.0,
2000-04-07,,,,,0.0,1.0,
2000-04-10,,,,,0.0,1.0,
2000-04-11,,,,,0.0,1.0,
2000-04-12,,,,,0.0,1.0,
2000-04-13,,,,,0.0,1.0,
2000-04-14,,,,,0.0,1.0,
2000-04-17,,,,,0.0,1.0,
2000-04-18,,,,,0.0,1.0,
2000-04-19,,,,,0.0,1.0,
2000-04-20,,,,,0.0,1.0,
2000-04-21,,,,,0.0,1.0,
2000-04-24,,,,,0.0,1.0,
2000-04-25,,,,,0.0,1.0,
2000-04-26,,,,,0.0,1.0,
2000-04-27,,,,,0.0,1.0,
2000-04-28,,,,,0.0,1.0,
2000-05-01,,,,,0.0,1.0,
2000-05-02,,,,,0.0,1.0,
2000-05-03,,,,,0.0,1.0,
2000-05-04,,,,,0.0,1.0,
2000-05-05,,,,,0.0,1.0,
2000-05-08,,,,,0.0,1.0,
2000-05-09,,,,,0.0,1.0,
2000-05-10,,,,,0.0,1.0,
2000-05-11,,,,,0.0,1.0,
2000-05-12,,,,,0.0,1.0,
2000-05-15,,,,,0.0,1.0,
2000-05-16,,,,,0.0,1.0,
2000-05-17,,,,,0.0,1.0,
2000-05-18,,,,,0.0,1.0,
2000-05-19,,,,,0.0,1.0,
2000-05-22,,,,,0.0,1.0,
2000-05-23,,,,,0.0,1.0,
2000-05-24,,,,,0.0,1.0,
2000-05-25,,,,,0.0,1.0,
2000-05-26,,,,,0.0,1.0,
2000-05-29,,,,,0.0,1.0,
2000-05-30,,,,,0.0,1.0,
2000-05-31,,,,,0.0,1.0,
2000-06-01,,,,,0.0,1.0,
2000-06-02,,,,,0.0,1.0,
2000-06-05,,,,,0.0,1.0,
2000-06-06,,,,,0.0,1.0,
2000-06-07,,,,,0.0,1.0,
2000-06-08,,,,,0.0,1.0,
2000-06-09,,,,,0.0,1.0,
2000-06-12,,,,,0.0,1.0,
2000-06-13,,,,,0.0,1.0,
2000-06-14,,,,,0.0,1.0,
2000-06-15,,,,,0.0,1.0,
2000-06-16,,,,,0.0,1.0,
2000-06-19,,,,,0.0,1.0,
2000-06-20,,,,,0.0,1.0,
2000-06-21,,,,,0.0,1.0,
2000-06-22,,,,,0.0,1.0,
2000-06-23,,,,,0.0,1.0,
2000-06-26,,,,,0.0,1.0,
2000-06-27,,,,,0.0,1.0,
2000-06-28,,,,,0.0,1.0,
2000-06-29,,,,,0.0,1.0,
2000-06-30,,,,,0.0,1.0,
2000-07-03,,,,,0.0,1.0,
2000-07-04,,,,,0.0,1.0,
2000-07-05,,,,,0.0,1.0,
2000-07-06,,,,,0.0,1.0,
2000-07-07,,,,,0.0,1.0,
2000-07-10,,,,,0.0,1.0,
2000-07-11,,,,,0.0,1.0,
2000-07-12,,,,,0.0,1.0,
2000-07-13,,,,,0.0,1.0,
2000-07-14,,,,,0.0,1.0,
2000-07-17,,,,,0.0,1.0,
2000-07-18,,,,,0.0,1.0,
2000-07-19,,,,,0.0,1.0,
2000-07-20,,,,,0.0,1.0,
2000-07-21,,,,,0.0,1.0,
2000-07-24,,,,,0.0,1.0,
2000-07-25,,,,,0.0,1.0,
2000-07-26,,,,,0.0,1.0,
2000-07-27,,,,,0.0,1.0,
2000-07-28,,,,,0.0,1.0,
2000-07-31,,,,,0.0,1.0,
2000-08-01,,,,,0.0,1.0,
2000-08-02,,,,,0.0,1.0,
2000-08-03,,,,,0.0,1.0,
2000-08-04,,,,,0.0,1.0,
2000-08-07,,,,,0.0,1.0,
2000-08-08,,,,,0.0,1.0,
2000-08-09,,,,,0.0,1.0,
2000-08-10,,,,,0.0,1.0,
2000-08-11,,,,,0.0,1.0,
2000-08-14,,,,,0.0,1.0,
2000-08-15,,,,,0.0,1.0,
2000-08-16,,,,,0.0,1.0,
2000-08-17,,,,,0.0,1.0,
2000-08-18,,,,,0.0,1.0,
2000-08-21,,,,,0.0,1.0,
2000-08-22,,,,,0.0,1.0,
2000-08-23,,,,,0.0,1.0,
2000-08-24,,,,,0.0,1.0,
2000-08-25,,,,,0.0,1.0,
2000-08-28,,,,,0.0,1.0,
2000-08-29,,,,,0.0,1.0,
2000-08-30,,,,,0.0,1.0,
2000-08-31,,,,,0.0,1.0,
2000-09-01,,,,,0.0,1.0,
2000-09-04,,,,,0.0,1.0,
2000-09-05,,,,,0.0,1.0,
2000-09-06,,,,,0.0,1.0,
2000-09-07,,,,,0.0,1.0,
2000-09-08,,,,,0.0,1.0,
2000-09-11,,,,,0.0,1.0,
2000-09-12,,,,,0.0,1.0,
2000-09-13,,,,,0.0,1.0,
2000-09-14,,,,,0.0,1.0,
2000-09-15,,,,,0.0,1.0,
2000-09-18,,,,,0.0,1.0,
2000-09-19,,,,,0.0,1.0,
2000-09-20,,,,,0.0,1.0,
2000-09-21,,,,,0.0,1.0,
2000-09-22,,,,,0.0,1.0,
2000-09-25,,,,,0.0,1.0,
2000-09-26,,,,,0.0,1.0,
2000-09-27,,,,,0.0,1.0,
2000-09-28,,,,,0.0,1.0,
2000-09-29,,,,,0.0,1.0,
2000-10-02,,,,,0.0,1.0,
2000-10-03,,,,,0.0,1.0,
2000-10-04,,,,,0.0,1.0,
2000-10-05,,,,,0.0,1.0,
2000-10-06,,,,,0.0,1.0,
2000-10-09,,,,,0.0,1.0,
2000-10-10,,,,,0.0,1.0,
2000-10-11,,,,,0.0,1.0,
2000-10-12,,,,,0.0,1.0,
2000-10-13,,,,,0.0,1.0,
2000-10-16,,,,,0.0,1.0,
2000-10-17,,,,,0.0,1.0,
2000-10-18,,,,,0.0,1.0,
2000-10-19,,,,,0.0,1.0,
2000-10-20,,,,,0.0,1.0,
2000-10-23,,,,,0.0,1.0,
2000-10-24,,,,,0.0,1.0,
2000-10-25,,,,,0.0,1.0,
2000-10-26,,,,,0.0,1.0,
2000-10-27,,,,,0.0,1.0,
2000-10-30,,,,,0.0,1.0,
2000-10-31,,,,,0.0,1.0,
2000-11-01,,,,,0.0,1.0,
2000-11-02,,,,,0.0,1.0,
2000-11-03,,,,,0.0,1.0,
2000-11-06,,,,,0.0,1.0,
2000-11-07,,,,,0.0,1.0,
2000-11-08,,,,,0.0,1.0,
2000-11-09,,,,,0.0,1.0,
2000-11-10,,,,,0.0,1.0,
2000-11-13,,,,,0.0,1.0,
2000-11-14,,,,,0.0,1.0,
2000-11-15,,,,,0.0,1.0,
2000-11-16,,,,,0.0,1.0,
2000-11-17,,,,,0.0,1.0,
2000-11-20,,,,,0.0,1.0,
2000-11-21,,,,,0.0,1.0,
2000-11-22,,,,,0.0,1.0,
2000-11-23,,,,,0.0,1.0,
2000-11-24,,,,,0.0,1.0,
2000-11-27,,,,,0.0,1.0,
2000-11-28,,,,,0.0,1.0,
2000-11-29,,,,,0.0,1.0,
2000-11-30,,,,,0.0,1.0,
2000-12-01,,,,,0.0,1.0,
2000-12-04,,,,,0.0,1.0,
2000-12-05,,,,,0.0,1.0,
2000-12-06,,,,,0.0,1.0,
2000-12-07,,,,,0.0,1.0,
2000-12-08,,,,,0.0,1.0,
2000-12-11,,,,,0.0,1.0,
2000-12-12,,,,,0.0,1.0,
2000-12-13,,,,,0.0,1.0,
2000-12-14,,,,,0.0,1.0,
2000-12-15,,,,,0.0,1.0,
2000-12-18,,,,,0.0,1.0,
2000-12-19,,,,,0.0,1.0,
2000-12-20,,,,,0.0,1.0,
2000-12-21,,,,,0.0,1.0,
2000-12-22,,,,,0.0,1.0,
2000-12-25,,,,,0.0,1.0,
2000-12-26,,,,,0.0,1.0,
2000-12-27,,,,,0.0,1.0,
2000-12-28,,,,,0.0,1.0,
2000-12-29,,,,,0.0,1.0,
2001-01-01,,,,,0.0,1.0,
2001-01-02,,,,,0.0,1.0,
2001-01-03,,,,,0.0,1.0,
2001-01-04,,,,,0.0,1.0,
2001-01-05,,,,,0.0,1.0,
2001-01-08,,,,,0.0,1.0,
2001-01-09,,,,,0.0,1.0,
2001-01-10,,,,,0.0,1.0,
2001-01-11,,,,,0.0,1.0,
2001-01-12,,,,,0.0,1.0,
2001-01-15,,,,,0.0,1.0,
2001-01-16,,,,,0.0,1.0,
2001-01-17,,,,,0.0,1.0,
2001-01-18,,,,,0.0,1.0,
2001-01-19,,,,,0.0,1.0,
2001-01-22,,,,,0.0,1.0,
2001-01-23,,,,,0.0,1.0,
2001-01-24,,,,,0.0,1.0,
2001-01-25,,,,,0.0,1.0,
2001-01-26,,,,,0.0,1.0,
2001-01-29,,,,,0.0,1.0,
2001-01-30,,,,,0.0,1.0,
2001-01-31,,,,,0.0,1.0,
2001-02-01,,,,,0.0,1.0,
2001-02-02,,,,,0.0,1.0,
2001-02-05,,,,,0.0,1.0,
2001-02-06,,,,,0.0,1.0,
2001-02-07,,,,,0.0,1.0,
2001-02-08,,,,,0.0,1.0,
2001-02-09,,,,,0.0,1.0,
2001-02-12,,,,,0.0,1.0,
2001-02-13,,,,,0.0,1.0,
2001-02-14,,,,,0.0,1.0,
2001-02-15,,,,,0.0,1.0,
2001-02-16,,,,,0.0,1.0,
2001-02-19,,,,,0.0,1.0,
2001-02-20,,,,,0.0,1.0,
2001-02-21,,,,,0.0,1.0,
2001-02-22,,,,,0.0,1.0,
2001-02-23,,,,,0.0,1.0,
2001-02-26,,,,,0.0,1.0,
2001-02-27,,,,,0.0,1.0,
2001-02-28,,,,,0.0,1.0,
2001-03-01,,,,,0.0,1.0,
2001-03-02,,,,,0.0,1.0,
2001-03-05,,,,,0.0,1.0,
2001-03-06,,,,,0.0,1.0,
2001-03-07,,,,,0.0,1.0,
2001-03-08,,,,,0.0,1.0,
2001-03-09,,,,,0.0,1.0,
2001-03-12,,,,,0.0,1.0,
2001-03-13,,,,,0.0,1.0,
2001-03-14,,,,,0.0,1.0,
2001-03-15,,,,,0.0,1.0,
2001-03-16,,,,,0.0,1.0,
2001-03-19,,,,,0.0,1.0,
2001-03-20,,,,,0.0,1.0,
2001-03-21,,,,,0.0,1.0,
2001-03-22,,,,,0.0,1.0,
2001-03-23,,,,,0.0,1.0,
2001-03-26,,,,,0.0,1.0,
2001-03-27,,,,,0.0,1.0,
2001-03-28,,,,,0.0,1.0,
2001-03-29,,,,,0.0,1.0,
2001-03-30,,,,,0.0,1.0,
2001-04-02,,,,,0.0,1.0,
2001-04-03,,,,,0.0,1.0,
2001-04-04,,,,,0.0,1.0,
2001-04-05,,,,,0.0,1.0,
2001-04-06,,,,,0.0,1.0,
2001-04-09,,,,,0.0,1.0,
2001-04-10,,,,,0.0,1.0,
2001-04-11,,,,,0.0,1.0,
2001-04-12,,,,,0.0,1.0,
2001-04-13,,,,,0.0,1.0,
2001-04-16,,,,,0.0,1.0,
2001-04-17,,,,,0.0,1.0,
2001-04-18,,,,,0.0,1.0,
2001-04-19,,,,,0.0,1.0,
2001-04-20,,,,,0.0,1.0,
2001-04-23,,,,,0.0,1.0,
2001-04-24,,,,,0.0,1.0,
2001-04-25,,,,,0.0,1.0,
2001-04-26,,,,,0.0,1.0,
2001-04-27,,,,,0.0,1.0,
2001-04-30,,,,,0.0,1.0,
2001-05-01,,,,,0.0,1.0,
2001-05-02,,,,,0.0,1.0,
2001-05-03,,,,,0.0,1.0,
2001-05-04,,,,,0.0,1.0,
2001-05-07,,,,,0.0,1.0,
2001-05-08,,,,,0.0,1.0,
2001-05-09,,,,,0.0,1.0,
2001-05-10,,,,,0.0,1.0,
2001-05-11,,,,,0.0,1.0,
2001-05-14,,,,,0.0,1.0,
2001-05-15,,,,,0.0,1.0,
2001-05-16,,,,,0.0,1.0,
2001-05-17,,,,,0.0,1.0,
2001-05-18,,,,,0.0,1.0,
2001-05-21,,,,,0.0,1.0,
2001-05-22,,,,,0.0,1.0,
2001-05-23,,,,,0.0,1.0,
2001-05-24,,,,,0.0,1.0,
2001-05-25,,,,,0.0,1.0,
2001-05-28,,,,,0.0,1.0,
2001-05-29,,,,,0.0,1.0,
2001-05-30,,,,,0.0,1.0,
2001-05-31,,,,,0.0,1.0,
2001-06-01,,,,,0.0,1.0,
2001-06-04,,,,,0.0,1.0,
2001-06-05,,,,,0.0,1.0,
2001-06-06,,,,,0.0,1.0,
2001-06-07,,,,,0.0,1.0,
2001-06-08,,,,,0.0,1.0,
2001-06-11,,,,,0.0,1.0,
2001-06-12,,,,,0.0,1.0,
2001-06-13,,,,,0.0,1.0,
2001-06-14,,,,,0.0,1.0,
2001-06-15,,,,,0.0,1.0,
2001-06-18,,,,,0.0,1.0,
2001-06-19,,,,,0.0,1.0,
2001-06-20,,,,,0.0,1.0,
2001-06-21,,,,,0.0,1.0,
2001-06-22,,,,,0.0,1.0,
2001-06-25,,,,,0.0,1.0,
2001-06-26,,,,,0.0,1.0,
2001-06-27,,,,,0.0,1.0,
2001-06-28,,,,,0.0,1.0,
2001-06-29,,,,,0.0,1.0,
2001-07-02,,,,,0.0,1.0,
2001-07-03,,,,,0.0,1.0,
2001-07-04,,,,,0.0,1.0,
2001-07-05,,,,,0.0,1.0,
2001-07-06,,,,,0.0,1.0,
2001-07-09,,,,,0.0,1.0,
2001-07-10,,,,,0.0,1.0,
2001-07-11,,,,,0.0,1.0,
2001-07-12,,,,,0.0,1.0,
2001-07-13,,,,,0.0,1.0,
2001-07-16,,,,,0.0,1.0,
2001-07-17,,,,,0.0,1.0,
2001-07-18,,,,,0.0,1.0,
2001-07-19,,,,,0.0,1.0,
2001-07-20,,,,,0.0,1.0,
2001-07-23,,,,,0.0,1.0,
2001-07-24,,,,,0.0,1.0,
2001-07-25,,,,,0.0,1.0,
2001-07-26,,,,,0.0,1.0,
2001-07-27,,,,,0.0,1.0,
2001-07-30,,,,,0.0,1.0,
2001-07-31,,,,,0.0,1.0,
2001-08-01,,,,,0.0,1.0,
2001-08-02,,,,,0.0,1.0,
2001-08-03,,,,,0.0,1.0,
2001-08-06,,,,,0.0,1.0,
2001-08-07,,,,,0.0,1.0,
2001-08-08,,,,,0.0,1.0,
2001-08-09,,,,,0.0,1.0,
2001-08-10,,,,,0.0,1.0,
2001-08-13,,,,,0.0,1.0,
2001-08-14,,,,,0.0,1.0,
2001-08-15,,,,,0.0,1.0,
2001-08-16,,,,,0.0,1.0,
2001-08-17,,,,,0.0,1.0,
2001-08-20,,,,,0.0,1.0,
2001-08-21,,,,,0.0,1.0,
2001-08-22,,,,,0.0,1.0,
2001-08-23,,,,,0.0,1.0,
2001-08-24,,,,,0.0,1.0,
2001-08-27,,,,,0.0,1.0,
2001-08-28,,,,,0.0,1.0,
2001-08-29,,,,,0.0,1.0,
2001-08-30,,,,,0.0,1.0,
2001-08-31,,,,,0.0,1.0,
2001-09-03,,,,,0.0,1.0,
2001-09-04,,,,,0.0,1.0,
2001-09-05,,,,,0.0,1.0,
2001-09-06,,,,,0.0,1.0,
2001-09-07,,,,,0.0,1.0,
2001-09-10,,,,,0.0,1.0,
2001-09-11,,,,,0.0,1.0,
2001-09-12,,,,,0.0,1.0,
2001-09-13,,,,,0.0,1.0,
2001-09-14,,,,,0.0,1.0,
2001-09-17,,,,,0.0,1.0,
2001-09-18,,,,,0.0,1.0,
2001-09-19,,,,,0.0,1.0,
2001-09-20,,,,,0.0,1.0,
2001-09-21,,,,,0.0,1.0,
2001-09-24,,,,,0.0,1.0,
2001-09-25,,,,,0.0,1.0,
2001-09-26,,,,,0.0,1.0,
2001-09-27,,,,,0.0,1.0,
2001-09-28,,,,,0.0,1.0,
2001-10-01,,,,,0.0,1.0,
2001-10-02,,,,,0.0,1.0,
2001-10-03,,,,,0.0,1.0,
2001-10-04,,,,,0.0,1.0,
2001-10-05,,,,,0.0,1.0,
2001-10-08,,,,,0.0,1.0,
2001-10-09,,,,,0.0,1.0,
2001-10-10,,,,,0.0,1.0,
2001-10-11,,,,,0.0,1.0,
2001-10-12,,,,,0.0,1.0,
2001-10-15,,,,,0.0,1.0,
2001-10-16,,,,,0.0,1.0,
2001-10-17,,,,,0.0,1.0,
2001-10-18,,,,,0.0,1.0,
2001-10-19,,,,,0.0,1.0,
2001-10-22,,,,,0.0,1.0,
2001-10-23,,,,,0.0,1.0,
2001-10-24,,,,,0.0,1.0,
2001-10-25,,,,,0.0,1.0,
2001-10-26,,,,,0.0,1.0,
2001-10-29,,,,,0.0,1.0,
2001-10-30,,,,,0.0,1.0,
2001-10-31,,,,,0.0,1.0,
2001-11-01,,,,,0.0,1.0,
2001-11-02,,,,,0.0,1.0,
2001-11-05,,,,,0.0,1.0,
2001-11-06,,,,,0.0,1.0,
2001-11-07,,,,,0.0,1.0,
2001-11-08,,,,,0.0,1.0,
2001-11-09,,,,,0.0,1.0,
2001-11-12,,,,,0.0,1.0,
2001-11-13,,,,,0.0,1.0,
2001-11-14,,,,,0.0,1.0,
2001-11-15,,,,,0.0,1.0,
2001-11-16,,,,,0.0,1.0,
2001-11-19,,,,,0.0,1.0,
2001-11-20,,,,,0.0,1.0,
2001-11-21,,,,,0.0,1.0,
2001-11-22,,,,,0.0,1.0,
2001-11-23,,,,,0.0,1.0,
2001-11-26,,,,,0.0,1.0,
2001-11-27,,,,,0.0,1.0,
2001-11-28,,,,,0.0,1.0,
2001-11-29,,,,,0.0,1.0,
2001-11-30,,,,,0.0,1.0,
2001-12-01,,,,,0.0,1.0,
2001-12-03,,,,,0.0,1.0,
2001-12-04,,,,,0.0,1.0,
2001-12-05,,,,,0.0,1.0,
2001-12-06,,,,,0.0,1.0,
2001-12-07,,,,,0.0,1.0,
2001-12-10,,,,,0.0,1.0,
2001-12-11,,,,,0.0,1.0,
2001-12-12,,,,,0.0,1.0,
2001-12-13,,,,,0.0,1.0,
2001-12-14,,,,,0.0,1.0,
2001-12-17,,,,,0.0,1.0,
2001-12-18,,,,,0.0,1.0,
2001-12-19,,,,,0.0,1.0,
2001-12-20,,,,,0.0,1.0,
2001-12-21,,,,,0.0,1.0,
2001-12-24,,,,,0.0,1.0,
2001-12-25,,,,,0.0,1.0,
2001-12-26,,,,,0.0,1.0,
2001-12-27,,,,,0.0,1.0,
2001-12-28,,,,,0.0,1.0,
2001-12-31,,,,,0.0,1.0,
2002-01-01,,,,,0.0,1.0,
2002-01-02,,,,,0.0,1.0,
2002-01-03,,,,,0.0,1.0,
2002-01-04,,,,,0.0,1.0,
2002-01-07,,,,,0.0,1.0,
2002-01-08,,,,,0.0,1.0,
2002-01-09,,,,,0.0,1.0,
2002-01-10,,,,,0.0,1.0,
2002-01-11,,,,,0.0,1.0,
2002-01-14,,,,,0.0,1.0,
2002-01-15,1960.0,1955.0,1965.0,1960.0,0.0,1.0,
2002-01-16,2040.0,2020.0,2020.0,2040.0,0.0,1.0,
2002-01-17,2100.0,2100.0,2100.0,2100.0,0.0,1.0,
2002-01-18,2200.0,2169.0,2170.0,2200.0,0.0,1.0,
2002-01-21,2215.0,2215.0,2215.0,12245.0,0.0,1.0,
2002-01-22,2150.0,2130.0,2140.0,2130.0,0.0,1.0,
2002-01-23,2090.0,2085.0,2085.0,2090.0,0.0,1.0,
2002-01-24,2082.5,2057.5,2067.5,2060.0,0.0,1.0,
2002-01-25,2110.0,2080.0,2087.5,2110.0,0.0,1.0,
2002-01-28,2080.0,2065.0,2077.5,2065.0,0.0,1.0,
2002-01-29,1995.0,1990.0,1995.0,1995.0,0.0,1.0,
2002-01-30,1950.0,1927.5,1927.5,1950.0,0.0,1.0,
2002-01-31,1954.0,1925.0,1944.5,1925.0,0.0,1.0,
2002-02-01,1857.5,1850.0,1857.5,1850.0,0.0,1.0,
2002-02-04,1820.0,1820.0,1820.0,1820.0,0.0,1.0,
2002-02-05,1890.0,1888.5,1888.5,1890.0,0.0,1.0,
2002-02-06,1910.0,1905.0,1910.0,1905.0,0.0,1.0,
2002-02-07,1952.5,1935.0,1942.5,1945.0,0.0,1.0,
2002-02-08,1942.5,1937.5,1937.5,1942.5,0.0,1.0,
2002-02-11,1940.0,1935.0,1940.0,1935.0,0.0,1.0,
2002-02-12,2020.0,2000.0,2015.0,2000.0,0.0,1.0,
2002-02-13,1982.5,1982.5,1982.5,1982.5,0.0,1.0,
2002-02-14,1975.0,1955.0,1955.0,1975.0,0.0,1.0,
2002-02-15,1990.0,1952.5,1952.5,1990.0,0.0,1.0,
2002-02-18,1947.5,1940.0,1947.5,1940.0,0.0,1.0,
2002-02-19,1932.5,1920.0,1920.0,1932.5,0.0,1.0,
2002-02-20,1882.5,1875.0,1880.0,1875.0,0.0,1.0,
2002-02-21,1855.0,1852.5,1855.0,1852.5,0.0,1.0,
2002-02-22,1902.5,1895.0,1897.5,1900.0,0.0,1.0,
2002-02-25,1842.5,1835.0,1835.0,1840.0,0.0,1.0,
2002-02-26,1880.0,1865.0,1880.0,1865.0,0.0,1.0,
2002-02-27,1945.0,1905.0,1920.0,1905.0,0.0,1.0,
2002-02-28,1980.0,1967.5,1967.5,1980.0,0.0,1.0,
2002-03-01,1997.5,1995.0,1997.5,1995.0,0.0,1.0,
2002-03-04,20845.0,11355.0,20805.0,20845.0,0.0,1.0,
2002-03-05,21000.0,20900.0,20925.0,20925.0,0.0,1.0,
2002-03-06,20285.0,20100.0,20285.0,20100.0,0.0,1.0,
2002-03-07,20100.0,19975.0,20075.0,20080.0,0.0,1.0,
2002-03-08,19990.0,19650.0,19820.0,19990.0,0.0,1.0,
2002-03-11,20550.0,20500.0,20550.0,20500.0,0.0,1.0,
2002-03-12,20450.0,20300.0,20300.0,20400.0,0.0,1.0,
2002-03-13,20785.0,20520.0,20660.0,20700.0,0.0,1.0,
2002-03-14,21050.0,20600.0,20900.0,21050.0,0.0,1.0,
2002-03-15,21100.0,21050.0,21050.0,21100.0,0.0,1.0,
2002-03-18,20750.0,20670.0,20750.0,20700.0,0.0,1.0,
2002-03-19,20975.0,20975.0,20975.0,20975.0,0.0,1.0,
2002-03-20,21100.0,20925.0,20925.0,21100.0,0.0,1.0,
2002-03-21,21020.0,20835.0,20835.0,21020.0,0.0,1.0,
2002-03-22,20615.0,20600.0,20600.0,20600.0,0.0,1.0,
2002-03-25,20350.0,20075.0,20075.0,20350.0,0.0,1.0,
2002-03-26,19625.0,19425.0,19625.0,19500.0,0.0,1.0,
2002-03-27,19545.0,19500.0,19500.0,19545.0,0.0,1.0,
2002-03-28,19545.0,19400.0,19400.0,19545.0,0.0,1.0,
2002-03-29,19400.0,19400.0,19400.0,19400.0,0.0,0.0,
2002-04-01,19400.0,19400.0,19400.0,19400.0,0.0,0.0,
2002-04-02,20325.0,20250.0,20325.0,20250.0,0.0,1.0,
2002-04-03,20500.0,20490.0,20490.0,20500.0,0.0,1.0,
2002-04-04,20550.0,2036.0,20525.0,2036.0,0.0,1.0,
2002-04-05,20300.0,20200.0,20225.0,20200.0,0.0,1.0,
2002-04-08,20010.0,19850.0,19925.0,19850.0,0.0,1.0,
2002-04-09,19630.0,19550.0,19620.0,19550.0,0.0,1.0,
2002-04-10,19650.0,19595.0,19650.0,19595.0,0.0,1.0,
2002-04-11,19175.0,18850.0,18880.0,19055.0,0.0,1.0,
2002-04-12,18065.0,18000.0,18065.0,18000.0,0.0,1.0,
2002-04-15,18090.0,18010.0,18090.0,18010.0,0.0,1.0,
2002-04-16,18400.0,18205.0,18305.0,18400.0,0.0,1.0,
2002-04-17,18575.0,18350.0,18575.0,18350.0,0.0,1.0,
2002-04-18,18435.0,18400.0,18400.0,18400.0,0.0,1.0,
2002-04-19,18030.0,17700.0,17790.0,17800.0,0.0,1.0,
2002-04-22,18045.0,17900.0,18010.0,17900.0,0.0,1.0,
2002-04-23,18075.0,17975.0,17975.0,18075.0,0.0,1.0,
2002-04-24,18000.0,17965.0,17965.0,18000.0,0.0,1.0,
2002-04-25,17800.0,17700.0,17705.0,17700.0,0.0,1.0,
2002-04-26,17555.0,17475.0,17550.0,17475.0,0.0,1.0,
2002-04-29,17555.0,17475.0,17505.0,17475.0,0.0,1.0,
2002-04-30,18025.0,17975.0,17975.0,18025.0,0.0,1.0,
2002-05-01,18050.0,18000.0,18000.0,18010.0,0.0,1.0,
2002-05-02,18075.0,18000.0,18000.0,18075.0,0.0,1.0,
2002-05-03,18000.0,18000.0,18000.0,18000.0,0.0,0.0,
2002-05-06,18000.0,18000.0,18000.0,18000.0,0.0,0.0,
2002-05-07,18525.0,18390.0,18465.0,18475.0,0.0,1.0,
2002-05-08,18530.0,18450.0,18530.0,18450.0,0.0,1.0,
2002-05-09,18550.0,18460.0,18460.0,18550.0,0.0,1.0,
2002-05-10,18650.0,18550.0,18650.0,18550.0,0.0,1.0,
2002-05-13,18260.0,18200.0,18240.0,18260.0,0.0,1.0,
2002-05-14,18150.0,18100.0,18150.0,18100.0,0.0,1.0,
2002-05-15,19020.0,18980.0,18980.0,19020.0,0.0,1.0,
2002-05-16,19000.0,18960.0,19000.0,18960.0,0.0,1.0,
2002-05-17,18590.0,18510.0,18590.0,18510.0,0.0,1.0,
2002-05-20,18500.0,18350.0,18500.0,18350.0,0.0,1.0,
2002-05-21,18425.0,18315.0,18335.0,18425.0,0.0,1.0,
2002-05-22,18000.0,17900.0,17960.0,18000.0,0.0,1.0,
2002-05-23,17700.0,17550.0,17700.0,17550.0,0.0,1.0,
2002-05-24,17650.0,17570.0,17570.0,17650.0,0.0,1.0,
2002-05-27,17700.0,17600.0,17700.0,17600.0,0.0,1.0,
2002-05-28,17830.0,17775.0,17830.0,17775.0,0.0,1.0,
2002-05-29,17650.0,17600.0,17650.0,17650.0,0.0,1.0,
2002-05-30,18150.0,17500.0,17500.0,18150.0,0.0,1.0,
2002-05-31,17477.0,17300.0,17375.0,17370.0,0.0,1.0,
2002-06-03,17375.0,17375.0,17375.0,17375.0,0.0,0.0,
2002-06-04,17375.0,17375.0,17375.0,17375.0,0.0,0.0,
2002-06-05,17425.0,17400.0,17425.0,17425.0,0.0,1.0,
2002-06-06,17100.0,16800.0,17000.0,17100.0,0.0,1.0,
2002-06-07,16950.0,16800.0,16800.0,16950.0,0.0,1.0,
2002-06-10,16975.0,16800.0,16850.0,16975.0,0.0,1.0,
2002-06-11,17000.0,16875.0,16975.0,16875.0,0.0,1.0,
2002-06-12,16375.0,16230.0,16245.0,16375.0,0.0,1.0,
2002-06-13,16600.0,16530.0,16550.0,16600.0,0.0,1.0,
2002-06-14,16750.0,16650.0,16685.0,16650.0,0.0,1.0,
2002-06-17,16400.0,16375.0,16375.0,16400.0,0.0,1.0,
2002-06-18,16425.0,16385.0,16385.0,16400.0,0.0,1.0,
2002-06-19,16025.0,15835.0,15955.0,16000.0,0.0,1.0,
2002-06-20,16450.0,16350.0,16350.0,16450.0,0.0,1.0,
2002-06-21,16525.0,16470.0,16475.0,16470.0,0.0,1.0,
2002-06-24,17100.0,16805.0,16915.0,17100.0,0.0,1.0,
2002-06-25,17240.0,17065.0,17240.0,17065.0,0.0,1.0,
2002-06-26,16755.0,16675.0,16690.0,16755.0,0.0,1.0,
2002-06-27,17200.0,17150.0,17200.0,17175.0,0.0,1.0,
2002-06-28,17650.0,17570.0,17635.0,17570.0,0.0,1.0,
2002-07-01,17560.0,17395.0,17560.0,17395.0,0.0,1.0,
2002-07-02,17375.0,17165.0,17245.0,17375.0,0.0,1.0,
2002-07-03,17330.0,17150.0,17150.0,17165.0,0.0,1.0,
2002-07-04,16805.0,16560.0,16762.0,16805.0,0.0,1.0,
2002-07-05,16805.0,16675.0,16740.0,16705.0,0.0,1.0,
2002-07-08,16500.0,16305.0,16415.0,16305.0,0.0,1.0,
2002-07-09,16400.0,16315.0,16320.0,16385.0,0.0,1.0,
2002-07-10,16250.5,16150.0,16175.0,16250.5,0.0,1.0,
2002-07-11,16080.0,16025.0,16025.0,16050.5,0.0,1.0,
2002-07-12,16250.0,16180.5,16245.0,16180.5,0.0,1.0,
2002-07-15,15575.0,15465.0,15500.0,15575.0,0.0,1.0,
2002-07-16,15200.0,14865.0,14975.0,15165.0,0.0,1.0,
2002-07-17,15338.5,14975.0,15233.5,15000.0,0.0,1.0,
2002-07-18,15505.0,15435.0,15435.0,15505.0,0.0,1.0,
2002-07-19,15465.0,15355.0,15355.0,15360.0,0.0,1.0,
2002-07-22,15285.0,15225.0,15225.0,15285.0,0.0,1.0,
2002-07-23,15285.0,15161.5,15175.0,15285.0,0.0,1.0,
2002-07-24,15025.0,14755.0,14755.0,14895.0,0.0,1.0,
2002-07-25,14900.0,14875.5,14895.0,14885.0,0.0,1.0,
2002-07-26,14285.0,14170.5,14275.0,14285.0,0.0,1.0,
2002-07-29,14370.0,14152.5,14350.0,14285.0,0.0,1.0,
2002-07-30,15185.0,15100.0,15100.0,15180.0,0.0,1.0,
2002-07-31,15000.0,14835.0,14875.0,14900.0,0.0,1.0,
2002-08-01,15000.5,14735.0,14825.0,15000.5,0.0,1.0,
2002-08-02,14450.0,14360.0,14360.0,14370.0,0.0,1.0,
2002-08-05,14620.0,14185.0,14420.0,14620.0,0.0,1.0,
2002-08-06,14285.0,14185.0,14285.0,14280.0,0.0,1.0,
2002-08-07,14835.0,14675.0,14725.0,14835.0,0.0,1.0,
2002-08-08,14735.0,14725.0,14725.0,14735.0,0.0,1.0,
2002-08-09,14820.0,14785.0,14820.0,14800.5,0.0,1.0,
2002-08-12,14600.0,14435.0,14600.0,14450.5,0.0,1.0,
2002-08-13,14535.0,14450.0,14450.0,14535.0,0.0,1.0,
2002-08-14,14392.5,14050.0,14227.5,14330.0,0.0,1.0,
2002-08-15,14085.0,14000.0,14000.0,14085.0,0.0,1.0,
2002-08-16,14515.0,14370.0,14515.0,14430.0,0.0,1.0,
2002-08-19,14050.0,13925.5,14039.5,13980.0,0.0,1.0,
2002-08-20,14089.5,13980.0,14089.5,13980.0,0.0,1.0,
2002-08-21,14135.0,14030.5,14100.0,14030.5,0.0,1.0,
2002-08-22,14535.0,14435.0,14535.0,14470.0,0.0,1.0,
2002-08-23,15135.0,15100.0,15100.0,15135.0,0.0,1.0,
2002-08-26,15100.0,15100.0,15100.0,15100.0,0.0,0.0,
2002-08-27,15025.0,14925.0,14925.0,14925.0,0.0,1.0,
2002-08-28,15000.0,14975.0,14975.0,15000.0,0.0,1.0,
2002-08-29,14700.0,14550.0,14550.0,14700.0,0.0,1.0,
2002-08-30,14350.0,14300.0,14350.0,14300.0,0.0,1.0,
2002-09-02,14300.0,14300.0,14300.0,14300.0,0.0,1.0,
2002-09-03,14000.0,13700.0,13700.0,14000.0,0.0,1.0,
2002-09-04,13600.0,13550.0,13575.0,13600.0,0.0,1.0,
2002-09-05,14175.0,13950.0,14050.0,14175.0,0.0,1.0,
2002-09-06,14350.0,13975.0,14275.0,14150.0,0.0,1.0,
2002-09-09,14400.0,14325.0,14325.0,14400.0,0.0,1.0,
2002-09-10,13950.0,13950.0,13950.0,13950.0,0.0,1.0,
2002-09-11,14100.0,14000.0,14100.0,14025.0,0.0,1.0,
2002-09-12,14500.0,14450.0,14450.0,14500.0,0.0,1.0,
2002-09-13,14300.0,14225.0,14225.0,14225.0,0.0,1.0,
2002-09-16,14325.0,14300.0,14225.0,14300.0,0.0,1.0,
2002-09-17,14875.0,14800.0,14875.0,14850.0,0.0,1.0,
2002-09-18,15275.0,14950.0,15275.0,14950.0,0.0,1.0,
2002-09-19,15000.0,14830.0,14830.0,15000.0,0.0,1.0,
2002-09-20,14525.0,14450.0,14525.0,14450.0,0.0,1.0,
2002-09-23,14575.0,14450.0,14525.0,14575.0,0.0,1.0,
2002-09-24,14250.0,14190.0,14190.0,14250.0,0.0,1.0,
2002-09-25,14150.0,14060.0,14075.0,14150.0,0.0,1.0,
2002-09-26,14600.0,14450.0,14600.0,14550.0,0.0,1.0,
2002-09-27,14200.0,14100.0,14100.0,14100.0,0.0,1.0,
2002-09-30,14100.0,13750.0,13750.0,14100.0,0.0,1.0,
2002-10-01,13775.0,13100.0,13325.0,13725.0,0.0,1.0,
2002-10-02,12925.0,12800.0,12875.0,12925.0,0.0,1.0,
2002-10-03,11625.0,11625.0,11625.0,11625.0,0.0,1.0,
2002-10-04,12050.0,11875.0,11925.0,12050.0,0.0,1.0,
2002-10-07,11890.0,11800.0,11890.0,11800.0,0.0,1.0,
2002-10-08,12000.0,12000.0,12000.0,12000.0,0.0,1.0,
2002-10-09,11600.0,11500.0,11600.0,11600.0,0.0,1.0,
2002-10-10,11100.0,11095.0,11095.0,11095.0,0.0,1.0,
2002-10-11,11005.0,10850.0,10965.0,11005.0,0.0,1.0,
2002-10-14,11150.0,11005.0,11040.0,11150.0,0.0,1.0,
2002-10-15,11900.0,11765.0,11900.0,11765.0,0.0,1.0,
2002-10-16,12050.0,12050.0,12050.0,12050.0,0.0,1.0,
2002-10-17,12300.0,12100.0,12200.0,12100.0,0.0,1.0,
2002-10-18,12350.0,12325.0,12325.0,12350.0,0.0,1.0,
2002-10-21,11600.0,11350.0,11550.0,11350.0,0.0,1.0,
2002-10-22,10900.0,10850.0,10875.0,10850.0,0.0,1.0,
2002-10-23,10750.0,10750.0,10750.0,10750.0,0.0,1.0,
2002-10-24,11100.0,11100.0,11100.0,11100.0,0.0,1.0,
2002-10-25,11400.0,11275.0,11275.0,11400.0,0.0,1.0,
2002-10-28,11450.0,11350.0,11450.0,11350.0,0.0,1.0,
2002-10-29,11150.0,11000.0,11075.0,11150.0,0.0,1.0,
2002-10-30,11750.0,11500.0,11500.0,11750.0,0.0,1.0,
2002-10-31,11850.0,11800.0,11800.0,11800.0,0.0,1.0,
2002-11-01,12225.0,12100.0,12200.0,12100.0,0.0,1.0,
2002-11-04,12270.0,12250.0,12270.0,12250.0,0.0,1.0,
2002-11-05,12650.0,12600.0,12600.0,12650.0,0.0,1.0,
2002-11-06,12675.0,12600.0,12675.0,12600.0,0.0,1.0,
2002-11-07,12450.0,12200.0,12200.0,12450.0,0.0,1.0,
2002-11-08,11350.0,11275.0,11275.0,11300.0,0.0,1.0,
2002-11-11,10600.0,10575.0,10600.0,10600.0,0.0,1.0,
2002-11-12,10800.0,10750.0,10775.0,10750.0,0.0,1.0,
2002-11-13,10900.0,10650.0,10750.0,10900.0,0.0,1.0,
2002-11-14,10650.0,10605.0,10615.0,10650.0,0.0,1.0,
2002-11-15,11460.0,11400.0,11435.0,11460.0,0.0,1.0,
2002-11-18,11500.0,11265.0,11300.0,11265.0,0.0,1.0,
2002-11-19,11650.0,11500.0,11550.0,11650.0,0.0,1.0,
2002-11-20,12175.0,12000.0,12125.0,12175.0,0.0,1.0,
2002-11-21,11700.0,11600.0,11700.0,11700.0,0.0,1.0,
2002-11-22,12300.0,12250.0,12300.0,12250.0,0.0,1.0,
2002-11-25,13000.0,12950.0,12950.0,13000.0,0.0,1.0,
2002-11-26,12700.0,12650.0,12700.0,12650.0,0.0,1.0,
2002-11-27,13000.0,12815.0,12975.0,12950.0,0.0,1.0,
2002-11-28,13075.0,12900.0,13075.0,12900.0,0.0,1.0,
2002-11-29,12975.0,12975.0,12975.0,12975.0,0.0,1.0,
2002-12-02,13550.0,13175.0,13500.0,13200.0,0.0,1.0,
2002-12-03,13650.0,13500.0,13525.0,13650.0,0.0,1.0,
2002-12-04,13350.0,13200.0,13200.0,13350.0,0.0,1.0,
2002-12-05,12925.0,12800.0,12925.0,12800.0,0.0,1.0,
2002-12-06,12810.0,12645.0,12645.0,12750.0,0.0,1.0,
2002-12-09,12725.0,12675.0,12725.0,12675.0,0.0,1.0,
2002-12-10,12400.0,12375.0,12375.0,12400.0,0.0,1.0,
2002-12-11,12075.0,12000.0,12075.0,12000.0,0.0,1.0,
2002-12-12,11950.0,11925.0,11925.0,11950.0,0.0,1.0,
2002-12-13,11800.0,11675.0,11675.0,11800.0,0.0,1.0,
2002-12-16,11010.0,10960.0,11010.0,11000.0,0.0,1.0,
2002-12-17,11015.0,11000.0,11015.0,11000.0,0.0,1.0,
2002-12-18,11000.0,10950.0,11000.0,10950.0,0.0,1.0,
2002-12-19,11200.0,11140.0,11190.0,11200.0,0.0,1.0,
2002-12-20,11000.0,10850.0,11000.0,10850.0,0.0,1.0,
2002-12-23,10950.0,10850.0,11000.0,10850.0,0.0,1.0,
2002-12-24,11775.0,11775.0,11775.0,11775.0,0.0,1.0,
2002-12-25,11775.0,11775.0,11775.0,11775.0,0.0,0.0,
2002-12-26,11775.0,11775.0,11775.0,11775.0,0.0,0.0,
2002-12-27,11600.0,11450.0,11575.0,11450.0,0.0,1.0,
2002-12-30,11550.0,11550.0,11575.0,11550.0,0.0,1.0,
2002-12-31,11575.0,11575.0,11575.0,11575.0,0.0,0.0,
2003-01-01,11575.0,11575.0,11575.0,11575.0,0.0,0.0,
2003-01-02,11575.0,11575.0,11575.0,11575.0,0.0,0.0,
2003-01-03,11575.0,11575.0,11575.0,11575.0,0.0,0.0,
2003-01-06,11550.0,11550.0,11575.0,11550.0,0.0,1.0,
2003-01-07,11500.0,11450.0,11465.0,11500.0,0.0,1.0,
2003-01-08,10900.0,10750.0,10850.0,10750.0,0.0,1.0,
2003-01-09,10590.0,10380.0,10590.0,10550.0,0.0,1.0,
2003-01-10,10825.0,10750.0,10775.0,10800.0,0.0,1.0,
2003-01-13,10850.0,10840.0,10775.0,10850.0,0.0,1.0,
2003-01-14,10775.0,10650.0,10775.0,10750.0,0.0,1.0,
2003-01-15,10765.0,10700.0,10765.0,10700.0,0.0,1.0,
2003-01-16,10745.0,10725.0,10725.0,10745.0,0.0,1.0,
2003-01-17,10590.0,10475.0,10550.0,10500.0,0.0,1.0,
2003-01-20,10500.0,10375.0,10410.0,10500.0,0.0,1.0,
2003-01-21,10770.0,10700.0,10770.0,10745.0,0.0,1.0,
2003-01-22,10450.0,10325.0,10325.0,10390.0,0.0,1.0,
2003-01-23,10825.0,10700.0,10800.0,10700.0,0.0,1.0,
2003-01-24,10700.0,10550.0,10700.0,10550.0,0.0,1.0,
2003-01-27,10475.0,10450.0,10450.0,10450.0,0.0,1.0,
2003-01-28,10300.0,10200.0,10210.0,10300.0,0.0,1.0,
2003-01-29,10150.0,10050.0,10100.0,10050.0,0.0,1.0,
2003-01-30,9600.0,9500.0,9570.0,9600.0,0.0,1.0,
2003-01-31,9550.0,9400.0,9450.0,9550.0,0.0,1.0,
2003-02-03,9900.0,9800.0,9825.0,9900.0,0.0,1.0,
2003-02-04,9875.0,9700.0,9875.0,9700.0,0.0,1.0,
2003-02-05,9825.0,9800.0,9820.0,9825.0,0.0,1.0,
2003-02-06,9950.0,9925.0,9925.0,9950.0,0.0,1.0,
2003-02-07,9980.0,9850.0,9980.0,9850.0,0.0,1.0,
2003-02-10,9975.0,9950.0,9975.0,9950.0,0.0,1.0,
2003-02-11,9975.0,9975.0,9975.0,9975.0,0.0,0.0,
2003-02-12,10015.0,10000.0,10015.0,10000.0,0.0,1.0,
2003-02-13,10050.0,10045.0,10050.0,10045.0,0.0,1.0,
2003-02-14,10000.0,9900.0,10000.0,10000.0,0.0,1.0,
2003-02-17,10000.0,9900.0,9900.0,10000.0,0.0,1.0,
2003-02-18,10000.0,9930.0,9930.0,10000.0,0.0,1.0,
2003-02-19,10000.0,9940.0,9950.0,10000.0,0.0,1.0,
2003-02-20,9900.0,9825.0,9825.0,9900.0,0.0,1.0,
2003-02-21,9850.0,9810.0,9820.0,9850.0,0.0,1.0,
2003-02-24,9850.0,9710.0,9725.0,9850.0,0.0,1.0,
2003-02-25,9350.0,9275.0,9275.0,9350.0,0.0,1.0,
2003-02-26,9450.0,9345.0,9345.0,9450.0,0.0,1.0,
2003-02-27,9160.0,9045.0,9160.0,9150.0,0.0,1.0,
2003-02-28,9365.0,9300.0,9365.0,9300.0,0.0,1.0,
2003-03-03,9500.0,9405.0,9405.0,9500.0,0.0,1.0,
2003-03-04,9500.0,9425.0,9425.0,9500.0,0.0,1.0,
2003-03-05,9150.0,9050.0,9150.0,9050.0,0.0,1.0,
2003-03-06,8790.0,8630.0,8790.0,8700.0,0.0,1.0,
2003-03-07,9025.0,8850.0,8850.0,9025.0,0.0,1.0,
2003-03-10,9060.0,9030.0,9030.0,9050.0,0.0,1.0,
2003-03-11,8675.0,8500.0,8675.0,8500.0,0.0,1.0,
2003-03-12,8860.0,8845.0,8860.0,8845.0,0.0,1.0,
2003-03-13,9150.0,9085.0,9150.0,9100.0,0.0,1.0,
2003-03-14,9350.0,9325.0,9350.0,9325.0,0.0,1.0,
2003-03-17,9550.0,9475.0,9500.0,9475.0,0.0,1.0,
2003-03-18,9660.0,9625.0,9650.0,9650.0,0.0,1.0,
2003-03-19,9670.0,9610.0,9625.0,9650.0,0.0,1.0,
2003-03-20,9775.0,9700.0,9775.0,9750.0,0.0,1.0,
2003-03-21,9775.0,9775.0,9775.0,9775.0,0.0,0.0,
2003-03-24,10100.0,9975.0,9975.0,10100.0,0.0,1.0,
2003-03-25,9750.0,9675.0,9700.0,9725.0,0.0,1.0,
2003-03-26,9900.0,9880.0,9880.0,9900.0,0.0,1.0,
2003-03-27,9850.0,9820.0,9820.0,9850.0,0.0,1.0,
2003-03-28,9800.0,9750.0,9800.0,9750.0,0.0,1.0,
2003-03-31,9625.0,9600.0,9625.0,9600.0,0.0,1.0,
2003-04-01,9450.0,9350.0,9350.0,9450.0,0.0,1.0,
2003-04-02,9305.0,9175.0,9305.0,9250.0,0.0,1.0,
2003-04-03,9560.0,9525.0,9535.0,9550.0,0.0,1.0,
2003-04-04,9700.0,9600.0,9665.0,9700.0,0.0,1.0,
2003-04-07,9750.0,9575.0,9600.0,9750.0,0.0,1.0,
2003-04-08,9450.0,9450.0,9450.0,9450.0,0.0,1.0,
2003-04-09,9610.0,9575.0,9610.0,9575.0,0.0,1.0,
2003-04-10,9400.0,9350.0,9400.0,9400.0,0.0,1.0,
2003-04-11,8905.0,8750.0,8860.0,8905.0,0.0,1.0,
2003-04-14,9300.0,9250.0,9300.0,9250.0,0.0,1.0,
2003-04-15,9575.0,9550.0,9575.0,9550.0,0.0,1.0,
2003-04-16,9550.0,9475.0,9500.0,9500.0,0.0,1.0,
2003-04-17,9600.0,9550.0,9550.0,9575.0,0.0,1.0,
2003-04-18,9550.0,9550.0,9550.0,9550.0,0.0,0.0,
2003-04-21,9550.0,9550.0,9550.0,9550.0,0.0,0.0,
2003-04-22,9400.0,9350.0,9350.0,9400.0,0.0,1.0,
2003-04-23,9100.0,9020.0,9095.0,9100.0,0.0,1.0,
2003-04-24,9000.0,8800.0,8850.0,9000.0,0.0,1.0,
2003-04-25,8705.0,8650.0,8675.0,8650.0,0.0,1.0,
2003-04-28,8500.0,8500.0,8500.0,8500.0,0.0,1.0,
2003-04-29,8500.0,8500.0,8500.0,8500.0,0.0,0.0,
2003-04-30,9350.0,9250.0,9350.0,9332.5,0.0,1.0,
2003-05-01,9000.0,8970.0,8970.0,8970.0,0.0,1.0,
2003-05-02,9000.0,8975.0,8975.0,8975.0,0.0,1.0,
2003-05-05,8975.0,8975.0,8975.0,8975.0,0.0,0.0,
2003-05-06,9525.0,9400.0,9475.0,9400.0,0.0,1.0,
2003-05-07,9400.0,9395.0,9395.0,9400.0,0.0,1.0,
2003-05-08,9450.0,9410.0,9410.0,9450.0,0.0,1.0,
2003-05-09,9500.0,9480.0,9485.0,9500.0,0.0,1.0,
2003-05-12,9650.0,9635.0,9635.0,9635.0,0.0,1.0,
2003-05-13,9665.0,9650.0,9650.0,9650.0,0.0,1.0,
2003-05-14,8955.0,8700.0,8955.0,8700.0,0.0,1.0,
2003-05-15,8450.0,8340.0,8415.0,8450.0,0.0,1.0,
2003-05-16,8450.0,8350.0,8350.0,8450.0,0.0,1.0,
2003-05-19,8125.0,8095.0,8125.0,8100.0,0.0,1.0,
2003-05-20,8350.0,8310.0,8310.0,8350.0,0.0,1.0,
2003-05-21,8350.0,8210.0,8210.0,8350.0,0.0,1.0,
2003-05-22,8525.0,8425.0,8435.0,8500.0,0.0,1.0,
2003-05-23,8300.0,8200.0,8200.0,8250.0,0.0,1.0,
2003-05-26,8200.0,8200.0,8200.0,8200.0,0.0,0.0,
2003-05-27,8450.0,8390.0,8390.0,8450.0,0.0,1.0,
2003-05-28,8550.0,8450.0,8550.0,8450.0,0.0,1.0,
2003-05-29,8800.0,8680.0,8680.0,8800.0,0.0,1.0,
2003-05-30,8950.0,8870.0,8950.0,8870.0,0.0,1.0,
2003-06-02,8650.0,7615.0,8605.0,8650.0,0.0,1.0,
2003-06-03,8550.0,8530.0,8530.0,8550.0,0.0,1.0,
2003-06-04,8615.0,8550.0,8615.0,8550.0,0.0,1.0,
2003-06-05,8800.0,8775.0,8775.0,8800.0,0.0,1.0,
2003-06-06,9000.0,8910.0,8985.0,9000.0,0.0,1.0,
2003-06-09,9050.0,8945.0,8945.0,9050.0,0.0,1.0,
2003-06-10,8800.0,8720.0,8720.0,8800.0,0.0,1.0,
2003-06-11,8900.0,8900.0,8900.0,8900.0,0.0,1.0,
2003-06-12,9025.0,9000.0,9025.0,9000.0,0.0,1.0,
2003-06-13,9255.0,9190.0,9195.0,9190.0,0.0,1.0,
2003-06-16,8970.0,8950.0,8950.0,8970.0,0.0,1.0,
2003-06-17,8910.0,8850.0,8910.0,8850.0,0.0,1.0,
2003-06-18,8755.0,8690.0,8755.0,8690.0,0.0,1.0,
2003-06-19,8740.0,8660.0,8725.0,8660.0,0.0,1.0,
2003-06-20,8490.0,8490.0,8490.0,8490.0,0.0,1.0,
2003-06-23,8525.0,8490.0,8525.0,8490.0,0.0,1.0,
2003-06-24,8380.0,8220.0,8230.0,8380.0,0.0,1.0,
2003-06-25,8440.0,8380.0,8440.0,8380.0,0.0,1.0,
2003-06-26,8380.0,8375.0,8375.0,8380.0,0.0,1.0,
2003-06-27,8425.0,8360.0,8425.0,8380.0,0.0,1.0,
2003-06-30,8650.0,8635.0,8635.0,8650.0,0.0,1.0,
2003-07-01,8690.0,8610.0,8690.0,8610.0,0.0,1.0,
2003-07-02,9525.0,9520.0,9525.0,9520.0,0.0,1.0,
2003-07-03,10125.0,10050.0,10050.0,10050.0,0.0,1.0,
2003-07-04,10000.0,9890.0,9915.0,10000.0,0.0,1.0,
2003-07-07,10095.0,10000.0,10095.0,10000.0,0.0,1.0,
2003-07-08,10250.0,10150.0,10225.0,10150.0,0.0,1.0,
2003-07-09,10350.0,10150.0,10275.0,10150.0,0.0,1.0,
2003-07-10,10030.0,9990.0,9990.0,10030.0,0.0,1.0,
2003-07-11,9750.0,9665.0,9665.0,9750.0,0.0,1.0,
2003-07-14,9580.0,9470.0,9490.0,9580.0,0.0,1.0,
2003-07-15,9335.0,9250.0,9335.0,9250.0,0.0,1.0,
2003-07-16,9485.0,9410.0,9485.0,9410.0,0.0,1.0,
2003-07-17,9400.0,9270.0,9270.0,9400.0,0.0,1.0,
2003-07-18,9400.0,9270.0,9305.0,9400.0,0.0,1.0,
2003-07-21,9305.0,9305.0,9305.0,9305.0,0.0,0.0,
2003-07-22,9520.0,9520.0,9520.0,9520.0,0.0,1.0,
2003-07-23,10075.0,10075.0,10075.0,10075.0,0.0,1.0,
2003-07-24,9900.0,9825.0,9900.0,9850.0,0.0,1.0,
2003-07-25,10045.0,10045.0,10045.0,10045.0,0.0,1.0,
2003-07-28,10215.0,10215.0,10215.0,10215.0,0.0,1.0,
2003-07-29,9940.0,9920.0,9920.0,9940.0,0.0,1.0,
2003-07-30,9795.0,9795.0,9795.0,9795.0,0.0,1.0,
2003-07-31,9730.0,9675.0,9730.0,9675.0,0.0,1.0,
2003-08-01,9605.0,9580.0,9580.0,9605.0,0.0,1.0,
2003-08-04,9780.0,9780.0,9780.0,9780.0,0.0,1.0,
2003-08-05,10065.0,10065.0,10065.0,10065.0,0.0,1.0,
2003-08-06,9665.0,9665.0,9665.0,9665.0,0.0,1.0,
2003-08-07,9685.0,9685.0,9685.0,9685.0,0.0,1.0,
2003-08-08,9570.0,9570.0,9570.0,9570.0,0.0,1.0,
2003-08-11,9480.0,9480.0,9480.0,9480.0,0.0,1.0,
2003-08-12,9525.0,9525.0,9525.0,9525.0,0.0,1.0,
2003-08-13,9740.0,9740.0,9740.0,9740.0,0.0,1.0,
2003-08-14,9865.0,9865.0,9865.0,9865.0,0.0,1.0,
2003-08-15,9870.0,9870.0,9870.0,9870.0,0.0,1.0,
2003-08-18,10045.0,10045.0,10045.0,10045.0,0.0,1.0,
2003-08-19,10260.0,10260.0,10260.0,10260.0,0.0,1.0,
2003-08-20,10110.0,10110.0,10110.0,10110.0,0.0,1.0,
2003-08-21,9985.0,9930.0,9930.0,9985.0,0.0,1.0,
2003-08-22,9935.0,9885.0,9935.0,9885.0,0.0,1.0,
2003-08-25,9935.0,9935.0,9935.0,9935.0,0.0,0.0,
2003-08-26,9690.0,9690.0,9690.0,9690.0,0.0,1.0,
2003-08-27,9535.0,9535.0,9535.0,9535.0,0.0,1.0,
2003-08-28,9320.0,9320.0,9320.0,9320.0,0.0,1.0,
2003-08-29,9715.0,9715.0,9715.0,9715.0,0.0,1.0,
2003-09-01,9830.0,9830.0,9830.0,9830.0,0.0,1.0,
2003-09-02,9675.0,9675.0,9675.0,9675.0,0.0,1.0,
2003-09-03,9745.0,9710.0,9745.0,9710.0,0.0,1.0,
2003-09-04,9700.0,9700.0,9700.0,9700.0,0.0,1.0,
2003-09-05,9700.0,9655.0,9655.0,9700.0,0.0,1.0,
2003-09-08,10005.0,9965.0,10005.0,9965.0,0.0,1.0,
2003-09-09,10310.0,10310.0,10310.0,10310.0,0.0,1.0,
2003-09-10,10250.0,10250.0,10250.0,10250.0,0.0,1.0,
2003-09-11,9875.0,9875.0,9875.0,9875.0,0.0,1.0,
2003-09-12,9860.0,9860.0,9860.0,9860.0,0.0,1.0,
2003-09-15,9860.0,9860.0,9860.0,9860.0,0.0,0.0,
2003-09-16,9950.0,9925.0,9950.0,9925.0,0.0,1.0,
2003-09-17,9975.0,9975.0,9975.0,9975.0,0.0,1.0,
2003-09-18,9820.0,9785.0,9815.0,9820.0,0.0,1.0,
2003-09-19,9470.0,9470.0,9470.0,9470.0,0.0,1.0,
2003-09-22,9275.0,9275.0,9275.0,9275.0,0.0,1.0,
2003-09-23,9275.0,9275.0,9275.0,9275.0,0.0,0.0,
2003-09-24,9470.0,9470.0,9470.0,9470.0,0.0,1.0,
2003-09-25,9450.0,9450.0,9450.0,9450.0,0.0,1.0,
2003-09-26,9670.0,9670.0,9670.0,9670.0,0.0,1.0,
2003-09-29,9500.0,9500.0,9500.0,9500.0,0.0,1.0,
2003-09-30,9410.0,9395.0,9395.0,9410.0,0.0,1.0,
2003-10-01,9445.0,9445.0,9445.0,9445.0,0.0,1.0,
2003-10-02,9315.0,9315.0,9315.0,9315.0,0.0,1.0,
2003-10-03,8980.0,8750.0,8760.0,8980.0,0.0,1.0,
2003-10-06,8925.0,8925.0,8925.0,8925.0,0.0,1.0,
2003-10-07,9025.0,8940.0,8950.0,9025.0,0.0,1.0,
2003-10-08,8410.0,8410.0,8410.0,8410.0,0.0,1.0,
2003-10-09,8670.0,8660.0,8670.0,8660.0,0.0,1.0,
2003-10-10,8600.0,8600.0,8600.0,8600.0,0.0,1.0,
2003-10-13,8600.0,8600.0,8600.0,8600.0,0.0,0.0,
2003-10-14,8590.0,8590.0,8590.0,8590.0,0.0,1.0,
2003-10-15,8965.0,8965.0,8965.0,8965.0,0.0,1.0,
2003-10-16,8835.0,8760.0,8835.0,8760.0,0.0,1.0,
2003-10-17,8870.0,8870.0,8870.0,8870.0,0.0,1.0,
2003-10-20,8780.0,8780.0,8780.0,8780.0,0.0,1.0,
2003-10-21,8755.0,8755.0,8755.0,8755.0,0.0,1.0,
2003-10-22,8850.0,8705.0,8735.0,8850.0,0.0,1.0,
2003-10-23,8465.0,8465.0,8465.0,8465.0,0.0,1.0,
2003-10-24,8370.0,8325.0,8325.0,8370.0,0.0,1.0,
2003-10-27,8455.0,8455.0,8455.0,8455.0,0.0,1.0,
2003-10-28,8400.0,8400.0,8400.0,8400.0,0.0,1.0,
2003-10-29,8425.0,8425.0,8425.0,8425.0,0.0,1.0,
2003-10-30,8485.0,8485.0,8485.0,8485.0,0.0,1.0,
2003-10-31,8425.0,8425.0,8425.0,8425.0,0.0,1.0,
2003-11-03,8425.0,8425.0,8425.0,8425.0,0.0,0.0,
2003-11-04,8880.0,8855.0,8855.0,8880.0,0.0,1.0,
2003-11-05,8820.0,8820.0,8820.0,8820.0,0.0,1.0,
2003-11-06,9050.0,9050.0,9050.0,9050.0,0.0,1.0,
2003-11-07,9200.0,9080.0,9200.0,9145.0,0.0,1.0,
2003-11-10,9390.0,9390.0,9390.0,9390.0,0.0,1.0,
2003-11-11,9200.0,9200.0,9200.0,9200.0,0.0,1.0,
2003-11-12,8975.0,8955.0,8975.0,8955.0,0.0,1.0,
2003-11-13,9195.0,9150.0,9195.0,9150.0,0.0,1.0,
2003-11-14,9225.0,9225.0,9225.0,9225.0,0.0,1.0,
2003-11-17,9055.0,9055.0,9055.0,9055.0,0.0,1.0,
2003-11-18,9070.0,9070.0,9070.0,9070.0,0.0,1.0,
2003-11-19,9195.0,9165.0,9195.0,9165.0,0.0,1.0,
2003-11-20,9160.0,9070.0,9110.0,9160.0,0.0,1.0,
2003-11-21,9015.0,9015.0,9015.0,9015.0,0.0,1.0,
2003-11-24,9015.0,9015.0,9015.0,9015.0,0.0,0.0,
2003-11-25,9385.0,9365.0,9385.0,9365.0,0.0,1.0,
2003-11-26,9335.0,9335.0,9335.0,9335.0,0.0,1.0,
2003-11-27,9210.0,9210.0,9210.0,9210.0,0.0,1.0,
2003-11-28,9355.0,9355.0,9355.0,9355.0,0.0,1.0,
2003-12-01,9555.0,9555.0,9555.0,9555.0,0.0,1.0,
2003-12-02,9620.0,9505.0,9620.0,9505.0,0.0,1.0,
2003-12-03,9315.0,9250.0,9250.0,9315.0,0.0,1.0,
2003-12-04,9440.0,9440.0,9440.0,9440.0,0.0,1.0,
2003-12-05,9655.0,9655.0,9655.0,9655.0,0.0,1.0,
2003-12-08,9565.0,9565.0,9565.0,9565.0,0.0,1.0,
2003-12-09,9655.0,9655.0,9655.0,9655.0,0.0,1.0,
2003-12-10,9390.0,9365.0,9365.0,9390.0,0.0,1.0,
2003-12-11,9350.0,9350.0,9350.0,9350.0,0.0,1.0,
2003-12-12,9335.0,9335.0,9335.0,9335.0,0.0,1.0,
2003-12-15,9890.0,9890.0,9890.0,9890.0,0.0,1.0,
2003-12-16,9770.0,9770.0,9770.0,9770.0,0.0,1.0,
2003-12-17,9800.0,9800.0,9800.0,9800.0,0.0,1.0,
2003-12-18,9810.0,9760.0,9810.0,9760.0,0.0,1.0,
2003-12-19,10150.0,10140.0,10140.0,10150.0,0.0,1.0,
2003-12-22,10155.0,10155.0,10155.0,10155.0,0.0,1.0,
2003-12-23,10155.0,10155.0,10155.0,10155.0,0.0,0.0,
2003-12-24,10155.0,10155.0,10155.0,10155.0,0.0,0.0,
2003-12-25,10155.0,10155.0,10155.0,10155.0,0.0,0.0,
2003-12-26,10155.0,10155.0,10155.0,10155.0,0.0,0.0,
2003-12-29,9955.0,9955.0,9955.0,9955.0,0.0,1.0,
2003-12-30,10010.0,10010.0,10010.0,10010.0,0.0,1.0,
2003-12-31,10010.0,10010.0,10010.0,10010.0,0.0,0.0,
2004-01-01,10010.0,10010.0,10010.0,10010.0,0.0,0.0,
2004-01-02,10010.0,10010.0,10010.0,10010.0,0.0,0.0,
2004-01-04,10010.0,10010.0,10010.0,10010.0,0.0,0.0,
2004-01-05,10225.0,10225.0,10225.0,10225.0,0.0,1.0,
2004-01-06,10220.0,10220.0,10220.0,10220.0,0.0,1.0,
2004-01-07,9985.0,9940.0,9940.0,9985.0,0.0,1.0,
2004-01-08,10080.0,9925.0,9965.0,10080.0,0.0,1.0,
2004-01-09,10115.0,10115.0,10115.0,10115.0,0.0,1.0,
2004-01-12,10115.0,10115.0,10115.0,10115.0,0.0,0.0,
2004-01-13,10080.0,9935.0,9935.0,10080.0,0.0,1.0,
2004-01-14,9965.0,9945.0,9965.0,9945.0,0.0,1.0,
2004-01-15,10100.0,10100.0,10100.0,10100.0,0.0,1.0,
2004-01-16,10020.0,10020.0,10020.0,10020.0,0.0,1.0,
2004-01-19,10005.0,10005.0,10005.0,10005.0,0.0,1.0,
2004-01-20,10035.0,10035.0,10035.0,10035.0,0.0,1.0,
2004-01-21,10120.0,10085.0,10085.0,10120.0,0.0,1.0,
2004-01-22,10340.0,10340.0,10340.0,10340.0,0.0,1.0,
2004-01-23,10925.0,10905.0,10925.0,10905.0,0.0,1.0,
2004-01-26,11375.0,11375.0,11375.0,11375.0,0.0,1.0,
2004-01-27,11330.0,11330.0,11330.0,11330.0,0.0,1.0,
2004-01-28,11180.0,11180.0,11180.0,11180.0,0.0,1.0,
2004-01-29,10960.0,10870.0,10870.0,10960.0,0.0,1.0,
2004-01-30,10480.0,10480.0,10480.0,10480.0,0.0,1.0,
2004-02-02,10230.0,10220.0,10220.0,10230.0,0.0,1.0,
2004-02-03,10230.0,10145.0,10145.0,10230.0,0.0,1.0,
2004-02-04,9855.0,9855.0,9855.0,9855.0,0.0,1.0,
2004-02-05,10065.0,10065.0,10065.0,10065.0,0.0,1.0,
2004-02-06,9825.0,9825.0,9825.0,9825.0,0.0,1.0,
2004-02-09,10100.0,10100.0,10100.0,10100.0,0.0,1.0,
2004-02-10,9810.0,9810.0,9810.0,9810.0,0.0,1.0,
2004-02-11,9810.0,9810.0,9810.0,9810.0,0.0,0.0,
2004-02-12,9870.0,9870.0,9870.0,9870.0,0.0,1.0,
2004-02-13,10085.0,10085.0,10085.0,10085.0,0.0,1.0,
2004-02-16,10095.0,10095.0,10095.0,10095.0,0.0,1.0,
2004-02-17,10055.0,10055.0,10055.0,10055.0,0.0,1.0,
2004-02-18,9885.0,9885.0,9885.0,9885.0,0.0,1.0,
2004-02-19,10045.0,10025.0,10045.0,10025.0,0.0,1.0,
2004-02-20,10185.0,10185.0,10185.0,10185.0,0.0,1.0,
2004-02-23,10575.0,10575.0,10575.0,10575.0,0.0,1.0,
2004-02-24,10365.0,10365.0,10365.0,10365.0,0.0,1.0,
2004-02-25,10160.0,10160.0,10160.0,10160.0,0.0,1.0,
2004-02-26,10360.0,10360.0,10360.0,10360.0,0.0,1.0,
2004-02-27,10500.0,10500.0,10500.0,10500.0,0.0,1.0,
2004-03-01,10875.0,10875.0,10875.0,10875.0,0.0,1.0,
2004-03-02,10975.0,10975.0,10975.0,10975.0,0.0,1.0,
2004-03-03,10915.0,10880.0,10915.0,10880.0,0.0,1.0,
2004-03-04,10695.0,10695.0,10695.0,10695.0,0.0,1.0,
2004-03-05,10950.0,10935.0,10935.0,10950.0,0.0,1.0,
2004-03-08,11025.0,11025.0,11025.0,11025.0,0.0,1.0,
2004-03-09,11130.0,11130.0,11130.0,11130.0,0.0,1.0,
2004-03-10,11040.0,11040.0,11040.0,11040.0,0.0,1.0,
2004-03-11,10800.0,10700.0,10700.0,10800.0,0.0,1.0,
2004-03-12,10465.0,10465.0,10465.0,10465.0,0.0,1.0,
2004-03-15,10580.0,10470.0,10470.0,10580.0,0.0,1.0,
2004-03-16,10260.0,10260.0,10260.0,10260.0,0.0,1.0,
2004-03-17,10260.0,10260.0,10260.0,10260.0,0.0,0.0,
2004-03-18,10340.0,10340.0,10340.0,10340.0,0.0,1.0,
2004-03-19,10255.0,10255.0,10255.0,10255.0,0.0,1.0,
2004-03-22,10180.0,10180.0,10180.0,10180.0,0.0,1.0,
2004-03-23,10395.0,10395.0,10395.0,10395.0,0.0,1.0,
2004-03-24,10360.0,10360.0,10360.0,10360.0,0.0,1.0,
2004-03-25,10115.0,10115.0,10115.0,10115.0,0.0,1.0,
2004-03-26,10385.0,10385.0,10385.0,10385.0,0.0,1.0,
2004-03-29,10705.0,10600.0,10705.0,10600.0,0.0,1.0,
2004-03-30,10720.0,10720.0,10720.0,10720.0,0.0,1.0,
2004-03-31,10535.0,10535.0,10535.0,10535.0,0.0,1.0,
2004-04-01,10185.0,10155.0,10155.0,10185.0,0.0,1.0,
2004-04-02,10365.0,10330.0,10365.0,10330.0,0.0,1.0,
2004-04-05,10450.0,10450.0,10450.0,10450.0,0.0,1.0,
2004-04-06,10720.0,10705.0,10705.0,10720.0,0.0,1.0,
2004-04-07,10725.0,10710.0,10725.0,10710.0,0.0,1.0,
2004-04-08,10750.0,10750.0,10750.0,10750.0,0.0,1.0,
2004-04-09,10750.0,10750.0,10750.0,10750.0,0.0,0.0,
2004-04-12,10750.0,10750.0,10750.0,10750.0,0.0,0.0,
2004-04-13,10785.0,10740.0,10770.0,10740.0,0.0,1.0,
2004-04-14,10760.0,10760.0,10760.0,10760.0,0.0,1.0,
2004-04-15,10815.0,10780.0,10815.0,10780.0,0.0,1.0,
2004-04-16,11170.0,11170.0,11170.0,11170.0,0.0,1.0,
2004-04-19,11520.0,11520.0,11520.0,11520.0,0.0,1.0,
2004-04-20,11515.0,11515.0,11515.0,11515.0,0.0,1.0,
2004-04-21,11275.0,11275.0,11275.0,11275.0,0.0,1.0,
2004-04-22,11340.0,11250.0,11250.0,11340.0,0.0,1.0,
2004-04-23,11050.0,11050.0,11050.0,11050.0,0.0,1.0,
2004-04-26,11085.0,11085.0,11085.0,11085.0,0.0,1.0,
2004-04-27,10945.0,10945.0,10945.0,10945.0,0.0,1.0,
2004-04-28,11010.0,10880.0,10880.0,11010.0,0.0,1.0,
2004-04-29,10880.0,10880.0,10880.0,10880.0,0.0,0.0,
2004-04-30,10430.0,10430.0,10430.0,10430.0,0.0,1.0,
2004-05-03,10430.0,10430.0,10430.0,10430.0,0.0,0.0,
2004-05-04,10430.0,10430.0,10430.0,10430.0,0.0,0.0,
2004-05-05,10430.0,10430.0,10430.0,10430.0,0.0,0.0,
2004-05-06,10430.0,10430.0,10430.0,10430.0,0.0,0.0,
2004-05-07,10395.0,10390.0,10390.0,10395.0,0.0,1.0,
2004-05-10,10145.0,10145.0,10145.0,10145.0,0.0,1.0,
2004-05-11,10425.0,10425.0,10425.0,10425.0,0.0,1.0,
2004-05-12,10495.0,10470.0,10470.0,10495.0,0.0,1.0,
2004-05-13,10565.0,10565.0,10565.0,10565.0,0.0,1.0,
2004-05-14,10930.0,10840.0,10930.0,10840.0,0.0,1.0,
2004-05-17,10665.0,10665.0,10665.0,10665.0,0.0,1.0,
2004-05-18,10630.0,10630.0,10630.0,10630.0,0.0,1.0,
2004-05-19,10630.0,10605.0,10630.0,10605.0,0.0,1.0,
2004-05-20,10300.0,10300.0,10300.0,10300.0,0.0,1.0,
2004-05-21,10290.0,10290.0,10290.0,10290.0,0.0,1.0,
2004-05-24,10420.0,10420.0,10420.0,10420.0,0.0,1.0,
2004-05-25,10410.0,10410.0,10410.0,10410.0,0.0,1.0,
2004-05-26,10410.0,10410.0,10410.0,10410.0,0.0,0.0,
2004-05-27,10695.0,10695.0,10695.0,10695.0,0.0,1.0,
2004-05-28,11140.0,11140.0,11140.0,11140.0,0.0,1.0,
2004-05-31,11140.0,11140.0,11140.0,11140.0,0.0,0.0,
2004-06-01,11645.0,11645.0,11645.0,11645.0,0.0,1.0,
2004-06-02,11700.0,11700.0,11700.0,11700.0,0.0,1.0,
2004-06-03,11990.0,11990.0,11990.0,11990.0,0.0,1.0,
2004-06-04,11915.0,11915.0,11915.0,11915.0,0.0,1.0,
2004-06-07,11885.0,11885.0,11885.0,11885.0,0.0,1.0,
2004-06-08,11925.0,11925.0,11925.0,11925.0,0.0,1.0,
2004-06-09,12170.0,12170.0,12170.0,12170.0,0.0,1.0,
2004-06-10,12245.0,12245.0,12245.0,12245.0,0.0,1.0,
2004-06-11,12310.0,12280.0,12310.0,12310.0,0.0,1.0,
2004-06-14,11905.0,11905.0,11905.0,11905.0,0.0,1.0,
2004-06-15,12185.0,12160.0,12185.0,12160.0,0.0,1.0,
2004-06-16,12430.0,12430.0,12430.0,12430.0,0.0,1.0,
2004-06-17,12365.0,12345.0,12345.0,12365.0,0.0,1.0,
2004-06-18,12250.0,12250.0,12250.0,12250.0,0.0,1.0,
2004-06-21,12225.0,12225.0,12225.0,12225.0,0.0,1.0,
2004-06-22,12650.0,12650.0,12650.0,12650.0,0.0,1.0,
2004-06-23,12590.0,12590.0,12590.0,12590.0,0.0,1.0,
2004-06-24,12590.0,12590.0,12590.0,12590.0,0.0,0.0,
2004-06-25,12740.0,12740.0,12740.0,12740.0,0.0,1.0,
2004-06-28,13105.0,13105.0,13105.0,13105.0,0.0,1.0,
2004-06-29,13080.0,13080.0,13080.0,13080.0,0.0,1.0,
2004-06-30,12685.0,12660.0,12685.0,12685.0,0.0,1.0,
2004-07-01,12720.0,12695.0,12720.0,12720.0,0.0,1.0,
2004-07-02,12720.0,12715.0,12715.0,12720.0,0.0,1.0,
2004-07-05,12775.0,12775.0,12775.0,12775.0,0.0,1.0,
2004-07-06,12850.0,12850.0,12850.0,12850.0,0.0,1.0,
2004-07-07,12900.0,12845.0,12900.0,12845.0,0.0,1.0,
2004-07-08,12765.0,12765.0,12765.0,12765.0,0.0,1.0,
2004-07-09,12920.0,12850.0,12850.0,12920.0,0.0,1.0,
2004-07-12,12780.0,12780.0,12780.0,12780.0,0.0,1.0,
2004-07-13,12490.0,12490.0,12490.0,12490.0,0.0,1.0,
2004-07-14,12060.0,12060.0,12060.0,12060.0,0.0,1.0,
2004-07-15,11990.0,11990.0,11990.0,11990.0,0.0,1.0,
2004-07-16,11970.0,11950.0,11950.0,11970.0,0.0,1.0,
2004-07-19,11950.0,11950.0,11950.0,11950.0,0.0,0.0,
2004-07-20,11915.0,11915.0,11915.0,11915.0,0.0,1.0,
2004-07-21,11820.0,11820.0,11820.0,11820.0,0.0,1.0,
2004-07-22,11990.0,11990.0,11990.0,11990.0,0.0,1.0,
2004-07-23,12080.0,12080.0,12080.0,12080.0,0.0,1.0,
2004-07-26,11885.0,11885.0,11885.0,11885.0,0.0,1.0,
2004-07-27,11715.0,11715.0,11715.0,11715.0,0.0,1.0,
2004-07-28,12195.0,12195.0,12195.0,12195.0,0.0,1.0,
2004-07-29,12505.0,12505.0,12505.0,12505.0,0.0,1.0,
2004-07-30,12445.0,12445.0,12445.0,12445.0,0.0,1.0,
2004-08-02,12210.0,12210.0,12210.0,12210.0,0.0,1.0,
2004-08-03,12145.0,12145.0,12145.0,12145.0,0.0,1.0,
2004-08-04,13300.0,12080.0,13100.0,12080.0,0.0,1.0,
2004-08-05,12580.0,12580.0,12580.0,12580.0,0.0,1.0,
2004-08-06,12485.0,12435.0,12435.0,12485.0,0.0,1.0,
2004-08-09,12435.0,12435.0,12435.0,12435.0,0.0,0.0,
2004-08-10,12345.0,12345.0,12345.0,12345.0,0.0,1.0,
2004-08-11,12355.0,12355.0,12355.0,12355.0,0.0,1.0,
2004-08-12,12290.0,12290.0,12290.0,12290.0,0.0,1.0,
2004-08-13,12370.0,12370.0,12370.0,12370.0,0.0,1.0,
2004-08-16,12225.0,12225.0,12225.0,12225.0,0.0,1.0,
2004-08-17,12470.0,12470.0,12470.0,12470.0,0.0,1.0,
2004-08-18,12175.0,12175.0,12175.0,12175.0,0.0,1.0,
2004-08-19,12145.0,12145.0,12145.0,12145.0,0.0,1.0,
2004-08-20,12115.0,12115.0,12115.0,12115.0,0.0,1.0,
2004-08-23,11740.0,11740.0,11740.0,11740.0,0.0,1.0,
2004-08-24,11815.0,11815.0,11815.0,11815.0,0.0,1.0,
2004-08-25,11835.0,11835.0,11835.0,11835.0,0.0,1.0,
2004-08-26,11785.0,11785.0,11785.0,11785.0,0.0,1.0,
2004-08-27,11925.0,11925.0,11925.0,11925.0,0.0,1.0,
2004-08-30,11925.0,11925.0,11925.0,11925.0,0.0,0.0,
2004-08-31,11755.0,11755.0,11755.0,11755.0,0.0,1.0,
2004-09-01,11580.0,11580.0,11580.0,11580.0,0.0,1.0,
2004-09-02,11410.0,11410.0,11410.0,11410.0,0.0,1.0,
2004-09-03,11625.0,11625.0,11625.0,11625.0,0.0,1.0,
2004-09-06,11800.0,11800.0,11800.0,11800.0,0.0,1.0,
2004-09-07,11990.0,11990.0,11990.0,11990.0,0.0,1.0,
2004-09-08,11990.0,11990.0,11990.0,11990.0,0.0,0.0,
2004-09-09,11855.0,11855.0,11855.0,11855.0,0.0,1.0,
2004-09-10,11805.0,11805.0,11805.0,11805.0,0.0,1.0,
2004-09-13,12210.0,12210.0,12210.0,12210.0,0.0,1.0,
2004-09-14,12225.0,12225.0,12225.0,12225.0,0.0,1.0,
2004-09-15,12115.0,12115.0,12115.0,12115.0,0.0,1.0,
2004-09-16,12060.0,12060.0,12060.0,12060.0,0.0,1.0,
2004-09-17,12210.0,12210.0,12210.0,12210.0,0.0,1.0,
2004-09-20,12210.0,12210.0,12210.0,12210.0,0.0,0.0,
2004-09-21,12580.0,12580.0,12580.0,12580.0,0.0,1.0,
2004-09-22,12690.0,12690.0,12690.0,12690.0,0.0,1.0,
2004-09-23,12690.0,12690.0,12690.0,12690.0,0.0,0.0,
2004-09-24,12385.0,12385.0,12385.0,12385.0,0.0,1.0,
2004-09-27,12385.0,12385.0,12385.0,12385.0,0.0,0.0,
2004-09-28,12385.0,12385.0,12385.0,12385.0,0.0,0.0,
2004-09-29,12385.0,12385.0,12385.0,12385.0,0.0,0.0,
2004-09-30,12385.0,12385.0,12385.0,12385.0,0.0,0.0,
2004-10-01,12385.0,12385.0,12385.0,12385.0,0.0,0.0,
2004-10-04,12385.0,12385.0,12385.0,12385.0,0.0,0.0,
2004-10-05,12385.0,12385.0,12385.0,12385.0,0.0,0.0,
2004-10-06,12385.0,12385.0,12385.0,12385.0,0.0,0.0,
2004-10-07,12385.0,12385.0,12385.0,12385.0,0.0,0.0,
2004-10-08,12385.0,12385.0,12385.0,12385.0,0.0,0.0,
2004-10-11,12385.0,12385.0,12385.0,12385.0,0.0,0.0,
2004-10-12,12385.0,12385.0,12385.0,12385.0,0.0,0.0,
2004-10-13,12385.0,12385.0,12385.0,12385.0,0.0,0.0,
2004-10-14,12385.0,12385.0,12385.0,12385.0,0.0,0.0,
2004-10-15,12385.0,12385.0,12385.0,12385.0,0.0,0.0,
2004-10-18,12385.0,12385.0,12385.0,12385.0,0.0,0.0,
2004-10-19,12385.0,12385.0,12385.0,12385.0,0.0,0.0,
2004-10-20,12385.0,12385.0,12385.0,12385.0,0.0,0.0,
2004-10-21,12385.0,12385.0,12385.0,12385.0,0.0,0.0,
2004-10-22,12385.0,12385.0,12385.0,12385.0,0.0,0.0,
2004-10-25,12385.0,12385.0,12385.0,12385.0,0.0,0.0,
2004-10-26,12385.0,12385.0,12385.0,12385.0,0.0,0.0,
2004-10-27,12385.0,12385.0,12385.0,12385.0,0.0,0.0,
2004-10-28,12385.0,12385.0,12385.0,12385.0,0.0,0.0,
2004-10-29,12385.0,12385.0,12385.0,12385.0,0.0,0.0,
2004-11-01,12385.0,12385.0,12385.0,12385.0,0.0,0.0,
2004-11-02,12385.0,12385.0,12385.0,12385.0,0.0,0.0,
2004-11-03,12385.0,12385.0,12385.0,12385.0,0.0,0.0,
2004-11-04,12385.0,12385.0,12385.0,12385.0,0.0,0.0,
2004-11-05,12385.0,12385.0,12385.0,12385.0,0.0,0.0,
2004-11-08,12385.0,12385.0,12385.0,12385.0,0.0,0.0,
2004-11-09,12385.0,12385.0,12385.0,12385.0,0.0,0.0,
2004-11-10,12385.0,12385.0,12385.0,12385.0,0.0,0.0,
2004-11-11,12385.0,12385.0,12385.0,12385.0,0.0,0.0,
2004-11-12,12385.0,12385.0,12385.0,12385.0,0.0,0.0,
2004-11-15,12385.0,12385.0,12385.0,12385.0,0.0,0.0,
2004-11-16,12385.0,12385.0,12385.0,12385.0,0.0,0.0,
2004-11-17,12385.0,12385.0,12385.0,12385.0,0.0,0.0,
2004-11-18,12385.0,12385.0,12385.0,12385.0,0.0,0.0,
2004-11-19,12385.0,12385.0,12385.0,12385.0,0.0,0.0,
2004-11-22,12385.0,12385.0,12385.0,12385.0,0.0,0.0,
2004-11-23,12385.0,12385.0,12385.0,12385.0,0.0,0.0,
2004-11-24,12385.0,12385.0,12385.0,12385.0,0.0,0.0,
2004-11-25,12385.0,12385.0,12385.0,12385.0,0.0,0.0,
2004-11-26,12385.0,12385.0,12385.0,12385.0,0.0,0.0,
2004-11-29,12385.0,12385.0,12385.0,12385.0,0.0,0.0,
2004-11-30,12385.0,12385.0,12385.0,12385.0,0.0,0.0,
2004-12-01,12385.0,12385.0,12385.0,12385.0,0.0,0.0,
2004-12-02,12385.0,12385.0,12385.0,12385.0,0.0,0.0,
2004-12-03,12385.0,12385.0,12385.0,12385.0,0.0,0.0,
2004-12-06,12385.0,12385.0,12385.0,12385.0,0.0,0.0,
2004-12-07,12385.0,12385.0,12385.0,12385.0,0.0,0.0,
2004-12-08,12385.0,12385.0,12385.0,12385.0,0.0,0.0,
2004-12-09,12385.0,12385.0,12385.0,12385.0,0.0,0.0,
2004-12-10,12385.0,12385.0,12385.0,12385.0,0.0,0.0,
2004-12-13,12385.0,12385.0,12385.0,12385.0,0.0,0.0,
2004-12-14,12385.0,12385.0,12385.0,12385.0,0.0,0.0,
2004-12-15,12385.0,12385.0,12385.0,12385.0,0.0,0.0,
2004-12-16,12385.0,12385.0,12385.0,12385.0,0.0,0.0,
2004-12-17,12385.0,12385.0,12385.0,12385.0,0.0,0.0,
2004-12-20,12385.0,12385.0,12385.0,12385.0,0.0,0.0,
2004-12-21,12385.0,12385.0,12385.0,12385.0,0.0,0.0,
2004-12-22,12385.0,12385.0,12385.0,12385.0,0.0,0.0,
2004-12-23,12385.0,12385.0,12385.0,12385.0,0.0,0.0,
2004-12-24,12385.0,12385.0,12385.0,12385.0,0.0,0.0,
2004-12-27,12385.0,12385.0,12385.0,12385.0,0.0,0.0,
2004-12-28,12385.0,12385.0,12385.0,12385.0,0.0,0.0,
2004-12-29,12385.0,12385.0,12385.0,12385.0,0.0,0.0,
2004-12-30,12385.0,12385.0,12385.0,12385.0,0.0,0.0,
2004-12-31,12385.0,12385.0,12385.0,12385.0,0.0,0.0,
2005-01-03,12385.0,12385.0,12385.0,12385.0,0.0,0.0,
2005-01-04,12385.0,12385.0,12385.0,12385.0,0.0,0.0,
2005-01-05,12385.0,12385.0,12385.0,12385.0,0.0,0.0,
2005-01-06,12385.0,12385.0,12385.0,12385.0,0.0,0.0,
2005-01-07,12385.0,12385.0,12385.0,12385.0,0.0,0.0,
2005-01-10,12385.0,12385.0,12385.0,12385.0,0.0,0.0,
2005-01-11,12385.0,12385.0,12385.0,12385.0,0.0,0.0,
2005-01-12,12385.0,12385.0,12385.0,12385.0,0.0,0.0,
2005-01-13,12385.0,12385.0,12385.0,12385.0,0.0,0.0,
2005-01-14,12385.0,12385.0,12385.0,12385.0,0.0,0.0,
2005-01-17,12385.0,12385.0,12385.0,12385.0,0.0,0.0,
2005-01-18,12385.0,12385.0,12385.0,12385.0,0.0,0.0,
2005-01-19,12385.0,12385.0,12385.0,12385.0,0.0,0.0,
2005-01-20,12385.0,12385.0,12385.0,12385.0,0.0,0.0,
2005-01-21,12385.0,12385.0,12385.0,12385.0,0.0,0.0,
2005-01-24,12385.0,12385.0,12385.0,12385.0,0.0,0.0,
2005-01-25,12385.0,12385.0,12385.0,12385.0,0.0,0.0,
2005-01-26,12385.0,12385.0,12385.0,12385.0,0.0,0.0,
2005-01-27,12385.0,12385.0,12385.0,12385.0,0.0,0.0,
2005-01-28,12385.0,12385.0,12385.0,12385.0,0.0,0.0,
2005-01-31,12385.0,12385.0,12385.0,12385.0,0.0,0.0,
2005-02-01,12385.0,12385.0,12385.0,12385.0,0.0,0.0,
2005-02-02,12385.0,12385.0,12385.0,12385.0,0.0,0.0,
2005-02-03,12385.0,12385.0,12385.0,12385.0,0.0,0.0,
2005-02-04,12385.0,12385.0,12385.0,12385.0,0.0,0.0,
2005-02-07,12385.0,12385.0,12385.0,12385.0,0.0,0.0,
2005-02-08,12385.0,12385.0,12385.0,12385.0,0.0,0.0,
2005-02-09,12385.0,12385.0,12385.0,12385.0,0.0,0.0,
2005-02-10,12385.0,12385.0,12385.0,12385.0,0.0,0.0,
2005-02-11,12385.0,12385.0,12385.0,12385.0,0.0,0.0,
2005-02-14,12385.0,12385.0,12385.0,12385.0,0.0,0.0,
2005-02-15,12385.0,12385.0,12385.0,12385.0,0.0,0.0,
2005-02-16,12385.0,12385.0,12385.0,12385.0,0.0,0.0,
2005-02-17,12385.0,12385.0,12385.0,12385.0,0.0,0.0,
2005-02-18,12385.0,12385.0,12385.0,12385.0,0.0,0.0,
2005-02-21,12385.0,12385.0,12385.0,12385.0,0.0,0.0,
2005-02-22,12385.0,12385.0,12385.0,12385.0,0.0,0.0,
2005-02-23,12385.0,12385.0,12385.0,12385.0,0.0,0.0,
2005-02-24,12385.0,12385.0,12385.0,12385.0,0.0,0.0,
2005-02-25,12385.0,12385.0,12385.0,12385.0,0.0,0.0,
2005-02-28,12385.0,12385.0,12385.0,12385.0,0.0,0.0,
2005-03-01,12385.0,12385.0,12385.0,12385.0,0.0,0.0,
2005-03-02,12385.0,12385.0,12385.0,12385.0,0.0,0.0,
2005-03-03,12385.0,12385.0,12385.0,12385.0,0.0,0.0,
2005-03-04,12385.0,12385.0,12385.0,12385.0,0.0,0.0,
2005-03-07,12385.0,12385.0,12385.0,12385.0,0.0,0.0,
2005-03-08,12385.0,12385.0,12385.0,12385.0,0.0,0.0,
2005-03-09,12385.0,12385.0,12385.0,12385.0,0.0,0.0,
2005-03-10,12385.0,12385.0,12385.0,12385.0,0.0,0.0,
2005-03-11,12385.0,12385.0,12385.0,12385.0,0.0,0.0,
2005-03-14,12385.0,12385.0,12385.0,12385.0,0.0,0.0,
2005-03-15,12385.0,12385.0,12385.0,12385.0,0.0,0.0,
2005-03-16,12385.0,12385.0,12385.0,12385.0,0.0,0.0,
2005-03-17,12385.0,12385.0,12385.0,12385.0,0.0,0.0,
2005-03-18,12385.0,12385.0,12385.0,12385.0,0.0,0.0,
2005-03-21,12385.0,12385.0,12385.0,12385.0,0.0,0.0,
2005-03-22,12385.0,12385.0,12385.0,12385.0,0.0,0.0,
2005-03-23,12385.0,12385.0,12385.0,12385.0,0.0,0.0,
2005-03-24,12385.0,12385.0,12385.0,12385.0,0.0,0.0,
2005-03-25,12385.0,12385.0,12385.0,12385.0,0.0,0.0,
2005-03-28,12385.0,12385.0,12385.0,12385.0,0.0,0.0,
2005-03-29,12385.0,12385.0,12385.0,12385.0,0.0,0.0,
2005-03-30,12385.0,12385.0,12385.0,12385.0,0.0,0.0,
2005-03-31,12385.0,12385.0,12385.0,12385.0,0.0,0.0,
2005-04-01,12385.0,12385.0,12385.0,12385.0,0.0,0.0,
2005-04-04,12385.0,12385.0,12385.0,12385.0,0.0,0.0,
2005-04-05,12385.0,12385.0,12385.0,12385.0,0.0,0.0,
2005-04-06,12385.0,12385.0,12385.0,12385.0,0.0,0.0,
2005-04-07,12385.0,12385.0,12385.0,12385.0,0.0,0.0,
2005-04-08,12385.0,12385.0,12385.0,12385.0,0.0,0.0,
2005-04-11,12385.0,12385.0,12385.0,12385.0,0.0,0.0,
2005-04-12,12385.0,12385.0,12385.0,12385.0,0.0,0.0,
2005-04-13,12385.0,12385.0,12385.0,12385.0,0.0,0.0,
2005-04-14,12385.0,12385.0,12385.0,12385.0,0.0,0.0,
2005-04-15,12385.0,12385.0,12385.0,12385.0,0.0,0.0,
2005-04-18,12385.0,12385.0,12385.0,12385.0,0.0,0.0,
2005-04-19,12385.0,12385.0,12385.0,12385.0,0.0,0.0,
2005-04-20,12385.0,12385.0,12385.0,12385.0,0.0,0.0,
2005-04-21,12385.0,12385.0,12385.0,12385.0,0.0,0.0,
2005-04-22,12385.0,12385.0,12385.0,12385.0,0.0,0.0,
2005-04-25,12385.0,12385.0,12385.0,12385.0,0.0,0.0,
2005-04-26,12385.0,12385.0,12385.0,12385.0,0.0,0.0,
2005-04-27,12385.0,12385.0,12385.0,12385.0,0.0,0.0,
2005-04-28,12385.0,12385.0,12385.0,12385.0,0.0,0.0,
2005-04-29,12385.0,12385.0,12385.0,12385.0,0.0,0.0,
2005-05-02,12385.0,12385.0,12385.0,12385.0,0.0,0.0,
2005-05-03,12385.0,12385.0,12385.0,12385.0,0.0,0.0,
2005-05-04,12385.0,12385.0,12385.0,12385.0,0.0,0.0,
2005-05-05,12385.0,12385.0,12385.0,12385.0,0.0,0.0,
2005-05-06,12385.0,12385.0,12385.0,12385.0,0.0,0.0,
2005-05-09,12385.0,12385.0,12385.0,12385.0,0.0,0.0,
2005-05-10,12385.0,12385.0,12385.0,12385.0,0.0,0.0,
2005-05-11,12385.0,12385.0,12385.0,12385.0,0.0,0.0,
2005-05-12,12385.0,12385.0,12385.0,12385.0,0.0,0.0,
2005-05-13,12385.0,12385.0,12385.0,12385.0,0.0,0.0,
2005-05-16,12385.0,12385.0,12385.0,12385.0,0.0,0.0,
2005-05-17,12385.0,12385.0,12385.0,12385.0,0.0,0.0,
2005-05-18,12385.0,12385.0,12385.0,12385.0,0.0,0.0,
2005-05-19,12385.0,12385.0,12385.0,12385.0,0.0,0.0,
2005-05-20,12385.0,12385.0,12385.0,12385.0,0.0,0.0,
2005-05-23,12385.0,12385.0,12385.0,12385.0,0.0,0.0,
2005-05-24,12385.0,12385.0,12385.0,12385.0,0.0,0.0,
2005-05-25,12385.0,12385.0,12385.0,12385.0,0.0,0.0,
2005-05-26,12385.0,12385.0,12385.0,12385.0,0.0,0.0,
2005-05-27,12385.0,12385.0,12385.0,12385.0,0.0,0.0,
2005-05-30,12385.0,12385.0,12385.0,12385.0,0.0,0.0,
2005-05-31,12385.0,12385.0,12385.0,12385.0,0.0,0.0,
2005-06-01,12385.0,12385.0,12385.0,12385.0,0.0,0.0,
2005-06-02,12385.0,12385.0,12385.0,12385.0,0.0,0.0,
2005-06-03,12385.0,12385.0,12385.0,12385.0,0.0,0.0,
2005-06-06,12385.0,12385.0,12385.0,12385.0,0.0,0.0,
2005-06-07,12385.0,12385.0,12385.0,12385.0,0.0,0.0,
2005-06-08,12385.0,12385.0,12385.0,12385.0,0.0,0.0,
2005-06-09,12385.0,12385.0,12385.0,12385.0,0.0,0.0,
2005-06-10,12385.0,12385.0,12385.0,12385.0,0.0,0.0,
2005-06-13,12385.0,12385.0,12385.0,12385.0,0.0,0.0,
2005-06-14,12385.0,12385.0,12385.0,12385.0,0.0,0.0,
2005-06-15,12385.0,12385.0,12385.0,12385.0,0.0,0.0,
2005-06-16,12385.0,12385.0,12385.0,12385.0,0.0,0.0,
2005-06-17,12385.0,12385.0,12385.0,12385.0,0.0,0.0,
2005-06-20,12385.0,12385.0,12385.0,12385.0,0.0,0.0,
2005-06-21,12385.0,12385.0,12385.0,12385.0,0.0,0.0,
2005-06-22,12385.0,12385.0,12385.0,12385.0,0.0,0.0,
2005-06-23,12385.0,12385.0,12385.0,12385.0,0.0,0.0,
2005-06-24,12385.0,12385.0,12385.0,12385.0,0.0,0.0,
2005-06-27,12385.0,12385.0,12385.0,12385.0,0.0,0.0,
2005-06-28,12385.0,12385.0,12385.0,12385.0,0.0,0.0,
2005-06-29,12385.0,12385.0,12385.0,12385.0,0.0,0.0,
2005-06-30,12385.0,12385.0,12385.0,12385.0,0.0,0.0,
2005-07-01,12385.0,12385.0,12385.0,12385.0,0.0,0.0,
2005-07-04,12385.0,12385.0,12385.0,12385.0,0.0,0.0,
2005-07-05,12385.0,12385.0,12385.0,12385.0,0.0,0.0,
2005-07-06,12385.0,12385.0,12385.0,12385.0,0.0,0.0,
2005-07-07,12385.0,12385.0,12385.0,12385.0,0.0,0.0,
2005-07-08,12385.0,12385.0,12385.0,12385.0,0.0,0.0,
2005-07-11,12385.0,12385.0,12385.0,12385.0,0.0,0.0,
2005-07-12,12385.0,12385.0,12385.0,12385.0,0.0,0.0,
2005-07-13,12385.0,12385.0,12385.0,12385.0,0.0,0.0,
2005-07-14,12385.0,12385.0,12385.0,12385.0,0.0,0.0,
2005-07-15,12385.0,12385.0,12385.0,12385.0,0.0,0.0,
2005-07-18,12385.0,12385.0,12385.0,12385.0,0.0,0.0,
2005-07-19,12385.0,12385.0,12385.0,12385.0,0.0,0.0,
2005-07-20,12385.0,12385.0,12385.0,12385.0,0.0,0.0,
2005-07-21,12385.0,12385.0,12385.0,12385.0,0.0,0.0,
2005-07-22,12385.0,12385.0,12385.0,12385.0,0.0,0.0,
2005-07-25,12385.0,12385.0,12385.0,12385.0,0.0,0.0,
2005-07-26,12385.0,12385.0,12385.0,12385.0,0.0,0.0,
2005-07-27,12385.0,12385.0,12385.0,12385.0,0.0,0.0,
2005-07-28,12385.0,12385.0,12385.0,12385.0,0.0,0.0,
2005-07-29,12385.0,12385.0,12385.0,12385.0,0.0,0.0,
2005-08-01,12385.0,12385.0,12385.0,12385.0,0.0,0.0,
2005-08-02,12385.0,12385.0,12385.0,12385.0,0.0,0.0,
2005-08-03,12385.0,12385.0,12385.0,12385.0,0.0,0.0,
2005-08-04,12385.0,12385.0,12385.0,12385.0,0.0,0.0,
2005-08-05,12385.0,12385.0,12385.0,12385.0,0.0,0.0,
2005-08-08,12385.0,12385.0,12385.0,12385.0,0.0,0.0,
2005-08-09,12385.0,12385.0,12385.0,12385.0,0.0,0.0,
2005-08-10,12385.0,12385.0,12385.0,12385.0,0.0,0.0,
2005-08-11,12385.0,12385.0,12385.0,12385.0,0.0,0.0,
2005-08-12,12385.0,12385.0,12385.0,12385.0,0.0,0.0,
2005-08-15,12385.0,12385.0,12385.0,12385.0,0.0,0.0,
2005-08-16,12385.0,12385.0,12385.0,12385.0,0.0,0.0,
2005-08-17,12385.0,12385.0,12385.0,12385.0,0.0,0.0,
2005-08-18,12385.0,12385.0,12385.0,12385.0,0.0,0.0,
2005-08-19,12385.0,12385.0,12385.0,12385.0,0.0,0.0,
2005-08-22,12385.0,12385.0,12385.0,12385.0,0.0,0.0,
2005-08-23,12385.0,12385.0,12385.0,12385.0,0.0,0.0,
2005-08-24,12385.0,12385.0,12385.0,12385.0,0.0,0.0,
2005-08-25,12385.0,12385.0,12385.0,12385.0,0.0,0.0,
2005-08-26,12385.0,12385.0,12385.0,12385.0,0.0,0.0,
2005-08-29,12385.0,12385.0,12385.0,12385.0,0.0,0.0,
2005-08-30,12385.0,12385.0,12385.0,12385.0,0.0,0.0,
2005-08-31,12385.0,12385.0,12385.0,12385.0,0.0,0.0,
2005-09-01,12385.0,12385.0,12385.0,12385.0,0.0,0.0,
2005-09-02,12385.0,12385.0,12385.0,12385.0,0.0,0.0,
2005-09-05,12385.0,12385.0,12385.0,12385.0,0.0,0.0,
2005-09-06,12385.0,12385.0,12385.0,12385.0,0.0,0.0,
2005-09-07,12385.0,12385.0,12385.0,12385.0,0.0,0.0,
2005-09-08,12385.0,12385.0,12385.0,12385.0,0.0,0.0,
2005-09-09,12385.0,12385.0,12385.0,12385.0,0.0,0.0,
2005-09-12,12385.0,12385.0,12385.0,12385.0,0.0,0.0,
2005-09-13,12385.0,12385.0,12385.0,12385.0,0.0,0.0,
2005-09-14,12385.0,12385.0,12385.0,12385.0,0.0,0.0,
2005-09-15,12385.0,12385.0,12385.0,12385.0,0.0,0.0,
2005-09-16,12385.0,12385.0,12385.0,12385.0,0.0,0.0,
2005-09-19,12385.0,12385.0,12385.0,12385.0,0.0,0.0,
2005-09-20,12385.0,12385.0,12385.0,12385.0,0.0,0.0,
2005-09-21,12385.0,12385.0,12385.0,12385.0,0.0,0.0,
2005-09-22,12385.0,12385.0,12385.0,12385.0,0.0,0.0,
2005-09-23,12385.0,12385.0,12385.0,12385.0,0.0,0.0,
2005-09-26,12385.0,12385.0,12385.0,12385.0,0.0,0.0,
2005-09-27,12385.0,12385.0,12385.0,12385.0,0.0,0.0,
2005-09-28,12385.0,12385.0,12385.0,12385.0,0.0,0.0,
2005-09-29,12385.0,12385.0,12385.0,12385.0,0.0,0.0,
2005-09-30,12385.0,12385.0,12385.0,12385.0,0.0,0.0,
2005-10-03,12385.0,12385.0,12385.0,12385.0,0.0,0.0,
2005-10-04,12385.0,12385.0,12385.0,12385.0,0.0,0.0,
2005-10-05,12385.0,12385.0,12385.0,12385.0,0.0,0.0,
2005-10-06,12385.0,12385.0,12385.0,12385.0,0.0,0.0,
2005-10-07,12385.0,12385.0,12385.0,12385.0,0.0,0.0,
2005-10-10,12385.0,12385.0,12385.0,12385.0,0.0,0.0,
2005-10-11,12385.0,12385.0,12385.0,12385.0,0.0,0.0,
2005-10-12,12385.0,12385.0,12385.0,12385.0,0.0,0.0,
2005-10-13,12385.0,12385.0,12385.0,12385.0,0.0,0.0,
2005-10-14,12385.0,12385.0,12385.0,12385.0,0.0,0.0,
2005-10-17,12385.0,12385.0,12385.0,12385.0,0.0,0.0,
2005-10-18,12385.0,12385.0,12385.0,12385.0,0.0,0.0,
2005-10-19,12385.0,12385.0,12385.0,12385.0,0.0,0.0,
2005-10-20,12385.0,12385.0,12385.0,12385.0,0.0,0.0,
2005-10-21,12385.0,12385.0,12385.0,12385.0,0.0,0.0,
2005-10-24,12385.0,12385.0,12385.0,12385.0,0.0,0.0,
2005-10-25,12385.0,12385.0,12385.0,12385.0,0.0,0.0,
2005-10-26,12385.0,12385.0,12385.0,12385.0,0.0,0.0,
2005-10-27,12385.0,12385.0,12385.0,12385.0,0.0,0.0,
2005-10-28,12385.0,12385.0,12385.0,12385.0,0.0,0.0,
2005-10-31,12385.0,12385.0,12385.0,12385.0,0.0,0.0,
2005-11-01,12385.0,12385.0,12385.0,12385.0,0.0,0.0,
2005-11-02,12385.0,12385.0,12385.0,12385.0,0.0,0.0,
2005-11-03,12385.0,12385.0,12385.0,12385.0,0.0,0.0,
2005-11-04,12385.0,12385.0,12385.0,12385.0,0.0,0.0,
2005-11-07,12385.0,12385.0,12385.0,12385.0,0.0,0.0,
2005-11-08,12385.0,12385.0,12385.0,12385.0,0.0,0.0,
2005-11-09,12385.0,12385.0,12385.0,12385.0,0.0,0.0,
2005-11-10,12385.0,12385.0,12385.0,12385.0,0.0,0.0,
2005-11-11,12385.0,12385.0,12385.0,12385.0,0.0,0.0,
2005-11-14,12385.0,12385.0,12385.0,12385.0,0.0,0.0,
2005-11-15,12385.0,12385.0,12385.0,12385.0,0.0,0.0,
2005-11-16,12385.0,12385.0,12385.0,12385.0,0.0,0.0,
2005-11-17,12385.0,12385.0,12385.0,12385.0,0.0,0.0,
2005-11-18,12385.0,12385.0,12385.0,12385.0,0.0,0.0,
2005-11-21,12385.0,12385.0,12385.0,12385.0,0.0,0.0,
2005-11-22,12385.0,12385.0,12385.0,12385.0,0.0,0.0,
2005-11-23,12385.0,12385.0,12385.0,12385.0,0.0,0.0,
2005-11-24,12385.0,12385.0,12385.0,12385.0,0.0,0.0,
2005-11-25,12385.0,12385.0,12385.0,12385.0,0.0,0.0,
2005-11-28,12385.0,12385.0,12385.0,12385.0,0.0,0.0,
2005-11-29,12385.0,12385.0,12385.0,12385.0,0.0,0.0,
2005-11-30,12385.0,12385.0,12385.0,12385.0,0.0,0.0,
2005-12-01,12385.0,12385.0,12385.0,12385.0,0.0,0.0,
2005-12-02,12385.0,12385.0,12385.0,12385.0,0.0,0.0,
2005-12-05,12385.0,12385.0,12385.0,12385.0,0.0,0.0,
2005-12-06,12385.0,12385.0,12385.0,12385.0,0.0,0.0,
2005-12-07,12385.0,12385.0,12385.0,12385.0,0.0,0.0,
2005-12-08,12385.0,12385.0,12385.0,12385.0,0.0,0.0,
2005-12-09,12385.0,12385.0,12385.0,12385.0,0.0,0.0,
2005-12-12,12385.0,12385.0,12385.0,12385.0,0.0,0.0,
2005-12-13,12385.0,12385.0,12385.0,12385.0,0.0,0.0,
2005-12-14,12385.0,12385.0,12385.0,12385.0,0.0,0.0,
2005-12-15,12385.0,12385.0,12385.0,12385.0,0.0,0.0,
2005-12-16,12385.0,12385.0,12385.0,12385.0,0.0,0.0,
2005-12-19,12385.0,12385.0,12385.0,12385.0,0.0,0.0,
2005-12-20,12385.0,12385.0,12385.0,12385.0,0.0,0.0,
2005-12-21,12385.0,12385.0,12385.0,12385.0,0.0,0.0,
2005-12-22,12385.0,12385.0,12385.0,12385.0,0.0,0.0,
2005-12-23,12385.0,12385.0,12385.0,12385.0,0.0,0.0,
2005-12-26,12385.0,12385.0,12385.0,12385.0,0.0,0.0,
2005-12-27,12385.0,12385.0,12385.0,12385.0,0.0,0.0,
2005-12-28,12385.0,12385.0,12385.0,12385.0,0.0,0.0,
2005-12-29,12385.0,12385.0,12385.0,12385.0,0.0,0.0,
2005-12-30,12385.0,12385.0,12385.0,12385.0,0.0,0.0,
2006-01-02,12385.0,12385.0,12385.0,12385.0,0.0,0.0,
2006-01-03,12385.0,12385.0,12385.0,12385.0,0.0,0.0,
2006-01-04,12385.0,12385.0,12385.0,12385.0,0.0,0.0,
2006-01-05,12385.0,12385.0,12385.0,12385.0,0.0,0.0,
2006-01-06,12385.0,12385.0,12385.0,12385.0,0.0,0.0,
2006-01-09,12385.0,12385.0,12385.0,12385.0,0.0,0.0,
2006-01-10,12385.0,12385.0,12385.0,12385.0,0.0,0.0,
2006-01-11,12385.0,12385.0,12385.0,12385.0,0.0,0.0,
2006-01-12,12385.0,12385.0,12385.0,12385.0,0.0,0.0,
2006-01-13,12385.0,12385.0,12385.0,12385.0,0.0,0.0,
2006-01-16,12385.0,12385.0,12385.0,12385.0,0.0,0.0,
2006-01-17,12385.0,12385.0,12385.0,12385.0,0.0,0.0,
2006-01-18,12385.0,12385.0,12385.0,12385.0,0.0,0.0,
2006-01-19,12385.0,12385.0,12385.0,12385.0,0.0,0.0,
2006-01-20,12385.0,12385.0,12385.0,12385.0,0.0,0.0,
2006-01-23,12385.0,12385.0,12385.0,12385.0,0.0,0.0,
2006-01-24,12385.0,12385.0,12385.0,12385.0,0.0,0.0,
2006-01-25,12385.0,12385.0,12385.0,12385.0,0.0,0.0,
2006-01-26,12385.0,12385.0,12385.0,12385.0,0.0,0.0,
2006-01-27,12385.0,12385.0,12385.0,12385.0,0.0,0.0,
2006-01-30,12385.0,12385.0,12385.0,12385.0,0.0,0.0,
2006-01-31,12385.0,12385.0,12385.0,12385.0,0.0,0.0,
2006-02-01,12385.0,12385.0,12385.0,12385.0,0.0,0.0,
2006-02-02,12385.0,12385.0,12385.0,12385.0,0.0,0.0,
2006-02-03,12385.0,12385.0,12385.0,12385.0,0.0,0.0,
2006-02-06,12385.0,12385.0,12385.0,12385.0,0.0,0.0,
2006-02-07,12385.0,12385.0,12385.0,12385.0,0.0,0.0,
2006-02-08,12385.0,12385.0,12385.0,12385.0,0.0,0.0,
2006-02-09,12385.0,12385.0,12385.0,12385.0,0.0,0.0,
2006-02-10,12385.0,12385.0,12385.0,12385.0,0.0,0.0,
2006-02-13,12385.0,12385.0,12385.0,12385.0,0.0,0.0,
2006-02-14,12385.0,12385.0,12385.0,12385.0,0.0,0.0,
2006-02-15,12385.0,12385.0,12385.0,12385.0,0.0,0.0,
2006-02-16,12385.0,12385.0,12385.0,12385.0,0.0,0.0,
2006-02-17,12385.0,12385.0,12385.0,12385.0,0.0,0.0,
2006-02-20,12385.0,12385.0,12385.0,12385.0,0.0,0.0,
2006-02-21,12385.0,12385.0,12385.0,12385.0,0.0,0.0,
2006-02-22,12385.0,12385.0,12385.0,12385.0,0.0,0.0,
2006-02-23,12385.0,12385.0,12385.0,12385.0,0.0,0.0,
2006-02-24,12385.0,12385.0,12385.0,12385.0,0.0,0.0,
2006-02-27,12385.0,12385.0,12385.0,12385.0,0.0,0.0,
2006-02-28,12385.0,12385.0,12385.0,12385.0,0.0,0.0,
2006-03-01,12385.0,12385.0,12385.0,12385.0,0.0,0.0,
2006-03-02,12385.0,12385.0,12385.0,12385.0,0.0,0.0,
2006-03-03,12385.0,12385.0,12385.0,12385.0,0.0,0.0,
2006-03-06,12385.0,12385.0,12385.0,12385.0,0.0,0.0,
2006-03-07,12385.0,12385.0,12385.0,12385.0,0.0,0.0,
2006-03-08,12385.0,12385.0,12385.0,12385.0,0.0,0.0,
2006-03-09,12385.0,12385.0,12385.0,12385.0,0.0,0.0,
2006-03-10,12385.0,12385.0,12385.0,12385.0,0.0,0.0,
2006-03-13,12385.0,12385.0,12385.0,12385.0,0.0,0.0,
2006-03-14,12385.0,12385.0,12385.0,12385.0,0.0,0.0,
2006-03-15,12385.0,12385.0,12385.0,12385.0,0.0,0.0,
2006-03-16,12385.0,12385.0,12385.0,12385.0,0.0,0.0,
2006-03-17,12385.0,12385.0,12385.0,12385.0,0.0,0.0,
2006-03-20,12385.0,12385.0,12385.0,12385.0,0.0,0.0,
2006-03-21,12385.0,12385.0,12385.0,12385.0,0.0,0.0,
2006-03-22,12385.0,12385.0,12385.0,12385.0,0.0,0.0,
2006-03-23,12385.0,12385.0,12385.0,12385.0,0.0,0.0,
2006-03-24,12385.0,12385.0,12385.0,12385.0,0.0,0.0,
2006-03-27,12385.0,12385.0,12385.0,12385.0,0.0,0.0,
2006-03-28,12385.0,12385.0,12385.0,12385.0,0.0,0.0,
2006-03-29,12385.0,12385.0,12385.0,12385.0,0.0,0.0,
2006-03-30,12385.0,12385.0,12385.0,12385.0,0.0,0.0,
2006-03-31,12385.0,12385.0,12385.0,12385.0,0.0,0.0,
2006-04-03,12385.0,12385.0,12385.0,12385.0,0.0,0.0,
2006-04-04,12385.0,12385.0,12385.0,12385.0,0.0,0.0,
2006-04-05,12385.0,12385.0,12385.0,12385.0,0.0,0.0,
2006-04-06,12385.0,12385.0,12385.0,12385.0,0.0,0.0,
2006-04-07,12385.0,12385.0,12385.0,12385.0,0.0,0.0,
2006-04-10,12385.0,12385.0,12385.0,12385.0,0.0,0.0,
2006-04-11,12385.0,12385.0,12385.0,12385.0,0.0,0.0,
2006-04-12,12385.0,12385.0,12385.0,12385.0,0.0,0.0,
2006-04-13,12385.0,12385.0,12385.0,12385.0,0.0,0.0,
2006-04-14,12385.0,12385.0,12385.0,12385.0,0.0,0.0,
2006-04-17,12385.0,12385.0,12385.0,12385.0,0.0,0.0,
2006-04-18,12385.0,12385.0,12385.0,12385.0,0.0,0.0,
2006-04-19,12385.0,12385.0,12385.0,12385.0,0.0,0.0,
2006-04-20,12385.0,12385.0,12385.0,12385.0,0.0,0.0,
2006-04-21,12385.0,12385.0,12385.0,12385.0,0.0,0.0,
2006-04-24,12385.0,12385.0,12385.0,12385.0,0.0,0.0,
2006-04-25,12385.0,12385.0,12385.0,12385.0,0.0,0.0,
2006-04-26,12385.0,12385.0,12385.0,12385.0,0.0,0.0,
2006-04-27,12385.0,12385.0,12385.0,12385.0,0.0,0.0,
2006-04-28,12385.0,12385.0,12385.0,12385.0,0.0,0.0,
2006-05-01,12385.0,12385.0,12385.0,12385.0,0.0,0.0,
2006-05-02,12385.0,12385.0,12385.0,12385.0,0.0,0.0,
2006-05-03,12385.0,12385.0,12385.0,12385.0,0.0,0.0,
2006-05-04,12385.0,12385.0,12385.0,12385.0,0.0,0.0,
2006-05-05,12385.0,12385.0,12385.0,12385.0,0.0,0.0,
2006-05-08,12385.0,12385.0,12385.0,12385.0,0.0,0.0,
2006-05-09,12385.0,12385.0,12385.0,12385.0,0.0,0.0,
2006-05-10,12385.0,12385.0,12385.0,12385.0,0.0,0.0,
2006-05-11,12385.0,12385.0,12385.0,12385.0,0.0,0.0,
2006-05-12,12385.0,12385.0,12385.0,12385.0,0.0,0.0,
2006-05-15,12385.0,12385.0,12385.0,12385.0,0.0,0.0,
2006-05-16,12385.0,12385.0,12385.0,12385.0,0.0,0.0,
2006-05-17,12385.0,12385.0,12385.0,12385.0,0.0,0.0,
2006-05-18,12385.0,12385.0,12385.0,12385.0,0.0,0.0,
2006-05-19,12385.0,12385.0,12385.0,12385.0,0.0,0.0,
2006-05-22,12385.0,12385.0,12385.0,12385.0,0.0,0.0,
2006-05-23,12385.0,12385.0,12385.0,12385.0,0.0,0.0,
2006-05-24,12385.0,12385.0,12385.0,12385.0,0.0,0.0,
2006-05-25,12385.0,12385.0,12385.0,12385.0,0.0,0.0,
2006-05-26,12385.0,12385.0,12385.0,12385.0,0.0,0.0,
2006-05-29,12385.0,12385.0,12385.0,12385.0,0.0,0.0,
2006-05-30,12385.0,12385.0,12385.0,12385.0,0.0,0.0,
2006-05-31,12385.0,12385.0,12385.0,12385.0,0.0,0.0,
2006-06-01,12385.0,12385.0,12385.0,12385.0,0.0,0.0,
2006-06-02,12385.0,12385.0,12385.0,12385.0,0.0,0.0,
2006-06-05,12385.0,12385.0,12385.0,12385.0,0.0,0.0,
2006-06-06,12385.0,12385.0,12385.0,12385.0,0.0,0.0,
2006-06-07,12385.0,12385.0,12385.0,12385.0,0.0,0.0,
2006-06-08,12385.0,12385.0,12385.0,12385.0,0.0,0.0,
2006-06-09,12385.0,12385.0,12385.0,12385.0,0.0,0.0,
2006-06-12,12385.0,12385.0,12385.0,12385.0,0.0,0.0,
2006-06-13,12385.0,12385.0,12385.0,12385.0,0.0,0.0,
2006-06-14,12385.0,12385.0,12385.0,12385.0,0.0,0.0,
2006-06-15,12385.0,12385.0,12385.0,12385.0,0.0,0.0,
2006-06-16,12385.0,12385.0,12385.0,12385.0,0.0,0.0,
2006-06-19,12385.0,12385.0,12385.0,12385.0,0.0,0.0,
2006-06-20,12385.0,12385.0,12385.0,12385.0,0.0,0.0,
2006-06-21,12385.0,12385.0,12385.0,12385.0,0.0,0.0,
2006-06-22,12385.0,12385.0,12385.0,12385.0,0.0,0.0,
2006-06-23,12385.0,12385.0,12385.0,12385.0,0.0,0.0,
2006-06-26,12385.0,12385.0,12385.0,12385.0,0.0,0.0,
2006-06-27,12385.0,12385.0,12385.0,12385.0,0.0,0.0,
2006-06-28,12385.0,12385.0,12385.0,12385.0,0.0,0.0,
2006-06-29,12385.0,12385.0,12385.0,12385.0,0.0,0.0,
2006-06-30,12385.0,12385.0,12385.0,12385.0,0.0,0.0,
2006-07-03,12385.0,12385.0,12385.0,12385.0,0.0,0.0,
2006-07-04,12385.0,12385.0,12385.0,12385.0,0.0,0.0,
2006-07-05,12385.0,12385.0,12385.0,12385.0,0.0,0.0,
2006-07-06,12385.0,12385.0,12385.0,12385.0,0.0,0.0,
2006-07-07,12385.0,12385.0,12385.0,12385.0,0.0,0.0,
2006-07-10,12385.0,12385.0,12385.0,12385.0,0.0,0.0,
2006-07-11,12385.0,12385.0,12385.0,12385.0,0.0,0.0,
2006-07-12,12385.0,12385.0,12385.0,12385.0,0.0,0.0,
2006-07-13,12385.0,12385.0,12385.0,12385.0,0.0,0.0,
2006-07-14,12385.0,12385.0,12385.0,12385.0,0.0,0.0,
2006-07-17,12385.0,12385.0,12385.0,12385.0,0.0,0.0,
2006-07-18,12385.0,12385.0,12385.0,12385.0,0.0,0.0,
2006-07-19,12385.0,12385.0,12385.0,12385.0,0.0,0.0,
2006-07-20,12385.0,12385.0,12385.0,12385.0,0.0,0.0,
2006-07-21,12385.0,12385.0,12385.0,12385.0,0.0,0.0,
2006-07-24,12385.0,12385.0,12385.0,12385.0,0.0,0.0,
2006-07-25,12385.0,12385.0,12385.0,12385.0,0.0,0.0,
2006-07-26,12385.0,12385.0,12385.0,12385.0,0.0,0.0,
2006-07-27,12385.0,12385.0,12385.0,12385.0,0.0,0.0,
2006-07-28,12385.0,12385.0,12385.0,12385.0,0.0,0.0,
2006-07-31,12385.0,12385.0,12385.0,12385.0,0.0,0.0,
2006-08-01,12385.0,12385.0,12385.0,12385.0,0.0,0.0,
2006-08-02,12385.0,12385.0,12385.0,12385.0,0.0,0.0,
2006-08-03,12385.0,12385.0,12385.0,12385.0,0.0,0.0,
2006-08-04,12385.0,12385.0,12385.0,12385.0,0.0,0.0,
2006-08-07,12385.0,12385.0,12385.0,12385.0,0.0,0.0,
2006-08-08,12385.0,12385.0,12385.0,12385.0,0.0,0.0,
2006-08-09,12385.0,12385.0,12385.0,12385.0,0.0,0.0,
2006-08-10,12385.0,12385.0,12385.0,12385.0,0.0,0.0,
2006-08-11,12385.0,12385.0,12385.0,12385.0,0.0,0.0,
2006-08-14,12385.0,12385.0,12385.0,12385.0,0.0,0.0,
2006-08-15,12385.0,12385.0,12385.0,12385.0,0.0,0.0,
2006-08-16,12385.0,12385.0,12385.0,12385.0,0.0,0.0,
2006-08-17,12385.0,12385.0,12385.0,12385.0,0.0,0.0,
2006-08-18,12385.0,12385.0,12385.0,12385.0,0.0,0.0,
2006-08-21,12385.0,12385.0,12385.0,12385.0,0.0,0.0,
2006-08-22,12385.0,12385.0,12385.0,12385.0,0.0,0.0,
2006-08-23,12385.0,12385.0,12385.0,12385.0,0.0,0.0,
2006-08-24,12385.0,12385.0,12385.0,12385.0,0.0,0.0,
2006-08-25,12385.0,12385.0,12385.0,12385.0,0.0,0.0,
2006-08-28,12385.0,12385.0,12385.0,12385.0,0.0,0.0,
2006-08-29,12385.0,12385.0,12385.0,12385.0,0.0,0.0,
2006-08-30,12385.0,12385.0,12385.0,12385.0,0.0,0.0,
2006-08-31,12385.0,12385.0,12385.0,12385.0,0.0,0.0,
2006-09-01,12385.0,12385.0,12385.0,12385.0,0.0,0.0,
2006-09-04,12385.0,12385.0,12385.0,12385.0,0.0,0.0,
2006-09-05,12385.0,12385.0,12385.0,12385.0,0.0,0.0,
2006-09-06,12385.0,12385.0,12385.0,12385.0,0.0,0.0,
2006-09-07,12385.0,12385.0,12385.0,12385.0,0.0,0.0,
2006-09-08,12385.0,12385.0,12385.0,12385.0,0.0,0.0,
2006-09-11,12385.0,12385.0,12385.0,12385.0,0.0,0.0,
2006-09-12,12385.0,12385.0,12385.0,12385.0,0.0,0.0,
2006-09-13,12385.0,12385.0,12385.0,12385.0,0.0,0.0,
2006-09-14,12385.0,12385.0,12385.0,12385.0,0.0,0.0,
2006-09-15,12385.0,12385.0,12385.0,12385.0,0.0,0.0,
2006-09-18,12385.0,12385.0,12385.0,12385.0,0.0,0.0,
2006-09-19,12385.0,12385.0,12385.0,12385.0,0.0,0.0,
2006-09-20,12385.0,12385.0,12385.0,12385.0,0.0,0.0,
2006-09-21,12385.0,12385.0,12385.0,12385.0,0.0,0.0,
2006-09-22,12385.0,12385.0,12385.0,12385.0,0.0,0.0,
2006-09-25,12385.0,12385.0,12385.0,12385.0,0.0,0.0,
2006-09-26,12385.0,12385.0,12385.0,12385.0,0.0,0.0,
2006-09-27,12385.0,12385.0,12385.0,12385.0,0.0,0.0,
2006-09-28,12385.0,12385.0,12385.0,12385.0,0.0,0.0,
2006-09-29,12385.0,12385.0,12385.0,12385.0,0.0,0.0,
2006-10-02,12385.0,12385.0,12385.0,12385.0,0.0,0.0,
2006-10-03,12385.0,12385.0,12385.0,12385.0,0.0,0.0,
2006-10-04,12385.0,12385.0,12385.0,12385.0,0.0,0.0,
2006-10-05,12385.0,12385.0,12385.0,12385.0,0.0,0.0,
2006-10-06,12385.0,12385.0,12385.0,12385.0,0.0,0.0,
2006-10-09,12385.0,12385.0,12385.0,12385.0,0.0,0.0,
2006-10-10,12385.0,12385.0,12385.0,12385.0,0.0,0.0,
2006-10-11,12385.0,12385.0,12385.0,12385.0,0.0,0.0,
2006-10-12,12385.0,12385.0,12385.0,12385.0,0.0,0.0,
2006-10-13,12385.0,12385.0,12385.0,12385.0,0.0,0.0,
2006-10-16,12385.0,12385.0,12385.0,12385.0,0.0,0.0,
2006-10-17,12385.0,12385.0,12385.0,12385.0,0.0,0.0,
2006-10-18,12385.0,12385.0,12385.0,12385.0,0.0,0.0,
2006-10-19,12385.0,12385.0,12385.0,12385.0,0.0,0.0,
2006-10-20,12385.0,12385.0,12385.0,12385.0,0.0,0.0,
2006-10-23,12385.0,12385.0,12385.0,12385.0,0.0,0.0,
2006-10-24,12385.0,12385.0,12385.0,12385.0,0.0,0.0,
2006-10-25,12385.0,12385.0,12385.0,12385.0,0.0,0.0,
2006-10-26,12385.0,12385.0,12385.0,12385.0,0.0,0.0,
2006-10-27,12385.0,12385.0,12385.0,12385.0,0.0,0.0,
2006-10-30,12385.0,12385.0,12385.0,12385.0,0.0,0.0,
2006-10-31,12385.0,12385.0,12385.0,12385.0,0.0,0.0,
2006-11-01,12385.0,12385.0,12385.0,12385.0,0.0,0.0,
2006-11-02,12385.0,12385.0,12385.0,12385.0,0.0,0.0,
2006-11-03,12385.0,12385.0,12385.0,12385.0,0.0,0.0,
2006-11-06,12385.0,12385.0,12385.0,12385.0,0.0,0.0,
2006-11-07,12385.0,12385.0,12385.0,12385.0,0.0,0.0,
2006-11-08,12385.0,12385.0,12385.0,12385.0,0.0,0.0,
2006-11-09,12385.0,12385.0,12385.0,12385.0,0.0,0.0,
2006-11-10,12385.0,12385.0,12385.0,12385.0,0.0,0.0,
2006-11-13,12385.0,12385.0,12385.0,12385.0,0.0,0.0,
2006-11-14,12385.0,12385.0,12385.0,12385.0,0.0,0.0,
2006-11-15,12385.0,12385.0,12385.0,12385.0,0.0,0.0,
2006-11-16,12385.0,12385.0,12385.0,12385.0,0.0,0.0,
2006-11-17,12385.0,12385.0,12385.0,12385.0,0.0,0.0,
2006-11-20,12385.0,12385.0,12385.0,12385.0,0.0,0.0,
2006-11-21,12385.0,12385.0,12385.0,12385.0,0.0,0.0,
2006-11-22,12385.0,12385.0,12385.0,12385.0,0.0,0.0,
2006-11-23,12385.0,12385.0,12385.0,12385.0,0.0,0.0,
2006-11-24,12385.0,12385.0,12385.0,12385.0,0.0,0.0,
2006-11-27,12385.0,12385.0,12385.0,12385.0,0.0,0.0,
2006-11-28,12385.0,12385.0,12385.0,12385.0,0.0,0.0,
2006-11-29,12385.0,12385.0,12385.0,12385.0,0.0,0.0,
2006-11-30,12385.0,12385.0,12385.0,12385.0,0.0,0.0,
2006-12-01,12385.0,12385.0,12385.0,12385.0,0.0,0.0,
2006-12-04,12385.0,12385.0,12385.0,12385.0,0.0,0.0,
2006-12-05,12385.0,12385.0,12385.0,12385.0,0.0,0.0,
2006-12-06,12385.0,12385.0,12385.0,12385.0,0.0,0.0,
2006-12-07,12385.0,12385.0,12385.0,12385.0,0.0,0.0,
2006-12-08,12385.0,12385.0,12385.0,12385.0,0.0,0.0,
2006-12-11,12385.0,12385.0,12385.0,12385.0,0.0,0.0,
2006-12-12,12385.0,12385.0,12385.0,12385.0,0.0,0.0,
2006-12-13,12385.0,12385.0,12385.0,12385.0,0.0,0.0,
2006-12-14,12385.0,12385.0,12385.0,12385.0,0.0,0.0,
2006-12-15,12385.0,12385.0,12385.0,12385.0,0.0,0.0,
2006-12-18,12385.0,12385.0,12385.0,12385.0,0.0,0.0,
2006-12-19,12385.0,12385.0,12385.0,12385.0,0.0,0.0,
2006-12-20,12385.0,12385.0,12385.0,12385.0,0.0,0.0,
2006-12-21,12385.0,12385.0,12385.0,12385.0,0.0,0.0,
2006-12-22,12385.0,12385.0,12385.0,12385.0,0.0,0.0,
2006-12-25,12385.0,12385.0,12385.0,12385.0,0.0,0.0,
2006-12-26,12385.0,12385.0,12385.0,12385.0,0.0,0.0,
2006-12-27,12385.0,12385.0,12385.0,12385.0,0.0,0.0,
2006-12-28,12385.0,12385.0,12385.0,12385.0,0.0,0.0,
2006-12-29,12385.0,12385.0,12385.0,12385.0,0.0,0.0,
2007-01-01,12385.0,12385.0,12385.0,12385.0,0.0,0.0,
2007-01-02,12385.0,12385.0,12385.0,12385.0,0.0,0.0,
2007-01-03,12385.0,12385.0,12385.0,12385.0,0.0,0.0,
2007-01-04,12385.0,12385.0,12385.0,12385.0,0.0,0.0,
2007-01-05,12385.0,12385.0,12385.0,12385.0,0.0,0.0,
2007-01-08,12385.0,12385.0,12385.0,12385.0,0.0,0.0,
2007-01-09,12385.0,12385.0,12385.0,12385.0,0.0,0.0,
2007-01-10,12385.0,12385.0,12385.0,12385.0,0.0,0.0,
2007-01-11,12385.0,12385.0,12385.0,12385.0,0.0,0.0,
2007-01-12,12385.0,12385.0,12385.0,12385.0,0.0,0.0,
2007-01-15,12385.0,12385.0,12385.0,12385.0,0.0,0.0,
2007-01-16,12385.0,12385.0,12385.0,12385.0,0.0,0.0,
2007-01-17,12385.0,12385.0,12385.0,12385.0,0.0,0.0,
2007-01-18,12385.0,12385.0,12385.0,12385.0,0.0,0.0,
2007-01-19,12385.0,12385.0,12385.0,12385.0,0.0,0.0,
2007-01-22,12385.0,12385.0,12385.0,12385.0,0.0,0.0,
2007-01-23,12385.0,12385.0,12385.0,12385.0,0.0,0.0,
2007-01-24,12385.0,12385.0,12385.0,12385.0,0.0,0.0,
2007-01-25,12385.0,12385.0,12385.0,12385.0,0.0,0.0,
2007-01-26,12385.0,12385.0,12385.0,12385.0,0.0,0.0,
2007-01-29,12385.0,12385.0,12385.0,12385.0,0.0,0.0,
2007-01-30,12385.0,12385.0,12385.0,12385.0,0.0,0.0,
2007-01-31,12385.0,12385.0,12385.0,12385.0,0.0,0.0,
2007-02-01,12385.0,12385.0,12385.0,12385.0,0.0,0.0,
2007-02-02,12385.0,12385.0,12385.0,12385.0,0.0,0.0,
2007-02-05,12385.0,12385.0,12385.0,12385.0,0.0,0.0,
2007-02-06,12385.0,12385.0,12385.0,12385.0,0.0,0.0,
2007-02-07,12385.0,12385.0,12385.0,12385.0,0.0,0.0,
2007-02-08,12385.0,12385.0,12385.0,12385.0,0.0,0.0,
2007-02-09,12385.0,12385.0,12385.0,12385.0,0.0,0.0,
2007-02-12,12385.0,12385.0,12385.0,12385.0,0.0,0.0,
2007-02-13,12385.0,12385.0,12385.0,12385.0,0.0,0.0,
2007-02-14,12385.0,12385.0,12385.0,12385.0,0.0,0.0,
2007-02-15,12385.0,12385.0,12385.0,12385.0,0.0,0.0,
2007-02-16,12385.0,12385.0,12385.0,12385.0,0.0,0.0,
2007-02-19,12385.0,12385.0,12385.0,12385.0,0.0,0.0,
2007-02-20,12385.0,12385.0,12385.0,12385.0,0.0,0.0,
2007-02-21,12385.0,12385.0,12385.0,12385.0,0.0,0.0,
2007-02-22,12385.0,12385.0,12385.0,12385.0,0.0,0.0,
2007-02-23,12385.0,12385.0,12385.0,12385.0,0.0,0.0,
2007-02-26,12385.0,12385.0,12385.0,12385.0,0.0,0.0,
2007-02-27,12385.0,12385.0,12385.0,12385.0,0.0,0.0,
2007-02-28,12385.0,12385.0,12385.0,12385.0,0.0,0.0,
2007-03-01,12385.0,12385.0,12385.0,12385.0,0.0,0.0,
2007-03-02,12385.0,12385.0,12385.0,12385.0,0.0,0.0,
2007-03-05,12385.0,12385.0,12385.0,12385.0,0.0,0.0,
2007-03-06,12385.0,12385.0,12385.0,12385.0,0.0,0.0,
2007-03-07,12385.0,12385.0,12385.0,12385.0,0.0,0.0,
2007-03-08,12385.0,12385.0,12385.0,12385.0,0.0,0.0,
2007-03-09,12385.0,12385.0,12385.0,12385.0,0.0,0.0,
2007-03-12,12385.0,12385.0,12385.0,12385.0,0.0,0.0,
2007-03-13,12385.0,12385.0,12385.0,12385.0,0.0,0.0,
2007-03-14,12385.0,12385.0,12385.0,12385.0,0.0,0.0,
2007-03-15,12385.0,12385.0,12385.0,12385.0,0.0,0.0,
2007-03-16,12385.0,12385.0,12385.0,12385.0,0.0,0.0,
2007-03-19,12385.0,12385.0,12385.0,12385.0,0.0,0.0,
2007-03-20,12385.0,12385.0,12385.0,12385.0,0.0,0.0,
2007-03-21,12385.0,12385.0,12385.0,12385.0,0.0,0.0,
2007-03-22,12385.0,12385.0,12385.0,12385.0,0.0,0.0,
2007-03-23,12385.0,12385.0,12385.0,12385.0,0.0,0.0,
2007-03-26,12385.0,12385.0,12385.0,12385.0,0.0,0.0,
2007-03-27,12385.0,12385.0,12385.0,12385.0,0.0,0.0,
2007-03-28,12385.0,12385.0,12385.0,12385.0,0.0,0.0,
2007-03-29,12385.0,12385.0,12385.0,12385.0,0.0,0.0,
2007-03-30,12385.0,12385.0,12385.0,12385.0,0.0,0.0,
2007-04-02,12385.0,12385.0,12385.0,12385.0,0.0,0.0,
2007-04-03,12385.0,12385.0,12385.0,12385.0,0.0,0.0,
2007-04-04,12385.0,12385.0,12385.0,12385.0,0.0,0.0,
2007-04-05,12385.0,12385.0,12385.0,12385.0,0.0,0.0,
2007-04-06,12385.0,12385.0,12385.0,12385.0,0.0,0.0,
2007-04-09,12385.0,12385.0,12385.0,12385.0,0.0,0.0,
2007-04-10,12385.0,12385.0,12385.0,12385.0,0.0,0.0,
2007-04-11,12385.0,12385.0,12385.0,12385.0,0.0,0.0,
2007-04-12,12385.0,12385.0,12385.0,12385.0,0.0,0.0,
2007-04-13,12385.0,12385.0,12385.0,12385.0,0.0,0.0,
2007-04-16,12385.0,12385.0,12385.0,12385.0,0.0,0.0,
2007-04-17,12385.0,12385.0,12385.0,12385.0,0.0,0.0,
2007-04-18,12385.0,12385.0,12385.0,12385.0,0.0,0.0,
2007-04-19,12385.0,12385.0,12385.0,12385.0,0.0,0.0,
2007-04-20,12385.0,12385.0,12385.0,12385.0,0.0,0.0,
2007-04-23,12385.0,12385.0,12385.0,12385.0,0.0,0.0,
2007-04-24,12385.0,12385.0,12385.0,12385.0,0.0,0.0,
2007-04-25,12385.0,12385.0,12385.0,12385.0,0.0,0.0,
2007-04-26,12385.0,12385.0,12385.0,12385.0,0.0,0.0,
2007-04-27,12385.0,12385.0,12385.0,12385.0,0.0,0.0,
2007-04-30,12385.0,12385.0,12385.0,12385.0,0.0,0.0,
2007-05-01,12385.0,12385.0,12385.0,12385.0,0.0,0.0,
2007-05-02,12385.0,12385.0,12385.0,12385.0,0.0,0.0,
2007-05-03,12385.0,12385.0,12385.0,12385.0,0.0,0.0,
2007-05-04,12385.0,12385.0,12385.0,12385.0,0.0,0.0,
2007-05-06,12385.0,12385.0,12385.0,12385.0,0.0,0.0,
2007-05-07,12385.0,12385.0,12385.0,12385.0,0.0,0.0,
2007-05-08,12385.0,12385.0,12385.0,12385.0,0.0,0.0,
2007-05-09,12385.0,12385.0,12385.0,12385.0,0.0,0.0,
2007-05-10,12385.0,12385.0,12385.0,12385.0,0.0,0.0,
2007-05-11,12385.0,12385.0,12385.0,12385.0,0.0,0.0,
2007-05-14,12385.0,12385.0,12385.0,12385.0,0.0,0.0,
2007-05-15,12385.0,12385.0,12385.0,12385.0,0.0,0.0,
2007-05-16,12385.0,12385.0,12385.0,12385.0,0.0,0.0,
2007-05-17,12385.0,12385.0,12385.0,12385.0,0.0,0.0,
2007-05-18,12385.0,12385.0,12385.0,12385.0,0.0,0.0,
2007-05-21,12385.0,12385.0,12385.0,12385.0,0.0,0.0,
2007-05-22,12385.0,12385.0,12385.0,12385.0,0.0,0.0,
2007-05-23,12385.0,12385.0,12385.0,12385.0,0.0,0.0,
2007-05-24,12385.0,12385.0,12385.0,12385.0,0.0,0.0,
2007-05-25,12385.0,12385.0,12385.0,12385.0,0.0,0.0,
2007-05-28,12385.0,12385.0,12385.0,12385.0,0.0,0.0,
2007-05-29,12385.0,12385.0,12385.0,12385.0,0.0,0.0,
2007-05-30,12385.0,12385.0,12385.0,12385.0,0.0,0.0,
2007-05-31,12385.0,12385.0,12385.0,12385.0,0.0,0.0,
2007-06-01,12385.0,12385.0,12385.0,12385.0,0.0,0.0,
2007-06-04,12385.0,12385.0,12385.0,12385.0,0.0,0.0,
2007-06-05,12385.0,12385.0,12385.0,12385.0,0.0,0.0,
2007-06-06,12385.0,12385.0,12385.0,12385.0,0.0,0.0,
2007-06-07,12385.0,12385.0,12385.0,12385.0,0.0,0.0,
2007-06-08,12385.0,12385.0,12385.0,12385.0,0.0,0.0,
2007-06-11,12385.0,12385.0,12385.0,12385.0,0.0,0.0,
2007-06-12,12385.0,12385.0,12385.0,12385.0,0.0,0.0,
2007-06-13,12385.0,12385.0,12385.0,12385.0,0.0,0.0,
2007-06-14,12385.0,12385.0,12385.0,12385.0,0.0,0.0,
2007-06-15,12385.0,12385.0,12385.0,12385.0,0.0,0.0,
2007-06-18,12385.0,12385.0,12385.0,12385.0,0.0,0.0,
2007-06-19,12385.0,12385.0,12385.0,12385.0,0.0,0.0,
2007-06-20,12385.0,12385.0,12385.0,12385.0,0.0,0.0,
2007-06-21,12385.0,12385.0,12385.0,12385.0,0.0,0.0,
2007-06-22,12385.0,12385.0,12385.0,12385.0,0.0,0.0,
2007-06-25,12385.0,12385.0,12385.0,12385.0,0.0,0.0,
2007-06-26,12385.0,12385.0,12385.0,12385.0,0.0,0.0,
2007-06-27,12385.0,12385.0,12385.0,12385.0,0.0,0.0,
2007-06-28,12385.0,12385.0,12385.0,12385.0,0.0,0.0,
2007-06-29,12385.0,12385.0,12385.0,12385.0,0.0,0.0,
2007-07-02,12385.0,12385.0,12385.0,12385.0,0.0,0.0,
2007-07-03,12385.0,12385.0,12385.0,12385.0,0.0,0.0,
2007-07-04,12385.0,12385.0,12385.0,12385.0,0.0,0.0,
2007-07-05,12385.0,12385.0,12385.0,12385.0,0.0,0.0,
2007-07-06,12385.0,12385.0,12385.0,12385.0,0.0,0.0,
2007-07-09,12385.0,12385.0,12385.0,12385.0,0.0,0.0,
2007-07-10,12385.0,12385.0,12385.0,12385.0,0.0,0.0,
2007-07-11,12385.0,12385.0,12385.0,12385.0,0.0,0.0,
2007-07-12,12385.0,12385.0,12385.0,12385.0,0.0,0.0,
2007-07-13,12385.0,12385.0,12385.0,12385.0,0.0,0.0,
2007-07-16,12385.0,12385.0,12385.0,12385.0,0.0,0.0,
2007-07-17,12385.0,12385.0,12385.0,12385.0,0.0,0.0,
2007-07-18,12385.0,12385.0,12385.0,12385.0,0.0,0.0,
2007-07-19,12385.0,12385.0,12385.0,12385.0,0.0,0.0,
2007-07-20,12385.0,12385.0,12385.0,12385.0,0.0,0.0,
2007-07-23,12385.0,12385.0,12385.0,12385.0,0.0,0.0,
2007-07-24,12385.0,12385.0,12385.0,12385.0,0.0,0.0,
2007-07-25,12385.0,12385.0,12385.0,12385.0,0.0,0.0,
2007-07-26,12385.0,12385.0,12385.0,12385.0,0.0,0.0,
2007-07-27,12385.0,12385.0,12385.0,12385.0,0.0,0.0,
2007-07-30,12385.0,12385.0,12385.0,12385.0,0.0,0.0,
2007-07-31,12385.0,12385.0,12385.0,12385.0,0.0,0.0,
2007-08-01,12385.0,12385.0,12385.0,12385.0,0.0,0.0,
2007-08-02,12385.0,12385.0,12385.0,12385.0,0.0,0.0,
2007-08-03,12385.0,12385.0,12385.0,12385.0,0.0,0.0,
2007-08-06,12385.0,12385.0,12385.0,12385.0,0.0,0.0,
2007-08-07,12385.0,12385.0,12385.0,12385.0,0.0,0.0,
2007-08-08,12385.0,12385.0,12385.0,12385.0,0.0,0.0,
2007-08-09,12385.0,12385.0,12385.0,12385.0,0.0,0.0,
2007-08-10,12385.0,12385.0,12385.0,12385.0,0.0,0.0,
2007-08-13,12385.0,12385.0,12385.0,12385.0,0.0,0.0,
2007-08-14,12385.0,12385.0,12385.0,12385.0,0.0,0.0,
2007-08-15,12385.0,12385.0,12385.0,12385.0,0.0,0.0,
2007-08-16,12385.0,12385.0,12385.0,12385.0,0.0,0.0,
2007-08-17,12385.0,12385.0,12385.0,12385.0,0.0,0.0,
2007-08-20,12385.0,12385.0,12385.0,12385.0,0.0,0.0,
2007-08-21,12385.0,12385.0,12385.0,12385.0,0.0,0.0,
2007-08-22,12385.0,12385.0,12385.0,12385.0,0.0,0.0,
2007-08-23,12385.0,12385.0,12385.0,12385.0,0.0,0.0,
2007-08-24,12385.0,12385.0,12385.0,12385.0,0.0,0.0,
2007-08-27,12385.0,12385.0,12385.0,12385.0,0.0,0.0,
2007-08-28,12385.0,12385.0,12385.0,12385.0,0.0,0.0,
2007-08-29,12385.0,12385.0,12385.0,12385.0,0.0,0.0,
2007-08-30,12385.0,12385.0,12385.0,12385.0,0.0,0.0,
2007-08-31,12385.0,12385.0,12385.0,12385.0,0.0,0.0,
2007-09-03,12385.0,12385.0,12385.0,12385.0,0.0,0.0,
2007-09-04,12385.0,12385.0,12385.0,12385.0,0.0,0.0,
2007-09-05,12385.0,12385.0,12385.0,12385.0,0.0,0.0,
2007-09-06,12385.0,12385.0,12385.0,12385.0,0.0,0.0,
2007-09-07,12385.0,12385.0,12385.0,12385.0,0.0,0.0,
2007-09-10,12385.0,12385.0,12385.0,12385.0,0.0,0.0,
2007-09-11,12385.0,12385.0,12385.0,12385.0,0.0,0.0,
2007-09-12,12385.0,12385.0,12385.0,12385.0,0.0,0.0,
2007-09-13,12385.0,12385.0,12385.0,12385.0,0.0,0.0,
2007-09-14,12385.0,12385.0,12385.0,12385.0,0.0,0.0,
2007-09-17,12385.0,12385.0,12385.0,12385.0,0.0,0.0,
2007-09-18,12385.0,12385.0,12385.0,12385.0,0.0,0.0,
2007-09-19,12385.0,12385.0,12385.0,12385.0,0.0,0.0,
2007-09-20,12385.0,12385.0,12385.0,12385.0,0.0,0.0,
2007-09-21,12385.0,12385.0,12385.0,12385.0,0.0,0.0,
2007-09-24,12385.0,12385.0,12385.0,12385.0,0.0,0.0,
2007-09-25,12385.0,12385.0,12385.0,12385.0,0.0,0.0,
2007-09-26,12385.0,12385.0,12385.0,12385.0,0.0,0.0,
2007-09-27,12385.0,12385.0,12385.0,12385.0,0.0,0.0,
2007-09-28,12385.0,12385.0,12385.0,12385.0,0.0,0.0,
2007-10-01,12385.0,12385.0,12385.0,12385.0,0.0,0.0,
2007-10-02,12385.0,12385.0,12385.0,12385.0,0.0,0.0,
2007-10-03,12385.0,12385.0,12385.0,12385.0,0.0,0.0,
2007-10-04,12385.0,12385.0,12385.0,12385.0,0.0,0.0,
2007-10-05,12385.0,12385.0,12385.0,12385.0,0.0,0.0,
2007-10-08,12385.0,12385.0,12385.0,12385.0,0.0,0.0,
2007-10-09,12385.0,12385.0,12385.0,12385.0,0.0,0.0,
2007-10-10,12385.0,12385.0,12385.0,12385.0,0.0,0.0,
2007-10-11,12385.0,12385.0,12385.0,12385.0,0.0,0.0,
2007-10-12,12385.0,12385.0,12385.0,12385.0,0.0,0.0,
2007-10-15,12385.0,12385.0,12385.0,12385.0,0.0,0.0,
2007-10-16,12385.0,12385.0,12385.0,12385.0,0.0,0.0,
2007-10-17,12385.0,12385.0,12385.0,12385.0,0.0,0.0,
2007-10-18,12385.0,12385.0,12385.0,12385.0,0.0,0.0,
2007-10-19,12385.0,12385.0,12385.0,12385.0,0.0,0.0,
2007-10-22,12385.0,12385.0,12385.0,12385.0,0.0,0.0,
2007-10-23,12385.0,12385.0,12385.0,12385.0,0.0,0.0,
2007-10-24,12385.0,12385.0,12385.0,12385.0,0.0,0.0,
2007-10-25,12385.0,12385.0,12385.0,12385.0,0.0,0.0,
2007-10-26,12385.0,12385.0,12385.0,12385.0,0.0,0.0,
2007-10-29,12385.0,12385.0,12385.0,12385.0,0.0,0.0,
2007-10-30,12385.0,12385.0,12385.0,12385.0,0.0,0.0,
2007-10-31,12385.0,12385.0,12385.0,12385.0,0.0,0.0,
2007-11-01,72700.0,72535.38,12385.0,72535.375,0.0,2800.0,127895785.0
2007-11-02,12385.0,12385.0,12385.0,12385.0,0.0,0.0,127895785.0
2007-11-05,68813.758,68800.0,12385.0,68800.0,0.0,200.0,127895785.0
2007-11-06,12385.0,12000.0,12000.0,12385.0,0.0,1.0,127895785.0
2007-11-07,67495.781,67495.781,12385.0,67495.781,0.0,600.0,127895785.0
2007-11-08,12385.0,12385.0,12385.0,12385.0,0.0,0.0,127895785.0
2007-11-09,63262.648,63262.648,12385.0,63262.648,0.0,800.0,127895785.0
2007-11-12,12385.0,12385.0,12385.0,12385.0,0.0,0.0,127895785.0
2007-11-13,59000.0,58601.77,12385.0,58611.72,0.0,2065.0,127895785.0
2007-11-14,63226.879,63226.879,12385.0,63226.879,0.0,2200.0,127895785.0
2007-11-15,64787.613,63943.34,12385.0,63951.3359,0.0,41800.0,127895785.0
2007-11-16,60870.0,60857.83,12385.0,60870.0,0.0,2000.0,127895785.0
2007-11-19,61565.262,61565.262,12385.0,61565.262,0.0,7825.0,127895785.0
2007-11-20,60400.0,57367.83,12385.0,60122.023,0.0,15300.0,127895785.0
2007-11-21,60774.0,60774.0,12385.0,60774.0,0.0,1800.0,127895785.0
2007-11-22,59097.0,59097.0,12385.0,59097.0,0.0,700.0,127895785.0
2007-11-23,12385.0,12385.0,12385.0,12385.0,0.0,0.0,127895785.0
2007-11-26,12385.0,12385.0,12385.0,12385.0,0.0,0.0,127895785.0
2007-11-27,12385.0,12385.0,12385.0,12385.0,0.0,0.0,127895785.0
2007-11-28,62200.0,62087.58,12385.0,62087.58,0.0,2050.0,127895785.0
2007-11-29,65097.551,65097.551,12385.0,65097.551,0.0,1200.0,127895785.0
2007-11-30,12385.0,12385.0,12385.0,12385.0,0.0,0.0,127895785.0
2007-12-03,12385.0,12385.0,12385.0,12385.0,0.0,0.0,127895785.0
2007-12-04,12385.0,12385.0,12385.0,12385.0,0.0,0.0,127895785.0
2007-12-05,67800.0,67800.0,12385.0,67800.0,0.0,10.0,127895785.0
2007-12-06,12385.0,12385.0,12385.0,12385.0,0.0,0.0,127895785.0
2007-12-07,67700.0,67700.0,12385.0,67700.0,0.0,21.0,127895785.0
2007-12-10,12385.0,12385.0,12385.0,12385.0,0.0,0.0,127895785.0
2007-12-11,12385.0,12385.0,12385.0,12385.0,0.0,0.0,127895785.0
2007-12-12,12385.0,12385.0,12385.0,12385.0,0.0,0.0,127895785.0
2007-12-13,64600.0,64600.0,12385.0,64600.0,0.0,100.0,127895785.0
2007-12-14,12385.0,12385.0,12385.0,12385.0,0.0,0.0,127895785.0
2007-12-17,12385.0,12385.0,12385.0,12385.0,0.0,0.0,127895785.0
2007-12-18,64100.0,64100.0,12385.0,64100.0,0.0,15.0,127895785.0
2007-12-19,12385.0,12385.0,12385.0,12385.0,0.0,0.0,127895785.0
2007-12-20,12385.0,12385.0,12385.0,12385.0,0.0,0.0,127895785.0
2007-12-21,12385.0,12385.0,12385.0,12385.0,0.0,0.0,127895785.0
2007-12-24,12385.0,12385.0,12385.0,12385.0,0.0,0.0,127895785.0
2007-12-25,12385.0,12385.0,12385.0,12385.0,0.0,0.0,127895785.0
2007-12-26,12385.0,12385.0,12385.0,12385.0,0.0,0.0,127895785.0
2007-12-27,12385.0,12385.0,12385.0,12385.0,0.0,0.0,127895785.0
2007-12-28,61350.0,61350.0,12385.0,61350.0,0.0,1800.0,127895785.0
2007-12-31,12385.0,12385.0,12385.0,12385.0,0.0,0.0,127895785.0
2008-01-01,12385.0,12385.0,12385.0,12385.0,0.0,0.0,127895785.0
2008-01-02,12385.0,12385.0,12385.0,12385.0,0.0,0.0,127895785.0
2008-01-03,66900.0,66900.0,12385.0,66900.0,0.0,600.0,127895785.0
2008-01-04,12385.0,12385.0,12385.0,12385.0,0.0,0.0,127895785.0
2008-01-07,12385.0,12385.0,12385.0,12385.0,0.0,0.0,127895785.0
2008-01-08,12385.0,12385.0,12385.0,12385.0,0.0,0.0,127895785.0
2008-01-09,12385.0,12385.0,12385.0,12385.0,0.0,0.0,127895785.0
2008-01-10,60200.0,12385.0,12385.0,60200.0,0.0,1.0,127895785.0
2008-01-11,60900.0,60900.0,12385.0,60900.0,0.0,80.0,127895785.0
2008-01-14,12385.0,12385.0,12385.0,12385.0,0.0,0.0,127895785.0
2008-01-15,7974.0,7974.0,12385.0,7974.0,0.0,100.0,127895785.0
2008-01-16,54012.035,54012.035,12385.0,54012.035,0.0,12650.0,127895785.0
2008-01-17,54798.219,53300.0,12385.0,54488.17,0.0,20020.0,127895785.0
2008-01-18,55300.0,50792.38,12385.0,50792.38,0.0,126.0,127895785.0
2008-01-21,12385.0,12385.0,12385.0,12385.0,0.0,0.0,127895785.0
2008-01-22,49939.293,49939.293,12385.0,49939.293,0.0,420.0,127895785.0
2008-01-23,54200.0,54191.87,12385.0,54191.87,0.0,1426.0,127895785.0
2008-01-24,12385.0,12385.0,12385.0,12385.0,0.0,0.0,127895785.0
2008-01-25,55533.816,55533.816,12385.0,55533.816,0.0,650.0,127895785.0
2008-01-28,12385.0,12385.0,12385.0,12385.0,0.0,0.0,127895785.0
2008-01-29,12385.0,12385.0,12385.0,12385.0,0.0,0.0,127895785.0
2008-01-30,12385.0,12385.0,12385.0,12385.0,0.0,0.0,127895785.0
2008-01-31,50856.0,50856.0,12385.0,50856.0,0.0,94.0,127895785.0
2008-02-01,12385.0,12385.0,12385.0,12385.0,0.0,0.0,127895785.0
2008-02-04,50288.555,50288.55,12385.0,50288.5547,0.0,800.0,127895785.0
2008-02-05,48843.684,48843.68,12385.0,48843.6836,0.0,200.0,127895785.0
2008-02-06,46337.68,46337.68,12385.0,46337.68,0.0,100.0,127895785.0
2008-02-07,46746.633,46746.633,12385.0,46746.633,0.0,3802.0,127895785.0
2008-02-08,12385.0,12385.0,12385.0,12385.0,0.0,0.0,127895785.0
2008-02-11,12385.0,12385.0,12385.0,12385.0,0.0,0.0,127895785.0
2008-02-12,12385.0,12385.0,12385.0,12385.0,0.0,0.0,127895785.0
2008-02-13,12385.0,12385.0,12385.0,12385.0,0.0,0.0,127895785.0
2008-02-14,12385.0,12385.0,12385.0,12385.0,0.0,0.0,127895785.0
2008-02-15,12385.0,12385.0,12385.0,12385.0,0.0,0.0,127895785.0
2008-02-18,12385.0,12385.0,12385.0,12385.0,0.0,0.0,127895785.0
2008-02-19,12385.0,12385.0,12385.0,12385.0,0.0,0.0,127895785.0
2008-02-20,12385.0,12385.0,12385.0,12385.0,0.0,0.0,127895785.0
2008-02-21,52163.637,52155.81,12385.0,52155.8125,0.0,1056.0,127895785.0
2008-02-22,54500.0,54500.0,12385.0,54500.0,0.0,4800.0,127895785.0
2008-02-25,55500.0,55500.0,12385.0,55500.0,0.0,60.0,127895785.0
2008-02-26,57528.0,57528.0,12385.0,57528.0,0.0,2500.0,127895785.0
2008-02-27,12385.0,12385.0,12385.0,12385.0,0.0,0.0,127895785.0
2008-02-28,12385.0,12385.0,12385.0,12385.0,0.0,0.0,127895785.0
2008-02-29,53885.715,53362.5,12385.0,53362.5,0.0,10600.0,127895785.0
2008-03-03,12385.0,12385.0,12385.0,12385.0,0.0,0.0,127895785.0
2008-03-04,12385.0,12385.0,12385.0,12385.0,0.0,0.0,127895785.0
2008-03-05,12385.0,12385.0,12385.0,12385.0,0.0,0.0,127895785.0
2008-03-06,12385.0,12385.0,12385.0,12385.0,0.0,0.0,127895785.0
2008-03-07,12385.0,12385.0,12385.0,12385.0,0.0,0.0,127895785.0
2008-03-10,12385.0,12385.0,12385.0,12385.0,0.0,0.0,127895785.0
2008-03-11,50000.0,50000.0,12385.0,50000.0,0.0,50.0,127895785.0
2008-03-12,12385.0,12385.0,12385.0,12385.0,0.0,0.0,127895785.0
2008-03-13,51295.844,51295.844,12385.0,51295.844,0.0,1822.0,127895785.0
2008-03-14,52295.895,52295.895,12385.0,52295.895,0.0,2292.0,127895785.0
2008-03-17,48937.672,48937.672,12385.0,48937.672,0.0,440.0,127895785.0
2008-03-18,12385.0,12385.0,12385.0,12385.0,0.0,0.0,127895785.0
2008-03-19,52100.0,52089.58,12385.0,52089.58,0.0,842.0,127895785.0
2008-03-20,12385.0,12385.0,12385.0,12385.0,0.0,0.0,127895785.0
2008-03-21,12385.0,12385.0,12385.0,12385.0,0.0,0.0,127895785.0
2008-03-24,12385.0,12385.0,12385.0,12385.0,0.0,0.0,127895785.0
2008-03-25,12385.0,12385.0,12385.0,12385.0,0.0,0.0,127895785.0
2008-03-26,52307.844,52300.0,12385.0,52307.844,0.0,352.0,127895785.0
2008-03-27,12385.0,12385.0,12385.0,12385.0,0.0,0.0,127895785.0
2008-03-28,12385.0,12385.0,12385.0,12385.0,0.0,0.0,127895785.0
2008-03-31,12385.0,12385.0,12385.0,12385.0,0.0,0.0,127895785.0
2008-04-01,53200.0,53200.0,12385.0,53200.0,0.0,300.0,127889647.0
2008-04-02,12385.0,12385.0,12385.0,12385.0,0.0,0.0,127889647.0
2008-04-03,12385.0,12385.0,12385.0,12385.0,0.0,0.0,127889647.0
2008-04-04,54413.602,54413.602,12385.0,54413.602,0.0,56.0,127889647.0
2008-04-07,12385.0,12385.0,12385.0,12385.0,0.0,0.0,127889647.0
2008-04-08,54931.0,54920.65,12385.0,54920.6523,0.0,288.0,127889647.0
2008-04-09,12385.0,12385.0,12385.0,12385.0,0.0,0.0,127889647.0
2008-04-10,12385.0,12385.0,12385.0,12385.0,0.0,0.0,127889647.0
2008-04-11,55500.0,55500.0,12385.0,55500.0,0.0,9.0,127889647.0
2008-04-14,12385.0,12385.0,12385.0,12385.0,0.0,0.0,127889647.0
2008-04-15,12385.0,12385.0,12385.0,12385.0,0.0,0.0,127889647.0
2008-04-16,52836.207,52836.207,12385.0,52836.207,0.0,84.0,127889647.0
2008-04-17,12385.0,12385.0,12385.0,12385.0,0.0,0.0,127889647.0
2008-04-18,12385.0,12385.0,12385.0,12385.0,0.0,0.0,127889647.0
2008-04-21,58764.719,58764.719,12385.0,58764.719,0.0,600.0,127889647.0
2008-04-22,12385.0,12385.0,12385.0,12385.0,0.0,0.0,127889647.0
2008-04-23,12385.0,12385.0,12385.0,12385.0,0.0,0.0,127889647.0
2008-04-24,58700.0,57900.0,57700.0,58200.0,0.0,9000.0,127889647.0
2008-04-25,57700.0,57700.0,57700.0,57700.0,0.0,0.0,127889647.0
2008-04-28,57700.0,57700.0,57700.0,57700.0,0.0,0.0,127889647.0
2008-04-29,57700.0,57700.0,57700.0,57700.0,0.0,0.0,127889647.0
2008-04-30,57077.16,57077.16,57700.0,57077.16,0.0,300.0,127889647.0
2008-05-01,56622.641,56622.64,57700.0,56622.64,0.0,300.0,127889647.0
2008-05-02,57700.0,57700.0,57700.0,57700.0,0.0,0.0,127889647.0
2008-05-05,57700.0,57700.0,57700.0,57700.0,0.0,0.0,127889647.0
2008-05-06,57700.0,57700.0,57700.0,57700.0,0.0,0.0,127889647.0
2008-05-07,57700.0,57700.0,57700.0,57700.0,0.0,0.0,127889647.0
2008-05-08,58400.0,58400.0,57700.0,58400.0,0.0,50.0,127889647.0
2008-05-09,57700.0,57700.0,57700.0,57700.0,0.0,0.0,127889647.0
2008-05-12,57700.0,57700.0,57700.0,57700.0,0.0,0.0,127889647.0
2008-05-13,57700.0,57700.0,57700.0,57700.0,0.0,0.0,127889647.0
2008-05-14,57700.0,57700.0,57700.0,57700.0,0.0,0.0,127889647.0
2008-05-15,57700.0,57700.0,57700.0,57700.0,0.0,0.0,127889647.0
2008-05-16,59900.0,59900.0,57700.0,59900.0,0.0,1000.0,127889647.0
2008-05-19,57700.0,57700.0,57700.0,57700.0,0.0,0.0,127889647.0
2008-05-20,57700.0,57700.0,57700.0,57700.0,0.0,0.0,127889647.0
2008-05-21,57700.0,57700.0,57700.0,57700.0,0.0,0.0,127889647.0
2008-05-22,57700.0,57700.0,57700.0,57700.0,0.0,0.0,127889647.0
2008-05-23,57700.0,57700.0,57700.0,57700.0,0.0,0.0,127889647.0
2008-05-26,57700.0,57700.0,57700.0,57700.0,0.0,0.0,127889647.0
2008-05-27,57700.0,57700.0,57700.0,57700.0,0.0,0.0,127889647.0
2008-05-28,57700.0,57700.0,57700.0,57700.0,0.0,0.0,127889647.0
2008-05-29,57700.0,57700.0,57700.0,57700.0,0.0,0.0,127889647.0
2008-05-30,57700.0,57700.0,57700.0,57700.0,0.0,0.0,127889647.0
2008-06-02,57700.0,57700.0,57700.0,57700.0,0.0,0.0,127889647.0
2008-06-03,57700.0,57700.0,57700.0,57700.0,0.0,0.0,127889647.0
2008-06-04,57700.0,57700.0,57700.0,57700.0,0.0,0.0,127889647.0
2008-06-05,57700.0,57700.0,57700.0,57700.0,0.0,0.0,127889647.0
2008-06-06,57700.0,57700.0,57700.0,57700.0,0.0,0.0,127889647.0
2008-06-09,57700.0,57700.0,57700.0,57700.0,0.0,0.0,127889647.0
2008-06-10,57700.0,57700.0,57700.0,57700.0,0.0,0.0,127889647.0
2008-06-11,57700.0,57700.0,57700.0,57700.0,0.0,0.0,127889647.0
2008-06-12,57700.0,57700.0,57700.0,57700.0,0.0,0.0,127889647.0
2008-06-13,58255.84,57500.0,57700.0,57500.0,0.0,2800.0,127889647.0
2008-06-16,57700.0,57700.0,57700.0,57700.0,0.0,0.0,127889647.0
2008-06-17,57700.0,57700.0,57700.0,57700.0,0.0,0.0,127889647.0
2008-06-18,57700.0,57700.0,57700.0,57700.0,0.0,0.0,127889647.0
2008-06-19,57700.0,57700.0,57700.0,57700.0,0.0,0.0,127889647.0
2008-06-20,57700.0,57700.0,57700.0,57700.0,0.0,0.0,127889647.0
2008-06-23,57700.0,57700.0,57700.0,57700.0,0.0,0.0,127889647.0
2008-06-24,57700.0,57700.0,57700.0,57700.0,0.0,0.0,127889647.0
2008-06-25,61900.0,61300.0,57700.0,61900.0,0.0,700.0,127889647.0
2008-06-26,57700.0,57700.0,57700.0,57700.0,0.0,0.0,127889647.0
2008-06-27,57700.0,57700.0,57700.0,57700.0,0.0,0.0,127889647.0
2008-06-30,57700.0,57700.0,57700.0,57700.0,0.0,0.0,127889647.0
2008-07-01,57700.0,57700.0,57700.0,57700.0,0.0,0.0,127889647.0
2008-07-02,57700.0,57700.0,57700.0,57700.0,0.0,0.0,127889647.0
2008-07-03,57700.0,57700.0,57700.0,57700.0,0.0,0.0,127889647.0
2008-07-04,57700.0,57700.0,57700.0,57700.0,0.0,0.0,127889647.0
2008-07-07,57700.0,57700.0,57700.0,57700.0,0.0,0.0,127889647.0
2008-07-08,57700.0,57700.0,57700.0,57700.0,0.0,0.0,127889647.0
2008-07-09,57700.0,57700.0,57700.0,57700.0,0.0,0.0,127889647.0
2008-07-10,57700.0,57700.0,57700.0,57700.0,0.0,0.0,127889647.0
2008-07-11,57700.0,57700.0,57700.0,57700.0,0.0,0.0,127889647.0
2008-07-14,57700.0,57700.0,57700.0,57700.0,0.0,0.0,127889647.0
2008-07-15,57700.0,57700.0,57700.0,57700.0,0.0,0.0,127889647.0
2008-07-16,57700.0,57700.0,57700.0,57700.0,0.0,0.0,127889647.0
2008-07-17,57700.0,57700.0,57700.0,57700.0,0.0,0.0,127889647.0
2008-07-18,57700.0,57700.0,57700.0,57700.0,0.0,0.0,127889647.0
2008-07-21,57700.0,57700.0,57700.0,57700.0,0.0,0.0,127889647.0
2008-07-22,57700.0,57700.0,57700.0,57700.0,0.0,0.0,127889647.0
2008-07-23,57700.0,57700.0,57700.0,57700.0,0.0,0.0,127889647.0
2008-07-24,57700.0,57700.0,57700.0,57700.0,0.0,0.0,127889647.0
2008-07-25,57700.0,57700.0,57700.0,57700.0,0.0,0.0,127889647.0
2008-07-28,57700.0,57700.0,57700.0,57700.0,0.0,0.0,127889647.0
2008-07-29,56172.93,56128.05,57700.0,56172.93,0.0,20000.0,127888117.0
2008-07-30,57521.227,57475.18,57700.0,57475.184,0.0,30000.0,127888117.0
2008-07-31,53397.531,52573.7,57700.0,52573.7,0.0,9000.0,127888117.0
2008-08-01,52204.199,51150.56,57700.0,51150.5625,0.0,2000.0,127888117.0
2008-08-04,52473.75,52437.0,57700.0,52437.0,0.0,200.0,127888117.0
2008-08-05,52200.0,52200.0,57700.0,52200.0,0.0,200.0,127888117.0
2008-08-06,54071.598,54071.598,57700.0,54071.598,0.0,10000.0,127888117.0
2008-08-07,57700.0,57700.0,57700.0,57700.0,0.0,0.0,127888117.0
2008-08-08,57700.0,57700.0,57700.0,57700.0,0.0,0.0,127888117.0
2008-08-11,53654.355,53654.355,57700.0,53654.355,0.0,2600.0,127888117.0
2008-08-12,54472.75,54472.75,57700.0,54472.75,0.0,3200.0,127888117.0
2008-08-13,57700.0,57700.0,57700.0,57700.0,0.0,0.0,127888117.0
2008-08-14,57700.0,57700.0,57700.0,57700.0,0.0,0.0,127888117.0
2008-08-15,57700.0,57700.0,57700.0,57700.0,0.0,0.0,127888117.0
2008-08-18,57700.0,57700.0,57700.0,57700.0,0.0,0.0,127888117.0
2008-08-19,57700.0,57700.0,57700.0,57700.0,0.0,0.0,127888117.0
2008-08-20,57700.0,57700.0,57700.0,57700.0,0.0,0.0,127888117.0
2008-08-21,57700.0,57700.0,57700.0,57700.0,0.0,0.0,127888117.0
2008-08-22,57700.0,57700.0,57700.0,57700.0,0.0,0.0,127888117.0
2008-08-25,57700.0,57700.0,57700.0,57700.0,0.0,0.0,127888117.0
2008-08-26,57700.0,57700.0,57700.0,57700.0,0.0,0.0,127888117.0
2008-08-27,57700.0,57700.0,57700.0,57700.0,0.0,0.0,127888117.0
2008-08-28,48750.0,48750.0,57700.0,48750.0,0.0,6200.0,127888117.0
2008-08-29,50305.988,50305.988,57700.0,50305.988,0.0,8600.0,127888117.0
2008-09-01,57700.0,57700.0,57700.0,57700.0,0.0,0.0,127888117.0
2008-09-02,57700.0,57700.0,57700.0,57700.0,0.0,0.0,127888117.0
2008-09-03,53424.121,53370.67,57700.0,53370.6719,0.0,35400.0,127888117.0
2008-09-04,53600.0,53526.75,57700.0,53600.0,0.0,47200.0,127888117.0
2008-09-05,51419.313,51419.313,57700.0,51419.313,0.0,31800.0,127888117.0
2008-09-08,57700.0,57700.0,57700.0,57700.0,0.0,0.0,127888117.0
2008-09-09,50934.52,50934.52,57700.0,50934.52,0.0,1000.0,127888117.0
2008-09-10,49417.383,49417.383,57700.0,49417.383,0.0,8636.0,127888117.0
2008-09-11,49267.352,48150.0,57700.0,48270.8203,0.0,57400.0,127888117.0
2008-09-12,57700.0,57700.0,57700.0,57700.0,0.0,0.0,127888117.0
2008-09-15,57700.0,57700.0,57700.0,57700.0,0.0,0.0,127888117.0
2008-09-16,45908.0,45577.2,57700.0,45908.0,0.0,2500.0,127888117.0
2008-09-17,47276.352,47276.35,57700.0,47276.35,0.0,1000.0,127888117.0
2008-09-18,44577.699,44577.699,57700.0,44577.699,0.0,1000.0,127888117.0
2008-09-19,47083.93,47083.93,57700.0,47083.93,0.0,1400.0,127888117.0
2008-09-22,57700.0,57700.0,57700.0,57700.0,0.0,0.0,127888117.0
2008-09-23,57700.0,57700.0,57700.0,57700.0,0.0,0.0,127888117.0
2008-09-24,48412.855,47488.66,57700.0,48374.176,0.0,8200.0,127888117.0
2008-09-25,47306.992,47306.992,57700.0,47306.992,0.0,4600.0,127888117.0
2008-09-26,57700.0,57700.0,57700.0,57700.0,0.0,0.0,127888117.0
2008-09-29,57700.0,57700.0,57700.0,57700.0,0.0,0.0,127888117.0
2008-09-30,42271.125,42271.125,57700.0,42271.125,0.0,2000.0,127886216.0
2008-10-01,57700.0,57700.0,57700.0,57700.0,0.0,0.0,127886216.0
2008-10-02,57700.0,57700.0,57700.0,57700.0,0.0,0.0,127886216.0
2008-10-03,57700.0,57700.0,57700.0,57700.0,0.0,0.0,127886216.0
2008-10-06,57700.0,57700.0,57700.0,57700.0,0.0,0.0,127886216.0
2008-10-07,57700.0,57700.0,57700.0,57700.0,0.0,0.0,127886216.0
2008-10-08,57700.0,57700.0,57700.0,57700.0,0.0,0.0,127886216.0
2008-10-09,57700.0,57700.0,57700.0,57700.0,0.0,0.0,127886216.0
2008-10-10,57700.0,57700.0,57700.0,57700.0,0.0,0.0,127886216.0
2008-10-13,57700.0,57700.0,57700.0,57700.0,0.0,0.0,127886216.0
2008-10-14,57700.0,57700.0,57700.0,57700.0,0.0,0.0,127886216.0
2008-10-15,57700.0,57700.0,57700.0,57700.0,0.0,0.0,127886216.0
2008-10-16,57700.0,57700.0,57700.0,57700.0,0.0,0.0,127886216.0
2008-10-17,57700.0,57700.0,57700.0,57700.0,0.0,0.0,127886216.0
2008-10-20,57700.0,57700.0,57700.0,57700.0,0.0,0.0,127886216.0
2008-10-21,57700.0,57700.0,57700.0,57700.0,0.0,0.0,127886216.0
2008-10-22,57700.0,57700.0,57700.0,57700.0,0.0,0.0,127886216.0
2008-10-23,57700.0,57700.0,57700.0,57700.0,0.0,0.0,127886216.0
2008-10-24,57700.0,57700.0,57700.0,57700.0,0.0,0.0,127886216.0
2008-10-27,57700.0,57700.0,57700.0,57700.0,0.0,0.0,127886216.0
2008-10-28,57700.0,57700.0,57700.0,57700.0,0.0,0.0,127886216.0
2008-10-29,57700.0,57700.0,57700.0,57700.0,0.0,0.0,127886216.0
2008-10-30,57700.0,57700.0,57700.0,57700.0,0.0,0.0,127886216.0
2008-10-31,57700.0,57700.0,57700.0,57700.0,0.0,0.0,127886216.0
2008-11-03,57700.0,57700.0,57700.0,57700.0,0.0,0.0,127886216.0
2008-11-04,57700.0,57700.0,57700.0,57700.0,0.0,0.0,127886216.0
2008-11-05,57700.0,57700.0,57700.0,57700.0,0.0,0.0,127886216.0
2008-11-06,57700.0,57700.0,57700.0,57700.0,0.0,0.0,127886216.0
2008-11-07,57700.0,57700.0,57700.0,57700.0,0.0,0.0,127886216.0
2008-11-10,57700.0,57700.0,57700.0,57700.0,0.0,0.0,127886216.0
2008-11-11,57700.0,57700.0,57700.0,57700.0,0.0,0.0,127886216.0
2008-11-12,57700.0,57700.0,57700.0,57700.0,0.0,0.0,127886216.0
2008-11-13,57700.0,57700.0,57700.0,57700.0,0.0,0.0,127886216.0
2008-11-14,57700.0,57700.0,57700.0,57700.0,0.0,0.0,127886216.0
2008-11-17,57700.0,57700.0,57700.0,57700.0,0.0,0.0,127886216.0
2008-11-18,57700.0,57700.0,57700.0,57700.0,0.0,0.0,127886216.0
2008-11-19,57700.0,57700.0,57700.0,57700.0,0.0,0.0,127886216.0
2008-11-20,57700.0,57700.0,57700.0,57700.0,0.0,0.0,127886216.0
2008-11-21,57700.0,57700.0,57700.0,57700.0,0.0,0.0,127886216.0
2008-11-24,57700.0,57700.0,57700.0,57700.0,0.0,0.0,127886216.0
2008-11-25,57700.0,57700.0,57700.0,57700.0,0.0,0.0,127886216.0
2008-11-26,57700.0,57700.0,57700.0,57700.0,0.0,0.0,127886216.0
2008-11-27,57700.0,57700.0,57700.0,57700.0,0.0,0.0,127886216.0
2008-11-28,57700.0,57700.0,57700.0,57700.0,0.0,0.0,127886216.0
2008-12-01,57700.0,57700.0,57700.0,57700.0,0.0,0.0,127886216.0
2008-12-02,57700.0,57700.0,57700.0,57700.0,0.0,0.0,127886216.0
2008-12-03,57700.0,57700.0,57700.0,57700.0,0.0,0.0,127886216.0
2008-12-04,57700.0,57700.0,57700.0,57700.0,0.0,0.0,127886216.0
2008-12-05,57700.0,57700.0,57700.0,57700.0,0.0,0.0,127886216.0
2008-12-08,57700.0,57700.0,57700.0,57700.0,0.0,0.0,127886216.0
2008-12-09,57700.0,57700.0,57700.0,57700.0,0.0,0.0,127886216.0
2008-12-10,57700.0,57700.0,57700.0,57700.0,0.0,0.0,127886216.0
2008-12-11,57700.0,57700.0,57700.0,57700.0,0.0,0.0,127886216.0
2008-12-12,57700.0,57700.0,57700.0,57700.0,0.0,0.0,127886216.0
2008-12-15,57700.0,57700.0,57700.0,57700.0,0.0,0.0,127886216.0
2008-12-16,57700.0,57700.0,57700.0,57700.0,0.0,0.0,127886216.0
2008-12-17,57700.0,57700.0,57700.0,57700.0,0.0,0.0,127886216.0
2008-12-18,57700.0,57700.0,57700.0,57700.0,0.0,0.0,127886216.0
2008-12-19,57700.0,57700.0,57700.0,57700.0,0.0,0.0,127886216.0
2008-12-22,57700.0,57700.0,57700.0,57700.0,0.0,0.0,127886216.0
2008-12-23,57700.0,57700.0,57700.0,57700.0,0.0,0.0,127886216.0
2008-12-24,57700.0,57700.0,57700.0,57700.0,0.0,0.0,127886216.0
2008-12-25,57700.0,57700.0,57700.0,57700.0,0.0,0.0,127886216.0
2008-12-26,57700.0,57700.0,57700.0,57700.0,0.0,0.0,127886216.0
2008-12-29,57700.0,57700.0,57700.0,57700.0,0.0,0.0,127886216.0
2008-12-30,57700.0,57700.0,57700.0,57700.0,0.0,0.0,127886216.0
2008-12-31,57700.0,57700.0,57700.0,57700.0,0.0,0.0,127886216.0
2009-01-01,57700.0,57700.0,57700.0,57700.0,0.0,0.0,127886216.0
2009-01-02,57700.0,57700.0,57700.0,57700.0,0.0,0.0,127886216.0
2009-01-05,57700.0,57700.0,57700.0,57700.0,0.0,0.0,127886216.0
2009-01-06,57700.0,57700.0,57700.0,57700.0,0.0,0.0,127886216.0
2009-01-07,57700.0,57700.0,57700.0,57700.0,0.0,0.0,127886216.0
2009-01-08,57700.0,57700.0,57700.0,57700.0,0.0,0.0,127886216.0
2009-01-09,57700.0,57700.0,57700.0,57700.0,0.0,0.0,127886216.0
2009-01-12,57700.0,57700.0,57700.0,57700.0,0.0,0.0,127886216.0
2009-01-13,57700.0,57700.0,57700.0,57700.0,0.0,0.0,127886216.0
2009-01-14,57700.0,57700.0,57700.0,57700.0,0.0,0.0,127886216.0
2009-01-15,57700.0,57700.0,57700.0,57700.0,0.0,0.0,127886216.0
2009-01-16,57700.0,57700.0,57700.0,57700.0,0.0,0.0,127886216.0
2009-01-19,57700.0,57700.0,57700.0,57700.0,0.0,0.0,127886216.0
2009-01-20,57700.0,57700.0,57700.0,57700.0,0.0,0.0,127886216.0
2009-01-21,57700.0,57700.0,57700.0,57700.0,0.0,0.0,127886216.0
2009-01-22,57700.0,57700.0,57700.0,57700.0,0.0,0.0,127886216.0
2009-01-23,57700.0,57700.0,57700.0,57700.0,0.0,0.0,127886216.0
2009-01-26,57700.0,57700.0,57700.0,57700.0,0.0,0.0,127886216.0
2009-01-27,57700.0,57700.0,57700.0,57700.0,0.0,0.0,127886216.0
2009-01-28,57700.0,57700.0,57700.0,57700.0,0.0,0.0,127886216.0
2009-01-29,57700.0,57700.0,57700.0,57700.0,0.0,0.0,127886216.0
2009-01-30,57700.0,57700.0,57700.0,57700.0,0.0,0.0,127886216.0
2009-02-02,57700.0,57700.0,57700.0,57700.0,0.0,0.0,127886216.0
2009-02-03,57700.0,57700.0,57700.0,57700.0,0.0,0.0,127886216.0
2009-02-04,57700.0,57700.0,57700.0,57700.0,0.0,0.0,127886216.0
2009-02-05,57700.0,57700.0,57700.0,57700.0,0.0,0.0,127886216.0
2009-02-06,57700.0,57700.0,57700.0,57700.0,0.0,0.0,127886216.0
2009-02-09,57700.0,57700.0,57700.0,57700.0,0.0,0.0,127886216.0
2009-02-10,57700.0,57700.0,57700.0,57700.0,0.0,0.0,127886216.0
2009-02-11,57700.0,57700.0,57700.0,57700.0,0.0,0.0,127886216.0
2009-02-12,57700.0,57700.0,57700.0,57700.0,0.0,0.0,127886216.0
2009-02-13,57700.0,57700.0,57700.0,57700.0,0.0,0.0,127886216.0
2009-02-16,57700.0,57700.0,57700.0,57700.0,0.0,0.0,127886216.0
2009-02-17,57700.0,57700.0,57700.0,57700.0,0.0,0.0,127886216.0
2009-02-18,57700.0,57700.0,57700.0,57700.0,0.0,0.0,127886216.0
2009-02-19,57700.0,57700.0,57700.0,57700.0,0.0,0.0,127886216.0
2009-02-20,57700.0,57700.0,57700.0,57700.0,0.0,0.0,127886216.0
2009-02-23,57700.0,57700.0,57700.0,57700.0,0.0,0.0,127886216.0
2009-02-24,57700.0,57700.0,57700.0,57700.0,0.0,0.0,127886216.0
2009-02-25,57700.0,57700.0,57700.0,57700.0,0.0,0.0,127886216.0
2009-02-26,57700.0,57700.0,57700.0,57700.0,0.0,0.0,127886216.0
2009-02-27,57700.0,57700.0,57700.0,57700.0,0.0,0.0,127886216.0
2009-03-02,57700.0,57700.0,57700.0,57700.0,0.0,0.0,127886216.0
2009-03-03,57700.0,57700.0,57700.0,57700.0,0.0,0.0,127886216.0
2009-03-04,57700.0,57700.0,57700.0,57700.0,0.0,0.0,127886216.0
2009-03-05,57700.0,57700.0,57700.0,57700.0,0.0,0.0,127886216.0
2009-03-06,57700.0,57700.0,57700.0,57700.0,0.0,0.0,127886216.0
2009-03-09,57700.0,57700.0,57700.0,57700.0,0.0,0.0,127886216.0
2009-03-10,57700.0,57700.0,57700.0,57700.0,0.0,0.0,127886216.0
2009-03-11,57700.0,57700.0,57700.0,57700.0,0.0,0.0,127886216.0
2009-03-12,57700.0,57700.0,57700.0,57700.0,0.0,0.0,127886216.0
2009-03-13,57700.0,57700.0,57700.0,57700.0,0.0,0.0,127886216.0
2009-03-16,57700.0,57700.0,57700.0,57700.0,0.0,0.0,127886216.0
2009-03-17,57700.0,57700.0,57700.0,57700.0,0.0,0.0,127886216.0
2009-03-18,57700.0,57700.0,57700.0,57700.0,0.0,0.0,127886216.0
2009-03-19,57700.0,57700.0,57700.0,57700.0,0.0,0.0,127886216.0
2009-03-20,57700.0,57700.0,57700.0,57700.0,0.0,0.0,127886216.0
2009-03-23,57700.0,57700.0,57700.0,57700.0,0.0,0.0,127886216.0
2009-03-24,57700.0,57700.0,57700.0,57700.0,0.0,0.0,127886216.0
2009-03-25,57700.0,57700.0,57700.0,57700.0,0.0,0.0,127886216.0
2009-03-26,57700.0,57700.0,57700.0,57700.0,0.0,0.0,127886216.0
2009-03-27,57700.0,57700.0,57700.0,57700.0,0.0,0.0,127886216.0
2009-03-29,57700.0,57700.0,57700.0,57700.0,0.0,0.0,127886216.0
2009-03-30,57700.0,57700.0,57700.0,57700.0,0.0,0.0,127886216.0
2009-03-31,57700.0,57700.0,57700.0,57700.0,0.0,0.0,127886216.0
2009-04-01,57700.0,57700.0,57700.0,57700.0,0.0,0.0,127886216.0
2009-04-02,57700.0,57700.0,57700.0,57700.0,0.0,0.0,127886216.0
2009-04-03,57700.0,57700.0,57700.0,57700.0,0.0,0.0,127886216.0
2009-04-06,57700.0,57700.0,57700.0,57700.0,0.0,0.0,127886216.0
2009-04-07,57700.0,57700.0,57700.0,57700.0,0.0,0.0,127886216.0
2009-04-08,57700.0,57700.0,57700.0,57700.0,0.0,0.0,127886216.0
2009-04-09,57700.0,57700.0,57700.0,57700.0,0.0,0.0,127886216.0
2009-04-10,57700.0,57700.0,57700.0,57700.0,0.0,0.0,127886216.0
2009-04-13,57700.0,57700.0,57700.0,57700.0,0.0,0.0,127886216.0
2009-04-14,57700.0,57700.0,57700.0,57700.0,0.0,0.0,127886216.0
2009-04-15,57700.0,57700.0,57700.0,57700.0,0.0,0.0,127886216.0
2009-04-16,57700.0,57700.0,57700.0,57700.0,0.0,0.0,127886216.0
2009-04-17,57700.0,57700.0,57700.0,57700.0,0.0,0.0,127886216.0
2009-04-20,57700.0,57700.0,57700.0,57700.0,0.0,0.0,127886216.0
2009-04-21,57700.0,57700.0,57700.0,57700.0,0.0,0.0,127886216.0
2009-04-22,57700.0,57700.0,57700.0,57700.0,0.0,0.0,127886216.0
2009-04-23,57700.0,57700.0,57700.0,57700.0,0.0,0.0,127886216.0
2009-04-24,57700.0,57700.0,57700.0,57700.0,0.0,0.0,127886216.0
2009-04-27,57700.0,57700.0,57700.0,57700.0,0.0,0.0,127886216.0
2009-04-28,57700.0,57700.0,57700.0,57700.0,0.0,0.0,127886216.0
2009-04-29,57700.0,57700.0,57700.0,57700.0,0.0,0.0,127886216.0
2009-04-30,57700.0,57700.0,57700.0,57700.0,0.0,0.0,127886216.0
2009-05-01,57700.0,57700.0,57700.0,57700.0,0.0,0.0,127886216.0
2009-05-04,57700.0,57700.0,57700.0,57700.0,0.0,0.0,127886216.0
2009-05-05,57700.0,57700.0,57700.0,57700.0,0.0,0.0,127886216.0
2009-05-06,57700.0,57700.0,57700.0,57700.0,0.0,0.0,127886216.0
2009-05-07,57700.0,57700.0,57700.0,57700.0,0.0,0.0,127886216.0
2009-05-08,57700.0,57700.0,57700.0,57700.0,0.0,0.0,127886216.0
2009-05-11,57700.0,57700.0,57700.0,57700.0,0.0,0.0,127886216.0
2009-05-12,57700.0,57700.0,57700.0,57700.0,0.0,0.0,127886216.0
2009-05-13,57700.0,57700.0,57700.0,57700.0,0.0,0.0,127886216.0
2009-05-14,57700.0,57700.0,57700.0,57700.0,0.0,0.0,127886216.0
2009-05-15,57700.0,57700.0,57700.0,57700.0,0.0,0.0,127886216.0
2009-05-18,57700.0,57700.0,57700.0,57700.0,0.0,0.0,127886216.0
2009-05-19,57700.0,57700.0,57700.0,57700.0,0.0,0.0,127886216.0
2009-05-20,57700.0,57700.0,57700.0,57700.0,0.0,0.0,127886216.0
2009-05-21,57700.0,57700.0,57700.0,57700.0,0.0,0.0,127886216.0
2009-05-22,57700.0,57700.0,57700.0,57700.0,0.0,0.0,127886216.0
2009-05-25,57700.0,57700.0,57700.0,57700.0,0.0,0.0,127886216.0
2009-05-26,57700.0,57700.0,57700.0,57700.0,0.0,0.0,127886216.0
2009-05-27,57700.0,57700.0,57700.0,57700.0,0.0,0.0,127886216.0
2009-05-28,57700.0,57700.0,57700.0,57700.0,0.0,0.0,127886216.0
2009-05-29,57700.0,57700.0,57700.0,57700.0,0.0,0.0,127886216.0
2009-06-01,57700.0,57700.0,57700.0,57700.0,0.0,0.0,127886216.0
2009-06-02,57700.0,57700.0,57700.0,57700.0,0.0,0.0,127886216.0
2009-06-03,57700.0,57700.0,57700.0,57700.0,0.0,0.0,127886216.0
2009-06-04,57700.0,57700.0,57700.0,57700.0,0.0,0.0,127886216.0
2009-06-05,57700.0,57700.0,57700.0,57700.0,0.0,0.0,127886216.0
2009-06-08,57700.0,57700.0,57700.0,57700.0,0.0,0.0,127886216.0
2009-06-09,57700.0,57700.0,57700.0,57700.0,0.0,0.0,127886216.0
2009-06-10,57700.0,57700.0,57700.0,57700.0,0.0,0.0,127886216.0
2009-06-11,57700.0,57700.0,57700.0,57700.0,0.0,0.0,127886216.0
2009-06-12,57700.0,57700.0,57700.0,57700.0,0.0,0.0,127886216.0
2009-06-15,57700.0,57700.0,57700.0,57700.0,0.0,0.0,127886216.0
2009-06-16,57700.0,57700.0,57700.0,57700.0,0.0,0.0,127886216.0
2009-06-17,57700.0,57700.0,57700.0,57700.0,0.0,0.0,127886216.0
2009-06-18,57700.0,57700.0,57700.0,57700.0,0.0,0.0,127886216.0
2009-06-19,57700.0,57700.0,57700.0,57700.0,0.0,0.0,127886216.0
2009-06-22,57700.0,57700.0,57700.0,57700.0,0.0,0.0,127886216.0
2009-06-23,57700.0,57700.0,57700.0,57700.0,0.0,0.0,127886216.0
2009-06-24,57700.0,57700.0,57700.0,57700.0,0.0,0.0,127886216.0
2009-06-25,57700.0,57700.0,57700.0,57700.0,0.0,0.0,127886216.0
2009-06-26,57700.0,57700.0,57700.0,57700.0,0.0,0.0,127886216.0
2009-06-29,57700.0,57700.0,57700.0,57700.0,0.0,0.0,127886216.0
2009-06-30,57700.0,57700.0,57700.0,57700.0,0.0,0.0,127886216.0
2009-07-01,57700.0,57700.0,57700.0,57700.0,0.0,0.0,127886216.0
2009-07-02,57700.0,57700.0,57700.0,57700.0,0.0,0.0,127886216.0
2009-07-03,57700.0,57700.0,57700.0,57700.0,0.0,0.0,127886216.0
2009-07-06,57700.0,57700.0,57700.0,57700.0,0.0,0.0,127886216.0
2009-07-07,57700.0,57700.0,57700.0,57700.0,0.0,0.0,127886216.0
2009-07-08,57700.0,57700.0,57700.0,57700.0,0.0,0.0,127886216.0
2009-07-09,57700.0,57700.0,57700.0,57700.0,0.0,0.0,127886216.0
2009-07-10,57700.0,57700.0,57700.0,57700.0,0.0,0.0,127886216.0
2009-07-13,57700.0,57700.0,57700.0,57700.0,0.0,0.0,127886216.0
2009-07-14,57700.0,57700.0,57700.0,57700.0,0.0,0.0,127886216.0
2009-07-15,57700.0,57700.0,57700.0,57700.0,0.0,0.0,127886216.0
2009-07-16,57700.0,57700.0,57700.0,57700.0,0.0,0.0,127886216.0
2009-07-17,57700.0,57700.0,57700.0,57700.0,0.0,0.0,127886216.0
2009-07-20,57700.0,57700.0,57700.0,57700.0,0.0,0.0,127886216.0
2009-07-21,57700.0,57700.0,57700.0,57700.0,0.0,0.0,127886216.0
2009-07-22,57700.0,57700.0,57700.0,57700.0,0.0,0.0,127886216.0
2009-07-23,57700.0,57700.0,57700.0,57700.0,0.0,0.0,127886216.0
2009-07-24,57700.0,57700.0,57700.0,57700.0,0.0,0.0,127886216.0
2009-07-27,57700.0,57700.0,57700.0,57700.0,0.0,0.0,127886216.0
2009-07-28,57700.0,57700.0,57700.0,57700.0,0.0,0.0,127886216.0
2009-07-29,57700.0,57700.0,57700.0,57700.0,0.0,0.0,127886216.0
2009-07-30,57700.0,57700.0,57700.0,57700.0,0.0,0.0,127886216.0
2009-07-31,57700.0,57700.0,57700.0,57700.0,0.0,0.0,127886216.0
2009-08-03,57700.0,57700.0,57700.0,57700.0,0.0,0.0,127886216.0
2009-08-04,57700.0,57700.0,57700.0,57700.0,0.0,0.0,127886216.0
2009-08-05,57700.0,57700.0,57700.0,57700.0,0.0,0.0,127886216.0
2009-08-06,57700.0,57700.0,57700.0,57700.0,0.0,0.0,127886216.0
2009-08-07,57700.0,57700.0,57700.0,57700.0,0.0,0.0,127886216.0
2009-08-10,57700.0,57700.0,57700.0,57700.0,0.0,0.0,127886216.0
2009-08-11,57700.0,57700.0,57700.0,57700.0,0.0,0.0,127886216.0
2009-08-12,57700.0,57700.0,57700.0,57700.0,0.0,0.0,127886216.0
2009-08-13,57700.0,57700.0,57700.0,57700.0,0.0,0.0,127886216.0
2009-08-14,57700.0,57700.0,57700.0,57700.0,0.0,0.0,127886216.0
2009-08-17,57700.0,57700.0,57700.0,57700.0,0.0,0.0,127886216.0
2009-08-18,57700.0,57700.0,57700.0,57700.0,0.0,0.0,127886216.0
2009-08-19,57700.0,57700.0,57700.0,57700.0,0.0,0.0,127886216.0
2009-08-20,57700.0,57700.0,57700.0,57700.0,0.0,0.0,127886216.0
2009-08-21,57700.0,57700.0,57700.0,57700.0,0.0,0.0,127886216.0
2009-08-24,57700.0,57700.0,57700.0,57700.0,0.0,0.0,127886216.0
2009-08-25,57700.0,57700.0,57700.0,57700.0,0.0,0.0,127886216.0
2009-08-26,57700.0,57700.0,57700.0,57700.0,0.0,0.0,127886216.0
2009-08-27,57700.0,57700.0,57700.0,57700.0,0.0,0.0,127886216.0
2009-08-28,57700.0,57700.0,57700.0,57700.0,0.0,0.0,127886216.0
2009-08-31,57700.0,57700.0,57700.0,57700.0,0.0,0.0,127886216.0
2009-09-01,57700.0,57700.0,57700.0,57700.0,0.0,0.0,127886216.0
2009-09-02,57700.0,57700.0,57700.0,57700.0,0.0,0.0,127886216.0
2009-09-03,57700.0,57700.0,57700.0,57700.0,0.0,0.0,127886216.0
2009-09-04,57700.0,57700.0,57700.0,57700.0,0.0,0.0,127886216.0
2009-09-07,57700.0,57700.0,57700.0,57700.0,0.0,0.0,127886216.0
2009-09-08,57700.0,57700.0,57700.0,57700.0,0.0,0.0,127886216.0
2009-09-09,57700.0,57700.0,57700.0,57700.0,0.0,0.0,127886216.0
2009-09-10,57700.0,57700.0,57700.0,57700.0,0.0,0.0,127886216.0
2009-09-11,57700.0,57700.0,57700.0,57700.0,0.0,0.0,127886216.0
2009-09-14,57700.0,57700.0,57700.0,57700.0,0.0,0.0,127886216.0
2009-09-15,57700.0,57700.0,57700.0,57700.0,0.0,0.0,127886216.0
2009-09-16,57700.0,57700.0,57700.0,57700.0,0.0,0.0,127886216.0
2009-09-17,57700.0,57700.0,57700.0,57700.0,0.0,0.0,127886216.0
2009-09-18,57700.0,57700.0,57700.0,57700.0,0.0,0.0,127886216.0
2009-09-21,57700.0,57700.0,57700.0,57700.0,0.0,0.0,127886216.0
2009-09-22,57700.0,57700.0,57700.0,57700.0,0.0,0.0,127886216.0
2009-09-23,57700.0,57700.0,57700.0,57700.0,0.0,0.0,127886216.0
2009-09-24,57700.0,57700.0,57700.0,57700.0,0.0,0.0,127886216.0
2009-09-25,57700.0,57700.0,57700.0,57700.0,0.0,0.0,127886216.0
2009-09-28,57700.0,57700.0,57700.0,57700.0,0.0,0.0,127886216.0
2009-09-29,57700.0,57700.0,57700.0,57700.0,0.0,0.0,127886216.0
2009-09-30,57700.0,57700.0,57700.0,57700.0,0.0,0.0,127886216.0
2009-10-01,57700.0,57700.0,57700.0,57700.0,0.0,0.0,127886216.0
2009-10-02,57700.0,57700.0,57700.0,57700.0,0.0,0.0,127886216.0
2009-10-05,57700.0,57700.0,57700.0,57700.0,0.0,0.0,127886216.0
2009-10-06,57700.0,57700.0,57700.0,57700.0,0.0,0.0,127886216.0
2009-10-07,57700.0,57700.0,57700.0,57700.0,0.0,0.0,127886216.0
2009-10-08,57700.0,57700.0,57700.0,57700.0,0.0,0.0,127886216.0
2009-10-09,57700.0,57700.0,57700.0,57700.0,0.0,0.0,127886216.0
2009-10-12,57700.0,57700.0,57700.0,57700.0,0.0,0.0,127886216.0
2009-10-13,57700.0,57700.0,57700.0,57700.0,0.0,0.0,127886216.0
2009-10-14,57700.0,57700.0,57700.0,57700.0,0.0,0.0,127886216.0
2009-10-15,57700.0,57700.0,57700.0,57700.0,0.0,0.0,127886216.0
2009-10-16,57700.0,57700.0,57700.0,57700.0,0.0,0.0,127886216.0
2009-10-17,57700.0,57700.0,57700.0,57700.0,0.0,0.0,127886216.0
2009-10-19,57700.0,57700.0,57700.0,57700.0,0.0,0.0,127886216.0
2009-10-20,57700.0,57700.0,57700.0,57700.0,0.0,0.0,127886216.0
2009-10-21,57700.0,57700.0,57700.0,57700.0,0.0,0.0,127886216.0
2009-10-22,57700.0,57700.0,57700.0,57700.0,0.0,0.0,127886216.0
2009-10-23,57700.0,57700.0,57700.0,57700.0,0.0,0.0,127886216.0
2009-10-26,57700.0,57700.0,57700.0,57700.0,0.0,0.0,127886216.0
2009-10-27,57700.0,57700.0,57700.0,57700.0,0.0,0.0,127886216.0
2009-10-28,57700.0,57700.0,57700.0,57700.0,0.0,0.0,127886216.0
2009-10-29,57700.0,57700.0,57700.0,57700.0,0.0,0.0,127886216.0
2009-10-30,57700.0,57700.0,57700.0,57700.0,0.0,0.0,127886216.0
2009-11-02,57700.0,57700.0,57700.0,57700.0,0.0,0.0,127886216.0
2009-11-03,57700.0,57700.0,57700.0,57700.0,0.0,0.0,127886216.0
2009-11-04,57700.0,57700.0,57700.0,57700.0,0.0,0.0,127886216.0
2009-11-05,57700.0,57700.0,57700.0,57700.0,0.0,0.0,127886216.0
2009-11-06,57700.0,57700.0,57700.0,57700.0,0.0,0.0,127886216.0
2009-11-09,57700.0,57700.0,57700.0,57700.0,0.0,0.0,127886216.0
2009-11-10,57700.0,57700.0,57700.0,57700.0,0.0,0.0,127886216.0
2009-11-11,57700.0,57700.0,57700.0,57700.0,0.0,0.0,127886216.0
2009-11-12,57700.0,57700.0,57700.0,57700.0,0.0,0.0,127886216.0
2009-11-13,57700.0,57700.0,57700.0,57700.0,0.0,0.0,127886216.0
2009-11-16,57700.0,57700.0,57700.0,57700.0,0.0,0.0,127886216.0
2009-11-17,57700.0,57700.0,57700.0,57700.0,0.0,0.0,127886216.0
2009-11-18,57700.0,57700.0,57700.0,57700.0,0.0,0.0,127886216.0
2009-11-19,57700.0,57700.0,57700.0,57700.0,0.0,0.0,127886216.0
2009-11-20,57700.0,57700.0,57700.0,57700.0,0.0,0.0,127886216.0
2009-11-23,57700.0,57700.0,57700.0,57700.0,0.0,0.0,127886216.0
2009-11-24,57700.0,57700.0,57700.0,57700.0,0.0,0.0,127886216.0
2009-11-25,57700.0,57700.0,57700.0,57700.0,0.0,0.0,127886216.0
2009-11-26,57700.0,57700.0,57700.0,57700.0,0.0,0.0,127886216.0
2009-11-27,57700.0,57700.0,57700.0,57700.0,0.0,0.0,127886216.0
2009-11-30,57700.0,57700.0,57700.0,57700.0,0.0,0.0,127886216.0
2009-12-01,57700.0,57700.0,57700.0,57700.0,0.0,0.0,127886216.0
2009-12-02,57700.0,57700.0,57700.0,57700.0,0.0,0.0,127886216.0
2009-12-03,57700.0,57700.0,57700.0,57700.0,0.0,0.0,127886216.0
2009-12-04,57700.0,57700.0,57700.0,57700.0,0.0,0.0,127886216.0
2009-12-07,57700.0,57700.0,57700.0,57700.0,0.0,0.0,127886216.0
2009-12-08,57700.0,57700.0,57700.0,57700.0,0.0,0.0,127886216.0
2009-12-09,57700.0,57700.0,57700.0,57700.0,0.0,0.0,127886216.0
2009-12-10,57700.0,57700.0,57700.0,57700.0,0.0,0.0,127886216.0
2009-12-11,57700.0,57700.0,57700.0,57700.0,0.0,0.0,127886216.0
2009-12-14,57700.0,57700.0,57700.0,57700.0,0.0,0.0,127886216.0
2009-12-15,57700.0,57700.0,57700.0,57700.0,0.0,0.0,127886216.0
2009-12-16,57700.0,57700.0,57700.0,57700.0,0.0,0.0,127886216.0
2009-12-17,57700.0,57700.0,57700.0,57700.0,0.0,0.0,127886216.0
2009-12-18,57700.0,57700.0,57700.0,57700.0,0.0,0.0,127886216.0
2009-12-21,57700.0,57700.0,57700.0,57700.0,0.0,0.0,127886216.0
2009-12-22,57700.0,57700.0,57700.0,57700.0,0.0,0.0,127886216.0
2009-12-23,57700.0,57700.0,57700.0,57700.0,0.0,0.0,127886216.0
2009-12-24,57700.0,57700.0,57700.0,57700.0,0.0,0.0,127886216.0
2009-12-25,57700.0,57700.0,57700.0,57700.0,0.0,0.0,127886216.0
2009-12-28,57700.0,57700.0,57700.0,57700.0,0.0,0.0,127886216.0
2009-12-29,57700.0,57700.0,57700.0,57700.0,0.0,0.0,127886216.0
2009-12-30,57700.0,57700.0,57700.0,57700.0,0.0,0.0,127886216.0
2009-12-31,57700.0,57700.0,57700.0,57700.0,0.0,0.0,127886216.0
2010-01-01,57700.0,57700.0,57700.0,57700.0,0.0,0.0,127886216.0
2010-01-04,57700.0,57700.0,57700.0,57700.0,0.0,0.0,127886216.0
2010-01-05,57700.0,57700.0,57700.0,57700.0,0.0,0.0,127886216.0
2010-01-06,57700.0,57700.0,57700.0,57700.0,0.0,0.0,127886216.0
2010-01-07,57700.0,57700.0,57700.0,57700.0,0.0,0.0,127886216.0
2010-01-08,57700.0,57700.0,57700.0,57700.0,0.0,0.0,127886216.0
2010-01-11,57700.0,57700.0,57700.0,57700.0,0.0,0.0,127886216.0
2010-01-12,57700.0,57700.0,57700.0,57700.0,0.0,0.0,127886216.0
2010-01-13,57700.0,57700.0,57700.0,57700.0,0.0,0.0,127886216.0
2010-01-14,57700.0,57700.0,57700.0,57700.0,0.0,0.0,127886216.0
2010-01-15,57700.0,57700.0,57700.0,57700.0,0.0,0.0,127886216.0
2010-01-18,57700.0,57700.0,57700.0,57700.0,0.0,0.0,127886216.0
2010-01-19,57700.0,57700.0,57700.0,57700.0,0.0,0.0,127886216.0
2010-01-20,57700.0,57700.0,57700.0,57700.0,0.0,0.0,127886216.0
2010-01-21,57700.0,57700.0,57700.0,57700.0,0.0,0.0,127886216.0
2010-01-22,57700.0,57700.0,57700.0,57700.0,0.0,0.0,127886216.0
2010-01-25,57700.0,57700.0,57700.0,57700.0,0.0,0.0,127886216.0
2010-01-26,57700.0,57700.0,57700.0,57700.0,0.0,0.0,127886216.0
2010-01-27,57700.0,57700.0,57700.0,57700.0,0.0,0.0,127886216.0
2010-01-28,57700.0,57700.0,57700.0,57700.0,0.0,0.0,127886216.0
2010-01-29,57700.0,57700.0,57700.0,57700.0,0.0,0.0,127886216.0
2010-02-01,57700.0,57700.0,57700.0,57700.0,0.0,0.0,127886216.0
2010-02-02,57700.0,57700.0,57700.0,57700.0,0.0,0.0,127886216.0
2010-02-03,57700.0,57700.0,57700.0,57700.0,0.0,0.0,127886216.0
2010-02-04,57700.0,57700.0,57700.0,57700.0,0.0,0.0,127886216.0
2010-02-05,57700.0,57700.0,57700.0,57700.0,0.0,0.0,127886216.0
2010-02-08,57700.0,57700.0,57700.0,57700.0,0.0,0.0,127886216.0
2010-02-09,57700.0,57700.0,57700.0,57700.0,0.0,0.0,127886216.0
2010-02-10,57700.0,57700.0,57700.0,57700.0,0.0,0.0,127886216.0
2010-02-11,57700.0,57700.0,57700.0,57700.0,0.0,0.0,127886216.0
2010-02-12,57700.0,57700.0,57700.0,57700.0,0.0,0.0,127886216.0
2010-02-15,57700.0,57700.0,57700.0,57700.0,0.0,0.0,127886216.0
2010-02-16,57700.0,57700.0,57700.0,57700.0,0.0,0.0,127886216.0
2010-02-17,57700.0,57700.0,57700.0,57700.0,0.0,0.0,127886216.0
2010-02-18,57700.0,57700.0,57700.0,57700.0,0.0,0.0,127886216.0
2010-02-19,57700.0,57700.0,57700.0,57700.0,0.0,0.0,127886216.0
2010-02-22,57700.0,57700.0,57700.0,57700.0,0.0,0.0,127886216.0
2010-02-23,57700.0,57700.0,57700.0,57700.0,0.0,0.0,127886216.0
2010-02-24,57700.0,57700.0,57700.0,57700.0,0.0,0.0,127886216.0
2010-02-25,57700.0,57700.0,57700.0,57700.0,0.0,0.0,127886216.0
2010-02-26,57700.0,57700.0,57700.0,57700.0,0.0,0.0,127886216.0
2010-03-01,57700.0,57700.0,57700.0,57700.0,0.0,0.0,127886216.0
2010-03-02,57700.0,57700.0,57700.0,57700.0,0.0,0.0,127886216.0
2010-03-03,57700.0,57700.0,57700.0,57700.0,0.0,0.0,127886216.0
2010-03-04,57700.0,57700.0,57700.0,57700.0,0.0,0.0,127886216.0
2010-03-05,57700.0,57700.0,57700.0,57700.0,0.0,0.0,127886216.0
2010-03-08,57700.0,57700.0,57700.0,57700.0,0.0,0.0,127886216.0
2010-03-09,57700.0,57700.0,57700.0,57700.0,0.0,0.0,127886216.0
2010-03-10,57700.0,57700.0,57700.0,57700.0,0.0,0.0,127886216.0
2010-03-11,57700.0,57700.0,57700.0,57700.0,0.0,0.0,127886216.0
2010-03-12,57700.0,57700.0,57700.0,57700.0,0.0,0.0,127886216.0
2010-03-15,57700.0,57700.0,57700.0,57700.0,0.0,0.0,127886216.0
2010-03-16,57700.0,57700.0,57700.0,57700.0,0.0,0.0,127886216.0
2010-03-17,57700.0,57700.0,57700.0,57700.0,0.0,0.0,127886216.0
2010-03-18,57700.0,57700.0,57700.0,57700.0,0.0,0.0,127886216.0
2010-03-19,57700.0,57700.0,57700.0,57700.0,0.0,0.0,127886216.0
2010-03-22,57700.0,57700.0,57700.0,57700.0,0.0,0.0,127886216.0
2010-03-23,57700.0,57700.0,57700.0,57700.0,0.0,0.0,127886216.0
2010-03-24,57700.0,57700.0,57700.0,57700.0,0.0,0.0,127886216.0
2010-03-25,57700.0,57700.0,57700.0,57700.0,0.0,0.0,127886216.0
2010-03-26,57700.0,57700.0,57700.0,57700.0,0.0,0.0,127886216.0
2010-03-29,57700.0,57700.0,57700.0,57700.0,0.0,0.0,127886216.0
2010-03-30,57700.0,57700.0,57700.0,57700.0,0.0,0.0,127886216.0
2010-03-31,57700.0,57700.0,57700.0,57700.0,0.0,0.0,127886216.0
2010-04-01,57700.0,57700.0,57700.0,57700.0,0.0,0.0,127886216.0
2010-04-02,57700.0,57700.0,57700.0,57700.0,0.0,0.0,127886216.0
2010-04-05,57700.0,57700.0,57700.0,57700.0,0.0,0.0,127886216.0
2010-04-06,57700.0,57700.0,57700.0,57700.0,0.0,0.0,127886216.0
2010-04-07,57700.0,57700.0,57700.0,57700.0,0.0,0.0,127886216.0
2010-04-08,57700.0,57700.0,57700.0,57700.0,0.0,0.0,127886216.0
2010-04-09,57700.0,57700.0,57700.0,57700.0,0.0,0.0,127886216.0
2010-04-12,57700.0,57700.0,57700.0,57700.0,0.0,0.0,127886216.0
2010-04-13,57700.0,57700.0,57700.0,57700.0,0.0,0.0,127886216.0
2010-04-14,57700.0,57700.0,57700.0,57700.0,0.0,0.0,127886216.0
2010-04-15,57700.0,57700.0,57700.0,57700.0,0.0,0.0,127886216.0
2010-04-16,57700.0,57700.0,57700.0,57700.0,0.0,0.0,127886216.0
2010-04-19,57700.0,57700.0,57700.0,57700.0,0.0,0.0,127886216.0
2010-04-20,57700.0,57700.0,57700.0,57700.0,0.0,0.0,127886216.0
2010-04-21,57700.0,57700.0,57700.0,57700.0,0.0,0.0,127886216.0
2010-04-22,57700.0,57700.0,57700.0,57700.0,0.0,0.0,127886216.0
2010-04-23,57700.0,57700.0,57700.0,57700.0,0.0,0.0,127886216.0
2010-04-26,57700.0,57700.0,57700.0,57700.0,0.0,0.0,127886216.0
2010-04-27,57700.0,57700.0,57700.0,57700.0,0.0,0.0,127886216.0
2010-04-28,57700.0,57700.0,57700.0,57700.0,0.0,0.0,127886216.0
2010-04-29,57700.0,57700.0,57700.0,57700.0,0.0,0.0,127886216.0
2010-04-30,57700.0,57700.0,57700.0,57700.0,0.0,0.0,127886216.0
2010-05-03,57700.0,57700.0,57700.0,57700.0,0.0,0.0,127886216.0
2010-05-04,57700.0,57700.0,57700.0,57700.0,0.0,0.0,127886216.0
2010-05-05,57700.0,57700.0,57700.0,57700.0,0.0,0.0,127886216.0
2010-05-06,57700.0,57700.0,57700.0,57700.0,0.0,0.0,127886216.0
2010-05-07,57700.0,57700.0,57700.0,57700.0,0.0,0.0,127886216.0
2010-05-10,57700.0,57700.0,57700.0,57700.0,0.0,0.0,127886216.0
2010-05-11,57700.0,57700.0,57700.0,57700.0,0.0,0.0,127886216.0
2010-05-12,57700.0,57700.0,57700.0,57700.0,0.0,0.0,127886216.0
2010-05-13,57700.0,57700.0,57700.0,57700.0,0.0,0.0,127886216.0
2010-05-14,57700.0,57700.0,57700.0,57700.0,0.0,0.0,127886216.0
2010-05-17,57700.0,57700.0,57700.0,57700.0,0.0,0.0,127886216.0
2010-05-18,57700.0,57700.0,57700.0,57700.0,0.0,0.0,127886216.0
2010-05-19,57700.0,57700.0,57700.0,57700.0,0.0,0.0,127886216.0
2010-05-20,57700.0,57700.0,57700.0,57700.0,0.0,0.0,127886216.0
2010-05-21,57700.0,57700.0,57700.0,57700.0,0.0,0.0,127886216.0
2010-05-24,57700.0,57700.0,57700.0,57700.0,0.0,0.0,127886216.0
2010-05-25,57700.0,57700.0,57700.0,57700.0,0.0,0.0,127886216.0
2010-05-26,57700.0,57700.0,57700.0,57700.0,0.0,0.0,127886216.0
2010-05-27,57700.0,57700.0,57700.0,57700.0,0.0,0.0,127886216.0
2010-05-28,57700.0,57700.0,57700.0,57700.0,0.0,0.0,127886216.0
2010-05-31,57700.0,57700.0,57700.0,57700.0,0.0,0.0,127886216.0
2010-06-01,57700.0,57700.0,57700.0,57700.0,0.0,0.0,127886216.0
2010-06-02,57700.0,57700.0,57700.0,57700.0,0.0,0.0,127886216.0
2010-06-03,57700.0,57700.0,57700.0,57700.0,0.0,0.0,127886216.0
2010-06-04,57700.0,57700.0,57700.0,57700.0,0.0,0.0,127886216.0
2010-06-07,57700.0,57700.0,57700.0,57700.0,0.0,0.0,127886216.0
2010-06-08,57700.0,57700.0,57700.0,57700.0,0.0,0.0,127886216.0
2010-06-09,57700.0,57700.0,57700.0,57700.0,0.0,0.0,127886216.0
2010-06-10,57700.0,57700.0,57700.0,57700.0,0.0,0.0,127886216.0
2010-06-11,57700.0,57700.0,57700.0,57700.0,0.0,0.0,127886216.0
2010-06-14,57700.0,57700.0,57700.0,57700.0,0.0,0.0,127886216.0
2010-06-15,57700.0,57700.0,57700.0,57700.0,0.0,0.0,127886216.0
2010-06-16,57700.0,57700.0,57700.0,57700.0,0.0,0.0,127886216.0
2010-06-17,57700.0,57700.0,57700.0,57700.0,0.0,0.0,127886216.0
2010-06-18,57700.0,57700.0,57700.0,57700.0,0.0,0.0,127886216.0
2010-06-21,57700.0,57700.0,57700.0,57700.0,0.0,0.0,127886216.0
2010-06-22,57700.0,57700.0,57700.0,57700.0,0.0,0.0,127886216.0
2010-06-23,57700.0,57700.0,57700.0,57700.0,0.0,0.0,127886216.0
2010-06-24,57700.0,57700.0,57700.0,57700.0,0.0,0.0,127886216.0
2010-06-25,57700.0,57700.0,57700.0,57700.0,0.0,0.0,127886216.0
2010-06-28,57700.0,57700.0,57700.0,57700.0,0.0,0.0,127886216.0
2010-06-29,57700.0,57700.0,57700.0,57700.0,0.0,0.0,127886216.0
2010-06-30,57700.0,57700.0,57700.0,57700.0,0.0,0.0,127886216.0
2010-07-01,57700.0,57700.0,57700.0,57700.0,0.0,0.0,127886216.0
2010-07-02,57700.0,57700.0,57700.0,57700.0,0.0,0.0,127886216.0
2010-07-05,57700.0,57700.0,57700.0,57700.0,0.0,0.0,127886216.0
2010-07-06,57700.0,57700.0,57700.0,57700.0,0.0,0.0,127886216.0
2010-07-07,57700.0,57700.0,57700.0,57700.0,0.0,0.0,127886216.0
2010-07-08,57700.0,57700.0,57700.0,57700.0,0.0,0.0,127886216.0
2010-07-09,57700.0,57700.0,57700.0,57700.0,0.0,0.0,127886216.0
2010-07-12,57700.0,57700.0,57700.0,57700.0,0.0,0.0,127886216.0
2010-07-13,57700.0,57700.0,57700.0,57700.0,0.0,0.0,127886216.0
2010-07-14,57700.0,57700.0,57700.0,57700.0,0.0,0.0,127886216.0
2010-07-15,57700.0,57700.0,57700.0,57700.0,0.0,0.0,127886216.0
2010-07-16,57700.0,57700.0,57700.0,57700.0,0.0,0.0,127886216.0
2010-07-19,57700.0,57700.0,57700.0,57700.0,0.0,0.0,127886216.0
2010-07-20,57700.0,57700.0,57700.0,57700.0,0.0,0.0,127886216.0
2010-07-21,57700.0,57700.0,57700.0,57700.0,0.0,0.0,127886216.0
2010-07-22,57700.0,57700.0,57700.0,57700.0,0.0,0.0,127886216.0
2010-07-23,57700.0,57700.0,57700.0,57700.0,0.0,0.0,127886216.0
2010-07-26,57700.0,57700.0,57700.0,57700.0,0.0,0.0,127886216.0
2010-07-27,57700.0,57700.0,57700.0,57700.0,0.0,0.0,127886216.0
2010-07-28,57700.0,57700.0,57700.0,57700.0,0.0,0.0,127886216.0
2010-07-29,57700.0,57700.0,57700.0,57700.0,0.0,0.0,127886216.0
2010-07-30,57700.0,57700.0,57700.0,57700.0,0.0,0.0,127886216.0
2010-08-02,57700.0,57700.0,57700.0,57700.0,0.0,0.0,127886216.0
2010-08-03,57700.0,57700.0,57700.0,57700.0,0.0,0.0,127886216.0
2010-08-04,57700.0,57700.0,57700.0,57700.0,0.0,0.0,127886216.0
2010-08-05,57700.0,57700.0,57700.0,57700.0,0.0,0.0,127886216.0
2010-08-06,57700.0,57700.0,57700.0,57700.0,0.0,0.0,127886216.0
2010-08-09,57700.0,57700.0,57700.0,57700.0,0.0,0.0,127886216.0
2010-08-10,57700.0,57700.0,57700.0,57700.0,0.0,0.0,127886216.0
2010-08-11,57700.0,57700.0,57700.0,57700.0,0.0,0.0,127886216.0
2010-08-12,57700.0,57700.0,57700.0,57700.0,0.0,0.0,127886216.0
2010-08-13,57700.0,57700.0,57700.0,57700.0,0.0,0.0,127886216.0
2010-08-16,57700.0,57700.0,57700.0,57700.0,0.0,0.0,127886216.0
2010-08-17,57700.0,57700.0,57700.0,57700.0,0.0,0.0,127886216.0
2010-08-18,57700.0,57700.0,57700.0,57700.0,0.0,0.0,127886216.0
2010-08-19,57700.0,57700.0,57700.0,57700.0,0.0,0.0,127886216.0
2010-08-20,57700.0,57700.0,57700.0,57700.0,0.0,0.0,127886216.0
2010-08-23,57700.0,57700.0,57700.0,57700.0,0.0,0.0,127886216.0
2010-08-24,57700.0,57700.0,57700.0,57700.0,0.0,0.0,127886216.0
2010-08-25,57700.0,57700.0,57700.0,57700.0,0.0,0.0,127886216.0
2010-08-26,57700.0,57700.0,57700.0,57700.0,0.0,0.0,127886216.0
2010-08-27,57700.0,57700.0,57700.0,57700.0,0.0,0.0,127886216.0
2010-08-30,57700.0,57700.0,57700.0,57700.0,0.0,0.0,127886216.0
2010-08-31,57700.0,57700.0,57700.0,57700.0,0.0,0.0,127886216.0
2010-09-01,57700.0,57700.0,57700.0,57700.0,0.0,0.0,127886216.0
2010-09-02,57700.0,57700.0,57700.0,57700.0,0.0,0.0,127886216.0
2010-09-03,57700.0,57700.0,57700.0,57700.0,0.0,0.0,127886216.0
2010-09-06,57700.0,57700.0,57700.0,57700.0,0.0,0.0,127886216.0
2010-09-07,57700.0,57700.0,57700.0,57700.0,0.0,0.0,127886216.0
2010-09-08,57700.0,57700.0,57700.0,57700.0,0.0,0.0,127886216.0
2010-09-09,57700.0,57700.0,57700.0,57700.0,0.0,0.0,127886216.0
2010-09-10,57700.0,57700.0,57700.0,57700.0,0.0,0.0,127886216.0
2010-09-13,57700.0,57700.0,57700.0,57700.0,0.0,0.0,127886216.0
2010-09-14,57700.0,57700.0,57700.0,57700.0,0.0,0.0,127886216.0
2010-09-15,57700.0,57700.0,57700.0,57700.0,0.0,0.0,127886216.0
2010-09-16,57700.0,57700.0,57700.0,57700.0,0.0,0.0,127886216.0
2010-09-17,57700.0,57700.0,57700.0,57700.0,0.0,0.0,127886216.0
2010-09-20,57700.0,57700.0,57700.0,57700.0,0.0,0.0,127886216.0
2010-09-21,57700.0,57700.0,57700.0,57700.0,0.0,0.0,127886216.0
2010-09-22,57700.0,57700.0,57700.0,57700.0,0.0,0.0,127886216.0
2010-09-23,57700.0,57700.0,57700.0,57700.0,0.0,0.0,127886216.0
2010-09-24,57700.0,57700.0,57700.0,57700.0,0.0,0.0,127886216.0
2010-09-27,57700.0,57700.0,57700.0,57700.0,0.0,0.0,127886216.0
2010-09-28,57700.0,57700.0,57700.0,57700.0,0.0,0.0,127886216.0
2010-09-29,57700.0,57700.0,57700.0,57700.0,0.0,0.0,127886216.0
2010-09-30,57700.0,57700.0,57700.0,57700.0,0.0,0.0,127886216.0
2010-10-01,57700.0,57700.0,57700.0,57700.0,0.0,0.0,127886216.0
2010-10-02,57700.0,57700.0,57700.0,57700.0,0.0,0.0,127886216.0
2010-10-04,57700.0,57700.0,57700.0,57700.0,0.0,0.0,127886216.0
2010-10-05,57700.0,57700.0,57700.0,57700.0,0.0,0.0,127886216.0
2010-10-06,57700.0,57700.0,57700.0,57700.0,0.0,0.0,127886216.0
2010-10-07,57700.0,57700.0,57700.0,57700.0,0.0,0.0,127886216.0
2010-10-08,57700.0,57700.0,57700.0,57700.0,0.0,0.0,127886216.0
2010-10-11,57700.0,57700.0,57700.0,57700.0,0.0,0.0,127886216.0
2010-10-12,57700.0,57700.0,57700.0,57700.0,0.0,0.0,127886216.0
2010-10-13,57700.0,57700.0,57700.0,57700.0,0.0,0.0,127886216.0
2010-10-14,57700.0,57700.0,57700.0,57700.0,0.0,0.0,127886216.0
2010-10-15,57700.0,57700.0,57700.0,57700.0,0.0,0.0,127886216.0
2010-10-18,57700.0,57700.0,57700.0,57700.0,0.0,0.0,127886216.0
2010-10-19,57700.0,57700.0,57700.0,57700.0,0.0,0.0,127886216.0
2010-10-20,57700.0,57700.0,57700.0,57700.0,0.0,0.0,127886216.0
2010-10-21,57700.0,57700.0,57700.0,57700.0,0.0,0.0,127886216.0
2010-10-22,57700.0,57700.0,57700.0,57700.0,0.0,0.0,127886216.0
2010-10-25,57700.0,57700.0,57700.0,57700.0,0.0,0.0,127886216.0
2010-10-26,57700.0,57700.0,57700.0,57700.0,0.0,0.0,127886216.0
2010-10-27,57700.0,57700.0,57700.0,57700.0,0.0,0.0,127886216.0
2010-10-28,57700.0,57700.0,57700.0,57700.0,0.0,0.0,127886216.0
2010-10-29,57700.0,57700.0,57700.0,57700.0,0.0,0.0,127886216.0
2010-11-01,57700.0,57700.0,57700.0,57700.0,0.0,0.0,127886216.0
2010-11-02,57700.0,57700.0,57700.0,57700.0,0.0,0.0,127886216.0
2010-11-03,57700.0,57700.0,57700.0,57700.0,0.0,0.0,127886216.0
2010-11-04,57700.0,57700.0,57700.0,57700.0,0.0,0.0,127886216.0
2010-11-05,57700.0,57700.0,57700.0,57700.0,0.0,0.0,127886216.0
2010-11-08,57700.0,57700.0,57700.0,57700.0,0.0,0.0,127886216.0
2010-11-09,57700.0,57700.0,57700.0,57700.0,0.0,0.0,127886216.0
2010-11-10,57700.0,57700.0,57700.0,57700.0,0.0,0.0,127886216.0
2010-11-11,57700.0,57700.0,57700.0,57700.0,0.0,0.0,127886216.0
2010-11-12,57700.0,57700.0,57700.0,57700.0,0.0,0.0,127886216.0
2010-11-15,57700.0,57700.0,57700.0,57700.0,0.0,0.0,127886216.0
2010-11-16,57700.0,57700.0,57700.0,57700.0,0.0,0.0,127886216.0
2010-11-17,57700.0,57700.0,57700.0,57700.0,0.0,0.0,127886216.0
2010-11-18,57700.0,57700.0,57700.0,57700.0,0.0,0.0,127886216.0
2010-11-19,57700.0,57700.0,57700.0,57700.0,0.0,0.0,127886216.0
2010-11-22,57700.0,57700.0,57700.0,57700.0,0.0,0.0,127886216.0
2010-11-23,57700.0,57700.0,57700.0,57700.0,0.0,0.0,127886216.0
2010-11-24,57700.0,57700.0,57700.0,57700.0,0.0,0.0,127886216.0
2010-11-25,57700.0,57700.0,57700.0,57700.0,0.0,0.0,127886216.0
2010-11-26,57700.0,57700.0,57700.0,57700.0,0.0,0.0,127886216.0
2010-11-29,57700.0,57700.0,57700.0,57700.0,0.0,0.0,127886216.0
2010-11-30,57700.0,57700.0,57700.0,57700.0,0.0,0.0,127886216.0
2010-12-01,57700.0,57700.0,57700.0,57700.0,0.0,0.0,127886216.0
2010-12-02,57700.0,57700.0,57700.0,57700.0,0.0,0.0,127886216.0
2010-12-03,57700.0,57700.0,57700.0,57700.0,0.0,0.0,127886216.0
2010-12-06,57700.0,57700.0,57700.0,57700.0,0.0,0.0,127886216.0
2010-12-07,57700.0,57700.0,57700.0,57700.0,0.0,0.0,127886216.0
2010-12-08,57700.0,57700.0,57700.0,57700.0,0.0,0.0,127886216.0
2010-12-09,57700.0,57700.0,57700.0,57700.0,0.0,0.0,127886216.0
2010-12-10,57700.0,57700.0,57700.0,57700.0,0.0,0.0,127886216.0
2010-12-13,57700.0,57700.0,57700.0,57700.0,0.0,0.0,127886216.0
2010-12-14,57700.0,57700.0,57700.0,57700.0,0.0,0.0,127886216.0
2010-12-15,57700.0,57700.0,57700.0,57700.0,0.0,0.0,127886216.0
2010-12-16,57700.0,57700.0,57700.0,57700.0,0.0,0.0,127886216.0
2010-12-17,57700.0,57700.0,57700.0,57700.0,0.0,0.0,127886216.0
2010-12-20,57700.0,57700.0,57700.0,57700.0,0.0,0.0,127886216.0
2010-12-21,57700.0,57700.0,57700.0,57700.0,0.0,0.0,127886216.0
2010-12-22,57700.0,57700.0,57700.0,57700.0,0.0,0.0,127886216.0
2010-12-23,57700.0,57700.0,57700.0,57700.0,0.0,0.0,127886216.0
2010-12-24,57700.0,57700.0,57700.0,57700.0,0.0,0.0,127886216.0
2010-12-27,57700.0,57700.0,57700.0,57700.0,0.0,0.0,127886216.0
2010-12-28,57700.0,57700.0,57700.0,57700.0,0.0,0.0,127886216.0
2010-12-29,57700.0,57700.0,57700.0,57700.0,0.0,0.0,127886216.0
2010-12-30,57700.0,57700.0,57700.0,57700.0,0.0,0.0,127886216.0
2010-12-31,57700.0,57700.0,57700.0,57700.0,0.0,0.0,127886216.0
2011-01-03,57700.0,57700.0,57700.0,57700.0,0.0,0.0,127886216.0
2011-01-04,57700.0,57700.0,57700.0,57700.0,0.0,0.0,127886216.0
2011-01-05,57700.0,57700.0,57700.0,57700.0,0.0,0.0,127886216.0
2011-01-06,57700.0,57700.0,57700.0,57700.0,0.0,0.0,127886216.0
2011-01-07,57700.0,57700.0,57700.0,57700.0,0.0,0.0,127886216.0
2011-01-10,57700.0,57700.0,57700.0,57700.0,0.0,0.0,127886216.0
2011-01-11,57700.0,57700.0,57700.0,57700.0,0.0,0.0,127886216.0
2011-01-12,57700.0,57700.0,57700.0,57700.0,0.0,0.0,127886216.0
2011-01-13,57700.0,57700.0,57700.0,57700.0,0.0,0.0,127886216.0
2011-01-14,57700.0,57700.0,57700.0,57700.0,0.0,0.0,127886216.0
2011-01-17,57700.0,57700.0,57700.0,57700.0,0.0,0.0,127886216.0
2011-01-18,57700.0,57700.0,57700.0,57700.0,0.0,0.0,127886216.0
2011-01-19,57700.0,57700.0,57700.0,57700.0,0.0,0.0,127886216.0
2011-01-20,57700.0,57700.0,57700.0,57700.0,0.0,0.0,127886216.0
2011-01-21,57700.0,57700.0,57700.0,57700.0,0.0,0.0,127886216.0
2011-01-24,57700.0,57700.0,57700.0,57700.0,0.0,0.0,127886216.0
2011-01-25,57700.0,57700.0,57700.0,57700.0,0.0,0.0,127886216.0
2011-01-26,57700.0,57700.0,57700.0,57700.0,0.0,0.0,127886216.0
2011-01-27,57700.0,57700.0,57700.0,57700.0,0.0,0.0,127886216.0
2011-01-28,57700.0,57700.0,57700.0,57700.0,0.0,0.0,127886216.0
2011-01-31,57700.0,57700.0,57700.0,57700.0,0.0,0.0,127886216.0
2011-02-01,57700.0,57700.0,57700.0,57700.0,0.0,0.0,127886216.0
2011-02-02,57700.0,57700.0,57700.0,57700.0,0.0,0.0,127886216.0
2011-02-03,57700.0,57700.0,57700.0,57700.0,0.0,0.0,127886216.0
2011-02-04,57700.0,57700.0,57700.0,57700.0,0.0,0.0,127886216.0
2011-02-07,57700.0,57700.0,57700.0,57700.0,0.0,0.0,127886216.0
2011-02-08,57700.0,57700.0,57700.0,57700.0,0.0,0.0,127886216.0
2011-02-09,57700.0,57700.0,57700.0,57700.0,0.0,0.0,127886216.0
2011-02-10,57700.0,57700.0,57700.0,57700.0,0.0,0.0,127886216.0
2011-02-11,57700.0,57700.0,57700.0,57700.0,0.0,0.0,127886216.0
2011-02-14,57700.0,57700.0,57700.0,57700.0,0.0,0.0,127886216.0
2011-02-15,57700.0,57700.0,57700.0,57700.0,0.0,0.0,127886216.0
2011-02-16,57700.0,57700.0,57700.0,57700.0,0.0,0.0,127886216.0
2011-02-17,57700.0,57700.0,57700.0,57700.0,0.0,0.0,127886216.0
2011-02-18,57700.0,57700.0,57700.0,57700.0,0.0,0.0,127886216.0
2011-02-21,57700.0,57700.0,57700.0,57700.0,0.0,0.0,127886216.0
2011-02-22,57700.0,57700.0,57700.0,57700.0,0.0,0.0,127886216.0
2011-02-23,57700.0,57700.0,57700.0,57700.0,0.0,0.0,127886216.0
2011-02-24,57700.0,57700.0,57700.0,57700.0,0.0,0.0,127886216.0
2011-02-25,57700.0,57700.0,57700.0,57700.0,0.0,0.0,127886216.0
2011-02-28,57700.0,57700.0,57700.0,57700.0,0.0,0.0,127886216.0
2011-03-01,57700.0,57700.0,57700.0,57700.0,0.0,0.0,127886216.0
2011-03-02,57700.0,57700.0,57700.0,57700.0,0.0,0.0,127886216.0
2011-03-03,57700.0,57700.0,57700.0,57700.0,0.0,0.0,127886216.0
2011-03-04,57700.0,57700.0,57700.0,57700.0,0.0,0.0,127886216.0
2011-03-07,57700.0,57700.0,57700.0,57700.0,0.0,0.0,127886216.0
2011-03-08,57700.0,57700.0,57700.0,57700.0,0.0,0.0,127886216.0
2011-03-09,57700.0,57700.0,57700.0,57700.0,0.0,0.0,127886216.0
2011-03-10,57700.0,57700.0,57700.0,57700.0,0.0,0.0,127886216.0
2011-03-11,57700.0,57700.0,57700.0,57700.0,0.0,0.0,127886216.0
2011-03-14,57700.0,57700.0,57700.0,57700.0,0.0,0.0,127886216.0
2011-03-15,57700.0,57700.0,57700.0,57700.0,0.0,0.0,127886216.0
2011-03-16,57700.0,57700.0,57700.0,57700.0,0.0,0.0,127886216.0
2011-03-17,57700.0,57700.0,57700.0,57700.0,0.0,0.0,127886216.0
2011-03-18,57700.0,57700.0,57700.0,57700.0,0.0,0.0,127886216.0
2011-03-19,57700.0,57700.0,57700.0,57700.0,0.0,0.0,127886216.0
2011-03-21,57700.0,57700.0,57700.0,57700.0,0.0,0.0,127886216.0
2011-03-22,57700.0,57700.0,57700.0,57700.0,0.0,0.0,127886216.0
2011-03-23,57700.0,57700.0,57700.0,57700.0,0.0,0.0,127886216.0
2011-03-24,57700.0,57700.0,57700.0,57700.0,0.0,0.0,127886216.0
2011-03-25,57700.0,57700.0,57700.0,57700.0,0.0,0.0,127886216.0
2011-03-28,57700.0,57700.0,57700.0,57700.0,0.0,0.0,127886216.0
2011-03-29,57700.0,57700.0,57700.0,57700.0,0.0,0.0,127886216.0
2011-03-30,57700.0,57700.0,57700.0,57700.0,0.0,0.0,127886216.0
2011-03-31,57700.0,57700.0,57700.0,57700.0,0.0,0.0,127886216.0
2011-04-01,57700.0,57700.0,57700.0,57700.0,0.0,0.0,127886216.0
2011-04-04,57700.0,57700.0,57700.0,57700.0,0.0,0.0,127886216.0
2011-04-05,57700.0,57700.0,57700.0,57700.0,0.0,0.0,127886216.0
2011-04-06,57700.0,57700.0,57700.0,57700.0,0.0,0.0,127886216.0
2011-04-07,57700.0,57700.0,57700.0,57700.0,0.0,0.0,127886216.0
2011-04-08,57700.0,57700.0,57700.0,57700.0,0.0,0.0,127886216.0
2011-04-11,57700.0,57700.0,57700.0,57700.0,0.0,0.0,127886216.0
2011-04-12,57700.0,57700.0,57700.0,57700.0,0.0,0.0,127886216.0
2011-04-13,57700.0,57700.0,57700.0,57700.0,0.0,0.0,127886216.0
2011-04-14,57700.0,57700.0,57700.0,57700.0,0.0,0.0,127886216.0
2011-04-15,57700.0,57700.0,57700.0,57700.0,0.0,0.0,127886216.0
2011-04-18,57700.0,57700.0,57700.0,57700.0,0.0,0.0,127886216.0
2011-04-19,57700.0,57700.0,57700.0,57700.0,0.0,0.0,127886216.0
2011-04-20,57700.0,57700.0,57700.0,57700.0,0.0,0.0,127886216.0
2011-04-21,57700.0,57700.0,57700.0,57700.0,0.0,0.0,127886216.0
2011-04-26,57700.0,57700.0,57700.0,57700.0,0.0,0.0,127886216.0
2011-04-27,57700.0,57700.0,57700.0,57700.0,0.0,0.0,127886216.0
2011-04-28,57700.0,57700.0,57700.0,57700.0,0.0,0.0,127886216.0
2011-04-29,57700.0,57700.0,57700.0,57700.0,0.0,0.0,127886216.0
2011-05-02,57700.0,57700.0,57700.0,57700.0,0.0,0.0,127886216.0
2011-05-03,57700.0,57700.0,57700.0,57700.0,0.0,0.0,127886216.0
2011-05-04,57700.0,57700.0,57700.0,57700.0,0.0,0.0,127886216.0
2011-05-05,57700.0,57700.0,57700.0,57700.0,0.0,0.0,127886216.0
2011-05-06,57700.0,57700.0,57700.0,57700.0,0.0,0.0,127886216.0
2011-05-09,57700.0,57700.0,57700.0,57700.0,0.0,0.0,127886216.0
2011-05-10,57700.0,57700.0,57700.0,57700.0,0.0,0.0,127886216.0
2011-05-11,57700.0,57700.0,57700.0,57700.0,0.0,0.0,127886216.0
2011-05-12,57700.0,57700.0,57700.0,57700.0,0.0,0.0,127886216.0
2011-05-13,57700.0,57700.0,57700.0,57700.0,0.0,0.0,127886216.0
2011-05-16,57700.0,57700.0,57700.0,57700.0,0.0,0.0,127886216.0
2011-05-17,57700.0,57700.0,57700.0,57700.0,0.0,0.0,127886216.0
2011-05-18,57700.0,57700.0,57700.0,57700.0,0.0,0.0,127886216.0
2011-05-19,57700.0,57700.0,57700.0,57700.0,0.0,0.0,127886216.0
2011-05-20,57700.0,57700.0,57700.0,57700.0,0.0,0.0,127886216.0
2011-05-23,57700.0,57700.0,57700.0,57700.0,0.0,0.0,127886216.0
2011-05-24,57700.0,57700.0,57700.0,57700.0,0.0,0.0,127886216.0
2011-05-25,57700.0,57700.0,57700.0,57700.0,0.0,0.0,127886216.0
2011-05-26,57700.0,57700.0,57700.0,57700.0,0.0,0.0,127886216.0
2011-05-27,57700.0,57700.0,57700.0,57700.0,0.0,0.0,127886216.0
2011-05-30,57700.0,57700.0,57700.0,57700.0,0.0,0.0,127886216.0
2011-05-31,57700.0,57700.0,57700.0,57700.0,0.0,0.0,127886216.0
2011-06-01,57700.0,57700.0,57700.0,57700.0,0.0,0.0,127886216.0
2011-06-02,57700.0,57700.0,57700.0,57700.0,0.0,0.0,127886216.0
2011-06-03,57700.0,57700.0,57700.0,57700.0,0.0,0.0,127886216.0
2011-06-06,57700.0,57700.0,57700.0,57700.0,0.0,0.0,127886216.0
2011-06-07,57700.0,57700.0,57700.0,57700.0,0.0,0.0,127886216.0
2011-06-08,57700.0,57700.0,57700.0,57700.0,0.0,0.0,127886216.0
2011-06-09,57700.0,57700.0,57700.0,57700.0,0.0,0.0,127886216.0
2011-06-10,57700.0,57700.0,57700.0,57700.0,0.0,0.0,127886216.0
2011-06-13,57700.0,57700.0,57700.0,57700.0,0.0,0.0,127886216.0
2011-06-14,57700.0,57700.0,57700.0,57700.0,0.0,0.0,127886216.0
2011-06-15,57700.0,57700.0,57700.0,57700.0,0.0,0.0,127886216.0
2011-06-16,57700.0,57700.0,57700.0,57700.0,0.0,0.0,127886216.0
2011-06-17,57700.0,57700.0,57700.0,57700.0,0.0,0.0,127886216.0
2011-06-20,57700.0,57700.0,57700.0,57700.0,0.0,0.0,127886216.0
2011-06-21,57700.0,57700.0,57700.0,57700.0,0.0,0.0,127886216.0
2011-06-22,57700.0,57700.0,57700.0,57700.0,0.0,0.0,127886216.0
2011-06-23,57700.0,57700.0,57700.0,57700.0,0.0,0.0,127886216.0
2011-06-24,57700.0,57700.0,57700.0,57700.0,0.0,0.0,127886216.0
2011-06-27,57700.0,57700.0,57700.0,57700.0,0.0,0.0,127886216.0
2011-06-28,57700.0,57700.0,57700.0,57700.0,0.0,0.0,127886216.0
2011-06-29,57700.0,57700.0,57700.0,57700.0,0.0,0.0,127886216.0
2011-06-30,57700.0,57700.0,57700.0,57700.0,0.0,0.0,127886216.0
2011-07-01,57700.0,57700.0,57700.0,57700.0,0.0,0.0,127886216.0
2011-07-04,57700.0,57700.0,57700.0,57700.0,0.0,0.0,127886216.0
2011-07-05,57700.0,57700.0,57700.0,57700.0,0.0,0.0,127886216.0
2011-07-06,57700.0,57700.0,57700.0,57700.0,0.0,0.0,127886216.0
2011-07-07,57700.0,57700.0,57700.0,57700.0,0.0,0.0,127886216.0
2011-07-08,57700.0,57700.0,57700.0,57700.0,0.0,0.0,127886216.0
2011-07-11,57700.0,57700.0,57700.0,57700.0,0.0,0.0,127886216.0
2011-07-12,57700.0,57700.0,57700.0,57700.0,0.0,0.0,127886216.0
2011-07-13,57700.0,57700.0,57700.0,57700.0,0.0,0.0,127886216.0
2011-07-14,57700.0,57700.0,57700.0,57700.0,0.0,0.0,127886216.0
2011-07-15,57700.0,57700.0,57700.0,57700.0,0.0,0.0,127886216.0
2011-07-18,57700.0,57700.0,57700.0,57700.0,0.0,0.0,127886216.0
2011-07-19,57700.0,57700.0,57700.0,57700.0,0.0,0.0,127886216.0
2011-07-20,57700.0,57700.0,57700.0,57700.0,0.0,0.0,127886216.0
2011-07-21,57700.0,57700.0,57700.0,57700.0,0.0,0.0,127886216.0
2011-07-22,57700.0,57700.0,57700.0,57700.0,0.0,0.0,127886216.0
2011-07-23,57700.0,57700.0,57700.0,57700.0,0.0,0.0,127886216.0
2011-07-25,57700.0,57700.0,57700.0,57700.0,0.0,0.0,127886216.0
2011-07-26,57700.0,57700.0,57700.0,57700.0,0.0,0.0,127886216.0
2011-07-27,57700.0,57700.0,57700.0,57700.0,0.0,0.0,127886216.0
2011-07-28,57700.0,57700.0,57700.0,57700.0,0.0,0.0,127886216.0
2011-07-29,57700.0,57700.0,57700.0,57700.0,0.0,0.0,127886216.0
2011-08-01,57700.0,57700.0,57700.0,57700.0,0.0,0.0,127886216.0
2011-08-02,57700.0,57700.0,57700.0,57700.0,0.0,0.0,127886216.0
2011-08-03,57700.0,57700.0,57700.0,57700.0,0.0,0.0,127886216.0
2011-08-04,57700.0,57700.0,57700.0,57700.0,0.0,0.0,127886216.0
2011-08-05,57700.0,57700.0,57700.0,57700.0,0.0,0.0,127886216.0
2011-08-08,57700.0,57700.0,57700.0,57700.0,0.0,0.0,127886216.0
2011-08-09,57700.0,57700.0,57700.0,57700.0,0.0,0.0,127886216.0
2011-08-10,57700.0,57700.0,57700.0,57700.0,0.0,0.0,127886216.0
2011-08-11,57700.0,57700.0,57700.0,57700.0,0.0,0.0,127886216.0
2011-08-12,57700.0,57700.0,57700.0,57700.0,0.0,0.0,127886216.0
2011-08-15,57700.0,57700.0,57700.0,57700.0,0.0,0.0,127886216.0
2011-08-16,57700.0,57700.0,57700.0,57700.0,0.0,0.0,127886216.0
2011-08-17,57700.0,57700.0,57700.0,57700.0,0.0,0.0,127886216.0
2011-08-18,57700.0,57700.0,57700.0,57700.0,0.0,0.0,127886216.0
2011-08-19,57700.0,57700.0,57700.0,57700.0,0.0,0.0,127886216.0
2011-08-22,57700.0,57700.0,57700.0,57700.0,0.0,0.0,127886216.0
2011-08-23,57700.0,57700.0,57700.0,57700.0,0.0,0.0,127886216.0
2011-08-24,57700.0,57700.0,57700.0,57700.0,0.0,0.0,127886216.0
2011-08-25,57700.0,57700.0,57700.0,57700.0,0.0,0.0,127886216.0
2011-08-26,57700.0,57700.0,57700.0,57700.0,0.0,0.0,127886216.0
2011-08-29,57700.0,57700.0,57700.0,57700.0,0.0,0.0,127886216.0
2011-08-30,57700.0,57700.0,57700.0,57700.0,0.0,0.0,127886216.0
2011-08-31,57700.0,57700.0,57700.0,57700.0,0.0,0.0,127886216.0
2011-09-01,57700.0,57700.0,57700.0,57700.0,0.0,0.0,127886216.0
2011-09-02,57700.0,57700.0,57700.0,57700.0,0.0,0.0,127886216.0
2011-09-05,57700.0,57700.0,57700.0,57700.0,0.0,0.0,127886216.0
2011-09-06,57700.0,57700.0,57700.0,57700.0,0.0,0.0,127886216.0
2011-09-07,57700.0,57700.0,57700.0,57700.0,0.0,0.0,127886216.0
2011-09-08,57700.0,57700.0,57700.0,57700.0,0.0,0.0,127886216.0
2011-09-09,57700.0,57700.0,57700.0,57700.0,0.0,0.0,127886216.0
2011-09-12,57700.0,57700.0,57700.0,57700.0,0.0,0.0,127886216.0
2011-09-13,57700.0,57700.0,57700.0,57700.0,0.0,0.0,127886216.0
2011-09-14,57700.0,57700.0,57700.0,57700.0,0.0,0.0,127886216.0
2011-09-15,57700.0,57700.0,57700.0,57700.0,0.0,0.0,127886216.0
2011-09-16,57700.0,57700.0,57700.0,57700.0,0.0,0.0,127886216.0
2011-09-19,57700.0,57700.0,57700.0,57700.0,0.0,0.0,127886216.0
2011-09-20,57700.0,57700.0,57700.0,57700.0,0.0,0.0,127886216.0
2011-09-21,57700.0,57700.0,57700.0,57700.0,0.0,0.0,127886216.0
2011-09-22,57700.0,57700.0,57700.0,57700.0,0.0,0.0,127886216.0
2011-09-23,57700.0,57700.0,57700.0,57700.0,0.0,0.0,127886216.0
2011-09-26,57700.0,57700.0,57700.0,57700.0,0.0,0.0,127886216.0
2011-09-27,57700.0,57700.0,57700.0,57700.0,0.0,0.0,127886216.0
2011-09-28,57700.0,57700.0,57700.0,57700.0,0.0,0.0,127886216.0
2011-09-29,57700.0,57700.0,57700.0,57700.0,0.0,0.0,127886216.0
2011-09-30,57700.0,57700.0,57700.0,57700.0,0.0,0.0,127886216.0
2011-10-03,57700.0,57700.0,57700.0,57700.0,0.0,0.0,127886216.0
2011-10-04,57700.0,57700.0,57700.0,57700.0,0.0,0.0,127886216.0
2011-10-05,57700.0,57700.0,57700.0,57700.0,0.0,0.0,127886216.0
2011-10-06,57700.0,57700.0,57700.0,57700.0,0.0,0.0,127886216.0
2011-10-07,57700.0,57700.0,57700.0,57700.0,0.0,0.0,127886216.0
2011-10-10,57700.0,57700.0,57700.0,57700.0,0.0,0.0,127886216.0
2011-10-11,57700.0,57700.0,57700.0,57700.0,0.0,0.0,127886216.0
2011-10-12,57700.0,57700.0,57700.0,57700.0,0.0,0.0,127886216.0
2011-10-13,57700.0,57700.0,57700.0,57700.0,0.0,0.0,127886216.0
2011-10-14,57700.0,57700.0,57700.0,57700.0,0.0,0.0,127886216.0
2011-10-17,57700.0,57700.0,57700.0,57700.0,0.0,0.0,127886216.0
2011-10-18,57700.0,57700.0,57700.0,57700.0,0.0,0.0,127886216.0
2011-10-19,57700.0,57700.0,57700.0,57700.0,0.0,0.0,127886216.0
2011-10-20,57700.0,57700.0,57700.0,57700.0,0.0,0.0,127886216.0
2011-10-21,57700.0,57700.0,57700.0,57700.0,0.0,0.0,127886216.0
2011-10-24,57700.0,57700.0,57700.0,57700.0,0.0,0.0,127886216.0
2011-10-25,57700.0,57700.0,57700.0,57700.0,0.0,0.0,127886216.0
2011-10-26,57700.0,57700.0,57700.0,57700.0,0.0,0.0,127886216.0
2011-10-27,57700.0,57700.0,57700.0,57700.0,0.0,0.0,127886216.0
2011-10-28,57700.0,57700.0,57700.0,57700.0,0.0,0.0,127886216.0
2011-10-31,57700.0,57700.0,57700.0,57700.0,0.0,0.0,127886216.0
2011-11-01,57700.0,57700.0,57700.0,57700.0,0.0,0.0,127886216.0
2011-11-02,57700.0,57700.0,57700.0,57700.0,0.0,0.0,127886216.0
2011-11-03,57700.0,57700.0,57700.0,57700.0,0.0,0.0,127886216.0
2011-11-04,57700.0,57700.0,57700.0,57700.0,0.0,0.0,127886216.0
2011-11-07,57700.0,57700.0,57700.0,57700.0,0.0,0.0,127886216.0
2011-11-08,57700.0,57700.0,57700.0,57700.0,0.0,0.0,127886216.0
2011-11-09,57700.0,57700.0,57700.0,57700.0,0.0,0.0,127886216.0
2011-11-10,57700.0,57700.0,57700.0,57700.0,0.0,0.0,127886216.0
2011-11-11,57700.0,57700.0,57700.0,57700.0,0.0,0.0,127886216.0
2011-11-14,57700.0,57700.0,57700.0,57700.0,0.0,0.0,127886216.0
2011-11-15,57700.0,57700.0,57700.0,57700.0,0.0,0.0,127886216.0
2011-11-16,57700.0,57700.0,57700.0,57700.0,0.0,0.0,127886216.0
2011-11-17,57700.0,57700.0,57700.0,57700.0,0.0,0.0,127886216.0
2011-11-18,57700.0,57700.0,57700.0,57700.0,0.0,0.0,127886216.0
2011-11-21,57700.0,57700.0,57700.0,57700.0,0.0,0.0,127886216.0
2011-11-22,57700.0,57700.0,57700.0,57700.0,0.0,0.0,127886216.0
2011-11-23,57700.0,57700.0,57700.0,57700.0,0.0,0.0,127886216.0
2011-11-24,57700.0,57700.0,57700.0,57700.0,0.0,0.0,127886216.0
2011-11-25,57700.0,57700.0,57700.0,57700.0,0.0,0.0,127886216.0
2011-11-28,57700.0,57700.0,57700.0,57700.0,0.0,0.0,127886216.0
2011-11-29,57700.0,57700.0,57700.0,57700.0,0.0,0.0,127886216.0
2011-11-30,57700.0,57700.0,57700.0,57700.0,0.0,0.0,127886216.0
2011-12-01,57700.0,57700.0,57700.0,57700.0,0.0,0.0,127886216.0
2011-12-02,57700.0,57700.0,57700.0,57700.0,0.0,0.0,127886216.0
2011-12-05,57700.0,57700.0,57700.0,57700.0,0.0,0.0,127886216.0
2011-12-06,57700.0,57700.0,57700.0,57700.0,0.0,0.0,127886216.0
2011-12-07,57700.0,57700.0,57700.0,57700.0,0.0,0.0,127886216.0
2011-12-08,57700.0,57700.0,57700.0,57700.0,0.0,0.0,127886216.0
2011-12-09,57700.0,57700.0,57700.0,57700.0,0.0,0.0,127886216.0
2011-12-12,57700.0,57700.0,57700.0,57700.0,0.0,0.0,127886216.0
2011-12-13,57700.0,57700.0,57700.0,57700.0,0.0,0.0,127886216.0
2011-12-14,57700.0,57700.0,57700.0,57700.0,0.0,0.0,127886216.0
2011-12-15,57700.0,57700.0,57700.0,57700.0,0.0,0.0,127886216.0
2011-12-16,57700.0,57700.0,57700.0,57700.0,0.0,0.0,127886216.0
2011-12-19,57700.0,57700.0,57700.0,57700.0,0.0,0.0,127886216.0
2011-12-20,57700.0,57700.0,57700.0,57700.0,0.0,0.0,127886216.0
2011-12-21,57700.0,57700.0,57700.0,57700.0,0.0,0.0,127886216.0
2011-12-22,57700.0,57700.0,57700.0,57700.0,0.0,0.0,127886216.0
2011-12-23,57700.0,57700.0,57700.0,57700.0,0.0,0.0,127886216.0
2011-12-27,57700.0,57700.0,57700.0,57700.0,0.0,0.0,127886216.0
2011-12-28,57700.0,57700.0,57700.0,57700.0,0.0,0.0,127886216.0
2011-12-29,57700.0,57700.0,57700.0,57700.0,0.0,0.0,127886216.0
2011-12-30,57700.0,57700.0,57700.0,57700.0,0.0,0.0,127886216.0
2012-01-02,57700.0,57700.0,57700.0,57700.0,0.0,0.0,127886216.0
2012-01-03,57700.0,57700.0,57700.0,57700.0,0.0,0.0,127886216.0
2012-01-04,57700.0,57700.0,57700.0,57700.0,0.0,0.0,127886216.0
2012-01-05,57700.0,57700.0,57700.0,57700.0,0.0,0.0,127886216.0
2012-01-06,57700.0,57700.0,57700.0,57700.0,0.0,0.0,127886216.0
2012-01-09,57700.0,57700.0,57700.0,57700.0,0.0,0.0,127886216.0
2012-01-10,57700.0,57700.0,57700.0,57700.0,0.0,0.0,127886216.0
2012-01-11,57700.0,57700.0,57700.0,57700.0,0.0,0.0,127886216.0
2012-01-12,57700.0,57700.0,57700.0,57700.0,0.0,0.0,127886216.0
2012-01-13,57700.0,57700.0,57700.0,57700.0,0.0,0.0,127886216.0
2012-01-16,57700.0,57700.0,57700.0,57700.0,0.0,0.0,127886216.0
2012-01-17,57700.0,57700.0,57700.0,57700.0,0.0,0.0,127886216.0
2012-01-18,57700.0,57700.0,57700.0,57700.0,0.0,0.0,127886216.0
2012-01-19,57700.0,57700.0,57700.0,57700.0,0.0,0.0,127886216.0
2012-01-20,57700.0,57700.0,57700.0,57700.0,0.0,0.0,127886216.0
2012-01-23,57700.0,57700.0,57700.0,57700.0,0.0,0.0,127886216.0
2012-01-24,57700.0,57700.0,57700.0,57700.0,0.0,0.0,127886216.0
2012-01-25,57700.0,57700.0,57700.0,57700.0,0.0,0.0,127886216.0
2012-01-26,57700.0,57700.0,57700.0,57700.0,0.0,0.0,127886216.0
2012-01-27,57700.0,57700.0,57700.0,57700.0,0.0,0.0,127886216.0
2012-01-30,57700.0,57700.0,57700.0,57700.0,0.0,0.0,127886216.0
2012-01-31,57700.0,57700.0,57700.0,57700.0,0.0,0.0,127886216.0
2012-02-01,57700.0,57700.0,57700.0,57700.0,0.0,0.0,127886216.0
2012-02-02,57700.0,57700.0,57700.0,57700.0,0.0,0.0,127886216.0
2012-02-03,57700.0,57700.0,57700.0,57700.0,0.0,0.0,127886216.0
2012-02-05,57700.0,57700.0,57700.0,57700.0,0.0,0.0,127886216.0
2012-02-06,57700.0,57700.0,57700.0,57700.0,0.0,0.0,127886216.0
2012-02-07,57700.0,57700.0,57700.0,57700.0,0.0,0.0,127886216.0
2012-02-08,57700.0,57700.0,57700.0,57700.0,0.0,0.0,127886216.0
2012-02-09,57700.0,57700.0,57700.0,57700.0,0.0,0.0,127886216.0
2012-02-10,57700.0,57700.0,57700.0,57700.0,0.0,0.0,127886216.0
2012-02-13,57700.0,57700.0,57700.0,57700.0,0.0,0.0,127886216.0
2012-02-14,57700.0,57700.0,57700.0,57700.0,0.0,0.0,127886216.0
2012-02-15,57700.0,57700.0,57700.0,57700.0,0.0,0.0,127886216.0
2012-02-16,57700.0,57700.0,57700.0,57700.0,0.0,0.0,127886216.0
2012-02-17,57700.0,57700.0,57700.0,57700.0,0.0,0.0,127886216.0
2012-02-20,57700.0,57700.0,57700.0,57700.0,0.0,0.0,127886216.0
2012-02-21,57700.0,57700.0,57700.0,57700.0,0.0,0.0,127886216.0
2012-02-22,57700.0,57700.0,57700.0,57700.0,0.0,0.0,127886216.0
2012-02-23,57700.0,57700.0,57700.0,57700.0,0.0,0.0,127886216.0
2012-02-24,57700.0,57700.0,57700.0,57700.0,0.0,0.0,127886216.0
2012-02-27,57700.0,57700.0,57700.0,57700.0,0.0,0.0,127886216.0
2012-02-28,57700.0,57700.0,57700.0,57700.0,0.0,0.0,127886216.0
2012-02-29,57700.0,57700.0,57700.0,57700.0,0.0,0.0,127886216.0
2012-03-01,57700.0,57700.0,57700.0,57700.0,0.0,0.0,127886216.0
2012-03-02,57700.0,57700.0,57700.0,57700.0,0.0,0.0,127886216.0
2012-03-05,57700.0,57700.0,57700.0,57700.0,0.0,0.0,127886216.0
2012-03-06,57700.0,57700.0,57700.0,57700.0,0.0,0.0,127886216.0
2012-03-07,57700.0,57700.0,57700.0,57700.0,0.0,0.0,127886216.0
2012-03-08,57700.0,57700.0,57700.0,57700.0,0.0,0.0,127886216.0
2012-03-09,57700.0,57700.0,57700.0,57700.0,0.0,0.0,127886216.0
2012-03-12,57700.0,57700.0,57700.0,57700.0,0.0,0.0,127886216.0
2012-03-13,57700.0,57700.0,57700.0,57700.0,0.0,0.0,127886216.0
2012-03-14,57700.0,57700.0,57700.0,57700.0,0.0,0.0,127886216.0
2012-03-15,57700.0,57700.0,57700.0,57700.0,0.0,0.0,127886216.0
2012-03-16,57700.0,57700.0,57700.0,57700.0,0.0,0.0,127886216.0
2012-03-19,57700.0,57700.0,57700.0,57700.0,0.0,0.0,127886216.0
2012-03-20,57700.0,57700.0,57700.0,57700.0,0.0,0.0,127886216.0
2012-03-21,57700.0,57700.0,57700.0,57700.0,0.0,0.0,127886216.0
2012-03-22,57700.0,57700.0,57700.0,57700.0,0.0,0.0,127886216.0
2012-03-23,57700.0,57700.0,57700.0,57700.0,0.0,0.0,127886216.0
2012-03-26,57700.0,57700.0,57700.0,57700.0,0.0,0.0,127886216.0
2012-03-27,57700.0,57700.0,57700.0,57700.0,0.0,0.0,127886216.0
2012-03-28,57700.0,57700.0,57700.0,57700.0,0.0,0.0,127886216.0
2012-03-29,57700.0,57700.0,57700.0,57700.0,0.0,0.0,127886216.0
2012-03-30,57700.0,57700.0,57700.0,57700.0,0.0,0.0,127886216.0
2012-04-02,57700.0,57700.0,57700.0,57700.0,0.0,0.0,127886216.0
2012-04-03,57700.0,57700.0,57700.0,57700.0,0.0,0.0,127886216.0
2012-04-04,57700.0,57700.0,57700.0,57700.0,0.0,0.0,127886216.0
2012-04-05,57700.0,57700.0,57700.0,57700.0,0.0,0.0,127886216.0
2012-04-08,57700.0,57700.0,57700.0,57700.0,0.0,0.0,127886216.0
2012-04-09,57700.0,57700.0,57700.0,57700.0,0.0,0.0,127886216.0
2012-04-10,57700.0,57700.0,57700.0,57700.0,0.0,0.0,127886216.0
2012-04-11,57700.0,57700.0,57700.0,57700.0,0.0,0.0,127886216.0
2012-04-12,57700.0,57700.0,57700.0,57700.0,0.0,0.0,127886216.0
2012-04-13,57700.0,57700.0,57700.0,57700.0,0.0,0.0,127886216.0
2012-04-16,57700.0,57700.0,57700.0,57700.0,0.0,0.0,127886216.0
2012-04-17,57700.0,57700.0,57700.0,57700.0,0.0,0.0,127886216.0
2012-04-18,57700.0,57700.0,57700.0,57700.0,0.0,0.0,127886216.0
2012-04-19,57700.0,57700.0,57700.0,57700.0,0.0,0.0,127886216.0
2012-04-20,57700.0,57700.0,57700.0,57700.0,0.0,0.0,127886216.0
2012-04-23,57700.0,57700.0,57700.0,57700.0,0.0,0.0,127886216.0
2012-04-24,57700.0,57700.0,57700.0,57700.0,0.0,0.0,127886216.0
2012-04-25,57700.0,57700.0,57700.0,57700.0,0.0,0.0,127886216.0
2012-04-26,57700.0,57700.0,57700.0,57700.0,0.0,0.0,127886216.0
2012-04-27,57700.0,57700.0,57700.0,57700.0,0.0,0.0,127886216.0
2012-04-30,57700.0,57700.0,57700.0,57700.0,0.0,0.0,127886216.0
2012-05-01,57700.0,57700.0,57700.0,57700.0,0.0,0.0,127886216.0
2012-05-02,57700.0,57700.0,57700.0,57700.0,0.0,0.0,127886216.0
2012-05-03,57700.0,57700.0,57700.0,57700.0,0.0,0.0,127886216.0
2012-05-04,57700.0,57700.0,57700.0,57700.0,0.0,0.0,127886216.0
2012-05-07,57700.0,57700.0,57700.0,57700.0,0.0,0.0,127886216.0
2012-05-08,57700.0,57700.0,57700.0,57700.0,0.0,0.0,127886216.0
2012-05-09,57700.0,57700.0,57700.0,57700.0,0.0,0.0,127886216.0
2012-05-10,57700.0,57700.0,57700.0,57700.0,0.0,0.0,127886216.0
2012-05-11,57700.0,57700.0,57700.0,57700.0,0.0,0.0,127886216.0
2012-05-14,57700.0,57700.0,57700.0,57700.0,0.0,0.0,127886216.0
2012-05-15,57700.0,57700.0,57700.0,57700.0,0.0,0.0,127886216.0
2012-05-16,57700.0,57700.0,57700.0,57700.0,0.0,0.0,127886216.0
2012-05-17,57700.0,57700.0,57700.0,57700.0,0.0,0.0,127886216.0
2012-05-18,57700.0,57700.0,57700.0,57700.0,0.0,0.0,127886216.0
2012-05-21,57700.0,57700.0,57700.0,57700.0,0.0,0.0,127886216.0
2012-05-22,57700.0,57700.0,57700.0,57700.0,0.0,0.0,127886216.0
2012-05-23,57700.0,57700.0,57700.0,57700.0,0.0,0.0,127886216.0
2012-05-24,57700.0,57700.0,57700.0,57700.0,0.0,0.0,127886216.0
2012-05-25,57700.0,57700.0,57700.0,57700.0,0.0,0.0,127886216.0
2012-05-28,57700.0,57700.0,57700.0,57700.0,0.0,0.0,127886216.0
2012-05-29,57700.0,57700.0,57700.0,57700.0,0.0,0.0,127886216.0
2012-05-30,57700.0,57700.0,57700.0,57700.0,0.0,0.0,127886216.0
2012-05-31,57700.0,57700.0,57700.0,57700.0,0.0,0.0,127886216.0
2012-06-01,57700.0,57700.0,57700.0,57700.0,0.0,0.0,127886216.0
2012-06-04,57700.0,57700.0,57700.0,57700.0,0.0,0.0,127886216.0
2012-06-05,57700.0,57700.0,57700.0,57700.0,0.0,0.0,127886216.0
2012-06-06,57700.0,57700.0,57700.0,57700.0,0.0,0.0,127886216.0
2012-06-07,57700.0,57700.0,57700.0,57700.0,0.0,0.0,127886216.0
2012-06-08,57700.0,57700.0,57700.0,57700.0,0.0,0.0,127886216.0
2012-06-11,57700.0,57700.0,57700.0,57700.0,0.0,0.0,127886216.0
2012-06-12,57700.0,57700.0,57700.0,57700.0,0.0,0.0,127886216.0
2012-06-13,57700.0,57700.0,57700.0,57700.0,0.0,0.0,127886216.0
2012-06-14,57700.0,57700.0,57700.0,57700.0,0.0,0.0,127886216.0
2012-06-15,57700.0,57700.0,57700.0,57700.0,0.0,0.0,127886216.0
2012-06-18,57700.0,57700.0,57700.0,57700.0,0.0,0.0,127886216.0
2012-06-19,57700.0,57700.0,57700.0,57700.0,0.0,0.0,127886216.0
2012-06-20,57700.0,57700.0,57700.0,57700.0,0.0,0.0,127886216.0
2012-06-21,57700.0,57700.0,57700.0,57700.0,0.0,0.0,127886216.0
2012-06-22,57700.0,57700.0,57700.0,57700.0,0.0,0.0,127886216.0
2012-06-25,57700.0,57700.0,57700.0,57700.0,0.0,0.0,127886216.0
2012-06-26,57700.0,57700.0,57700.0,57700.0,0.0,0.0,127886216.0
2012-06-27,57700.0,57700.0,57700.0,57700.0,0.0,0.0,127886216.0
2012-06-28,57700.0,57700.0,57700.0,57700.0,0.0,0.0,127886216.0
2012-06-29,57700.0,57700.0,57700.0,57700.0,0.0,0.0,127886216.0
2012-07-02,57700.0,57700.0,57700.0,57700.0,0.0,0.0,127886216.0
2012-07-03,57700.0,57700.0,57700.0,57700.0,0.0,0.0,127886216.0
2012-07-04,57700.0,57700.0,57700.0,57700.0,0.0,0.0,127886216.0
2012-07-05,57700.0,57700.0,57700.0,57700.0,0.0,0.0,127886216.0
2012-07-06,57700.0,57700.0,57700.0,57700.0,0.0,0.0,127886216.0
2012-07-07,57700.0,57700.0,57700.0,57700.0,0.0,0.0,127886216.0
2012-07-08,57700.0,57700.0,57700.0,57700.0,0.0,0.0,127886216.0
2012-07-09,57700.0,57700.0,57700.0,57700.0,0.0,0.0,127886216.0
2012-07-10,57700.0,57700.0,57700.0,57700.0,0.0,0.0,127886216.0
2012-07-11,57700.0,57700.0,57700.0,57700.0,0.0,0.0,127886216.0
2012-07-12,57700.0,57700.0,57700.0,57700.0,0.0,0.0,127886216.0
2012-07-13,57700.0,57700.0,57700.0,57700.0,0.0,0.0,127886216.0
2012-07-16,57700.0,57700.0,57700.0,57700.0,0.0,0.0,127886216.0
2012-07-17,57700.0,57700.0,57700.0,57700.0,0.0,0.0,127886216.0
2012-07-18,57700.0,57700.0,57700.0,57700.0,0.0,0.0,127886216.0
2012-07-19,57700.0,57700.0,57700.0,57700.0,0.0,0.0,127886216.0
2012-07-20,57700.0,57700.0,57700.0,57700.0,0.0,0.0,127886216.0
2012-07-23,57700.0,57700.0,57700.0,57700.0,0.0,0.0,127886216.0
2012-07-24,57700.0,57700.0,57700.0,57700.0,0.0,0.0,127886216.0
2012-07-25,57700.0,57700.0,57700.0,57700.0,0.0,0.0,127886216.0
2012-07-26,57700.0,57700.0,57700.0,57700.0,0.0,0.0,127886216.0
2012-07-27,57700.0,57700.0,57700.0,57700.0,0.0,0.0,127886216.0
2012-07-30,57700.0,57700.0,57700.0,57700.0,0.0,0.0,127886216.0
2012-07-31,57700.0,57700.0,57700.0,57700.0,0.0,0.0,127886216.0
2012-08-01,57700.0,57700.0,57700.0,57700.0,0.0,0.0,127886216.0
2012-08-02,57700.0,57700.0,57700.0,57700.0,0.0,0.0,127886216.0
2012-08-03,57700.0,57700.0,57700.0,57700.0,0.0,0.0,127886216.0
2012-08-06,57700.0,57700.0,57700.0,57700.0,0.0,0.0,127886216.0
2012-08-07,57700.0,57700.0,57700.0,57700.0,0.0,0.0,127886216.0
2012-08-08,57700.0,57700.0,57700.0,57700.0,0.0,0.0,127886216.0
2012-08-09,57700.0,57700.0,57700.0,57700.0,0.0,0.0,127886216.0
2012-08-10,57700.0,57700.0,57700.0,57700.0,0.0,0.0,127886216.0
2012-08-13,57700.0,57700.0,57700.0,57700.0,0.0,0.0,127886216.0
2012-08-14,57700.0,57700.0,57700.0,57700.0,0.0,0.0,127886216.0
2012-08-15,57700.0,57700.0,57700.0,57700.0,0.0,0.0,127886216.0
2012-08-16,57700.0,57700.0,57700.0,57700.0,0.0,0.0,127886216.0
2012-08-17,57700.0,57700.0,57700.0,57700.0,0.0,0.0,127886216.0
2012-08-20,57700.0,57700.0,57700.0,57700.0,0.0,0.0,127886216.0
2012-08-21,57700.0,57700.0,57700.0,57700.0,0.0,0.0,127886216.0
2012-08-22,57700.0,57700.0,57700.0,57700.0,0.0,0.0,127886216.0
2012-08-23,57700.0,57700.0,57700.0,57700.0,0.0,0.0,127886216.0
2012-08-24,57700.0,57700.0,57700.0,57700.0,0.0,0.0,127886216.0
2012-08-27,57700.0,57700.0,57700.0,57700.0,0.0,0.0,127886216.0
2012-08-28,57700.0,57700.0,57700.0,57700.0,0.0,0.0,127886216.0
2012-08-29,57700.0,57700.0,57700.0,57700.0,0.0,0.0,127886216.0
2012-08-30,57700.0,57700.0,57700.0,57700.0,0.0,0.0,127886216.0
2012-08-31,57700.0,57700.0,57700.0,57700.0,0.0,0.0,127886216.0
2012-09-03,57700.0,57700.0,57700.0,57700.0,0.0,0.0,127886216.0
2012-09-04,57700.0,57700.0,57700.0,57700.0,0.0,0.0,127886216.0
2012-09-05,57700.0,57700.0,57700.0,57700.0,0.0,0.0,127886216.0
2012-09-06,57700.0,57700.0,57700.0,57700.0,0.0,0.0,127886216.0
2012-09-07,57700.0,57700.0,57700.0,57700.0,0.0,0.0,127886216.0
2012-09-10,57700.0,57700.0,57700.0,57700.0,0.0,0.0,127886216.0
2012-09-11,57700.0,57700.0,57700.0,57700.0,0.0,0.0,127886216.0
2012-09-12,57700.0,57700.0,57700.0,57700.0,0.0,0.0,127886216.0
2012-09-13,57700.0,57700.0,57700.0,57700.0,0.0,0.0,127886216.0
2012-09-14,57700.0,57700.0,57700.0,57700.0,0.0,0.0,127886216.0
2012-09-17,57700.0,57700.0,57700.0,57700.0,0.0,0.0,127886216.0
2012-09-18,57700.0,57700.0,57700.0,57700.0,0.0,0.0,127886216.0
2012-09-19,57700.0,57700.0,57700.0,57700.0,0.0,0.0,127886216.0
2012-09-20,57700.0,57700.0,57700.0,57700.0,0.0,0.0,127886216.0
2012-09-21,57700.0,57700.0,57700.0,57700.0,0.0,0.0,127886216.0
2012-09-24,57700.0,57700.0,57700.0,57700.0,0.0,0.0,127886216.0
2012-09-25,57700.0,57700.0,57700.0,57700.0,0.0,0.0,127886216.0
2012-09-26,57700.0,57700.0,57700.0,57700.0,0.0,0.0,127886216.0
2012-09-27,57700.0,57700.0,57700.0,57700.0,0.0,0.0,127886216.0
2012-09-28,57700.0,57700.0,57700.0,57700.0,0.0,0.0,127886216.0
2012-10-01,57700.0,57700.0,57700.0,57700.0,0.0,0.0,127886216.0
2012-10-02,57700.0,57700.0,57700.0,57700.0,0.0,0.0,127886216.0
2012-10-03,57700.0,57700.0,57700.0,57700.0,0.0,0.0,127886216.0
2012-10-04,57700.0,57700.0,57700.0,57700.0,0.0,0.0,127886216.0
2012-10-05,57700.0,57700.0,57700.0,57700.0,0.0,0.0,127886216.0
2012-10-08,57700.0,57700.0,57700.0,57700.0,0.0,0.0,127886216.0
2012-10-09,57700.0,57700.0,57700.0,57700.0,0.0,0.0,127886216.0
2012-10-10,57700.0,57700.0,57700.0,57700.0,0.0,0.0,127886216.0
2012-10-11,57700.0,57700.0,57700.0,57700.0,0.0,0.0,127886216.0
2012-10-12,57700.0,57700.0,57700.0,57700.0,0.0,0.0,127886216.0
2012-10-15,57700.0,57700.0,57700.0,57700.0,0.0,0.0,127886216.0
2012-10-16,57700.0,57700.0,57700.0,57700.0,0.0,0.0,127886216.0
2012-10-17,57700.0,57700.0,57700.0,57700.0,0.0,0.0,127886216.0
2012-10-18,57700.0,57700.0,57700.0,57700.0,0.0,0.0,127886216.0
2012-10-19,57700.0,57700.0,57700.0,57700.0,0.0,0.0,127886216.0
2012-10-22,57700.0,57700.0,57700.0,57700.0,0.0,0.0,127886216.0
2012-10-23,57700.0,57700.0,57700.0,57700.0,0.0,0.0,127886216.0
2012-10-24,57700.0,57700.0,57700.0,57700.0,0.0,0.0,127886216.0
2012-10-25,57700.0,57700.0,57700.0,57700.0,0.0,0.0,127886216.0
2012-10-26,57700.0,57700.0,57700.0,57700.0,0.0,0.0,127886216.0
2012-10-29,57700.0,57700.0,57700.0,57700.0,0.0,0.0,127886216.0
2012-10-30,57700.0,57700.0,57700.0,57700.0,0.0,0.0,127886216.0
2012-10-31,57700.0,57700.0,57700.0,57700.0,0.0,0.0,127886216.0
2012-11-01,57700.0,57700.0,57700.0,57700.0,0.0,0.0,127886216.0
2012-11-02,57700.0,57700.0,57700.0,57700.0,0.0,0.0,127886216.0
2012-11-05,57700.0,57700.0,57700.0,57700.0,0.0,0.0,127886216.0
2012-11-06,57700.0,57700.0,57700.0,57700.0,0.0,0.0,127886216.0
2012-11-07,57700.0,57700.0,57700.0,57700.0,0.0,0.0,127886216.0
2012-11-08,57700.0,57700.0,57700.0,57700.0,0.0,0.0,127886216.0
2012-11-09,57700.0,57700.0,57700.0,57700.0,0.0,0.0,127886216.0
2012-11-12,57700.0,57700.0,57700.0,57700.0,0.0,0.0,127886216.0
2012-11-13,57700.0,57700.0,57700.0,57700.0,0.0,0.0,127886216.0
2012-11-14,57700.0,57700.0,57700.0,57700.0,0.0,0.0,127886216.0
2012-11-15,57700.0,57700.0,57700.0,57700.0,0.0,0.0,127886216.0
2012-11-16,57700.0,57700.0,57700.0,57700.0,0.0,0.0,127886216.0
2012-11-19,57700.0,57700.0,57700.0,57700.0,0.0,0.0,127886216.0
2012-11-20,57700.0,57700.0,57700.0,57700.0,0.0,0.0,127886216.0
2012-11-21,57700.0,57700.0,57700.0,57700.0,0.0,0.0,127886216.0
2012-11-22,57700.0,57700.0,57700.0,57700.0,0.0,0.0,127886216.0
2012-11-23,57700.0,57700.0,57700.0,57700.0,0.0,0.0,127886216.0
2012-11-26,57700.0,57700.0,57700.0,57700.0,0.0,0.0,127886216.0
2012-11-27,57700.0,57700.0,57700.0,57700.0,0.0,0.0,127886216.0
2012-11-28,57700.0,57700.0,57700.0,57700.0,0.0,0.0,127886216.0
2012-11-29,57700.0,57700.0,57700.0,57700.0,0.0,0.0,127886216.0
2012-11-30,57700.0,57700.0,57700.0,57700.0,0.0,0.0,127886216.0
2012-12-03,57700.0,57700.0,57700.0,57700.0,0.0,0.0,127886216.0
2012-12-04,57700.0,57700.0,57700.0,57700.0,0.0,0.0,127886216.0
2012-12-05,57700.0,57700.0,57700.0,57700.0,0.0,0.0,127886216.0
2012-12-06,57700.0,57700.0,57700.0,57700.0,0.0,0.0,127886216.0
2012-12-07,57700.0,57700.0,57700.0,57700.0,0.0,0.0,127886216.0
2012-12-10,57700.0,57700.0,57700.0,57700.0,0.0,0.0,127886216.0
2012-12-11,57700.0,57700.0,57700.0,57700.0,0.0,0.0,127886216.0
2012-12-12,57700.0,57700.0,57700.0,57700.0,0.0,0.0,127886216.0
2012-12-13,57700.0,57700.0,57700.0,57700.0,0.0,0.0,127886216.0
2012-12-14,57700.0,57700.0,57700.0,57700.0,0.0,0.0,127886216.0
2012-12-17,57700.0,57700.0,57700.0,57700.0,0.0,0.0,127886216.0
2012-12-18,57700.0,57700.0,57700.0,57700.0,0.0,0.0,127886216.0
2012-12-19,57700.0,57700.0,57700.0,57700.0,0.0,0.0,127886216.0
2012-12-20,57700.0,57700.0,57700.0,57700.0,0.0,0.0,127886216.0
2012-12-21,57700.0,57700.0,57700.0,57700.0,0.0,0.0,127886216.0
2012-12-24,57700.0,57700.0,57700.0,57700.0,0.0,0.0,127886216.0
2012-12-27,57700.0,57700.0,57700.0,57700.0,0.0,0.0,127886216.0
2012-12-28,57700.0,57700.0,57700.0,57700.0,0.0,0.0,127886216.0
2012-12-31,57700.0,57700.0,57700.0,57700.0,0.0,0.0,127886216.0
2013-01-02,57700.0,57700.0,57700.0,57700.0,0.0,0.0,127886216.0
2013-01-03,57700.0,57700.0,57700.0,57700.0,0.0,0.0,127886216.0
2013-01-04,57700.0,57700.0,57700.0,57700.0,0.0,0.0,127886216.0
2013-01-07,57700.0,57700.0,57700.0,57700.0,0.0,0.0,127886216.0
2013-01-08,57700.0,57700.0,57700.0,57700.0,0.0,0.0,127886216.0
2013-01-09,57700.0,57700.0,57700.0,57700.0,0.0,0.0,127886216.0
2013-01-10,57700.0,57700.0,57700.0,57700.0,0.0,0.0,127886216.0
2013-01-11,57700.0,57700.0,57700.0,57700.0,0.0,0.0,127886216.0
2013-01-14,57700.0,57700.0,57700.0,57700.0,0.0,0.0,127886216.0
2013-01-15,57700.0,57700.0,57700.0,57700.0,0.0,0.0,127886216.0
2013-01-16,57700.0,57700.0,57700.0,57700.0,0.0,0.0,127886216.0
2013-01-17,57700.0,57700.0,57700.0,57700.0,0.0,0.0,127886216.0
2013-01-18,57700.0,57700.0,57700.0,57700.0,0.0,0.0,127886216.0
2013-01-21,57700.0,57700.0,57700.0,57700.0,0.0,0.0,127886216.0
2013-01-22,57700.0,57700.0,57700.0,57700.0,0.0,0.0,127886216.0
2013-01-23,57700.0,57700.0,57700.0,57700.0,0.0,0.0,127886216.0
2013-01-24,57700.0,57700.0,57700.0,57700.0,0.0,0.0,127886216.0
2013-01-25,57700.0,57700.0,57700.0,57700.0,0.0,0.0,127886216.0
2013-01-28,57700.0,57700.0,57700.0,57700.0,0.0,0.0,127886216.0
2013-01-29,57700.0,57700.0,57700.0,57700.0,0.0,0.0,127886216.0
2013-01-30,57700.0,57700.0,57700.0,57700.0,0.0,0.0,127886216.0
2013-01-31,57700.0,57700.0,57700.0,57700.0,0.0,0.0,127886216.0
2013-02-01,57700.0,57700.0,57700.0,57700.0,0.0,0.0,127886216.0
2013-02-04,57700.0,57700.0,57700.0,57700.0,0.0,0.0,127886216.0
2013-02-05,57700.0,57700.0,57700.0,57700.0,0.0,0.0,127886216.0
2013-02-06,57700.0,57700.0,57700.0,57700.0,0.0,0.0,127886216.0
2013-02-07,57700.0,57700.0,57700.0,57700.0,0.0,0.0,127886216.0
2013-02-08,57700.0,57700.0,57700.0,57700.0,0.0,0.0,127886216.0
2013-02-11,57700.0,57700.0,57700.0,57700.0,0.0,0.0,127886216.0
2013-02-12,57700.0,57700.0,57700.0,57700.0,0.0,0.0,127886216.0
2013-02-13,57700.0,57700.0,57700.0,57700.0,0.0,0.0,127886216.0
2013-02-14,57700.0,57700.0,57700.0,57700.0,0.0,0.0,127886216.0
2013-02-15,57700.0,57700.0,57700.0,57700.0,0.0,0.0,127886216.0
2013-02-18,57700.0,57700.0,57700.0,57700.0,0.0,0.0,127886216.0
2013-02-19,57700.0,57700.0,57700.0,57700.0,0.0,0.0,127886216.0
2013-02-20,57700.0,57700.0,57700.0,57700.0,0.0,0.0,127886216.0
2013-02-21,57700.0,57700.0,57700.0,57700.0,0.0,0.0,127886216.0
2013-02-22,57700.0,57700.0,57700.0,57700.0,0.0,0.0,127886216.0
2013-02-25,57700.0,57700.0,57700.0,57700.0,0.0,0.0,127886216.0
2013-02-26,57700.0,57700.0,57700.0,57700.0,0.0,0.0,127886216.0
2013-02-27,57700.0,57700.0,57700.0,57700.0,0.0,0.0,127886216.0
2013-02-28,57700.0,57700.0,57700.0,57700.0,0.0,0.0,127886216.0
2013-03-01,57700.0,57700.0,57700.0,57700.0,0.0,0.0,127886216.0
2013-03-04,57700.0,57700.0,57700.0,57700.0,0.0,0.0,127886216.0
2013-03-05,57700.0,57700.0,57700.0,57700.0,0.0,0.0,127886216.0
2013-03-06,57700.0,57700.0,57700.0,57700.0,0.0,0.0,127886216.0
2013-03-07,57700.0,57700.0,57700.0,57700.0,0.0,0.0,127886216.0
2013-03-08,57700.0,57700.0,57700.0,57700.0,0.0,0.0,127886216.0
2013-03-11,57700.0,57700.0,57700.0,57700.0,0.0,0.0,127886216.0
2013-03-12,57700.0,57700.0,57700.0,57700.0,0.0,0.0,127886216.0
2013-03-13,57700.0,57700.0,57700.0,57700.0,0.0,0.0,127886216.0
2013-03-14,57700.0,57700.0,57700.0,57700.0,0.0,0.0,127886216.0
2013-03-15,57700.0,57700.0,57700.0,57700.0,0.0,0.0,127886216.0
2013-03-18,57700.0,57700.0,57700.0,57700.0,0.0,0.0,127886216.0
2013-03-19,57700.0,57700.0,57700.0,57700.0,0.0,0.0,127886216.0
2013-03-20,57700.0,57700.0,57700.0,57700.0,0.0,0.0,127886216.0
2013-03-21,57700.0,57700.0,57700.0,57700.0,0.0,0.0,127886216.0
2013-03-22,57700.0,57700.0,57700.0,57700.0,0.0,0.0,127886216.0
2013-03-25,57700.0,57700.0,57700.0,57700.0,0.0,0.0,127886216.0
2013-03-26,57700.0,57700.0,57700.0,57700.0,0.0,0.0,127886216.0
2013-03-27,57700.0,57700.0,57700.0,57700.0,0.0,0.0,127886216.0
2013-03-28,57700.0,57700.0,57700.0,57700.0,0.0,0.0,127886216.0
2013-04-01,57700.0,57700.0,57700.0,57700.0,0.0,0.0,127886216.0
2013-04-02,57700.0,57700.0,57700.0,57700.0,0.0,0.0,127886216.0
2013-04-03,57700.0,57700.0,57700.0,57700.0,0.0,0.0,127886216.0
2013-04-04,57700.0,57700.0,57700.0,57700.0,0.0,0.0,127886216.0
2013-04-05,57700.0,57700.0,57700.0,57700.0,0.0,0.0,127886216.0
2013-04-08,57700.0,57700.0,57700.0,57700.0,0.0,0.0,127886216.0
2013-04-09,57700.0,57700.0,57700.0,57700.0,0.0,0.0,127886216.0
2013-04-10,57700.0,57700.0,57700.0,57700.0,0.0,0.0,127886216.0
2013-04-11,57700.0,57700.0,57700.0,57700.0,0.0,0.0,127886216.0
2013-04-12,57700.0,57700.0,57700.0,57700.0,0.0,0.0,127886216.0
2013-04-15,57700.0,57700.0,57700.0,57700.0,0.0,0.0,127886216.0
2013-04-16,57700.0,57700.0,57700.0,57700.0,0.0,0.0,127886216.0
2013-04-17,57700.0,57700.0,57700.0,57700.0,0.0,0.0,127886216.0
2013-04-18,57700.0,57700.0,57700.0,57700.0,0.0,0.0,127886216.0
2013-04-19,57700.0,57700.0,57700.0,57700.0,0.0,0.0,127886216.0
2013-04-22,57700.0,57700.0,57700.0,57700.0,0.0,0.0,127886216.0
2013-04-23,57700.0,57700.0,57700.0,57700.0,0.0,0.0,127886216.0
2013-04-24,57700.0,57700.0,57700.0,57700.0,0.0,0.0,127886216.0
2013-04-25,57700.0,57700.0,57700.0,57700.0,0.0,0.0,127886216.0
2013-04-26,57700.0,57700.0,57700.0,57700.0,0.0,0.0,127886216.0
2013-04-29,57700.0,57700.0,57700.0,57700.0,0.0,0.0,127886216.0
2013-04-30,57700.0,57700.0,57700.0,57700.0,0.0,0.0,127886216.0
2013-05-01,57700.0,57700.0,57700.0,57700.0,0.0,0.0,127886216.0
2013-05-02,57700.0,57700.0,57700.0,57700.0,0.0,0.0,127886216.0
2013-05-03,57700.0,57700.0,57700.0,57700.0,0.0,0.0,127886216.0
2013-05-06,57700.0,57700.0,57700.0,57700.0,0.0,0.0,127886216.0
2013-05-07,57700.0,57700.0,57700.0,57700.0,0.0,0.0,127886216.0
2013-05-08,57700.0,57700.0,57700.0,57700.0,0.0,0.0,127886216.0
2013-05-09,57700.0,57700.0,57700.0,57700.0,0.0,0.0,127886216.0
2013-05-10,57700.0,57700.0,57700.0,57700.0,0.0,0.0,127886216.0
2013-05-13,57700.0,57700.0,57700.0,57700.0,0.0,0.0,127886216.0
2013-05-14,57700.0,57700.0,57700.0,57700.0,0.0,0.0,127886216.0
2013-05-15,57700.0,57700.0,57700.0,57700.0,0.0,0.0,127886216.0
2013-05-16,57700.0,57700.0,57700.0,57700.0,0.0,0.0,127886216.0
2013-05-17,57700.0,57700.0,57700.0,57700.0,0.0,0.0,127886216.0
2013-05-20,57700.0,57700.0,57700.0,57700.0,0.0,0.0,127886216.0
2013-05-21,57700.0,57700.0,57700.0,57700.0,0.0,0.0,127886216.0
2013-05-22,57700.0,57700.0,57700.0,57700.0,0.0,0.0,127886216.0
2013-05-23,57700.0,57700.0,57700.0,57700.0,0.0,0.0,127886216.0
2013-05-24,57700.0,57700.0,57700.0,57700.0,0.0,0.0,127886216.0
2013-05-27,57700.0,57700.0,57700.0,57700.0,0.0,0.0,127886216.0
2013-05-28,57700.0,57700.0,57700.0,57700.0,0.0,0.0,127886216.0
2013-05-29,57700.0,57700.0,57700.0,57700.0,0.0,0.0,127886216.0
2013-05-30,57700.0,57700.0,57700.0,57700.0,0.0,0.0,127886216.0
2013-05-31,57700.0,57700.0,57700.0,57700.0,0.0,0.0,127886216.0
2013-06-03,57700.0,57700.0,57700.0,57700.0,0.0,0.0,127886216.0
2013-06-04,57700.0,57700.0,57700.0,57700.0,0.0,0.0,127886216.0
2013-06-05,57700.0,57700.0,57700.0,57700.0,0.0,0.0,127886216.0
2013-06-06,57700.0,57700.0,57700.0,57700.0,0.0,0.0,127886216.0
2013-06-07,57700.0,57700.0,57700.0,57700.0,0.0,0.0,127886216.0
2013-06-10,57700.0,57700.0,57700.0,57700.0,0.0,0.0,127886216.0
2013-06-11,57700.0,57700.0,57700.0,57700.0,0.0,0.0,127886216.0
2013-06-12,57700.0,57700.0,57700.0,57700.0,0.0,0.0,127886216.0
2013-06-13,57700.0,57700.0,57700.0,57700.0,0.0,0.0,127886216.0
2013-06-14,57700.0,57700.0,57700.0,57700.0,0.0,0.0,127886216.0
2013-06-17,57700.0,57700.0,57700.0,57700.0,0.0,0.0,127886216.0
2013-06-18,57700.0,57700.0,57700.0,57700.0,0.0,0.0,127886216.0
2013-06-19,57700.0,57700.0,57700.0,57700.0,0.0,0.0,127886216.0
2013-06-20,57700.0,57700.0,57700.0,57700.0,0.0,0.0,127886216.0
2013-06-21,57700.0,57700.0,57700.0,57700.0,0.0,0.0,127886216.0
2013-06-24,57700.0,57700.0,57700.0,57700.0,0.0,0.0,127886216.0
2013-06-25,57700.0,57700.0,57700.0,57700.0,0.0,0.0,127886216.0
2013-06-26,57700.0,57700.0,57700.0,57700.0,0.0,0.0,127886216.0
2013-06-27,57700.0,57700.0,57700.0,57700.0,0.0,0.0,127886216.0
2013-06-28,57700.0,57700.0,57700.0,57700.0,0.0,0.0,127886216.0
2013-07-01,57700.0,57700.0,57700.0,57700.0,0.0,0.0,127886216.0
2013-07-02,57700.0,57700.0,57700.0,57700.0,0.0,0.0,127886216.0
2013-07-03,57700.0,57700.0,57700.0,57700.0,0.0,0.0,127886216.0
2013-07-04,57700.0,57700.0,57700.0,57700.0,0.0,0.0,127886216.0
2013-07-05,57700.0,57700.0,57700.0,57700.0,0.0,0.0,127886216.0
2013-07-08,57700.0,57700.0,57700.0,57700.0,0.0,0.0,127886216.0
2013-07-09,57700.0,57700.0,57700.0,57700.0,0.0,0.0,127886216.0
2013-07-10,57700.0,57700.0,57700.0,57700.0,0.0,0.0,127886216.0
2013-07-11,57700.0,57700.0,57700.0,57700.0,0.0,0.0,127886216.0
2013-07-12,57700.0,57700.0,57700.0,57700.0,0.0,0.0,127886216.0
2013-07-15,57700.0,57700.0,57700.0,57700.0,0.0,0.0,127886216.0
2013-07-16,57700.0,57700.0,57700.0,57700.0,0.0,0.0,127886216.0
2013-07-17,57700.0,57700.0,57700.0,57700.0,0.0,0.0,127886216.0
2013-07-18,57700.0,57700.0,57700.0,57700.0,0.0,0.0,127886216.0
2013-07-19,57700.0,57700.0,57700.0,57700.0,0.0,0.0,127886216.0
2013-07-22,57700.0,57700.0,57700.0,57700.0,0.0,0.0,127886216.0
2013-07-23,57700.0,57700.0,57700.0,57700.0,0.0,0.0,127886216.0
2013-07-24,57700.0,57700.0,57700.0,57700.0,0.0,0.0,127886216.0
2013-07-25,57700.0,57700.0,57700.0,57700.0,0.0,0.0,127886216.0
2013-07-26,57700.0,57700.0,57700.0,57700.0,0.0,0.0,127886216.0
2013-07-29,57700.0,57700.0,57700.0,57700.0,0.0,0.0,127886216.0
2013-07-30,57700.0,57700.0,57700.0,57700.0,0.0,0.0,127886216.0
2013-07-31,57700.0,57700.0,57700.0,57700.0,0.0,0.0,127886216.0
2013-08-01,57700.0,57700.0,57700.0,57700.0,0.0,0.0,127886216.0
2013-08-02,57700.0,57700.0,57700.0,57700.0,0.0,0.0,127886216.0
2013-08-05,57700.0,57700.0,57700.0,57700.0,0.0,0.0,127886216.0
2013-08-06,57700.0,57700.0,57700.0,57700.0,0.0,0.0,127886216.0
2013-08-07,57700.0,57700.0,57700.0,57700.0,0.0,0.0,127886216.0
2013-08-08,57700.0,57700.0,57700.0,57700.0,0.0,0.0,127886216.0
2013-08-09,57700.0,57700.0,57700.0,57700.0,0.0,0.0,127886216.0
2013-08-12,57700.0,57700.0,57700.0,57700.0,0.0,0.0,127886216.0
2013-08-13,57700.0,57700.0,57700.0,57700.0,0.0,0.0,127886216.0
2013-08-14,57700.0,57700.0,57700.0,57700.0,0.0,0.0,127886216.0
2013-08-15,57700.0,57700.0,57700.0,57700.0,0.0,0.0,127886216.0
2013-08-16,57700.0,57700.0,57700.0,57700.0,0.0,0.0,127886216.0
2013-08-19,57700.0,57700.0,57700.0,57700.0,0.0,0.0,127886216.0
2013-08-20,57700.0,57700.0,57700.0,57700.0,0.0,0.0,127886216.0
2013-08-21,57700.0,57700.0,57700.0,57700.0,0.0,0.0,127886216.0
2013-08-22,57700.0,57700.0,57700.0,57700.0,0.0,0.0,127886216.0
2013-08-23,57700.0,57700.0,57700.0,57700.0,0.0,0.0,127886216.0
2013-08-26,57700.0,57700.0,57700.0,57700.0,0.0,0.0,127886216.0
2013-08-27,57700.0,57700.0,57700.0,57700.0,0.0,0.0,127886216.0
2013-08-28,57700.0,57700.0,57700.0,57700.0,0.0,0.0,127886216.0
2013-08-29,57700.0,57700.0,57700.0,57700.0,0.0,0.0,127886216.0
2013-08-30,57700.0,57700.0,57700.0,57700.0,0.0,0.0,127886216.0
2013-09-02,57700.0,57700.0,57700.0,57700.0,0.0,0.0,127886216.0
2013-09-03,57700.0,57700.0,57700.0,57700.0,0.0,0.0,127886216.0
2013-09-04,57700.0,57700.0,57700.0,57700.0,0.0,0.0,127886216.0
2013-09-05,57700.0,57700.0,57700.0,57700.0,0.0,0.0,127886216.0
2013-09-06,57700.0,57700.0,57700.0,57700.0,0.0,0.0,127886216.0
2013-09-09,57700.0,57700.0,57700.0,57700.0,0.0,0.0,127886216.0
2013-09-10,57700.0,57700.0,57700.0,57700.0,0.0,0.0,127886216.0
2013-09-11,57700.0,57700.0,57700.0,57700.0,0.0,0.0,127886216.0
2013-09-12,57700.0,57700.0,57700.0,57700.0,0.0,0.0,127886216.0
2013-09-13,57700.0,57700.0,57700.0,57700.0,0.0,0.0,127886216.0
2013-09-16,57700.0,57700.0,57700.0,57700.0,0.0,0.0,127886216.0
2013-09-17,57700.0,57700.0,57700.0,57700.0,0.0,0.0,127886216.0
2013-09-18,57700.0,57700.0,57700.0,57700.0,0.0,0.0,127886216.0
2013-09-19,57700.0,57700.0,57700.0,57700.0,0.0,0.0,127886216.0
2013-09-20,57700.0,57700.0,57700.0,57700.0,0.0,0.0,127886216.0
2013-09-23,57700.0,57700.0,57700.0,57700.0,0.0,0.0,127886216.0
2013-09-24,57700.0,57700.0,57700.0,57700.0,0.0,0.0,127886216.0
2013-09-25,57700.0,57700.0,57700.0,57700.0,0.0,0.0,127886216.0
2013-09-26,57700.0,57700.0,57700.0,57700.0,0.0,0.0,127886216.0
2013-09-27,57700.0,57700.0,57700.0,57700.0,0.0,0.0,127886216.0
2013-09-30,57700.0,57700.0,57700.0,57700.0,0.0,0.0,127886216.0
2013-10-01,57700.0,57700.0,57700.0,57700.0,0.0,0.0,127886216.0
2013-10-02,57700.0,57700.0,57700.0,57700.0,0.0,0.0,127886216.0
2013-10-03,57700.0,57700.0,57700.0,57700.0,0.0,0.0,127886216.0
2013-10-04,57700.0,57700.0,57700.0,57700.0,0.0,0.0,127886216.0
2013-10-07,57700.0,57700.0,57700.0,57700.0,0.0,0.0,127886216.0
2013-10-08,57700.0,57700.0,57700.0,57700.0,0.0,0.0,127886216.0
2013-10-09,57700.0,57700.0,57700.0,57700.0,0.0,0.0,127886216.0
2013-10-10,57700.0,57700.0,57700.0,57700.0,0.0,0.0,127886216.0
2013-10-11,57700.0,57700.0,57700.0,57700.0,0.0,0.0,127886216.0
2013-10-14,57700.0,57700.0,57700.0,57700.0,0.0,0.0,127886216.0
2013-10-15,57700.0,57700.0,57700.0,57700.0,0.0,0.0,127886216.0
2013-10-16,57700.0,57700.0,57700.0,57700.0,0.0,0.0,127886216.0
2013-10-17,57700.0,57700.0,57700.0,57700.0,0.0,0.0,127886216.0
2013-10-18,57700.0,57700.0,57700.0,57700.0,0.0,0.0,127886216.0
2013-10-21,57700.0,57700.0,57700.0,57700.0,0.0,0.0,127886216.0
2013-10-22,57700.0,57700.0,57700.0,57700.0,0.0,0.0,127886216.0
2013-10-23,57700.0,57700.0,57700.0,57700.0,0.0,0.0,127886216.0
2013-10-24,57700.0,57700.0,57700.0,57700.0,0.0,0.0,127886216.0
2013-10-25,57700.0,57700.0,57700.0,57700.0,0.0,0.0,127886216.0
2013-10-28,57700.0,57700.0,57700.0,57700.0,0.0,0.0,127886216.0
2013-10-29,57700.0,57700.0,57700.0,57700.0,0.0,0.0,127886216.0
2013-10-30,57700.0,57700.0,57700.0,57700.0,0.0,0.0,127886216.0
2013-10-31,57700.0,57700.0,57700.0,57700.0,0.0,0.0,127886216.0
2013-11-01,57700.0,57700.0,57700.0,57700.0,0.0,0.0,127886216.0
2013-11-04,57700.0,57700.0,57700.0,57700.0,0.0,0.0,127886216.0
2013-11-05,57700.0,57700.0,57700.0,57700.0,0.0,0.0,127886216.0
2013-11-06,57700.0,57700.0,57700.0,57700.0,0.0,0.0,127886216.0
2013-11-07,57700.0,57700.0,57700.0,57700.0,0.0,0.0,127886216.0
2013-11-08,57700.0,57700.0,57700.0,57700.0,0.0,0.0,127886216.0
2013-11-11,57700.0,57700.0,57700.0,57700.0,0.0,0.0,127886216.0
2013-11-12,57700.0,57700.0,57700.0,57700.0,0.0,0.0,127886216.0
2013-11-13,57700.0,57700.0,57700.0,57700.0,0.0,0.0,127886216.0
2013-11-14,57700.0,57700.0,57700.0,57700.0,0.0,0.0,127886216.0
2013-11-15,57700.0,57700.0,57700.0,57700.0,0.0,0.0,127886216.0
2013-11-18,57700.0,57700.0,57700.0,57700.0,0.0,0.0,127886216.0
2013-11-19,57700.0,57700.0,57700.0,57700.0,0.0,0.0,127886216.0
2013-11-20,57700.0,57700.0,57700.0,57700.0,0.0,0.0,127886216.0
2013-11-21,57700.0,57700.0,57700.0,57700.0,0.0,0.0,127886216.0
2013-11-22,57700.0,57700.0,57700.0,57700.0,0.0,0.0,127886216.0
2013-11-25,57700.0,57700.0,57700.0,57700.0,0.0,0.0,127886216.0
2013-11-26,57700.0,57700.0,57700.0,57700.0,0.0,0.0,127886216.0
2013-11-27,57700.0,57700.0,57700.0,57700.0,0.0,0.0,127886216.0
2013-11-28,57700.0,57700.0,57700.0,57700.0,0.0,0.0,127886216.0
2013-11-29,57700.0,57700.0,57700.0,57700.0,0.0,0.0,127886216.0
2013-12-02,57700.0,57700.0,57700.0,57700.0,0.0,0.0,127886216.0
2013-12-03,57700.0,57700.0,57700.0,57700.0,0.0,0.0,127886216.0
2013-12-04,57700.0,57700.0,57700.0,57700.0,0.0,0.0,127886216.0
2013-12-05,57700.0,57700.0,57700.0,57700.0,0.0,0.0,127886216.0
2013-12-06,57700.0,57700.0,57700.0,57700.0,0.0,0.0,127886216.0
2013-12-09,57700.0,57700.0,57700.0,57700.0,0.0,0.0,127886216.0
2013-12-10,57700.0,57700.0,57700.0,57700.0,0.0,0.0,127886216.0
2013-12-11,57700.0,57700.0,57700.0,57700.0,0.0,0.0,127886216.0
2013-12-12,57700.0,57700.0,57700.0,57700.0,0.0,0.0,127886216.0
2013-12-13,57700.0,57700.0,57700.0,57700.0,0.0,0.0,127886216.0
2013-12-16,57700.0,57700.0,57700.0,57700.0,0.0,0.0,127886216.0
2013-12-17,57700.0,57700.0,57700.0,57700.0,0.0,0.0,127886216.0
2013-12-18,57700.0,57700.0,57700.0,57700.0,0.0,0.0,127886216.0
2013-12-19,57700.0,57700.0,57700.0,57700.0,0.0,0.0,127886216.0
2013-12-20,57700.0,57700.0,57700.0,57700.0,0.0,0.0,127886216.0
2013-12-23,57700.0,57700.0,57700.0,57700.0,0.0,0.0,127886216.0
2013-12-24,57700.0,57700.0,57700.0,57700.0,0.0,0.0,127886216.0
2013-12-27,57700.0,57700.0,57700.0,57700.0,0.0,0.0,127886216.0
2013-12-30,57700.0,57700.0,57700.0,57700.0,0.0,0.0,127886216.0
2013-12-31,57700.0,57700.0,57700.0,57700.0,0.0,0.0,127886216.0
2014-01-02,57700.0,57700.0,57700.0,57700.0,0.0,0.0,127886216.0
2014-01-03,57700.0,57700.0,57700.0,57700.0,0.0,0.0,127886216.0
2014-01-06,57700.0,57700.0,57700.0,57700.0,0.0,0.0,127886216.0
2014-01-07,57700.0,57700.0,57700.0,57700.0,0.0,0.0,127886216.0
2014-01-08,57700.0,57700.0,57700.0,57700.0,0.0,0.0,127886216.0
2014-01-09,57700.0,57700.0,57700.0,57700.0,0.0,0.0,127886216.0
2014-01-10,57700.0,57700.0,57700.0,57700.0,0.0,0.0,127886216.0
2014-01-13,57700.0,57700.0,57700.0,57700.0,0.0,0.0,127886216.0
2014-01-14,57700.0,57700.0,57700.0,57700.0,0.0,0.0,127886216.0
2014-01-15,57700.0,57700.0,57700.0,57700.0,0.0,0.0,127886216.0
2014-01-16,57700.0,57700.0,57700.0,57700.0,0.0,0.0,127886216.0
2014-01-17,57700.0,57700.0,57700.0,57700.0,0.0,0.0,127886216.0
2014-01-20,57700.0,57700.0,57700.0,57700.0,0.0,0.0,127886216.0
2014-01-21,57700.0,57700.0,57700.0,57700.0,0.0,0.0,127886216.0
2014-01-22,57700.0,57700.0,57700.0,57700.0,0.0,0.0,127886216.0
2014-01-23,57700.0,57700.0,57700.0,57700.0,0.0,0.0,127886216.0
2014-01-24,57700.0,57700.0,57700.0,57700.0,0.0,0.0,127886216.0
2014-01-27,57700.0,57700.0,57700.0,57700.0,0.0,0.0,127886216.0
2014-01-28,57700.0,57700.0,57700.0,57700.0,0.0,0.0,127886216.0
2014-01-29,57700.0,57700.0,57700.0,57700.0,0.0,0.0,127886216.0
2014-01-30,57700.0,57700.0,57700.0,57700.0,0.0,0.0,127886216.0
2014-01-31,57700.0,57700.0,57700.0,57700.0,0.0,0.0,127886216.0
2014-02-03,57700.0,57700.0,57700.0,57700.0,0.0,0.0,127886216.0
2014-02-04,57700.0,57700.0,57700.0,57700.0,0.0,0.0,127886216.0
2014-02-05,57700.0,57700.0,57700.0,57700.0,0.0,0.0,127886216.0
2014-02-06,57700.0,57700.0,57700.0,57700.0,0.0,0.0,127886216.0
2014-02-07,57700.0,57700.0,57700.0,57700.0,0.0,0.0,127886216.0
2014-02-10,57700.0,57700.0,57700.0,57700.0,0.0,0.0,127886216.0
2014-02-11,57700.0,57700.0,57700.0,57700.0,0.0,0.0,127886216.0
2014-02-12,57700.0,57700.0,57700.0,57700.0,0.0,0.0,127886216.0
2014-02-13,57700.0,57700.0,57700.0,57700.0,0.0,0.0,127886216.0
2014-02-14,57700.0,57700.0,57700.0,57700.0,0.0,0.0,127886216.0
2014-02-17,57700.0,57700.0,57700.0,57700.0,0.0,0.0,127886216.0
2014-02-18,57700.0,57700.0,57700.0,57700.0,0.0,0.0,127886216.0
2014-02-19,57700.0,57700.0,57700.0,57700.0,0.0,0.0,127886216.0
2014-02-20,57700.0,57700.0,57700.0,57700.0,0.0,0.0,127886216.0
2014-02-21,57700.0,57700.0,57700.0,57700.0,0.0,0.0,127886216.0
2014-02-24,57700.0,57700.0,57700.0,57700.0,0.0,0.0,127886216.0
2014-02-25,57700.0,57700.0,57700.0,57700.0,0.0,0.0,127886216.0
2014-02-26,57700.0,57700.0,57700.0,57700.0,0.0,0.0,127886216.0
2014-02-27,57700.0,57700.0,57700.0,57700.0,0.0,0.0,127886216.0
2014-02-28,57700.0,57700.0,57700.0,57700.0,0.0,0.0,127886216.0
2014-03-03,57700.0,57700.0,57700.0,57700.0,0.0,0.0,127886216.0
2014-03-04,57700.0,57700.0,57700.0,57700.0,0.0,0.0,127886216.0
2014-03-05,57700.0,57700.0,57700.0,57700.0,0.0,0.0,127886216.0
2014-03-06,57700.0,57700.0,57700.0,57700.0,0.0,0.0,127886216.0
2014-03-07,57700.0,57700.0,57700.0,57700.0,0.0,0.0,127886216.0
2014-03-10,57700.0,57700.0,57700.0,57700.0,0.0,0.0,127886216.0
2014-03-11,57700.0,57700.0,57700.0,57700.0,0.0,0.0,127886216.0
2014-03-12,57700.0,57700.0,57700.0,57700.0,0.0,0.0,127886216.0
2014-03-13,57700.0,57700.0,57700.0,57700.0,0.0,0.0,127886216.0
2014-03-14,57700.0,57700.0,57700.0,57700.0,0.0,0.0,127886216.0
2014-03-17,57700.0,57700.0,57700.0,57700.0,0.0,0.0,127886216.0
2014-03-18,57700.0,57700.0,57700.0,57700.0,0.0,0.0,127886216.0
2014-03-19,57700.0,57700.0,57700.0,57700.0,0.0,0.0,127886216.0
2014-03-20,57700.0,57700.0,57700.0,57700.0,0.0,0.0,127886216.0
2014-03-21,57700.0,57700.0,57700.0,57700.0,0.0,0.0,127886216.0
2014-03-24,57700.0,57700.0,57700.0,57700.0,0.0,0.0,127886216.0
2014-03-25,57700.0,57700.0,57700.0,57700.0,0.0,0.0,127886216.0
2014-03-26,57700.0,57700.0,57700.0,57700.0,0.0,0.0,127886216.0
2014-03-27,57700.0,57700.0,57700.0,57700.0,0.0,0.0,127886216.0
2014-03-28,57700.0,57700.0,57700.0,57700.0,0.0,0.0,127886216.0
2014-03-31,57700.0,57700.0,57700.0,57700.0,0.0,0.0,127886216.0
2014-04-01,57700.0,57700.0,57700.0,57700.0,0.0,0.0,127886216.0
2014-04-02,57700.0,57700.0,57700.0,57700.0,0.0,0.0,127886216.0
2014-04-03,57700.0,57700.0,57700.0,57700.0,0.0,0.0,127886216.0
2014-04-04,57700.0,57700.0,57700.0,57700.0,0.0,0.0,127886216.0
2014-04-07,57700.0,57700.0,57700.0,57700.0,0.0,0.0,127886216.0
2014-04-08,57700.0,57700.0,57700.0,57700.0,0.0,0.0,127886216.0
2014-04-09,57700.0,57700.0,57700.0,57700.0,0.0,0.0,127886216.0
2014-04-10,57700.0,57700.0,57700.0,57700.0,0.0,0.0,127886216.0
2014-04-11,57700.0,57700.0,57700.0,57700.0,0.0,0.0,127886216.0
2014-04-14,57700.0,57700.0,57700.0,57700.0,0.0,0.0,127886216.0
2014-04-15,57700.0,57700.0,57700.0,57700.0,0.0,0.0,127886216.0
2014-04-16,57700.0,57700.0,57700.0,57700.0,0.0,0.0,127886216.0
2014-04-17,57700.0,57700.0,57700.0,57700.0,0.0,0.0,127886216.0
2014-04-22,57700.0,57700.0,57700.0,57700.0,0.0,0.0,127886216.0
2014-04-23,57700.0,57700.0,57700.0,57700.0,0.0,0.0,127886216.0
2014-04-24,57700.0,57700.0,57700.0,57700.0,0.0,0.0,127886216.0
2014-04-25,57700.0,57700.0,57700.0,57700.0,0.0,0.0,127886216.0
2014-04-28,57700.0,57700.0,57700.0,57700.0,0.0,0.0,127886216.0
2014-04-29,57700.0,57700.0,57700.0,57700.0,0.0,0.0,127886216.0
2014-04-30,57700.0,57700.0,57700.0,57700.0,0.0,0.0,127886216.0
2014-05-01,57700.0,57700.0,57700.0,57700.0,0.0,0.0,127886216.0
2014-05-02,57700.0,57700.0,57700.0,57700.0,0.0,0.0,127886216.0
2014-05-05,57700.0,57700.0,57700.0,57700.0,0.0,0.0,127886216.0
2014-05-06,57700.0,57700.0,57700.0,57700.0,0.0,0.0,127886216.0
2014-05-07,57700.0,57700.0,57700.0,57700.0,0.0,0.0,127886216.0
2014-05-08,57700.0,57700.0,57700.0,57700.0,0.0,0.0,127886216.0
2014-05-09,57700.0,57700.0,57700.0,57700.0,0.0,0.0,127886216.0
2014-05-12,57700.0,57700.0,57700.0,57700.0,0.0,0.0,127886216.0
2014-05-13,57700.0,57700.0,57700.0,57700.0,0.0,0.0,127886216.0
2014-05-14,57700.0,57700.0,57700.0,57700.0,0.0,0.0,127886216.0
2014-05-15,57700.0,57700.0,57700.0,57700.0,0.0,0.0,127886216.0
2014-05-16,57700.0,57700.0,57700.0,57700.0,0.0,0.0,127886216.0
2014-05-19,57700.0,57700.0,57700.0,57700.0,0.0,0.0,127886216.0
2014-05-20,57700.0,57700.0,57700.0,57700.0,0.0,0.0,127886216.0
2014-05-21,57700.0,57700.0,57700.0,57700.0,0.0,0.0,127886216.0
2014-05-22,57700.0,57700.0,57700.0,57700.0,0.0,0.0,127886216.0
2014-05-23,57700.0,57700.0,57700.0,57700.0,0.0,0.0,127886216.0
2014-05-26,57700.0,57700.0,57700.0,57700.0,0.0,0.0,127886216.0
2014-05-27,57700.0,57700.0,57700.0,57700.0,0.0,0.0,127886216.0
2014-05-28,57700.0,57700.0,57700.0,57700.0,0.0,0.0,127886216.0
2014-05-29,57700.0,57700.0,57700.0,57700.0,0.0,0.0,127886216.0
2014-05-30,57700.0,57700.0,57700.0,57700.0,0.0,0.0,127886216.0
2014-06-02,57700.0,57700.0,57700.0,57700.0,0.0,0.0,127886216.0
2014-06-03,57700.0,57700.0,57700.0,57700.0,0.0,0.0,127886216.0
2014-06-04,57700.0,57700.0,57700.0,57700.0,0.0,0.0,127886216.0
2014-06-05,57700.0,57700.0,57700.0,57700.0,0.0,0.0,127886216.0
2014-06-06,57700.0,57700.0,57700.0,57700.0,0.0,0.0,127886216.0
2014-06-09,57700.0,57700.0,57700.0,57700.0,0.0,0.0,127886216.0
2014-06-10,57700.0,57700.0,57700.0,57700.0,0.0,0.0,127886216.0
2014-06-11,57700.0,57700.0,57700.0,57700.0,0.0,0.0,127886216.0
2014-06-12,57700.0,57700.0,57700.0,57700.0,0.0,0.0,127886216.0
2014-06-13,57700.0,57700.0,57700.0,57700.0,0.0,0.0,127886216.0
2014-06-16,57700.0,57700.0,57700.0,57700.0,0.0,0.0,127886216.0
2014-06-17,57700.0,57700.0,57700.0,57700.0,0.0,0.0,127886216.0
2014-06-18,57700.0,57700.0,57700.0,57700.0,0.0,0.0,127886216.0
2014-06-19,57700.0,57700.0,57700.0,57700.0,0.0,0.0,127886216.0
2014-06-20,57700.0,57700.0,57700.0,57700.0,0.0,0.0,127886216.0
2014-06-23,57700.0,57700.0,57700.0,57700.0,0.0,0.0,127886216.0
2014-06-24,57700.0,57700.0,57700.0,57700.0,0.0,0.0,127886216.0
2014-06-25,57700.0,57700.0,57700.0,57700.0,0.0,0.0,127886216.0
2014-06-26,57700.0,57700.0,57700.0,57700.0,0.0,0.0,127886216.0
2014-06-27,57700.0,57700.0,57700.0,57700.0,0.0,0.0,127886216.0
2014-06-30,57700.0,57700.0,57700.0,57700.0,0.0,0.0,127886216.0
2014-07-01,57700.0,57700.0,57700.0,57700.0,0.0,0.0,127886216.0
2014-07-02,57700.0,57700.0,57700.0,57700.0,0.0,0.0,127886216.0
2014-07-03,57700.0,57700.0,57700.0,57700.0,0.0,0.0,127886216.0
2014-07-04,57700.0,57700.0,57700.0,57700.0,0.0,0.0,127886216.0
2014-07-07,57700.0,57700.0,57700.0,57700.0,0.0,0.0,127886216.0
2014-07-08,57700.0,57700.0,57700.0,57700.0,0.0,0.0,127886216.0
2014-07-09,57700.0,57700.0,57700.0,57700.0,0.0,0.0,127886216.0
2014-07-10,57700.0,57700.0,57700.0,57700.0,0.0,0.0,127886216.0
2014-07-11,57700.0,57700.0,57700.0,57700.0,0.0,0.0,127886216.0
2014-07-14,57700.0,57700.0,57700.0,57700.0,0.0,0.0,127886216.0
2014-07-15,57700.0,57700.0,57700.0,57700.0,0.0,0.0,127886216.0
2014-07-16,57700.0,57700.0,57700.0,57700.0,0.0,0.0,127886216.0
2014-07-17,57700.0,57700.0,57700.0,57700.0,0.0,0.0,127886216.0
2014-07-18,57700.0,57700.0,57700.0,57700.0,0.0,0.0,127886216.0
2014-07-21,57700.0,57700.0,57700.0,57700.0,0.0,0.0,127886216.0
2014-07-22,57700.0,57700.0,57700.0,57700.0,0.0,0.0,127886216.0
2014-07-23,57700.0,57700.0,57700.0,57700.0,0.0,0.0,127886216.0
2014-07-24,57700.0,57700.0,57700.0,57700.0,0.0,0.0,127886216.0
2014-07-25,57700.0,57700.0,57700.0,57700.0,0.0,0.0,127886216.0
2014-07-28,57700.0,57700.0,57700.0,57700.0,0.0,0.0,127886216.0
2014-07-29,57700.0,57700.0,57700.0,57700.0,0.0,0.0,127886216.0
2014-07-30,57700.0,57700.0,57700.0,57700.0,0.0,0.0,127886216.0
2014-07-31,57700.0,57700.0,57700.0,57700.0,0.0,0.0,127886216.0
2014-08-01,57700.0,57700.0,57700.0,57700.0,0.0,0.0,127886216.0
2014-08-04,57700.0,57700.0,57700.0,57700.0,0.0,0.0,127886216.0
2014-08-05,57700.0,57700.0,57700.0,57700.0,0.0,0.0,127886216.0
2014-08-06,57700.0,57700.0,57700.0,57700.0,0.0,0.0,127886216.0
2014-08-07,57700.0,57700.0,57700.0,57700.0,0.0,0.0,127886216.0
2014-08-08,57700.0,57700.0,57700.0,57700.0,0.0,0.0,127886216.0
2014-08-11,57700.0,57700.0,57700.0,57700.0,0.0,0.0,127886216.0
2014-08-12,57700.0,57700.0,57700.0,57700.0,0.0,0.0,127886216.0
2014-08-13,57700.0,57700.0,57700.0,57700.0,0.0,0.0,127886216.0
2014-08-14,57700.0,57700.0,57700.0,57700.0,0.0,0.0,127886216.0
2014-08-15,57700.0,57700.0,57700.0,57700.0,0.0,0.0,127886216.0
2014-08-18,57700.0,57700.0,57700.0,57700.0,0.0,0.0,127886216.0
2014-08-19,57700.0,57700.0,57700.0,57700.0,0.0,0.0,127886216.0
2014-08-20,57700.0,57700.0,57700.0,57700.0,0.0,0.0,127886216.0
2014-08-21,57700.0,57700.0,57700.0,57700.0,0.0,0.0,127886216.0
2014-08-22,57700.0,57700.0,57700.0,57700.0,0.0,0.0,127886216.0
2014-08-25,57700.0,57700.0,57700.0,57700.0,0.0,0.0,127886216.0
2014-08-26,57700.0,57700.0,57700.0,57700.0,0.0,0.0,127886216.0
2014-08-27,57700.0,57700.0,57700.0,57700.0,0.0,0.0,127886216.0
2014-08-28,57700.0,57700.0,57700.0,57700.0,0.0,0.0,127886216.0
2014-08-29,57700.0,57700.0,57700.0,57700.0,0.0,0.0,127886216.0
2014-09-01,57700.0,57700.0,57700.0,57700.0,0.0,0.0,127886216.0
2014-09-02,57700.0,57700.0,57700.0,57700.0,0.0,0.0,127886216.0
2014-09-03,57700.0,57700.0,57700.0,57700.0,0.0,0.0,127886216.0
2014-09-04,57700.0,57700.0,57700.0,57700.0,0.0,0.0,127886216.0
2014-09-05,57700.0,57700.0,57700.0,57700.0,0.0,0.0,127886216.0
2014-09-08,57700.0,57700.0,57700.0,57700.0,0.0,0.0,127886216.0
2014-09-09,57700.0,57700.0,57700.0,57700.0,0.0,0.0,127886216.0
2014-09-10,57700.0,57700.0,57700.0,57700.0,0.0,0.0,127886216.0
2014-09-11,57700.0,57700.0,57700.0,57700.0,0.0,0.0,127886216.0
2014-09-12,57700.0,57700.0,57700.0,57700.0,0.0,0.0,127886216.0
2014-09-15,57700.0,57700.0,57700.0,57700.0,0.0,0.0,127886216.0
2014-09-16,57700.0,57700.0,57700.0,57700.0,0.0,0.0,127886216.0
2014-09-17,57700.0,57700.0,57700.0,57700.0,0.0,0.0,127886216.0
2014-09-18,57700.0,57700.0,57700.0,57700.0,0.0,0.0,127886216.0
2014-09-19,57700.0,57700.0,57700.0,57700.0,0.0,0.0,127886216.0
2014-09-22,57700.0,57700.0,57700.0,57700.0,0.0,0.0,127886216.0
2014-09-23,57700.0,57700.0,57700.0,57700.0,0.0,0.0,127886216.0
2014-09-24,57700.0,57700.0,57700.0,57700.0,0.0,0.0,127886216.0
2014-09-25,57700.0,57700.0,57700.0,57700.0,0.0,0.0,127886216.0
2014-09-26,57700.0,57700.0,57700.0,57700.0,0.0,0.0,127886216.0
2014-09-29,57700.0,57700.0,57700.0,57700.0,0.0,0.0,127886216.0
2014-09-30,57700.0,57700.0,57700.0,57700.0,0.0,0.0,127886216.0
2014-10-01,57700.0,57700.0,57700.0,57700.0,0.0,0.0,127886216.0
2014-10-02,57700.0,57700.0,57700.0,57700.0,0.0,0.0,127886216.0
2014-10-03,57700.0,57700.0,57700.0,57700.0,0.0,0.0,127886216.0
2014-10-06,57700.0,57700.0,57700.0,57700.0,0.0,0.0,127886216.0
2014-10-07,57700.0,57700.0,57700.0,57700.0,0.0,0.0,127886216.0
2014-10-08,57700.0,57700.0,57700.0,57700.0,0.0,0.0,127886216.0
2014-10-09,57700.0,57700.0,57700.0,57700.0,0.0,0.0,127886216.0
2014-10-10,57700.0,57700.0,57700.0,57700.0,0.0,0.0,127886216.0
2014-10-13,57700.0,57700.0,57700.0,57700.0,0.0,0.0,127886216.0
2014-10-14,57700.0,57700.0,57700.0,57700.0,0.0,0.0,127886216.0
2014-10-15,57700.0,57700.0,57700.0,57700.0,0.0,0.0,127886216.0
2014-10-16,57700.0,57700.0,57700.0,57700.0,0.0,0.0,127886216.0
2014-10-17,57700.0,57700.0,57700.0,57700.0,0.0,0.0,127886216.0
2014-10-20,57700.0,57700.0,57700.0,57700.0,0.0,0.0,127886216.0
2014-10-21,57700.0,57700.0,57700.0,57700.0,0.0,0.0,127886216.0
2014-10-22,57700.0,57700.0,57700.0,57700.0,0.0,0.0,127886216.0
2014-10-23,57700.0,57700.0,57700.0,57700.0,0.0,0.0,127886216.0
2014-10-24,57700.0,57700.0,57700.0,57700.0,0.0,0.0,127886216.0
2014-10-27,57700.0,57700.0,57700.0,57700.0,0.0,0.0,127886216.0
2014-10-28,57700.0,57700.0,57700.0,57700.0,0.0,0.0,127886216.0
2014-10-29,57700.0,57700.0,57700.0,57700.0,0.0,0.0,127886216.0
2014-10-30,57700.0,57700.0,57700.0,57700.0,0.0,0.0,127886216.0
2014-10-31,57700.0,57700.0,57700.0,57700.0,0.0,0.0,127886216.0
2014-11-03,57700.0,57700.0,57700.0,57700.0,0.0,0.0,127886216.0
2014-11-04,57700.0,57700.0,57700.0,57700.0,0.0,0.0,127886216.0
2014-11-05,57700.0,57700.0,57700.0,57700.0,0.0,0.0,127886216.0
2014-11-06,57700.0,57700.0,57700.0,57700.0,0.0,0.0,127886216.0
2014-11-07,57700.0,57700.0,57700.0,57700.0,0.0,0.0,127886216.0
2014-11-10,57700.0,57700.0,57700.0,57700.0,0.0,0.0,127886216.0
2014-11-11,57700.0,57700.0,57700.0,57700.0,0.0,0.0,127886216.0
2014-11-12,57700.0,57700.0,57700.0,57700.0,0.0,0.0,127886216.0
2014-11-13,57700.0,57700.0,57700.0,57700.0,0.0,0.0,127886216.0
2014-11-14,57700.0,57700.0,57700.0,57700.0,0.0,0.0,127886216.0
2014-11-17,57700.0,57700.0,57700.0,57700.0,0.0,0.0,127886216.0
2014-11-18,57700.0,57700.0,57700.0,57700.0,0.0,0.0,127886216.0
2014-11-19,57700.0,57700.0,57700.0,57700.0,0.0,0.0,127886216.0
2014-11-20,57700.0,57700.0,57700.0,57700.0,0.0,0.0,127886216.0
2014-11-21,57700.0,57700.0,57700.0,57700.0,0.0,0.0,127886216.0
2014-11-24,57700.0,57700.0,57700.0,57700.0,0.0,0.0,127886216.0
2014-11-25,57700.0,57700.0,57700.0,57700.0,0.0,0.0,127886216.0
2014-11-26,57700.0,57700.0,57700.0,57700.0,0.0,0.0,127886216.0
2014-11-27,57700.0,57700.0,57700.0,57700.0,0.0,0.0,127886216.0
2014-11-28,57700.0,57700.0,57700.0,57700.0,0.0,0.0,127886216.0
2014-12-01,57700.0,57700.0,57700.0,57700.0,0.0,0.0,127886216.0
2014-12-02,57700.0,57700.0,57700.0,57700.0,0.0,0.0,127886216.0
2014-12-03,57700.0,57700.0,57700.0,57700.0,0.0,0.0,127886216.0
2014-12-04,57700.0,57700.0,57700.0,57700.0,0.0,0.0,127886216.0
2014-12-05,57700.0,57700.0,57700.0,57700.0,0.0,0.0,127886216.0
2014-12-08,57700.0,57700.0,57700.0,57700.0,0.0,0.0,127886216.0
2014-12-09,57700.0,57700.0,57700.0,57700.0,0.0,0.0,127886216.0
2014-12-10,57700.0,57700.0,57700.0,57700.0,0.0,0.0,127886216.0
2014-12-11,57700.0,57700.0,57700.0,57700.0,0.0,0.0,127886216.0
2014-12-12,57700.0,57700.0,57700.0,57700.0,0.0,0.0,127886216.0
2014-12-15,57700.0,57700.0,57700.0,57700.0,0.0,0.0,127886216.0
2014-12-16,57700.0,57700.0,57700.0,57700.0,0.0,0.0,127886216.0
2014-12-17,57700.0,57700.0,57700.0,57700.0,0.0,0.0,127886216.0
2014-12-18,57700.0,57700.0,57700.0,57700.0,0.0,0.0,127886216.0
2014-12-19,57700.0,57700.0,57700.0,57700.0,0.0,0.0,127886216.0
2014-12-22,57700.0,57700.0,57700.0,57700.0,0.0,0.0,127886216.0
2014-12-23,57700.0,57700.0,57700.0,57700.0,0.0,0.0,127886216.0
2014-12-24,57700.0,57700.0,57700.0,57700.0,0.0,0.0,127886216.0
2014-12-29,57700.0,57700.0,57700.0,57700.0,0.0,0.0,127886216.0
2014-12-30,57700.0,57700.0,57700.0,57700.0,0.0,0.0,127886216.0
2014-12-31,57700.0,57700.0,57700.0,57700.0,0.0,0.0,127886216.0
2015-01-02,57700.0,57700.0,57700.0,57700.0,0.0,0.0,127886216.0
2015-01-05,57700.0,57700.0,57700.0,57700.0,0.0,0.0,127886216.0
2015-01-06,57700.0,57700.0,57700.0,57700.0,0.0,0.0,127886216.0
2015-01-07,57700.0,57700.0,57700.0,57700.0,0.0,0.0,127886216.0
2015-01-08,57700.0,57700.0,57700.0,57700.0,0.0,0.0,127886216.0
2015-01-09,57700.0,57700.0,57700.0,57700.0,0.0,0.0,127886216.0
2015-01-12,57700.0,57700.0,57700.0,57700.0,0.0,0.0,127886216.0
2015-01-13,57700.0,57700.0,57700.0,57700.0,0.0,0.0,127886216.0
2015-01-14,57700.0,57700.0,57700.0,57700.0,0.0,0.0,127886216.0
2015-01-15,57700.0,57700.0,57700.0,57700.0,0.0,0.0,127886216.0
2015-01-16,57700.0,57700.0,57700.0,57700.0,0.0,0.0,127886216.0
2015-01-19,57700.0,57700.0,57700.0,57700.0,0.0,0.0,127886216.0
2015-01-20,57700.0,57700.0,57700.0,57700.0,0.0,0.0,127886216.0
2015-01-21,57700.0,57700.0,57700.0,57700.0,0.0,0.0,127886216.0
2015-01-22,57700.0,57700.0,57700.0,57700.0,0.0,0.0,127886216.0
2015-01-23,57700.0,57700.0,57700.0,57700.0,0.0,0.0,127886216.0
2015-01-26,57700.0,57700.0,57700.0,57700.0,0.0,0.0,127886216.0
2015-01-27,57700.0,57700.0,57700.0,57700.0,0.0,0.0,127886216.0
2015-01-28,57700.0,57700.0,57700.0,57700.0,0.0,0.0,127886216.0
2015-01-29,57700.0,57700.0,57700.0,57700.0,0.0,0.0,127886216.0
2015-01-30,57700.0,57700.0,57700.0,57700.0,0.0,0.0,127886216.0
2015-02-02,57700.0,57700.0,57700.0,57700.0,0.0,0.0,127886216.0
2015-02-03,57700.0,57700.0,57700.0,57700.0,0.0,0.0,127886216.0
2015-02-04,57700.0,57700.0,57700.0,57700.0,0.0,0.0,127886216.0
2015-02-05,57700.0,57700.0,57700.0,57700.0,0.0,0.0,127886216.0
2015-02-06,57700.0,57700.0,57700.0,57700.0,0.0,0.0,127886216.0
2015-02-09,57700.0,57700.0,57700.0,57700.0,0.0,0.0,127886216.0
2015-02-10,57700.0,57700.0,57700.0,57700.0,0.0,0.0,127886216.0
2015-02-11,57700.0,57700.0,57700.0,57700.0,0.0,0.0,127886216.0
2015-02-12,57700.0,57700.0,57700.0,57700.0,0.0,0.0,127886216.0
2015-02-13,57700.0,57700.0,57700.0,57700.0,0.0,0.0,127886216.0
2015-02-16,57700.0,57700.0,57700.0,57700.0,0.0,0.0,127886216.0
2015-02-17,57700.0,57700.0,57700.0,57700.0,0.0,0.0,127886216.0
2015-02-18,57700.0,57700.0,57700.0,57700.0,0.0,0.0,127886216.0
2015-02-19,57700.0,57700.0,57700.0,57700.0,0.0,0.0,127886216.0
2015-02-20,57700.0,57700.0,57700.0,57700.0,0.0,0.0,127886216.0
2015-02-23,57700.0,57700.0,57700.0,57700.0,0.0,0.0,127886216.0
2015-02-24,57700.0,57700.0,57700.0,57700.0,0.0,0.0,127886216.0
2015-02-25,57700.0,57700.0,57700.0,57700.0,0.0,0.0,127886216.0
2015-02-26,57700.0,57700.0,57700.0,57700.0,0.0,0.0,127886216.0
2015-02-27,57700.0,57700.0,57700.0,57700.0,0.0,0.0,127886216.0
2015-03-02,57700.0,57700.0,57700.0,57700.0,0.0,0.0,127886216.0
2015-03-03,57700.0,57700.0,57700.0,57700.0,0.0,0.0,127886216.0
2015-03-04,57700.0,57700.0,57700.0,57700.0,0.0,0.0,127886216.0
2015-03-05,57700.0,57700.0,57700.0,57700.0,0.0,0.0,127886216.0
2015-03-06,57700.0,57700.0,57700.0,57700.0,0.0,0.0,127886216.0
2015-03-09,57700.0,57700.0,57700.0,57700.0,0.0,0.0,127886216.0
2015-03-10,57700.0,57700.0,57700.0,57700.0,0.0,0.0,127886216.0
2015-03-11,57700.0,57700.0,57700.0,57700.0,0.0,0.0,127886216.0
2015-03-12,57700.0,57700.0,57700.0,57700.0,0.0,0.0,127886216.0
2015-03-13,57700.0,57700.0,57700.0,57700.0,0.0,0.0,127886216.0
2015-03-16,57700.0,57700.0,57700.0,57700.0,0.0,0.0,127886216.0
2015-03-17,57700.0,57700.0,57700.0,57700.0,0.0,0.0,127886216.0
2015-03-18,57700.0,57700.0,57700.0,57700.0,0.0,0.0,127886216.0
2015-03-19,57700.0,57700.0,57700.0,57700.0,0.0,0.0,127886216.0
2015-03-20,57700.0,57700.0,57700.0,57700.0,0.0,0.0,127886216.0
2015-03-23,57700.0,57700.0,57700.0,57700.0,0.0,0.0,127886216.0
2015-03-24,57700.0,57700.0,57700.0,57700.0,0.0,0.0,127886216.0
2015-03-25,57700.0,57700.0,57700.0,57700.0,0.0,0.0,127886216.0
2015-03-26,57700.0,57700.0,57700.0,57700.0,0.0,0.0,127886216.0
2015-03-27,57700.0,57700.0,57700.0,57700.0,0.0,0.0,127886216.0
2015-03-30,57700.0,57700.0,57700.0,57700.0,0.0,0.0,127886216.0
2015-03-31,57700.0,57700.0,57700.0,57700.0,0.0,0.0,127886216.0
2015-04-01,57700.0,57700.0,57700.0,57700.0,0.0,0.0,127886216.0
2015-04-02,57700.0,57700.0,57700.0,57700.0,0.0,0.0,127886216.0
2015-04-06,57700.0,57700.0,57700.0,57700.0,0.0,0.0,127886216.0
2015-04-07,57700.0,57700.0,57700.0,57700.0,0.0,0.0,127886216.0
2015-04-08,57700.0,57700.0,57700.0,57700.0,0.0,0.0,127886216.0
2015-04-09,57700.0,57700.0,57700.0,57700.0,0.0,0.0,127886216.0
2015-04-10,57700.0,57700.0,57700.0,57700.0,0.0,0.0,127886216.0
2015-04-13,57700.0,57700.0,57700.0,57700.0,0.0,0.0,127886216.0
2015-04-14,57700.0,57700.0,57700.0,57700.0,0.0,0.0,127886216.0
2015-04-15,57700.0,57700.0,57700.0,57700.0,0.0,0.0,127886216.0
2015-04-16,57700.0,57700.0,57700.0,57700.0,0.0,0.0,127886216.0
2015-04-17,57700.0,57700.0,57700.0,57700.0,0.0,0.0,127886216.0
2015-04-20,57700.0,57700.0,57700.0,57700.0,0.0,0.0,127886216.0
2015-04-21,57700.0,57700.0,57700.0,57700.0,0.0,0.0,127886216.0
2015-04-22,57700.0,57700.0,57700.0,57700.0,0.0,0.0,127886216.0
2015-04-23,57700.0,57700.0,57700.0,57700.0,0.0,0.0,127886216.0
2015-04-24,57700.0,57700.0,57700.0,57700.0,0.0,0.0,127886216.0
2015-04-27,57700.0,57700.0,57700.0,57700.0,0.0,0.0,127886216.0
2015-04-28,57700.0,57700.0,57700.0,57700.0,0.0,0.0,127886216.0
2015-04-29,57700.0,57700.0,57700.0,57700.0,0.0,0.0,127886216.0
2015-04-30,57700.0,57700.0,57700.0,57700.0,0.0,0.0,127886216.0
2015-05-01,57700.0,57700.0,57700.0,57700.0,0.0,0.0,127886216.0
2015-05-04,57700.0,57700.0,57700.0,57700.0,0.0,0.0,127886216.0
2015-05-05,57700.0,57700.0,57700.0,57700.0,0.0,0.0,127886216.0
2015-05-06,57700.0,57700.0,57700.0,57700.0,0.0,0.0,127886216.0
2015-05-07,57700.0,57700.0,57700.0,57700.0,0.0,0.0,127886216.0
2015-05-08,57700.0,57700.0,57700.0,57700.0,0.0,0.0,127886216.0
2015-05-11,57700.0,57700.0,57700.0,57700.0,0.0,0.0,127886216.0
2015-05-12,57700.0,57700.0,57700.0,57700.0,0.0,0.0,127886216.0
2015-05-13,57700.0,57700.0,57700.0,57700.0,0.0,0.0,127886216.0
2015-05-14,57700.0,57700.0,57700.0,57700.0,0.0,0.0,127886216.0
2015-05-15,57700.0,57700.0,57700.0,57700.0,0.0,0.0,127886216.0
2015-05-18,57700.0,57700.0,57700.0,57700.0,0.0,0.0,127886216.0
2015-05-19,57700.0,57700.0,57700.0,57700.0,0.0,0.0,127886216.0
2015-05-20,57700.0,57700.0,57700.0,57700.0,0.0,0.0,127886216.0
2015-05-21,57700.0,57700.0,57700.0,57700.0,0.0,0.0,127886216.0
2015-05-22,57700.0,57700.0,57700.0,57700.0,0.0,0.0,127886216.0
2015-05-25,57700.0,57700.0,57700.0,57700.0,0.0,0.0,127886216.0
2015-05-26,57700.0,57700.0,57700.0,57700.0,0.0,0.0,127886216.0
2015-05-27,57700.0,57700.0,57700.0,57700.0,0.0,0.0,127886216.0
2015-05-28,57700.0,57700.0,57700.0,57700.0,0.0,0.0,127886216.0
2015-05-29,57700.0,57700.0,57700.0,57700.0,0.0,0.0,127886216.0
2015-06-01,57700.0,57700.0,57700.0,57700.0,0.0,0.0,127886216.0
2015-06-02,57700.0,57700.0,57700.0,57700.0,0.0,0.0,127886216.0
2015-06-03,57700.0,57700.0,57700.0,57700.0,0.0,0.0,127886216.0
2015-06-04,57700.0,57700.0,57700.0,57700.0,0.0,0.0,127886216.0
2015-06-05,57700.0,57700.0,57700.0,57700.0,0.0,0.0,127886216.0
2015-06-08,57700.0,57700.0,57700.0,57700.0,0.0,0.0,127886216.0
2015-06-09,57700.0,57700.0,57700.0,57700.0,0.0,0.0,127886216.0
2015-06-10,57700.0,57700.0,57700.0,57700.0,0.0,0.0,127886216.0
2015-06-11,57700.0,57700.0,57700.0,57700.0,0.0,0.0,127886216.0
2015-06-12,57700.0,57700.0,57700.0,57700.0,0.0,0.0,127886216.0
2015-06-15,57700.0,57700.0,57700.0,57700.0,0.0,0.0,127886216.0
2015-06-16,57700.0,57700.0,57700.0,57700.0,0.0,0.0,127886216.0
2015-06-17,57700.0,57700.0,57700.0,57700.0,0.0,0.0,127886216.0
2015-06-18,57700.0,57700.0,57700.0,57700.0,0.0,0.0,127886216.0
2015-06-19,57700.0,57700.0,57700.0,57700.0,0.0,0.0,127886216.0
2015-06-22,57700.0,57700.0,57700.0,57700.0,0.0,0.0,127886216.0
2015-06-23,57700.0,57700.0,57700.0,57700.0,0.0,0.0,127886216.0
2015-06-24,57700.0,57700.0,57700.0,57700.0,0.0,0.0,127886216.0
2015-06-25,57700.0,57700.0,57700.0,57700.0,0.0,0.0,127886216.0
2015-06-26,57700.0,57700.0,57700.0,57700.0,0.0,0.0,127886216.0
2015-06-29,57700.0,57700.0,57700.0,57700.0,0.0,0.0,127886216.0
2015-06-30,57700.0,57700.0,57700.0,57700.0,0.0,0.0,127886216.0
2015-07-01,57700.0,57700.0,57700.0,57700.0,0.0,0.0,127886216.0
2015-07-02,57700.0,57700.0,57700.0,57700.0,0.0,0.0,127886216.0
2015-07-03,57700.0,57700.0,57700.0,57700.0,0.0,0.0,127886216.0
2015-07-06,57700.0,57700.0,57700.0,57700.0,0.0,0.0,127886216.0
2015-07-07,57700.0,57700.0,57700.0,57700.0,0.0,0.0,127886216.0
2015-07-08,57700.0,57700.0,57700.0,57700.0,0.0,0.0,127886216.0
2015-07-09,57700.0,57700.0,57700.0,57700.0,0.0,0.0,127886216.0
2015-07-10,57700.0,57700.0,57700.0,57700.0,0.0,0.0,127886216.0
2015-07-13,57700.0,57700.0,57700.0,57700.0,0.0,0.0,127886216.0
2015-07-14,57700.0,57700.0,57700.0,57700.0,0.0,0.0,127886216.0
2015-07-15,57700.0,57700.0,57700.0,57700.0,0.0,0.0,127886216.0
2015-07-16,57700.0,57700.0,57700.0,57700.0,0.0,0.0,127886216.0
2015-07-17,57700.0,57700.0,57700.0,57700.0,0.0,0.0,127886216.0
2015-07-20,57700.0,57700.0,57700.0,57700.0,0.0,0.0,127886216.0
2015-07-21,57700.0,57700.0,57700.0,57700.0,0.0,0.0,127886216.0
2015-07-22,57700.0,57700.0,57700.0,57700.0,0.0,0.0,127886216.0
2015-07-23,57700.0,57700.0,57700.0,57700.0,0.0,0.0,127886216.0
2015-07-24,57700.0,57700.0,57700.0,57700.0,0.0,0.0,127886216.0
2015-07-27,57700.0,57700.0,57700.0,57700.0,0.0,0.0,127886216.0
2015-07-28,57700.0,57700.0,57700.0,57700.0,0.0,0.0,127886216.0
2015-07-29,57700.0,57700.0,57700.0,57700.0,0.0,0.0,127886216.0
2015-07-30,57700.0,57700.0,57700.0,57700.0,0.0,0.0,127886216.0
2015-07-31,57700.0,57700.0,57700.0,57700.0,0.0,0.0,127886216.0
2015-08-03,57700.0,57700.0,57700.0,57700.0,0.0,0.0,127886216.0
2015-08-04,57700.0,57700.0,57700.0,57700.0,0.0,0.0,127886216.0
2015-08-05,57700.0,57700.0,57700.0,57700.0,0.0,0.0,127886216.0
2015-08-06,57700.0,57700.0,57700.0,57700.0,0.0,0.0,127886216.0
2015-08-07,57700.0,57700.0,57700.0,57700.0,0.0,0.0,127886216.0
2015-08-10,57700.0,57700.0,57700.0,57700.0,0.0,0.0,127886216.0
2015-08-11,57700.0,57700.0,57700.0,57700.0,0.0,0.0,127886216.0
2015-08-12,57700.0,57700.0,57700.0,57700.0,0.0,0.0,127886216.0
2015-08-13,57700.0,57700.0,57700.0,57700.0,0.0,0.0,127886216.0
2015-08-14,57700.0,57700.0,57700.0,57700.0,0.0,0.0,127886216.0
2015-08-17,57700.0,57700.0,57700.0,57700.0,0.0,0.0,127886216.0
2015-08-18,57700.0,57700.0,57700.0,57700.0,0.0,0.0,127886216.0
2015-08-19,57700.0,57700.0,57700.0,57700.0,0.0,0.0,127886216.0
2015-08-20,57700.0,57700.0,57700.0,57700.0,0.0,0.0,127886216.0
2015-08-21,57700.0,57700.0,57700.0,57700.0,0.0,0.0,127886216.0
2015-08-24,57700.0,57700.0,57700.0,57700.0,0.0,0.0,127886216.0
2015-08-25,57700.0,57700.0,57700.0,57700.0,0.0,0.0,127886216.0
2015-08-26,57700.0,57700.0,57700.0,57700.0,0.0,0.0,127886216.0
2015-08-27,57700.0,57700.0,57700.0,57700.0,0.0,0.0,127886216.0
2015-08-28,57700.0,57700.0,57700.0,57700.0,0.0,0.0,127886216.0
2015-08-31,57700.0,57700.0,57700.0,57700.0,0.0,0.0,127886216.0
2015-09-01,57700.0,57700.0,57700.0,57700.0,0.0,0.0,127886216.0
2015-09-02,57700.0,57700.0,57700.0,57700.0,0.0,0.0,127886216.0
2015-09-03,57700.0,57700.0,57700.0,57700.0,0.0,0.0,127886216.0
2015-09-04,57700.0,57700.0,57700.0,57700.0,0.0,0.0,127886216.0
2015-09-07,57700.0,57700.0,57700.0,57700.0,0.0,0.0,127886216.0
2015-09-08,57700.0,57700.0,57700.0,57700.0,0.0,0.0,127886216.0
2015-09-09,57700.0,57700.0,57700.0,57700.0,0.0,0.0,127886216.0
2015-09-10,57700.0,57700.0,57700.0,57700.0,0.0,0.0,127886216.0
2015-09-11,57700.0,57700.0,57700.0,57700.0,0.0,0.0,127886216.0
2015-09-14,57700.0,57700.0,57700.0,57700.0,0.0,0.0,127886216.0
2015-09-15,57700.0,57700.0,57700.0,57700.0,0.0,0.0,127886216.0
2015-09-16,57700.0,57700.0,57700.0,57700.0,0.0,0.0,127886216.0
2015-09-17,57700.0,57700.0,57700.0,57700.0,0.0,0.0,127886216.0
2015-09-18,57700.0,57700.0,57700.0,57700.0,0.0,0.0,127886216.0
2015-09-21,57700.0,57700.0,57700.0,57700.0,0.0,0.0,127886216.0
2015-09-22,57700.0,57700.0,57700.0,57700.0,0.0,0.0,127886216.0
2015-09-23,57700.0,57700.0,57700.0,57700.0,0.0,0.0,127886216.0
2015-09-24,57700.0,57700.0,57700.0,57700.0,0.0,0.0,127886216.0
2015-09-25,57700.0,57700.0,57700.0,57700.0,0.0,0.0,127886216.0
2015-09-28,57700.0,57700.0,57700.0,57700.0,0.0,0.0,127886216.0
2015-09-29,57700.0,57700.0,57700.0,57700.0,0.0,0.0,127886216.0
2015-09-30,57700.0,57700.0,57700.0,57700.0,0.0,0.0,127886216.0
2015-10-01,57700.0,57700.0,57700.0,57700.0,0.0,0.0,127886216.0
2015-10-02,57700.0,57700.0,57700.0,57700.0,0.0,0.0,127886216.0
2015-10-05,57700.0,57700.0,57700.0,57700.0,0.0,0.0,127886216.0
2015-10-06,57700.0,57700.0,57700.0,57700.0,0.0,0.0,127886216.0
2015-10-07,57700.0,57700.0,57700.0,57700.0,0.0,0.0,127886216.0
2015-10-08,57700.0,57700.0,57700.0,57700.0,0.0,0.0,127886216.0
2015-10-09,57700.0,57700.0,57700.0,57700.0,0.0,0.0,127886216.0
2015-10-12,57700.0,57700.0,57700.0,57700.0,0.0,0.0,127886216.0
2015-10-13,57700.0,57700.0,57700.0,57700.0,0.0,0.0,127886216.0
2015-10-14,57700.0,57700.0,57700.0,57700.0,0.0,0.0,127886216.0
2015-10-15,57700.0,57700.0,57700.0,57700.0,0.0,0.0,127886216.0
2015-10-16,57700.0,57700.0,57700.0,57700.0,0.0,0.0,127886216.0
2015-10-19,57700.0,57700.0,57700.0,57700.0,0.0,0.0,127886216.0
2015-10-20,57700.0,57700.0,57700.0,57700.0,0.0,0.0,127886216.0
2015-10-21,57700.0,57700.0,57700.0,57700.0,0.0,0.0,127886216.0
2015-10-22,57700.0,57700.0,57700.0,57700.0,0.0,0.0,127886216.0
2015-10-23,57700.0,57700.0,57700.0,57700.0,0.0,0.0,127886216.0
2015-10-26,57700.0,57700.0,57700.0,57700.0,0.0,0.0,127886216.0
2015-10-27,57700.0,57700.0,57700.0,57700.0,0.0,0.0,127886216.0
2015-10-28,57700.0,57700.0,57700.0,57700.0,0.0,0.0,127886216.0
2015-10-29,57700.0,57700.0,57700.0,57700.0,0.0,0.0,127886216.0
2015-10-30,57700.0,57700.0,57700.0,57700.0,0.0,0.0,127886216.0
2015-11-02,57700.0,57700.0,57700.0,57700.0,0.0,0.0,127886216.0
2015-11-03,57700.0,57700.0,57700.0,57700.0,0.0,0.0,127886216.0
2015-11-04,57700.0,57700.0,57700.0,57700.0,0.0,0.0,127886216.0
2015-11-05,57700.0,57700.0,57700.0,57700.0,0.0,0.0,127886216.0
2015-11-06,57700.0,57700.0,57700.0,57700.0,0.0,0.0,127886216.0
2015-11-09,57700.0,57700.0,57700.0,57700.0,0.0,0.0,127886216.0
2015-11-10,57700.0,57700.0,57700.0,57700.0,0.0,0.0,127886216.0
2015-11-11,57700.0,57700.0,57700.0,57700.0,0.0,0.0,127886216.0
2015-11-12,57700.0,57700.0,57700.0,57700.0,0.0,0.0,127886216.0
2015-11-13,57700.0,57700.0,57700.0,57700.0,0.0,0.0,127886216.0
2015-11-16,57700.0,57700.0,57700.0,57700.0,0.0,0.0,127886216.0
2015-11-17,57700.0,57700.0,57700.0,57700.0,0.0,0.0,127886216.0
2015-11-18,57700.0,57700.0,57700.0,57700.0,0.0,0.0,127886216.0
2015-11-19,57700.0,57700.0,57700.0,57700.0,0.0,0.0,127886216.0
2015-11-20,57700.0,57700.0,57700.0,57700.0,0.0,0.0,127886216.0
2015-11-23,57700.0,57700.0,57700.0,57700.0,0.0,0.0,127886216.0
2015-11-24,57700.0,57700.0,57700.0,57700.0,0.0,0.0,127886216.0
2015-11-25,57700.0,57700.0,57700.0,57700.0,0.0,0.0,127886216.0
2015-11-26,57700.0,57700.0,57700.0,57700.0,0.0,0.0,127886216.0
2015-11-27,57700.0,57700.0,57700.0,57700.0,0.0,0.0,127886216.0
2015-11-30,57700.0,57700.0,57700.0,57700.0,0.0,0.0,127886216.0
2015-12-01,57700.0,57700.0,57700.0,57700.0,0.0,0.0,127886216.0
2015-12-02,57700.0,57700.0,57700.0,57700.0,0.0,0.0,127886216.0
2015-12-03,57700.0,57700.0,57700.0,57700.0,0.0,0.0,127886216.0
2015-12-04,57700.0,57700.0,57700.0,57700.0,0.0,0.0,127886216.0
2015-12-07,57700.0,57700.0,57700.0,57700.0,0.0,0.0,127886216.0
2015-12-08,57700.0,57700.0,57700.0,57700.0,0.0,0.0,127886216.0
2015-12-09,57700.0,57700.0,57700.0,57700.0,0.0,0.0,127886216.0
2015-12-10,57700.0,57700.0,57700.0,57700.0,0.0,0.0,127886216.0
2015-12-11,57700.0,57700.0,57700.0,57700.0,0.0,0.0,127886216.0
2015-12-14,57700.0,57700.0,57700.0,57700.0,0.0,0.0,127886216.0
2015-12-15,57700.0,57700.0,57700.0,57700.0,0.0,0.0,127886216.0
2015-12-16,57700.0,57700.0,57700.0,57700.0,0.0,0.0,127886216.0
2015-12-17,57700.0,57700.0,57700.0,57700.0,0.0,0.0,127886216.0
2015-12-18,57700.0,57700.0,57700.0,57700.0,0.0,0.0,127886216.0
2015-12-21,57700.0,57700.0,57700.0,57700.0,0.0,0.0,127886216.0
2015-12-22,57700.0,57700.0,57700.0,57700.0,0.0,0.0,127886216.0
2015-12-23,57700.0,57700.0,57700.0,57700.0,0.0,0.0,127886216.0
2015-12-24,57700.0,57700.0,57700.0,57700.0,0.0,0.0,127886216.0
2015-12-28,57700.0,57700.0,57700.0,57700.0,0.0,0.0,127886216.0
2015-12-29,57700.0,57700.0,57700.0,57700.0,0.0,0.0,127886216.0
2015-12-30,57700.0,57700.0,57700.0,57700.0,0.0,0.0,127886216.0
2015-12-31,57700.0,57700.0,57700.0,57700.0,0.0,0.0,127886216.0
2016-01-04,57700.0,57700.0,57700.0,57700.0,0.0,0.0,127886216.0
2016-01-05,57700.0,57700.0,57700.0,57700.0,0.0,0.0,127886216.0
2016-01-06,57700.0,57700.0,57700.0,57700.0,0.0,0.0,127886216.0
2016-01-07,57700.0,57700.0,57700.0,57700.0,0.0,0.0,127886216.0
2016-01-08,57700.0,57700.0,57700.0,57700.0,0.0,0.0,127886216.0
2016-01-11,57700.0,57700.0,57700.0,57700.0,0.0,0.0,127886216.0
2016-01-12,57700.0,57700.0,57700.0,57700.0,0.0,0.0,127886216.0
2016-01-13,57700.0,57700.0,57700.0,57700.0,0.0,0.0,127886216.0
2016-01-14,57700.0,57700.0,57700.0,57700.0,0.0,0.0,127886216.0
2016-01-15,57700.0,57700.0,57700.0,57700.0,0.0,0.0,127886216.0
2016-01-18,57700.0,57700.0,57700.0,57700.0,0.0,0.0,127886216.0
2016-01-19,57700.0,57700.0,57700.0,57700.0,0.0,0.0,127886216.0
2016-01-20,57700.0,57700.0,57700.0,57700.0,0.0,0.0,127886216.0
2016-01-21,57700.0,57700.0,57700.0,57700.0,0.0,0.0,127886216.0
2016-01-22,57700.0,57700.0,57700.0,57700.0,0.0,0.0,127886216.0
2016-01-25,57700.0,57700.0,57700.0,57700.0,0.0,0.0,127886216.0
2016-01-26,57700.0,57700.0,57700.0,57700.0,0.0,0.0,127886216.0
2016-01-27,57700.0,57700.0,57700.0,57700.0,0.0,0.0,127886216.0
2016-01-28,57700.0,57700.0,57700.0,57700.0,0.0,0.0,127886216.0
2016-01-29,57700.0,57700.0,57700.0,57700.0,0.0,0.0,127886216.0
2016-02-01,57700.0,57700.0,57700.0,57700.0,0.0,0.0,127886216.0
2016-02-02,57700.0,57700.0,57700.0,57700.0,0.0,0.0,127886216.0
2016-02-03,57700.0,57700.0,57700.0,57700.0,0.0,0.0,127886216.0
2016-02-04,57700.0,57700.0,57700.0,57700.0,0.0,0.0,127886216.0
2016-02-05,57700.0,57700.0,57700.0,57700.0,0.0,0.0,127886216.0
2016-02-08,57700.0,57700.0,57700.0,57700.0,0.0,0.0,127886216.0
2016-02-09,57700.0,57700.0,57700.0,57700.0,0.0,0.0,127886216.0
2016-02-10,57700.0,57700.0,57700.0,57700.0,0.0,0.0,127886216.0
2016-02-11,57700.0,57700.0,57700.0,57700.0,0.0,0.0,127886216.0
2016-02-12,57700.0,57700.0,57700.0,57700.0,0.0,0.0,127886216.0
2016-02-15,57700.0,57700.0,57700.0,57700.0,0.0,0.0,127886216.0
2016-02-16,57700.0,57700.0,57700.0,57700.0,0.0,0.0,127886216.0
2016-02-17,57700.0,57700.0,57700.0,57700.0,0.0,0.0,127886216.0
2016-02-18,57700.0,57700.0,57700.0,57700.0,0.0,0.0,127886216.0
2016-02-19,57700.0,57700.0,57700.0,57700.0,0.0,0.0,127886216.0
2016-02-22,57700.0,57700.0,57700.0,57700.0,0.0,0.0,127886216.0
2016-02-23,57700.0,57700.0,57700.0,57700.0,0.0,0.0,127886216.0
2016-02-24,57700.0,57700.0,57700.0,57700.0,0.0,0.0,127886216.0
2016-02-25,57700.0,57700.0,57700.0,57700.0,0.0,0.0,127886216.0
2016-02-26,57700.0,57700.0,57700.0,57700.0,0.0,0.0,127886216.0
2016-02-29,57700.0,57700.0,57700.0,57700.0,0.0,0.0,127886216.0
2016-03-01,57700.0,57700.0,57700.0,57700.0,0.0,0.0,127886216.0
2016-03-02,57700.0,57700.0,57700.0,57700.0,0.0,0.0,127886216.0
2016-03-03,57700.0,57700.0,57700.0,57700.0,0.0,0.0,127886216.0
2016-03-04,57700.0,57700.0,57700.0,57700.0,0.0,0.0,127886216.0
2016-03-07,57700.0,57700.0,57700.0,57700.0,0.0,0.0,127886216.0
2016-03-08,57700.0,57700.0,57700.0,57700.0,0.0,0.0,127886216.0
2016-03-09,57700.0,57700.0,57700.0,57700.0,0.0,0.0,127886216.0
2016-03-10,57700.0,57700.0,57700.0,57700.0,0.0,0.0,127886216.0
2016-03-11,57700.0,57700.0,57700.0,57700.0,0.0,0.0,127886216.0
2016-03-14,57700.0,57700.0,57700.0,57700.0,0.0,0.0,127886216.0
2016-03-15,57700.0,57700.0,57700.0,57700.0,0.0,0.0,127886216.0
2016-03-16,57700.0,57700.0,57700.0,57700.0,0.0,0.0,127886216.0
2016-03-17,57700.0,57700.0,57700.0,57700.0,0.0,0.0,127886216.0
2016-03-18,57700.0,57700.0,57700.0,57700.0,0.0,0.0,127886216.0
2016-03-21,57700.0,57700.0,57700.0,57700.0,0.0,0.0,127886216.0
2016-03-22,57700.0,57700.0,57700.0,57700.0,0.0,0.0,127886216.0
2016-03-23,57700.0,57700.0,57700.0,57700.0,0.0,0.0,127886216.0
2016-03-24,57700.0,57700.0,57700.0,57700.0,0.0,0.0,127886216.0
2016-03-28,57700.0,57700.0,57700.0,57700.0,0.0,0.0,127886216.0
2016-03-29,57700.0,57700.0,57700.0,57700.0,0.0,0.0,127886216.0
2016-03-30,57700.0,57700.0,57700.0,57700.0,0.0,0.0,127886216.0
2016-03-31,57700.0,57700.0,57700.0,57700.0,0.0,0.0,127886216.0
2016-04-01,57700.0,57700.0,57700.0,57700.0,0.0,0.0,127886216.0
2016-04-04,57700.0,57700.0,57700.0,57700.0,0.0,0.0,127886216.0
2016-04-05,57700.0,57700.0,57700.0,57700.0,0.0,0.0,127886216.0
2016-04-06,57700.0,57700.0,57700.0,57700.0,0.0,0.0,127886216.0
2016-04-07,57700.0,57700.0,57700.0,57700.0,0.0,0.0,127886216.0
2016-04-08,57700.0,57700.0,57700.0,57700.0,0.0,0.0,127886216.0
2016-04-11,57700.0,57700.0,57700.0,57700.0,0.0,0.0,127886216.0
2016-04-12,57700.0,57700.0,57700.0,57700.0,0.0,0.0,127886216.0
2016-04-13,57700.0,57700.0,57700.0,57700.0,0.0,0.0,127886216.0
2016-04-14,57700.0,57700.0,57700.0,57700.0,0.0,0.0,127886216.0
2016-04-15,57700.0,57700.0,57700.0,57700.0,0.0,0.0,127886216.0
2016-04-18,57700.0,57700.0,57700.0,57700.0,0.0,0.0,127886216.0
2016-04-19,57700.0,57700.0,57700.0,57700.0,0.0,0.0,127886216.0
2016-04-20,57700.0,57700.0,57700.0,57700.0,0.0,0.0,127886216.0
2016-04-21,57700.0,57700.0,57700.0,57700.0,0.0,0.0,127886216.0
2016-04-22,57700.0,57700.0,57700.0,57700.0,0.0,0.0,127886216.0
2016-04-25,57700.0,57700.0,57700.0,57700.0,0.0,0.0,127886216.0
2016-04-26,57700.0,57700.0,57700.0,57700.0,0.0,0.0,127886216.0
2016-04-27,57700.0,57700.0,57700.0,57700.0,0.0,0.0,127886216.0
2016-04-28,57700.0,57700.0,57700.0,57700.0,0.0,0.0,127886216.0
2016-04-29,57700.0,57700.0,57700.0,57700.0,0.0,0.0,127886216.0
2016-05-02,57700.0,57700.0,57700.0,57700.0,0.0,0.0,127886216.0
2016-05-03,57700.0,57700.0,57700.0,57700.0,0.0,0.0,127886216.0
2016-05-04,57700.0,57700.0,57700.0,57700.0,0.0,0.0,127886216.0
2016-05-05,57700.0,57700.0,57700.0,57700.0,0.0,0.0,127886216.0
2016-05-06,57700.0,57700.0,57700.0,57700.0,0.0,0.0,127886216.0
2016-05-09,57700.0,57700.0,57700.0,57700.0,0.0,0.0,127886216.0
2016-05-10,57700.0,57700.0,57700.0,57700.0,0.0,0.0,127886216.0
2016-05-11,57700.0,57700.0,57700.0,57700.0,0.0,0.0,127886216.0
2016-05-12,57700.0,57700.0,57700.0,57700.0,0.0,0.0,127886216.0
2016-05-13,57700.0,57700.0,57700.0,57700.0,0.0,0.0,127886216.0
2016-05-16,57700.0,57700.0,57700.0,57700.0,0.0,0.0,127886216.0
2016-05-17,57700.0,57700.0,57700.0,57700.0,0.0,0.0,127886216.0
2016-05-18,57700.0,57700.0,57700.0,57700.0,0.0,0.0,127886216.0
2016-05-19,57700.0,57700.0,57700.0,57700.0,0.0,0.0,127886216.0
2016-05-20,57700.0,57700.0,57700.0,57700.0,0.0,0.0,127886216.0
2016-05-23,57700.0,57700.0,57700.0,57700.0,0.0,0.0,127886216.0
2016-05-24,57700.0,57700.0,57700.0,57700.0,0.0,0.0,127886216.0
2016-05-25,57700.0,57700.0,57700.0,57700.0,0.0,0.0,127886216.0
2016-05-26,57700.0,57700.0,57700.0,57700.0,0.0,0.0,127886216.0
2016-05-27,57700.0,57700.0,57700.0,57700.0,0.0,0.0,127886216.0
2016-05-30,57700.0,57700.0,57700.0,57700.0,0.0,0.0,127886216.0
2016-05-31,57700.0,57700.0,57700.0,57700.0,0.0,0.0,127886216.0
2016-06-01,57700.0,57700.0,57700.0,57700.0,0.0,0.0,127886216.0
2016-06-02,57700.0,57700.0,57700.0,57700.0,0.0,0.0,127886216.0
2016-06-03,57700.0,57700.0,57700.0,57700.0,0.0,0.0,127886216.0
2016-06-06,57700.0,57700.0,57700.0,57700.0,0.0,0.0,127886216.0
2016-06-07,57700.0,57700.0,57700.0,57700.0,0.0,0.0,127886216.0
2016-06-08,57700.0,57700.0,57700.0,57700.0,0.0,0.0,127886216.0
2016-06-09,57700.0,57700.0,57700.0,57700.0,0.0,0.0,127886216.0
2016-06-10,57700.0,57700.0,57700.0,57700.0,0.0,0.0,127886216.0
2016-06-13,57700.0,57700.0,57700.0,57700.0,0.0,0.0,127886216.0
2016-06-14,57700.0,57700.0,57700.0,57700.0,0.0,0.0,127886216.0
2016-06-15,57700.0,57700.0,57700.0,57700.0,0.0,0.0,127886216.0
2016-06-16,57700.0,57700.0,57700.0,57700.0,0.0,0.0,127886216.0
2016-06-17,57700.0,57700.0,57700.0,57700.0,0.0,0.0,127886216.0
2016-06-20,57700.0,57700.0,57700.0,57700.0,0.0,0.0,127886216.0
2016-06-21,57700.0,57700.0,57700.0,57700.0,0.0,0.0,127886216.0
2016-06-22,57700.0,57700.0,57700.0,57700.0,0.0,0.0,127886216.0
2016-06-23,57700.0,57700.0,57700.0,57700.0,0.0,0.0,127886216.0
2016-06-24,57700.0,57700.0,57700.0,57700.0,0.0,0.0,127886216.0
2016-06-27,57700.0,57700.0,57700.0,57700.0,0.0,0.0,127886216.0
2016-06-28,57700.0,57700.0,57700.0,57700.0,0.0,0.0,127886216.0
2016-06-29,57700.0,57700.0,57700.0,57700.0,0.0,0.0,127886216.0
2016-06-30,57700.0,57700.0,57700.0,57700.0,0.0,0.0,127886216.0
2016-07-01,57700.0,57700.0,57700.0,57700.0,0.0,0.0,127886216.0
2016-07-04,57700.0,57700.0,57700.0,57700.0,0.0,0.0,127886216.0
2016-07-05,57700.0,57700.0,57700.0,57700.0,0.0,0.0,127886216.0
2016-07-06,57700.0,57700.0,57700.0,57700.0,0.0,0.0,127886216.0
2016-07-07,57700.0,57700.0,57700.0,57700.0,0.0,0.0,127886216.0
2016-07-08,57700.0,57700.0,57700.0,57700.0,0.0,0.0,127886216.0
2016-07-11,57700.0,57700.0,57700.0,57700.0,0.0,0.0,127886216.0
2016-07-12,57700.0,57700.0,57700.0,57700.0,0.0,0.0,127886216.0
2016-07-13,57700.0,57700.0,57700.0,57700.0,0.0,0.0,127886216.0
2016-07-14,57700.0,57700.0,57700.0,57700.0,0.0,0.0,127886216.0
2016-07-15,57700.0,57700.0,57700.0,57700.0,0.0,0.0,127886216.0
2016-07-18,57700.0,57700.0,57700.0,57700.0,0.0,0.0,127886216.0
2016-07-19,57700.0,57700.0,57700.0,57700.0,0.0,0.0,127886216.0
2016-07-20,57700.0,57700.0,57700.0,57700.0,0.0,0.0,127886216.0
2016-07-21,57700.0,57700.0,57700.0,57700.0,0.0,0.0,127886216.0
2016-07-22,57700.0,57700.0,57700.0,57700.0,0.0,0.0,127886216.0
2016-07-25,57700.0,57700.0,57700.0,57700.0,0.0,0.0,127886216.0
2016-07-26,57700.0,57700.0,57700.0,57700.0,0.0,0.0,127886216.0
2016-07-27,57700.0,57700.0,57700.0,57700.0,0.0,0.0,127886216.0
2016-07-28,57700.0,57700.0,57700.0,57700.0,0.0,0.0,127886216.0
2016-07-29,57700.0,57700.0,57700.0,57700.0,0.0,0.0,127886216.0
2016-08-01,57700.0,57700.0,57700.0,57700.0,0.0,0.0,127886216.0
2016-08-02,57700.0,57700.0,57700.0,57700.0,0.0,0.0,127886216.0
2016-08-03,57700.0,57700.0,57700.0,57700.0,0.0,0.0,127886216.0
2016-08-04,57700.0,57700.0,57700.0,57700.0,0.0,0.0,127886216.0
2016-08-05,57700.0,57700.0,57700.0,57700.0,0.0,0.0,127886216.0
2016-08-08,57700.0,57700.0,57700.0,57700.0,0.0,0.0,127886216.0
2016-08-09,57700.0,57700.0,57700.0,57700.0,0.0,0.0,127886216.0
2016-08-10,57700.0,57700.0,57700.0,57700.0,0.0,0.0,127886216.0
2016-08-11,57700.0,57700.0,57700.0,57700.0,0.0,0.0,127886216.0
2016-08-12,57700.0,57700.0,57700.0,57700.0,0.0,0.0,127886216.0
2016-08-15,57700.0,57700.0,57700.0,57700.0,0.0,0.0,127886216.0
2016-08-16,57700.0,57700.0,57700.0,57700.0,0.0,0.0,127886216.0
2016-08-17,57700.0,57700.0,57700.0,57700.0,0.0,0.0,127886216.0
2016-08-18,57700.0,57700.0,57700.0,57700.0,0.0,0.0,127886216.0
2016-08-19,57700.0,57700.0,57700.0,57700.0,0.0,0.0,127886216.0
2016-08-22,57700.0,57700.0,57700.0,57700.0,0.0,0.0,127886216.0
2016-08-23,57700.0,57700.0,57700.0,57700.0,0.0,0.0,127886216.0
2016-08-24,57700.0,57700.0,57700.0,57700.0,0.0,0.0,127886216.0
2016-08-25,57700.0,57700.0,57700.0,57700.0,0.0,0.0,127886216.0
2016-08-26,57700.0,57700.0,57700.0,57700.0,0.0,0.0,127886216.0
2016-08-29,57700.0,57700.0,57700.0,57700.0,0.0,0.0,127886216.0
2016-08-30,57700.0,57700.0,57700.0,57700.0,0.0,0.0,127886216.0
2016-08-31,57700.0,57700.0,57700.0,57700.0,0.0,0.0,127886216.0
2016-09-01,57700.0,57700.0,57700.0,57700.0,0.0,0.0,127886216.0
2016-09-02,57700.0,57700.0,57700.0,57700.0,0.0,0.0,127886216.0
2016-09-05,57700.0,57700.0,57700.0,57700.0,0.0,0.0,127886216.0
2016-09-06,57700.0,57700.0,57700.0,57700.0,0.0,0.0,127886216.0
2016-09-07,57700.0,57700.0,57700.0,57700.0,0.0,0.0,127886216.0
2016-09-08,57700.0,57700.0,57700.0,57700.0,0.0,0.0,127886216.0
2016-09-09,57700.0,57700.0,57700.0,57700.0,0.0,0.0,127886216.0
2016-09-12,57700.0,57700.0,57700.0,57700.0,0.0,0.0,127886216.0
2016-09-13,57700.0,57700.0,57700.0,57700.0,0.0,0.0,127886216.0
2016-09-14,57700.0,57700.0,57700.0,57700.0,0.0,0.0,127886216.0
2016-09-15,57700.0,57700.0,57700.0,57700.0,0.0,0.0,127886216.0
2016-09-16,57700.0,57700.0,57700.0,57700.0,0.0,0.0,127886216.0
2016-09-19,57700.0,57700.0,57700.0,57700.0,0.0,0.0,127886216.0
2016-09-20,57700.0,57700.0,57700.0,57700.0,0.0,0.0,127886216.0
2016-09-21,57700.0,57700.0,57700.0,57700.0,0.0,0.0,127886216.0
2016-09-22,57700.0,57700.0,57700.0,57700.0,0.0,0.0,127886216.0
2016-09-23,57700.0,57700.0,57700.0,57700.0,0.0,0.0,127886216.0
2016-09-26,57700.0,57700.0,57700.0,57700.0,0.0,0.0,127886216.0
2016-09-27,57700.0,57700.0,57700.0,57700.0,0.0,0.0,127886216.0
2016-09-28,57700.0,57700.0,57700.0,57700.0,0.0,0.0,127886216.0
2016-09-29,57700.0,57700.0,57700.0,57700.0,0.0,0.0,127886216.0
2016-09-30,57700.0,57700.0,57700.0,57700.0,0.0,0.0,127886216.0
2016-10-03,57700.0,57700.0,57700.0,57700.0,0.0,0.0,127886216.0
2016-10-04,57700.0,57700.0,57700.0,57700.0,0.0,0.0,127886216.0
2016-10-05,57700.0,57700.0,57700.0,57700.0,0.0,0.0,127886216.0
2016-10-06,57700.0,57700.0,57700.0,57700.0,0.0,0.0,127886216.0
2016-10-07,57700.0,57700.0,57700.0,57700.0,0.0,0.0,127886216.0
2016-10-10,57700.0,57700.0,57700.0,57700.0,0.0,0.0,127886216.0
2016-10-11,57700.0,57700.0,57700.0,57700.0,0.0,0.0,127886216.0
2016-10-12,57700.0,57700.0,57700.0,57700.0,0.0,0.0,127886216.0
2016-10-13,57700.0,57700.0,57700.0,57700.0,0.0,0.0,127886216.0
2016-10-14,57700.0,57700.0,57700.0,57700.0,0.0,0.0,127886216.0
2016-10-17,57700.0,57700.0,57700.0,57700.0,0.0,0.0,127886216.0
2016-10-18,57700.0,57700.0,57700.0,57700.0,0.0,0.0,127886216.0
2016-10-19,57700.0,57700.0,57700.0,57700.0,0.0,0.0,127886216.0
2016-10-20,57700.0,57700.0,57700.0,57700.0,0.0,0.0,127886216.0
2016-10-21,57700.0,57700.0,57700.0,57700.0,0.0,0.0,127886216.0
2016-10-24,57700.0,57700.0,57700.0,57700.0,0.0,0.0,127886216.0
2016-10-25,57700.0,57700.0,57700.0,57700.0,0.0,0.0,127886216.0
2016-10-26,57700.0,57700.0,57700.0,57700.0,0.0,0.0,127886216.0
2016-10-27,57700.0,57700.0,57700.0,57700.0,0.0,0.0,127886216.0
2016-10-28,57700.0,57700.0,57700.0,57700.0,0.0,0.0,127886216.0
2016-10-31,57700.0,57700.0,57700.0,57700.0,0.0,0.0,127886216.0
2016-11-01,57700.0,57700.0,57700.0,57700.0,0.0,0.0,127886216.0
2016-11-02,57700.0,57700.0,57700.0,57700.0,0.0,0.0,127886216.0
2016-11-03,57700.0,57700.0,57700.0,57700.0,0.0,0.0,127886216.0
2016-11-04,57700.0,57700.0,57700.0,57700.0,0.0,0.0,127886216.0
2016-11-07,57700.0,57700.0,57700.0,57700.0,0.0,0.0,127886216.0
2016-11-08,57700.0,57700.0,57700.0,57700.0,0.0,0.0,127886216.0
2016-11-09,57700.0,57700.0,57700.0,57700.0,0.0,0.0,127886216.0
2016-11-10,57700.0,57700.0,57700.0,57700.0,0.0,0.0,127886216.0
2016-11-11,57700.0,57700.0,57700.0,57700.0,0.0,0.0,127886216.0
2016-11-14,57700.0,57700.0,57700.0,57700.0,0.0,0.0,127886216.0
2016-11-15,57700.0,57700.0,57700.0,57700.0,0.0,0.0,127886216.0
2016-11-16,57700.0,57700.0,57700.0,57700.0,0.0,0.0,127886216.0
2016-11-17,57700.0,57700.0,57700.0,57700.0,0.0,0.0,127886216.0
2016-11-18,57700.0,57700.0,57700.0,57700.0,0.0,0.0,127886216.0
2016-11-21,57700.0,57700.0,57700.0,57700.0,0.0,0.0,127886216.0
2016-11-22,57700.0,57700.0,57700.0,57700.0,0.0,0.0,127886216.0
2016-11-23,57700.0,57700.0,57700.0,57700.0,0.0,0.0,127886216.0
2016-11-24,57700.0,57700.0,57700.0,57700.0,0.0,0.0,127886216.0
2016-11-25,57700.0,57700.0,57700.0,57700.0,0.0,0.0,127886216.0
2016-11-28,57700.0,57700.0,57700.0,57700.0,0.0,0.0,127886216.0
2016-11-29,57700.0,57700.0,57700.0,57700.0,0.0,0.0,127886216.0
2016-11-30,57700.0,57700.0,57700.0,57700.0,0.0,0.0,127886216.0
2016-12-01,57700.0,57700.0,57700.0,57700.0,0.0,0.0,127886216.0
2016-12-02,57700.0,57700.0,57700.0,57700.0,0.0,0.0,127886216.0
2016-12-05,57700.0,57700.0,57700.0,57700.0,0.0,0.0,127886216.0
2016-12-06,57700.0,57700.0,57700.0,57700.0,0.0,0.0,127886216.0
2016-12-07,57700.0,57700.0,57700.0,57700.0,0.0,0.0,127886216.0
2016-12-08,57700.0,57700.0,57700.0,57700.0,0.0,0.0,127886216.0
2016-12-09,57700.0,57700.0,57700.0,57700.0,0.0,0.0,127886216.0
2016-12-12,57700.0,57700.0,57700.0,57700.0,0.0,0.0,127886216.0
2016-12-13,57700.0,57700.0,57700.0,57700.0,0.0,0.0,127886216.0
2016-12-14,57700.0,57700.0,57700.0,57700.0,0.0,0.0,127886216.0
2016-12-15,57700.0,57700.0,57700.0,57700.0,0.0,0.0,127886216.0
2016-12-16,57700.0,57700.0,57700.0,57700.0,0.0,0.0,127886216.0
2016-12-19,57700.0,57700.0,57700.0,57700.0,0.0,0.0,127886216.0
2016-12-20,57700.0,57700.0,57700.0,57700.0,0.0,0.0,127886216.0
2016-12-21,57700.0,57700.0,57700.0,57700.0,0.0,0.0,127886216.0
2016-12-22,57700.0,57700.0,57700.0,57700.0,0.0,0.0,127886216.0
2016-12-23,57700.0,57700.0,57700.0,57700.0,0.0,0.0,127886216.0
2016-12-27,57700.0,57700.0,57700.0,57700.0,0.0,0.0,127886216.0
2016-12-28,57700.0,57700.0,57700.0,57700.0,0.0,0.0,127886216.0
2016-12-29,57700.0,57700.0,57700.0,57700.0,0.0,0.0,127886216.0
2016-12-30,57700.0,57700.0,57700.0,57700.0,0.0,0.0,127886216.0
2017-01-02,57700.0,57700.0,57700.0,57700.0,0.0,0.0,127886216.0
2017-01-03,57700.0,57700.0,57700.0,57700.0,0.0,0.0,127886216.0
2017-01-04,57700.0,57700.0,57700.0,57700.0,0.0,0.0,127886216.0
2017-01-05,57700.0,57700.0,57700.0,57700.0,0.0,0.0,127886216.0
2017-01-06,57700.0,57700.0,57700.0,57700.0,0.0,0.0,127886216.0
2017-01-09,57700.0,57700.0,57700.0,57700.0,0.0,0.0,127886216.0
2017-01-10,57700.0,57700.0,57700.0,57700.0,0.0,0.0,127886216.0
2017-01-11,57700.0,57700.0,57700.0,57700.0,0.0,0.0,127886216.0
2017-01-12,57700.0,57700.0,57700.0,57700.0,0.0,0.0,127886216.0
2017-01-13,57700.0,57700.0,57700.0,57700.0,0.0,0.0,127886216.0
2017-01-16,57700.0,57700.0,57700.0,57700.0,0.0,0.0,127886216.0
2017-01-17,57700.0,57700.0,57700.0,57700.0,0.0,0.0,127886216.0
2017-01-18,57700.0,57700.0,57700.0,57700.0,0.0,0.0,127886216.0
2017-01-19,57700.0,57700.0,57700.0,57700.0,0.0,0.0,127886216.0
2017-01-20,57700.0,57700.0,57700.0,57700.0,0.0,0.0,127886216.0
2017-01-23,57700.0,57700.0,57700.0,57700.0,0.0,0.0,127886216.0
2017-01-24,57700.0,57700.0,57700.0,57700.0,0.0,0.0,127886216.0
2017-01-25,57700.0,57700.0,57700.0,57700.0,0.0,0.0,127886216.0
2017-01-26,57700.0,57700.0,57700.0,57700.0,0.0,0.0,127886216.0
2017-01-27,57700.0,57700.0,57700.0,57700.0,0.0,0.0,127886216.0
2017-01-30,57700.0,57700.0,57700.0,57700.0,0.0,0.0,127886216.0
2017-01-31,57700.0,57700.0,57700.0,57700.0,0.0,0.0,127886216.0
2017-02-01,57700.0,57700.0,57700.0,57700.0,0.0,0.0,127886216.0
2017-02-02,57700.0,57700.0,57700.0,57700.0,0.0,0.0,127886216.0
2017-02-03,57700.0,57700.0,57700.0,57700.0,0.0,0.0,127886216.0
2017-02-06,57700.0,57700.0,57700.0,57700.0,0.0,0.0,127886216.0
2017-02-07,57700.0,57700.0,57700.0,57700.0,0.0,0.0,127886216.0
2017-02-08,57700.0,57700.0,57700.0,57700.0,0.0,0.0,127886216.0
2017-02-09,57700.0,57700.0,57700.0,57700.0,0.0,0.0,127886216.0
2017-02-10,57700.0,57700.0,57700.0,57700.0,0.0,0.0,127886216.0
2017-02-13,57700.0,57700.0,57700.0,57700.0,0.0,0.0,127886216.0
2017-02-14,57700.0,57700.0,57700.0,57700.0,0.0,0.0,127886216.0
2017-02-15,57700.0,57700.0,57700.0,57700.0,0.0,0.0,127886216.0
2017-02-16,57700.0,57700.0,57700.0,57700.0,0.0,0.0,127886216.0
2017-02-17,57700.0,57700.0,57700.0,57700.0,0.0,0.0,127886216.0
2017-02-20,57700.0,57700.0,57700.0,57700.0,0.0,0.0,127886216.0
2017-02-21,57700.0,57700.0,57700.0,57700.0,0.0,0.0,127886216.0
2017-02-22,57700.0,57700.0,57700.0,57700.0,0.0,0.0,127886216.0
2017-02-23,57700.0,57700.0,57700.0,57700.0,0.0,0.0,127886216.0
2017-02-24,57700.0,57700.0,57700.0,57700.0,0.0,0.0,127886216.0
2017-02-27,57700.0,57700.0,57700.0,57700.0,0.0,0.0,127886216.0
2017-02-28,57700.0,57700.0,57700.0,57700.0,0.0,0.0,127886216.0
2017-03-01,57700.0,57700.0,57700.0,57700.0,0.0,0.0,127886216.0
2017-03-02,57700.0,57700.0,57700.0,57700.0,0.0,0.0,127886216.0
2017-03-03,57700.0,57700.0,57700.0,57700.0,0.0,0.0,127886216.0
2017-03-06,57700.0,57700.0,57700.0,57700.0,0.0,0.0,127886216.0
2017-03-07,57700.0,57700.0,57700.0,57700.0,0.0,0.0,127886216.0
2017-03-08,57700.0,57700.0,57700.0,57700.0,0.0,0.0,127886216.0
2017-03-09,57700.0,57700.0,57700.0,57700.0,0.0,0.0,127886216.0
2017-03-10,57700.0,57700.0,57700.0,57700.0,0.0,0.0,127886216.0
2017-03-13,57700.0,57700.0,57700.0,57700.0,0.0,0.0,127886216.0
2017-03-14,57700.0,57700.0,57700.0,57700.0,0.0,0.0,127886216.0
2017-03-15,57700.0,57700.0,57700.0,57700.0,0.0,0.0,127886216.0
2017-03-16,57700.0,57700.0,57700.0,57700.0,0.0,0.0,127886216.0
2017-03-17,57700.0,57700.0,57700.0,57700.0,0.0,0.0,127886216.0
2017-03-20,57700.0,57700.0,57700.0,57700.0,0.0,0.0,127886216.0
2017-03-21,57700.0,57700.0,57700.0,57700.0,0.0,0.0,127886216.0
2017-03-22,57700.0,57700.0,57700.0,57700.0,0.0,0.0,127886216.0
2017-03-23,57700.0,57700.0,57700.0,57700.0,0.0,0.0,127886216.0
2017-03-24,57700.0,57700.0,57700.0,57700.0,0.0,0.0,127886216.0
2017-03-27,57700.0,57700.0,57700.0,57700.0,0.0,0.0,127886216.0
2017-03-28,57700.0,57700.0,57700.0,57700.0,0.0,0.0,127886216.0
2017-03-29,57700.0,57700.0,57700.0,57700.0,0.0,0.0,127886216.0
2017-03-30,57700.0,57700.0,57700.0,57700.0,0.0,0.0,127886216.0
2017-03-31,57700.0,57700.0,57700.0,57700.0,0.0,0.0,127886216.0
2017-04-03,57700.0,57700.0,57700.0,57700.0,0.0,0.0,127886216.0
2017-04-04,57700.0,57700.0,57700.0,57700.0,0.0,0.0,127886216.0
2017-04-05,57700.0,57700.0,57700.0,57700.0,0.0,0.0,127886216.0
2017-04-06,57700.0,57700.0,57700.0,57700.0,0.0,0.0,127886216.0
2017-04-07,57700.0,57700.0,57700.0,57700.0,0.0,0.0,127886216.0
2017-04-10,57700.0,57700.0,57700.0,57700.0,0.0,0.0,127886216.0
2017-04-11,57700.0,57700.0,57700.0,57700.0,0.0,0.0,127886216.0
2017-04-12,57700.0,57700.0,57700.0,57700.0,0.0,0.0,127886216.0
2017-04-13,57700.0,57700.0,57700.0,57700.0,0.0,0.0,127886216.0
2017-04-17,57700.0,57700.0,57700.0,57700.0,0.0,0.0,127886216.0
2017-04-18,57700.0,57700.0,57700.0,57700.0,0.0,0.0,127886216.0
2017-04-19,57700.0,57700.0,57700.0,57700.0,0.0,0.0,127886216.0
2017-04-20,57700.0,57700.0,57700.0,57700.0,0.0,0.0,127886216.0
2017-04-21,57700.0,57700.0,57700.0,57700.0,0.0,0.0,127886216.0
2017-04-24,57700.0,57700.0,57700.0,57700.0,0.0,0.0,127886216.0
2017-04-25,57700.0,57700.0,57700.0,57700.0,0.0,0.0,127886216.0
2017-04-26,57700.0,57700.0,57700.0,57700.0,0.0,0.0,127886216.0
2017-04-27,57700.0,57700.0,57700.0,57700.0,0.0,0.0,127886216.0
2017-04-28,57700.0,57700.0,57700.0,57700.0,0.0,0.0,127886216.0
2017-05-01,57700.0,57700.0,57700.0,57700.0,0.0,0.0,127886216.0
2017-05-02,57700.0,57700.0,57700.0,57700.0,0.0,0.0,127886216.0
2017-05-03,57700.0,57700.0,57700.0,57700.0,0.0,0.0,127886216.0
2017-05-04,57700.0,57700.0,57700.0,57700.0,0.0,0.0,127886216.0
2017-05-05,57700.0,57700.0,57700.0,57700.0,0.0,0.0,127886216.0
2017-05-08,57700.0,57700.0,57700.0,57700.0,0.0,0.0,127886216.0
2017-05-09,57700.0,57700.0,57700.0,57700.0,0.0,0.0,127886216.0
2017-05-10,57700.0,57700.0,57700.0,57700.0,0.0,0.0,127886216.0
2017-05-11,57700.0,57700.0,57700.0,57700.0,0.0,0.0,127886216.0
2017-05-12,57700.0,57700.0,57700.0,57700.0,0.0,0.0,127886216.0
2017-05-15,57700.0,57700.0,57700.0,57700.0,0.0,0.0,127886216.0
2017-05-16,57700.0,57700.0,57700.0,57700.0,0.0,0.0,127886216.0
2017-05-17,57700.0,57700.0,57700.0,57700.0,0.0,0.0,127886216.0
2017-05-18,57700.0,57700.0,57700.0,57700.0,0.0,0.0,127886216.0
2017-05-19,57700.0,57700.0,57700.0,57700.0,0.0,0.0,127886216.0
2017-05-22,57700.0,57700.0,57700.0,57700.0,0.0,0.0,127886216.0
2017-05-23,57700.0,57700.0,57700.0,57700.0,0.0,0.0,127886216.0
2017-05-24,57700.0,57700.0,57700.0,57700.0,0.0,0.0,127886216.0
2017-05-25,57700.0,57700.0,57700.0,57700.0,0.0,0.0,127886216.0
2017-05-26,57700.0,57700.0,57700.0,57700.0,0.0,0.0,127886216.0
2017-05-29,57700.0,57700.0,57700.0,57700.0,0.0,0.0,127886216.0
2017-05-30,57700.0,57700.0,57700.0,57700.0,0.0,0.0,127886216.0
2017-05-31,57700.0,57700.0,57700.0,57700.0,0.0,0.0,127886216.0
2017-06-01,57700.0,57700.0,57700.0,57700.0,0.0,0.0,127886216.0
2017-06-02,57700.0,57700.0,57700.0,57700.0,0.0,0.0,127886216.0
2017-06-05,57700.0,57700.0,57700.0,57700.0,0.0,0.0,127886216.0
2017-06-06,57700.0,57700.0,57700.0,57700.0,0.0,0.0,127886216.0
2017-06-07,57700.0,57700.0,57700.0,57700.0,0.0,0.0,127886216.0
2017-06-08,57700.0,57700.0,57700.0,57700.0,0.0,0.0,127886216.0
2017-06-09,57700.0,57700.0,57700.0,57700.0,0.0,0.0,127886216.0
2017-06-12,57700.0,57700.0,57700.0,57700.0,0.0,0.0,127886216.0
2017-06-13,57700.0,57700.0,57700.0,57700.0,0.0,0.0,127886216.0
2017-06-14,57700.0,57700.0,57700.0,57700.0,0.0,0.0,127886216.0
2017-06-15,57700.0,57700.0,57700.0,57700.0,0.0,0.0,127886216.0
2017-06-16,57700.0,57700.0,57700.0,57700.0,0.0,0.0,127886216.0
2017-06-19,57700.0,57700.0,57700.0,57700.0,0.0,0.0,127886216.0
2017-06-20,57700.0,57700.0,57700.0,57700.0,0.0,0.0,127886216.0
2017-06-21,57700.0,57700.0,57700.0,57700.0,0.0,0.0,127886216.0
2017-06-22,57700.0,57700.0,57700.0,57700.0,0.0,0.0,127886216.0
2017-06-23,57700.0,57700.0,57700.0,57700.0,0.0,0.0,127886216.0
2017-06-26,57700.0,57700.0,57700.0,57700.0,0.0,0.0,127886216.0
2017-06-27,57700.0,57700.0,57700.0,57700.0,0.0,0.0,127886216.0
2017-06-28,57700.0,57700.0,57700.0,57700.0,0.0,0.0,127886216.0
2017-06-29,57700.0,57700.0,57700.0,57700.0,0.0,0.0,127886216.0
2017-06-30,57700.0,57700.0,57700.0,57700.0,0.0,0.0,127886216.0
2017-07-03,57700.0,57700.0,57700.0,57700.0,0.0,0.0,127886216.0
2017-07-04,57700.0,57700.0,57700.0,57700.0,0.0,0.0,127886216.0
2017-07-05,57700.0,57700.0,57700.0,57700.0,0.0,0.0,127886216.0
2017-07-06,57700.0,57700.0,57700.0,57700.0,0.0,0.0,127886216.0
2017-07-07,57700.0,57700.0,57700.0,57700.0,0.0,0.0,127886216.0
2017-07-10,57700.0,57700.0,57700.0,57700.0,0.0,0.0,127886216.0
2017-07-11,57700.0,57700.0,57700.0,57700.0,0.0,0.0,127886216.0
2017-07-12,57700.0,57700.0,57700.0,57700.0,0.0,0.0,127886216.0
2017-07-13,57700.0,57700.0,57700.0,57700.0,0.0,0.0,127886216.0
2017-07-14,57700.0,57700.0,57700.0,57700.0,0.0,0.0,127886216.0
2017-07-17,57700.0,57700.0,57700.0,57700.0,0.0,0.0,127886216.0
2017-07-18,57700.0,57700.0,57700.0,57700.0,0.0,0.0,127886216.0
2017-07-19,57700.0,57700.0,57700.0,57700.0,0.0,0.0,127886216.0
2017-07-20,57700.0,57700.0,57700.0,57700.0,0.0,0.0,127886216.0
2017-07-21,57700.0,57700.0,57700.0,57700.0,0.0,0.0,127886216.0
2017-07-24,57700.0,57700.0,57700.0,57700.0,0.0,0.0,127886216.0
2017-07-25,57700.0,57700.0,57700.0,57700.0,0.0,0.0,127886216.0
2017-07-26,57700.0,57700.0,57700.0,57700.0,0.0,0.0,127886216.0
2017-07-27,57700.0,57700.0,57700.0,57700.0,0.0,0.0,127886216.0
2017-07-28,57700.0,57700.0,57700.0,57700.0,0.0,0.0,127886216.0
2017-07-31,57700.0,57700.0,57700.0,57700.0,0.0,0.0,127886216.0
2017-08-01,57700.0,57700.0,57700.0,57700.0,0.0,0.0,127886216.0
2017-08-02,57700.0,57700.0,57700.0,57700.0,0.0,0.0,127886216.0
2017-08-03,57700.0,57700.0,57700.0,57700.0,0.0,0.0,127886216.0
2017-08-04,57700.0,57700.0,57700.0,57700.0,0.0,0.0,127886216.0
2017-08-07,57700.0,57700.0,57700.0,57700.0,0.0,0.0,127886216.0
2017-08-08,57700.0,57700.0,57700.0,57700.0,0.0,0.0,127886216.0
2017-08-09,57700.0,57700.0,57700.0,57700.0,0.0,0.0,127886216.0
2017-08-10,57700.0,57700.0,57700.0,57700.0,0.0,0.0,127886216.0
2017-08-11,57700.0,57700.0,57700.0,57700.0,0.0,0.0,127886216.0
2017-08-14,57700.0,57700.0,57700.0,57700.0,0.0,0.0,127886216.0
2017-08-15,57700.0,57700.0,57700.0,57700.0,0.0,0.0,127886216.0
2017-08-16,57700.0,57700.0,57700.0,57700.0,0.0,0.0,127886216.0
2017-08-17,57700.0,57700.0,57700.0,57700.0,0.0,0.0,127886216.0
2017-08-18,57700.0,57700.0,57700.0,57700.0,0.0,0.0,127886216.0
2017-08-21,57700.0,57700.0,57700.0,57700.0,0.0,0.0,127886216.0
2017-08-22,57700.0,57700.0,57700.0,57700.0,0.0,0.0,127886216.0
2017-08-23,57700.0,57700.0,57700.0,57700.0,0.0,0.0,127886216.0
2017-08-24,57700.0,57700.0,57700.0,57700.0,0.0,0.0,127886216.0
2017-08-25,57700.0,57700.0,57700.0,57700.0,0.0,0.0,127886216.0
2017-08-28,57700.0,57700.0,57700.0,57700.0,0.0,0.0,127886216.0
2017-08-29,57700.0,57700.0,57700.0,57700.0,0.0,0.0,127886216.0
2017-08-30,57700.0,57700.0,57700.0,57700.0,0.0,0.0,127886216.0
2017-08-31,57700.0,57700.0,57700.0,57700.0,0.0,0.0,127886216.0
2017-09-01,57700.0,57700.0,57700.0,57700.0,0.0,0.0,127886216.0
2017-09-04,57700.0,57700.0,57700.0,57700.0,0.0,0.0,127886216.0
2017-09-05,57700.0,57700.0,57700.0,57700.0,0.0,0.0,127886216.0
2017-09-06,57700.0,57700.0,57700.0,57700.0,0.0,0.0,127886216.0
2017-09-07,57700.0,57700.0,57700.0,57700.0,0.0,0.0,127886216.0
2017-09-08,57700.0,57700.0,57700.0,57700.0,0.0,0.0,127886216.0
2017-09-11,57700.0,57700.0,57700.0,57700.0,0.0,0.0,127886216.0
2017-09-12,57700.0,57700.0,57700.0,57700.0,0.0,0.0,127886216.0
2017-09-13,57700.0,57700.0,57700.0,57700.0,0.0,0.0,127886216.0
2017-09-14,57700.0,57700.0,57700.0,57700.0,0.0,0.0,127886216.0
2017-09-15,57700.0,57700.0,57700.0,57700.0,0.0,0.0,127886216.0
2017-09-18,57700.0,57700.0,57700.0,57700.0,0.0,0.0,127886216.0
2017-09-19,57700.0,57700.0,57700.0,57700.0,0.0,0.0,127886216.0
2017-09-20,57700.0,57700.0,57700.0,57700.0,0.0,0.0,127886216.0
2017-09-21,57700.0,57700.0,57700.0,57700.0,0.0,0.0,127886216.0
2017-09-22,57700.0,57700.0,57700.0,57700.0,0.0,0.0,127886216.0
2017-09-25,57700.0,57700.0,57700.0,57700.0,0.0,0.0,127886216.0
2017-09-26,57700.0,57700.0,57700.0,57700.0,0.0,0.0,127886216.0
2017-09-27,57700.0,57700.0,57700.0,57700.0,0.0,0.0,127886216.0
2017-09-28,57700.0,57700.0,57700.0,57700.0,0.0,0.0,127886216.0
2017-09-29,57700.0,57700.0,57700.0,57700.0,0.0,0.0,127886216.0
2017-10-02,57700.0,57700.0,57700.0,57700.0,0.0,0.0,127886216.0
2017-10-03,57700.0,57700.0,57700.0,57700.0,0.0,0.0,127886216.0
2017-10-04,57700.0,57700.0,57700.0,57700.0,0.0,0.0,127886216.0
2017-10-05,57700.0,57700.0,57700.0,57700.0,0.0,0.0,127886216.0
2017-10-06,57700.0,57700.0,57700.0,57700.0,0.0,0.0,127886216.0
2017-10-09,57700.0,57700.0,57700.0,57700.0,0.0,0.0,127886216.0
2017-10-10,57700.0,57700.0,57700.0,57700.0,0.0,0.0,127886216.0
2017-10-11,57700.0,57700.0,57700.0,57700.0,0.0,0.0,127886216.0
2017-10-12,57700.0,57700.0,57700.0,57700.0,0.0,0.0,127886216.0
2017-10-13,57700.0,57700.0,57700.0,57700.0,0.0,0.0,127886216.0
2017-10-16,57700.0,57700.0,57700.0,57700.0,0.0,0.0,127886216.0
2017-10-17,57700.0,57700.0,57700.0,57700.0,0.0,0.0,127886216.0
2017-10-18,57700.0,57700.0,57700.0,57700.0,0.0,0.0,127886216.0
2017-10-19,57700.0,57700.0,57700.0,57700.0,0.0,0.0,127886216.0
2017-10-20,57700.0,57700.0,57700.0,57700.0,0.0,0.0,127886216.0
2017-10-23,57700.0,57700.0,57700.0,57700.0,0.0,0.0,127886216.0
2017-10-24,57700.0,57700.0,57700.0,57700.0,0.0,0.0,127886216.0
2017-10-25,57700.0,57700.0,57700.0,57700.0,0.0,0.0,127886216.0
2017-10-26,57700.0,57700.0,57700.0,57700.0,0.0,0.0,127886216.0
2017-10-27,57700.0,57700.0,57700.0,57700.0,0.0,0.0,127886216.0
2017-10-30,57700.0,57700.0,57700.0,57700.0,0.0,0.0,127886216.0
2017-10-31,57700.0,57700.0,57700.0,57700.0,0.0,0.0,127886216.0
2017-11-01,57700.0,57700.0,57700.0,57700.0,0.0,0.0,127886216.0
2017-11-02,57700.0,57700.0,57700.0,57700.0,0.0,0.0,127886216.0
2017-11-03,57700.0,57700.0,57700.0,57700.0,0.0,0.0,127886216.0
2017-11-06,57700.0,57700.0,57700.0,57700.0,0.0,0.0,127886216.0
2017-11-07,57700.0,57700.0,57700.0,57700.0,0.0,0.0,127886216.0
2017-11-08,57700.0,57700.0,57700.0,57700.0,0.0,0.0,127886216.0
2017-11-09,57700.0,57700.0,57700.0,57700.0,0.0,0.0,127886216.0
2017-11-10,57700.0,57700.0,57700.0,57700.0,0.0,0.0,127886216.0
2017-11-13,57700.0,57700.0,57700.0,57700.0,0.0,0.0,127886216.0
2017-11-14,57700.0,57700.0,57700.0,57700.0,0.0,0.0,127886216.0
2017-11-15,57700.0,57700.0,57700.0,57700.0,0.0,0.0,127886216.0
2017-11-16,57700.0,57700.0,57700.0,57700.0,0.0,0.0,127886216.0
2017-11-17,57700.0,57700.0,57700.0,57700.0,0.0,0.0,127886216.0
2017-11-20,57700.0,57700.0,57700.0,57700.0,0.0,0.0,127886216.0
2017-11-21,57700.0,57700.0,57700.0,57700.0,0.0,0.0,127886216.0
2017-11-22,57700.0,57700.0,57700.0,57700.0,0.0,0.0,127886216.0
2017-11-23,57700.0,57700.0,57700.0,57700.0,0.0,0.0,127886216.0
2017-11-24,57700.0,57700.0,57700.0,57700.0,0.0,0.0,127886216.0
2017-11-27,57700.0,57700.0,57700.0,57700.0,0.0,0.0,127886216.0
2017-11-28,57700.0,57700.0,57700.0,57700.0,0.0,0.0,127886216.0
2017-11-29,57700.0,57700.0,57700.0,57700.0,0.0,0.0,127886216.0
2017-11-30,57700.0,57700.0,57700.0,57700.0,0.0,0.0,127886216.0
2017-12-01,57700.0,57700.0,57700.0,57700.0,0.0,0.0,127886216.0
2017-12-04,57700.0,57700.0,57700.0,57700.0,0.0,0.0,127886216.0
2017-12-05,57700.0,57700.0,57700.0,57700.0,0.0,0.0,127886216.0
2017-12-06,57700.0,57700.0,57700.0,57700.0,0.0,0.0,127886216.0
2017-12-07,57700.0,57700.0,57700.0,57700.0,0.0,0.0,127886216.0
2017-12-08,57700.0,57700.0,57700.0,57700.0,0.0,0.0,127886216.0
2017-12-11,57700.0,57700.0,57700.0,57700.0,0.0,0.0,127886216.0
2017-12-12,57700.0,57700.0,57700.0,57700.0,0.0,0.0,127886216.0
2017-12-13,57700.0,57700.0,57700.0,57700.0,0.0,0.0,127886216.0
2017-12-14,57700.0,57700.0,57700.0,57700.0,0.0,0.0,127886216.0
2017-12-15,57700.0,57700.0,57700.0,57700.0,0.0,0.0,127886216.0
2017-12-18,57700.0,57700.0,57700.0,57700.0,0.0,0.0,127886216.0
2017-12-19,57700.0,57700.0,57700.0,57700.0,0.0,0.0,127886216.0
2017-12-20,57700.0,57700.0,57700.0,57700.0,0.0,0.0,127886216.0
2017-12-21,57700.0,57700.0,57700.0,57700.0,0.0,0.0,127886216.0
2017-12-22,57700.0,57700.0,57700.0,57700.0,0.0,0.0,127886216.0
2017-12-27,57700.0,57700.0,57700.0,57700.0,0.0,0.0,127886216.0
2017-12-28,57700.0,57700.0,57700.0,57700.0,0.0,0.0,127886216.0
2017-12-29,57700.0,57700.0,57700.0,57700.0,0.0,0.0,127886216.0
2018-01-02,57700.0,57700.0,57700.0,57700.0,0.0,0.0,127886216.0
2018-01-03,57700.0,57700.0,57700.0,57700.0,0.0,0.0,127886216.0
2018-01-04,57700.0,57700.0,57700.0,57700.0,0.0,0.0,127886216.0
2018-01-05,57700.0,57700.0,57700.0,57700.0,0.0,0.0,127886216.0
2018-01-08,57700.0,57700.0,57700.0,57700.0,0.0,0.0,127886216.0
2018-01-09,57700.0,57700.0,57700.0,57700.0,0.0,0.0,127886216.0
2018-01-10,57700.0,57700.0,57700.0,57700.0,0.0,0.0,127886216.0
2018-01-11,57700.0,57700.0,57700.0,57700.0,0.0,0.0,127886216.0
2018-01-12,57700.0,57700.0,57700.0,57700.0,0.0,0.0,127886216.0
2018-01-15,57700.0,57700.0,57700.0,57700.0,0.0,0.0,127886216.0
2018-01-16,57700.0,57700.0,57700.0,57700.0,0.0,0.0,127886216.0
2018-01-17,57700.0,57700.0,57700.0,57700.0,0.0,0.0,127886216.0
2018-01-18,57700.0,57700.0,57700.0,57700.0,0.0,0.0,127886216.0
2018-01-19,57700.0,57700.0,57700.0,57700.0,0.0,0.0,127886216.0
2018-01-22,57700.0,57700.0,57700.0,57700.0,0.0,0.0,127886216.0
2018-01-23,57700.0,57700.0,57700.0,57700.0,0.0,0.0,127886216.0
2018-01-24,57700.0,57700.0,57700.0,57700.0,0.0,0.0,127886216.0
2018-01-25,57700.0,57700.0,57700.0,57700.0,0.0,0.0,127886216.0
2018-01-26,57700.0,57700.0,57700.0,57700.0,0.0,0.0,127886216.0
2018-01-29,57700.0,57700.0,57700.0,57700.0,0.0,0.0,127886216.0
2018-01-30,57700.0,57700.0,57700.0,57700.0,0.0,0.0,127886216.0
2018-01-31,57700.0,57700.0,57700.0,57700.0,0.0,0.0,127886216.0
2018-02-01,57700.0,57700.0,57700.0,57700.0,0.0,0.0,127886216.0
2018-02-02,57700.0,57700.0,57700.0,57700.0,0.0,0.0,127886216.0
2018-02-05,57700.0,57700.0,57700.0,57700.0,0.0,0.0,127886216.0
2018-02-06,57700.0,57700.0,57700.0,57700.0,0.0,0.0,127886216.0
2018-02-07,57700.0,57700.0,57700.0,57700.0,0.0,0.0,127886216.0
2018-02-08,57700.0,57700.0,57700.0,57700.0,0.0,0.0,127886216.0
2018-02-09,57700.0,57700.0,57700.0,57700.0,0.0,0.0,127886216.0
2018-02-12,57700.0,57700.0,57700.0,57700.0,0.0,0.0,127886216.0
2018-02-13,57700.0,57700.0,57700.0,57700.0,0.0,0.0,127886216.0
2018-02-14,57700.0,57700.0,57700.0,57700.0,0.0,0.0,127886216.0
2018-02-15,57700.0,57700.0,57700.0,57700.0,0.0,0.0,127886216.0
2018-02-16,57700.0,57700.0,57700.0,57700.0,0.0,0.0,127886216.0
2018-02-19,57700.0,57700.0,57700.0,57700.0,0.0,0.0,127886216.0
2018-02-20,57700.0,57700.0,57700.0,57700.0,0.0,0.0,127886216.0
2018-02-21,57700.0,57700.0,57700.0,57700.0,0.0,0.0,127886216.0
2018-02-22,57700.0,57700.0,57700.0,57700.0,0.0,0.0,127886216.0
2018-02-23,57700.0,57700.0,57700.0,57700.0,0.0,0.0,127886216.0
2018-02-26,57700.0,57700.0,57700.0,57700.0,0.0,0.0,127886216.0
2018-02-27,57700.0,57700.0,57700.0,57700.0,0.0,0.0,127886216.0
2018-02-28,57700.0,57700.0,57700.0,57700.0,0.0,0.0,127886216.0
2018-03-01,57700.0,57700.0,57700.0,57700.0,0.0,0.0,127886216.0
2018-03-02,57700.0,57700.0,57700.0,57700.0,0.0,0.0,127886216.0
2018-03-05,57700.0,57700.0,57700.0,57700.0,0.0,0.0,127886216.0
2018-03-06,57700.0,57700.0,57700.0,57700.0,0.0,0.0,127886216.0
2018-03-07,57700.0,57700.0,57700.0,57700.0,0.0,0.0,127886216.0
2018-03-08,57700.0,57700.0,57700.0,57700.0,0.0,0.0,127886216.0
2018-03-09,57700.0,57700.0,57700.0,57700.0,0.0,0.0,127886216.0
2018-03-12,57700.0,57700.0,57700.0,57700.0,0.0,0.0,127886216.0
2018-03-13,57700.0,57700.0,57700.0,57700.0,0.0,0.0,127886216.0
2018-03-14,57700.0,57700.0,57700.0,57700.0,0.0,0.0,127886216.0
2018-03-15,57700.0,57700.0,57700.0,57700.0,0.0,0.0,127886216.0
2018-03-16,57700.0,57700.0,57700.0,57700.0,0.0,0.0,127886216.0
2018-03-19,57700.0,57700.0,57700.0,57700.0,0.0,0.0,127886216.0
2018-03-20,57700.0,57700.0,57700.0,57700.0,0.0,0.0,127886216.0
2018-03-21,57700.0,57700.0,57700.0,57700.0,0.0,0.0,127886216.0
2018-03-22,57700.0,57700.0,57700.0,57700.0,0.0,0.0,127886216.0
2018-03-23,57700.0,57700.0,57700.0,57700.0,0.0,0.0,127886216.0
2018-03-26,57700.0,57700.0,57700.0,57700.0,0.0,0.0,127886216.0
2018-03-27,57700.0,57700.0,57700.0,57700.0,0.0,0.0,127886216.0
2018-03-28,57700.0,57700.0,57700.0,57700.0,0.0,0.0,127886216.0
2018-03-29,57700.0,57700.0,57700.0,57700.0,0.0,0.0,127886216.0
2018-04-03,57700.0,57700.0,57700.0,57700.0,0.0,0.0,127886216.0
2018-04-04,57700.0,57700.0,57700.0,57700.0,0.0,0.0,127886216.0
2018-04-05,57700.0,57700.0,57700.0,57700.0,0.0,0.0,127886216.0
2018-04-06,57700.0,57700.0,57700.0,57700.0,0.0,0.0,127886216.0
2018-04-09,57700.0,57700.0,57700.0,57700.0,0.0,0.0,127886216.0
2018-04-10,57700.0,57700.0,57700.0,57700.0,0.0,0.0,127886216.0
2018-04-11,57700.0,57700.0,57700.0,57700.0,0.0,0.0,127886216.0
2018-04-12,57700.0,57700.0,57700.0,57700.0,0.0,0.0,127886216.0
2018-04-13,57700.0,57700.0,57700.0,57700.0,0.0,0.0,127886216.0
2018-04-16,57700.0,57700.0,57700.0,57700.0,0.0,0.0,127886216.0
2018-04-17,57700.0,57700.0,57700.0,57700.0,0.0,0.0,127886216.0
2018-04-18,57700.0,57700.0,57700.0,57700.0,0.0,0.0,127886216.0
2018-04-19,57700.0,57700.0,57700.0,57700.0,0.0,0.0,127886216.0
2018-04-20,57700.0,57700.0,57700.0,57700.0,0.0,0.0,127886216.0
2018-04-23,57700.0,57700.0,57700.0,57700.0,0.0,0.0,127886216.0
2018-04-24,57700.0,57700.0,57700.0,57700.0,0.0,0.0,127886216.0
2018-04-25,57700.0,57700.0,57700.0,57700.0,0.0,0.0,127886216.0
2018-04-26,57700.0,57700.0,57700.0,57700.0,0.0,0.0,127886216.0
2018-04-27,57700.0,57700.0,57700.0,57700.0,0.0,0.0,127886216.0
2018-04-30,57700.0,57700.0,57700.0,57700.0,0.0,0.0,127886216.0
2018-05-01,57700.0,57700.0,57700.0,57700.0,0.0,0.0,127886216.0
2018-05-02,57700.0,57700.0,57700.0,57700.0,0.0,0.0,127886216.0
2018-05-03,57700.0,57700.0,57700.0,57700.0,0.0,0.0,127886216.0
2018-05-04,57700.0,57700.0,57700.0,57700.0,0.0,0.0,127886216.0
2018-05-07,57700.0,57700.0,57700.0,57700.0,0.0,0.0,127886216.0
2018-05-08,57700.0,57700.0,57700.0,57700.0,0.0,0.0,127886216.0
2018-05-09,57700.0,57700.0,57700.0,57700.0,0.0,0.0,127886216.0
2018-05-10,57700.0,57700.0,57700.0,57700.0,0.0,0.0,127886216.0
2018-05-11,57700.0,57700.0,57700.0,57700.0,0.0,0.0,127886216.0
2018-05-14,57700.0,57700.0,57700.0,57700.0,0.0,0.0,127886216.0
2018-05-15,57700.0,57700.0,57700.0,57700.0,0.0,0.0,127886216.0
2018-05-16,57700.0,57700.0,57700.0,57700.0,0.0,0.0,127886216.0
2018-05-17,57700.0,57700.0,57700.0,57700.0,0.0,0.0,127886216.0
2018-05-18,57700.0,57700.0,57700.0,57700.0,0.0,0.0,127886216.0
2018-05-21,57700.0,57700.0,57700.0,57700.0,0.0,0.0,127886216.0
2018-05-22,57700.0,57700.0,57700.0,57700.0,0.0,0.0,127886216.0
2018-05-23,57700.0,57700.0,57700.0,57700.0,0.0,0.0,127886216.0
2018-05-24,57700.0,57700.0,57700.0,57700.0,0.0,0.0,127886216.0
2018-05-25,57700.0,57700.0,57700.0,57700.0,0.0,0.0,127886216.0
2018-05-28,57700.0,57700.0,57700.0,57700.0,0.0,0.0,127886216.0
2018-05-29,57700.0,57700.0,57700.0,57700.0,0.0,0.0,127886216.0
2018-05-30,57700.0,57700.0,57700.0,57700.0,0.0,0.0,127886216.0
2018-05-31,57700.0,57700.0,57700.0,57700.0,0.0,0.0,127886216.0
2018-06-01,57700.0,57700.0,57700.0,57700.0,0.0,0.0,127886216.0
2018-06-04,57700.0,57700.0,57700.0,57700.0,0.0,0.0,127886216.0
2018-06-05,57700.0,57700.0,57700.0,57700.0,0.0,0.0,127886216.0
2018-06-06,57700.0,57700.0,57700.0,57700.0,0.0,0.0,127886216.0
2018-06-07,57700.0,57700.0,57700.0,57700.0,0.0,0.0,127886216.0
2018-06-08,57700.0,57700.0,57700.0,57700.0,0.0,0.0,127886216.0
2018-06-11,57700.0,57700.0,57700.0,57700.0,0.0,0.0,127886216.0
2018-06-12,57700.0,57700.0,57700.0,57700.0,0.0,0.0,127886216.0
2018-06-13,57700.0,57700.0,57700.0,57700.0,0.0,0.0,127886216.0
2018-06-14,57700.0,57700.0,57700.0,57700.0,0.0,0.0,127886216.0
2018-06-15,57700.0,57700.0,57700.0,57700.0,0.0,0.0,127886216.0
2018-06-18,57700.0,57700.0,57700.0,57700.0,0.0,0.0,127886216.0
2018-06-19,57700.0,57700.0,57700.0,57700.0,0.0,0.0,127886216.0
2018-06-20,57700.0,57700.0,57700.0,57700.0,0.0,0.0,127886216.0
2018-06-21,57700.0,57700.0,57700.0,57700.0,0.0,0.0,127886216.0
2018-06-22,57700.0,57700.0,57700.0,57700.0,0.0,0.0,127886216.0
2018-06-25,57700.0,57700.0,57700.0,57700.0,0.0,0.0,127886216.0
2018-06-26,57700.0,57700.0,57700.0,57700.0,0.0,0.0,127886216.0
2018-06-27,57700.0,57700.0,57700.0,57700.0,0.0,0.0,127886216.0
2018-06-28,57700.0,57700.0,57700.0,57700.0,0.0,0.0,127886216.0
2018-06-29,57700.0,57700.0,57700.0,57700.0,0.0,0.0,127886216.0
2018-07-02,57700.0,57700.0,57700.0,57700.0,0.0,0.0,127886216.0
2018-07-03,57700.0,57700.0,57700.0,57700.0,0.0,0.0,127886216.0
2018-07-04,57700.0,57700.0,57700.0,57700.0,0.0,0.0,127886216.0
2018-07-05,57700.0,57700.0,57700.0,57700.0,0.0,0.0,127886216.0
2018-07-06,57700.0,57700.0,57700.0,57700.0,0.0,0.0,127886216.0
2018-07-09,57700.0,57700.0,57700.0,57700.0,0.0,0.0,127886216.0
2018-07-10,57700.0,57700.0,57700.0,57700.0,0.0,0.0,127886216.0
2018-07-11,57700.0,57700.0,57700.0,57700.0,0.0,0.0,127886216.0
2018-07-12,57700.0,57700.0,57700.0,57700.0,0.0,0.0,127886216.0
2018-07-13,57700.0,57700.0,57700.0,57700.0,0.0,0.0,127886216.0
2018-07-16,57700.0,57700.0,57700.0,57700.0,0.0,0.0,127886216.0
2018-07-17,57700.0,57700.0,57700.0,57700.0,0.0,0.0,127886216.0
2018-07-18,57700.0,57700.0,57700.0,57700.0,0.0,0.0,127886216.0
2018-07-19,57700.0,57700.0,57700.0,57700.0,0.0,0.0,127886216.0
2018-07-20,57700.0,57700.0,57700.0,57700.0,0.0,0.0,127886216.0
2018-07-23,57700.0,57700.0,57700.0,57700.0,0.0,0.0,127886216.0
2018-07-24,57700.0,57700.0,57700.0,57700.0,0.0,0.0,127886216.0
2018-07-25,57700.0,57700.0,57700.0,57700.0,0.0,0.0,127886216.0
2018-07-26,57700.0,57700.0,57700.0,57700.0,0.0,0.0,127886216.0
2018-07-27,57700.0,57700.0,57700.0,57700.0,0.0,0.0,127886216.0
2018-07-30,57700.0,57700.0,57700.0,57700.0,0.0,0.0,127886216.0
2018-07-31,57700.0,57700.0,57700.0,57700.0,0.0,0.0,127886216.0
2018-08-01,57700.0,57700.0,57700.0,57700.0,0.0,0.0,127886216.0
2018-08-02,57700.0,57700.0,57700.0,57700.0,0.0,0.0,127886216.0
2018-08-03,57700.0,57700.0,57700.0,57700.0,0.0,0.0,127886216.0
2018-08-06,57700.0,57700.0,57700.0,57700.0,0.0,0.0,127886216.0
2018-08-07,57700.0,57700.0,57700.0,57700.0,0.0,0.0,127886216.0
2018-08-08,57700.0,57700.0,57700.0,57700.0,0.0,0.0,127886216.0
2018-08-09,57700.0,57700.0,57700.0,57700.0,0.0,0.0,127886216.0
2018-08-10,57700.0,57700.0,57700.0,57700.0,0.0,0.0,127886216.0
2018-08-13,57700.0,57700.0,57700.0,57700.0,0.0,0.0,127886216.0
2018-08-14,57700.0,57700.0,57700.0,57700.0,0.0,0.0,127886216.0
2018-08-15,57700.0,57700.0,57700.0,57700.0,0.0,0.0,127886216.0
2018-08-16,57700.0,57700.0,57700.0,57700.0,0.0,0.0,127886216.0
2018-08-17,57700.0,57700.0,57700.0,57700.0,0.0,0.0,127886216.0
2018-08-20,57700.0,57700.0,57700.0,57700.0,0.0,0.0,127886216.0
2018-08-21,57700.0,57700.0,57700.0,57700.0,0.0,0.0,127886216.0
2018-08-22,57700.0,57700.0,57700.0,57700.0,0.0,0.0,127886216.0
2018-08-23,57700.0,57700.0,57700.0,57700.0,0.0,0.0,127886216.0
2018-08-24,57700.0,57700.0,57700.0,57700.0,0.0,0.0,127886216.0
2018-08-27,57700.0,57700.0,57700.0,57700.0,0.0,0.0,127886216.0
2018-08-28,57700.0,57700.0,57700.0,57700.0,0.0,0.0,127886216.0
2018-08-29,57700.0,57700.0,57700.0,57700.0,0.0,0.0,127886216.0
2018-08-30,57700.0,57700.0,57700.0,57700.0,0.0,0.0,127886216.0
2018-08-31,57700.0,57700.0,57700.0,57700.0,0.0,0.0,127886216.0
2018-09-03,57700.0,57700.0,57700.0,57700.0,0.0,0.0,127886216.0
2018-09-04,57700.0,57700.0,57700.0,57700.0,0.0,0.0,127886216.0
2018-09-05,57700.0,57700.0,57700.0,57700.0,0.0,0.0,127886216.0
2018-09-06,57700.0,57700.0,57700.0,57700.0,0.0,0.0,127886216.0
2018-09-07,57700.0,57700.0,57700.0,57700.0,0.0,0.0,127886216.0
2018-09-10,57700.0,57700.0,57700.0,57700.0,0.0,0.0,127886216.0
2018-09-11,57700.0,57700.0,57700.0,57700.0,0.0,0.0,127886216.0
2018-09-12,57700.0,57700.0,57700.0,57700.0,0.0,0.0,127886216.0
2018-09-13,57700.0,57700.0,57700.0,57700.0,0.0,0.0,127886216.0
2018-09-14,57700.0,57700.0,57700.0,57700.0,0.0,0.0,127886216.0
2018-09-17,57700.0,57700.0,57700.0,57700.0,0.0,0.0,127886216.0
2018-09-18,57700.0,57700.0,57700.0,57700.0,0.0,0.0,127886216.0
2018-09-19,57700.0,57700.0,57700.0,57700.0,0.0,0.0,127886216.0
2018-09-20,57700.0,57700.0,57700.0,57700.0,0.0,0.0,127886216.0
2018-09-21,57700.0,57700.0,57700.0,57700.0,0.0,0.0,127886216.0
2018-09-24,57700.0,57700.0,57700.0,57700.0,0.0,0.0,127886216.0
2018-09-25,57700.0,57700.0,57700.0,57700.0,0.0,0.0,127886216.0
2018-09-26,57700.0,57700.0,57700.0,57700.0,0.0,0.0,127886216.0
2018-09-27,57700.0,57700.0,57700.0,57700.0,0.0,0.0,127886216.0
2018-09-28,57700.0,57700.0,57700.0,57700.0,0.0,0.0,127886216.0
2018-10-01,57700.0,57700.0,57700.0,57700.0,0.0,0.0,127886216.0
2018-10-02,57700.0,57700.0,57700.0,57700.0,0.0,0.0,127886216.0
2018-10-03,57700.0,57700.0,57700.0,57700.0,0.0,0.0,127886216.0
2018-10-04,57700.0,57700.0,57700.0,57700.0,0.0,0.0,127886216.0
2018-10-05,57700.0,57700.0,57700.0,57700.0,0.0,0.0,127886216.0
2018-10-08,57700.0,57700.0,57700.0,57700.0,0.0,0.0,127886216.0
2018-10-09,57700.0,57700.0,57700.0,57700.0,0.0,0.0,127886216.0
2018-10-10,57700.0,57700.0,57700.0,57700.0,0.0,0.0,127886216.0
2018-10-11,57700.0,57700.0,57700.0,57700.0,0.0,0.0,127886216.0
2018-10-12,57700.0,57700.0,57700.0,57700.0,0.0,0.0,127886216.0
2018-10-15,57700.0,57700.0,57700.0,57700.0,0.0,0.0,127886216.0
2018-10-16,57700.0,57700.0,57700.0,57700.0,0.0,0.0,127886216.0
2018-10-17,57700.0,57700.0,57700.0,57700.0,0.0,0.0,127886216.0
2018-10-18,57700.0,57700.0,57700.0,57700.0,0.0,0.0,127886216.0
2018-10-19,57700.0,57700.0,57700.0,57700.0,0.0,0.0,127886216.0
2018-10-22,57700.0,57700.0,57700.0,57700.0,0.0,0.0,127886216.0
2018-10-23,57700.0,57700.0,57700.0,57700.0,0.0,0.0,127886216.0
2018-10-24,57700.0,57700.0,57700.0,57700.0,0.0,0.0,127886216.0
2018-10-25,57700.0,57700.0,57700.0,57700.0,0.0,0.0,127886216.0
2018-10-26,57700.0,57700.0,57700.0,57700.0,0.0,0.0,127886216.0
2018-10-29,57700.0,57700.0,57700.0,57700.0,0.0,0.0,127886216.0
2018-10-30,57700.0,57700.0,57700.0,57700.0,0.0,0.0,127886216.0
2018-10-31,57700.0,57700.0,57700.0,57700.0,0.0,0.0,127886216.0
2018-11-01,57700.0,57700.0,57700.0,57700.0,0.0,0.0,127886216.0
2018-11-02,57700.0,57700.0,57700.0,57700.0,0.0,0.0,127886216.0
2018-11-05,57700.0,57700.0,57700.0,57700.0,0.0,0.0,127886216.0
2018-11-06,57700.0,57700.0,57700.0,57700.0,0.0,0.0,127886216.0
2018-11-07,57700.0,57700.0,57700.0,57700.0,0.0,0.0,127886216.0
2018-11-08,57700.0,57700.0,57700.0,57700.0,0.0,0.0,127886216.0
2018-11-09,57700.0,57700.0,57700.0,57700.0,0.0,0.0,127886216.0
2018-11-12,57700.0,57700.0,57700.0,57700.0,0.0,0.0,127886216.0
2018-11-13,57700.0,57700.0,57700.0,57700.0,0.0,0.0,127886216.0
2018-11-14,57700.0,57700.0,57700.0,57700.0,0.0,0.0,127886216.0
2018-11-15,57700.0,57700.0,57700.0,57700.0,0.0,0.0,127886216.0
2018-11-16,57700.0,57700.0,57700.0,57700.0,0.0,0.0,127886216.0
2018-11-19,57700.0,57700.0,57700.0,57700.0,0.0,0.0,127886216.0
2018-11-20,57700.0,57700.0,57700.0,57700.0,0.0,0.0,127886216.0
2018-11-21,57700.0,57700.0,57700.0,57700.0,0.0,0.0,127886216.0
2018-11-22,57700.0,57700.0,57700.0,57700.0,0.0,0.0,127886216.0
2018-11-23,57700.0,57700.0,57700.0,57700.0,0.0,0.0,127886216.0
2018-11-26,57700.0,57700.0,57700.0,57700.0,0.0,0.0,127886216.0
2018-11-27,57700.0,57700.0,57700.0,57700.0,0.0,0.0,127886216.0
2018-11-28,57700.0,57700.0,57700.0,57700.0,0.0,0.0,127886216.0
2018-11-29,57700.0,57700.0,57700.0,57700.0,0.0,0.0,127886216.0
2018-11-30,57700.0,57700.0,57700.0,57700.0,0.0,0.0,127886216.0
2018-12-03,57700.0,57700.0,57700.0,57700.0,0.0,0.0,127886216.0
2018-12-04,57700.0,57700.0,57700.0,57700.0,0.0,0.0,127886216.0
2018-12-05,57700.0,57700.0,57700.0,57700.0,0.0,0.0,127886216.0
2018-12-06,57700.0,57700.0,57700.0,57700.0,0.0,0.0,127886216.0
2018-12-07,57700.0,57700.0,57700.0,57700.0,0.0,0.0,127886216.0
2018-12-10,57700.0,57700.0,57700.0,57700.0,0.0,0.0,127886216.0
2018-12-11,57700.0,57700.0,57700.0,57700.0,0.0,0.0,127886216.0
2018-12-12,57700.0,57700.0,57700.0,57700.0,0.0,0.0,127886216.0
2018-12-13,57700.0,57700.0,57700.0,57700.0,0.0,0.0,127886216.0
2018-12-14,57700.0,57700.0,57700.0,57700.0,0.0,0.0,127886216.0
2018-12-17,57700.0,57700.0,57700.0,57700.0,0.0,0.0,127886216.0
2018-12-18,57700.0,57700.0,57700.0,57700.0,0.0,0.0,127886216.0
2018-12-19,57700.0,57700.0,57700.0,57700.0,0.0,0.0,127886216.0
2018-12-20,57700.0,57700.0,57700.0,57700.0,0.0,0.0,127886216.0
2018-12-21,57700.0,57700.0,57700.0,57700.0,0.0,0.0,127886216.0
2018-12-24,57700.0,57700.0,57700.0,57700.0,0.0,0.0,127886216.0
2018-12-27,57700.0,57700.0,57700.0,57700.0,0.0,0.0,127886216.0
2018-12-28,57700.0,57700.0,57700.0,57700.0,0.0,0.0,127886216.0
2018-12-31,57700.0,57700.0,57700.0,57700.0,0.0,0.0,127886216.0
2019-01-02,57700.0,57700.0,57700.0,57700.0,0.0,0.0,127886216.0
2019-01-03,57700.0,57700.0,57700.0,57700.0,0.0,0.0,127886216.0
2019-01-04,57700.0,57700.0,57700.0,57700.0,0.0,0.0,127886216.0
2019-01-07,57700.0,57700.0,57700.0,57700.0,0.0,0.0,127886216.0
2019-01-08,57700.0,57700.0,57700.0,57700.0,0.0,0.0,127886216.0
2019-01-09,57700.0,57700.0,57700.0,57700.0,0.0,0.0,127886216.0
2019-01-10,57700.0,57700.0,57700.0,57700.0,0.0,0.0,127886216.0
2019-01-11,57700.0,57700.0,57700.0,57700.0,0.0,0.0,127886216.0
2019-01-14,57700.0,57700.0,57700.0,57700.0,0.0,0.0,127886216.0
2019-01-15,57700.0,57700.0,57700.0,57700.0,0.0,0.0,127886216.0
2019-01-16,57700.0,57700.0,57700.0,57700.0,0.0,0.0,127886216.0
2019-01-17,57700.0,57700.0,57700.0,57700.0,0.0,0.0,127886216.0
2019-01-18,57700.0,57700.0,57700.0,57700.0,0.0,0.0,127886216.0
2019-01-21,57700.0,57700.0,57700.0,57700.0,0.0,0.0,127886216.0
2019-01-22,57700.0,57700.0,57700.0,57700.0,0.0,0.0,127886216.0
2019-01-23,57700.0,57700.0,57700.0,57700.0,0.0,0.0,127886216.0
2019-01-24,57700.0,57700.0,57700.0,57700.0,0.0,0.0,127886216.0
2019-01-25,57700.0,57700.0,57700.0,57700.0,0.0,0.0,127886216.0
2019-01-28,57700.0,57700.0,57700.0,57700.0,0.0,0.0,127886216.0
2019-01-29,57700.0,57700.0,57700.0,57700.0,0.0,0.0,127886216.0
2019-01-30,57700.0,57700.0,57700.0,57700.0,0.0,0.0,127886216.0
2019-01-31,57700.0,57700.0,57700.0,57700.0,0.0,0.0,127886216.0
2019-02-01,57700.0,57700.0,57700.0,57700.0,0.0,0.0,127886216.0
2019-02-04,57700.0,57700.0,57700.0,57700.0,0.0,0.0,127886216.0
2019-02-05,57700.0,57700.0,57700.0,57700.0,0.0,0.0,127886216.0
2019-02-06,57700.0,57700.0,57700.0,57700.0,0.0,0.0,127886216.0
2019-02-07,57700.0,57700.0,57700.0,57700.0,0.0,0.0,127886216.0
2019-02-08,57700.0,57700.0,57700.0,57700.0,0.0,0.0,127886216.0
2019-02-11,57700.0,57700.0,57700.0,57700.0,0.0,0.0,127886216.0
2019-02-12,57700.0,57700.0,57700.0,57700.0,0.0,0.0,127886216.0
2019-02-13,57700.0,57700.0,57700.0,57700.0,0.0,0.0,127886216.0
2019-02-14,57700.0,57700.0,57700.0,57700.0,0.0,0.0,127886216.0
2019-02-15,57700.0,57700.0,57700.0,57700.0,0.0,0.0,127886216.0
2019-02-18,57700.0,57700.0,57700.0,57700.0,0.0,0.0,127886216.0
2019-02-19,57700.0,57700.0,57700.0,57700.0,0.0,0.0,127886216.0
2019-02-20,57700.0,57700.0,57700.0,57700.0,0.0,0.0,127886216.0
2019-02-21,57700.0,57700.0,57700.0,57700.0,0.0,0.0,127886216.0
2019-02-22,57700.0,57700.0,57700.0,57700.0,0.0,0.0,127886216.0
2019-02-25,57700.0,57700.0,57700.0,57700.0,0.0,0.0,127886216.0
2019-02-26,57700.0,57700.0,57700.0,57700.0,0.0,0.0,127886216.0
2019-02-27,57700.0,57700.0,57700.0,57700.0,0.0,0.0,127886216.0
2019-02-28,57700.0,57700.0,57700.0,57700.0,0.0,0.0,127886216.0
2019-03-01,57700.0,57700.0,57700.0,57700.0,0.0,0.0,127886216.0
2019-03-04,57700.0,57700.0,57700.0,57700.0,0.0,0.0,127886216.0
2019-03-05,57700.0,57700.0,57700.0,57700.0,0.0,0.0,127886216.0
2019-03-06,57700.0,57700.0,57700.0,57700.0,0.0,0.0,127886216.0
2019-03-07,57700.0,57700.0,57700.0,57700.0,0.0,0.0,127886216.0
2019-03-08,57700.0,57700.0,57700.0,57700.0,0.0,0.0,127886216.0
2019-03-11,57700.0,57700.0,57700.0,57700.0,0.0,0.0,127886216.0
2019-03-12,57700.0,57700.0,57700.0,57700.0,0.0,0.0,127886216.0
2019-03-13,57700.0,57700.0,57700.0,57700.0,0.0,0.0,127886216.0
2019-03-14,57700.0,57700.0,57700.0,57700.0,0.0,0.0,127886216.0
2019-03-15,57700.0,57700.0,57700.0,57700.0,0.0,0.0,127886216.0
2019-03-18,57700.0,57700.0,57700.0,57700.0,0.0,0.0,127886216.0
2019-03-19,57700.0,57700.0,57700.0,57700.0,0.0,0.0,127886216.0
2019-03-20,57700.0,57700.0,57700.0,57700.0,0.0,0.0,127886216.0
2019-03-21,57700.0,57700.0,57700.0,57700.0,0.0,0.0,127886216.0
2019-03-22,57700.0,57700.0,57700.0,57700.0,0.0,0.0,127886216.0
2019-03-25,57700.0,57700.0,57700.0,57700.0,0.0,0.0,127886216.0
2019-03-26,57700.0,57700.0,57700.0,57700.0,0.0,0.0,127886216.0
2019-03-27,57700.0,57700.0,57700.0,57700.0,0.0,0.0,127886216.0
2019-03-28,57700.0,57700.0,57700.0,57700.0,0.0,0.0,127886216.0
2019-03-29,57700.0,57700.0,57700.0,57700.0,0.0,0.0,127886216.0
2019-04-01,57700.0,57700.0,57700.0,57700.0,0.0,0.0,127886216.0
2019-04-02,57700.0,57700.0,57700.0,57700.0,0.0,0.0,127886216.0
2019-04-03,57700.0,57700.0,57700.0,57700.0,0.0,0.0,127886216.0
2019-04-04,57700.0,57700.0,57700.0,57700.0,0.0,0.0,127886216.0
2019-04-05,57700.0,57700.0,57700.0,57700.0,0.0,0.0,127886216.0
2019-04-08,57700.0,57700.0,57700.0,57700.0,0.0,0.0,127886216.0
2019-04-09,57700.0,57700.0,57700.0,57700.0,0.0,0.0,127886216.0
2019-04-10,57700.0,57700.0,57700.0,57700.0,0.0,0.0,127886216.0
2019-04-11,57700.0,57700.0,57700.0,57700.0,0.0,0.0,127886216.0
2019-04-12,57700.0,57700.0,57700.0,57700.0,0.0,0.0,127886216.0
2019-04-15,57700.0,57700.0,57700.0,57700.0,0.0,0.0,127886216.0
2019-04-16,57700.0,57700.0,57700.0,57700.0,0.0,0.0,127886216.0
2019-04-17,57700.0,57700.0,57700.0,57700.0,0.0,0.0,127886216.0
2019-04-18,57700.0,57700.0,57700.0,57700.0,0.0,0.0,127886216.0
2019-04-23,57700.0,57700.0,57700.0,57700.0,0.0,0.0,127886216.0
2019-04-24,57700.0,57700.0,57700.0,57700.0,0.0,0.0,127886216.0
2019-04-25,57700.0,57700.0,57700.0,57700.0,0.0,0.0,127886216.0
2019-04-26,57700.0,57700.0,57700.0,57700.0,0.0,0.0,127886216.0
2019-04-29,57700.0,57700.0,57700.0,57700.0,0.0,0.0,127886216.0
2019-04-30,57700.0,57700.0,57700.0,57700.0,0.0,0.0,127886216.0
2019-05-01,57700.0,57700.0,57700.0,57700.0,0.0,0.0,127886216.0
2019-05-02,57700.0,57700.0,57700.0,57700.0,0.0,0.0,127886216.0
2019-05-03,57700.0,57700.0,57700.0,57700.0,0.0,0.0,127886216.0
2019-05-06,57700.0,57700.0,57700.0,57700.0,0.0,0.0,127886216.0
2019-05-07,57700.0,57700.0,57700.0,57700.0,0.0,0.0,127886216.0
2019-05-08,57700.0,57700.0,57700.0,57700.0,0.0,0.0,127886216.0
2019-05-09,57700.0,57700.0,57700.0,57700.0,0.0,0.0,127886216.0
2019-05-10,57700.0,57700.0,57700.0,57700.0,0.0,0.0,127886216.0
2019-05-13,57700.0,57700.0,57700.0,57700.0,0.0,0.0,127886216.0
2019-05-14,57700.0,57700.0,57700.0,57700.0,0.0,0.0,127886216.0
2019-05-15,57700.0,57700.0,57700.0,57700.0,0.0,0.0,127886216.0
2019-05-16,57700.0,57700.0,57700.0,57700.0,0.0,0.0,127886216.0
2019-05-17,57700.0,57700.0,57700.0,57700.0,0.0,0.0,127886216.0
2019-05-20,57700.0,57700.0,57700.0,57700.0,0.0,0.0,127886216.0
2019-05-21,57700.0,57700.0,57700.0,57700.0,0.0,0.0,127886216.0
2019-05-22,57700.0,57700.0,57700.0,57700.0,0.0,0.0,127886216.0
2019-05-23,57700.0,57700.0,57700.0,57700.0,0.0,0.0,127886216.0
2019-05-24,57700.0,57700.0,57700.0,57700.0,0.0,0.0,127886216.0
2019-05-27,57700.0,57700.0,57700.0,57700.0,0.0,0.0,127886216.0
2019-05-28,57700.0,57700.0,57700.0,57700.0,0.0,0.0,127886216.0
2019-05-29,57700.0,57700.0,57700.0,57700.0,0.0,0.0,127886216.0
2019-05-30,57700.0,57700.0,57700.0,57700.0,0.0,0.0,127886216.0
2019-05-31,57700.0,57700.0,57700.0,57700.0,0.0,0.0,127886216.0
2019-06-03,57700.0,57700.0,57700.0,57700.0,0.0,0.0,127886216.0
2019-06-04,57700.0,57700.0,57700.0,57700.0,0.0,0.0,127886216.0
2019-06-05,57700.0,57700.0,57700.0,57700.0,0.0,0.0,127886216.0
2019-06-06,57700.0,57700.0,57700.0,57700.0,0.0,0.0,127886216.0
2019-06-07,57700.0,57700.0,57700.0,57700.0,0.0,0.0,127886216.0
2019-06-10,57700.0,57700.0,57700.0,57700.0,0.0,0.0,127886216.0
2019-06-11,57700.0,57700.0,57700.0,57700.0,0.0,0.0,127886216.0
2019-06-12,57700.0,57700.0,57700.0,57700.0,0.0,0.0,127886216.0
2019-06-13,57700.0,57700.0,57700.0,57700.0,0.0,0.0,127886216.0
2019-06-14,57700.0,57700.0,57700.0,57700.0,0.0,0.0,127886216.0
2019-06-17,57700.0,57700.0,57700.0,57700.0,0.0,0.0,127886216.0
2019-06-18,57700.0,57700.0,57700.0,57700.0,0.0,0.0,127886216.0
2019-06-19,57700.0,57700.0,57700.0,57700.0,0.0,0.0,127886216.0
2019-06-20,57700.0,57700.0,57700.0,57700.0,0.0,0.0,127886216.0
2019-06-21,57700.0,57700.0,57700.0,57700.0,0.0,0.0,127886216.0
2019-06-24,57700.0,57700.0,57700.0,57700.0,0.0,0.0,127886216.0
2019-06-25,57700.0,57700.0,57700.0,57700.0,0.0,0.0,127886216.0
2019-06-26,57700.0,57700.0,57700.0,57700.0,0.0,0.0,127886216.0
2019-06-27,57700.0,57700.0,57700.0,57700.0,0.0,0.0,127886216.0
2019-06-28,57700.0,57700.0,57700.0,57700.0,0.0,0.0,127886216.0
2019-07-01,57700.0,57700.0,57700.0,57700.0,0.0,0.0,127886216.0
2019-07-02,57700.0,57700.0,57700.0,57700.0,0.0,0.0,127886216.0
2019-07-03,57700.0,57700.0,57700.0,57700.0,0.0,0.0,127886216.0
2019-07-04,57700.0,57700.0,57700.0,57700.0,0.0,0.0,127886216.0
2019-07-05,57700.0,57700.0,57700.0,57700.0,0.0,0.0,127886216.0
2019-07-08,57700.0,57700.0,57700.0,57700.0,0.0,0.0,127886216.0
2019-07-09,57700.0,57700.0,57700.0,57700.0,0.0,0.0,127886216.0
2019-07-10,57700.0,57700.0,57700.0,57700.0,0.0,0.0,127886216.0
2019-07-11,57700.0,57700.0,57700.0,57700.0,0.0,0.0,127886216.0
2019-07-12,57700.0,57700.0,57700.0,57700.0,0.0,0.0,127886216.0
2019-07-15,57700.0,57700.0,57700.0,57700.0,0.0,0.0,127886216.0
2019-07-16,57700.0,57700.0,57700.0,57700.0,0.0,0.0,127886216.0
2019-07-17,57700.0,57700.0,57700.0,57700.0,0.0,0.0,127886216.0
2019-07-18,57700.0,57700.0,57700.0,57700.0,0.0,0.0,127886216.0
2019-07-19,57700.0,57700.0,57700.0,57700.0,0.0,0.0,127886216.0
2019-07-22,57700.0,57700.0,57700.0,57700.0,0.0,0.0,127886216.0
2019-07-23,57700.0,57700.0,57700.0,57700.0,0.0,0.0,127886216.0
2019-07-24,57700.0,57700.0,57700.0,57700.0,0.0,0.0,127886216.0
2019-07-25,57700.0,57700.0,57700.0,57700.0,0.0,0.0,127886216.0
2019-07-26,57700.0,57700.0,57700.0,57700.0,0.0,0.0,127886216.0
2019-07-29,57700.0,57700.0,57700.0,57700.0,0.0,0.0,127886216.0
2019-07-30,57700.0,57700.0,57700.0,57700.0,0.0,0.0,127886216.0
2019-07-31,57700.0,57700.0,57700.0,57700.0,0.0,0.0,127886216.0
2019-08-01,57700.0,57700.0,57700.0,57700.0,0.0,0.0,127886216.0
2019-08-02,57700.0,57700.0,57700.0,57700.0,0.0,0.0,127886216.0
2019-08-05,57700.0,57700.0,57700.0,57700.0,0.0,0.0,127886216.0
2019-08-06,57700.0,57700.0,57700.0,57700.0,0.0,0.0,127886216.0
2019-08-07,57700.0,57700.0,57700.0,57700.0,0.0,0.0,127886216.0
2019-08-08,57700.0,57700.0,57700.0,57700.0,0.0,0.0,127886216.0
2019-08-09,57700.0,57700.0,57700.0,57700.0,0.0,0.0,127886216.0
2019-08-12,57700.0,57700.0,57700.0,57700.0,0.0,0.0,127886216.0
2019-08-13,57700.0,57700.0,57700.0,57700.0,0.0,0.0,127886216.0
2019-08-14,57700.0,57700.0,57700.0,57700.0,0.0,0.0,127886216.0
2019-08-15,57700.0,57700.0,57700.0,57700.0,0.0,0.0,127886216.0
2019-08-16,57700.0,57700.0,57700.0,57700.0,0.0,0.0,127886216.0
2019-08-19,57700.0,57700.0,57700.0,57700.0,0.0,0.0,127886216.0
2019-08-20,57700.0,57700.0,57700.0,57700.0,0.0,0.0,127886216.0
2019-08-21,57700.0,57700.0,57700.0,57700.0,0.0,0.0,127886216.0
2019-08-22,57700.0,57700.0,57700.0,57700.0,0.0,0.0,127886216.0
2019-08-23,57700.0,57700.0,57700.0,57700.0,0.0,0.0,127886216.0
2019-08-26,57700.0,57700.0,57700.0,57700.0,0.0,0.0,127886216.0
2019-08-27,57700.0,57700.0,57700.0,57700.0,0.0,0.0,127886216.0
2019-08-28,57700.0,57700.0,57700.0,57700.0,0.0,0.0,127886216.0
2019-08-29,57700.0,57700.0,57700.0,57700.0,0.0,0.0,127886216.0
2019-08-30,57700.0,57700.0,57700.0,57700.0,0.0,0.0,127886216.0
2019-09-02,57700.0,57700.0,57700.0,57700.0,0.0,0.0,127886216.0
2019-09-03,57700.0,57700.0,57700.0,57700.0,0.0,0.0,127886216.0
2019-09-04,57700.0,57700.0,57700.0,57700.0,0.0,0.0,127886216.0
2019-09-05,57700.0,57700.0,57700.0,57700.0,0.0,0.0,127886216.0
2019-09-06,57700.0,57700.0,57700.0,57700.0,0.0,0.0,127886216.0
2019-09-09,57700.0,57700.0,57700.0,57700.0,0.0,0.0,127886216.0
2019-09-10,57700.0,57700.0,57700.0,57700.0,0.0,0.0,127886216.0
2019-09-11,57700.0,57700.0,57700.0,57700.0,0.0,0.0,127886216.0
2019-09-12,57700.0,57700.0,57700.0,57700.0,0.0,0.0,127886216.0
2019-09-13,57700.0,57700.0,57700.0,57700.0,0.0,0.0,127886216.0
2019-09-16,57700.0,57700.0,57700.0,57700.0,0.0,0.0,127886216.0
2019-09-17,57700.0,57700.0,57700.0,57700.0,0.0,0.0,127886216.0
2019-09-18,57700.0,57700.0,57700.0,57700.0,0.0,0.0,127886216.0
2019-09-19,57700.0,57700.0,57700.0,57700.0,0.0,0.0,127886216.0
2019-09-20,57700.0,57700.0,57700.0,57700.0,0.0,0.0,127886216.0
2019-09-23,57700.0,57700.0,57700.0,57700.0,0.0,0.0,127886216.0
2019-09-24,57700.0,57700.0,57700.0,57700.0,0.0,0.0,127886216.0
2019-09-25,57700.0,57700.0,57700.0,57700.0,0.0,0.0,127886216.0
2019-09-26,57700.0,57700.0,57700.0,57700.0,0.0,0.0,127886216.0
2019-09-27,57700.0,57700.0,57700.0,57700.0,0.0,0.0,127886216.0
2019-09-30,57700.0,57700.0,57700.0,57700.0,0.0,0.0,127886216.0
2019-10-01,57700.0,57700.0,57700.0,57700.0,0.0,0.0,127886216.0
2019-10-02,57700.0,57700.0,57700.0,57700.0,0.0,0.0,127886216.0
2019-10-03,57700.0,57700.0,57700.0,57700.0,0.0,0.0,127886216.0
2019-10-04,57700.0,57700.0,57700.0,57700.0,0.0,0.0,127886216.0
2019-10-07,57700.0,57700.0,57700.0,57700.0,0.0,0.0,127886216.0
2019-10-08,57700.0,57700.0,57700.0,57700.0,0.0,0.0,127886216.0
2019-10-09,57700.0,57700.0,57700.0,57700.0,0.0,0.0,127886216.0
2019-10-10,57700.0,57700.0,57700.0,57700.0,0.0,0.0,127886216.0
2019-10-11,57700.0,57700.0,57700.0,57700.0,0.0,0.0,127886216.0
2019-10-14,57700.0,57700.0,57700.0,57700.0,0.0,0.0,127886216.0
2019-10-15,57700.0,57700.0,57700.0,57700.0,0.0,0.0,127886216.0
2019-10-16,57700.0,57700.0,57700.0,57700.0,0.0,0.0,127886216.0
2019-10-17,57700.0,57700.0,57700.0,57700.0,0.0,0.0,127886216.0
2019-10-18,57700.0,57700.0,57700.0,57700.0,0.0,0.0,127886216.0
2019-10-21,57700.0,57700.0,57700.0,57700.0,0.0,0.0,127886216.0
2019-10-22,57700.0,57700.0,57700.0,57700.0,0.0,0.0,127886216.0
2019-10-23,57700.0,57700.0,57700.0,57700.0,0.0,0.0,127886216.0
2019-10-24,57700.0,57700.0,57700.0,57700.0,0.0,0.0,127886216.0
2019-10-25,57700.0,57700.0,57700.0,57700.0,0.0,0.0,127886216.0
2019-10-28,57700.0,57700.0,57700.0,57700.0,0.0,0.0,127886216.0
2019-10-29,57700.0,57700.0,57700.0,57700.0,0.0,0.0,127886216.0
2019-10-30,57700.0,57700.0,57700.0,57700.0,0.0,0.0,127886216.0
2019-10-31,57700.0,57700.0,57700.0,57700.0,0.0,0.0,127886216.0
2019-11-01,57700.0,57700.0,57700.0,57700.0,0.0,0.0,127886216.0
2019-11-04,57700.0,57700.0,57700.0,57700.0,0.0,0.0,127886216.0
2019-11-05,57700.0,57700.0,57700.0,57700.0,0.0,0.0,127886216.0
2019-11-06,57700.0,57700.0,57700.0,57700.0,0.0,0.0,127886216.0
2019-11-07,57700.0,57700.0,57700.0,57700.0,0.0,0.0,127886216.0
2019-11-08,57700.0,57700.0,57700.0,57700.0,0.0,0.0,127886216.0
2019-11-11,57700.0,57700.0,57700.0,57700.0,0.0,0.0,127886216.0
2019-11-12,57700.0,57700.0,57700.0,57700.0,0.0,0.0,127886216.0
2019-11-13,57700.0,57700.0,57700.0,57700.0,0.0,0.0,127886216.0
2019-11-14,57700.0,57700.0,57700.0,57700.0,0.0,0.0,127886216.0
2019-11-15,57700.0,57700.0,57700.0,57700.0,0.0,0.0,127886216.0
2019-11-18,57700.0,57700.0,57700.0,57700.0,0.0,0.0,127886216.0
2019-11-19,57700.0,57700.0,57700.0,57700.0,0.0,0.0,127886216.0
2019-11-20,57700.0,57700.0,57700.0,57700.0,0.0,0.0,127886216.0
2019-11-21,57700.0,57700.0,57700.0,57700.0,0.0,0.0,127886216.0
2019-11-22,57700.0,57700.0,57700.0,57700.0,0.0,0.0,127886216.0
2019-11-25,57700.0,57700.0,57700.0,57700.0,0.0,0.0,127886216.0
2019-11-26,57700.0,57700.0,57700.0,57700.0,0.0,0.0,127886216.0
2019-11-27,57700.0,57700.0,57700.0,57700.0,0.0,0.0,127886216.0
2019-11-28,57700.0,57700.0,57700.0,57700.0,0.0,0.0,127886216.0
2019-11-29,57700.0,57700.0,57700.0,57700.0,0.0,0.0,127886216.0
2019-12-02,57700.0,57700.0,57700.0,57700.0,0.0,0.0,127886216.0
2019-12-03,57700.0,57700.0,57700.0,57700.0,0.0,0.0,127886216.0
2019-12-04,57700.0,57700.0,57700.0,57700.0,0.0,0.0,127886216.0
2019-12-05,57700.0,57700.0,57700.0,57700.0,0.0,0.0,127886216.0
2019-12-06,57700.0,57700.0,57700.0,57700.0,0.0,0.0,127886216.0
2019-12-09,57700.0,57700.0,57700.0,57700.0,0.0,0.0,127886216.0
2019-12-10,57700.0,57700.0,57700.0,57700.0,0.0,0.0,127886216.0
2019-12-11,57700.0,57700.0,57700.0,57700.0,0.0,0.0,127886216.0
2019-12-12,57700.0,57700.0,57700.0,57700.0,0.0,0.0,127886216.0
2019-12-13,57700.0,57700.0,57700.0,57700.0,0.0,0.0,127886216.0
2019-12-16,57700.0,57700.0,57700.0,57700.0,0.0,0.0,127886216.0
2019-12-17,57700.0,57700.0,57700.0,57700.0,0.0,0.0,127886216.0
2019-12-18,57700.0,57700.0,57700.0,57700.0,0.0,0.0,127886216.0
2019-12-19,57700.0,57700.0,57700.0,57700.0,0.0,0.0,127886216.0
2019-12-20,57700.0,57700.0,57700.0,57700.0,0.0,0.0,127886216.0
2019-12-23,57700.0,57700.0,57700.0,57700.0,0.0,0.0,127886216.0
2019-12-24,57700.0,57700.0,57700.0,57700.0,0.0,0.0,127886216.0
2019-12-27,57700.0,57700.0,57700.0,57700.0,0.0,0.0,127886216.0
2019-12-30,57700.0,57700.0,57700.0,57700.0,0.0,0.0,127886216.0
2019-12-31,57700.0,57700.0,57700.0,57700.0,0.0,0.0,127886216.0
2020-01-02,57700.0,57700.0,57700.0,57700.0,0.0,0.0,127886216.0
2020-01-03,57700.0,57700.0,57700.0,57700.0,0.0,0.0,127886216.0
2020-01-06,57700.0,57700.0,57700.0,57700.0,0.0,0.0,127886216.0
2020-01-07,57700.0,57700.0,57700.0,57700.0,0.0,0.0,127886216.0
2020-01-08,57700.0,57700.0,57700.0,57700.0,0.0,0.0,127886216.0
2020-01-09,57700.0,57700.0,57700.0,57700.0,0.0,0.0,127886216.0
2020-01-10,57700.0,57700.0,57700.0,57700.0,0.0,0.0,127886216.0
2020-01-13,57700.0,57700.0,57700.0,57700.0,0.0,0.0,127886216.0
2020-01-14,57700.0,57700.0,57700.0,57700.0,0.0,0.0,127886216.0
2020-01-15,57700.0,57700.0,57700.0,57700.0,0.0,0.0,127886216.0
2020-01-16,57700.0,57700.0,57700.0,57700.0,0.0,0.0,127886216.0
2020-01-17,57700.0,57700.0,57700.0,57700.0,0.0,0.0,127886216.0
2020-01-20,57700.0,57700.0,57700.0,57700.0,0.0,0.0,127886216.0
2020-01-21,57700.0,57700.0,57700.0,57700.0,0.0,0.0,127886216.0
2020-01-22,57700.0,57700.0,57700.0,57700.0,0.0,0.0,127886216.0
2020-01-23,57700.0,57700.0,57700.0,57700.0,0.0,0.0,127886216.0
2020-01-24,57700.0,57700.0,57700.0,57700.0,0.0,0.0,127886216.0
2020-01-27,57700.0,57700.0,57700.0,57700.0,0.0,0.0,127886216.0
2020-01-28,57700.0,57700.0,57700.0,57700.0,0.0,0.0,127886216.0
2020-01-29,57700.0,57700.0,57700.0,57700.0,0.0,0.0,127886216.0
2020-01-30,57700.0,57700.0,57700.0,57700.0,0.0,0.0,127886216.0
2020-01-31,57700.0,57700.0,57700.0,57700.0,0.0,0.0,127886216.0
2020-02-03,57700.0,57700.0,57700.0,57700.0,0.0,0.0,127886216.0
2020-02-04,57700.0,57700.0,57700.0,57700.0,0.0,0.0,127886216.0
2020-02-05,57700.0,57700.0,57700.0,57700.0,0.0,0.0,127886216.0
2020-02-06,57700.0,57700.0,57700.0,57700.0,0.0,0.0,127886216.0
2020-02-07,57700.0,57700.0,57700.0,57700.0,0.0,0.0,127886216.0
2020-02-10,57700.0,57700.0,57700.0,57700.0,0.0,0.0,127886216.0
2020-02-11,57700.0,57700.0,57700.0,57700.0,0.0,0.0,127886216.0
2020-02-12,57700.0,57700.0,57700.0,57700.0,0.0,0.0,127886216.0
2020-02-13,57700.0,57700.0,57700.0,57700.0,0.0,0.0,127886216.0
2020-02-14,57700.0,57700.0,57700.0,57700.0,0.0,0.0,127886216.0
2020-02-17,57700.0,57700.0,57700.0,57700.0,0.0,0.0,127886216.0
2020-02-18,57700.0,57700.0,57700.0,57700.0,0.0,0.0,127886216.0
2020-02-19,57700.0,57700.0,57700.0,57700.0,0.0,0.0,127886216.0
2020-02-20,57700.0,57700.0,57700.0,57700.0,0.0,0.0,127886216.0
2020-02-21,57700.0,57700.0,57700.0,57700.0,0.0,0.0,127886216.0
2020-02-24,57700.0,57700.0,57700.0,57700.0,0.0,0.0,127886216.0
2020-02-25,57700.0,57700.0,57700.0,57700.0,0.0,0.0,127886216.0
2020-02-26,57700.0,57700.0,57700.0,57700.0,0.0,0.0,127886216.0
2020-02-27,57700.0,57700.0,57700.0,57700.0,0.0,0.0,127886216.0
2020-02-28,57700.0,57700.0,57700.0,57700.0,0.0,0.0,127886216.0
2020-03-02,57700.0,57700.0,57700.0,57700.0,0.0,0.0,127886216.0
2020-03-03,57700.0,57700.0,57700.0,57700.0,0.0,0.0,127886216.0
2020-03-04,57700.0,57700.0,57700.0,57700.0,0.0,0.0,127886216.0
2020-03-05,57700.0,57700.0,57700.0,57700.0,0.0,0.0,127886216.0
2020-03-06,57700.0,57700.0,57700.0,57700.0,0.0,0.0,127886216.0
2020-03-09,57700.0,57700.0,57700.0,57700.0,0.0,0.0,127886216.0
2020-03-10,57700.0,57700.0,57700.0,57700.0,0.0,0.0,127886216.0
2020-03-11,57700.0,57700.0,57700.0,57700.0,0.0,0.0,127886216.0
2020-03-12,57700.0,57700.0,57700.0,57700.0,0.0,0.0,127886216.0
2020-03-13,57700.0,57700.0,57700.0,57700.0,0.0,0.0,127886216.0
2020-03-16,57700.0,57700.0,57700.0,57700.0,0.0,0.0,127886216.0
2020-03-17,57700.0,57700.0,57700.0,57700.0,0.0,0.0,127886216.0
2020-03-18,57700.0,57700.0,57700.0,57700.0,0.0,0.0,127886216.0
2020-03-19,57700.0,57700.0,57700.0,57700.0,0.0,0.0,127886216.0
2020-03-20,57700.0,57700.0,57700.0,57700.0,0.0,0.0,127886216.0
2020-03-23,57700.0,57700.0,57700.0,57700.0,0.0,0.0,127886216.0
2020-03-24,57700.0,57700.0,57700.0,57700.0,0.0,0.0,127886216.0
2020-03-25,57700.0,57700.0,57700.0,57700.0,0.0,0.0,127886216.0
2020-03-26,57700.0,57700.0,57700.0,57700.0,0.0,0.0,127886216.0
2020-03-27,57700.0,57700.0,57700.0,57700.0,0.0,0.0,127886216.0
2020-03-30,57700.0,57700.0,57700.0,57700.0,0.0,0.0,127886216.0
2020-03-31,57700.0,57700.0,57700.0,57700.0,0.0,0.0,127886216.0
2020-04-01,57700.0,57700.0,57700.0,57700.0,0.0,0.0,127886216.0
2020-04-02,57700.0,57700.0,57700.0,57700.0,0.0,0.0,127886216.0
2020-04-03,57700.0,57700.0,57700.0,57700.0,0.0,0.0,127886216.0
2020-04-06,57700.0,57700.0,57700.0,57700.0,0.0,0.0,127886216.0
2020-04-07,57700.0,57700.0,57700.0,57700.0,0.0,0.0,127886216.0
2020-04-08,57700.0,57700.0,57700.0,57700.0,0.0,0.0,127886216.0
2020-04-09,57700.0,57700.0,57700.0,57700.0,0.0,0.0,127886216.0
2020-04-14,57700.0,57700.0,57700.0,57700.0,0.0,0.0,127886216.0
2020-04-15,57700.0,57700.0,57700.0,57700.0,0.0,0.0,127886216.0
2020-04-16,57700.0,57700.0,57700.0,57700.0,0.0,0.0,127886216.0
2020-04-17,57700.0,57700.0,57700.0,57700.0,0.0,0.0,127886216.0
2020-04-20,57700.0,57700.0,57700.0,57700.0,0.0,0.0,127886216.0
2020-04-21,57700.0,57700.0,57700.0,57700.0,0.0,0.0,127886216.0
2020-04-22,57700.0,57700.0,57700.0,57700.0,0.0,0.0,127886216.0
2020-04-23,57700.0,57700.0,57700.0,57700.0,0.0,0.0,127886216.0
2020-04-24,57700.0,57700.0,57700.0,57700.0,0.0,0.0,127886216.0
2020-04-27,57700.0,57700.0,57700.0,57700.0,0.0,0.0,127886216.0
2020-04-28,57700.0,57700.0,57700.0,57700.0,0.0,0.0,127886216.0
2020-04-29,57700.0,57700.0,57700.0,57700.0,0.0,0.0,127886216.0
2020-04-30,57700.0,57700.0,57700.0,57700.0,0.0,0.0,127886216.0
2020-05-01,57700.0,57700.0,57700.0,57700.0,0.0,0.0,127886216.0
2020-05-04,57700.0,57700.0,57700.0,57700.0,0.0,0.0,127886216.0
2020-05-05,57700.0,57700.0,57700.0,57700.0,0.0,0.0,127886216.0
2020-05-06,57700.0,57700.0,57700.0,57700.0,0.0,0.0,127886216.0
2020-05-07,57700.0,57700.0,57700.0,57700.0,0.0,0.0,127886216.0
2020-05-08,57700.0,57700.0,57700.0,57700.0,0.0,0.0,127886216.0
2020-05-11,57700.0,57700.0,57700.0,57700.0,0.0,0.0,127886216.0
2020-05-12,57700.0,57700.0,57700.0,57700.0,0.0,0.0,127886216.0
2020-05-13,57700.0,57700.0,57700.0,57700.0,0.0,0.0,127886216.0
2020-05-14,57700.0,57700.0,57700.0,57700.0,0.0,0.0,127886216.0
2020-05-15,57700.0,57700.0,57700.0,57700.0,0.0,0.0,127886216.0
2020-05-18,57700.0,57700.0,57700.0,57700.0,0.0,0.0,127886216.0
2020-05-19,57700.0,57700.0,57700.0,57700.0,0.0,0.0,127886216.0
2020-05-20,57700.0,57700.0,57700.0,57700.0,0.0,0.0,127886216.0
2020-05-21,57700.0,57700.0,57700.0,57700.0,0.0,0.0,127886216.0
2020-05-22,57700.0,57700.0,57700.0,57700.0,0.0,0.0,127886216.0
2020-05-25,57700.0,57700.0,57700.0,57700.0,0.0,0.0,127886216.0
2020-05-26,57700.0,57700.0,57700.0,57700.0,0.0,0.0,127886216.0
2020-05-27,57700.0,57700.0,57700.0,57700.0,0.0,0.0,127886216.0
2020-05-28,57700.0,57700.0,57700.0,57700.0,0.0,0.0,127886216.0
2020-05-29,57700.0,57700.0,57700.0,57700.0,0.0,0.0,127886216.0
2020-06-01,57700.0,57700.0,57700.0,57700.0,0.0,0.0,127886216.0
2020-06-02,57700.0,57700.0,57700.0,57700.0,0.0,0.0,127886216.0
2020-06-03,57700.0,57700.0,57700.0,57700.0,0.0,0.0,127886216.0
2020-06-04,57700.0,57700.0,57700.0,57700.0,0.0,0.0,127886216.0
2020-06-05,57700.0,57700.0,57700.0,57700.0,0.0,0.0,127886216.0
2020-06-08,57700.0,57700.0,57700.0,57700.0,0.0,0.0,127886216.0
2020-06-09,57700.0,57700.0,57700.0,57700.0,0.0,0.0,127886216.0
2020-06-10,57700.0,57700.0,57700.0,57700.0,0.0,0.0,127886216.0
2020-06-11,57700.0,57700.0,57700.0,57700.0,0.0,0.0,127886216.0
2020-06-12,57700.0,57700.0,57700.0,57700.0,0.0,0.0,127886216.0
2020-06-15,57700.0,57700.0,57700.0,57700.0,0.0,0.0,127886216.0
2020-06-16,57700.0,57700.0,57700.0,57700.0,0.0,0.0,127886216.0
2020-06-17,57700.0,57700.0,57700.0,57700.0,0.0,0.0,127886216.0
2020-06-18,57700.0,57700.0,57700.0,57700.0,0.0,0.0,127886216.0
2020-06-19,57700.0,57700.0,57700.0,57700.0,0.0,0.0,127886216.0
2020-06-22,57700.0,57700.0,57700.0,57700.0,0.0,0.0,127886216.0
2020-06-23,57700.0,57700.0,57700.0,57700.0,0.0,0.0,127886216.0
2020-06-24,57700.0,57700.0,57700.0,57700.0,0.0,0.0,127886216.0
2020-06-25,57700.0,57700.0,57700.0,57700.0,0.0,0.0,127886216.0
2020-06-26,57700.0,57700.0,57700.0,57700.0,0.0,0.0,127886216.0
2020-06-29,57700.0,57700.0,57700.0,57700.0,0.0,0.0,127886216.0
2020-06-30,57700.0,57700.0,57700.0,57700.0,0.0,0.0,127886216.0
2020-07-01,57700.0,57700.0,57700.0,57700.0,0.0,0.0,127886216.0
2020-07-02,57700.0,57700.0,57700.0,57700.0,0.0,0.0,127886216.0
2020-07-03,57700.0,57700.0,57700.0,57700.0,0.0,0.0,127886216.0
2020-07-06,57700.0,57700.0,57700.0,57700.0,0.0,0.0,127886216.0
2020-07-07,57700.0,57700.0,57700.0,57700.0,0.0,0.0,127886216.0
2020-07-08,57700.0,57700.0,57700.0,57700.0,0.0,0.0,127886216.0
2020-07-09,57700.0,57700.0,57700.0,57700.0,0.0,0.0,127886216.0
2020-07-10,57700.0,57700.0,57700.0,57700.0,0.0,0.0,127886216.0
2020-07-13,57700.0,57700.0,57700.0,57700.0,0.0,0.0,127886216.0
2020-07-14,57700.0,57700.0,57700.0,57700.0,0.0,0.0,127886216.0
2020-07-15,57700.0,57700.0,57700.0,57700.0,0.0,0.0,127886216.0
2020-07-16,57700.0,57700.0,57700.0,57700.0,0.0,0.0,127886216.0
2020-07-17,57700.0,57700.0,57700.0,57700.0,0.0,0.0,127886216.0
2020-07-20,57700.0,57700.0,57700.0,57700.0,0.0,0.0,127886216.0
2020-07-21,57700.0,57700.0,57700.0,57700.0,0.0,0.0,127886216.0
2020-07-22,57700.0,57700.0,57700.0,57700.0,0.0,0.0,127886216.0
2020-07-23,57700.0,57700.0,57700.0,57700.0,0.0,0.0,127886216.0
2020-07-24,57700.0,57700.0,57700.0,57700.0,0.0,0.0,127886216.0
2020-07-27,57700.0,57700.0,57700.0,57700.0,0.0,0.0,127886216.0
2020-07-28,57700.0,57700.0,57700.0,57700.0,0.0,0.0,127886216.0
2020-07-29,57700.0,57700.0,57700.0,57700.0,0.0,0.0,127886216.0
2020-07-30,57700.0,57700.0,57700.0,57700.0,0.0,0.0,127886216.0
2020-07-31,57700.0,57700.0,57700.0,57700.0,0.0,0.0,127886216.0
2020-08-03,57700.0,57700.0,57700.0,57700.0,0.0,0.0,127886216.0
2020-08-04,57700.0,57700.0,57700.0,57700.0,0.0,0.0,127886216.0
2020-08-05,57700.0,57700.0,57700.0,57700.0,0.0,0.0,127886216.0
2020-08-06,57700.0,57700.0,57700.0,57700.0,0.0,0.0,127886216.0
2020-08-07,57700.0,57700.0,57700.0,57700.0,0.0,0.0,127886216.0
2020-08-10,57700.0,57700.0,57700.0,57700.0,0.0,0.0,127886216.0
2020-08-11,57700.0,57700.0,57700.0,57700.0,0.0,0.0,127886216.0
2020-08-12,57700.0,57700.0,57700.0,57700.0,0.0,0.0,127886216.0
2020-08-13,57700.0,57700.0,57700.0,57700.0,0.0,0.0,127886216.0
2020-08-14,57700.0,57700.0,57700.0,57700.0,0.0,0.0,127886216.0
2020-08-17,57700.0,57700.0,57700.0,57700.0,0.0,0.0,127886216.0
2020-08-18,57700.0,57700.0,57700.0,57700.0,0.0,0.0,127886216.0
2020-08-19,57700.0,57700.0,57700.0,57700.0,0.0,0.0,127886216.0
2020-08-20,57700.0,57700.0,57700.0,57700.0,0.0,0.0,127886216.0
2020-08-21,57700.0,57700.0,57700.0,57700.0,0.0,0.0,127886216.0
2020-08-24,57700.0,57700.0,57700.0,57700.0,0.0,0.0,127886216.0
2020-08-25,57700.0,57700.0,57700.0,57700.0,0.0,0.0,127886216.0
2020-08-26,57700.0,57700.0,57700.0,57700.0,0.0,0.0,127886216.0
2020-08-27,57700.0,57700.0,57700.0,57700.0,0.0,0.0,127886216.0
2020-08-28,57700.0,57700.0,57700.0,57700.0,0.0,0.0,127886216.0
2020-08-31,57700.0,57700.0,57700.0,57700.0,0.0,0.0,127886216.0
2020-09-01,57700.0,57700.0,57700.0,57700.0,0.0,0.0,127886216.0
2020-09-02,57700.0,57700.0,57700.0,57700.0,0.0,0.0,127886216.0
2020-09-03,57700.0,57700.0,57700.0,57700.0,0.0,0.0,127886216.0
2020-09-04,57700.0,57700.0,57700.0,57700.0,0.0,0.0,127886216.0
2020-09-07,57700.0,57700.0,57700.0,57700.0,0.0,0.0,127886216.0
2020-09-08,57700.0,57700.0,57700.0,57700.0,0.0,0.0,127886216.0
2020-09-09,57700.0,57700.0,57700.0,57700.0,0.0,0.0,127886216.0
2020-09-10,57700.0,57700.0,57700.0,57700.0,0.0,0.0,127886216.0
2020-09-11,57700.0,57700.0,57700.0,57700.0,0.0,0.0,127886216.0
2020-09-14,57700.0,57700.0,57700.0,57700.0,0.0,0.0,127886216.0
2020-09-15,57700.0,57700.0,57700.0,57700.0,0.0,0.0,127886216.0
2020-09-16,57700.0,57700.0,57700.0,57700.0,0.0,0.0,127886216.0
2020-09-17,57700.0,57700.0,57700.0,57700.0,0.0,0.0,127886216.0
2020-09-18,57700.0,57700.0,57700.0,57700.0,0.0,0.0,127886216.0
2020-09-21,57700.0,57700.0,57700.0,57700.0,0.0,0.0,127886216.0
2020-09-22,57700.0,57700.0,57700.0,57700.0,0.0,0.0,127886216.0
2020-09-23,57700.0,57700.0,57700.0,57700.0,0.0,0.0,127886216.0
2020-09-24,57700.0,57700.0,57700.0,57700.0,0.0,0.0,127886216.0
2020-09-25,57700.0,57700.0,57700.0,57700.0,0.0,0.0,127886216.0
2020-09-28,57700.0,57700.0,57700.0,57700.0,0.0,0.0,127886216.0
2020-09-29,57700.0,57700.0,57700.0,57700.0,0.0,0.0,127886216.0
2020-09-30,57700.0,57700.0,57700.0,57700.0,0.0,0.0,127886216.0
2020-10-01,57700.0,57700.0,57700.0,57700.0,0.0,0.0,127886216.0
2020-10-02,57700.0,57700.0,57700.0,57700.0,0.0,0.0,127886216.0
2020-10-05,57700.0,57700.0,57700.0,57700.0,0.0,0.0,127886216.0
2020-10-06,57700.0,57700.0,57700.0,57700.0,0.0,0.0,127886216.0
2020-10-07,57700.0,57700.0,57700.0,57700.0,0.0,0.0,127886216.0
2020-10-08,57700.0,57700.0,57700.0,57700.0,0.0,0.0,127886216.0
2020-10-09,57700.0,57700.0,57700.0,57700.0,0.0,0.0,127886216.0
2020-10-12,57700.0,57700.0,57700.0,57700.0,0.0,0.0,127886216.0
2020-10-13,57700.0,57700.0,57700.0,57700.0,0.0,0.0,127886216.0
2020-10-14,57700.0,57700.0,57700.0,57700.0,0.0,0.0,127886216.0
2020-10-15,57700.0,57700.0,57700.0,57700.0,0.0,0.0,127886216.0
2020-10-16,57700.0,57700.0,57700.0,57700.0,0.0,0.0,127886216.0
2020-10-19,57700.0,57700.0,57700.0,57700.0,0.0,0.0,127886216.0
2020-10-20,57700.0,57700.0,57700.0,57700.0,0.0,0.0,127886216.0
2020-10-21,57700.0,57700.0,57700.0,57700.0,0.0,0.0,127886216.0
2020-10-22,57700.0,57700.0,57700.0,57700.0,0.0,0.0,127886216.0
2020-10-23,57700.0,57700.0,57700.0,57700.0,0.0,0.0,127886216.0
2020-10-26,57700.0,57700.0,57700.0,57700.0,0.0,0.0,127886216.0
2020-10-27,57700.0,57700.0,57700.0,57700.0,0.0,0.0,127886216.0
2020-10-28,57700.0,57700.0,57700.0,57700.0,0.0,0.0,127886216.0
2020-10-29,57700.0,57700.0,57700.0,57700.0,0.0,0.0,127886216.0
2020-10-30,57700.0,57700.0,57700.0,57700.0,0.0,0.0,127886216.0
2020-11-02,57700.0,57700.0,57700.0,57700.0,0.0,0.0,127886216.0
2020-11-03,57700.0,57700.0,57700.0,57700.0,0.0,0.0,127886216.0
2020-11-04,57700.0,57700.0,57700.0,57700.0,0.0,0.0,127886216.0
2020-11-05,57700.0,57700.0,57700.0,57700.0,0.0,0.0,127886216.0
2020-11-06,57700.0,57700.0,57700.0,57700.0,0.0,0.0,127886216.0
2020-11-09,57700.0,57700.0,57700.0,57700.0,0.0,0.0,127886216.0
2020-11-10,57700.0,57700.0,57700.0,57700.0,0.0,0.0,127886216.0
2020-11-11,57700.0,57700.0,57700.0,57700.0,0.0,0.0,127886216.0
2020-11-12,57700.0,57700.0,57700.0,57700.0,0.0,0.0,127886216.0
2020-11-13,57700.0,57700.0,57700.0,57700.0,0.0,0.0,127886216.0
2020-11-16,57700.0,57700.0,57700.0,57700.0,0.0,0.0,127886216.0
2020-11-17,57700.0,57700.0,57700.0,57700.0,0.0,0.0,127886216.0
2020-11-18,57700.0,57700.0,57700.0,57700.0,0.0,0.0,127886216.0
2020-11-19,57700.0,57700.0,57700.0,57700.0,0.0,0.0,127886216.0
2020-11-20,57700.0,57700.0,57700.0,57700.0,0.0,0.0,127886216.0
2020-11-23,57700.0,57700.0,57700.0,57700.0,0.0,0.0,127886216.0
2020-11-24,57700.0,57700.0,57700.0,57700.0,0.0,0.0,127886216.0
2020-11-25,57700.0,57700.0,57700.0,57700.0,0.0,0.0,127886216.0
2020-11-26,57700.0,57700.0,57700.0,57700.0,0.0,0.0,127886216.0
2020-11-27,57700.0,57700.0,57700.0,57700.0,0.0,0.0,127886216.0
2020-11-30,57700.0,57700.0,57700.0,57700.0,0.0,0.0,127886216.0
2020-12-01,57700.0,57700.0,57700.0,57700.0,0.0,0.0,127886216.0
2020-12-02,57700.0,57700.0,57700.0,57700.0,0.0,0.0,127886216.0
2020-12-03,57700.0,57700.0,57700.0,57700.0,0.0,0.0,127886216.0
2020-12-04,57700.0,57700.0,57700.0,57700.0,0.0,0.0,127886216.0
2020-12-07,57700.0,57700.0,57700.0,57700.0,0.0,0.0,127886216.0
2020-12-08,57700.0,57700.0,57700.0,57700.0,0.0,0.0,127886216.0
2020-12-09,57700.0,57700.0,57700.0,57700.0,0.0,0.0,127886216.0
2020-12-10,57700.0,57700.0,57700.0,57700.0,0.0,0.0,127886216.0
2020-12-11,57700.0,57700.0,57700.0,57700.0,0.0,0.0,127886216.0
2020-12-14,57700.0,57700.0,57700.0,57700.0,0.0,0.0,127886216.0
2020-12-15,57700.0,57700.0,57700.0,57700.0,0.0,0.0,127886216.0
2020-12-16,57700.0,57700.0,57700.0,57700.0,0.0,0.0,127886216.0
2020-12-17,57700.0,57700.0,57700.0,57700.0,0.0,0.0,127886216.0
2020-12-18,57700.0,57700.0,57700.0,57700.0,0.0,0.0,127886216.0
2020-12-21,57700.0,57700.0,57700.0,57700.0,0.0,0.0,127886216.0
2020-12-22,57700.0,57700.0,57700.0,57700.0,0.0,0.0,127886216.0
2020-12-23,57700.0,57700.0,57700.0,57700.0,0.0,0.0,127886216.0
2020-12-24,57700.0,57700.0,57700.0,57700.0,0.0,0.0,127886216.0
2020-12-28,57700.0,57700.0,57700.0,57700.0,0.0,0.0,127886216.0
2020-12-29,57700.0,57700.0,57700.0,57700.0,0.0,0.0,127886216.0
2020-12-30,57700.0,57700.0,57700.0,57700.0,0.0,0.0,127886216.0
2020-12-31,57700.0,57700.0,57700.0,57700.0,0.0,0.0,127886216.0
2021-01-04,57700.0,57700.0,57700.0,57700.0,0.0,0.0,127886216.0
2021-01-05,57700.0,57700.0,57700.0,57700.0,0.0,0.0,127886216.0
2021-01-06,57700.0,57700.0,57700.0,57700.0,0.0,0.0,127886216.0
2021-01-07,57700.0,57700.0,57700.0,57700.0,0.0,0.0,127886216.0
2021-01-08,57700.0,57700.0,57700.0,57700.0,0.0,0.0,127886216.0
2021-01-11,57700.0,57700.0,57700.0,57700.0,0.0,0.0,127886216.0
2021-01-12,57700.0,57700.0,57700.0,57700.0,0.0,0.0,127886216.0
2021-01-13,57700.0,57700.0,57700.0,57700.0,0.0,0.0,127886216.0
2021-01-14,57700.0,57700.0,57700.0,57700.0,0.0,0.0,127886216.0
2021-01-15,57700.0,57700.0,57700.0,57700.0,0.0,0.0,127886216.0
2021-01-18,57700.0,57700.0,57700.0,57700.0,0.0,0.0,127886216.0
2021-01-19,57700.0,57700.0,57700.0,57700.0,0.0,0.0,127886216.0
2021-01-20,57700.0,57700.0,57700.0,57700.0,0.0,0.0,127886216.0
2021-01-21,57700.0,57700.0,57700.0,57700.0,0.0,0.0,127886216.0
2021-01-22,57700.0,57700.0,57700.0,57700.0,0.0,0.0,127886216.0
2021-01-25,57700.0,57700.0,57700.0,57700.0,0.0,0.0,127886216.0
2021-01-26,57700.0,57700.0,57700.0,57700.0,0.0,0.0,127886216.0
2021-01-27,57700.0,57700.0,57700.0,57700.0,0.0,0.0,127886216.0
2021-01-28,57700.0,57700.0,57700.0,57700.0,0.0,0.0,127886216.0
2021-01-29,57700.0,57700.0,57700.0,57700.0,0.0,0.0,127886216.0
2021-02-01,57700.0,57700.0,57700.0,57700.0,0.0,0.0,127886216.0
2021-02-02,57700.0,57700.0,57700.0,57700.0,0.0,0.0,127886216.0
2021-02-03,57700.0,57700.0,57700.0,57700.0,0.0,0.0,127886216.0
2021-02-04,57700.0,57700.0,57700.0,57700.0,0.0,0.0,127886216.0
2021-02-05,57700.0,57700.0,57700.0,57700.0,0.0,0.0,127886216.0
2021-02-08,57700.0,57700.0,57700.0,57700.0,0.0,0.0,127886216.0
2021-02-09,57700.0,57700.0,57700.0,57700.0,0.0,0.0,127886216.0
2021-02-10,57700.0,57700.0,57700.0,57700.0,0.0,0.0,127886216.0
2021-02-11,57700.0,57700.0,57700.0,57700.0,0.0,0.0,127886216.0
2021-02-12,57700.0,57700.0,57700.0,57700.0,0.0,0.0,127886216.0
2021-02-15,57700.0,57700.0,57700.0,57700.0,0.0,0.0,127886216.0
2021-02-16,57700.0,57700.0,57700.0,57700.0,0.0,0.0,127886216.0
2021-02-17,57700.0,57700.0,57700.0,57700.0,0.0,0.0,127886216.0
2021-02-18,57700.0,57700.0,57700.0,57700.0,0.0,0.0,127886216.0
2021-02-19,57700.0,57700.0,57700.0,57700.0,0.0,0.0,127886216.0
2021-02-22,57700.0,57700.0,57700.0,57700.0,0.0,0.0,127886216.0
2021-02-23,57700.0,57700.0,57700.0,57700.0,0.0,0.0,127886216.0
2021-02-24,57700.0,57700.0,57700.0,57700.0,0.0,0.0,127886216.0
2021-02-25,57700.0,57700.0,57700.0,57700.0,0.0,0.0,127886216.0
2021-02-26,57700.0,57700.0,57700.0,57700.0,0.0,0.0,127886216.0
2021-03-01,57700.0,57700.0,57700.0,57700.0,0.0,0.0,127886216.0
2021-03-02,57700.0,57700.0,57700.0,57700.0,0.0,0.0,127886216.0
2021-03-03,57700.0,57700.0,57700.0,57700.0,0.0,0.0,127886216.0
2021-03-04,57700.0,57700.0,57700.0,57700.0,0.0,0.0,127886216.0
2021-03-05,57700.0,57700.0,57700.0,57700.0,0.0,0.0,127886216.0
2021-03-08,57700.0,57700.0,57700.0,57700.0,0.0,0.0,127886216.0
2021-03-09,57700.0,57700.0,57700.0,57700.0,0.0,0.0,127886216.0
2021-03-10,57700.0,57700.0,57700.0,57700.0,0.0,0.0,127886216.0
2021-03-11,57700.0,57700.0,57700.0,57700.0,0.0,0.0,127886216.0
2021-03-12,57700.0,57700.0,57700.0,57700.0,0.0,0.0,127886216.0
2021-03-15,57700.0,57700.0,57700.0,57700.0,0.0,0.0,127886216.0
2021-03-16,57700.0,57700.0,57700.0,57700.0,0.0,0.0,127886216.0
2021-03-17,57700.0,57700.0,57700.0,57700.0,0.0,0.0,127886216.0
2021-03-18,57700.0,57700.0,57700.0,57700.0,0.0,0.0,127886216.0
2021-03-19,57700.0,57700.0,57700.0,57700.0,0.0,0.0,127886216.0
2021-03-22,57700.0,57700.0,57700.0,57700.0,0.0,0.0,127886216.0
2021-03-23,57700.0,57700.0,57700.0,57700.0,0.0,0.0,127886216.0
2021-03-24,57700.0,57700.0,57700.0,57700.0,0.0,0.0,127886216.0
2021-03-25,57700.0,57700.0,57700.0,57700.0,0.0,0.0,127886216.0
2021-03-26,57700.0,57700.0,57700.0,57700.0,0.0,0.0,127886216.0
2021-03-29,57700.0,57700.0,57700.0,57700.0,0.0,0.0,127886216.0
2021-03-30,57700.0,57700.0,57700.0,57700.0,0.0,0.0,127886216.0
2021-03-31,57700.0,57700.0,57700.0,57700.0,0.0,0.0,127886216.0
2021-04-01,57700.0,57700.0,57700.0,57700.0,0.0,0.0,127886216.0
2021-04-06,57700.0,57700.0,57700.0,57700.0,0.0,0.0,127886216.0
2021-04-07,57700.0,57700.0,57700.0,57700.0,0.0,0.0,127886216.0
2021-04-08,57700.0,57700.0,57700.0,57700.0,0.0,0.0,127886216.0
2021-04-09,57700.0,57700.0,57700.0,57700.0,0.0,0.0,127886216.0
2021-04-12,57700.0,57700.0,57700.0,57700.0,0.0,0.0,127886216.0
2021-04-13,57700.0,57700.0,57700.0,57700.0,0.0,0.0,127886216.0
2021-04-14,57700.0,57700.0,57700.0,57700.0,0.0,0.0,127886216.0
2021-04-15,57700.0,57700.0,57700.0,57700.0,0.0,0.0,127886216.0
2021-04-16,57700.0,57700.0,57700.0,57700.0,0.0,0.0,127886216.0
2021-04-19,57700.0,57700.0,57700.0,57700.0,0.0,0.0,127886216.0
2021-04-20,57700.0,57700.0,57700.0,57700.0,0.0,0.0,127886216.0
2021-04-21,57700.0,57700.0,57700.0,57700.0,0.0,0.0,127886216.0
2021-04-22,57700.0,57700.0,57700.0,57700.0,0.0,0.0,127886216.0
2021-04-23,57700.0,57700.0,57700.0,57700.0,0.0,0.0,127886216.0
2021-04-26,57700.0,57700.0,57700.0,57700.0,0.0,0.0,127886216.0
2021-04-27,57700.0,57700.0,57700.0,57700.0,0.0,0.0,127886216.0
2021-04-28,57700.0,57700.0,57700.0,57700.0,0.0,0.0,127886216.0
2021-04-29,57700.0,57700.0,57700.0,57700.0,0.0,0.0,127886216.0
2021-04-30,57700.0,57700.0,57700.0,57700.0,0.0,0.0,127886216.0
2021-05-03,57700.0,57700.0,57700.0,57700.0,0.0,0.0,127886216.0
2021-05-04,57700.0,57700.0,57700.0,57700.0,0.0,0.0,127886216.0
2021-05-05,57700.0,57700.0,57700.0,57700.0,0.0,0.0,127886216.0
2021-05-06,57700.0,57700.0,57700.0,57700.0,0.0,0.0,127886216.0
2021-05-07,57700.0,57700.0,57700.0,57700.0,0.0,0.0,127886216.0
2021-05-10,57700.0,57700.0,57700.0,57700.0,0.0,0.0,127886216.0
2021-05-11,57700.0,57700.0,57700.0,57700.0,0.0,0.0,127886216.0
2021-05-12,57700.0,57700.0,57700.0,57700.0,0.0,0.0,127886216.0
2021-05-13,57700.0,57700.0,57700.0,57700.0,0.0,0.0,127886216.0
2021-05-14,57700.0,57700.0,57700.0,57700.0,0.0,0.0,127886216.0
2021-05-17,57700.0,57700.0,57700.0,57700.0,0.0,0.0,127886216.0
2021-05-18,57700.0,57700.0,57700.0,57700.0,0.0,0.0,127886216.0
2021-05-19,57700.0,57700.0,57700.0,57700.0,0.0,0.0,127886216.0
2021-05-20,57700.0,57700.0,57700.0,57700.0,0.0,0.0,127886216.0
2021-05-21,57700.0,57700.0,57700.0,57700.0,0.0,0.0,127886216.0
2021-05-24,57700.0,57700.0,57700.0,57700.0,0.0,0.0,127886216.0
2021-05-25,57700.0,57700.0,57700.0,57700.0,0.0,0.0,127886216.0
2021-05-26,57700.0,57700.0,57700.0,57700.0,0.0,0.0,127886216.0
2021-05-27,57700.0,57700.0,57700.0,57700.0,0.0,0.0,127886216.0
2021-05-28,57700.0,57700.0,57700.0,57700.0,0.0,0.0,127886216.0
2021-05-31,57700.0,57700.0,57700.0,57700.0,0.0,0.0,127886216.0
2021-06-01,57700.0,57700.0,57700.0,57700.0,0.0,0.0,127886216.0
2021-06-02,57700.0,57700.0,57700.0,57700.0,0.0,0.0,127886216.0
2021-06-03,57700.0,57700.0,57700.0,57700.0,0.0,0.0,127886216.0
2021-06-04,57700.0,57700.0,57700.0,57700.0,0.0,0.0,127886216.0
2021-06-07,57700.0,57700.0,57700.0,57700.0,0.0,0.0,127886216.0
2021-06-08,57700.0,57700.0,57700.0,57700.0,0.0,0.0,127886216.0
2021-06-09,57700.0,57700.0,57700.0,57700.0,0.0,0.0,127886216.0
2021-06-10,57700.0,57700.0,57700.0,57700.0,0.0,0.0,127886216.0
2021-06-11,57700.0,57700.0,57700.0,57700.0,0.0,0.0,127886216.0
2021-06-14,57700.0,57700.0,57700.0,57700.0,0.0,0.0,127886216.0
2021-06-15,57700.0,57700.0,57700.0,57700.0,0.0,0.0,127886216.0
2021-06-16,57700.0,57700.0,57700.0,57700.0,0.0,0.0,127886216.0
2021-06-17,57700.0,57700.0,57700.0,57700.0,0.0,0.0,127886216.0
2021-06-18,57700.0,57700.0,57700.0,57700.0,0.0,0.0,127886216.0
2021-06-21,57700.0,57700.0,57700.0,57700.0,0.0,0.0,127886216.0
2021-06-22,57700.0,57700.0,57700.0,57700.0,0.0,0.0,127886216.0
2021-06-23,57700.0,57700.0,57700.0,57700.0,0.0,0.0,127886216.0
2021-06-24,57700.0,57700.0,57700.0,57700.0,0.0,0.0,127886216.0
2021-06-25,57700.0,57700.0,57700.0,57700.0,0.0,0.0,127886216.0
2021-06-28,57700.0,57700.0,57700.0,57700.0,0.0,0.0,127886216.0
2021-06-29,57700.0,57700.0,57700.0,57700.0,0.0,0.0,127886216.0
2021-06-30,57700.0,57700.0,57700.0,57700.0,0.0,0.0,127886216.0
2021-07-01,57700.0,57700.0,57700.0,57700.0,0.0,0.0,127886216.0
2021-07-02,57700.0,57700.0,57700.0,57700.0,0.0,0.0,127886216.0
2021-07-05,57700.0,57700.0,57700.0,57700.0,0.0,0.0,127886216.0
2021-07-06,57700.0,57700.0,57700.0,57700.0,0.0,0.0,127886216.0
2021-07-07,57700.0,57700.0,57700.0,57700.0,0.0,0.0,127886216.0
2021-07-08,57700.0,57700.0,57700.0,57700.0,0.0,0.0,127886216.0
2021-07-09,57700.0,57700.0,57700.0,57700.0,0.0,0.0,127886216.0
2021-07-12,57700.0,57700.0,57700.0,57700.0,0.0,0.0,127886216.0
2021-07-13,57700.0,57700.0,57700.0,57700.0,0.0,0.0,127886216.0
2021-07-14,57700.0,57700.0,57700.0,57700.0,0.0,0.0,127886216.0
2021-07-15,57700.0,57700.0,57700.0,57700.0,0.0,0.0,127886216.0
2021-07-16,57700.0,57700.0,57700.0,57700.0,0.0,0.0,127886216.0
2021-07-19,57700.0,57700.0,57700.0,57700.0,0.0,0.0,127886216.0
2021-07-20,57700.0,57700.0,57700.0,57700.0,0.0,0.0,127886216.0
2021-07-21,57700.0,57700.0,57700.0,57700.0,0.0,0.0,127886216.0
2021-07-22,57700.0,57700.0,57700.0,57700.0,0.0,0.0,127886216.0
2021-07-23,57700.0,57700.0,57700.0,57700.0,0.0,0.0,127886216.0
2021-07-26,57700.0,57700.0,57700.0,57700.0,0.0,0.0,127886216.0
2021-07-27,57700.0,57700.0,57700.0,57700.0,0.0,0.0,127886216.0
2021-07-28,57700.0,57700.0,57700.0,57700.0,0.0,0.0,127886216.0
2021-07-29,57700.0,57700.0,57700.0,57700.0,0.0,0.0,127886216.0
2021-07-30,57700.0,57700.0,57700.0,57700.0,0.0,0.0,127886216.0
2021-08-02,57700.0,57700.0,57700.0,57700.0,0.0,0.0,127886216.0
2021-08-03,57700.0,57700.0,57700.0,57700.0,0.0,0.0,127886216.0
2021-08-04,57700.0,57700.0,57700.0,57700.0,0.0,0.0,127886216.0
2021-08-05,57700.0,57700.0,57700.0,57700.0,0.0,0.0,127886216.0
2021-08-06,57700.0,57700.0,57700.0,57700.0,0.0,0.0,127886216.0
2021-08-09,57700.0,57700.0,57700.0,57700.0,0.0,0.0,127886216.0
2021-08-10,57700.0,57700.0,57700.0,57700.0,0.0,0.0,127886216.0
2021-08-11,57700.0,57700.0,57700.0,57700.0,0.0,0.0,127886216.0
2021-08-12,57700.0,57700.0,57700.0,57700.0,0.0,0.0,127886216.0
2021-08-13,57700.0,57700.0,57700.0,57700.0,0.0,0.0,127886216.0
2021-08-16,57700.0,57700.0,57700.0,57700.0,0.0,0.0,127886216.0
2021-08-17,57700.0,57700.0,57700.0,57700.0,0.0,0.0,127886216.0
2021-08-18,57700.0,57700.0,57700.0,57700.0,0.0,0.0,127886216.0
2021-08-19,57700.0,57700.0,57700.0,57700.0,0.0,0.0,127886216.0
2021-08-20,57700.0,57700.0,57700.0,57700.0,0.0,0.0,127886216.0
2021-08-23,57700.0,57700.0,57700.0,57700.0,0.0,0.0,127886216.0
2021-08-24,57700.0,57700.0,57700.0,57700.0,0.0,0.0,127886216.0
2021-08-25,57700.0,57700.0,57700.0,57700.0,0.0,0.0,127886216.0
2021-08-26,57700.0,57700.0,57700.0,57700.0,0.0,0.0,127886216.0
2021-08-27,57700.0,57700.0,57700.0,57700.0,0.0,0.0,127886216.0
2021-08-30,57700.0,57700.0,57700.0,57700.0,0.0,0.0,127886216.0
2021-08-31,57700.0,57700.0,57700.0,57700.0,0.0,0.0,127886216.0
2021-09-01,57700.0,57700.0,57700.0,57700.0,0.0,0.0,127886216.0
2021-09-02,57700.0,57700.0,57700.0,57700.0,0.0,0.0,127886216.0
2021-09-03,57700.0,57700.0,57700.0,57700.0,0.0,0.0,127886216.0
2021-09-06,57700.0,57700.0,57700.0,57700.0,0.0,0.0,127886216.0
2021-09-07,57700.0,57700.0,57700.0,57700.0,0.0,0.0,127886216.0
2021-09-08,57700.0,57700.0,57700.0,57700.0,0.0,0.0,127886216.0
2021-09-09,57700.0,57700.0,57700.0,57700.0,0.0,0.0,127886216.0
2021-09-10,57700.0,57700.0,57700.0,57700.0,0.0,0.0,127886216.0
2021-09-13,57700.0,57700.0,57700.0,57700.0,0.0,0.0,127886216.0
2021-09-14,57700.0,57700.0,57700.0,57700.0,0.0,0.0,127886216.0
2021-09-15,57700.0,57700.0,57700.0,57700.0,0.0,0.0,127886216.0
2021-09-16,57700.0,57700.0,57700.0,57700.0,0.0,0.0,127886216.0
2021-09-17,57700.0,57700.0,57700.0,57700.0,0.0,0.0,127886216.0
2021-09-20,57700.0,57700.0,57700.0,57700.0,0.0,0.0,127886216.0
2021-09-21,57700.0,57700.0,57700.0,57700.0,0.0,0.0,127886216.0
2021-09-22,57700.0,57700.0,57700.0,57700.0,0.0,0.0,127886216.0
2021-09-23,57700.0,57700.0,57700.0,57700.0,0.0,0.0,127886216.0
2021-09-24,57700.0,57700.0,57700.0,57700.0,0.0,0.0,127886216.0
2021-09-27,57700.0,57700.0,57700.0,57700.0,0.0,0.0,127886216.0
2021-09-28,57700.0,57700.0,57700.0,57700.0,0.0,0.0,127886216.0
2021-09-29,57700.0,57700.0,57700.0,57700.0,0.0,0.0,127886216.0
2021-09-30,57700.0,57700.0,57700.0,57700.0,0.0,0.0,127886216.0
2021-10-01,57700.0,57700.0,57700.0,57700.0,0.0,0.0,127886216.0
2021-10-04,57700.0,57700.0,57700.0,57700.0,0.0,0.0,127886216.0
2021-10-05,57700.0,57700.0,57700.0,57700.0,0.0,0.0,127886216.0
2021-10-06,57700.0,57700.0,57700.0,57700.0,0.0,0.0,127886216.0
2021-10-07,57700.0,57700.0,57700.0,57700.0,0.0,0.0,127886216.0
2021-10-08,57700.0,57700.0,57700.0,57700.0,0.0,0.0,127886216.0
2021-10-11,57700.0,57700.0,57700.0,57700.0,0.0,0.0,127886216.0
2021-10-12,57700.0,57700.0,57700.0,57700.0,0.0,0.0,127886216.0
2021-10-13,57700.0,57700.0,57700.0,57700.0,0.0,0.0,127886216.0
2021-10-14,57700.0,57700.0,57700.0,57700.0,0.0,0.0,127886216.0
2021-10-15,57700.0,57700.0,57700.0,57700.0,0.0,0.0,127886216.0
2021-10-18,57700.0,57700.0,57700.0,57700.0,0.0,0.0,127886216.0
2021-10-19,57700.0,57700.0,57700.0,57700.0,0.0,0.0,127886216.0
2021-10-20,57700.0,57700.0,57700.0,57700.0,0.0,0.0,127886216.0
2021-10-21,57700.0,57700.0,57700.0,57700.0,0.0,0.0,127886216.0
2021-10-22,57700.0,57700.0,57700.0,57700.0,0.0,0.0,127886216.0
2021-10-25,57700.0,57700.0,57700.0,57700.0,0.0,0.0,127886216.0
2021-10-26,57700.0,57700.0,57700.0,57700.0,0.0,0.0,127886216.0
2021-10-27,57700.0,57700.0,57700.0,57700.0,0.0,0.0,127886216.0
2021-10-28,57700.0,57700.0,57700.0,57700.0,0.0,0.0,127886216.0
2021-10-29,57700.0,57700.0,57700.0,57700.0,0.0,0.0,127886216.0
2021-11-01,57700.0,57700.0,57700.0,57700.0,0.0,0.0,127886216.0
2021-11-02,57700.0,57700.0,57700.0,57700.0,0.0,0.0,127886216.0
2021-11-03,57700.0,57700.0,57700.0,57700.0,0.0,0.0,127886216.0
2021-11-04,57700.0,57700.0,57700.0,57700.0,0.0,0.0,127886216.0
2021-11-05,57700.0,57700.0,57700.0,57700.0,0.0,0.0,127886216.0
2021-11-08,57700.0,57700.0,57700.0,57700.0,0.0,0.0,127886216.0
2021-11-09,57700.0,57700.0,57700.0,57700.0,0.0,0.0,127886216.0
2021-11-10,57700.0,57700.0,57700.0,57700.0,0.0,0.0,127886216.0
2021-11-11,57700.0,57700.0,57700.0,57700.0,0.0,0.0,127886216.0
2021-11-12,57700.0,57700.0,57700.0,57700.0,0.0,0.0,127886216.0
2021-11-15,57700.0,57700.0,57700.0,57700.0,0.0,0.0,127886216.0
2021-11-16,57700.0,57700.0,57700.0,57700.0,0.0,0.0,127886216.0
2021-11-17,57700.0,57700.0,57700.0,57700.0,0.0,0.0,127886216.0
2021-11-18,57700.0,57700.0,57700.0,57700.0,0.0,0.0,127886216.0
2021-11-19,57700.0,57700.0,57700.0,57700.0,0.0,0.0,127886216.0
2021-11-22,57700.0,57700.0,57700.0,57700.0,0.0,0.0,127886216.0
2021-11-23,57700.0,57700.0,57700.0,57700.0,0.0,0.0,127886216.0
2021-11-24,57700.0,57700.0,57700.0,57700.0,0.0,0.0,127886216.0
2021-11-25,57700.0,57700.0,57700.0,57700.0,0.0,0.0,127886216.0
2021-11-26,57700.0,57700.0,57700.0,57700.0,0.0,0.0,127886216.0
2021-11-29,57700.0,57700.0,57700.0,57700.0,0.0,0.0,127886216.0
2021-11-30,57700.0,57700.0,57700.0,57700.0,0.0,0.0,127886216.0
2021-12-01,57700.0,57700.0,57700.0,57700.0,0.0,0.0,127886216.0
2021-12-02,57700.0,57700.0,57700.0,57700.0,0.0,0.0,127886216.0
2021-12-03,57700.0,57700.0,57700.0,57700.0,0.0,0.0,127886216.0
2021-12-06,57700.0,57700.0,57700.0,57700.0,0.0,0.0,127886216.0
2021-12-07,57700.0,57700.0,57700.0,57700.0,0.0,0.0,127886216.0
2021-12-08,57700.0,57700.0,57700.0,57700.0,0.0,0.0,127886216.0
2021-12-09,57700.0,57700.0,57700.0,57700.0,0.0,0.0,127886216.0
2021-12-10,57700.0,57700.0,57700.0,57700.0,0.0,0.0,127886216.0
2021-12-13,57700.0,57700.0,57700.0,57700.0,0.0,0.0,127886216.0
2021-12-14,57700.0,57700.0,57700.0,57700.0,0.0,0.0,127886216.0
2021-12-15,57700.0,57700.0,57700.0,57700.0,0.0,0.0,127886216.0
2021-12-16,57700.0,57700.0,57700.0,57700.0,0.0,0.0,127886216.0
2021-12-17,57700.0,57700.0,57700.0,57700.0,0.0,0.0,127886216.0
2021-12-20,57700.0,57700.0,57700.0,57700.0,0.0,0.0,127886216.0
2021-12-21,57700.0,57700.0,57700.0,57700.0,0.0,0.0,127886216.0
2021-12-22,57700.0,57700.0,57700.0,57700.0,0.0,0.0,127886216.0
2021-12-23,57700.0,57700.0,57700.0,57700.0,0.0,0.0,127886216.0
2021-12-24,57700.0,57700.0,57700.0,57700.0,0.0,0.0,127886216.0
2021-12-27,57700.0,57700.0,57700.0,57700.0,0.0,0.0,127886216.0
2021-12-28,57700.0,57700.0,57700.0,57700.0,0.0,0.0,127886216.0
2021-12-29,57700.0,57700.0,57700.0,57700.0,0.0,0.0,127886216.0
2021-12-30,57700.0,57700.0,57700.0,57700.0,0.0,0.0,127886216.0
2021-12-31,57700.0,57700.0,57700.0,57700.0,0.0,0.0,127886216.0
2022-01-03,57700.0,57700.0,57700.0,57700.0,0.0,0.0,127886216.0
2022-01-04,57700.0,57700.0,57700.0,57700.0,0.0,0.0,127886216.0
2022-01-05,57700.0,57700.0,57700.0,57700.0,0.0,0.0,127886216.0
2022-01-06,57700.0,57700.0,57700.0,57700.0,0.0,0.0,127886216.0
2022-01-07,57700.0,57700.0,57700.0,57700.0,0.0,0.0,127886216.0
2022-01-10,57700.0,57700.0,57700.0,57700.0,0.0,0.0,127886216.0
2022-01-11,57700.0,57700.0,57700.0,57700.0,0.0,0.0,127886216.0
2022-01-12,57700.0,57700.0,57700.0,57700.0,0.0,0.0,127886216.0
2022-01-13,57700.0,57700.0,57700.0,57700.0,0.0,0.0,127886216.0
2022-01-14,57700.0,57700.0,57700.0,57700.0,0.0,0.0,127886216.0
2022-01-17,57700.0,57700.0,57700.0,57700.0,0.0,0.0,127886216.0
2022-01-18,57700.0,57700.0,57700.0,57700.0,0.0,0.0,127886216.0
2022-01-19,57700.0,57700.0,57700.0,57700.0,0.0,0.0,127886216.0
2022-01-20,57700.0,57700.0,57700.0,57700.0,0.0,0.0,127886216.0
2022-01-21,57700.0,57700.0,57700.0,57700.0,0.0,0.0,127886216.0
2022-01-24,57700.0,57700.0,57700.0,57700.0,0.0,0.0,127886216.0
2022-01-25,57700.0,57700.0,57700.0,57700.0,0.0,0.0,127886216.0
2022-01-26,57700.0,57700.0,57700.0,57700.0,0.0,0.0,127886216.0
2022-01-27,57700.0,57700.0,57700.0,57700.0,0.0,0.0,127886216.0
2022-01-28,57700.0,57700.0,57700.0,57700.0,0.0,0.0,127886216.0
2022-01-31,57700.0,57700.0,57700.0,57700.0,0.0,0.0,127886216.0
2022-02-01,57700.0,57700.0,57700.0,57700.0,0.0,0.0,127886216.0
2022-02-02,57700.0,57700.0,57700.0,57700.0,0.0,0.0,127886216.0
2022-02-03,57700.0,57700.0,57700.0,57700.0,0.0,0.0,127886216.0
2022-02-04,57700.0,57700.0,57700.0,57700.0,0.0,0.0,127886216.0
2022-02-07,57700.0,57700.0,57700.0,57700.0,0.0,0.0,127886216.0
2022-02-08,57700.0,57700.0,57700.0,57700.0,0.0,0.0,127886216.0
2022-02-09,57700.0,57700.0,57700.0,57700.0,0.0,0.0,127886216.0
2022-02-10,57700.0,57700.0,57700.0,57700.0,0.0,0.0,127886216.0
2022-02-11,57700.0,57700.0,57700.0,57700.0,0.0,0.0,127886216.0
2022-02-14,57700.0,57700.0,57700.0,57700.0,0.0,0.0,127886216.0
2022-02-15,57700.0,57700.0,57700.0,57700.0,0.0,0.0,127886216.0
2022-02-16,57700.0,57700.0,57700.0,57700.0,0.0,0.0,127886216.0
2022-02-17,57700.0,57700.0,57700.0,57700.0,0.0,0.0,127886216.0
2022-02-18,57700.0,57700.0,57700.0,57700.0,0.0,0.0,127886216.0
2022-02-21,57700.0,57700.0,57700.0,57700.0,0.0,0.0,127886216.0
2022-02-22,57700.0,57700.0,57700.0,57700.0,0.0,0.0,127886216.0
2022-02-23,57700.0,57700.0,57700.0,57700.0,0.0,0.0,127886216.0
2022-02-24,57700.0,57700.0,57700.0,57700.0,0.0,0.0,127886216.0
2022-02-25,57700.0,57700.0,57700.0,57700.0,0.0,0.0,127886216.0
2022-02-28,57700.0,57700.0,57700.0,57700.0,0.0,0.0,127886216.0
2022-03-01,57700.0,57700.0,57700.0,57700.0,0.0,0.0,127886216.0
2022-03-02,57700.0,57700.0,57700.0,57700.0,0.0,0.0,127886216.0
2022-03-03,57700.0,57700.0,57700.0,57700.0,0.0,0.0,127886216.0
2022-03-04,57700.0,57700.0,57700.0,57700.0,0.0,0.0,127886216.0
2022-03-07,57700.0,57700.0,57700.0,57700.0,0.0,0.0,127886216.0
2022-03-08,57700.0,57700.0,57700.0,57700.0,0.0,0.0,127886216.0
2022-03-09,57700.0,57700.0,57700.0,57700.0,0.0,0.0,127886216.0
2022-03-10,57700.0,57700.0,57700.0,57700.0,0.0,0.0,127886216.0
2022-03-11,57700.0,57700.0,57700.0,57700.0,0.0,0.0,127886216.0
2022-03-14,57700.0,57700.0,57700.0,57700.0,0.0,0.0,127886216.0
2022-03-15,57700.0,57700.0,57700.0,57700.0,0.0,0.0,127886216.0
2022-03-16,57700.0,57700.0,57700.0,57700.0,0.0,0.0,127886216.0
2022-03-17,57700.0,57700.0,57700.0,57700.0,0.0,0.0,127886216.0
2022-03-18,57700.0,57700.0,57700.0,57700.0,0.0,0.0,127886216.0
2022-03-21,57700.0,57700.0,57700.0,57700.0,0.0,0.0,127886216.0
2022-03-22,57700.0,57700.0,57700.0,57700.0,0.0,0.0,127886216.0
2022-03-23,57700.0,57700.0,57700.0,57700.0,0.0,0.0,127886216.0
2022-03-24,57700.0,57700.0,57700.0,57700.0,0.0,0.0,127886216.0
2022-03-25,57700.0,57700.0,57700.0,57700.0,0.0,0.0,127886216.0
2022-03-28,57700.0,57700.0,57700.0,57700.0,0.0,0.0,127886216.0
2022-03-29,57700.0,57700.0,57700.0,57700.0,0.0,0.0,127886216.0
2022-03-30,57700.0,57700.0,57700.0,57700.0,0.0,0.0,127886216.0
2022-03-31,57700.0,57700.0,57700.0,57700.0,0.0,0.0,127886216.0
2022-04-01,57700.0,57700.0,57700.0,57700.0,0.0,0.0,127886216.0
2022-04-04,57700.0,57700.0,57700.0,57700.0,0.0,0.0,127886216.0
2022-04-05,57700.0,57700.0,57700.0,57700.0,0.0,0.0,127886216.0
2022-04-06,57700.0,57700.0,57700.0,57700.0,0.0,0.0,127886216.0
2022-04-07,57700.0,57700.0,57700.0,57700.0,0.0,0.0,127886216.0
2022-04-08,57700.0,57700.0,57700.0,57700.0,0.0,0.0,127886216.0
2022-04-11,57700.0,57700.0,57700.0,57700.0,0.0,0.0,127886216.0
2022-04-12,57700.0,57700.0,57700.0,57700.0,0.0,0.0,127886216.0
2022-04-13,57700.0,57700.0,57700.0,57700.0,0.0,0.0,127886216.0
2022-04-14,57700.0,57700.0,57700.0,57700.0,0.0,0.0,127886216.0
2022-04-19,57700.0,57700.0,57700.0,57700.0,0.0,0.0,127886216.0
2022-04-20,57700.0,57700.0,57700.0,57700.0,0.0,0.0,127886216.0
2022-04-21,57700.0,57700.0,57700.0,57700.0,0.0,0.0,127886216.0
2022-04-22,57700.0,57700.0,57700.0,57700.0,0.0,0.0,127886216.0
2022-04-25,57700.0,57700.0,57700.0,57700.0,0.0,0.0,127886216.0
2022-04-26,57700.0,57700.0,57700.0,57700.0,0.0,0.0,127886216.0
2022-04-27,57700.0,57700.0,57700.0,57700.0,0.0,0.0,127886216.0
2022-04-28,57700.0,57700.0,57700.0,57700.0,0.0,0.0,127886216.0
2022-04-29,57700.0,57700.0,57700.0,57700.0,0.0,0.0,127886216.0
2022-05-02,57700.0,57700.0,57700.0,57700.0,0.0,0.0,127886216.0
2022-05-03,57700.0,57700.0,57700.0,57700.0,0.0,0.0,127886216.0
2022-05-04,57700.0,57700.0,57700.0,57700.0,0.0,0.0,127886216.0
2022-05-05,57700.0,57700.0,57700.0,57700.0,0.0,0.0,127886216.0
2022-05-06,57700.0,57700.0,57700.0,57700.0,0.0,0.0,127886216.0
2022-05-09,57700.0,57700.0,57700.0,57700.0,0.0,0.0,127886216.0
2022-05-10,57700.0,57700.0,57700.0,57700.0,0.0,0.0,127886216.0
2022-05-11,57700.0,57700.0,57700.0,57700.0,0.0,0.0,127886216.0
2022-05-12,57700.0,57700.0,57700.0,57700.0,0.0,0.0,127886216.0
2022-05-13,57700.0,57700.0,57700.0,57700.0,0.0,0.0,127886216.0
2022-05-16,57700.0,57700.0,57700.0,57700.0,0.0,0.0,127886216.0
2022-05-17,57700.0,57700.0,57700.0,57700.0,0.0,0.0,127886216.0
2022-05-18,57700.0,57700.0,57700.0,57700.0,0.0,0.0,127886216.0
2022-05-19,57700.0,57700.0,57700.0,57700.0,0.0,0.0,127886216.0
2022-05-20,57700.0,57700.0,57700.0,57700.0,0.0,0.0,127886216.0
2022-05-23,57700.0,57700.0,57700.0,57700.0,0.0,0.0,127886216.0
2022-05-24,57700.0,57700.0,57700.0,57700.0,0.0,0.0,127886216.0
2022-05-25,57700.0,57700.0,57700.0,57700.0,0.0,0.0,127886216.0
2022-05-26,57700.0,57700.0,57700.0,57700.0,0.0,0.0,127886216.0
2022-05-27,57700.0,57700.0,57700.0,57700.0,0.0,0.0,127886216.0
2022-05-30,57700.0,57700.0,57700.0,57700.0,0.0,0.0,127886216.0
2022-05-31,57700.0,57700.0,57700.0,57700.0,0.0,0.0,127886216.0
2022-06-01,57700.0,57700.0,57700.0,57700.0,0.0,0.0,127886216.0
2022-06-02,57700.0,57700.0,57700.0,57700.0,0.0,0.0,127886216.0
2022-06-03,57700.0,57700.0,57700.0,57700.0,0.0,0.0,127886216.0
2022-06-06,57700.0,57700.0,57700.0,57700.0,0.0,0.0,127886216.0
2022-06-07,57700.0,57700.0,57700.0,57700.0,0.0,0.0,127886216.0
2022-06-08,57700.0,57700.0,57700.0,57700.0,0.0,0.0,127886216.0
2022-06-09,57700.0,57700.0,57700.0,57700.0,0.0,0.0,127886216.0
2022-06-10,57700.0,57700.0,57700.0,57700.0,0.0,0.0,127886216.0
2022-06-13,57700.0,57700.0,57700.0,57700.0,0.0,0.0,127886216.0
2022-06-14,57700.0,57700.0,57700.0,57700.0,0.0,0.0,127886216.0
2022-06-15,57700.0,57700.0,57700.0,57700.0,0.0,0.0,127886216.0
2022-06-16,57700.0,57700.0,57700.0,57700.0,0.0,0.0,127886216.0
2022-06-17,57700.0,57700.0,57700.0,57700.0,0.0,0.0,127886216.0
2022-06-20,57700.0,57700.0,57700.0,57700.0,0.0,0.0,127886216.0
2022-06-21,57700.0,57700.0,57700.0,57700.0,0.0,0.0,127886216.0
2022-06-22,57700.0,57700.0,57700.0,57700.0,0.0,0.0,127886216.0
2022-06-23,57700.0,57700.0,57700.0,57700.0,0.0,0.0,127886216.0
2022-06-24,57700.0,57700.0,57700.0,57700.0,0.0,0.0,127886216.0
2022-06-27,57700.0,57700.0,57700.0,57700.0,0.0,0.0,127886216.0
2022-06-28,57700.0,57700.0,57700.0,57700.0,0.0,0.0,127886216.0
2022-06-29,57700.0,57700.0,57700.0,57700.0,0.0,0.0,127886216.0
2022-06-30,57700.0,57700.0,57700.0,57700.0,0.0,0.0,127886216.0
2022-07-01,57700.0,57700.0,57700.0,57700.0,0.0,0.0,127886216.0
2022-07-04,57700.0,57700.0,57700.0,57700.0,0.0,0.0,127886216.0
2022-07-05,57700.0,57700.0,57700.0,57700.0,0.0,0.0,127886216.0
2022-07-06,57700.0,57700.0,57700.0,57700.0,0.0,0.0,127886216.0
2022-07-07,57700.0,57700.0,57700.0,57700.0,0.0,0.0,127886216.0
2022-07-08,57700.0,57700.0,57700.0,57700.0,0.0,0.0,127886216.0
2022-07-11,57700.0,57700.0,57700.0,57700.0,0.0,0.0,127886216.0
2022-07-12,57700.0,57700.0,57700.0,57700.0,0.0,0.0,127886216.0
2022-07-13,57700.0,57700.0,57700.0,57700.0,0.0,0.0,127886216.0
2022-07-14,57700.0,57700.0,57700.0,57700.0,0.0,0.0,127886216.0
2022-07-15,57700.0,57700.0,57700.0,57700.0,0.0,0.0,127886216.0
2022-07-18,57700.0,57700.0,57700.0,57700.0,0.0,0.0,127886216.0
2022-07-19,57700.0,57700.0,57700.0,57700.0,0.0,0.0,127886216.0
2022-07-20,57700.0,57700.0,57700.0,57700.0,0.0,0.0,127886216.0
2022-07-21,57700.0,57700.0,57700.0,57700.0,0.0,0.0,127886216.0
2022-07-22,57700.0,57700.0,57700.0,57700.0,0.0,0.0,127886216.0
2022-07-25,57700.0,57700.0,57700.0,57700.0,0.0,0.0,127886216.0
2022-07-26,57700.0,57700.0,57700.0,57700.0,0.0,0.0,127886216.0
2022-07-27,57700.0,57700.0,57700.0,57700.0,0.0,0.0,127886216.0
2022-07-28,57700.0,57700.0,57700.0,57700.0,0.0,0.0,127886216.0
2022-07-29,57700.0,57700.0,57700.0,57700.0,0.0,0.0,127886216.0
2022-08-01,57700.0,57700.0,57700.0,57700.0,0.0,0.0,127886216.0
2022-08-02,57700.0,57700.0,57700.0,57700.0,0.0,0.0,127886216.0
2022-08-03,57700.0,57700.0,57700.0,57700.0,0.0,0.0,127886216.0
2022-08-04,57700.0,57700.0,57700.0,57700.0,0.0,0.0,127886216.0
2022-08-05,57700.0,57700.0,57700.0,57700.0,0.0,0.0,127886216.0
2022-08-08,57700.0,57700.0,57700.0,57700.0,0.0,0.0,127886216.0
2022-08-09,57700.0,57700.0,57700.0,57700.0,0.0,0.0,127886216.0
2022-08-10,57700.0,57700.0,57700.0,57700.0,0.0,0.0,127886216.0
2022-08-11,57700.0,57700.0,57700.0,57700.0,0.0,0.0,127886216.0
2022-08-12,57700.0,57700.0,57700.0,57700.0,0.0,0.0,127886216.0
2022-08-15,57700.0,57700.0,57700.0,57700.0,0.0,0.0,127886216.0
2022-08-16,57700.0,57700.0,57700.0,57700.0,0.0,0.0,127886216.0
2022-08-17,57700.0,57700.0,57700.0,57700.0,0.0,0.0,127886216.0
2022-08-18,57700.0,57700.0,57700.0,57700.0,0.0,0.0,127886216.0
2022-08-19,57700.0,57700.0,57700.0,57700.0,0.0,0.0,127886216.0
2022-08-22,57700.0,57700.0,57700.0,57700.0,0.0,0.0,127886216.0
2022-08-23,57700.0,57700.0,57700.0,57700.0,0.0,0.0,127886216.0
2022-08-24,57700.0,57700.0,57700.0,57700.0,0.0,0.0,127886216.0
2022-08-25,57700.0,57700.0,57700.0,57700.0,0.0,0.0,127886216.0
2022-08-26,57700.0,57700.0,57700.0,57700.0,0.0,0.0,127886216.0
2022-08-29,57700.0,57700.0,57700.0,57700.0,0.0,0.0,127886216.0
2022-08-30,57700.0,57700.0,57700.0,57700.0,0.0,0.0,127886216.0
2022-08-31,57700.0,57700.0,57700.0,57700.0,0.0,0.0,127886216.0
2022-09-01,57700.0,57700.0,57700.0,57700.0,0.0,0.0,127886216.0
2022-09-02,57700.0,57700.0,57700.0,57700.0,0.0,0.0,127886216.0
2022-09-05,57700.0,57700.0,57700.0,57700.0,0.0,0.0,127886216.0
2022-09-06,57700.0,57700.0,57700.0,57700.0,0.0,0.0,127886216.0
2022-09-07,57700.0,57700.0,57700.0,57700.0,0.0,0.0,127886216.0
2022-09-08,57700.0,57700.0,57700.0,57700.0,0.0,0.0,127886216.0
2022-09-09,57700.0,57700.0,57700.0,57700.0,0.0,0.0,127886216.0
2022-09-12,57700.0,57700.0,57700.0,57700.0,0.0,0.0,127886216.0
2022-09-13,57700.0,57700.0,57700.0,57700.0,0.0,0.0,127886216.0
2022-09-14,57700.0,57700.0,57700.0,57700.0,0.0,0.0,127886216.0
2022-09-15,57700.0,57700.0,57700.0,57700.0,0.0,0.0,127886216.0
2022-09-16,57700.0,57700.0,57700.0,57700.0,0.0,0.0,127886216.0
2022-09-19,57700.0,57700.0,57700.0,57700.0,0.0,0.0,127886216.0
2022-09-20,57700.0,57700.0,57700.0,57700.0,0.0,0.0,127886216.0
2022-09-21,57700.0,57700.0,57700.0,57700.0,0.0,0.0,127886216.0
2022-09-22,57700.0,57700.0,57700.0,57700.0,0.0,0.0,127886216.0
2022-09-23,57700.0,57700.0,57700.0,57700.0,0.0,0.0,127886216.0
2022-09-26,57700.0,57700.0,57700.0,57700.0,0.0,0.0,127886216.0
2022-09-27,57700.0,57700.0,57700.0,57700.0,0.0,0.0,127886216.0
2022-09-28,57700.0,57700.0,57700.0,57700.0,0.0,0.0,127886216.0
2022-09-29,57700.0,57700.0,57700.0,57700.0,0.0,0.0,127886216.0
2022-09-30,57700.0,57700.0,57700.0,57700.0,0.0,0.0,127886216.0
2022-10-03,57700.0,57700.0,57700.0,57700.0,0.0,0.0,127886216.0
2022-10-04,57700.0,57700.0,57700.0,57700.0,0.0,0.0,127886216.0
2022-10-05,57700.0,57700.0,57700.0,57700.0,0.0,0.0,127886216.0
2022-10-06,57700.0,57700.0,57700.0,57700.0,0.0,0.0,127886216.0
2022-10-07,57700.0,57700.0,57700.0,57700.0,0.0,0.0,127886216.0
2022-10-10,57700.0,57700.0,57700.0,57700.0,0.0,0.0,127886216.0
2022-10-11,57700.0,57700.0,57700.0,57700.0,0.0,0.0,127886216.0
2022-10-12,57700.0,57700.0,57700.0,57700.0,0.0,0.0,127886216.0
2022-10-13,57700.0,57700.0,57700.0,57700.0,0.0,0.0,127886216.0
2022-10-14,57700.0,57700.0,57700.0,57700.0,0.0,0.0,127886216.0
2022-10-17,57700.0,57700.0,57700.0,57700.0,0.0,0.0,127886216.0
2022-10-18,57700.0,57700.0,57700.0,57700.0,0.0,0.0,127886216.0
2022-10-19,57700.0,57700.0,57700.0,57700.0,0.0,0.0,127886216.0
2022-10-20,57700.0,57700.0,57700.0,57700.0,0.0,0.0,127886216.0
2022-10-21,57700.0,57700.0,57700.0,57700.0,0.0,0.0,127886216.0
2022-10-24,57700.0,57700.0,57700.0,57700.0,0.0,0.0,127886216.0
2022-10-25,57700.0,57700.0,57700.0,57700.0,0.0,0.0,127886216.0
2022-10-26,57700.0,57700.0,57700.0,57700.0,0.0,0.0,127886216.0
2022-10-27,57700.0,57700.0,57700.0,57700.0,0.0,0.0,127886216.0
2022-10-28,57700.0,57700.0,57700.0,57700.0,0.0,0.0,127886216.0
2022-10-31,57700.0,57700.0,57700.0,57700.0,0.0,0.0,127886216.0
2022-11-01,57700.0,57700.0,57700.0,57700.0,0.0,0.0,127886216.0
2022-11-02,57700.0,57700.0,57700.0,57700.0,0.0,0.0,127886216.0
2022-11-03,57700.0,57700.0,57700.0,57700.0,0.0,0.0,127886216.0
2022-11-04,57700.0,57700.0,57700.0,57700.0,0.0,0.0,127886216.0
2022-11-07,57700.0,57700.0,57700.0,57700.0,0.0,0.0,127886216.0
2022-11-08,57700.0,57700.0,57700.0,57700.0,0.0,0.0,127886216.0
2022-11-09,57700.0,57700.0,57700.0,57700.0,0.0,0.0,127886216.0
2022-11-10,57700.0,57700.0,57700.0,57700.0,0.0,0.0,127886216.0
2022-11-11,57700.0,57700.0,57700.0,57700.0,0.0,0.0,127886216.0
2022-11-14,57700.0,57700.0,57700.0,57700.0,0.0,0.0,127886216.0
2022-11-15,57700.0,57700.0,57700.0,57700.0,0.0,0.0,127886216.0
2022-11-16,57700.0,57700.0,57700.0,57700.0,0.0,0.0,127886216.0
2022-11-17,57700.0,57700.0,57700.0,57700.0,0.0,0.0,127886216.0
2022-11-18,57700.0,57700.0,57700.0,57700.0,0.0,0.0,127886216.0
2022-11-21,57700.0,57700.0,57700.0,57700.0,0.0,0.0,127886216.0
2022-11-22,57700.0,57700.0,57700.0,57700.0,0.0,0.0,127886216.0
2022-11-23,57700.0,57700.0,57700.0,57700.0,0.0,0.0,127886216.0
2022-11-24,57700.0,57700.0,57700.0,57700.0,0.0,0.0,127886216.0
2022-11-25,57700.0,57700.0,57700.0,57700.0,0.0,0.0,127886216.0
2022-11-28,57700.0,57700.0,57700.0,57700.0,0.0,0.0,127886216.0
2022-11-29,57700.0,57700.0,57700.0,57700.0,0.0,0.0,127886216.0
2022-11-30,57700.0,57700.0,57700.0,57700.0,0.0,0.0,127886216.0
2022-12-01,57700.0,57700.0,57700.0,57700.0,0.0,0.0,127886216.0
2022-12-02,57700.0,57700.0,57700.0,57700.0,0.0,0.0,127886216.0
2022-12-05,57700.0,57700.0,57700.0,57700.0,0.0,0.0,127886216.0
2022-12-06,57700.0,57700.0,57700.0,57700.0,0.0,0.0,127886216.0
2022-12-07,57700.0,57700.0,57700.0,57700.0,0.0,0.0,127886216.0
2022-12-08,57700.0,57700.0,57700.0,57700.0,0.0,0.0,127886216.0
2022-12-09,57700.0,57700.0,57700.0,57700.0,0.0,0.0,127886216.0
2022-12-12,57700.0,57700.0,57700.0,57700.0,0.0,0.0,127886216.0
2022-12-13,57700.0,57700.0,57700.0,57700.0,0.0,0.0,127886216.0
2022-12-14,57700.0,57700.0,57700.0,57700.0,0.0,0.0,127886216.0
2022-12-15,57700.0,57700.0,57700.0,57700.0,0.0,0.0,127886216.0
2022-12-16,57700.0,57700.0,57700.0,57700.0,0.0,0.0,127886216.0
2022-12-19,57700.0,57700.0,57700.0,57700.0,0.0,0.0,127886216.0
2022-12-20,57700.0,57700.0,57700.0,57700.0,0.0,0.0,127886216.0
2022-12-21,57700.0,57700.0,57700.0,57700.0,0.0,0.0,127886216.0
2022-12-22,57700.0,57700.0,57700.0,57700.0,0.0,0.0,127886216.0
2022-12-23,57700.0,57700.0,57700.0,57700.0,0.0,0.0,127886216.0
2022-12-27,57700.0,57700.0,57700.0,57700.0,0.0,0.0,127886216.0
2022-12-28,57700.0,57700.0,57700.0,57700.0,0.0,0.0,127886216.0
2022-12-29,57700.0,57700.0,57700.0,57700.0,0.0,0.0,127886216.0
2022-12-30,57700.0,57700.0,57700.0,57700.0,0.0,0.0,127886216.0
2023-01-02,57700.0,57700.0,57700.0,57700.0,0.0,0.0,127886216.0
2023-01-03,57700.0,57700.0,57700.0,57700.0,0.0,0.0,127886216.0
2023-01-04,57700.0,57700.0,57700.0,57700.0,0.0,0.0,127886216.0
2023-01-05,57700.0,57700.0,57700.0,57700.0,0.0,0.0,127886216.0
2023-01-06,57700.0,57700.0,57700.0,57700.0,0.0,0.0,127886216.0
2023-01-09,57700.0,57700.0,57700.0,57700.0,0.0,0.0,127886216.0
2023-01-10,57700.0,57700.0,57700.0,57700.0,0.0,0.0,127886216.0
2023-01-11,57700.0,57700.0,57700.0,57700.0,0.0,0.0,127886216.0
2023-01-12,57700.0,57700.0,57700.0,57700.0,0.0,0.0,127886216.0
2023-01-13,57700.0,57700.0,57700.0,57700.0,0.0,0.0,127886216.0
2023-01-16,57700.0,57700.0,57700.0,57700.0,0.0,0.0,127886216.0
2023-01-17,57700.0,57700.0,57700.0,57700.0,0.0,0.0,127886216.0
2023-01-18,57700.0,57700.0,57700.0,57700.0,0.0,0.0,127886216.0
2023-01-19,57700.0,57700.0,57700.0,57700.0,0.0,0.0,127886216.0
2023-01-20,57700.0,57700.0,57700.0,57700.0,0.0,0.0,127886216.0
2023-01-23,57700.0,57700.0,57700.0,57700.0,0.0,0.0,127886216.0
2023-01-24,57700.0,57700.0,57700.0,57700.0,0.0,0.0,127886216.0
2023-01-25,57700.0,57700.0,57700.0,57700.0,0.0,0.0,127886216.0
2023-01-26,57700.0,57700.0,57700.0,57700.0,0.0,0.0,127886216.0
2023-01-27,57700.0,57700.0,57700.0,57700.0,0.0,0.0,127886216.0
2023-01-30,57700.0,57700.0,57700.0,57700.0,0.0,0.0,127886216.0
2023-01-31,57700.0,57700.0,57700.0,57700.0,0.0,0.0,127886216.0
2023-02-01,57700.0,57700.0,57700.0,57700.0,0.0,0.0,127886216.0
2023-02-02,57700.0,57700.0,57700.0,57700.0,0.0,0.0,127886216.0
2023-02-03,57700.0,57700.0,57700.0,57700.0,0.0,0.0,127886216.0
2023-02-06,57700.0,57700.0,57700.0,57700.0,0.0,0.0,127886216.0
2023-02-07,57700.0,57700.0,57700.0,57700.0,0.0,0.0,127886216.0
2023-02-08,57700.0,57700.0,57700.0,57700.0,0.0,0.0,127886216.0
2023-02-09,57700.0,57700.0,57700.0,57700.0,0.0,0.0,127886216.0
2023-02-10,57700.0,57700.0,57700.0,57700.0,0.0,0.0,127886216.0
2023-02-13,57700.0,57700.0,57700.0,57700.0,0.0,0.0,127886216.0
2023-02-14,57700.0,57700.0,57700.0,57700.0,0.0,0.0,127886216.0
2023-02-15,57700.0,57700.0,57700.0,57700.0,0.0,0.0,127886216.0
2023-02-16,57700.0,57700.0,57700.0,57700.0,0.0,0.0,127886216.0
2023-02-17,57700.0,57700.0,57700.0,57700.0,0.0,0.0,127886216.0
2023-02-20,57700.0,57700.0,57700.0,57700.0,0.0,0.0,127886216.0
2023-02-21,57700.0,57700.0,57700.0,57700.0,0.0,0.0,127886216.0
2023-02-22,57700.0,57700.0,57700.0,57700.0,0.0,0.0,127886216.0
2023-02-23,57700.0,57700.0,57700.0,57700.0,0.0,0.0,127886216.0
2023-02-24,57700.0,57700.0,57700.0,57700.0,0.0,0.0,127886216.0
2023-02-27,57700.0,57700.0,57700.0,57700.0,0.0,0.0,127886216.0
2023-02-28,57700.0,57700.0,57700.0,57700.0,0.0,0.0,127886216.0
2023-03-01,57700.0,57700.0,57700.0,57700.0,0.0,0.0,127886216.0
2023-03-02,57700.0,57700.0,57700.0,57700.0,0.0,0.0,127886216.0
2023-03-03,57700.0,57700.0,57700.0,57700.0,0.0,0.0,127886216.0
2023-03-06,57700.0,57700.0,57700.0,57700.0,0.0,0.0,127886216.0
2023-03-07,57700.0,57700.0,57700.0,57700.0,0.0,0.0,127886216.0
2023-03-08,57700.0,57700.0,57700.0,57700.0,0.0,0.0,127886216.0
2023-03-09,57700.0,57700.0,57700.0,57700.0,0.0,0.0,127886216.0
2023-03-10,57700.0,57700.0,57700.0,57700.0,0.0,0.0,127886216.0
2023-03-13,57700.0,57700.0,57700.0,57700.0,0.0,0.0,127886216.0
2023-03-14,57700.0,57700.0,57700.0,57700.0,0.0,0.0,127886216.0
2023-03-15,57700.0,57700.0,57700.0,57700.0,0.0,0.0,127886216.0
2023-03-16,57700.0,57700.0,57700.0,57700.0,0.0,0.0,127886216.0
2023-03-17,57700.0,57700.0,57700.0,57700.0,0.0,0.0,127886216.0
2023-03-20,57700.0,57700.0,57700.0,57700.0,0.0,0.0,127886216.0
2023-03-21,57700.0,57700.0,57700.0,57700.0,0.0,0.0,127886216.0
2023-03-22,57700.0,57700.0,57700.0,57700.0,0.0,0.0,127886216.0
2023-03-23,57700.0,57700.0,57700.0,57700.0,0.0,0.0,127886216.0
2023-03-24,57700.0,57700.0,57700.0,57700.0,0.0,0.0,127886216.0
2023-03-27,57700.0,57700.0,57700.0,57700.0,0.0,0.0,127886216.0
2023-03-28,57700.0,57700.0,57700.0,57700.0,0.0,0.0,127886216.0
2023-03-29,57700.0,57700.0,57700.0,57700.0,0.0,0.0,127886216.0
2023-03-30,57700.0,57700.0,57700.0,57700.0,0.0,0.0,127886216.0
2023-03-31,57700.0,57700.0,57700.0,57700.0,0.0,0.0,127886216.0
2023-04-03,57700.0,57700.0,57700.0,57700.0,0.0,0.0,127886216.0
2023-04-04,57700.0,57700.0,57700.0,57700.0,0.0,0.0,127886216.0
2023-04-05,57700.0,57700.0,57700.0,57700.0,0.0,0.0,127886216.0
2023-04-06,57700.0,57700.0,57700.0,57700.0,0.0,0.0,127886216.0
2023-04-11,57700.0,57700.0,57700.0,57700.0,0.0,0.0,127886216.0
2023-04-12,57700.0,57700.0,57700.0,57700.0,0.0,0.0,127886216.0
2023-04-13,57700.0,57700.0,57700.0,57700.0,0.0,0.0,127886216.0
2023-04-14,57700.0,57700.0,57700.0,57700.0,0.0,0.0,127886216.0
2023-04-17,57700.0,57700.0,57700.0,57700.0,0.0,0.0,127886216.0
2023-04-18,57700.0,57700.0,57700.0,57700.0,0.0,0.0,127886216.0
2023-04-19,57700.0,57700.0,57700.0,57700.0,0.0,0.0,127886216.0
2023-04-20,57700.0,57700.0,57700.0,57700.0,0.0,0.0,127886216.0
2023-04-21,57700.0,57700.0,57700.0,57700.0,0.0,0.0,127886216.0
2023-04-24,57700.0,57700.0,57700.0,57700.0,0.0,0.0,127886216.0
2023-04-25,57700.0,57700.0,57700.0,57700.0,0.0,0.0,127886216.0
2023-04-26,57700.0,57700.0,57700.0,57700.0,0.0,0.0,127886216.0
2023-04-27,57700.0,57700.0,57700.0,57700.0,0.0,0.0,127886216.0
2023-04-28,57700.0,57700.0,57700.0,57700.0,0.0,0.0,127886216.0
2023-05-02,57700.0,57700.0,57700.0,57700.0,0.0,0.0,127886216.0
2023-05-03,57700.0,57700.0,57700.0,57700.0,0.0,0.0,127886216.0
2023-05-04,57700.0,57700.0,57700.0,57700.0,0.0,0.0,127886216.0
2023-05-05,57700.0,57700.0,57700.0,57700.0,0.0,0.0,127886216.0
2023-05-08,57700.0,57700.0,57700.0,57700.0,0.0,0.0,127886216.0
2023-05-09,57700.0,57700.0,57700.0,57700.0,0.0,0.0,127886216.0
2023-05-10,57700.0,57700.0,57700.0,57700.0,0.0,0.0,127886216.0
2023-05-11,57700.0,57700.0,57700.0,57700.0,0.0,0.0,127886216.0
2023-05-12,57700.0,57700.0,57700.0,57700.0,0.0,0.0,127886216.0
2023-05-15,57700.0,57700.0,57700.0,57700.0,0.0,0.0,127886216.0
2023-05-16,57700.0,57700.0,57700.0,57700.0,0.0,0.0,127886216.0
2023-05-17,57700.0,57700.0,57700.0,57700.0,0.0,0.0,127886216.0
2023-05-18,57700.0,57700.0,57700.0,57700.0,0.0,0.0,127886216.0
2023-05-19,57700.0,57700.0,57700.0,57700.0,0.0,0.0,127886216.0
2023-05-22,57700.0,57700.0,57700.0,57700.0,0.0,0.0,127886216.0
2023-05-23,57700.0,57700.0,57700.0,57700.0,0.0,0.0,127886216.0
2023-05-24,57700.0,57700.0,57700.0,57700.0,0.0,0.0,127886216.0
2023-05-25,57700.0,57700.0,57700.0,57700.0,0.0,0.0,127886216.0
2023-05-26,57700.0,57700.0,57700.0,57700.0,0.0,0.0,127886216.0
2023-05-29,57700.0,57700.0,57700.0,57700.0,0.0,0.0,127886216.0
2023-05-30,57700.0,57700.0,57700.0,57700.0,0.0,0.0,127886216.0
2023-05-31,57700.0,57700.0,57700.0,57700.0,0.0,0.0,127886216.0
2023-06-01,57700.0,57700.0,57700.0,57700.0,0.0,0.0,127886216.0
2023-06-02,57700.0,57700.0,57700.0,57700.0,0.0,0.0,127886216.0
2023-06-05,57700.0,57700.0,57700.0,57700.0,0.0,0.0,127886216.0
2023-06-06,57700.0,57700.0,57700.0,57700.0,0.0,0.0,127886216.0
2023-06-07,57700.0,57700.0,57700.0,57700.0,0.0,0.0,127886216.0
2023-06-08,57700.0,57700.0,57700.0,57700.0,0.0,0.0,127886216.0
2023-06-09,57700.0,57700.0,57700.0,57700.0,0.0,0.0,127886216.0
2023-06-12,57700.0,57700.0,57700.0,57700.0,0.0,0.0,127886216.0
2023-06-13,57700.0,57700.0,57700.0,57700.0,0.0,0.0,127886216.0
2023-06-14,57700.0,57700.0,57700.0,57700.0,0.0,0.0,127886216.0
2023-06-15,57700.0,57700.0,57700.0,57700.0,0.0,0.0,127886216.0
2023-06-16,57700.0,57700.0,57700.0,57700.0,0.0,0.0,127886216.0
2023-06-19,57700.0,57700.0,57700.0,57700.0,0.0,0.0,127886216.0
2023-06-20,57700.0,57700.0,57700.0,57700.0,0.0,0.0,127886216.0
2023-06-21,57700.0,57700.0,57700.0,57700.0,0.0,0.0,127886216.0
2023-06-22,57700.0,57700.0,57700.0,57700.0,0.0,0.0,127886216.0
2023-06-23,57700.0,57700.0,57700.0,57700.0,0.0,0.0,127886216.0
2023-06-26,57700.0,57700.0,57700.0,57700.0,0.0,0.0,127886216.0
2023-06-27,57700.0,57700.0,57700.0,57700.0,0.0,0.0,127886216.0
2023-06-28,57700.0,57700.0,57700.0,57700.0,0.0,0.0,127886216.0
2023-06-29,57700.0,57700.0,57700.0,57700.0,0.0,0.0,127886216.0
2023-06-30,57700.0,57700.0,57700.0,57700.0,0.0,0.0,127886216.0
2023-07-03,57700.0,57700.0,57700.0,57700.0,0.0,0.0,127886216.0
2023-07-04,57700.0,57700.0,57700.0,57700.0,0.0,0.0,127886216.0
2023-07-05,57700.0,57700.0,57700.0,57700.0,0.0,0.0,127886216.0
2023-07-06,57700.0,57700.0,57700.0,57700.0,0.0,0.0,127886216.0
2023-07-07,57700.0,57700.0,57700.0,57700.0,0.0,0.0,127886216.0
2023-07-10,57700.0,57700.0,57700.0,57700.0,0.0,0.0,127886216.0
2023-07-11,57700.0,57700.0,57700.0,57700.0,0.0,0.0,127886216.0
2023-07-12,57700.0,57700.0,57700.0,57700.0,0.0,0.0,127886216.0
2023-07-13,57700.0,57700.0,57700.0,57700.0,0.0,0.0,127886216.0
2023-07-14,57700.0,57700.0,57700.0,57700.0,0.0,0.0,127886216.0
2023-07-17,57700.0,57700.0,57700.0,57700.0,0.0,0.0,127886216.0
2023-07-18,57700.0,57700.0,57700.0,57700.0,0.0,0.0,127886216.0
2023-07-19,57700.0,57700.0,57700.0,57700.0,0.0,0.0,127886216.0
2023-07-20,57700.0,57700.0,57700.0,57700.0,0.0,0.0,127886216.0
2023-07-21,57700.0,57700.0,57700.0,57700.0,0.0,0.0,127886216.0
