Date,CLOSE,HIGH,LOW,OPEN,COUNT,VOLUME
2017-03-27,0.942508590106997,0.942508590106997,0.942508590106997,0.942508590106997,25.0,2918000.0
2017-03-28,0.942508590106997,0.942508590106997,0.942508590106997,0.942508590106997,8.0,22069.0
2017-03-29,0.942508590106997,0.942508590106997,0.942508590106997,0.942508590106997,2.0,78933.0
2017-03-30,0.942508590106997,0.942508590106997,0.942508590106997,0.942508590106997,16.0,1278394.0
2017-03-31,0.942508590106997,0.942508590106997,0.942508590106997,0.942508590106997,13.0,799746.0
2017-04-03,0.942508590106997,0.942508590106997,0.942508590106997,0.942508590106997,23.0,780202.0
2017-04-04,0.942508590106997,0.942508590106997,0.942508590106997,0.942508590106997,19.0,538911.0
2017-04-05,0.942508590106997,0.942508590106997,0.942508590106997,0.942508590106997,13.0,95808.0
2017-04-06,0.942508590106997,0.942508590106997,0.942508590106997,0.942508590106997,9.0,167932.0
2017-04-07,0.942508590106997,0.942508590106997,0.942508590106997,0.942508590106997,14.0,79213.0
2017-04-10,0.942508590106997,0.942508590106997,0.942508590106997,0.942508590106997,9.0,12910.0
2017-04-11,0.942508590106997,0.942508590106997,0.942508590106997,0.942508590106997,5.0,12592.0
2017-04-12,0.942508590106997,0.942508590106997,0.942508590106997,0.942508590106997,26.0,1204537.0
2017-04-13,0.942508590106997,0.942508590106997,0.942508590106997,0.942508590106997,76.0,673794.0
2017-04-18,0.942508590106997,0.942508590106997,0.942508590106997,0.942508590106997,11.0,210515.0
2017-04-19,0.942508590106997,0.942508590106997,0.942508590106997,0.942508590106997,17.0,438340.0
2017-04-20,0.942508590106997,0.942508590106997,0.942508590106997,0.942508590106997,12.0,11735.0
2017-04-21,0.942508590106997,0.942508590106997,0.942508590106997,0.942508590106997,16.0,99524.0
2017-04-24,0.942508590106997,0.942508590106997,0.942508590106997,0.942508590106997,35.0,823267.0
2017-04-25,0.942508590106997,0.942508590106997,0.942508590106997,0.942508590106997,4.0,9449.0
2017-04-26,0.942508590106997,0.942508590106997,0.942508590106997,0.942508590106997,3.0,7433.0
2017-04-27,0.9436468855056768,0.9493383624990768,0.9493383624990768,0.9550298394924768,1.0,9510.0
2017-04-28,0.9436468855056768,0.9436468855056768,0.9436468855056768,0.9436468855056768,1.0,40500.0
2017-05-02,0.9436468855056768,0.9436468855056768,0.9436468855056768,0.9436468855056768,3.0,20663.0
2017-05-03,0.9436468855056768,0.9436468855056768,0.9436468855056768,0.9436468855056768,8.0,388605.0
2017-05-04,0.9436468855056768,0.9436468855056768,0.9436468855056768,0.9436468855056768,4.0,212168.0
2017-05-05,0.9436468855056768,0.9436468855056768,0.9436468855056768,0.9436468855056768,16.0,1162292.0
2017-05-08,0.9436468855056768,0.9436468855056768,0.9436468855056768,0.9436468855056768,6.0,354169.0
2017-05-09,0.9436468855056768,0.9436468855056768,0.9436468855056768,0.9436468855056768,5.0,102329.0
2017-05-10,0.9436468855056768,0.9436468855056768,0.9436468855056768,0.9436468855056768,5.0,129699.0
2017-05-11,0.9436468855056768,0.9436468855056768,0.9436468855056768,0.9436468855056768,4.0,19831.0
2017-05-12,0.9436468855056768,0.9436468855056768,0.9436468855056768,0.9436468855056768,4.0,115011.0
2017-05-15,0.9436468855056768,0.9436468855056768,0.9436468855056768,0.9436468855056768,6.0,34671.0
2017-05-16,0.9436468855056768,0.9436468855056768,0.9436468855056768,0.9436468855056768,2.0,10795.0
2017-05-17,0.9436468855056768,0.9436468855056768,0.9436468855056768,0.9436468855056768,9.0,311050.0
2017-05-18,0.9436468855056768,0.9436468855056768,0.9436468855056768,0.9436468855056768,1.0,4720.0
2017-05-19,0.9436468855056768,0.9436468855056768,0.9436468855056768,0.9436468855056768,1.0,5331.0
2017-05-22,0.9436468855056768,0.9436468855056768,0.9436468855056768,0.9436468855056768,4.0,60999.0
2017-05-23,0.9436468855056768,0.9436468855056768,0.9436468855056768,0.9436468855056768,3.0,85831.0
2017-05-24,0.9436468855056768,0.9436468855056768,0.9436468855056768,0.9436468855056768,3.0,89178.0
2017-05-25,0.9436468855056768,0.9436468855056768,0.9436468855056768,0.9436468855056768,9.0,464034.0
2017-05-26,0.9436468855056768,0.9436468855056768,0.9436468855056768,0.9436468855056768,28.0,162152.0
2017-05-30,0.9436468855056768,0.9436468855056768,0.9436468855056768,0.9436468855056768,6.0,187993.0
2017-05-31,0.9436468855056768,0.9436468855056768,0.9436468855056768,0.9436468855056768,4.0,15047.0
2017-06-01,0.9436468855056768,0.9436468855056768,0.9436468855056768,0.9436468855056768,4.0,114402.0
2017-06-02,0.9436468855056768,0.9436468855056768,0.9436468855056768,0.9436468855056768,3.0,114963.0
2017-06-05,0.9436468855056768,0.9436468855056768,0.9436468855056768,0.9436468855056768,9.0,215955.0
2017-06-06,0.9436468855056768,0.9436468855056768,0.9436468855056768,0.9436468855056768,19.0,1327675.0
2017-06-07,0.9436468855056768,0.9436468855056768,0.9436468855056768,0.9436468855056768,4.0,11778.0
2017-06-08,0.9436468855056768,0.9436468855056768,0.9436468855056768,0.9436468855056768,4.0,201830.0
2017-06-09,0.9436468855056768,0.9436468855056768,0.9436468855056768,0.9436468855056768,7.0,77690.0
2017-06-12,0.9436468855056768,0.9436468855056768,0.9436468855056768,0.9436468855056768,7.0,21044.0
2017-06-13,0.9436468855056768,0.9436468855056768,0.9436468855056768,0.9436468855056768,7.0,46740.0
2017-06-14,0.9436468855056768,0.9436468855056768,0.9436468855056768,0.9436468855056768,20.0,403313.0
2017-06-15,0.9436468855056768,0.9436468855056768,0.9436468855056768,0.9436468855056768,9.0,180784.0
2017-06-16,0.9436468855056768,0.9436468855056768,0.9436468855056768,0.9436468855056768,5.0,170446.0
2017-06-19,0.9436468855056768,0.9436468855056768,0.9436468855056768,0.9436468855056768,4.0,134167.0
2017-06-20,0.9436468855056768,0.9436468855056768,0.9436468855056768,0.9436468855056768,23.0,111509.0
2017-06-21,0.9436468855056768,0.9436468855056768,0.9436468855056768,0.9436468855056768,10.0,180922.0
2017-06-22,1.0153594956225136,1.0153594956225136,1.0153594956225136,1.0153594956225136,0.0,0.0
2017-06-23,1.0153594956225136,1.0153594956225136,1.0153594956225136,1.0153594956225136,5.0,26127.0
2017-06-26,1.0153594956225136,1.0153594956225136,1.0153594956225136,1.0153594956225136,4.0,17559.0
2017-06-27,1.0153594956225136,1.0153594956225136,1.0153594956225136,1.0153594956225136,11.0,139949.0
2017-06-28,1.0153594956225136,1.0153594956225136,1.0153594956225136,1.0153594956225136,17.0,94334.0
2017-06-29,1.0153594956225136,1.0153594956225136,1.0153594956225136,1.0153594956225136,13.0,246421.0
2017-06-30,1.0153594956225136,1.0153594956225136,1.0153594956225136,1.0153594956225136,16.0,253558.0
2017-07-03,1.0153594956225136,1.0153594956225136,1.0153594956225136,1.0153594956225136,9.0,241924.0
2017-07-04,1.0153594956225136,1.0153594956225136,1.0153594956225136,1.0153594956225136,6.0,39806.0
2017-07-05,1.0153594956225136,1.0153594956225136,1.0153594956225136,1.0153594956225136,6.0,88083.0
2017-07-06,1.0153594956225136,1.0153594956225136,1.0153594956225136,1.0153594956225136,3.0,26509.0
2017-07-07,1.0153594956225136,1.0153594956225136,1.0153594956225136,1.0153594956225136,4.0,126509.0
2017-07-10,1.0153594956225136,1.0153594956225136,1.0153594956225136,1.0153594956225136,8.0,130625.0
2017-07-11,1.0153594956225136,1.0153594956225136,1.0153594956225136,1.0153594956225136,5.0,36509.0
2017-07-12,1.0153594956225136,1.0153594956225136,1.0153594956225136,1.0153594956225136,8.0,257371.0
2017-07-13,1.0153594956225136,1.0153594956225136,1.0153594956225136,1.0153594956225136,6.0,26509.0
2017-07-14,1.0153594956225136,1.0153594956225136,1.0153594956225136,1.0153594956225136,7.0,94309.0
2017-07-17,1.0153594956225136,1.0153594956225136,1.0153594956225136,1.0153594956225136,5.0,81509.0
2017-07-18,1.0153594956225136,1.0153594956225136,1.0153594956225136,1.0153594956225136,3.0,26509.0
2017-07-19,1.0153594956225136,1.0153594956225136,1.0153594956225136,1.0153594956225136,8.0,102365.0
2017-07-20,1.0153594956225136,1.0153594956225136,1.0153594956225136,1.0153594956225136,13.0,325400.0
2017-07-21,1.0153594956225136,1.0153594956225136,1.0153594956225136,1.0153594956225136,7.0,55840.0
2017-07-24,1.0153594956225136,1.0153594956225136,1.0153594956225136,1.0153594956225136,5.0,45809.0
2017-07-25,1.0153594956225136,1.0153594956225136,1.0153594956225136,1.0153594956225136,3.0,26509.0
2017-07-26,1.0153594956225136,1.0153594956225136,1.0153594956225136,1.0153594956225136,5.0,56509.0
2017-07-27,1.0153594956225136,1.0153594956225136,1.0153594956225136,1.0153594956225136,3.0,27659.0
2017-07-28,1.0153594956225136,1.0153594956225136,1.0153594956225136,1.0153594956225136,3.0,51510.0
2017-07-31,1.0153594956225136,1.0153594956225136,1.0153594956225136,1.0153594956225136,3.0,38329.0
2017-08-01,1.0153594956225136,1.0153594956225136,1.0153594956225136,1.0153594956225136,6.0,34430.0
2017-08-02,1.0153594956225136,1.0153594956225136,1.0153594956225136,1.0153594956225136,5.0,36899.0
2017-08-03,1.0153594956225136,1.0153594956225136,1.0153594956225136,1.0153594956225136,26.0,26899.0
2017-08-04,1.0153594956225136,1.0153594956225136,1.0153594956225136,1.0153594956225136,26.0,106899.0
2017-08-07,1.0153594956225136,1.0153594956225136,1.0153594956225136,1.0153594956225136,5.0,59399.0
2017-08-08,1.0153594956225136,1.0153594956225136,1.0153594956225136,1.0153594956225136,7.0,32198.0
2017-08-09,1.0153594956225136,1.0153594956225136,1.0153594956225136,1.0153594956225136,12.0,145873.0
2017-08-10,1.0153594956225136,1.0153594956225136,1.0153594956225136,1.0153594956225136,10.0,326899.0
2017-08-11,1.0153594956225136,1.0153594956225136,1.0153594956225136,1.0153594956225136,9.0,126899.0
2017-08-14,1.0153594956225136,1.0153594956225136,1.0153594956225136,1.0153594956225136,10.0,32246.0
2017-08-15,1.0153594956225136,1.0153594956225136,1.0153594956225136,1.0153594956225136,8.0,26899.0
2017-08-16,1.0153594956225136,1.0153594956225136,1.0153594956225136,1.0153594956225136,14.0,117643.0
2017-08-17,1.0153594956225136,1.0153594956225136,1.0153594956225136,1.0153594956225136,10.0,26899.0
2017-08-18,1.0153594956225136,1.0153594956225136,1.0153594956225136,1.0153594956225136,18.0,165079.0
2017-08-21,1.0153594956225136,1.0153594956225136,1.0153594956225136,1.0153594956225136,8.0,184910.0
2017-08-22,1.0153594956225136,1.0153594956225136,1.0153594956225136,1.0153594956225136,6.0,27859.0
2017-08-23,1.0153594956225136,1.0153594956225136,1.0153594956225136,1.0153594956225136,3.0,26899.0
2017-08-24,1.0153594956225136,1.0153594956225136,1.0153594956225136,1.0153594956225136,14.0,185594.0
2017-08-25,1.0153594956225136,1.0153594956225136,1.0153594956225136,1.0153594956225136,9.0,122086.0
2017-08-29,1.0153594956225136,1.0153594956225136,1.0153594956225136,1.0153594956225136,7.0,66924.0
2017-08-30,1.0153594956225136,1.0153594956225136,1.0153594956225136,1.0153594956225136,7.0,231499.0
2017-08-31,1.0153594956225136,1.0153594956225136,1.0153594956225136,1.0153594956225136,3.0,110000.0
2017-09-01,1.0153594956225136,1.0153594956225136,1.0153594956225136,1.0153594956225136,2.0,13647.0
2017-09-04,1.019912677217233,1.0221892680145936,1.0221892680145936,1.0244658588119542,1.0,82000.0
2017-09-05,1.019912677217233,1.019912677217233,1.019912677217233,1.019912677217233,3.0,81000.0
2017-09-06,1.0142212002238338,1.0244658588119533,1.0244658588119533,1.0347105174000728,1.0,1.0
2017-09-07,1.0142212002238338,1.0039765416357145,1.0039765416357145,0.9937318830475952,1.0,1407.0
2017-09-08,1.0142212002238338,1.0142212002238338,1.0142212002238338,1.0142212002238338,1.0,1407.0
2017-09-11,1.0142212002238338,1.0142212002238338,1.0142212002238338,1.0142212002238338,2.0,70039.0
2017-09-12,1.0142212002238338,1.0142212002238338,1.0142212002238338,1.0142212002238338,5.0,29401.0
2017-09-13,1.0142212002238338,1.0142212002238338,1.0142212002238338,1.0142212002238338,5.0,59792.0
2017-09-14,1.0142212002238338,1.0142212002238338,1.0142212002238338,1.0142212002238338,5.0,52423.0
2017-09-15,1.0142212002238338,1.0142212002238338,1.0142212002238338,1.0142212002238338,5.0,121895.0
2017-09-18,1.0142212002238338,1.0142212002238338,1.0142212002238338,1.0142212002238338,29.0,283800.0
2017-09-19,1.0142212002238338,1.0142212002238338,1.0142212002238338,1.0142212002238338,31.0,53413.0
2017-09-20,1.0142212002238338,1.0142212002238338,1.0142212002238338,1.0142212002238338,29.0,13856.0
2017-09-21,1.0142212002238338,1.0142212002238338,1.0142212002238338,1.0142212002238338,26.0,65428.0
2017-09-22,1.0142212002238338,1.0142212002238338,1.0142212002238338,1.0142212002238338,25.0,341144.0
2017-09-25,1.0142212002238338,1.0142212002238338,1.0142212002238338,1.0142212002238338,22.0,208000.0
2017-09-26,1.0142212002238338,1.0142212002238338,1.0142212002238338,1.0142212002238338,8.0,18114.0
2017-09-27,1.0142212002238338,1.0142212002238338,1.0142212002238338,1.0142212002238338,5.0,18617.0
2017-09-28,1.0142212002238338,1.0244658588119533,1.0244658588119533,1.0347105174000728,3.0,11243.0
2017-09-29,1.0142212002238338,1.0142212002238338,1.0142212002238338,1.0142212002238338,3.0,153068.0
2017-10-02,1.0142212002238338,1.0142212002238338,1.0142212002238338,1.0142212002238338,8.0,33269.0
2017-10-03,1.0142212002238338,1.0142212002238338,1.0142212002238338,1.0142212002238338,7.0,113046.0
2017-10-04,1.0142212002238338,1.0142212002238338,1.0142212002238338,1.0142212002238338,4.0,57060.0
2017-10-05,1.0142212002238338,1.0142212002238338,1.0142212002238338,1.0142212002238338,4.0,65490.0
2017-10-06,1.0142212002238338,1.0142212002238338,1.0142212002238338,1.0142212002238338,3.0,6730.0
2017-10-09,1.0142212002238338,1.0142212002238338,1.0142212002238338,1.0142212002238338,6.0,134361.0
2017-10-10,1.0142212002238338,1.0142212002238338,1.0142212002238338,1.0142212002238338,2.0,354700.0
2017-10-11,1.0142212002238338,1.0142212002238338,1.0142212002238338,1.0142212002238338,3.0,16962.0
2017-10-12,1.0142212002238338,1.0142212002238338,1.0142212002238338,1.0142212002238338,16.0,51333.0
2017-10-13,1.0142212002238338,1.0142212002238338,1.0142212002238338,1.0142212002238338,9.0,27403.0
2017-10-16,1.0142212002238338,1.0142212002238338,1.0142212002238338,1.0142212002238338,12.0,46948.0
2017-10-17,1.0142212002238338,1.0142212002238338,1.0142212002238338,1.0142212002238338,9.0,27893.0
2017-10-18,1.0142212002238338,1.0142212002238338,1.0142212002238338,1.0142212002238338,7.0,277754.0
2017-10-19,1.0142212002238338,1.0142212002238338,1.0142212002238338,1.0142212002238338,9.0,8968085.0
2017-10-20,1.0142212002238338,1.0142212002238338,1.0142212002238338,1.0142212002238338,5.0,24782.0
2017-10-23,1.0142212002238338,1.0142212002238338,1.0142212002238338,1.0142212002238338,4.0,443436.0
2017-10-24,1.0142212002238338,1.0142212002238338,1.0142212002238338,1.0142212002238338,7.0,138897.0
2017-10-25,1.0142212002238338,1.0142212002238338,1.0142212002238338,1.0142212002238338,3.0,10088.0
2017-10-26,1.0142212002238338,1.0142212002238338,1.0142212002238338,1.0142212002238338,3.0,12915.0
2017-10-27,1.0142212002238338,1.0142212002238338,1.0142212002238338,1.0142212002238338,2.0,210268.0
2017-10-30,1.0142212002238338,1.0142212002238338,1.0142212002238338,1.0142212002238338,7.0,125340.0
2017-10-31,1.0142212002238338,1.0142212002238338,1.0142212002238338,1.0142212002238338,3.0,350862.0
2017-11-01,1.0142212002238338,1.0142212002238338,1.0142212002238338,1.0142212002238338,5.0,172287.0
2017-11-02,1.0142212002238338,1.0142212002238338,1.0142212002238338,1.0142212002238338,1.0,258940.0
2017-11-03,1.0142212002238338,1.0142212002238338,1.0142212002238338,1.0142212002238338,2.0,102010.0
2017-11-06,1.0142212002238338,1.0142212002238338,1.0142212002238338,1.0142212002238338,4.0,73030.0
2017-11-07,1.0142212002238338,1.0142212002238338,1.0142212002238338,1.0142212002238338,10.0,308205.0
2017-11-08,1.0142212002238338,1.0142212002238338,1.0142212002238338,1.0142212002238338,6.0,7986.0
2017-11-09,1.0142212002238338,1.0142212002238338,1.0142212002238338,1.0142212002238338,9.0,10204.0
2017-11-10,1.0142212002238338,1.0142212002238338,1.0142212002238338,1.0142212002238338,3.0,2365380.0
2017-11-13,1.0142212002238338,1.0142212002238338,1.0142212002238338,1.0142212002238338,8.0,5430.0
2017-11-14,1.0142212002238338,1.0142212002238338,1.0142212002238338,1.0142212002238338,11.0,25252.0
2017-11-15,1.0142212002238338,1.0142212002238338,1.0142212002238338,1.0142212002238338,9.0,279666.0
2017-11-16,1.0142212002238338,1.0142212002238338,1.0142212002238338,1.0142212002238338,6.0,228451.0
2017-11-17,1.0142212002238338,1.0142212002238338,1.0142212002238338,1.0142212002238338,3.0,5366.0
2017-11-20,1.0142212002238338,1.0142212002238338,1.0142212002238338,1.0142212002238338,5.0,614.0
2017-11-21,1.0142212002238338,1.0142212002238338,1.0142212002238338,1.0142212002238338,2.0,517.0
2017-11-22,1.0142212002238338,1.0142212002238338,1.0142212002238338,1.0142212002238338,3.0,493.0
2017-11-23,1.0142212002238338,1.0142212002238338,1.0142212002238338,1.0142212002238338,6.0,30388.0
2017-11-24,1.0142212002238338,1.0142212002238338,1.0142212002238338,1.0142212002238338,2.0,406.0
2017-11-27,1.0142212002238338,1.0142212002238338,1.0142212002238338,1.0142212002238338,6.0,46252.0
2017-11-28,1.0142212002238338,1.0142212002238338,1.0142212002238338,1.0142212002238338,3.0,510.0
2017-11-29,1.0142212002238338,1.0142212002238338,1.0142212002238338,1.0142212002238338,5.0,53270.0
2017-11-30,0.964136202681916,0.9652744980805962,0.9652744980805962,0.9664127934792764,1.0,200000.0
2017-12-01,0.964136202681916,0.964136202681916,0.964136202681916,0.964136202681916,2.0,51000.0
2017-12-04,0.964136202681916,0.964136202681916,0.964136202681916,0.964136202681916,4.0,54620.0
2017-12-05,0.964136202681916,0.964136202681916,0.964136202681916,0.964136202681916,5.0,409610.0
2017-12-06,0.964136202681916,0.964136202681916,0.964136202681916,0.964136202681916,4.0,38041.0
2017-12-07,0.964136202681916,0.964136202681916,0.964136202681916,0.964136202681916,10.0,384755.0
2017-12-08,0.964136202681916,0.964136202681916,0.964136202681916,0.964136202681916,1.0,200.0
2017-12-11,0.964136202681916,0.964136202681916,0.964136202681916,0.964136202681916,10.0,415625.0
2017-12-12,0.964136202681916,0.964136202681916,0.964136202681916,0.964136202681916,18.0,376608.0
2017-12-13,0.964136202681916,0.964136202681916,0.964136202681916,0.964136202681916,11.0,35501.0
2017-12-14,0.964136202681916,0.964136202681916,0.964136202681916,0.964136202681916,56.0,1570933.0
2017-12-15,0.964136202681916,0.964136202681916,0.964136202681916,0.964136202681916,54.0,1372494.0
2017-12-18,0.964136202681916,0.964136202681916,0.964136202681916,0.964136202681916,16.0,1669496.0
2017-12-19,0.964136202681916,0.964136202681916,0.964136202681916,0.964136202681916,10.0,131382.0
2017-12-20,0.964136202681916,0.964136202681916,0.964136202681916,0.964136202681916,34.0,3133193.0
2017-12-21,0.964136202681916,0.964136202681916,0.964136202681916,0.964136202681916,14.0,206644.0
2017-12-22,0.964136202681916,0.964136202681916,0.964136202681916,0.964136202681916,5.0,62827.0
2017-12-27,0.964136202681916,0.964136202681916,0.964136202681916,0.964136202681916,5.0,157541.0
2017-12-28,0.964136202681916,0.964136202681916,0.964136202681916,0.964136202681916,5.0,98021.0
2017-12-29,0.964136202681916,0.964136202681916,0.964136202681916,0.964136202681916,1.0,46000.0
2018-01-02,0.9561681348911564,0.9561681348911564,0.9561681348911564,0.9561681348911564,0.0,0.0
2018-01-03,0.9561681348911564,0.9561681348911564,0.9561681348911564,0.9561681348911564,5.0,54814.0
2018-01-04,0.9561681348911564,0.9561681348911564,0.9561681348911564,0.9561681348911564,3.0,75256.0
2018-01-05,0.9516149532964364,0.9516149532964364,0.9516149532964364,0.9516149532964364,0.0,0.0
2018-01-08,0.9516149532964364,0.9516149532964364,0.9516149532964364,0.9516149532964364,2.0,21351.0
2018-01-09,0.9516149532964364,0.9516149532964364,0.9516149532964364,0.9516149532964364,5.0,2607.0
2018-01-10,0.9516149532964364,0.9516149532964364,0.9516149532964364,0.9516149532964364,4.0,78350.0
2018-01-11,0.9516149532964364,0.9516149532964364,0.9516149532964364,0.9516149532964364,2.0,42390.0
2018-01-12,0.9516149532964364,0.9516149532964364,0.9516149532964364,0.9516149532964364,6.0,65350.0
2018-01-15,0.9516149532964364,0.9516149532964364,0.9516149532964364,0.9516149532964364,1.0,25000.0
2018-01-16,0.9516149532964364,0.9516149532964364,0.9516149532964364,0.9516149532964364,11.0,206745.0
2018-01-17,0.9516149532964364,0.9516149532964364,0.9516149532964364,0.9516149532964364,5.0,187250.0
2018-01-18,0.9516149532964364,0.9552574985722124,0.9479724080206604,0.9516149532964364,2.0,27348.0
2018-01-19,0.9516149532964364,0.9516149532964364,0.9516149532964364,0.9516149532964364,1.0,6410.0
2018-01-22,0.9516149532964364,0.9516149532964364,0.9516149532964364,0.9516149532964364,3.0,26600.0
2018-01-23,0.9516149532964364,0.9552574985722124,0.9516149532964364,0.9552574985722124,4.0,62950.0
2018-01-24,0.9516149532964364,0.9516149532964364,0.9516149532964364,0.9516149532964364,6.0,300000.0
2018-01-25,0.9516149532964364,0.9516149532964364,0.9516149532964364,0.9516149532964364,3.0,73697.0
2018-01-26,0.9516149532964364,0.9516149532964364,0.9516149532964364,0.9516149532964364,9.0,243665.0
2018-01-29,0.9516149532964364,0.9516149532964364,0.9516149532964364,0.9516149532964364,31.0,1076457.0
2018-01-30,0.9516149532964364,0.9516149532964364,0.9516149532964364,0.9516149532964364,13.0,457006.0
2018-01-31,0.9516149532964364,0.9516149532964364,0.9516149532964364,0.9516149532964364,16.0,459685.0
2018-02-01,0.9516149532964364,0.9516149532964364,0.9516149532964364,0.9516149532964364,19.0,272968.0
2018-02-02,0.9516149532964364,0.9516149532964364,0.9516149532964364,0.9516149532964364,15.0,140942.0
2018-02-05,0.9516149532964364,0.9516149532964364,0.9516149532964364,0.9516149532964364,9.0,139524.0
2018-02-06,0.9516149532964364,0.9516149532964364,0.9516149532964364,0.9516149532964364,18.0,274751.0
2018-02-07,0.9516149532964364,0.9516149532964364,0.9516149532964364,0.9516149532964364,6.0,310686.0
2018-02-08,0.9516149532964364,0.9516149532964364,0.9516149532964364,0.9516149532964364,4.0,28092.0
2018-02-09,0.9516149532964364,0.9516149532964364,0.9516149532964364,0.9516149532964364,4.0,3086.0
2018-02-12,0.9516149532964364,0.9516149532964364,0.9516149532964364,0.9516149532964364,4.0,18298.0
2018-02-13,0.9516149532964364,0.9516149532964364,0.9516149532964364,0.9516149532964364,3.0,3252.0
2018-02-14,0.9516149532964364,0.9516149532964364,0.9516149532964364,0.9516149532964364,5.0,18506.0
2018-02-15,0.9516149532964364,0.9516149532964364,0.9516149532964364,0.9516149532964364,9.0,2601292.0
2018-02-16,0.9516149532964364,0.9516149532964364,0.9516149532964364,0.9516149532964364,8.0,86134.0
2018-02-19,0.9516149532964364,0.9516149532964364,0.9516149532964364,0.9516149532964364,6.0,59100.0
2018-02-20,0.9516149532964364,0.9516149532964364,0.9516149532964364,0.9516149532964364,3.0,2803148.0
2018-02-21,0.9516149532964364,0.9516149532964364,0.9516149532964364,0.9516149532964364,5.0,49576.0
2018-02-22,0.9516149532964364,0.9516149532964364,0.9516149532964364,0.9516149532964364,8.0,436398.0
2018-02-23,0.9516149532964364,0.9516149532964364,0.9516149532964364,0.9516149532964364,14.0,127498.0
2018-02-26,0.9379554085122772,0.9379554085122772,0.9379554085122772,0.9379554085122772,0.0,0.0
2018-02-27,0.9379554085122772,0.9470617717017168,0.9409605083647924,0.950066871554232,3.0,52100.0
2018-02-28,0.9379554085122772,0.9379554085122772,0.9379554085122772,0.9379554085122772,1.0,10000.0
2018-03-01,0.9379554085122772,0.9379554085122772,0.9379554085122772,0.9379554085122772,6.0,167941.0
2018-03-02,0.9379554085122772,0.9379554085122772,0.9379554085122772,0.9379554085122772,3.0,50510.0
2018-03-05,0.9379554085122772,0.9379554085122772,0.9379554085122772,0.9379554085122772,8.0,86698.0
2018-03-06,0.9379554085122772,0.9379554085122772,0.9379554085122772,0.9379554085122772,7.0,157714.0
2018-03-07,0.9379554085122772,0.9379554085122772,0.9379554085122772,0.9379554085122772,3.0,1284.0
2018-03-08,0.9480809126594804,0.9480809126594804,0.9480809126594804,0.9480809126594804,0.0,0.0
2018-03-09,0.9480809126594804,0.9480809126594804,0.9480809126594804,0.9480809126594804,7.0,20610.0
2018-03-12,0.9480809126594804,0.9480809126594804,0.9480809126594804,0.9480809126594804,5.0,7438.0
2018-03-13,0.9480809126594804,0.9480809126594804,0.9480809126594804,0.9480809126594804,3.0,425960.0
2018-03-14,0.9480809126594804,0.9480809126594804,0.9480809126594804,0.9480809126594804,4.0,25916.0
2018-03-15,0.9480809126594804,0.9480809126594804,0.9480809126594804,0.9480809126594804,6.0,400924.0
2018-03-16,0.9480809126594804,0.9480809126594804,0.9480809126594804,0.9480809126594804,0.0,0.0
2018-03-19,0.9480809126594804,0.9480809126594804,0.9480809126594804,0.9480809126594804,12.0,363908.0
2018-03-20,0.9480809126594804,0.9480809126594804,0.9480809126594804,0.9480809126594804,5.0,63334.0
2018-03-21,0.9480809126594804,0.9480809126594804,0.9480809126594804,0.9480809126594804,3.0,950.0
2018-03-22,0.9480809126594804,0.9480809126594804,0.9480809126594804,0.9480809126594804,36.0,164732.0
2018-03-23,0.9480809126594804,0.9480809126594804,0.9480809126594804,0.9480809126594804,3.0,898.0
2018-03-26,0.9480809126594804,0.9480809126594804,0.9480809126594804,0.9480809126594804,7.0,276372.0
2018-03-27,0.9480809126594804,0.9480809126594804,0.9480809126594804,0.9480809126594804,11.0,324447.0
2018-03-28,0.9480809126594804,0.9480809126594804,0.9480809126594804,0.9480809126594804,6.0,102658.0
2018-03-29,0.9434785781320072,0.9477127258972826,0.9434785781320072,0.9477127258972826,3.0,452345.0
2018-04-03,0.9480809126594804,0.938876243604534,0.9383239634612374,0.929119294406291,3.0,512460.0
2018-04-04,0.9480809126594804,0.9480809126594804,0.9480809126594804,0.9480809126594804,11.0,655408.0
2018-04-05,0.9480809126594804,0.9480809126594804,0.9480809126594804,0.9480809126594804,6.0,29320.0
2018-04-06,0.9480809126594804,0.9480809126594804,0.9480809126594804,0.9480809126594804,22.0,944371.0
2018-04-09,0.9480809126594804,0.9480809126594804,0.9480809126594804,0.9480809126594804,3.0,333785.0
2018-04-10,0.9480809126594804,0.9480809126594804,0.9480809126594804,0.9480809126594804,25.0,2112162.0
2018-04-11,0.9434785781320072,0.9480809126594804,0.9480809126594804,0.9526832471869536,5.0,501260.0
2018-04-12,0.9434785781320072,0.9434785781320072,0.9434785781320072,0.9434785781320072,9.0,102785.0
2018-04-13,0.9434785781320072,0.9434785781320072,0.9434785781320072,0.9434785781320072,18.0,858344.0
2018-04-16,0.9434785781320072,0.9434785781320072,0.9434785781320072,0.9434785781320072,5.0,23877.0
2018-04-17,0.9434785781320072,0.9434785781320072,0.9434785781320072,0.9434785781320072,19.0,307007.0
2018-04-18,0.9526832471869536,0.9526832471869536,0.9526832471869536,0.9526832471869536,3.0,61400.0
2018-04-19,0.9526832471869536,0.9572855817144268,0.9480809126594804,0.9526832471869534,6.0,2241500.0
2018-04-20,0.9526832471869536,0.9526832471869536,0.9526832471869536,0.9526832471869536,6.0,103608.0
2018-04-23,0.9526832471869536,0.9526832471869536,0.9526832471869536,0.9526832471869536,14.0,149762.0
2018-04-24,0.9526832471869536,0.9526832471869536,0.9526832471869536,0.9526832471869536,10.0,63346.0
2018-04-25,0.9572855817144268,0.9572855817144268,0.9572855817144268,0.9572855817144268,2.0,26000.0
2018-04-26,0.9572855817144268,0.9572855817144268,0.9572855817144268,0.9572855817144268,3.0,17750.0
2018-04-27,0.9526832471869536,0.9526832471869536,0.9499218464704698,0.9499218464704698,2.0,92500.0
2018-04-30,0.9572855817144268,0.9526832471869536,0.9480809126594804,0.9434785781320072,2.0,165000.0
2018-05-01,0.9572855817144268,0.9572855817144268,0.9536037140924484,0.9536037140924484,7.0,290400.0
2018-05-02,0.9572855817144268,0.9572855817144268,0.9572855817144268,0.9572855817144268,0.0,0.0
2018-05-03,0.9572855817144268,0.9572855817144268,0.9572855817144268,0.9572855817144268,13.0,864934.0
2018-05-04,0.9526832471869536,0.9572855817144268,0.9572763770453718,0.961878711572845,3.0,126167.0
2018-05-07,0.9526832471869536,0.9572855817144268,0.9572763770453718,0.961878711572845,0.0,0.0
2018-05-08,0.9526832471869536,0.9526832471869536,0.9526832471869536,0.9526832471869536,16.0,320242.0
2018-05-09,0.9526832471869536,0.9526832471869536,0.9490934262555244,0.9490934262555244,5.0,89884.0
2018-05-10,0.9526832471869536,0.9526832471869536,0.9526832471869536,0.9526832471869536,0.0,0.0
2018-05-11,0.9526832471869536,0.9526832471869536,0.9526832471869536,0.9526832471869536,12.0,1882716.0
2018-05-14,0.9526832471869536,0.9526832471869536,0.9526832471869536,0.9526832471869536,12.0,200301.0
2018-05-15,0.9480809126594804,0.9480809126594804,0.938876243604534,0.938876243604534,7.0,442700.0
2018-05-16,0.9480809126594804,0.9480809126594804,0.9480809126594804,0.9480809126594804,5.0,1816841.0
2018-05-17,0.9480809126594804,0.9480809126594804,0.9480809126594804,0.9480809126594804,5.0,797492.0
2018-05-18,0.9480809126594804,0.9480809126594804,0.9480809126594804,0.9480809126594804,6.0,344995.0
2018-05-21,0.9480809126594804,0.9480809126594804,0.9480809126594804,0.9480809126594804,6.0,248102.0
2018-05-22,0.9480809126594804,0.9480809126594804,0.9480809126594804,0.9480809126594804,4.0,292700.0
2018-05-23,0.9480809126594804,0.9480809126594804,0.9480809126594804,0.9480809126594804,1.0,7750.0
2018-05-24,0.9480809126594804,0.9480809126594804,0.9480809126594804,0.9480809126594804,27.0,1098616.0
2018-05-25,0.9480809126594804,0.9480809126594804,0.9480809126594804,0.9480809126594804,3.0,50615.0
2018-05-28,0.9480809126594804,0.9480809126594804,0.9480809126594804,0.9480809126594804,0.0,0.0
2018-05-29,0.9480809126594804,0.9480809126594804,0.9480809126594804,0.9480809126594804,8.0,43314.0
2018-05-30,0.9480809126594804,0.9480809126594804,0.9480809126594804,0.9480809126594804,27.0,1414355.0
2018-05-31,0.9480809126594804,0.9480809126594804,0.9480809126594804,0.9480809126594804,11.0,234692.0
2018-06-01,0.9480809126594804,0.9480809126594804,0.9480809126594804,0.9480809126594804,11.0,161358.0
2018-06-04,0.9480809126594804,0.9480809126594804,0.9480809126594804,0.9480809126594804,25.0,4887141.0
2018-06-05,0.9480809126594804,0.9480809126594804,0.9480809126594804,0.9480809126594804,13.0,562859.0
2018-06-06,0.9480809126594804,0.9480809126594804,0.9480809126594804,0.9480809126594804,8.0,256357.0
2018-06-07,0.9480809126594804,0.9480809126594804,0.9480809126594804,0.9480809126594804,11.0,73293.0
2018-06-08,0.9480809126594804,0.9480809126594804,0.9480809126594804,0.9480809126594804,14.0,163597.0
2018-06-11,0.9480809126594804,0.9480809126594804,0.9480809126594804,0.9480809126594804,8.0,71998.0
2018-06-12,0.9480809126594804,0.9480809126594804,0.9480809126594804,0.9480809126594804,13.0,77142.0
2018-06-13,0.9480809126594804,0.9480809126594804,0.9480809126594804,0.9480809126594804,4.0,16072.0
2018-06-14,0.9480809126594804,0.9480809126594804,0.9480809126594804,0.9480809126594804,1.0,103793.0
2018-06-15,0.9480809126594804,0.9480809126594804,0.9480809126594804,0.9480809126594804,5.0,128409.0
2018-06-18,0.9480809126594804,0.9480809126594804,0.9480809126594804,0.9480809126594804,6.0,153500.0
2018-06-19,0.9480809126594804,0.9480809126594804,0.9480809126594804,0.9480809126594804,5.0,23280.0
2018-06-20,0.9480809126594804,0.9480809126594804,0.9480809126594804,0.9480809126594804,5.0,47228.0
2018-06-21,0.9480809126594804,0.9480809126594804,0.9480809126594804,0.9480809126594804,3.0,106131.0
2018-06-22,0.9480809126594804,0.9480809126594804,0.9480809126594804,0.9480809126594804,4.0,60820.0
2018-06-25,0.9480809126594804,0.9480809126594804,0.9480809126594804,0.9480809126594804,6.0,254141.0
2018-06-26,0.9480809126594804,0.9480809126594804,0.9480809126594804,0.9480809126594804,4.0,337690.0
2018-06-27,0.9480809126594804,0.9480809126594804,0.9480809126594804,0.9480809126594804,15.0,900334.0
2018-06-28,0.9480809126594804,0.9480809126594804,0.9480809126594804,0.9480809126594804,54.0,195730.0
2018-06-29,0.9480809126594804,0.9480809126594804,0.9480809126594804,0.9480809126594804,14.0,33598.0
2018-07-02,0.9572855817144268,0.9572855817144268,0.9572855817144268,0.9572855817144268,0.0,0.0
2018-07-03,0.9572855817144268,0.9572855817144268,0.9572855817144268,0.9572855817144268,27.0,569267.0
2018-07-04,0.9572855817144268,0.9664902507693734,0.9664902507693734,0.97569491982432,3.0,38910.0
2018-07-05,0.9572855817144268,0.9572855817144268,0.9572855817144268,0.9572855817144268,21.0,228138.0
2018-07-06,0.9618879162419,0.9664902507693734,0.9526832471869536,0.9572855817144272,4.0,40725.0
2018-07-09,0.9618879162419,0.9664902507693734,0.9661220640071756,0.9707243985346492,2.0,11385.0
2018-07-10,0.9618879162419,0.9618879162419,0.9618879162419,0.9618879162419,13.0,129373.0
2018-07-11,0.9618879162419,0.9618879162419,0.9618879162419,0.9618879162419,28.0,126269.0
2018-07-12,0.9618879162419,0.9618879162419,0.9618879162419,0.9618879162419,19.0,121161.0
2018-07-13,0.9618879162419,0.9618879162419,0.9618879162419,0.9618879162419,14.0,934850.0
2018-07-16,0.984899588879266,0.9937360711720143,0.9848259515268266,0.993662433819575,6.0,822431.0
2018-07-17,0.984899588879266,0.984899588879266,0.984899588879266,0.984899588879266,13.0,283013.0
2018-07-18,0.984899588879266,0.984899588879266,0.984899588879266,0.984899588879266,37.0,721500.0
2018-07-19,0.984899588879266,0.984899588879266,0.984899588879266,0.984899588879266,20.0,2087651.0
2018-07-20,0.984899588879266,0.984899588879266,0.984899588879266,0.984899588879266,11.0,539857.0
2018-07-23,0.984899588879266,0.984899588879266,0.984899588879266,0.984899588879266,11.0,165238.0
2018-07-24,0.984899588879266,0.984899588879266,0.984899588879266,0.984899588879266,10.0,151535.0
2018-07-25,0.984899588879266,0.984899588879266,0.984899588879266,0.984899588879266,15.0,535342.0
2018-07-26,0.984899588879266,0.984899588879266,0.984899588879266,0.984899588879266,6.0,657521.0
2018-07-27,0.984899588879266,0.984899588879266,0.984899588879266,0.984899588879266,17.0,313598.0
2018-07-30,0.984899588879266,0.984899588879266,0.984899588879266,0.984899588879266,28.0,1862802.0
2018-07-31,0.984899588879266,0.984899588879266,0.984899588879266,0.984899588879266,10.0,643760.0
2018-08-01,0.984899588879266,0.984899588879266,0.984899588879266,0.984899588879266,10.0,913431.0
2018-08-02,0.984899588879266,0.984899588879266,0.984899588879266,0.984899588879266,16.0,217129.0
2018-08-03,0.984899588879266,0.984899588879266,0.984899588879266,0.984899588879266,11.0,353319.0
2018-08-06,0.984899588879266,0.984899588879266,0.984899588879266,0.984899588879266,2.0,19400.0
2018-08-07,0.984899588879266,0.984899588879266,0.984899588879266,0.984899588879266,5.0,29405.0
2018-08-08,0.984899588879266,0.984899588879266,0.984899588879266,0.984899588879266,5.0,188712.0
2018-08-09,0.984899588879266,0.984899588879266,0.984899588879266,0.984899588879266,13.0,115497.0
2018-08-10,0.984899588879266,0.984899588879266,0.984899588879266,0.984899588879266,12.0,174987.0
2018-08-13,0.984899588879266,0.984899588879266,0.984899588879266,0.984899588879266,12.0,464951.0
2018-08-14,0.984899588879266,0.984899588879266,0.984899588879266,0.984899588879266,26.0,970690.0
2018-08-15,0.984899588879266,0.984899588879266,0.984899588879266,0.984899588879266,14.0,351270.0
2018-08-16,0.984899588879266,0.984899588879266,0.984899588879266,0.984899588879266,6.0,391639.0
2018-08-17,0.984899588879266,0.984899588879266,0.984899588879266,0.984899588879266,6.0,362155.0
2018-08-20,0.984899588879266,0.984899588879266,0.984899588879266,0.984899588879266,4.0,200000.0
2018-08-21,0.9987065924616856,1.0125135960441056,1.000915713034873,1.0147227166172932,2.0,408050.0
2018-08-22,0.9987065924616856,0.9987065924616856,0.9987065924616856,0.9987065924616856,18.0,471993.0
2018-08-23,1.0171159305715785,1.021718265099052,1.021718265099052,1.0263205996265254,2.0,29500.0
2018-08-24,1.0171159305715785,1.0171159305715785,1.0171159305715785,1.0171159305715785,11.0,202054.0
2018-08-27,1.0171159305715785,1.0171159305715785,1.0171159305715785,1.0171159305715785,0.0,0.0
2018-08-28,1.0171159305715785,1.021718265099052,1.0125135960441056,1.0171159305715791,5.0,32185.0
2018-08-29,1.0171159305715785,1.0171159305715785,1.0171159305715785,1.0171159305715785,18.0,591288.0
2018-08-30,1.0171159305715785,1.0171159305715785,1.0171159305715785,1.0171159305715785,17.0,1768989.0
2018-08-31,1.0171159305715785,1.0171159305715785,1.0171159305715785,1.0171159305715785,8.0,809548.0
2018-09-03,1.0171159305715785,1.0171159305715785,1.0171159305715785,1.0171159305715785,20.0,232570.0
2018-09-04,1.0171159305715785,1.0171159305715785,1.0171159305715785,1.0171159305715785,13.0,182981.0
2018-09-05,1.007911261516632,1.0170238838810288,1.003308926989159,1.0124215493535558,2.0,11671.0
2018-09-06,1.007911261516632,1.0216262184085023,1.003308926989159,1.0170238838810293,3.0,77800.0
2018-09-07,1.003308926989159,1.0125135960441056,0.9982463590089384,1.0074510280638849,2.0,76410.0
2018-09-10,1.003308926989159,1.0125135960441056,1.0125135960441056,1.0217182650990522,7.0,223134.0
2018-09-11,1.003308926989159,1.003308926989159,1.003308926989159,1.003308926989159,16.0,273658.0
2018-09-12,1.003308926989159,1.003308926989159,1.003308926989159,1.003308926989159,12.0,476674.0
2018-09-13,1.003308926989159,1.007911261516632,1.007911261516632,1.0125135960441047,1.0,20000.0
2018-09-14,1.003308926989159,1.003308926989159,1.003308926989159,1.003308926989159,13.0,59424.0
2018-09-17,0.9895019234067391,1.0056100942528956,1.0056100942528956,1.021718265099052,1.0,30000.0
2018-09-18,0.9895019234067391,0.9895019234067391,0.9895019234067391,0.9895019234067391,18.0,445910.0
2018-09-19,0.9895019234067391,0.9895019234067391,0.9895019234067391,0.9895019234067391,4.0,12100.0
2018-09-20,0.9895019234067391,0.9895019234067391,0.9895019234067391,0.9895019234067391,32.0,1854397.0
2018-09-21,0.9895019234067391,0.9895019234067391,0.9895019234067391,0.9895019234067391,16.0,571998.0
2018-09-24,0.9987065924616856,0.9987065924616856,0.9964054251979492,0.9964054251979492,19.0,241846.0
2018-09-25,0.9987065924616856,0.9987065924616856,0.9987065924616856,0.9987065924616856,23.0,786161.0
2018-09-26,0.9987065924616856,0.9987065924616856,0.9987065924616856,0.9987065924616856,6.0,35830.0
2018-09-27,0.9987065924616856,0.9987065924616856,0.9987065924616856,0.9987065924616856,10.0,163873.0
2018-09-28,0.9987065924616856,0.9987065924616856,0.9987065924616856,0.9987065924616856,5.0,559885.0
2018-10-01,0.9987065924616856,0.9987065924616856,0.9987065924616856,0.9987065924616856,10.0,78045.0
2018-10-02,0.9987065924616856,0.9987065924616856,0.9987065924616856,0.9987065924616856,38.0,514615.0
2018-10-03,0.9895019234067391,0.9895019234067391,0.9895019234067391,0.9895019234067391,4.0,30100.0
2018-10-04,0.9895019234067391,0.9895019234067391,0.9895019234067391,0.9895019234067391,5.0,20977.0
2018-10-05,0.9895019234067391,0.9895019234067391,0.9895019234067391,0.9895019234067391,7.0,63159.0
2018-10-08,0.9895019234067391,0.9895019234067391,0.9895019234067391,0.9895019234067391,9.0,44113.0
2018-10-09,0.9895019234067391,0.9895019234067391,0.9895019234067391,0.9895019234067391,16.0,243218.0
2018-10-10,0.9895019234067391,0.9895019234067391,0.9895019234067391,0.9895019234067391,11.0,141204.0
2018-10-11,0.9895019234067391,0.9895019234067391,0.9895019234067391,0.9895019234067391,19.0,350526.0
2018-10-12,0.9895019234067391,0.9895019234067391,0.9895019234067391,0.9895019234067391,4.0,101282.0
2018-10-15,0.9895019234067391,0.9895019234067391,0.9895019234067391,0.9895019234067391,8.0,37832.0
2018-10-16,0.9895019234067391,0.9895019234067391,0.9895019234067391,0.9895019234067391,5.0,30133.0
2018-10-17,0.9895019234067391,0.9895019234067391,0.9895019234067391,0.9895019234067391,17.0,212323.0
2018-10-18,0.9895019234067391,0.9895019234067391,0.9895019234067391,0.9895019234067391,7.0,142308.0
2018-10-19,0.9895019234067391,0.9895019234067391,0.9895019234067391,0.9895019234067391,8.0,87734.0
2018-10-22,0.9895019234067391,0.9895019234067391,0.9895019234067391,0.9895019234067391,5.0,32360.0
2018-10-23,0.9895019234067391,0.9895019234067391,0.9895019234067391,0.9895019234067391,3.0,11891.0
2018-10-24,0.9895019234067391,0.9895019234067391,0.9895019234067391,0.9895019234067391,3.0,25694.0
2018-10-25,0.9895019234067391,0.9895019234067391,0.9895019234067391,0.9895019234067391,11.0,126518.0
2018-10-26,0.9895019234067391,0.9895019234067391,0.9895019234067391,0.9895019234067391,3.0,2100.0
2018-10-29,0.9895019234067391,0.9895019234067391,0.9895019234067391,0.9895019234067391,4.0,8068.0
2018-10-30,0.9895019234067391,0.9895019234067391,0.9895019234067391,0.9895019234067391,16.0,715193.0
2018-10-31,0.9895019234067391,0.9895019234067391,0.9895019234067391,0.9895019234067391,31.0,631570.0
2018-11-01,0.9895019234067391,0.9895019234067391,0.9895019234067391,0.9895019234067391,34.0,4489107.0
2018-11-02,0.9895019234067391,0.9895019234067391,0.9895019234067391,0.9895019234067391,9.0,197557.0
2018-11-05,0.9895019234067391,0.9895019234067391,0.9895019234067391,0.9895019234067391,14.0,1212276.0
2018-11-06,0.9895019234067391,0.9895019234067391,0.9895019234067391,0.9895019234067391,20.0,164270.0
2018-11-07,0.9895019234067391,0.9895019234067391,0.9895019234067391,0.9895019234067391,21.0,287634.0
2018-11-08,0.9895019234067391,0.9895019234067391,0.9895019234067391,0.9895019234067391,192.0,2400081.0
2018-11-09,0.9895019234067391,0.9895019234067391,0.9895019234067391,0.9895019234067391,108.0,1446374.0
2018-11-12,0.9895019234067391,0.9895019234067391,0.9895019234067391,0.9895019234067391,93.0,1092865.0
2018-11-13,0.9895019234067391,0.9895019234067391,0.9895019234067391,0.9895019234067391,32.0,468979.0
2018-11-14,0.9895019234067391,0.9895019234067391,0.9895019234067391,0.9895019234067391,25.0,245934.0
2018-11-15,0.9895019234067391,0.9895019234067391,0.9895019234067391,0.9895019234067391,10.0,99761.0
2018-11-16,0.9895019234067391,0.9895019234067391,0.9895019234067391,0.9895019234067391,26.0,379800.0
2018-11-19,0.9895019234067391,0.9895019234067391,0.9895019234067391,0.9895019234067391,17.0,489201.0
2018-11-20,0.9895019234067391,0.9895019234067391,0.9895019234067391,0.9895019234067391,19.0,1543177.0
2018-11-21,0.9895019234067391,0.9895019234067391,0.9895019234067391,0.9895019234067391,20.0,555252.0
2018-11-22,0.9895019234067391,0.9895019234067391,0.9895019234067391,0.9895019234067391,14.0,705805.0
2018-11-23,0.9895019234067391,0.9895019234067391,0.9895019234067391,0.9895019234067391,18.0,2288001.0
2018-11-26,0.9895019234067391,0.9895019234067391,0.9895019234067391,0.9895019234067391,28.0,877452.0
2018-11-27,0.9895019234067391,0.9895019234067391,0.9895019234067391,0.9895019234067391,18.0,4981430.0
2018-11-28,0.9895019234067391,0.9895019234067391,0.9895019234067391,0.9895019234067391,21.0,693742.0
2018-11-29,0.9895019234067391,0.9895019234067391,0.9895019234067391,0.9895019234067391,22.0,488600.0
2018-11-30,0.9895019234067391,0.9895019234067391,0.9895019234067391,0.9895019234067391,14.0,404442.0
2018-12-03,0.9895019234067391,0.9895019234067391,0.9895019234067391,0.9895019234067391,130.0,4254994.0
2018-12-04,0.9895019234067391,0.9895019234067391,0.9895019234067391,0.9895019234067391,83.0,2396949.0
2018-12-05,0.9895019234067391,0.9895019234067391,0.9895019234067391,0.9895019234067391,9.0,46272.0
2018-12-06,0.9895019234067391,0.9895019234067391,0.9895019234067391,0.9895019234067391,18.0,508222.0
2018-12-07,0.9895019234067391,0.9895019234067391,0.9895019234067391,0.9895019234067391,16.0,1386524.0
2018-12-10,0.9895019234067391,0.9895019234067391,0.9895019234067391,0.9895019234067391,14.0,130648.0
2018-12-11,0.9895019234067391,0.9895019234067391,0.9895019234067391,0.9895019234067391,12.0,222786.0
2018-12-12,0.9895019234067391,0.9895019234067391,0.9895019234067391,0.9895019234067391,8.0,63333.0
2018-12-13,0.9895019234067391,0.9895019234067391,0.9895019234067391,0.9895019234067391,7.0,117562.0
2018-12-14,0.9895019234067391,0.9895019234067391,0.9895019234067391,0.9895019234067391,4.0,6791.0
2018-12-17,0.9895019234067391,0.9895019234067391,0.9895019234067391,0.9895019234067391,16.0,222766.0
2018-12-18,0.9895019234067391,0.9895019234067391,0.9895019234067391,0.9895019234067391,8.0,127234.0
2018-12-19,0.9895019234067391,0.9895019234067391,0.9895019234067391,0.9895019234067391,17.0,210471.0
2018-12-20,0.9895019234067391,0.9895019234067391,0.9895019234067391,0.9895019234067391,36.0,2992471.0
2018-12-21,0.9895019234067391,0.9895019234067391,0.9895019234067391,0.9895019234067391,10.0,1524976.0
2018-12-24,0.9895019234067391,0.9895019234067391,0.9895019234067391,0.9895019234067391,4.0,16458.0
2018-12-27,0.9895019234067391,0.9895019234067391,0.9895019234067391,0.9895019234067391,19.0,262921.0
2018-12-28,0.9895019234067391,0.9895019234067391,0.9895019234067391,0.9895019234067391,6.0,17333.0
2018-12-31,0.9802972543517928,0.9802972543517928,0.9802972543517928,0.9802972543517928,0.0,0.0
2019-01-02,0.9802972543517928,0.9836109352115736,0.97569491982432,0.9790086006841008,12.0,9228295.0
2019-01-03,0.9802972543517928,0.9802972543517928,0.9802972543517928,0.9802972543517928,6.0,57647.0
2019-01-04,0.9802972543517928,0.9839791219737714,0.9835280931900792,0.9872099608120578,3.0,30445.0
2019-01-07,0.9802972543517928,0.983749005247398,0.9783642738502544,0.9818160247458596,4.0,30030.0
2019-01-08,0.9802972543517928,0.9802972543517928,0.9802972543517928,0.9802972543517928,15.0,1420970.0
2019-01-09,0.9802972543517928,0.9802972543517928,0.9802972543517928,0.9802972543517928,6.0,176623.0
2019-01-10,0.9802972543517928,0.9802972543517928,0.9802972543517928,0.9802972543517928,23.0,1374661.0
2019-01-11,0.9802972543517928,0.9802972543517928,0.9802972543517928,0.9802972543517928,5.0,89169.0
2019-01-14,0.9802972543517928,0.9802972543517928,0.9802972543517928,0.9802972543517928,20.0,1298597.0
2019-01-15,0.9802972543517928,0.9802972543517928,0.9802972543517928,0.9802972543517928,39.0,728791.0
2019-01-16,0.9802972543517928,0.9802972543517928,0.9802972543517928,0.9802972543517928,12.0,1254060.0
2019-01-17,0.9802972543517928,0.9802972543517928,0.9802972543517928,0.9802972543517928,11.0,2758027.0
2019-01-18,0.9802972543517928,0.9802972543517928,0.9802972543517928,0.9802972543517928,47.0,1478620.0
2019-01-21,0.9802972543517928,0.9802972543517928,0.9802972543517928,0.9802972543517928,10.0,469562.0
2019-01-22,0.9802972543517928,0.9802972543517928,0.9802972543517928,0.9802972543517928,16.0,579074.0
2019-01-23,0.9802972543517928,0.9802972543517928,0.9802972543517928,0.9802972543517928,14.0,1137542.0
2019-01-24,0.9802972543517928,0.9802972543517928,0.9802972543517928,0.9802972543517928,34.0,791016.0
2019-01-25,0.9802972543517928,0.9802972543517928,0.9802972543517928,0.9802972543517928,37.0,818576.0
2019-01-28,0.9802972543517928,0.9802972543517928,0.9802972543517928,0.9802972543517928,14.0,121987.0
2019-01-29,0.9802972543517928,0.9802972543517928,0.9802972543517928,0.9802972543517928,7.0,78016.0
2019-01-30,0.9802972543517928,0.9802972543517928,0.9802972543517928,0.9802972543517928,13.0,119211.0
2019-01-31,0.9802972543517928,0.9802972543517928,0.9802972543517928,0.9802972543517928,18.0,1779095.0
2019-02-01,0.9802972543517928,0.9802972543517928,0.9802972543517928,0.9802972543517928,23.0,1502081.0
2019-02-04,0.9802972543517928,0.9802972543517928,0.9802972543517928,0.9802972543517928,15.0,340985.0
2019-02-05,0.9802972543517928,0.9802972543517928,0.9802972543517928,0.9802972543517928,7.0,119235.0
2019-02-06,0.9802972543517928,0.9802972543517928,0.9802972543517928,0.9802972543517928,11.0,1431920.0
2019-02-07,0.9802972543517928,0.9802972543517928,0.9802972543517928,0.9802972543517928,6.0,326752.0
2019-02-08,0.9802972543517928,0.9802972543517928,0.9802972543517928,0.9802972543517928,4.0,707601.0
2019-02-11,0.9802972543517928,0.9802972543517928,0.9802972543517928,0.9802972543517928,8.0,830714.0
2019-02-12,0.9802972543517928,0.9802972543517928,0.9802972543517928,0.9802972543517928,32.0,5040883.0
2019-02-13,0.9802972543517928,0.9802972543517928,0.9802972543517928,0.9802972543517928,12.0,195249.0
2019-02-14,0.9802972543517928,0.9802972543517928,0.9802972543517928,0.9802972543517928,5.0,125490.0
2019-02-15,0.9802972543517928,0.9802972543517928,0.9802972543517928,0.9802972543517928,13.0,300463.0
2019-02-18,0.9802972543517928,0.9802972543517928,0.9802972543517928,0.9802972543517928,5.0,211527.0
2019-02-19,0.9802972543517928,0.9802972543517928,0.9802972543517928,0.9802972543517928,9.0,208653.0
2019-02-20,0.9802972543517928,0.9802972543517928,0.9802972543517928,0.9802972543517928,8.0,1644088.0
2019-02-21,0.9802972543517928,0.9802972543517928,0.9802972543517928,0.9802972543517928,7.0,218095.0
2019-02-22,0.9802972543517928,0.9802972543517928,0.9802972543517928,0.9802972543517928,13.0,153733.0
2019-02-25,0.9802972543517928,0.9802972543517928,0.9802972543517928,0.9802972543517928,15.0,147666.0
2019-02-26,0.9802972543517928,0.9802972543517928,0.9802972543517928,0.9802972543517928,14.0,202436.0
2019-02-27,0.9802972543517928,0.9802972543517928,0.9802972543517928,0.9802972543517928,26.0,1797921.0
2019-02-28,0.9802972543517928,0.9802972543517928,0.9802972543517928,0.9802972543517928,17.0,1033044.0
2019-03-01,0.9802972543517928,0.9802972543517928,0.9802972543517928,0.9802972543517928,11.0,267418.0
2019-03-04,0.9802972543517928,0.9802972543517928,0.9802972543517928,0.9802972543517928,12.0,346468.0
2019-03-05,0.9802972543517928,0.9802972543517928,0.9802972543517928,0.9802972543517928,16.0,232489.0
2019-03-06,0.9802972543517928,0.9802972543517928,0.9802972543517928,0.9802972543517928,33.0,1894188.0
2019-03-07,0.9802972543517928,0.9802972543517928,0.9802972543517928,0.9802972543517928,17.0,444840.0
2019-03-08,0.9802972543517928,0.9802972543517928,0.9802972543517928,0.9802972543517928,28.0,401167.0
2019-03-11,0.9802972543517928,0.9802972543517928,0.9802972543517928,0.9802972543517928,16.0,278937.0
2019-03-12,0.9802972543517928,0.9802972543517928,0.9802972543517928,0.9802972543517928,7.0,38433.0
2019-03-13,0.9802972543517928,0.9802972543517928,0.9802972543517928,0.9802972543517928,20.0,1098795.0
2019-03-14,0.9802972543517928,0.9802972543517928,0.9802972543517928,0.9802972543517928,7.0,65307.0
2019-03-15,0.9802972543517928,0.9802972543517928,0.9802972543517928,0.9802972543517928,17.0,235104.0
2019-03-18,0.9802972543517928,0.9802972543517928,0.9802972543517928,0.9802972543517928,11.0,352150.0
2019-03-19,0.9802972543517928,0.9802972543517928,0.9802972543517928,0.9802972543517928,8.0,80282.0
2019-03-20,0.9802972543517928,0.9802972543517928,0.9802972543517928,0.9802972543517928,18.0,241171.0
2019-03-21,0.9802972543517928,0.9802972543517928,0.9802972543517928,0.9802972543517928,10.0,107539.0
2019-03-22,0.9802972543517928,0.9802972543517928,0.9802972543517928,0.9802972543517928,8.0,131558.0
2019-03-25,0.9727287149954688,0.9734571090095412,0.968671836942407,0.9694002309564794,6.0,40497.0
2019-03-26,0.9727287149954688,0.9733741274130012,0.968671836942407,0.9693172493599396,4.0,88791.0
2019-03-27,0.9727287149954688,0.9727287149954688,0.9727287149954688,0.9727287149954688,11.0,435754.0
2019-03-28,0.9727287149954688,0.9727287149954688,0.9727287149954688,0.9727287149954688,14.0,454751.0
2019-03-29,0.9727287149954688,0.973189723865135,0.973189723865135,0.9736507327348012,2.0,8443.0
2019-04-01,0.9727287149954688,0.9727287149954688,0.9727287149954688,0.9727287149954688,19.0,1219230.0
2019-04-02,0.9727287149954688,0.9727287149954688,0.9727287149954688,0.9727287149954688,18.0,1131241.0
2019-04-03,0.9727287149954688,0.9727287149954688,0.9727287149954688,0.9727287149954688,7.0,81296.0
2019-04-04,0.9727287149954688,0.9727287149954688,0.9727287149954688,0.9727287149954688,8.0,84294.0
2019-04-05,0.9727287149954688,0.9727287149954688,0.9727287149954688,0.9727287149954688,17.0,453230.0
2019-04-08,0.9727287149954688,0.9727287149954688,0.9727287149954688,0.9727287149954688,29.0,511107.0
2019-04-09,0.9727287149954688,0.9727287149954688,0.9727287149954688,0.9727287149954688,51.0,1381680.0
2019-04-10,0.9727287149954688,0.9727287149954688,0.9727287149954688,0.9727287149954688,17.0,233682.0
2019-04-11,0.9727287149954688,0.9727287149954688,0.9727287149954688,0.9727287149954688,43.0,4006123.0
2019-04-12,0.9727287149954688,0.9727287149954688,0.9727287149954688,0.9727287149954688,38.0,745773.0
2019-04-15,0.9727287149954688,0.9727287149954688,0.9727287149954688,0.9727287149954688,23.0,232943.0
2019-04-16,0.9727287149954688,0.9727287149954688,0.9727287149954688,0.9727287149954688,34.0,3572225.0
2019-04-17,0.9727287149954688,0.9727287149954688,0.9727287149954688,0.9727287149954688,20.0,521062.0
2019-04-18,0.9727287149954688,0.9727287149954688,0.9727287149954688,0.9727287149954688,13.0,390597.0
2019-04-23,0.9727287149954688,0.9727287149954688,0.9727287149954688,0.9727287149954688,36.0,498464.0
2019-04-24,0.9727287149954688,0.9727287149954688,0.9727287149954688,0.9727287149954688,27.0,523665.0
2019-04-25,0.9727287149954688,0.9727287149954688,0.9727287149954688,0.9727287149954688,11.0,281174.0
2019-04-26,0.9727287149954688,0.9727287149954688,0.9727287149954688,0.9727287149954688,19.0,442903.0
2019-04-29,0.9727287149954688,0.9727287149954688,0.9727287149954688,0.9727287149954688,14.0,589994.0
2019-04-30,0.9727287149954688,0.9727287149954688,0.9727287149954688,0.9727287149954688,24.0,608966.0
2019-05-01,0.9727287149954688,0.9727287149954688,0.9727287149954688,0.9727287149954688,19.0,1114643.0
2019-05-02,0.9727287149954688,0.9727287149954688,0.9727287149954688,0.9727287149954688,13.0,189581.0
2019-05-03,0.9727287149954688,0.9727287149954688,0.9727287149954688,0.9727287149954688,43.0,1075971.0
2019-05-06,0.9727287149954688,0.9727287149954688,0.9727287149954688,0.9727287149954688,0.0,0.0
2019-05-07,0.9727287149954688,0.9727287149954688,0.9727287149954688,0.9727287149954688,30.0,1030019.0
2019-05-08,0.9727287149954688,0.9727287149954688,0.9727287149954688,0.9727287149954688,16.0,313300.0
2019-05-09,0.9727287149954688,0.9727287149954688,0.9727287149954688,0.9727287149954688,15.0,2149806.0
2019-05-10,0.9727287149954688,0.9727287149954688,0.9727287149954688,0.9727287149954688,22.0,1549163.0
2019-05-13,0.9727287149954688,0.9727287149954688,0.9727287149954688,0.9727287149954688,13.0,323331.0
2019-05-14,0.9727287149954688,0.9727287149954688,0.9727287149954688,0.9727287149954688,11.0,149219.0
2019-05-15,0.9727287149954688,0.9727287149954688,0.9727287149954688,0.9727287149954688,36.0,1285462.0
2019-05-16,0.9727287149954688,0.9727287149954688,0.9727287149954688,0.9727287149954688,12.0,746096.0
2019-05-17,0.9727287149954688,0.9727287149954688,0.9727287149954688,0.9727287149954688,43.0,2775535.0
2019-05-20,0.9727287149954688,0.9727287149954688,0.9727287149954688,0.9727287149954688,33.0,2019639.0
2019-05-21,0.9727287149954688,0.9727287149954688,0.9727287149954688,0.9727287149954688,22.0,221840.0
2019-05-22,0.9727287149954688,0.9727287149954688,0.9727287149954688,0.9727287149954688,22.0,781321.0
2019-05-23,0.9727287149954688,0.9727287149954688,0.9727287149954688,0.9727287149954688,53.0,2595452.0
2019-05-24,0.9727287149954688,0.9727287149954688,0.9727287149954688,0.9727287149954688,26.0,262311.0
2019-05-27,0.9727287149954688,0.9727287149954688,0.9727287149954688,0.9727287149954688,0.0,0.0
2019-05-28,0.9727287149954688,0.9727287149954688,0.9727287149954688,0.9727287149954688,36.0,761832.0
2019-05-29,0.9727287149954688,0.9727287149954688,0.9727287149954688,0.9727287149954688,39.0,1270275.0
2019-05-30,0.9727287149954688,0.9727287149954688,0.9727287149954688,0.9727287149954688,17.0,152122.0
2019-05-31,0.9727287149954688,0.9727287149954688,0.9727287149954688,0.9727287149954688,32.0,743408.0
2019-06-03,0.9727287149954688,0.9727287149954688,0.9727287149954688,0.9727287149954688,19.0,436415.0
2019-06-04,0.9727287149954688,0.9727287149954688,0.9727287149954688,0.9727287149954688,36.0,1001716.0
2019-06-05,0.9727287149954688,0.9727287149954688,0.9727287149954688,0.9727287149954688,55.0,1124008.0
2019-06-06,0.9727287149954688,0.9727287149954688,0.9727287149954688,0.9727287149954688,43.0,768005.0
2019-06-07,0.9727287149954688,0.9727287149954688,0.9727287149954688,0.9727287149954688,32.0,670598.0
2019-06-10,0.9727287149954688,0.9727287149954688,0.9727287149954688,0.9727287149954688,30.0,350163.0
2019-06-11,0.9727287149954688,0.9727287149954688,0.9727287149954688,0.9727287149954688,44.0,1528486.0
2019-06-12,0.9727287149954688,0.9727287149954688,0.9727287149954688,0.9727287149954688,58.0,2188594.0
2019-06-13,0.9727287149954688,0.9727287149954688,0.9727287149954688,0.9727287149954688,22.0,628804.0
2019-06-14,0.9727287149954688,0.9727287149954688,0.9727287149954688,0.9727287149954688,12.0,215311.0
2019-06-17,0.9727287149954688,0.9727287149954688,0.9727287149954688,0.9727287149954688,6.0,45823.0
2019-06-18,0.9727287149954688,0.9727287149954688,0.9727287149954688,0.9727287149954688,28.0,2024205.0
2019-06-19,0.9727287149954688,0.9727287149954688,0.9727287149954688,0.9727287149954688,35.0,2382275.0
2019-06-20,0.9727287149954688,0.9727287149954688,0.9727287149954688,0.9727287149954688,16.0,59362.0
2019-06-21,0.9727287149954688,0.9727287149954688,0.9727287149954688,0.9727287149954688,18.0,3332163.0
2019-06-24,0.9727287149954688,0.9727287149954688,0.9727287149954688,0.9727287149954688,23.0,657917.0
2019-06-25,0.9727287149954688,0.9727287149954688,0.9727287149954688,0.9727287149954688,17.0,378315.0
2019-06-26,0.9727287149954688,0.9727287149954688,0.9727287149954688,0.9727287149954688,22.0,353437.0
2019-06-27,0.9727287149954688,0.9727287149954688,0.9727287149954688,0.9727287149954688,23.0,469158.0
2019-06-28,0.9727287149954688,0.9727287149954688,0.9727287149954688,0.9727287149954688,13.0,37736.0
2019-07-01,0.9727287149954688,0.9727287149954688,0.9727287149954688,0.9727287149954688,35.0,2577418.0
2019-07-02,0.9727287149954688,0.9727287149954688,0.9727287149954688,0.9727287149954688,62.0,1541254.0
2019-07-03,0.9727287149954688,0.9727287149954688,0.9727287149954688,0.9727287149954688,34.0,546735.0
2019-07-04,0.9727287149954688,0.9727287149954688,0.9727287149954688,0.9727287149954688,47.0,1194012.0
2019-07-05,0.9727287149954688,0.9727287149954688,0.9727287149954688,0.9727287149954688,22.0,2204608.0
2019-07-08,0.9727287149954688,0.9727287149954688,0.9727287149954688,0.9727287149954688,11.0,67630.0
2019-07-09,0.9727287149954688,0.9727287149954688,0.9727287149954688,0.9727287149954688,25.0,1141542.0
2019-07-10,0.9727287149954688,0.9727287149954688,0.9727287149954688,0.9727287149954688,47.0,1676605.0
2019-07-11,0.9727287149954688,0.9727287149954688,0.9727287149954688,0.9727287149954688,24.0,1942212.0
2019-07-12,0.9727287149954688,0.9727287149954688,0.9727287149954688,0.9727287149954688,25.0,840038.0
2019-07-15,0.9727287149954688,0.9727287149954688,0.9727287149954688,0.9727287149954688,27.0,484261.0
2019-07-16,0.9727287149954688,0.9727287149954688,0.9727287149954688,0.9727287149954688,29.0,681444.0
2019-07-17,0.9727287149954688,0.9727287149954688,0.9727287149954688,0.9727287149954688,19.0,1330433.0
2019-07-18,0.9727287149954688,0.9727287149954688,0.9727287149954688,0.9727287149954688,60.0,2925353.0
2019-07-19,0.9727287149954688,0.9727287149954688,0.9727287149954688,0.9727287149954688,37.0,1440432.0
2019-07-22,0.9727287149954688,0.9727287149954688,0.9727287149954688,0.9727287149954688,36.0,829000.0
2019-07-23,0.9727287149954688,0.9727287149954688,0.9727287149954688,0.9727287149954688,20.0,296157.0
2019-07-24,0.9727287149954688,0.9727287149954688,0.9727287149954688,0.9727287149954688,26.0,412231.0
2019-07-25,0.9727287149954688,0.9727287149954688,0.9727287149954688,0.9727287149954688,11.0,139879.0
2019-07-26,0.9727287149954688,0.9727287149954688,0.9727287149954688,0.9727287149954688,33.0,608343.0
2019-07-29,0.9727287149954688,0.9727287149954688,0.9727287149954688,0.9727287149954688,32.0,1895348.0
2019-07-30,0.9727287149954688,0.9727287149954688,0.9727287149954688,0.9727287149954688,71.0,6110177.0
2019-07-31,0.9727287149954688,0.9727287149954688,0.9727287149954688,0.9727287149954688,20.0,1234040.0
2019-08-01,0.9727287149954688,0.9727287149954688,0.9727287149954688,0.9727287149954688,24.0,2796086.0
2019-08-02,0.9727287149954688,0.9727287149954688,0.9727287149954688,0.9727287149954688,36.0,3647179.0
2019-08-05,0.9727287149954688,0.9727287149954688,0.9727287149954688,0.9727287149954688,13.0,512709.0
2019-08-06,0.9727287149954688,0.9727287149954688,0.9727287149954688,0.9727287149954688,14.0,115288.0
2019-08-07,0.9727287149954688,0.9727287149954688,0.9727287149954688,0.9727287149954688,27.0,755706.0
2019-08-08,0.9727287149954688,0.9727287149954688,0.9727287149954688,0.9727287149954688,13.0,95911.0
2019-08-09,0.9727287149954688,0.9727287149954688,0.9727287149954688,0.9727287149954688,24.0,248676.0
2019-08-12,0.9727287149954688,0.9727287149954688,0.9727287149954688,0.9727287149954688,14.0,332452.0
2019-08-13,0.9727287149954688,0.9727287149954688,0.9727287149954688,0.9727287149954688,16.0,607520.0
2019-08-14,0.9727287149954688,0.9727287149954688,0.9727287149954688,0.9727287149954688,16.0,481572.0
2019-08-15,0.9727287149954688,0.9727287149954688,0.9727287149954688,0.9727287149954688,71.0,813718.0
2019-08-16,0.9727287149954688,0.9727287149954688,0.9727287149954688,0.9727287149954688,25.0,1125531.0
2019-08-19,0.9727287149954688,0.9727287149954688,0.9727287149954688,0.9727287149954688,13.0,166943.0
2019-08-20,0.9727287149954688,0.9727287149954688,0.9727287149954688,0.9727287149954688,14.0,167551.0
2019-08-21,0.9727287149954688,0.9727287149954688,0.9727287149954688,0.9727287149954688,14.0,575572.0
2019-08-22,0.9727287149954688,0.9727287149954688,0.9727287149954688,0.9727287149954688,23.0,875886.0
2019-08-23,0.9727287149954688,0.9727287149954688,0.9727287149954688,0.9727287149954688,23.0,547713.0
2019-08-26,0.9727287149954688,0.9727287149954688,0.9727287149954688,0.9727287149954688,0.0,0.0
2019-08-27,0.9727287149954688,0.9727287149954688,0.9727287149954688,0.9727287149954688,14.0,519912.0
2019-08-28,0.9727287149954688,0.9727287149954688,0.9727287149954688,0.9727287149954688,8.0,108812.0
2019-08-29,0.9727287149954688,0.9727287149954688,0.9727287149954688,0.9727287149954688,17.0,502178.0
2019-08-30,0.9727287149954688,0.9727287149954688,0.9727287149954688,0.9727287149954688,19.0,581003.0
2019-09-02,0.9727287149954688,0.9727287149954688,0.9727287149954688,0.9727287149954688,29.0,291274.0
2019-09-03,0.9727287149954688,0.9727287149954688,0.9727287149954688,0.9727287149954688,20.0,314216.0
2019-09-04,0.9727287149954688,0.9727287149954688,0.9727287149954688,0.9727287149954688,49.0,815310.0
2019-09-05,0.9727287149954688,0.9727287149954688,0.9727287149954688,0.9727287149954688,39.0,779948.0
2019-09-06,0.9727287149954688,0.9727287149954688,0.9727287149954688,0.9727287149954688,19.0,594601.0
2019-09-09,0.9727287149954688,0.9727287149954688,0.9727287149954688,0.9727287149954688,19.0,656983.0
2019-09-10,0.9727287149954688,0.9727287149954688,0.9727287149954688,0.9727287149954688,14.0,137167.0
2019-09-11,0.9727287149954688,0.9727287149954688,0.9727287149954688,0.9727287149954688,20.0,291012.0
2019-09-12,0.9727287149954688,0.9727287149954688,0.9727287149954688,0.9727287149954688,25.0,2420700.0
2019-09-13,0.9727287149954688,0.9727287149954688,0.9727287149954688,0.9727287149954688,14.0,577582.0
2019-09-16,0.9727287149954688,0.9727287149954688,0.9727287149954688,0.9727287149954688,19.0,460196.0
2019-09-17,0.9727287149954688,0.9727287149954688,0.9727287149954688,0.9727287149954688,8.0,336438.0
2019-09-18,0.9727287149954688,0.9727287149954688,0.9727287149954688,0.9727287149954688,25.0,816501.0
2019-09-19,0.9727287149954688,0.9727287149954688,0.9727287149954688,0.9727287149954688,6.0,16705.0
2019-09-20,0.9727287149954688,0.9727287149954688,0.9727287149954688,0.9727287149954688,8.0,171632.0
2019-09-23,0.9727287149954688,0.9727287149954688,0.9727287149954688,0.9727287149954688,32.0,1756989.0
2019-09-24,0.9727287149954688,0.9727287149954688,0.9727287149954688,0.9727287149954688,11.0,45960.0
2019-09-25,0.9727287149954688,0.9727287149954688,0.9727287149954688,0.9727287149954688,17.0,83201.0
2019-09-26,0.9727287149954688,0.9727287149954688,0.9727287149954688,0.9727287149954688,17.0,463473.0
2019-09-27,0.9727287149954688,0.9727287149954688,0.9727287149954688,0.9727287149954688,18.0,162685.0
2019-09-30,0.9727287149954688,0.9727287149954688,0.9727287149954688,0.9727287149954688,13.0,279376.0
2019-10-01,0.9727287149954688,0.9727287149954688,0.9727287149954688,0.9727287149954688,14.0,183838.0
2019-10-02,0.9727287149954688,0.9727287149954688,0.9727287149954688,0.9727287149954688,24.0,2030804.0
2019-10-03,0.9727287149954688,0.9727287149954688,0.9727287149954688,0.9727287149954688,28.0,3259979.0
2019-10-04,0.9727287149954688,0.9727287149954688,0.9727287149954688,0.9727287149954688,33.0,3846233.0
2019-10-07,0.9727287149954688,0.9727287149954688,0.9727287149954688,0.9727287149954688,19.0,1755282.0
2019-10-08,0.9727287149954688,0.9727287149954688,0.9727287149954688,0.9727287149954688,14.0,286284.0
2019-10-09,0.9727287149954688,0.9727287149954688,0.9727287149954688,0.9727287149954688,32.0,2033608.0
2019-10-10,0.9727287149954688,0.9727287149954688,0.9727287149954688,0.9727287149954688,31.0,1336707.0
2019-10-11,0.9727287149954688,0.9727287149954688,0.9727287149954688,0.9727287149954688,29.0,362270.0
2019-10-14,0.9727287149954688,0.9727287149954688,0.9727287149954688,0.9727287149954688,35.0,1251576.0
2019-10-15,0.9727287149954688,0.9727287149954688,0.9727287149954688,0.9727287149954688,9.0,185095.0
2019-10-16,0.9727287149954688,0.9727287149954688,0.9727287149954688,0.9727287149954688,19.0,643093.0
2019-10-17,0.9727287149954688,0.9727287149954688,0.9727287149954688,0.9727287149954688,61.0,1023566.0
2019-10-18,0.9727287149954688,0.9727287149954688,0.9727287149954688,0.9727287149954688,35.0,1533171.0
2019-10-21,0.9727287149954688,0.9727287149954688,0.9727287149954688,0.9727287149954688,15.0,176548.0
2019-10-22,0.9727287149954688,0.9727287149954688,0.9727287149954688,0.9727287149954688,22.0,252618.0
2019-10-23,0.9727287149954688,0.9727287149954688,0.9727287149954688,0.9727287149954688,9.0,355895.0
2019-10-24,0.9727287149954688,0.9727287149954688,0.9727287149954688,0.9727287149954688,20.0,622183.0
2019-10-25,0.9727287149954688,0.9727287149954688,0.9727287149954688,0.9727287149954688,18.0,1632080.0
2019-10-28,0.9727287149954688,0.9727287149954688,0.9727287149954688,0.9727287149954688,25.0,950497.0
2019-10-29,0.9727287149954688,0.9727287149954688,0.9727287149954688,0.9727287149954688,16.0,133638.0
2019-10-30,0.9727287149954688,0.9727287149954688,0.9727287149954688,0.9727287149954688,14.0,93871.0
2019-10-31,0.9727287149954688,0.9727287149954688,0.9727287149954688,0.9727287149954688,21.0,662952.0
2019-11-01,0.9727287149954688,0.9727287149954688,0.9727287149954688,0.9727287149954688,17.0,615949.0
2019-11-04,0.9727287149954688,0.9727287149954688,0.9727287149954688,0.9727287149954688,16.0,227461.0
2019-11-05,0.9727287149954688,0.9727287149954688,0.9727287149954688,0.9727287149954688,12.0,178660.0
2019-11-06,0.9727287149954688,0.9727287149954688,0.9727287149954688,0.9727287149954688,13.0,473371.0
2019-11-07,0.9727287149954688,0.9727287149954688,0.9727287149954688,0.9727287149954688,10.0,1769995.0
2019-11-08,0.9727287149954688,0.9727287149954688,0.9727287149954688,0.9727287149954688,16.0,1553336.0
2019-11-11,0.9727287149954688,0.9727287149954688,0.9727287149954688,0.9727287149954688,39.0,1242422.0
2019-11-12,0.9727287149954688,0.9727287149954688,0.9727287149954688,0.9727287149954688,30.0,2143700.0
2019-11-13,0.9727287149954688,0.9727287149954688,0.9727287149954688,0.9727287149954688,43.0,1369936.0
2019-11-14,0.9727287149954688,0.9727287149954688,0.9727287149954688,0.9727287149954688,75.0,5057953.0
2019-11-15,0.9727287149954688,0.9727287149954688,0.9727287149954688,0.9727287149954688,28.0,1368042.0
2019-11-18,0.9727287149954688,0.9727287149954688,0.9727287149954688,0.9727287149954688,10.0,79767.0
2019-11-19,0.9727287149954688,0.9727287149954688,0.9727287149954688,0.9727287149954688,20.0,904432.0
2019-11-20,0.9727287149954688,0.9727287149954688,0.9727287149954688,0.9727287149954688,36.0,614218.0
2019-11-21,0.9727287149954688,0.9727287149954688,0.9727287149954688,0.9727287149954688,17.0,499145.0
2019-11-22,0.9727287149954688,0.9727287149954688,0.9727287149954688,0.9727287149954688,23.0,1527639.0
2019-11-25,0.9727287149954688,0.9727287149954688,0.9727287149954688,0.9727287149954688,9.0,126928.0
2019-11-26,0.9727287149954688,0.9727287149954688,0.9727287149954688,0.9727287149954688,26.0,844394.0
2019-11-27,0.9727287149954688,0.9727287149954688,0.9727287149954688,0.9727287149954688,28.0,972526.0
2019-11-28,0.9727287149954688,0.9727287149954688,0.9727287149954688,0.9727287149954688,12.0,331728.0
2019-11-29,0.9727287149954688,0.9727287149954688,0.9727287149954688,0.9727287149954688,8.0,7595.0
2019-12-02,0.9727287149954688,0.9727287149954688,0.9727287149954688,0.9727287149954688,30.0,1365477.0
2019-12-03,0.9727287149954688,0.9727287149954688,0.9727287149954688,0.9727287149954688,52.0,940514.0
2019-12-04,0.9727287149954688,0.9727287149954688,0.9727287149954688,0.9727287149954688,40.0,1487315.0
2019-12-05,0.9727287149954688,0.9727287149954688,0.9727287149954688,0.9727287149954688,103.0,3083163.0
2019-12-06,0.9727287149954688,0.9727287149954688,0.9727287149954688,0.9727287149954688,11.0,681733.0
2019-12-09,0.9727287149954688,0.9727287149954688,0.9727287149954688,0.9727287149954688,8.0,104848.0
2019-12-10,0.9727287149954688,0.9727287149954688,0.9727287149954688,0.9727287149954688,24.0,297478.0
2019-12-11,0.9727287149954688,0.9727287149954688,0.9727287149954688,0.9727287149954688,34.0,427768.0
2019-12-12,0.9727287149954688,0.9727287149954688,0.9727287149954688,0.9727287149954688,14.0,54408.0
2019-12-13,0.9727287149954688,0.9727287149954688,0.9727287149954688,0.9727287149954688,25.0,3788386.0
2019-12-16,0.9727287149954688,0.9727287149954688,0.9727287149954688,0.9727287149954688,49.0,1419995.0
2019-12-17,0.9727287149954688,0.9727287149954688,0.9727287149954688,0.9727287149954688,37.0,221594.0
2019-12-18,0.9727287149954688,0.9727287149954688,0.9727287149954688,0.9727287149954688,101.0,4098298.0
2019-12-19,0.9727287149954688,0.9727287149954688,0.9727287149954688,0.9727287149954688,155.0,3694114.0
2019-12-20,0.9727287149954688,0.9727287149954688,0.9727287149954688,0.9727287149954688,29.0,789877.0
2019-12-23,0.9727287149954688,0.9727287149954688,0.9727287149954688,0.9727287149954688,15.0,1774497.0
2019-12-24,0.9727287149954688,0.9727287149954688,0.9727287149954688,0.9727287149954688,19.0,366860.0
2019-12-27,0.9727287149954688,0.9727287149954688,0.9727287149954688,0.9727287149954688,21.0,90905.0
2019-12-30,0.9727287149954688,0.9727287149954688,0.9727287149954688,0.9727287149954688,46.0,148457.0
2019-12-31,0.9727287149954688,0.9727287149954688,0.9727287149954688,0.9727287149954688,4.0,110921.0
2020-01-02,0.9727287149954688,0.9727287149954688,0.9727287149954688,0.9727287149954688,18.0,549647.0
2020-01-03,0.9727287149954688,0.9727287149954688,0.9727287149954688,0.9727287149954688,18.0,1332640.0
2020-01-06,0.9727287149954688,0.9727287149954688,0.9727287149954688,0.9727287149954688,38.0,2670551.0
2020-01-07,0.9727287149954688,0.9727287149954688,0.9727287149954688,0.9727287149954688,18.0,381855.0
2020-01-08,0.9727287149954688,0.9727287149954688,0.9727287149954688,0.9727287149954688,13.0,2260116.0
2020-01-09,0.9727287149954688,0.9727287149954688,0.9727287149954688,0.9727287149954688,25.0,2033643.0
2020-01-10,0.9727287149954688,0.9727287149954688,0.9727287149954688,0.9727287149954688,46.0,2097647.0
2020-01-13,0.9727287149954688,0.9727287149954688,0.9727287149954688,0.9727287149954688,47.0,925373.0
2020-01-14,0.9727287149954688,0.9727287149954688,0.9727287149954688,0.9727287149954688,34.0,491100.0
2020-01-15,0.9727287149954688,0.9727287149954688,0.9727287149954688,0.9727287149954688,45.0,663766.0
2020-01-16,0.9727287149954688,0.9727287149954688,0.9727287149954688,0.9727287149954688,55.0,640289.0
2020-01-17,0.9727287149954688,0.9727287149954688,0.9727287149954688,0.9727287149954688,59.0,2196094.0
2020-01-20,0.9727287149954688,0.9727287149954688,0.9727287149954688,0.9727287149954688,25.0,2178440.0
2020-01-21,0.9727287149954688,0.9727287149954688,0.9727287149954688,0.9727287149954688,23.0,950699.0
2020-01-22,0.9727287149954688,0.9727287149954688,0.9727287149954688,0.9727287149954688,14.0,198458.0
2020-01-23,0.9727287149954688,0.9727287149954688,0.9727287149954688,0.9727287149954688,22.0,483646.0
2020-01-24,0.9727287149954688,0.9727287149954688,0.9727287149954688,0.9727287149954688,17.0,5990602.0
2020-01-27,0.9727287149954688,0.9727287149954688,0.9727287149954688,0.9727287149954688,49.0,887971.0
2020-01-28,0.9727287149954688,0.9727287149954688,0.9727287149954688,0.9727287149954688,13.0,875522.0
2020-01-29,0.9727287149954688,0.9727287149954688,0.9727287149954688,0.9727287149954688,48.0,153872.0
2020-01-30,0.9727287149954688,0.9727287149954688,0.9727287149954688,0.9727287149954688,25.0,118815.0
2020-01-31,0.9727287149954688,0.9727287149954688,0.9727287149954688,0.9727287149954688,46.0,391723.0
2020-02-03,0.9727287149954688,0.9727287149954688,0.9727287149954688,0.9727287149954688,11.0,127625.0
2020-02-04,0.9727287149954688,0.9727287149954688,0.9727287149954688,0.9727287149954688,47.0,1956236.0
2020-02-05,0.9727287149954688,0.9727287149954688,0.9727287149954688,0.9727287149954688,49.0,150594.0
2020-02-06,0.9727287149954688,0.9727287149954688,0.9727287149954688,0.9727287149954688,53.0,601173.0
2020-02-07,0.9727287149954688,0.9727287149954688,0.9727287149954688,0.9727287149954688,69.0,244488.0
2020-02-10,0.9727287149954688,0.9727287149954688,0.9727287149954688,0.9727287149954688,29.0,175891.0
2020-02-11,0.9727287149954688,0.9727287149954688,0.9727287149954688,0.9727287149954688,12.0,382947.0
2020-02-12,0.9727287149954688,0.9727287149954688,0.9727287149954688,0.9727287149954688,66.0,1141498.0
2020-02-13,0.9727287149954688,0.9727287149954688,0.9727287149954688,0.9727287149954688,18.0,3487943.0
2020-02-14,0.9727287149954688,0.9727287149954688,0.9727287149954688,0.9727287149954688,49.0,407288.0
2020-02-17,0.9727287149954688,0.9727287149954688,0.9727287149954688,0.9727287149954688,60.0,3098677.0
2020-02-18,0.9727287149954688,0.9727287149954688,0.9727287149954688,0.9727287149954688,16.0,530167.0
2020-02-19,0.9727287149954688,0.9727287149954688,0.9727287149954688,0.9727287149954688,24.0,342340.0
2020-02-20,0.9727287149954688,0.9727287149954688,0.9727287149954688,0.9727287149954688,68.0,2028360.0
2020-02-21,0.9727287149954688,0.9727287149954688,0.9727287149954688,0.9727287149954688,112.0,3593126.0
2020-02-24,0.9727287149954688,0.9727287149954688,0.9727287149954688,0.9727287149954688,21.0,785631.0
2020-02-25,0.9727287149954688,0.9727287149954688,0.9727287149954688,0.9727287149954688,12.0,315685.0
2020-02-26,0.9727287149954688,0.9727287149954688,0.9727287149954688,0.9727287149954688,36.0,900558.0
2020-02-27,0.9727287149954688,0.9727287149954688,0.9727287149954688,0.9727287149954688,83.0,1907940.0
2020-02-28,0.9727287149954688,0.9727287149954688,0.9727287149954688,0.9727287149954688,86.0,2903376.0
2020-03-02,0.9727287149954688,0.9727287149954688,0.9727287149954688,0.9727287149954688,32.0,385668.0
2020-03-03,0.9727287149954688,0.9727287149954688,0.9727287149954688,0.9727287149954688,115.0,6071821.0
2020-03-04,0.9727287149954688,0.9727287149954688,0.9727287149954688,0.9727287149954688,22.0,182738.0
2020-03-05,0.9727287149954688,0.9727287149954688,0.9727287149954688,0.9727287149954688,65.0,347823.0
2020-03-06,0.9727287149954688,0.9727287149954688,0.9727287149954688,0.9727287149954688,20.0,493433.0
2020-03-09,0.9727287149954688,0.9727287149954688,0.9727287149954688,0.9727287149954688,49.0,527928.0
2020-03-10,0.9727287149954688,0.9727287149954688,0.9727287149954688,0.9727287149954688,27.0,465475.0
2020-03-11,0.9727287149954688,0.9727287149954688,0.9727287149954688,0.9727287149954688,14.0,460954.0
2020-03-12,0.9727287149954688,0.9727287149954688,0.9727287149954688,0.9727287149954688,16.0,478860.0
2020-03-13,0.9727287149954688,0.9727287149954688,0.9727287149954688,0.9727287149954688,65.0,487915.0
2020-03-16,0.9727287149954688,0.9727287149954688,0.9727287149954688,0.9727287149954688,85.0,8406576.0
2020-03-17,0.9727287149954688,0.9727287149954688,0.9727287149954688,0.9727287149954688,139.0,3864860.0
2020-03-18,0.9727287149954688,0.9727287149954688,0.9727287149954688,0.9727287149954688,58.0,2596980.0
2020-03-19,0.9727287149954688,0.9727287149954688,0.9727287149954688,0.9727287149954688,28.0,8840214.0
2020-03-20,0.9727287149954688,0.9727287149954688,0.9727287149954688,0.9727287149954688,40.0,693046.0
2020-03-23,0.9727287149954688,0.9727287149954688,0.9727287149954688,0.9727287149954688,29.0,269912.0
2020-03-24,0.9727287149954688,0.9727287149954688,0.9727287149954688,0.9727287149954688,63.0,471150.0
2020-03-25,0.9727287149954688,0.9727287149954688,0.9727287149954688,0.9727287149954688,46.0,1534326.0
2020-03-26,0.9727287149954688,0.9727287149954688,0.9727287149954688,0.9727287149954688,48.0,1937752.0
2020-03-27,0.9727287149954688,0.9727287149954688,0.9727287149954688,0.9727287149954688,70.0,941196.0
2020-03-30,0.9727287149954688,0.9727287149954688,0.9727287149954688,0.9727287149954688,19.0,1393608.0
2020-03-31,0.9727287149954688,0.9727287149954688,0.9727287149954688,0.9727287149954688,123.0,460107.0
2020-04-01,0.9727287149954688,0.9727287149954688,0.9727287149954688,0.9727287149954688,70.0,661810.0
2020-04-02,0.9727287149954688,0.9727287149954688,0.9727287149954688,0.9727287149954688,30.0,1381196.0
2020-04-03,0.9727287149954688,0.9727287149954688,0.9727287149954688,0.9727287149954688,32.0,3849431.0
2020-04-06,0.9727287149954688,0.9727287149954688,0.9727287149954688,0.9727287149954688,26.0,552779.0
2020-04-07,0.9727287149954688,0.9727287149954688,0.9727287149954688,0.9727287149954688,55.0,503537.0
2020-04-08,0.9727287149954688,0.9727287149954688,0.9727287149954688,0.9727287149954688,36.0,906565.0
2020-04-09,0.9727287149954688,0.9727287149954688,0.9727287149954688,0.9727287149954688,76.0,2217615.0
2020-04-14,0.9727287149954688,0.9727287149954688,0.9727287149954688,0.9727287149954688,32.0,347500.0
2020-04-15,0.9727287149954688,0.9727287149954688,0.9727287149954688,0.9727287149954688,22.0,244757.0
2020-04-16,0.9727287149954688,0.9727287149954688,0.9727287149954688,0.9727287149954688,29.0,528520.0
2020-04-17,0.9727287149954688,0.9727287149954688,0.9727287149954688,0.9727287149954688,52.0,596259.0
2020-04-20,0.9727287149954688,0.9727287149954688,0.9727287149954688,0.9727287149954688,57.0,521159.0
2020-04-21,0.9727287149954688,0.9727287149954688,0.9727287149954688,0.9727287149954688,52.0,623547.0
2020-04-22,0.9727287149954688,0.9727287149954688,0.9727287149954688,0.9727287149954688,34.0,354195.0
2020-04-23,0.9727287149954688,0.9727287149954688,0.9727287149954688,0.9727287149954688,43.0,396586.0
2020-04-24,0.9727287149954688,0.9727287149954688,0.9727287149954688,0.9727287149954688,21.0,2008960.0
2020-04-27,0.9727287149954688,0.9727287149954688,0.9727287149954688,0.9727287149954688,21.0,200051.0
2020-04-28,0.9727287149954688,0.9727287149954688,0.9727287149954688,0.9727287149954688,30.0,1393576.0
2020-04-29,0.9727287149954688,0.9727287149954688,0.9727287149954688,0.9727287149954688,50.0,1172133.0
2020-04-30,0.9727287149954688,0.9727287149954688,0.9727287149954688,0.9727287149954688,33.0,189873.0
2020-05-01,0.9727287149954688,0.9727287149954688,0.9727287149954688,0.9727287149954688,33.0,868929.0
2020-05-04,0.9727287149954688,0.9727287149954688,0.9727287149954688,0.9727287149954688,29.0,2166648.0
2020-05-05,0.9727287149954688,0.9727287149954688,0.9727287149954688,0.9727287149954688,50.0,1082030.0
2020-05-06,0.9727287149954688,0.9727287149954688,0.9727287149954688,0.9727287149954688,39.0,435454.0
2020-05-07,0.9727287149954688,0.9727287149954688,0.9727287149954688,0.9727287149954688,31.0,288769.0
2020-05-08,0.9727287149954688,0.9727287149954688,0.9727287149954688,0.9727287149954688,0.0,0.0
2020-05-11,0.9727287149954688,0.9727287149954688,0.9727287149954688,0.9727287149954688,40.0,230209.0
2020-05-12,0.9727287149954688,0.9727287149954688,0.9727287149954688,0.9727287149954688,33.0,407928.0
2020-05-13,0.9727287149954688,0.9727287149954688,0.9727287149954688,0.9727287149954688,21.0,268144.0
2020-05-14,0.9727287149954688,0.9727287149954688,0.9727287149954688,0.9727287149954688,28.0,412412.0
2020-05-15,0.9727287149954688,0.9727287149954688,0.9727287149954688,0.9727287149954688,24.0,253920.0
2020-05-18,0.9727287149954688,0.9727287149954688,0.9727287149954688,0.9727287149954688,57.0,1287582.0
2020-05-19,0.9727287149954688,0.9727287149954688,0.9727287149954688,0.9727287149954688,20.0,188394.0
2020-05-20,0.9727287149954688,0.9727287149954688,0.9727287149954688,0.9727287149954688,20.0,303356.0
2020-05-21,0.9727287149954688,0.9727287149954688,0.9727287149954688,0.9727287149954688,35.0,811949.0
2020-05-22,0.9727287149954688,0.9727287149954688,0.9727287149954688,0.9727287149954688,22.0,64211.0
2020-05-25,0.9727287149954688,0.9727287149954688,0.9727287149954688,0.9727287149954688,0.0,0.0
2020-05-26,0.9727287149954688,0.9727287149954688,0.9727287149954688,0.9727287149954688,19.0,307211.0
2020-05-27,0.9727287149954688,0.9727287149954688,0.9727287149954688,0.9727287149954688,64.0,3678792.0
2020-05-28,0.9727287149954688,0.9727287149954688,0.9727287149954688,0.9727287149954688,42.0,2752494.0
2020-05-29,0.9727287149954688,0.9727287149954688,0.9727287149954688,0.9727287149954688,11.0,179371.0
2020-06-01,0.9727287149954688,0.9727287149954688,0.9727287149954688,0.9727287149954688,16.0,644134.0
2020-06-02,0.9727287149954688,0.9727287149954688,0.9727287149954688,0.9727287149954688,27.0,2095015.0
2020-06-03,0.9727287149954688,0.9727287149954688,0.9727287149954688,0.9727287149954688,29.0,1108519.0
2020-06-04,0.9727287149954688,0.9727287149954688,0.9727287149954688,0.9727287149954688,22.0,996293.0
2020-06-05,0.9727287149954688,0.9727287149954688,0.9727287149954688,0.9727287149954688,33.0,547339.0
2020-06-08,0.9727287149954688,0.9727287149954688,0.9727287149954688,0.9727287149954688,34.0,915608.0
2020-06-09,0.9727287149954688,0.9727287149954688,0.9727287149954688,0.9727287149954688,16.0,578067.0
2020-06-10,0.9727287149954688,0.9727287149954688,0.9727287149954688,0.9727287149954688,14.0,1290438.0
2020-06-11,0.9727287149954688,0.9727287149954688,0.9727287149954688,0.9727287149954688,44.0,630484.0
2020-06-12,0.9727287149954688,0.9727287149954688,0.9727287149954688,0.9727287149954688,18.0,2298755.0
2020-06-15,0.9727287149954688,0.9727287149954688,0.9727287149954688,0.9727287149954688,39.0,505190.0
2020-06-16,0.9727287149954688,0.9727287149954688,0.9727287149954688,0.9727287149954688,18.0,679861.0
2020-06-17,0.9727287149954688,0.9727287149954688,0.9727287149954688,0.9727287149954688,25.0,1321813.0
2020-06-18,0.9727287149954688,0.9727287149954688,0.9727287149954688,0.9727287149954688,26.0,500597.0
2020-06-19,0.9727287149954688,0.9727287149954688,0.9727287149954688,0.9727287149954688,70.0,1297340.0
2020-06-22,0.9727287149954688,0.9727287149954688,0.9727287149954688,0.9727287149954688,41.0,11541499.0
2020-06-23,0.9727287149954688,0.9727287149954688,0.9727287149954688,0.9727287149954688,24.0,635511.0
2020-06-24,0.9727287149954688,0.9727287149954688,0.9727287149954688,0.9727287149954688,50.0,3353136.0
2020-06-25,0.9727287149954688,0.9727287149954688,0.9727287149954688,0.9727287149954688,21.0,446031.0
2020-06-26,0.9727287149954688,0.9727287149954688,0.9727287149954688,0.9727287149954688,14.0,420886.0
2020-06-29,0.9727287149954688,0.9727287149954688,0.9727287149954688,0.9727287149954688,18.0,253123.0
2020-06-30,0.9727287149954688,0.9727287149954688,0.9727287149954688,0.9727287149954688,19.0,764298.0
2020-07-01,0.9727287149954688,0.9727287149954688,0.9727287149954688,0.9727287149954688,29.0,333202.0
2020-07-02,0.9727287149954688,0.9727287149954688,0.9727287149954688,0.9727287149954688,52.0,1615549.0
2020-07-03,0.9727287149954688,0.9727287149954688,0.9727287149954688,0.9727287149954688,39.0,947624.0
2020-07-06,0.9727287149954688,0.9727287149954688,0.9727287149954688,0.9727287149954688,83.0,1207068.0
2020-07-07,0.9727287149954688,0.9727287149954688,0.9727287149954688,0.9727287149954688,64.0,1330372.0
2020-07-08,0.9727287149954688,0.9727287149954688,0.9727287149954688,0.9727287149954688,32.0,331140.0
2020-07-09,0.9727287149954688,0.9727287149954688,0.9727287149954688,0.9727287149954688,40.0,647696.0
2020-07-10,0.9727287149954688,0.9727287149954688,0.9727287149954688,0.9727287149954688,42.0,1173038.0
2020-07-13,0.9727287149954688,0.9727287149954688,0.9727287149954688,0.9727287149954688,23.0,232616.0
2020-07-14,0.9727287149954688,0.9727287149954688,0.9727287149954688,0.9727287149954688,44.0,203019.0
2020-07-15,0.9727287149954688,0.9727287149954688,0.9727287149954688,0.9727287149954688,25.0,460110.0
2020-07-16,0.9727287149954688,0.9727287149954688,0.9727287149954688,0.9727287149954688,61.0,1813652.0
2020-07-17,0.9727287149954688,0.9727287149954688,0.9727287149954688,0.9727287149954688,51.0,3046761.0
2020-07-20,0.9727287149954688,0.9727287149954688,0.9727287149954688,0.9727287149954688,41.0,2100436.0
2020-07-21,0.9727287149954688,0.9727287149954688,0.9727287149954688,0.9727287149954688,72.0,5072805.0
2020-07-22,0.9727287149954688,0.9727287149954688,0.9727287149954688,0.9727287149954688,72.0,1316757.0
2020-07-23,0.9727287149954688,0.9727287149954688,0.9727287149954688,0.9727287149954688,35.0,2819009.0
2020-07-24,0.9727287149954688,0.9727287149954688,0.9727287149954688,0.9727287149954688,71.0,326364.0
2020-07-27,0.9727287149954688,0.9727287149954688,0.9727287149954688,0.9727287149954688,174.0,1736065.0
2020-07-28,0.9727287149954688,0.9727287149954688,0.9727287149954688,0.9727287149954688,68.0,2257419.0
2020-07-29,0.9727287149954688,0.9727287149954688,0.9727287149954688,0.9727287149954688,8.0,288063.0
2020-07-30,0.9727287149954688,0.9727287149954688,0.9727287149954688,0.9727287149954688,36.0,1139941.0
2020-07-31,0.9727287149954688,0.9727287149954688,0.9727287149954688,0.9727287149954688,48.0,1571564.0
2020-08-03,0.9727287149954688,0.9727287149954688,0.9727287149954688,0.9727287149954688,59.0,1655176.0
2020-08-04,0.9727287149954688,0.9727287149954688,0.9727287149954688,0.9727287149954688,30.0,1101985.0
2020-08-05,0.9727287149954688,0.9727287149954688,0.9727287149954688,0.9727287149954688,21.0,231815.0
2020-08-06,0.9727287149954688,0.9727287149954688,0.9727287149954688,0.9727287149954688,32.0,1226100.0
2020-08-07,0.9727287149954688,0.9727287149954688,0.9727287149954688,0.9727287149954688,93.0,415208.0
2020-08-10,0.9727287149954688,0.9727287149954688,0.9727287149954688,0.9727287149954688,57.0,1452472.0
2020-08-11,0.9727287149954688,0.9727287149954688,0.9727287149954688,0.9727287149954688,41.0,1283681.0
2020-08-12,0.9727287149954688,0.9727287149954688,0.9727287149954688,0.9727287149954688,50.0,885554.0
2020-08-13,0.9727287149954688,0.9727287149954688,0.9727287149954688,0.9727287149954688,52.0,1321708.0
2020-08-14,0.9727287149954688,0.9727287149954688,0.9727287149954688,0.9727287149954688,12.0,116954.0
2020-08-17,0.9727287149954688,0.9727287149954688,0.9727287149954688,0.9727287149954688,55.0,1570047.0
2020-08-18,0.9727287149954688,0.9727287149954688,0.9727287149954688,0.9727287149954688,32.0,525158.0
2020-08-19,0.9727287149954688,0.9727287149954688,0.9727287149954688,0.9727287149954688,12.0,1610430.0
2020-08-20,0.9727287149954688,0.9727287149954688,0.9727287149954688,0.9727287149954688,23.0,1401603.0
2020-08-21,0.9727287149954688,0.9727287149954688,0.9727287149954688,0.9727287149954688,11.0,154338.0
2020-08-24,0.9727287149954688,0.9727287149954688,0.9727287149954688,0.9727287149954688,14.0,3386118.0
2020-08-25,0.9727287149954688,0.9727287149954688,0.9727287149954688,0.9727287149954688,17.0,258708.0
2020-08-26,0.9727287149954688,0.9727287149954688,0.9727287149954688,0.9727287149954688,5.0,32430.0
2020-08-27,0.9727287149954688,0.9727287149954688,0.9727287149954688,0.9727287149954688,13.0,362368.0
2020-08-28,0.9727287149954688,0.9727287149954688,0.9727287149954688,0.9727287149954688,21.0,219134.0
2020-08-31,0.9727287149954688,0.9727287149954688,0.9727287149954688,0.9727287149954688,0.0,0.0
2020-09-01,0.9727287149954688,0.9727287149954688,0.9727287149954688,0.9727287149954688,11.0,139954.0
2020-09-02,0.9727287149954688,0.9727287149954688,0.9727287149954688,0.9727287149954688,54.0,680966.0
2020-09-03,0.9727287149954688,0.9727287149954688,0.9727287149954688,0.9727287149954688,19.0,248465.0
2020-09-04,0.9727287149954688,0.9727287149954688,0.9727287149954688,0.9727287149954688,26.0,515754.0
2020-09-07,0.9727287149954688,0.9727287149954688,0.9727287149954688,0.9727287149954688,130.0,1184690.0
2020-09-08,0.9727287149954688,0.9727287149954688,0.9727287149954688,0.9727287149954688,41.0,756701.0
2020-09-09,0.9727287149954688,0.9727287149954688,0.9727287149954688,0.9727287149954688,82.0,1224139.0
2020-09-10,0.9727287149954688,0.9727287149954688,0.9727287149954688,0.9727287149954688,63.0,766976.0
2020-09-11,0.9727287149954688,0.9727287149954688,0.9727287149954688,0.9727287149954688,35.0,898024.0
2020-09-14,0.9727287149954688,0.9727287149954688,0.9727287149954688,0.9727287149954688,38.0,2596905.0
2020-09-15,0.9727287149954688,0.9727287149954688,0.9727287149954688,0.9727287149954688,37.0,1319842.0
2020-09-16,0.9727287149954688,0.9727287149954688,0.9727287149954688,0.9727287149954688,40.0,1041402.0
2020-09-17,0.9727287149954688,0.9727287149954688,0.9727287149954688,0.9727287149954688,35.0,1222919.0
2020-09-18,0.9727287149954688,0.9727287149954688,0.9727287149954688,0.9727287149954688,23.0,267891.0
2020-09-21,0.9727287149954688,0.9727287149954688,0.9727287149954688,0.9727287149954688,38.0,911281.0
2020-09-22,0.9727287149954688,0.9727287149954688,0.9727287149954688,0.9727287149954688,13.0,186393.0
2020-09-23,0.9727287149954688,0.9727287149954688,0.9727287149954688,0.9727287149954688,40.0,487957.0
2020-09-24,0.9727287149954688,0.9727287149954688,0.9727287149954688,0.9727287149954688,41.0,775893.0
2020-09-25,0.9727287149954688,0.9727287149954688,0.9727287149954688,0.9727287149954688,46.0,573471.0
2020-09-28,0.9727287149954688,0.9727287149954688,0.9727287149954688,0.9727287149954688,15.0,1996716.0
2020-09-29,0.9727287149954688,0.9727287149954688,0.9727287149954688,0.9727287149954688,91.0,1211942.0
2020-09-30,0.9727287149954688,0.9727287149954688,0.9727287149954688,0.9727287149954688,43.0,980109.0
2020-10-01,0.9727287149954688,0.9727287149954688,0.9727287149954688,0.9727287149954688,56.0,388975.0
2020-10-02,0.9727287149954688,0.9727287149954688,0.9727287149954688,0.9727287149954688,61.0,258186.0
2020-10-05,0.9727287149954688,0.9727287149954688,0.9727287149954688,0.9727287149954688,64.0,1073805.0
2020-10-06,0.9727287149954688,0.9727287149954688,0.9727287149954688,0.9727287149954688,92.0,868116.0
2020-10-07,0.9727287149954688,0.9727287149954688,0.9727287149954688,0.9727287149954688,60.0,800604.0
2020-10-08,0.9727287149954688,0.9727287149954688,0.9727287149954688,0.9727287149954688,41.0,608069.0
2020-10-09,0.9727287149954688,0.9727287149954688,0.9727287149954688,0.9727287149954688,72.0,7448177.0
2020-10-12,0.9727287149954688,0.9727287149954688,0.9727287149954688,0.9727287149954688,14.0,451267.0
2020-10-13,0.9727287149954688,0.9727287149954688,0.9727287149954688,0.9727287149954688,161.0,1589559.0
2020-10-14,0.9727287149954688,0.9727287149954688,0.9727287149954688,0.9727287149954688,25.0,735427.0
2020-10-15,0.9727287149954688,0.9727287149954688,0.9727287149954688,0.9727287149954688,54.0,1677615.0
2020-10-16,0.9727287149954688,0.9727287149954688,0.9727287149954688,0.9727287149954688,64.0,684587.0
2020-10-19,0.9727287149954688,0.9727287149954688,0.9727287149954688,0.9727287149954688,54.0,1562282.0
2020-10-20,0.9727287149954688,0.9727287149954688,0.9727287149954688,0.9727287149954688,65.0,1070954.0
2020-10-21,0.9727287149954688,0.9727287149954688,0.9727287149954688,0.9727287149954688,142.0,925251.0
2020-10-22,0.9727287149954688,0.9727287149954688,0.9727287149954688,0.9727287149954688,19.0,678723.0
2020-10-23,0.9727287149954688,0.9727287149954688,0.9727287149954688,0.9727287149954688,29.0,645014.0
2020-10-26,0.9727287149954688,0.9727287149954688,0.9727287149954688,0.9727287149954688,45.0,333530.0
2020-10-27,0.9727287149954688,0.9727287149954688,0.9727287149954688,0.9727287149954688,22.0,374766.0
2020-10-28,0.9727287149954688,0.9727287149954688,0.9727287149954688,0.9727287149954688,39.0,1165846.0
2020-10-29,0.9727287149954688,0.9727287149954688,0.9727287149954688,0.9727287149954688,56.0,366328.0
2020-10-30,0.9727287149954688,0.9727287149954688,0.9727287149954688,0.9727287149954688,50.0,334611.0
2020-11-02,0.9727287149954688,0.9727287149954688,0.9727287149954688,0.9727287149954688,44.0,130956.0
2020-11-03,0.9727287149954688,0.9727287149954688,0.9727287149954688,0.9727287149954688,46.0,476186.0
2020-11-04,0.9727287149954688,0.9727287149954688,0.9727287149954688,0.9727287149954688,31.0,1175335.0
2020-11-05,0.9727287149954688,0.9727287149954688,0.9727287149954688,0.9727287149954688,147.0,1308801.0
2020-11-06,0.9727287149954688,0.9727287149954688,0.9727287149954688,0.9727287149954688,68.0,1556290.0
2020-11-09,0.9727287149954688,0.9727287149954688,0.9727287149954688,0.9727287149954688,27.0,798287.0
2020-11-10,0.9727287149954688,0.9727287149954688,0.9727287149954688,0.9727287149954688,119.0,1074410.0
2020-11-11,0.9727287149954688,0.9727287149954688,0.9727287149954688,0.9727287149954688,78.0,339803.0
2020-11-12,0.9727287149954688,0.9727287149954688,0.9727287149954688,0.9727287149954688,41.0,258948.0
2020-11-13,0.9727287149954688,0.9727287149954688,0.9727287149954688,0.9727287149954688,61.0,200288.0
2020-11-16,0.9727287149954688,0.9727287149954688,0.9727287149954688,0.9727287149954688,28.0,271553.0
2020-11-17,0.9727287149954688,0.9727287149954688,0.9727287149954688,0.9727287149954688,59.0,1346226.0
2020-11-18,0.9727287149954688,0.9727287149954688,0.9727287149954688,0.9727287149954688,32.0,395541.0
2020-11-19,0.9727287149954688,0.9727287149954688,0.9727287149954688,0.9727287149954688,51.0,829383.0
2020-11-20,0.9727287149954688,0.9727287149954688,0.9727287149954688,0.9727287149954688,18.0,2246322.0
2020-11-23,0.9727287149954688,0.9727287149954688,0.9727287149954688,0.9727287149954688,62.0,2001568.0
2020-11-24,0.9727287149954688,0.9727287149954688,0.9727287149954688,0.9727287149954688,287.0,967097.0
2020-11-25,0.9727287149954688,0.9727287149954688,0.9727287149954688,0.9727287149954688,56.0,1846329.0
2020-11-26,0.9727287149954688,0.9727287149954688,0.9727287149954688,0.9727287149954688,27.0,501383.0
2020-11-27,0.9727287149954688,0.9727287149954688,0.9727287149954688,0.9727287149954688,52.0,1054499.0
2020-11-30,0.9727287149954688,0.9727287149954688,0.9727287149954688,0.9727287149954688,29.0,271860.0
2020-12-01,0.9727287149954688,0.9727287149954688,0.9727287149954688,0.9727287149954688,22.0,244567.0
2020-12-02,0.9727287149954688,0.9727287149954688,0.9727287149954688,0.9727287149954688,82.0,966126.0
2020-12-03,0.9727287149954688,0.9727287149954688,0.9727287149954688,0.9727287149954688,19.0,209408.0
2020-12-04,0.9727287149954688,0.9727287149954688,0.9727287149954688,0.9727287149954688,79.0,1028220.0
2020-12-07,0.9727287149954688,0.9727287149954688,0.9727287149954688,0.9727287149954688,24.0,279385.0
2020-12-08,0.9727287149954688,0.9727287149954688,0.9727287149954688,0.9727287149954688,20.0,687391.0
2020-12-09,0.9727287149954688,0.9727287149954688,0.9727287149954688,0.9727287149954688,25.0,708106.0
2020-12-10,0.9727287149954688,0.9727287149954688,0.9727287149954688,0.9727287149954688,67.0,590146.0
2020-12-11,0.9727287149954688,0.9727287149954688,0.9727287149954688,0.9727287149954688,71.0,864085.0
2020-12-14,0.9727287149954688,0.9727287149954688,0.9727287149954688,0.9727287149954688,23.0,692591.0
2020-12-15,0.9727287149954688,0.9727287149954688,0.9727287149954688,0.9727287149954688,36.0,753212.0
2020-12-16,0.9727287149954688,0.9727287149954688,0.9727287149954688,0.9727287149954688,72.0,5350291.0
2020-12-17,0.9727287149954688,0.9727287149954688,0.9727287149954688,0.9727287149954688,22.0,158383.0
2020-12-18,0.9727287149954688,0.9727287149954688,0.9727287149954688,0.9727287149954688,36.0,697212.0
2020-12-21,0.9727287149954688,0.9727287149954688,0.9727287149954688,0.9727287149954688,24.0,448037.0
2020-12-22,0.9727287149954688,0.9727287149954688,0.9727287149954688,0.9727287149954688,19.0,244540.0
2020-12-23,0.9727287149954688,0.9727287149954688,0.9727287149954688,0.9727287149954688,41.0,859034.0
2020-12-24,0.9727287149954688,0.9727287149954688,0.9727287149954688,0.9727287149954688,8.0,121292.0
2020-12-28,0.9727287149954688,0.9727287149954688,0.9727287149954688,0.9727287149954688,0.0,0.0
2020-12-29,0.9727287149954688,0.9727287149954688,0.9727287149954688,0.9727287149954688,39.0,1165821.0
2020-12-30,0.9727287149954688,0.9727287149954688,0.9727287149954688,0.9727287149954688,62.0,558120.0
2020-12-31,0.9727287149954688,0.9727287149954688,0.9727287149954688,0.9727287149954688,42.0,161517.0
2021-01-04,0.9727287149954688,0.9727287149954688,0.9727287149954688,0.9727287149954688,57.0,1040191.0
2021-01-05,0.9727287149954688,0.9727287149954688,0.9727287149954688,0.9727287149954688,11.0,208113.0
2021-01-06,0.9727287149954688,0.9727287149954688,0.9727287149954688,0.9727287149954688,30.0,651437.0
2021-01-07,0.9727287149954688,0.9727287149954688,0.9727287149954688,0.9727287149954688,26.0,392066.0
2021-01-08,0.9727287149954688,0.9727287149954688,0.9727287149954688,0.9727287149954688,29.0,1030713.0
2021-01-11,0.9727287149954688,0.9727287149954688,0.9727287149954688,0.9727287149954688,43.0,909440.0
2021-01-12,0.9727287149954688,0.9727287149954688,0.9727287149954688,0.9727287149954688,40.0,1226060.0
2021-01-13,0.9727287149954688,0.9727287149954688,0.9727287149954688,0.9727287149954688,20.0,440826.0
2021-01-14,0.9727287149954688,0.9727287149954688,0.9727287149954688,0.9727287149954688,62.0,785990.0
2021-01-15,0.9727287149954688,0.9727287149954688,0.9727287149954688,0.9727287149954688,68.0,675527.0
2021-01-18,0.9727287149954688,0.9727287149954688,0.9727287149954688,0.9727287149954688,48.0,1018131.0
2021-01-19,0.9727287149954688,0.9727287149954688,0.9727287149954688,0.9727287149954688,51.0,1858844.0
2021-01-20,0.9727287149954688,0.9727287149954688,0.9727287149954688,0.9727287149954688,31.0,449107.0
2021-01-21,0.9727287149954688,0.9727287149954688,0.9727287149954688,0.9727287149954688,39.0,496651.0
2021-01-22,0.9727287149954688,0.9727287149954688,0.9727287149954688,0.9727287149954688,72.0,1037674.0
2021-01-25,0.9727287149954688,0.9727287149954688,0.9727287149954688,0.9727287149954688,63.0,1160641.0
2021-01-26,0.9727287149954688,0.9727287149954688,0.9727287149954688,0.9727287149954688,22.0,4603018.0
2021-01-27,0.9727287149954688,0.9727287149954688,0.9727287149954688,0.9727287149954688,89.0,3327571.0
2021-01-28,0.9727287149954688,0.9727287149954688,0.9727287149954688,0.9727287149954688,104.0,934276.0
2021-01-29,0.9727287149954688,0.9727287149954688,0.9727287149954688,0.9727287149954688,38.0,2709152.0
2021-02-01,0.9727287149954688,0.9727287149954688,0.9727287149954688,0.9727287149954688,47.0,1620653.0
2021-02-02,0.9727287149954688,0.9727287149954688,0.9727287149954688,0.9727287149954688,34.0,2570935.0
2021-02-03,0.9727287149954688,0.9727287149954688,0.9727287149954688,0.9727287149954688,63.0,743637.0
2021-02-04,0.9727287149954688,0.9727287149954688,0.9727287149954688,0.9727287149954688,87.0,2949631.0
2021-02-05,0.9727287149954688,0.9727287149954688,0.9727287149954688,0.9727287149954688,94.0,670287.0
2021-02-08,0.9727287149954688,0.9727287149954688,0.9727287149954688,0.9727287149954688,55.0,821612.0
2021-02-09,0.9727287149954688,0.9727287149954688,0.9727287149954688,0.9727287149954688,42.0,2484243.0
2021-02-10,0.9727287149954688,0.9727287149954688,0.9727287149954688,0.9727287149954688,27.0,510767.0
2021-02-11,0.9727287149954688,0.9727287149954688,0.9727287149954688,0.9727287149954688,16.0,38613.0
2021-02-12,0.9727287149954688,0.9727287149954688,0.9727287149954688,0.9727287149954688,39.0,431089.0
2021-02-15,0.9727287149954688,0.9727287149954688,0.9727287149954688,0.9727287149954688,18.0,150354.0
2021-02-16,0.9727287149954688,0.9727287149954688,0.9727287149954688,0.9727287149954688,41.0,865271.0
2021-02-17,0.9727287149954688,0.9727287149954688,0.9727287149954688,0.9727287149954688,87.0,817419.0
2021-02-18,0.9727287149954688,0.9727287149954688,0.9727287149954688,0.9727287149954688,120.0,2765104.0
2021-02-19,0.9727287149954688,0.9727287149954688,0.9727287149954688,0.9727287149954688,60.0,1058054.0
2021-02-22,0.9727287149954688,0.9727287149954688,0.9727287149954688,0.9727287149954688,32.0,637361.0
2021-02-23,0.9727287149954688,0.9727287149954688,0.9727287149954688,0.9727287149954688,67.0,1187846.0
2021-02-24,0.9727287149954688,0.9727287149954688,0.9727287149954688,0.9727287149954688,48.0,1179791.0
2021-02-25,0.9727287149954688,0.9727287149954688,0.9727287149954688,0.9727287149954688,32.0,1290041.0
2021-02-26,0.9727287149954688,0.9727287149954688,0.9727287149954688,0.9727287149954688,49.0,1493348.0
2021-03-01,0.9727287149954688,0.9727287149954688,0.9727287149954688,0.9727287149954688,23.0,1209282.0
2021-03-02,0.9727287149954688,0.9727287149954688,0.9727287149954688,0.9727287149954688,26.0,464746.0
2021-03-03,0.9727287149954688,0.9727287149954688,0.9727287149954688,0.9727287149954688,38.0,9955044.0
2021-03-04,0.9727287149954688,0.9727287149954688,0.9727287149954688,0.9727287149954688,27.0,665984.0
2021-03-05,0.9727287149954688,0.9727287149954688,0.9727287149954688,0.9727287149954688,28.0,1021678.0
2021-03-08,0.9727287149954688,0.9727287149954688,0.9727287149954688,0.9727287149954688,20.0,202071.0
2021-03-09,0.9727287149954688,0.9727287149954688,0.9727287149954688,0.9727287149954688,85.0,2152704.0
2021-03-10,0.9727287149954688,0.9727287149954688,0.9727287149954688,0.9727287149954688,15.0,615296.0
2021-03-11,0.9727287149954688,0.9727287149954688,0.9727287149954688,0.9727287149954688,38.0,1033898.0
2021-03-12,0.9727287149954688,0.9727287149954688,0.9727287149954688,0.9727287149954688,78.0,1815003.0
2021-03-15,0.9727287149954688,0.9727287149954688,0.9727287149954688,0.9727287149954688,46.0,1211520.0
2021-03-16,0.9727287149954688,0.9727287149954688,0.9727287149954688,0.9727287149954688,43.0,1107840.0
2021-03-17,0.9727287149954688,0.9727287149954688,0.9727287149954688,0.9727287149954688,76.0,4232525.0
2021-03-18,0.9727287149954688,0.9727287149954688,0.9727287149954688,0.9727287149954688,31.0,4224696.0
2021-03-19,0.9727287149954688,0.9727287149954688,0.9727287149954688,0.9727287149954688,62.0,289125.0
2021-03-22,0.9727287149954688,0.9727287149954688,0.9727287149954688,0.9727287149954688,33.0,192136.0
2021-03-23,0.9727287149954688,0.9727287149954688,0.9727287149954688,0.9727287149954688,43.0,1218385.0
2021-03-24,0.9727287149954688,0.9727287149954688,0.9727287149954688,0.9727287149954688,61.0,6558249.0
2021-03-25,0.9727287149954688,0.9727287149954688,0.9727287149954688,0.9727287149954688,68.0,1094243.0
2021-03-26,0.9727287149954688,0.9727287149954688,0.9727287149954688,0.9727287149954688,34.0,449007.0
2021-03-29,0.9727287149954688,0.9727287149954688,0.9727287149954688,0.9727287149954688,58.0,1073904.0
2021-03-30,0.9727287149954688,0.9727287149954688,0.9727287149954688,0.9727287149954688,35.0,689043.0
2021-03-31,0.9727287149954688,0.9727287149954688,0.9727287149954688,0.9727287149954688,59.0,1588918.0
2021-04-01,0.9727287149954688,0.9727287149954688,0.9727287149954688,0.9727287149954688,49.0,746649.0
2021-04-06,0.9727287149954688,0.9727287149954688,0.9727287149954688,0.9727287149954688,37.0,1718540.0
2021-04-07,0.9727287149954688,0.9727287149954688,0.9727287149954688,0.9727287149954688,34.0,482792.0
2021-04-08,0.9727287149954688,0.9727287149954688,0.9727287149954688,0.9727287149954688,36.0,858736.0
2021-04-09,0.9727287149954688,0.9727287149954688,0.9727287149954688,0.9727287149954688,68.0,1463277.0
2021-04-12,0.9727287149954688,0.9727287149954688,0.9727287149954688,0.9727287149954688,94.0,1423140.0
2021-04-13,0.9727287149954688,0.9727287149954688,0.9727287149954688,0.9727287149954688,65.0,3659977.0
2021-04-14,0.9727287149954688,0.9727287149954688,0.9727287149954688,0.9727287149954688,81.0,1406788.0
2021-04-15,0.9727287149954688,0.9727287149954688,0.9727287149954688,0.9727287149954688,35.0,1000646.0
2021-04-16,0.9727287149954688,0.9727287149954688,0.9727287149954688,0.9727287149954688,46.0,571396.0
2021-04-19,0.9727287149954688,0.9727287149954688,0.9727287149954688,0.9727287149954688,54.0,1310834.0
2021-04-20,0.9727287149954688,0.9727287149954688,0.9727287149954688,0.9727287149954688,47.0,860136.0
2021-04-21,0.9727287149954688,0.9727287149954688,0.9727287149954688,0.9727287149954688,30.0,1497208.0
2021-04-22,0.9727287149954688,0.9727287149954688,0.9727287149954688,0.9727287149954688,39.0,2518200.0
2021-04-23,0.9727287149954688,0.9727287149954688,0.9727287149954688,0.9727287149954688,62.0,8373969.0
2021-04-26,0.9727287149954688,0.9727287149954688,0.9727287149954688,0.9727287149954688,22.0,914818.0
2021-04-27,0.9727287149954688,0.9727287149954688,0.9727287149954688,0.9727287149954688,30.0,1354006.0
2021-04-28,0.9727287149954688,0.9727287149954688,0.9727287149954688,0.9727287149954688,29.0,244725.0
2021-04-29,0.9727287149954688,0.9727287149954688,0.9727287149954688,0.9727287149954688,29.0,883669.0
2021-04-30,0.9727287149954688,0.9727287149954688,0.9727287149954688,0.9727287149954688,42.0,2740510.0
2021-05-03,0.9727287149954688,0.9727287149954688,0.9727287149954688,0.9727287149954688,0.0,0.0
2021-05-04,0.9727287149954688,0.9727287149954688,0.9727287149954688,0.9727287149954688,54.0,944203.0
2021-05-05,0.9727287149954688,0.9727287149954688,0.9727287149954688,0.9727287149954688,58.0,1457139.0
2021-05-06,0.9727287149954688,0.9727287149954688,0.9727287149954688,0.9727287149954688,38.0,1105316.0
2021-05-07,0.9727287149954688,0.9727287149954688,0.9727287149954688,0.9727287149954688,33.0,279644.0
2021-05-10,0.9727287149954688,0.9727287149954688,0.9727287149954688,0.9727287149954688,19.0,286939.0
2021-05-11,0.9727287149954688,0.9727287149954688,0.9727287149954688,0.9727287149954688,20.0,1557027.0
2021-05-12,0.9727287149954688,0.9727287149954688,0.9727287149954688,0.9727287149954688,24.0,1628179.0
2021-05-13,0.9727287149954688,0.9727287149954688,0.9727287149954688,0.9727287149954688,17.0,3031838.0
2021-05-14,0.9727287149954688,0.9727287149954688,0.9727287149954688,0.9727287149954688,39.0,1280050.0
2021-05-17,0.9727287149954688,0.9727287149954688,0.9727287149954688,0.9727287149954688,27.0,2945439.0
2021-05-18,0.9727287149954688,0.9727287149954688,0.9727287149954688,0.9727287149954688,40.0,1163818.0
2021-05-19,0.9727287149954688,0.9727287149954688,0.9727287149954688,0.9727287149954688,17.0,282853.0
2021-05-20,0.9727287149954688,0.9727287149954688,0.9727287149954688,0.9727287149954688,17.0,2044076.0
2021-05-21,0.9727287149954688,0.9727287149954688,0.9727287149954688,0.9727287149954688,24.0,270549.0
2021-05-24,0.9727287149954688,0.9727287149954688,0.9727287149954688,0.9727287149954688,33.0,381217.0
2021-05-25,0.9727287149954688,0.9727287149954688,0.9727287149954688,0.9727287149954688,37.0,3070823.0
2021-05-26,0.9727287149954688,0.9727287149954688,0.9727287149954688,0.9727287149954688,22.0,1156247.0
2021-05-27,0.9727287149954688,0.9727287149954688,0.9727287149954688,0.9727287149954688,45.0,798408.0
2021-05-28,0.9727287149954688,0.9727287149954688,0.9727287149954688,0.9727287149954688,65.0,2257953.0
2021-05-31,0.9727287149954688,0.9727287149954688,0.9727287149954688,0.9727287149954688,0.0,0.0
2021-06-01,0.9727287149954688,0.9727287149954688,0.9727287149954688,0.9727287149954688,27.0,674610.0
2021-06-02,0.9727287149954688,0.9727287149954688,0.9727287149954688,0.9727287149954688,39.0,587144.0
2021-06-03,0.9727287149954688,0.9727287149954688,0.9727287149954688,0.9727287149954688,60.0,1435227.0
2021-06-04,0.9727287149954688,0.9727287149954688,0.9727287149954688,0.9727287149954688,53.0,936735.0
2021-06-07,0.9727287149954688,0.9727287149954688,0.9727287149954688,0.9727287149954688,25.0,641697.0
2021-06-08,0.9727287149954688,0.9727287149954688,0.9727287149954688,0.9727287149954688,50.0,1951714.0
2021-06-09,0.9727287149954688,0.9727287149954688,0.9727287149954688,0.9727287149954688,41.0,428853.0
2021-06-10,0.9727287149954688,0.9727287149954688,0.9727287149954688,0.9727287149954688,25.0,487784.0
2021-06-11,0.9727287149954688,0.9727287149954688,0.9727287149954688,0.9727287149954688,74.0,2044475.0
2021-06-14,0.9727287149954688,0.9727287149954688,0.9727287149954688,0.9727287149954688,50.0,2047113.0
2021-06-15,0.9727287149954688,0.9727287149954688,0.9727287149954688,0.9727287149954688,57.0,2187971.0
2021-06-16,0.9727287149954688,0.9727287149954688,0.9727287149954688,0.9727287149954688,53.0,2688154.0
2021-06-17,0.9727287149954688,0.9727287149954688,0.9727287149954688,0.9727287149954688,26.0,659473.0
2021-06-18,0.9727287149954688,0.9727287149954688,0.9727287149954688,0.9727287149954688,107.0,1724478.0
2021-06-21,0.9727287149954688,0.9727287149954688,0.9727287149954688,0.9727287149954688,62.0,583464.0
2021-06-22,0.9727287149954688,0.9727287149954688,0.9727287149954688,0.9727287149954688,30.0,595199.0
2021-06-23,0.9727287149954688,0.9727287149954688,0.9727287149954688,0.9727287149954688,32.0,1124339.0
2021-06-24,0.9727287149954688,0.9727287149954688,0.9727287149954688,0.9727287149954688,33.0,80818.0
2021-06-25,0.9727287149954688,0.9727287149954688,0.9727287149954688,0.9727287149954688,27.0,382004.0
2021-06-28,0.9727287149954688,0.9727287149954688,0.9727287149954688,0.9727287149954688,90.0,1341562.0
2021-06-29,0.9727287149954688,0.9727287149954688,0.9727287149954688,0.9727287149954688,258.0,253957.0
2021-06-30,0.9727287149954688,0.9727287149954688,0.9727287149954688,0.9727287149954688,71.0,1703749.0
2021-07-01,0.9727287149954688,0.9727287149954688,0.9727287149954688,0.9727287149954688,112.0,3052407.0
2021-07-02,0.9727287149954688,0.9727287149954688,0.9727287149954688,0.9727287149954688,181.0,1691346.0
2021-07-05,0.9727287149954688,0.9727287149954688,0.9727287149954688,0.9727287149954688,30.0,200507.0
2021-07-06,0.9727287149954688,0.9727287149954688,0.9727287149954688,0.9727287149954688,28.0,937314.0
2021-07-07,0.9727287149954688,0.9727287149954688,0.9727287149954688,0.9727287149954688,16.0,140122.0
2021-07-08,0.9727287149954688,0.9727287149954688,0.9727287149954688,0.9727287149954688,48.0,480137.0
2021-07-09,0.9727287149954688,0.9727287149954688,0.9727287149954688,0.9727287149954688,35.0,1889741.0
2021-07-12,0.9727287149954688,0.9727287149954688,0.9727287149954688,0.9727287149954688,39.0,2519313.0
2021-07-13,0.9727287149954688,0.9727287149954688,0.9727287149954688,0.9727287149954688,56.0,1328915.0
2021-07-14,0.9727287149954688,0.9727287149954688,0.9727287149954688,0.9727287149954688,27.0,1170849.0
2021-07-15,0.9727287149954688,0.9727287149954688,0.9727287149954688,0.9727287149954688,29.0,2197584.0
2021-07-16,0.9727287149954688,0.9727287149954688,0.9727287149954688,0.9727287149954688,23.0,410936.0
2021-07-19,0.9727287149954688,0.9727287149954688,0.9727287149954688,0.9727287149954688,59.0,427707.0
2021-07-20,0.9727287149954688,0.9727287149954688,0.9727287149954688,0.9727287149954688,20.0,514207.0
2021-07-21,0.9727287149954688,0.9727287149954688,0.9727287149954688,0.9727287149954688,24.0,716309.0
2021-07-22,0.9727287149954688,0.9727287149954688,0.9727287149954688,0.9727287149954688,50.0,325357.0
2021-07-23,0.9727287149954688,0.9727287149954688,0.9727287149954688,0.9727287149954688,24.0,475025.0
2021-07-26,0.9727287149954688,0.9727287149954688,0.9727287149954688,0.9727287149954688,21.0,470256.0
2021-07-27,0.9727287149954688,0.9727287149954688,0.9727287149954688,0.9727287149954688,27.0,1255123.0
2021-07-28,0.9727287149954688,0.9727287149954688,0.9727287149954688,0.9727287149954688,59.0,942143.0
2021-07-29,0.9727287149954688,0.9727287149954688,0.9727287149954688,0.9727287149954688,101.0,2153502.0
2021-07-30,0.9727287149954688,0.9727287149954688,0.9727287149954688,0.9727287149954688,74.0,1597692.0
2021-08-02,0.9727287149954688,0.9727287149954688,0.9727287149954688,0.9727287149954688,51.0,534521.0
2021-08-03,0.9727287149954688,0.9727287149954688,0.9727287149954688,0.9727287149954688,46.0,1282886.0
2021-08-04,0.9727287149954688,0.9727287149954688,0.9727287149954688,0.9727287149954688,25.0,370657.0
2021-08-05,0.9727287149954688,0.9727287149954688,0.9727287149954688,0.9727287149954688,33.0,1529448.0
2021-08-06,0.9727287149954688,0.9727287149954688,0.9727287149954688,0.9727287149954688,33.0,585546.0
2021-08-09,0.9727287149954688,0.9727287149954688,0.9727287149954688,0.9727287149954688,54.0,1973967.0
2021-08-10,0.9727287149954688,0.9727287149954688,0.9727287149954688,0.9727287149954688,50.0,1487465.0
2021-08-11,0.9727287149954688,0.9727287149954688,0.9727287149954688,0.9727287149954688,50.0,466484.0
2021-08-12,0.9727287149954688,0.9727287149954688,0.9727287149954688,0.9727287149954688,34.0,546492.0
2021-08-13,0.9727287149954688,0.9727287149954688,0.9727287149954688,0.9727287149954688,19.0,572140.0
2021-08-16,0.9727287149954688,0.9727287149954688,0.9727287149954688,0.9727287149954688,22.0,1102412.0
2021-08-17,0.9727287149954688,0.9727287149954688,0.9727287149954688,0.9727287149954688,45.0,1253459.0
2021-08-18,0.9727287149954688,0.9727287149954688,0.9727287149954688,0.9727287149954688,23.0,254855.0
2021-08-19,0.9727287149954688,0.9727287149954688,0.9727287149954688,0.9727287149954688,47.0,1077996.0
2021-08-20,0.9727287149954688,0.9727287149954688,0.9727287149954688,0.9727287149954688,85.0,2585382.0
2021-08-23,0.9727287149954688,0.9727287149954688,0.9727287149954688,0.9727287149954688,39.0,4981989.0
2021-08-24,0.9727287149954688,0.9727287149954688,0.9727287149954688,0.9727287149954688,29.0,421622.0
2021-08-25,0.9727287149954688,0.9727287149954688,0.9727287149954688,0.9727287149954688,94.0,734034.0
2021-08-26,0.9727287149954688,0.9727287149954688,0.9727287149954688,0.9727287149954688,22.0,2261850.0
2021-08-27,0.9727287149954688,0.9727287149954688,0.9727287149954688,0.9727287149954688,122.0,634594.0
2021-08-30,0.9727287149954688,0.9727287149954688,0.9727287149954688,0.9727287149954688,0.0,0.0
2021-08-31,0.9727287149954688,0.9727287149954688,0.9727287149954688,0.9727287149954688,129.0,1265330.0
2021-09-01,0.9727287149954688,0.9727287149954688,0.9727287149954688,0.9727287149954688,13.0,632525.0
2021-09-02,0.9727287149954688,0.9727287149954688,0.9727287149954688,0.9727287149954688,28.0,394383.0
2021-09-03,0.9727287149954688,0.9727287149954688,0.9727287149954688,0.9727287149954688,33.0,2430114.0
2021-09-06,0.9727287149954688,0.9727287149954688,0.9727287149954688,0.9727287149954688,60.0,1828457.0
2021-09-07,0.9727287149954688,0.9727287149954688,0.9727287149954688,0.9727287149954688,29.0,288885.0
2021-09-08,0.9727287149954688,0.9727287149954688,0.9727287149954688,0.9727287149954688,64.0,5863993.0
2021-09-09,0.9727287149954688,0.9727287149954688,0.9727287149954688,0.9727287149954688,41.0,2438441.0
2021-09-10,0.9727287149954688,0.9727287149954688,0.9727287149954688,0.9727287149954688,40.0,1377429.0
2021-09-13,0.9727287149954688,0.9727287149954688,0.9727287149954688,0.9727287149954688,47.0,2609686.0
2021-09-14,0.9727287149954688,0.9727287149954688,0.9727287149954688,0.9727287149954688,38.0,1680981.0
2021-09-15,0.9727287149954688,0.9727287149954688,0.9727287149954688,0.9727287149954688,35.0,539241.0
2021-09-16,0.9727287149954688,0.9727287149954688,0.9727287149954688,0.9727287149954688,79.0,954667.0
2021-09-17,0.9727287149954688,0.9727287149954688,0.9727287149954688,0.9727287149954688,89.0,3044110.0
2021-09-20,0.9727287149954688,0.9727287149954688,0.9727287149954688,0.9727287149954688,68.0,1257262.0
2021-09-21,0.9727287149954688,0.9727287149954688,0.9727287149954688,0.9727287149954688,99.0,3072839.0
2021-09-22,0.9727287149954688,0.9727287149954688,0.9727287149954688,0.9727287149954688,67.0,2863509.0
2021-09-23,0.9727287149954688,0.9727287149954688,0.9727287149954688,0.9727287149954688,42.0,1269803.0
2021-09-24,0.9727287149954688,0.9727287149954688,0.9727287149954688,0.9727287149954688,21.0,816162.0
2021-09-27,0.9727287149954688,0.9727287149954688,0.9727287149954688,0.9727287149954688,57.0,785165.0
2021-09-28,0.9727287149954688,0.9727287149954688,0.9727287149954688,0.9727287149954688,87.0,1635166.0
2021-09-29,0.9727287149954688,0.9727287149954688,0.9727287149954688,0.9727287149954688,69.0,1841170.0
2021-09-30,0.9727287149954688,0.9727287149954688,0.9727287149954688,0.9727287149954688,200.0,4766366.0
2021-10-01,0.9727287149954688,0.9727287149954688,0.9727287149954688,0.9727287149954688,34.0,1289084.0
2021-10-04,0.9727287149954688,0.9727287149954688,0.9727287149954688,0.9727287149954688,61.0,1794667.0
2021-10-05,0.9727287149954688,0.9727287149954688,0.9727287149954688,0.9727287149954688,49.0,1256518.0
2021-10-06,0.9727287149954688,0.9727287149954688,0.9727287149954688,0.9727287149954688,32.0,698045.0
2021-10-07,0.9161009500421088,0.91792743831222,0.9161009500421088,0.91792743831222,5.0,104111.0
2021-10-08,0.9161009500421088,0.9161009500421088,0.9161009500421088,0.9161009500421088,81.0,3686333.0
2021-10-11,0.9161009500421088,0.9161009500421088,0.9161009500421088,0.9161009500421088,28.0,953891.0
2021-10-12,0.9161009500421088,0.9161009500421088,0.9161009500421088,0.9161009500421088,21.0,711412.0
2021-10-13,0.9161009500421088,0.9161009500421088,0.9161009500421088,0.9161009500421088,38.0,1287174.0
2021-10-14,0.9161009500421088,0.9161009500421088,0.9161009500421088,0.9161009500421088,43.0,1123825.0
2021-10-15,0.9161009500421088,0.9161009500421088,0.9161009500421088,0.9161009500421088,27.0,232152.0
2021-10-18,0.9161009500421088,0.9161009500421088,0.9161009500421088,0.9161009500421088,26.0,1598312.0
2021-10-19,0.9161009500421088,0.9161009500421088,0.9161009500421088,0.9161009500421088,27.0,1704822.0
2021-10-20,0.9161009500421088,0.9161009500421088,0.9161009500421088,0.9161009500421088,23.0,424043.0
2021-10-21,0.9161009500421088,0.9161009500421088,0.9161009500421088,0.9161009500421088,54.0,3499429.0
2021-10-22,0.9161009500421088,0.9161009500421088,0.9161009500421088,0.9161009500421088,18.0,2943375.0
2021-10-25,0.9161009500421088,0.9161009500421088,0.9161009500421088,0.9161009500421088,34.0,2071976.0
2021-10-26,0.9161009500421088,0.9161009500421088,0.9161009500421088,0.9161009500421088,23.0,2780559.0
2021-10-27,0.9161009500421088,0.9161009500421088,0.9161009500421088,0.9161009500421088,15.0,398767.0
2021-10-28,0.9161009500421088,0.9161009500421088,0.9161009500421088,0.9161009500421088,60.0,2799365.0
2021-10-29,0.9161009500421088,0.9161009500421088,0.9161009500421088,0.9161009500421088,11.0,6338606.0
2021-11-01,0.9161009500421088,0.9161009500421088,0.9161009500421088,0.9161009500421088,28.0,3208109.0
2021-11-02,0.9161009500421088,0.9161009500421088,0.9161009500421088,0.9161009500421088,32.0,5107513.0
2021-11-03,0.9161009500421088,0.9161009500421088,0.9161009500421088,0.9161009500421088,41.0,2377406.0
2021-11-04,0.9161009500421088,0.9161009500421088,0.9161009500421088,0.9161009500421088,112.0,12136141.0
2021-11-05,0.9161009500421088,0.9161009500421088,0.9161009500421088,0.9161009500421088,79.0,3071434.0
2021-11-08,0.9161009500421088,0.9161009500421088,0.9161009500421088,0.9161009500421088,46.0,814755.0
2021-11-09,0.9161009500421088,0.9161009500421088,0.9161009500421088,0.9161009500421088,44.0,1591872.0
2021-11-10,0.9161009500421088,0.9161009500421088,0.9161009500421088,0.9161009500421088,24.0,353140.0
2021-11-11,0.9161009500421088,0.9161009500421088,0.9161009500421088,0.9161009500421088,17.0,283450.0
2021-11-12,0.9161009500421088,0.9161009500421088,0.9161009500421088,0.9161009500421088,29.0,791436.0
2021-11-15,0.9161009500421088,0.9161009500421088,0.9161009500421088,0.9161009500421088,30.0,1592339.0
2021-11-16,0.9161009500421088,0.9161009500421088,0.9161009500421088,0.9161009500421088,34.0,472949.0
2021-11-17,0.9161009500421088,0.9161009500421088,0.9161009500421088,0.9161009500421088,48.0,1247503.0
2021-11-18,0.9161009500421088,0.9161009500421088,0.9161009500421088,0.9161009500421088,86.0,3510692.0
2021-11-19,0.9161009500421088,0.9161009500421088,0.9161009500421088,0.9161009500421088,21.0,668385.0
2021-11-22,0.9161009500421088,0.9161009500421088,0.9161009500421088,0.9161009500421088,50.0,1171520.0
2021-11-23,0.9161009500421088,0.9161009500421088,0.9161009500421088,0.9161009500421088,29.0,440612.0
2021-11-24,0.9161009500421088,0.9161009500421088,0.9161009500421088,0.9161009500421088,52.0,490248.0
2021-11-25,0.9161009500421088,0.9161009500421088,0.9161009500421088,0.9161009500421088,25.0,1153633.0
2021-11-26,0.9161009500421088,0.9161009500421088,0.9161009500421088,0.9161009500421088,20.0,431422.0
2021-11-29,0.9161009500421088,0.9161009500421088,0.9161009500421088,0.9161009500421088,25.0,717739.0
2021-11-30,0.9161009500421088,0.9161009500421088,0.9161009500421088,0.9161009500421088,38.0,2603720.0
2021-12-01,0.9161009500421088,0.9161009500421088,0.9161009500421088,0.9161009500421088,21.0,9895599.0
2021-12-02,0.9161009500421088,0.9161009500421088,0.9161009500421088,0.9161009500421088,36.0,7846753.0
2021-12-03,0.9161009500421088,0.9161009500421088,0.9161009500421088,0.9161009500421088,39.0,1174231.0
2021-12-06,0.9161009500421088,0.9161009500421088,0.9161009500421088,0.9161009500421088,64.0,9498679.0
2021-12-07,0.9161009500421088,0.9161009500421088,0.9161009500421088,0.9161009500421088,30.0,772443.0
2021-12-08,0.9161009500421088,0.9161009500421088,0.9161009500421088,0.9161009500421088,13.0,295697.0
2021-12-09,0.9161009500421088,0.9161009500421088,0.9161009500421088,0.9161009500421088,45.0,1156204.0
2021-12-10,0.9161009500421088,0.9161009500421088,0.9161009500421088,0.9161009500421088,10.0,132748.0
2021-12-13,0.9161009500421088,0.9161009500421088,0.9161009500421088,0.9161009500421088,41.0,502159.0
2021-12-14,0.9161009500421088,0.9161009500421088,0.9161009500421088,0.9161009500421088,21.0,295683.0
2021-12-15,0.9161009500421088,0.9161009500421088,0.9161009500421088,0.9161009500421088,273.0,3556683.0
2021-12-16,0.9161009500421088,0.9161009500421088,0.9161009500421088,0.9161009500421088,19.0,176999.0
2021-12-17,0.9161009500421088,0.9161009500421088,0.9161009500421088,0.9161009500421088,56.0,932343.0
2021-12-20,0.9161009500421088,0.9161009500421088,0.9161009500421088,0.9161009500421088,22.0,211979.0
2021-12-21,0.9161009500421088,0.9161009500421088,0.9161009500421088,0.9161009500421088,44.0,1386877.0
2021-12-22,0.9161009500421088,0.9161009500421088,0.9161009500421088,0.9161009500421088,26.0,13316674.0
2021-12-23,0.9161009500421088,0.9161009500421088,0.9161009500421088,0.9161009500421088,34.0,762898.0
2021-12-24,0.9161009500421088,0.9161009500421088,0.9161009500421088,0.9161009500421088,21.0,472908.0
2021-12-27,0.9161009500421088,0.9161009500421088,0.9161009500421088,0.9161009500421088,0.0,0.0
2021-12-28,0.9161009500421088,0.9161009500421088,0.9161009500421088,0.9161009500421088,0.0,0.0
2021-12-29,0.9161009500421088,0.9161009500421088,0.9161009500421088,0.9161009500421088,53.0,2014815.0
2021-12-30,0.9161009500421088,0.9161009500421088,0.9161009500421088,0.9161009500421088,107.0,3868951.0
2021-12-31,0.9161009500421088,0.9161009500421088,0.9161009500421088,0.9161009500421088,14.0,120333.0
2022-01-03,0.9161009500421088,0.9161009500421088,0.9161009500421088,0.9161009500421088,0.0,0.0
2022-01-04,0.9161009500421088,0.9161009500421088,0.9161009500421088,0.9161009500421088,53.0,828173.0
2022-01-05,0.9161009500421088,0.9161009500421088,0.9161009500421088,0.9161009500421088,40.0,1285771.0
2022-01-06,0.9161009500421088,0.9161009500421088,0.9161009500421088,0.9161009500421088,43.0,1225037.0
2022-01-07,0.9161009500421088,0.9161009500421088,0.9161009500421088,0.9161009500421088,16.0,295892.0
2022-01-10,0.9161009500421088,0.9161009500421088,0.9161009500421088,0.9161009500421088,41.0,2246914.0
2022-01-11,0.9161009500421088,0.9161009500421088,0.9161009500421088,0.9161009500421088,49.0,1913972.0
2022-01-12,0.9161009500421088,0.9161009500421088,0.9161009500421088,0.9161009500421088,16.0,198796.0
2022-01-13,0.9161009500421088,0.9161009500421088,0.9161009500421088,0.9161009500421088,43.0,975488.0
2022-01-14,0.9161009500421088,0.9161009500421088,0.9161009500421088,0.9161009500421088,18.0,215546.0
2022-01-17,0.9161009500421088,0.9161009500421088,0.9161009500421088,0.9161009500421088,16.0,296064.0
2022-01-18,0.9161009500421088,0.9161009500421088,0.9161009500421088,0.9161009500421088,64.0,2841764.0
2022-01-19,0.9161009500421088,0.9161009500421088,0.9161009500421088,0.9161009500421088,38.0,601994.0
2022-01-20,0.9161009500421088,0.9161009500421088,0.9161009500421088,0.9161009500421088,54.0,1005708.0
2022-01-21,0.9161009500421088,0.9161009500421088,0.9161009500421088,0.9161009500421088,77.0,1566733.0
2022-01-24,0.9161009500421088,0.9161009500421088,0.9161009500421088,0.9161009500421088,49.0,881705.0
2022-01-25,0.9161009500421088,0.9161009500421088,0.9161009500421088,0.9161009500421088,41.0,390078.0
2022-01-26,0.9161009500421088,0.9161009500421088,0.9161009500421088,0.9161009500421088,28.0,344819.0
2022-01-27,0.9161009500421088,0.9161009500421088,0.9161009500421088,0.9161009500421088,19.0,1195020.0
2022-01-28,0.9161009500421088,0.9161009500421088,0.9161009500421088,0.9161009500421088,12.0,121067.0
2022-01-31,0.9161009500421088,0.9161009500421088,0.9161009500421088,0.9161009500421088,26.0,338252.0
2022-02-01,0.9161009500421088,0.9161009500421088,0.9161009500421088,0.9161009500421088,43.0,1756935.0
2022-02-02,0.9161009500421088,0.9161009500421088,0.9161009500421088,0.9161009500421088,23.0,268020.0
2022-02-03,0.9161009500421088,0.9161009500421088,0.9161009500421088,0.9161009500421088,33.0,4810592.0
2022-02-04,0.9161009500421088,0.9161009500421088,0.9161009500421088,0.9161009500421088,22.0,4500560.0
2022-02-07,0.9161009500421088,0.9161009500421088,0.9161009500421088,0.9161009500421088,21.0,337532.0
2022-02-08,0.9161009500421088,0.9161009500421088,0.9161009500421088,0.9161009500421088,54.0,12691015.0
2022-02-09,0.9161009500421088,0.9161009500421088,0.9161009500421088,0.9161009500421088,45.0,541835.0
2022-02-10,0.9161009500421088,0.9161009500421088,0.9161009500421088,0.9161009500421088,37.0,498143.0
2022-02-11,0.9161009500421088,0.9161009500421088,0.9161009500421088,0.9161009500421088,35.0,2010226.0
2022-02-14,0.9161009500421088,0.9161009500421088,0.9161009500421088,0.9161009500421088,29.0,611376.0
2022-02-15,0.9161009500421088,0.9161009500421088,0.9161009500421088,0.9161009500421088,52.0,2644031.0
2022-02-16,0.9161009500421088,0.9161009500421088,0.9161009500421088,0.9161009500421088,88.0,5630050.0
2022-02-17,0.9161009500421088,0.9161009500421088,0.9161009500421088,0.9161009500421088,18.0,742581.0
2022-02-18,0.9161009500421088,0.9161009500421088,0.9161009500421088,0.9161009500421088,32.0,2463606.0
2022-02-21,0.9161009500421088,0.9161009500421088,0.9161009500421088,0.9161009500421088,34.0,963365.0
2022-02-22,0.9161009500421088,0.9161009500421088,0.9161009500421088,0.9161009500421088,34.0,4103941.0
2022-02-23,0.9161009500421088,0.9161009500421088,0.9161009500421088,0.9161009500421088,41.0,2051609.0
2022-02-24,0.9161009500421088,0.9161009500421088,0.9161009500421088,0.9161009500421088,48.0,619052.0
2022-02-25,0.9161009500421088,0.9161009500421088,0.9161009500421088,0.9161009500421088,87.0,4877879.0
2022-02-28,0.9161009500421088,0.9161009500421088,0.9161009500421088,0.9161009500421088,28.0,269226.0
2022-03-01,0.9161009500421088,0.9161009500421088,0.9161009500421088,0.9161009500421088,23.0,294335.0
2022-03-02,0.9161009500421088,0.9161009500421088,0.9161009500421088,0.9161009500421088,34.0,978360.0
2022-03-03,0.9161009500421088,0.9161009500421088,0.9161009500421088,0.9161009500421088,34.0,1369091.0
2022-03-04,0.9161009500421088,0.9161009500421088,0.9161009500421088,0.9161009500421088,11.0,111887.0
2022-03-07,0.9161009500421088,0.9161009500421088,0.9161009500421088,0.9161009500421088,27.0,859107.0
2022-03-08,0.9161009500421088,0.9161009500421088,0.9161009500421088,0.9161009500421088,29.0,515308.0
2022-03-09,0.9161009500421088,0.9161009500421088,0.9161009500421088,0.9161009500421088,89.0,2214660.0
2022-03-10,0.9161009500421088,0.9161009500421088,0.9161009500421088,0.9161009500421088,32.0,1108755.0
2022-03-11,0.9161009500421088,0.9161009500421088,0.9161009500421088,0.9161009500421088,34.0,2085791.0
2022-03-14,0.9161009500421088,0.9161009500421088,0.9161009500421088,0.9161009500421088,58.0,1909956.0
2022-03-15,0.9161009500421088,0.9161009500421088,0.9161009500421088,0.9161009500421088,62.0,2280270.0
2022-03-16,0.9161009500421088,0.9161009500421088,0.9161009500421088,0.9161009500421088,18.0,273666.0
2022-03-17,0.9161009500421088,0.9161009500421088,0.9161009500421088,0.9161009500421088,63.0,471081.0
2022-03-18,0.9161009500421088,0.9161009500421088,0.9161009500421088,0.9161009500421088,22.0,144151.0
2022-03-21,0.9161009500421088,0.9161009500421088,0.9161009500421088,0.9161009500421088,35.0,745844.0
2022-03-22,0.9161009500421088,0.9161009500421088,0.9161009500421088,0.9161009500421088,35.0,735249.0
2022-03-23,0.9161009500421088,0.9161009500421088,0.9161009500421088,0.9161009500421088,46.0,653497.0
2022-03-24,0.9161009500421088,0.9161009500421088,0.9161009500421088,0.9161009500421088,32.0,553728.0
2022-03-25,0.9161009500421088,0.9161009500421088,0.9161009500421088,0.9161009500421088,68.0,2998952.0
2022-03-28,0.9161009500421088,0.9161009500421088,0.9161009500421088,0.9161009500421088,55.0,381362.0
2022-03-29,0.9161009500421088,0.9161009500421088,0.9161009500421088,0.9161009500421088,64.0,2121185.0
2022-03-30,0.9161009500421088,0.9161009500421088,0.9161009500421088,0.9161009500421088,72.0,3215251.0
2022-03-31,0.9161009500421088,0.9161009500421088,0.9161009500421088,0.9161009500421088,28.0,352894.0
2022-04-01,0.9161009500421088,0.9161009500421088,0.9161009500421088,0.9161009500421088,34.0,1080929.0
2022-04-04,0.9161009500421088,0.9161009500421088,0.9161009500421088,0.9161009500421088,42.0,490891.0
2022-04-05,0.9161009500421088,0.9161009500421088,0.9161009500421088,0.9161009500421088,44.0,986061.0
2022-04-06,0.9161009500421088,0.9161009500421088,0.9161009500421088,0.9161009500421088,57.0,1584071.0
2022-04-07,0.9161009500421088,0.9161009500421088,0.9161009500421088,0.9161009500421088,73.0,2026134.0
2022-04-08,0.9161009500421088,0.9161009500421088,0.9161009500421088,0.9161009500421088,58.0,967980.0
2022-04-11,0.9161009500421088,0.9161009500421088,0.9161009500421088,0.9161009500421088,44.0,610553.0
2022-04-12,0.9161009500421088,0.9161009500421088,0.9161009500421088,0.9161009500421088,38.0,698034.0
2022-04-13,0.9161009500421088,0.9161009500421088,0.9161009500421088,0.9161009500421088,26.0,235789.0
2022-04-14,0.9161009500421088,0.9161009500421088,0.9161009500421088,0.9161009500421088,55.0,1348182.0
2022-04-19,0.9161009500421088,0.9161009500421088,0.9161009500421088,0.9161009500421088,52.0,1556656.0
2022-04-20,0.9161009500421088,0.9161009500421088,0.9161009500421088,0.9161009500421088,106.0,6443534.0
2022-04-21,0.9161009500421088,0.9161009500421088,0.9161009500421088,0.9161009500421088,208.0,62696195.0
2022-04-22,0.9161009500421088,0.9161009500421088,0.9161009500421088,0.9161009500421088,87.0,2133477.0
2022-04-25,0.9161009500421088,0.9161009500421088,0.9161009500421088,0.9161009500421088,43.0,2805119.0
2022-04-26,0.9161009500421088,0.9161009500421088,0.9161009500421088,0.9161009500421088,50.0,1973865.0
2022-04-27,0.9161009500421088,0.9161009500421088,0.9161009500421088,0.9161009500421088,98.0,3275588.0
2022-04-28,0.9161009500421088,0.9161009500421088,0.9161009500421088,0.9161009500421088,48.0,1071260.0
2022-04-29,0.9161009500421088,0.9161009500421088,0.9161009500421088,0.9161009500421088,56.0,2357292.0
2022-05-02,0.9161009500421088,0.9161009500421088,0.9161009500421088,0.9161009500421088,0.0,0.0
2022-05-03,0.9161009500421088,0.9161009500421088,0.9161009500421088,0.9161009500421088,52.0,963982.0
2022-05-04,0.9161009500421088,0.9161009500421088,0.9161009500421088,0.9161009500421088,38.0,651233.0
2022-05-05,0.9161009500421088,0.9161009500421088,0.9161009500421088,0.9161009500421088,50.0,899759.0
2022-05-06,0.9161009500421088,0.9161009500421088,0.9161009500421088,0.9161009500421088,40.0,4466412.0
2022-05-09,0.9161009500421088,0.9161009500421088,0.9161009500421088,0.9161009500421088,36.0,516384.0
2022-05-10,0.9161009500421088,0.9161009500421088,0.9161009500421088,0.9161009500421088,70.0,754287.0
2022-05-11,0.9161009500421088,0.9161009500421088,0.9161009500421088,0.9161009500421088,41.0,1105057.0
2022-05-12,0.9161009500421088,0.9161009500421088,0.9161009500421088,0.9161009500421088,39.0,579288.0
2022-05-13,0.9161009500421088,0.9161009500421088,0.9161009500421088,0.9161009500421088,96.0,1276011.0
2022-05-16,0.9161009500421088,0.9161009500421088,0.9161009500421088,0.9161009500421088,116.0,880534.0
2022-05-17,0.9161009500421088,0.9161009500421088,0.9161009500421088,0.9161009500421088,47.0,981599.0
2022-05-18,0.9161009500421088,0.9161009500421088,0.9161009500421088,0.9161009500421088,42.0,624819.0
2022-05-19,0.9161009500421088,0.9161009500421088,0.9161009500421088,0.9161009500421088,19.0,221163.0
2022-05-20,0.9161009500421088,0.9161009500421088,0.9161009500421088,0.9161009500421088,22.0,187242.0
2022-05-23,0.9161009500421088,0.9161009500421088,0.9161009500421088,0.9161009500421088,56.0,879886.0
2022-05-24,0.9161009500421088,0.9161009500421088,0.9161009500421088,0.9161009500421088,39.0,724478.0
2022-05-25,0.9161009500421088,0.9161009500421088,0.9161009500421088,0.9161009500421088,25.0,3396184.0
2022-05-26,0.9161009500421088,0.9161009500421088,0.9161009500421088,0.9161009500421088,26.0,384826.0
2022-05-27,0.9161009500421088,0.9161009500421088,0.9161009500421088,0.9161009500421088,18.0,634463.0
2022-05-30,0.9161009500421088,0.9161009500421088,0.9161009500421088,0.9161009500421088,88.0,1397743.0
2022-05-31,0.9161009500421088,0.9161009500421088,0.9161009500421088,0.9161009500421088,12.0,267692.0
2022-06-01,0.9161009500421088,0.9161009500421088,0.9161009500421088,0.9161009500421088,28.0,1233083.0
2022-06-02,0.9161009500421088,0.9161009500421088,0.9161009500421088,0.9161009500421088,0.0,0.0
2022-06-03,0.9161009500421088,0.9161009500421088,0.9161009500421088,0.9161009500421088,0.0,0.0
2022-06-06,0.9161009500421088,0.9161009500421088,0.9161009500421088,0.9161009500421088,38.0,1883197.0
2022-06-07,0.9161009500421088,0.9161009500421088,0.9161009500421088,0.9161009500421088,29.0,338923.0
2022-06-08,0.9161009500421088,0.9161009500421088,0.9161009500421088,0.9161009500421088,29.0,279712.0
2022-06-09,0.9161009500421088,0.9161009500421088,0.9161009500421088,0.9161009500421088,34.0,498113.0
2022-06-10,0.9161009500421088,0.9161009500421088,0.9161009500421088,0.9161009500421088,30.0,885074.0
2022-06-13,0.9161009500421088,0.9161009500421088,0.9161009500421088,0.9161009500421088,34.0,754573.0
2022-06-14,0.9161009500421088,0.9161009500421088,0.9161009500421088,0.9161009500421088,40.0,1364731.0
2022-06-15,0.9161009500421088,0.9161009500421088,0.9161009500421088,0.9161009500421088,39.0,708078.0
2022-06-16,0.9161009500421088,0.9161009500421088,0.9161009500421088,0.9161009500421088,46.0,1135654.0
2022-06-17,0.9161009500421088,0.9161009500421088,0.9161009500421088,0.9161009500421088,48.0,3832886.0
2022-06-20,0.9161009500421088,0.9161009500421088,0.9161009500421088,0.9161009500421088,54.0,1241328.0
2022-06-21,0.9161009500421088,0.9161009500421088,0.9161009500421088,0.9161009500421088,44.0,2610843.0
2022-06-22,0.9161009500421088,0.9161009500421088,0.9161009500421088,0.9161009500421088,21.0,484156.0
2022-06-23,0.9161009500421088,0.9161009500421088,0.9161009500421088,0.9161009500421088,22.0,2776932.0
2022-06-24,0.9161009500421088,0.9161009500421088,0.9161009500421088,0.9161009500421088,29.0,916660.0
2022-06-27,0.9161009500421088,0.9161009500421088,0.9161009500421088,0.9161009500421088,55.0,18796022.0
2022-06-28,0.9161009500421088,0.9161009500421088,0.9161009500421088,0.9161009500421088,36.0,503973.0
2022-06-29,0.9161009500421088,0.9161009500421088,0.9161009500421088,0.9161009500421088,28.0,854909.0
2022-06-30,0.9161009500421088,0.9161009500421088,0.9161009500421088,0.9161009500421088,30.0,392518.0
2022-07-01,0.9161009500421088,0.9161009500421088,0.9161009500421088,0.9161009500421088,32.0,758012.0
2022-07-04,0.9161009500421088,0.9161009500421088,0.9161009500421088,0.9161009500421088,54.0,1394023.0
2022-07-05,0.9161009500421088,0.9161009500421088,0.9161009500421088,0.9161009500421088,56.0,1949586.0
2022-07-06,0.9161009500421088,0.9161009500421088,0.9161009500421088,0.9161009500421088,86.0,2113799.0
2022-07-07,0.9161009500421088,0.9161009500421088,0.9161009500421088,0.9161009500421088,85.0,1462287.0
2022-07-08,0.9161009500421088,0.9161009500421088,0.9161009500421088,0.9161009500421088,88.0,1353571.0
2022-07-11,0.9161009500421088,0.9161009500421088,0.9161009500421088,0.9161009500421088,79.0,4598701.0
2022-07-12,0.9161009500421088,0.9161009500421088,0.9161009500421088,0.9161009500421088,30.0,475818.0
2022-07-13,0.9161009500421088,0.9161009500421088,0.9161009500421088,0.9161009500421088,18.0,244962.0
2022-07-14,0.9161009500421088,0.9161009500421088,0.9161009500421088,0.9161009500421088,26.0,674927.0
2022-07-15,0.9161009500421088,0.9161009500421088,0.9161009500421088,0.9161009500421088,21.0,608105.0
2022-07-18,0.9161009500421088,0.9161009500421088,0.9161009500421088,0.9161009500421088,44.0,2658852.0
2022-07-19,0.9161009500421088,0.9161009500421088,0.9161009500421088,0.9161009500421088,30.0,1020769.0
2022-07-20,0.9161009500421088,0.9161009500421088,0.9161009500421088,0.9161009500421088,135.0,11721045.0
2022-07-21,0.9161009500421088,0.9161009500421088,0.9161009500421088,0.9161009500421088,38.0,7668626.0
2022-07-22,0.9161009500421088,0.9161009500421088,0.9161009500421088,0.9161009500421088,42.0,541841.0
2022-07-25,0.9161009500421088,0.9161009500421088,0.9161009500421088,0.9161009500421088,35.0,1249739.0
2022-07-26,0.9161009500421088,0.9161009500421088,0.9161009500421088,0.9161009500421088,39.0,456367.0
2022-07-27,0.9161009500421088,0.9161009500421088,0.9161009500421088,0.9161009500421088,43.0,563890.0
2022-07-28,0.9161009500421088,0.9161009500421088,0.9161009500421088,0.9161009500421088,82.0,820548.0
2022-07-29,0.9161009500421088,0.9161009500421088,0.9161009500421088,0.9161009500421088,27.0,355041.0
2022-08-01,0.9161009500421088,0.9161009500421088,0.9161009500421088,0.9161009500421088,46.0,2727671.0
2022-08-02,0.9161009500421088,0.9161009500421088,0.9161009500421088,0.9161009500421088,40.0,487705.0
2022-08-03,0.9161009500421088,0.9161009500421088,0.9161009500421088,0.9161009500421088,39.0,1502383.0
2022-08-04,0.9161009500421088,0.9161009500421088,0.9161009500421088,0.9161009500421088,38.0,1257011.0
2022-08-05,0.9161009500421088,0.9161009500421088,0.9161009500421088,0.9161009500421088,27.0,678467.0
2022-08-08,0.9161009500421088,0.9161009500421088,0.9161009500421088,0.9161009500421088,33.0,1058896.0
2022-08-09,0.9161009500421088,0.9161009500421088,0.9161009500421088,0.9161009500421088,154.0,3595345.0
2022-08-10,0.9161009500421088,0.9161009500421088,0.9161009500421088,0.9161009500421088,48.0,1599722.0
2022-08-11,0.9161009500421088,0.9161009500421088,0.9161009500421088,0.9161009500421088,42.0,1544207.0
2022-08-12,0.9161009500421088,0.9161009500421088,0.9161009500421088,0.9161009500421088,51.0,2338308.0
2022-08-15,0.9161009500421088,0.9161009500421088,0.9161009500421088,0.9161009500421088,41.0,731382.0
2022-08-16,0.9161009500421088,0.9161009500421088,0.9161009500421088,0.9161009500421088,38.0,1560456.0
2022-08-17,0.9161009500421088,0.9161009500421088,0.9161009500421088,0.9161009500421088,20.0,908928.0
2022-08-18,0.9161009500421088,0.9161009500421088,0.9161009500421088,0.9161009500421088,47.0,1218504.0
2022-08-19,0.9161009500421088,0.9161009500421088,0.9161009500421088,0.9161009500421088,48.0,1341571.0
2022-08-22,0.9161009500421088,0.9161009500421088,0.9161009500421088,0.9161009500421088,43.0,466211.0
2022-08-23,0.9161009500421088,0.9161009500421088,0.9161009500421088,0.9161009500421088,41.0,1969675.0
2022-08-24,0.9161009500421088,0.9161009500421088,0.9161009500421088,0.9161009500421088,43.0,1091040.0
2022-08-25,0.9161009500421088,0.9161009500421088,0.9161009500421088,0.9161009500421088,43.0,1218990.0
2022-08-26,0.9161009500421088,0.9161009500421088,0.9161009500421088,0.9161009500421088,35.0,1061131.0
2022-08-29,0.9161009500421088,0.9161009500421088,0.9161009500421088,0.9161009500421088,0.0,0.0
2022-08-30,0.9161009500421088,0.9161009500421088,0.9161009500421088,0.9161009500421088,19.0,434166.0
2022-08-31,0.9161009500421088,0.9161009500421088,0.9161009500421088,0.9161009500421088,26.0,400645.0
2022-09-01,0.9161009500421088,0.9161009500421088,0.9161009500421088,0.9161009500421088,61.0,1603404.0
2022-09-02,0.9161009500421088,0.9161009500421088,0.9161009500421088,0.9161009500421088,35.0,1101438.0
2022-09-05,0.9161009500421088,0.9161009500421088,0.9161009500421088,0.9161009500421088,34.0,895099.0
2022-09-06,0.9161009500421088,0.9161009500421088,0.9161009500421088,0.9161009500421088,25.0,923476.0
2022-09-07,0.9161009500421088,0.9161009500421088,0.9161009500421088,0.9161009500421088,39.0,1021830.0
2022-09-08,0.9161009500421088,0.9161009500421088,0.9161009500421088,0.9161009500421088,42.0,855070.0
2022-09-09,0.9161009500421088,0.9161009500421088,0.9161009500421088,0.9161009500421088,23.0,764461.0
2022-09-12,0.9161009500421088,0.9161009500421088,0.9161009500421088,0.9161009500421088,42.0,598235.0
2022-09-13,0.9161009500421088,0.9161009500421088,0.9161009500421088,0.9161009500421088,48.0,1300322.0
2022-09-14,0.9161009500421088,0.9161009500421088,0.9161009500421088,0.9161009500421088,114.0,10074073.0
2022-09-15,0.9161009500421088,0.9161009500421088,0.9161009500421088,0.9161009500421088,60.0,1421234.0
2022-09-16,0.9161009500421088,0.9161009500421088,0.9161009500421088,0.9161009500421088,36.0,3675597.0
2022-09-19,0.9161009500421088,0.9161009500421088,0.9161009500421088,0.9161009500421088,0.0,0.0
2022-09-20,0.9161009500421088,0.9161009500421088,0.9161009500421088,0.9161009500421088,33.0,2605314.0
2022-09-21,0.9161009500421088,0.9161009500421088,0.9161009500421088,0.9161009500421088,42.0,1922627.0
2022-09-22,0.9161009500421088,0.9161009500421088,0.9161009500421088,0.9161009500421088,72.0,2259777.0
2022-09-23,0.9161009500421088,0.9161009500421088,0.9161009500421088,0.9161009500421088,62.0,7579163.0
2022-09-26,0.9161009500421088,0.9161009500421088,0.9161009500421088,0.9161009500421088,64.0,1647100.0
2022-09-27,0.9161009500421088,0.9161009500421088,0.9161009500421088,0.9161009500421088,89.0,3205695.0
2022-09-28,0.9161009500421088,0.9161009500421088,0.9161009500421088,0.9161009500421088,89.0,3494919.0
2022-09-29,0.9161009500421088,0.9161009500421088,0.9161009500421088,0.9161009500421088,94.0,7302330.0
2022-09-30,0.9161009500421088,0.9161009500421088,0.9161009500421088,0.9161009500421088,71.0,2510788.0
2022-10-03,0.9161009500421088,0.9161009500421088,0.9161009500421088,0.9161009500421088,73.0,1731599.0
2022-10-04,0.9161009500421088,0.9161009500421088,0.9161009500421088,0.9161009500421088,88.0,3032045.0
2022-10-05,0.9161009500421088,0.9161009500421088,0.9161009500421088,0.9161009500421088,215.0,1505825.0
2022-10-06,0.9161009500421088,0.9161009500421088,0.9161009500421088,0.9161009500421088,92.0,1911149.0
2022-10-07,0.9161009500421088,0.9161009500421088,0.9161009500421088,0.9161009500421088,40.0,1377539.0
2022-10-10,0.9161009500421088,0.9161009500421088,0.9161009500421088,0.9161009500421088,37.0,554858.0
2022-10-11,0.9161009500421088,0.9161009500421088,0.9161009500421088,0.9161009500421088,159.0,10747496.0
2022-10-12,0.9161009500421088,0.9161009500421088,0.9161009500421088,0.9161009500421088,63.0,911155.0
2022-10-13,0.9161009500421088,0.9161009500421088,0.9161009500421088,0.9161009500421088,215.0,10715539.0
2022-10-14,0.9161009500421088,0.9161009500421088,0.9161009500421088,0.9161009500421088,105.0,8161661.0
2022-10-17,0.9161009500421088,0.9161009500421088,0.9161009500421088,0.9161009500421088,58.0,3340884.0
2022-10-18,0.9161009500421088,0.9161009500421088,0.9161009500421088,0.9161009500421088,228.0,7955342.0
2022-10-19,0.9161009500421088,0.9161009500421088,0.9161009500421088,0.9161009500421088,57.0,835449.0
2022-10-20,0.9161009500421088,0.9161009500421088,0.9161009500421088,0.9161009500421088,76.0,7004793.0
2022-10-21,0.9161009500421088,0.9161009500421088,0.9161009500421088,0.9161009500421088,89.0,7904467.0
2022-10-24,0.9161009500421088,0.9161009500421088,0.9161009500421088,0.9161009500421088,86.0,6396279.0
2022-10-25,0.9161009500421088,0.9161009500421088,0.9161009500421088,0.9161009500421088,408.0,9709491.0
2022-10-26,0.9161009500421088,0.9161009500421088,0.9161009500421088,0.9161009500421088,152.0,2571158.0
2022-10-27,0.9161009500421088,0.9161009500421088,0.9161009500421088,0.9161009500421088,33.0,1181601.0
2022-10-28,0.9161009500421088,0.9161009500421088,0.9161009500421088,0.9161009500421088,79.0,1476884.0
2022-10-31,0.9161009500421088,0.9161009500421088,0.9161009500421088,0.9161009500421088,83.0,2008708.0
2022-11-01,0.9161009500421088,0.9161009500421088,0.9161009500421088,0.9161009500421088,27.0,322852.0
2022-11-02,0.9161009500421088,0.9161009500421088,0.9161009500421088,0.9161009500421088,50.0,1252204.0
2022-11-03,0.9161009500421088,0.9161009500421088,0.9161009500421088,0.9161009500421088,248.0,2315852.0
2022-11-04,0.9161009500421088,0.9161009500421088,0.9161009500421088,0.9161009500421088,90.0,953284.0
2022-11-07,0.9161009500421088,0.9161009500421088,0.9161009500421088,0.9161009500421088,121.0,2167497.0
2022-11-08,0.9161009500421088,0.9161009500421088,0.9161009500421088,0.9161009500421088,143.0,2317996.0
2022-11-09,0.9161009500421088,0.9161009500421088,0.9161009500421088,0.9161009500421088,117.0,2191991.0
2022-11-10,0.9161009500421088,0.9161009500421088,0.9161009500421088,0.9161009500421088,98.0,1481237.0
2022-11-11,0.9161009500421088,0.9161009500421088,0.9161009500421088,0.9161009500421088,84.0,1418957.0
2022-11-14,0.9161009500421088,0.9161009500421088,0.9161009500421088,0.9161009500421088,86.0,1711174.0
2022-11-15,0.9161009500421088,0.9161009500421088,0.9161009500421088,0.9161009500421088,257.0,1491972.0
2022-11-16,0.9161009500421088,0.9161009500421088,0.9161009500421088,0.9161009500421088,75.0,1362363.0
2022-11-17,0.9161009500421088,0.9161009500421088,0.9161009500421088,0.9161009500421088,60.0,758930.0
2022-11-18,0.9161009500421088,0.9161009500421088,0.9161009500421088,0.9161009500421088,39.0,1218334.0
2022-11-21,0.9161009500421088,0.9161009500421088,0.9161009500421088,0.9161009500421088,45.0,800189.0
2022-11-22,0.9161009500421088,0.9161009500421088,0.9161009500421088,0.9161009500421088,42.0,568935.0
2022-11-23,0.9161009500421088,0.9161009500421088,0.9161009500421088,0.9161009500421088,54.0,1496860.0
2022-11-24,0.9161009500421088,0.9161009500421088,0.9161009500421088,0.9161009500421088,105.0,1014729.0
2022-11-25,0.9161009500421088,0.9161009500421088,0.9161009500421088,0.9161009500421088,49.0,1055413.0
2022-11-28,0.9161009500421088,0.9161009500421088,0.9161009500421088,0.9161009500421088,64.0,1069761.0
2022-11-29,0.9161009500421088,0.9161009500421088,0.9161009500421088,0.9161009500421088,35.0,459406.0
2022-11-30,0.9161009500421088,0.9161009500421088,0.9161009500421088,0.9161009500421088,46.0,2120358.0
2022-12-01,0.9161009500421088,0.9161009500421088,0.9161009500421088,0.9161009500421088,26.0,1438417.0
2022-12-02,0.9161009500421088,0.9161009500421088,0.9161009500421088,0.9161009500421088,15.0,432839.0
2022-12-05,0.9161009500421088,0.9161009500421088,0.9161009500421088,0.9161009500421088,21.0,294577.0
2022-12-06,0.9161009500421088,0.9161009500421088,0.9161009500421088,0.9161009500421088,37.0,1281463.0
2022-12-07,0.9161009500421088,0.9161009500421088,0.9161009500421088,0.9161009500421088,30.0,349335.0
2022-12-08,0.9161009500421088,0.9161009500421088,0.9161009500421088,0.9161009500421088,15.0,176551.0
2022-12-09,0.9161009500421088,0.9161009500421088,0.9161009500421088,0.9161009500421088,28.0,1092822.0
2022-12-12,0.9161009500421088,0.9161009500421088,0.9161009500421088,0.9161009500421088,69.0,1463743.0
2022-12-13,0.9161009500421088,0.9161009500421088,0.9161009500421088,0.9161009500421088,40.0,763093.0
2022-12-14,0.9161009500421088,0.9161009500421088,0.9161009500421088,0.9161009500421088,33.0,140693.0
2022-12-15,0.9161009500421088,0.9161009500421088,0.9161009500421088,0.9161009500421088,76.0,3985131.0
2022-12-16,0.9161009500421088,0.9161009500421088,0.9161009500421088,0.9161009500421088,33.0,808748.0
2022-12-19,0.9161009500421088,0.9161009500421088,0.9161009500421088,0.9161009500421088,25.0,383127.0
2022-12-20,0.9161009500421088,0.9161009500421088,0.9161009500421088,0.9161009500421088,93.0,3508853.0
2022-12-21,0.9161009500421088,0.9161009500421088,0.9161009500421088,0.9161009500421088,60.0,593943.0
2022-12-22,0.9161009500421088,0.9161009500421088,0.9161009500421088,0.9161009500421088,32.0,275032.0
2022-12-23,0.9161009500421088,0.9161009500421088,0.9161009500421088,0.9161009500421088,124.0,80188.0
2022-12-27,0.9161009500421088,0.9161009500421088,0.9161009500421088,0.9161009500421088,0.0,0.0
2022-12-28,0.9161009500421088,0.9161009500421088,0.9161009500421088,0.9161009500421088,36.0,667228.0
2022-12-29,0.9161009500421088,0.9161009500421088,0.9161009500421088,0.9161009500421088,40.0,242239.0
2022-12-30,0.9161009500421088,0.9161009500421088,0.9161009500421088,0.9161009500421088,23.0,217530.0
2023-01-02,0.9161009500421088,0.9161009500421088,0.9161009500421088,0.9161009500421088,0.0,0.0
2023-01-03,0.9161009500421088,0.9161009500421088,0.9161009500421088,0.9161009500421088,43.0,728267.0
2023-01-04,0.9161009500421088,0.9161009500421088,0.9161009500421088,0.9161009500421088,52.0,1114797.0
2023-01-05,0.9161009500421088,0.9161009500421088,0.9161009500421088,0.9161009500421088,50.0,884231.0
2023-01-06,0.9161009500421088,0.9161009500421088,0.9161009500421088,0.9161009500421088,46.0,1990762.0
2023-01-09,0.9161009500421088,0.9161009500421088,0.9161009500421088,0.9161009500421088,62.0,1159996.0
2023-01-10,0.9161009500421088,0.9161009500421088,0.9161009500421088,0.9161009500421088,55.0,578670.0
2023-01-11,0.9161009500421088,0.9161009500421088,0.9161009500421088,0.9161009500421088,24.0,169781.0
2023-01-12,0.9161009500421088,0.9161009500421088,0.9161009500421088,0.9161009500421088,45.0,3049598.0
2023-01-13,0.9161009500421088,0.9161009500421088,0.9161009500421088,0.9161009500421088,41.0,864642.0
2023-01-16,0.9161009500421088,0.9161009500421088,0.9161009500421088,0.9161009500421088,33.0,526718.0
2023-01-17,0.9161009500421088,0.9161009500421088,0.9161009500421088,0.9161009500421088,48.0,465184.0
2023-01-18,0.9161009500421088,0.9161009500421088,0.9161009500421088,0.9161009500421088,28.0,349131.0
2023-01-19,0.9161009500421088,0.9161009500421088,0.9161009500421088,0.9161009500421088,39.0,358916.0
2023-01-20,0.9161009500421088,0.9161009500421088,0.9161009500421088,0.9161009500421088,47.0,417557.0
2023-01-23,0.9161009500421088,0.9161009500421088,0.9161009500421088,0.9161009500421088,65.0,793508.0
2023-01-24,0.9161009500421088,0.9161009500421088,0.9161009500421088,0.9161009500421088,74.0,1843717.0
2023-01-25,0.9161009500421088,0.9161009500421088,0.9161009500421088,0.9161009500421088,47.0,1424817.0
2023-01-26,0.9161009500421088,0.9161009500421088,0.9161009500421088,0.9161009500421088,34.0,529605.0
2023-01-27,0.9161009500421088,0.9161009500421088,0.9161009500421088,0.9161009500421088,28.0,1210709.0
2023-01-30,0.9161009500421088,0.9161009500421088,0.9161009500421088,0.9161009500421088,25.0,170848.0
2023-01-31,0.9161009500421088,0.9161009500421088,0.9161009500421088,0.9161009500421088,26.0,347264.0
2023-02-01,0.9161009500421088,0.9161009500421088,0.9161009500421088,0.9161009500421088,32.0,536072.0
2023-02-02,0.9161009500421088,0.9161009500421088,0.9161009500421088,0.9161009500421088,40.0,603566.0
2023-02-03,0.9161009500421088,0.9161009500421088,0.9161009500421088,0.9161009500421088,42.0,266541.0
2023-02-06,0.9161009500421088,0.9161009500421088,0.9161009500421088,0.9161009500421088,32.0,276902.0
2023-02-07,0.9161009500421088,0.9161009500421088,0.9161009500421088,0.9161009500421088,47.0,681855.0
2023-02-08,0.9161009500421088,0.9161009500421088,0.9161009500421088,0.9161009500421088,39.0,363766.0
2023-02-09,0.9161009500421088,0.9161009500421088,0.9161009500421088,0.9161009500421088,26.0,577735.0
2023-02-10,0.9161009500421088,0.9161009500421088,0.9161009500421088,0.9161009500421088,24.0,423045.0
2023-02-13,0.9161009500421088,0.9161009500421088,0.9161009500421088,0.9161009500421088,40.0,328975.0
2023-02-14,0.9161009500421088,0.9161009500421088,0.9161009500421088,0.9161009500421088,29.0,223970.0
2023-02-15,0.9161009500421088,0.9161009500421088,0.9161009500421088,0.9161009500421088,452.0,2227411.0
2023-02-16,0.9161009500421088,0.9161009500421088,0.9161009500421088,0.9161009500421088,35.0,718225.0
2023-02-17,0.9161009500421088,0.9161009500421088,0.9161009500421088,0.9161009500421088,25.0,287859.0
2023-02-20,0.9161009500421088,0.9161009500421088,0.9161009500421088,0.9161009500421088,20.0,229926.0
2023-02-21,0.9161009500421088,0.9161009500421088,0.9161009500421088,0.9161009500421088,33.0,526895.0
2023-02-22,0.9161009500421088,0.9161009500421088,0.9161009500421088,0.9161009500421088,64.0,2555110.0
2023-02-23,0.9161009500421088,0.9161009500421088,0.9161009500421088,0.9161009500421088,37.0,1286164.0
2023-02-24,0.9161009500421088,0.9161009500421088,0.9161009500421088,0.9161009500421088,15.0,117638.0
2023-02-27,0.9161009500421088,0.9161009500421088,0.9161009500421088,0.9161009500421088,54.0,965279.0
2023-02-28,0.9161009500421088,0.9161009500421088,0.9161009500421088,0.9161009500421088,59.0,1465884.0
2023-03-01,0.9161009500421088,0.9161009500421088,0.9161009500421088,0.9161009500421088,89.0,2836404.0
2023-03-02,0.9161009500421088,0.9161009500421088,0.9161009500421088,0.9161009500421088,51.0,373294.0
2023-03-03,0.9161009500421088,0.9161009500421088,0.9161009500421088,0.9161009500421088,29.0,945000.0
2023-03-06,0.9161009500421088,0.9161009500421088,0.9161009500421088,0.9161009500421088,46.0,893393.0
2023-03-07,0.9161009500421088,0.9161009500421088,0.9161009500421088,0.9161009500421088,30.0,223878.0
2023-03-08,0.9161009500421088,0.9161009500421088,0.9161009500421088,0.9161009500421088,35.0,401961.0
2023-03-09,0.9161009500421088,0.9161009500421088,0.9161009500421088,0.9161009500421088,51.0,475485.0
2023-03-10,0.9161009500421088,0.9161009500421088,0.9161009500421088,0.9161009500421088,32.0,719711.0
2023-03-13,0.9161009500421088,0.9161009500421088,0.9161009500421088,0.9161009500421088,63.0,1936708.0
2023-03-14,0.9161009500421088,0.9161009500421088,0.9161009500421088,0.9161009500421088,107.0,1922362.0
2023-03-15,0.9161009500421088,0.9161009500421088,0.9161009500421088,0.9161009500421088,107.0,1251020.0
2023-03-16,0.9161009500421088,0.9161009500421088,0.9161009500421088,0.9161009500421088,24.0,341940.0
2023-03-17,0.9161009500421088,0.9161009500421088,0.9161009500421088,0.9161009500421088,59.0,929195.0
2023-03-20,0.9161009500421088,0.9161009500421088,0.9161009500421088,0.9161009500421088,74.0,1430329.0
2023-03-21,0.9161009500421088,0.9161009500421088,0.9161009500421088,0.9161009500421088,51.0,2284809.0
2023-03-22,0.9161009500421088,0.9161009500421088,0.9161009500421088,0.9161009500421088,48.0,2876523.0
2023-03-23,0.9161009500421088,0.9161009500421088,0.9161009500421088,0.9161009500421088,55.0,1645544.0
2023-03-24,0.9161009500421088,0.9161009500421088,0.9161009500421088,0.9161009500421088,73.0,2293592.0
2023-03-27,0.9161009500421088,0.9161009500421088,0.9161009500421088,0.9161009500421088,133.0,5262332.0
2023-03-28,0.9161009500421088,0.9161009500421088,0.9161009500421088,0.9161009500421088,63.0,624006.0
2023-03-29,0.9161009500421088,0.9161009500421088,0.9161009500421088,0.9161009500421088,61.0,1653868.0
2023-03-30,0.9161009500421088,0.9161009500421088,0.9161009500421088,0.9161009500421088,81.0,937783.0
2023-03-31,0.9161009500421088,0.9161009500421088,0.9161009500421088,0.9161009500421088,51.0,1226918.0
2023-04-03,0.9161009500421088,0.9161009500421088,0.9161009500421088,0.9161009500421088,73.0,346768.0
2023-04-04,0.9161009500421088,0.9161009500421088,0.9161009500421088,0.9161009500421088,39.0,548646.0
2023-04-05,0.9161009500421088,0.9161009500421088,0.9161009500421088,0.9161009500421088,54.0,712856.0
2023-04-06,0.9161009500421088,0.9161009500421088,0.9161009500421088,0.9161009500421088,49.0,330227.0
2023-04-11,0.9161009500421088,0.9161009500421088,0.9161009500421088,0.9161009500421088,64.0,906965.0
2023-04-12,0.9161009500421088,0.9161009500421088,0.9161009500421088,0.9161009500421088,77.0,2495603.0
2023-04-13,0.9161009500421088,0.9161009500421088,0.9161009500421088,0.9161009500421088,59.0,2359495.0
2023-04-14,0.9161009500421088,0.9161009500421088,0.9161009500421088,0.9161009500421088,136.0,5583971.0
2023-04-17,0.9161009500421088,0.9161009500421088,0.9161009500421088,0.9161009500421088,64.0,1874447.0
2023-04-18,0.9161009500421088,0.9161009500421088,0.9161009500421088,0.9161009500421088,51.0,312400.0
2023-04-19,0.9161009500421088,0.9161009500421088,0.9161009500421088,0.9161009500421088,62.0,2068251.0
2023-04-20,0.9161009500421088,0.9161009500421088,0.9161009500421088,0.9161009500421088,54.0,3179810.0
2023-04-21,0.9161009500421088,0.9161009500421088,0.9161009500421088,0.9161009500421088,74.0,893010.0
2023-04-24,0.9161009500421088,0.9161009500421088,0.9161009500421088,0.9161009500421088,119.0,1993971.0
2023-04-25,0.9161009500421088,0.9161009500421088,0.9161009500421088,0.9161009500421088,54.0,731594.0
2023-04-26,0.9161009500421088,0.9161009500421088,0.9161009500421088,0.9161009500421088,33.0,323900.0
2023-04-27,0.9161009500421088,0.9161009500421088,0.9161009500421088,0.9161009500421088,108.0,428628.0
2023-04-28,0.9161009500421088,0.9161009500421088,0.9161009500421088,0.9161009500421088,118.0,3569227.0
2023-05-02,0.9161009500421088,0.9161009500421088,0.9161009500421088,0.9161009500421088,101.0,2117721.0
2023-05-03,0.9161009500421088,0.9161009500421088,0.9161009500421088,0.9161009500421088,47.0,1362977.0
2023-05-04,0.9161009500421088,0.9161009500421088,0.9161009500421088,0.9161009500421088,36.0,382503.0
2023-05-05,0.9161009500421088,0.9161009500421088,0.9161009500421088,0.9161009500421088,87.0,2712277.0
2023-05-08,0.9161009500421088,0.9161009500421088,0.9161009500421088,0.9161009500421088,0.0,0.0
2023-05-09,0.9161009500421088,0.9161009500421088,0.9161009500421088,0.9161009500421088,75.0,1466496.0
2023-05-10,0.9161009500421088,0.9161009500421088,0.9161009500421088,0.9161009500421088,40.0,796364.0
2023-05-11,0.9161009500421088,0.9161009500421088,0.9161009500421088,0.9161009500421088,47.0,1358323.0
2023-05-12,0.9161009500421088,0.9161009500421088,0.9161009500421088,0.9161009500421088,59.0,607376.0
2023-05-15,0.9161009500421088,0.9161009500421088,0.9161009500421088,0.9161009500421088,47.0,607385.0
2023-05-16,0.9161009500421088,0.9161009500421088,0.9161009500421088,0.9161009500421088,25.0,510681.0
2023-05-17,0.9161009500421088,0.9161009500421088,0.9161009500421088,0.9161009500421088,36.0,2360114.0
2023-05-18,0.9161009500421088,0.9161009500421088,0.9161009500421088,0.9161009500421088,210.0,15954404.0
2023-05-19,0.9161009500421088,0.9161009500421088,0.9161009500421088,0.9161009500421088,209.0,8638911.0
2023-05-22,0.9161009500421088,0.9161009500421088,0.9161009500421088,0.9161009500421088,58.0,4520726.0
2023-05-23,0.9161009500421088,0.9161009500421088,0.9161009500421088,0.9161009500421088,50.0,848894.0
2023-05-24,0.9161009500421088,0.9161009500421088,0.9161009500421088,0.9161009500421088,84.0,2460328.0
2023-05-25,0.9161009500421088,0.9161009500421088,0.9161009500421088,0.9161009500421088,79.0,1076204.0
2023-05-26,0.9161009500421088,0.9161009500421088,0.9161009500421088,0.9161009500421088,49.0,914448.0
2023-05-29,0.9161009500421088,0.9161009500421088,0.9161009500421088,0.9161009500421088,0.0,0.0
2023-05-30,0.9161009500421088,0.9161009500421088,0.9161009500421088,0.9161009500421088,56.0,516645.0
2023-05-31,0.9161009500421088,0.9161009500421088,0.9161009500421088,0.9161009500421088,85.0,2313457.0
2023-06-01,0.9161009500421088,0.9161009500421088,0.9161009500421088,0.9161009500421088,64.0,933722.0
2023-06-02,0.9161009500421088,0.9161009500421088,0.9161009500421088,0.9161009500421088,45.0,2764759.0
2023-06-05,0.9161009500421088,0.9161009500421088,0.9161009500421088,0.9161009500421088,47.0,939538.0
2023-06-06,0.9161009500421088,0.9161009500421088,0.9161009500421088,0.9161009500421088,129.0,1809453.0
2023-06-07,0.9161009500421088,0.9161009500421088,0.9161009500421088,0.9161009500421088,97.0,2349170.0
2023-06-08,0.9161009500421088,0.9161009500421088,0.9161009500421088,0.9161009500421088,79.0,2330014.0
2023-06-09,0.9161009500421088,0.9161009500421088,0.9161009500421088,0.9161009500421088,34.0,962040.0
2023-06-12,0.9161009500421088,0.9161009500421088,0.9161009500421088,0.9161009500421088,25.0,241231.0
2023-06-13,0.9161009500421088,0.9161009500421088,0.9161009500421088,0.9161009500421088,90.0,1653420.0
2023-06-14,0.9161009500421088,0.9161009500421088,0.9161009500421088,0.9161009500421088,31.0,245567.0
2023-06-15,0.9161009500421088,0.9161009500421088,0.9161009500421088,0.9161009500421088,27.0,485869.0
2023-06-16,0.9161009500421088,0.9161009500421088,0.9161009500421088,0.9161009500421088,46.0,727505.0
2023-06-19,0.9161009500421088,0.9161009500421088,0.9161009500421088,0.9161009500421088,30.0,781732.0
2023-06-20,0.9161009500421088,0.9161009500421088,0.9161009500421088,0.9161009500421088,52.0,867582.0
2023-06-21,0.9161009500421088,0.9161009500421088,0.9161009500421088,0.9161009500421088,54.0,1957342.0
2023-06-22,0.9161009500421088,0.9161009500421088,0.9161009500421088,0.9161009500421088,115.0,1429399.0
2023-06-23,0.9161009500421088,0.9161009500421088,0.9161009500421088,0.9161009500421088,49.0,884216.0
2023-06-26,0.9161009500421088,0.9161009500421088,0.9161009500421088,0.9161009500421088,146.0,1605039.0
2023-06-27,0.9161009500421088,0.9161009500421088,0.9161009500421088,0.9161009500421088,56.0,978579.0
2023-06-28,0.9161009500421088,0.9161009500421088,0.9161009500421088,0.9161009500421088,45.0,857547.0
2023-06-29,0.9161009500421088,0.9161009500421088,0.9161009500421088,0.9161009500421088,89.0,961623.0
2023-06-30,0.9161009500421088,0.9161009500421088,0.9161009500421088,0.9161009500421088,129.0,1129258.0
2023-07-03,0.9161009500421088,0.9161009500421088,0.9161009500421088,0.9161009500421088,35.0,1168721.0
2023-07-04,0.9161009500421088,0.9161009500421088,0.9161009500421088,0.9161009500421088,31.0,293773.0
2023-07-05,0.9161009500421088,0.9161009500421088,0.9161009500421088,0.9161009500421088,27.0,518434.0
2023-07-06,0.9161009500421088,0.9161009500421088,0.9161009500421088,0.9161009500421088,13.0,73061.0
2023-07-07,0.9161009500421088,0.9161009500421088,0.9161009500421088,0.9161009500421088,33.0,1552044.0
