Date,HIGH,LOW,CLOSE,OPEN,COUNT,VOLUME,SHROUT
1983-01-04,,,,,0.0,0.0,
1983-01-05,,,,,0.0,1.0,
1983-01-06,,,,,0.0,1.0,
1983-01-07,,,,,0.0,1.0,
1983-01-10,,,,,0.0,1.0,
1983-01-11,,,,,0.0,1.0,
1983-01-12,,,,,0.0,1.0,
1983-01-13,,,,,0.0,1.0,
1983-01-14,,,,,0.0,1.0,
1983-01-17,,,,,0.0,1.0,
1983-01-18,,,,,0.0,1.0,
1983-01-19,,,,,0.0,1.0,
1983-01-20,,,,,0.0,1.0,
1983-01-21,,,,,0.0,1.0,
1983-01-24,,,,,0.0,1.0,
1983-01-25,,,,,0.0,1.0,
1983-01-26,,,,,0.0,1.0,
1983-01-27,,,,,0.0,1.0,
1983-01-28,,,,,0.0,1.0,
1983-01-31,,,,,0.0,1.0,
1983-02-01,,,,,0.0,1.0,
1983-02-02,,,,,0.0,1.0,
1983-02-03,,,,,0.0,1.0,
1983-02-04,,,,,0.0,1.0,
1983-02-07,,,,,0.0,1.0,
1983-02-08,,,,,0.0,1.0,
1983-02-09,,,,,0.0,1.0,
1983-02-10,,,,,0.0,1.0,
1983-02-11,,,,,0.0,1.0,
1983-02-14,,,,,0.0,1.0,
1983-02-15,,,,,0.0,1.0,
1983-02-16,,,,,0.0,1.0,
1983-02-17,,,,,0.0,1.0,
1983-02-18,,,,,0.0,1.0,
1983-02-21,,,,,0.0,1.0,
1983-02-22,,,,,0.0,1.0,
1983-02-23,,,,,0.0,1.0,
1983-02-24,,,,,0.0,1.0,
1983-02-25,,,,,0.0,1.0,
1983-02-28,,,,,0.0,1.0,
1983-03-01,,,,,0.0,1.0,
1983-03-02,,,,,0.0,1.0,
1983-03-03,,,,,0.0,1.0,
1983-03-04,,,,,0.0,1.0,
1983-03-07,,,,,0.0,1.0,
1983-03-08,,,,,0.0,1.0,
1983-03-09,,,,,0.0,1.0,
1983-03-10,,,,,0.0,1.0,
1983-03-11,,,,,0.0,1.0,
1983-03-14,,,,,0.0,1.0,
1983-03-15,,,,,0.0,1.0,
1983-03-16,,,,,0.0,1.0,
1983-03-17,,,,,0.0,1.0,
1983-03-18,,,,,0.0,1.0,
1983-03-21,,,,,0.0,1.0,
1983-03-22,,,,,0.0,1.0,
1983-03-23,,,,,0.0,1.0,
1983-03-24,,,,,0.0,1.0,
1983-03-25,,,,,0.0,1.0,
1983-03-28,,,,,0.0,1.0,
1983-03-29,,,,,0.0,1.0,
1983-03-30,,,,,0.0,1.0,
1983-03-31,,,,,0.0,1.0,
1983-04-01,,,,,0.0,1.0,
1983-04-04,,,,,0.0,1.0,
1983-04-05,,,,,0.0,1.0,
1983-04-06,,,,,0.0,1.0,
1983-04-07,,,,,0.0,1.0,
1983-04-08,,,,,0.0,1.0,
1983-04-11,,,,,0.0,1.0,
1983-04-12,,,,,0.0,1.0,
1983-04-13,,,,,0.0,1.0,
1983-04-14,,,,,0.0,1.0,
1983-04-15,,,,,0.0,1.0,
1983-04-18,,,,,0.0,1.0,
1983-04-19,,,,,0.0,1.0,
1983-04-20,,,,,0.0,1.0,
1983-04-21,,,,,0.0,1.0,
1983-04-22,,,,,0.0,1.0,
1983-04-25,,,,,0.0,1.0,
1983-04-26,,,,,0.0,1.0,
1983-04-27,,,,,0.0,1.0,
1983-04-28,,,,,0.0,1.0,
1983-04-29,,,,,0.0,1.0,
1983-05-02,,,,,0.0,1.0,
1983-05-03,,,,,0.0,1.0,
1983-05-04,,,,,0.0,1.0,
1983-05-05,,,,,0.0,1.0,
1983-05-06,,,,,0.0,1.0,
1983-05-09,,,,,0.0,1.0,
1983-05-10,,,,,0.0,1.0,
1983-05-11,,,,,0.0,1.0,
1983-05-12,,,,,0.0,1.0,
1983-05-13,,,,,0.0,1.0,
1983-05-16,,,,,0.0,1.0,
1983-05-17,,,,,0.0,1.0,
1983-05-18,,,,,0.0,1.0,
1983-05-19,,,,,0.0,1.0,
1983-05-20,,,,,0.0,1.0,
1983-05-23,,,,,0.0,1.0,
1983-05-24,,,,,0.0,1.0,
1983-05-25,,,,,0.0,1.0,
1983-05-26,,,,,0.0,1.0,
1983-05-27,,,,,0.0,1.0,
1983-05-30,,,,,0.0,1.0,
1983-05-31,,,,,0.0,1.0,
1983-06-01,,,,,0.0,1.0,
1983-06-02,,,,,0.0,1.0,
1983-06-03,,,,,0.0,1.0,
1983-06-06,,,,,0.0,1.0,
1983-06-07,,,,,0.0,1.0,
1983-06-08,,,,,0.0,1.0,
1983-06-09,,,,,0.0,1.0,
1983-06-10,,,,,0.0,1.0,
1983-06-13,,,,,0.0,1.0,
1983-06-14,,,,,0.0,1.0,
1983-06-15,,,,,0.0,1.0,
1983-06-16,,,,,0.0,1.0,
1983-06-17,,,,,0.0,1.0,
1983-06-20,,,,,0.0,1.0,
1983-06-21,,,,,0.0,1.0,
1983-06-22,,,,,0.0,1.0,
1983-06-23,,,,,0.0,1.0,
1983-06-24,,,,,0.0,1.0,
1983-06-27,,,,,0.0,1.0,
1983-06-28,,,,,0.0,1.0,
1983-06-29,,,,,0.0,1.0,
1983-06-30,,,,,0.0,1.0,
1983-07-01,,,,,0.0,1.0,
1983-07-04,,,,,0.0,1.0,
1983-07-05,,,,,0.0,1.0,
1983-07-06,,,,,0.0,1.0,
1983-07-07,,,,,0.0,1.0,
1983-07-08,,,,,0.0,1.0,
1983-07-11,,,,,0.0,1.0,
1983-07-12,,,,,0.0,1.0,
1983-07-13,,,,,0.0,1.0,
1983-07-14,,,,,0.0,1.0,
1983-07-15,,,,,0.0,1.0,
1983-07-18,,,,,0.0,1.0,
1983-07-19,,,,,0.0,1.0,
1983-07-20,,,,,0.0,1.0,
1983-07-21,,,,,0.0,1.0,
1983-07-22,,,,,0.0,1.0,
1983-07-25,,,,,0.0,1.0,
1983-07-26,,,,,0.0,1.0,
1983-07-27,,,,,0.0,1.0,
1983-07-28,,,,,0.0,1.0,
1983-07-29,,,,,0.0,1.0,
1983-08-01,,,,,0.0,1.0,
1983-08-02,,,,,0.0,1.0,
1983-08-03,,,,,0.0,1.0,
1983-08-04,,,,,0.0,1.0,
1983-08-05,,,,,0.0,1.0,
1983-08-08,,,,,0.0,1.0,
1983-08-09,,,,,0.0,1.0,
1983-08-10,,,,,0.0,1.0,
1983-08-11,,,,,0.0,1.0,
1983-08-12,,,,,0.0,1.0,
1983-08-15,,,,,0.0,1.0,
1983-08-16,,,,,0.0,1.0,
1983-08-17,,,,,0.0,1.0,
1983-08-18,,,,,0.0,1.0,
1983-08-19,,,,,0.0,1.0,
1983-08-22,,,,,0.0,1.0,
1983-08-23,,,,,0.0,1.0,
1983-08-24,,,,,0.0,1.0,
1983-08-25,,,,,0.0,1.0,
1983-08-26,,,,,0.0,1.0,
1983-08-29,,,,,0.0,1.0,
1983-08-30,,,,,0.0,1.0,
1983-08-31,,,,,0.0,1.0,
1983-09-01,,,,,0.0,1.0,
1983-09-02,,,,,0.0,1.0,
1983-09-05,,,,,0.0,1.0,
1983-09-06,,,,,0.0,1.0,
1983-09-07,,,,,0.0,1.0,
1983-09-08,,,,,0.0,1.0,
1983-09-09,,,,,0.0,1.0,
1983-09-12,,,,,0.0,1.0,
1983-09-13,,,,,0.0,1.0,
1983-09-14,,,,,0.0,1.0,
1983-09-15,,,,,0.0,1.0,
1983-09-16,,,,,0.0,1.0,
1983-09-19,,,,,0.0,1.0,
1983-09-20,,,,,0.0,1.0,
1983-09-21,,,,,0.0,1.0,
1983-09-22,,,,,0.0,1.0,
1983-09-23,,,,,0.0,1.0,
1983-09-26,,,,,0.0,1.0,
1983-09-27,,,,,0.0,1.0,
1983-09-28,,,,,0.0,1.0,
1983-09-29,,,,,0.0,1.0,
1983-09-30,,,,,0.0,1.0,
1983-10-03,,,,,0.0,1.0,
1983-10-04,,,,,0.0,1.0,
1983-10-05,,,,,0.0,1.0,
1983-10-06,,,,,0.0,1.0,
1983-10-07,,,,,0.0,1.0,
1983-10-10,,,,,0.0,1.0,
1983-10-11,,,,,0.0,1.0,
1983-10-12,,,,,0.0,1.0,
1983-10-13,,,,,0.0,1.0,
1983-10-14,,,,,0.0,1.0,
1983-10-17,,,,,0.0,1.0,
1983-10-18,,,,,0.0,1.0,
1983-10-19,,,,,0.0,1.0,
1983-10-20,,,,,0.0,1.0,
1983-10-21,,,,,0.0,1.0,
1983-10-24,,,,,0.0,1.0,
1983-10-25,,,,,0.0,1.0,
1983-10-26,,,,,0.0,1.0,
1983-10-27,,,,,0.0,1.0,
1983-10-28,,,,,0.0,1.0,
1983-10-31,,,,,0.0,1.0,
1983-11-01,,,,,0.0,1.0,
1983-11-02,,,,,0.0,1.0,
1983-11-03,,,,,0.0,1.0,
1983-11-04,,,,,0.0,1.0,
1983-11-07,,,,,0.0,1.0,
1983-11-08,,,,,0.0,1.0,
1983-11-09,,,,,0.0,1.0,
1983-11-10,,,,,0.0,1.0,
1983-11-11,,,,,0.0,1.0,
1983-11-14,,,,,0.0,1.0,
1983-11-15,,,,,0.0,1.0,
1983-11-16,,,,,0.0,1.0,
1983-11-17,,,,,0.0,1.0,
1983-11-18,,,,,0.0,1.0,
1983-11-21,,,,,0.0,1.0,
1983-11-22,,,,,0.0,1.0,
1983-11-23,,,,,0.0,1.0,
1983-11-24,,,,,0.0,1.0,
1983-11-25,,,,,0.0,1.0,
1983-11-28,,,,,0.0,1.0,
1983-11-29,,,,,0.0,1.0,
1983-11-30,,,,,0.0,1.0,
1983-12-01,,,,,0.0,1.0,
1983-12-02,,,,,0.0,1.0,
1983-12-05,,,,,0.0,1.0,
1983-12-06,,,,,0.0,1.0,
1983-12-07,,,,,0.0,1.0,
1983-12-08,,,,,0.0,1.0,
1983-12-09,,,,,0.0,1.0,
1983-12-12,,,,,0.0,1.0,
1983-12-13,,,,,0.0,1.0,
1983-12-14,,,,,0.0,1.0,
1983-12-15,,,,,0.0,1.0,
1983-12-16,,,,,0.0,1.0,
1983-12-19,,,,,0.0,1.0,
1983-12-20,,,,,0.0,1.0,
1983-12-21,,,,,0.0,1.0,
1983-12-22,,,,,0.0,1.0,
1983-12-23,,,,,0.0,1.0,
1983-12-26,,,,,0.0,1.0,
1983-12-27,,,,,0.0,1.0,
1983-12-28,,,,,0.0,1.0,
1983-12-29,,,,,0.0,1.0,
1983-12-30,,,,,0.0,1.0,
1984-01-02,,,,,0.0,1.0,
1984-01-03,,,,,0.0,1.0,
1984-01-04,,,,,0.0,1.0,
1984-01-05,,,,,0.0,1.0,
1984-01-06,,,,,0.0,1.0,
1984-01-09,,,,,0.0,1.0,
1984-01-10,,,,,0.0,1.0,
1984-01-11,,,,,0.0,1.0,
1984-01-12,,,,,0.0,1.0,
1984-01-13,,,,,0.0,1.0,
1984-01-16,,,,,0.0,1.0,
1984-01-17,,,,,0.0,1.0,
1984-01-18,,,,,0.0,1.0,
1984-01-19,,,,,0.0,1.0,
1984-01-20,,,,,0.0,1.0,
1984-01-23,,,,,0.0,1.0,
1984-01-24,,,,,0.0,1.0,
1984-01-25,,,,,0.0,1.0,
1984-01-26,,,,,0.0,1.0,
1984-01-27,,,,,0.0,1.0,
1984-01-30,,,,,0.0,1.0,
1984-01-31,,,,,0.0,1.0,
1984-02-01,,,,,0.0,1.0,
1984-02-02,,,,,0.0,1.0,
1984-02-03,,,,,0.0,1.0,
1984-02-06,,,,,0.0,1.0,
1984-02-07,,,,,0.0,1.0,
1984-02-08,,,,,0.0,1.0,
1984-02-09,,,,,0.0,1.0,
1984-02-10,,,,,0.0,1.0,
1984-02-13,,,,,0.0,1.0,
1984-02-14,,,,,0.0,1.0,
1984-02-15,,,,,0.0,1.0,
1984-02-16,,,,,0.0,1.0,
1984-02-17,,,,,0.0,1.0,
1984-02-20,,,,,0.0,1.0,
1984-02-21,,,,,0.0,1.0,
1984-02-22,,,,,0.0,1.0,
1984-02-23,,,,,0.0,1.0,
1984-02-24,,,,,0.0,1.0,
1984-02-27,,,,,0.0,1.0,
1984-02-28,,,,,0.0,1.0,
1984-02-29,,,,,0.0,1.0,
1984-03-01,,,,,0.0,1.0,
1984-03-02,,,,,0.0,1.0,
1984-03-05,,,,,0.0,1.0,
1984-03-06,,,,,0.0,1.0,
1984-03-07,,,,,0.0,1.0,
1984-03-08,,,,,0.0,1.0,
1984-03-09,,,,,0.0,1.0,
1984-03-12,,,,,0.0,1.0,
1984-03-13,,,,,0.0,1.0,
1984-03-14,,,,,0.0,1.0,
1984-03-15,,,,,0.0,1.0,
1984-03-16,,,,,0.0,1.0,
1984-03-19,,,,,0.0,1.0,
1984-03-20,,,,,0.0,1.0,
1984-03-21,,,,,0.0,1.0,
1984-03-22,,,,,0.0,1.0,
1984-03-23,,,,,0.0,1.0,
1984-03-26,,,,,0.0,1.0,
1984-03-27,,,,,0.0,1.0,
1984-03-28,,,,,0.0,1.0,
1984-03-29,,,,,0.0,1.0,
1984-03-30,,,,,0.0,1.0,
1984-04-02,,,,,0.0,1.0,
1984-04-03,,,,,0.0,1.0,
1984-04-04,,,,,0.0,1.0,
1984-04-05,,,,,0.0,1.0,
1984-04-06,,,,,0.0,1.0,
1984-04-09,,,,,0.0,1.0,
1984-04-10,,,,,0.0,1.0,
1984-04-11,,,,,0.0,1.0,
1984-04-12,,,,,0.0,1.0,
1984-04-13,,,,,0.0,1.0,
1984-04-16,,,,,0.0,1.0,
1984-04-17,,,,,0.0,1.0,
1984-04-18,,,,,0.0,1.0,
1984-04-19,,,,,0.0,1.0,
1984-04-20,,,,,0.0,1.0,
1984-04-23,,,,,0.0,1.0,
1984-04-24,,,,,0.0,1.0,
1984-04-25,,,,,0.0,1.0,
1984-04-26,,,,,0.0,1.0,
1984-04-27,,,,,0.0,1.0,
1984-04-30,,,,,0.0,1.0,
1984-05-01,,,,,0.0,1.0,
1984-05-02,,,,,0.0,1.0,
1984-05-03,,,,,0.0,1.0,
1984-05-04,,,,,0.0,1.0,
1984-05-07,,,,,0.0,1.0,
1984-05-08,,,,,0.0,1.0,
1984-05-09,,,,,0.0,1.0,
1984-05-10,,,,,0.0,1.0,
1984-05-11,,,,,0.0,1.0,
1984-05-14,,,,,0.0,1.0,
1984-05-15,,,,,0.0,1.0,
1984-05-16,,,,,0.0,1.0,
1984-05-17,,,,,0.0,1.0,
1984-05-18,,,,,0.0,1.0,
1984-05-21,,,,,0.0,1.0,
1984-05-22,,,,,0.0,1.0,
1984-05-23,,,,,0.0,1.0,
1984-05-24,,,,,0.0,1.0,
1984-05-25,,,,,0.0,1.0,
1984-05-28,,,,,0.0,1.0,
1984-05-29,,,,,0.0,1.0,
1984-05-30,,,,,0.0,1.0,
1984-05-31,,,,,0.0,1.0,
1984-06-01,,,,,0.0,1.0,
1984-06-04,,,,,0.0,1.0,
1984-06-05,,,,,0.0,1.0,
1984-06-06,,,,,0.0,1.0,
1984-06-07,,,,,0.0,1.0,
1984-06-08,,,,,0.0,1.0,
1984-06-11,,,,,0.0,1.0,
1984-06-12,,,,,0.0,1.0,
1984-06-13,,,,,0.0,1.0,
1984-06-14,,,,,0.0,1.0,
1984-06-15,,,,,0.0,1.0,
1984-06-18,,,,,0.0,1.0,
1984-06-19,,,,,0.0,1.0,
1984-06-20,,,,,0.0,1.0,
1984-06-21,,,,,0.0,1.0,
1984-06-22,,,,,0.0,1.0,
1984-06-25,,,,,0.0,1.0,
1984-06-26,,,,,0.0,1.0,
1984-06-27,,,,,0.0,1.0,
1984-06-28,,,,,0.0,1.0,
1984-06-29,,,,,0.0,1.0,
1984-07-02,,,,,0.0,1.0,
1984-07-03,,,,,0.0,1.0,
1984-07-04,,,,,0.0,1.0,
1984-07-05,,,,,0.0,1.0,
1984-07-06,,,,,0.0,1.0,
1984-07-09,,,,,0.0,1.0,
1984-07-10,,,,,0.0,1.0,
1984-07-11,,,,,0.0,1.0,
1984-07-12,,,,,0.0,1.0,
1984-07-13,,,,,0.0,1.0,
1984-07-16,,,,,0.0,1.0,
1984-07-17,,,,,0.0,1.0,
1984-07-18,,,,,0.0,1.0,
1984-07-19,,,,,0.0,1.0,
1984-07-20,,,,,0.0,1.0,
1984-07-23,,,,,0.0,1.0,
1984-07-24,,,,,0.0,1.0,
1984-07-25,,,,,0.0,1.0,
1984-07-26,,,,,0.0,1.0,
1984-07-27,,,,,0.0,1.0,
1984-07-30,,,,,0.0,1.0,
1984-07-31,,,,,0.0,1.0,
1984-08-01,,,,,0.0,1.0,
1984-08-02,,,,,0.0,1.0,
1984-08-03,,,,,0.0,1.0,
1984-08-06,,,,,0.0,1.0,
1984-08-07,,,,,0.0,1.0,
1984-08-08,,,,,0.0,1.0,
1984-08-09,,,,,0.0,1.0,
1984-08-10,,,,,0.0,1.0,
1984-08-13,,,,,0.0,1.0,
1984-08-14,,,,,0.0,1.0,
1984-08-15,,,,,0.0,1.0,
1984-08-16,,,,,0.0,1.0,
1984-08-17,,,,,0.0,1.0,
1984-08-20,,,,,0.0,1.0,
1984-08-21,,,,,0.0,1.0,
1984-08-22,,,,,0.0,1.0,
1984-08-23,,,,,0.0,1.0,
1984-08-24,,,,,0.0,1.0,
1984-08-27,,,,,0.0,1.0,
1984-08-28,,,,,0.0,1.0,
1984-08-29,,,,,0.0,1.0,
1984-08-30,,,,,0.0,1.0,
1984-08-31,,,,,0.0,1.0,
1984-09-03,,,,,0.0,1.0,
1984-09-04,,,,,0.0,1.0,
1984-09-05,,,,,0.0,1.0,
1984-09-06,,,,,0.0,1.0,
1984-09-07,,,,,0.0,1.0,
1984-09-10,,,,,0.0,1.0,
1984-09-11,,,,,0.0,1.0,
1984-09-12,,,,,0.0,1.0,
1984-09-13,,,,,0.0,1.0,
1984-09-14,,,,,0.0,1.0,
1984-09-17,,,,,0.0,1.0,
1984-09-18,,,,,0.0,1.0,
1984-09-19,,,,,0.0,1.0,
1984-09-20,,,,,0.0,1.0,
1984-09-21,,,,,0.0,1.0,
1984-09-24,,,,,0.0,1.0,
1984-09-25,,,,,0.0,1.0,
1984-09-26,,,,,0.0,1.0,
1984-09-27,,,,,0.0,1.0,
1984-09-28,,,,,0.0,1.0,
1984-10-01,,,,,0.0,1.0,
1984-10-02,,,,,0.0,1.0,
1984-10-03,,,,,0.0,1.0,
1984-10-04,,,,,0.0,1.0,
1984-10-05,,,,,0.0,1.0,
1984-10-08,,,,,0.0,1.0,
1984-10-09,,,,,0.0,1.0,
1984-10-10,,,,,0.0,1.0,
1984-10-11,,,,,0.0,1.0,
1984-10-12,,,,,0.0,1.0,
1984-10-15,,,,,0.0,1.0,
1984-10-16,,,,,0.0,1.0,
1984-10-17,,,,,0.0,1.0,
1984-10-18,,,,,0.0,1.0,
1984-10-19,,,,,0.0,1.0,
1984-10-22,,,,,0.0,1.0,
1984-10-23,,,,,0.0,1.0,
1984-10-24,,,,,0.0,1.0,
1984-10-25,,,,,0.0,1.0,
1984-10-26,,,,,0.0,1.0,
1984-10-29,,,,,0.0,1.0,
1984-10-30,,,,,0.0,1.0,
1984-10-31,,,,,0.0,1.0,
1984-11-01,,,,,0.0,1.0,
1984-11-02,,,,,0.0,1.0,
1984-11-05,,,,,0.0,1.0,
1984-11-06,,,,,0.0,1.0,
1984-11-07,,,,,0.0,1.0,
1984-11-08,,,,,0.0,1.0,
1984-11-09,,,,,0.0,1.0,
1984-11-12,,,,,0.0,1.0,
1984-11-13,,,,,0.0,1.0,
1984-11-14,,,,,0.0,1.0,
1984-11-15,,,,,0.0,1.0,
1984-11-16,,,,,0.0,1.0,
1984-11-19,,,,,0.0,1.0,
1984-11-20,,,,,0.0,1.0,
1984-11-21,,,,,0.0,1.0,
1984-11-22,,,,,0.0,1.0,
1984-11-23,,,,,0.0,1.0,
1984-11-26,,,,,0.0,1.0,
1984-11-27,,,,,0.0,1.0,
1984-11-28,,,,,0.0,1.0,
1984-11-29,,,,,0.0,1.0,
1984-11-30,,,,,0.0,1.0,
1984-12-03,,,,,0.0,1.0,
1984-12-04,,,,,0.0,1.0,
1984-12-05,,,,,0.0,1.0,
1984-12-06,,,,,0.0,1.0,
1984-12-07,,,,,0.0,1.0,
1984-12-10,,,,,0.0,1.0,
1984-12-11,,,,,0.0,1.0,
1984-12-12,,,,,0.0,1.0,
1984-12-13,,,,,0.0,1.0,
1984-12-14,,,,,0.0,1.0,
1984-12-17,,,,,0.0,1.0,
1984-12-18,,,,,0.0,1.0,
1984-12-19,,,,,0.0,1.0,
1984-12-20,,,,,0.0,1.0,
1984-12-21,,,,,0.0,1.0,
1984-12-24,,,,,0.0,1.0,
1984-12-25,,,,,0.0,1.0,
1984-12-26,,,,,0.0,1.0,
1984-12-27,,,,,0.0,1.0,
1984-12-28,,,,,0.0,1.0,
1984-12-31,,,,,0.0,1.0,
1985-01-01,,,,,0.0,1.0,
1985-01-02,,,,,0.0,1.0,
1985-01-03,,,,,0.0,1.0,
1985-01-04,,,,,0.0,1.0,
1985-01-07,,,,,0.0,1.0,
1985-01-08,,,,,0.0,1.0,
1985-01-09,,,,,0.0,1.0,
1985-01-10,,,,,0.0,1.0,
1985-01-11,,,,,0.0,1.0,
1985-01-14,,,,,0.0,1.0,
1985-01-15,,,,,0.0,1.0,
1985-01-16,,,,,0.0,1.0,
1985-01-17,,,,,0.0,1.0,
1985-01-18,,,,,0.0,1.0,
1985-01-21,,,,,0.0,1.0,
1985-01-22,,,,,0.0,1.0,
1985-01-23,,,,,0.0,1.0,
1985-01-24,,,,,0.0,1.0,
1985-01-25,,,,,0.0,1.0,
1985-01-28,,,,,0.0,1.0,
1985-01-29,,,,,0.0,1.0,
1985-01-30,,,,,0.0,1.0,
1985-01-31,,,,,0.0,1.0,
1985-02-01,,,,,0.0,1.0,
1985-02-04,,,,,0.0,1.0,
1985-02-05,,,,,0.0,1.0,
1985-02-06,,,,,0.0,1.0,
1985-02-07,,,,,0.0,1.0,
1985-02-08,,,,,0.0,1.0,
1985-02-11,,,,,0.0,1.0,
1985-02-12,,,,,0.0,1.0,
1985-02-13,,,,,0.0,1.0,
1985-02-14,,,,,0.0,1.0,
1985-02-15,,,,,0.0,1.0,
1985-02-18,,,,,0.0,1.0,
1985-02-19,,,,,0.0,1.0,
1985-02-20,,,,,0.0,1.0,
1985-02-21,,,,,0.0,1.0,
1985-02-22,,,,,0.0,1.0,
1985-02-25,,,,,0.0,1.0,
1985-02-26,,,,,0.0,1.0,
1985-02-27,,,,,0.0,1.0,
1985-02-28,,,,,0.0,1.0,
1985-03-01,,,,,0.0,1.0,
1985-03-04,,,,,0.0,1.0,
1985-03-05,,,,,0.0,1.0,
1985-03-06,,,,,0.0,1.0,
1985-03-07,,,,,0.0,1.0,
1985-03-08,,,,,0.0,1.0,
1985-03-11,,,,,0.0,1.0,
1985-03-12,,,,,0.0,1.0,
1985-03-13,,,,,0.0,1.0,
1985-03-14,,,,,0.0,1.0,
1985-03-15,,,,,0.0,1.0,
1985-03-18,,,,,0.0,1.0,
1985-03-19,,,,,0.0,1.0,
1985-03-20,,,,,0.0,1.0,
1985-03-21,,,,,0.0,1.0,
1985-03-22,,,,,0.0,1.0,
1985-03-25,,,,,0.0,1.0,
1985-03-26,,,,,0.0,1.0,
1985-03-27,,,,,0.0,1.0,
1985-03-28,,,,,0.0,1.0,
1985-03-29,,,,,0.0,1.0,
1985-04-01,,,,,0.0,1.0,
1985-04-02,,,,,0.0,1.0,
1985-04-03,,,,,0.0,1.0,
1985-04-04,,,,,0.0,1.0,
1985-04-05,,,,,0.0,1.0,
1985-04-08,,,,,0.0,1.0,
1985-04-09,,,,,0.0,1.0,
1985-04-10,,,,,0.0,1.0,
1985-04-11,,,,,0.0,1.0,
1985-04-12,,,,,0.0,1.0,
1985-04-15,,,,,0.0,1.0,
1985-04-16,,,,,0.0,1.0,
1985-04-17,,,,,0.0,1.0,
1985-04-18,,,,,0.0,1.0,
1985-04-19,,,,,0.0,1.0,
1985-04-22,,,,,0.0,1.0,
1985-04-23,,,,,0.0,1.0,
1985-04-24,,,,,0.0,1.0,
1985-04-25,,,,,0.0,1.0,
1985-04-26,,,,,0.0,1.0,
1985-04-29,,,,,0.0,1.0,
1985-04-30,,,,,0.0,1.0,
1985-05-01,,,,,0.0,1.0,
1985-05-02,,,,,0.0,1.0,
1985-05-03,,,,,0.0,1.0,
1985-05-06,,,,,0.0,1.0,
1985-05-07,,,,,0.0,1.0,
1985-05-08,,,,,0.0,1.0,
1985-05-09,,,,,0.0,1.0,
1985-05-10,,,,,0.0,1.0,
1985-05-13,,,,,0.0,1.0,
1985-05-14,,,,,0.0,1.0,
1985-05-15,,,,,0.0,1.0,
1985-05-16,,,,,0.0,1.0,
1985-05-17,,,,,0.0,1.0,
1985-05-20,,,,,0.0,1.0,
1985-05-21,,,,,0.0,1.0,
1985-05-22,,,,,0.0,1.0,
1985-05-23,,,,,0.0,1.0,
1985-05-24,,,,,0.0,1.0,
1985-05-27,,,,,0.0,1.0,
1985-05-28,,,,,0.0,1.0,
1985-05-29,,,,,0.0,1.0,
1985-05-30,,,,,0.0,1.0,
1985-05-31,,,,,0.0,1.0,
1985-06-03,,,,,0.0,1.0,
1985-06-04,,,,,0.0,1.0,
1985-06-05,,,,,0.0,1.0,
1985-06-06,,,,,0.0,1.0,
1985-06-07,,,,,0.0,1.0,
1985-06-10,,,,,0.0,1.0,
1985-06-11,,,,,0.0,1.0,
1985-06-12,,,,,0.0,1.0,
1985-06-13,,,,,0.0,1.0,
1985-06-14,,,,,0.0,1.0,
1985-06-17,,,,,0.0,1.0,
1985-06-18,,,,,0.0,1.0,
1985-06-19,,,,,0.0,1.0,
1985-06-20,,,,,0.0,1.0,
1985-06-21,,,,,0.0,1.0,
1985-06-24,,,,,0.0,1.0,
1985-06-25,,,,,0.0,1.0,
1985-06-26,,,,,0.0,1.0,
1985-06-27,,,,,0.0,1.0,
1985-06-28,,,,,0.0,1.0,
1985-07-01,,,,,0.0,1.0,
1985-07-02,,,,,0.0,1.0,
1985-07-03,,,,,0.0,1.0,
1985-07-04,,,,,0.0,1.0,
1985-07-05,,,,,0.0,1.0,
1985-07-08,,,,,0.0,1.0,
1985-07-09,,,,,0.0,1.0,
1985-07-10,,,,,0.0,1.0,
1985-07-11,,,,,0.0,1.0,
1985-07-12,,,,,0.0,1.0,
1985-07-15,,,,,0.0,1.0,
1985-07-16,,,,,0.0,1.0,
1985-07-17,,,,,0.0,1.0,
1985-07-18,,,,,0.0,1.0,
1985-07-19,,,,,0.0,1.0,
1985-07-22,,,,,0.0,1.0,
1985-07-23,1.71,1.71,1.71,1.71,0.0,1.0,
1985-07-24,1.76,1.76,1.76,1.76,0.0,1.0,
1985-07-25,1.76,1.76,1.76,1.76,0.0,0.0,
1985-07-26,1.78,1.78,1.78,1.78,0.0,1.0,
1985-07-29,1.78,1.78,1.78,1.78,0.0,0.0,
1985-07-30,1.81,1.81,1.81,1.81,0.0,1.0,
1985-07-31,1.83,1.83,1.83,1.83,0.0,1.0,
1985-08-01,1.83,1.83,1.83,1.83,0.0,0.0,
1985-08-02,1.83,1.83,1.83,1.83,0.0,0.0,
1985-08-05,1.83,1.83,1.83,1.83,0.0,0.0,
1985-08-06,1.8,1.8,1.8,1.8,0.0,1.0,
1985-08-07,1.8,1.8,1.8,1.8,0.0,0.0,
1985-08-08,1.8,1.8,1.8,1.8,0.0,0.0,
1985-08-09,1.81,1.81,1.81,1.81,0.0,1.0,
1985-08-12,1.81,1.81,1.81,1.81,0.0,0.0,
1985-08-13,1.81,1.81,1.81,1.81,0.0,0.0,
1985-08-14,1.81,1.81,1.81,1.81,0.0,0.0,
1985-08-15,1.93,1.93,1.93,1.93,0.0,1.0,
1985-08-16,2.0,2.0,2.0,2.0,0.0,1.0,
1985-08-19,2.03,2.03,2.03,2.03,0.0,1.0,
1985-08-20,2.01,2.01,2.01,2.01,0.0,1.0,
1985-08-21,2.01,2.01,2.01,2.01,0.0,0.0,
1985-08-22,2.01,2.01,2.01,2.01,0.0,0.0,
1985-08-23,2.0,2.0,2.0,2.0,0.0,1.0,
1985-08-26,2.0,2.0,2.0,2.0,0.0,0.0,
1985-08-27,2.0,2.0,2.0,2.0,0.0,0.0,
1985-08-28,2.0,2.0,2.0,2.0,0.0,0.0,
1985-08-29,2.0,2.0,2.0,2.0,0.0,0.0,
1985-08-30,2.0,2.0,2.0,2.0,0.0,0.0,
1985-09-02,2.01,2.01,2.01,2.01,0.0,1.0,
1985-09-03,2.01,2.01,2.01,2.01,0.0,0.0,
1985-09-04,2.01,2.01,2.01,2.01,0.0,0.0,
1985-09-05,1.98,1.98,1.98,1.98,0.0,1.0,
1985-09-06,1.98,1.98,1.98,1.98,0.0,0.0,
1985-09-09,1.98,1.98,1.98,1.98,0.0,0.0,
1985-09-10,1.98,1.98,1.98,1.98,0.0,0.0,
1985-09-11,1.98,1.98,1.98,1.98,0.0,0.0,
1985-09-12,1.98,1.98,1.98,1.98,0.0,0.0,
1985-09-13,1.96,1.96,1.96,1.96,0.0,1.0,
1985-09-16,2.0,2.0,2.0,2.0,0.0,1.0,
1985-09-17,2.01,2.01,2.01,2.01,0.0,1.0,
1985-09-18,2.01,2.01,2.01,2.01,0.0,0.0,
1985-09-19,2.03,2.03,2.03,2.03,0.0,1.0,
1985-09-20,2.03,2.03,2.03,2.03,0.0,0.0,
1985-09-23,2.03,2.03,2.03,2.03,0.0,0.0,
1985-09-24,2.03,2.03,2.03,2.03,0.0,0.0,
1985-09-25,2.03,2.03,2.03,2.03,0.0,0.0,
1985-09-26,2.03,2.03,2.03,2.03,0.0,0.0,
1985-09-27,2.03,2.03,2.03,2.03,0.0,0.0,
1985-09-30,2.03,2.03,2.03,2.03,0.0,0.0,
1985-10-01,2.03,2.03,2.03,2.03,0.0,0.0,
1985-10-02,2.1,2.1,2.1,2.1,0.0,1.0,
1985-10-03,2.16,2.16,2.16,2.16,0.0,1.0,
1985-10-04,2.26,2.26,2.26,2.26,0.0,1.0,
1985-10-07,2.25,2.25,2.25,2.25,0.0,1.0,
1985-10-08,2.25,2.25,2.25,2.25,0.0,0.0,
1985-10-09,2.23,2.23,2.23,2.23,0.0,1.0,
1985-10-10,2.23,2.23,2.23,2.23,0.0,0.0,
1985-10-11,2.23,2.23,2.23,2.23,0.0,0.0,
1985-10-14,2.23,2.23,2.23,2.23,0.0,0.0,
1985-10-15,2.25,2.25,2.25,2.25,0.0,1.0,
1985-10-16,2.25,2.25,2.25,2.25,0.0,0.0,
1985-10-17,2.33,2.33,2.33,2.33,0.0,1.0,
1985-10-18,2.35,2.35,2.35,2.35,0.0,1.0,
1985-10-21,2.35,2.35,2.35,2.35,0.0,0.0,
1985-10-22,2.28,2.28,2.28,2.28,0.0,1.0,
1985-10-23,2.28,2.28,2.28,2.28,0.0,0.0,
1985-10-24,2.28,2.28,2.28,2.28,0.0,0.0,
1985-10-25,2.28,2.28,2.28,2.28,0.0,0.0,
1985-10-28,2.26,2.26,2.26,2.26,0.0,1.0,26148000.0
1985-10-29,2.26,2.26,2.26,2.26,0.0,0.0,26148000.0
1985-10-30,2.28,2.28,2.28,2.28,0.0,1.0,26148000.0
1985-10-31,2.28,2.28,2.28,2.28,0.0,0.0,26148000.0
1985-11-01,2.35,2.35,2.35,2.35,0.0,1.0,26148000.0
1985-11-04,2.33,2.33,2.33,2.33,0.0,1.0,26148000.0
1985-11-05,2.33,2.33,2.33,2.33,0.0,0.0,26148000.0
1985-11-06,2.33,2.33,2.33,2.33,0.0,0.0,26148000.0
1985-11-07,2.33,2.33,2.33,2.33,0.0,0.0,26148000.0
1985-11-08,2.33,2.33,2.33,2.33,0.0,0.0,26148000.0
1985-11-11,2.33,2.33,2.33,2.33,0.0,0.0,26148000.0
1985-11-12,2.33,2.33,2.33,2.33,0.0,0.0,26148000.0
1985-11-13,2.33,2.33,2.33,2.33,0.0,0.0,26148000.0
1985-11-14,2.33,2.33,2.33,2.33,0.0,0.0,26148000.0
1985-11-15,2.31,2.31,2.31,2.31,0.0,1.0,26148000.0
1985-11-18,2.31,2.31,2.31,2.31,0.0,0.0,26148000.0
1985-11-19,2.3,2.3,2.3,2.3,0.0,1.0,26148000.0
1985-11-20,2.3,2.3,2.3,2.3,0.0,0.0,26148000.0
1985-11-21,2.3,2.3,2.3,2.3,0.0,0.0,26148000.0
1985-11-22,2.28,2.28,2.28,2.28,0.0,1.0,26148000.0
1985-11-25,2.28,2.28,2.28,2.28,0.0,0.0,26148000.0
1985-11-26,2.26,2.26,2.26,2.26,0.0,1.0,26148000.0
1985-11-27,2.25,2.25,2.25,2.25,0.0,1.0,26148000.0
1985-11-28,2.25,2.25,2.25,2.25,0.0,0.0,26148000.0
1985-11-29,2.25,2.25,2.25,2.25,0.0,0.0,26148000.0
1985-12-02,2.23,2.23,2.23,2.23,0.0,1.0,26148000.0
1985-12-03,2.23,2.23,2.23,2.23,0.0,0.0,26148000.0
1985-12-04,2.21,2.21,2.21,2.21,0.0,1.0,26148000.0
1985-12-05,2.21,2.21,2.21,2.21,0.0,0.0,26148000.0
1985-12-06,2.18,2.18,2.18,2.18,0.0,1.0,26148000.0
1985-12-09,2.16,2.16,2.16,2.16,0.0,1.0,26148000.0
1985-12-10,2.15,2.15,2.15,2.15,0.0,1.0,26148000.0
1985-12-11,2.15,2.15,2.15,2.15,0.0,0.0,26148000.0
1985-12-12,2.13,2.13,2.13,2.13,0.0,1.0,26148000.0
1985-12-13,2.13,2.13,2.13,2.13,0.0,0.0,26148000.0
1985-12-16,2.13,2.13,2.13,2.13,0.0,0.0,26148000.0
1985-12-17,2.1,2.1,2.1,2.1,0.0,1.0,26148000.0
1985-12-18,2.06,2.06,2.06,2.06,0.0,1.0,26148000.0
1985-12-19,2.0,2.0,2.0,2.0,0.0,1.0,26530000.0
1985-12-20,2.0,2.0,2.0,2.0,0.0,0.0,26530000.0
1985-12-23,2.03,2.03,2.03,2.03,0.0,1.0,26530000.0
1985-12-24,2.03,2.03,2.03,2.03,0.0,0.0,26530000.0
1985-12-25,2.03,2.03,2.03,2.03,0.0,0.0,26530000.0
1985-12-26,2.03,2.03,2.03,2.03,0.0,0.0,26530000.0
1985-12-27,2.03,2.03,2.03,2.03,0.0,0.0,26530000.0
1985-12-30,2.03,2.03,2.03,2.03,0.0,0.0,26530000.0
1985-12-31,2.03,2.03,2.03,2.03,0.0,0.0,26530000.0
1986-01-02,2.03,2.03,2.03,2.03,0.0,0.0,26530000.0
1986-01-03,2.03,2.03,2.03,2.03,0.0,0.0,26530000.0
1986-01-06,2.03,2.03,2.03,2.03,0.0,0.0,26530000.0
1986-01-07,2.03,2.03,2.03,2.03,0.0,0.0,26530000.0
1986-01-08,201.0,201.0,201.0,201.0,0.0,1.0,26530000.0
1986-01-09,198.0,198.0,198.0,198.0,0.0,1.0,26530000.0
1986-01-10,200.0,200.0,200.0,200.0,0.0,1.0,26530000.0
1986-01-13,200.0,200.0,200.0,200.0,0.0,0.0,26530000.0
1986-01-14,200.0,200.0,200.0,200.0,0.0,0.0,26530000.0
1986-01-15,200.0,200.0,200.0,200.0,0.0,0.0,26530000.0
1986-01-16,200.0,200.0,200.0,200.0,0.0,0.0,26530000.0
1986-01-17,200.0,200.0,200.0,200.0,0.0,0.0,26530000.0
1986-01-20,198.0,198.0,198.0,198.0,0.0,1.0,26530000.0
1986-01-21,198.0,198.0,198.0,198.0,0.0,0.0,26530000.0
1986-01-22,198.0,198.0,198.0,198.0,0.0,0.0,26530000.0
1986-01-23,198.0,198.0,198.0,198.0,0.0,0.0,26530000.0
1986-01-24,198.0,198.0,198.0,198.0,0.0,0.0,26530000.0
1986-01-27,196.0,196.0,196.0,196.0,0.0,1.0,26530000.0
1986-01-28,196.0,196.0,196.0,196.0,0.0,0.0,26530000.0
1986-01-29,195.0,195.0,195.0,195.0,0.0,1.0,26530000.0
1986-01-30,203.0,203.0,203.0,203.0,0.0,1.0,26530000.0
1986-01-31,213.0,213.0,213.0,213.0,0.0,1.0,26530000.0
1986-02-03,210.0,210.0,210.0,210.0,0.0,1.0,26530000.0
1986-02-04,210.0,210.0,210.0,210.0,0.0,0.0,26530000.0
1986-02-05,210.0,210.0,210.0,210.0,0.0,0.0,26530000.0
1986-02-06,211.0,211.0,211.0,211.0,0.0,1.0,26530000.0
1986-02-07,211.0,211.0,211.0,211.0,0.0,0.0,26530000.0
1986-02-10,210.0,210.0,210.0,210.0,0.0,1.0,26530000.0
1986-02-11,210.0,210.0,210.0,210.0,0.0,0.0,26530000.0
1986-02-12,210.0,210.0,210.0,210.0,0.0,0.0,26530000.0
1986-02-13,210.0,210.0,210.0,210.0,0.0,0.0,26530000.0
1986-02-14,210.0,210.0,210.0,210.0,0.0,0.0,26530000.0
1986-02-17,210.0,210.0,210.0,210.0,0.0,0.0,26530000.0
1986-02-18,210.0,210.0,210.0,210.0,0.0,0.0,26530000.0
1986-02-19,210.0,210.0,210.0,210.0,0.0,0.0,26530000.0
1986-02-20,210.0,210.0,210.0,210.0,0.0,0.0,26530000.0
1986-02-21,210.0,210.0,210.0,210.0,0.0,0.0,26530000.0
1986-02-24,210.0,210.0,210.0,210.0,0.0,0.0,26530000.0
1986-02-25,213.0,213.0,213.0,213.0,0.0,1.0,26530000.0
1986-02-26,213.0,213.0,213.0,213.0,0.0,0.0,26530000.0
1986-02-27,213.0,213.0,213.0,213.0,0.0,0.0,26530000.0
1986-02-28,213.0,213.0,213.0,213.0,0.0,0.0,26530000.0
1986-03-03,213.0,213.0,213.0,213.0,0.0,0.0,26530000.0
1986-03-04,213.0,213.0,213.0,213.0,0.0,0.0,26530000.0
1986-03-05,213.0,213.0,213.0,213.0,0.0,0.0,26530000.0
1986-03-06,211.0,211.0,211.0,211.0,0.0,1.0,26530000.0
1986-03-07,208.0,208.0,208.0,208.0,0.0,1.0,26530000.0
1986-03-10,208.0,208.0,208.0,208.0,0.0,0.0,26530000.0
1986-03-11,208.0,208.0,208.0,208.0,0.0,0.0,26530000.0
1986-03-12,210.0,210.0,210.0,210.0,0.0,1.0,26530000.0
1986-03-13,210.0,210.0,210.0,210.0,0.0,0.0,26530000.0
1986-03-14,210.0,210.0,210.0,210.0,0.0,0.0,26530000.0
1986-03-17,210.0,210.0,210.0,210.0,0.0,0.0,26530000.0
1986-03-18,210.0,210.0,210.0,210.0,0.0,0.0,26530000.0
1986-03-19,210.0,210.0,210.0,210.0,0.0,0.0,26530000.0
1986-03-20,211.0,211.0,211.0,211.0,0.0,1.0,26530000.0
1986-03-21,211.0,211.0,211.0,211.0,0.0,0.0,26530000.0
1986-03-24,211.0,211.0,211.0,211.0,0.0,0.0,26530000.0
1986-03-25,211.0,211.0,211.0,211.0,0.0,0.0,26530000.0
1986-03-26,211.0,211.0,211.0,211.0,0.0,0.0,26530000.0
1986-03-27,211.0,211.0,211.0,211.0,0.0,0.0,26530000.0
1986-04-01,211.0,211.0,211.0,211.0,0.0,0.0,26530000.0
1986-04-02,211.0,211.0,211.0,211.0,0.0,0.0,26530000.0
1986-04-03,213.0,213.0,213.0,213.0,0.0,1.0,26530000.0
1986-04-04,213.0,213.0,213.0,213.0,0.0,0.0,26530000.0
1986-04-07,218.0,218.0,218.0,218.0,0.0,1.0,26530000.0
1986-04-08,223.0,223.0,223.0,223.0,0.0,1.0,26530000.0
1986-04-09,220.0,220.0,220.0,220.0,0.0,1.0,26530000.0
1986-04-10,220.0,220.0,220.0,220.0,0.0,0.0,26530000.0
1986-04-11,223.0,223.0,223.0,223.0,0.0,1.0,26530000.0
1986-04-14,221.0,221.0,221.0,221.0,0.0,1.0,26530000.0
1986-04-15,218.0,218.0,218.0,218.0,0.0,1.0,26530000.0
1986-04-16,218.0,218.0,218.0,218.0,0.0,0.0,26530000.0
1986-04-17,218.0,218.0,218.0,218.0,0.0,0.0,26530000.0
1986-04-18,208.0,208.0,208.0,208.0,0.0,1.0,26530000.0
1986-04-21,196.0,196.0,196.0,196.0,0.0,1.0,26530000.0
1986-04-22,188.0,188.0,188.0,188.0,0.0,1.0,26530000.0
1986-04-23,188.0,188.0,188.0,188.0,0.0,0.0,26530000.0
1986-04-24,188.0,188.0,188.0,188.0,0.0,0.0,26530000.0
1986-04-25,188.0,188.0,188.0,188.0,0.0,0.0,26530000.0
1986-04-28,188.0,188.0,188.0,188.0,0.0,0.0,26530000.0
1986-04-29,188.0,188.0,188.0,188.0,0.0,0.0,26530000.0
1986-04-30,188.0,188.0,188.0,188.0,0.0,0.0,26530000.0
1986-05-01,183.0,183.0,183.0,183.0,0.0,1.0,26530000.0
1986-05-02,183.0,183.0,183.0,183.0,0.0,0.0,26530000.0
1986-05-05,183.0,183.0,183.0,183.0,0.0,0.0,26530000.0
1986-05-06,183.0,183.0,183.0,183.0,0.0,0.0,26530000.0
1986-05-07,183.0,183.0,183.0,183.0,0.0,0.0,26530000.0
1986-05-08,180.0,180.0,180.0,180.0,0.0,1.0,26530000.0
1986-05-09,180.0,180.0,180.0,180.0,0.0,0.0,26530000.0
1986-05-12,180.0,180.0,180.0,180.0,0.0,0.0,26530000.0
1986-05-13,180.0,180.0,180.0,180.0,0.0,0.0,26530000.0
1986-05-14,178.0,178.0,178.0,178.0,0.0,1.0,26530000.0
1986-05-15,178.0,178.0,178.0,178.0,0.0,0.0,26530000.0
1986-05-16,176.0,176.0,176.0,176.0,0.0,1.0,26530000.0
1986-05-19,176.0,176.0,176.0,176.0,0.0,0.0,26530000.0
1986-05-20,175.0,175.0,175.0,175.0,0.0,1.0,26530000.0
1986-05-21,175.0,175.0,175.0,175.0,0.0,0.0,26530000.0
1986-05-22,173.0,173.0,173.0,173.0,0.0,1.0,26530000.0
1986-05-23,163.0,163.0,163.0,163.0,0.0,1.0,26530000.0
1986-05-26,163.0,163.0,163.0,163.0,0.0,0.0,26530000.0
1986-05-27,163.0,163.0,163.0,163.0,0.0,0.0,26530000.0
1986-05-28,163.0,163.0,163.0,163.0,0.0,0.0,26530000.0
1986-05-29,163.0,163.0,163.0,163.0,0.0,0.0,26530000.0
1986-05-30,163.0,163.0,163.0,163.0,0.0,0.0,26530000.0
1986-06-02,160.0,160.0,160.0,160.0,0.0,1.0,26530000.0
1986-06-03,158.0,158.0,158.0,158.0,0.0,1.0,26530000.0
1986-06-04,158.0,158.0,158.0,158.0,0.0,0.0,26530000.0
1986-06-05,160.0,160.0,160.0,160.0,0.0,1.0,26530000.0
1986-06-06,160.0,160.0,160.0,160.0,0.0,0.0,26530000.0
1986-06-09,160.0,160.0,160.0,160.0,0.0,0.0,26587000.0
1986-06-10,160.0,160.0,160.0,160.0,0.0,0.0,26587000.0
1986-06-11,158.0,158.0,158.0,158.0,0.0,1.0,26587000.0
1986-06-12,158.0,158.0,158.0,158.0,0.0,0.0,26587000.0
1986-06-13,158.0,158.0,158.0,158.0,0.0,0.0,26587000.0
1986-06-16,158.0,158.0,158.0,158.0,0.0,0.0,26587000.0
1986-06-17,158.0,158.0,158.0,158.0,0.0,0.0,26587000.0
1986-06-18,158.0,158.0,158.0,158.0,0.0,0.0,26587000.0
1986-06-19,158.0,158.0,158.0,158.0,0.0,0.0,26587000.0
1986-06-20,158.0,158.0,158.0,158.0,0.0,0.0,26587000.0
1986-06-23,160.0,160.0,160.0,160.0,0.0,1.0,26587000.0
1986-06-24,160.0,160.0,160.0,160.0,0.0,0.0,26587000.0
1986-06-25,160.0,160.0,160.0,160.0,0.0,0.0,26587000.0
1986-06-26,160.0,160.0,160.0,160.0,0.0,0.0,26587000.0
1986-06-27,160.0,160.0,160.0,160.0,0.0,0.0,26587000.0
1986-06-30,160.0,160.0,160.0,160.0,0.0,0.0,26587000.0
1986-07-01,160.0,160.0,160.0,160.0,0.0,0.0,26587000.0
1986-07-02,173.0,173.0,173.0,173.0,0.0,1.0,26587000.0
1986-07-03,188.0,188.0,188.0,188.0,0.0,1.0,26587000.0
1986-07-04,198.0,198.0,198.0,198.0,0.0,1.0,26587000.0
1986-07-07,198.0,198.0,198.0,198.0,0.0,0.0,26587000.0
1986-07-08,192.0,192.0,192.0,192.0,0.0,1.0,26587000.0
1986-07-09,192.0,192.0,192.0,192.0,0.0,0.0,26587000.0
1986-07-10,192.0,192.0,192.0,192.0,0.0,0.0,26587000.0
1986-07-11,186.0,186.0,186.0,186.0,0.0,1.0,26587000.0
1986-07-14,186.0,186.0,186.0,186.0,0.0,0.0,26587000.0
1986-07-15,186.0,186.0,186.0,186.0,0.0,0.0,26587000.0
1986-07-16,188.0,188.0,188.0,188.0,0.0,1.0,26587000.0
1986-07-17,188.0,188.0,188.0,188.0,0.0,0.0,26587000.0
1986-07-18,188.0,188.0,188.0,188.0,0.0,0.0,26587000.0
1986-07-21,184.0,184.0,184.0,184.0,0.0,1.0,26587000.0
1986-07-22,184.0,184.0,184.0,184.0,0.0,0.0,26587000.0
1986-07-23,186.0,186.0,186.0,186.0,0.0,1.0,26587000.0
1986-07-24,187.0,187.0,187.0,187.0,0.0,1.0,26587000.0
1986-07-25,187.0,187.0,187.0,187.0,0.0,0.0,26587000.0
1986-07-28,186.0,186.0,186.0,186.0,0.0,1.0,26587000.0
1986-07-29,188.0,188.0,188.0,188.0,0.0,1.0,26587000.0
1986-07-30,188.0,188.0,188.0,188.0,0.0,0.0,26587000.0
1986-07-31,188.0,188.0,188.0,188.0,0.0,0.0,26587000.0
1986-08-01,186.0,186.0,186.0,186.0,0.0,1.0,26587000.0
1986-08-04,186.0,186.0,186.0,186.0,0.0,0.0,26587000.0
1986-08-05,186.0,186.0,186.0,186.0,0.0,0.0,26587000.0
1986-08-06,186.0,186.0,186.0,186.0,0.0,0.0,26587000.0
1986-08-07,186.0,186.0,186.0,186.0,0.0,0.0,26587000.0
1986-08-08,186.0,186.0,186.0,186.0,0.0,0.0,26587000.0
1986-08-11,186.0,186.0,186.0,186.0,0.0,0.0,26587000.0
1986-08-12,186.0,186.0,186.0,186.0,0.0,0.0,26587000.0
1986-08-13,180.0,180.0,180.0,180.0,0.0,1.0,26587000.0
1986-08-14,180.0,180.0,180.0,180.0,0.0,0.0,26587000.0
1986-08-15,180.0,180.0,180.0,180.0,0.0,0.0,26587000.0
1986-08-18,180.0,180.0,180.0,180.0,0.0,0.0,26587000.0
1986-08-19,180.0,180.0,180.0,180.0,0.0,0.0,26587000.0
1986-08-20,180.0,180.0,180.0,180.0,0.0,0.0,26587000.0
1986-08-21,180.0,180.0,180.0,180.0,0.0,0.0,26587000.0
1986-08-22,180.0,180.0,180.0,180.0,0.0,0.0,26587000.0
1986-08-25,180.0,180.0,180.0,180.0,0.0,0.0,26587000.0
1986-08-26,180.0,180.0,180.0,180.0,0.0,0.0,26587000.0
1986-08-27,181.0,181.0,181.0,181.0,0.0,1.0,26587000.0
1986-08-28,182.0,182.0,182.0,182.0,0.0,1.0,26587000.0
1986-08-29,181.0,181.0,181.0,181.0,0.0,1.0,26587000.0
1986-09-01,181.0,181.0,181.0,181.0,0.0,0.0,26587000.0
1986-09-02,181.0,181.0,181.0,181.0,0.0,0.0,26587000.0
1986-09-03,180.0,180.0,180.0,180.0,0.0,1.0,26587000.0
1986-09-04,180.0,180.0,180.0,180.0,0.0,0.0,26587000.0
1986-09-05,179.0,179.0,179.0,179.0,0.0,1.0,26587000.0
1986-09-08,179.0,179.0,179.0,179.0,0.0,0.0,26587000.0
1986-09-09,179.0,179.0,179.0,179.0,0.0,0.0,26587000.0
1986-09-10,179.0,179.0,179.0,179.0,0.0,0.0,26587000.0
1986-09-11,178.0,178.0,178.0,178.0,0.0,1.0,26587000.0
1986-09-12,174.0,174.0,174.0,174.0,0.0,1.0,26587000.0
1986-09-15,175.0,175.0,175.0,175.0,0.0,1.0,26587000.0
1986-09-16,174.0,174.0,174.0,174.0,0.0,1.0,26587000.0
1986-09-17,174.0,174.0,174.0,174.0,0.0,0.0,26587000.0
1986-09-18,174.0,174.0,174.0,174.0,0.0,0.0,26587000.0
1986-09-19,174.0,174.0,174.0,174.0,0.0,0.0,26587000.0
1986-09-22,174.0,174.0,174.0,174.0,0.0,0.0,26587000.0
1986-09-23,172.0,172.0,172.0,172.0,0.0,1.0,26587000.0
1986-09-24,172.0,172.0,172.0,172.0,0.0,0.0,26587000.0
1986-09-25,170.0,170.0,170.0,170.0,0.0,1.0,26587000.0
1986-09-26,169.0,169.0,169.0,169.0,0.0,1.0,26587000.0
1986-09-29,168.0,168.0,168.0,168.0,0.0,1.0,26587000.0
1986-09-30,168.0,168.0,168.0,168.0,0.0,0.0,26587000.0
1986-10-01,166.0,166.0,166.0,166.0,0.0,1.0,26587000.0
1986-10-02,165.0,165.0,165.0,165.0,0.0,1.0,26587000.0
1986-10-03,162.0,162.0,162.0,162.0,0.0,1.0,26587000.0
1986-10-06,164.0,164.0,164.0,164.0,0.0,1.0,26587000.0
1986-10-07,164.0,164.0,164.0,164.0,0.0,0.0,26587000.0
1986-10-08,164.0,164.0,164.0,164.0,0.0,0.0,26587000.0
1986-10-09,164.0,164.0,164.0,164.0,0.0,0.0,26587000.0
1986-10-10,164.0,164.0,164.0,164.0,0.0,0.0,26587000.0
1986-10-13,164.0,164.0,164.0,164.0,0.0,0.0,26587000.0
1986-10-14,164.0,164.0,164.0,164.0,0.0,0.0,26587000.0
1986-10-15,164.0,164.0,164.0,164.0,0.0,0.0,26587000.0
1986-10-16,164.0,164.0,164.0,164.0,0.0,0.0,26587000.0
1986-10-17,165.0,165.0,165.0,165.0,0.0,1.0,26587000.0
1986-10-20,177.0,177.0,177.0,177.0,0.0,1.0,26587000.0
1986-10-21,178.0,178.0,178.0,178.0,0.0,1.0,26587000.0
1986-10-22,178.0,178.0,178.0,178.0,0.0,0.0,26587000.0
1986-10-23,178.0,178.0,178.0,178.0,0.0,0.0,26587000.0
1986-10-24,178.0,178.0,178.0,178.0,0.0,0.0,26587000.0
1986-10-27,180.0,180.0,180.0,180.0,0.0,1.0,26587000.0
1986-10-28,180.0,180.0,180.0,180.0,0.0,0.0,26587000.0
1986-10-29,181.0,181.0,181.0,181.0,0.0,1.0,26587000.0
1986-10-30,181.0,181.0,181.0,181.0,0.0,0.0,26587000.0
1986-10-31,184.0,184.0,184.0,184.0,0.0,1.0,26587000.0
1986-11-03,190.0,190.0,190.0,190.0,0.0,1.0,26587000.0
1986-11-04,191.0,191.0,191.0,191.0,0.0,1.0,26587000.0
1986-11-05,189.0,189.0,189.0,189.0,0.0,1.0,26587000.0
1986-11-06,189.0,189.0,189.0,189.0,0.0,0.0,26587000.0
1986-11-07,189.0,189.0,189.0,189.0,0.0,0.0,26587000.0
1986-11-10,197.0,197.0,197.0,197.0,0.0,1.0,26587000.0
1986-11-11,198.0,198.0,198.0,198.0,0.0,1.0,26587000.0
1986-11-12,199.0,199.0,199.0,199.0,0.0,1.0,26587000.0
1986-11-13,198.0,198.0,198.0,198.0,0.0,1.0,26587000.0
1986-11-14,196.0,196.0,196.0,196.0,0.0,1.0,26587000.0
1986-11-17,195.0,195.0,195.0,195.0,0.0,1.0,26587000.0
1986-11-18,195.0,195.0,195.0,195.0,0.0,0.0,26587000.0
1986-11-19,193.0,193.0,193.0,193.0,0.0,1.0,26587000.0
1986-11-20,194.0,194.0,194.0,194.0,0.0,1.0,26587000.0
1986-11-21,192.0,192.0,192.0,192.0,0.0,1.0,26587000.0
1986-11-24,194.0,194.0,194.0,194.0,0.0,1.0,26587000.0
1986-11-25,196.0,196.0,196.0,196.0,0.0,1.0,26587000.0
1986-11-26,191.0,191.0,191.0,191.0,0.0,1.0,26587000.0
1986-11-27,189.0,189.0,189.0,189.0,0.0,1.0,26587000.0
1986-11-28,188.0,188.0,188.0,188.0,0.0,1.0,26587000.0
1986-12-01,187.0,187.0,187.0,187.0,0.0,1.0,26587000.0
1986-12-02,187.0,187.0,187.0,187.0,0.0,0.0,26587000.0
1986-12-03,183.0,183.0,183.0,183.0,0.0,1.0,26587000.0
1986-12-04,183.0,183.0,183.0,183.0,0.0,0.0,26587000.0
1986-12-05,180.0,180.0,180.0,180.0,0.0,1.0,26587000.0
1986-12-08,177.0,177.0,177.0,177.0,0.0,1.0,26587000.0
1986-12-09,177.0,177.0,177.0,177.0,0.0,0.0,26587000.0
1986-12-10,175.0,175.0,175.0,175.0,0.0,1.0,26587000.0
1986-12-11,175.0,175.0,175.0,175.0,0.0,0.0,26597000.0
1986-12-12,175.0,175.0,175.0,175.0,0.0,0.0,26597000.0
1986-12-15,174.0,174.0,174.0,174.0,0.0,1.0,26722000.0
1986-12-16,175.0,175.0,175.0,175.0,0.0,1.0,26722000.0
1986-12-17,175.0,175.0,175.0,175.0,0.0,0.0,26722000.0
1986-12-18,173.0,173.0,173.0,173.0,0.0,1.0,26722000.0
1986-12-19,173.0,173.0,173.0,173.0,0.0,0.0,26722000.0
1986-12-22,172.0,172.0,172.0,172.0,0.0,1.0,26722000.0
1986-12-23,172.0,172.0,172.0,172.0,0.0,0.0,26722000.0
1986-12-24,172.0,172.0,172.0,172.0,0.0,0.0,26722000.0
1986-12-29,172.0,172.0,172.0,172.0,0.0,0.0,26722000.0
1986-12-30,172.0,172.0,172.0,172.0,0.0,0.0,26722000.0
1986-12-31,172.0,172.0,172.0,172.0,0.0,0.0,26722000.0
1987-01-02,172.0,172.0,172.0,172.0,0.0,0.0,26722000.0
1987-01-05,172.0,172.0,172.0,172.0,0.0,0.0,26722000.0
1987-01-06,171.0,171.0,171.0,171.0,0.0,1.0,26722000.0
1987-01-07,171.0,171.0,171.0,171.0,0.0,0.0,26722000.0
1987-01-08,171.0,171.0,171.0,171.0,0.0,0.0,26722000.0
1987-01-09,171.0,171.0,171.0,171.0,0.0,0.0,26722000.0
1987-01-12,174.0,174.0,174.0,174.0,0.0,1.0,26722000.0
1987-01-13,174.0,174.0,174.0,174.0,0.0,0.0,26722000.0
1987-01-14,175.0,175.0,175.0,175.0,0.0,1.0,26722000.0
1987-01-15,176.0,176.0,176.0,176.0,0.0,1.0,26722000.0
1987-01-16,177.0,177.0,177.0,177.0,0.0,1.0,26722000.0
1987-01-19,176.0,176.0,176.0,176.0,0.0,1.0,26722000.0
1987-01-20,175.0,175.0,175.0,175.0,0.0,1.0,26722000.0
1987-01-21,174.0,174.0,174.0,174.0,0.0,1.0,26722000.0
1987-01-22,176.0,176.0,176.0,176.0,0.0,1.0,26722000.0
1987-01-23,179.0,179.0,179.0,179.0,0.0,1.0,26722000.0
1987-01-26,192.0,192.0,192.0,192.0,0.0,1.0,26722000.0
1987-01-27,198.0,198.0,198.0,198.0,0.0,1.0,26722000.0
1987-01-28,201.0,201.0,201.0,201.0,0.0,1.0,26722000.0
1987-01-29,201.0,201.0,201.0,201.0,0.0,0.0,26722000.0
1987-01-30,199.0,199.0,199.0,199.0,0.0,1.0,26722000.0
1987-02-02,198.0,198.0,198.0,198.0,0.0,1.0,26722000.0
1987-02-03,195.0,195.0,195.0,195.0,0.0,1.0,26722000.0
1987-02-04,194.0,194.0,194.0,194.0,0.0,1.0,26722000.0
1987-02-05,194.0,194.0,194.0,194.0,0.0,0.0,26722000.0
1987-02-06,195.0,195.0,195.0,195.0,0.0,1.0,26722000.0
1987-02-09,199.0,199.0,199.0,199.0,0.0,1.0,26722000.0
1987-02-10,199.0,199.0,199.0,199.0,0.0,0.0,26722000.0
1987-02-11,199.0,199.0,199.0,199.0,0.0,0.0,26722000.0
1987-02-12,199.0,199.0,199.0,199.0,0.0,0.0,26722000.0
1987-02-13,200.0,200.0,200.0,200.0,0.0,1.0,26722000.0
1987-02-16,202.0,202.0,202.0,202.0,0.0,1.0,26722000.0
1987-02-17,204.0,204.0,204.0,204.0,0.0,1.0,26722000.0
1987-02-18,210.0,210.0,210.0,210.0,0.0,1.0,26722000.0
1987-02-19,206.0,206.0,206.0,206.0,0.0,1.0,26722000.0
1987-02-20,211.0,211.0,211.0,211.0,0.0,1.0,26722000.0
1987-02-23,222.0,222.0,222.0,222.0,0.0,1.0,26722000.0
1987-02-24,221.0,221.0,221.0,221.0,0.0,1.0,26722000.0
1987-02-25,219.0,219.0,219.0,219.0,0.0,1.0,26722000.0
1987-02-26,228.0,228.0,228.0,228.0,0.0,1.0,26722000.0
1987-02-27,227.0,227.0,227.0,227.0,0.0,1.0,26722000.0
1987-03-02,225.0,225.0,225.0,225.0,0.0,1.0,26722000.0
1987-03-03,222.0,222.0,222.0,222.0,0.0,1.0,26722000.0
1987-03-04,222.0,222.0,222.0,222.0,0.0,0.0,26722000.0
1987-03-05,223.0,223.0,223.0,223.0,0.0,1.0,26722000.0
1987-03-06,219.0,219.0,219.0,219.0,0.0,1.0,26722000.0
1987-03-09,229.0,229.0,229.0,229.0,0.0,1.0,26722000.0
1987-03-10,235.0,235.0,235.0,235.0,0.0,1.0,26722000.0
1987-03-11,240.0,240.0,240.0,240.0,0.0,1.0,26722000.0
1987-03-12,239.0,239.0,239.0,239.0,0.0,1.0,26722000.0
1987-03-13,243.0,243.0,243.0,243.0,0.0,1.0,26722000.0
1987-03-16,237.0,237.0,237.0,237.0,0.0,1.0,26722000.0
1987-03-17,238.0,238.0,238.0,238.0,0.0,1.0,26722000.0
1987-03-18,238.0,238.0,238.0,238.0,0.0,0.0,26722000.0
1987-03-19,250.0,250.0,250.0,250.0,0.0,1.0,26722000.0
1987-03-20,252.0,252.0,252.0,252.0,0.0,1.0,26722000.0
1987-03-23,261.0,261.0,261.0,261.0,0.0,1.0,26722000.0
1987-03-24,261.0,261.0,261.0,261.0,0.0,0.0,26722000.0
1987-03-25,255.0,255.0,255.0,255.0,0.0,1.0,26722000.0
1987-03-26,259.0,259.0,259.0,259.0,0.0,1.0,26722000.0
1987-03-27,254.0,254.0,254.0,254.0,0.0,1.0,26722000.0
1987-03-30,247.0,247.0,247.0,247.0,0.0,1.0,26722000.0
1987-03-31,259.0,259.0,259.0,259.0,0.0,1.0,26722000.0
1987-04-01,253.0,253.0,253.0,253.0,0.0,1.0,26722000.0
1987-04-02,255.0,255.0,255.0,255.0,0.0,1.0,26722000.0
1987-04-03,248.0,248.0,248.0,248.0,0.0,1.0,26722000.0
1987-04-06,262.0,262.0,262.0,262.0,0.0,1.0,26722000.0
1987-04-07,258.0,258.0,258.0,258.0,0.0,1.0,26722000.0
1987-04-08,257.0,257.0,257.0,257.0,0.0,1.0,26722000.0
1987-04-09,255.0,255.0,255.0,255.0,0.0,1.0,26722000.0
1987-04-10,261.0,261.0,261.0,261.0,0.0,1.0,26722000.0
1987-04-13,258.0,258.0,258.0,258.0,0.0,1.0,26722000.0
1987-04-14,257.0,257.0,257.0,257.0,0.0,1.0,26722000.0
1987-04-15,256.0,256.0,256.0,256.0,0.0,1.0,26722000.0
1987-04-16,256.0,256.0,256.0,256.0,0.0,0.0,26722000.0
1987-04-21,250.0,250.0,250.0,250.0,0.0,1.0,26722000.0
1987-04-22,258.0,258.0,258.0,258.0,0.0,1.0,26722000.0
1987-04-23,255.0,255.0,255.0,255.0,0.0,1.0,26722000.0
1987-04-24,252.0,252.0,252.0,252.0,0.0,1.0,26722000.0
1987-04-27,248.0,248.0,248.0,248.0,0.0,1.0,26722000.0
1987-04-28,256.0,256.0,256.0,256.0,0.0,1.0,26722000.0
1987-04-29,253.0,253.0,253.0,253.0,0.0,1.0,26722000.0
1987-04-30,254.0,254.0,254.0,254.0,0.0,1.0,26722000.0
1987-05-01,254.0,254.0,254.0,254.0,0.0,0.0,26722000.0
1987-05-04,254.0,254.0,254.0,254.0,0.0,0.0,26722000.0
1987-05-05,246.0,246.0,246.0,246.0,0.0,1.0,26722000.0
1987-05-06,248.0,248.0,248.0,248.0,0.0,1.0,26722000.0
1987-05-07,241.0,241.0,241.0,241.0,0.0,1.0,26722000.0
1987-05-08,235.0,235.0,235.0,235.0,0.0,1.0,26722000.0
1987-05-11,244.0,244.0,244.0,244.0,0.0,1.0,26722000.0
1987-05-12,246.0,246.0,246.0,246.0,0.0,1.0,26722000.0
1987-05-13,250.0,250.0,250.0,250.0,0.0,1.0,26722000.0
1987-05-14,250.0,250.0,250.0,250.0,0.0,0.0,26722000.0
1987-05-15,255.0,255.0,255.0,255.0,0.0,1.0,26722000.0
1987-05-18,256.0,256.0,256.0,256.0,0.0,1.0,26722000.0
1987-05-19,256.0,256.0,256.0,256.0,0.0,0.0,26730000.0
1987-05-20,248.0,248.0,248.0,248.0,0.0,1.0,26730000.0
1987-05-21,246.0,246.0,246.0,246.0,0.0,1.0,26986000.0
1987-05-22,247.0,247.0,247.0,247.0,0.0,1.0,27387000.0
1987-05-25,247.0,247.0,247.0,247.0,0.0,0.0,27387000.0
1987-05-26,244.0,244.0,244.0,244.0,0.0,1.0,27387000.0
1987-05-27,239.0,239.0,239.0,239.0,0.0,1.0,27387000.0
1987-05-28,237.0,237.0,237.0,237.0,0.0,1.0,27387000.0
1987-05-29,241.0,241.0,241.0,241.0,0.0,1.0,27387000.0
1987-06-01,241.0,241.0,241.0,241.0,0.0,0.0,27387000.0
1987-06-02,244.0,244.0,244.0,244.0,0.0,1.0,27387000.0
1987-06-03,239.0,239.0,239.0,239.0,0.0,1.0,27387000.0
1987-06-04,236.0,236.0,236.0,236.0,0.0,1.0,27387000.0
1987-06-05,236.0,236.0,236.0,236.0,0.0,0.0,27387000.0
1987-06-08,234.0,234.0,234.0,234.0,0.0,1.0,27387000.0
1987-06-09,239.0,239.0,239.0,239.0,0.0,1.0,27387000.0
1987-06-10,237.0,237.0,237.0,237.0,0.0,1.0,27387000.0
1987-06-11,235.0,235.0,235.0,235.0,0.0,1.0,27387000.0
1987-06-12,234.0,234.0,234.0,234.0,0.0,1.0,27387000.0
1987-06-15,233.0,233.0,233.0,233.0,0.0,1.0,27387000.0
1987-06-16,232.0,232.0,232.0,232.0,0.0,1.0,27387000.0
1987-06-17,232.0,232.0,232.0,232.0,0.0,0.0,27387000.0
1987-06-18,235.0,235.0,235.0,235.0,0.0,1.0,27387000.0
1987-06-19,234.0,234.0,234.0,234.0,0.0,1.0,27387000.0
1987-06-22,235.0,235.0,235.0,235.0,0.0,1.0,27387000.0
1987-06-23,236.0,236.0,236.0,236.0,0.0,1.0,27387000.0
1987-06-24,235.0,235.0,235.0,235.0,0.0,1.0,27387000.0
1987-06-25,229.0,229.0,229.0,229.0,0.0,1.0,27387000.0
1987-06-26,230.0,230.0,230.0,230.0,0.0,1.0,27387000.0
1987-06-29,232.0,232.0,232.0,232.0,0.0,1.0,27387000.0
1987-06-30,244.0,244.0,244.0,244.0,0.0,1.0,27387000.0
1987-07-01,242.0,242.0,242.0,242.0,0.0,1.0,27387000.0
1987-07-02,241.0,241.0,241.0,241.0,0.0,1.0,27387000.0
1987-07-03,241.0,241.0,241.0,241.0,0.0,0.0,27387000.0
1987-07-06,243.0,243.0,243.0,243.0,0.0,1.0,27387000.0
1987-07-07,241.0,241.0,241.0,241.0,0.0,1.0,27387000.0
1987-07-08,240.0,240.0,240.0,240.0,0.0,1.0,27387000.0
1987-07-09,241.0,241.0,241.0,241.0,0.0,1.0,27387000.0
1987-07-10,244.0,244.0,244.0,244.0,0.0,1.0,27387000.0
1987-07-13,244.0,244.0,244.0,244.0,0.0,0.0,27387000.0
1987-07-14,247.0,247.0,247.0,247.0,0.0,1.0,27387000.0
1987-07-15,247.0,247.0,247.0,247.0,0.0,0.0,27387000.0
1987-07-16,248.0,248.0,248.0,248.0,0.0,1.0,27387000.0
1987-07-17,249.0,249.0,249.0,249.0,0.0,1.0,27387000.0
1987-07-20,255.0,255.0,255.0,255.0,0.0,1.0,27387000.0
1987-07-21,254.0,254.0,254.0,254.0,0.0,1.0,27387000.0
1987-07-22,251.0,251.0,251.0,251.0,0.0,1.0,27387000.0
1987-07-23,250.0,250.0,250.0,250.0,0.0,1.0,27387000.0
1987-07-24,249.0,249.0,249.0,249.0,0.0,1.0,27387000.0
1987-07-27,249.0,249.0,249.0,249.0,0.0,0.0,27387000.0
1987-07-28,248.0,248.0,248.0,248.0,0.0,1.0,27387000.0
1987-07-29,247.0,247.0,247.0,247.0,0.0,1.0,27387000.0
1987-07-30,242.0,242.0,242.0,242.0,0.0,1.0,27387000.0
1987-07-31,242.0,242.0,242.0,242.0,0.0,0.0,27387000.0
1987-08-03,241.0,241.0,241.0,241.0,0.0,1.0,27387000.0
1987-08-04,237.0,237.0,237.0,237.0,0.0,1.0,27387000.0
1987-08-05,237.0,237.0,237.0,237.0,0.0,0.0,27413000.0
1987-08-06,232.0,232.0,232.0,232.0,0.0,1.0,27413000.0
1987-08-07,225.0,225.0,225.0,225.0,0.0,1.0,27413000.0
1987-08-10,225.0,225.0,225.0,225.0,0.0,0.0,27413000.0
1987-08-11,227.0,227.0,227.0,227.0,0.0,1.0,27413000.0
1987-08-12,241.0,241.0,241.0,241.0,0.0,1.0,27413000.0
1987-08-13,241.0,241.0,241.0,241.0,0.0,0.0,27413000.0
1987-08-14,242.0,242.0,242.0,242.0,0.0,1.0,27413000.0
1987-08-17,237.0,237.0,237.0,237.0,0.0,1.0,27413000.0
1987-08-18,235.0,235.0,235.0,235.0,0.0,1.0,27413000.0
1987-08-19,232.0,232.0,232.0,232.0,0.0,1.0,27578000.0
1987-08-20,230.0,230.0,230.0,230.0,0.0,1.0,27578000.0
1987-08-21,232.0,232.0,232.0,232.0,0.0,1.0,27578000.0
1987-08-24,237.0,237.0,237.0,237.0,0.0,1.0,27578000.0
1987-08-25,238.0,238.0,238.0,238.0,0.0,1.0,27578000.0
1987-08-26,238.0,238.0,238.0,238.0,0.0,0.0,27578000.0
1987-08-27,238.0,238.0,238.0,238.0,0.0,0.0,27578000.0
1987-08-28,237.0,237.0,237.0,237.0,0.0,1.0,27578000.0
1987-08-31,237.0,237.0,237.0,237.0,0.0,0.0,27578000.0
1987-09-01,237.0,237.0,237.0,237.0,0.0,0.0,27578000.0
1987-09-02,235.0,235.0,235.0,235.0,0.0,1.0,27578000.0
1987-09-03,235.0,235.0,235.0,235.0,0.0,0.0,27578000.0
1987-09-04,235.0,235.0,235.0,235.0,0.0,0.0,27578000.0
1987-09-07,235.0,235.0,235.0,235.0,0.0,0.0,27578000.0
1987-09-08,235.0,235.0,235.0,235.0,0.0,0.0,27578000.0
1987-09-09,234.0,234.0,234.0,234.0,0.0,1.0,27578000.0
1987-09-10,234.0,234.0,234.0,234.0,0.0,0.0,27578000.0
1987-09-11,232.0,232.0,232.0,232.0,0.0,1.0,27578000.0
1987-09-14,232.0,232.0,232.0,232.0,0.0,0.0,27578000.0
1987-09-15,232.0,232.0,232.0,232.0,0.0,0.0,27578000.0
1987-09-16,232.0,232.0,232.0,232.0,0.0,0.0,27578000.0
1987-09-17,229.0,229.0,229.0,229.0,0.0,1.0,27578000.0
1987-09-18,243.0,243.0,243.0,243.0,0.0,1.0,27628000.0
1987-09-21,237.0,237.0,237.0,237.0,0.0,1.0,27628000.0
1987-09-22,237.0,237.0,237.0,237.0,0.0,0.0,27628000.0
1987-09-23,236.0,236.0,236.0,236.0,0.0,1.0,27628000.0
1987-09-24,242.0,242.0,242.0,242.0,0.0,1.0,27628000.0
1987-09-25,252.0,252.0,252.0,252.0,0.0,1.0,27628000.0
1987-09-28,260.0,260.0,260.0,260.0,0.0,1.0,27628000.0
1987-09-29,258.0,258.0,258.0,258.0,0.0,1.0,27628000.0
1987-09-30,258.0,258.0,258.0,258.0,0.0,0.0,27628000.0
1987-10-01,258.0,258.0,258.0,258.0,0.0,0.0,27628000.0
1987-10-02,260.0,260.0,260.0,260.0,0.0,1.0,27628000.0
1987-10-05,261.0,261.0,261.0,261.0,0.0,1.0,27628000.0
1987-10-06,260.0,260.0,260.0,260.0,0.0,1.0,27628000.0
1987-10-07,271.0,271.0,271.0,271.0,0.0,1.0,27628000.0
1987-10-08,270.0,270.0,270.0,270.0,0.0,1.0,27628000.0
1987-10-09,264.0,264.0,264.0,264.0,0.0,1.0,27628000.0
1987-10-12,262.0,262.0,262.0,262.0,0.0,1.0,27629000.0
1987-10-13,262.0,262.0,262.0,262.0,0.0,0.0,27629000.0
1987-10-14,262.0,262.0,262.0,262.0,0.0,0.0,27629000.0
1987-10-15,260.0,260.0,260.0,260.0,0.0,1.0,27629000.0
1987-10-16,260.0,260.0,260.0,260.0,0.0,0.0,27629000.0
1987-10-19,243.0,243.0,243.0,243.0,0.0,1.0,27629000.0
1987-10-20,211.0,211.0,211.0,211.0,0.0,1.0,27629000.0
1987-10-21,223.0,223.0,223.0,223.0,0.0,1.0,27629000.0
1987-10-22,211.0,211.0,211.0,211.0,0.0,1.0,27629000.0
1987-10-23,208.0,208.0,208.0,208.0,0.0,1.0,27629000.0
1987-10-26,188.0,188.0,188.0,188.0,0.0,1.0,27629000.0
1987-10-27,189.0,189.0,189.0,189.0,0.0,1.0,27629000.0
1987-10-28,188.0,188.0,188.0,188.0,0.0,1.0,27629000.0
1987-10-29,188.0,188.0,188.0,188.0,0.0,0.0,27629000.0
1987-10-30,188.0,188.0,188.0,188.0,0.0,0.0,27629000.0
1987-11-02,188.0,188.0,188.0,188.0,0.0,0.0,27629000.0
1987-11-03,183.0,183.0,183.0,183.0,0.0,1.0,27629000.0
1987-11-04,172.0,172.0,172.0,172.0,0.0,1.0,27629000.0
1987-11-05,168.0,168.0,168.0,168.0,0.0,1.0,27629000.0
1987-11-06,158.0,158.0,158.0,158.0,0.0,1.0,27629000.0
1987-11-09,145.0,145.0,145.0,145.0,0.0,1.0,27629000.0
1987-11-10,140.0,140.0,140.0,140.0,0.0,1.0,27629000.0
1987-11-11,143.0,143.0,143.0,143.0,0.0,1.0,27629000.0
1987-11-12,157.0,157.0,157.0,157.0,0.0,1.0,27629000.0
1987-11-13,159.0,159.0,159.0,159.0,0.0,1.0,27629000.0
1987-11-16,160.0,160.0,160.0,160.0,0.0,1.0,27629000.0
1987-11-17,155.0,155.0,155.0,155.0,0.0,1.0,27629000.0
1987-11-18,153.0,153.0,153.0,153.0,0.0,1.0,27629000.0
1987-11-19,143.0,143.0,143.0,143.0,0.0,1.0,27629000.0
1987-11-20,135.0,135.0,135.0,135.0,0.0,1.0,27629000.0
1987-11-23,135.0,135.0,135.0,135.0,0.0,0.0,27629000.0
1987-11-24,131.0,131.0,131.0,131.0,0.0,1.0,27629000.0
1987-11-25,128.0,128.0,128.0,128.0,0.0,1.0,27629000.0
1987-11-26,128.0,128.0,128.0,128.0,0.0,0.0,27629000.0
1987-11-27,128.0,128.0,128.0,128.0,0.0,0.0,27629000.0
1987-11-30,123.0,123.0,123.0,123.0,0.0,1.0,27629000.0
1987-12-01,121.0,121.0,121.0,121.0,0.0,1.0,27629000.0
1987-12-02,121.0,121.0,121.0,121.0,0.0,0.0,27629000.0
1987-12-03,120.0,120.0,120.0,120.0,0.0,1.0,27629000.0
1987-12-04,116.0,116.0,116.0,116.0,0.0,1.0,27629000.0
1987-12-07,116.0,116.0,116.0,116.0,0.0,0.0,27629000.0
1987-12-08,115.0,115.0,115.0,115.0,0.0,1.0,27629000.0
1987-12-09,115.0,115.0,115.0,115.0,0.0,0.0,27629000.0
1987-12-10,113.0,113.0,113.0,113.0,0.0,1.0,27629000.0
1987-12-11,111.0,111.0,111.0,111.0,0.0,1.0,27629000.0
1987-12-14,111.0,111.0,111.0,111.0,0.0,0.0,27629000.0
1987-12-15,112.0,112.0,112.0,112.0,0.0,1.0,27629000.0
1987-12-16,112.0,112.0,112.0,112.0,0.0,0.0,27629000.0
1987-12-17,113.0,113.0,113.0,113.0,0.0,1.0,27629000.0
1987-12-18,113.0,113.0,113.0,113.0,0.0,0.0,27629000.0
1987-12-21,128.0,128.0,128.0,128.0,0.0,1.0,27630000.0
1987-12-22,126.0,126.0,126.0,126.0,0.0,1.0,27630000.0
1987-12-23,126.0,126.0,126.0,126.0,0.0,0.0,27630000.0
1987-12-24,126.0,126.0,126.0,126.0,0.0,0.0,27630000.0
1987-12-28,126.0,126.0,126.0,126.0,0.0,0.0,27630000.0
1987-12-29,121.0,121.0,121.0,121.0,0.0,1.0,27630000.0
1987-12-30,123.0,123.0,123.0,123.0,0.0,1.0,27630000.0
1987-12-31,121.0,121.0,121.0,121.0,0.0,1.0,27630000.0
1988-01-04,130.0,130.0,130.0,130.0,0.0,1.0,27630000.0
1988-01-05,136.0,136.0,136.0,136.0,0.0,1.0,27630000.0
1988-01-06,138.0,138.0,138.0,138.0,0.0,1.0,27630000.0
1988-01-07,146.0,146.0,146.0,146.0,0.0,1.0,27630000.0
1988-01-08,146.0,146.0,146.0,146.0,0.0,0.0,27630000.0
1988-01-11,138.0,138.0,138.0,138.0,0.0,1.0,27630000.0
1988-01-12,140.0,140.0,140.0,140.0,0.0,1.0,27630000.0
1988-01-13,138.0,138.0,138.0,138.0,0.0,1.0,27630000.0
1988-01-14,140.0,140.0,140.0,140.0,0.0,1.0,27630000.0
1988-01-15,141.0,141.0,141.0,141.0,0.0,1.0,27630000.0
1988-01-18,146.0,146.0,146.0,146.0,0.0,1.0,27630000.0
1988-01-19,145.0,145.0,145.0,145.0,0.0,1.0,27630000.0
1988-01-20,145.0,145.0,145.0,145.0,0.0,0.0,27630000.0
1988-01-21,138.0,138.0,138.0,138.0,0.0,1.0,27630000.0
1988-01-22,138.0,138.0,138.0,138.0,0.0,0.0,27630000.0
1988-01-25,138.0,138.0,138.0,138.0,0.0,0.0,27630000.0
1988-01-26,136.0,136.0,136.0,136.0,0.0,1.0,27630000.0
1988-01-27,133.0,133.0,133.0,133.0,0.0,1.0,27630000.0
1988-01-28,133.0,133.0,133.0,133.0,0.0,0.0,27630000.0
1988-01-29,135.0,135.0,135.0,135.0,0.0,1.0,27630000.0
1988-02-01,133.0,133.0,133.0,133.0,0.0,1.0,27630000.0
1988-02-02,131.0,131.0,131.0,131.0,0.0,1.0,27630000.0
1988-02-03,131.0,131.0,131.0,131.0,0.0,0.0,27630000.0
1988-02-04,130.0,130.0,130.0,130.0,0.0,1.0,27630000.0
1988-02-05,128.0,128.0,128.0,128.0,0.0,1.0,27630000.0
1988-02-06,128.0,128.0,128.0,128.0,0.0,0.0,27630000.0
1988-02-08,124.0,124.0,124.0,124.0,0.0,1.0,27630000.0
1988-02-09,123.0,123.0,123.0,123.0,0.0,1.0,27630000.0
1988-02-10,124.0,124.0,124.0,124.0,0.0,1.0,27630000.0
1988-02-11,123.0,123.0,123.0,123.0,0.0,1.0,27630000.0
1988-02-12,124.0,124.0,124.0,124.0,0.0,1.0,27630000.0
1988-02-15,123.0,123.0,123.0,123.0,0.0,1.0,27630000.0
1988-02-16,122.0,122.0,122.0,122.0,0.0,1.0,27630000.0
1988-02-17,122.0,122.0,122.0,122.0,0.0,0.0,27630000.0
1988-02-18,121.0,121.0,121.0,121.0,0.0,1.0,27630000.0
1988-02-19,121.0,121.0,121.0,121.0,0.0,0.0,27630000.0
1988-02-22,123.0,123.0,123.0,123.0,0.0,1.0,27630000.0
1988-02-23,123.0,123.0,123.0,123.0,0.0,0.0,27630000.0
1988-02-24,123.0,123.0,123.0,123.0,0.0,0.0,27630000.0
1988-02-25,123.0,123.0,123.0,123.0,0.0,0.0,27630000.0
1988-02-26,123.0,123.0,123.0,123.0,0.0,0.0,27630000.0
1988-02-29,121.0,121.0,121.0,121.0,0.0,1.0,27630000.0
1988-03-01,121.0,121.0,121.0,121.0,0.0,0.0,27630000.0
1988-03-02,123.0,123.0,123.0,123.0,0.0,1.0,27630000.0
1988-03-03,121.0,121.0,121.0,121.0,0.0,1.0,27630000.0
1988-03-04,121.0,121.0,121.0,121.0,0.0,0.0,27630000.0
1988-03-07,121.0,121.0,121.0,121.0,0.0,0.0,27630000.0
1988-03-08,120.0,120.0,120.0,120.0,0.0,1.0,27630000.0
1988-03-09,118.0,118.0,118.0,118.0,0.0,1.0,27630000.0
1988-03-10,120.0,120.0,120.0,120.0,0.0,1.0,27630000.0
1988-03-11,120.0,120.0,120.0,120.0,0.0,0.0,27630000.0
1988-03-14,118.0,118.0,118.0,118.0,0.0,1.0,27630000.0
1988-03-15,120.0,120.0,120.0,120.0,0.0,1.0,27630000.0
1988-03-16,123.0,123.0,123.0,123.0,0.0,1.0,27630000.0
1988-03-17,125.0,125.0,125.0,125.0,0.0,1.0,27630000.0
1988-03-18,125.0,125.0,125.0,125.0,0.0,0.0,27630000.0
1988-03-21,125.0,125.0,125.0,125.0,0.0,0.0,27630000.0
1988-03-22,125.0,125.0,125.0,125.0,0.0,0.0,27630000.0
1988-03-23,123.0,123.0,123.0,123.0,0.0,1.0,27630000.0
1988-03-24,121.0,121.0,121.0,121.0,0.0,1.0,27630000.0
1988-03-25,118.0,118.0,118.0,118.0,0.0,1.0,27630000.0
1988-03-28,116.0,116.0,116.0,116.0,0.0,1.0,27630000.0
1988-03-29,118.0,118.0,118.0,118.0,0.0,1.0,27630000.0
1988-03-30,117.0,117.0,117.0,117.0,0.0,1.0,27630000.0
1988-03-31,116.0,116.0,116.0,116.0,0.0,1.0,27630000.0
1988-04-05,116.0,116.0,116.0,116.0,0.0,0.0,27630000.0
1988-04-06,115.0,115.0,115.0,115.0,0.0,1.0,27630000.0
1988-04-07,117.0,117.0,117.0,117.0,0.0,1.0,27630000.0
1988-04-08,120.0,120.0,120.0,120.0,0.0,1.0,27630000.0
1988-04-11,123.0,123.0,123.0,123.0,0.0,1.0,27630000.0
1988-04-12,123.0,123.0,123.0,123.0,0.0,0.0,27630000.0
1988-04-13,126.0,126.0,126.0,126.0,0.0,1.0,27630000.0
1988-04-14,125.0,125.0,125.0,125.0,0.0,1.0,27630000.0
1988-04-15,125.0,125.0,125.0,125.0,0.0,0.0,27630000.0
1988-04-18,123.0,123.0,123.0,123.0,0.0,1.0,27630000.0
1988-04-19,123.0,123.0,123.0,123.0,0.0,0.0,27630000.0
1988-04-20,123.0,123.0,123.0,123.0,0.0,0.0,27630000.0
1988-04-21,123.0,123.0,123.0,123.0,0.0,0.0,27630000.0
1988-04-22,123.0,123.0,123.0,123.0,0.0,0.0,27630000.0
1988-04-25,123.0,123.0,123.0,123.0,0.0,0.0,27630000.0
1988-04-26,123.0,123.0,123.0,123.0,0.0,0.0,27630000.0
1988-04-27,123.0,123.0,123.0,123.0,0.0,0.0,27630000.0
1988-04-28,120.0,120.0,120.0,120.0,0.0,1.0,27739000.0
1988-04-29,120.0,120.0,120.0,120.0,0.0,0.0,27739000.0
1988-05-02,120.0,120.0,120.0,120.0,0.0,0.0,27739000.0
1988-05-03,120.0,120.0,120.0,120.0,0.0,0.0,27739000.0
1988-05-04,118.0,118.0,118.0,118.0,0.0,1.0,27739000.0
1988-05-05,118.0,118.0,118.0,118.0,0.0,0.0,27739000.0
1988-05-06,121.0,121.0,121.0,121.0,0.0,1.0,27739000.0
1988-05-09,121.0,121.0,121.0,121.0,0.0,0.0,27739000.0
1988-05-10,121.0,121.0,121.0,121.0,0.0,0.0,27739000.0
1988-05-11,121.0,121.0,121.0,121.0,0.0,0.0,27739000.0
1988-05-12,121.0,121.0,121.0,121.0,0.0,0.0,27739000.0
1988-05-13,121.0,121.0,121.0,121.0,0.0,0.0,27739000.0
1988-05-16,121.0,121.0,121.0,121.0,0.0,0.0,27739000.0
1988-05-17,121.0,121.0,121.0,121.0,0.0,0.0,27739000.0
1988-05-18,121.0,121.0,121.0,121.0,0.0,0.0,27739000.0
1988-05-19,121.0,121.0,121.0,121.0,0.0,0.0,27739000.0
1988-05-20,126.0,126.0,126.0,126.0,0.0,1.0,27739000.0
1988-05-23,123.0,123.0,123.0,123.0,0.0,1.0,27739000.0
1988-05-24,125.0,125.0,125.0,125.0,0.0,1.0,28031000.0
1988-05-25,125.0,125.0,125.0,125.0,0.0,0.0,28031000.0
1988-05-26,126.0,126.0,126.0,126.0,0.0,1.0,28031000.0
1988-05-27,126.0,126.0,126.0,126.0,0.0,0.0,28031000.0
1988-05-30,126.0,126.0,126.0,126.0,0.0,0.0,28031000.0
1988-05-31,126.0,126.0,126.0,126.0,0.0,0.0,28031000.0
1988-06-01,126.0,126.0,126.0,126.0,0.0,0.0,28031000.0
1988-06-02,126.0,126.0,126.0,126.0,0.0,0.0,28031000.0
1988-06-03,126.0,126.0,126.0,126.0,0.0,0.0,28031000.0
1988-06-06,126.0,126.0,126.0,126.0,0.0,0.0,28031000.0
1988-06-07,126.0,126.0,126.0,126.0,0.0,0.0,28031000.0
1988-06-08,126.0,126.0,126.0,126.0,0.0,0.0,28031000.0
1988-06-09,131.0,131.0,131.0,131.0,0.0,1.0,28031000.0
1988-06-10,131.0,131.0,131.0,131.0,0.0,0.0,28031000.0
1988-06-13,133.0,133.0,133.0,133.0,0.0,1.0,28031000.0
1988-06-14,133.0,133.0,133.0,133.0,0.0,0.0,28031000.0
1988-06-15,133.0,133.0,133.0,133.0,0.0,0.0,28031000.0
1988-06-16,133.0,133.0,133.0,133.0,0.0,0.0,28031000.0
1988-06-17,135.0,135.0,135.0,135.0,0.0,1.0,28031000.0
1988-06-20,134.0,134.0,134.0,134.0,0.0,1.0,28031000.0
1988-06-21,135.0,135.0,135.0,135.0,0.0,1.0,28031000.0
1988-06-22,131.0,131.0,131.0,131.0,0.0,1.0,28031000.0
1988-06-23,131.0,131.0,131.0,131.0,0.0,0.0,28031000.0
1988-06-24,131.0,131.0,131.0,131.0,0.0,0.0,28031000.0
1988-06-27,131.0,131.0,131.0,131.0,0.0,0.0,28031000.0
1988-06-28,131.0,131.0,131.0,131.0,0.0,0.0,28031000.0
1988-06-29,131.0,131.0,131.0,131.0,0.0,0.0,28031000.0
1988-06-30,145.0,145.0,145.0,145.0,0.0,1.0,28031000.0
1988-07-01,141.0,141.0,141.0,141.0,0.0,1.0,28031000.0
1988-07-04,138.0,138.0,138.0,138.0,0.0,1.0,28031000.0
1988-07-05,136.0,136.0,136.0,136.0,0.0,1.0,28031000.0
1988-07-06,135.0,135.0,135.0,135.0,0.0,1.0,28031000.0
1988-07-07,143.0,143.0,143.0,143.0,0.0,1.0,28031000.0
1988-07-08,138.0,138.0,138.0,138.0,0.0,1.0,28031000.0
1988-07-11,138.0,138.0,138.0,138.0,0.0,0.0,28031000.0
1988-07-12,113.0,113.0,113.0,113.0,0.0,1.0,28031000.0
1988-07-13,115.0,115.0,115.0,115.0,0.0,1.0,28031000.0
1988-07-14,111.0,111.0,111.0,111.0,0.0,1.0,28031000.0
1988-07-15,110.0,110.0,110.0,110.0,0.0,1.0,28031000.0
1988-07-18,109.0,109.0,109.0,109.0,0.0,1.0,28031000.0
1988-07-19,111.0,111.0,111.0,111.0,0.0,1.0,28031000.0
1988-07-20,113.0,113.0,113.0,113.0,0.0,1.0,28031000.0
1988-07-21,116.0,116.0,116.0,116.0,0.0,1.0,28031000.0
1988-07-22,120.0,120.0,120.0,120.0,0.0,1.0,28031000.0
1988-07-25,120.0,120.0,120.0,120.0,0.0,0.0,28031000.0
1988-07-26,121.0,121.0,121.0,121.0,0.0,1.0,28031000.0
1988-07-27,120.0,120.0,120.0,120.0,0.0,1.0,28031000.0
1988-07-28,118.0,118.0,118.0,118.0,0.0,1.0,28031000.0
1988-07-29,116.0,116.0,116.0,116.0,0.0,1.0,28031000.0
1988-08-01,118.0,118.0,118.0,118.0,0.0,1.0,28031000.0
1988-08-02,116.0,116.0,116.0,116.0,0.0,1.0,28031000.0
1988-08-03,116.0,116.0,116.0,116.0,0.0,0.0,28031000.0
1988-08-04,116.0,116.0,116.0,116.0,0.0,0.0,28031000.0
1988-08-05,116.0,116.0,116.0,116.0,0.0,0.0,28031000.0
1988-08-08,116.0,116.0,116.0,116.0,0.0,0.0,28031000.0
1988-08-09,116.0,116.0,116.0,116.0,0.0,0.0,28031000.0
1988-08-10,116.0,116.0,116.0,116.0,0.0,0.0,28031000.0
1988-08-11,116.0,116.0,116.0,116.0,0.0,0.0,28031000.0
1988-08-12,116.0,116.0,116.0,116.0,0.0,0.0,28031000.0
1988-08-15,115.0,115.0,115.0,115.0,0.0,1.0,28031000.0
1988-08-16,115.0,115.0,115.0,115.0,0.0,0.0,28031000.0
1988-08-17,115.0,115.0,115.0,115.0,0.0,0.0,28031000.0
1988-08-18,114.0,114.0,114.0,114.0,0.0,1.0,28031000.0
1988-08-19,115.0,115.0,115.0,115.0,0.0,1.0,28031000.0
1988-08-22,113.0,113.0,113.0,113.0,0.0,1.0,28031000.0
1988-08-23,113.0,113.0,113.0,113.0,0.0,0.0,28031000.0
1988-08-24,113.0,113.0,113.0,113.0,0.0,0.0,28031000.0
1988-08-25,107.0,107.0,107.0,107.0,0.0,1.0,28031000.0
1988-08-26,106.0,106.0,106.0,106.0,0.0,1.0,28031000.0
1988-08-29,106.0,106.0,106.0,106.0,0.0,0.0,28031000.0
1988-08-30,100.0,100.0,100.0,100.0,0.0,1.0,28031000.0
1988-08-31,100.0,100.0,100.0,100.0,0.0,0.0,28031000.0
1988-09-01,100.0,100.0,100.0,100.0,0.0,0.0,28031000.0
1988-09-02,101.0,101.0,101.0,101.0,0.0,1.0,28031000.0
1988-09-05,105.0,105.0,105.0,105.0,0.0,1.0,28031000.0
1988-09-06,104.0,104.0,104.0,104.0,0.0,1.0,28031000.0
1988-09-07,104.0,104.0,104.0,104.0,0.0,0.0,28031000.0
1988-09-08,104.0,104.0,104.0,104.0,0.0,0.0,28031000.0
1988-09-09,103.0,103.0,103.0,103.0,0.0,1.0,28031000.0
1988-09-12,104.0,104.0,104.0,104.0,0.0,1.0,28031000.0
1988-09-13,104.0,104.0,104.0,104.0,0.0,0.0,28031000.0
1988-09-14,106.0,106.0,106.0,106.0,0.0,1.0,28031000.0
1988-09-15,106.0,106.0,106.0,106.0,0.0,0.0,28031000.0
1988-09-16,106.0,106.0,106.0,106.0,0.0,0.0,28031000.0
1988-09-19,106.0,106.0,106.0,106.0,0.0,0.0,28031000.0
1988-09-20,106.0,106.0,106.0,106.0,0.0,0.0,28031000.0
1988-09-21,107.0,107.0,107.0,107.0,0.0,1.0,28031000.0
1988-09-22,107.0,107.0,107.0,107.0,0.0,0.0,28031000.0
1988-09-23,107.0,107.0,107.0,107.0,0.0,0.0,28031000.0
1988-09-26,106.0,106.0,106.0,106.0,0.0,1.0,28031000.0
1988-09-27,107.0,107.0,107.0,107.0,0.0,1.0,28031000.0
1988-09-28,106.0,106.0,106.0,106.0,0.0,1.0,28031000.0
1988-09-29,106.0,106.0,106.0,106.0,0.0,0.0,28031000.0
1988-09-30,106.0,106.0,106.0,106.0,0.0,0.0,28031000.0
1988-10-03,106.0,106.0,106.0,106.0,0.0,0.0,28031000.0
1988-10-04,106.0,106.0,106.0,106.0,0.0,0.0,28031000.0
1988-10-05,106.0,106.0,106.0,106.0,0.0,0.0,28031000.0
1988-10-06,106.0,106.0,106.0,106.0,0.0,0.0,28031000.0
1988-10-07,106.0,106.0,106.0,106.0,0.0,0.0,28031000.0
1988-10-10,107.0,107.0,107.0,107.0,0.0,1.0,28031000.0
1988-10-11,107.0,107.0,107.0,107.0,0.0,0.0,28031000.0
1988-10-12,107.0,107.0,107.0,107.0,0.0,0.0,28031000.0
1988-10-13,110.0,110.0,110.0,110.0,0.0,1.0,28031000.0
1988-10-14,110.0,110.0,110.0,110.0,0.0,0.0,28031000.0
1988-10-17,112.0,112.0,112.0,112.0,0.0,1.0,28031000.0
1988-10-18,112.0,112.0,112.0,112.0,0.0,0.0,28031000.0
1988-10-19,113.0,113.0,113.0,113.0,0.0,1.0,28031000.0
1988-10-20,112.0,112.0,112.0,112.0,0.0,1.0,28031000.0
1988-10-21,111.0,111.0,111.0,111.0,0.0,1.0,28031000.0
1988-10-24,111.0,111.0,111.0,111.0,0.0,0.0,28031000.0
1988-10-25,110.0,110.0,110.0,110.0,0.0,1.0,28031000.0
1988-10-26,110.0,110.0,110.0,110.0,0.0,0.0,28031000.0
1988-10-27,109.0,109.0,109.0,109.0,0.0,1.0,28031000.0
1988-10-28,108.0,108.0,108.0,108.0,0.0,1.0,28031000.0
1988-10-31,108.0,108.0,108.0,108.0,0.0,0.0,28031000.0
1988-11-01,108.0,108.0,108.0,108.0,0.0,0.0,28031000.0
1988-11-02,108.0,108.0,108.0,108.0,0.0,0.0,28031000.0
1988-11-03,108.0,108.0,108.0,108.0,0.0,0.0,28031000.0
1988-11-04,107.0,107.0,107.0,107.0,0.0,1.0,28031000.0
1988-11-07,106.0,106.0,106.0,106.0,0.0,1.0,28031000.0
1988-11-08,105.0,105.0,105.0,105.0,0.0,1.0,28031000.0
1988-11-09,105.0,105.0,105.0,105.0,0.0,0.0,28031000.0
1988-11-10,104.0,104.0,104.0,104.0,0.0,1.0,28031000.0
1988-11-11,102.0,102.0,102.0,102.0,0.0,1.0,28031000.0
1988-11-14,101.0,101.0,101.0,101.0,0.0,1.0,28031000.0
1988-11-15,101.0,101.0,101.0,101.0,0.0,0.0,28031000.0
1988-11-16,101.0,101.0,101.0,101.0,0.0,0.0,28031000.0
1988-11-17,102.0,102.0,102.0,102.0,0.0,1.0,28031000.0
1988-11-18,102.0,102.0,102.0,102.0,0.0,0.0,28031000.0
1988-11-21,103.0,103.0,103.0,103.0,0.0,1.0,28031000.0
1988-11-22,103.0,103.0,103.0,103.0,0.0,0.0,28031000.0
1988-11-23,106.0,106.0,106.0,106.0,0.0,1.0,28031000.0
1988-11-24,107.0,107.0,107.0,107.0,0.0,1.0,28031000.0
1988-11-25,105.0,105.0,105.0,105.0,0.0,1.0,28031000.0
1988-11-28,106.0,106.0,106.0,106.0,0.0,1.0,28031000.0
1988-11-29,106.0,106.0,106.0,106.0,0.0,0.0,28031000.0
1988-11-30,107.0,107.0,107.0,107.0,0.0,1.0,28031000.0
1988-12-01,108.0,108.0,108.0,108.0,0.0,1.0,28031000.0
1988-12-02,108.0,108.0,108.0,108.0,0.0,0.0,28031000.0
1988-12-05,107.0,107.0,107.0,107.0,0.0,1.0,28031000.0
1988-12-06,107.0,107.0,107.0,107.0,0.0,0.0,28031000.0
1988-12-07,107.0,107.0,107.0,107.0,0.0,0.0,28031000.0
1988-12-08,103.0,103.0,103.0,103.0,0.0,1.0,28031000.0
1988-12-09,103.0,103.0,103.0,103.0,0.0,0.0,28031000.0
1988-12-12,101.0,101.0,101.0,101.0,0.0,1.0,28031000.0
1988-12-13,101.0,101.0,101.0,101.0,0.0,0.0,28031000.0
1988-12-14,109.0,109.0,109.0,109.0,0.0,1.0,28031000.0
1988-12-15,117.0,117.0,117.0,117.0,0.0,1.0,28031000.0
1988-12-16,118.0,118.0,118.0,118.0,0.0,1.0,28031000.0
1988-12-19,117.0,117.0,117.0,117.0,0.0,1.0,28031000.0
1988-12-20,115.0,115.0,115.0,115.0,0.0,1.0,28031000.0
1988-12-21,124.0,124.0,124.0,124.0,0.0,1.0,28031000.0
1988-12-22,122.0,122.0,122.0,122.0,0.0,1.0,28031000.0
1988-12-23,124.0,124.0,124.0,124.0,0.0,1.0,28031000.0
1988-12-26,124.0,124.0,124.0,124.0,0.0,0.0,28031000.0
1988-12-27,124.0,124.0,124.0,124.0,0.0,0.0,28031000.0
1988-12-28,130.0,130.0,130.0,130.0,0.0,1.0,28031000.0
1988-12-29,136.0,136.0,136.0,136.0,0.0,1.0,28031000.0
1988-12-30,139.0,139.0,139.0,139.0,0.0,1.0,28031000.0
1989-01-02,139.0,139.0,139.0,139.0,0.0,0.0,28031000.0
1989-01-03,136.0,136.0,136.0,136.0,0.0,1.0,28031000.0
1989-01-04,133.0,133.0,133.0,133.0,0.0,1.0,28031000.0
1989-01-05,131.0,131.0,131.0,131.0,0.0,1.0,28031000.0
1989-01-06,130.0,130.0,130.0,130.0,0.0,1.0,28031000.0
1989-01-09,130.0,130.0,130.0,130.0,0.0,0.0,28031000.0
1989-01-10,130.0,130.0,130.0,130.0,0.0,0.0,28031000.0
1989-01-11,130.0,130.0,130.0,130.0,0.0,0.0,28031000.0
1989-01-12,130.0,130.0,130.0,130.0,0.0,0.0,28031000.0
1989-01-13,128.0,128.0,128.0,128.0,0.0,1.0,28031000.0
1989-01-16,127.0,127.0,127.0,127.0,0.0,1.0,28031000.0
1989-01-17,126.0,126.0,126.0,126.0,0.0,1.0,28031000.0
1989-01-18,127.0,127.0,127.0,127.0,0.0,1.0,28112000.0
1989-01-19,126.0,126.0,126.0,126.0,0.0,1.0,28112000.0
1989-01-20,127.0,127.0,127.0,127.0,0.0,1.0,28112000.0
1989-01-23,127.0,127.0,127.0,127.0,0.0,0.0,28112000.0
1989-01-24,127.0,127.0,127.0,127.0,0.0,0.0,28112000.0
1989-01-25,127.0,127.0,127.0,127.0,0.0,0.0,28112000.0
1989-01-26,127.0,127.0,127.0,127.0,0.0,0.0,28112000.0
1989-01-27,127.0,127.0,127.0,127.0,0.0,0.0,28112000.0
1989-01-30,127.0,127.0,127.0,127.0,0.0,0.0,28112000.0
1989-01-31,127.0,127.0,127.0,127.0,0.0,0.0,28112000.0
1989-02-01,128.0,128.0,128.0,128.0,0.0,1.0,28112000.0
1989-02-02,128.0,128.0,128.0,128.0,0.0,0.0,28112000.0
1989-02-03,128.0,128.0,128.0,128.0,0.0,0.0,28112000.0
1989-02-06,128.0,128.0,128.0,128.0,0.0,0.0,28112000.0
1989-02-07,128.0,128.0,128.0,128.0,0.0,0.0,28112000.0
1989-02-08,129.0,129.0,129.0,129.0,0.0,1.0,28112000.0
1989-02-09,130.0,130.0,130.0,130.0,0.0,1.0,28112000.0
1989-02-10,129.0,129.0,129.0,129.0,0.0,1.0,28112000.0
1989-02-13,129.0,129.0,129.0,129.0,0.0,0.0,28112000.0
1989-02-14,132.0,132.0,132.0,132.0,0.0,1.0,28112000.0
1989-02-15,133.0,133.0,133.0,133.0,0.0,1.0,28112000.0
1989-02-16,133.0,133.0,133.0,133.0,0.0,0.0,28112000.0
1989-02-17,133.0,133.0,133.0,133.0,0.0,0.0,28112000.0
1989-02-20,134.0,134.0,134.0,134.0,0.0,1.0,28112000.0
1989-02-21,134.0,134.0,134.0,134.0,0.0,0.0,28112000.0
1989-02-22,134.0,134.0,134.0,134.0,0.0,0.0,28112000.0
1989-02-23,134.0,134.0,134.0,134.0,0.0,0.0,28112000.0
1989-02-24,134.0,134.0,134.0,134.0,0.0,0.0,28112000.0
1989-02-27,134.0,134.0,134.0,134.0,0.0,0.0,28112000.0
1989-02-28,134.0,134.0,134.0,134.0,0.0,0.0,28112000.0
1989-03-01,138.0,138.0,138.0,138.0,0.0,1.0,28112000.0
1989-03-02,138.0,138.0,138.0,138.0,0.0,0.0,28112000.0
1989-03-03,138.0,138.0,138.0,138.0,0.0,0.0,28112000.0
1989-03-06,141.0,141.0,141.0,141.0,0.0,1.0,28112000.0
1989-03-07,146.0,146.0,146.0,146.0,0.0,1.0,28112000.0
1989-03-08,148.0,148.0,148.0,148.0,0.0,1.0,28112000.0
1989-03-09,146.0,146.0,146.0,146.0,0.0,1.0,28112000.0
1989-03-10,146.0,146.0,146.0,146.0,0.0,0.0,28112000.0
1989-03-13,146.0,146.0,146.0,146.0,0.0,0.0,28112000.0
1989-03-14,147.0,147.0,147.0,147.0,0.0,1.0,28112000.0
1989-03-15,147.0,147.0,147.0,147.0,0.0,0.0,28112000.0
1989-03-16,150.0,150.0,150.0,150.0,0.0,1.0,28112000.0
1989-03-17,165.0,165.0,165.0,165.0,0.0,1.0,28112000.0
1989-03-20,170.0,170.0,170.0,170.0,0.0,1.0,28112000.0
1989-03-21,186.0,186.0,186.0,186.0,0.0,1.0,28112000.0
1989-03-22,241.0,241.0,241.0,241.0,0.0,1.0,28112000.0
1989-03-23,229.0,229.0,229.0,229.0,0.0,1.0,28112000.0
1989-03-24,229.0,229.0,229.0,229.0,0.0,0.0,28112000.0
1989-03-27,229.0,229.0,229.0,229.0,0.0,0.0,28112000.0
1989-03-28,228.0,228.0,228.0,228.0,0.0,1.0,28112000.0
1989-03-29,220.0,220.0,220.0,220.0,0.0,1.0,28112000.0
1989-03-30,218.0,218.0,218.0,218.0,0.0,1.0,28112000.0
1989-03-31,226.0,226.0,226.0,226.0,0.0,1.0,28112000.0
1989-04-03,226.0,226.0,226.0,226.0,0.0,0.0,28112000.0
1989-04-04,225.0,225.0,225.0,225.0,0.0,1.0,28112000.0
1989-04-05,223.0,223.0,223.0,223.0,0.0,1.0,28112000.0
1989-04-06,220.0,220.0,220.0,220.0,0.0,1.0,28112000.0
1989-04-07,218.0,218.0,218.0,218.0,0.0,1.0,28435000.0
1989-04-10,216.0,216.0,216.0,216.0,0.0,1.0,28435000.0
1989-04-11,215.0,215.0,215.0,215.0,0.0,1.0,28435000.0
1989-04-12,210.0,210.0,210.0,210.0,0.0,1.0,28435000.0
1989-04-13,211.0,211.0,211.0,211.0,0.0,1.0,28435000.0
1989-04-14,215.0,215.0,215.0,215.0,0.0,1.0,28435000.0
1989-04-17,215.0,215.0,215.0,215.0,0.0,0.0,28435000.0
1989-04-18,212.0,212.0,212.0,212.0,0.0,1.0,28435000.0
1989-04-19,210.0,210.0,210.0,210.0,0.0,1.0,28435000.0
1989-04-20,210.0,210.0,210.0,210.0,0.0,0.0,28435000.0
1989-04-21,210.0,210.0,210.0,210.0,0.0,0.0,28435000.0
1989-04-24,210.0,210.0,210.0,210.0,0.0,0.0,28435000.0
1989-04-25,210.0,210.0,210.0,210.0,0.0,0.0,28435000.0
1989-04-26,210.0,210.0,210.0,210.0,0.0,0.0,28435000.0
1989-04-27,210.0,210.0,210.0,210.0,0.0,0.0,28435000.0
1989-04-28,208.0,208.0,208.0,208.0,0.0,1.0,28598000.0
1989-05-01,208.0,208.0,208.0,208.0,0.0,0.0,28598000.0
1989-05-02,208.0,208.0,208.0,208.0,0.0,0.0,28598000.0
1989-05-03,208.0,208.0,208.0,208.0,0.0,0.0,28598000.0
1989-05-04,208.0,208.0,208.0,208.0,0.0,0.0,28598000.0
1989-05-05,206.0,206.0,206.0,206.0,0.0,1.0,28598000.0
1989-05-08,206.0,206.0,206.0,206.0,0.0,0.0,28598000.0
1989-05-09,205.0,205.0,205.0,205.0,0.0,1.0,28598000.0
1989-05-10,205.0,205.0,205.0,205.0,0.0,0.0,28598000.0
1989-05-11,205.0,205.0,205.0,205.0,0.0,0.0,28598000.0
1989-05-12,205.0,205.0,205.0,205.0,0.0,0.0,28598000.0
1989-05-15,205.0,205.0,205.0,205.0,0.0,0.0,28598000.0
1989-05-16,205.0,205.0,205.0,205.0,0.0,0.0,28598000.0
1989-05-17,205.0,205.0,205.0,205.0,0.0,0.0,28598000.0
1989-05-18,205.0,205.0,205.0,205.0,0.0,0.0,28598000.0
1989-05-19,203.0,203.0,203.0,203.0,0.0,1.0,28598000.0
1989-05-22,203.0,203.0,203.0,203.0,0.0,0.0,28598000.0
1989-05-23,203.0,203.0,203.0,203.0,0.0,0.0,28598000.0
1989-05-24,201.0,201.0,201.0,201.0,0.0,1.0,28598000.0
1989-05-25,201.0,201.0,201.0,201.0,0.0,0.0,28598000.0
1989-05-26,201.0,201.0,201.0,201.0,0.0,0.0,28598000.0
1989-05-29,201.0,201.0,201.0,201.0,0.0,0.0,28598000.0
1989-05-30,201.0,201.0,201.0,201.0,0.0,0.0,28598000.0
1989-05-31,201.0,201.0,201.0,201.0,0.0,0.0,28598000.0
1989-06-01,201.0,201.0,201.0,201.0,0.0,0.0,28598000.0
1989-06-02,196.0,196.0,196.0,196.0,0.0,1.0,28598000.0
1989-06-05,196.0,196.0,196.0,196.0,0.0,0.0,28598000.0
1989-06-06,195.0,195.0,195.0,195.0,0.0,1.0,28598000.0
1989-06-07,195.0,195.0,195.0,195.0,0.0,0.0,28598000.0
1989-06-08,195.0,195.0,195.0,195.0,0.0,0.0,28598000.0
1989-06-09,196.0,196.0,196.0,196.0,0.0,1.0,28598000.0
1989-06-12,195.0,195.0,195.0,195.0,0.0,1.0,28598000.0
1989-06-13,193.0,193.0,193.0,193.0,0.0,1.0,28598000.0
1989-06-14,191.0,191.0,191.0,191.0,0.0,1.0,28598000.0
1989-06-15,191.0,191.0,191.0,191.0,0.0,0.0,28598000.0
1989-06-16,183.0,183.0,183.0,183.0,0.0,1.0,28598000.0
1989-06-19,180.0,180.0,180.0,180.0,0.0,1.0,28598000.0
1989-06-20,176.0,176.0,176.0,176.0,0.0,1.0,28598000.0
1989-06-21,176.0,176.0,176.0,176.0,0.0,0.0,28598000.0
1989-06-22,176.0,176.0,176.0,176.0,0.0,0.0,28598000.0
1989-06-23,176.0,176.0,176.0,176.0,0.0,0.0,28598000.0
1989-06-26,176.0,176.0,176.0,176.0,0.0,0.0,28598000.0
1989-06-27,176.0,176.0,176.0,176.0,0.0,0.0,28598000.0
1989-06-28,176.0,176.0,176.0,176.0,0.0,0.0,28598000.0
1989-06-29,176.0,176.0,176.0,176.0,0.0,0.0,28598000.0
1989-06-30,176.0,176.0,176.0,176.0,0.0,0.0,28598000.0
1989-07-03,176.0,176.0,176.0,176.0,0.0,0.0,28598000.0
1989-07-04,175.0,175.0,175.0,175.0,0.0,1.0,28598000.0
1989-07-05,175.0,175.0,175.0,175.0,0.0,0.0,28598000.0
1989-07-06,175.0,175.0,175.0,175.0,0.0,0.0,28598000.0
1989-07-07,175.0,175.0,175.0,175.0,0.0,0.0,28598000.0
1989-07-10,175.0,175.0,175.0,175.0,0.0,0.0,28598000.0
1989-07-11,175.0,175.0,175.0,175.0,0.0,0.0,28598000.0
1989-07-12,175.0,175.0,175.0,175.0,0.0,0.0,28598000.0
1989-07-13,171.0,171.0,171.0,171.0,0.0,1.0,28598000.0
1989-07-14,171.0,171.0,171.0,171.0,0.0,0.0,28598000.0
1989-07-17,169.0,169.0,169.0,169.0,0.0,1.0,28598000.0
1989-07-18,170.0,170.0,170.0,170.0,0.0,1.0,28598000.0
1989-07-19,169.0,169.0,169.0,169.0,0.0,1.0,28598000.0
1989-07-20,171.0,171.0,171.0,171.0,0.0,1.0,28615000.0
1989-07-21,170.0,170.0,170.0,170.0,0.0,1.0,28615000.0
1989-07-24,172.0,172.0,172.0,172.0,0.0,1.0,28615000.0
1989-07-25,173.0,173.0,173.0,173.0,0.0,1.0,28615000.0
1989-07-26,173.0,173.0,173.0,173.0,0.0,0.0,28615000.0
1989-07-27,173.0,173.0,173.0,173.0,0.0,0.0,28615000.0
1989-07-28,173.0,173.0,173.0,173.0,0.0,0.0,28615000.0
1989-07-31,173.0,173.0,173.0,173.0,0.0,0.0,28615000.0
1989-08-01,172.0,172.0,172.0,172.0,0.0,1.0,28615000.0
1989-08-02,171.0,171.0,171.0,171.0,0.0,1.0,28615000.0
1989-08-03,171.0,171.0,171.0,171.0,0.0,0.0,28615000.0
1989-08-04,171.0,171.0,171.0,171.0,0.0,0.0,28615000.0
1989-08-07,171.0,171.0,171.0,171.0,0.0,0.0,28615000.0
1989-08-08,171.0,171.0,171.0,171.0,0.0,0.0,28615000.0
1989-08-09,171.0,171.0,171.0,171.0,0.0,0.0,28615000.0
1989-08-10,171.0,171.0,171.0,171.0,0.0,0.0,28615000.0
1989-08-11,170.0,170.0,170.0,170.0,0.0,1.0,28615000.0
1989-08-14,170.0,170.0,170.0,170.0,0.0,0.0,28615000.0
1989-08-15,170.0,170.0,170.0,170.0,0.0,0.0,28615000.0
1989-08-16,170.0,170.0,170.0,170.0,0.0,0.0,28615000.0
1989-08-17,170.0,170.0,170.0,170.0,0.0,0.0,28615000.0
1989-08-18,170.0,170.0,170.0,170.0,0.0,0.0,28615000.0
1989-08-21,170.0,170.0,170.0,170.0,0.0,0.0,28615000.0
1989-08-22,170.0,170.0,170.0,170.0,0.0,0.0,28615000.0
1989-08-23,170.0,170.0,170.0,170.0,0.0,0.0,28615000.0
1989-08-24,170.0,170.0,170.0,170.0,0.0,0.0,28615000.0
1989-08-25,170.0,170.0,170.0,170.0,0.0,0.0,28615000.0
1989-08-28,170.0,170.0,170.0,170.0,0.0,0.0,28615000.0
1989-08-29,170.0,170.0,170.0,170.0,0.0,0.0,28615000.0
1989-08-30,170.0,170.0,170.0,170.0,0.0,0.0,28615000.0
1989-08-31,168.0,168.0,168.0,168.0,0.0,1.0,28615000.0
1989-09-01,166.0,166.0,166.0,166.0,0.0,1.0,28615000.0
1989-09-04,166.0,166.0,166.0,166.0,0.0,0.0,28615000.0
1989-09-05,166.0,166.0,166.0,166.0,0.0,0.0,28615000.0
1989-09-06,166.0,166.0,166.0,166.0,0.0,0.0,28615000.0
1989-09-07,166.0,166.0,166.0,166.0,0.0,0.0,28615000.0
1989-09-08,166.0,166.0,166.0,166.0,0.0,0.0,28615000.0
1989-09-11,166.0,166.0,166.0,166.0,0.0,0.0,28615000.0
1989-09-12,166.0,166.0,166.0,166.0,0.0,0.0,28615000.0
1989-09-13,168.0,168.0,168.0,168.0,0.0,1.0,28615000.0
1989-09-14,170.0,170.0,170.0,170.0,0.0,1.0,28615000.0
1989-09-15,170.0,170.0,170.0,170.0,0.0,0.0,28615000.0
1989-09-18,173.0,173.0,173.0,173.0,0.0,1.0,28646000.0
1989-09-19,171.0,171.0,171.0,171.0,0.0,1.0,28646000.0
1989-09-20,171.0,171.0,171.0,171.0,0.0,0.0,28646000.0
1989-09-21,171.0,171.0,171.0,171.0,0.0,0.0,28646000.0
1989-09-22,171.0,171.0,171.0,171.0,0.0,0.0,28646000.0
1989-09-25,168.0,168.0,168.0,168.0,0.0,1.0,28646000.0
1989-09-26,168.0,168.0,168.0,168.0,0.0,0.0,28646000.0
1989-09-27,166.0,166.0,166.0,166.0,0.0,1.0,28646000.0
1989-09-28,161.0,161.0,161.0,161.0,0.0,1.0,28646000.0
1989-09-29,160.0,160.0,160.0,160.0,0.0,1.0,28646000.0
1989-10-02,160.0,160.0,160.0,160.0,0.0,0.0,28646000.0
1989-10-03,160.0,160.0,160.0,160.0,0.0,0.0,28646000.0
1989-10-04,156.0,156.0,156.0,156.0,0.0,1.0,28646000.0
1989-10-05,153.0,153.0,153.0,153.0,0.0,1.0,28646000.0
1989-10-06,150.0,150.0,150.0,150.0,0.0,1.0,28652000.0
1989-10-09,150.0,150.0,150.0,150.0,0.0,0.0,28652000.0
1989-10-10,150.0,150.0,150.0,150.0,0.0,0.0,28652000.0
1989-10-11,148.0,148.0,148.0,148.0,0.0,1.0,28652000.0
1989-10-12,145.0,145.0,145.0,145.0,0.0,1.0,28652000.0
1989-10-13,145.0,145.0,145.0,145.0,0.0,0.0,28652000.0
1989-10-16,128.0,128.0,128.0,128.0,0.0,1.0,28652000.0
1989-10-17,126.0,126.0,126.0,126.0,0.0,1.0,28652000.0
1989-10-18,129.0,129.0,129.0,129.0,0.0,1.0,28652000.0
1989-10-19,130.0,130.0,130.0,130.0,0.0,1.0,28652000.0
1989-10-20,130.0,130.0,130.0,130.0,0.0,0.0,28652000.0
1989-10-23,130.0,130.0,130.0,130.0,0.0,0.0,28652000.0
1989-10-24,130.0,130.0,130.0,130.0,0.0,0.0,28652000.0
1989-10-25,131.0,131.0,131.0,131.0,0.0,1.0,28652000.0
1989-10-26,131.0,131.0,131.0,131.0,0.0,0.0,28652000.0
1989-10-27,123.0,123.0,123.0,123.0,0.0,1.0,28652000.0
1989-10-30,125.0,125.0,125.0,125.0,0.0,1.0,28652000.0
1989-10-31,125.0,125.0,125.0,125.0,0.0,0.0,28652000.0
1989-11-01,125.0,125.0,125.0,125.0,0.0,0.0,28652000.0
1989-11-02,126.0,126.0,126.0,126.0,0.0,1.0,28652000.0
1989-11-03,125.0,125.0,125.0,125.0,0.0,1.0,28652000.0
1989-11-06,126.0,126.0,126.0,126.0,0.0,1.0,28652000.0
1989-11-07,125.0,125.0,125.0,125.0,0.0,1.0,28652000.0
1989-11-08,130.0,130.0,130.0,130.0,0.0,1.0,28652000.0
1989-11-09,128.0,128.0,128.0,128.0,0.0,1.0,28652000.0
1989-11-10,130.0,130.0,130.0,130.0,0.0,1.0,28652000.0
1989-11-13,128.0,128.0,128.0,128.0,0.0,1.0,28652000.0
1989-11-14,128.0,128.0,128.0,128.0,0.0,0.0,28652000.0
1989-11-15,130.0,130.0,130.0,130.0,0.0,1.0,28652000.0
1989-11-16,136.0,136.0,136.0,136.0,0.0,1.0,28652000.0
1989-11-17,140.0,140.0,140.0,140.0,0.0,1.0,28652000.0
1989-11-20,137.0,137.0,137.0,137.0,0.0,1.0,28652000.0
1989-11-21,138.0,138.0,138.0,138.0,0.0,1.0,28652000.0
1989-11-22,138.0,138.0,138.0,138.0,0.0,0.0,28652000.0
1989-11-23,136.0,136.0,136.0,136.0,0.0,1.0,28652000.0
1989-11-24,135.0,135.0,135.0,135.0,0.0,1.0,28652000.0
1989-11-27,135.0,135.0,135.0,135.0,0.0,0.0,28652000.0
1989-11-28,135.0,135.0,135.0,135.0,0.0,0.0,28652000.0
1989-11-29,135.0,135.0,135.0,135.0,0.0,0.0,28652000.0
1989-11-30,135.0,135.0,135.0,135.0,0.0,0.0,28652000.0
1989-12-01,135.0,135.0,135.0,135.0,0.0,0.0,28652000.0
1989-12-04,135.0,135.0,135.0,135.0,0.0,0.0,28652000.0
1989-12-05,134.0,134.0,134.0,134.0,0.0,1.0,28653000.0
1989-12-06,134.0,134.0,134.0,134.0,0.0,0.0,28653000.0
1989-12-07,134.0,134.0,134.0,134.0,0.0,0.0,28653000.0
1989-12-08,134.0,134.0,134.0,134.0,0.0,0.0,28653000.0
1989-12-11,133.0,133.0,133.0,133.0,0.0,1.0,28653000.0
1989-12-12,134.0,134.0,134.0,134.0,0.0,1.0,28653000.0
1989-12-13,135.0,135.0,135.0,135.0,0.0,1.0,28653000.0
1989-12-14,135.0,135.0,135.0,135.0,0.0,0.0,28653000.0
1989-12-15,135.0,135.0,135.0,135.0,0.0,0.0,28653000.0
1989-12-18,135.0,135.0,135.0,135.0,0.0,0.0,28653000.0
1989-12-19,135.0,135.0,135.0,135.0,0.0,0.0,28653000.0
1989-12-20,135.0,135.0,135.0,135.0,0.0,0.0,28653000.0
1989-12-21,135.0,135.0,135.0,135.0,0.0,0.0,28653000.0
1989-12-22,135.0,135.0,135.0,135.0,0.0,0.0,28653000.0
1989-12-25,135.0,135.0,135.0,135.0,0.0,0.0,28653000.0
1989-12-26,135.0,135.0,135.0,135.0,0.0,0.0,28653000.0
1989-12-27,135.0,135.0,135.0,135.0,0.0,0.0,28653000.0
1989-12-28,135.0,135.0,135.0,135.0,0.0,0.0,28653000.0
1989-12-29,136.0,136.0,136.0,136.0,0.0,1.0,28653000.0
1990-01-01,136.0,136.0,136.0,136.0,0.0,0.0,28653000.0
1990-01-02,136.0,136.0,136.0,136.0,0.0,0.0,28653000.0
1990-01-03,137.0,137.0,137.0,137.0,0.0,1.0,28653000.0
1990-01-04,141.0,141.0,141.0,141.0,0.0,1.0,28653000.0
1990-01-05,141.0,141.0,141.0,141.0,0.0,0.0,28653000.0
1990-01-08,142.0,142.0,142.0,142.0,0.0,1.0,28653000.0
1990-01-09,143.0,143.0,143.0,143.0,0.0,1.0,28653000.0
1990-01-10,143.0,143.0,143.0,143.0,0.0,0.0,28653000.0
1990-01-11,143.0,143.0,143.0,143.0,0.0,0.0,28653000.0
1990-01-12,143.0,143.0,143.0,143.0,0.0,0.0,28653000.0
1990-01-15,143.0,143.0,143.0,143.0,0.0,0.0,28653000.0
1990-01-16,143.0,143.0,143.0,143.0,0.0,0.0,28653000.0
1990-01-17,144.0,144.0,144.0,144.0,0.0,1.0,28653000.0
1990-01-18,145.0,145.0,145.0,145.0,0.0,1.0,28653000.0
1990-01-19,145.0,145.0,145.0,145.0,0.0,0.0,28653000.0
1990-01-22,145.0,145.0,145.0,145.0,0.0,0.0,28653000.0
1990-01-23,145.0,145.0,145.0,145.0,0.0,0.0,28653000.0
1990-01-24,146.0,146.0,146.0,146.0,0.0,1.0,28653000.0
1990-01-25,146.0,146.0,146.0,146.0,0.0,0.0,28653000.0
1990-01-26,146.0,146.0,146.0,146.0,0.0,0.0,28653000.0
1990-01-29,146.0,146.0,146.0,146.0,0.0,0.0,28653000.0
1990-01-30,146.0,146.0,146.0,146.0,0.0,0.0,28653000.0
1990-01-31,146.0,146.0,146.0,146.0,0.0,0.0,28653000.0
1990-02-01,146.0,146.0,146.0,146.0,0.0,0.0,28653000.0
1990-02-02,146.0,146.0,146.0,146.0,0.0,0.0,28653000.0
1990-02-05,146.0,146.0,146.0,146.0,0.0,0.0,28653000.0
1990-02-06,146.0,146.0,146.0,146.0,0.0,0.0,28653000.0
1990-02-07,146.0,146.0,146.0,146.0,0.0,0.0,28653000.0
1990-02-08,146.0,146.0,146.0,146.0,0.0,0.0,28653000.0
1990-02-09,145.0,145.0,145.0,145.0,0.0,1.0,28653000.0
1990-02-12,143.0,143.0,143.0,143.0,0.0,1.0,28653000.0
1990-02-13,143.0,143.0,143.0,143.0,0.0,0.0,28653000.0
1990-02-14,143.0,143.0,143.0,143.0,0.0,0.0,28653000.0
1990-02-15,143.0,143.0,143.0,143.0,0.0,0.0,28653000.0
1990-02-16,143.0,143.0,143.0,143.0,0.0,0.0,28653000.0
1990-02-19,143.0,143.0,143.0,143.0,0.0,0.0,28653000.0
1990-02-20,143.0,143.0,143.0,143.0,0.0,0.0,28653000.0
1990-02-21,141.0,141.0,141.0,141.0,0.0,1.0,28653000.0
1990-02-22,140.0,140.0,140.0,140.0,0.0,1.0,28653000.0
1990-02-23,138.0,138.0,138.0,138.0,0.0,1.0,28653000.0
1990-02-26,138.0,138.0,138.0,138.0,0.0,0.0,28653000.0
1990-02-27,137.0,137.0,137.0,137.0,0.0,1.0,28653000.0
1990-02-28,138.0,138.0,138.0,138.0,0.0,1.0,28653000.0
1990-03-01,138.0,138.0,138.0,138.0,0.0,0.0,28653000.0
1990-03-02,138.0,138.0,138.0,138.0,0.0,0.0,28653000.0
1990-03-05,137.0,137.0,137.0,137.0,0.0,1.0,28653000.0
1990-03-06,135.0,135.0,135.0,135.0,0.0,1.0,28653000.0
1990-03-07,132.0,132.0,132.0,132.0,0.0,1.0,28653000.0
1990-03-08,133.0,133.0,133.0,133.0,0.0,1.0,28653000.0
1990-03-09,131.0,131.0,131.0,131.0,0.0,1.0,28653000.0
1990-03-12,131.0,131.0,131.0,131.0,0.0,0.0,28653000.0
1990-03-13,131.0,131.0,131.0,131.0,0.0,0.0,28653000.0
1990-03-14,130.0,130.0,130.0,130.0,0.0,1.0,28660000.0
1990-03-15,130.0,130.0,130.0,130.0,0.0,0.0,28660000.0
1990-03-16,130.0,130.0,130.0,130.0,0.0,0.0,28660000.0
1990-03-19,130.0,130.0,130.0,130.0,0.0,0.0,28660000.0
1990-03-20,130.0,130.0,130.0,130.0,0.0,0.0,28660000.0
1990-03-21,130.0,130.0,130.0,130.0,0.0,0.0,28660000.0
1990-03-22,130.0,130.0,130.0,130.0,0.0,0.0,28660000.0
1990-03-23,130.0,130.0,130.0,130.0,0.0,0.0,28660000.0
1990-03-26,130.0,130.0,130.0,130.0,0.0,0.0,28660000.0
1990-03-27,130.0,130.0,130.0,130.0,0.0,0.0,28660000.0
1990-03-28,129.0,129.0,129.0,129.0,0.0,1.0,28660000.0
1990-03-29,130.0,130.0,130.0,130.0,0.0,1.0,28660000.0
1990-03-30,130.0,130.0,130.0,130.0,0.0,0.0,28660000.0
1990-04-02,128.0,128.0,128.0,128.0,0.0,1.0,28660000.0
1990-04-03,128.0,128.0,128.0,128.0,0.0,0.0,28660000.0
1990-04-04,128.0,128.0,128.0,128.0,0.0,0.0,28660000.0
1990-04-05,128.0,128.0,128.0,128.0,0.0,0.0,28660000.0
1990-04-06,128.0,128.0,128.0,128.0,0.0,0.0,28660000.0
1990-04-09,128.0,128.0,128.0,128.0,0.0,0.0,28660000.0
1990-04-10,128.0,128.0,128.0,128.0,0.0,0.0,28660000.0
1990-04-11,128.0,128.0,128.0,128.0,0.0,0.0,28660000.0
1990-04-12,127.0,127.0,127.0,127.0,0.0,1.0,28660000.0
1990-04-13,127.0,127.0,127.0,127.0,0.0,0.0,28660000.0
1990-04-16,127.0,127.0,127.0,127.0,0.0,0.0,28660000.0
1990-04-17,128.0,128.0,128.0,128.0,0.0,1.0,28660000.0
1990-04-18,128.0,128.0,128.0,128.0,0.0,0.0,28660000.0
1990-04-19,128.0,128.0,128.0,128.0,0.0,0.0,28660000.0
1990-04-20,128.0,128.0,128.0,128.0,0.0,0.0,28660000.0
1990-04-23,128.0,128.0,128.0,128.0,0.0,0.0,28660000.0
1990-04-24,127.0,127.0,127.0,127.0,0.0,1.0,28660000.0
1990-04-25,125.0,125.0,125.0,125.0,0.0,1.0,28660000.0
1990-04-26,124.0,124.0,124.0,124.0,0.0,1.0,28660000.0
1990-04-27,121.0,121.0,121.0,121.0,0.0,1.0,28660000.0
1990-04-30,120.0,120.0,120.0,120.0,0.0,1.0,28660000.0
1990-05-01,120.0,120.0,120.0,120.0,0.0,0.0,28660000.0
1990-05-02,120.0,120.0,120.0,120.0,0.0,0.0,28660000.0
1990-05-03,120.0,120.0,120.0,120.0,0.0,0.0,28660000.0
1990-05-04,120.0,120.0,120.0,120.0,0.0,0.0,28660000.0
1990-05-07,120.0,120.0,120.0,120.0,0.0,0.0,28660000.0
1990-05-08,120.0,120.0,120.0,120.0,0.0,0.0,28660000.0
1990-05-09,119.0,119.0,119.0,119.0,0.0,1.0,28660000.0
1990-05-10,118.0,118.0,118.0,118.0,0.0,1.0,28660000.0
1990-05-11,118.0,118.0,118.0,118.0,0.0,0.0,28660000.0
1990-05-14,118.0,118.0,118.0,118.0,0.0,0.0,28660000.0
1990-05-15,118.0,118.0,118.0,118.0,0.0,0.0,28660000.0
1990-05-16,118.0,118.0,118.0,118.0,0.0,0.0,28660000.0
1990-05-17,118.0,118.0,118.0,118.0,0.0,0.0,28660000.0
1990-05-18,118.0,118.0,118.0,118.0,0.0,0.0,28660000.0
1990-05-21,118.0,118.0,118.0,118.0,0.0,0.0,28660000.0
1990-05-22,118.0,118.0,118.0,118.0,0.0,0.0,28660000.0
1990-05-23,118.0,118.0,118.0,118.0,0.0,0.0,28660000.0
1990-05-24,118.0,118.0,118.0,118.0,0.0,0.0,28660000.0
1990-05-25,118.0,118.0,118.0,118.0,0.0,0.0,28660000.0
1990-05-28,118.0,118.0,118.0,118.0,0.0,0.0,28660000.0
1990-05-29,118.0,118.0,118.0,118.0,0.0,0.0,28660000.0
1990-05-30,118.0,118.0,118.0,118.0,0.0,0.0,28660000.0
1990-05-31,120.0,120.0,120.0,120.0,0.0,1.0,28660000.0
1990-06-01,120.0,120.0,120.0,120.0,0.0,0.0,28660000.0
1990-06-04,119.0,119.0,119.0,119.0,0.0,1.0,28660000.0
1990-06-05,119.0,119.0,119.0,119.0,0.0,0.0,28660000.0
1990-06-06,120.0,120.0,120.0,120.0,0.0,1.0,28660000.0
1990-06-07,120.0,120.0,120.0,120.0,0.0,0.0,28660000.0
1990-06-08,120.0,120.0,120.0,120.0,0.0,0.0,28660000.0
1990-06-11,120.0,120.0,120.0,120.0,0.0,0.0,28660000.0
1990-06-12,119.0,119.0,119.0,119.0,0.0,1.0,28660000.0
1990-06-13,119.0,119.0,119.0,119.0,0.0,0.0,28660000.0
1990-06-14,119.0,119.0,119.0,119.0,0.0,0.0,28660000.0
1990-06-15,119.0,119.0,119.0,119.0,0.0,0.0,28660000.0
1990-06-18,119.0,119.0,119.0,119.0,0.0,0.0,28660000.0
1990-06-19,120.0,120.0,120.0,120.0,0.0,1.0,28660000.0
1990-06-20,120.0,120.0,120.0,120.0,0.0,0.0,28660000.0
1990-06-21,119.0,119.0,119.0,119.0,0.0,1.0,28660000.0
1990-06-22,119.0,119.0,119.0,119.0,0.0,0.0,28660000.0
1990-06-25,117.0,117.0,117.0,117.0,0.0,1.0,28660000.0
1990-06-26,118.0,118.0,118.0,118.0,0.0,1.0,28660000.0
1990-06-27,115.0,115.0,115.0,115.0,0.0,1.0,28660000.0
1990-06-28,116.0,116.0,116.0,116.0,0.0,1.0,28660000.0
1990-06-29,116.0,115.0,116.0,115.0,0.0,1.0,28660000.0
1990-07-02,116.0,115.0,115.0,115.0,0.0,1.0,28660000.0
1990-07-03,115.0,115.0,115.0,115.0,0.0,0.0,28660000.0
1990-07-04,115.0,115.0,115.0,115.0,0.0,0.0,28660000.0
1990-07-05,115.0,115.0,115.0,115.0,0.0,0.0,28660000.0
1990-07-06,115.0,111.0,111.0,115.0,0.0,1.0,28660000.0
1990-07-09,112.0,111.0,112.0,112.0,0.0,1.0,28660000.0
1990-07-10,112.0,111.0,111.0,112.0,0.0,1.0,28660000.0
1990-07-11,112.0,111.0,111.0,111.0,0.0,0.0,28660000.0
1990-07-12,112.0,111.0,112.0,111.0,0.0,1.0,28660000.0
1990-07-13,112.0,111.0,111.0,111.0,0.0,1.0,28660000.0
1990-07-16,112.0,111.0,112.0,111.0,0.0,1.0,28660000.0
1990-07-17,112.0,111.0,112.0,111.0,0.0,1.0,28660000.0
1990-07-18,112.0,110.0,110.0,111.0,0.0,1.0,28660000.0
1990-07-19,111.0,108.0,108.0,110.0,0.0,1.0,28660000.0
1990-07-20,108.0,107.0,107.0,108.0,0.0,1.0,28660000.0
1990-07-23,108.0,107.0,107.0,108.0,0.0,1.0,28660000.0
1990-07-24,108.0,106.0,108.0,107.0,0.0,1.0,28660000.0
1990-07-25,108.0,106.0,107.0,108.0,0.0,1.0,28660000.0
1990-07-26,108.0,106.0,107.0,106.0,0.0,1.0,28660000.0
1990-07-27,108.0,106.0,106.0,106.0,0.0,1.0,28660000.0
1990-07-30,107.0,106.0,106.0,107.0,0.0,1.0,28660000.0
1990-07-31,107.0,106.0,106.0,107.0,0.0,1.0,28660000.0
1990-08-01,107.0,106.0,107.0,107.0,0.0,1.0,28660000.0
1990-08-02,107.0,105.0,106.0,107.0,0.0,1.0,28660000.0
1990-08-03,106.0,105.0,105.0,106.0,0.0,1.0,28660000.0
1990-08-06,106.0,102.0,102.0,105.0,0.0,1.0,28660000.0
1990-08-07,103.0,101.0,101.0,102.0,0.0,1.0,28660000.0
1990-08-08,102.0,101.0,102.0,101.0,0.0,1.0,28660000.0
1990-08-09,102.0,101.0,101.0,101.0,0.0,1.0,28660000.0
1990-08-10,102.0,101.0,101.0,101.0,0.0,0.0,28660000.0
1990-08-13,102.0,100.0,100.0,101.0,0.0,1.0,28660000.0
1990-08-14,101.0,100.0,101.0,100.0,0.0,1.0,28660000.0
1990-08-15,101.0,100.0,100.0,100.0,0.0,1.0,28660000.0
1990-08-16,100.0,100.0,100.0,100.0,0.0,0.0,28660000.0
1990-08-17,100.0,100.0,100.0,100.0,0.0,0.0,28660000.0
1990-08-20,100.0,100.0,100.0,100.0,0.0,0.0,28660000.0
1990-08-21,100.0,100.0,100.0,100.0,0.0,0.0,28660000.0
1990-08-22,100.0,98.0,98.0,100.0,0.0,1.0,28660000.0
1990-08-23,98.0,96.0,96.0,98.0,0.0,1.0,28660000.0
1990-08-24,96.0,96.0,96.0,96.0,0.0,0.0,28660000.0
1990-08-27,96.0,96.0,96.0,96.0,0.0,0.0,28660000.0
1990-08-28,96.0,96.0,96.0,96.0,0.0,0.0,28660000.0
1990-08-29,96.0,96.0,96.0,96.0,0.0,0.0,28660000.0
1990-08-30,96.0,96.0,96.0,96.0,0.0,0.0,28660000.0
1990-08-31,96.0,95.0,95.0,96.0,0.0,1.0,28660000.0
1990-09-03,96.0,95.0,95.0,96.0,0.0,1.0,28660000.0
1990-09-04,96.0,94.0,95.0,95.0,0.0,0.0,28660000.0
1990-09-05,95.0,93.0,93.0,94.0,0.0,1.0,28660000.0
1990-09-06,95.0,91.0,91.0,93.0,0.0,1.0,28660000.0
1990-09-07,93.0,91.0,91.0,92.0,0.0,1.0,28660000.0
1990-09-10,93.0,88.0,90.0,92.0,0.0,1.0,28660000.0
1990-09-11,89.0,83.0,84.0,89.0,0.0,1.0,28660000.0
1990-09-12,85.0,83.0,85.0,85.0,0.0,1.0,28660000.0
1990-09-13,85.0,81.0,81.0,85.0,0.0,1.0,28660000.0
1990-09-14,82.0,76.0,79.0,82.0,0.0,1.0,28660000.0
1990-09-17,78.0,70.0,70.0,78.0,0.0,1.0,28660000.0
1990-09-18,70.0,68.0,68.0,70.0,0.0,1.0,28660000.0
1990-09-19,69.0,68.0,68.0,68.0,0.0,0.0,28660000.0
1990-09-20,68.0,66.0,66.0,68.0,0.0,1.0,28660000.0
1990-09-21,68.0,66.0,68.0,68.0,0.0,1.0,28510000.0
1990-09-24,68.0,64.0,67.0,68.0,0.0,1.0,28410000.0
1990-09-25,67.0,64.0,66.0,67.0,0.0,1.0,28410000.0
1990-09-26,66.0,61.0,64.0,66.0,0.0,1.0,27510000.0
1990-09-27,64.0,61.0,62.0,64.0,0.0,1.0,27510000.0
1990-09-28,64.0,61.0,62.0,64.0,0.0,1.0,27510000.0
1990-10-01,64.0,61.0,62.0,64.0,0.0,1.0,27510000.0
1990-10-02,64.0,61.0,62.0,64.0,0.0,1.0,27510000.0
1990-10-03,64.0,61.0,62.0,64.0,0.0,1.0,27510000.0
1990-10-04,64.0,61.0,62.0,64.0,0.0,1.0,27510000.0
1990-10-05,64.0,59.0,59.0,61.0,0.0,1.0,27510000.0
1990-10-08,62.0,60.0,62.0,62.0,0.0,1.0,27510000.0
1990-10-09,62.0,60.0,62.0,62.0,0.0,0.0,27510000.0
1990-10-10,62.0,60.0,60.0,62.0,0.0,1.0,27510000.0
1990-10-11,62.0,60.0,62.0,62.0,0.0,1.0,27510000.0
1990-10-12,62.0,60.0,60.0,62.0,0.0,1.0,27510000.0
1990-10-15,61.0,58.0,60.0,61.0,0.0,1.0,27510000.0
1990-10-16,61.0,58.0,61.0,61.0,0.0,1.0,27510000.0
1990-10-17,61.0,58.0,58.0,61.0,0.0,1.0,27510000.0
1990-10-18,61.0,58.0,60.0,60.0,0.0,1.0,27510000.0
1990-10-19,60.0,58.0,60.0,60.0,0.0,0.0,27510000.0
1990-10-22,59.0,58.0,58.0,59.0,0.0,1.0,27510000.0
1990-10-23,59.0,58.0,58.0,59.0,0.0,1.0,27510000.0
1990-10-24,59.0,58.0,58.0,59.0,0.0,1.0,27510000.0
1990-10-25,59.0,58.0,58.0,59.0,0.0,1.0,27510000.0
1990-10-26,59.0,58.0,58.0,58.0,0.0,0.0,27510000.0
1990-10-29,59.0,58.0,58.0,59.0,0.0,1.0,27510000.0
1990-10-30,59.0,58.0,58.0,59.0,0.0,1.0,27510000.0
1990-10-31,59.0,58.0,59.0,59.0,0.0,1.0,27510000.0
1990-11-01,59.0,55.0,56.0,59.0,0.0,1.0,27510000.0
1990-11-02,56.0,55.0,55.0,56.0,0.0,1.0,27510000.0
1990-11-05,56.0,54.0,54.0,56.0,0.0,1.0,27510000.0
1990-11-06,56.0,52.0,52.0,56.0,0.0,1.0,27510000.0
1990-11-07,52.0,52.0,52.0,52.0,0.0,0.0,27510000.0
1990-11-08,52.0,52.0,52.0,52.0,0.0,0.0,27510000.0
1990-11-09,52.0,52.0,52.0,52.0,0.0,0.0,27510000.0
1990-11-12,52.0,52.0,52.0,52.0,0.0,0.0,27510000.0
1990-11-13,52.0,51.0,51.0,52.0,0.0,1.0,27510000.0
1990-11-14,51.0,51.0,51.0,51.0,0.0,0.0,27510000.0
1990-11-15,50.0,48.0,48.0,50.0,0.0,1.0,27510000.0
1990-11-16,49.0,48.0,49.0,49.0,0.0,1.0,27510000.0
1990-11-19,49.0,49.0,49.0,49.0,0.0,0.0,27510000.0
1990-11-20,49.0,49.0,49.0,49.0,0.0,0.0,27510000.0
1990-11-21,49.0,49.0,49.0,49.0,0.0,0.0,27510000.0
1990-11-22,49.0,49.0,49.0,49.0,0.0,0.0,27510000.0
1990-11-23,49.0,49.0,49.0,49.0,0.0,0.0,27510000.0
1990-11-26,49.0,49.0,49.0,49.0,0.0,0.0,27510000.0
1990-11-27,49.0,49.0,49.0,49.0,0.0,0.0,27510000.0
1990-11-28,49.0,49.0,49.0,49.0,0.0,0.0,27510000.0
1990-11-29,49.0,49.0,49.0,49.0,0.0,0.0,27510000.0
1990-11-30,49.0,49.0,49.0,49.0,0.0,0.0,27510000.0
1990-12-03,49.0,49.0,49.0,49.0,0.0,0.0,27510000.0
1990-12-04,49.0,48.0,48.0,49.0,0.0,1.0,27510000.0
1990-12-05,48.0,48.0,48.0,48.0,0.0,0.0,27510000.0
1990-12-06,48.0,48.0,48.0,48.0,0.0,0.0,27510000.0
1990-12-07,48.0,44.0,44.0,48.0,0.0,1.0,27510000.0
1990-12-10,52.0,44.0,52.0,46.0,0.0,1.0,27510000.0
1990-12-11,53.0,52.0,52.0,52.0,0.0,0.0,27510000.0
1990-12-12,53.0,52.0,52.0,52.0,0.0,0.0,27510000.0
1990-12-13,52.0,52.0,52.0,52.0,0.0,0.0,27510000.0
1990-12-14,52.0,52.0,52.0,52.0,0.0,0.0,27510000.0
1990-12-17,52.0,52.0,52.0,52.0,0.0,0.0,27510000.0
1990-12-18,52.0,52.0,52.0,52.0,0.0,0.0,27510000.0
1990-12-19,52.0,52.0,52.0,52.0,0.0,0.0,27510000.0
1990-12-20,52.0,50.0,50.0,52.0,0.0,1.0,27510000.0
1990-12-21,50.0,50.0,50.0,50.0,0.0,0.0,27510000.0
1990-12-24,50.0,50.0,50.0,50.0,0.0,0.0,27510000.0
1990-12-25,50.0,50.0,50.0,50.0,0.0,0.0,27510000.0
1990-12-26,50.0,50.0,50.0,50.0,0.0,0.0,27510000.0
1990-12-27,50.0,50.0,50.0,50.0,0.0,0.0,27510000.0
1990-12-28,50.0,50.0,50.0,50.0,0.0,0.0,27510000.0
1990-12-31,50.0,49.0,49.0,50.0,0.0,1.0,27510000.0
1991-01-01,49.0,49.0,49.0,49.0,0.0,0.0,27510000.0
1991-01-02,50.0,48.0,48.0,50.0,0.0,1.0,27510000.0
1991-01-03,48.0,47.0,47.0,48.0,0.0,1.0,27510000.0
1991-01-04,47.0,46.0,46.0,47.0,0.0,1.0,27510000.0
1991-01-07,46.0,46.0,46.0,46.0,0.0,0.0,27510000.0
1991-01-08,46.0,46.0,46.0,46.0,0.0,0.0,27510000.0
1991-01-09,46.0,45.0,45.0,46.0,0.0,1.0,27510000.0
1991-01-10,45.0,45.0,45.0,45.0,0.0,0.0,27510000.0
1991-01-11,45.0,45.0,45.0,45.0,0.0,0.0,27510000.0
1991-01-14,45.0,45.0,45.0,45.0,0.0,0.0,27510000.0
1991-01-15,45.0,45.0,45.0,45.0,0.0,0.0,27510000.0
1991-01-16,45.0,44.0,45.0,44.0,0.0,1.0,27510000.0
1991-01-17,44.0,44.0,44.0,44.0,0.0,1.0,27510000.0
1991-01-18,44.0,42.0,42.0,43.0,0.0,1.0,27510000.0
1991-01-21,42.0,42.0,42.0,42.0,0.0,0.0,27510000.0
1991-01-22,42.0,42.0,42.0,42.0,0.0,0.0,27510000.0
1991-01-23,42.0,41.0,41.0,42.0,0.0,1.0,27510000.0
1991-01-24,41.0,41.0,41.0,41.0,0.0,0.0,27510000.0
1991-01-25,41.0,41.0,41.0,41.0,0.0,0.0,27510000.0
1991-01-28,41.0,41.0,41.0,41.0,0.0,0.0,27510000.0
1991-01-29,41.0,41.0,41.0,41.0,0.0,0.0,27510000.0
1991-01-30,41.0,41.0,41.0,41.0,0.0,0.0,27510000.0
1991-01-31,41.0,41.0,41.0,41.0,0.0,0.0,27510000.0
1991-02-01,41.0,41.0,41.0,41.0,0.0,0.0,27510000.0
1991-02-04,41.0,41.0,41.0,41.0,0.0,0.0,27510000.0
1991-02-05,41.0,41.0,41.0,41.0,0.0,0.0,27510000.0
1991-02-06,41.0,39.25,39.25,41.0,0.0,1.0,27510000.0
1991-02-07,41.0,41.0,41.0,41.0,0.0,1.0,27510000.0
1991-02-08,41.0,41.0,41.0,41.0,0.0,0.0,27510000.0
1991-02-11,39.0,39.0,39.0,39.0,0.0,1.0,27510000.0
1991-02-12,39.0,39.0,39.0,39.0,0.0,0.0,27510000.0
1991-02-13,39.0,39.0,39.0,39.0,0.0,0.0,27510000.0
1991-02-14,39.0,39.0,39.0,39.0,0.0,0.0,27510000.0
1991-02-15,39.0,39.0,39.0,39.0,0.0,0.0,27510000.0
1991-02-18,39.0,39.0,39.0,39.0,0.0,0.0,27510000.0
1991-02-19,39.0,39.0,39.0,39.0,0.0,0.0,27510000.0
1991-02-20,39.0,39.0,39.0,39.0,0.0,0.0,27510000.0
1991-02-21,39.0,39.0,39.0,39.0,0.0,0.0,27510000.0
1991-02-22,42.0,39.0,42.0,39.0,0.0,1.0,27510000.0
1991-02-25,44.0,42.0,44.0,42.0,0.0,1.0,27510000.0
1991-02-26,44.0,44.0,44.0,44.0,0.0,0.0,27510000.0
1991-02-27,45.0,44.0,45.0,44.0,0.0,1.0,27510000.0
1991-02-28,50.0,44.0,49.0,44.0,0.0,1.0,27510000.0
1991-03-01,49.0,49.0,49.0,49.0,0.0,0.0,27510000.0
1991-03-04,49.0,49.0,49.0,49.0,0.0,0.0,27510000.0
1991-03-05,50.0,49.0,50.0,49.0,0.0,1.0,27510000.0
1991-03-06,54.0,50.0,54.0,50.0,0.0,1.0,27510000.0
1991-03-07,55.0,53.0,55.0,53.0,0.0,1.0,27510000.0
1991-03-08,61.0,55.0,61.0,55.0,0.0,1.0,27510000.0
1991-03-11,88.0,66.0,85.0,66.0,0.0,1.0,27510000.0
1991-03-12,89.0,85.0,85.0,85.0,0.0,0.0,27510000.0
1991-03-13,86.0,82.0,83.0,86.0,0.0,1.0,27510000.0
1991-03-14,83.0,81.0,83.0,82.0,0.0,1.0,27510000.0
1991-03-15,83.0,82.0,83.0,82.0,0.0,1.0,27510000.0
1991-03-18,83.0,82.0,83.0,82.0,0.0,1.0,27510000.0
1991-03-19,83.0,81.0,81.0,82.0,0.0,1.0,27510000.0
1991-03-20,81.0,78.0,78.0,80.0,0.0,1.0,27510000.0
1991-03-21,78.0,78.0,78.0,78.0,0.0,0.0,27510000.0
1991-03-22,78.0,78.0,78.0,78.0,0.0,0.0,27510000.0
1991-03-25,78.0,76.0,76.0,78.0,0.0,1.0,27510000.0
1991-03-26,75.0,74.0,74.0,75.0,0.0,1.0,27510000.0
1991-03-27,76.0,74.0,76.0,75.0,0.0,1.0,27510000.0
1991-03-28,75.0,74.0,74.0,75.0,0.0,1.0,27510000.0
1991-03-29,74.0,74.0,74.0,74.0,0.0,0.0,27510000.0
1991-04-01,74.0,74.0,74.0,74.0,0.0,0.0,27510000.0
1991-04-02,75.0,74.0,75.0,74.0,0.0,1.0,27510000.0
1991-04-03,77.0,75.0,77.0,75.0,0.0,1.0,27510000.0
1991-04-04,78.0,77.0,78.0,77.0,0.0,1.0,27510000.0
1991-04-05,78.0,78.0,78.0,78.0,0.0,0.0,27510000.0
1991-04-08,79.0,78.0,79.0,78.0,0.0,1.0,27510000.0
1991-04-09,79.0,79.0,79.0,79.0,0.0,0.0,27510000.0
1991-04-10,79.0,79.0,79.0,79.0,0.0,0.0,27510000.0
1991-04-11,79.0,79.0,79.0,79.0,0.0,0.0,27510000.0
1991-04-12,79.0,79.0,79.0,79.0,0.0,0.0,27510000.0
1991-04-15,79.0,79.0,79.0,79.0,0.0,0.0,27510000.0
1991-04-16,79.0,79.0,79.0,79.0,0.0,0.0,27510000.0
1991-04-17,79.0,79.0,79.0,79.0,0.0,0.0,27510000.0
1991-04-18,79.0,79.0,79.0,79.0,0.0,0.0,27510000.0
1991-04-19,79.0,79.0,79.0,79.0,0.0,0.0,27510000.0
1991-04-22,80.0,79.0,80.0,79.0,0.0,1.0,27510000.0
1991-04-23,80.0,79.0,80.0,79.0,0.0,1.0,27510000.0
1991-04-24,80.0,79.0,79.0,80.0,0.0,1.0,27510000.0
1991-04-25,80.0,79.0,79.0,80.0,0.0,1.0,27510000.0
1991-04-26,80.0,79.0,79.0,80.0,0.0,1.0,27510000.0
1991-04-29,80.0,79.0,80.0,80.0,0.0,1.0,27510000.0
1991-04-30,82.5,80.0,80.0,80.0,0.0,0.0,27510000.0
1991-05-01,80.0,80.0,80.0,80.0,0.0,0.0,27510000.0
1991-05-02,80.0,80.0,80.0,80.0,0.0,0.0,27510000.0
1991-05-03,80.0,80.0,80.0,80.0,0.0,0.0,27510000.0
1991-05-06,80.0,80.0,80.0,80.0,0.0,0.0,27510000.0
1991-05-07,80.0,80.0,80.0,80.0,0.0,0.0,27510000.0
1991-05-08,80.0,80.0,80.0,80.0,0.0,0.0,27510000.0
1991-05-09,80.0,80.0,80.0,80.0,0.0,0.0,27510000.0
1991-05-10,80.0,80.0,80.0,80.0,0.0,0.0,27510000.0
1991-05-13,81.0,80.0,81.0,80.0,0.0,1.0,27510000.0
1991-05-14,81.0,80.0,81.0,80.0,0.0,1.0,27510000.0
1991-05-15,81.0,80.0,81.0,80.0,0.0,1.0,27510000.0
1991-05-16,81.0,81.0,81.0,81.0,0.0,0.0,27510000.0
1991-05-17,81.0,81.0,81.0,81.0,0.0,0.0,27510000.0
1991-05-20,81.0,81.0,81.0,81.0,0.0,0.0,27510000.0
1991-05-21,81.0,81.0,81.0,81.0,0.0,0.0,27510000.0
1991-05-22,81.0,81.0,81.0,81.0,0.0,0.0,27510000.0
1991-05-23,81.0,81.0,81.0,81.0,0.0,0.0,27510000.0
1991-05-24,81.0,81.0,81.0,81.0,0.0,0.0,27510000.0
1991-05-27,81.0,81.0,81.0,81.0,0.0,0.0,27510000.0
1991-05-28,81.0,81.0,81.0,81.0,0.0,0.0,27510000.0
1991-05-29,81.0,81.0,81.0,81.0,0.0,0.0,27510000.0
1991-05-30,81.0,81.0,81.0,81.0,0.0,0.0,27510000.0
1991-05-31,81.0,81.0,81.0,81.0,0.0,0.0,27510000.0
1991-06-03,81.0,81.0,81.0,81.0,0.0,0.0,27510000.0
1991-06-04,81.0,81.0,81.0,81.0,0.0,0.0,27510000.0
1991-06-05,81.0,81.0,81.0,81.0,0.0,0.0,27510000.0
1991-06-06,81.0,81.0,81.0,81.0,0.0,0.0,27510000.0
1991-06-07,81.0,81.0,81.0,81.0,0.0,0.0,27510000.0
1991-06-10,81.0,81.0,81.0,81.0,0.0,0.0,27510000.0
1991-06-11,81.0,81.0,81.0,81.0,0.0,0.0,27510000.0
1991-06-12,81.0,81.0,81.0,81.0,0.0,0.0,27510000.0
1991-06-13,81.0,79.0,79.0,81.0,0.0,1.0,27510000.0
1991-06-14,79.0,79.0,79.0,79.0,0.0,0.0,27510000.0
1991-06-17,79.0,79.0,79.0,79.0,0.0,0.0,27510000.0
1991-06-18,79.0,79.0,79.0,79.0,0.0,0.0,27510000.0
1991-06-19,79.0,79.0,79.0,79.0,0.0,0.0,27510000.0
1991-06-20,79.0,79.0,79.0,79.0,0.0,0.0,27510000.0
1991-06-21,79.0,79.0,79.0,79.0,0.0,0.0,27510000.0
1991-06-24,79.0,79.0,79.0,79.0,0.0,0.0,27510000.0
1991-06-25,79.0,79.0,79.0,79.0,0.0,0.0,27510000.0
1991-06-26,79.0,78.0,78.0,79.0,0.0,1.0,27510000.0
1991-06-27,78.0,78.0,78.0,78.0,0.0,0.0,27510000.0
1991-06-28,78.0,76.0,76.0,78.0,0.0,1.0,27510000.0
1991-07-01,76.0,76.0,76.0,76.0,0.0,0.0,27510000.0
1991-07-02,76.0,76.0,76.0,76.0,0.0,0.0,27510000.0
1991-07-03,76.0,76.0,76.0,76.0,0.0,0.0,27510000.0
1991-07-04,76.0,76.0,76.0,76.0,0.0,0.0,27510000.0
1991-07-05,76.0,76.0,76.0,76.0,0.0,0.0,27510000.0
1991-07-08,76.0,76.0,76.0,76.0,0.0,0.0,27510000.0
1991-07-09,76.0,76.0,76.0,76.0,0.0,0.0,27510000.0
1991-07-10,76.0,76.0,76.0,76.0,0.0,0.0,27510000.0
1991-07-11,76.0,76.0,76.0,76.0,0.0,0.0,27510000.0
1991-07-12,76.0,76.0,76.0,76.0,0.0,0.0,27510000.0
1991-07-15,76.0,76.0,76.0,76.0,0.0,0.0,27510000.0
1991-07-16,76.0,76.0,76.0,76.0,0.0,0.0,27510000.0
1991-07-17,76.0,76.0,76.0,76.0,0.0,0.0,27510000.0
1991-07-18,76.0,76.0,76.0,76.0,0.0,0.0,27510000.0
1991-07-19,76.0,76.0,76.0,76.0,0.0,0.0,27510000.0
1991-07-22,76.0,76.0,76.0,76.0,0.0,0.0,27510000.0
1991-07-23,76.0,76.0,76.0,76.0,0.0,0.0,27510000.0
1991-07-24,76.0,76.0,76.0,76.0,0.0,0.0,27510000.0
1991-07-25,76.0,76.0,76.0,76.0,0.0,0.0,27510000.0
1991-07-26,76.0,76.0,76.0,76.0,0.0,0.0,27510000.0
1991-07-29,76.0,76.0,76.0,76.0,0.0,0.0,27510000.0
1991-07-30,76.0,76.0,76.0,76.0,0.0,0.0,27510000.0
1991-07-31,76.0,76.0,76.0,76.0,0.0,0.0,27510000.0
1991-08-01,76.0,76.0,76.0,76.0,0.0,0.0,27510000.0
1991-08-02,76.0,76.0,76.0,76.0,0.0,0.0,27510000.0
1991-08-05,76.0,76.0,76.0,76.0,0.0,0.0,27510000.0
1991-08-06,76.0,76.0,76.0,76.0,0.0,0.0,27510000.0
1991-08-07,76.0,76.0,76.0,76.0,0.0,0.0,27510000.0
1991-08-08,76.0,76.0,76.0,76.0,0.0,0.0,27510000.0
1991-08-09,76.0,76.0,76.0,76.0,0.0,0.0,27510000.0
1991-08-12,76.0,76.0,76.0,76.0,0.0,0.0,27510000.0
1991-08-13,76.0,76.0,76.0,76.0,0.0,0.0,27510000.0
1991-08-14,76.0,76.0,76.0,76.0,0.0,0.0,27510000.0
1991-08-15,76.0,76.0,76.0,76.0,0.0,0.0,27510000.0
1991-08-16,76.0,76.0,76.0,76.0,0.0,0.0,27510000.0
1991-08-19,75.0,74.0,75.0,74.0,0.0,1.0,27510000.0
1991-08-20,75.0,75.0,75.0,75.0,0.0,0.0,27510000.0
1991-08-21,76.0,75.0,76.0,75.0,0.0,1.0,27510000.0
1991-08-22,76.0,76.0,76.0,76.0,0.0,0.0,27510000.0
1991-08-23,76.0,76.0,76.0,76.0,0.0,0.0,27510000.0
1991-08-26,76.0,76.0,76.0,76.0,0.0,0.0,27510000.0
1991-08-27,76.0,76.0,76.0,76.0,0.0,0.0,27510000.0
1991-08-28,76.0,76.0,76.0,76.0,0.0,0.0,27510000.0
1991-08-29,76.0,76.0,76.0,76.0,0.0,0.0,27510000.0
1991-08-30,76.0,76.0,76.0,76.0,0.0,0.0,27510000.0
1991-09-02,76.0,76.0,76.0,76.0,0.0,0.0,27510000.0
1991-09-03,76.0,76.0,76.0,76.0,0.0,0.0,27510000.0
1991-09-04,76.0,75.0,76.0,76.0,0.0,0.0,27510000.0
1991-09-05,76.0,76.0,76.0,76.0,0.0,0.0,27510000.0
1991-09-06,76.0,76.0,76.0,76.0,0.0,0.0,27510000.0
1991-09-09,76.0,76.0,76.0,76.0,0.0,0.0,27510000.0
1991-09-10,76.0,76.0,76.0,76.0,0.0,0.0,27510000.0
1991-09-11,76.0,76.0,76.0,76.0,0.0,0.0,27510000.0
1991-09-12,76.0,76.0,76.0,76.0,0.0,0.0,27510000.0
1991-09-13,76.0,76.0,76.0,76.0,0.0,0.0,27510000.0
1991-09-16,76.0,76.0,76.0,76.0,0.0,0.0,27510000.0
1991-09-17,76.0,76.0,76.0,76.0,0.0,0.0,27510000.0
1991-09-18,76.0,76.0,76.0,76.0,0.0,0.0,27510000.0
1991-09-19,76.0,76.0,76.0,76.0,0.0,0.0,27510000.0
1991-09-20,76.0,76.0,76.0,76.0,0.0,0.0,27510000.0
1991-09-23,76.0,76.0,76.0,76.0,0.0,0.0,27510000.0
1991-09-24,76.0,76.0,76.0,76.0,0.0,0.0,27510000.0
1991-09-25,76.0,76.0,76.0,76.0,0.0,0.0,27510000.0
1991-09-26,76.0,76.0,76.0,76.0,0.0,0.0,27510000.0
1991-09-27,76.0,76.0,76.0,76.0,0.0,0.0,27510000.0
1991-09-30,80.0,76.0,80.0,76.0,0.0,1.0,27510000.0
1991-10-01,81.0,80.0,81.0,80.0,0.0,1.0,27510000.0
1991-10-02,81.0,81.0,81.0,81.0,0.0,0.0,27510000.0
1991-10-03,81.0,81.0,81.0,81.0,0.0,0.0,27510000.0
1991-10-04,81.0,81.0,81.0,81.0,0.0,0.0,27510000.0
1991-10-07,81.0,81.0,81.0,81.0,0.0,0.0,27510000.0
1991-10-08,81.0,81.0,81.0,81.0,0.0,0.0,27510000.0
1991-10-09,81.0,81.0,81.0,81.0,0.0,0.0,27510000.0
1991-10-10,81.0,81.0,81.0,81.0,0.0,0.0,27510000.0
1991-10-11,81.0,81.0,81.0,81.0,0.0,0.0,27510000.0
1991-10-14,81.0,81.0,81.0,81.0,0.0,0.0,27510000.0
1991-10-15,81.0,81.0,81.0,81.0,0.0,0.0,27510000.0
1991-10-16,81.0,81.0,81.0,81.0,0.0,0.0,27510000.0
1991-10-17,81.0,81.0,81.0,81.0,0.0,0.0,27510000.0
1991-10-18,81.0,81.0,81.0,81.0,0.0,0.0,27510000.0
1991-10-21,81.0,81.0,81.0,81.0,0.0,0.0,27510000.0
1991-10-22,81.0,81.0,81.0,81.0,0.0,0.0,27510000.0
1991-10-23,83.0,81.0,83.0,82.0,0.0,1.0,27510000.0
1991-10-24,83.0,83.0,83.0,83.0,0.0,0.0,27510000.0
1991-10-25,84.0,83.0,84.0,83.0,0.0,1.0,27510000.0
1991-10-28,85.0,84.0,85.0,84.0,0.0,1.0,27510000.0
1991-10-29,85.0,85.0,85.0,85.0,0.0,0.0,27510000.0
1991-10-30,86.0,85.0,86.0,85.0,0.0,1.0,27510000.0
1991-10-31,86.0,86.0,86.0,86.0,0.0,0.0,27510000.0
1991-11-01,86.0,86.0,86.0,86.0,0.0,0.0,27510000.0
1991-11-04,86.0,86.0,86.0,86.0,0.0,0.0,27510000.0
1991-11-05,86.0,86.0,86.0,86.0,0.0,0.0,27510000.0
1991-11-06,87.0,86.0,87.0,86.0,0.0,1.0,27510000.0
1991-11-07,87.0,87.0,87.0,87.0,0.0,0.0,27510000.0
1991-11-08,87.0,87.0,87.0,87.0,0.0,0.0,27510000.0
1991-11-11,91.0,87.0,91.0,88.0,0.0,1.0,27510000.0
1991-11-12,104.0,91.0,104.0,91.0,0.0,1.0,27510000.0
1991-11-13,95.0,90.0,93.0,95.0,0.0,138360.0,27510000.0
1991-11-14,91.5,91.0,93.0,91.0,0.0,30746.0,27510000.0
1991-11-15,91.0,87.0,90.0,91.0,0.0,47474.0,27510000.0
1991-11-18,90.0,86.0,88.0,87.0,0.0,39230.0,27510000.0
1991-11-19,89.0,86.0,88.0,86.0,0.0,20000.0,27510000.0
1991-11-20,89.5,86.0,89.0,86.0,0.0,50203.0,27510000.0
1991-11-21,90.0,90.0,89.0,90.0,0.0,3500.0,27510000.0
1991-11-22,88.0,87.0,89.0,87.0,0.0,8000.0,27510000.0
1991-11-25,87.0,87.0,89.0,87.0,0.0,2400.0,27510000.0
1991-11-26,87.0,87.0,89.0,87.0,0.0,4000.0,27510000.0
1991-11-27,89.0,89.0,89.0,89.0,0.0,0.0,27510000.0
1991-11-28,89.0,89.0,89.0,89.0,0.0,0.0,27510000.0
1991-11-29,88.0,88.0,89.0,88.0,0.0,6782.0,27510000.0
1991-12-02,89.0,89.0,89.0,89.0,0.0,0.0,27510000.0
1991-12-03,87.0,87.0,89.0,87.0,0.0,890.0,27510000.0
1991-12-04,87.0,87.0,89.0,87.0,0.0,6101.0,27510000.0
1991-12-05,87.0,87.0,89.0,87.0,0.0,9735.0,27510000.0
1991-12-06,87.0,87.0,89.0,87.0,0.0,928.0,27510000.0
1991-12-09,87.0,87.0,89.0,87.0,0.0,150.0,27510000.0
1991-12-10,87.0,87.0,89.0,87.0,0.0,1815.0,27510000.0
1991-12-11,87.0,87.0,89.0,87.0,0.0,509.0,27510000.0
1991-12-12,89.0,89.0,89.0,89.0,0.0,0.0,27510000.0
1991-12-13,89.0,87.0,89.0,89.0,0.0,31000.0,27510000.0
1991-12-16,90.0,87.0,89.0,87.0,0.0,6000.0,27510000.0
1991-12-17,91.0,87.0,89.0,88.0,0.0,13956.0,27510000.0
1991-12-18,87.5,87.0,89.0,87.5,0.0,15000.0,27510000.0
1991-12-19,87.0,87.0,89.0,87.0,0.0,2100.0,27510000.0
1991-12-20,88.0,87.0,89.0,87.0,0.0,11618.0,27510000.0
1991-12-23,87.0,87.0,88.0,87.0,0.0,20534.0,27510000.0
1991-12-24,88.0,88.0,88.0,88.0,0.0,0.0,27510000.0
1991-12-25,88.0,88.0,88.0,88.0,0.0,0.0,27510000.0
1991-12-26,88.0,88.0,88.0,88.0,0.0,0.0,27510000.0
1991-12-27,88.0,88.0,88.0,88.0,0.0,0.0,27510000.0
1991-12-30,88.0,88.0,88.0,88.0,0.0,0.0,27510000.0
1991-12-31,88.0,88.0,88.0,88.0,0.0,0.0,27510000.0
1992-01-01,88.0,88.0,88.0,88.0,0.0,0.0,27510000.0
1992-01-02,86.0,86.0,88.0,86.0,0.0,2500.0,27510000.0
1992-01-03,88.0,88.0,88.0,88.0,0.0,0.0,27510000.0
1992-01-06,89.0,86.0,88.0,86.0,0.0,1254.0,27510000.0
1992-01-07,90.0,86.0,88.0,87.0,0.0,4915.0,27510000.0
1992-01-08,88.0,88.0,88.0,88.0,0.0,0.0,27510000.0
1992-01-09,86.0,85.0,86.0,86.0,0.0,13600.0,27510000.0
1992-01-10,88.0,83.0,84.0,85.0,0.0,33827.0,27510000.0
1992-01-13,84.0,84.0,84.0,84.0,0.0,0.0,27510000.0
1992-01-14,82.0,81.0,83.0,82.0,0.0,10100.0,27510000.0
1992-01-15,80.0,73.0,78.0,80.0,0.0,43800.0,27510000.0
1992-01-16,78.0,78.0,78.0,78.0,0.0,0.0,27510000.0
1992-01-17,76.0,76.0,78.0,76.0,0.0,7523.0,27510000.0
1992-01-20,76.0,76.0,78.0,76.0,0.0,500.0,27510000.0
1992-01-21,76.0,76.0,78.0,76.0,0.0,1633.0,27510000.0
1992-01-22,76.0,75.0,77.0,76.0,0.0,13009.0,27510000.0
1992-01-23,75.0,75.0,77.0,75.0,0.0,712.0,27510000.0
1992-01-24,74.0,74.0,76.0,74.0,0.0,12500.0,27510000.0
1992-01-27,74.0,74.0,76.0,74.0,0.0,500.0,27510000.0
1992-01-28,74.0,73.0,75.0,74.0,0.0,10459.0,27510000.0
1992-01-29,75.0,75.0,75.0,75.0,0.0,0.0,27510000.0
1992-01-30,75.0,75.0,75.0,75.0,0.0,0.0,27510000.0
1992-01-31,75.0,75.0,75.0,75.0,0.0,0.0,27510000.0
1992-02-03,73.0,73.0,75.0,73.0,0.0,4725.0,27510000.0
1992-02-04,75.0,73.0,75.0,73.0,0.0,8137.0,27510000.0
1992-02-05,73.0,73.0,75.0,73.0,0.0,2500.0,27510000.0
1992-02-06,76.0,73.0,75.0,76.0,0.0,2154.0,27510000.0
1992-02-07,73.0,73.0,75.0,73.0,0.0,1409.0,27510000.0
1992-02-10,70.0,70.0,74.0,70.0,0.0,16598.0,27510000.0
1992-02-11,72.0,70.125,72.0,72.0,0.0,18350.0,27510000.0
1992-02-12,74.0,70.5,72.0,70.5,0.0,10067.0,27510000.0
1992-02-13,72.0,72.0,72.0,72.0,0.0,0.0,27510000.0
1992-02-14,72.0,72.0,72.0,72.0,0.0,0.0,27510000.0
1992-02-17,72.0,72.0,72.0,72.0,0.0,0.0,27510000.0
1992-02-18,72.0,72.0,72.0,72.0,0.0,0.0,27510000.0
1992-02-19,72.0,72.0,72.0,72.0,0.0,0.0,27510000.0
1992-02-20,72.0,72.0,72.0,72.0,0.0,0.0,27510000.0
1992-02-21,72.0,72.0,72.0,72.0,0.0,0.0,27510000.0
1992-02-24,72.0,72.0,72.0,72.0,0.0,0.0,27510000.0
1992-02-25,72.0,72.0,72.0,72.0,0.0,0.0,27510000.0
1992-02-26,72.0,72.0,72.0,72.0,0.0,0.0,27510000.0
1992-02-27,74.0,72.0,74.0,72.0,0.0,1.0,27160000.0
1992-02-28,74.0,74.0,74.0,74.0,0.0,0.0,27160000.0
1992-03-02,74.0,74.0,74.0,74.0,0.0,0.0,27160000.0
1992-03-03,74.0,74.0,74.0,74.0,0.0,0.0,27160000.0
1992-03-04,74.0,74.0,74.0,74.0,0.0,0.0,27160000.0
1992-03-05,74.0,74.0,74.0,74.0,0.0,0.0,27160000.0
1992-03-06,74.0,74.0,74.0,74.0,0.0,0.0,27160000.0
1992-03-09,74.0,72.0,72.0,74.0,0.0,1.0,27160000.0
1992-03-10,74.0,74.0,74.0,74.0,0.0,1.0,27160000.0
1992-03-11,74.0,74.0,74.0,74.0,0.0,0.0,27160000.0
1992-03-12,74.0,74.0,74.0,74.0,0.0,0.0,27160000.0
1992-03-13,74.0,74.0,74.0,74.0,0.0,0.0,27160000.0
1992-03-16,74.0,74.0,74.0,74.0,0.0,0.0,27160000.0
1992-03-17,74.0,74.0,74.0,74.0,0.0,0.0,27160000.0
1992-03-18,74.0,74.0,74.0,74.0,0.0,0.0,27160000.0
1992-03-19,74.0,74.0,74.0,74.0,0.0,0.0,27160000.0
1992-03-20,74.0,74.0,74.0,74.0,0.0,0.0,27160000.0
1992-03-23,74.0,74.0,74.0,74.0,0.0,0.0,27160000.0
1992-03-24,74.0,73.0,73.0,74.0,0.0,1.0,27160000.0
1992-03-25,73.0,73.0,73.0,73.0,0.0,0.0,27510000.0
1992-03-26,73.0,72.0,72.0,73.0,0.0,1.0,27510000.0
1992-03-27,72.0,72.0,72.0,72.0,0.0,0.0,27510000.0
1992-03-30,72.0,71.0,71.0,72.0,0.0,1.0,27510000.0
1992-03-31,72.0,71.0,71.0,71.0,0.0,0.0,27510000.0
1992-04-01,71.0,71.0,71.0,71.0,0.0,0.0,27510000.0
1992-04-02,71.0,71.0,71.0,71.0,0.0,0.0,27510000.0
1992-04-03,71.0,71.0,71.0,71.0,0.0,0.0,27510000.0
1992-04-06,71.0,71.0,71.0,71.0,0.0,0.0,27510000.0
1992-04-07,71.0,71.0,71.0,71.0,0.0,0.0,27510000.0
1992-04-08,71.0,71.0,71.0,71.0,0.0,0.0,27510000.0
1992-04-09,71.0,71.0,71.0,71.0,0.0,0.0,27510000.0
1992-04-10,72.0,71.0,71.0,72.0,0.0,1.0,27510000.0
1992-04-13,71.0,71.0,71.0,71.0,0.0,0.0,27510000.0
1992-04-14,71.0,71.0,71.0,71.0,0.0,0.0,27510000.0
1992-04-15,71.0,71.0,71.0,71.0,0.0,0.0,27510000.0
1992-04-16,71.0,71.0,71.0,71.0,0.0,0.0,27510000.0
1992-04-17,71.0,71.0,71.0,71.0,0.0,0.0,27510000.0
1992-04-20,71.0,71.0,71.0,71.0,0.0,0.0,27510000.0
1992-04-21,71.0,71.0,71.0,71.0,0.0,0.0,27510000.0
1992-04-22,71.0,71.0,71.0,71.0,0.0,0.0,27510000.0
1992-04-23,71.0,71.0,71.0,71.0,0.0,0.0,27510000.0
1992-04-24,71.0,71.0,71.0,71.0,0.0,0.0,27510000.0
1992-04-27,71.0,71.0,71.0,71.0,0.0,0.0,27510000.0
1992-04-28,71.0,71.0,71.0,71.0,0.0,0.0,27510000.0
1992-04-29,71.0,71.0,71.0,71.0,0.0,0.0,27510000.0
1992-04-30,71.0,71.0,71.0,71.0,0.0,0.0,27510000.0
1992-05-01,71.0,71.0,71.0,71.0,0.0,0.0,27510000.0
1992-05-04,71.0,71.0,71.0,71.0,0.0,0.0,27510000.0
1992-05-05,71.0,71.0,71.0,71.0,0.0,0.0,27510000.0
1992-05-06,71.0,71.0,71.0,71.0,0.0,0.0,27510000.0
1992-05-07,71.0,71.0,71.0,71.0,0.0,0.0,27510000.0
1992-05-08,71.0,71.0,71.0,71.0,0.0,0.0,27510000.0
1992-05-11,71.0,71.0,71.0,71.0,0.0,0.0,27510000.0
1992-05-12,74.0,71.0,74.0,71.0,0.0,1.0,27510000.0
1992-05-13,74.0,74.0,74.0,74.0,0.0,0.0,27510000.0
1992-05-14,77.0,74.0,77.0,74.0,0.0,1.0,27510000.0
1992-05-15,77.0,77.0,77.0,77.0,0.0,0.0,27510000.0
1992-05-18,85.0,77.0,85.0,77.0,0.0,1.0,27510000.0
1992-05-19,87.0,86.0,86.0,86.0,0.0,1.0,27510000.0
1992-05-20,87.0,86.0,86.0,87.0,0.0,1.0,27510000.0
1992-05-21,87.0,86.0,86.0,87.0,0.0,1.0,27510000.0
1992-05-22,84.0,82.0,82.0,83.0,0.0,1.0,27510000.0
1992-05-25,82.0,82.0,82.0,82.0,0.0,0.0,27510000.0
1992-05-26,82.0,81.0,82.0,81.0,0.0,1.0,27510000.0
1992-05-27,82.0,81.0,82.0,81.0,0.0,1.0,27510000.0
1992-05-28,82.0,81.0,82.0,81.0,0.0,1.0,27510000.0
1992-05-29,82.0,81.0,82.0,82.0,0.0,0.0,27510000.0
1992-06-01,82.0,81.0,82.0,81.0,0.0,1.0,27510000.0
1992-06-02,82.0,81.0,82.0,81.0,0.0,1.0,27510000.0
1992-06-03,82.0,81.0,82.0,81.0,0.0,1.0,27510000.0
1992-06-04,82.0,81.0,82.0,81.0,0.0,1.0,27510000.0
1992-06-05,82.0,81.0,82.0,81.0,0.0,1.0,27510000.0
1992-06-08,82.0,80.0,80.0,81.0,0.0,1.0,27510000.0
1992-06-09,80.0,80.0,80.0,80.0,0.0,0.0,27510000.0
1992-06-10,80.0,78.0,78.0,80.0,0.0,1.0,27510000.0
1992-06-11,78.0,78.0,78.0,78.0,0.0,0.0,27510000.0
1992-06-12,78.0,78.0,78.0,78.0,0.0,0.0,27510000.0
1992-06-15,78.0,78.0,78.0,78.0,0.0,0.0,27510000.0
1992-06-16,78.0,78.0,78.0,78.0,0.0,0.0,27510000.0
1992-06-17,78.0,78.0,78.0,78.0,0.0,0.0,27510000.0
1992-06-18,78.0,78.0,78.0,78.0,0.0,0.0,27510000.0
1992-06-19,78.0,78.0,78.0,78.0,0.0,0.0,27510000.0
1992-06-22,78.0,78.0,78.0,78.0,0.0,0.0,27510000.0
1992-06-23,78.0,78.0,78.0,78.0,0.0,0.0,27510000.0
1992-06-24,78.0,78.0,78.0,78.0,0.0,0.0,27510000.0
1992-06-25,78.0,78.0,78.0,78.0,0.0,0.0,27510000.0
1992-06-26,78.0,78.0,78.0,78.0,0.0,0.0,27510000.0
1992-06-29,78.0,78.0,78.0,78.0,0.0,0.0,27510000.0
1992-06-30,78.0,78.0,78.0,78.0,0.0,0.0,27510000.0
1992-07-01,78.0,78.0,78.0,78.0,0.0,0.0,27510000.0
1992-07-02,78.0,78.0,78.0,78.0,0.0,0.0,27510000.0
1992-07-03,78.0,78.0,78.0,78.0,0.0,0.0,27510000.0
1992-07-06,78.0,78.0,78.0,78.0,0.0,0.0,27510000.0
1992-07-07,78.0,78.0,78.0,78.0,0.0,0.0,27510000.0
1992-07-08,78.0,78.0,78.0,78.0,0.0,0.0,27510000.0
1992-07-09,78.0,78.0,78.0,78.0,0.0,0.0,27510000.0
1992-07-10,78.0,77.0,77.0,78.0,0.0,1.0,27510000.0
1992-07-13,77.0,76.0,77.0,76.0,0.0,1.0,27510000.0
1992-07-14,77.0,74.0,74.0,76.0,0.0,1.0,27510000.0
1992-07-15,75.0,74.0,74.0,75.0,0.0,1.0,27510000.0
1992-07-16,75.0,74.0,74.0,75.0,0.0,1.0,27510000.0
1992-07-17,74.0,74.0,74.0,74.0,0.0,0.0,27510000.0
1992-07-20,74.0,73.0,73.0,74.0,0.0,1.0,27510000.0
1992-07-21,73.0,73.0,73.0,73.0,0.0,0.0,27510000.0
1992-07-22,73.0,70.0,70.0,73.0,0.0,1.0,27510000.0
1992-07-23,70.0,70.0,70.0,70.0,0.0,0.0,27510000.0
1992-07-24,70.0,69.0,69.0,70.0,0.0,1.0,27510000.0
1992-07-27,70.0,67.0,67.0,70.0,0.0,1.0,27510000.0
1992-07-28,68.0,51.0,53.0,68.0,0.0,1.0,27510000.0
1992-07-29,56.0,53.0,56.0,54.0,0.0,1.0,27510000.0
1992-07-30,56.0,56.0,56.0,56.0,0.0,0.0,27510000.0
1992-07-31,56.0,55.0,55.0,56.0,0.0,1.0,27510000.0
1992-08-03,56.0,55.0,55.0,56.0,0.0,1.0,27510000.0
1992-08-04,55.0,55.0,55.0,55.0,0.0,0.0,27510000.0
1992-08-05,55.0,55.0,55.0,55.0,0.0,0.0,27510000.0
1992-08-06,55.0,53.0,53.0,55.0,0.0,1.0,27510000.0
1992-08-07,54.0,53.0,53.0,54.0,0.0,1.0,27510000.0
1992-08-10,53.0,53.0,53.0,53.0,0.0,0.0,27510000.0
1992-08-11,53.0,53.0,53.0,53.0,0.0,0.0,27510000.0
1992-08-12,53.0,53.0,53.0,53.0,0.0,0.0,27510000.0
1992-08-13,54.0,53.0,53.0,54.0,0.0,1.0,27510000.0
1992-08-14,53.0,53.0,53.0,53.0,0.0,0.0,27510000.0
1992-08-17,54.0,53.0,53.0,54.0,0.0,1.0,27510000.0
1992-08-18,53.0,53.0,53.0,53.0,0.0,0.0,27510000.0
1992-08-19,53.0,53.0,53.0,53.0,0.0,0.0,27510000.0
1992-08-20,53.0,53.0,53.0,53.0,0.0,0.0,27510000.0
1992-08-21,53.0,53.0,53.0,53.0,0.0,0.0,27510000.0
1992-08-24,53.0,52.0,52.0,53.0,0.0,1.0,27510000.0
1992-08-25,53.0,52.0,52.0,53.0,0.0,1.0,27510000.0
1992-08-26,52.0,51.0,52.0,51.0,0.0,1.0,27510000.0
1992-08-27,53.0,52.0,52.0,53.0,0.0,1.0,27510000.0
1992-08-28,52.0,50.0,51.0,50.0,0.0,1.0,27510000.0
1992-08-31,51.0,51.0,51.0,51.0,0.0,0.0,27510000.0
1992-09-01,53.0,52.0,52.0,53.0,0.0,1.0,27510000.0
1992-09-02,53.0,52.0,52.0,53.0,0.0,1.0,27510000.0
1992-09-03,52.0,50.0,52.0,50.0,0.0,1.0,27510000.0
1992-09-04,53.0,52.0,52.0,53.0,0.0,1.0,27510000.0
1992-09-07,53.0,49.0,51.0,50.0,0.0,1.0,27510000.0
1992-09-08,52.0,51.0,51.0,52.0,0.0,1.0,27510000.0
1992-09-09,52.0,51.0,51.0,52.0,0.0,1.0,27510000.0
1992-09-10,51.0,51.0,51.0,51.0,0.0,0.0,27510000.0
1992-09-11,52.0,51.0,51.0,52.0,0.0,1.0,27510000.0
1992-09-14,51.0,51.0,51.0,51.0,0.0,0.0,27510000.0
1992-09-15,52.0,50.0,50.0,52.0,0.0,1.0,27510000.0
1992-09-16,52.0,50.0,50.0,52.0,0.0,1.0,27510000.0
1992-09-17,52.0,50.0,51.0,50.0,0.0,1.0,27510000.0
1992-09-18,53.0,51.0,53.0,52.0,0.0,1.0,27510000.0
1992-09-21,53.0,53.0,53.0,53.0,0.0,0.0,27510000.0
1992-09-22,53.0,53.0,53.0,53.0,0.0,0.0,27510000.0
1992-09-23,53.0,51.0,51.0,53.0,0.0,1.0,27510000.0
1992-09-24,51.0,51.0,51.0,51.0,0.0,0.0,27510000.0
1992-09-25,51.0,51.0,51.0,51.0,0.0,0.0,27510000.0
1992-09-28,51.0,51.0,51.0,51.0,0.0,0.0,27510000.0
1992-09-29,52.0,51.0,51.0,52.0,0.0,1.0,27510000.0
1992-09-30,51.0,51.0,51.0,51.0,0.0,0.0,27510000.0
1992-10-01,52.0,51.0,52.0,51.0,0.0,1.0,27510000.0
1992-10-02,52.0,51.0,52.0,51.0,0.0,1.0,27510000.0
1992-10-03,52.0,52.0,52.0,52.0,0.0,0.0,27510000.0
1992-10-05,52.0,51.0,52.0,51.0,0.0,1.0,27510000.0
1992-10-06,52.0,51.0,52.0,51.0,0.0,1.0,27510000.0
1992-10-07,52.0,51.0,52.0,51.0,0.0,1.0,27510000.0
1992-10-08,52.0,51.0,52.0,51.0,0.0,1.0,27510000.0
1992-10-09,55.0,52.0,55.0,54.0,0.0,1.0,27510000.0
1992-10-10,55.0,55.0,55.0,55.0,0.0,0.0,27510000.0
1992-10-12,56.0,55.0,55.0,56.0,0.0,1.0,27510000.0
1992-10-13,55.0,55.0,55.0,55.0,0.0,0.0,27510000.0
1992-10-14,55.0,55.0,55.0,55.0,0.0,0.0,27510000.0
1992-10-15,56.0,55.0,55.0,56.0,0.0,1.0,27510000.0
1992-10-16,55.0,55.0,55.0,55.0,0.0,0.0,27510000.0
1992-10-19,56.0,55.0,55.0,56.0,0.0,1.0,27510000.0
1992-10-20,56.0,55.0,55.0,56.0,0.0,1.0,27510000.0
1992-10-21,55.0,55.0,55.0,55.0,0.0,0.0,27510000.0
1992-10-22,55.0,55.0,55.0,55.0,0.0,0.0,27510000.0
1992-10-23,57.0,55.0,56.0,57.0,0.0,1.0,27510000.0
1992-10-26,56.0,56.0,56.0,56.0,0.0,0.0,27510000.0
1992-10-27,56.0,56.0,56.0,56.0,0.0,0.0,27510000.0
1992-10-28,57.0,56.0,56.0,57.0,0.0,1.0,27510000.0
1992-10-29,57.0,56.0,56.0,57.0,0.0,1.0,27510000.0
1992-10-30,57.0,56.0,56.0,57.0,0.0,1.0,27510000.0
1992-11-02,57.0,56.0,56.0,57.0,0.0,1.0,27510000.0
1992-11-03,57.0,56.0,56.0,57.0,0.0,1.0,27510000.0
1992-11-04,57.0,56.0,56.0,57.0,0.0,1.0,27510000.0
1992-11-05,57.0,56.0,56.0,57.0,0.0,1.0,27510000.0
1992-11-06,56.0,56.0,56.0,56.0,0.0,0.0,27510000.0
1992-11-07,56.0,56.0,56.0,56.0,0.0,0.0,27510000.0
1992-11-08,56.0,56.0,56.0,56.0,0.0,0.0,27510000.0
1992-11-09,57.0,56.0,56.0,57.0,0.0,1.0,27510000.0
1992-11-10,56.0,56.0,56.0,56.0,0.0,0.0,27510000.0
1992-11-11,57.0,56.0,56.0,57.0,0.0,1.0,27510000.0
1992-11-12,56.0,56.0,56.0,56.0,0.0,0.0,27510000.0
1992-11-13,57.0,56.0,56.0,57.0,0.0,1.0,27510000.0
1992-11-14,56.0,56.0,56.0,56.0,0.0,0.0,27510000.0
1992-11-16,56.0,56.0,56.0,56.0,0.0,0.0,27510000.0
1992-11-17,56.0,56.0,56.0,56.0,0.0,0.0,27510000.0
1992-11-18,57.0,56.0,57.0,57.0,0.0,1.0,27510000.0
1992-11-19,60.0,57.0,60.0,59.0,0.0,1.0,27510000.0
1992-11-20,61.0,60.0,60.0,61.0,0.0,1.0,27510000.0
1992-11-23,60.0,60.0,60.0,60.0,0.0,0.0,27510000.0
1992-11-24,63.0,60.0,63.0,60.0,0.0,1.0,27510000.0
1992-11-25,69.0,63.0,69.0,64.0,0.0,1.0,27510000.0
1992-11-26,74.0,70.0,70.0,70.0,0.0,1.0,27510000.0
1992-11-27,72.0,70.0,70.0,72.0,0.0,1.0,26411000.0
1992-11-28,70.0,70.0,70.0,70.0,0.0,0.0,26411000.0
1992-11-30,70.0,70.0,70.0,70.0,0.0,0.0,26411000.0
1992-12-01,70.0,70.0,70.0,70.0,0.0,0.0,26411000.0
1992-12-02,71.0,70.0,71.0,70.0,0.0,1.0,26411000.0
1992-12-03,71.0,71.0,71.0,71.0,0.0,0.0,26411000.0
1992-12-04,72.0,71.0,71.0,72.0,0.0,1.0,26411000.0
1992-12-07,72.0,71.0,71.0,72.0,0.0,1.0,26411000.0
1992-12-08,72.0,71.0,71.0,72.0,0.0,1.0,26411000.0
1992-12-09,72.0,70.0,70.0,72.0,0.0,1.0,26411000.0
1992-12-10,70.0,70.0,70.0,70.0,0.0,0.0,26411000.0
1992-12-11,72.0,70.0,70.0,72.0,0.0,1.0,26411000.0
1992-12-14,72.0,70.0,70.0,72.0,0.0,1.0,26411000.0
1992-12-15,72.0,70.0,70.0,72.0,0.0,1.0,26411000.0
1992-12-16,72.0,70.0,70.0,72.0,0.0,1.0,26411000.0
1992-12-17,70.0,70.0,70.0,70.0,0.0,0.0,26411000.0
1992-12-18,72.0,70.0,70.0,72.0,0.0,1.0,26411000.0
1992-12-21,70.0,70.0,70.0,70.0,0.0,0.0,26411000.0
1992-12-22,75.0,70.0,75.0,72.0,0.0,1.0,26411000.0
1992-12-23,76.0,75.0,75.0,75.0,0.0,0.0,26411000.0
1992-12-24,75.0,75.0,75.0,75.0,0.0,0.0,26411000.0
1992-12-25,75.0,75.0,75.0,75.0,0.0,0.0,26411000.0
1992-12-28,75.0,75.0,75.0,75.0,0.0,0.0,26411000.0
1992-12-29,75.0,75.0,75.0,75.0,0.0,0.0,26411000.0
1992-12-30,75.0,75.0,75.0,75.0,0.0,0.0,26411000.0
1992-12-31,75.0,75.0,75.0,75.0,0.0,0.0,26411000.0
1993-01-01,75.0,75.0,75.0,75.0,0.0,0.0,26411000.0
1993-01-04,75.0,75.0,75.0,75.0,0.0,0.0,26411000.0
1993-01-05,75.0,75.0,75.0,75.0,0.0,0.0,26411000.0
1993-01-06,75.0,75.0,75.0,75.0,0.0,0.0,26411000.0
1993-01-07,75.0,75.0,75.0,75.0,0.0,0.0,26411000.0
1993-01-08,75.0,75.0,75.0,75.0,0.0,0.0,26411000.0
1993-01-11,75.0,75.0,75.0,75.0,0.0,0.0,26411000.0
1993-01-12,75.0,75.0,75.0,75.0,0.0,0.0,26411000.0
1993-01-13,75.0,75.0,75.0,75.0,0.0,0.0,26411000.0
1993-01-14,75.0,75.0,75.0,75.0,0.0,0.0,26411000.0
1993-01-15,75.0,75.0,75.0,75.0,0.0,0.0,26411000.0
1993-01-18,75.0,75.0,75.0,75.0,0.0,0.0,26411000.0
1993-01-19,75.0,75.0,75.0,75.0,0.0,0.0,26411000.0
1993-01-20,75.0,75.0,75.0,75.0,0.0,0.0,26411000.0
1993-01-21,75.0,75.0,75.0,75.0,0.0,0.0,26411000.0
1993-01-22,75.0,75.0,75.0,75.0,0.0,0.0,26411000.0
1993-01-25,75.0,75.0,75.0,75.0,0.0,0.0,26411000.0
1993-01-26,75.0,75.0,75.0,75.0,0.0,0.0,26411000.0
1993-01-27,75.0,75.0,75.0,75.0,0.0,0.0,26411000.0
1993-01-28,75.0,75.0,75.0,75.0,0.0,0.0,26411000.0
1993-01-29,75.0,75.0,75.0,75.0,0.0,0.0,26411000.0
1993-02-01,75.0,75.0,75.0,75.0,0.0,0.0,26411000.0
1993-02-02,75.0,75.0,75.0,75.0,0.0,0.0,26411000.0
1993-02-03,75.0,75.0,75.0,75.0,0.0,0.0,26411000.0
1993-02-04,75.0,75.0,75.0,75.0,0.0,0.0,26411000.0
1993-02-05,75.0,75.0,75.0,75.0,0.0,0.0,26411000.0
1993-02-08,75.0,75.0,75.0,75.0,0.0,0.0,26411000.0
1993-02-09,75.0,75.0,75.0,75.0,0.0,0.0,26411000.0
1993-02-10,75.0,75.0,75.0,75.0,0.0,0.0,26411000.0
1993-02-11,75.0,75.0,75.0,75.0,0.0,0.0,26411000.0
1993-02-12,75.0,75.0,75.0,75.0,0.0,0.0,26411000.0
1993-02-15,75.0,75.0,75.0,75.0,0.0,0.0,26411000.0
1993-02-16,75.0,75.0,75.0,75.0,0.0,0.0,26411000.0
1993-02-17,75.0,75.0,75.0,75.0,0.0,0.0,26411000.0
1993-02-18,75.0,75.0,75.0,75.0,0.0,0.0,26411000.0
1993-02-19,75.0,75.0,75.0,75.0,0.0,0.0,26411000.0
1993-02-22,75.0,75.0,75.0,75.0,0.0,0.0,26411000.0
1993-02-23,75.0,75.0,75.0,75.0,0.0,0.0,26411000.0
1993-02-24,75.0,75.0,75.0,75.0,0.0,0.0,26411000.0
1993-02-25,75.0,75.0,75.0,75.0,0.0,0.0,26411000.0
1993-02-26,75.0,75.0,75.0,75.0,0.0,0.0,26411000.0
1993-03-01,75.0,75.0,75.0,75.0,0.0,0.0,26411000.0
1993-03-02,75.0,75.0,75.0,75.0,0.0,0.0,26411000.0
1993-03-03,75.0,75.0,75.0,75.0,0.0,0.0,26411000.0
1993-03-04,75.0,75.0,75.0,75.0,0.0,0.0,26411000.0
1993-03-05,75.0,75.0,75.0,75.0,0.0,0.0,26411000.0
1993-03-08,75.0,75.0,75.0,75.0,0.0,0.0,26411000.0
1993-03-09,75.0,75.0,75.0,75.0,0.0,0.0,26411000.0
1993-03-10,75.0,75.0,75.0,75.0,0.0,0.0,26411000.0
1993-03-11,75.0,75.0,75.0,75.0,0.0,0.0,26411000.0
1993-03-12,75.0,75.0,75.0,75.0,0.0,0.0,26411000.0
1993-03-15,75.0,75.0,75.0,75.0,0.0,0.0,26411000.0
1993-03-16,75.0,75.0,75.0,75.0,0.0,0.0,26411000.0
1993-03-17,75.0,75.0,75.0,75.0,0.0,0.0,26411000.0
1993-03-18,75.0,75.0,75.0,75.0,0.0,0.0,26411000.0
1993-03-19,75.0,75.0,75.0,75.0,0.0,0.0,26411000.0
1993-03-22,75.0,75.0,75.0,75.0,0.0,0.0,26411000.0
1993-03-23,75.0,75.0,75.0,75.0,0.0,0.0,26411000.0
1993-03-24,75.0,75.0,75.0,75.0,0.0,0.0,26411000.0
1993-03-25,75.0,75.0,75.0,75.0,0.0,0.0,26411000.0
1993-03-26,75.0,75.0,75.0,75.0,0.0,0.0,26411000.0
1993-03-29,75.0,75.0,75.0,75.0,0.0,0.0,26411000.0
1993-03-30,75.0,75.0,75.0,75.0,0.0,0.0,26411000.0
1993-03-31,75.0,75.0,75.0,75.0,0.0,0.0,26411000.0
1993-04-01,75.0,75.0,75.0,75.0,0.0,0.0,26411000.0
1993-04-02,75.0,75.0,75.0,75.0,0.0,0.0,26411000.0
1993-04-05,75.0,75.0,75.0,75.0,0.0,0.0,26411000.0
1993-04-06,75.0,75.0,75.0,75.0,0.0,0.0,26411000.0
1993-04-07,75.0,75.0,75.0,75.0,0.0,0.0,26411000.0
1993-04-08,75.0,75.0,75.0,75.0,0.0,0.0,26411000.0
1993-04-13,75.0,75.0,75.0,75.0,0.0,0.0,26411000.0
1993-04-14,75.0,75.0,75.0,75.0,0.0,0.0,26411000.0
1993-04-15,75.0,75.0,75.0,75.0,0.0,0.0,26411000.0
1993-04-16,75.0,75.0,75.0,75.0,0.0,0.0,26411000.0
1993-04-19,75.0,75.0,75.0,75.0,0.0,0.0,26411000.0
1993-04-20,75.0,75.0,75.0,75.0,0.0,0.0,26411000.0
1993-04-21,75.0,75.0,75.0,75.0,0.0,0.0,26411000.0
1993-04-22,75.0,75.0,75.0,75.0,0.0,0.0,26411000.0
1993-04-23,75.0,75.0,75.0,75.0,0.0,0.0,26411000.0
1993-04-26,75.0,75.0,75.0,75.0,0.0,0.0,26411000.0
1993-04-27,75.0,75.0,75.0,75.0,0.0,0.0,26411000.0
1993-04-28,75.0,75.0,75.0,75.0,0.0,0.0,26411000.0
1993-04-29,75.0,75.0,75.0,75.0,0.0,0.0,26411000.0
1993-04-30,75.0,75.0,75.0,75.0,0.0,0.0,26411000.0
1993-05-03,75.0,75.0,75.0,75.0,0.0,0.0,26411000.0
1993-05-04,75.0,75.0,75.0,75.0,0.0,0.0,26411000.0
1993-05-05,75.0,75.0,75.0,75.0,0.0,0.0,26411000.0
1993-05-06,75.0,75.0,75.0,75.0,0.0,0.0,26411000.0
1993-05-07,75.0,75.0,75.0,75.0,0.0,0.0,26411000.0
1993-05-10,75.0,75.0,75.0,75.0,0.0,0.0,26411000.0
1993-05-11,75.0,75.0,75.0,75.0,0.0,0.0,26411000.0
1993-05-12,75.0,75.0,75.0,75.0,0.0,0.0,26411000.0
1993-05-13,75.0,75.0,75.0,75.0,0.0,0.0,26411000.0
1993-05-14,75.0,75.0,75.0,75.0,0.0,0.0,26411000.0
1993-05-17,75.0,75.0,75.0,75.0,0.0,0.0,26411000.0
1993-05-18,75.0,75.0,75.0,75.0,0.0,0.0,26411000.0
1993-05-19,75.0,75.0,75.0,75.0,0.0,0.0,26411000.0
1993-05-20,75.0,75.0,75.0,75.0,0.0,0.0,26411000.0
1993-05-21,75.0,75.0,75.0,75.0,0.0,0.0,26411000.0
1993-05-24,75.0,75.0,75.0,75.0,0.0,0.0,26411000.0
1993-05-25,75.0,75.0,75.0,75.0,0.0,0.0,26411000.0
1993-05-26,75.0,75.0,75.0,75.0,0.0,0.0,26411000.0
1993-05-27,75.0,75.0,75.0,75.0,0.0,0.0,26411000.0
1993-05-28,75.0,75.0,75.0,75.0,0.0,0.0,26411000.0
1993-06-01,75.0,75.0,75.0,75.0,0.0,0.0,26411000.0
1993-06-02,75.0,75.0,75.0,75.0,0.0,0.0,26411000.0
1993-06-03,75.0,75.0,75.0,75.0,0.0,0.0,26411000.0
1993-06-04,75.0,75.0,75.0,75.0,0.0,0.0,26411000.0
1993-06-07,75.0,75.0,75.0,75.0,0.0,0.0,26411000.0
1993-06-08,75.0,75.0,75.0,75.0,0.0,0.0,26411000.0
1993-06-09,75.0,75.0,75.0,75.0,0.0,0.0,26411000.0
1993-06-10,75.0,75.0,75.0,75.0,0.0,0.0,26411000.0
1993-06-11,75.0,75.0,75.0,75.0,0.0,0.0,26411000.0
1993-06-14,75.0,75.0,75.0,75.0,0.0,0.0,26411000.0
1993-06-15,75.0,75.0,75.0,75.0,0.0,0.0,26411000.0
1993-06-16,75.0,75.0,75.0,75.0,0.0,0.0,26411000.0
1993-06-17,75.0,75.0,75.0,75.0,0.0,0.0,26411000.0
1993-06-18,75.0,75.0,75.0,75.0,0.0,0.0,26411000.0
1993-06-21,75.0,75.0,75.0,75.0,0.0,0.0,26411000.0
1993-06-22,75.0,75.0,75.0,75.0,0.0,0.0,26411000.0
1993-06-23,75.0,75.0,75.0,75.0,0.0,0.0,26411000.0
1993-06-24,75.0,75.0,75.0,75.0,0.0,0.0,26411000.0
1993-06-25,75.0,75.0,75.0,75.0,0.0,0.0,26411000.0
1993-06-28,75.0,75.0,75.0,75.0,0.0,0.0,26411000.0
1993-06-29,75.0,75.0,75.0,75.0,0.0,0.0,26411000.0
1993-06-30,75.0,75.0,75.0,75.0,0.0,0.0,26411000.0
1993-07-01,75.0,75.0,75.0,75.0,0.0,0.0,26411000.0
1993-07-02,75.0,75.0,75.0,75.0,0.0,0.0,26411000.0
1993-07-05,75.0,75.0,75.0,75.0,0.0,0.0,26411000.0
1993-07-06,75.0,75.0,75.0,75.0,0.0,0.0,26411000.0
1993-07-07,75.0,75.0,75.0,75.0,0.0,0.0,26411000.0
1993-07-08,75.0,75.0,75.0,75.0,0.0,0.0,26411000.0
1993-07-09,75.0,75.0,75.0,75.0,0.0,0.0,26411000.0
1993-07-12,75.0,75.0,75.0,75.0,0.0,0.0,26411000.0
1993-07-13,75.0,75.0,75.0,75.0,0.0,0.0,26411000.0
1993-07-14,75.0,75.0,75.0,75.0,0.0,0.0,26411000.0
1993-07-15,75.0,75.0,75.0,75.0,0.0,0.0,26411000.0
1993-07-16,75.0,75.0,75.0,75.0,0.0,0.0,26411000.0
1993-07-19,75.0,75.0,75.0,75.0,0.0,0.0,26411000.0
1993-07-20,75.0,75.0,75.0,75.0,0.0,0.0,26411000.0
1993-07-21,75.0,75.0,75.0,75.0,0.0,0.0,26411000.0
1993-07-22,75.0,75.0,75.0,75.0,0.0,0.0,26411000.0
1993-07-23,75.0,75.0,75.0,75.0,0.0,0.0,26411000.0
1993-07-26,75.0,75.0,75.0,75.0,0.0,0.0,26411000.0
1993-07-27,75.0,75.0,75.0,75.0,0.0,0.0,26411000.0
1993-07-28,75.0,75.0,75.0,75.0,0.0,0.0,26411000.0
1993-07-29,75.0,75.0,75.0,75.0,0.0,0.0,26411000.0
1993-07-30,75.0,75.0,75.0,75.0,0.0,0.0,26411000.0
1993-08-02,75.0,75.0,75.0,75.0,0.0,0.0,26411000.0
1993-08-03,75.0,75.0,75.0,75.0,0.0,0.0,26411000.0
1993-08-04,75.0,75.0,75.0,75.0,0.0,0.0,26411000.0
1993-08-05,75.0,75.0,75.0,75.0,0.0,0.0,26411000.0
1993-08-06,75.0,75.0,75.0,75.0,0.0,0.0,26411000.0
1993-08-09,75.0,75.0,75.0,75.0,0.0,0.0,26411000.0
1993-08-10,75.0,75.0,75.0,75.0,0.0,0.0,26411000.0
1993-08-11,75.0,75.0,75.0,75.0,0.0,0.0,26411000.0
1993-08-12,75.0,75.0,75.0,75.0,0.0,0.0,26411000.0
1993-08-13,75.0,75.0,75.0,75.0,0.0,0.0,26411000.0
1993-08-16,75.0,75.0,75.0,75.0,0.0,0.0,26411000.0
1993-08-17,75.0,75.0,75.0,75.0,0.0,0.0,26411000.0
1993-08-18,75.0,75.0,75.0,75.0,0.0,0.0,26411000.0
1993-08-19,75.0,75.0,75.0,75.0,0.0,0.0,26411000.0
1993-08-20,75.0,75.0,75.0,75.0,0.0,0.0,26411000.0
1993-08-23,75.0,75.0,75.0,75.0,0.0,0.0,26411000.0
1993-08-24,75.0,75.0,75.0,75.0,0.0,0.0,26411000.0
1993-08-25,75.0,75.0,75.0,75.0,0.0,0.0,26411000.0
1993-08-26,75.0,75.0,75.0,75.0,0.0,0.0,26411000.0
1993-08-27,75.0,75.0,75.0,75.0,0.0,0.0,26411000.0
1993-08-30,75.0,75.0,75.0,75.0,0.0,0.0,26411000.0
1993-08-31,75.0,75.0,75.0,75.0,0.0,0.0,26411000.0
1993-09-01,75.0,75.0,75.0,75.0,0.0,0.0,26411000.0
1993-09-02,75.0,75.0,75.0,75.0,0.0,0.0,26411000.0
1993-09-03,75.0,75.0,75.0,75.0,0.0,0.0,26411000.0
1993-09-06,75.0,75.0,75.0,75.0,0.0,0.0,26411000.0
1993-09-07,75.0,75.0,75.0,75.0,0.0,0.0,26411000.0
1993-09-08,75.0,75.0,75.0,75.0,0.0,0.0,26411000.0
1993-09-09,75.0,75.0,75.0,75.0,0.0,0.0,26411000.0
1993-09-10,75.0,75.0,75.0,75.0,0.0,0.0,26411000.0
1993-09-13,75.0,75.0,75.0,75.0,0.0,0.0,26411000.0
1993-09-14,75.0,75.0,75.0,75.0,0.0,0.0,26411000.0
1993-09-15,75.0,75.0,75.0,75.0,0.0,0.0,26411000.0
1993-09-16,75.0,75.0,75.0,75.0,0.0,0.0,26411000.0
1993-09-17,75.0,75.0,75.0,75.0,0.0,0.0,26411000.0
1993-09-20,75.0,75.0,75.0,75.0,0.0,0.0,26411000.0
1993-09-21,75.0,75.0,75.0,75.0,0.0,0.0,26411000.0
1993-09-22,75.0,75.0,75.0,75.0,0.0,0.0,26411000.0
1993-09-23,75.0,75.0,75.0,75.0,0.0,0.0,26411000.0
1993-09-24,75.0,75.0,75.0,75.0,0.0,0.0,26411000.0
1993-09-27,75.0,75.0,75.0,75.0,0.0,0.0,26411000.0
1993-09-28,75.0,75.0,75.0,75.0,0.0,0.0,26411000.0
1993-09-29,75.0,75.0,75.0,75.0,0.0,0.0,26411000.0
1993-09-30,75.0,75.0,75.0,75.0,0.0,0.0,26411000.0
1993-10-01,75.0,75.0,75.0,75.0,0.0,0.0,26411000.0
1993-10-04,75.0,75.0,75.0,75.0,0.0,0.0,26411000.0
1993-10-05,75.0,75.0,75.0,75.0,0.0,0.0,26411000.0
1993-10-06,75.0,75.0,75.0,75.0,0.0,0.0,26411000.0
1993-10-07,75.0,75.0,75.0,75.0,0.0,0.0,26411000.0
1993-10-08,75.0,75.0,75.0,75.0,0.0,0.0,26411000.0
1993-10-11,75.0,75.0,75.0,75.0,0.0,0.0,26411000.0
1993-10-12,75.0,75.0,75.0,75.0,0.0,0.0,26411000.0
1993-10-13,75.0,75.0,75.0,75.0,0.0,0.0,26411000.0
1993-10-14,75.0,75.0,75.0,75.0,0.0,0.0,26411000.0
1993-10-15,75.0,75.0,75.0,75.0,0.0,0.0,26411000.0
1993-10-18,75.0,75.0,75.0,75.0,0.0,0.0,26411000.0
1993-10-19,75.0,75.0,75.0,75.0,0.0,0.0,26411000.0
1993-10-20,75.0,75.0,75.0,75.0,0.0,0.0,26411000.0
1993-10-21,75.0,75.0,75.0,75.0,0.0,0.0,26411000.0
1993-10-22,75.0,75.0,75.0,75.0,0.0,0.0,26411000.0
1993-10-25,75.0,75.0,75.0,75.0,0.0,0.0,26411000.0
1993-10-26,75.0,75.0,75.0,75.0,0.0,0.0,26411000.0
1993-10-27,75.0,75.0,75.0,75.0,0.0,0.0,26411000.0
1993-10-28,75.0,75.0,75.0,75.0,0.0,0.0,26411000.0
1993-10-29,75.0,75.0,75.0,75.0,0.0,0.0,26411000.0
1993-11-01,75.0,75.0,75.0,75.0,0.0,0.0,26411000.0
1993-11-02,75.0,75.0,75.0,75.0,0.0,0.0,26411000.0
1993-11-03,75.0,75.0,75.0,75.0,0.0,0.0,26411000.0
1993-11-04,75.0,75.0,75.0,75.0,0.0,0.0,26411000.0
1993-11-05,75.0,75.0,75.0,75.0,0.0,0.0,26411000.0
1993-11-08,75.0,75.0,75.0,75.0,0.0,0.0,26411000.0
1993-11-09,75.0,75.0,75.0,75.0,0.0,0.0,26411000.0
1993-11-10,75.0,75.0,75.0,75.0,0.0,0.0,26411000.0
1993-11-11,75.0,75.0,75.0,75.0,0.0,0.0,26411000.0
1993-11-12,75.0,75.0,75.0,75.0,0.0,0.0,26411000.0
1993-11-15,75.0,75.0,75.0,75.0,0.0,0.0,26411000.0
1993-11-16,75.0,75.0,75.0,75.0,0.0,0.0,26411000.0
1993-11-17,75.0,75.0,75.0,75.0,0.0,0.0,26411000.0
1993-11-18,75.0,75.0,75.0,75.0,0.0,0.0,26411000.0
1993-11-19,75.0,75.0,75.0,75.0,0.0,0.0,26411000.0
1993-11-22,75.0,75.0,75.0,75.0,0.0,0.0,26411000.0
1993-11-23,75.0,75.0,75.0,75.0,0.0,0.0,26411000.0
1993-11-24,75.0,75.0,75.0,75.0,0.0,0.0,26411000.0
1993-11-25,75.0,75.0,75.0,75.0,0.0,0.0,26411000.0
1993-11-26,75.0,75.0,75.0,75.0,0.0,0.0,26411000.0
1993-11-29,75.0,75.0,75.0,75.0,0.0,0.0,26411000.0
1993-11-30,75.0,75.0,75.0,75.0,0.0,0.0,26411000.0
1993-12-01,75.0,75.0,75.0,75.0,0.0,0.0,26411000.0
1993-12-02,75.0,75.0,75.0,75.0,0.0,0.0,26411000.0
1993-12-03,75.0,75.0,75.0,75.0,0.0,0.0,26411000.0
1993-12-06,75.0,75.0,75.0,75.0,0.0,0.0,26411000.0
1993-12-07,75.0,75.0,75.0,75.0,0.0,0.0,26411000.0
1993-12-08,75.0,75.0,75.0,75.0,0.0,0.0,26411000.0
1993-12-09,75.0,75.0,75.0,75.0,0.0,0.0,26411000.0
1993-12-10,75.0,75.0,75.0,75.0,0.0,0.0,26411000.0
1993-12-13,75.0,75.0,75.0,75.0,0.0,0.0,26411000.0
1993-12-14,75.0,75.0,75.0,75.0,0.0,0.0,26411000.0
1993-12-15,75.0,75.0,75.0,75.0,0.0,0.0,26411000.0
1993-12-16,75.0,75.0,75.0,75.0,0.0,0.0,26411000.0
1993-12-17,75.0,75.0,75.0,75.0,0.0,0.0,26411000.0
1993-12-20,75.0,75.0,75.0,75.0,0.0,0.0,26411000.0
1993-12-21,75.0,75.0,75.0,75.0,0.0,0.0,26411000.0
1993-12-22,75.0,75.0,75.0,75.0,0.0,0.0,26411000.0
1993-12-23,75.0,75.0,75.0,75.0,0.0,0.0,26411000.0
1993-12-24,75.0,75.0,75.0,75.0,0.0,0.0,26411000.0
1993-12-27,75.0,75.0,75.0,75.0,0.0,0.0,26411000.0
1993-12-28,75.0,75.0,75.0,75.0,0.0,0.0,26411000.0
1993-12-29,75.0,75.0,75.0,75.0,0.0,0.0,26411000.0
1993-12-30,75.0,75.0,75.0,75.0,0.0,0.0,26411000.0
1993-12-31,75.0,75.0,75.0,75.0,0.0,0.0,26411000.0
1994-01-03,75.0,75.0,75.0,75.0,0.0,0.0,26411000.0
1994-01-04,75.0,75.0,75.0,75.0,0.0,0.0,26411000.0
1994-01-05,75.0,75.0,75.0,75.0,0.0,0.0,26411000.0
1994-01-06,75.0,75.0,75.0,75.0,0.0,0.0,26411000.0
1994-01-07,75.0,75.0,75.0,75.0,0.0,0.0,26411000.0
1994-01-10,75.0,75.0,75.0,75.0,0.0,0.0,26411000.0
1994-01-11,75.0,75.0,75.0,75.0,0.0,0.0,26411000.0
1994-01-12,75.0,75.0,75.0,75.0,0.0,0.0,26411000.0
1994-01-13,75.0,75.0,75.0,75.0,0.0,0.0,26411000.0
1994-01-14,75.0,75.0,75.0,75.0,0.0,0.0,26411000.0
1994-01-17,75.0,75.0,75.0,75.0,0.0,0.0,26411000.0
1994-01-18,75.0,75.0,75.0,75.0,0.0,0.0,26411000.0
1994-01-19,75.0,75.0,75.0,75.0,0.0,0.0,26411000.0
1994-01-20,75.0,75.0,75.0,75.0,0.0,0.0,26411000.0
1994-01-21,75.0,75.0,75.0,75.0,0.0,0.0,26411000.0
1994-01-24,75.0,75.0,75.0,75.0,0.0,0.0,26411000.0
1994-01-25,75.0,75.0,75.0,75.0,0.0,0.0,26411000.0
1994-01-26,75.0,75.0,75.0,75.0,0.0,0.0,26411000.0
1994-01-27,75.0,75.0,75.0,75.0,0.0,0.0,26411000.0
1994-01-28,75.0,75.0,75.0,75.0,0.0,0.0,26411000.0
1994-01-31,75.0,75.0,75.0,75.0,0.0,0.0,26411000.0
1994-02-01,75.0,75.0,75.0,75.0,0.0,0.0,26411000.0
1994-02-02,75.0,75.0,75.0,75.0,0.0,0.0,26411000.0
1994-02-03,75.0,75.0,75.0,75.0,0.0,0.0,26411000.0
1994-02-04,75.0,75.0,75.0,75.0,0.0,0.0,26411000.0
1994-02-07,75.0,75.0,75.0,75.0,0.0,0.0,26411000.0
1994-02-08,75.0,75.0,75.0,75.0,0.0,0.0,26411000.0
1994-02-09,75.0,75.0,75.0,75.0,0.0,0.0,26411000.0
1994-02-10,75.0,75.0,75.0,75.0,0.0,0.0,26411000.0
1994-02-11,75.0,75.0,75.0,75.0,0.0,0.0,26411000.0
1994-02-14,75.0,75.0,75.0,75.0,0.0,0.0,26411000.0
1994-02-15,75.0,75.0,75.0,75.0,0.0,0.0,26411000.0
1994-02-16,75.0,75.0,75.0,75.0,0.0,0.0,26411000.0
1994-02-17,75.0,75.0,75.0,75.0,0.0,0.0,26411000.0
1994-02-18,75.0,75.0,75.0,75.0,0.0,0.0,26411000.0
1994-02-21,75.0,75.0,75.0,75.0,0.0,0.0,26411000.0
1994-02-22,75.0,75.0,75.0,75.0,0.0,0.0,26411000.0
1994-02-23,75.0,75.0,75.0,75.0,0.0,0.0,26411000.0
1994-02-24,75.0,75.0,75.0,75.0,0.0,0.0,26411000.0
1994-02-25,75.0,75.0,75.0,75.0,0.0,0.0,26411000.0
1994-02-28,75.0,75.0,75.0,75.0,0.0,0.0,26411000.0
1994-03-01,75.0,75.0,75.0,75.0,0.0,0.0,26411000.0
1994-03-02,75.0,75.0,75.0,75.0,0.0,0.0,26411000.0
1994-03-03,75.0,75.0,75.0,75.0,0.0,0.0,26411000.0
1994-03-04,75.0,75.0,75.0,75.0,0.0,0.0,26411000.0
1994-03-07,75.0,75.0,75.0,75.0,0.0,0.0,26411000.0
1994-03-08,75.0,75.0,75.0,75.0,0.0,0.0,26411000.0
1994-03-09,75.0,75.0,75.0,75.0,0.0,0.0,26411000.0
1994-03-10,75.0,75.0,75.0,75.0,0.0,0.0,26411000.0
1994-03-11,75.0,75.0,75.0,75.0,0.0,0.0,26411000.0
1994-03-14,75.0,75.0,75.0,75.0,0.0,0.0,26411000.0
1994-03-15,75.0,75.0,75.0,75.0,0.0,0.0,26411000.0
1994-03-16,75.0,75.0,75.0,75.0,0.0,0.0,26411000.0
1994-03-17,75.0,75.0,75.0,75.0,0.0,0.0,26411000.0
1994-03-18,75.0,75.0,75.0,75.0,0.0,0.0,26411000.0
1994-03-21,75.0,75.0,75.0,75.0,0.0,0.0,26411000.0
1994-03-22,75.0,75.0,75.0,75.0,0.0,0.0,26411000.0
1994-03-23,75.0,75.0,75.0,75.0,0.0,0.0,26411000.0
1994-03-24,75.0,75.0,75.0,75.0,0.0,0.0,26411000.0
1994-03-25,75.0,75.0,75.0,75.0,0.0,0.0,26411000.0
1994-03-28,75.0,75.0,75.0,75.0,0.0,0.0,26411000.0
1994-03-29,75.0,75.0,75.0,75.0,0.0,0.0,26411000.0
1994-03-30,75.0,75.0,75.0,75.0,0.0,0.0,26411000.0
1994-03-31,75.0,75.0,75.0,75.0,0.0,0.0,26411000.0
1994-04-05,75.0,75.0,75.0,75.0,0.0,0.0,26411000.0
1994-04-06,75.0,75.0,75.0,75.0,0.0,0.0,26411000.0
1994-04-07,75.0,75.0,75.0,75.0,0.0,0.0,26411000.0
1994-04-08,75.0,75.0,75.0,75.0,0.0,0.0,26411000.0
1994-04-11,75.0,75.0,75.0,75.0,0.0,0.0,26411000.0
1994-04-12,75.0,75.0,75.0,75.0,0.0,0.0,26411000.0
1994-04-13,75.0,75.0,75.0,75.0,0.0,0.0,26411000.0
1994-04-14,75.0,75.0,75.0,75.0,0.0,0.0,26411000.0
1994-04-15,75.0,75.0,75.0,75.0,0.0,0.0,26411000.0
1994-04-18,75.0,75.0,75.0,75.0,0.0,0.0,26411000.0
1994-04-19,75.0,75.0,75.0,75.0,0.0,0.0,26411000.0
1994-04-20,75.0,75.0,75.0,75.0,0.0,0.0,26411000.0
1994-04-21,75.0,75.0,75.0,75.0,0.0,0.0,26411000.0
1994-04-22,75.0,75.0,75.0,75.0,0.0,0.0,26411000.0
1994-04-25,75.0,75.0,75.0,75.0,0.0,0.0,26411000.0
1994-04-26,75.0,75.0,75.0,75.0,0.0,0.0,26411000.0
1994-04-27,75.0,75.0,75.0,75.0,0.0,0.0,26411000.0
1994-04-28,75.0,75.0,75.0,75.0,0.0,0.0,26411000.0
1994-04-29,75.0,75.0,75.0,75.0,0.0,0.0,26411000.0
1994-05-02,75.0,75.0,75.0,75.0,0.0,0.0,26411000.0
1994-05-03,75.0,75.0,75.0,75.0,0.0,0.0,26411000.0
1994-05-04,75.0,75.0,75.0,75.0,0.0,0.0,26411000.0
1994-05-05,75.0,75.0,75.0,75.0,0.0,0.0,26411000.0
1994-05-06,75.0,75.0,75.0,75.0,0.0,0.0,26411000.0
1994-05-09,75.0,75.0,75.0,75.0,0.0,0.0,26411000.0
1994-05-10,75.0,75.0,75.0,75.0,0.0,0.0,26411000.0
1994-05-11,75.0,75.0,75.0,75.0,0.0,0.0,26411000.0
1994-05-12,75.0,75.0,75.0,75.0,0.0,0.0,26411000.0
1994-05-13,75.0,75.0,75.0,75.0,0.0,0.0,26411000.0
1994-05-16,75.0,75.0,75.0,75.0,0.0,0.0,26411000.0
1994-05-17,75.0,75.0,75.0,75.0,0.0,0.0,26411000.0
1994-05-18,75.0,75.0,75.0,75.0,0.0,0.0,26411000.0
1994-05-19,75.0,75.0,75.0,75.0,0.0,0.0,26411000.0
1994-05-20,75.0,75.0,75.0,75.0,0.0,0.0,26411000.0
1994-05-23,75.0,75.0,75.0,75.0,0.0,0.0,26411000.0
1994-05-24,75.0,75.0,75.0,75.0,0.0,0.0,26411000.0
1994-05-25,75.0,75.0,75.0,75.0,0.0,0.0,26411000.0
1994-05-26,75.0,75.0,75.0,75.0,0.0,0.0,26411000.0
1994-05-27,75.0,75.0,75.0,75.0,0.0,0.0,26411000.0
1994-05-30,75.0,75.0,75.0,75.0,0.0,0.0,26411000.0
1994-05-31,75.0,75.0,75.0,75.0,0.0,0.0,26411000.0
1994-06-01,75.0,75.0,75.0,75.0,0.0,0.0,26411000.0
1994-06-02,75.0,75.0,75.0,75.0,0.0,0.0,26411000.0
1994-06-03,75.0,75.0,75.0,75.0,0.0,0.0,26411000.0
1994-06-06,75.0,75.0,75.0,75.0,0.0,0.0,26411000.0
1994-06-07,75.0,75.0,75.0,75.0,0.0,0.0,26411000.0
1994-06-08,75.0,75.0,75.0,75.0,0.0,0.0,26411000.0
1994-06-09,75.0,75.0,75.0,75.0,0.0,0.0,26411000.0
1994-06-10,75.0,75.0,75.0,75.0,0.0,0.0,26411000.0
1994-06-13,75.0,75.0,75.0,75.0,0.0,0.0,26411000.0
1994-06-14,75.0,75.0,75.0,75.0,0.0,0.0,26411000.0
1994-06-15,75.0,75.0,75.0,75.0,0.0,0.0,26411000.0
1994-06-16,75.0,75.0,75.0,75.0,0.0,0.0,26411000.0
1994-06-17,75.0,75.0,75.0,75.0,0.0,0.0,26411000.0
1994-06-20,75.0,75.0,75.0,75.0,0.0,0.0,26411000.0
1994-06-21,75.0,75.0,75.0,75.0,0.0,0.0,26411000.0
1994-06-22,75.0,75.0,75.0,75.0,0.0,0.0,26411000.0
1994-06-23,75.0,75.0,75.0,75.0,0.0,0.0,26411000.0
1994-06-24,75.0,75.0,75.0,75.0,0.0,0.0,26411000.0
1994-06-27,75.0,75.0,75.0,75.0,0.0,0.0,26411000.0
1994-06-28,75.0,75.0,75.0,75.0,0.0,0.0,26411000.0
1994-06-29,75.0,75.0,75.0,75.0,0.0,0.0,26411000.0
1994-06-30,75.0,75.0,75.0,75.0,0.0,0.0,26411000.0
1994-07-01,75.0,75.0,75.0,75.0,0.0,0.0,26411000.0
1994-07-04,75.0,75.0,75.0,75.0,0.0,0.0,26411000.0
1994-07-05,75.0,75.0,75.0,75.0,0.0,0.0,26411000.0
1994-07-06,75.0,75.0,75.0,75.0,0.0,0.0,26411000.0
1994-07-07,75.0,75.0,75.0,75.0,0.0,0.0,26411000.0
1994-07-08,75.0,75.0,75.0,75.0,0.0,0.0,26411000.0
1994-07-11,75.0,75.0,75.0,75.0,0.0,0.0,26411000.0
1994-07-12,75.0,75.0,75.0,75.0,0.0,0.0,26411000.0
1994-07-13,75.0,75.0,75.0,75.0,0.0,0.0,26411000.0
1994-07-14,75.0,75.0,75.0,75.0,0.0,0.0,26411000.0
1994-07-15,75.0,75.0,75.0,75.0,0.0,0.0,26411000.0
1994-07-18,75.0,75.0,75.0,75.0,0.0,0.0,26411000.0
1994-07-19,75.0,75.0,75.0,75.0,0.0,0.0,26411000.0
1994-07-20,75.0,75.0,75.0,75.0,0.0,0.0,26411000.0
1994-07-21,75.0,75.0,75.0,75.0,0.0,0.0,26411000.0
1994-07-22,75.0,75.0,75.0,75.0,0.0,0.0,26411000.0
1994-07-25,75.0,75.0,75.0,75.0,0.0,0.0,26411000.0
1994-07-26,75.0,75.0,75.0,75.0,0.0,0.0,26411000.0
1994-07-27,75.0,75.0,75.0,75.0,0.0,0.0,26411000.0
1994-07-28,75.0,75.0,75.0,75.0,0.0,0.0,26411000.0
1994-07-29,75.0,75.0,75.0,75.0,0.0,0.0,26411000.0
1994-08-01,75.0,75.0,75.0,75.0,0.0,0.0,26411000.0
1994-08-02,75.0,75.0,75.0,75.0,0.0,0.0,26411000.0
1994-08-03,75.0,75.0,75.0,75.0,0.0,0.0,26411000.0
1994-08-04,75.0,75.0,75.0,75.0,0.0,0.0,26411000.0
1994-08-05,75.0,75.0,75.0,75.0,0.0,0.0,26411000.0
1994-08-08,75.0,75.0,75.0,75.0,0.0,0.0,26411000.0
1994-08-09,75.0,75.0,75.0,75.0,0.0,0.0,26411000.0
1994-08-10,75.0,75.0,75.0,75.0,0.0,0.0,26411000.0
1994-08-11,75.0,75.0,75.0,75.0,0.0,0.0,26411000.0
1994-08-12,75.0,75.0,75.0,75.0,0.0,0.0,26411000.0
1994-08-15,75.0,75.0,75.0,75.0,0.0,0.0,26411000.0
1994-08-16,75.0,75.0,75.0,75.0,0.0,0.0,26411000.0
1994-08-17,75.0,75.0,75.0,75.0,0.0,0.0,26411000.0
1994-08-18,75.0,75.0,75.0,75.0,0.0,0.0,26411000.0
1994-08-19,75.0,75.0,75.0,75.0,0.0,0.0,26411000.0
1994-08-22,75.0,75.0,75.0,75.0,0.0,0.0,26411000.0
1994-08-23,75.0,75.0,75.0,75.0,0.0,0.0,26411000.0
1994-08-24,75.0,75.0,75.0,75.0,0.0,0.0,26411000.0
1994-08-25,75.0,75.0,75.0,75.0,0.0,0.0,26411000.0
1994-08-26,75.0,75.0,75.0,75.0,0.0,0.0,26411000.0
1994-08-29,75.0,75.0,75.0,75.0,0.0,0.0,26411000.0
1994-08-30,75.0,75.0,75.0,75.0,0.0,0.0,26411000.0
1994-08-31,75.0,75.0,75.0,75.0,0.0,0.0,26411000.0
1994-09-01,75.0,75.0,75.0,75.0,0.0,0.0,26411000.0
1994-09-02,75.0,75.0,75.0,75.0,0.0,0.0,26411000.0
1994-09-05,75.0,75.0,75.0,75.0,0.0,0.0,26411000.0
1994-09-06,75.0,75.0,75.0,75.0,0.0,0.0,26411000.0
1994-09-07,75.0,75.0,75.0,75.0,0.0,0.0,26411000.0
1994-09-08,75.0,75.0,75.0,75.0,0.0,0.0,26411000.0
1994-09-09,75.0,75.0,75.0,75.0,0.0,0.0,26411000.0
1994-09-12,75.0,75.0,75.0,75.0,0.0,0.0,26411000.0
1994-09-13,75.0,75.0,75.0,75.0,0.0,0.0,26411000.0
1994-09-14,75.0,75.0,75.0,75.0,0.0,0.0,26411000.0
1994-09-15,75.0,75.0,75.0,75.0,0.0,0.0,26411000.0
1994-09-16,75.0,75.0,75.0,75.0,0.0,0.0,26411000.0
1994-09-19,75.0,75.0,75.0,75.0,0.0,0.0,26411000.0
1994-09-20,75.0,75.0,75.0,75.0,0.0,0.0,26411000.0
1994-09-21,75.0,75.0,75.0,75.0,0.0,0.0,26411000.0
1994-09-22,75.0,75.0,75.0,75.0,0.0,0.0,26411000.0
1994-09-23,75.0,75.0,75.0,75.0,0.0,0.0,26411000.0
1994-09-26,75.0,75.0,75.0,75.0,0.0,0.0,26411000.0
1994-09-27,75.0,75.0,75.0,75.0,0.0,0.0,26411000.0
1994-09-28,75.0,75.0,75.0,75.0,0.0,0.0,26411000.0
1994-09-29,75.0,75.0,75.0,75.0,0.0,0.0,26411000.0
1994-09-30,75.0,75.0,75.0,75.0,0.0,0.0,26411000.0
1994-10-03,75.0,75.0,75.0,75.0,0.0,0.0,26411000.0
1994-10-04,75.0,75.0,75.0,75.0,0.0,0.0,26411000.0
1994-10-05,75.0,75.0,75.0,75.0,0.0,0.0,26411000.0
1994-10-06,75.0,75.0,75.0,75.0,0.0,0.0,26411000.0
1994-10-07,75.0,75.0,75.0,75.0,0.0,0.0,26411000.0
1994-10-10,75.0,75.0,75.0,75.0,0.0,0.0,26411000.0
1994-10-11,75.0,75.0,75.0,75.0,0.0,0.0,26411000.0
1994-10-12,75.0,75.0,75.0,75.0,0.0,0.0,26411000.0
1994-10-13,75.0,75.0,75.0,75.0,0.0,0.0,26411000.0
1994-10-14,75.0,75.0,75.0,75.0,0.0,0.0,26411000.0
1994-10-17,75.0,75.0,75.0,75.0,0.0,0.0,26411000.0
1994-10-18,75.0,75.0,75.0,75.0,0.0,0.0,26411000.0
1994-10-19,75.0,75.0,75.0,75.0,0.0,0.0,26411000.0
1994-10-20,75.0,75.0,75.0,75.0,0.0,0.0,26411000.0
1994-10-21,75.0,75.0,75.0,75.0,0.0,0.0,26411000.0
1994-10-24,75.0,75.0,75.0,75.0,0.0,0.0,26411000.0
1994-10-25,75.0,75.0,75.0,75.0,0.0,0.0,26411000.0
1994-10-26,75.0,75.0,75.0,75.0,0.0,0.0,26411000.0
1994-10-27,75.0,75.0,75.0,75.0,0.0,0.0,26411000.0
1994-10-28,75.0,75.0,75.0,75.0,0.0,0.0,26411000.0
1994-10-31,75.0,75.0,75.0,75.0,0.0,0.0,26411000.0
1994-11-01,75.0,75.0,75.0,75.0,0.0,0.0,26411000.0
1994-11-02,75.0,75.0,75.0,75.0,0.0,0.0,26411000.0
1994-11-03,75.0,75.0,75.0,75.0,0.0,0.0,26411000.0
1994-11-04,75.0,75.0,75.0,75.0,0.0,0.0,26411000.0
1994-11-07,75.0,75.0,75.0,75.0,0.0,0.0,26411000.0
1994-11-08,75.0,75.0,75.0,75.0,0.0,0.0,26411000.0
1994-11-09,75.0,75.0,75.0,75.0,0.0,0.0,26411000.0
1994-11-10,75.0,75.0,75.0,75.0,0.0,0.0,26411000.0
1994-11-11,75.0,75.0,75.0,75.0,0.0,0.0,26411000.0
1994-11-14,75.0,75.0,75.0,75.0,0.0,0.0,26411000.0
1994-11-15,75.0,75.0,75.0,75.0,0.0,0.0,26411000.0
1994-11-16,75.0,75.0,75.0,75.0,0.0,0.0,26411000.0
1994-11-17,75.0,75.0,75.0,75.0,0.0,0.0,26411000.0
1994-11-18,75.0,75.0,75.0,75.0,0.0,0.0,26411000.0
1994-11-21,75.0,75.0,75.0,75.0,0.0,0.0,26411000.0
1994-11-22,75.0,75.0,75.0,75.0,0.0,0.0,26411000.0
1994-11-23,75.0,75.0,75.0,75.0,0.0,0.0,26411000.0
1994-11-24,75.0,75.0,75.0,75.0,0.0,0.0,26411000.0
1994-11-25,75.0,75.0,75.0,75.0,0.0,0.0,26411000.0
1994-11-28,75.0,75.0,75.0,75.0,0.0,0.0,26411000.0
1994-11-29,75.0,75.0,75.0,75.0,0.0,0.0,26411000.0
1994-11-30,75.0,75.0,75.0,75.0,0.0,0.0,26411000.0
1994-12-01,75.0,75.0,75.0,75.0,0.0,0.0,26411000.0
1994-12-02,75.0,75.0,75.0,75.0,0.0,0.0,26411000.0
1994-12-05,75.0,75.0,75.0,75.0,0.0,0.0,26411000.0
1994-12-06,75.0,75.0,75.0,75.0,0.0,0.0,26411000.0
1994-12-07,75.0,75.0,75.0,75.0,0.0,0.0,26411000.0
1994-12-08,75.0,75.0,75.0,75.0,0.0,0.0,26411000.0
1994-12-09,75.0,75.0,75.0,75.0,0.0,0.0,26411000.0
1994-12-12,75.0,75.0,75.0,75.0,0.0,0.0,26411000.0
1994-12-13,75.0,75.0,75.0,75.0,0.0,0.0,26411000.0
1994-12-14,75.0,75.0,75.0,75.0,0.0,0.0,26411000.0
1994-12-15,75.0,75.0,75.0,75.0,0.0,0.0,26411000.0
1994-12-16,75.0,75.0,75.0,75.0,0.0,0.0,26411000.0
1994-12-19,75.0,75.0,75.0,75.0,0.0,0.0,26411000.0
1994-12-20,75.0,75.0,75.0,75.0,0.0,0.0,26411000.0
1994-12-21,75.0,75.0,75.0,75.0,0.0,0.0,26411000.0
1994-12-22,75.0,75.0,75.0,75.0,0.0,0.0,26411000.0
1994-12-23,75.0,75.0,75.0,75.0,0.0,0.0,26411000.0
1994-12-26,75.0,75.0,75.0,75.0,0.0,0.0,26411000.0
1994-12-27,75.0,75.0,75.0,75.0,0.0,0.0,26411000.0
1994-12-28,75.0,75.0,75.0,75.0,0.0,0.0,26411000.0
1994-12-29,75.0,75.0,75.0,75.0,0.0,0.0,26411000.0
1994-12-30,75.0,75.0,75.0,75.0,0.0,0.0,26411000.0
1995-01-02,75.0,75.0,75.0,75.0,0.0,0.0,26411000.0
1995-01-03,75.0,75.0,75.0,75.0,0.0,0.0,26411000.0
1995-01-04,75.0,75.0,75.0,75.0,0.0,0.0,26411000.0
1995-01-05,75.0,75.0,75.0,75.0,0.0,0.0,26411000.0
1995-01-06,75.0,75.0,75.0,75.0,0.0,0.0,26411000.0
1995-01-09,75.0,75.0,75.0,75.0,0.0,0.0,26411000.0
1995-01-10,75.0,75.0,75.0,75.0,0.0,0.0,26411000.0
1995-01-11,75.0,75.0,75.0,75.0,0.0,0.0,26411000.0
1995-01-12,75.0,75.0,75.0,75.0,0.0,0.0,26411000.0
1995-01-13,75.0,75.0,75.0,75.0,0.0,0.0,26411000.0
1995-01-16,75.0,75.0,75.0,75.0,0.0,0.0,26411000.0
1995-01-17,75.0,75.0,75.0,75.0,0.0,0.0,26411000.0
1995-01-18,75.0,75.0,75.0,75.0,0.0,0.0,26411000.0
1995-01-19,75.0,75.0,75.0,75.0,0.0,0.0,26411000.0
1995-01-20,75.0,75.0,75.0,75.0,0.0,0.0,26411000.0
1995-01-23,75.0,75.0,75.0,75.0,0.0,0.0,26411000.0
1995-01-24,75.0,75.0,75.0,75.0,0.0,0.0,26411000.0
1995-01-25,75.0,75.0,75.0,75.0,0.0,0.0,26411000.0
1995-01-26,75.0,75.0,75.0,75.0,0.0,0.0,26411000.0
1995-01-27,75.0,75.0,75.0,75.0,0.0,0.0,26411000.0
1995-01-30,75.0,75.0,75.0,75.0,0.0,0.0,26411000.0
1995-01-31,75.0,75.0,75.0,75.0,0.0,0.0,26411000.0
1995-02-01,75.0,75.0,75.0,75.0,0.0,0.0,26411000.0
1995-02-02,75.0,75.0,75.0,75.0,0.0,0.0,26411000.0
1995-02-03,75.0,75.0,75.0,75.0,0.0,0.0,26411000.0
1995-02-06,75.0,75.0,75.0,75.0,0.0,0.0,26411000.0
1995-02-07,75.0,75.0,75.0,75.0,0.0,0.0,26411000.0
1995-02-08,75.0,75.0,75.0,75.0,0.0,0.0,26411000.0
1995-02-09,75.0,75.0,75.0,75.0,0.0,0.0,26411000.0
1995-02-10,75.0,75.0,75.0,75.0,0.0,0.0,26411000.0
1995-02-13,75.0,75.0,75.0,75.0,0.0,0.0,26411000.0
1995-02-14,75.0,75.0,75.0,75.0,0.0,0.0,26411000.0
1995-02-15,75.0,75.0,75.0,75.0,0.0,0.0,26411000.0
1995-02-16,75.0,75.0,75.0,75.0,0.0,0.0,26411000.0
1995-02-17,75.0,75.0,75.0,75.0,0.0,0.0,26411000.0
1995-02-20,75.0,75.0,75.0,75.0,0.0,0.0,26411000.0
1995-02-21,75.0,75.0,75.0,75.0,0.0,0.0,26411000.0
1995-02-22,75.0,75.0,75.0,75.0,0.0,0.0,26411000.0
1995-02-23,75.0,75.0,75.0,75.0,0.0,0.0,26411000.0
1995-02-24,75.0,75.0,75.0,75.0,0.0,0.0,26411000.0
1995-02-27,75.0,75.0,75.0,75.0,0.0,0.0,26411000.0
1995-02-28,75.0,75.0,75.0,75.0,0.0,0.0,26411000.0
1995-03-01,75.0,75.0,75.0,75.0,0.0,0.0,26411000.0
1995-03-02,75.0,75.0,75.0,75.0,0.0,0.0,26411000.0
1995-03-03,75.0,75.0,75.0,75.0,0.0,0.0,26411000.0
1995-03-06,75.0,75.0,75.0,75.0,0.0,0.0,26411000.0
1995-03-07,75.0,75.0,75.0,75.0,0.0,0.0,26411000.0
1995-03-08,75.0,75.0,75.0,75.0,0.0,0.0,26411000.0
1995-03-09,75.0,75.0,75.0,75.0,0.0,0.0,26411000.0
1995-03-10,75.0,75.0,75.0,75.0,0.0,0.0,26411000.0
1995-03-13,75.0,75.0,75.0,75.0,0.0,0.0,26411000.0
1995-03-14,75.0,75.0,75.0,75.0,0.0,0.0,26411000.0
1995-03-15,75.0,75.0,75.0,75.0,0.0,0.0,26411000.0
1995-03-16,75.0,75.0,75.0,75.0,0.0,0.0,26411000.0
1995-03-17,75.0,75.0,75.0,75.0,0.0,0.0,26411000.0
1995-03-20,75.0,75.0,75.0,75.0,0.0,0.0,26411000.0
1995-03-21,75.0,75.0,75.0,75.0,0.0,0.0,26411000.0
1995-03-22,75.0,75.0,75.0,75.0,0.0,0.0,26411000.0
1995-03-23,75.0,75.0,75.0,75.0,0.0,0.0,26411000.0
1995-03-24,75.0,75.0,75.0,75.0,0.0,0.0,26411000.0
1995-03-27,75.0,75.0,75.0,75.0,0.0,0.0,26411000.0
1995-03-28,75.0,75.0,75.0,75.0,0.0,0.0,26411000.0
1995-03-29,75.0,75.0,75.0,75.0,0.0,0.0,26411000.0
1995-03-30,75.0,75.0,75.0,75.0,0.0,0.0,26411000.0
1995-03-31,75.0,75.0,75.0,75.0,0.0,0.0,26411000.0
1995-04-03,75.0,75.0,75.0,75.0,0.0,0.0,26411000.0
1995-04-04,75.0,75.0,75.0,75.0,0.0,0.0,26411000.0
1995-04-05,75.0,75.0,75.0,75.0,0.0,0.0,26411000.0
1995-04-06,75.0,75.0,75.0,75.0,0.0,0.0,26411000.0
1995-04-07,75.0,75.0,75.0,75.0,0.0,0.0,26411000.0
1995-04-10,75.0,75.0,75.0,75.0,0.0,0.0,26411000.0
1995-04-11,75.0,75.0,75.0,75.0,0.0,0.0,26411000.0
1995-04-12,75.0,75.0,75.0,75.0,0.0,0.0,26411000.0
1995-04-13,75.0,75.0,75.0,75.0,0.0,0.0,26411000.0
1995-04-14,75.0,75.0,75.0,75.0,0.0,0.0,26411000.0
1995-04-17,75.0,75.0,75.0,75.0,0.0,0.0,26411000.0
1995-04-18,75.0,75.0,75.0,75.0,0.0,0.0,26411000.0
1995-04-19,75.0,75.0,75.0,75.0,0.0,0.0,26411000.0
1995-04-20,75.0,75.0,75.0,75.0,0.0,0.0,26411000.0
1995-04-21,75.0,75.0,75.0,75.0,0.0,0.0,26411000.0
1995-04-24,75.0,75.0,75.0,75.0,0.0,0.0,26411000.0
1995-04-25,75.0,75.0,75.0,75.0,0.0,0.0,26411000.0
1995-04-26,75.0,75.0,75.0,75.0,0.0,0.0,26411000.0
1995-04-27,75.0,75.0,75.0,75.0,0.0,0.0,26411000.0
1995-04-28,75.0,75.0,75.0,75.0,0.0,0.0,26411000.0
1995-05-01,75.0,75.0,75.0,75.0,0.0,0.0,26411000.0
1995-05-02,75.0,75.0,75.0,75.0,0.0,0.0,26411000.0
1995-05-03,75.0,75.0,75.0,75.0,0.0,0.0,26411000.0
1995-05-04,75.0,75.0,75.0,75.0,0.0,0.0,26411000.0
1995-05-05,75.0,75.0,75.0,75.0,0.0,0.0,26411000.0
1995-05-08,75.0,75.0,75.0,75.0,0.0,0.0,26411000.0
1995-05-09,75.0,75.0,75.0,75.0,0.0,0.0,26411000.0
1995-05-10,75.0,75.0,75.0,75.0,0.0,0.0,26411000.0
1995-05-11,75.0,75.0,75.0,75.0,0.0,0.0,26411000.0
1995-05-12,75.0,75.0,75.0,75.0,0.0,0.0,26411000.0
1995-05-15,75.0,75.0,75.0,75.0,0.0,0.0,26411000.0
1995-05-16,75.0,75.0,75.0,75.0,0.0,0.0,26411000.0
1995-05-17,75.0,75.0,75.0,75.0,0.0,0.0,26411000.0
1995-05-18,75.0,75.0,75.0,75.0,0.0,0.0,26411000.0
1995-05-19,75.0,75.0,75.0,75.0,0.0,0.0,26411000.0
1995-05-22,75.0,75.0,75.0,75.0,0.0,0.0,26411000.0
1995-05-23,75.0,75.0,75.0,75.0,0.0,0.0,26411000.0
1995-05-24,75.0,75.0,75.0,75.0,0.0,0.0,26411000.0
1995-05-25,75.0,75.0,75.0,75.0,0.0,0.0,26411000.0
1995-05-26,75.0,75.0,75.0,75.0,0.0,0.0,26411000.0
1995-05-29,75.0,75.0,75.0,75.0,0.0,0.0,26411000.0
1995-05-30,75.0,75.0,75.0,75.0,0.0,0.0,26411000.0
1995-05-31,75.0,75.0,75.0,75.0,0.0,0.0,26411000.0
1995-06-01,75.0,75.0,75.0,75.0,0.0,0.0,26411000.0
1995-06-02,75.0,75.0,75.0,75.0,0.0,0.0,26411000.0
1995-06-05,75.0,75.0,75.0,75.0,0.0,0.0,26411000.0
1995-06-06,75.0,75.0,75.0,75.0,0.0,0.0,26411000.0
1995-06-07,75.0,75.0,75.0,75.0,0.0,0.0,26411000.0
1995-06-08,75.0,75.0,75.0,75.0,0.0,0.0,26411000.0
1995-06-09,75.0,75.0,75.0,75.0,0.0,0.0,26411000.0
1995-06-12,75.0,75.0,75.0,75.0,0.0,0.0,26411000.0
1995-06-13,75.0,75.0,75.0,75.0,0.0,0.0,26411000.0
1995-06-14,75.0,75.0,75.0,75.0,0.0,0.0,26411000.0
1995-06-15,75.0,75.0,75.0,75.0,0.0,0.0,26411000.0
1995-06-16,75.0,75.0,75.0,75.0,0.0,0.0,26411000.0
1995-06-19,75.0,75.0,75.0,75.0,0.0,0.0,26411000.0
1995-06-20,75.0,75.0,75.0,75.0,0.0,0.0,26411000.0
1995-06-21,75.0,75.0,75.0,75.0,0.0,0.0,26411000.0
1995-06-22,75.0,75.0,75.0,75.0,0.0,0.0,26411000.0
1995-06-23,75.0,75.0,75.0,75.0,0.0,0.0,26411000.0
1995-06-26,75.0,75.0,75.0,75.0,0.0,0.0,26411000.0
1995-06-27,75.0,75.0,75.0,75.0,0.0,0.0,26411000.0
1995-06-28,75.0,75.0,75.0,75.0,0.0,0.0,26411000.0
1995-06-29,75.0,75.0,75.0,75.0,0.0,0.0,26411000.0
1995-06-30,75.0,75.0,75.0,75.0,0.0,0.0,26411000.0
1995-07-03,75.0,75.0,75.0,75.0,0.0,0.0,26411000.0
1995-07-04,75.0,75.0,75.0,75.0,0.0,0.0,26411000.0
1995-07-05,75.0,75.0,75.0,75.0,0.0,0.0,26411000.0
1995-07-06,75.0,75.0,75.0,75.0,0.0,0.0,26411000.0
1995-07-07,75.0,75.0,75.0,75.0,0.0,0.0,26411000.0
1995-07-10,75.0,75.0,75.0,75.0,0.0,0.0,26411000.0
1995-07-11,75.0,75.0,75.0,75.0,0.0,0.0,26411000.0
1995-07-12,75.0,75.0,75.0,75.0,0.0,0.0,26411000.0
1995-07-13,75.0,75.0,75.0,75.0,0.0,0.0,26411000.0
1995-07-14,75.0,75.0,75.0,75.0,0.0,0.0,26411000.0
1995-07-17,75.0,75.0,75.0,75.0,0.0,0.0,26411000.0
1995-07-18,75.0,75.0,75.0,75.0,0.0,0.0,26411000.0
1995-07-19,75.0,75.0,75.0,75.0,0.0,0.0,26411000.0
1995-07-20,75.0,75.0,75.0,75.0,0.0,0.0,26411000.0
1995-07-21,75.0,75.0,75.0,75.0,0.0,0.0,26411000.0
1995-07-24,75.0,75.0,75.0,75.0,0.0,0.0,26411000.0
1995-07-25,75.0,75.0,75.0,75.0,0.0,0.0,26411000.0
1995-07-26,75.0,75.0,75.0,75.0,0.0,0.0,26411000.0
1995-07-27,75.0,75.0,75.0,75.0,0.0,0.0,26411000.0
1995-07-28,75.0,75.0,75.0,75.0,0.0,0.0,26411000.0
1995-07-31,75.0,75.0,75.0,75.0,0.0,0.0,26411000.0
1995-08-01,75.0,75.0,75.0,75.0,0.0,0.0,26411000.0
1995-08-02,75.0,75.0,75.0,75.0,0.0,0.0,26411000.0
1995-08-03,75.0,75.0,75.0,75.0,0.0,0.0,26411000.0
1995-08-04,75.0,75.0,75.0,75.0,0.0,0.0,26411000.0
1995-08-07,75.0,75.0,75.0,75.0,0.0,0.0,26411000.0
1995-08-08,75.0,75.0,75.0,75.0,0.0,0.0,26411000.0
1995-08-09,75.0,75.0,75.0,75.0,0.0,0.0,26411000.0
1995-08-10,75.0,75.0,75.0,75.0,0.0,0.0,26411000.0
1995-08-11,75.0,75.0,75.0,75.0,0.0,0.0,26411000.0
1995-08-14,75.0,75.0,75.0,75.0,0.0,0.0,26411000.0
1995-08-15,75.0,75.0,75.0,75.0,0.0,0.0,26411000.0
1995-08-16,75.0,75.0,75.0,75.0,0.0,0.0,26411000.0
1995-08-17,75.0,75.0,75.0,75.0,0.0,0.0,26411000.0
1995-08-18,75.0,75.0,75.0,75.0,0.0,0.0,26411000.0
1995-08-21,75.0,75.0,75.0,75.0,0.0,0.0,26411000.0
1995-08-22,75.0,75.0,75.0,75.0,0.0,0.0,26411000.0
1995-08-23,75.0,75.0,75.0,75.0,0.0,0.0,26411000.0
1995-08-24,75.0,75.0,75.0,75.0,0.0,0.0,26411000.0
1995-08-25,75.0,75.0,75.0,75.0,0.0,0.0,26411000.0
1995-08-28,75.0,75.0,75.0,75.0,0.0,0.0,26411000.0
1995-08-29,75.0,75.0,75.0,75.0,0.0,0.0,26411000.0
1995-08-30,75.0,75.0,75.0,75.0,0.0,0.0,26411000.0
1995-08-31,75.0,75.0,75.0,75.0,0.0,0.0,26411000.0
1995-09-01,75.0,75.0,75.0,75.0,0.0,0.0,26411000.0
1995-09-04,75.0,75.0,75.0,75.0,0.0,0.0,26411000.0
1995-09-05,75.0,75.0,75.0,75.0,0.0,0.0,26411000.0
1995-09-06,75.0,75.0,75.0,75.0,0.0,0.0,26411000.0
1995-09-07,75.0,75.0,75.0,75.0,0.0,0.0,26411000.0
1995-09-08,75.0,75.0,75.0,75.0,0.0,0.0,26411000.0
1995-09-11,75.0,75.0,75.0,75.0,0.0,0.0,26411000.0
1995-09-12,75.0,75.0,75.0,75.0,0.0,0.0,26411000.0
1995-09-13,75.0,75.0,75.0,75.0,0.0,0.0,26411000.0
1995-09-14,75.0,75.0,75.0,75.0,0.0,0.0,26411000.0
1995-09-15,75.0,75.0,75.0,75.0,0.0,0.0,26411000.0
1995-09-18,75.0,75.0,75.0,75.0,0.0,0.0,26411000.0
1995-09-19,75.0,75.0,75.0,75.0,0.0,0.0,26411000.0
1995-09-20,75.0,75.0,75.0,75.0,0.0,0.0,26411000.0
1995-09-21,75.0,75.0,75.0,75.0,0.0,0.0,26411000.0
1995-09-22,75.0,75.0,75.0,75.0,0.0,0.0,26411000.0
1995-09-25,75.0,75.0,75.0,75.0,0.0,0.0,26411000.0
1995-09-26,75.0,75.0,75.0,75.0,0.0,0.0,26411000.0
1995-09-27,75.0,75.0,75.0,75.0,0.0,0.0,26411000.0
1995-09-28,75.0,75.0,75.0,75.0,0.0,0.0,26411000.0
1995-09-29,75.0,75.0,75.0,75.0,0.0,0.0,26411000.0
1995-10-02,75.0,75.0,75.0,75.0,0.0,0.0,26411000.0
1995-10-03,75.0,75.0,75.0,75.0,0.0,0.0,26411000.0
1995-10-04,75.0,75.0,75.0,75.0,0.0,0.0,26411000.0
1995-10-05,75.0,75.0,75.0,75.0,0.0,0.0,26411000.0
1995-10-06,75.0,75.0,75.0,75.0,0.0,0.0,26411000.0
1995-10-09,75.0,75.0,75.0,75.0,0.0,0.0,26411000.0
1995-10-10,75.0,75.0,75.0,75.0,0.0,0.0,26411000.0
1995-10-11,75.0,75.0,75.0,75.0,0.0,0.0,26411000.0
1995-10-12,75.0,75.0,75.0,75.0,0.0,0.0,26411000.0
1995-10-13,75.0,75.0,75.0,75.0,0.0,0.0,26411000.0
1995-10-16,75.0,75.0,75.0,75.0,0.0,0.0,26411000.0
1995-10-17,75.0,75.0,75.0,75.0,0.0,0.0,26411000.0
1995-10-18,75.0,75.0,75.0,75.0,0.0,0.0,26411000.0
1995-10-19,75.0,75.0,75.0,75.0,0.0,0.0,26411000.0
1995-10-20,75.0,75.0,75.0,75.0,0.0,0.0,26411000.0
1995-10-23,75.0,75.0,75.0,75.0,0.0,0.0,26411000.0
1995-10-24,75.0,75.0,75.0,75.0,0.0,0.0,26411000.0
1995-10-25,75.0,75.0,75.0,75.0,0.0,0.0,26411000.0
1995-10-26,75.0,75.0,75.0,75.0,0.0,0.0,26411000.0
1995-10-27,75.0,75.0,75.0,75.0,0.0,0.0,26411000.0
1995-10-30,75.0,75.0,75.0,75.0,0.0,0.0,26411000.0
1995-10-31,75.0,75.0,75.0,75.0,0.0,0.0,26411000.0
1995-11-01,75.0,75.0,75.0,75.0,0.0,0.0,26411000.0
1995-11-02,75.0,75.0,75.0,75.0,0.0,0.0,26411000.0
1995-11-03,75.0,75.0,75.0,75.0,0.0,0.0,26411000.0
1995-11-06,75.0,75.0,75.0,75.0,0.0,0.0,26411000.0
1995-11-07,75.0,75.0,75.0,75.0,0.0,0.0,26411000.0
1995-11-08,75.0,75.0,75.0,75.0,0.0,0.0,26411000.0
1995-11-09,75.0,75.0,75.0,75.0,0.0,0.0,26411000.0
1995-11-10,75.0,75.0,75.0,75.0,0.0,0.0,26411000.0
1995-11-13,75.0,75.0,75.0,75.0,0.0,0.0,26411000.0
1995-11-14,75.0,75.0,75.0,75.0,0.0,0.0,26411000.0
1995-11-15,75.0,75.0,75.0,75.0,0.0,0.0,26411000.0
1995-11-16,75.0,75.0,75.0,75.0,0.0,0.0,26411000.0
1995-11-17,75.0,75.0,75.0,75.0,0.0,0.0,26411000.0
1995-11-20,75.0,75.0,75.0,75.0,0.0,0.0,26411000.0
1995-11-21,75.0,75.0,75.0,75.0,0.0,0.0,26411000.0
1995-11-22,75.0,75.0,75.0,75.0,0.0,0.0,26411000.0
1995-11-23,75.0,75.0,75.0,75.0,0.0,0.0,26411000.0
1995-11-24,75.0,75.0,75.0,75.0,0.0,0.0,26411000.0
1995-11-27,75.0,75.0,75.0,75.0,0.0,0.0,26411000.0
1995-11-28,75.0,75.0,75.0,75.0,0.0,0.0,26411000.0
1995-11-29,75.0,75.0,75.0,75.0,0.0,0.0,26411000.0
1995-11-30,75.0,75.0,75.0,75.0,0.0,0.0,26411000.0
1995-12-01,75.0,75.0,75.0,75.0,0.0,0.0,26411000.0
1995-12-04,75.0,75.0,75.0,75.0,0.0,0.0,26411000.0
1995-12-05,75.0,75.0,75.0,75.0,0.0,0.0,26411000.0
1995-12-06,75.0,75.0,75.0,75.0,0.0,0.0,26411000.0
1995-12-07,75.0,75.0,75.0,75.0,0.0,0.0,26411000.0
1995-12-08,75.0,75.0,75.0,75.0,0.0,0.0,26411000.0
1995-12-11,75.0,75.0,75.0,75.0,0.0,0.0,26411000.0
1995-12-12,75.0,75.0,75.0,75.0,0.0,0.0,26411000.0
1995-12-13,75.0,75.0,75.0,75.0,0.0,0.0,26411000.0
1995-12-14,75.0,75.0,75.0,75.0,0.0,0.0,26411000.0
1995-12-15,75.0,75.0,75.0,75.0,0.0,0.0,26411000.0
1995-12-18,75.0,75.0,75.0,75.0,0.0,0.0,26411000.0
1995-12-19,75.0,75.0,75.0,75.0,0.0,0.0,26411000.0
1995-12-20,75.0,75.0,75.0,75.0,0.0,0.0,26411000.0
1995-12-21,75.0,75.0,75.0,75.0,0.0,0.0,26411000.0
1995-12-22,75.0,75.0,75.0,75.0,0.0,0.0,26411000.0
1995-12-25,75.0,75.0,75.0,75.0,0.0,0.0,26411000.0
1995-12-26,75.0,75.0,75.0,75.0,0.0,0.0,26411000.0
1995-12-27,75.0,75.0,75.0,75.0,0.0,0.0,26411000.0
1995-12-28,75.0,75.0,75.0,75.0,0.0,0.0,26411000.0
1995-12-29,75.0,75.0,75.0,75.0,0.0,0.0,26411000.0
1996-01-01,75.0,75.0,75.0,75.0,0.0,0.0,26411000.0
1996-01-02,75.0,75.0,75.0,75.0,0.0,0.0,26411000.0
1996-01-03,75.0,75.0,75.0,75.0,0.0,0.0,26411000.0
1996-01-04,75.0,75.0,75.0,75.0,0.0,0.0,26411000.0
1996-01-05,75.0,75.0,75.0,75.0,0.0,0.0,26411000.0
1996-01-08,75.0,75.0,75.0,75.0,0.0,0.0,26411000.0
1996-01-09,75.0,75.0,75.0,75.0,0.0,0.0,26411000.0
1996-01-10,75.0,75.0,75.0,75.0,0.0,0.0,26411000.0
1996-01-11,75.0,75.0,75.0,75.0,0.0,0.0,26411000.0
1996-01-12,75.0,75.0,75.0,75.0,0.0,0.0,26411000.0
1996-01-15,75.0,75.0,75.0,75.0,0.0,0.0,26411000.0
1996-01-16,75.0,75.0,75.0,75.0,0.0,0.0,26411000.0
1996-01-17,75.0,75.0,75.0,75.0,0.0,0.0,26411000.0
1996-01-18,75.0,75.0,75.0,75.0,0.0,0.0,26411000.0
1996-01-19,75.0,75.0,75.0,75.0,0.0,0.0,26411000.0
1996-01-22,75.0,75.0,75.0,75.0,0.0,0.0,26411000.0
1996-01-23,75.0,75.0,75.0,75.0,0.0,0.0,26411000.0
1996-01-24,75.0,75.0,75.0,75.0,0.0,0.0,26411000.0
1996-01-25,75.0,75.0,75.0,75.0,0.0,0.0,26411000.0
1996-01-26,75.0,75.0,75.0,75.0,0.0,0.0,26411000.0
1996-01-29,75.0,75.0,75.0,75.0,0.0,0.0,26411000.0
1996-01-30,75.0,75.0,75.0,75.0,0.0,0.0,26411000.0
1996-01-31,75.0,75.0,75.0,75.0,0.0,0.0,26411000.0
1996-02-01,75.0,75.0,75.0,75.0,0.0,0.0,26411000.0
1996-02-02,75.0,75.0,75.0,75.0,0.0,0.0,26411000.0
1996-02-05,75.0,75.0,75.0,75.0,0.0,0.0,26411000.0
1996-02-06,75.0,75.0,75.0,75.0,0.0,0.0,26411000.0
1996-02-07,75.0,75.0,75.0,75.0,0.0,0.0,26411000.0
1996-02-08,75.0,75.0,75.0,75.0,0.0,0.0,26411000.0
1996-02-09,75.0,75.0,75.0,75.0,0.0,0.0,26411000.0
1996-02-12,75.0,75.0,75.0,75.0,0.0,0.0,26411000.0
1996-02-13,75.0,75.0,75.0,75.0,0.0,0.0,26411000.0
1996-02-14,75.0,75.0,75.0,75.0,0.0,0.0,26411000.0
1996-02-15,75.0,75.0,75.0,75.0,0.0,0.0,26411000.0
1996-02-16,75.0,75.0,75.0,75.0,0.0,0.0,26411000.0
1996-02-19,75.0,75.0,75.0,75.0,0.0,0.0,26411000.0
1996-02-20,75.0,75.0,75.0,75.0,0.0,0.0,26411000.0
1996-02-21,75.0,75.0,75.0,75.0,0.0,0.0,26411000.0
1996-02-22,75.0,75.0,75.0,75.0,0.0,0.0,26411000.0
1996-02-23,75.0,75.0,75.0,75.0,0.0,0.0,26411000.0
1996-02-26,75.0,75.0,75.0,75.0,0.0,0.0,26411000.0
1996-02-27,75.0,75.0,75.0,75.0,0.0,0.0,26411000.0
1996-02-28,75.0,75.0,75.0,75.0,0.0,0.0,26411000.0
1996-02-29,75.0,75.0,75.0,75.0,0.0,0.0,26411000.0
1996-03-01,75.0,75.0,75.0,75.0,0.0,0.0,26411000.0
1996-03-04,75.0,75.0,75.0,75.0,0.0,0.0,26411000.0
1996-03-05,75.0,75.0,75.0,75.0,0.0,0.0,26411000.0
1996-03-06,75.0,75.0,75.0,75.0,0.0,0.0,26411000.0
1996-03-07,75.0,75.0,75.0,75.0,0.0,0.0,26411000.0
1996-03-08,75.0,75.0,75.0,75.0,0.0,0.0,26411000.0
1996-03-11,75.0,75.0,75.0,75.0,0.0,0.0,26411000.0
1996-03-12,75.0,75.0,75.0,75.0,0.0,0.0,26411000.0
1996-03-13,75.0,75.0,75.0,75.0,0.0,0.0,26411000.0
1996-03-14,75.0,75.0,75.0,75.0,0.0,0.0,26411000.0
1996-03-15,75.0,75.0,75.0,75.0,0.0,0.0,26411000.0
1996-03-18,75.0,75.0,75.0,75.0,0.0,0.0,26411000.0
1996-03-19,75.0,75.0,75.0,75.0,0.0,0.0,26411000.0
1996-03-20,75.0,75.0,75.0,75.0,0.0,0.0,26411000.0
1996-03-21,75.0,75.0,75.0,75.0,0.0,0.0,26411000.0
1996-03-22,75.0,75.0,75.0,75.0,0.0,0.0,26411000.0
1996-03-25,75.0,75.0,75.0,75.0,0.0,0.0,26411000.0
1996-03-26,75.0,75.0,75.0,75.0,0.0,0.0,26411000.0
1996-03-27,75.0,75.0,75.0,75.0,0.0,0.0,26411000.0
1996-03-28,75.0,75.0,75.0,75.0,0.0,0.0,26411000.0
1996-03-29,75.0,75.0,75.0,75.0,0.0,0.0,26411000.0
1996-04-01,75.0,75.0,75.0,75.0,0.0,0.0,26411000.0
1996-04-02,75.0,75.0,75.0,75.0,0.0,0.0,26411000.0
1996-04-03,75.0,75.0,75.0,75.0,0.0,0.0,26411000.0
1996-04-04,75.0,75.0,75.0,75.0,0.0,0.0,26411000.0
1996-04-05,75.0,75.0,75.0,75.0,0.0,0.0,26411000.0
1996-04-08,75.0,75.0,75.0,75.0,0.0,0.0,26411000.0
1996-04-09,75.0,75.0,75.0,75.0,0.0,0.0,26411000.0
1996-04-10,75.0,75.0,75.0,75.0,0.0,0.0,26411000.0
1996-04-11,75.0,75.0,75.0,75.0,0.0,0.0,26411000.0
1996-04-12,75.0,75.0,75.0,75.0,0.0,0.0,26411000.0
1996-04-15,75.0,75.0,75.0,75.0,0.0,0.0,26411000.0
1996-04-16,75.0,75.0,75.0,75.0,0.0,0.0,26411000.0
1996-04-17,75.0,75.0,75.0,75.0,0.0,0.0,26411000.0
1996-04-18,75.0,75.0,75.0,75.0,0.0,0.0,26411000.0
1996-04-19,75.0,75.0,75.0,75.0,0.0,0.0,26411000.0
1996-04-22,75.0,75.0,75.0,75.0,0.0,0.0,26411000.0
1996-04-23,75.0,75.0,75.0,75.0,0.0,0.0,26411000.0
1996-04-24,75.0,75.0,75.0,75.0,0.0,0.0,26411000.0
1996-04-25,75.0,75.0,75.0,75.0,0.0,0.0,26411000.0
1996-04-26,75.0,75.0,75.0,75.0,0.0,0.0,26411000.0
1996-04-29,75.0,75.0,75.0,75.0,0.0,0.0,26411000.0
1996-04-30,75.0,75.0,75.0,75.0,0.0,0.0,26411000.0
1996-05-01,75.0,75.0,75.0,75.0,0.0,0.0,26411000.0
1996-05-02,75.0,75.0,75.0,75.0,0.0,0.0,26411000.0
1996-05-03,75.0,75.0,75.0,75.0,0.0,0.0,26411000.0
1996-05-06,75.0,75.0,75.0,75.0,0.0,0.0,26411000.0
1996-05-07,75.0,75.0,75.0,75.0,0.0,0.0,26411000.0
1996-05-08,75.0,75.0,75.0,75.0,0.0,0.0,26411000.0
1996-05-09,75.0,75.0,75.0,75.0,0.0,0.0,26411000.0
1996-05-10,75.0,75.0,75.0,75.0,0.0,0.0,26411000.0
1996-05-13,75.0,75.0,75.0,75.0,0.0,0.0,26411000.0
1996-05-14,75.0,75.0,75.0,75.0,0.0,0.0,26411000.0
1996-05-15,75.0,75.0,75.0,75.0,0.0,0.0,26411000.0
1996-05-16,75.0,75.0,75.0,75.0,0.0,0.0,26411000.0
1996-05-17,75.0,75.0,75.0,75.0,0.0,0.0,26411000.0
1996-05-20,75.0,75.0,75.0,75.0,0.0,0.0,26411000.0
1996-05-21,75.0,75.0,75.0,75.0,0.0,0.0,26411000.0
1996-05-22,75.0,75.0,75.0,75.0,0.0,0.0,26411000.0
1996-05-23,75.0,75.0,75.0,75.0,0.0,0.0,26411000.0
1996-05-24,75.0,75.0,75.0,75.0,0.0,0.0,26411000.0
1996-05-27,75.0,75.0,75.0,75.0,0.0,0.0,26411000.0
1996-05-28,75.0,75.0,75.0,75.0,0.0,0.0,26411000.0
1996-05-29,75.0,75.0,75.0,75.0,0.0,0.0,26411000.0
1996-05-30,75.0,75.0,75.0,75.0,0.0,0.0,26411000.0
1996-05-31,75.0,75.0,75.0,75.0,0.0,0.0,26411000.0
1996-06-03,75.0,75.0,75.0,75.0,0.0,0.0,26411000.0
1996-06-04,75.0,75.0,75.0,75.0,0.0,0.0,26411000.0
1996-06-05,75.0,75.0,75.0,75.0,0.0,0.0,26411000.0
1996-06-06,75.0,75.0,75.0,75.0,0.0,0.0,26411000.0
1996-06-07,75.0,75.0,75.0,75.0,0.0,0.0,26411000.0
1996-06-10,75.0,75.0,75.0,75.0,0.0,0.0,26411000.0
1996-06-11,75.0,75.0,75.0,75.0,0.0,0.0,26411000.0
1996-06-12,75.0,75.0,75.0,75.0,0.0,0.0,26411000.0
1996-06-13,75.0,75.0,75.0,75.0,0.0,0.0,26411000.0
1996-06-14,75.0,75.0,75.0,75.0,0.0,0.0,26411000.0
1996-06-17,75.0,75.0,75.0,75.0,0.0,0.0,26411000.0
1996-06-18,75.0,75.0,75.0,75.0,0.0,0.0,26411000.0
1996-06-19,75.0,75.0,75.0,75.0,0.0,0.0,26411000.0
1996-06-20,75.0,75.0,75.0,75.0,0.0,0.0,26411000.0
1996-06-21,75.0,75.0,75.0,75.0,0.0,0.0,26411000.0
1996-06-24,75.0,75.0,75.0,75.0,0.0,0.0,26411000.0
1996-06-25,75.0,75.0,75.0,75.0,0.0,0.0,26411000.0
1996-06-26,75.0,75.0,75.0,75.0,0.0,0.0,26411000.0
1996-06-27,75.0,75.0,75.0,75.0,0.0,0.0,26411000.0
1996-06-28,75.0,75.0,75.0,75.0,0.0,0.0,26411000.0
1996-07-01,75.0,75.0,75.0,75.0,0.0,0.0,26411000.0
1996-07-02,75.0,75.0,75.0,75.0,0.0,0.0,26411000.0
1996-07-03,75.0,75.0,75.0,75.0,0.0,0.0,26411000.0
1996-07-04,75.0,75.0,75.0,75.0,0.0,0.0,26411000.0
1996-07-05,75.0,75.0,75.0,75.0,0.0,0.0,26411000.0
1996-07-08,75.0,75.0,75.0,75.0,0.0,0.0,26411000.0
1996-07-09,75.0,75.0,75.0,75.0,0.0,0.0,26411000.0
1996-07-10,75.0,75.0,75.0,75.0,0.0,0.0,26411000.0
1996-07-11,75.0,75.0,75.0,75.0,0.0,0.0,26411000.0
1996-07-12,75.0,75.0,75.0,75.0,0.0,0.0,26411000.0
1996-07-15,75.0,75.0,75.0,75.0,0.0,0.0,26411000.0
1996-07-16,75.0,75.0,75.0,75.0,0.0,0.0,26411000.0
1996-07-17,75.0,75.0,75.0,75.0,0.0,0.0,26411000.0
1996-07-18,75.0,75.0,75.0,75.0,0.0,0.0,26411000.0
1996-07-19,75.0,75.0,75.0,75.0,0.0,0.0,26411000.0
1996-07-22,75.0,75.0,75.0,75.0,0.0,0.0,26411000.0
1996-07-23,75.0,75.0,75.0,75.0,0.0,0.0,26411000.0
1996-07-24,75.0,75.0,75.0,75.0,0.0,0.0,26411000.0
1996-07-25,75.0,75.0,75.0,75.0,0.0,0.0,26411000.0
1996-07-26,75.0,75.0,75.0,75.0,0.0,0.0,26411000.0
1996-07-29,75.0,75.0,75.0,75.0,0.0,0.0,26411000.0
1996-07-30,75.0,75.0,75.0,75.0,0.0,0.0,26411000.0
1996-07-31,75.0,75.0,75.0,75.0,0.0,0.0,26411000.0
1996-08-01,75.0,75.0,75.0,75.0,0.0,0.0,26411000.0
1996-08-02,75.0,75.0,75.0,75.0,0.0,0.0,26411000.0
1996-08-05,75.0,75.0,75.0,75.0,0.0,0.0,26411000.0
1996-08-06,75.0,75.0,75.0,75.0,0.0,0.0,26411000.0
1996-08-07,75.0,75.0,75.0,75.0,0.0,0.0,26411000.0
1996-08-08,75.0,75.0,75.0,75.0,0.0,0.0,26411000.0
1996-08-09,75.0,75.0,75.0,75.0,0.0,0.0,26411000.0
1996-08-12,75.0,75.0,75.0,75.0,0.0,0.0,26411000.0
1996-08-13,75.0,75.0,75.0,75.0,0.0,0.0,26411000.0
1996-08-14,75.0,75.0,75.0,75.0,0.0,0.0,26411000.0
1996-08-15,75.0,75.0,75.0,75.0,0.0,0.0,26411000.0
1996-08-16,75.0,75.0,75.0,75.0,0.0,0.0,26411000.0
1996-08-19,75.0,75.0,75.0,75.0,0.0,0.0,26411000.0
1996-08-20,75.0,75.0,75.0,75.0,0.0,0.0,26411000.0
1996-08-21,75.0,75.0,75.0,75.0,0.0,0.0,26411000.0
1996-08-22,75.0,75.0,75.0,75.0,0.0,0.0,26411000.0
1996-08-23,75.0,75.0,75.0,75.0,0.0,0.0,26411000.0
1996-08-26,75.0,75.0,75.0,75.0,0.0,0.0,26411000.0
1996-08-27,75.0,75.0,75.0,75.0,0.0,0.0,26411000.0
1996-08-28,75.0,75.0,75.0,75.0,0.0,0.0,26411000.0
1996-08-29,75.0,75.0,75.0,75.0,0.0,0.0,26411000.0
1996-08-30,75.0,75.0,75.0,75.0,0.0,0.0,26411000.0
1996-09-02,75.0,75.0,75.0,75.0,0.0,0.0,26411000.0
1996-09-03,75.0,75.0,75.0,75.0,0.0,0.0,26411000.0
1996-09-04,75.0,75.0,75.0,75.0,0.0,0.0,26411000.0
1996-09-05,75.0,75.0,75.0,75.0,0.0,0.0,26411000.0
1996-09-06,75.0,75.0,75.0,75.0,0.0,0.0,26411000.0
1996-09-09,75.0,75.0,75.0,75.0,0.0,0.0,26411000.0
1996-09-10,75.0,75.0,75.0,75.0,0.0,0.0,26411000.0
1996-09-11,75.0,75.0,75.0,75.0,0.0,0.0,26411000.0
1996-09-12,75.0,75.0,75.0,75.0,0.0,0.0,26411000.0
1996-09-13,75.0,75.0,75.0,75.0,0.0,0.0,26411000.0
1996-09-16,75.0,75.0,75.0,75.0,0.0,0.0,26411000.0
1996-09-17,75.0,75.0,75.0,75.0,0.0,0.0,26411000.0
1996-09-18,75.0,75.0,75.0,75.0,0.0,0.0,26411000.0
1996-09-19,75.0,75.0,75.0,75.0,0.0,0.0,26411000.0
1996-09-20,75.0,75.0,75.0,75.0,0.0,0.0,26411000.0
1996-09-23,75.0,75.0,75.0,75.0,0.0,0.0,26411000.0
1996-09-24,75.0,75.0,75.0,75.0,0.0,0.0,26411000.0
1996-09-25,75.0,75.0,75.0,75.0,0.0,0.0,26411000.0
1996-09-26,75.0,75.0,75.0,75.0,0.0,0.0,26411000.0
1996-09-27,75.0,75.0,75.0,75.0,0.0,0.0,26411000.0
1996-09-30,75.0,75.0,75.0,75.0,0.0,0.0,26411000.0
1996-10-01,75.0,75.0,75.0,75.0,0.0,0.0,26411000.0
1996-10-02,75.0,75.0,75.0,75.0,0.0,0.0,26411000.0
1996-10-03,75.0,75.0,75.0,75.0,0.0,0.0,26411000.0
1996-10-04,75.0,75.0,75.0,75.0,0.0,0.0,26411000.0
1996-10-07,75.0,75.0,75.0,75.0,0.0,0.0,26411000.0
1996-10-08,75.0,75.0,75.0,75.0,0.0,0.0,26411000.0
1996-10-09,75.0,75.0,75.0,75.0,0.0,0.0,26411000.0
1996-10-10,75.0,75.0,75.0,75.0,0.0,0.0,26411000.0
1996-10-11,75.0,75.0,75.0,75.0,0.0,0.0,26411000.0
1996-10-14,75.0,75.0,75.0,75.0,0.0,0.0,26411000.0
1996-10-15,75.0,75.0,75.0,75.0,0.0,0.0,26411000.0
1996-10-16,75.0,75.0,75.0,75.0,0.0,0.0,26411000.0
1996-10-17,75.0,75.0,75.0,75.0,0.0,0.0,26411000.0
1996-10-18,75.0,75.0,75.0,75.0,0.0,0.0,26411000.0
1996-10-21,75.0,75.0,75.0,75.0,0.0,0.0,26411000.0
1996-10-22,75.0,75.0,75.0,75.0,0.0,0.0,26411000.0
1996-10-23,75.0,75.0,75.0,75.0,0.0,0.0,26411000.0
1996-10-24,75.0,75.0,75.0,75.0,0.0,0.0,26411000.0
1996-10-25,75.0,75.0,75.0,75.0,0.0,0.0,26411000.0
1996-10-28,75.0,75.0,75.0,75.0,0.0,0.0,26411000.0
1996-10-29,75.0,75.0,75.0,75.0,0.0,0.0,26411000.0
1996-10-30,75.0,75.0,75.0,75.0,0.0,0.0,26411000.0
1996-10-31,75.0,75.0,75.0,75.0,0.0,0.0,26411000.0
1996-11-01,75.0,75.0,75.0,75.0,0.0,0.0,26411000.0
1996-11-04,75.0,75.0,75.0,75.0,0.0,0.0,26411000.0
1996-11-05,75.0,75.0,75.0,75.0,0.0,0.0,26411000.0
1996-11-06,75.0,75.0,75.0,75.0,0.0,0.0,26411000.0
1996-11-07,75.0,75.0,75.0,75.0,0.0,0.0,26411000.0
1996-11-08,75.0,75.0,75.0,75.0,0.0,0.0,26411000.0
1996-11-11,75.0,75.0,75.0,75.0,0.0,0.0,26411000.0
1996-11-12,75.0,75.0,75.0,75.0,0.0,0.0,26411000.0
1996-11-13,75.0,75.0,75.0,75.0,0.0,0.0,26411000.0
1996-11-14,75.0,75.0,75.0,75.0,0.0,0.0,26411000.0
1996-11-15,75.0,75.0,75.0,75.0,0.0,0.0,26411000.0
1996-11-18,75.0,75.0,75.0,75.0,0.0,0.0,26411000.0
1996-11-19,75.0,75.0,75.0,75.0,0.0,0.0,26411000.0
1996-11-20,75.0,75.0,75.0,75.0,0.0,0.0,26411000.0
1996-11-21,75.0,75.0,75.0,75.0,0.0,0.0,26411000.0
1996-11-22,75.0,75.0,75.0,75.0,0.0,0.0,26411000.0
1996-11-25,75.0,75.0,75.0,75.0,0.0,0.0,26411000.0
1996-11-26,75.0,75.0,75.0,75.0,0.0,0.0,26411000.0
1996-11-27,75.0,75.0,75.0,75.0,0.0,0.0,26411000.0
1996-11-28,75.0,75.0,75.0,75.0,0.0,0.0,26411000.0
1996-11-29,75.0,75.0,75.0,75.0,0.0,0.0,26411000.0
1996-12-02,75.0,75.0,75.0,75.0,0.0,0.0,26411000.0
1996-12-03,75.0,75.0,75.0,75.0,0.0,0.0,26411000.0
1996-12-04,75.0,75.0,75.0,75.0,0.0,0.0,26411000.0
1996-12-05,75.0,75.0,75.0,75.0,0.0,0.0,26411000.0
1996-12-06,75.0,75.0,75.0,75.0,0.0,0.0,26411000.0
1996-12-09,75.0,75.0,75.0,75.0,0.0,0.0,26411000.0
1996-12-10,75.0,75.0,75.0,75.0,0.0,0.0,26411000.0
1996-12-11,75.0,75.0,75.0,75.0,0.0,0.0,26411000.0
1996-12-12,75.0,75.0,75.0,75.0,0.0,0.0,26411000.0
1996-12-13,75.0,75.0,75.0,75.0,0.0,0.0,26411000.0
1996-12-16,75.0,75.0,75.0,75.0,0.0,0.0,26411000.0
1996-12-17,75.0,75.0,75.0,75.0,0.0,0.0,26411000.0
1996-12-18,75.0,75.0,75.0,75.0,0.0,0.0,26411000.0
1996-12-19,75.0,75.0,75.0,75.0,0.0,0.0,26411000.0
1996-12-20,75.0,75.0,75.0,75.0,0.0,0.0,26411000.0
1996-12-23,75.0,75.0,75.0,75.0,0.0,0.0,26411000.0
1996-12-24,75.0,75.0,75.0,75.0,0.0,0.0,26411000.0
1996-12-25,75.0,75.0,75.0,75.0,0.0,0.0,26411000.0
1996-12-26,75.0,75.0,75.0,75.0,0.0,0.0,26411000.0
1996-12-27,75.0,75.0,75.0,75.0,0.0,0.0,26411000.0
1996-12-30,75.0,75.0,75.0,75.0,0.0,0.0,26411000.0
1996-12-31,75.0,75.0,75.0,75.0,0.0,0.0,26411000.0
1997-01-01,75.0,75.0,75.0,75.0,0.0,0.0,26411000.0
1997-01-02,75.0,75.0,75.0,75.0,0.0,0.0,26411000.0
1997-01-03,75.0,75.0,75.0,75.0,0.0,0.0,26411000.0
1997-01-06,75.0,75.0,75.0,75.0,0.0,0.0,26411000.0
1997-01-07,75.0,75.0,75.0,75.0,0.0,0.0,26411000.0
1997-01-08,75.0,75.0,75.0,75.0,0.0,0.0,26411000.0
1997-01-09,75.0,75.0,75.0,75.0,0.0,0.0,26411000.0
1997-01-10,75.0,75.0,75.0,75.0,0.0,0.0,26411000.0
1997-01-13,75.0,75.0,75.0,75.0,0.0,0.0,26411000.0
1997-01-14,75.0,75.0,75.0,75.0,0.0,0.0,26411000.0
1997-01-15,75.0,75.0,75.0,75.0,0.0,0.0,26411000.0
1997-01-16,75.0,75.0,75.0,75.0,0.0,0.0,26411000.0
1997-01-17,75.0,75.0,75.0,75.0,0.0,0.0,26411000.0
1997-01-20,75.0,75.0,75.0,75.0,0.0,0.0,26411000.0
1997-01-21,75.0,75.0,75.0,75.0,0.0,0.0,26411000.0
1997-01-22,75.0,75.0,75.0,75.0,0.0,0.0,26411000.0
1997-01-23,75.0,75.0,75.0,75.0,0.0,0.0,26411000.0
1997-01-24,75.0,75.0,75.0,75.0,0.0,0.0,26411000.0
1997-01-27,75.0,75.0,75.0,75.0,0.0,0.0,26411000.0
1997-01-28,75.0,75.0,75.0,75.0,0.0,0.0,26411000.0
1997-01-29,75.0,75.0,75.0,75.0,0.0,0.0,26411000.0
1997-01-30,75.0,75.0,75.0,75.0,0.0,0.0,26411000.0
1997-01-31,75.0,75.0,75.0,75.0,0.0,0.0,26411000.0
1997-02-03,75.0,75.0,75.0,75.0,0.0,0.0,26411000.0
1997-02-04,75.0,75.0,75.0,75.0,0.0,0.0,26411000.0
1997-02-05,75.0,75.0,75.0,75.0,0.0,0.0,26411000.0
1997-02-06,75.0,75.0,75.0,75.0,0.0,0.0,26411000.0
1997-02-07,75.0,75.0,75.0,75.0,0.0,0.0,26411000.0
1997-02-10,75.0,75.0,75.0,75.0,0.0,0.0,26411000.0
1997-02-11,75.0,75.0,75.0,75.0,0.0,0.0,26411000.0
1997-02-12,75.0,75.0,75.0,75.0,0.0,0.0,26411000.0
1997-02-13,75.0,75.0,75.0,75.0,0.0,0.0,26411000.0
1997-02-14,75.0,75.0,75.0,75.0,0.0,0.0,26411000.0
1997-02-17,75.0,75.0,75.0,75.0,0.0,0.0,26411000.0
1997-02-18,75.0,75.0,75.0,75.0,0.0,0.0,26411000.0
1997-02-19,75.0,75.0,75.0,75.0,0.0,0.0,26411000.0
1997-02-20,75.0,75.0,75.0,75.0,0.0,0.0,26411000.0
1997-02-21,75.0,75.0,75.0,75.0,0.0,0.0,26411000.0
1997-02-24,75.0,75.0,75.0,75.0,0.0,0.0,26411000.0
1997-02-25,75.0,75.0,75.0,75.0,0.0,0.0,26411000.0
1997-02-26,75.0,75.0,75.0,75.0,0.0,0.0,26411000.0
1997-02-27,75.0,75.0,75.0,75.0,0.0,0.0,26411000.0
1997-02-28,75.0,75.0,75.0,75.0,0.0,0.0,26411000.0
1997-03-03,75.0,75.0,75.0,75.0,0.0,0.0,26411000.0
1997-03-04,75.0,75.0,75.0,75.0,0.0,0.0,26411000.0
1997-03-05,75.0,75.0,75.0,75.0,0.0,0.0,26411000.0
1997-03-06,75.0,75.0,75.0,75.0,0.0,0.0,26411000.0
1997-03-07,75.0,75.0,75.0,75.0,0.0,0.0,26411000.0
1997-03-10,75.0,75.0,75.0,75.0,0.0,0.0,26411000.0
1997-03-11,75.0,75.0,75.0,75.0,0.0,0.0,26411000.0
1997-03-12,75.0,75.0,75.0,75.0,0.0,0.0,26411000.0
1997-03-13,75.0,75.0,75.0,75.0,0.0,0.0,26411000.0
1997-03-14,75.0,75.0,75.0,75.0,0.0,0.0,26411000.0
1997-03-17,75.0,75.0,75.0,75.0,0.0,0.0,26411000.0
1997-03-18,75.0,75.0,75.0,75.0,0.0,0.0,26411000.0
1997-03-19,75.0,75.0,75.0,75.0,0.0,0.0,26411000.0
1997-03-20,75.0,75.0,75.0,75.0,0.0,0.0,26411000.0
1997-03-21,75.0,75.0,75.0,75.0,0.0,0.0,26411000.0
1997-03-24,75.0,75.0,75.0,75.0,0.0,0.0,26411000.0
1997-03-25,75.0,75.0,75.0,75.0,0.0,0.0,26411000.0
1997-03-26,75.0,75.0,75.0,75.0,0.0,0.0,26411000.0
1997-03-27,75.0,75.0,75.0,75.0,0.0,0.0,26411000.0
1997-03-28,75.0,75.0,75.0,75.0,0.0,0.0,26411000.0
1997-03-31,75.0,75.0,75.0,75.0,0.0,0.0,26411000.0
1997-04-01,75.0,75.0,75.0,75.0,0.0,0.0,26411000.0
1997-04-02,75.0,75.0,75.0,75.0,0.0,0.0,26411000.0
1997-04-03,75.0,75.0,75.0,75.0,0.0,0.0,26411000.0
1997-04-04,75.0,75.0,75.0,75.0,0.0,0.0,26411000.0
1997-04-07,75.0,75.0,75.0,75.0,0.0,0.0,26411000.0
1997-04-08,75.0,75.0,75.0,75.0,0.0,0.0,26411000.0
1997-04-09,75.0,75.0,75.0,75.0,0.0,0.0,26411000.0
1997-04-10,75.0,75.0,75.0,75.0,0.0,0.0,26411000.0
1997-04-11,75.0,75.0,75.0,75.0,0.0,0.0,26411000.0
1997-04-14,75.0,75.0,75.0,75.0,0.0,0.0,26411000.0
1997-04-15,75.0,75.0,75.0,75.0,0.0,0.0,26411000.0
1997-04-16,75.0,75.0,75.0,75.0,0.0,0.0,26411000.0
1997-04-17,75.0,75.0,75.0,75.0,0.0,0.0,26411000.0
1997-04-18,75.0,75.0,75.0,75.0,0.0,0.0,26411000.0
1997-04-21,75.0,75.0,75.0,75.0,0.0,0.0,26411000.0
1997-04-22,75.0,75.0,75.0,75.0,0.0,0.0,26411000.0
1997-04-23,75.0,75.0,75.0,75.0,0.0,0.0,26411000.0
1997-04-24,75.0,75.0,75.0,75.0,0.0,0.0,26411000.0
1997-04-25,75.0,75.0,75.0,75.0,0.0,0.0,26411000.0
1997-04-28,75.0,75.0,75.0,75.0,0.0,0.0,26411000.0
1997-04-29,75.0,75.0,75.0,75.0,0.0,0.0,26411000.0
1997-04-30,75.0,75.0,75.0,75.0,0.0,0.0,26411000.0
1997-05-01,75.0,75.0,75.0,75.0,0.0,0.0,26411000.0
1997-05-02,75.0,75.0,75.0,75.0,0.0,0.0,26411000.0
1997-05-05,75.0,75.0,75.0,75.0,0.0,0.0,26411000.0
1997-05-06,75.0,75.0,75.0,75.0,0.0,0.0,26411000.0
1997-05-07,75.0,75.0,75.0,75.0,0.0,0.0,26411000.0
1997-05-08,75.0,75.0,75.0,75.0,0.0,0.0,26411000.0
1997-05-09,75.0,75.0,75.0,75.0,0.0,0.0,26411000.0
1997-05-12,75.0,75.0,75.0,75.0,0.0,0.0,26411000.0
1997-05-13,75.0,75.0,75.0,75.0,0.0,0.0,26411000.0
1997-05-14,75.0,75.0,75.0,75.0,0.0,0.0,26411000.0
1997-05-15,75.0,75.0,75.0,75.0,0.0,0.0,26411000.0
1997-05-16,75.0,75.0,75.0,75.0,0.0,0.0,26411000.0
1997-05-19,75.0,75.0,75.0,75.0,0.0,0.0,26411000.0
1997-05-20,75.0,75.0,75.0,75.0,0.0,0.0,26411000.0
1997-05-21,75.0,75.0,75.0,75.0,0.0,0.0,26411000.0
1997-05-22,75.0,75.0,75.0,75.0,0.0,0.0,26411000.0
1997-05-23,75.0,75.0,75.0,75.0,0.0,0.0,26411000.0
1997-05-26,75.0,75.0,75.0,75.0,0.0,0.0,26411000.0
1997-05-27,75.0,75.0,75.0,75.0,0.0,0.0,26411000.0
1997-05-28,75.0,75.0,75.0,75.0,0.0,0.0,26411000.0
1997-05-29,75.0,75.0,75.0,75.0,0.0,0.0,26411000.0
1997-05-30,75.0,75.0,75.0,75.0,0.0,0.0,26411000.0
1997-06-02,75.0,75.0,75.0,75.0,0.0,0.0,26411000.0
1997-06-03,75.0,75.0,75.0,75.0,0.0,0.0,26411000.0
1997-06-04,75.0,75.0,75.0,75.0,0.0,0.0,26411000.0
1997-06-05,75.0,75.0,75.0,75.0,0.0,0.0,26411000.0
1997-06-06,75.0,75.0,75.0,75.0,0.0,0.0,26411000.0
1997-06-09,75.0,75.0,75.0,75.0,0.0,0.0,26411000.0
1997-06-10,75.0,75.0,75.0,75.0,0.0,0.0,26411000.0
1997-06-11,75.0,75.0,75.0,75.0,0.0,0.0,26411000.0
1997-06-12,75.0,75.0,75.0,75.0,0.0,0.0,26411000.0
1997-06-13,75.0,75.0,75.0,75.0,0.0,0.0,26411000.0
1997-06-16,75.0,75.0,75.0,75.0,0.0,0.0,26411000.0
1997-06-17,75.0,75.0,75.0,75.0,0.0,0.0,26411000.0
1997-06-18,75.0,75.0,75.0,75.0,0.0,0.0,26411000.0
1997-06-19,75.0,75.0,75.0,75.0,0.0,0.0,26411000.0
1997-06-20,75.0,75.0,75.0,75.0,0.0,0.0,26411000.0
1997-06-23,75.0,75.0,75.0,75.0,0.0,0.0,26411000.0
1997-06-24,75.0,75.0,75.0,75.0,0.0,0.0,26411000.0
1997-06-25,75.0,75.0,75.0,75.0,0.0,0.0,26411000.0
1997-06-26,75.0,75.0,75.0,75.0,0.0,0.0,26411000.0
1997-06-27,75.0,75.0,75.0,75.0,0.0,0.0,26411000.0
1997-06-30,75.0,75.0,75.0,75.0,0.0,0.0,26411000.0
1997-07-01,75.0,75.0,75.0,75.0,0.0,0.0,26411000.0
1997-07-02,75.0,75.0,75.0,75.0,0.0,0.0,26411000.0
1997-07-03,75.0,75.0,75.0,75.0,0.0,0.0,26411000.0
1997-07-04,75.0,75.0,75.0,75.0,0.0,0.0,26411000.0
1997-07-07,75.0,75.0,75.0,75.0,0.0,0.0,26411000.0
1997-07-08,75.0,75.0,75.0,75.0,0.0,0.0,26411000.0
1997-07-09,75.0,75.0,75.0,75.0,0.0,0.0,26411000.0
1997-07-10,75.0,75.0,75.0,75.0,0.0,0.0,26411000.0
1997-07-11,75.0,75.0,75.0,75.0,0.0,0.0,26411000.0
1997-07-14,75.0,75.0,75.0,75.0,0.0,0.0,26411000.0
1997-07-15,75.0,75.0,75.0,75.0,0.0,0.0,26411000.0
1997-07-16,75.0,75.0,75.0,75.0,0.0,0.0,26411000.0
1997-07-17,75.0,75.0,75.0,75.0,0.0,0.0,26411000.0
1997-07-18,75.0,75.0,75.0,75.0,0.0,0.0,26411000.0
1997-07-21,75.0,75.0,75.0,75.0,0.0,0.0,26411000.0
1997-07-22,75.0,75.0,75.0,75.0,0.0,0.0,26411000.0
1997-07-23,75.0,75.0,75.0,75.0,0.0,0.0,26411000.0
1997-07-24,75.0,75.0,75.0,75.0,0.0,0.0,26411000.0
1997-07-25,75.0,75.0,75.0,75.0,0.0,0.0,26411000.0
1997-07-28,75.0,75.0,75.0,75.0,0.0,0.0,26411000.0
1997-07-29,75.0,75.0,75.0,75.0,0.0,0.0,26411000.0
1997-07-30,75.0,75.0,75.0,75.0,0.0,0.0,26411000.0
1997-07-31,75.0,75.0,75.0,75.0,0.0,0.0,26411000.0
1997-08-01,75.0,75.0,75.0,75.0,0.0,0.0,26411000.0
1997-08-04,75.0,75.0,75.0,75.0,0.0,0.0,26411000.0
1997-08-05,75.0,75.0,75.0,75.0,0.0,0.0,26411000.0
1997-08-06,75.0,75.0,75.0,75.0,0.0,0.0,26411000.0
1997-08-07,75.0,75.0,75.0,75.0,0.0,0.0,26411000.0
1997-08-08,75.0,75.0,75.0,75.0,0.0,0.0,26411000.0
1997-08-11,75.0,75.0,75.0,75.0,0.0,0.0,26411000.0
1997-08-12,75.0,75.0,75.0,75.0,0.0,0.0,26411000.0
1997-08-13,75.0,75.0,75.0,75.0,0.0,0.0,26411000.0
1997-08-14,75.0,75.0,75.0,75.0,0.0,0.0,26411000.0
1997-08-15,75.0,75.0,75.0,75.0,0.0,0.0,26411000.0
1997-08-18,75.0,75.0,75.0,75.0,0.0,0.0,26411000.0
1997-08-19,75.0,75.0,75.0,75.0,0.0,0.0,26411000.0
1997-08-20,75.0,75.0,75.0,75.0,0.0,0.0,26411000.0
1997-08-21,75.0,75.0,75.0,75.0,0.0,0.0,26411000.0
1997-08-22,75.0,75.0,75.0,75.0,0.0,0.0,26411000.0
1997-08-25,75.0,75.0,75.0,75.0,0.0,0.0,26411000.0
1997-08-26,75.0,75.0,75.0,75.0,0.0,0.0,26411000.0
1997-08-27,75.0,75.0,75.0,75.0,0.0,0.0,26411000.0
1997-08-28,75.0,75.0,75.0,75.0,0.0,0.0,26411000.0
1997-08-29,75.0,75.0,75.0,75.0,0.0,0.0,26411000.0
1997-09-01,75.0,75.0,75.0,75.0,0.0,0.0,26411000.0
1997-09-02,75.0,75.0,75.0,75.0,0.0,0.0,26411000.0
1997-09-03,75.0,75.0,75.0,75.0,0.0,0.0,26411000.0
1997-09-04,75.0,75.0,75.0,75.0,0.0,0.0,26411000.0
1997-09-05,75.0,75.0,75.0,75.0,0.0,0.0,26411000.0
1997-09-08,75.0,75.0,75.0,75.0,0.0,0.0,26411000.0
1997-09-09,75.0,75.0,75.0,75.0,0.0,0.0,26411000.0
1997-09-10,75.0,75.0,75.0,75.0,0.0,0.0,26411000.0
1997-09-11,75.0,75.0,75.0,75.0,0.0,0.0,26411000.0
1997-09-12,75.0,75.0,75.0,75.0,0.0,0.0,26411000.0
1997-09-15,75.0,75.0,75.0,75.0,0.0,0.0,26411000.0
1997-09-16,75.0,75.0,75.0,75.0,0.0,0.0,26411000.0
1997-09-17,75.0,75.0,75.0,75.0,0.0,0.0,26411000.0
1997-09-18,75.0,75.0,75.0,75.0,0.0,0.0,26411000.0
1997-09-19,75.0,75.0,75.0,75.0,0.0,0.0,26411000.0
1997-09-22,75.0,75.0,75.0,75.0,0.0,0.0,26411000.0
1997-09-23,75.0,75.0,75.0,75.0,0.0,0.0,26411000.0
1997-09-24,75.0,75.0,75.0,75.0,0.0,0.0,26411000.0
1997-09-25,75.0,75.0,75.0,75.0,0.0,0.0,26411000.0
1997-09-26,75.0,75.0,75.0,75.0,0.0,0.0,26411000.0
1997-09-29,75.0,75.0,75.0,75.0,0.0,0.0,26411000.0
1997-09-30,75.0,75.0,75.0,75.0,0.0,0.0,26411000.0
1997-10-01,75.0,75.0,75.0,75.0,0.0,0.0,26411000.0
1997-10-02,75.0,75.0,75.0,75.0,0.0,0.0,26411000.0
1997-10-03,75.0,75.0,75.0,75.0,0.0,0.0,26411000.0
1997-10-06,75.0,75.0,75.0,75.0,0.0,0.0,26411000.0
1997-10-07,75.0,75.0,75.0,75.0,0.0,0.0,26411000.0
1997-10-08,75.0,75.0,75.0,75.0,0.0,0.0,26411000.0
1997-10-09,75.0,75.0,75.0,75.0,0.0,0.0,26411000.0
1997-10-10,75.0,75.0,75.0,75.0,0.0,0.0,26411000.0
1997-10-13,75.0,75.0,75.0,75.0,0.0,0.0,26411000.0
1997-10-14,75.0,75.0,75.0,75.0,0.0,0.0,26411000.0
1997-10-15,75.0,75.0,75.0,75.0,0.0,0.0,26411000.0
1997-10-16,75.0,75.0,75.0,75.0,0.0,0.0,26411000.0
1997-10-17,75.0,75.0,75.0,75.0,0.0,0.0,26411000.0
1997-10-20,75.0,75.0,75.0,75.0,0.0,0.0,26411000.0
1997-10-21,75.0,75.0,75.0,75.0,0.0,0.0,26411000.0
1997-10-22,75.0,75.0,75.0,75.0,0.0,0.0,26411000.0
1997-10-23,75.0,75.0,75.0,75.0,0.0,0.0,26411000.0
1997-10-24,75.0,75.0,75.0,75.0,0.0,0.0,26411000.0
1997-10-27,75.0,75.0,75.0,75.0,0.0,0.0,26411000.0
1997-10-28,75.0,75.0,75.0,75.0,0.0,0.0,26411000.0
1997-10-29,75.0,75.0,75.0,75.0,0.0,0.0,26411000.0
1997-10-30,75.0,75.0,75.0,75.0,0.0,0.0,26411000.0
1997-10-31,75.0,75.0,75.0,75.0,0.0,0.0,26411000.0
1997-11-03,75.0,75.0,75.0,75.0,0.0,0.0,26411000.0
1997-11-04,75.0,75.0,75.0,75.0,0.0,0.0,26411000.0
1997-11-05,75.0,75.0,75.0,75.0,0.0,0.0,26411000.0
1997-11-06,75.0,75.0,75.0,75.0,0.0,0.0,26411000.0
1997-11-07,75.0,75.0,75.0,75.0,0.0,0.0,26411000.0
1997-11-10,75.0,75.0,75.0,75.0,0.0,0.0,26411000.0
1997-11-11,75.0,75.0,75.0,75.0,0.0,0.0,26411000.0
1997-11-12,75.0,75.0,75.0,75.0,0.0,0.0,26411000.0
1997-11-13,75.0,75.0,75.0,75.0,0.0,0.0,26411000.0
1997-11-14,75.0,75.0,75.0,75.0,0.0,0.0,26411000.0
1997-11-17,75.0,75.0,75.0,75.0,0.0,0.0,26411000.0
1997-11-18,75.0,75.0,75.0,75.0,0.0,0.0,26411000.0
1997-11-19,75.0,75.0,75.0,75.0,0.0,0.0,26411000.0
1997-11-20,75.0,75.0,75.0,75.0,0.0,0.0,26411000.0
1997-11-21,75.0,75.0,75.0,75.0,0.0,0.0,26411000.0
1997-11-24,75.0,75.0,75.0,75.0,0.0,0.0,26411000.0
1997-11-25,75.0,75.0,75.0,75.0,0.0,0.0,26411000.0
1997-11-26,75.0,75.0,75.0,75.0,0.0,0.0,26411000.0
1997-11-27,75.0,75.0,75.0,75.0,0.0,0.0,26411000.0
1997-11-28,75.0,75.0,75.0,75.0,0.0,0.0,26411000.0
1997-12-01,75.0,75.0,75.0,75.0,0.0,0.0,26411000.0
1997-12-02,75.0,75.0,75.0,75.0,0.0,0.0,26411000.0
1997-12-03,75.0,75.0,75.0,75.0,0.0,0.0,26411000.0
1997-12-04,75.0,75.0,75.0,75.0,0.0,0.0,26411000.0
1997-12-05,75.0,75.0,75.0,75.0,0.0,0.0,26411000.0
1997-12-08,75.0,75.0,75.0,75.0,0.0,0.0,26411000.0
1997-12-09,75.0,75.0,75.0,75.0,0.0,0.0,26411000.0
1997-12-10,75.0,75.0,75.0,75.0,0.0,0.0,26411000.0
1997-12-11,75.0,75.0,75.0,75.0,0.0,0.0,26411000.0
1997-12-12,75.0,75.0,75.0,75.0,0.0,0.0,26411000.0
1997-12-15,75.0,75.0,75.0,75.0,0.0,0.0,26411000.0
1997-12-16,75.0,75.0,75.0,75.0,0.0,0.0,26411000.0
1997-12-17,75.0,75.0,75.0,75.0,0.0,0.0,26411000.0
1997-12-18,75.0,75.0,75.0,75.0,0.0,0.0,26411000.0
1997-12-19,75.0,75.0,75.0,75.0,0.0,0.0,26411000.0
1997-12-22,75.0,75.0,75.0,75.0,0.0,0.0,26411000.0
1997-12-23,75.0,75.0,75.0,75.0,0.0,0.0,26411000.0
1997-12-24,75.0,75.0,75.0,75.0,0.0,0.0,26411000.0
1997-12-25,75.0,75.0,75.0,75.0,0.0,0.0,26411000.0
1997-12-26,75.0,75.0,75.0,75.0,0.0,0.0,26411000.0
1997-12-29,75.0,75.0,75.0,75.0,0.0,0.0,26411000.0
1997-12-30,75.0,75.0,75.0,75.0,0.0,0.0,26411000.0
1997-12-31,75.0,75.0,75.0,75.0,0.0,0.0,26411000.0
1998-01-01,75.0,75.0,75.0,75.0,0.0,0.0,26411000.0
1998-01-02,75.0,75.0,75.0,75.0,0.0,0.0,26411000.0
1998-01-05,75.0,75.0,75.0,75.0,0.0,0.0,26411000.0
1998-01-06,75.0,75.0,75.0,75.0,0.0,0.0,26411000.0
1998-01-07,75.0,75.0,75.0,75.0,0.0,0.0,26411000.0
1998-01-08,75.0,75.0,75.0,75.0,0.0,0.0,26411000.0
1998-01-09,75.0,75.0,75.0,75.0,0.0,0.0,26411000.0
1998-01-12,75.0,75.0,75.0,75.0,0.0,0.0,26411000.0
1998-01-13,75.0,75.0,75.0,75.0,0.0,0.0,26411000.0
1998-01-14,75.0,75.0,75.0,75.0,0.0,0.0,26411000.0
1998-01-15,75.0,75.0,75.0,75.0,0.0,0.0,26411000.0
1998-01-16,75.0,75.0,75.0,75.0,0.0,0.0,26411000.0
1998-01-19,75.0,75.0,75.0,75.0,0.0,0.0,26411000.0
1998-01-20,75.0,75.0,75.0,75.0,0.0,0.0,26411000.0
1998-01-21,75.0,75.0,75.0,75.0,0.0,0.0,26411000.0
1998-01-22,75.0,75.0,75.0,75.0,0.0,0.0,26411000.0
1998-01-23,75.0,75.0,75.0,75.0,0.0,0.0,26411000.0
1998-01-26,75.0,75.0,75.0,75.0,0.0,0.0,26411000.0
1998-01-27,75.0,75.0,75.0,75.0,0.0,0.0,26411000.0
1998-01-28,75.0,75.0,75.0,75.0,0.0,0.0,26411000.0
1998-01-29,75.0,75.0,75.0,75.0,0.0,0.0,26411000.0
1998-01-30,75.0,75.0,75.0,75.0,0.0,0.0,26411000.0
1998-02-02,75.0,75.0,75.0,75.0,0.0,0.0,26411000.0
1998-02-03,75.0,75.0,75.0,75.0,0.0,0.0,26411000.0
1998-02-04,75.0,75.0,75.0,75.0,0.0,0.0,26411000.0
1998-02-05,75.0,75.0,75.0,75.0,0.0,0.0,26411000.0
1998-02-06,75.0,75.0,75.0,75.0,0.0,0.0,26411000.0
1998-02-09,75.0,75.0,75.0,75.0,0.0,0.0,26411000.0
1998-02-10,75.0,75.0,75.0,75.0,0.0,0.0,26411000.0
1998-02-11,75.0,75.0,75.0,75.0,0.0,0.0,26411000.0
1998-02-12,75.0,75.0,75.0,75.0,0.0,0.0,26411000.0
1998-02-13,75.0,75.0,75.0,75.0,0.0,0.0,26411000.0
1998-02-16,75.0,75.0,75.0,75.0,0.0,0.0,26411000.0
1998-02-17,75.0,75.0,75.0,75.0,0.0,0.0,26411000.0
1998-02-18,75.0,75.0,75.0,75.0,0.0,0.0,26411000.0
1998-02-19,75.0,75.0,75.0,75.0,0.0,0.0,26411000.0
1998-02-20,75.0,75.0,75.0,75.0,0.0,0.0,26411000.0
1998-02-23,75.0,75.0,75.0,75.0,0.0,0.0,26411000.0
1998-02-24,75.0,75.0,75.0,75.0,0.0,0.0,26411000.0
1998-02-25,75.0,75.0,75.0,75.0,0.0,0.0,26411000.0
1998-02-26,75.0,75.0,75.0,75.0,0.0,0.0,26411000.0
1998-02-27,75.0,75.0,75.0,75.0,0.0,0.0,26411000.0
1998-03-02,75.0,75.0,75.0,75.0,0.0,0.0,26411000.0
1998-03-03,75.0,75.0,75.0,75.0,0.0,0.0,26411000.0
1998-03-04,75.0,75.0,75.0,75.0,0.0,0.0,26411000.0
1998-03-05,75.0,75.0,75.0,75.0,0.0,0.0,26411000.0
1998-03-06,75.0,75.0,75.0,75.0,0.0,0.0,26411000.0
1998-03-09,75.0,75.0,75.0,75.0,0.0,0.0,26411000.0
1998-03-10,75.0,75.0,75.0,75.0,0.0,0.0,26411000.0
1998-03-11,75.0,75.0,75.0,75.0,0.0,0.0,26411000.0
1998-03-12,75.0,75.0,75.0,75.0,0.0,0.0,26411000.0
1998-03-13,75.0,75.0,75.0,75.0,0.0,0.0,26411000.0
1998-03-16,75.0,75.0,75.0,75.0,0.0,0.0,26411000.0
1998-03-17,75.0,75.0,75.0,75.0,0.0,0.0,26411000.0
1998-03-18,75.0,75.0,75.0,75.0,0.0,0.0,26411000.0
1998-03-19,75.0,75.0,75.0,75.0,0.0,0.0,26411000.0
1998-03-20,75.0,75.0,75.0,75.0,0.0,0.0,26411000.0
1998-03-23,75.0,75.0,75.0,75.0,0.0,0.0,26411000.0
1998-03-24,75.0,75.0,75.0,75.0,0.0,0.0,26411000.0
1998-03-25,75.0,75.0,75.0,75.0,0.0,0.0,26411000.0
1998-03-26,75.0,75.0,75.0,75.0,0.0,0.0,26411000.0
1998-03-27,75.0,75.0,75.0,75.0,0.0,0.0,26411000.0
1998-03-30,75.0,75.0,75.0,75.0,0.0,0.0,26411000.0
1998-03-31,75.0,75.0,75.0,75.0,0.0,0.0,26411000.0
1998-04-01,75.0,75.0,75.0,75.0,0.0,0.0,26411000.0
1998-04-02,75.0,75.0,75.0,75.0,0.0,0.0,26411000.0
1998-04-03,75.0,75.0,75.0,75.0,0.0,0.0,26411000.0
1998-04-06,75.0,75.0,75.0,75.0,0.0,0.0,26411000.0
1998-04-07,75.0,75.0,75.0,75.0,0.0,0.0,26411000.0
1998-04-08,75.0,75.0,75.0,75.0,0.0,0.0,26411000.0
1998-04-09,75.0,75.0,75.0,75.0,0.0,0.0,26411000.0
1998-04-10,75.0,75.0,75.0,75.0,0.0,0.0,26411000.0
1998-04-13,75.0,75.0,75.0,75.0,0.0,0.0,26411000.0
1998-04-14,75.0,75.0,75.0,75.0,0.0,0.0,26411000.0
1998-04-15,75.0,75.0,75.0,75.0,0.0,0.0,26411000.0
1998-04-16,75.0,75.0,75.0,75.0,0.0,0.0,26411000.0
1998-04-17,75.0,75.0,75.0,75.0,0.0,0.0,26411000.0
1998-04-20,75.0,75.0,75.0,75.0,0.0,0.0,26411000.0
1998-04-21,75.0,75.0,75.0,75.0,0.0,0.0,26411000.0
1998-04-22,75.0,75.0,75.0,75.0,0.0,0.0,26411000.0
1998-04-23,75.0,75.0,75.0,75.0,0.0,0.0,26411000.0
1998-04-24,75.0,75.0,75.0,75.0,0.0,0.0,26411000.0
1998-04-27,75.0,75.0,75.0,75.0,0.0,0.0,26411000.0
1998-04-28,75.0,75.0,75.0,75.0,0.0,0.0,26411000.0
1998-04-29,75.0,75.0,75.0,75.0,0.0,0.0,26411000.0
1998-04-30,75.0,75.0,75.0,75.0,0.0,0.0,26411000.0
1998-05-01,75.0,75.0,75.0,75.0,0.0,0.0,26411000.0
1998-05-04,75.0,75.0,75.0,75.0,0.0,0.0,26411000.0
1998-05-05,75.0,75.0,75.0,75.0,0.0,0.0,26411000.0
1998-05-06,75.0,75.0,75.0,75.0,0.0,0.0,26411000.0
1998-05-07,75.0,75.0,75.0,75.0,0.0,0.0,26411000.0
1998-05-08,75.0,75.0,75.0,75.0,0.0,0.0,26411000.0
1998-05-11,75.0,75.0,75.0,75.0,0.0,0.0,26411000.0
1998-05-12,75.0,75.0,75.0,75.0,0.0,0.0,26411000.0
1998-05-13,75.0,75.0,75.0,75.0,0.0,0.0,26411000.0
1998-05-14,75.0,75.0,75.0,75.0,0.0,0.0,26411000.0
1998-05-15,75.0,75.0,75.0,75.0,0.0,0.0,26411000.0
1998-05-18,75.0,75.0,75.0,75.0,0.0,0.0,26411000.0
1998-05-19,75.0,75.0,75.0,75.0,0.0,0.0,26411000.0
1998-05-20,75.0,75.0,75.0,75.0,0.0,0.0,26411000.0
1998-05-21,75.0,75.0,75.0,75.0,0.0,0.0,26411000.0
1998-05-22,75.0,75.0,75.0,75.0,0.0,0.0,26411000.0
1998-05-25,75.0,75.0,75.0,75.0,0.0,0.0,26411000.0
1998-05-26,75.0,75.0,75.0,75.0,0.0,0.0,26411000.0
1998-05-27,75.0,75.0,75.0,75.0,0.0,0.0,26411000.0
1998-05-28,75.0,75.0,75.0,75.0,0.0,0.0,26411000.0
1998-05-29,75.0,75.0,75.0,75.0,0.0,0.0,26411000.0
1998-06-01,75.0,75.0,75.0,75.0,0.0,0.0,26411000.0
1998-06-02,75.0,75.0,75.0,75.0,0.0,0.0,26411000.0
1998-06-03,75.0,75.0,75.0,75.0,0.0,0.0,26411000.0
1998-06-04,75.0,75.0,75.0,75.0,0.0,0.0,26411000.0
1998-06-05,75.0,75.0,75.0,75.0,0.0,0.0,26411000.0
1998-06-08,75.0,75.0,75.0,75.0,0.0,0.0,26411000.0
1998-06-09,75.0,75.0,75.0,75.0,0.0,0.0,26411000.0
1998-06-10,75.0,75.0,75.0,75.0,0.0,0.0,26411000.0
1998-06-11,75.0,75.0,75.0,75.0,0.0,0.0,26411000.0
1998-06-12,75.0,75.0,75.0,75.0,0.0,0.0,26411000.0
1998-06-15,75.0,75.0,75.0,75.0,0.0,0.0,26411000.0
1998-06-16,75.0,75.0,75.0,75.0,0.0,0.0,26411000.0
1998-06-17,75.0,75.0,75.0,75.0,0.0,0.0,26411000.0
1998-06-18,75.0,75.0,75.0,75.0,0.0,0.0,26411000.0
1998-06-19,75.0,75.0,75.0,75.0,0.0,0.0,26411000.0
1998-06-22,75.0,75.0,75.0,75.0,0.0,0.0,26411000.0
1998-06-23,75.0,75.0,75.0,75.0,0.0,0.0,26411000.0
1998-06-24,75.0,75.0,75.0,75.0,0.0,0.0,26411000.0
1998-06-25,75.0,75.0,75.0,75.0,0.0,0.0,26411000.0
1998-06-26,75.0,75.0,75.0,75.0,0.0,0.0,26411000.0
1998-06-29,75.0,75.0,75.0,75.0,0.0,0.0,26411000.0
1998-06-30,75.0,75.0,75.0,75.0,0.0,0.0,26411000.0
1998-07-01,75.0,75.0,75.0,75.0,0.0,0.0,26411000.0
1998-07-02,75.0,75.0,75.0,75.0,0.0,0.0,26411000.0
1998-07-03,75.0,75.0,75.0,75.0,0.0,0.0,26411000.0
1998-07-06,75.0,75.0,75.0,75.0,0.0,0.0,26411000.0
1998-07-07,75.0,75.0,75.0,75.0,0.0,0.0,26411000.0
1998-07-08,75.0,75.0,75.0,75.0,0.0,0.0,26411000.0
1998-07-09,75.0,75.0,75.0,75.0,0.0,0.0,26411000.0
1998-07-10,75.0,75.0,75.0,75.0,0.0,0.0,26411000.0
1998-07-13,75.0,75.0,75.0,75.0,0.0,0.0,26411000.0
1998-07-14,75.0,75.0,75.0,75.0,0.0,0.0,26411000.0
1998-07-15,75.0,75.0,75.0,75.0,0.0,0.0,26411000.0
1998-07-16,75.0,75.0,75.0,75.0,0.0,0.0,26411000.0
1998-07-17,75.0,75.0,75.0,75.0,0.0,0.0,26411000.0
1998-07-20,75.0,75.0,75.0,75.0,0.0,0.0,26411000.0
1998-07-21,75.0,75.0,75.0,75.0,0.0,0.0,26411000.0
1998-07-22,75.0,75.0,75.0,75.0,0.0,0.0,26411000.0
1998-07-23,75.0,75.0,75.0,75.0,0.0,0.0,26411000.0
1998-07-24,75.0,75.0,75.0,75.0,0.0,0.0,26411000.0
1998-07-27,75.0,75.0,75.0,75.0,0.0,0.0,26411000.0
1998-07-28,75.0,75.0,75.0,75.0,0.0,0.0,26411000.0
1998-07-29,75.0,75.0,75.0,75.0,0.0,0.0,26411000.0
1998-07-30,75.0,75.0,75.0,75.0,0.0,0.0,26411000.0
1998-07-31,75.0,75.0,75.0,75.0,0.0,0.0,26411000.0
1998-08-03,75.0,75.0,75.0,75.0,0.0,0.0,26411000.0
1998-08-04,75.0,75.0,75.0,75.0,0.0,0.0,26411000.0
1998-08-05,75.0,75.0,75.0,75.0,0.0,0.0,26411000.0
1998-08-06,75.0,75.0,75.0,75.0,0.0,0.0,26411000.0
1998-08-07,75.0,75.0,75.0,75.0,0.0,0.0,26411000.0
1998-08-10,75.0,75.0,75.0,75.0,0.0,0.0,26411000.0
1998-08-11,75.0,75.0,75.0,75.0,0.0,0.0,26411000.0
1998-08-12,75.0,75.0,75.0,75.0,0.0,0.0,26411000.0
1998-08-13,75.0,75.0,75.0,75.0,0.0,0.0,26411000.0
1998-08-14,75.0,75.0,75.0,75.0,0.0,0.0,26411000.0
1998-08-17,75.0,75.0,75.0,75.0,0.0,0.0,26411000.0
1998-08-18,75.0,75.0,75.0,75.0,0.0,0.0,26411000.0
1998-08-19,75.0,75.0,75.0,75.0,0.0,0.0,26411000.0
1998-08-20,75.0,75.0,75.0,75.0,0.0,0.0,26411000.0
1998-08-21,75.0,75.0,75.0,75.0,0.0,0.0,26411000.0
1998-08-24,75.0,75.0,75.0,75.0,0.0,0.0,26411000.0
1998-08-25,75.0,75.0,75.0,75.0,0.0,0.0,26411000.0
1998-08-26,75.0,75.0,75.0,75.0,0.0,0.0,26411000.0
1998-08-27,75.0,75.0,75.0,75.0,0.0,0.0,26411000.0
1998-08-28,75.0,75.0,75.0,75.0,0.0,0.0,26411000.0
1998-08-31,75.0,75.0,75.0,75.0,0.0,0.0,26411000.0
1998-09-01,75.0,75.0,75.0,75.0,0.0,0.0,26411000.0
1998-09-02,75.0,75.0,75.0,75.0,0.0,0.0,26411000.0
1998-09-03,75.0,75.0,75.0,75.0,0.0,0.0,26411000.0
1998-09-04,75.0,75.0,75.0,75.0,0.0,0.0,26411000.0
1998-09-07,75.0,75.0,75.0,75.0,0.0,0.0,26411000.0
1998-09-08,75.0,75.0,75.0,75.0,0.0,0.0,26411000.0
1998-09-09,75.0,75.0,75.0,75.0,0.0,0.0,26411000.0
1998-09-10,75.0,75.0,75.0,75.0,0.0,0.0,26411000.0
1998-09-11,75.0,75.0,75.0,75.0,0.0,0.0,26411000.0
1998-09-14,75.0,75.0,75.0,75.0,0.0,0.0,26411000.0
1998-09-15,75.0,75.0,75.0,75.0,0.0,0.0,26411000.0
1998-09-16,75.0,75.0,75.0,75.0,0.0,0.0,26411000.0
1998-09-17,75.0,75.0,75.0,75.0,0.0,0.0,26411000.0
1998-09-18,75.0,75.0,75.0,75.0,0.0,0.0,26411000.0
1998-09-21,75.0,75.0,75.0,75.0,0.0,0.0,26411000.0
1998-09-22,75.0,75.0,75.0,75.0,0.0,0.0,26411000.0
1998-09-23,75.0,75.0,75.0,75.0,0.0,0.0,26411000.0
1998-09-24,75.0,75.0,75.0,75.0,0.0,0.0,26411000.0
1998-09-25,75.0,75.0,75.0,75.0,0.0,0.0,26411000.0
1998-09-28,75.0,75.0,75.0,75.0,0.0,0.0,26411000.0
1998-09-29,75.0,75.0,75.0,75.0,0.0,0.0,26411000.0
1998-09-30,75.0,75.0,75.0,75.0,0.0,0.0,26411000.0
1998-10-01,75.0,75.0,75.0,75.0,0.0,0.0,26411000.0
1998-10-02,75.0,75.0,75.0,75.0,0.0,0.0,26411000.0
1998-10-05,75.0,75.0,75.0,75.0,0.0,0.0,26411000.0
1998-10-06,75.0,75.0,75.0,75.0,0.0,0.0,26411000.0
1998-10-07,75.0,75.0,75.0,75.0,0.0,0.0,26411000.0
1998-10-08,75.0,75.0,75.0,75.0,0.0,0.0,26411000.0
1998-10-09,75.0,75.0,75.0,75.0,0.0,0.0,26411000.0
1998-10-12,75.0,75.0,75.0,75.0,0.0,0.0,26411000.0
1998-10-13,75.0,75.0,75.0,75.0,0.0,0.0,26411000.0
1998-10-14,75.0,75.0,75.0,75.0,0.0,0.0,26411000.0
1998-10-15,75.0,75.0,75.0,75.0,0.0,0.0,26411000.0
1998-10-16,75.0,75.0,75.0,75.0,0.0,0.0,26411000.0
1998-10-19,75.0,75.0,75.0,75.0,0.0,0.0,26411000.0
1998-10-20,75.0,75.0,75.0,75.0,0.0,0.0,26411000.0
1998-10-21,75.0,75.0,75.0,75.0,0.0,0.0,26411000.0
1998-10-22,75.0,75.0,75.0,75.0,0.0,0.0,26411000.0
1998-10-23,75.0,75.0,75.0,75.0,0.0,0.0,26411000.0
1998-10-26,75.0,75.0,75.0,75.0,0.0,0.0,26411000.0
1998-10-27,75.0,75.0,75.0,75.0,0.0,0.0,26411000.0
1998-10-28,75.0,75.0,75.0,75.0,0.0,0.0,26411000.0
1998-10-29,75.0,75.0,75.0,75.0,0.0,0.0,26411000.0
1998-10-30,75.0,75.0,75.0,75.0,0.0,0.0,26411000.0
1998-11-02,75.0,75.0,75.0,75.0,0.0,0.0,26411000.0
1998-11-03,75.0,75.0,75.0,75.0,0.0,0.0,26411000.0
1998-11-04,75.0,75.0,75.0,75.0,0.0,0.0,26411000.0
1998-11-05,75.0,75.0,75.0,75.0,0.0,0.0,26411000.0
1998-11-06,75.0,75.0,75.0,75.0,0.0,0.0,26411000.0
1998-11-09,75.0,75.0,75.0,75.0,0.0,0.0,26411000.0
1998-11-10,75.0,75.0,75.0,75.0,0.0,0.0,26411000.0
1998-11-11,75.0,75.0,75.0,75.0,0.0,0.0,26411000.0
1998-11-12,75.0,75.0,75.0,75.0,0.0,0.0,26411000.0
1998-11-13,75.0,75.0,75.0,75.0,0.0,0.0,26411000.0
1998-11-16,75.0,75.0,75.0,75.0,0.0,0.0,26411000.0
1998-11-17,75.0,75.0,75.0,75.0,0.0,0.0,26411000.0
1998-11-18,75.0,75.0,75.0,75.0,0.0,0.0,26411000.0
1998-11-19,75.0,75.0,75.0,75.0,0.0,0.0,26411000.0
1998-11-20,75.0,75.0,75.0,75.0,0.0,0.0,26411000.0
1998-11-23,75.0,75.0,75.0,75.0,0.0,0.0,26411000.0
1998-11-24,75.0,75.0,75.0,75.0,0.0,0.0,26411000.0
1998-11-25,75.0,75.0,75.0,75.0,0.0,0.0,26411000.0
1998-11-26,75.0,75.0,75.0,75.0,0.0,0.0,26411000.0
1998-11-27,75.0,75.0,75.0,75.0,0.0,0.0,26411000.0
1998-11-30,75.0,75.0,75.0,75.0,0.0,0.0,26411000.0
1998-12-01,75.0,75.0,75.0,75.0,0.0,0.0,26411000.0
1998-12-02,75.0,75.0,75.0,75.0,0.0,0.0,26411000.0
1998-12-03,75.0,75.0,75.0,75.0,0.0,0.0,26411000.0
1998-12-04,75.0,75.0,75.0,75.0,0.0,0.0,26411000.0
1998-12-07,75.0,75.0,75.0,75.0,0.0,0.0,26411000.0
1998-12-08,75.0,75.0,75.0,75.0,0.0,0.0,26411000.0
1998-12-09,75.0,75.0,75.0,75.0,0.0,0.0,26411000.0
1998-12-10,75.0,75.0,75.0,75.0,0.0,0.0,26411000.0
1998-12-11,75.0,75.0,75.0,75.0,0.0,0.0,26411000.0
1998-12-14,75.0,75.0,75.0,75.0,0.0,0.0,26411000.0
1998-12-15,75.0,75.0,75.0,75.0,0.0,0.0,26411000.0
1998-12-16,75.0,75.0,75.0,75.0,0.0,0.0,26411000.0
1998-12-17,75.0,75.0,75.0,75.0,0.0,0.0,26411000.0
1998-12-18,75.0,75.0,75.0,75.0,0.0,0.0,26411000.0
1998-12-21,75.0,75.0,75.0,75.0,0.0,0.0,26411000.0
1998-12-22,75.0,75.0,75.0,75.0,0.0,0.0,26411000.0
1998-12-23,75.0,75.0,75.0,75.0,0.0,0.0,26411000.0
1998-12-24,75.0,75.0,75.0,75.0,0.0,0.0,26411000.0
1998-12-25,75.0,75.0,75.0,75.0,0.0,0.0,26411000.0
1998-12-28,75.0,75.0,75.0,75.0,0.0,0.0,26411000.0
1998-12-29,75.0,75.0,75.0,75.0,0.0,0.0,26411000.0
1998-12-30,75.0,75.0,75.0,75.0,0.0,0.0,26411000.0
1998-12-31,75.0,75.0,75.0,75.0,0.0,0.0,26411000.0
1999-01-01,75.0,75.0,75.0,75.0,0.0,0.0,26411000.0
1999-01-04,75.0,75.0,75.0,75.0,0.0,0.0,26411000.0
1999-01-05,75.0,75.0,75.0,75.0,0.0,0.0,26411000.0
1999-01-06,75.0,75.0,75.0,75.0,0.0,0.0,26411000.0
1999-01-07,75.0,75.0,75.0,75.0,0.0,0.0,26411000.0
1999-01-08,75.0,75.0,75.0,75.0,0.0,0.0,26411000.0
1999-01-11,75.0,75.0,75.0,75.0,0.0,0.0,26411000.0
1999-01-12,75.0,75.0,75.0,75.0,0.0,0.0,26411000.0
1999-01-13,75.0,75.0,75.0,75.0,0.0,0.0,26411000.0
1999-01-14,75.0,75.0,75.0,75.0,0.0,0.0,26411000.0
1999-01-15,75.0,75.0,75.0,75.0,0.0,0.0,26411000.0
1999-01-18,75.0,75.0,75.0,75.0,0.0,0.0,26411000.0
1999-01-19,75.0,75.0,75.0,75.0,0.0,0.0,26411000.0
1999-01-20,75.0,75.0,75.0,75.0,0.0,0.0,26411000.0
1999-01-21,75.0,75.0,75.0,75.0,0.0,0.0,26411000.0
1999-01-22,75.0,75.0,75.0,75.0,0.0,0.0,26411000.0
1999-01-25,75.0,75.0,75.0,75.0,0.0,0.0,26411000.0
1999-01-26,75.0,75.0,75.0,75.0,0.0,0.0,26411000.0
1999-01-27,75.0,75.0,75.0,75.0,0.0,0.0,26411000.0
1999-01-28,75.0,75.0,75.0,75.0,0.0,0.0,26411000.0
1999-01-29,75.0,75.0,75.0,75.0,0.0,0.0,26411000.0
1999-02-01,75.0,75.0,75.0,75.0,0.0,0.0,26411000.0
1999-02-02,75.0,75.0,75.0,75.0,0.0,0.0,26411000.0
1999-02-03,75.0,75.0,75.0,75.0,0.0,0.0,26411000.0
1999-02-04,75.0,75.0,75.0,75.0,0.0,0.0,26411000.0
1999-02-05,75.0,75.0,75.0,75.0,0.0,0.0,26411000.0
1999-02-08,75.0,75.0,75.0,75.0,0.0,0.0,26411000.0
1999-02-09,75.0,75.0,75.0,75.0,0.0,0.0,26411000.0
1999-02-10,75.0,75.0,75.0,75.0,0.0,0.0,26411000.0
1999-02-11,75.0,75.0,75.0,75.0,0.0,0.0,26411000.0
1999-02-12,75.0,75.0,75.0,75.0,0.0,0.0,26411000.0
1999-02-15,75.0,75.0,75.0,75.0,0.0,0.0,26411000.0
1999-02-16,75.0,75.0,75.0,75.0,0.0,0.0,26411000.0
1999-02-17,75.0,75.0,75.0,75.0,0.0,0.0,26411000.0
1999-02-18,75.0,75.0,75.0,75.0,0.0,0.0,26411000.0
1999-02-19,75.0,75.0,75.0,75.0,0.0,0.0,26411000.0
1999-02-22,75.0,75.0,75.0,75.0,0.0,0.0,26411000.0
1999-02-23,75.0,75.0,75.0,75.0,0.0,0.0,26411000.0
1999-02-24,75.0,75.0,75.0,75.0,0.0,0.0,26411000.0
1999-02-25,75.0,75.0,75.0,75.0,0.0,0.0,26411000.0
1999-02-26,75.0,75.0,75.0,75.0,0.0,0.0,26411000.0
1999-03-01,75.0,75.0,75.0,75.0,0.0,0.0,26411000.0
1999-03-02,75.0,75.0,75.0,75.0,0.0,0.0,26411000.0
1999-03-03,75.0,75.0,75.0,75.0,0.0,0.0,26411000.0
1999-03-04,75.0,75.0,75.0,75.0,0.0,0.0,26411000.0
1999-03-05,75.0,75.0,75.0,75.0,0.0,0.0,26411000.0
1999-03-08,75.0,75.0,75.0,75.0,0.0,0.0,26411000.0
1999-03-09,75.0,75.0,75.0,75.0,0.0,0.0,26411000.0
1999-03-10,75.0,75.0,75.0,75.0,0.0,0.0,26411000.0
1999-03-11,75.0,75.0,75.0,75.0,0.0,0.0,26411000.0
1999-03-12,75.0,75.0,75.0,75.0,0.0,0.0,26411000.0
1999-03-15,75.0,75.0,75.0,75.0,0.0,0.0,26411000.0
1999-03-16,75.0,75.0,75.0,75.0,0.0,0.0,26411000.0
1999-03-17,75.0,75.0,75.0,75.0,0.0,0.0,26411000.0
1999-03-18,75.0,75.0,75.0,75.0,0.0,0.0,26411000.0
1999-03-19,75.0,75.0,75.0,75.0,0.0,0.0,26411000.0
1999-03-22,75.0,75.0,75.0,75.0,0.0,0.0,26411000.0
1999-03-23,75.0,75.0,75.0,75.0,0.0,0.0,26411000.0
1999-03-24,75.0,75.0,75.0,75.0,0.0,0.0,26411000.0
1999-03-25,75.0,75.0,75.0,75.0,0.0,0.0,26411000.0
1999-03-26,75.0,75.0,75.0,75.0,0.0,0.0,26411000.0
1999-03-29,75.0,75.0,75.0,75.0,0.0,0.0,26411000.0
1999-03-30,75.0,75.0,75.0,75.0,0.0,0.0,26411000.0
1999-03-31,75.0,75.0,75.0,75.0,0.0,0.0,26411000.0
1999-04-01,75.0,75.0,75.0,75.0,0.0,0.0,26411000.0
1999-04-02,75.0,75.0,75.0,75.0,0.0,0.0,26411000.0
1999-04-05,75.0,75.0,75.0,75.0,0.0,0.0,26411000.0
1999-04-06,75.0,75.0,75.0,75.0,0.0,0.0,26411000.0
1999-04-07,75.0,75.0,75.0,75.0,0.0,0.0,26411000.0
1999-04-08,75.0,75.0,75.0,75.0,0.0,0.0,26411000.0
1999-04-09,75.0,75.0,75.0,75.0,0.0,0.0,26411000.0
1999-04-12,75.0,75.0,75.0,75.0,0.0,0.0,26411000.0
1999-04-13,75.0,75.0,75.0,75.0,0.0,0.0,26411000.0
1999-04-14,75.0,75.0,75.0,75.0,0.0,0.0,26411000.0
1999-04-15,75.0,75.0,75.0,75.0,0.0,0.0,26411000.0
1999-04-16,75.0,75.0,75.0,75.0,0.0,0.0,26411000.0
1999-04-19,75.0,75.0,75.0,75.0,0.0,0.0,26411000.0
1999-04-20,75.0,75.0,75.0,75.0,0.0,0.0,26411000.0
1999-04-21,75.0,75.0,75.0,75.0,0.0,0.0,26411000.0
1999-04-22,75.0,75.0,75.0,75.0,0.0,0.0,26411000.0
1999-04-23,75.0,75.0,75.0,75.0,0.0,0.0,26411000.0
1999-04-26,75.0,75.0,75.0,75.0,0.0,0.0,26411000.0
1999-04-27,75.0,75.0,75.0,75.0,0.0,0.0,26411000.0
1999-04-28,75.0,75.0,75.0,75.0,0.0,0.0,26411000.0
1999-04-29,75.0,75.0,75.0,75.0,0.0,0.0,26411000.0
1999-04-30,75.0,75.0,75.0,75.0,0.0,0.0,26411000.0
1999-05-03,75.0,75.0,75.0,75.0,0.0,0.0,26411000.0
1999-05-04,75.0,75.0,75.0,75.0,0.0,0.0,26411000.0
1999-05-05,75.0,75.0,75.0,75.0,0.0,0.0,26411000.0
1999-05-06,75.0,75.0,75.0,75.0,0.0,0.0,26411000.0
1999-05-07,75.0,75.0,75.0,75.0,0.0,0.0,26411000.0
1999-05-10,75.0,75.0,75.0,75.0,0.0,0.0,26411000.0
1999-05-11,75.0,75.0,75.0,75.0,0.0,0.0,26411000.0
1999-05-12,75.0,75.0,75.0,75.0,0.0,0.0,26411000.0
1999-05-13,75.0,75.0,75.0,75.0,0.0,0.0,26411000.0
1999-05-14,75.0,75.0,75.0,75.0,0.0,0.0,26411000.0
1999-05-17,75.0,75.0,75.0,75.0,0.0,0.0,26411000.0
1999-05-18,75.0,75.0,75.0,75.0,0.0,0.0,26411000.0
1999-05-19,75.0,75.0,75.0,75.0,0.0,0.0,26411000.0
1999-05-20,75.0,75.0,75.0,75.0,0.0,0.0,26411000.0
1999-05-21,75.0,75.0,75.0,75.0,0.0,0.0,26411000.0
1999-05-24,75.0,75.0,75.0,75.0,0.0,0.0,26411000.0
1999-05-25,75.0,75.0,75.0,75.0,0.0,0.0,26411000.0
1999-05-26,75.0,75.0,75.0,75.0,0.0,0.0,26411000.0
1999-05-27,75.0,75.0,75.0,75.0,0.0,0.0,26411000.0
1999-05-28,75.0,75.0,75.0,75.0,0.0,0.0,26411000.0
1999-05-31,75.0,75.0,75.0,75.0,0.0,0.0,26411000.0
1999-06-01,75.0,75.0,75.0,75.0,0.0,0.0,26411000.0
1999-06-02,75.0,75.0,75.0,75.0,0.0,0.0,26411000.0
1999-06-03,75.0,75.0,75.0,75.0,0.0,0.0,26411000.0
1999-06-04,75.0,75.0,75.0,75.0,0.0,0.0,26411000.0
1999-06-07,75.0,75.0,75.0,75.0,0.0,0.0,26411000.0
1999-06-08,75.0,75.0,75.0,75.0,0.0,0.0,26411000.0
1999-06-09,75.0,75.0,75.0,75.0,0.0,0.0,26411000.0
1999-06-10,75.0,75.0,75.0,75.0,0.0,0.0,26411000.0
1999-06-11,75.0,75.0,75.0,75.0,0.0,0.0,26411000.0
1999-06-14,75.0,75.0,75.0,75.0,0.0,0.0,26411000.0
1999-06-15,75.0,75.0,75.0,75.0,0.0,0.0,26411000.0
1999-06-16,75.0,75.0,75.0,75.0,0.0,0.0,26411000.0
1999-06-17,75.0,75.0,75.0,75.0,0.0,0.0,26411000.0
1999-06-18,75.0,75.0,75.0,75.0,0.0,0.0,26411000.0
1999-06-21,75.0,75.0,75.0,75.0,0.0,0.0,26411000.0
1999-06-22,75.0,75.0,75.0,75.0,0.0,0.0,26411000.0
1999-06-23,75.0,75.0,75.0,75.0,0.0,0.0,26411000.0
1999-06-24,75.0,75.0,75.0,75.0,0.0,0.0,26411000.0
1999-06-25,75.0,75.0,75.0,75.0,0.0,0.0,26411000.0
1999-06-28,75.0,75.0,75.0,75.0,0.0,0.0,26411000.0
1999-06-29,75.0,75.0,75.0,75.0,0.0,0.0,26411000.0
1999-06-30,75.0,75.0,75.0,75.0,0.0,0.0,26411000.0
1999-07-01,75.0,75.0,75.0,75.0,0.0,0.0,26411000.0
1999-07-02,75.0,75.0,75.0,75.0,0.0,0.0,26411000.0
1999-07-05,75.0,75.0,75.0,75.0,0.0,0.0,26411000.0
1999-07-06,75.0,75.0,75.0,75.0,0.0,0.0,26411000.0
1999-07-07,75.0,75.0,75.0,75.0,0.0,0.0,26411000.0
1999-07-08,75.0,75.0,75.0,75.0,0.0,0.0,26411000.0
1999-07-09,75.0,75.0,75.0,75.0,0.0,0.0,26411000.0
1999-07-12,75.0,75.0,75.0,75.0,0.0,0.0,26411000.0
1999-07-13,75.0,75.0,75.0,75.0,0.0,0.0,26411000.0
1999-07-14,75.0,75.0,75.0,75.0,0.0,0.0,26411000.0
1999-07-15,75.0,75.0,75.0,75.0,0.0,0.0,26411000.0
1999-07-16,75.0,75.0,75.0,75.0,0.0,0.0,26411000.0
1999-07-19,75.0,75.0,75.0,75.0,0.0,0.0,26411000.0
1999-07-20,75.0,75.0,75.0,75.0,0.0,0.0,26411000.0
1999-07-21,75.0,75.0,75.0,75.0,0.0,0.0,26411000.0
1999-07-22,75.0,75.0,75.0,75.0,0.0,0.0,26411000.0
1999-07-23,75.0,75.0,75.0,75.0,0.0,0.0,26411000.0
1999-07-26,75.0,75.0,75.0,75.0,0.0,0.0,26411000.0
1999-07-27,75.0,75.0,75.0,75.0,0.0,0.0,26411000.0
1999-07-28,75.0,75.0,75.0,75.0,0.0,0.0,26411000.0
1999-07-29,75.0,75.0,75.0,75.0,0.0,0.0,26411000.0
1999-07-30,75.0,75.0,75.0,75.0,0.0,0.0,26411000.0
1999-08-02,75.0,75.0,75.0,75.0,0.0,0.0,26411000.0
1999-08-03,75.0,75.0,75.0,75.0,0.0,0.0,26411000.0
1999-08-04,75.0,75.0,75.0,75.0,0.0,0.0,26411000.0
1999-08-05,75.0,75.0,75.0,75.0,0.0,0.0,26411000.0
1999-08-06,75.0,75.0,75.0,75.0,0.0,0.0,26411000.0
1999-08-09,75.0,75.0,75.0,75.0,0.0,0.0,26411000.0
1999-08-10,75.0,75.0,75.0,75.0,0.0,0.0,26411000.0
1999-08-11,75.0,75.0,75.0,75.0,0.0,0.0,26411000.0
1999-08-12,75.0,75.0,75.0,75.0,0.0,0.0,26411000.0
1999-08-13,75.0,75.0,75.0,75.0,0.0,0.0,26411000.0
1999-08-16,75.0,75.0,75.0,75.0,0.0,0.0,26411000.0
1999-08-17,75.0,75.0,75.0,75.0,0.0,0.0,26411000.0
1999-08-18,75.0,75.0,75.0,75.0,0.0,0.0,26411000.0
1999-08-19,75.0,75.0,75.0,75.0,0.0,0.0,26411000.0
1999-08-20,75.0,75.0,75.0,75.0,0.0,0.0,26411000.0
1999-08-23,75.0,75.0,75.0,75.0,0.0,0.0,26411000.0
1999-08-24,75.0,75.0,75.0,75.0,0.0,0.0,26411000.0
1999-08-25,75.0,75.0,75.0,75.0,0.0,0.0,26411000.0
1999-08-26,75.0,75.0,75.0,75.0,0.0,0.0,26411000.0
1999-08-27,75.0,75.0,75.0,75.0,0.0,0.0,26411000.0
1999-08-30,75.0,75.0,75.0,75.0,0.0,0.0,26411000.0
1999-08-31,75.0,75.0,75.0,75.0,0.0,0.0,26411000.0
1999-09-01,75.0,75.0,75.0,75.0,0.0,0.0,26411000.0
1999-09-02,75.0,75.0,75.0,75.0,0.0,0.0,26411000.0
1999-09-03,75.0,75.0,75.0,75.0,0.0,0.0,26411000.0
1999-09-06,75.0,75.0,75.0,75.0,0.0,0.0,26411000.0
1999-09-07,75.0,75.0,75.0,75.0,0.0,0.0,26411000.0
1999-09-08,75.0,75.0,75.0,75.0,0.0,0.0,26411000.0
1999-09-09,75.0,75.0,75.0,75.0,0.0,0.0,26411000.0
1999-09-10,75.0,75.0,75.0,75.0,0.0,0.0,26411000.0
1999-09-13,75.0,75.0,75.0,75.0,0.0,0.0,26411000.0
1999-09-14,75.0,75.0,75.0,75.0,0.0,0.0,26411000.0
1999-09-15,75.0,75.0,75.0,75.0,0.0,0.0,26411000.0
1999-09-16,75.0,75.0,75.0,75.0,0.0,0.0,26411000.0
1999-09-17,75.0,75.0,75.0,75.0,0.0,0.0,26411000.0
1999-09-20,75.0,75.0,75.0,75.0,0.0,0.0,26411000.0
1999-09-21,75.0,75.0,75.0,75.0,0.0,0.0,26411000.0
1999-09-22,75.0,75.0,75.0,75.0,0.0,0.0,26411000.0
1999-09-23,75.0,75.0,75.0,75.0,0.0,0.0,26411000.0
1999-09-24,75.0,75.0,75.0,75.0,0.0,0.0,26411000.0
1999-09-27,75.0,75.0,75.0,75.0,0.0,0.0,26411000.0
1999-09-28,75.0,75.0,75.0,75.0,0.0,0.0,26411000.0
1999-09-29,75.0,75.0,75.0,75.0,0.0,0.0,26411000.0
1999-09-30,75.0,75.0,75.0,75.0,0.0,0.0,26411000.0
1999-10-01,75.0,75.0,75.0,75.0,0.0,0.0,26411000.0
1999-10-04,75.0,75.0,75.0,75.0,0.0,0.0,26411000.0
1999-10-05,75.0,75.0,75.0,75.0,0.0,0.0,26411000.0
1999-10-06,75.0,75.0,75.0,75.0,0.0,0.0,26411000.0
1999-10-07,75.0,75.0,75.0,75.0,0.0,0.0,26411000.0
1999-10-08,75.0,75.0,75.0,75.0,0.0,0.0,26411000.0
1999-10-11,75.0,75.0,75.0,75.0,0.0,0.0,26411000.0
1999-10-12,75.0,75.0,75.0,75.0,0.0,0.0,26411000.0
1999-10-13,75.0,75.0,75.0,75.0,0.0,0.0,26411000.0
1999-10-14,75.0,75.0,75.0,75.0,0.0,0.0,26411000.0
1999-10-15,75.0,75.0,75.0,75.0,0.0,0.0,26411000.0
1999-10-18,75.0,75.0,75.0,75.0,0.0,0.0,26411000.0
1999-10-19,75.0,75.0,75.0,75.0,0.0,0.0,26411000.0
1999-10-20,75.0,75.0,75.0,75.0,0.0,0.0,26411000.0
1999-10-21,75.0,75.0,75.0,75.0,0.0,0.0,26411000.0
1999-10-22,75.0,75.0,75.0,75.0,0.0,0.0,26411000.0
1999-10-25,75.0,75.0,75.0,75.0,0.0,0.0,26411000.0
1999-10-26,75.0,75.0,75.0,75.0,0.0,0.0,26411000.0
1999-10-27,75.0,75.0,75.0,75.0,0.0,0.0,26411000.0
1999-10-28,75.0,75.0,75.0,75.0,0.0,0.0,26411000.0
1999-10-29,75.0,75.0,75.0,75.0,0.0,0.0,26411000.0
1999-11-01,75.0,75.0,75.0,75.0,0.0,0.0,26411000.0
1999-11-02,75.0,75.0,75.0,75.0,0.0,0.0,26411000.0
1999-11-03,75.0,75.0,75.0,75.0,0.0,0.0,26411000.0
1999-11-04,75.0,75.0,75.0,75.0,0.0,0.0,26411000.0
1999-11-05,75.0,75.0,75.0,75.0,0.0,0.0,26411000.0
1999-11-08,75.0,75.0,75.0,75.0,0.0,0.0,26411000.0
1999-11-09,75.0,75.0,75.0,75.0,0.0,0.0,26411000.0
1999-11-10,75.0,75.0,75.0,75.0,0.0,0.0,26411000.0
1999-11-11,75.0,75.0,75.0,75.0,0.0,0.0,26411000.0
1999-11-12,75.0,75.0,75.0,75.0,0.0,0.0,26411000.0
1999-11-15,75.0,75.0,75.0,75.0,0.0,0.0,26411000.0
1999-11-16,75.0,75.0,75.0,75.0,0.0,0.0,26411000.0
1999-11-17,75.0,75.0,75.0,75.0,0.0,0.0,26411000.0
1999-11-18,75.0,75.0,75.0,75.0,0.0,0.0,26411000.0
1999-11-19,75.0,75.0,75.0,75.0,0.0,0.0,26411000.0
1999-11-22,75.0,75.0,75.0,75.0,0.0,0.0,26411000.0
1999-11-23,75.0,75.0,75.0,75.0,0.0,0.0,26411000.0
1999-11-24,75.0,75.0,75.0,75.0,0.0,0.0,26411000.0
1999-11-25,75.0,75.0,75.0,75.0,0.0,0.0,26411000.0
1999-11-26,75.0,75.0,75.0,75.0,0.0,0.0,26411000.0
1999-11-29,75.0,75.0,75.0,75.0,0.0,0.0,26411000.0
1999-11-30,75.0,75.0,75.0,75.0,0.0,0.0,26411000.0
1999-12-01,75.0,75.0,75.0,75.0,0.0,0.0,26411000.0
1999-12-02,75.0,75.0,75.0,75.0,0.0,0.0,26411000.0
1999-12-03,75.0,75.0,75.0,75.0,0.0,0.0,26411000.0
1999-12-06,75.0,75.0,75.0,75.0,0.0,0.0,26411000.0
1999-12-07,75.0,75.0,75.0,75.0,0.0,0.0,26411000.0
1999-12-08,75.0,75.0,75.0,75.0,0.0,0.0,26411000.0
1999-12-09,75.0,75.0,75.0,75.0,0.0,0.0,26411000.0
1999-12-10,75.0,75.0,75.0,75.0,0.0,0.0,26411000.0
1999-12-13,75.0,75.0,75.0,75.0,0.0,0.0,26411000.0
1999-12-14,75.0,75.0,75.0,75.0,0.0,0.0,26411000.0
1999-12-15,75.0,75.0,75.0,75.0,0.0,0.0,26411000.0
1999-12-16,75.0,75.0,75.0,75.0,0.0,0.0,26411000.0
1999-12-17,75.0,75.0,75.0,75.0,0.0,0.0,26411000.0
1999-12-20,75.0,75.0,75.0,75.0,0.0,0.0,26411000.0
1999-12-21,75.0,75.0,75.0,75.0,0.0,0.0,26411000.0
1999-12-22,75.0,75.0,75.0,75.0,0.0,0.0,26411000.0
1999-12-23,75.0,75.0,75.0,75.0,0.0,0.0,26411000.0
1999-12-24,75.0,75.0,75.0,75.0,0.0,0.0,26411000.0
1999-12-27,75.0,75.0,75.0,75.0,0.0,0.0,26411000.0
1999-12-28,75.0,75.0,75.0,75.0,0.0,0.0,26411000.0
1999-12-29,75.0,75.0,75.0,75.0,0.0,0.0,26411000.0
1999-12-30,75.0,75.0,75.0,75.0,0.0,0.0,26411000.0
1999-12-31,75.0,75.0,75.0,75.0,0.0,0.0,26411000.0
2000-01-03,75.0,75.0,75.0,75.0,0.0,0.0,26411000.0
2000-01-04,75.0,75.0,75.0,75.0,0.0,0.0,26411000.0
2000-01-05,75.0,75.0,75.0,75.0,0.0,0.0,26411000.0
2000-01-06,75.0,75.0,75.0,75.0,0.0,0.0,26411000.0
2000-01-07,75.0,75.0,75.0,75.0,0.0,0.0,26411000.0
2000-01-10,75.0,75.0,75.0,75.0,0.0,0.0,26411000.0
2000-01-11,75.0,75.0,75.0,75.0,0.0,0.0,26411000.0
2000-01-12,75.0,75.0,75.0,75.0,0.0,0.0,26411000.0
2000-01-13,75.0,75.0,75.0,75.0,0.0,0.0,26411000.0
2000-01-14,75.0,75.0,75.0,75.0,0.0,0.0,26411000.0
2000-01-17,75.0,75.0,75.0,75.0,0.0,0.0,26411000.0
2000-01-18,75.0,75.0,75.0,75.0,0.0,0.0,26411000.0
2000-01-19,75.0,75.0,75.0,75.0,0.0,0.0,26411000.0
2000-01-20,75.0,75.0,75.0,75.0,0.0,0.0,26411000.0
2000-01-21,75.0,75.0,75.0,75.0,0.0,0.0,26411000.0
2000-01-24,75.0,75.0,75.0,75.0,0.0,0.0,26411000.0
2000-01-25,75.0,75.0,75.0,75.0,0.0,0.0,26411000.0
2000-01-26,75.0,75.0,75.0,75.0,0.0,0.0,26411000.0
2000-01-27,75.0,75.0,75.0,75.0,0.0,0.0,26411000.0
2000-01-28,75.0,75.0,75.0,75.0,0.0,0.0,26411000.0
2000-01-31,75.0,75.0,75.0,75.0,0.0,0.0,26411000.0
2000-02-01,75.0,75.0,75.0,75.0,0.0,0.0,26411000.0
2000-02-02,75.0,75.0,75.0,75.0,0.0,0.0,26411000.0
2000-02-03,75.0,75.0,75.0,75.0,0.0,0.0,26411000.0
2000-02-04,75.0,75.0,75.0,75.0,0.0,0.0,26411000.0
2000-02-07,75.0,75.0,75.0,75.0,0.0,0.0,26411000.0
2000-02-08,75.0,75.0,75.0,75.0,0.0,0.0,26411000.0
2000-02-09,75.0,75.0,75.0,75.0,0.0,0.0,26411000.0
2000-02-10,75.0,75.0,75.0,75.0,0.0,0.0,26411000.0
2000-02-11,75.0,75.0,75.0,75.0,0.0,0.0,26411000.0
2000-02-14,75.0,75.0,75.0,75.0,0.0,0.0,26411000.0
2000-02-15,75.0,75.0,75.0,75.0,0.0,0.0,26411000.0
2000-02-16,75.0,75.0,75.0,75.0,0.0,0.0,26411000.0
2000-02-17,75.0,75.0,75.0,75.0,0.0,0.0,26411000.0
2000-02-18,75.0,75.0,75.0,75.0,0.0,0.0,26411000.0
2000-02-21,75.0,75.0,75.0,75.0,0.0,0.0,26411000.0
2000-02-22,75.0,75.0,75.0,75.0,0.0,0.0,26411000.0
2000-02-23,75.0,75.0,75.0,75.0,0.0,0.0,26411000.0
2000-02-24,75.0,75.0,75.0,75.0,0.0,0.0,26411000.0
2000-02-25,75.0,75.0,75.0,75.0,0.0,0.0,26411000.0
2000-02-28,75.0,75.0,75.0,75.0,0.0,0.0,26411000.0
2000-02-29,75.0,75.0,75.0,75.0,0.0,0.0,26411000.0
2000-03-01,75.0,75.0,75.0,75.0,0.0,0.0,26411000.0
2000-03-02,75.0,75.0,75.0,75.0,0.0,0.0,26411000.0
2000-03-03,75.0,75.0,75.0,75.0,0.0,0.0,26411000.0
2000-03-06,75.0,75.0,75.0,75.0,0.0,0.0,26411000.0
2000-03-07,75.0,75.0,75.0,75.0,0.0,0.0,26411000.0
2000-03-08,75.0,75.0,75.0,75.0,0.0,0.0,26411000.0
2000-03-09,75.0,75.0,75.0,75.0,0.0,0.0,26411000.0
2000-03-10,75.0,75.0,75.0,75.0,0.0,0.0,26411000.0
2000-03-13,75.0,75.0,75.0,75.0,0.0,0.0,26411000.0
2000-03-14,75.0,75.0,75.0,75.0,0.0,0.0,26411000.0
2000-03-15,75.0,75.0,75.0,75.0,0.0,0.0,26411000.0
2000-03-16,75.0,75.0,75.0,75.0,0.0,0.0,26411000.0
2000-03-17,75.0,75.0,75.0,75.0,0.0,0.0,26411000.0
2000-03-20,75.0,75.0,75.0,75.0,0.0,0.0,26411000.0
2000-03-21,75.0,75.0,75.0,75.0,0.0,0.0,26411000.0
2000-03-22,75.0,75.0,75.0,75.0,0.0,0.0,26411000.0
2000-03-23,75.0,75.0,75.0,75.0,0.0,0.0,26411000.0
2000-03-24,75.0,75.0,75.0,75.0,0.0,0.0,26411000.0
2000-03-27,75.0,75.0,75.0,75.0,0.0,0.0,26411000.0
2000-03-28,75.0,75.0,75.0,75.0,0.0,0.0,26411000.0
2000-03-29,75.0,75.0,75.0,75.0,0.0,0.0,26411000.0
2000-03-30,75.0,75.0,75.0,75.0,0.0,0.0,26411000.0
2000-03-31,75.0,75.0,75.0,75.0,0.0,0.0,26411000.0
2000-04-03,75.0,75.0,75.0,75.0,0.0,0.0,26411000.0
2000-04-04,75.0,75.0,75.0,75.0,0.0,0.0,26411000.0
2000-04-05,75.0,75.0,75.0,75.0,0.0,0.0,26411000.0
2000-04-06,75.0,75.0,75.0,75.0,0.0,0.0,26411000.0
2000-04-07,75.0,75.0,75.0,75.0,0.0,0.0,26411000.0
2000-04-10,75.0,75.0,75.0,75.0,0.0,0.0,26411000.0
2000-04-11,75.0,75.0,75.0,75.0,0.0,0.0,26411000.0
2000-04-12,75.0,75.0,75.0,75.0,0.0,0.0,26411000.0
2000-04-13,75.0,75.0,75.0,75.0,0.0,0.0,26411000.0
2000-04-14,75.0,75.0,75.0,75.0,0.0,0.0,26411000.0
2000-04-17,75.0,75.0,75.0,75.0,0.0,0.0,26411000.0
2000-04-18,75.0,75.0,75.0,75.0,0.0,0.0,26411000.0
2000-04-19,75.0,75.0,75.0,75.0,0.0,0.0,26411000.0
2000-04-20,75.0,75.0,75.0,75.0,0.0,0.0,26411000.0
2000-04-21,75.0,75.0,75.0,75.0,0.0,0.0,26411000.0
2000-04-24,75.0,75.0,75.0,75.0,0.0,0.0,26411000.0
2000-04-25,75.0,75.0,75.0,75.0,0.0,0.0,26411000.0
2000-04-26,75.0,75.0,75.0,75.0,0.0,0.0,26411000.0
2000-04-27,75.0,75.0,75.0,75.0,0.0,0.0,26411000.0
2000-04-28,75.0,75.0,75.0,75.0,0.0,0.0,26411000.0
2000-05-01,75.0,75.0,75.0,75.0,0.0,0.0,26411000.0
2000-05-02,75.0,75.0,75.0,75.0,0.0,0.0,26411000.0
2000-05-03,75.0,75.0,75.0,75.0,0.0,0.0,26411000.0
2000-05-04,75.0,75.0,75.0,75.0,0.0,0.0,26411000.0
2000-05-05,75.0,75.0,75.0,75.0,0.0,0.0,26411000.0
2000-05-08,75.0,75.0,75.0,75.0,0.0,0.0,26411000.0
2000-05-09,75.0,75.0,75.0,75.0,0.0,0.0,26411000.0
2000-05-10,75.0,75.0,75.0,75.0,0.0,0.0,26411000.0
2000-05-11,75.0,75.0,75.0,75.0,0.0,0.0,26411000.0
2000-05-12,75.0,75.0,75.0,75.0,0.0,0.0,26411000.0
2000-05-15,75.0,75.0,75.0,75.0,0.0,0.0,26411000.0
2000-05-16,75.0,75.0,75.0,75.0,0.0,0.0,26411000.0
2000-05-17,75.0,75.0,75.0,75.0,0.0,0.0,26411000.0
2000-05-18,75.0,75.0,75.0,75.0,0.0,0.0,26411000.0
2000-05-19,75.0,75.0,75.0,75.0,0.0,0.0,26411000.0
2000-05-22,75.0,75.0,75.0,75.0,0.0,0.0,26411000.0
2000-05-23,75.0,75.0,75.0,75.0,0.0,0.0,26411000.0
2000-05-24,75.0,75.0,75.0,75.0,0.0,0.0,26411000.0
2000-05-25,75.0,75.0,75.0,75.0,0.0,0.0,26411000.0
2000-05-26,75.0,75.0,75.0,75.0,0.0,0.0,26411000.0
2000-05-29,75.0,75.0,75.0,75.0,0.0,0.0,26411000.0
2000-05-30,75.0,75.0,75.0,75.0,0.0,0.0,26411000.0
2000-05-31,75.0,75.0,75.0,75.0,0.0,0.0,26411000.0
2000-06-01,75.0,75.0,75.0,75.0,0.0,0.0,26411000.0
2000-06-02,75.0,75.0,75.0,75.0,0.0,0.0,26411000.0
2000-06-05,75.0,75.0,75.0,75.0,0.0,0.0,26411000.0
2000-06-06,75.0,75.0,75.0,75.0,0.0,0.0,26411000.0
2000-06-07,75.0,75.0,75.0,75.0,0.0,0.0,26411000.0
2000-06-08,75.0,75.0,75.0,75.0,0.0,0.0,26411000.0
2000-06-09,75.0,75.0,75.0,75.0,0.0,0.0,26411000.0
2000-06-12,75.0,75.0,75.0,75.0,0.0,0.0,26411000.0
2000-06-13,75.0,75.0,75.0,75.0,0.0,0.0,26411000.0
2000-06-14,75.0,75.0,75.0,75.0,0.0,0.0,26411000.0
2000-06-15,75.0,75.0,75.0,75.0,0.0,0.0,26411000.0
2000-06-16,75.0,75.0,75.0,75.0,0.0,0.0,26411000.0
2000-06-19,75.0,75.0,75.0,75.0,0.0,0.0,26411000.0
2000-06-20,75.0,75.0,75.0,75.0,0.0,0.0,26411000.0
2000-06-21,75.0,75.0,75.0,75.0,0.0,0.0,26411000.0
2000-06-22,75.0,75.0,75.0,75.0,0.0,0.0,26411000.0
2000-06-23,75.0,75.0,75.0,75.0,0.0,0.0,26411000.0
2000-06-26,75.0,75.0,75.0,75.0,0.0,0.0,26411000.0
2000-06-27,75.0,75.0,75.0,75.0,0.0,0.0,26411000.0
2000-06-28,75.0,75.0,75.0,75.0,0.0,0.0,26411000.0
2000-06-29,75.0,75.0,75.0,75.0,0.0,0.0,26411000.0
2000-06-30,75.0,75.0,75.0,75.0,0.0,0.0,26411000.0
2000-07-03,75.0,75.0,75.0,75.0,0.0,0.0,26411000.0
2000-07-04,75.0,75.0,75.0,75.0,0.0,0.0,26411000.0
2000-07-05,75.0,75.0,75.0,75.0,0.0,0.0,26411000.0
2000-07-06,75.0,75.0,75.0,75.0,0.0,0.0,26411000.0
2000-07-07,75.0,75.0,75.0,75.0,0.0,0.0,26411000.0
2000-07-10,75.0,75.0,75.0,75.0,0.0,0.0,26411000.0
2000-07-11,75.0,75.0,75.0,75.0,0.0,0.0,26411000.0
2000-07-12,75.0,75.0,75.0,75.0,0.0,0.0,26411000.0
2000-07-13,75.0,75.0,75.0,75.0,0.0,0.0,26411000.0
2000-07-14,75.0,75.0,75.0,75.0,0.0,0.0,26411000.0
2000-07-17,75.0,75.0,75.0,75.0,0.0,0.0,26411000.0
2000-07-18,75.0,75.0,75.0,75.0,0.0,0.0,26411000.0
2000-07-19,75.0,75.0,75.0,75.0,0.0,0.0,26411000.0
2000-07-20,75.0,75.0,75.0,75.0,0.0,0.0,26411000.0
2000-07-21,75.0,75.0,75.0,75.0,0.0,0.0,26411000.0
2000-07-24,75.0,75.0,75.0,75.0,0.0,0.0,26411000.0
2000-07-25,75.0,75.0,75.0,75.0,0.0,0.0,26411000.0
2000-07-26,75.0,75.0,75.0,75.0,0.0,0.0,26411000.0
2000-07-27,75.0,75.0,75.0,75.0,0.0,0.0,26411000.0
2000-07-28,75.0,75.0,75.0,75.0,0.0,0.0,26411000.0
2000-07-31,75.0,75.0,75.0,75.0,0.0,0.0,26411000.0
2000-08-01,75.0,75.0,75.0,75.0,0.0,0.0,26411000.0
2000-08-02,75.0,75.0,75.0,75.0,0.0,0.0,26411000.0
2000-08-03,75.0,75.0,75.0,75.0,0.0,0.0,26411000.0
2000-08-04,75.0,75.0,75.0,75.0,0.0,0.0,26411000.0
2000-08-07,75.0,75.0,75.0,75.0,0.0,0.0,26411000.0
2000-08-08,75.0,75.0,75.0,75.0,0.0,0.0,26411000.0
2000-08-09,75.0,75.0,75.0,75.0,0.0,0.0,26411000.0
2000-08-10,75.0,75.0,75.0,75.0,0.0,0.0,26411000.0
2000-08-11,75.0,75.0,75.0,75.0,0.0,0.0,26411000.0
2000-08-14,75.0,75.0,75.0,75.0,0.0,0.0,26411000.0
2000-08-15,75.0,75.0,75.0,75.0,0.0,0.0,26411000.0
2000-08-16,75.0,75.0,75.0,75.0,0.0,0.0,26411000.0
2000-08-17,75.0,75.0,75.0,75.0,0.0,0.0,26411000.0
2000-08-18,75.0,75.0,75.0,75.0,0.0,0.0,26411000.0
2000-08-21,75.0,75.0,75.0,75.0,0.0,0.0,26411000.0
2000-08-22,75.0,75.0,75.0,75.0,0.0,0.0,26411000.0
2000-08-23,75.0,75.0,75.0,75.0,0.0,0.0,26411000.0
2000-08-24,75.0,75.0,75.0,75.0,0.0,0.0,26411000.0
2000-08-25,75.0,75.0,75.0,75.0,0.0,0.0,26411000.0
2000-08-28,75.0,75.0,75.0,75.0,0.0,0.0,26411000.0
2000-08-29,75.0,75.0,75.0,75.0,0.0,0.0,26411000.0
2000-08-30,75.0,75.0,75.0,75.0,0.0,0.0,26411000.0
2000-08-31,75.0,75.0,75.0,75.0,0.0,0.0,26411000.0
2000-09-01,75.0,75.0,75.0,75.0,0.0,0.0,26411000.0
2000-09-04,75.0,75.0,75.0,75.0,0.0,0.0,26411000.0
2000-09-05,75.0,75.0,75.0,75.0,0.0,0.0,26411000.0
2000-09-06,75.0,75.0,75.0,75.0,0.0,0.0,26411000.0
2000-09-07,75.0,75.0,75.0,75.0,0.0,0.0,26411000.0
2000-09-08,75.0,75.0,75.0,75.0,0.0,0.0,26411000.0
2000-09-11,75.0,75.0,75.0,75.0,0.0,0.0,26411000.0
2000-09-12,75.0,75.0,75.0,75.0,0.0,0.0,26411000.0
2000-09-13,75.0,75.0,75.0,75.0,0.0,0.0,26411000.0
2000-09-14,75.0,75.0,75.0,75.0,0.0,0.0,26411000.0
2000-09-15,75.0,75.0,75.0,75.0,0.0,0.0,26411000.0
2000-09-18,75.0,75.0,75.0,75.0,0.0,0.0,26411000.0
2000-09-19,75.0,75.0,75.0,75.0,0.0,0.0,26411000.0
2000-09-20,75.0,75.0,75.0,75.0,0.0,0.0,26411000.0
2000-09-21,75.0,75.0,75.0,75.0,0.0,0.0,26411000.0
2000-09-22,75.0,75.0,75.0,75.0,0.0,0.0,26411000.0
2000-09-25,75.0,75.0,75.0,75.0,0.0,0.0,26411000.0
2000-09-26,75.0,75.0,75.0,75.0,0.0,0.0,26411000.0
2000-09-27,75.0,75.0,75.0,75.0,0.0,0.0,26411000.0
2000-09-28,75.0,75.0,75.0,75.0,0.0,0.0,26411000.0
2000-09-29,75.0,75.0,75.0,75.0,0.0,0.0,26411000.0
2000-10-02,75.0,75.0,75.0,75.0,0.0,0.0,26411000.0
2000-10-03,75.0,75.0,75.0,75.0,0.0,0.0,26411000.0
2000-10-04,75.0,75.0,75.0,75.0,0.0,0.0,26411000.0
2000-10-05,75.0,75.0,75.0,75.0,0.0,0.0,26411000.0
2000-10-06,75.0,75.0,75.0,75.0,0.0,0.0,26411000.0
2000-10-09,75.0,75.0,75.0,75.0,0.0,0.0,26411000.0
2000-10-10,75.0,75.0,75.0,75.0,0.0,0.0,26411000.0
2000-10-11,75.0,75.0,75.0,75.0,0.0,0.0,26411000.0
2000-10-12,75.0,75.0,75.0,75.0,0.0,0.0,26411000.0
2000-10-13,75.0,75.0,75.0,75.0,0.0,0.0,26411000.0
2000-10-16,75.0,75.0,75.0,75.0,0.0,0.0,26411000.0
2000-10-17,75.0,75.0,75.0,75.0,0.0,0.0,26411000.0
2000-10-18,75.0,75.0,75.0,75.0,0.0,0.0,26411000.0
2000-10-19,75.0,75.0,75.0,75.0,0.0,0.0,26411000.0
2000-10-20,75.0,75.0,75.0,75.0,0.0,0.0,26411000.0
2000-10-23,75.0,75.0,75.0,75.0,0.0,0.0,26411000.0
2000-10-24,75.0,75.0,75.0,75.0,0.0,0.0,26411000.0
2000-10-25,75.0,75.0,75.0,75.0,0.0,0.0,26411000.0
2000-10-26,75.0,75.0,75.0,75.0,0.0,0.0,26411000.0
2000-10-27,75.0,75.0,75.0,75.0,0.0,0.0,26411000.0
2000-10-30,75.0,75.0,75.0,75.0,0.0,0.0,26411000.0
2000-10-31,75.0,75.0,75.0,75.0,0.0,0.0,26411000.0
2000-11-01,75.0,75.0,75.0,75.0,0.0,0.0,26411000.0
2000-11-02,75.0,75.0,75.0,75.0,0.0,0.0,26411000.0
2000-11-03,75.0,75.0,75.0,75.0,0.0,0.0,26411000.0
2000-11-06,75.0,75.0,75.0,75.0,0.0,0.0,26411000.0
2000-11-07,75.0,75.0,75.0,75.0,0.0,0.0,26411000.0
2000-11-08,75.0,75.0,75.0,75.0,0.0,0.0,26411000.0
2000-11-09,75.0,75.0,75.0,75.0,0.0,0.0,26411000.0
2000-11-10,75.0,75.0,75.0,75.0,0.0,0.0,26411000.0
2000-11-13,75.0,75.0,75.0,75.0,0.0,0.0,26411000.0
2000-11-14,75.0,75.0,75.0,75.0,0.0,0.0,26411000.0
2000-11-15,75.0,75.0,75.0,75.0,0.0,0.0,26411000.0
2000-11-16,75.0,75.0,75.0,75.0,0.0,0.0,26411000.0
2000-11-17,75.0,75.0,75.0,75.0,0.0,0.0,26411000.0
2000-11-20,75.0,75.0,75.0,75.0,0.0,0.0,26411000.0
2000-11-21,75.0,75.0,75.0,75.0,0.0,0.0,26411000.0
2000-11-22,75.0,75.0,75.0,75.0,0.0,0.0,26411000.0
2000-11-23,75.0,75.0,75.0,75.0,0.0,0.0,26411000.0
2000-11-24,75.0,75.0,75.0,75.0,0.0,0.0,26411000.0
2000-11-27,75.0,75.0,75.0,75.0,0.0,0.0,26411000.0
2000-11-28,75.0,75.0,75.0,75.0,0.0,0.0,26411000.0
2000-11-29,75.0,75.0,75.0,75.0,0.0,0.0,26411000.0
2000-11-30,75.0,75.0,75.0,75.0,0.0,0.0,26411000.0
2000-12-01,75.0,75.0,75.0,75.0,0.0,0.0,26411000.0
2000-12-04,75.0,75.0,75.0,75.0,0.0,0.0,26411000.0
2000-12-05,75.0,75.0,75.0,75.0,0.0,0.0,26411000.0
2000-12-06,75.0,75.0,75.0,75.0,0.0,0.0,26411000.0
2000-12-07,75.0,75.0,75.0,75.0,0.0,0.0,26411000.0
2000-12-08,75.0,75.0,75.0,75.0,0.0,0.0,26411000.0
2000-12-11,75.0,75.0,75.0,75.0,0.0,0.0,26411000.0
2000-12-12,75.0,75.0,75.0,75.0,0.0,0.0,26411000.0
2000-12-13,75.0,75.0,75.0,75.0,0.0,0.0,26411000.0
2000-12-14,75.0,75.0,75.0,75.0,0.0,0.0,26411000.0
2000-12-15,75.0,75.0,75.0,75.0,0.0,0.0,26411000.0
2000-12-18,75.0,75.0,75.0,75.0,0.0,0.0,26411000.0
2000-12-19,75.0,75.0,75.0,75.0,0.0,0.0,26411000.0
2000-12-20,75.0,75.0,75.0,75.0,0.0,0.0,26411000.0
2000-12-21,75.0,75.0,75.0,75.0,0.0,0.0,26411000.0
2000-12-22,75.0,75.0,75.0,75.0,0.0,0.0,26411000.0
2000-12-25,75.0,75.0,75.0,75.0,0.0,0.0,26411000.0
2000-12-26,75.0,75.0,75.0,75.0,0.0,0.0,26411000.0
2000-12-27,75.0,75.0,75.0,75.0,0.0,0.0,26411000.0
2000-12-28,75.0,75.0,75.0,75.0,0.0,0.0,26411000.0
2000-12-29,75.0,75.0,75.0,75.0,0.0,0.0,26411000.0
2001-01-01,75.0,75.0,75.0,75.0,0.0,0.0,26411000.0
2001-01-02,75.0,75.0,75.0,75.0,0.0,0.0,26411000.0
2001-01-03,75.0,75.0,75.0,75.0,0.0,0.0,26411000.0
2001-01-04,75.0,75.0,75.0,75.0,0.0,0.0,26411000.0
2001-01-05,75.0,75.0,75.0,75.0,0.0,0.0,26411000.0
2001-01-08,75.0,75.0,75.0,75.0,0.0,0.0,26411000.0
2001-01-09,75.0,75.0,75.0,75.0,0.0,0.0,26411000.0
2001-01-10,75.0,75.0,75.0,75.0,0.0,0.0,26411000.0
2001-01-11,75.0,75.0,75.0,75.0,0.0,0.0,26411000.0
2001-01-12,75.0,75.0,75.0,75.0,0.0,0.0,26411000.0
2001-01-15,75.0,75.0,75.0,75.0,0.0,0.0,26411000.0
2001-01-16,75.0,75.0,75.0,75.0,0.0,0.0,26411000.0
2001-01-17,75.0,75.0,75.0,75.0,0.0,0.0,26411000.0
2001-01-18,75.0,75.0,75.0,75.0,0.0,0.0,26411000.0
2001-01-19,75.0,75.0,75.0,75.0,0.0,0.0,26411000.0
2001-01-22,75.0,75.0,75.0,75.0,0.0,0.0,26411000.0
2001-01-23,75.0,75.0,75.0,75.0,0.0,0.0,26411000.0
2001-01-24,75.0,75.0,75.0,75.0,0.0,0.0,26411000.0
2001-01-25,75.0,75.0,75.0,75.0,0.0,0.0,26411000.0
2001-01-26,75.0,75.0,75.0,75.0,0.0,0.0,26411000.0
2001-01-29,75.0,75.0,75.0,75.0,0.0,0.0,26411000.0
2001-01-30,75.0,75.0,75.0,75.0,0.0,0.0,26411000.0
2001-01-31,75.0,75.0,75.0,75.0,0.0,0.0,26411000.0
2001-02-01,75.0,75.0,75.0,75.0,0.0,0.0,26411000.0
2001-02-02,75.0,75.0,75.0,75.0,0.0,0.0,26411000.0
2001-02-05,75.0,75.0,75.0,75.0,0.0,0.0,26411000.0
2001-02-06,75.0,75.0,75.0,75.0,0.0,0.0,26411000.0
2001-02-07,75.0,75.0,75.0,75.0,0.0,0.0,26411000.0
2001-02-08,75.0,75.0,75.0,75.0,0.0,0.0,26411000.0
2001-02-09,75.0,75.0,75.0,75.0,0.0,0.0,26411000.0
2001-02-12,75.0,75.0,75.0,75.0,0.0,0.0,26411000.0
2001-02-13,75.0,75.0,75.0,75.0,0.0,0.0,26411000.0
2001-02-14,75.0,75.0,75.0,75.0,0.0,0.0,26411000.0
2001-02-15,75.0,75.0,75.0,75.0,0.0,0.0,26411000.0
2001-02-16,75.0,75.0,75.0,75.0,0.0,0.0,26411000.0
2001-02-19,75.0,75.0,75.0,75.0,0.0,0.0,26411000.0
2001-02-20,75.0,75.0,75.0,75.0,0.0,0.0,26411000.0
2001-02-21,75.0,75.0,75.0,75.0,0.0,0.0,26411000.0
2001-02-22,75.0,75.0,75.0,75.0,0.0,0.0,26411000.0
2001-02-23,75.0,75.0,75.0,75.0,0.0,0.0,26411000.0
2001-02-26,75.0,75.0,75.0,75.0,0.0,0.0,26411000.0
2001-02-27,75.0,75.0,75.0,75.0,0.0,0.0,26411000.0
2001-02-28,75.0,75.0,75.0,75.0,0.0,0.0,26411000.0
2001-03-01,75.0,75.0,75.0,75.0,0.0,0.0,26411000.0
2001-03-02,75.0,75.0,75.0,75.0,0.0,0.0,26411000.0
2001-03-05,75.0,75.0,75.0,75.0,0.0,0.0,26411000.0
2001-03-06,75.0,75.0,75.0,75.0,0.0,0.0,26411000.0
2001-03-07,75.0,75.0,75.0,75.0,0.0,0.0,26411000.0
2001-03-08,75.0,75.0,75.0,75.0,0.0,0.0,26411000.0
2001-03-09,75.0,75.0,75.0,75.0,0.0,0.0,26411000.0
2001-03-12,75.0,75.0,75.0,75.0,0.0,0.0,26411000.0
2001-03-13,75.0,75.0,75.0,75.0,0.0,0.0,26411000.0
2001-03-14,75.0,75.0,75.0,75.0,0.0,0.0,26411000.0
2001-03-15,75.0,75.0,75.0,75.0,0.0,0.0,26411000.0
2001-03-16,75.0,75.0,75.0,75.0,0.0,0.0,26411000.0
2001-03-19,75.0,75.0,75.0,75.0,0.0,0.0,26411000.0
2001-03-20,75.0,75.0,75.0,75.0,0.0,0.0,26411000.0
2001-03-21,75.0,75.0,75.0,75.0,0.0,0.0,26411000.0
2001-03-22,75.0,75.0,75.0,75.0,0.0,0.0,26411000.0
2001-03-23,75.0,75.0,75.0,75.0,0.0,0.0,26411000.0
2001-03-26,75.0,75.0,75.0,75.0,0.0,0.0,26411000.0
2001-03-27,75.0,75.0,75.0,75.0,0.0,0.0,26411000.0
2001-03-28,75.0,75.0,75.0,75.0,0.0,0.0,26411000.0
2001-03-29,75.0,75.0,75.0,75.0,0.0,0.0,26411000.0
2001-03-30,75.0,75.0,75.0,75.0,0.0,0.0,26411000.0
2001-04-02,75.0,75.0,75.0,75.0,0.0,0.0,26411000.0
2001-04-03,75.0,75.0,75.0,75.0,0.0,0.0,26411000.0
2001-04-04,75.0,75.0,75.0,75.0,0.0,0.0,26411000.0
2001-04-05,75.0,75.0,75.0,75.0,0.0,0.0,26411000.0
2001-04-06,75.0,75.0,75.0,75.0,0.0,0.0,26411000.0
2001-04-09,75.0,75.0,75.0,75.0,0.0,0.0,26411000.0
2001-04-10,75.0,75.0,75.0,75.0,0.0,0.0,26411000.0
2001-04-11,75.0,75.0,75.0,75.0,0.0,0.0,26411000.0
2001-04-12,75.0,75.0,75.0,75.0,0.0,0.0,26411000.0
2001-04-13,75.0,75.0,75.0,75.0,0.0,0.0,26411000.0
2001-04-16,75.0,75.0,75.0,75.0,0.0,0.0,26411000.0
2001-04-17,75.0,75.0,75.0,75.0,0.0,0.0,26411000.0
2001-04-18,75.0,75.0,75.0,75.0,0.0,0.0,26411000.0
2001-04-19,75.0,75.0,75.0,75.0,0.0,0.0,26411000.0
2001-04-20,75.0,75.0,75.0,75.0,0.0,0.0,26411000.0
2001-04-23,75.0,75.0,75.0,75.0,0.0,0.0,26411000.0
2001-04-24,75.0,75.0,75.0,75.0,0.0,0.0,26411000.0
2001-04-25,75.0,75.0,75.0,75.0,0.0,0.0,26411000.0
2001-04-26,75.0,75.0,75.0,75.0,0.0,0.0,26411000.0
2001-04-27,75.0,75.0,75.0,75.0,0.0,0.0,26411000.0
2001-04-30,75.0,75.0,75.0,75.0,0.0,0.0,26411000.0
2001-05-01,75.0,75.0,75.0,75.0,0.0,0.0,26411000.0
2001-05-02,75.0,75.0,75.0,75.0,0.0,0.0,26411000.0
2001-05-03,75.0,75.0,75.0,75.0,0.0,0.0,26411000.0
2001-05-04,75.0,75.0,75.0,75.0,0.0,0.0,26411000.0
2001-05-07,75.0,75.0,75.0,75.0,0.0,0.0,26411000.0
2001-05-08,75.0,75.0,75.0,75.0,0.0,0.0,26411000.0
2001-05-09,75.0,75.0,75.0,75.0,0.0,0.0,26411000.0
2001-05-10,75.0,75.0,75.0,75.0,0.0,0.0,26411000.0
2001-05-11,75.0,75.0,75.0,75.0,0.0,0.0,26411000.0
2001-05-14,75.0,75.0,75.0,75.0,0.0,0.0,26411000.0
2001-05-15,75.0,75.0,75.0,75.0,0.0,0.0,26411000.0
2001-05-16,75.0,75.0,75.0,75.0,0.0,0.0,26411000.0
2001-05-17,75.0,75.0,75.0,75.0,0.0,0.0,26411000.0
2001-05-18,75.0,75.0,75.0,75.0,0.0,0.0,26411000.0
2001-05-21,75.0,75.0,75.0,75.0,0.0,0.0,26411000.0
2001-05-22,75.0,75.0,75.0,75.0,0.0,0.0,26411000.0
2001-05-23,75.0,75.0,75.0,75.0,0.0,0.0,26411000.0
2001-05-24,75.0,75.0,75.0,75.0,0.0,0.0,26411000.0
2001-05-25,75.0,75.0,75.0,75.0,0.0,0.0,26411000.0
2001-05-28,75.0,75.0,75.0,75.0,0.0,0.0,26411000.0
2001-05-29,75.0,75.0,75.0,75.0,0.0,0.0,26411000.0
2001-05-30,75.0,75.0,75.0,75.0,0.0,0.0,26411000.0
2001-05-31,75.0,75.0,75.0,75.0,0.0,0.0,26411000.0
2001-06-01,75.0,75.0,75.0,75.0,0.0,0.0,26411000.0
2001-06-04,75.0,75.0,75.0,75.0,0.0,0.0,26411000.0
2001-06-05,75.0,75.0,75.0,75.0,0.0,0.0,26411000.0
2001-06-06,75.0,75.0,75.0,75.0,0.0,0.0,26411000.0
2001-06-07,75.0,75.0,75.0,75.0,0.0,0.0,26411000.0
2001-06-08,75.0,75.0,75.0,75.0,0.0,0.0,26411000.0
2001-06-11,75.0,75.0,75.0,75.0,0.0,0.0,26411000.0
2001-06-12,75.0,75.0,75.0,75.0,0.0,0.0,26411000.0
2001-06-13,75.0,75.0,75.0,75.0,0.0,0.0,26411000.0
2001-06-14,75.0,75.0,75.0,75.0,0.0,0.0,26411000.0
2001-06-15,75.0,75.0,75.0,75.0,0.0,0.0,26411000.0
2001-06-18,75.0,75.0,75.0,75.0,0.0,0.0,26411000.0
2001-06-19,75.0,75.0,75.0,75.0,0.0,0.0,26411000.0
2001-06-20,75.0,75.0,75.0,75.0,0.0,0.0,26411000.0
2001-06-21,75.0,75.0,75.0,75.0,0.0,0.0,26411000.0
2001-06-22,75.0,75.0,75.0,75.0,0.0,0.0,26411000.0
2001-06-25,75.0,75.0,75.0,75.0,0.0,0.0,26411000.0
2001-06-26,75.0,75.0,75.0,75.0,0.0,0.0,26411000.0
2001-06-27,75.0,75.0,75.0,75.0,0.0,0.0,26411000.0
2001-06-28,75.0,75.0,75.0,75.0,0.0,0.0,26411000.0
2001-06-29,75.0,75.0,75.0,75.0,0.0,0.0,26411000.0
2001-07-02,75.0,75.0,75.0,75.0,0.0,0.0,26411000.0
2001-07-03,75.0,75.0,75.0,75.0,0.0,0.0,26411000.0
2001-07-04,75.0,75.0,75.0,75.0,0.0,0.0,26411000.0
2001-07-05,75.0,75.0,75.0,75.0,0.0,0.0,26411000.0
2001-07-06,75.0,75.0,75.0,75.0,0.0,0.0,26411000.0
2001-07-09,75.0,75.0,75.0,75.0,0.0,0.0,26411000.0
2001-07-10,75.0,75.0,75.0,75.0,0.0,0.0,26411000.0
2001-07-11,75.0,75.0,75.0,75.0,0.0,0.0,26411000.0
2001-07-12,75.0,75.0,75.0,75.0,0.0,0.0,26411000.0
2001-07-13,75.0,75.0,75.0,75.0,0.0,0.0,26411000.0
2001-07-16,75.0,75.0,75.0,75.0,0.0,0.0,26411000.0
2001-07-17,75.0,75.0,75.0,75.0,0.0,0.0,26411000.0
2001-07-18,75.0,75.0,75.0,75.0,0.0,0.0,26411000.0
2001-07-19,75.0,75.0,75.0,75.0,0.0,0.0,26411000.0
2001-07-20,75.0,75.0,75.0,75.0,0.0,0.0,26411000.0
2001-07-23,75.0,75.0,75.0,75.0,0.0,0.0,26411000.0
2001-07-24,75.0,75.0,75.0,75.0,0.0,0.0,26411000.0
2001-07-25,75.0,75.0,75.0,75.0,0.0,0.0,26411000.0
2001-07-26,75.0,75.0,75.0,75.0,0.0,0.0,26411000.0
2001-07-27,75.0,75.0,75.0,75.0,0.0,0.0,26411000.0
2001-07-30,75.0,75.0,75.0,75.0,0.0,0.0,26411000.0
2001-07-31,75.0,75.0,75.0,75.0,0.0,0.0,26411000.0
2001-08-01,75.0,75.0,75.0,75.0,0.0,0.0,26411000.0
2001-08-02,75.0,75.0,75.0,75.0,0.0,0.0,26411000.0
2001-08-03,75.0,75.0,75.0,75.0,0.0,0.0,26411000.0
2001-08-06,75.0,75.0,75.0,75.0,0.0,0.0,26411000.0
2001-08-07,75.0,75.0,75.0,75.0,0.0,0.0,26411000.0
2001-08-08,75.0,75.0,75.0,75.0,0.0,0.0,26411000.0
2001-08-09,75.0,75.0,75.0,75.0,0.0,0.0,26411000.0
2001-08-10,75.0,75.0,75.0,75.0,0.0,0.0,26411000.0
2001-08-13,75.0,75.0,75.0,75.0,0.0,0.0,26411000.0
2001-08-14,75.0,75.0,75.0,75.0,0.0,0.0,26411000.0
2001-08-15,75.0,75.0,75.0,75.0,0.0,0.0,26411000.0
2001-08-16,75.0,75.0,75.0,75.0,0.0,0.0,26411000.0
2001-08-17,75.0,75.0,75.0,75.0,0.0,0.0,26411000.0
2001-08-20,75.0,75.0,75.0,75.0,0.0,0.0,26411000.0
2001-08-21,75.0,75.0,75.0,75.0,0.0,0.0,26411000.0
2001-08-22,75.0,75.0,75.0,75.0,0.0,0.0,26411000.0
2001-08-23,75.0,75.0,75.0,75.0,0.0,0.0,26411000.0
2001-08-24,75.0,75.0,75.0,75.0,0.0,0.0,26411000.0
2001-08-27,75.0,75.0,75.0,75.0,0.0,0.0,26411000.0
2001-08-28,75.0,75.0,75.0,75.0,0.0,0.0,26411000.0
2001-08-29,75.0,75.0,75.0,75.0,0.0,0.0,26411000.0
2001-08-30,75.0,75.0,75.0,75.0,0.0,0.0,26411000.0
2001-08-31,75.0,75.0,75.0,75.0,0.0,0.0,26411000.0
2001-09-03,75.0,75.0,75.0,75.0,0.0,0.0,26411000.0
2001-09-04,75.0,75.0,75.0,75.0,0.0,0.0,26411000.0
2001-09-05,75.0,75.0,75.0,75.0,0.0,0.0,26411000.0
2001-09-06,75.0,75.0,75.0,75.0,0.0,0.0,26411000.0
2001-09-07,75.0,75.0,75.0,75.0,0.0,0.0,26411000.0
2001-09-10,75.0,75.0,75.0,75.0,0.0,0.0,26411000.0
2001-09-11,75.0,75.0,75.0,75.0,0.0,0.0,26411000.0
2001-09-12,75.0,75.0,75.0,75.0,0.0,0.0,26411000.0
2001-09-13,75.0,75.0,75.0,75.0,0.0,0.0,26411000.0
2001-09-14,75.0,75.0,75.0,75.0,0.0,0.0,26411000.0
2001-09-17,75.0,75.0,75.0,75.0,0.0,0.0,26411000.0
2001-09-18,75.0,75.0,75.0,75.0,0.0,0.0,26411000.0
2001-09-19,75.0,75.0,75.0,75.0,0.0,0.0,26411000.0
2001-09-20,75.0,75.0,75.0,75.0,0.0,0.0,26411000.0
2001-09-21,75.0,75.0,75.0,75.0,0.0,0.0,26411000.0
2001-09-24,75.0,75.0,75.0,75.0,0.0,0.0,26411000.0
2001-09-25,75.0,75.0,75.0,75.0,0.0,0.0,26411000.0
2001-09-26,75.0,75.0,75.0,75.0,0.0,0.0,26411000.0
2001-09-27,75.0,75.0,75.0,75.0,0.0,0.0,26411000.0
2001-09-28,75.0,75.0,75.0,75.0,0.0,0.0,26411000.0
2001-10-01,75.0,75.0,75.0,75.0,0.0,0.0,26411000.0
2001-10-02,75.0,75.0,75.0,75.0,0.0,0.0,26411000.0
2001-10-03,75.0,75.0,75.0,75.0,0.0,0.0,26411000.0
2001-10-04,75.0,75.0,75.0,75.0,0.0,0.0,26411000.0
2001-10-05,75.0,75.0,75.0,75.0,0.0,0.0,26411000.0
2001-10-08,75.0,75.0,75.0,75.0,0.0,0.0,26411000.0
2001-10-09,75.0,75.0,75.0,75.0,0.0,0.0,26411000.0
2001-10-10,75.0,75.0,75.0,75.0,0.0,0.0,26411000.0
2001-10-11,75.0,75.0,75.0,75.0,0.0,0.0,26411000.0
2001-10-12,75.0,75.0,75.0,75.0,0.0,0.0,26411000.0
2001-10-15,75.0,75.0,75.0,75.0,0.0,0.0,26411000.0
2001-10-16,75.0,75.0,75.0,75.0,0.0,0.0,26411000.0
2001-10-17,75.0,75.0,75.0,75.0,0.0,0.0,26411000.0
2001-10-18,75.0,75.0,75.0,75.0,0.0,0.0,26411000.0
2001-10-19,75.0,75.0,75.0,75.0,0.0,0.0,26411000.0
2001-10-22,75.0,75.0,75.0,75.0,0.0,0.0,26411000.0
2001-10-23,75.0,75.0,75.0,75.0,0.0,0.0,26411000.0
2001-10-24,75.0,75.0,75.0,75.0,0.0,0.0,26411000.0
2001-10-25,75.0,75.0,75.0,75.0,0.0,0.0,26411000.0
2001-10-26,75.0,75.0,75.0,75.0,0.0,0.0,26411000.0
2001-10-29,75.0,75.0,75.0,75.0,0.0,0.0,26411000.0
2001-10-30,75.0,75.0,75.0,75.0,0.0,0.0,26411000.0
2001-10-31,75.0,75.0,75.0,75.0,0.0,0.0,26411000.0
2001-11-01,75.0,75.0,75.0,75.0,0.0,0.0,26411000.0
2001-11-02,75.0,75.0,75.0,75.0,0.0,0.0,26411000.0
2001-11-05,75.0,75.0,75.0,75.0,0.0,0.0,26411000.0
2001-11-06,75.0,75.0,75.0,75.0,0.0,0.0,26411000.0
2001-11-07,75.0,75.0,75.0,75.0,0.0,0.0,26411000.0
2001-11-08,75.0,75.0,75.0,75.0,0.0,0.0,26411000.0
2001-11-09,75.0,75.0,75.0,75.0,0.0,0.0,26411000.0
2001-11-12,75.0,75.0,75.0,75.0,0.0,0.0,26411000.0
2001-11-13,75.0,75.0,75.0,75.0,0.0,0.0,26411000.0
2001-11-14,75.0,75.0,75.0,75.0,0.0,0.0,26411000.0
2001-11-15,75.0,75.0,75.0,75.0,0.0,0.0,26411000.0
2001-11-16,75.0,75.0,75.0,75.0,0.0,0.0,26411000.0
2001-11-19,75.0,75.0,75.0,75.0,0.0,0.0,26411000.0
2001-11-20,75.0,75.0,75.0,75.0,0.0,0.0,26411000.0
2001-11-21,75.0,75.0,75.0,75.0,0.0,0.0,26411000.0
2001-11-22,75.0,75.0,75.0,75.0,0.0,0.0,26411000.0
2001-11-23,75.0,75.0,75.0,75.0,0.0,0.0,26411000.0
2001-11-26,75.0,75.0,75.0,75.0,0.0,0.0,26411000.0
2001-11-27,75.0,75.0,75.0,75.0,0.0,0.0,26411000.0
2001-11-28,75.0,75.0,75.0,75.0,0.0,0.0,26411000.0
2001-11-29,75.0,75.0,75.0,75.0,0.0,0.0,26411000.0
2001-11-30,75.0,75.0,75.0,75.0,0.0,0.0,26411000.0
2001-12-01,75.0,75.0,75.0,75.0,0.0,0.0,26411000.0
2001-12-03,75.0,75.0,75.0,75.0,0.0,0.0,26411000.0
2001-12-04,75.0,75.0,75.0,75.0,0.0,0.0,26411000.0
2001-12-05,75.0,75.0,75.0,75.0,0.0,0.0,26411000.0
2001-12-06,75.0,75.0,75.0,75.0,0.0,0.0,26411000.0
2001-12-07,75.0,75.0,75.0,75.0,0.0,0.0,26411000.0
2001-12-10,75.0,75.0,75.0,75.0,0.0,0.0,26411000.0
2001-12-11,75.0,75.0,75.0,75.0,0.0,0.0,26411000.0
2001-12-12,75.0,75.0,75.0,75.0,0.0,0.0,26411000.0
2001-12-13,75.0,75.0,75.0,75.0,0.0,0.0,26411000.0
2001-12-14,75.0,75.0,75.0,75.0,0.0,0.0,26411000.0
2001-12-17,75.0,75.0,75.0,75.0,0.0,0.0,26411000.0
2001-12-18,75.0,75.0,75.0,75.0,0.0,0.0,26411000.0
2001-12-19,75.0,75.0,75.0,75.0,0.0,0.0,26411000.0
2001-12-20,75.0,75.0,75.0,75.0,0.0,0.0,26411000.0
2001-12-21,75.0,75.0,75.0,75.0,0.0,0.0,26411000.0
2001-12-24,75.0,75.0,75.0,75.0,0.0,0.0,26411000.0
2001-12-25,75.0,75.0,75.0,75.0,0.0,0.0,26411000.0
2001-12-26,75.0,75.0,75.0,75.0,0.0,0.0,26411000.0
2001-12-27,75.0,75.0,75.0,75.0,0.0,0.0,26411000.0
2001-12-28,75.0,75.0,75.0,75.0,0.0,0.0,26411000.0
2001-12-31,75.0,75.0,75.0,75.0,0.0,0.0,26411000.0
2002-01-01,75.0,75.0,75.0,75.0,0.0,0.0,26411000.0
2002-01-02,75.0,75.0,75.0,75.0,0.0,0.0,26411000.0
2002-01-03,75.0,75.0,75.0,75.0,0.0,0.0,26411000.0
2002-01-04,75.0,75.0,75.0,75.0,0.0,0.0,26411000.0
2002-01-07,75.0,75.0,75.0,75.0,0.0,0.0,26411000.0
2002-01-08,75.0,75.0,75.0,75.0,0.0,0.0,26411000.0
2002-01-09,75.0,75.0,75.0,75.0,0.0,0.0,26411000.0
2002-01-10,75.0,75.0,75.0,75.0,0.0,0.0,26411000.0
2002-01-11,75.0,75.0,75.0,75.0,0.0,0.0,26411000.0
2002-01-14,75.0,75.0,75.0,75.0,0.0,0.0,26411000.0
2002-01-15,75.0,75.0,75.0,75.0,0.0,0.0,26411000.0
2002-01-16,75.0,75.0,75.0,75.0,0.0,0.0,26411000.0
2002-01-17,75.0,75.0,75.0,75.0,0.0,0.0,26411000.0
2002-01-18,75.0,75.0,75.0,75.0,0.0,0.0,26411000.0
2002-01-21,75.0,75.0,75.0,75.0,0.0,0.0,26411000.0
2002-01-22,75.0,75.0,75.0,75.0,0.0,0.0,26411000.0
2002-01-23,75.0,75.0,75.0,75.0,0.0,0.0,26411000.0
2002-01-24,75.0,75.0,75.0,75.0,0.0,0.0,26411000.0
2002-01-25,75.0,75.0,75.0,75.0,0.0,0.0,26411000.0
2002-01-28,75.0,75.0,75.0,75.0,0.0,0.0,26411000.0
2002-01-29,75.0,75.0,75.0,75.0,0.0,0.0,26411000.0
2002-01-30,75.0,75.0,75.0,75.0,0.0,0.0,26411000.0
2002-01-31,75.0,75.0,75.0,75.0,0.0,0.0,26411000.0
2002-02-01,75.0,75.0,75.0,75.0,0.0,0.0,26411000.0
2002-02-04,75.0,75.0,75.0,75.0,0.0,0.0,26411000.0
2002-02-05,75.0,75.0,75.0,75.0,0.0,0.0,26411000.0
2002-02-06,75.0,75.0,75.0,75.0,0.0,0.0,26411000.0
2002-02-07,75.0,75.0,75.0,75.0,0.0,0.0,26411000.0
2002-02-08,75.0,75.0,75.0,75.0,0.0,0.0,26411000.0
2002-02-11,75.0,75.0,75.0,75.0,0.0,0.0,26411000.0
2002-02-12,75.0,75.0,75.0,75.0,0.0,0.0,26411000.0
2002-02-13,75.0,75.0,75.0,75.0,0.0,0.0,26411000.0
2002-02-14,75.0,75.0,75.0,75.0,0.0,0.0,26411000.0
2002-02-15,75.0,75.0,75.0,75.0,0.0,0.0,26411000.0
2002-02-18,75.0,75.0,75.0,75.0,0.0,0.0,26411000.0
2002-02-19,75.0,75.0,75.0,75.0,0.0,0.0,26411000.0
2002-02-20,75.0,75.0,75.0,75.0,0.0,0.0,26411000.0
2002-02-21,75.0,75.0,75.0,75.0,0.0,0.0,26411000.0
2002-02-22,75.0,75.0,75.0,75.0,0.0,0.0,26411000.0
2002-02-25,75.0,75.0,75.0,75.0,0.0,0.0,26411000.0
2002-02-26,75.0,75.0,75.0,75.0,0.0,0.0,26411000.0
2002-02-27,75.0,75.0,75.0,75.0,0.0,0.0,26411000.0
2002-02-28,75.0,75.0,75.0,75.0,0.0,0.0,26411000.0
2002-03-01,75.0,75.0,75.0,75.0,0.0,0.0,26411000.0
2002-03-04,75.0,75.0,75.0,75.0,0.0,0.0,26411000.0
2002-03-05,75.0,75.0,75.0,75.0,0.0,0.0,26411000.0
2002-03-06,75.0,75.0,75.0,75.0,0.0,0.0,26411000.0
2002-03-07,75.0,75.0,75.0,75.0,0.0,0.0,26411000.0
2002-03-08,75.0,75.0,75.0,75.0,0.0,0.0,26411000.0
2002-03-11,75.0,75.0,75.0,75.0,0.0,0.0,26411000.0
2002-03-12,75.0,75.0,75.0,75.0,0.0,0.0,26411000.0
2002-03-13,75.0,75.0,75.0,75.0,0.0,0.0,26411000.0
2002-03-14,75.0,75.0,75.0,75.0,0.0,0.0,26411000.0
2002-03-15,75.0,75.0,75.0,75.0,0.0,0.0,26411000.0
2002-03-18,75.0,75.0,75.0,75.0,0.0,0.0,26411000.0
2002-03-19,75.0,75.0,75.0,75.0,0.0,0.0,26411000.0
2002-03-20,75.0,75.0,75.0,75.0,0.0,0.0,26411000.0
2002-03-21,75.0,75.0,75.0,75.0,0.0,0.0,26411000.0
2002-03-22,75.0,75.0,75.0,75.0,0.0,0.0,26411000.0
2002-03-25,75.0,75.0,75.0,75.0,0.0,0.0,26411000.0
2002-03-26,75.0,75.0,75.0,75.0,0.0,0.0,26411000.0
2002-03-27,75.0,75.0,75.0,75.0,0.0,0.0,26411000.0
2002-03-28,75.0,75.0,75.0,75.0,0.0,0.0,26411000.0
2002-03-29,75.0,75.0,75.0,75.0,0.0,0.0,26411000.0
2002-04-01,75.0,75.0,75.0,75.0,0.0,0.0,26411000.0
2002-04-02,75.0,75.0,75.0,75.0,0.0,0.0,26411000.0
2002-04-03,75.0,75.0,75.0,75.0,0.0,0.0,26411000.0
2002-04-04,75.0,75.0,75.0,75.0,0.0,0.0,26411000.0
2002-04-05,75.0,75.0,75.0,75.0,0.0,0.0,26411000.0
2002-04-08,75.0,75.0,75.0,75.0,0.0,0.0,26411000.0
2002-04-09,75.0,75.0,75.0,75.0,0.0,0.0,26411000.0
2002-04-10,75.0,75.0,75.0,75.0,0.0,0.0,26411000.0
2002-04-11,75.0,75.0,75.0,75.0,0.0,0.0,26411000.0
2002-04-12,75.0,75.0,75.0,75.0,0.0,0.0,26411000.0
2002-04-15,75.0,75.0,75.0,75.0,0.0,0.0,26411000.0
2002-04-16,75.0,75.0,75.0,75.0,0.0,0.0,26411000.0
2002-04-17,75.0,75.0,75.0,75.0,0.0,0.0,26411000.0
2002-04-18,75.0,75.0,75.0,75.0,0.0,0.0,26411000.0
2002-04-19,75.0,75.0,75.0,75.0,0.0,0.0,26411000.0
2002-04-22,75.0,75.0,75.0,75.0,0.0,0.0,26411000.0
2002-04-23,75.0,75.0,75.0,75.0,0.0,0.0,26411000.0
2002-04-24,75.0,75.0,75.0,75.0,0.0,0.0,26411000.0
2002-04-25,75.0,75.0,75.0,75.0,0.0,0.0,26411000.0
2002-04-26,75.0,75.0,75.0,75.0,0.0,0.0,26411000.0
2002-04-29,75.0,75.0,75.0,75.0,0.0,0.0,26411000.0
2002-04-30,75.0,75.0,75.0,75.0,0.0,0.0,26411000.0
2002-05-01,75.0,75.0,75.0,75.0,0.0,0.0,26411000.0
2002-05-02,75.0,75.0,75.0,75.0,0.0,0.0,26411000.0
2002-05-03,75.0,75.0,75.0,75.0,0.0,0.0,26411000.0
2002-05-06,75.0,75.0,75.0,75.0,0.0,0.0,26411000.0
2002-05-07,75.0,75.0,75.0,75.0,0.0,0.0,26411000.0
2002-05-08,75.0,75.0,75.0,75.0,0.0,0.0,26411000.0
2002-05-09,75.0,75.0,75.0,75.0,0.0,0.0,26411000.0
2002-05-10,75.0,75.0,75.0,75.0,0.0,0.0,26411000.0
2002-05-13,75.0,75.0,75.0,75.0,0.0,0.0,26411000.0
2002-05-14,75.0,75.0,75.0,75.0,0.0,0.0,26411000.0
2002-05-15,75.0,75.0,75.0,75.0,0.0,0.0,26411000.0
2002-05-16,75.0,75.0,75.0,75.0,0.0,0.0,26411000.0
2002-05-17,75.0,75.0,75.0,75.0,0.0,0.0,26411000.0
2002-05-20,75.0,75.0,75.0,75.0,0.0,0.0,26411000.0
2002-05-21,75.0,75.0,75.0,75.0,0.0,0.0,26411000.0
2002-05-22,75.0,75.0,75.0,75.0,0.0,0.0,26411000.0
2002-05-23,75.0,75.0,75.0,75.0,0.0,0.0,26411000.0
2002-05-24,75.0,75.0,75.0,75.0,0.0,0.0,26411000.0
2002-05-27,75.0,75.0,75.0,75.0,0.0,0.0,26411000.0
2002-05-28,75.0,75.0,75.0,75.0,0.0,0.0,26411000.0
2002-05-29,75.0,75.0,75.0,75.0,0.0,0.0,26411000.0
2002-05-30,75.0,75.0,75.0,75.0,0.0,0.0,26411000.0
2002-05-31,75.0,75.0,75.0,75.0,0.0,0.0,26411000.0
2002-06-03,75.0,75.0,75.0,75.0,0.0,0.0,26411000.0
2002-06-04,75.0,75.0,75.0,75.0,0.0,0.0,26411000.0
2002-06-05,75.0,75.0,75.0,75.0,0.0,0.0,26411000.0
2002-06-06,75.0,75.0,75.0,75.0,0.0,0.0,26411000.0
2002-06-07,75.0,75.0,75.0,75.0,0.0,0.0,26411000.0
2002-06-10,75.0,75.0,75.0,75.0,0.0,0.0,26411000.0
2002-06-11,75.0,75.0,75.0,75.0,0.0,0.0,26411000.0
2002-06-12,75.0,75.0,75.0,75.0,0.0,0.0,26411000.0
2002-06-13,75.0,75.0,75.0,75.0,0.0,0.0,26411000.0
2002-06-14,75.0,75.0,75.0,75.0,0.0,0.0,26411000.0
2002-06-17,75.0,75.0,75.0,75.0,0.0,0.0,26411000.0
2002-06-18,75.0,75.0,75.0,75.0,0.0,0.0,26411000.0
2002-06-19,75.0,75.0,75.0,75.0,0.0,0.0,26411000.0
2002-06-20,75.0,75.0,75.0,75.0,0.0,0.0,26411000.0
2002-06-21,75.0,75.0,75.0,75.0,0.0,0.0,26411000.0
2002-06-24,75.0,75.0,75.0,75.0,0.0,0.0,26411000.0
2002-06-25,75.0,75.0,75.0,75.0,0.0,0.0,26411000.0
2002-06-26,75.0,75.0,75.0,75.0,0.0,0.0,26411000.0
2002-06-27,75.0,75.0,75.0,75.0,0.0,0.0,26411000.0
2002-06-28,75.0,75.0,75.0,75.0,0.0,0.0,26411000.0
2002-07-01,75.0,75.0,75.0,75.0,0.0,0.0,26411000.0
2002-07-02,75.0,75.0,75.0,75.0,0.0,0.0,26411000.0
2002-07-03,75.0,75.0,75.0,75.0,0.0,0.0,26411000.0
2002-07-04,75.0,75.0,75.0,75.0,0.0,0.0,26411000.0
2002-07-05,75.0,75.0,75.0,75.0,0.0,0.0,26411000.0
2002-07-08,75.0,75.0,75.0,75.0,0.0,0.0,26411000.0
2002-07-09,75.0,75.0,75.0,75.0,0.0,0.0,26411000.0
2002-07-10,75.0,75.0,75.0,75.0,0.0,0.0,26411000.0
2002-07-11,75.0,75.0,75.0,75.0,0.0,0.0,26411000.0
2002-07-12,75.0,75.0,75.0,75.0,0.0,0.0,26411000.0
2002-07-15,75.0,75.0,75.0,75.0,0.0,0.0,26411000.0
2002-07-16,75.0,75.0,75.0,75.0,0.0,0.0,26411000.0
2002-07-17,75.0,75.0,75.0,75.0,0.0,0.0,26411000.0
2002-07-18,75.0,75.0,75.0,75.0,0.0,0.0,26411000.0
2002-07-19,75.0,75.0,75.0,75.0,0.0,0.0,26411000.0
2002-07-22,75.0,75.0,75.0,75.0,0.0,0.0,26411000.0
2002-07-23,75.0,75.0,75.0,75.0,0.0,0.0,26411000.0
2002-07-24,75.0,75.0,75.0,75.0,0.0,0.0,26411000.0
2002-07-25,75.0,75.0,75.0,75.0,0.0,0.0,26411000.0
2002-07-26,75.0,75.0,75.0,75.0,0.0,0.0,26411000.0
2002-07-29,75.0,75.0,75.0,75.0,0.0,0.0,26411000.0
2002-07-30,75.0,75.0,75.0,75.0,0.0,0.0,26411000.0
2002-07-31,75.0,75.0,75.0,75.0,0.0,0.0,26411000.0
2002-08-01,75.0,75.0,75.0,75.0,0.0,0.0,26411000.0
2002-08-02,75.0,75.0,75.0,75.0,0.0,0.0,26411000.0
2002-08-05,75.0,75.0,75.0,75.0,0.0,0.0,26411000.0
2002-08-06,75.0,75.0,75.0,75.0,0.0,0.0,26411000.0
2002-08-07,75.0,75.0,75.0,75.0,0.0,0.0,26411000.0
2002-08-08,75.0,75.0,75.0,75.0,0.0,0.0,26411000.0
2002-08-09,75.0,75.0,75.0,75.0,0.0,0.0,26411000.0
2002-08-12,75.0,75.0,75.0,75.0,0.0,0.0,26411000.0
2002-08-13,75.0,75.0,75.0,75.0,0.0,0.0,26411000.0
2002-08-14,75.0,75.0,75.0,75.0,0.0,0.0,26411000.0
2002-08-15,75.0,75.0,75.0,75.0,0.0,0.0,26411000.0
2002-08-16,75.0,75.0,75.0,75.0,0.0,0.0,26411000.0
2002-08-19,75.0,75.0,75.0,75.0,0.0,0.0,26411000.0
2002-08-20,75.0,75.0,75.0,75.0,0.0,0.0,26411000.0
2002-08-21,75.0,75.0,75.0,75.0,0.0,0.0,26411000.0
2002-08-22,75.0,75.0,75.0,75.0,0.0,0.0,26411000.0
2002-08-23,75.0,75.0,75.0,75.0,0.0,0.0,26411000.0
2002-08-26,75.0,75.0,75.0,75.0,0.0,0.0,26411000.0
2002-08-27,75.0,75.0,75.0,75.0,0.0,0.0,26411000.0
2002-08-28,75.0,75.0,75.0,75.0,0.0,0.0,26411000.0
2002-08-29,75.0,75.0,75.0,75.0,0.0,0.0,26411000.0
2002-08-30,75.0,75.0,75.0,75.0,0.0,0.0,26411000.0
2002-09-02,75.0,75.0,75.0,75.0,0.0,0.0,26411000.0
2002-09-03,75.0,75.0,75.0,75.0,0.0,0.0,26411000.0
2002-09-04,75.0,75.0,75.0,75.0,0.0,0.0,26411000.0
2002-09-05,75.0,75.0,75.0,75.0,0.0,0.0,26411000.0
2002-09-06,75.0,75.0,75.0,75.0,0.0,0.0,26411000.0
2002-09-09,75.0,75.0,75.0,75.0,0.0,0.0,26411000.0
2002-09-10,75.0,75.0,75.0,75.0,0.0,0.0,26411000.0
2002-09-11,75.0,75.0,75.0,75.0,0.0,0.0,26411000.0
2002-09-12,75.0,75.0,75.0,75.0,0.0,0.0,26411000.0
2002-09-13,75.0,75.0,75.0,75.0,0.0,0.0,26411000.0
2002-09-16,75.0,75.0,75.0,75.0,0.0,0.0,26411000.0
2002-09-17,75.0,75.0,75.0,75.0,0.0,0.0,26411000.0
2002-09-18,75.0,75.0,75.0,75.0,0.0,0.0,26411000.0
2002-09-19,75.0,75.0,75.0,75.0,0.0,0.0,26411000.0
2002-09-20,75.0,75.0,75.0,75.0,0.0,0.0,26411000.0
2002-09-23,75.0,75.0,75.0,75.0,0.0,0.0,26411000.0
2002-09-24,75.0,75.0,75.0,75.0,0.0,0.0,26411000.0
2002-09-25,75.0,75.0,75.0,75.0,0.0,0.0,26411000.0
2002-09-26,75.0,75.0,75.0,75.0,0.0,0.0,26411000.0
2002-09-27,75.0,75.0,75.0,75.0,0.0,0.0,26411000.0
2002-09-30,75.0,75.0,75.0,75.0,0.0,0.0,26411000.0
2002-10-01,75.0,75.0,75.0,75.0,0.0,0.0,26411000.0
2002-10-02,75.0,75.0,75.0,75.0,0.0,0.0,26411000.0
2002-10-03,75.0,75.0,75.0,75.0,0.0,0.0,26411000.0
2002-10-04,75.0,75.0,75.0,75.0,0.0,0.0,26411000.0
2002-10-07,75.0,75.0,75.0,75.0,0.0,0.0,26411000.0
2002-10-08,75.0,75.0,75.0,75.0,0.0,0.0,26411000.0
2002-10-09,75.0,75.0,75.0,75.0,0.0,0.0,26411000.0
2002-10-10,75.0,75.0,75.0,75.0,0.0,0.0,26411000.0
2002-10-11,75.0,75.0,75.0,75.0,0.0,0.0,26411000.0
2002-10-14,75.0,75.0,75.0,75.0,0.0,0.0,26411000.0
2002-10-15,75.0,75.0,75.0,75.0,0.0,0.0,26411000.0
2002-10-16,75.0,75.0,75.0,75.0,0.0,0.0,26411000.0
2002-10-17,75.0,75.0,75.0,75.0,0.0,0.0,26411000.0
2002-10-18,75.0,75.0,75.0,75.0,0.0,0.0,26411000.0
2002-10-21,75.0,75.0,75.0,75.0,0.0,0.0,26411000.0
2002-10-22,75.0,75.0,75.0,75.0,0.0,0.0,26411000.0
2002-10-23,75.0,75.0,75.0,75.0,0.0,0.0,26411000.0
2002-10-24,75.0,75.0,75.0,75.0,0.0,0.0,26411000.0
2002-10-25,75.0,75.0,75.0,75.0,0.0,0.0,26411000.0
2002-10-28,75.0,75.0,75.0,75.0,0.0,0.0,26411000.0
2002-10-29,75.0,75.0,75.0,75.0,0.0,0.0,26411000.0
2002-10-30,75.0,75.0,75.0,75.0,0.0,0.0,26411000.0
2002-10-31,75.0,75.0,75.0,75.0,0.0,0.0,26411000.0
2002-11-01,75.0,75.0,75.0,75.0,0.0,0.0,26411000.0
2002-11-04,75.0,75.0,75.0,75.0,0.0,0.0,26411000.0
2002-11-05,75.0,75.0,75.0,75.0,0.0,0.0,26411000.0
2002-11-06,75.0,75.0,75.0,75.0,0.0,0.0,26411000.0
2002-11-07,75.0,75.0,75.0,75.0,0.0,0.0,26411000.0
2002-11-08,75.0,75.0,75.0,75.0,0.0,0.0,26411000.0
2002-11-11,75.0,75.0,75.0,75.0,0.0,0.0,26411000.0
2002-11-12,75.0,75.0,75.0,75.0,0.0,0.0,26411000.0
2002-11-13,75.0,75.0,75.0,75.0,0.0,0.0,26411000.0
2002-11-14,75.0,75.0,75.0,75.0,0.0,0.0,26411000.0
2002-11-15,75.0,75.0,75.0,75.0,0.0,0.0,26411000.0
2002-11-18,75.0,75.0,75.0,75.0,0.0,0.0,26411000.0
2002-11-19,75.0,75.0,75.0,75.0,0.0,0.0,26411000.0
2002-11-20,75.0,75.0,75.0,75.0,0.0,0.0,26411000.0
2002-11-21,75.0,75.0,75.0,75.0,0.0,0.0,26411000.0
2002-11-22,75.0,75.0,75.0,75.0,0.0,0.0,26411000.0
2002-11-25,75.0,75.0,75.0,75.0,0.0,0.0,26411000.0
2002-11-26,75.0,75.0,75.0,75.0,0.0,0.0,26411000.0
2002-11-27,75.0,75.0,75.0,75.0,0.0,0.0,26411000.0
2002-11-28,75.0,75.0,75.0,75.0,0.0,0.0,26411000.0
2002-11-29,75.0,75.0,75.0,75.0,0.0,0.0,26411000.0
2002-12-02,75.0,75.0,75.0,75.0,0.0,0.0,26411000.0
2002-12-03,75.0,75.0,75.0,75.0,0.0,0.0,26411000.0
2002-12-04,75.0,75.0,75.0,75.0,0.0,0.0,26411000.0
2002-12-05,75.0,75.0,75.0,75.0,0.0,0.0,26411000.0
2002-12-06,75.0,75.0,75.0,75.0,0.0,0.0,26411000.0
2002-12-09,75.0,75.0,75.0,75.0,0.0,0.0,26411000.0
2002-12-10,75.0,75.0,75.0,75.0,0.0,0.0,26411000.0
2002-12-11,75.0,75.0,75.0,75.0,0.0,0.0,26411000.0
2002-12-12,75.0,75.0,75.0,75.0,0.0,0.0,26411000.0
2002-12-13,75.0,75.0,75.0,75.0,0.0,0.0,26411000.0
2002-12-16,75.0,75.0,75.0,75.0,0.0,0.0,26411000.0
2002-12-17,75.0,75.0,75.0,75.0,0.0,0.0,26411000.0
2002-12-18,75.0,75.0,75.0,75.0,0.0,0.0,26411000.0
2002-12-19,75.0,75.0,75.0,75.0,0.0,0.0,26411000.0
2002-12-20,75.0,75.0,75.0,75.0,0.0,0.0,26411000.0
2002-12-23,75.0,75.0,75.0,75.0,0.0,0.0,26411000.0
2002-12-24,75.0,75.0,75.0,75.0,0.0,0.0,26411000.0
2002-12-25,75.0,75.0,75.0,75.0,0.0,0.0,26411000.0
2002-12-26,75.0,75.0,75.0,75.0,0.0,0.0,26411000.0
2002-12-27,75.0,75.0,75.0,75.0,0.0,0.0,26411000.0
2002-12-30,75.0,75.0,75.0,75.0,0.0,0.0,26411000.0
2002-12-31,75.0,75.0,75.0,75.0,0.0,0.0,26411000.0
2003-01-01,75.0,75.0,75.0,75.0,0.0,0.0,26411000.0
2003-01-02,75.0,75.0,75.0,75.0,0.0,0.0,26411000.0
2003-01-03,75.0,75.0,75.0,75.0,0.0,0.0,26411000.0
2003-01-06,75.0,75.0,75.0,75.0,0.0,0.0,26411000.0
2003-01-07,75.0,75.0,75.0,75.0,0.0,0.0,26411000.0
2003-01-08,75.0,75.0,75.0,75.0,0.0,0.0,26411000.0
2003-01-09,75.0,75.0,75.0,75.0,0.0,0.0,26411000.0
2003-01-10,75.0,75.0,75.0,75.0,0.0,0.0,26411000.0
2003-01-13,75.0,75.0,75.0,75.0,0.0,0.0,26411000.0
2003-01-14,75.0,75.0,75.0,75.0,0.0,0.0,26411000.0
2003-01-15,75.0,75.0,75.0,75.0,0.0,0.0,26411000.0
2003-01-16,75.0,75.0,75.0,75.0,0.0,0.0,26411000.0
2003-01-17,75.0,75.0,75.0,75.0,0.0,0.0,26411000.0
2003-01-20,75.0,75.0,75.0,75.0,0.0,0.0,26411000.0
2003-01-21,75.0,75.0,75.0,75.0,0.0,0.0,26411000.0
2003-01-22,75.0,75.0,75.0,75.0,0.0,0.0,26411000.0
2003-01-23,75.0,75.0,75.0,75.0,0.0,0.0,26411000.0
2003-01-24,75.0,75.0,75.0,75.0,0.0,0.0,26411000.0
2003-01-27,75.0,75.0,75.0,75.0,0.0,0.0,26411000.0
2003-01-28,75.0,75.0,75.0,75.0,0.0,0.0,26411000.0
2003-01-29,75.0,75.0,75.0,75.0,0.0,0.0,26411000.0
2003-01-30,75.0,75.0,75.0,75.0,0.0,0.0,26411000.0
2003-01-31,75.0,75.0,75.0,75.0,0.0,0.0,26411000.0
2003-02-03,75.0,75.0,75.0,75.0,0.0,0.0,26411000.0
2003-02-04,75.0,75.0,75.0,75.0,0.0,0.0,26411000.0
2003-02-05,75.0,75.0,75.0,75.0,0.0,0.0,26411000.0
2003-02-06,75.0,75.0,75.0,75.0,0.0,0.0,26411000.0
2003-02-07,75.0,75.0,75.0,75.0,0.0,0.0,26411000.0
2003-02-10,75.0,75.0,75.0,75.0,0.0,0.0,26411000.0
2003-02-11,75.0,75.0,75.0,75.0,0.0,0.0,26411000.0
2003-02-12,75.0,75.0,75.0,75.0,0.0,0.0,26411000.0
2003-02-13,75.0,75.0,75.0,75.0,0.0,0.0,26411000.0
2003-02-14,75.0,75.0,75.0,75.0,0.0,0.0,26411000.0
2003-02-17,75.0,75.0,75.0,75.0,0.0,0.0,26411000.0
2003-02-18,75.0,75.0,75.0,75.0,0.0,0.0,26411000.0
2003-02-19,75.0,75.0,75.0,75.0,0.0,0.0,26411000.0
2003-02-20,75.0,75.0,75.0,75.0,0.0,0.0,26411000.0
2003-02-21,75.0,75.0,75.0,75.0,0.0,0.0,26411000.0
2003-02-24,75.0,75.0,75.0,75.0,0.0,0.0,26411000.0
2003-02-25,75.0,75.0,75.0,75.0,0.0,0.0,26411000.0
2003-02-26,75.0,75.0,75.0,75.0,0.0,0.0,26411000.0
2003-02-27,75.0,75.0,75.0,75.0,0.0,0.0,26411000.0
2003-02-28,75.0,75.0,75.0,75.0,0.0,0.0,26411000.0
2003-03-03,75.0,75.0,75.0,75.0,0.0,0.0,26411000.0
2003-03-04,75.0,75.0,75.0,75.0,0.0,0.0,26411000.0
2003-03-05,75.0,75.0,75.0,75.0,0.0,0.0,26411000.0
2003-03-06,75.0,75.0,75.0,75.0,0.0,0.0,26411000.0
2003-03-07,75.0,75.0,75.0,75.0,0.0,0.0,26411000.0
2003-03-10,75.0,75.0,75.0,75.0,0.0,0.0,26411000.0
2003-03-11,75.0,75.0,75.0,75.0,0.0,0.0,26411000.0
2003-03-12,75.0,75.0,75.0,75.0,0.0,0.0,26411000.0
2003-03-13,75.0,75.0,75.0,75.0,0.0,0.0,26411000.0
2003-03-14,75.0,75.0,75.0,75.0,0.0,0.0,26411000.0
2003-03-17,75.0,75.0,75.0,75.0,0.0,0.0,26411000.0
2003-03-18,75.0,75.0,75.0,75.0,0.0,0.0,26411000.0
2003-03-19,75.0,75.0,75.0,75.0,0.0,0.0,26411000.0
2003-03-20,75.0,75.0,75.0,75.0,0.0,0.0,26411000.0
2003-03-21,75.0,75.0,75.0,75.0,0.0,0.0,26411000.0
2003-03-24,75.0,75.0,75.0,75.0,0.0,0.0,26411000.0
2003-03-25,75.0,75.0,75.0,75.0,0.0,0.0,26411000.0
2003-03-26,75.0,75.0,75.0,75.0,0.0,0.0,26411000.0
2003-03-27,75.0,75.0,75.0,75.0,0.0,0.0,26411000.0
2003-03-28,75.0,75.0,75.0,75.0,0.0,0.0,26411000.0
2003-03-31,75.0,75.0,75.0,75.0,0.0,0.0,26411000.0
2003-04-01,75.0,75.0,75.0,75.0,0.0,0.0,26411000.0
2003-04-02,75.0,75.0,75.0,75.0,0.0,0.0,26411000.0
2003-04-03,75.0,75.0,75.0,75.0,0.0,0.0,26411000.0
2003-04-04,75.0,75.0,75.0,75.0,0.0,0.0,26411000.0
2003-04-07,75.0,75.0,75.0,75.0,0.0,0.0,26411000.0
2003-04-08,75.0,75.0,75.0,75.0,0.0,0.0,26411000.0
2003-04-09,75.0,75.0,75.0,75.0,0.0,0.0,26411000.0
2003-04-10,75.0,75.0,75.0,75.0,0.0,0.0,26411000.0
2003-04-11,75.0,75.0,75.0,75.0,0.0,0.0,26411000.0
2003-04-14,75.0,75.0,75.0,75.0,0.0,0.0,26411000.0
2003-04-15,75.0,75.0,75.0,75.0,0.0,0.0,26411000.0
2003-04-16,75.0,75.0,75.0,75.0,0.0,0.0,26411000.0
2003-04-17,75.0,75.0,75.0,75.0,0.0,0.0,26411000.0
2003-04-18,75.0,75.0,75.0,75.0,0.0,0.0,26411000.0
2003-04-21,75.0,75.0,75.0,75.0,0.0,0.0,26411000.0
2003-04-22,75.0,75.0,75.0,75.0,0.0,0.0,26411000.0
2003-04-23,75.0,75.0,75.0,75.0,0.0,0.0,26411000.0
2003-04-24,75.0,75.0,75.0,75.0,0.0,0.0,26411000.0
2003-04-25,75.0,75.0,75.0,75.0,0.0,0.0,26411000.0
2003-04-28,75.0,75.0,75.0,75.0,0.0,0.0,26411000.0
2003-04-29,75.0,75.0,75.0,75.0,0.0,0.0,26411000.0
2003-04-30,75.0,75.0,75.0,75.0,0.0,0.0,26411000.0
2003-05-01,75.0,75.0,75.0,75.0,0.0,0.0,26411000.0
2003-05-02,75.0,75.0,75.0,75.0,0.0,0.0,26411000.0
2003-05-05,75.0,75.0,75.0,75.0,0.0,0.0,26411000.0
2003-05-06,75.0,75.0,75.0,75.0,0.0,0.0,26411000.0
2003-05-07,75.0,75.0,75.0,75.0,0.0,0.0,26411000.0
2003-05-08,75.0,75.0,75.0,75.0,0.0,0.0,26411000.0
2003-05-09,75.0,75.0,75.0,75.0,0.0,0.0,26411000.0
2003-05-12,75.0,75.0,75.0,75.0,0.0,0.0,26411000.0
2003-05-13,75.0,75.0,75.0,75.0,0.0,0.0,26411000.0
2003-05-14,75.0,75.0,75.0,75.0,0.0,0.0,26411000.0
2003-05-15,75.0,75.0,75.0,75.0,0.0,0.0,26411000.0
2003-05-16,75.0,75.0,75.0,75.0,0.0,0.0,26411000.0
2003-05-19,75.0,75.0,75.0,75.0,0.0,0.0,26411000.0
2003-05-20,75.0,75.0,75.0,75.0,0.0,0.0,26411000.0
2003-05-21,75.0,75.0,75.0,75.0,0.0,0.0,26411000.0
2003-05-22,75.0,75.0,75.0,75.0,0.0,0.0,26411000.0
2003-05-23,75.0,75.0,75.0,75.0,0.0,0.0,26411000.0
2003-05-26,75.0,75.0,75.0,75.0,0.0,0.0,26411000.0
2003-05-27,75.0,75.0,75.0,75.0,0.0,0.0,26411000.0
2003-05-28,75.0,75.0,75.0,75.0,0.0,0.0,26411000.0
2003-05-29,75.0,75.0,75.0,75.0,0.0,0.0,26411000.0
2003-05-30,75.0,75.0,75.0,75.0,0.0,0.0,26411000.0
2003-06-02,75.0,75.0,75.0,75.0,0.0,0.0,26411000.0
2003-06-03,75.0,75.0,75.0,75.0,0.0,0.0,26411000.0
2003-06-04,75.0,75.0,75.0,75.0,0.0,0.0,26411000.0
2003-06-05,75.0,75.0,75.0,75.0,0.0,0.0,26411000.0
2003-06-06,75.0,75.0,75.0,75.0,0.0,0.0,26411000.0
2003-06-09,75.0,75.0,75.0,75.0,0.0,0.0,26411000.0
2003-06-10,75.0,75.0,75.0,75.0,0.0,0.0,26411000.0
2003-06-11,75.0,75.0,75.0,75.0,0.0,0.0,26411000.0
2003-06-12,75.0,75.0,75.0,75.0,0.0,0.0,26411000.0
2003-06-13,75.0,75.0,75.0,75.0,0.0,0.0,26411000.0
2003-06-16,75.0,75.0,75.0,75.0,0.0,0.0,26411000.0
2003-06-17,75.0,75.0,75.0,75.0,0.0,0.0,26411000.0
2003-06-18,75.0,75.0,75.0,75.0,0.0,0.0,26411000.0
2003-06-19,75.0,75.0,75.0,75.0,0.0,0.0,26411000.0
2003-06-20,75.0,75.0,75.0,75.0,0.0,0.0,26411000.0
2003-06-23,75.0,75.0,75.0,75.0,0.0,0.0,26411000.0
2003-06-24,75.0,75.0,75.0,75.0,0.0,0.0,26411000.0
2003-06-25,75.0,75.0,75.0,75.0,0.0,0.0,26411000.0
2003-06-26,75.0,75.0,75.0,75.0,0.0,0.0,26411000.0
2003-06-27,75.0,75.0,75.0,75.0,0.0,0.0,26411000.0
2003-06-30,75.0,75.0,75.0,75.0,0.0,0.0,26411000.0
2003-07-01,75.0,75.0,75.0,75.0,0.0,0.0,26411000.0
2003-07-02,75.0,75.0,75.0,75.0,0.0,0.0,26411000.0
2003-07-03,75.0,75.0,75.0,75.0,0.0,0.0,26411000.0
2003-07-04,75.0,75.0,75.0,75.0,0.0,0.0,26411000.0
2003-07-07,75.0,75.0,75.0,75.0,0.0,0.0,26411000.0
2003-07-08,75.0,75.0,75.0,75.0,0.0,0.0,26411000.0
2003-07-09,75.0,75.0,75.0,75.0,0.0,0.0,26411000.0
2003-07-10,75.0,75.0,75.0,75.0,0.0,0.0,26411000.0
2003-07-11,75.0,75.0,75.0,75.0,0.0,0.0,26411000.0
2003-07-14,75.0,75.0,75.0,75.0,0.0,0.0,26411000.0
2003-07-15,75.0,75.0,75.0,75.0,0.0,0.0,26411000.0
2003-07-16,75.0,75.0,75.0,75.0,0.0,0.0,26411000.0
2003-07-17,75.0,75.0,75.0,75.0,0.0,0.0,26411000.0
2003-07-18,75.0,75.0,75.0,75.0,0.0,0.0,26411000.0
2003-07-21,75.0,75.0,75.0,75.0,0.0,0.0,26411000.0
2003-07-22,75.0,75.0,75.0,75.0,0.0,0.0,26411000.0
2003-07-23,75.0,75.0,75.0,75.0,0.0,0.0,26411000.0
2003-07-24,75.0,75.0,75.0,75.0,0.0,0.0,26411000.0
2003-07-25,75.0,75.0,75.0,75.0,0.0,0.0,26411000.0
2003-07-28,75.0,75.0,75.0,75.0,0.0,0.0,26411000.0
2003-07-29,75.0,75.0,75.0,75.0,0.0,0.0,26411000.0
2003-07-30,75.0,75.0,75.0,75.0,0.0,0.0,26411000.0
2003-07-31,75.0,75.0,75.0,75.0,0.0,0.0,26411000.0
2003-08-01,75.0,75.0,75.0,75.0,0.0,0.0,26411000.0
2003-08-04,75.0,75.0,75.0,75.0,0.0,0.0,26411000.0
2003-08-05,75.0,75.0,75.0,75.0,0.0,0.0,26411000.0
2003-08-06,75.0,75.0,75.0,75.0,0.0,0.0,26411000.0
2003-08-07,75.0,75.0,75.0,75.0,0.0,0.0,26411000.0
2003-08-08,75.0,75.0,75.0,75.0,0.0,0.0,26411000.0
2003-08-11,75.0,75.0,75.0,75.0,0.0,0.0,26411000.0
2003-08-12,75.0,75.0,75.0,75.0,0.0,0.0,26411000.0
2003-08-13,75.0,75.0,75.0,75.0,0.0,0.0,26411000.0
2003-08-14,75.0,75.0,75.0,75.0,0.0,0.0,26411000.0
2003-08-15,75.0,75.0,75.0,75.0,0.0,0.0,26411000.0
2003-08-18,75.0,75.0,75.0,75.0,0.0,0.0,26411000.0
2003-08-19,75.0,75.0,75.0,75.0,0.0,0.0,26411000.0
2003-08-20,75.0,75.0,75.0,75.0,0.0,0.0,26411000.0
2003-08-21,75.0,75.0,75.0,75.0,0.0,0.0,26411000.0
2003-08-22,75.0,75.0,75.0,75.0,0.0,0.0,26411000.0
2003-08-25,75.0,75.0,75.0,75.0,0.0,0.0,26411000.0
2003-08-26,75.0,75.0,75.0,75.0,0.0,0.0,26411000.0
2003-08-27,75.0,75.0,75.0,75.0,0.0,0.0,26411000.0
2003-08-28,75.0,75.0,75.0,75.0,0.0,0.0,26411000.0
2003-08-29,75.0,75.0,75.0,75.0,0.0,0.0,26411000.0
2003-09-01,75.0,75.0,75.0,75.0,0.0,0.0,26411000.0
2003-09-02,75.0,75.0,75.0,75.0,0.0,0.0,26411000.0
2003-09-03,75.0,75.0,75.0,75.0,0.0,0.0,26411000.0
2003-09-04,75.0,75.0,75.0,75.0,0.0,0.0,26411000.0
2003-09-05,75.0,75.0,75.0,75.0,0.0,0.0,26411000.0
2003-09-08,75.0,75.0,75.0,75.0,0.0,0.0,26411000.0
2003-09-09,75.0,75.0,75.0,75.0,0.0,0.0,26411000.0
2003-09-10,75.0,75.0,75.0,75.0,0.0,0.0,26411000.0
2003-09-11,75.0,75.0,75.0,75.0,0.0,0.0,26411000.0
2003-09-12,75.0,75.0,75.0,75.0,0.0,0.0,26411000.0
2003-09-15,75.0,75.0,75.0,75.0,0.0,0.0,26411000.0
2003-09-16,75.0,75.0,75.0,75.0,0.0,0.0,26411000.0
2003-09-17,75.0,75.0,75.0,75.0,0.0,0.0,26411000.0
2003-09-18,75.0,75.0,75.0,75.0,0.0,0.0,26411000.0
2003-09-19,75.0,75.0,75.0,75.0,0.0,0.0,26411000.0
2003-09-22,75.0,75.0,75.0,75.0,0.0,0.0,26411000.0
2003-09-23,75.0,75.0,75.0,75.0,0.0,0.0,26411000.0
2003-09-24,75.0,75.0,75.0,75.0,0.0,0.0,26411000.0
2003-09-25,75.0,75.0,75.0,75.0,0.0,0.0,26411000.0
2003-09-26,75.0,75.0,75.0,75.0,0.0,0.0,26411000.0
2003-09-29,75.0,75.0,75.0,75.0,0.0,0.0,26411000.0
2003-09-30,75.0,75.0,75.0,75.0,0.0,0.0,26411000.0
2003-10-01,75.0,75.0,75.0,75.0,0.0,0.0,26411000.0
2003-10-02,75.0,75.0,75.0,75.0,0.0,0.0,26411000.0
2003-10-03,75.0,75.0,75.0,75.0,0.0,0.0,26411000.0
2003-10-06,75.0,75.0,75.0,75.0,0.0,0.0,26411000.0
2003-10-07,75.0,75.0,75.0,75.0,0.0,0.0,26411000.0
2003-10-08,75.0,75.0,75.0,75.0,0.0,0.0,26411000.0
2003-10-09,75.0,75.0,75.0,75.0,0.0,0.0,26411000.0
2003-10-10,75.0,75.0,75.0,75.0,0.0,0.0,26411000.0
2003-10-13,75.0,75.0,75.0,75.0,0.0,0.0,26411000.0
2003-10-14,75.0,75.0,75.0,75.0,0.0,0.0,26411000.0
2003-10-15,75.0,75.0,75.0,75.0,0.0,0.0,26411000.0
2003-10-16,75.0,75.0,75.0,75.0,0.0,0.0,26411000.0
2003-10-17,75.0,75.0,75.0,75.0,0.0,0.0,26411000.0
2003-10-20,75.0,75.0,75.0,75.0,0.0,0.0,26411000.0
2003-10-21,75.0,75.0,75.0,75.0,0.0,0.0,26411000.0
2003-10-22,75.0,75.0,75.0,75.0,0.0,0.0,26411000.0
2003-10-23,75.0,75.0,75.0,75.0,0.0,0.0,26411000.0
2003-10-24,75.0,75.0,75.0,75.0,0.0,0.0,26411000.0
2003-10-27,75.0,75.0,75.0,75.0,0.0,0.0,26411000.0
2003-10-28,75.0,75.0,75.0,75.0,0.0,0.0,26411000.0
2003-10-29,75.0,75.0,75.0,75.0,0.0,0.0,26411000.0
2003-10-30,75.0,75.0,75.0,75.0,0.0,0.0,26411000.0
2003-10-31,75.0,75.0,75.0,75.0,0.0,0.0,26411000.0
2003-11-03,75.0,75.0,75.0,75.0,0.0,0.0,26411000.0
2003-11-04,75.0,75.0,75.0,75.0,0.0,0.0,26411000.0
2003-11-05,75.0,75.0,75.0,75.0,0.0,0.0,26411000.0
2003-11-06,75.0,75.0,75.0,75.0,0.0,0.0,26411000.0
2003-11-07,75.0,75.0,75.0,75.0,0.0,0.0,26411000.0
2003-11-10,75.0,75.0,75.0,75.0,0.0,0.0,26411000.0
2003-11-11,75.0,75.0,75.0,75.0,0.0,0.0,26411000.0
2003-11-12,75.0,75.0,75.0,75.0,0.0,0.0,26411000.0
2003-11-13,75.0,75.0,75.0,75.0,0.0,0.0,26411000.0
2003-11-14,75.0,75.0,75.0,75.0,0.0,0.0,26411000.0
2003-11-17,75.0,75.0,75.0,75.0,0.0,0.0,26411000.0
2003-11-18,75.0,75.0,75.0,75.0,0.0,0.0,26411000.0
2003-11-19,75.0,75.0,75.0,75.0,0.0,0.0,26411000.0
2003-11-20,75.0,75.0,75.0,75.0,0.0,0.0,26411000.0
2003-11-21,75.0,75.0,75.0,75.0,0.0,0.0,26411000.0
2003-11-24,75.0,75.0,75.0,75.0,0.0,0.0,26411000.0
2003-11-25,75.0,75.0,75.0,75.0,0.0,0.0,26411000.0
2003-11-26,75.0,75.0,75.0,75.0,0.0,0.0,26411000.0
2003-11-27,75.0,75.0,75.0,75.0,0.0,0.0,26411000.0
2003-11-28,75.0,75.0,75.0,75.0,0.0,0.0,26411000.0
2003-12-01,75.0,75.0,75.0,75.0,0.0,0.0,26411000.0
2003-12-02,75.0,75.0,75.0,75.0,0.0,0.0,26411000.0
2003-12-03,75.0,75.0,75.0,75.0,0.0,0.0,26411000.0
2003-12-04,75.0,75.0,75.0,75.0,0.0,0.0,26411000.0
2003-12-05,75.0,75.0,75.0,75.0,0.0,0.0,26411000.0
2003-12-08,75.0,75.0,75.0,75.0,0.0,0.0,26411000.0
2003-12-09,75.0,75.0,75.0,75.0,0.0,0.0,26411000.0
2003-12-10,75.0,75.0,75.0,75.0,0.0,0.0,26411000.0
2003-12-11,75.0,75.0,75.0,75.0,0.0,0.0,26411000.0
2003-12-12,75.0,75.0,75.0,75.0,0.0,0.0,26411000.0
2003-12-15,75.0,75.0,75.0,75.0,0.0,0.0,26411000.0
2003-12-16,75.0,75.0,75.0,75.0,0.0,0.0,26411000.0
2003-12-17,75.0,75.0,75.0,75.0,0.0,0.0,26411000.0
2003-12-18,75.0,75.0,75.0,75.0,0.0,0.0,26411000.0
2003-12-19,75.0,75.0,75.0,75.0,0.0,0.0,26411000.0
2003-12-22,75.0,75.0,75.0,75.0,0.0,0.0,26411000.0
2003-12-23,75.0,75.0,75.0,75.0,0.0,0.0,26411000.0
2003-12-24,75.0,75.0,75.0,75.0,0.0,0.0,26411000.0
2003-12-25,75.0,75.0,75.0,75.0,0.0,0.0,26411000.0
2003-12-26,75.0,75.0,75.0,75.0,0.0,0.0,26411000.0
2003-12-29,75.0,75.0,75.0,75.0,0.0,0.0,26411000.0
2003-12-30,75.0,75.0,75.0,75.0,0.0,0.0,26411000.0
2003-12-31,75.0,75.0,75.0,75.0,0.0,0.0,26411000.0
2004-01-01,75.0,75.0,75.0,75.0,0.0,0.0,26411000.0
2004-01-02,75.0,75.0,75.0,75.0,0.0,0.0,26411000.0
2004-01-04,75.0,75.0,75.0,75.0,0.0,0.0,26411000.0
2004-01-05,75.0,75.0,75.0,75.0,0.0,0.0,26411000.0
2004-01-06,75.0,75.0,75.0,75.0,0.0,0.0,26411000.0
2004-01-07,75.0,75.0,75.0,75.0,0.0,0.0,26411000.0
2004-01-08,75.0,75.0,75.0,75.0,0.0,0.0,26411000.0
2004-01-09,75.0,75.0,75.0,75.0,0.0,0.0,26411000.0
2004-01-12,75.0,75.0,75.0,75.0,0.0,0.0,26411000.0
2004-01-13,75.0,75.0,75.0,75.0,0.0,0.0,26411000.0
2004-01-14,75.0,75.0,75.0,75.0,0.0,0.0,26411000.0
2004-01-15,75.0,75.0,75.0,75.0,0.0,0.0,26411000.0
2004-01-16,75.0,75.0,75.0,75.0,0.0,0.0,26411000.0
2004-01-19,75.0,75.0,75.0,75.0,0.0,0.0,26411000.0
2004-01-20,75.0,75.0,75.0,75.0,0.0,0.0,26411000.0
2004-01-21,75.0,75.0,75.0,75.0,0.0,0.0,26411000.0
2004-01-22,75.0,75.0,75.0,75.0,0.0,0.0,26411000.0
2004-01-23,75.0,75.0,75.0,75.0,0.0,0.0,26411000.0
2004-01-26,75.0,75.0,75.0,75.0,0.0,0.0,26411000.0
2004-01-27,75.0,75.0,75.0,75.0,0.0,0.0,26411000.0
2004-01-28,75.0,75.0,75.0,75.0,0.0,0.0,26411000.0
2004-01-29,75.0,75.0,75.0,75.0,0.0,0.0,26411000.0
2004-01-30,75.0,75.0,75.0,75.0,0.0,0.0,26411000.0
2004-02-02,75.0,75.0,75.0,75.0,0.0,0.0,26411000.0
2004-02-03,75.0,75.0,75.0,75.0,0.0,0.0,26411000.0
2004-02-04,75.0,75.0,75.0,75.0,0.0,0.0,26411000.0
2004-02-05,75.0,75.0,75.0,75.0,0.0,0.0,26411000.0
2004-02-06,75.0,75.0,75.0,75.0,0.0,0.0,26411000.0
2004-02-09,75.0,75.0,75.0,75.0,0.0,0.0,26411000.0
2004-02-10,75.0,75.0,75.0,75.0,0.0,0.0,26411000.0
2004-02-11,75.0,75.0,75.0,75.0,0.0,0.0,26411000.0
2004-02-12,75.0,75.0,75.0,75.0,0.0,0.0,26411000.0
2004-02-13,75.0,75.0,75.0,75.0,0.0,0.0,26411000.0
2004-02-16,75.0,75.0,75.0,75.0,0.0,0.0,26411000.0
2004-02-17,75.0,75.0,75.0,75.0,0.0,0.0,26411000.0
2004-02-18,75.0,75.0,75.0,75.0,0.0,0.0,26411000.0
2004-02-19,75.0,75.0,75.0,75.0,0.0,0.0,26411000.0
2004-02-20,75.0,75.0,75.0,75.0,0.0,0.0,26411000.0
2004-02-23,75.0,75.0,75.0,75.0,0.0,0.0,26411000.0
2004-02-24,75.0,75.0,75.0,75.0,0.0,0.0,26411000.0
2004-02-25,75.0,75.0,75.0,75.0,0.0,0.0,26411000.0
2004-02-26,75.0,75.0,75.0,75.0,0.0,0.0,26411000.0
2004-02-27,75.0,75.0,75.0,75.0,0.0,0.0,26411000.0
2004-03-01,75.0,75.0,75.0,75.0,0.0,0.0,26411000.0
2004-03-02,75.0,75.0,75.0,75.0,0.0,0.0,26411000.0
2004-03-03,75.0,75.0,75.0,75.0,0.0,0.0,26411000.0
2004-03-04,75.0,75.0,75.0,75.0,0.0,0.0,26411000.0
2004-03-05,75.0,75.0,75.0,75.0,0.0,0.0,26411000.0
2004-03-08,75.0,75.0,75.0,75.0,0.0,0.0,26411000.0
2004-03-09,75.0,75.0,75.0,75.0,0.0,0.0,26411000.0
2004-03-10,75.0,75.0,75.0,75.0,0.0,0.0,26411000.0
2004-03-11,75.0,75.0,75.0,75.0,0.0,0.0,26411000.0
2004-03-12,75.0,75.0,75.0,75.0,0.0,0.0,26411000.0
2004-03-15,75.0,75.0,75.0,75.0,0.0,0.0,26411000.0
2004-03-16,75.0,75.0,75.0,75.0,0.0,0.0,26411000.0
2004-03-17,75.0,75.0,75.0,75.0,0.0,0.0,26411000.0
2004-03-18,75.0,75.0,75.0,75.0,0.0,0.0,26411000.0
2004-03-19,75.0,75.0,75.0,75.0,0.0,0.0,26411000.0
2004-03-22,75.0,75.0,75.0,75.0,0.0,0.0,26411000.0
2004-03-23,75.0,75.0,75.0,75.0,0.0,0.0,26411000.0
2004-03-24,75.0,75.0,75.0,75.0,0.0,0.0,26411000.0
2004-03-25,75.0,75.0,75.0,75.0,0.0,0.0,26411000.0
2004-03-26,75.0,75.0,75.0,75.0,0.0,0.0,26411000.0
2004-03-29,75.0,75.0,75.0,75.0,0.0,0.0,26411000.0
2004-03-30,75.0,75.0,75.0,75.0,0.0,0.0,26411000.0
2004-03-31,75.0,75.0,75.0,75.0,0.0,0.0,26411000.0
2004-04-01,75.0,75.0,75.0,75.0,0.0,0.0,26411000.0
2004-04-02,75.0,75.0,75.0,75.0,0.0,0.0,26411000.0
2004-04-05,75.0,75.0,75.0,75.0,0.0,0.0,26411000.0
2004-04-06,75.0,75.0,75.0,75.0,0.0,0.0,26411000.0
2004-04-07,75.0,75.0,75.0,75.0,0.0,0.0,26411000.0
2004-04-08,75.0,75.0,75.0,75.0,0.0,0.0,26411000.0
2004-04-09,75.0,75.0,75.0,75.0,0.0,0.0,26411000.0
2004-04-12,75.0,75.0,75.0,75.0,0.0,0.0,26411000.0
2004-04-13,75.0,75.0,75.0,75.0,0.0,0.0,26411000.0
2004-04-14,75.0,75.0,75.0,75.0,0.0,0.0,26411000.0
2004-04-15,75.0,75.0,75.0,75.0,0.0,0.0,26411000.0
2004-04-16,75.0,75.0,75.0,75.0,0.0,0.0,26411000.0
2004-04-19,75.0,75.0,75.0,75.0,0.0,0.0,26411000.0
2004-04-20,75.0,75.0,75.0,75.0,0.0,0.0,26411000.0
2004-04-21,75.0,75.0,75.0,75.0,0.0,0.0,26411000.0
2004-04-22,75.0,75.0,75.0,75.0,0.0,0.0,26411000.0
2004-04-23,75.0,75.0,75.0,75.0,0.0,0.0,26411000.0
2004-04-26,75.0,75.0,75.0,75.0,0.0,0.0,26411000.0
2004-04-27,75.0,75.0,75.0,75.0,0.0,0.0,26411000.0
2004-04-28,75.0,75.0,75.0,75.0,0.0,0.0,26411000.0
2004-04-29,75.0,75.0,75.0,75.0,0.0,0.0,26411000.0
2004-04-30,75.0,75.0,75.0,75.0,0.0,0.0,26411000.0
2004-05-03,75.0,75.0,75.0,75.0,0.0,0.0,26411000.0
2004-05-04,75.0,75.0,75.0,75.0,0.0,0.0,26411000.0
2004-05-05,75.0,75.0,75.0,75.0,0.0,0.0,26411000.0
2004-05-06,75.0,75.0,75.0,75.0,0.0,0.0,26411000.0
2004-05-07,75.0,75.0,75.0,75.0,0.0,0.0,26411000.0
2004-05-10,75.0,75.0,75.0,75.0,0.0,0.0,26411000.0
2004-05-11,75.0,75.0,75.0,75.0,0.0,0.0,26411000.0
2004-05-12,75.0,75.0,75.0,75.0,0.0,0.0,26411000.0
2004-05-13,75.0,75.0,75.0,75.0,0.0,0.0,26411000.0
2004-05-14,75.0,75.0,75.0,75.0,0.0,0.0,26411000.0
2004-05-17,75.0,75.0,75.0,75.0,0.0,0.0,26411000.0
2004-05-18,75.0,75.0,75.0,75.0,0.0,0.0,26411000.0
2004-05-19,75.0,75.0,75.0,75.0,0.0,0.0,26411000.0
2004-05-20,75.0,75.0,75.0,75.0,0.0,0.0,26411000.0
2004-05-21,75.0,75.0,75.0,75.0,0.0,0.0,26411000.0
2004-05-24,75.0,75.0,75.0,75.0,0.0,0.0,26411000.0
2004-05-25,75.0,75.0,75.0,75.0,0.0,0.0,26411000.0
2004-05-26,75.0,75.0,75.0,75.0,0.0,0.0,26411000.0
2004-05-27,75.0,75.0,75.0,75.0,0.0,0.0,26411000.0
2004-05-28,75.0,75.0,75.0,75.0,0.0,0.0,26411000.0
2004-05-31,75.0,75.0,75.0,75.0,0.0,0.0,26411000.0
2004-06-01,75.0,75.0,75.0,75.0,0.0,0.0,26411000.0
2004-06-02,75.0,75.0,75.0,75.0,0.0,0.0,26411000.0
2004-06-03,75.0,75.0,75.0,75.0,0.0,0.0,26411000.0
2004-06-04,75.0,75.0,75.0,75.0,0.0,0.0,26411000.0
2004-06-07,75.0,75.0,75.0,75.0,0.0,0.0,26411000.0
2004-06-08,75.0,75.0,75.0,75.0,0.0,0.0,26411000.0
2004-06-09,75.0,75.0,75.0,75.0,0.0,0.0,26411000.0
2004-06-10,75.0,75.0,75.0,75.0,0.0,0.0,26411000.0
2004-06-11,75.0,75.0,75.0,75.0,0.0,0.0,26411000.0
2004-06-14,75.0,75.0,75.0,75.0,0.0,0.0,26411000.0
2004-06-15,75.0,75.0,75.0,75.0,0.0,0.0,26411000.0
2004-06-16,75.0,75.0,75.0,75.0,0.0,0.0,26411000.0
2004-06-17,75.0,75.0,75.0,75.0,0.0,0.0,26411000.0
2004-06-18,75.0,75.0,75.0,75.0,0.0,0.0,26411000.0
2004-06-21,75.0,75.0,75.0,75.0,0.0,0.0,26411000.0
2004-06-22,75.0,75.0,75.0,75.0,0.0,0.0,26411000.0
2004-06-23,75.0,75.0,75.0,75.0,0.0,0.0,26411000.0
2004-06-24,75.0,75.0,75.0,75.0,0.0,0.0,26411000.0
2004-06-25,75.0,75.0,75.0,75.0,0.0,0.0,26411000.0
2004-06-28,75.0,75.0,75.0,75.0,0.0,0.0,26411000.0
2004-06-29,75.0,75.0,75.0,75.0,0.0,0.0,26411000.0
2004-06-30,75.0,75.0,75.0,75.0,0.0,0.0,26411000.0
2004-07-01,75.0,75.0,75.0,75.0,0.0,0.0,26411000.0
2004-07-02,75.0,75.0,75.0,75.0,0.0,0.0,26411000.0
2004-07-05,75.0,75.0,75.0,75.0,0.0,0.0,26411000.0
2004-07-06,75.0,75.0,75.0,75.0,0.0,0.0,26411000.0
2004-07-07,75.0,75.0,75.0,75.0,0.0,0.0,26411000.0
2004-07-08,75.0,75.0,75.0,75.0,0.0,0.0,26411000.0
2004-07-09,75.0,75.0,75.0,75.0,0.0,0.0,26411000.0
2004-07-12,75.0,75.0,75.0,75.0,0.0,0.0,26411000.0
2004-07-13,75.0,75.0,75.0,75.0,0.0,0.0,26411000.0
2004-07-14,75.0,75.0,75.0,75.0,0.0,0.0,26411000.0
2004-07-15,75.0,75.0,75.0,75.0,0.0,0.0,26411000.0
2004-07-16,75.0,75.0,75.0,75.0,0.0,0.0,26411000.0
2004-07-19,75.0,75.0,75.0,75.0,0.0,0.0,26411000.0
2004-07-20,75.0,75.0,75.0,75.0,0.0,0.0,26411000.0
2004-07-21,75.0,75.0,75.0,75.0,0.0,0.0,26411000.0
2004-07-22,75.0,75.0,75.0,75.0,0.0,0.0,26411000.0
2004-07-23,75.0,75.0,75.0,75.0,0.0,0.0,26411000.0
2004-07-26,75.0,75.0,75.0,75.0,0.0,0.0,26411000.0
2004-07-27,75.0,75.0,75.0,75.0,0.0,0.0,26411000.0
2004-07-28,75.0,75.0,75.0,75.0,0.0,0.0,26411000.0
2004-07-29,75.0,75.0,75.0,75.0,0.0,0.0,26411000.0
2004-07-30,75.0,75.0,75.0,75.0,0.0,0.0,26411000.0
2004-08-02,75.0,75.0,75.0,75.0,0.0,0.0,26411000.0
2004-08-03,75.0,75.0,75.0,75.0,0.0,0.0,26411000.0
2004-08-04,75.0,75.0,75.0,75.0,0.0,0.0,26411000.0
2004-08-05,75.0,75.0,75.0,75.0,0.0,0.0,26411000.0
2004-08-06,75.0,75.0,75.0,75.0,0.0,0.0,26411000.0
2004-08-09,75.0,75.0,75.0,75.0,0.0,0.0,26411000.0
2004-08-10,75.0,75.0,75.0,75.0,0.0,0.0,26411000.0
2004-08-11,75.0,75.0,75.0,75.0,0.0,0.0,26411000.0
2004-08-12,75.0,75.0,75.0,75.0,0.0,0.0,26411000.0
2004-08-13,75.0,75.0,75.0,75.0,0.0,0.0,26411000.0
2004-08-16,75.0,75.0,75.0,75.0,0.0,0.0,26411000.0
2004-08-17,75.0,75.0,75.0,75.0,0.0,0.0,26411000.0
2004-08-18,75.0,75.0,75.0,75.0,0.0,0.0,26411000.0
2004-08-19,75.0,75.0,75.0,75.0,0.0,0.0,26411000.0
2004-08-20,75.0,75.0,75.0,75.0,0.0,0.0,26411000.0
2004-08-23,75.0,75.0,75.0,75.0,0.0,0.0,26411000.0
2004-08-24,75.0,75.0,75.0,75.0,0.0,0.0,26411000.0
2004-08-25,75.0,75.0,75.0,75.0,0.0,0.0,26411000.0
2004-08-26,75.0,75.0,75.0,75.0,0.0,0.0,26411000.0
2004-08-27,75.0,75.0,75.0,75.0,0.0,0.0,26411000.0
2004-08-30,75.0,75.0,75.0,75.0,0.0,0.0,26411000.0
2004-08-31,75.0,75.0,75.0,75.0,0.0,0.0,26411000.0
2004-09-01,75.0,75.0,75.0,75.0,0.0,0.0,26411000.0
2004-09-02,75.0,75.0,75.0,75.0,0.0,0.0,26411000.0
2004-09-03,75.0,75.0,75.0,75.0,0.0,0.0,26411000.0
2004-09-06,75.0,75.0,75.0,75.0,0.0,0.0,26411000.0
2004-09-07,75.0,75.0,75.0,75.0,0.0,0.0,26411000.0
2004-09-08,75.0,75.0,75.0,75.0,0.0,0.0,26411000.0
2004-09-09,75.0,75.0,75.0,75.0,0.0,0.0,26411000.0
2004-09-10,75.0,75.0,75.0,75.0,0.0,0.0,26411000.0
2004-09-13,75.0,75.0,75.0,75.0,0.0,0.0,26411000.0
2004-09-14,75.0,75.0,75.0,75.0,0.0,0.0,26411000.0
2004-09-15,75.0,75.0,75.0,75.0,0.0,0.0,26411000.0
2004-09-16,75.0,75.0,75.0,75.0,0.0,0.0,26411000.0
2004-09-17,75.0,75.0,75.0,75.0,0.0,0.0,26411000.0
2004-09-20,75.0,75.0,75.0,75.0,0.0,0.0,26411000.0
2004-09-21,75.0,75.0,75.0,75.0,0.0,0.0,26411000.0
2004-09-22,75.0,75.0,75.0,75.0,0.0,0.0,26411000.0
2004-09-23,75.0,75.0,75.0,75.0,0.0,0.0,26411000.0
2004-09-24,75.0,75.0,75.0,75.0,0.0,0.0,26411000.0
2004-09-27,75.0,75.0,75.0,75.0,0.0,0.0,26411000.0
2004-09-28,75.0,75.0,75.0,75.0,0.0,0.0,26411000.0
2004-09-29,75.0,75.0,75.0,75.0,0.0,0.0,26411000.0
2004-09-30,75.0,75.0,75.0,75.0,0.0,0.0,26411000.0
2004-10-01,75.0,75.0,75.0,75.0,0.0,0.0,26411000.0
2004-10-04,75.0,75.0,75.0,75.0,0.0,0.0,26411000.0
2004-10-05,75.0,75.0,75.0,75.0,0.0,0.0,26411000.0
2004-10-06,75.0,75.0,75.0,75.0,0.0,0.0,26411000.0
2004-10-07,75.0,75.0,75.0,75.0,0.0,0.0,26411000.0
2004-10-08,75.0,75.0,75.0,75.0,0.0,0.0,26411000.0
2004-10-11,75.0,75.0,75.0,75.0,0.0,0.0,26411000.0
2004-10-12,75.0,75.0,75.0,75.0,0.0,0.0,26411000.0
2004-10-13,75.0,75.0,75.0,75.0,0.0,0.0,26411000.0
2004-10-14,75.0,75.0,75.0,75.0,0.0,0.0,26411000.0
2004-10-15,75.0,75.0,75.0,75.0,0.0,0.0,26411000.0
2004-10-18,75.0,75.0,75.0,75.0,0.0,0.0,26411000.0
2004-10-19,75.0,75.0,75.0,75.0,0.0,0.0,26411000.0
2004-10-20,75.0,75.0,75.0,75.0,0.0,0.0,26411000.0
2004-10-21,75.0,75.0,75.0,75.0,0.0,0.0,26411000.0
2004-10-22,75.0,75.0,75.0,75.0,0.0,0.0,26411000.0
2004-10-25,75.0,75.0,75.0,75.0,0.0,0.0,26411000.0
2004-10-26,75.0,75.0,75.0,75.0,0.0,0.0,26411000.0
2004-10-27,75.0,75.0,75.0,75.0,0.0,0.0,26411000.0
2004-10-28,75.0,75.0,75.0,75.0,0.0,0.0,26411000.0
2004-10-29,75.0,75.0,75.0,75.0,0.0,0.0,26411000.0
2004-11-01,75.0,75.0,75.0,75.0,0.0,0.0,26411000.0
2004-11-02,75.0,75.0,75.0,75.0,0.0,0.0,26411000.0
2004-11-03,75.0,75.0,75.0,75.0,0.0,0.0,26411000.0
2004-11-04,75.0,75.0,75.0,75.0,0.0,0.0,26411000.0
2004-11-05,75.0,75.0,75.0,75.0,0.0,0.0,26411000.0
2004-11-08,75.0,75.0,75.0,75.0,0.0,0.0,26411000.0
2004-11-09,75.0,75.0,75.0,75.0,0.0,0.0,26411000.0
2004-11-10,75.0,75.0,75.0,75.0,0.0,0.0,26411000.0
2004-11-11,75.0,75.0,75.0,75.0,0.0,0.0,26411000.0
2004-11-12,75.0,75.0,75.0,75.0,0.0,0.0,26411000.0
2004-11-15,75.0,75.0,75.0,75.0,0.0,0.0,26411000.0
2004-11-16,75.0,75.0,75.0,75.0,0.0,0.0,26411000.0
2004-11-17,75.0,75.0,75.0,75.0,0.0,0.0,26411000.0
2004-11-18,75.0,75.0,75.0,75.0,0.0,0.0,26411000.0
2004-11-19,75.0,75.0,75.0,75.0,0.0,0.0,26411000.0
2004-11-22,75.0,75.0,75.0,75.0,0.0,0.0,26411000.0
2004-11-23,75.0,75.0,75.0,75.0,0.0,0.0,26411000.0
2004-11-24,75.0,75.0,75.0,75.0,0.0,0.0,26411000.0
2004-11-25,75.0,75.0,75.0,75.0,0.0,0.0,26411000.0
2004-11-26,75.0,75.0,75.0,75.0,0.0,0.0,26411000.0
2004-11-29,75.0,75.0,75.0,75.0,0.0,0.0,26411000.0
2004-11-30,75.0,75.0,75.0,75.0,0.0,0.0,26411000.0
2004-12-01,75.0,75.0,75.0,75.0,0.0,0.0,26411000.0
2004-12-02,75.0,75.0,75.0,75.0,0.0,0.0,26411000.0
2004-12-03,75.0,75.0,75.0,75.0,0.0,0.0,26411000.0
2004-12-06,75.0,75.0,75.0,75.0,0.0,0.0,26411000.0
2004-12-07,75.0,75.0,75.0,75.0,0.0,0.0,26411000.0
2004-12-08,75.0,75.0,75.0,75.0,0.0,0.0,26411000.0
2004-12-09,75.0,75.0,75.0,75.0,0.0,0.0,26411000.0
2004-12-10,75.0,75.0,75.0,75.0,0.0,0.0,26411000.0
2004-12-13,75.0,75.0,75.0,75.0,0.0,0.0,26411000.0
2004-12-14,75.0,75.0,75.0,75.0,0.0,0.0,26411000.0
2004-12-15,75.0,75.0,75.0,75.0,0.0,0.0,26411000.0
2004-12-16,75.0,75.0,75.0,75.0,0.0,0.0,26411000.0
2004-12-17,75.0,75.0,75.0,75.0,0.0,0.0,26411000.0
2004-12-20,75.0,75.0,75.0,75.0,0.0,0.0,26411000.0
2004-12-21,75.0,75.0,75.0,75.0,0.0,0.0,26411000.0
2004-12-22,75.0,75.0,75.0,75.0,0.0,0.0,26411000.0
2004-12-23,75.0,75.0,75.0,75.0,0.0,0.0,26411000.0
2004-12-24,75.0,75.0,75.0,75.0,0.0,0.0,26411000.0
2004-12-27,75.0,75.0,75.0,75.0,0.0,0.0,26411000.0
2004-12-28,75.0,75.0,75.0,75.0,0.0,0.0,26411000.0
2004-12-29,75.0,75.0,75.0,75.0,0.0,0.0,26411000.0
2004-12-30,75.0,75.0,75.0,75.0,0.0,0.0,26411000.0
2004-12-31,75.0,75.0,75.0,75.0,0.0,0.0,26411000.0
2005-01-03,75.0,75.0,75.0,75.0,0.0,0.0,26411000.0
2005-01-04,75.0,75.0,75.0,75.0,0.0,0.0,26411000.0
2005-01-05,75.0,75.0,75.0,75.0,0.0,0.0,26411000.0
2005-01-06,75.0,75.0,75.0,75.0,0.0,0.0,26411000.0
2005-01-07,75.0,75.0,75.0,75.0,0.0,0.0,26411000.0
2005-01-10,75.0,75.0,75.0,75.0,0.0,0.0,26411000.0
2005-01-11,75.0,75.0,75.0,75.0,0.0,0.0,26411000.0
2005-01-12,75.0,75.0,75.0,75.0,0.0,0.0,26411000.0
2005-01-13,75.0,75.0,75.0,75.0,0.0,0.0,26411000.0
2005-01-14,75.0,75.0,75.0,75.0,0.0,0.0,26411000.0
2005-01-17,75.0,75.0,75.0,75.0,0.0,0.0,26411000.0
2005-01-18,75.0,75.0,75.0,75.0,0.0,0.0,26411000.0
2005-01-19,75.0,75.0,75.0,75.0,0.0,0.0,26411000.0
2005-01-20,75.0,75.0,75.0,75.0,0.0,0.0,26411000.0
2005-01-21,75.0,75.0,75.0,75.0,0.0,0.0,26411000.0
2005-01-24,75.0,75.0,75.0,75.0,0.0,0.0,26411000.0
2005-01-25,75.0,75.0,75.0,75.0,0.0,0.0,26411000.0
2005-01-26,75.0,75.0,75.0,75.0,0.0,0.0,26411000.0
2005-01-27,75.0,75.0,75.0,75.0,0.0,0.0,26411000.0
2005-01-28,75.0,75.0,75.0,75.0,0.0,0.0,26411000.0
2005-01-31,75.0,75.0,75.0,75.0,0.0,0.0,26411000.0
2005-02-01,75.0,75.0,75.0,75.0,0.0,0.0,26411000.0
2005-02-02,75.0,75.0,75.0,75.0,0.0,0.0,26411000.0
2005-02-03,75.0,75.0,75.0,75.0,0.0,0.0,26411000.0
2005-02-04,75.0,75.0,75.0,75.0,0.0,0.0,26411000.0
2005-02-07,75.0,75.0,75.0,75.0,0.0,0.0,26411000.0
2005-02-08,75.0,75.0,75.0,75.0,0.0,0.0,26411000.0
2005-02-09,75.0,75.0,75.0,75.0,0.0,0.0,26411000.0
2005-02-10,75.0,75.0,75.0,75.0,0.0,0.0,26411000.0
2005-02-11,75.0,75.0,75.0,75.0,0.0,0.0,26411000.0
2005-02-14,75.0,75.0,75.0,75.0,0.0,0.0,26411000.0
2005-02-15,75.0,75.0,75.0,75.0,0.0,0.0,26411000.0
2005-02-16,75.0,75.0,75.0,75.0,0.0,0.0,26411000.0
2005-02-17,75.0,75.0,75.0,75.0,0.0,0.0,26411000.0
2005-02-18,75.0,75.0,75.0,75.0,0.0,0.0,26411000.0
2005-02-21,75.0,75.0,75.0,75.0,0.0,0.0,26411000.0
2005-02-22,75.0,75.0,75.0,75.0,0.0,0.0,26411000.0
2005-02-23,75.0,75.0,75.0,75.0,0.0,0.0,26411000.0
2005-02-24,75.0,75.0,75.0,75.0,0.0,0.0,26411000.0
2005-02-25,75.0,75.0,75.0,75.0,0.0,0.0,26411000.0
2005-02-28,75.0,75.0,75.0,75.0,0.0,0.0,26411000.0
2005-03-01,75.0,75.0,75.0,75.0,0.0,0.0,26411000.0
2005-03-02,75.0,75.0,75.0,75.0,0.0,0.0,26411000.0
2005-03-03,75.0,75.0,75.0,75.0,0.0,0.0,26411000.0
2005-03-04,75.0,75.0,75.0,75.0,0.0,0.0,26411000.0
2005-03-07,75.0,75.0,75.0,75.0,0.0,0.0,26411000.0
2005-03-08,75.0,75.0,75.0,75.0,0.0,0.0,26411000.0
2005-03-09,75.0,75.0,75.0,75.0,0.0,0.0,26411000.0
2005-03-10,75.0,75.0,75.0,75.0,0.0,0.0,26411000.0
2005-03-11,75.0,75.0,75.0,75.0,0.0,0.0,26411000.0
2005-03-14,75.0,75.0,75.0,75.0,0.0,0.0,26411000.0
2005-03-15,75.0,75.0,75.0,75.0,0.0,0.0,26411000.0
2005-03-16,75.0,75.0,75.0,75.0,0.0,0.0,26411000.0
2005-03-17,75.0,75.0,75.0,75.0,0.0,0.0,26411000.0
2005-03-18,75.0,75.0,75.0,75.0,0.0,0.0,26411000.0
2005-03-21,75.0,75.0,75.0,75.0,0.0,0.0,26411000.0
2005-03-22,75.0,75.0,75.0,75.0,0.0,0.0,26411000.0
2005-03-23,75.0,75.0,75.0,75.0,0.0,0.0,26411000.0
2005-03-24,75.0,75.0,75.0,75.0,0.0,0.0,26411000.0
2005-03-25,75.0,75.0,75.0,75.0,0.0,0.0,26411000.0
2005-03-28,75.0,75.0,75.0,75.0,0.0,0.0,26411000.0
2005-03-29,75.0,75.0,75.0,75.0,0.0,0.0,26411000.0
2005-03-30,75.0,75.0,75.0,75.0,0.0,0.0,26411000.0
2005-03-31,75.0,75.0,75.0,75.0,0.0,0.0,26411000.0
2005-04-01,75.0,75.0,75.0,75.0,0.0,0.0,26411000.0
2005-04-04,75.0,75.0,75.0,75.0,0.0,0.0,26411000.0
2005-04-05,75.0,75.0,75.0,75.0,0.0,0.0,26411000.0
2005-04-06,75.0,75.0,75.0,75.0,0.0,0.0,26411000.0
2005-04-07,75.0,75.0,75.0,75.0,0.0,0.0,26411000.0
2005-04-08,75.0,75.0,75.0,75.0,0.0,0.0,26411000.0
2005-04-11,75.0,75.0,75.0,75.0,0.0,0.0,26411000.0
2005-04-12,75.0,75.0,75.0,75.0,0.0,0.0,26411000.0
2005-04-13,75.0,75.0,75.0,75.0,0.0,0.0,26411000.0
2005-04-14,75.0,75.0,75.0,75.0,0.0,0.0,26411000.0
2005-04-15,75.0,75.0,75.0,75.0,0.0,0.0,26411000.0
2005-04-18,75.0,75.0,75.0,75.0,0.0,0.0,26411000.0
2005-04-19,75.0,75.0,75.0,75.0,0.0,0.0,26411000.0
2005-04-20,75.0,75.0,75.0,75.0,0.0,0.0,26411000.0
2005-04-21,75.0,75.0,75.0,75.0,0.0,0.0,26411000.0
2005-04-22,75.0,75.0,75.0,75.0,0.0,0.0,26411000.0
2005-04-25,75.0,75.0,75.0,75.0,0.0,0.0,26411000.0
2005-04-26,75.0,75.0,75.0,75.0,0.0,0.0,26411000.0
2005-04-27,75.0,75.0,75.0,75.0,0.0,0.0,26411000.0
2005-04-28,75.0,75.0,75.0,75.0,0.0,0.0,26411000.0
2005-04-29,75.0,75.0,75.0,75.0,0.0,0.0,26411000.0
2005-05-02,75.0,75.0,75.0,75.0,0.0,0.0,26411000.0
2005-05-03,75.0,75.0,75.0,75.0,0.0,0.0,26411000.0
2005-05-04,75.0,75.0,75.0,75.0,0.0,0.0,26411000.0
2005-05-05,75.0,75.0,75.0,75.0,0.0,0.0,26411000.0
2005-05-06,75.0,75.0,75.0,75.0,0.0,0.0,26411000.0
2005-05-09,75.0,75.0,75.0,75.0,0.0,0.0,26411000.0
2005-05-10,75.0,75.0,75.0,75.0,0.0,0.0,26411000.0
2005-05-11,75.0,75.0,75.0,75.0,0.0,0.0,26411000.0
2005-05-12,75.0,75.0,75.0,75.0,0.0,0.0,26411000.0
2005-05-13,75.0,75.0,75.0,75.0,0.0,0.0,26411000.0
2005-05-16,75.0,75.0,75.0,75.0,0.0,0.0,26411000.0
2005-05-17,75.0,75.0,75.0,75.0,0.0,0.0,26411000.0
2005-05-18,75.0,75.0,75.0,75.0,0.0,0.0,26411000.0
2005-05-19,75.0,75.0,75.0,75.0,0.0,0.0,26411000.0
2005-05-20,75.0,75.0,75.0,75.0,0.0,0.0,26411000.0
2005-05-23,75.0,75.0,75.0,75.0,0.0,0.0,26411000.0
2005-05-24,75.0,75.0,75.0,75.0,0.0,0.0,26411000.0
2005-05-25,75.0,75.0,75.0,75.0,0.0,0.0,26411000.0
2005-05-26,75.0,75.0,75.0,75.0,0.0,0.0,26411000.0
2005-05-27,75.0,75.0,75.0,75.0,0.0,0.0,26411000.0
2005-05-30,75.0,75.0,75.0,75.0,0.0,0.0,26411000.0
2005-05-31,75.0,75.0,75.0,75.0,0.0,0.0,26411000.0
2005-06-01,75.0,75.0,75.0,75.0,0.0,0.0,26411000.0
2005-06-02,75.0,75.0,75.0,75.0,0.0,0.0,26411000.0
2005-06-03,75.0,75.0,75.0,75.0,0.0,0.0,26411000.0
2005-06-06,75.0,75.0,75.0,75.0,0.0,0.0,26411000.0
2005-06-07,75.0,75.0,75.0,75.0,0.0,0.0,26411000.0
2005-06-08,75.0,75.0,75.0,75.0,0.0,0.0,26411000.0
2005-06-09,75.0,75.0,75.0,75.0,0.0,0.0,26411000.0
2005-06-10,75.0,75.0,75.0,75.0,0.0,0.0,26411000.0
2005-06-13,75.0,75.0,75.0,75.0,0.0,0.0,26411000.0
2005-06-14,75.0,75.0,75.0,75.0,0.0,0.0,26411000.0
2005-06-15,75.0,75.0,75.0,75.0,0.0,0.0,26411000.0
2005-06-16,75.0,75.0,75.0,75.0,0.0,0.0,26411000.0
2005-06-17,75.0,75.0,75.0,75.0,0.0,0.0,26411000.0
2005-06-20,75.0,75.0,75.0,75.0,0.0,0.0,26411000.0
2005-06-21,75.0,75.0,75.0,75.0,0.0,0.0,26411000.0
2005-06-22,75.0,75.0,75.0,75.0,0.0,0.0,26411000.0
2005-06-23,75.0,75.0,75.0,75.0,0.0,0.0,26411000.0
2005-06-24,75.0,75.0,75.0,75.0,0.0,0.0,26411000.0
2005-06-27,75.0,75.0,75.0,75.0,0.0,0.0,26411000.0
2005-06-28,75.0,75.0,75.0,75.0,0.0,0.0,26411000.0
2005-06-29,75.0,75.0,75.0,75.0,0.0,0.0,26411000.0
2005-06-30,75.0,75.0,75.0,75.0,0.0,0.0,26411000.0
2005-07-01,75.0,75.0,75.0,75.0,0.0,0.0,26411000.0
2005-07-04,75.0,75.0,75.0,75.0,0.0,0.0,26411000.0
2005-07-05,75.0,75.0,75.0,75.0,0.0,0.0,26411000.0
2005-07-06,75.0,75.0,75.0,75.0,0.0,0.0,26411000.0
2005-07-07,75.0,75.0,75.0,75.0,0.0,0.0,26411000.0
2005-07-08,75.0,75.0,75.0,75.0,0.0,0.0,26411000.0
2005-07-11,75.0,75.0,75.0,75.0,0.0,0.0,26411000.0
2005-07-12,75.0,75.0,75.0,75.0,0.0,0.0,26411000.0
2005-07-13,75.0,75.0,75.0,75.0,0.0,0.0,26411000.0
2005-07-14,75.0,75.0,75.0,75.0,0.0,0.0,26411000.0
2005-07-15,75.0,75.0,75.0,75.0,0.0,0.0,26411000.0
2005-07-18,75.0,75.0,75.0,75.0,0.0,0.0,26411000.0
2005-07-19,75.0,75.0,75.0,75.0,0.0,0.0,26411000.0
2005-07-20,75.0,75.0,75.0,75.0,0.0,0.0,26411000.0
2005-07-21,75.0,75.0,75.0,75.0,0.0,0.0,26411000.0
2005-07-22,75.0,75.0,75.0,75.0,0.0,0.0,26411000.0
2005-07-25,75.0,75.0,75.0,75.0,0.0,0.0,26411000.0
2005-07-26,75.0,75.0,75.0,75.0,0.0,0.0,26411000.0
2005-07-27,75.0,75.0,75.0,75.0,0.0,0.0,26411000.0
2005-07-28,75.0,75.0,75.0,75.0,0.0,0.0,26411000.0
2005-07-29,75.0,75.0,75.0,75.0,0.0,0.0,26411000.0
2005-08-01,75.0,75.0,75.0,75.0,0.0,0.0,26411000.0
2005-08-02,75.0,75.0,75.0,75.0,0.0,0.0,26411000.0
2005-08-03,75.0,75.0,75.0,75.0,0.0,0.0,26411000.0
2005-08-04,75.0,75.0,75.0,75.0,0.0,0.0,26411000.0
2005-08-05,75.0,75.0,75.0,75.0,0.0,0.0,26411000.0
2005-08-08,75.0,75.0,75.0,75.0,0.0,0.0,26411000.0
2005-08-09,75.0,75.0,75.0,75.0,0.0,0.0,26411000.0
2005-08-10,75.0,75.0,75.0,75.0,0.0,0.0,26411000.0
2005-08-11,75.0,75.0,75.0,75.0,0.0,0.0,26411000.0
2005-08-12,75.0,75.0,75.0,75.0,0.0,0.0,26411000.0
2005-08-15,75.0,75.0,75.0,75.0,0.0,0.0,26411000.0
2005-08-16,75.0,75.0,75.0,75.0,0.0,0.0,26411000.0
2005-08-17,75.0,75.0,75.0,75.0,0.0,0.0,26411000.0
2005-08-18,75.0,75.0,75.0,75.0,0.0,0.0,26411000.0
2005-08-19,75.0,75.0,75.0,75.0,0.0,0.0,26411000.0
2005-08-22,75.0,75.0,75.0,75.0,0.0,0.0,26411000.0
2005-08-23,75.0,75.0,75.0,75.0,0.0,0.0,26411000.0
2005-08-24,75.0,75.0,75.0,75.0,0.0,0.0,26411000.0
2005-08-25,75.0,75.0,75.0,75.0,0.0,0.0,26411000.0
2005-08-26,75.0,75.0,75.0,75.0,0.0,0.0,26411000.0
2005-08-29,75.0,75.0,75.0,75.0,0.0,0.0,26411000.0
2005-08-30,75.0,75.0,75.0,75.0,0.0,0.0,26411000.0
2005-08-31,75.0,75.0,75.0,75.0,0.0,0.0,26411000.0
2005-09-01,75.0,75.0,75.0,75.0,0.0,0.0,26411000.0
2005-09-02,75.0,75.0,75.0,75.0,0.0,0.0,26411000.0
2005-09-05,75.0,75.0,75.0,75.0,0.0,0.0,26411000.0
2005-09-06,75.0,75.0,75.0,75.0,0.0,0.0,26411000.0
2005-09-07,75.0,75.0,75.0,75.0,0.0,0.0,26411000.0
2005-09-08,75.0,75.0,75.0,75.0,0.0,0.0,26411000.0
2005-09-09,75.0,75.0,75.0,75.0,0.0,0.0,26411000.0
2005-09-12,75.0,75.0,75.0,75.0,0.0,0.0,26411000.0
2005-09-13,75.0,75.0,75.0,75.0,0.0,0.0,26411000.0
2005-09-14,75.0,75.0,75.0,75.0,0.0,0.0,26411000.0
2005-09-15,75.0,75.0,75.0,75.0,0.0,0.0,26411000.0
2005-09-16,75.0,75.0,75.0,75.0,0.0,0.0,26411000.0
2005-09-19,75.0,75.0,75.0,75.0,0.0,0.0,26411000.0
2005-09-20,75.0,75.0,75.0,75.0,0.0,0.0,26411000.0
2005-09-21,75.0,75.0,75.0,75.0,0.0,0.0,26411000.0
2005-09-22,75.0,75.0,75.0,75.0,0.0,0.0,26411000.0
2005-09-23,75.0,75.0,75.0,75.0,0.0,0.0,26411000.0
2005-09-26,75.0,75.0,75.0,75.0,0.0,0.0,26411000.0
2005-09-27,75.0,75.0,75.0,75.0,0.0,0.0,26411000.0
2005-09-28,75.0,75.0,75.0,75.0,0.0,0.0,26411000.0
2005-09-29,75.0,75.0,75.0,75.0,0.0,0.0,26411000.0
2005-09-30,75.0,75.0,75.0,75.0,0.0,0.0,26411000.0
2005-10-03,75.0,75.0,75.0,75.0,0.0,0.0,26411000.0
2005-10-04,75.0,75.0,75.0,75.0,0.0,0.0,26411000.0
2005-10-05,75.0,75.0,75.0,75.0,0.0,0.0,26411000.0
2005-10-06,75.0,75.0,75.0,75.0,0.0,0.0,26411000.0
2005-10-07,75.0,75.0,75.0,75.0,0.0,0.0,26411000.0
2005-10-10,75.0,75.0,75.0,75.0,0.0,0.0,26411000.0
2005-10-11,75.0,75.0,75.0,75.0,0.0,0.0,26411000.0
2005-10-12,75.0,75.0,75.0,75.0,0.0,0.0,26411000.0
2005-10-13,75.0,75.0,75.0,75.0,0.0,0.0,26411000.0
2005-10-14,75.0,75.0,75.0,75.0,0.0,0.0,26411000.0
2005-10-17,75.0,75.0,75.0,75.0,0.0,0.0,26411000.0
2005-10-18,75.0,75.0,75.0,75.0,0.0,0.0,26411000.0
2005-10-19,75.0,75.0,75.0,75.0,0.0,0.0,26411000.0
2005-10-20,75.0,75.0,75.0,75.0,0.0,0.0,26411000.0
2005-10-21,75.0,75.0,75.0,75.0,0.0,0.0,26411000.0
2005-10-24,75.0,75.0,75.0,75.0,0.0,0.0,26411000.0
2005-10-25,75.0,75.0,75.0,75.0,0.0,0.0,26411000.0
2005-10-26,75.0,75.0,75.0,75.0,0.0,0.0,26411000.0
2005-10-27,75.0,75.0,75.0,75.0,0.0,0.0,26411000.0
2005-10-28,75.0,75.0,75.0,75.0,0.0,0.0,26411000.0
2005-10-31,75.0,75.0,75.0,75.0,0.0,0.0,26411000.0
2005-11-01,75.0,75.0,75.0,75.0,0.0,0.0,26411000.0
2005-11-02,75.0,75.0,75.0,75.0,0.0,0.0,26411000.0
2005-11-03,75.0,75.0,75.0,75.0,0.0,0.0,26411000.0
2005-11-04,75.0,75.0,75.0,75.0,0.0,0.0,26411000.0
2005-11-07,75.0,75.0,75.0,75.0,0.0,0.0,26411000.0
2005-11-08,75.0,75.0,75.0,75.0,0.0,0.0,26411000.0
2005-11-09,75.0,75.0,75.0,75.0,0.0,0.0,26411000.0
2005-11-10,75.0,75.0,75.0,75.0,0.0,0.0,26411000.0
2005-11-11,75.0,75.0,75.0,75.0,0.0,0.0,26411000.0
2005-11-14,75.0,75.0,75.0,75.0,0.0,0.0,26411000.0
2005-11-15,75.0,75.0,75.0,75.0,0.0,0.0,26411000.0
2005-11-16,75.0,75.0,75.0,75.0,0.0,0.0,26411000.0
2005-11-17,75.0,75.0,75.0,75.0,0.0,0.0,26411000.0
2005-11-18,75.0,75.0,75.0,75.0,0.0,0.0,26411000.0
2005-11-21,75.0,75.0,75.0,75.0,0.0,0.0,26411000.0
2005-11-22,75.0,75.0,75.0,75.0,0.0,0.0,26411000.0
2005-11-23,75.0,75.0,75.0,75.0,0.0,0.0,26411000.0
2005-11-24,75.0,75.0,75.0,75.0,0.0,0.0,26411000.0
2005-11-25,75.0,75.0,75.0,75.0,0.0,0.0,26411000.0
2005-11-28,75.0,75.0,75.0,75.0,0.0,0.0,26411000.0
2005-11-29,75.0,75.0,75.0,75.0,0.0,0.0,26411000.0
2005-11-30,75.0,75.0,75.0,75.0,0.0,0.0,26411000.0
2005-12-01,75.0,75.0,75.0,75.0,0.0,0.0,26411000.0
2005-12-02,75.0,75.0,75.0,75.0,0.0,0.0,26411000.0
2005-12-05,75.0,75.0,75.0,75.0,0.0,0.0,26411000.0
2005-12-06,75.0,75.0,75.0,75.0,0.0,0.0,26411000.0
2005-12-07,75.0,75.0,75.0,75.0,0.0,0.0,26411000.0
2005-12-08,75.0,75.0,75.0,75.0,0.0,0.0,26411000.0
2005-12-09,75.0,75.0,75.0,75.0,0.0,0.0,26411000.0
2005-12-12,75.0,75.0,75.0,75.0,0.0,0.0,26411000.0
2005-12-13,75.0,75.0,75.0,75.0,0.0,0.0,26411000.0
2005-12-14,75.0,75.0,75.0,75.0,0.0,0.0,26411000.0
2005-12-15,75.0,75.0,75.0,75.0,0.0,0.0,26411000.0
2005-12-16,75.0,75.0,75.0,75.0,0.0,0.0,26411000.0
2005-12-19,75.0,75.0,75.0,75.0,0.0,0.0,26411000.0
2005-12-20,75.0,75.0,75.0,75.0,0.0,0.0,26411000.0
2005-12-21,75.0,75.0,75.0,75.0,0.0,0.0,26411000.0
2005-12-22,75.0,75.0,75.0,75.0,0.0,0.0,26411000.0
2005-12-23,75.0,75.0,75.0,75.0,0.0,0.0,26411000.0
2005-12-26,75.0,75.0,75.0,75.0,0.0,0.0,26411000.0
2005-12-27,75.0,75.0,75.0,75.0,0.0,0.0,26411000.0
2005-12-28,75.0,75.0,75.0,75.0,0.0,0.0,26411000.0
2005-12-29,75.0,75.0,75.0,75.0,0.0,0.0,26411000.0
2005-12-30,75.0,75.0,75.0,75.0,0.0,0.0,26411000.0
2006-01-02,75.0,75.0,75.0,75.0,0.0,0.0,26411000.0
2006-01-03,75.0,75.0,75.0,75.0,0.0,0.0,26411000.0
2006-01-04,75.0,75.0,75.0,75.0,0.0,0.0,26411000.0
2006-01-05,75.0,75.0,75.0,75.0,0.0,0.0,26411000.0
2006-01-06,75.0,75.0,75.0,75.0,0.0,0.0,26411000.0
2006-01-09,75.0,75.0,75.0,75.0,0.0,0.0,26411000.0
2006-01-10,75.0,75.0,75.0,75.0,0.0,0.0,26411000.0
2006-01-11,75.0,75.0,75.0,75.0,0.0,0.0,26411000.0
2006-01-12,75.0,75.0,75.0,75.0,0.0,0.0,26411000.0
2006-01-13,75.0,75.0,75.0,75.0,0.0,0.0,26411000.0
2006-01-16,75.0,75.0,75.0,75.0,0.0,0.0,26411000.0
2006-01-17,75.0,75.0,75.0,75.0,0.0,0.0,26411000.0
2006-01-18,75.0,75.0,75.0,75.0,0.0,0.0,26411000.0
2006-01-19,75.0,75.0,75.0,75.0,0.0,0.0,26411000.0
2006-01-20,75.0,75.0,75.0,75.0,0.0,0.0,26411000.0
2006-01-23,75.0,75.0,75.0,75.0,0.0,0.0,26411000.0
2006-01-24,75.0,75.0,75.0,75.0,0.0,0.0,26411000.0
2006-01-25,75.0,75.0,75.0,75.0,0.0,0.0,26411000.0
2006-01-26,75.0,75.0,75.0,75.0,0.0,0.0,26411000.0
2006-01-27,75.0,75.0,75.0,75.0,0.0,0.0,26411000.0
2006-01-30,75.0,75.0,75.0,75.0,0.0,0.0,26411000.0
2006-01-31,75.0,75.0,75.0,75.0,0.0,0.0,26411000.0
2006-02-01,75.0,75.0,75.0,75.0,0.0,0.0,26411000.0
2006-02-02,75.0,75.0,75.0,75.0,0.0,0.0,26411000.0
2006-02-03,75.0,75.0,75.0,75.0,0.0,0.0,26411000.0
2006-02-06,75.0,75.0,75.0,75.0,0.0,0.0,26411000.0
2006-02-07,75.0,75.0,75.0,75.0,0.0,0.0,26411000.0
2006-02-08,75.0,75.0,75.0,75.0,0.0,0.0,26411000.0
2006-02-09,75.0,75.0,75.0,75.0,0.0,0.0,26411000.0
2006-02-10,75.0,75.0,75.0,75.0,0.0,0.0,26411000.0
2006-02-13,75.0,75.0,75.0,75.0,0.0,0.0,26411000.0
2006-02-14,75.0,75.0,75.0,75.0,0.0,0.0,26411000.0
2006-02-15,75.0,75.0,75.0,75.0,0.0,0.0,26411000.0
2006-02-16,75.0,75.0,75.0,75.0,0.0,0.0,26411000.0
2006-02-17,75.0,75.0,75.0,75.0,0.0,0.0,26411000.0
2006-02-20,75.0,75.0,75.0,75.0,0.0,0.0,26411000.0
2006-02-21,75.0,75.0,75.0,75.0,0.0,0.0,26411000.0
2006-02-22,75.0,75.0,75.0,75.0,0.0,0.0,26411000.0
2006-02-23,75.0,75.0,75.0,75.0,0.0,0.0,26411000.0
2006-02-24,75.0,75.0,75.0,75.0,0.0,0.0,26411000.0
2006-02-27,75.0,75.0,75.0,75.0,0.0,0.0,26411000.0
2006-02-28,75.0,75.0,75.0,75.0,0.0,0.0,26411000.0
2006-03-01,75.0,75.0,75.0,75.0,0.0,0.0,26411000.0
2006-03-02,75.0,75.0,75.0,75.0,0.0,0.0,26411000.0
2006-03-03,75.0,75.0,75.0,75.0,0.0,0.0,26411000.0
2006-03-06,75.0,75.0,75.0,75.0,0.0,0.0,26411000.0
2006-03-07,75.0,75.0,75.0,75.0,0.0,0.0,26411000.0
2006-03-08,75.0,75.0,75.0,75.0,0.0,0.0,26411000.0
2006-03-09,75.0,75.0,75.0,75.0,0.0,0.0,26411000.0
2006-03-10,75.0,75.0,75.0,75.0,0.0,0.0,26411000.0
2006-03-13,75.0,75.0,75.0,75.0,0.0,0.0,26411000.0
2006-03-14,75.0,75.0,75.0,75.0,0.0,0.0,26411000.0
2006-03-15,75.0,75.0,75.0,75.0,0.0,0.0,26411000.0
2006-03-16,75.0,75.0,75.0,75.0,0.0,0.0,26411000.0
2006-03-17,75.0,75.0,75.0,75.0,0.0,0.0,26411000.0
2006-03-20,75.0,75.0,75.0,75.0,0.0,0.0,26411000.0
2006-03-21,75.0,75.0,75.0,75.0,0.0,0.0,26411000.0
2006-03-22,75.0,75.0,75.0,75.0,0.0,0.0,26411000.0
2006-03-23,75.0,75.0,75.0,75.0,0.0,0.0,26411000.0
2006-03-24,75.0,75.0,75.0,75.0,0.0,0.0,26411000.0
2006-03-27,75.0,75.0,75.0,75.0,0.0,0.0,26411000.0
2006-03-28,75.0,75.0,75.0,75.0,0.0,0.0,26411000.0
2006-03-29,75.0,75.0,75.0,75.0,0.0,0.0,26411000.0
2006-03-30,75.0,75.0,75.0,75.0,0.0,0.0,26411000.0
2006-03-31,75.0,75.0,75.0,75.0,0.0,0.0,26411000.0
2006-04-03,75.0,75.0,75.0,75.0,0.0,0.0,26411000.0
2006-04-04,75.0,75.0,75.0,75.0,0.0,0.0,26411000.0
2006-04-05,75.0,75.0,75.0,75.0,0.0,0.0,26411000.0
2006-04-06,75.0,75.0,75.0,75.0,0.0,0.0,26411000.0
2006-04-07,75.0,75.0,75.0,75.0,0.0,0.0,26411000.0
2006-04-10,75.0,75.0,75.0,75.0,0.0,0.0,26411000.0
2006-04-11,75.0,75.0,75.0,75.0,0.0,0.0,26411000.0
2006-04-12,75.0,75.0,75.0,75.0,0.0,0.0,26411000.0
2006-04-13,75.0,75.0,75.0,75.0,0.0,0.0,26411000.0
2006-04-14,75.0,75.0,75.0,75.0,0.0,0.0,26411000.0
2006-04-17,75.0,75.0,75.0,75.0,0.0,0.0,26411000.0
2006-04-18,75.0,75.0,75.0,75.0,0.0,0.0,26411000.0
2006-04-19,75.0,75.0,75.0,75.0,0.0,0.0,26411000.0
2006-04-20,75.0,75.0,75.0,75.0,0.0,0.0,26411000.0
2006-04-21,75.0,75.0,75.0,75.0,0.0,0.0,26411000.0
2006-04-24,75.0,75.0,75.0,75.0,0.0,0.0,26411000.0
2006-04-25,75.0,75.0,75.0,75.0,0.0,0.0,26411000.0
2006-04-26,75.0,75.0,75.0,75.0,0.0,0.0,26411000.0
2006-04-27,75.0,75.0,75.0,75.0,0.0,0.0,26411000.0
2006-04-28,75.0,75.0,75.0,75.0,0.0,0.0,26411000.0
2006-05-01,75.0,75.0,75.0,75.0,0.0,0.0,26411000.0
2006-05-02,75.0,75.0,75.0,75.0,0.0,0.0,26411000.0
2006-05-03,75.0,75.0,75.0,75.0,0.0,0.0,26411000.0
2006-05-04,75.0,75.0,75.0,75.0,0.0,0.0,26411000.0
2006-05-05,75.0,75.0,75.0,75.0,0.0,0.0,26411000.0
2006-05-08,75.0,75.0,75.0,75.0,0.0,0.0,26411000.0
2006-05-09,75.0,75.0,75.0,75.0,0.0,0.0,26411000.0
2006-05-10,75.0,75.0,75.0,75.0,0.0,0.0,26411000.0
2006-05-11,75.0,75.0,75.0,75.0,0.0,0.0,26411000.0
2006-05-12,75.0,75.0,75.0,75.0,0.0,0.0,26411000.0
2006-05-15,75.0,75.0,75.0,75.0,0.0,0.0,26411000.0
2006-05-16,75.0,75.0,75.0,75.0,0.0,0.0,26411000.0
2006-05-17,75.0,75.0,75.0,75.0,0.0,0.0,26411000.0
2006-05-18,75.0,75.0,75.0,75.0,0.0,0.0,26411000.0
2006-05-19,75.0,75.0,75.0,75.0,0.0,0.0,26411000.0
2006-05-22,75.0,75.0,75.0,75.0,0.0,0.0,26411000.0
2006-05-23,75.0,75.0,75.0,75.0,0.0,0.0,26411000.0
2006-05-24,75.0,75.0,75.0,75.0,0.0,0.0,26411000.0
2006-05-25,75.0,75.0,75.0,75.0,0.0,0.0,26411000.0
2006-05-26,75.0,75.0,75.0,75.0,0.0,0.0,26411000.0
2006-05-29,75.0,75.0,75.0,75.0,0.0,0.0,26411000.0
2006-05-30,75.0,75.0,75.0,75.0,0.0,0.0,26411000.0
2006-05-31,75.0,75.0,75.0,75.0,0.0,0.0,26411000.0
2006-06-01,75.0,75.0,75.0,75.0,0.0,0.0,26411000.0
2006-06-02,75.0,75.0,75.0,75.0,0.0,0.0,26411000.0
2006-06-05,75.0,75.0,75.0,75.0,0.0,0.0,26411000.0
2006-06-06,75.0,75.0,75.0,75.0,0.0,0.0,26411000.0
2006-06-07,75.0,75.0,75.0,75.0,0.0,0.0,26411000.0
2006-06-08,75.0,75.0,75.0,75.0,0.0,0.0,26411000.0
2006-06-09,75.0,75.0,75.0,75.0,0.0,0.0,26411000.0
2006-06-12,75.0,75.0,75.0,75.0,0.0,0.0,26411000.0
2006-06-13,75.0,75.0,75.0,75.0,0.0,0.0,26411000.0
2006-06-14,75.0,75.0,75.0,75.0,0.0,0.0,26411000.0
2006-06-15,75.0,75.0,75.0,75.0,0.0,0.0,26411000.0
2006-06-16,75.0,75.0,75.0,75.0,0.0,0.0,26411000.0
2006-06-19,75.0,75.0,75.0,75.0,0.0,0.0,26411000.0
2006-06-20,75.0,75.0,75.0,75.0,0.0,0.0,26411000.0
2006-06-21,75.0,75.0,75.0,75.0,0.0,0.0,26411000.0
2006-06-22,75.0,75.0,75.0,75.0,0.0,0.0,26411000.0
2006-06-23,75.0,75.0,75.0,75.0,0.0,0.0,26411000.0
2006-06-26,75.0,75.0,75.0,75.0,0.0,0.0,26411000.0
2006-06-27,75.0,75.0,75.0,75.0,0.0,0.0,26411000.0
2006-06-28,75.0,75.0,75.0,75.0,0.0,0.0,26411000.0
2006-06-29,75.0,75.0,75.0,75.0,0.0,0.0,26411000.0
2006-06-30,75.0,75.0,75.0,75.0,0.0,0.0,26411000.0
2006-07-03,75.0,75.0,75.0,75.0,0.0,0.0,26411000.0
2006-07-04,75.0,75.0,75.0,75.0,0.0,0.0,26411000.0
2006-07-05,75.0,75.0,75.0,75.0,0.0,0.0,26411000.0
2006-07-06,75.0,75.0,75.0,75.0,0.0,0.0,26411000.0
2006-07-07,75.0,75.0,75.0,75.0,0.0,0.0,26411000.0
2006-07-10,75.0,75.0,75.0,75.0,0.0,0.0,26411000.0
2006-07-11,75.0,75.0,75.0,75.0,0.0,0.0,26411000.0
2006-07-12,75.0,75.0,75.0,75.0,0.0,0.0,26411000.0
2006-07-13,75.0,75.0,75.0,75.0,0.0,0.0,26411000.0
2006-07-14,75.0,75.0,75.0,75.0,0.0,0.0,26411000.0
2006-07-17,75.0,75.0,75.0,75.0,0.0,0.0,26411000.0
2006-07-18,75.0,75.0,75.0,75.0,0.0,0.0,26411000.0
2006-07-19,75.0,75.0,75.0,75.0,0.0,0.0,26411000.0
2006-07-20,75.0,75.0,75.0,75.0,0.0,0.0,26411000.0
2006-07-21,75.0,75.0,75.0,75.0,0.0,0.0,26411000.0
2006-07-24,75.0,75.0,75.0,75.0,0.0,0.0,26411000.0
2006-07-25,75.0,75.0,75.0,75.0,0.0,0.0,26411000.0
2006-07-26,75.0,75.0,75.0,75.0,0.0,0.0,26411000.0
2006-07-27,75.0,75.0,75.0,75.0,0.0,0.0,26411000.0
2006-07-28,75.0,75.0,75.0,75.0,0.0,0.0,26411000.0
2006-07-31,75.0,75.0,75.0,75.0,0.0,0.0,26411000.0
2006-08-01,75.0,75.0,75.0,75.0,0.0,0.0,26411000.0
2006-08-02,75.0,75.0,75.0,75.0,0.0,0.0,26411000.0
2006-08-03,75.0,75.0,75.0,75.0,0.0,0.0,26411000.0
2006-08-04,75.0,75.0,75.0,75.0,0.0,0.0,26411000.0
2006-08-07,75.0,75.0,75.0,75.0,0.0,0.0,26411000.0
2006-08-08,75.0,75.0,75.0,75.0,0.0,0.0,26411000.0
2006-08-09,75.0,75.0,75.0,75.0,0.0,0.0,26411000.0
2006-08-10,75.0,75.0,75.0,75.0,0.0,0.0,26411000.0
2006-08-11,75.0,75.0,75.0,75.0,0.0,0.0,26411000.0
2006-08-14,75.0,75.0,75.0,75.0,0.0,0.0,26411000.0
2006-08-15,75.0,75.0,75.0,75.0,0.0,0.0,26411000.0
2006-08-16,75.0,75.0,75.0,75.0,0.0,0.0,26411000.0
2006-08-17,75.0,75.0,75.0,75.0,0.0,0.0,26411000.0
2006-08-18,75.0,75.0,75.0,75.0,0.0,0.0,26411000.0
2006-08-21,75.0,75.0,75.0,75.0,0.0,0.0,26411000.0
2006-08-22,75.0,75.0,75.0,75.0,0.0,0.0,26411000.0
2006-08-23,75.0,75.0,75.0,75.0,0.0,0.0,26411000.0
2006-08-24,75.0,75.0,75.0,75.0,0.0,0.0,26411000.0
2006-08-25,75.0,75.0,75.0,75.0,0.0,0.0,26411000.0
2006-08-28,75.0,75.0,75.0,75.0,0.0,0.0,26411000.0
2006-08-29,75.0,75.0,75.0,75.0,0.0,0.0,26411000.0
2006-08-30,75.0,75.0,75.0,75.0,0.0,0.0,26411000.0
2006-08-31,75.0,75.0,75.0,75.0,0.0,0.0,26411000.0
2006-09-01,75.0,75.0,75.0,75.0,0.0,0.0,26411000.0
2006-09-04,75.0,75.0,75.0,75.0,0.0,0.0,26411000.0
2006-09-05,75.0,75.0,75.0,75.0,0.0,0.0,26411000.0
2006-09-06,75.0,75.0,75.0,75.0,0.0,0.0,26411000.0
2006-09-07,75.0,75.0,75.0,75.0,0.0,0.0,26411000.0
2006-09-08,75.0,75.0,75.0,75.0,0.0,0.0,26411000.0
2006-09-11,75.0,75.0,75.0,75.0,0.0,0.0,26411000.0
2006-09-12,75.0,75.0,75.0,75.0,0.0,0.0,26411000.0
2006-09-13,75.0,75.0,75.0,75.0,0.0,0.0,26411000.0
2006-09-14,75.0,75.0,75.0,75.0,0.0,0.0,26411000.0
2006-09-15,75.0,75.0,75.0,75.0,0.0,0.0,26411000.0
2006-09-18,75.0,75.0,75.0,75.0,0.0,0.0,26411000.0
2006-09-19,75.0,75.0,75.0,75.0,0.0,0.0,26411000.0
2006-09-20,75.0,75.0,75.0,75.0,0.0,0.0,26411000.0
2006-09-21,75.0,75.0,75.0,75.0,0.0,0.0,26411000.0
2006-09-22,75.0,75.0,75.0,75.0,0.0,0.0,26411000.0
2006-09-25,75.0,75.0,75.0,75.0,0.0,0.0,26411000.0
2006-09-26,75.0,75.0,75.0,75.0,0.0,0.0,26411000.0
2006-09-27,75.0,75.0,75.0,75.0,0.0,0.0,26411000.0
2006-09-28,75.0,75.0,75.0,75.0,0.0,0.0,26411000.0
2006-09-29,75.0,75.0,75.0,75.0,0.0,0.0,26411000.0
2006-10-02,75.0,75.0,75.0,75.0,0.0,0.0,26411000.0
2006-10-03,75.0,75.0,75.0,75.0,0.0,0.0,26411000.0
2006-10-04,75.0,75.0,75.0,75.0,0.0,0.0,26411000.0
2006-10-05,75.0,75.0,75.0,75.0,0.0,0.0,26411000.0
2006-10-06,75.0,75.0,75.0,75.0,0.0,0.0,26411000.0
2006-10-09,75.0,75.0,75.0,75.0,0.0,0.0,26411000.0
2006-10-10,75.0,75.0,75.0,75.0,0.0,0.0,26411000.0
2006-10-11,75.0,75.0,75.0,75.0,0.0,0.0,26411000.0
2006-10-12,75.0,75.0,75.0,75.0,0.0,0.0,26411000.0
2006-10-13,75.0,75.0,75.0,75.0,0.0,0.0,26411000.0
2006-10-16,75.0,75.0,75.0,75.0,0.0,0.0,26411000.0
2006-10-17,75.0,75.0,75.0,75.0,0.0,0.0,26411000.0
2006-10-18,75.0,75.0,75.0,75.0,0.0,0.0,26411000.0
2006-10-19,75.0,75.0,75.0,75.0,0.0,0.0,26411000.0
2006-10-20,75.0,75.0,75.0,75.0,0.0,0.0,26411000.0
2006-10-23,75.0,75.0,75.0,75.0,0.0,0.0,26411000.0
2006-10-24,75.0,75.0,75.0,75.0,0.0,0.0,26411000.0
2006-10-25,75.0,75.0,75.0,75.0,0.0,0.0,26411000.0
2006-10-26,75.0,75.0,75.0,75.0,0.0,0.0,26411000.0
2006-10-27,75.0,75.0,75.0,75.0,0.0,0.0,26411000.0
2006-10-30,75.0,75.0,75.0,75.0,0.0,0.0,26411000.0
2006-10-31,75.0,75.0,75.0,75.0,0.0,0.0,26411000.0
2006-11-01,75.0,75.0,75.0,75.0,0.0,0.0,26411000.0
2006-11-02,75.0,75.0,75.0,75.0,0.0,0.0,26411000.0
2006-11-03,75.0,75.0,75.0,75.0,0.0,0.0,26411000.0
2006-11-06,75.0,75.0,75.0,75.0,0.0,0.0,26411000.0
2006-11-07,75.0,75.0,75.0,75.0,0.0,0.0,26411000.0
2006-11-08,75.0,75.0,75.0,75.0,0.0,0.0,26411000.0
2006-11-09,75.0,75.0,75.0,75.0,0.0,0.0,26411000.0
2006-11-10,75.0,75.0,75.0,75.0,0.0,0.0,26411000.0
2006-11-13,75.0,75.0,75.0,75.0,0.0,0.0,26411000.0
2006-11-14,75.0,75.0,75.0,75.0,0.0,0.0,26411000.0
2006-11-15,75.0,75.0,75.0,75.0,0.0,0.0,26411000.0
2006-11-16,75.0,75.0,75.0,75.0,0.0,0.0,26411000.0
2006-11-17,75.0,75.0,75.0,75.0,0.0,0.0,26411000.0
2006-11-20,75.0,75.0,75.0,75.0,0.0,0.0,26411000.0
2006-11-21,75.0,75.0,75.0,75.0,0.0,0.0,26411000.0
2006-11-22,75.0,75.0,75.0,75.0,0.0,0.0,26411000.0
2006-11-23,75.0,75.0,75.0,75.0,0.0,0.0,26411000.0
2006-11-24,75.0,75.0,75.0,75.0,0.0,0.0,26411000.0
2006-11-27,75.0,75.0,75.0,75.0,0.0,0.0,26411000.0
2006-11-28,75.0,75.0,75.0,75.0,0.0,0.0,26411000.0
2006-11-29,75.0,75.0,75.0,75.0,0.0,0.0,26411000.0
2006-11-30,75.0,75.0,75.0,75.0,0.0,0.0,26411000.0
2006-12-01,75.0,75.0,75.0,75.0,0.0,0.0,26411000.0
2006-12-04,75.0,75.0,75.0,75.0,0.0,0.0,26411000.0
2006-12-05,75.0,75.0,75.0,75.0,0.0,0.0,26411000.0
2006-12-06,75.0,75.0,75.0,75.0,0.0,0.0,26411000.0
2006-12-07,75.0,75.0,75.0,75.0,0.0,0.0,26411000.0
2006-12-08,75.0,75.0,75.0,75.0,0.0,0.0,26411000.0
2006-12-11,75.0,75.0,75.0,75.0,0.0,0.0,26411000.0
2006-12-12,75.0,75.0,75.0,75.0,0.0,0.0,26411000.0
2006-12-13,75.0,75.0,75.0,75.0,0.0,0.0,26411000.0
2006-12-14,75.0,75.0,75.0,75.0,0.0,0.0,26411000.0
2006-12-15,75.0,75.0,75.0,75.0,0.0,0.0,26411000.0
2006-12-18,75.0,75.0,75.0,75.0,0.0,0.0,26411000.0
2006-12-19,75.0,75.0,75.0,75.0,0.0,0.0,26411000.0
2006-12-20,75.0,75.0,75.0,75.0,0.0,0.0,26411000.0
2006-12-21,75.0,75.0,75.0,75.0,0.0,0.0,26411000.0
2006-12-22,75.0,75.0,75.0,75.0,0.0,0.0,26411000.0
2006-12-25,75.0,75.0,75.0,75.0,0.0,0.0,26411000.0
2006-12-26,75.0,75.0,75.0,75.0,0.0,0.0,26411000.0
2006-12-27,75.0,75.0,75.0,75.0,0.0,0.0,26411000.0
2006-12-28,75.0,75.0,75.0,75.0,0.0,0.0,26411000.0
2006-12-29,75.0,75.0,75.0,75.0,0.0,0.0,26411000.0
2007-01-01,75.0,75.0,75.0,75.0,0.0,0.0,26411000.0
2007-01-02,75.0,75.0,75.0,75.0,0.0,0.0,26411000.0
2007-01-03,75.0,75.0,75.0,75.0,0.0,0.0,26411000.0
2007-01-04,75.0,75.0,75.0,75.0,0.0,0.0,26411000.0
2007-01-05,75.0,75.0,75.0,75.0,0.0,0.0,26411000.0
2007-01-08,75.0,75.0,75.0,75.0,0.0,0.0,26411000.0
2007-01-09,75.0,75.0,75.0,75.0,0.0,0.0,26411000.0
2007-01-10,75.0,75.0,75.0,75.0,0.0,0.0,26411000.0
2007-01-11,75.0,75.0,75.0,75.0,0.0,0.0,26411000.0
2007-01-12,75.0,75.0,75.0,75.0,0.0,0.0,26411000.0
2007-01-15,75.0,75.0,75.0,75.0,0.0,0.0,26411000.0
2007-01-16,75.0,75.0,75.0,75.0,0.0,0.0,26411000.0
2007-01-17,75.0,75.0,75.0,75.0,0.0,0.0,26411000.0
2007-01-18,75.0,75.0,75.0,75.0,0.0,0.0,26411000.0
2007-01-19,75.0,75.0,75.0,75.0,0.0,0.0,26411000.0
2007-01-22,75.0,75.0,75.0,75.0,0.0,0.0,26411000.0
2007-01-23,75.0,75.0,75.0,75.0,0.0,0.0,26411000.0
2007-01-24,75.0,75.0,75.0,75.0,0.0,0.0,26411000.0
2007-01-25,75.0,75.0,75.0,75.0,0.0,0.0,26411000.0
2007-01-26,75.0,75.0,75.0,75.0,0.0,0.0,26411000.0
2007-01-29,75.0,75.0,75.0,75.0,0.0,0.0,26411000.0
2007-01-30,75.0,75.0,75.0,75.0,0.0,0.0,26411000.0
2007-01-31,75.0,75.0,75.0,75.0,0.0,0.0,26411000.0
2007-02-01,75.0,75.0,75.0,75.0,0.0,0.0,26411000.0
2007-02-02,75.0,75.0,75.0,75.0,0.0,0.0,26411000.0
2007-02-05,75.0,75.0,75.0,75.0,0.0,0.0,26411000.0
2007-02-06,75.0,75.0,75.0,75.0,0.0,0.0,26411000.0
2007-02-07,75.0,75.0,75.0,75.0,0.0,0.0,26411000.0
2007-02-08,75.0,75.0,75.0,75.0,0.0,0.0,26411000.0
2007-02-09,75.0,75.0,75.0,75.0,0.0,0.0,26411000.0
2007-02-12,75.0,75.0,75.0,75.0,0.0,0.0,26411000.0
2007-02-13,75.0,75.0,75.0,75.0,0.0,0.0,26411000.0
2007-02-14,75.0,75.0,75.0,75.0,0.0,0.0,26411000.0
2007-02-15,75.0,75.0,75.0,75.0,0.0,0.0,26411000.0
2007-02-16,75.0,75.0,75.0,75.0,0.0,0.0,26411000.0
2007-02-19,75.0,75.0,75.0,75.0,0.0,0.0,26411000.0
2007-02-20,75.0,75.0,75.0,75.0,0.0,0.0,26411000.0
2007-02-21,75.0,75.0,75.0,75.0,0.0,0.0,26411000.0
2007-02-22,75.0,75.0,75.0,75.0,0.0,0.0,26411000.0
2007-02-23,75.0,75.0,75.0,75.0,0.0,0.0,26411000.0
2007-02-26,75.0,75.0,75.0,75.0,0.0,0.0,26411000.0
2007-02-27,75.0,75.0,75.0,75.0,0.0,0.0,26411000.0
2007-02-28,75.0,75.0,75.0,75.0,0.0,0.0,26411000.0
2007-03-01,75.0,75.0,75.0,75.0,0.0,0.0,26411000.0
2007-03-02,75.0,75.0,75.0,75.0,0.0,0.0,26411000.0
2007-03-05,75.0,75.0,75.0,75.0,0.0,0.0,26411000.0
2007-03-06,75.0,75.0,75.0,75.0,0.0,0.0,26411000.0
2007-03-07,75.0,75.0,75.0,75.0,0.0,0.0,26411000.0
2007-03-08,75.0,75.0,75.0,75.0,0.0,0.0,26411000.0
2007-03-09,75.0,75.0,75.0,75.0,0.0,0.0,26411000.0
2007-03-12,75.0,75.0,75.0,75.0,0.0,0.0,26411000.0
2007-03-13,75.0,75.0,75.0,75.0,0.0,0.0,26411000.0
2007-03-14,75.0,75.0,75.0,75.0,0.0,0.0,26411000.0
2007-03-15,75.0,75.0,75.0,75.0,0.0,0.0,26411000.0
2007-03-16,75.0,75.0,75.0,75.0,0.0,0.0,26411000.0
2007-03-19,75.0,75.0,75.0,75.0,0.0,0.0,26411000.0
2007-03-20,75.0,75.0,75.0,75.0,0.0,0.0,26411000.0
2007-03-21,75.0,75.0,75.0,75.0,0.0,0.0,26411000.0
2007-03-22,75.0,75.0,75.0,75.0,0.0,0.0,26411000.0
2007-03-23,75.0,75.0,75.0,75.0,0.0,0.0,26411000.0
2007-03-26,75.0,75.0,75.0,75.0,0.0,0.0,26411000.0
2007-03-27,75.0,75.0,75.0,75.0,0.0,0.0,26411000.0
2007-03-28,75.0,75.0,75.0,75.0,0.0,0.0,26411000.0
2007-03-29,75.0,75.0,75.0,75.0,0.0,0.0,26411000.0
2007-03-30,75.0,75.0,75.0,75.0,0.0,0.0,26411000.0
2007-04-02,75.0,75.0,75.0,75.0,0.0,0.0,26411000.0
2007-04-03,75.0,75.0,75.0,75.0,0.0,0.0,26411000.0
2007-04-04,75.0,75.0,75.0,75.0,0.0,0.0,26411000.0
2007-04-05,75.0,75.0,75.0,75.0,0.0,0.0,26411000.0
2007-04-06,75.0,75.0,75.0,75.0,0.0,0.0,26411000.0
2007-04-09,75.0,75.0,75.0,75.0,0.0,0.0,26411000.0
2007-04-10,75.0,75.0,75.0,75.0,0.0,0.0,26411000.0
2007-04-11,75.0,75.0,75.0,75.0,0.0,0.0,26411000.0
2007-04-12,75.0,75.0,75.0,75.0,0.0,0.0,26411000.0
2007-04-13,75.0,75.0,75.0,75.0,0.0,0.0,26411000.0
2007-04-16,75.0,75.0,75.0,75.0,0.0,0.0,26411000.0
2007-04-17,75.0,75.0,75.0,75.0,0.0,0.0,26411000.0
2007-04-18,75.0,75.0,75.0,75.0,0.0,0.0,26411000.0
2007-04-19,75.0,75.0,75.0,75.0,0.0,0.0,26411000.0
2007-04-20,75.0,75.0,75.0,75.0,0.0,0.0,26411000.0
2007-04-23,75.0,75.0,75.0,75.0,0.0,0.0,26411000.0
2007-04-24,75.0,75.0,75.0,75.0,0.0,0.0,26411000.0
2007-04-25,75.0,75.0,75.0,75.0,0.0,0.0,26411000.0
2007-04-26,75.0,75.0,75.0,75.0,0.0,0.0,26411000.0
2007-04-27,75.0,75.0,75.0,75.0,0.0,0.0,26411000.0
2007-04-30,75.0,75.0,75.0,75.0,0.0,0.0,26411000.0
2007-05-01,75.0,75.0,75.0,75.0,0.0,0.0,26411000.0
2007-05-02,75.0,75.0,75.0,75.0,0.0,0.0,26411000.0
2007-05-03,75.0,75.0,75.0,75.0,0.0,0.0,26411000.0
2007-05-04,75.0,75.0,75.0,75.0,0.0,0.0,26411000.0
2007-05-06,75.0,75.0,75.0,75.0,0.0,0.0,26411000.0
2007-05-07,75.0,75.0,75.0,75.0,0.0,0.0,26411000.0
2007-05-08,75.0,75.0,75.0,75.0,0.0,0.0,26411000.0
2007-05-09,75.0,75.0,75.0,75.0,0.0,0.0,26411000.0
2007-05-10,75.0,75.0,75.0,75.0,0.0,0.0,26411000.0
2007-05-11,75.0,75.0,75.0,75.0,0.0,0.0,26411000.0
2007-05-14,75.0,75.0,75.0,75.0,0.0,0.0,26411000.0
2007-05-15,75.0,75.0,75.0,75.0,0.0,0.0,26411000.0
2007-05-16,75.0,75.0,75.0,75.0,0.0,0.0,26411000.0
2007-05-17,75.0,75.0,75.0,75.0,0.0,0.0,26411000.0
2007-05-18,75.0,75.0,75.0,75.0,0.0,0.0,26411000.0
2007-05-21,75.0,75.0,75.0,75.0,0.0,0.0,26411000.0
2007-05-22,75.0,75.0,75.0,75.0,0.0,0.0,26411000.0
2007-05-23,75.0,75.0,75.0,75.0,0.0,0.0,26411000.0
2007-05-24,75.0,75.0,75.0,75.0,0.0,0.0,26411000.0
2007-05-25,75.0,75.0,75.0,75.0,0.0,0.0,26411000.0
2007-05-28,75.0,75.0,75.0,75.0,0.0,0.0,26411000.0
2007-05-29,75.0,75.0,75.0,75.0,0.0,0.0,26411000.0
2007-05-30,75.0,75.0,75.0,75.0,0.0,0.0,26411000.0
2007-05-31,75.0,75.0,75.0,75.0,0.0,0.0,26411000.0
2007-06-01,75.0,75.0,75.0,75.0,0.0,0.0,26411000.0
2007-06-04,75.0,75.0,75.0,75.0,0.0,0.0,26411000.0
2007-06-05,75.0,75.0,75.0,75.0,0.0,0.0,26411000.0
2007-06-06,75.0,75.0,75.0,75.0,0.0,0.0,26411000.0
2007-06-07,75.0,75.0,75.0,75.0,0.0,0.0,26411000.0
2007-06-08,75.0,75.0,75.0,75.0,0.0,0.0,26411000.0
2007-06-11,75.0,75.0,75.0,75.0,0.0,0.0,26411000.0
2007-06-12,75.0,75.0,75.0,75.0,0.0,0.0,26411000.0
2007-06-13,75.0,75.0,75.0,75.0,0.0,0.0,26411000.0
2007-06-14,75.0,75.0,75.0,75.0,0.0,0.0,26411000.0
2007-06-15,75.0,75.0,75.0,75.0,0.0,0.0,26411000.0
2007-06-18,75.0,75.0,75.0,75.0,0.0,0.0,26411000.0
2007-06-19,75.0,75.0,75.0,75.0,0.0,0.0,26411000.0
2007-06-20,75.0,75.0,75.0,75.0,0.0,0.0,26411000.0
2007-06-21,75.0,75.0,75.0,75.0,0.0,0.0,26411000.0
2007-06-22,75.0,75.0,75.0,75.0,0.0,0.0,26411000.0
2007-06-25,75.0,75.0,75.0,75.0,0.0,0.0,26411000.0
2007-06-26,75.0,75.0,75.0,75.0,0.0,0.0,26411000.0
2007-06-27,75.0,75.0,75.0,75.0,0.0,0.0,26411000.0
2007-06-28,75.0,75.0,75.0,75.0,0.0,0.0,26411000.0
2007-06-29,75.0,75.0,75.0,75.0,0.0,0.0,26411000.0
2007-07-02,75.0,75.0,75.0,75.0,0.0,0.0,26411000.0
2007-07-03,75.0,75.0,75.0,75.0,0.0,0.0,26411000.0
2007-07-04,75.0,75.0,75.0,75.0,0.0,0.0,26411000.0
2007-07-05,75.0,75.0,75.0,75.0,0.0,0.0,26411000.0
2007-07-06,75.0,75.0,75.0,75.0,0.0,0.0,26411000.0
2007-07-09,75.0,75.0,75.0,75.0,0.0,0.0,26411000.0
2007-07-10,75.0,75.0,75.0,75.0,0.0,0.0,26411000.0
2007-07-11,75.0,75.0,75.0,75.0,0.0,0.0,26411000.0
2007-07-12,75.0,75.0,75.0,75.0,0.0,0.0,26411000.0
2007-07-13,75.0,75.0,75.0,75.0,0.0,0.0,26411000.0
2007-07-16,75.0,75.0,75.0,75.0,0.0,0.0,26411000.0
2007-07-17,75.0,75.0,75.0,75.0,0.0,0.0,26411000.0
2007-07-18,75.0,75.0,75.0,75.0,0.0,0.0,26411000.0
2007-07-19,75.0,75.0,75.0,75.0,0.0,0.0,26411000.0
2007-07-20,75.0,75.0,75.0,75.0,0.0,0.0,26411000.0
2007-07-23,75.0,75.0,75.0,75.0,0.0,0.0,26411000.0
2007-07-24,75.0,75.0,75.0,75.0,0.0,0.0,26411000.0
2007-07-25,75.0,75.0,75.0,75.0,0.0,0.0,26411000.0
2007-07-26,75.0,75.0,75.0,75.0,0.0,0.0,26411000.0
2007-07-27,75.0,75.0,75.0,75.0,0.0,0.0,26411000.0
2007-07-30,75.0,75.0,75.0,75.0,0.0,0.0,26411000.0
2007-07-31,75.0,75.0,75.0,75.0,0.0,0.0,26411000.0
2007-08-01,75.0,75.0,75.0,75.0,0.0,0.0,26411000.0
2007-08-02,75.0,75.0,75.0,75.0,0.0,0.0,26411000.0
2007-08-03,75.0,75.0,75.0,75.0,0.0,0.0,26411000.0
2007-08-06,75.0,75.0,75.0,75.0,0.0,0.0,26411000.0
2007-08-07,75.0,75.0,75.0,75.0,0.0,0.0,26411000.0
2007-08-08,75.0,75.0,75.0,75.0,0.0,0.0,26411000.0
2007-08-09,75.0,75.0,75.0,75.0,0.0,0.0,26411000.0
2007-08-10,75.0,75.0,75.0,75.0,0.0,0.0,26411000.0
2007-08-13,75.0,75.0,75.0,75.0,0.0,0.0,26411000.0
2007-08-14,75.0,75.0,75.0,75.0,0.0,0.0,26411000.0
2007-08-15,75.0,75.0,75.0,75.0,0.0,0.0,26411000.0
2007-08-16,75.0,75.0,75.0,75.0,0.0,0.0,26411000.0
2007-08-17,75.0,75.0,75.0,75.0,0.0,0.0,26411000.0
2007-08-20,75.0,75.0,75.0,75.0,0.0,0.0,26411000.0
2007-08-21,75.0,75.0,75.0,75.0,0.0,0.0,26411000.0
2007-08-22,75.0,75.0,75.0,75.0,0.0,0.0,26411000.0
2007-08-23,75.0,75.0,75.0,75.0,0.0,0.0,26411000.0
2007-08-24,75.0,75.0,75.0,75.0,0.0,0.0,26411000.0
2007-08-27,75.0,75.0,75.0,75.0,0.0,0.0,26411000.0
2007-08-28,75.0,75.0,75.0,75.0,0.0,0.0,26411000.0
2007-08-29,75.0,75.0,75.0,75.0,0.0,0.0,26411000.0
2007-08-30,75.0,75.0,75.0,75.0,0.0,0.0,26411000.0
2007-08-31,75.0,75.0,75.0,75.0,0.0,0.0,26411000.0
2007-09-03,75.0,75.0,75.0,75.0,0.0,0.0,26411000.0
2007-09-04,75.0,75.0,75.0,75.0,0.0,0.0,26411000.0
2007-09-05,75.0,75.0,75.0,75.0,0.0,0.0,26411000.0
2007-09-06,75.0,75.0,75.0,75.0,0.0,0.0,26411000.0
2007-09-07,75.0,75.0,75.0,75.0,0.0,0.0,26411000.0
2007-09-10,75.0,75.0,75.0,75.0,0.0,0.0,26411000.0
2007-09-11,75.0,75.0,75.0,75.0,0.0,0.0,26411000.0
2007-09-12,75.0,75.0,75.0,75.0,0.0,0.0,26411000.0
2007-09-13,75.0,75.0,75.0,75.0,0.0,0.0,26411000.0
2007-09-14,75.0,75.0,75.0,75.0,0.0,0.0,26411000.0
2007-09-17,75.0,75.0,75.0,75.0,0.0,0.0,26411000.0
2007-09-18,75.0,75.0,75.0,75.0,0.0,0.0,26411000.0
2007-09-19,75.0,75.0,75.0,75.0,0.0,0.0,26411000.0
2007-09-20,75.0,75.0,75.0,75.0,0.0,0.0,26411000.0
2007-09-21,75.0,75.0,75.0,75.0,0.0,0.0,26411000.0
2007-09-24,75.0,75.0,75.0,75.0,0.0,0.0,26411000.0
2007-09-25,75.0,75.0,75.0,75.0,0.0,0.0,26411000.0
2007-09-26,75.0,75.0,75.0,75.0,0.0,0.0,26411000.0
2007-09-27,75.0,75.0,75.0,75.0,0.0,0.0,26411000.0
2007-09-28,75.0,75.0,75.0,75.0,0.0,0.0,26411000.0
2007-10-01,75.0,75.0,75.0,75.0,0.0,0.0,26411000.0
2007-10-02,75.0,75.0,75.0,75.0,0.0,0.0,26411000.0
2007-10-03,75.0,75.0,75.0,75.0,0.0,0.0,26411000.0
2007-10-04,75.0,75.0,75.0,75.0,0.0,0.0,26411000.0
2007-10-05,75.0,75.0,75.0,75.0,0.0,0.0,26411000.0
2007-10-08,75.0,75.0,75.0,75.0,0.0,0.0,26411000.0
2007-10-09,75.0,75.0,75.0,75.0,0.0,0.0,26411000.0
2007-10-10,75.0,75.0,75.0,75.0,0.0,0.0,26411000.0
2007-10-11,75.0,75.0,75.0,75.0,0.0,0.0,26411000.0
2007-10-12,75.0,75.0,75.0,75.0,0.0,0.0,26411000.0
2007-10-15,75.0,75.0,75.0,75.0,0.0,0.0,26411000.0
2007-10-16,75.0,75.0,75.0,75.0,0.0,0.0,26411000.0
2007-10-17,75.0,75.0,75.0,75.0,0.0,0.0,26411000.0
2007-10-18,75.0,75.0,75.0,75.0,0.0,0.0,26411000.0
2007-10-19,75.0,75.0,75.0,75.0,0.0,0.0,26411000.0
2007-10-22,75.0,75.0,75.0,75.0,0.0,0.0,26411000.0
2007-10-23,75.0,75.0,75.0,75.0,0.0,0.0,26411000.0
2007-10-24,75.0,75.0,75.0,75.0,0.0,0.0,26411000.0
2007-10-25,75.0,75.0,75.0,75.0,0.0,0.0,26411000.0
2007-10-26,75.0,75.0,75.0,75.0,0.0,0.0,26411000.0
2007-10-29,75.0,75.0,75.0,75.0,0.0,0.0,26411000.0
2007-10-30,75.0,75.0,75.0,75.0,0.0,0.0,26411000.0
2007-10-31,75.0,75.0,75.0,75.0,0.0,0.0,26411000.0
2007-11-01,75.0,75.0,75.0,75.0,0.0,0.0,26411000.0
2007-11-02,75.0,75.0,75.0,75.0,0.0,0.0,26411000.0
2007-11-05,75.0,75.0,75.0,75.0,0.0,0.0,26411000.0
2007-11-06,75.0,75.0,75.0,75.0,0.0,0.0,26411000.0
2007-11-07,75.0,75.0,75.0,75.0,0.0,0.0,26411000.0
2007-11-08,75.0,75.0,75.0,75.0,0.0,0.0,26411000.0
2007-11-09,75.0,75.0,75.0,75.0,0.0,0.0,26411000.0
2007-11-12,75.0,75.0,75.0,75.0,0.0,0.0,26411000.0
2007-11-13,75.0,75.0,75.0,75.0,0.0,0.0,26411000.0
2007-11-14,75.0,75.0,75.0,75.0,0.0,0.0,26411000.0
2007-11-15,75.0,75.0,75.0,75.0,0.0,0.0,26411000.0
2007-11-16,75.0,75.0,75.0,75.0,0.0,0.0,26411000.0
2007-11-19,75.0,75.0,75.0,75.0,0.0,0.0,26411000.0
2007-11-20,75.0,75.0,75.0,75.0,0.0,0.0,26411000.0
2007-11-21,75.0,75.0,75.0,75.0,0.0,0.0,26411000.0
2007-11-22,75.0,75.0,75.0,75.0,0.0,0.0,26411000.0
2007-11-23,75.0,75.0,75.0,75.0,0.0,0.0,26411000.0
2007-11-26,75.0,75.0,75.0,75.0,0.0,0.0,26411000.0
2007-11-27,75.0,75.0,75.0,75.0,0.0,0.0,26411000.0
2007-11-28,75.0,75.0,75.0,75.0,0.0,0.0,26411000.0
2007-11-29,75.0,75.0,75.0,75.0,0.0,0.0,26411000.0
2007-11-30,75.0,75.0,75.0,75.0,0.0,0.0,26411000.0
2007-12-03,75.0,75.0,75.0,75.0,0.0,0.0,26411000.0
2007-12-04,75.0,75.0,75.0,75.0,0.0,0.0,26411000.0
2007-12-05,75.0,75.0,75.0,75.0,0.0,0.0,26411000.0
2007-12-06,75.0,75.0,75.0,75.0,0.0,0.0,26411000.0
2007-12-07,75.0,75.0,75.0,75.0,0.0,0.0,26411000.0
2007-12-10,75.0,75.0,75.0,75.0,0.0,0.0,26411000.0
2007-12-11,75.0,75.0,75.0,75.0,0.0,0.0,26411000.0
2007-12-12,75.0,75.0,75.0,75.0,0.0,0.0,26411000.0
2007-12-13,75.0,75.0,75.0,75.0,0.0,0.0,26411000.0
2007-12-14,75.0,75.0,75.0,75.0,0.0,0.0,26411000.0
2007-12-17,75.0,75.0,75.0,75.0,0.0,0.0,26411000.0
2007-12-18,75.0,75.0,75.0,75.0,0.0,0.0,26411000.0
2007-12-19,75.0,75.0,75.0,75.0,0.0,0.0,26411000.0
2007-12-20,75.0,75.0,75.0,75.0,0.0,0.0,26411000.0
2007-12-21,75.0,75.0,75.0,75.0,0.0,0.0,26411000.0
2007-12-24,75.0,75.0,75.0,75.0,0.0,0.0,26411000.0
2007-12-25,75.0,75.0,75.0,75.0,0.0,0.0,26411000.0
2007-12-26,75.0,75.0,75.0,75.0,0.0,0.0,26411000.0
2007-12-27,75.0,75.0,75.0,75.0,0.0,0.0,26411000.0
2007-12-28,75.0,75.0,75.0,75.0,0.0,0.0,26411000.0
2007-12-31,75.0,75.0,75.0,75.0,0.0,0.0,26411000.0
2008-01-01,75.0,75.0,75.0,75.0,0.0,0.0,26411000.0
2008-01-02,75.0,75.0,75.0,75.0,0.0,0.0,26411000.0
2008-01-03,75.0,75.0,75.0,75.0,0.0,0.0,26411000.0
2008-01-04,75.0,75.0,75.0,75.0,0.0,0.0,26411000.0
2008-01-07,75.0,75.0,75.0,75.0,0.0,0.0,26411000.0
2008-01-08,75.0,75.0,75.0,75.0,0.0,0.0,26411000.0
2008-01-09,75.0,75.0,75.0,75.0,0.0,0.0,26411000.0
2008-01-10,75.0,75.0,75.0,75.0,0.0,0.0,26411000.0
2008-01-11,75.0,75.0,75.0,75.0,0.0,0.0,26411000.0
2008-01-14,75.0,75.0,75.0,75.0,0.0,0.0,26411000.0
2008-01-15,75.0,75.0,75.0,75.0,0.0,0.0,26411000.0
2008-01-16,75.0,75.0,75.0,75.0,0.0,0.0,26411000.0
2008-01-17,75.0,75.0,75.0,75.0,0.0,0.0,26411000.0
2008-01-18,75.0,75.0,75.0,75.0,0.0,0.0,26411000.0
2008-01-21,75.0,75.0,75.0,75.0,0.0,0.0,26411000.0
2008-01-22,75.0,75.0,75.0,75.0,0.0,0.0,26411000.0
2008-01-23,75.0,75.0,75.0,75.0,0.0,0.0,26411000.0
2008-01-24,75.0,75.0,75.0,75.0,0.0,0.0,26411000.0
2008-01-25,75.0,75.0,75.0,75.0,0.0,0.0,26411000.0
2008-01-28,75.0,75.0,75.0,75.0,0.0,0.0,26411000.0
2008-01-29,75.0,75.0,75.0,75.0,0.0,0.0,26411000.0
2008-01-30,75.0,75.0,75.0,75.0,0.0,0.0,26411000.0
2008-01-31,75.0,75.0,75.0,75.0,0.0,0.0,26411000.0
2008-02-01,75.0,75.0,75.0,75.0,0.0,0.0,26411000.0
2008-02-04,75.0,75.0,75.0,75.0,0.0,0.0,26411000.0
2008-02-05,75.0,75.0,75.0,75.0,0.0,0.0,26411000.0
2008-02-06,75.0,75.0,75.0,75.0,0.0,0.0,26411000.0
2008-02-07,75.0,75.0,75.0,75.0,0.0,0.0,26411000.0
2008-02-08,75.0,75.0,75.0,75.0,0.0,0.0,26411000.0
2008-02-11,75.0,75.0,75.0,75.0,0.0,0.0,26411000.0
2008-02-12,75.0,75.0,75.0,75.0,0.0,0.0,26411000.0
2008-02-13,75.0,75.0,75.0,75.0,0.0,0.0,26411000.0
2008-02-14,75.0,75.0,75.0,75.0,0.0,0.0,26411000.0
2008-02-15,75.0,75.0,75.0,75.0,0.0,0.0,26411000.0
2008-02-18,75.0,75.0,75.0,75.0,0.0,0.0,26411000.0
2008-02-19,75.0,75.0,75.0,75.0,0.0,0.0,26411000.0
2008-02-20,75.0,75.0,75.0,75.0,0.0,0.0,26411000.0
2008-02-21,75.0,75.0,75.0,75.0,0.0,0.0,26411000.0
2008-02-22,75.0,75.0,75.0,75.0,0.0,0.0,26411000.0
2008-02-25,75.0,75.0,75.0,75.0,0.0,0.0,26411000.0
2008-02-26,75.0,75.0,75.0,75.0,0.0,0.0,26411000.0
2008-02-27,75.0,75.0,75.0,75.0,0.0,0.0,26411000.0
2008-02-28,75.0,75.0,75.0,75.0,0.0,0.0,26411000.0
2008-02-29,75.0,75.0,75.0,75.0,0.0,0.0,26411000.0
2008-03-03,75.0,75.0,75.0,75.0,0.0,0.0,26411000.0
2008-03-04,75.0,75.0,75.0,75.0,0.0,0.0,26411000.0
2008-03-05,75.0,75.0,75.0,75.0,0.0,0.0,26411000.0
2008-03-06,75.0,75.0,75.0,75.0,0.0,0.0,26411000.0
2008-03-07,75.0,75.0,75.0,75.0,0.0,0.0,26411000.0
2008-03-10,75.0,75.0,75.0,75.0,0.0,0.0,26411000.0
2008-03-11,75.0,75.0,75.0,75.0,0.0,0.0,26411000.0
2008-03-12,75.0,75.0,75.0,75.0,0.0,0.0,26411000.0
2008-03-13,75.0,75.0,75.0,75.0,0.0,0.0,26411000.0
2008-03-14,75.0,75.0,75.0,75.0,0.0,0.0,26411000.0
2008-03-17,75.0,75.0,75.0,75.0,0.0,0.0,26411000.0
2008-03-18,75.0,75.0,75.0,75.0,0.0,0.0,26411000.0
2008-03-19,75.0,75.0,75.0,75.0,0.0,0.0,26411000.0
2008-03-20,75.0,75.0,75.0,75.0,0.0,0.0,26411000.0
2008-03-21,75.0,75.0,75.0,75.0,0.0,0.0,26411000.0
2008-03-24,75.0,75.0,75.0,75.0,0.0,0.0,26411000.0
2008-03-25,75.0,75.0,75.0,75.0,0.0,0.0,26411000.0
2008-03-26,75.0,75.0,75.0,75.0,0.0,0.0,26411000.0
2008-03-27,75.0,75.0,75.0,75.0,0.0,0.0,26411000.0
2008-03-28,75.0,75.0,75.0,75.0,0.0,0.0,26411000.0
2008-03-31,75.0,75.0,75.0,75.0,0.0,0.0,26411000.0
2008-04-01,75.0,75.0,75.0,75.0,0.0,0.0,26411000.0
2008-04-02,75.0,75.0,75.0,75.0,0.0,0.0,26411000.0
2008-04-03,75.0,75.0,75.0,75.0,0.0,0.0,26411000.0
2008-04-04,75.0,75.0,75.0,75.0,0.0,0.0,26411000.0
2008-04-07,75.0,75.0,75.0,75.0,0.0,0.0,26411000.0
2008-04-08,75.0,75.0,75.0,75.0,0.0,0.0,26411000.0
2008-04-09,75.0,75.0,75.0,75.0,0.0,0.0,26411000.0
2008-04-10,75.0,75.0,75.0,75.0,0.0,0.0,26411000.0
2008-04-11,75.0,75.0,75.0,75.0,0.0,0.0,26411000.0
2008-04-14,75.0,75.0,75.0,75.0,0.0,0.0,26411000.0
2008-04-15,75.0,75.0,75.0,75.0,0.0,0.0,26411000.0
2008-04-16,75.0,75.0,75.0,75.0,0.0,0.0,26411000.0
2008-04-17,75.0,75.0,75.0,75.0,0.0,0.0,26411000.0
2008-04-18,75.0,75.0,75.0,75.0,0.0,0.0,26411000.0
2008-04-21,75.0,75.0,75.0,75.0,0.0,0.0,26411000.0
2008-04-22,75.0,75.0,75.0,75.0,0.0,0.0,26411000.0
2008-04-23,75.0,75.0,75.0,75.0,0.0,0.0,26411000.0
2008-04-24,75.0,75.0,75.0,75.0,0.0,0.0,26411000.0
2008-04-25,75.0,75.0,75.0,75.0,0.0,0.0,26411000.0
2008-04-28,75.0,75.0,75.0,75.0,0.0,0.0,26411000.0
2008-04-29,75.0,75.0,75.0,75.0,0.0,0.0,26411000.0
2008-04-30,75.0,75.0,75.0,75.0,0.0,0.0,26411000.0
2008-05-01,75.0,75.0,75.0,75.0,0.0,0.0,26411000.0
2008-05-02,75.0,75.0,75.0,75.0,0.0,0.0,26411000.0
2008-05-05,75.0,75.0,75.0,75.0,0.0,0.0,26411000.0
2008-05-06,75.0,75.0,75.0,75.0,0.0,0.0,26411000.0
2008-05-07,75.0,75.0,75.0,75.0,0.0,0.0,26411000.0
2008-05-08,75.0,75.0,75.0,75.0,0.0,0.0,26411000.0
2008-05-09,75.0,75.0,75.0,75.0,0.0,0.0,26411000.0
2008-05-12,75.0,75.0,75.0,75.0,0.0,0.0,26411000.0
2008-05-13,75.0,75.0,75.0,75.0,0.0,0.0,26411000.0
2008-05-14,75.0,75.0,75.0,75.0,0.0,0.0,26411000.0
2008-05-15,75.0,75.0,75.0,75.0,0.0,0.0,26411000.0
2008-05-16,75.0,75.0,75.0,75.0,0.0,0.0,26411000.0
2008-05-19,75.0,75.0,75.0,75.0,0.0,0.0,26411000.0
2008-05-20,75.0,75.0,75.0,75.0,0.0,0.0,26411000.0
2008-05-21,75.0,75.0,75.0,75.0,0.0,0.0,26411000.0
2008-05-22,75.0,75.0,75.0,75.0,0.0,0.0,26411000.0
2008-05-23,75.0,75.0,75.0,75.0,0.0,0.0,26411000.0
2008-05-26,75.0,75.0,75.0,75.0,0.0,0.0,26411000.0
2008-05-27,75.0,75.0,75.0,75.0,0.0,0.0,26411000.0
2008-05-28,75.0,75.0,75.0,75.0,0.0,0.0,26411000.0
2008-05-29,75.0,75.0,75.0,75.0,0.0,0.0,26411000.0
2008-05-30,75.0,75.0,75.0,75.0,0.0,0.0,26411000.0
2008-06-02,75.0,75.0,75.0,75.0,0.0,0.0,26411000.0
2008-06-03,75.0,75.0,75.0,75.0,0.0,0.0,26411000.0
2008-06-04,75.0,75.0,75.0,75.0,0.0,0.0,26411000.0
2008-06-05,75.0,75.0,75.0,75.0,0.0,0.0,26411000.0
2008-06-06,75.0,75.0,75.0,75.0,0.0,0.0,26411000.0
2008-06-09,75.0,75.0,75.0,75.0,0.0,0.0,26411000.0
2008-06-10,75.0,75.0,75.0,75.0,0.0,0.0,26411000.0
2008-06-11,75.0,75.0,75.0,75.0,0.0,0.0,26411000.0
2008-06-12,75.0,75.0,75.0,75.0,0.0,0.0,26411000.0
2008-06-13,75.0,75.0,75.0,75.0,0.0,0.0,26411000.0
2008-06-16,75.0,75.0,75.0,75.0,0.0,0.0,26411000.0
2008-06-17,75.0,75.0,75.0,75.0,0.0,0.0,26411000.0
2008-06-18,75.0,75.0,75.0,75.0,0.0,0.0,26411000.0
2008-06-19,75.0,75.0,75.0,75.0,0.0,0.0,26411000.0
2008-06-20,75.0,75.0,75.0,75.0,0.0,0.0,26411000.0
2008-06-23,75.0,75.0,75.0,75.0,0.0,0.0,26411000.0
2008-06-24,75.0,75.0,75.0,75.0,0.0,0.0,26411000.0
2008-06-25,75.0,75.0,75.0,75.0,0.0,0.0,26411000.0
2008-06-26,75.0,75.0,75.0,75.0,0.0,0.0,26411000.0
2008-06-27,75.0,75.0,75.0,75.0,0.0,0.0,26411000.0
2008-06-30,75.0,75.0,75.0,75.0,0.0,0.0,26411000.0
2008-07-01,75.0,75.0,75.0,75.0,0.0,0.0,26411000.0
2008-07-02,75.0,75.0,75.0,75.0,0.0,0.0,26411000.0
2008-07-03,75.0,75.0,75.0,75.0,0.0,0.0,26411000.0
2008-07-04,75.0,75.0,75.0,75.0,0.0,0.0,26411000.0
2008-07-07,75.0,75.0,75.0,75.0,0.0,0.0,26411000.0
2008-07-08,75.0,75.0,75.0,75.0,0.0,0.0,26411000.0
2008-07-09,75.0,75.0,75.0,75.0,0.0,0.0,26411000.0
2008-07-10,75.0,75.0,75.0,75.0,0.0,0.0,26411000.0
2008-07-11,75.0,75.0,75.0,75.0,0.0,0.0,26411000.0
2008-07-14,75.0,75.0,75.0,75.0,0.0,0.0,26411000.0
2008-07-15,75.0,75.0,75.0,75.0,0.0,0.0,26411000.0
2008-07-16,75.0,75.0,75.0,75.0,0.0,0.0,26411000.0
2008-07-17,75.0,75.0,75.0,75.0,0.0,0.0,26411000.0
2008-07-18,75.0,75.0,75.0,75.0,0.0,0.0,26411000.0
2008-07-21,75.0,75.0,75.0,75.0,0.0,0.0,26411000.0
2008-07-22,75.0,75.0,75.0,75.0,0.0,0.0,26411000.0
2008-07-23,75.0,75.0,75.0,75.0,0.0,0.0,26411000.0
2008-07-24,75.0,75.0,75.0,75.0,0.0,0.0,26411000.0
2008-07-25,75.0,75.0,75.0,75.0,0.0,0.0,26411000.0
2008-07-28,75.0,75.0,75.0,75.0,0.0,0.0,26411000.0
2008-07-29,75.0,75.0,75.0,75.0,0.0,0.0,26411000.0
2008-07-30,75.0,75.0,75.0,75.0,0.0,0.0,26411000.0
2008-07-31,75.0,75.0,75.0,75.0,0.0,0.0,26411000.0
2008-08-01,75.0,75.0,75.0,75.0,0.0,0.0,26411000.0
2008-08-04,75.0,75.0,75.0,75.0,0.0,0.0,26411000.0
2008-08-05,75.0,75.0,75.0,75.0,0.0,0.0,26411000.0
2008-08-06,75.0,75.0,75.0,75.0,0.0,0.0,26411000.0
2008-08-07,75.0,75.0,75.0,75.0,0.0,0.0,26411000.0
2008-08-08,75.0,75.0,75.0,75.0,0.0,0.0,26411000.0
2008-08-11,75.0,75.0,75.0,75.0,0.0,0.0,26411000.0
2008-08-12,75.0,75.0,75.0,75.0,0.0,0.0,26411000.0
2008-08-13,75.0,75.0,75.0,75.0,0.0,0.0,26411000.0
2008-08-14,75.0,75.0,75.0,75.0,0.0,0.0,26411000.0
2008-08-15,75.0,75.0,75.0,75.0,0.0,0.0,26411000.0
2008-08-18,75.0,75.0,75.0,75.0,0.0,0.0,26411000.0
2008-08-19,75.0,75.0,75.0,75.0,0.0,0.0,26411000.0
2008-08-20,75.0,75.0,75.0,75.0,0.0,0.0,26411000.0
2008-08-21,75.0,75.0,75.0,75.0,0.0,0.0,26411000.0
2008-08-22,75.0,75.0,75.0,75.0,0.0,0.0,26411000.0
2008-08-25,75.0,75.0,75.0,75.0,0.0,0.0,26411000.0
2008-08-26,75.0,75.0,75.0,75.0,0.0,0.0,26411000.0
2008-08-27,75.0,75.0,75.0,75.0,0.0,0.0,26411000.0
2008-08-28,75.0,75.0,75.0,75.0,0.0,0.0,26411000.0
2008-08-29,75.0,75.0,75.0,75.0,0.0,0.0,26411000.0
2008-09-01,75.0,75.0,75.0,75.0,0.0,0.0,26411000.0
2008-09-02,75.0,75.0,75.0,75.0,0.0,0.0,26411000.0
2008-09-03,75.0,75.0,75.0,75.0,0.0,0.0,26411000.0
2008-09-04,75.0,75.0,75.0,75.0,0.0,0.0,26411000.0
2008-09-05,75.0,75.0,75.0,75.0,0.0,0.0,26411000.0
2008-09-08,75.0,75.0,75.0,75.0,0.0,0.0,26411000.0
2008-09-09,75.0,75.0,75.0,75.0,0.0,0.0,26411000.0
2008-09-10,75.0,75.0,75.0,75.0,0.0,0.0,26411000.0
2008-09-11,75.0,75.0,75.0,75.0,0.0,0.0,26411000.0
2008-09-12,75.0,75.0,75.0,75.0,0.0,0.0,26411000.0
2008-09-15,75.0,75.0,75.0,75.0,0.0,0.0,26411000.0
2008-09-16,75.0,75.0,75.0,75.0,0.0,0.0,26411000.0
2008-09-17,75.0,75.0,75.0,75.0,0.0,0.0,26411000.0
2008-09-18,75.0,75.0,75.0,75.0,0.0,0.0,26411000.0
2008-09-19,75.0,75.0,75.0,75.0,0.0,0.0,26411000.0
2008-09-22,75.0,75.0,75.0,75.0,0.0,0.0,26411000.0
2008-09-23,75.0,75.0,75.0,75.0,0.0,0.0,26411000.0
2008-09-24,75.0,75.0,75.0,75.0,0.0,0.0,26411000.0
2008-09-25,75.0,75.0,75.0,75.0,0.0,0.0,26411000.0
2008-09-26,75.0,75.0,75.0,75.0,0.0,0.0,26411000.0
2008-09-29,75.0,75.0,75.0,75.0,0.0,0.0,26411000.0
2008-09-30,75.0,75.0,75.0,75.0,0.0,0.0,26411000.0
2008-10-01,75.0,75.0,75.0,75.0,0.0,0.0,26411000.0
2008-10-02,75.0,75.0,75.0,75.0,0.0,0.0,26411000.0
2008-10-03,75.0,75.0,75.0,75.0,0.0,0.0,26411000.0
2008-10-06,75.0,75.0,75.0,75.0,0.0,0.0,26411000.0
2008-10-07,75.0,75.0,75.0,75.0,0.0,0.0,26411000.0
2008-10-08,75.0,75.0,75.0,75.0,0.0,0.0,26411000.0
2008-10-09,75.0,75.0,75.0,75.0,0.0,0.0,26411000.0
2008-10-10,75.0,75.0,75.0,75.0,0.0,0.0,26411000.0
2008-10-13,75.0,75.0,75.0,75.0,0.0,0.0,26411000.0
2008-10-14,75.0,75.0,75.0,75.0,0.0,0.0,26411000.0
2008-10-15,75.0,75.0,75.0,75.0,0.0,0.0,26411000.0
2008-10-16,75.0,75.0,75.0,75.0,0.0,0.0,26411000.0
2008-10-17,75.0,75.0,75.0,75.0,0.0,0.0,26411000.0
2008-10-20,75.0,75.0,75.0,75.0,0.0,0.0,26411000.0
2008-10-21,75.0,75.0,75.0,75.0,0.0,0.0,26411000.0
2008-10-22,75.0,75.0,75.0,75.0,0.0,0.0,26411000.0
2008-10-23,75.0,75.0,75.0,75.0,0.0,0.0,26411000.0
2008-10-24,75.0,75.0,75.0,75.0,0.0,0.0,26411000.0
2008-10-27,75.0,75.0,75.0,75.0,0.0,0.0,26411000.0
2008-10-28,75.0,75.0,75.0,75.0,0.0,0.0,26411000.0
2008-10-29,75.0,75.0,75.0,75.0,0.0,0.0,26411000.0
2008-10-30,75.0,75.0,75.0,75.0,0.0,0.0,26411000.0
2008-10-31,75.0,75.0,75.0,75.0,0.0,0.0,26411000.0
2008-11-03,75.0,75.0,75.0,75.0,0.0,0.0,26411000.0
2008-11-04,75.0,75.0,75.0,75.0,0.0,0.0,26411000.0
2008-11-05,75.0,75.0,75.0,75.0,0.0,0.0,26411000.0
2008-11-06,75.0,75.0,75.0,75.0,0.0,0.0,26411000.0
2008-11-07,75.0,75.0,75.0,75.0,0.0,0.0,26411000.0
2008-11-10,75.0,75.0,75.0,75.0,0.0,0.0,26411000.0
2008-11-11,75.0,75.0,75.0,75.0,0.0,0.0,26411000.0
2008-11-12,75.0,75.0,75.0,75.0,0.0,0.0,26411000.0
2008-11-13,75.0,75.0,75.0,75.0,0.0,0.0,26411000.0
2008-11-14,75.0,75.0,75.0,75.0,0.0,0.0,26411000.0
2008-11-17,75.0,75.0,75.0,75.0,0.0,0.0,26411000.0
2008-11-18,75.0,75.0,75.0,75.0,0.0,0.0,26411000.0
2008-11-19,75.0,75.0,75.0,75.0,0.0,0.0,26411000.0
2008-11-20,75.0,75.0,75.0,75.0,0.0,0.0,26411000.0
2008-11-21,75.0,75.0,75.0,75.0,0.0,0.0,26411000.0
2008-11-24,75.0,75.0,75.0,75.0,0.0,0.0,26411000.0
2008-11-25,75.0,75.0,75.0,75.0,0.0,0.0,26411000.0
2008-11-26,75.0,75.0,75.0,75.0,0.0,0.0,26411000.0
2008-11-27,75.0,75.0,75.0,75.0,0.0,0.0,26411000.0
2008-11-28,75.0,75.0,75.0,75.0,0.0,0.0,26411000.0
2008-12-01,75.0,75.0,75.0,75.0,0.0,0.0,26411000.0
2008-12-02,75.0,75.0,75.0,75.0,0.0,0.0,26411000.0
2008-12-03,75.0,75.0,75.0,75.0,0.0,0.0,26411000.0
2008-12-04,75.0,75.0,75.0,75.0,0.0,0.0,26411000.0
2008-12-05,75.0,75.0,75.0,75.0,0.0,0.0,26411000.0
2008-12-08,75.0,75.0,75.0,75.0,0.0,0.0,26411000.0
2008-12-09,75.0,75.0,75.0,75.0,0.0,0.0,26411000.0
2008-12-10,75.0,75.0,75.0,75.0,0.0,0.0,26411000.0
2008-12-11,75.0,75.0,75.0,75.0,0.0,0.0,26411000.0
2008-12-12,75.0,75.0,75.0,75.0,0.0,0.0,26411000.0
2008-12-15,75.0,75.0,75.0,75.0,0.0,0.0,26411000.0
2008-12-16,75.0,75.0,75.0,75.0,0.0,0.0,26411000.0
2008-12-17,75.0,75.0,75.0,75.0,0.0,0.0,26411000.0
2008-12-18,75.0,75.0,75.0,75.0,0.0,0.0,26411000.0
2008-12-19,75.0,75.0,75.0,75.0,0.0,0.0,26411000.0
2008-12-22,75.0,75.0,75.0,75.0,0.0,0.0,26411000.0
2008-12-23,75.0,75.0,75.0,75.0,0.0,0.0,26411000.0
2008-12-24,75.0,75.0,75.0,75.0,0.0,0.0,26411000.0
2008-12-25,75.0,75.0,75.0,75.0,0.0,0.0,26411000.0
2008-12-26,75.0,75.0,75.0,75.0,0.0,0.0,26411000.0
2008-12-29,75.0,75.0,75.0,75.0,0.0,0.0,26411000.0
2008-12-30,75.0,75.0,75.0,75.0,0.0,0.0,26411000.0
2008-12-31,75.0,75.0,75.0,75.0,0.0,0.0,26411000.0
2009-01-01,75.0,75.0,75.0,75.0,0.0,0.0,26411000.0
2009-01-02,75.0,75.0,75.0,75.0,0.0,0.0,26411000.0
2009-01-05,75.0,75.0,75.0,75.0,0.0,0.0,26411000.0
2009-01-06,75.0,75.0,75.0,75.0,0.0,0.0,26411000.0
2009-01-07,75.0,75.0,75.0,75.0,0.0,0.0,26411000.0
2009-01-08,75.0,75.0,75.0,75.0,0.0,0.0,26411000.0
2009-01-09,75.0,75.0,75.0,75.0,0.0,0.0,26411000.0
2009-01-12,75.0,75.0,75.0,75.0,0.0,0.0,26411000.0
2009-01-13,75.0,75.0,75.0,75.0,0.0,0.0,26411000.0
2009-01-14,75.0,75.0,75.0,75.0,0.0,0.0,26411000.0
2009-01-15,75.0,75.0,75.0,75.0,0.0,0.0,26411000.0
2009-01-16,75.0,75.0,75.0,75.0,0.0,0.0,26411000.0
2009-01-19,75.0,75.0,75.0,75.0,0.0,0.0,26411000.0
2009-01-20,75.0,75.0,75.0,75.0,0.0,0.0,26411000.0
2009-01-21,75.0,75.0,75.0,75.0,0.0,0.0,26411000.0
2009-01-22,75.0,75.0,75.0,75.0,0.0,0.0,26411000.0
2009-01-23,75.0,75.0,75.0,75.0,0.0,0.0,26411000.0
2009-01-26,75.0,75.0,75.0,75.0,0.0,0.0,26411000.0
2009-01-27,75.0,75.0,75.0,75.0,0.0,0.0,26411000.0
2009-01-28,75.0,75.0,75.0,75.0,0.0,0.0,26411000.0
2009-01-29,75.0,75.0,75.0,75.0,0.0,0.0,26411000.0
2009-01-30,75.0,75.0,75.0,75.0,0.0,0.0,26411000.0
2009-02-02,75.0,75.0,75.0,75.0,0.0,0.0,26411000.0
2009-02-03,75.0,75.0,75.0,75.0,0.0,0.0,26411000.0
2009-02-04,75.0,75.0,75.0,75.0,0.0,0.0,26411000.0
2009-02-05,75.0,75.0,75.0,75.0,0.0,0.0,26411000.0
2009-02-06,75.0,75.0,75.0,75.0,0.0,0.0,26411000.0
2009-02-09,75.0,75.0,75.0,75.0,0.0,0.0,26411000.0
2009-02-10,75.0,75.0,75.0,75.0,0.0,0.0,26411000.0
2009-02-11,75.0,75.0,75.0,75.0,0.0,0.0,26411000.0
2009-02-12,75.0,75.0,75.0,75.0,0.0,0.0,26411000.0
2009-02-13,75.0,75.0,75.0,75.0,0.0,0.0,26411000.0
2009-02-16,75.0,75.0,75.0,75.0,0.0,0.0,26411000.0
2009-02-17,75.0,75.0,75.0,75.0,0.0,0.0,26411000.0
2009-02-18,75.0,75.0,75.0,75.0,0.0,0.0,26411000.0
2009-02-19,75.0,75.0,75.0,75.0,0.0,0.0,26411000.0
2009-02-20,75.0,75.0,75.0,75.0,0.0,0.0,26411000.0
2009-02-23,75.0,75.0,75.0,75.0,0.0,0.0,26411000.0
2009-02-24,75.0,75.0,75.0,75.0,0.0,0.0,26411000.0
2009-02-25,75.0,75.0,75.0,75.0,0.0,0.0,26411000.0
2009-02-26,75.0,75.0,75.0,75.0,0.0,0.0,26411000.0
2009-02-27,75.0,75.0,75.0,75.0,0.0,0.0,26411000.0
2009-03-02,75.0,75.0,75.0,75.0,0.0,0.0,26411000.0
2009-03-03,75.0,75.0,75.0,75.0,0.0,0.0,26411000.0
2009-03-04,75.0,75.0,75.0,75.0,0.0,0.0,26411000.0
2009-03-05,75.0,75.0,75.0,75.0,0.0,0.0,26411000.0
2009-03-06,75.0,75.0,75.0,75.0,0.0,0.0,26411000.0
2009-03-09,75.0,75.0,75.0,75.0,0.0,0.0,26411000.0
2009-03-10,75.0,75.0,75.0,75.0,0.0,0.0,26411000.0
2009-03-11,75.0,75.0,75.0,75.0,0.0,0.0,26411000.0
2009-03-12,75.0,75.0,75.0,75.0,0.0,0.0,26411000.0
2009-03-13,75.0,75.0,75.0,75.0,0.0,0.0,26411000.0
2009-03-16,75.0,75.0,75.0,75.0,0.0,0.0,26411000.0
2009-03-17,75.0,75.0,75.0,75.0,0.0,0.0,26411000.0
2009-03-18,75.0,75.0,75.0,75.0,0.0,0.0,26411000.0
2009-03-19,75.0,75.0,75.0,75.0,0.0,0.0,26411000.0
2009-03-20,75.0,75.0,75.0,75.0,0.0,0.0,26411000.0
2009-03-23,75.0,75.0,75.0,75.0,0.0,0.0,26411000.0
2009-03-24,75.0,75.0,75.0,75.0,0.0,0.0,26411000.0
2009-03-25,75.0,75.0,75.0,75.0,0.0,0.0,26411000.0
2009-03-26,75.0,75.0,75.0,75.0,0.0,0.0,26411000.0
2009-03-27,75.0,75.0,75.0,75.0,0.0,0.0,26411000.0
2009-03-29,75.0,75.0,75.0,75.0,0.0,0.0,26411000.0
2009-03-30,75.0,75.0,75.0,75.0,0.0,0.0,26411000.0
2009-03-31,75.0,75.0,75.0,75.0,0.0,0.0,26411000.0
2009-04-01,75.0,75.0,75.0,75.0,0.0,0.0,26411000.0
2009-04-02,75.0,75.0,75.0,75.0,0.0,0.0,26411000.0
2009-04-03,75.0,75.0,75.0,75.0,0.0,0.0,26411000.0
2009-04-06,75.0,75.0,75.0,75.0,0.0,0.0,26411000.0
2009-04-07,75.0,75.0,75.0,75.0,0.0,0.0,26411000.0
2009-04-08,75.0,75.0,75.0,75.0,0.0,0.0,26411000.0
2009-04-09,75.0,75.0,75.0,75.0,0.0,0.0,26411000.0
2009-04-10,75.0,75.0,75.0,75.0,0.0,0.0,26411000.0
2009-04-13,75.0,75.0,75.0,75.0,0.0,0.0,26411000.0
2009-04-14,75.0,75.0,75.0,75.0,0.0,0.0,26411000.0
2009-04-15,75.0,75.0,75.0,75.0,0.0,0.0,26411000.0
2009-04-16,75.0,75.0,75.0,75.0,0.0,0.0,26411000.0
2009-04-17,75.0,75.0,75.0,75.0,0.0,0.0,26411000.0
2009-04-20,75.0,75.0,75.0,75.0,0.0,0.0,26411000.0
2009-04-21,75.0,75.0,75.0,75.0,0.0,0.0,26411000.0
2009-04-22,75.0,75.0,75.0,75.0,0.0,0.0,26411000.0
2009-04-23,75.0,75.0,75.0,75.0,0.0,0.0,26411000.0
2009-04-24,75.0,75.0,75.0,75.0,0.0,0.0,26411000.0
2009-04-27,75.0,75.0,75.0,75.0,0.0,0.0,26411000.0
2009-04-28,75.0,75.0,75.0,75.0,0.0,0.0,26411000.0
2009-04-29,75.0,75.0,75.0,75.0,0.0,0.0,26411000.0
2009-04-30,75.0,75.0,75.0,75.0,0.0,0.0,26411000.0
2009-05-01,75.0,75.0,75.0,75.0,0.0,0.0,26411000.0
2009-05-04,75.0,75.0,75.0,75.0,0.0,0.0,26411000.0
2009-05-05,75.0,75.0,75.0,75.0,0.0,0.0,26411000.0
2009-05-06,75.0,75.0,75.0,75.0,0.0,0.0,26411000.0
2009-05-07,75.0,75.0,75.0,75.0,0.0,0.0,26411000.0
2009-05-08,75.0,75.0,75.0,75.0,0.0,0.0,26411000.0
2009-05-11,75.0,75.0,75.0,75.0,0.0,0.0,26411000.0
2009-05-12,75.0,75.0,75.0,75.0,0.0,0.0,26411000.0
2009-05-13,75.0,75.0,75.0,75.0,0.0,0.0,26411000.0
2009-05-14,75.0,75.0,75.0,75.0,0.0,0.0,26411000.0
2009-05-15,75.0,75.0,75.0,75.0,0.0,0.0,26411000.0
2009-05-18,75.0,75.0,75.0,75.0,0.0,0.0,26411000.0
2009-05-19,75.0,75.0,75.0,75.0,0.0,0.0,26411000.0
2009-05-20,75.0,75.0,75.0,75.0,0.0,0.0,26411000.0
2009-05-21,75.0,75.0,75.0,75.0,0.0,0.0,26411000.0
2009-05-22,75.0,75.0,75.0,75.0,0.0,0.0,26411000.0
2009-05-25,75.0,75.0,75.0,75.0,0.0,0.0,26411000.0
2009-05-26,75.0,75.0,75.0,75.0,0.0,0.0,26411000.0
2009-05-27,75.0,75.0,75.0,75.0,0.0,0.0,26411000.0
2009-05-28,75.0,75.0,75.0,75.0,0.0,0.0,26411000.0
2009-05-29,75.0,75.0,75.0,75.0,0.0,0.0,26411000.0
2009-06-01,75.0,75.0,75.0,75.0,0.0,0.0,26411000.0
2009-06-02,75.0,75.0,75.0,75.0,0.0,0.0,26411000.0
2009-06-03,75.0,75.0,75.0,75.0,0.0,0.0,26411000.0
2009-06-04,75.0,75.0,75.0,75.0,0.0,0.0,26411000.0
2009-06-05,75.0,75.0,75.0,75.0,0.0,0.0,26411000.0
2009-06-08,75.0,75.0,75.0,75.0,0.0,0.0,26411000.0
2009-06-09,75.0,75.0,75.0,75.0,0.0,0.0,26411000.0
2009-06-10,75.0,75.0,75.0,75.0,0.0,0.0,26411000.0
2009-06-11,75.0,75.0,75.0,75.0,0.0,0.0,26411000.0
2009-06-12,75.0,75.0,75.0,75.0,0.0,0.0,26411000.0
2009-06-15,75.0,75.0,75.0,75.0,0.0,0.0,26411000.0
2009-06-16,75.0,75.0,75.0,75.0,0.0,0.0,26411000.0
2009-06-17,75.0,75.0,75.0,75.0,0.0,0.0,26411000.0
2009-06-18,75.0,75.0,75.0,75.0,0.0,0.0,26411000.0
2009-06-19,75.0,75.0,75.0,75.0,0.0,0.0,26411000.0
2009-06-22,75.0,75.0,75.0,75.0,0.0,0.0,26411000.0
2009-06-23,75.0,75.0,75.0,75.0,0.0,0.0,26411000.0
2009-06-24,75.0,75.0,75.0,75.0,0.0,0.0,26411000.0
2009-06-25,75.0,75.0,75.0,75.0,0.0,0.0,26411000.0
2009-06-26,75.0,75.0,75.0,75.0,0.0,0.0,26411000.0
2009-06-29,75.0,75.0,75.0,75.0,0.0,0.0,26411000.0
2009-06-30,75.0,75.0,75.0,75.0,0.0,0.0,26411000.0
2009-07-01,75.0,75.0,75.0,75.0,0.0,0.0,26411000.0
2009-07-02,75.0,75.0,75.0,75.0,0.0,0.0,26411000.0
2009-07-03,75.0,75.0,75.0,75.0,0.0,0.0,26411000.0
2009-07-06,75.0,75.0,75.0,75.0,0.0,0.0,26411000.0
2009-07-07,75.0,75.0,75.0,75.0,0.0,0.0,26411000.0
2009-07-08,75.0,75.0,75.0,75.0,0.0,0.0,26411000.0
2009-07-09,75.0,75.0,75.0,75.0,0.0,0.0,26411000.0
2009-07-10,75.0,75.0,75.0,75.0,0.0,0.0,26411000.0
2009-07-13,75.0,75.0,75.0,75.0,0.0,0.0,26411000.0
2009-07-14,75.0,75.0,75.0,75.0,0.0,0.0,26411000.0
2009-07-15,75.0,75.0,75.0,75.0,0.0,0.0,26411000.0
2009-07-16,75.0,75.0,75.0,75.0,0.0,0.0,26411000.0
2009-07-17,75.0,75.0,75.0,75.0,0.0,0.0,26411000.0
2009-07-20,75.0,75.0,75.0,75.0,0.0,0.0,26411000.0
2009-07-21,75.0,75.0,75.0,75.0,0.0,0.0,26411000.0
2009-07-22,75.0,75.0,75.0,75.0,0.0,0.0,26411000.0
2009-07-23,75.0,75.0,75.0,75.0,0.0,0.0,26411000.0
2009-07-24,75.0,75.0,75.0,75.0,0.0,0.0,26411000.0
2009-07-27,75.0,75.0,75.0,75.0,0.0,0.0,26411000.0
2009-07-28,75.0,75.0,75.0,75.0,0.0,0.0,26411000.0
2009-07-29,75.0,75.0,75.0,75.0,0.0,0.0,26411000.0
2009-07-30,75.0,75.0,75.0,75.0,0.0,0.0,26411000.0
2009-07-31,75.0,75.0,75.0,75.0,0.0,0.0,26411000.0
2009-08-03,75.0,75.0,75.0,75.0,0.0,0.0,26411000.0
2009-08-04,75.0,75.0,75.0,75.0,0.0,0.0,26411000.0
2009-08-05,75.0,75.0,75.0,75.0,0.0,0.0,26411000.0
2009-08-06,75.0,75.0,75.0,75.0,0.0,0.0,26411000.0
2009-08-07,75.0,75.0,75.0,75.0,0.0,0.0,26411000.0
2009-08-10,75.0,75.0,75.0,75.0,0.0,0.0,26411000.0
2009-08-11,75.0,75.0,75.0,75.0,0.0,0.0,26411000.0
2009-08-12,75.0,75.0,75.0,75.0,0.0,0.0,26411000.0
2009-08-13,75.0,75.0,75.0,75.0,0.0,0.0,26411000.0
2009-08-14,75.0,75.0,75.0,75.0,0.0,0.0,26411000.0
2009-08-17,75.0,75.0,75.0,75.0,0.0,0.0,26411000.0
2009-08-18,75.0,75.0,75.0,75.0,0.0,0.0,26411000.0
2009-08-19,75.0,75.0,75.0,75.0,0.0,0.0,26411000.0
2009-08-20,75.0,75.0,75.0,75.0,0.0,0.0,26411000.0
2009-08-21,75.0,75.0,75.0,75.0,0.0,0.0,26411000.0
2009-08-24,75.0,75.0,75.0,75.0,0.0,0.0,26411000.0
2009-08-25,75.0,75.0,75.0,75.0,0.0,0.0,26411000.0
2009-08-26,75.0,75.0,75.0,75.0,0.0,0.0,26411000.0
2009-08-27,75.0,75.0,75.0,75.0,0.0,0.0,26411000.0
2009-08-28,75.0,75.0,75.0,75.0,0.0,0.0,26411000.0
2009-08-31,75.0,75.0,75.0,75.0,0.0,0.0,26411000.0
2009-09-01,75.0,75.0,75.0,75.0,0.0,0.0,26411000.0
2009-09-02,75.0,75.0,75.0,75.0,0.0,0.0,26411000.0
2009-09-03,75.0,75.0,75.0,75.0,0.0,0.0,26411000.0
2009-09-04,75.0,75.0,75.0,75.0,0.0,0.0,26411000.0
2009-09-07,75.0,75.0,75.0,75.0,0.0,0.0,26411000.0
2009-09-08,75.0,75.0,75.0,75.0,0.0,0.0,26411000.0
2009-09-09,75.0,75.0,75.0,75.0,0.0,0.0,26411000.0
2009-09-10,75.0,75.0,75.0,75.0,0.0,0.0,26411000.0
2009-09-11,75.0,75.0,75.0,75.0,0.0,0.0,26411000.0
2009-09-14,75.0,75.0,75.0,75.0,0.0,0.0,26411000.0
2009-09-15,75.0,75.0,75.0,75.0,0.0,0.0,26411000.0
2009-09-16,75.0,75.0,75.0,75.0,0.0,0.0,26411000.0
2009-09-17,75.0,75.0,75.0,75.0,0.0,0.0,26411000.0
2009-09-18,75.0,75.0,75.0,75.0,0.0,0.0,26411000.0
2009-09-21,75.0,75.0,75.0,75.0,0.0,0.0,26411000.0
2009-09-22,75.0,75.0,75.0,75.0,0.0,0.0,26411000.0
2009-09-23,75.0,75.0,75.0,75.0,0.0,0.0,26411000.0
2009-09-24,75.0,75.0,75.0,75.0,0.0,0.0,26411000.0
2009-09-25,75.0,75.0,75.0,75.0,0.0,0.0,26411000.0
2009-09-28,75.0,75.0,75.0,75.0,0.0,0.0,26411000.0
2009-09-29,75.0,75.0,75.0,75.0,0.0,0.0,26411000.0
2009-09-30,75.0,75.0,75.0,75.0,0.0,0.0,26411000.0
2009-10-01,75.0,75.0,75.0,75.0,0.0,0.0,26411000.0
2009-10-02,75.0,75.0,75.0,75.0,0.0,0.0,26411000.0
2009-10-05,75.0,75.0,75.0,75.0,0.0,0.0,26411000.0
2009-10-06,75.0,75.0,75.0,75.0,0.0,0.0,26411000.0
2009-10-07,75.0,75.0,75.0,75.0,0.0,0.0,26411000.0
2009-10-08,75.0,75.0,75.0,75.0,0.0,0.0,26411000.0
2009-10-09,75.0,75.0,75.0,75.0,0.0,0.0,26411000.0
2009-10-12,75.0,75.0,75.0,75.0,0.0,0.0,26411000.0
2009-10-13,75.0,75.0,75.0,75.0,0.0,0.0,26411000.0
2009-10-14,75.0,75.0,75.0,75.0,0.0,0.0,26411000.0
2009-10-15,75.0,75.0,75.0,75.0,0.0,0.0,26411000.0
2009-10-16,75.0,75.0,75.0,75.0,0.0,0.0,26411000.0
2009-10-17,75.0,75.0,75.0,75.0,0.0,0.0,26411000.0
2009-10-19,75.0,75.0,75.0,75.0,0.0,0.0,26411000.0
2009-10-20,75.0,75.0,75.0,75.0,0.0,0.0,26411000.0
2009-10-21,75.0,75.0,75.0,75.0,0.0,0.0,26411000.0
2009-10-22,75.0,75.0,75.0,75.0,0.0,0.0,26411000.0
2009-10-23,75.0,75.0,75.0,75.0,0.0,0.0,26411000.0
2009-10-26,75.0,75.0,75.0,75.0,0.0,0.0,26411000.0
2009-10-27,75.0,75.0,75.0,75.0,0.0,0.0,26411000.0
2009-10-28,75.0,75.0,75.0,75.0,0.0,0.0,26411000.0
2009-10-29,75.0,75.0,75.0,75.0,0.0,0.0,26411000.0
2009-10-30,75.0,75.0,75.0,75.0,0.0,0.0,26411000.0
2009-11-02,75.0,75.0,75.0,75.0,0.0,0.0,26411000.0
2009-11-03,75.0,75.0,75.0,75.0,0.0,0.0,26411000.0
2009-11-04,75.0,75.0,75.0,75.0,0.0,0.0,26411000.0
2009-11-05,75.0,75.0,75.0,75.0,0.0,0.0,26411000.0
2009-11-06,75.0,75.0,75.0,75.0,0.0,0.0,26411000.0
2009-11-09,75.0,75.0,75.0,75.0,0.0,0.0,26411000.0
2009-11-10,75.0,75.0,75.0,75.0,0.0,0.0,26411000.0
2009-11-11,75.0,75.0,75.0,75.0,0.0,0.0,26411000.0
2009-11-12,75.0,75.0,75.0,75.0,0.0,0.0,26411000.0
2009-11-13,75.0,75.0,75.0,75.0,0.0,0.0,26411000.0
2009-11-16,75.0,75.0,75.0,75.0,0.0,0.0,26411000.0
2009-11-17,75.0,75.0,75.0,75.0,0.0,0.0,26411000.0
2009-11-18,75.0,75.0,75.0,75.0,0.0,0.0,26411000.0
2009-11-19,75.0,75.0,75.0,75.0,0.0,0.0,26411000.0
2009-11-20,75.0,75.0,75.0,75.0,0.0,0.0,26411000.0
2009-11-23,75.0,75.0,75.0,75.0,0.0,0.0,26411000.0
2009-11-24,75.0,75.0,75.0,75.0,0.0,0.0,26411000.0
2009-11-25,75.0,75.0,75.0,75.0,0.0,0.0,26411000.0
2009-11-26,75.0,75.0,75.0,75.0,0.0,0.0,26411000.0
2009-11-27,75.0,75.0,75.0,75.0,0.0,0.0,26411000.0
2009-11-30,75.0,75.0,75.0,75.0,0.0,0.0,26411000.0
2009-12-01,75.0,75.0,75.0,75.0,0.0,0.0,26411000.0
2009-12-02,75.0,75.0,75.0,75.0,0.0,0.0,26411000.0
2009-12-03,75.0,75.0,75.0,75.0,0.0,0.0,26411000.0
2009-12-04,75.0,75.0,75.0,75.0,0.0,0.0,26411000.0
2009-12-07,75.0,75.0,75.0,75.0,0.0,0.0,26411000.0
2009-12-08,75.0,75.0,75.0,75.0,0.0,0.0,26411000.0
2009-12-09,75.0,75.0,75.0,75.0,0.0,0.0,26411000.0
2009-12-10,75.0,75.0,75.0,75.0,0.0,0.0,26411000.0
2009-12-11,75.0,75.0,75.0,75.0,0.0,0.0,26411000.0
2009-12-14,75.0,75.0,75.0,75.0,0.0,0.0,26411000.0
2009-12-15,75.0,75.0,75.0,75.0,0.0,0.0,26411000.0
2009-12-16,75.0,75.0,75.0,75.0,0.0,0.0,26411000.0
2009-12-17,75.0,75.0,75.0,75.0,0.0,0.0,26411000.0
2009-12-18,75.0,75.0,75.0,75.0,0.0,0.0,26411000.0
2009-12-21,75.0,75.0,75.0,75.0,0.0,0.0,26411000.0
2009-12-22,75.0,75.0,75.0,75.0,0.0,0.0,26411000.0
2009-12-23,75.0,75.0,75.0,75.0,0.0,0.0,26411000.0
2009-12-24,75.0,75.0,75.0,75.0,0.0,0.0,26411000.0
2009-12-25,75.0,75.0,75.0,75.0,0.0,0.0,26411000.0
2009-12-28,75.0,75.0,75.0,75.0,0.0,0.0,26411000.0
2009-12-29,75.0,75.0,75.0,75.0,0.0,0.0,26411000.0
2009-12-30,75.0,75.0,75.0,75.0,0.0,0.0,26411000.0
2009-12-31,75.0,75.0,75.0,75.0,0.0,0.0,26411000.0
2010-01-01,75.0,75.0,75.0,75.0,0.0,0.0,26411000.0
2010-01-04,75.0,75.0,75.0,75.0,0.0,0.0,26411000.0
2010-01-05,75.0,75.0,75.0,75.0,0.0,0.0,26411000.0
2010-01-06,75.0,75.0,75.0,75.0,0.0,0.0,26411000.0
2010-01-07,75.0,75.0,75.0,75.0,0.0,0.0,26411000.0
2010-01-08,75.0,75.0,75.0,75.0,0.0,0.0,26411000.0
2010-01-11,75.0,75.0,75.0,75.0,0.0,0.0,26411000.0
2010-01-12,75.0,75.0,75.0,75.0,0.0,0.0,26411000.0
2010-01-13,75.0,75.0,75.0,75.0,0.0,0.0,26411000.0
2010-01-14,75.0,75.0,75.0,75.0,0.0,0.0,26411000.0
2010-01-15,75.0,75.0,75.0,75.0,0.0,0.0,26411000.0
2010-01-18,75.0,75.0,75.0,75.0,0.0,0.0,26411000.0
2010-01-19,75.0,75.0,75.0,75.0,0.0,0.0,26411000.0
2010-01-20,75.0,75.0,75.0,75.0,0.0,0.0,26411000.0
2010-01-21,75.0,75.0,75.0,75.0,0.0,0.0,26411000.0
2010-01-22,75.0,75.0,75.0,75.0,0.0,0.0,26411000.0
2010-01-25,75.0,75.0,75.0,75.0,0.0,0.0,26411000.0
2010-01-26,75.0,75.0,75.0,75.0,0.0,0.0,26411000.0
2010-01-27,75.0,75.0,75.0,75.0,0.0,0.0,26411000.0
2010-01-28,75.0,75.0,75.0,75.0,0.0,0.0,26411000.0
2010-01-29,75.0,75.0,75.0,75.0,0.0,0.0,26411000.0
2010-02-01,75.0,75.0,75.0,75.0,0.0,0.0,26411000.0
2010-02-02,75.0,75.0,75.0,75.0,0.0,0.0,26411000.0
2010-02-03,75.0,75.0,75.0,75.0,0.0,0.0,26411000.0
2010-02-04,75.0,75.0,75.0,75.0,0.0,0.0,26411000.0
2010-02-05,75.0,75.0,75.0,75.0,0.0,0.0,26411000.0
2010-02-08,75.0,75.0,75.0,75.0,0.0,0.0,26411000.0
2010-02-09,75.0,75.0,75.0,75.0,0.0,0.0,26411000.0
2010-02-10,75.0,75.0,75.0,75.0,0.0,0.0,26411000.0
2010-02-11,75.0,75.0,75.0,75.0,0.0,0.0,26411000.0
2010-02-12,75.0,75.0,75.0,75.0,0.0,0.0,26411000.0
2010-02-15,75.0,75.0,75.0,75.0,0.0,0.0,26411000.0
2010-02-16,75.0,75.0,75.0,75.0,0.0,0.0,26411000.0
2010-02-17,75.0,75.0,75.0,75.0,0.0,0.0,26411000.0
2010-02-18,75.0,75.0,75.0,75.0,0.0,0.0,26411000.0
2010-02-19,75.0,75.0,75.0,75.0,0.0,0.0,26411000.0
2010-02-22,75.0,75.0,75.0,75.0,0.0,0.0,26411000.0
2010-02-23,75.0,75.0,75.0,75.0,0.0,0.0,26411000.0
2010-02-24,75.0,75.0,75.0,75.0,0.0,0.0,26411000.0
2010-02-25,75.0,75.0,75.0,75.0,0.0,0.0,26411000.0
2010-02-26,75.0,75.0,75.0,75.0,0.0,0.0,26411000.0
2010-03-01,75.0,75.0,75.0,75.0,0.0,0.0,26411000.0
2010-03-02,75.0,75.0,75.0,75.0,0.0,0.0,26411000.0
2010-03-03,75.0,75.0,75.0,75.0,0.0,0.0,26411000.0
2010-03-04,75.0,75.0,75.0,75.0,0.0,0.0,26411000.0
2010-03-05,75.0,75.0,75.0,75.0,0.0,0.0,26411000.0
2010-03-08,75.0,75.0,75.0,75.0,0.0,0.0,26411000.0
2010-03-09,75.0,75.0,75.0,75.0,0.0,0.0,26411000.0
2010-03-10,75.0,75.0,75.0,75.0,0.0,0.0,26411000.0
2010-03-11,75.0,75.0,75.0,75.0,0.0,0.0,26411000.0
2010-03-12,75.0,75.0,75.0,75.0,0.0,0.0,26411000.0
2010-03-15,75.0,75.0,75.0,75.0,0.0,0.0,26411000.0
2010-03-16,75.0,75.0,75.0,75.0,0.0,0.0,26411000.0
2010-03-17,75.0,75.0,75.0,75.0,0.0,0.0,26411000.0
2010-03-18,75.0,75.0,75.0,75.0,0.0,0.0,26411000.0
2010-03-19,75.0,75.0,75.0,75.0,0.0,0.0,26411000.0
2010-03-22,75.0,75.0,75.0,75.0,0.0,0.0,26411000.0
2010-03-23,75.0,75.0,75.0,75.0,0.0,0.0,26411000.0
2010-03-24,75.0,75.0,75.0,75.0,0.0,0.0,26411000.0
2010-03-25,75.0,75.0,75.0,75.0,0.0,0.0,26411000.0
2010-03-26,75.0,75.0,75.0,75.0,0.0,0.0,26411000.0
2010-03-29,75.0,75.0,75.0,75.0,0.0,0.0,26411000.0
2010-03-30,75.0,75.0,75.0,75.0,0.0,0.0,26411000.0
2010-03-31,75.0,75.0,75.0,75.0,0.0,0.0,26411000.0
2010-04-01,75.0,75.0,75.0,75.0,0.0,0.0,26411000.0
2010-04-02,75.0,75.0,75.0,75.0,0.0,0.0,26411000.0
2010-04-05,75.0,75.0,75.0,75.0,0.0,0.0,26411000.0
2010-04-06,75.0,75.0,75.0,75.0,0.0,0.0,26411000.0
2010-04-07,75.0,75.0,75.0,75.0,0.0,0.0,26411000.0
2010-04-08,75.0,75.0,75.0,75.0,0.0,0.0,26411000.0
2010-04-09,75.0,75.0,75.0,75.0,0.0,0.0,26411000.0
2010-04-12,75.0,75.0,75.0,75.0,0.0,0.0,26411000.0
2010-04-13,75.0,75.0,75.0,75.0,0.0,0.0,26411000.0
2010-04-14,75.0,75.0,75.0,75.0,0.0,0.0,26411000.0
2010-04-15,75.0,75.0,75.0,75.0,0.0,0.0,26411000.0
2010-04-16,75.0,75.0,75.0,75.0,0.0,0.0,26411000.0
2010-04-19,75.0,75.0,75.0,75.0,0.0,0.0,26411000.0
2010-04-20,75.0,75.0,75.0,75.0,0.0,0.0,26411000.0
2010-04-21,75.0,75.0,75.0,75.0,0.0,0.0,26411000.0
2010-04-22,75.0,75.0,75.0,75.0,0.0,0.0,26411000.0
2010-04-23,75.0,75.0,75.0,75.0,0.0,0.0,26411000.0
2010-04-26,75.0,75.0,75.0,75.0,0.0,0.0,26411000.0
2010-04-27,75.0,75.0,75.0,75.0,0.0,0.0,26411000.0
2010-04-28,75.0,75.0,75.0,75.0,0.0,0.0,26411000.0
2010-04-29,75.0,75.0,75.0,75.0,0.0,0.0,26411000.0
2010-04-30,75.0,75.0,75.0,75.0,0.0,0.0,26411000.0
2010-05-03,75.0,75.0,75.0,75.0,0.0,0.0,26411000.0
2010-05-04,75.0,75.0,75.0,75.0,0.0,0.0,26411000.0
2010-05-05,75.0,75.0,75.0,75.0,0.0,0.0,26411000.0
2010-05-06,75.0,75.0,75.0,75.0,0.0,0.0,26411000.0
2010-05-07,75.0,75.0,75.0,75.0,0.0,0.0,26411000.0
2010-05-10,75.0,75.0,75.0,75.0,0.0,0.0,26411000.0
2010-05-11,75.0,75.0,75.0,75.0,0.0,0.0,26411000.0
2010-05-12,75.0,75.0,75.0,75.0,0.0,0.0,26411000.0
2010-05-13,75.0,75.0,75.0,75.0,0.0,0.0,26411000.0
2010-05-14,75.0,75.0,75.0,75.0,0.0,0.0,26411000.0
2010-05-17,75.0,75.0,75.0,75.0,0.0,0.0,26411000.0
2010-05-18,75.0,75.0,75.0,75.0,0.0,0.0,26411000.0
2010-05-19,75.0,75.0,75.0,75.0,0.0,0.0,26411000.0
2010-05-20,75.0,75.0,75.0,75.0,0.0,0.0,26411000.0
2010-05-21,75.0,75.0,75.0,75.0,0.0,0.0,26411000.0
2010-05-24,75.0,75.0,75.0,75.0,0.0,0.0,26411000.0
2010-05-25,75.0,75.0,75.0,75.0,0.0,0.0,26411000.0
2010-05-26,75.0,75.0,75.0,75.0,0.0,0.0,26411000.0
2010-05-27,75.0,75.0,75.0,75.0,0.0,0.0,26411000.0
2010-05-28,75.0,75.0,75.0,75.0,0.0,0.0,26411000.0
2010-05-31,75.0,75.0,75.0,75.0,0.0,0.0,26411000.0
2010-06-01,75.0,75.0,75.0,75.0,0.0,0.0,26411000.0
2010-06-02,75.0,75.0,75.0,75.0,0.0,0.0,26411000.0
2010-06-03,75.0,75.0,75.0,75.0,0.0,0.0,26411000.0
2010-06-04,75.0,75.0,75.0,75.0,0.0,0.0,26411000.0
2010-06-07,75.0,75.0,75.0,75.0,0.0,0.0,26411000.0
2010-06-08,75.0,75.0,75.0,75.0,0.0,0.0,26411000.0
2010-06-09,75.0,75.0,75.0,75.0,0.0,0.0,26411000.0
2010-06-10,75.0,75.0,75.0,75.0,0.0,0.0,26411000.0
2010-06-11,75.0,75.0,75.0,75.0,0.0,0.0,26411000.0
2010-06-14,75.0,75.0,75.0,75.0,0.0,0.0,26411000.0
2010-06-15,75.0,75.0,75.0,75.0,0.0,0.0,26411000.0
2010-06-16,75.0,75.0,75.0,75.0,0.0,0.0,26411000.0
2010-06-17,75.0,75.0,75.0,75.0,0.0,0.0,26411000.0
2010-06-18,75.0,75.0,75.0,75.0,0.0,0.0,26411000.0
2010-06-21,75.0,75.0,75.0,75.0,0.0,0.0,26411000.0
2010-06-22,75.0,75.0,75.0,75.0,0.0,0.0,26411000.0
2010-06-23,75.0,75.0,75.0,75.0,0.0,0.0,26411000.0
2010-06-24,75.0,75.0,75.0,75.0,0.0,0.0,26411000.0
2010-06-25,75.0,75.0,75.0,75.0,0.0,0.0,26411000.0
2010-06-28,75.0,75.0,75.0,75.0,0.0,0.0,26411000.0
2010-06-29,75.0,75.0,75.0,75.0,0.0,0.0,26411000.0
2010-06-30,75.0,75.0,75.0,75.0,0.0,0.0,26411000.0
2010-07-01,75.0,75.0,75.0,75.0,0.0,0.0,26411000.0
2010-07-02,75.0,75.0,75.0,75.0,0.0,0.0,26411000.0
2010-07-05,75.0,75.0,75.0,75.0,0.0,0.0,26411000.0
2010-07-06,75.0,75.0,75.0,75.0,0.0,0.0,26411000.0
2010-07-07,75.0,75.0,75.0,75.0,0.0,0.0,26411000.0
2010-07-08,75.0,75.0,75.0,75.0,0.0,0.0,26411000.0
2010-07-09,75.0,75.0,75.0,75.0,0.0,0.0,26411000.0
2010-07-12,75.0,75.0,75.0,75.0,0.0,0.0,26411000.0
2010-07-13,75.0,75.0,75.0,75.0,0.0,0.0,26411000.0
2010-07-14,75.0,75.0,75.0,75.0,0.0,0.0,26411000.0
2010-07-15,75.0,75.0,75.0,75.0,0.0,0.0,26411000.0
2010-07-16,75.0,75.0,75.0,75.0,0.0,0.0,26411000.0
2010-07-19,75.0,75.0,75.0,75.0,0.0,0.0,26411000.0
2010-07-20,75.0,75.0,75.0,75.0,0.0,0.0,26411000.0
2010-07-21,75.0,75.0,75.0,75.0,0.0,0.0,26411000.0
2010-07-22,75.0,75.0,75.0,75.0,0.0,0.0,26411000.0
2010-07-23,75.0,75.0,75.0,75.0,0.0,0.0,26411000.0
2010-07-26,75.0,75.0,75.0,75.0,0.0,0.0,26411000.0
2010-07-27,75.0,75.0,75.0,75.0,0.0,0.0,26411000.0
2010-07-28,75.0,75.0,75.0,75.0,0.0,0.0,26411000.0
2010-07-29,75.0,75.0,75.0,75.0,0.0,0.0,26411000.0
2010-07-30,75.0,75.0,75.0,75.0,0.0,0.0,26411000.0
2010-08-02,75.0,75.0,75.0,75.0,0.0,0.0,26411000.0
2010-08-03,75.0,75.0,75.0,75.0,0.0,0.0,26411000.0
2010-08-04,75.0,75.0,75.0,75.0,0.0,0.0,26411000.0
2010-08-05,75.0,75.0,75.0,75.0,0.0,0.0,26411000.0
2010-08-06,75.0,75.0,75.0,75.0,0.0,0.0,26411000.0
2010-08-09,75.0,75.0,75.0,75.0,0.0,0.0,26411000.0
2010-08-10,75.0,75.0,75.0,75.0,0.0,0.0,26411000.0
2010-08-11,75.0,75.0,75.0,75.0,0.0,0.0,26411000.0
2010-08-12,75.0,75.0,75.0,75.0,0.0,0.0,26411000.0
2010-08-13,75.0,75.0,75.0,75.0,0.0,0.0,26411000.0
2010-08-16,75.0,75.0,75.0,75.0,0.0,0.0,26411000.0
2010-08-17,75.0,75.0,75.0,75.0,0.0,0.0,26411000.0
2010-08-18,75.0,75.0,75.0,75.0,0.0,0.0,26411000.0
2010-08-19,75.0,75.0,75.0,75.0,0.0,0.0,26411000.0
2010-08-20,75.0,75.0,75.0,75.0,0.0,0.0,26411000.0
2010-08-23,75.0,75.0,75.0,75.0,0.0,0.0,26411000.0
2010-08-24,75.0,75.0,75.0,75.0,0.0,0.0,26411000.0
2010-08-25,75.0,75.0,75.0,75.0,0.0,0.0,26411000.0
2010-08-26,75.0,75.0,75.0,75.0,0.0,0.0,26411000.0
2010-08-27,75.0,75.0,75.0,75.0,0.0,0.0,26411000.0
2010-08-30,75.0,75.0,75.0,75.0,0.0,0.0,26411000.0
2010-08-31,75.0,75.0,75.0,75.0,0.0,0.0,26411000.0
2010-09-01,75.0,75.0,75.0,75.0,0.0,0.0,26411000.0
2010-09-02,75.0,75.0,75.0,75.0,0.0,0.0,26411000.0
2010-09-03,75.0,75.0,75.0,75.0,0.0,0.0,26411000.0
2010-09-06,75.0,75.0,75.0,75.0,0.0,0.0,26411000.0
2010-09-07,75.0,75.0,75.0,75.0,0.0,0.0,26411000.0
2010-09-08,75.0,75.0,75.0,75.0,0.0,0.0,26411000.0
2010-09-09,75.0,75.0,75.0,75.0,0.0,0.0,26411000.0
2010-09-10,75.0,75.0,75.0,75.0,0.0,0.0,26411000.0
2010-09-13,75.0,75.0,75.0,75.0,0.0,0.0,26411000.0
2010-09-14,75.0,75.0,75.0,75.0,0.0,0.0,26411000.0
2010-09-15,75.0,75.0,75.0,75.0,0.0,0.0,26411000.0
2010-09-16,75.0,75.0,75.0,75.0,0.0,0.0,26411000.0
2010-09-17,75.0,75.0,75.0,75.0,0.0,0.0,26411000.0
2010-09-20,75.0,75.0,75.0,75.0,0.0,0.0,26411000.0
2010-09-21,75.0,75.0,75.0,75.0,0.0,0.0,26411000.0
2010-09-22,75.0,75.0,75.0,75.0,0.0,0.0,26411000.0
2010-09-23,75.0,75.0,75.0,75.0,0.0,0.0,26411000.0
2010-09-24,75.0,75.0,75.0,75.0,0.0,0.0,26411000.0
2010-09-27,75.0,75.0,75.0,75.0,0.0,0.0,26411000.0
2010-09-28,75.0,75.0,75.0,75.0,0.0,0.0,26411000.0
2010-09-29,75.0,75.0,75.0,75.0,0.0,0.0,26411000.0
2010-09-30,75.0,75.0,75.0,75.0,0.0,0.0,26411000.0
2010-10-01,75.0,75.0,75.0,75.0,0.0,0.0,26411000.0
2010-10-02,75.0,75.0,75.0,75.0,0.0,0.0,26411000.0
2010-10-04,75.0,75.0,75.0,75.0,0.0,0.0,26411000.0
2010-10-05,75.0,75.0,75.0,75.0,0.0,0.0,26411000.0
2010-10-06,75.0,75.0,75.0,75.0,0.0,0.0,26411000.0
2010-10-07,75.0,75.0,75.0,75.0,0.0,0.0,26411000.0
2010-10-08,75.0,75.0,75.0,75.0,0.0,0.0,26411000.0
2010-10-11,75.0,75.0,75.0,75.0,0.0,0.0,26411000.0
2010-10-12,75.0,75.0,75.0,75.0,0.0,0.0,26411000.0
2010-10-13,75.0,75.0,75.0,75.0,0.0,0.0,26411000.0
2010-10-14,75.0,75.0,75.0,75.0,0.0,0.0,26411000.0
2010-10-15,75.0,75.0,75.0,75.0,0.0,0.0,26411000.0
2010-10-18,75.0,75.0,75.0,75.0,0.0,0.0,26411000.0
2010-10-19,75.0,75.0,75.0,75.0,0.0,0.0,26411000.0
2010-10-20,75.0,75.0,75.0,75.0,0.0,0.0,26411000.0
2010-10-21,75.0,75.0,75.0,75.0,0.0,0.0,26411000.0
2010-10-22,75.0,75.0,75.0,75.0,0.0,0.0,26411000.0
2010-10-25,75.0,75.0,75.0,75.0,0.0,0.0,26411000.0
2010-10-26,75.0,75.0,75.0,75.0,0.0,0.0,26411000.0
2010-10-27,75.0,75.0,75.0,75.0,0.0,0.0,26411000.0
2010-10-28,75.0,75.0,75.0,75.0,0.0,0.0,26411000.0
2010-10-29,75.0,75.0,75.0,75.0,0.0,0.0,26411000.0
2010-11-01,75.0,75.0,75.0,75.0,0.0,0.0,26411000.0
2010-11-02,75.0,75.0,75.0,75.0,0.0,0.0,26411000.0
2010-11-03,75.0,75.0,75.0,75.0,0.0,0.0,26411000.0
2010-11-04,75.0,75.0,75.0,75.0,0.0,0.0,26411000.0
2010-11-05,75.0,75.0,75.0,75.0,0.0,0.0,26411000.0
2010-11-08,75.0,75.0,75.0,75.0,0.0,0.0,26411000.0
2010-11-09,75.0,75.0,75.0,75.0,0.0,0.0,26411000.0
2010-11-10,75.0,75.0,75.0,75.0,0.0,0.0,26411000.0
2010-11-11,75.0,75.0,75.0,75.0,0.0,0.0,26411000.0
2010-11-12,75.0,75.0,75.0,75.0,0.0,0.0,26411000.0
2010-11-15,75.0,75.0,75.0,75.0,0.0,0.0,26411000.0
2010-11-16,75.0,75.0,75.0,75.0,0.0,0.0,26411000.0
2010-11-17,75.0,75.0,75.0,75.0,0.0,0.0,26411000.0
2010-11-18,75.0,75.0,75.0,75.0,0.0,0.0,26411000.0
2010-11-19,75.0,75.0,75.0,75.0,0.0,0.0,26411000.0
2010-11-22,75.0,75.0,75.0,75.0,0.0,0.0,26411000.0
2010-11-23,75.0,75.0,75.0,75.0,0.0,0.0,26411000.0
2010-11-24,75.0,75.0,75.0,75.0,0.0,0.0,26411000.0
2010-11-25,75.0,75.0,75.0,75.0,0.0,0.0,26411000.0
2010-11-26,75.0,75.0,75.0,75.0,0.0,0.0,26411000.0
2010-11-29,75.0,75.0,75.0,75.0,0.0,0.0,26411000.0
2010-11-30,75.0,75.0,75.0,75.0,0.0,0.0,26411000.0
2010-12-01,75.0,75.0,75.0,75.0,0.0,0.0,26411000.0
2010-12-02,75.0,75.0,75.0,75.0,0.0,0.0,26411000.0
2010-12-03,75.0,75.0,75.0,75.0,0.0,0.0,26411000.0
2010-12-06,75.0,75.0,75.0,75.0,0.0,0.0,26411000.0
2010-12-07,75.0,75.0,75.0,75.0,0.0,0.0,26411000.0
2010-12-08,75.0,75.0,75.0,75.0,0.0,0.0,26411000.0
2010-12-09,75.0,75.0,75.0,75.0,0.0,0.0,26411000.0
2010-12-10,75.0,75.0,75.0,75.0,0.0,0.0,26411000.0
2010-12-13,75.0,75.0,75.0,75.0,0.0,0.0,26411000.0
2010-12-14,75.0,75.0,75.0,75.0,0.0,0.0,26411000.0
2010-12-15,75.0,75.0,75.0,75.0,0.0,0.0,26411000.0
2010-12-16,75.0,75.0,75.0,75.0,0.0,0.0,26411000.0
2010-12-17,75.0,75.0,75.0,75.0,0.0,0.0,26411000.0
2010-12-20,75.0,75.0,75.0,75.0,0.0,0.0,26411000.0
2010-12-21,75.0,75.0,75.0,75.0,0.0,0.0,26411000.0
2010-12-22,75.0,75.0,75.0,75.0,0.0,0.0,26411000.0
2010-12-23,75.0,75.0,75.0,75.0,0.0,0.0,26411000.0
2010-12-24,75.0,75.0,75.0,75.0,0.0,0.0,26411000.0
2010-12-27,75.0,75.0,75.0,75.0,0.0,0.0,26411000.0
2010-12-28,75.0,75.0,75.0,75.0,0.0,0.0,26411000.0
2010-12-29,75.0,75.0,75.0,75.0,0.0,0.0,26411000.0
2010-12-30,75.0,75.0,75.0,75.0,0.0,0.0,26411000.0
2010-12-31,75.0,75.0,75.0,75.0,0.0,0.0,26411000.0
2011-01-03,75.0,75.0,75.0,75.0,0.0,0.0,26411000.0
2011-01-04,75.0,75.0,75.0,75.0,0.0,0.0,26411000.0
2011-01-05,75.0,75.0,75.0,75.0,0.0,0.0,26411000.0
2011-01-06,75.0,75.0,75.0,75.0,0.0,0.0,26411000.0
2011-01-07,75.0,75.0,75.0,75.0,0.0,0.0,26411000.0
2011-01-10,75.0,75.0,75.0,75.0,0.0,0.0,26411000.0
2011-01-11,75.0,75.0,75.0,75.0,0.0,0.0,26411000.0
2011-01-12,75.0,75.0,75.0,75.0,0.0,0.0,26411000.0
2011-01-13,75.0,75.0,75.0,75.0,0.0,0.0,26411000.0
2011-01-14,75.0,75.0,75.0,75.0,0.0,0.0,26411000.0
2011-01-17,75.0,75.0,75.0,75.0,0.0,0.0,26411000.0
2011-01-18,75.0,75.0,75.0,75.0,0.0,0.0,26411000.0
2011-01-19,75.0,75.0,75.0,75.0,0.0,0.0,26411000.0
2011-01-20,75.0,75.0,75.0,75.0,0.0,0.0,26411000.0
2011-01-21,75.0,75.0,75.0,75.0,0.0,0.0,26411000.0
2011-01-24,75.0,75.0,75.0,75.0,0.0,0.0,26411000.0
2011-01-25,75.0,75.0,75.0,75.0,0.0,0.0,26411000.0
2011-01-26,75.0,75.0,75.0,75.0,0.0,0.0,26411000.0
2011-01-27,75.0,75.0,75.0,75.0,0.0,0.0,26411000.0
2011-01-28,75.0,75.0,75.0,75.0,0.0,0.0,26411000.0
2011-01-31,75.0,75.0,75.0,75.0,0.0,0.0,26411000.0
2011-02-01,75.0,75.0,75.0,75.0,0.0,0.0,26411000.0
2011-02-02,75.0,75.0,75.0,75.0,0.0,0.0,26411000.0
2011-02-03,75.0,75.0,75.0,75.0,0.0,0.0,26411000.0
2011-02-04,75.0,75.0,75.0,75.0,0.0,0.0,26411000.0
2011-02-07,75.0,75.0,75.0,75.0,0.0,0.0,26411000.0
2011-02-08,75.0,75.0,75.0,75.0,0.0,0.0,26411000.0
2011-02-09,75.0,75.0,75.0,75.0,0.0,0.0,26411000.0
2011-02-10,75.0,75.0,75.0,75.0,0.0,0.0,26411000.0
2011-02-11,75.0,75.0,75.0,75.0,0.0,0.0,26411000.0
2011-02-14,75.0,75.0,75.0,75.0,0.0,0.0,26411000.0
2011-02-15,75.0,75.0,75.0,75.0,0.0,0.0,26411000.0
2011-02-16,75.0,75.0,75.0,75.0,0.0,0.0,26411000.0
2011-02-17,75.0,75.0,75.0,75.0,0.0,0.0,26411000.0
2011-02-18,75.0,75.0,75.0,75.0,0.0,0.0,26411000.0
2011-02-21,75.0,75.0,75.0,75.0,0.0,0.0,26411000.0
2011-02-22,75.0,75.0,75.0,75.0,0.0,0.0,26411000.0
2011-02-23,75.0,75.0,75.0,75.0,0.0,0.0,26411000.0
2011-02-24,75.0,75.0,75.0,75.0,0.0,0.0,26411000.0
2011-02-25,75.0,75.0,75.0,75.0,0.0,0.0,26411000.0
2011-02-28,75.0,75.0,75.0,75.0,0.0,0.0,26411000.0
2011-03-01,75.0,75.0,75.0,75.0,0.0,0.0,26411000.0
2011-03-02,75.0,75.0,75.0,75.0,0.0,0.0,26411000.0
2011-03-03,75.0,75.0,75.0,75.0,0.0,0.0,26411000.0
2011-03-04,75.0,75.0,75.0,75.0,0.0,0.0,26411000.0
2011-03-07,75.0,75.0,75.0,75.0,0.0,0.0,26411000.0
2011-03-08,75.0,75.0,75.0,75.0,0.0,0.0,26411000.0
2011-03-09,75.0,75.0,75.0,75.0,0.0,0.0,26411000.0
2011-03-10,75.0,75.0,75.0,75.0,0.0,0.0,26411000.0
2011-03-11,75.0,75.0,75.0,75.0,0.0,0.0,26411000.0
2011-03-14,75.0,75.0,75.0,75.0,0.0,0.0,26411000.0
2011-03-15,75.0,75.0,75.0,75.0,0.0,0.0,26411000.0
2011-03-16,75.0,75.0,75.0,75.0,0.0,0.0,26411000.0
2011-03-17,75.0,75.0,75.0,75.0,0.0,0.0,26411000.0
2011-03-18,75.0,75.0,75.0,75.0,0.0,0.0,26411000.0
2011-03-19,75.0,75.0,75.0,75.0,0.0,0.0,26411000.0
2011-03-21,75.0,75.0,75.0,75.0,0.0,0.0,26411000.0
2011-03-22,75.0,75.0,75.0,75.0,0.0,0.0,26411000.0
2011-03-23,75.0,75.0,75.0,75.0,0.0,0.0,26411000.0
2011-03-24,75.0,75.0,75.0,75.0,0.0,0.0,26411000.0
2011-03-25,75.0,75.0,75.0,75.0,0.0,0.0,26411000.0
2011-03-28,75.0,75.0,75.0,75.0,0.0,0.0,26411000.0
2011-03-29,75.0,75.0,75.0,75.0,0.0,0.0,26411000.0
2011-03-30,75.0,75.0,75.0,75.0,0.0,0.0,26411000.0
2011-03-31,75.0,75.0,75.0,75.0,0.0,0.0,26411000.0
2011-04-01,75.0,75.0,75.0,75.0,0.0,0.0,26411000.0
2011-04-04,75.0,75.0,75.0,75.0,0.0,0.0,26411000.0
2011-04-05,75.0,75.0,75.0,75.0,0.0,0.0,26411000.0
2011-04-06,75.0,75.0,75.0,75.0,0.0,0.0,26411000.0
2011-04-07,75.0,75.0,75.0,75.0,0.0,0.0,26411000.0
2011-04-08,75.0,75.0,75.0,75.0,0.0,0.0,26411000.0
2011-04-11,75.0,75.0,75.0,75.0,0.0,0.0,26411000.0
2011-04-12,75.0,75.0,75.0,75.0,0.0,0.0,26411000.0
2011-04-13,75.0,75.0,75.0,75.0,0.0,0.0,26411000.0
2011-04-14,75.0,75.0,75.0,75.0,0.0,0.0,26411000.0
2011-04-15,75.0,75.0,75.0,75.0,0.0,0.0,26411000.0
2011-04-18,75.0,75.0,75.0,75.0,0.0,0.0,26411000.0
2011-04-19,75.0,75.0,75.0,75.0,0.0,0.0,26411000.0
2011-04-20,75.0,75.0,75.0,75.0,0.0,0.0,26411000.0
2011-04-21,75.0,75.0,75.0,75.0,0.0,0.0,26411000.0
2011-04-26,75.0,75.0,75.0,75.0,0.0,0.0,26411000.0
2011-04-27,75.0,75.0,75.0,75.0,0.0,0.0,26411000.0
2011-04-28,75.0,75.0,75.0,75.0,0.0,0.0,26411000.0
2011-04-29,75.0,75.0,75.0,75.0,0.0,0.0,26411000.0
2011-05-02,75.0,75.0,75.0,75.0,0.0,0.0,26411000.0
2011-05-03,75.0,75.0,75.0,75.0,0.0,0.0,26411000.0
2011-05-04,75.0,75.0,75.0,75.0,0.0,0.0,26411000.0
2011-05-05,75.0,75.0,75.0,75.0,0.0,0.0,26411000.0
2011-05-06,75.0,75.0,75.0,75.0,0.0,0.0,26411000.0
2011-05-09,75.0,75.0,75.0,75.0,0.0,0.0,26411000.0
2011-05-10,75.0,75.0,75.0,75.0,0.0,0.0,26411000.0
2011-05-11,75.0,75.0,75.0,75.0,0.0,0.0,26411000.0
2011-05-12,75.0,75.0,75.0,75.0,0.0,0.0,26411000.0
2011-05-13,75.0,75.0,75.0,75.0,0.0,0.0,26411000.0
2011-05-16,75.0,75.0,75.0,75.0,0.0,0.0,26411000.0
2011-05-17,75.0,75.0,75.0,75.0,0.0,0.0,26411000.0
2011-05-18,75.0,75.0,75.0,75.0,0.0,0.0,26411000.0
2011-05-19,75.0,75.0,75.0,75.0,0.0,0.0,26411000.0
2011-05-20,75.0,75.0,75.0,75.0,0.0,0.0,26411000.0
2011-05-23,75.0,75.0,75.0,75.0,0.0,0.0,26411000.0
2011-05-24,75.0,75.0,75.0,75.0,0.0,0.0,26411000.0
2011-05-25,75.0,75.0,75.0,75.0,0.0,0.0,26411000.0
2011-05-26,75.0,75.0,75.0,75.0,0.0,0.0,26411000.0
2011-05-27,75.0,75.0,75.0,75.0,0.0,0.0,26411000.0
2011-05-30,75.0,75.0,75.0,75.0,0.0,0.0,26411000.0
2011-05-31,75.0,75.0,75.0,75.0,0.0,0.0,26411000.0
2011-06-01,75.0,75.0,75.0,75.0,0.0,0.0,26411000.0
2011-06-02,75.0,75.0,75.0,75.0,0.0,0.0,26411000.0
2011-06-03,75.0,75.0,75.0,75.0,0.0,0.0,26411000.0
2011-06-06,75.0,75.0,75.0,75.0,0.0,0.0,26411000.0
2011-06-07,75.0,75.0,75.0,75.0,0.0,0.0,26411000.0
2011-06-08,75.0,75.0,75.0,75.0,0.0,0.0,26411000.0
2011-06-09,75.0,75.0,75.0,75.0,0.0,0.0,26411000.0
2011-06-10,75.0,75.0,75.0,75.0,0.0,0.0,26411000.0
2011-06-13,75.0,75.0,75.0,75.0,0.0,0.0,26411000.0
2011-06-14,75.0,75.0,75.0,75.0,0.0,0.0,26411000.0
2011-06-15,75.0,75.0,75.0,75.0,0.0,0.0,26411000.0
2011-06-16,75.0,75.0,75.0,75.0,0.0,0.0,26411000.0
2011-06-17,75.0,75.0,75.0,75.0,0.0,0.0,26411000.0
2011-06-20,75.0,75.0,75.0,75.0,0.0,0.0,26411000.0
2011-06-21,75.0,75.0,75.0,75.0,0.0,0.0,26411000.0
2011-06-22,75.0,75.0,75.0,75.0,0.0,0.0,26411000.0
2011-06-23,75.0,75.0,75.0,75.0,0.0,0.0,26411000.0
2011-06-24,75.0,75.0,75.0,75.0,0.0,0.0,26411000.0
2011-06-27,75.0,75.0,75.0,75.0,0.0,0.0,26411000.0
2011-06-28,75.0,75.0,75.0,75.0,0.0,0.0,26411000.0
2011-06-29,75.0,75.0,75.0,75.0,0.0,0.0,26411000.0
2011-06-30,75.0,75.0,75.0,75.0,0.0,0.0,26411000.0
2011-07-01,75.0,75.0,75.0,75.0,0.0,0.0,26411000.0
2011-07-04,75.0,75.0,75.0,75.0,0.0,0.0,26411000.0
2011-07-05,75.0,75.0,75.0,75.0,0.0,0.0,26411000.0
2011-07-06,75.0,75.0,75.0,75.0,0.0,0.0,26411000.0
2011-07-07,75.0,75.0,75.0,75.0,0.0,0.0,26411000.0
2011-07-08,75.0,75.0,75.0,75.0,0.0,0.0,26411000.0
2011-07-11,75.0,75.0,75.0,75.0,0.0,0.0,26411000.0
2011-07-12,75.0,75.0,75.0,75.0,0.0,0.0,26411000.0
2011-07-13,75.0,75.0,75.0,75.0,0.0,0.0,26411000.0
2011-07-14,75.0,75.0,75.0,75.0,0.0,0.0,26411000.0
2011-07-15,75.0,75.0,75.0,75.0,0.0,0.0,26411000.0
2011-07-18,75.0,75.0,75.0,75.0,0.0,0.0,26411000.0
2011-07-19,75.0,75.0,75.0,75.0,0.0,0.0,26411000.0
2011-07-20,75.0,75.0,75.0,75.0,0.0,0.0,26411000.0
2011-07-21,75.0,75.0,75.0,75.0,0.0,0.0,26411000.0
2011-07-22,75.0,75.0,75.0,75.0,0.0,0.0,26411000.0
2011-07-23,75.0,75.0,75.0,75.0,0.0,0.0,26411000.0
2011-07-25,75.0,75.0,75.0,75.0,0.0,0.0,26411000.0
2011-07-26,75.0,75.0,75.0,75.0,0.0,0.0,26411000.0
2011-07-27,75.0,75.0,75.0,75.0,0.0,0.0,26411000.0
2011-07-28,75.0,75.0,75.0,75.0,0.0,0.0,26411000.0
2011-07-29,75.0,75.0,75.0,75.0,0.0,0.0,26411000.0
2011-08-01,75.0,75.0,75.0,75.0,0.0,0.0,26411000.0
2011-08-02,75.0,75.0,75.0,75.0,0.0,0.0,26411000.0
2011-08-03,75.0,75.0,75.0,75.0,0.0,0.0,26411000.0
2011-08-04,75.0,75.0,75.0,75.0,0.0,0.0,26411000.0
2011-08-05,75.0,75.0,75.0,75.0,0.0,0.0,26411000.0
2011-08-08,75.0,75.0,75.0,75.0,0.0,0.0,26411000.0
2011-08-09,75.0,75.0,75.0,75.0,0.0,0.0,26411000.0
2011-08-10,75.0,75.0,75.0,75.0,0.0,0.0,26411000.0
2011-08-11,75.0,75.0,75.0,75.0,0.0,0.0,26411000.0
2011-08-12,75.0,75.0,75.0,75.0,0.0,0.0,26411000.0
2011-08-15,75.0,75.0,75.0,75.0,0.0,0.0,26411000.0
2011-08-16,75.0,75.0,75.0,75.0,0.0,0.0,26411000.0
2011-08-17,75.0,75.0,75.0,75.0,0.0,0.0,26411000.0
2011-08-18,75.0,75.0,75.0,75.0,0.0,0.0,26411000.0
2011-08-19,75.0,75.0,75.0,75.0,0.0,0.0,26411000.0
2011-08-22,75.0,75.0,75.0,75.0,0.0,0.0,26411000.0
2011-08-23,75.0,75.0,75.0,75.0,0.0,0.0,26411000.0
2011-08-24,75.0,75.0,75.0,75.0,0.0,0.0,26411000.0
2011-08-25,75.0,75.0,75.0,75.0,0.0,0.0,26411000.0
2011-08-26,75.0,75.0,75.0,75.0,0.0,0.0,26411000.0
2011-08-29,75.0,75.0,75.0,75.0,0.0,0.0,26411000.0
2011-08-30,75.0,75.0,75.0,75.0,0.0,0.0,26411000.0
2011-08-31,75.0,75.0,75.0,75.0,0.0,0.0,26411000.0
2011-09-01,75.0,75.0,75.0,75.0,0.0,0.0,26411000.0
2011-09-02,75.0,75.0,75.0,75.0,0.0,0.0,26411000.0
2011-09-05,75.0,75.0,75.0,75.0,0.0,0.0,26411000.0
2011-09-06,75.0,75.0,75.0,75.0,0.0,0.0,26411000.0
2011-09-07,75.0,75.0,75.0,75.0,0.0,0.0,26411000.0
2011-09-08,75.0,75.0,75.0,75.0,0.0,0.0,26411000.0
2011-09-09,75.0,75.0,75.0,75.0,0.0,0.0,26411000.0
2011-09-12,75.0,75.0,75.0,75.0,0.0,0.0,26411000.0
2011-09-13,75.0,75.0,75.0,75.0,0.0,0.0,26411000.0
2011-09-14,75.0,75.0,75.0,75.0,0.0,0.0,26411000.0
2011-09-15,75.0,75.0,75.0,75.0,0.0,0.0,26411000.0
2011-09-16,75.0,75.0,75.0,75.0,0.0,0.0,26411000.0
2011-09-19,75.0,75.0,75.0,75.0,0.0,0.0,26411000.0
2011-09-20,75.0,75.0,75.0,75.0,0.0,0.0,26411000.0
2011-09-21,75.0,75.0,75.0,75.0,0.0,0.0,26411000.0
2011-09-22,75.0,75.0,75.0,75.0,0.0,0.0,26411000.0
2011-09-23,75.0,75.0,75.0,75.0,0.0,0.0,26411000.0
2011-09-26,75.0,75.0,75.0,75.0,0.0,0.0,26411000.0
2011-09-27,75.0,75.0,75.0,75.0,0.0,0.0,26411000.0
2011-09-28,75.0,75.0,75.0,75.0,0.0,0.0,26411000.0
2011-09-29,75.0,75.0,75.0,75.0,0.0,0.0,26411000.0
2011-09-30,75.0,75.0,75.0,75.0,0.0,0.0,26411000.0
2011-10-03,75.0,75.0,75.0,75.0,0.0,0.0,26411000.0
2011-10-04,75.0,75.0,75.0,75.0,0.0,0.0,26411000.0
2011-10-05,75.0,75.0,75.0,75.0,0.0,0.0,26411000.0
2011-10-06,75.0,75.0,75.0,75.0,0.0,0.0,26411000.0
2011-10-07,75.0,75.0,75.0,75.0,0.0,0.0,26411000.0
2011-10-10,75.0,75.0,75.0,75.0,0.0,0.0,26411000.0
2011-10-11,75.0,75.0,75.0,75.0,0.0,0.0,26411000.0
2011-10-12,75.0,75.0,75.0,75.0,0.0,0.0,26411000.0
2011-10-13,75.0,75.0,75.0,75.0,0.0,0.0,26411000.0
2011-10-14,75.0,75.0,75.0,75.0,0.0,0.0,26411000.0
2011-10-17,75.0,75.0,75.0,75.0,0.0,0.0,26411000.0
2011-10-18,75.0,75.0,75.0,75.0,0.0,0.0,26411000.0
2011-10-19,75.0,75.0,75.0,75.0,0.0,0.0,26411000.0
2011-10-20,75.0,75.0,75.0,75.0,0.0,0.0,26411000.0
2011-10-21,75.0,75.0,75.0,75.0,0.0,0.0,26411000.0
2011-10-24,75.0,75.0,75.0,75.0,0.0,0.0,26411000.0
2011-10-25,75.0,75.0,75.0,75.0,0.0,0.0,26411000.0
2011-10-26,75.0,75.0,75.0,75.0,0.0,0.0,26411000.0
2011-10-27,75.0,75.0,75.0,75.0,0.0,0.0,26411000.0
2011-10-28,75.0,75.0,75.0,75.0,0.0,0.0,26411000.0
2011-10-31,75.0,75.0,75.0,75.0,0.0,0.0,26411000.0
2011-11-01,75.0,75.0,75.0,75.0,0.0,0.0,26411000.0
2011-11-02,75.0,75.0,75.0,75.0,0.0,0.0,26411000.0
2011-11-03,75.0,75.0,75.0,75.0,0.0,0.0,26411000.0
2011-11-04,75.0,75.0,75.0,75.0,0.0,0.0,26411000.0
2011-11-07,75.0,75.0,75.0,75.0,0.0,0.0,26411000.0
2011-11-08,75.0,75.0,75.0,75.0,0.0,0.0,26411000.0
2011-11-09,75.0,75.0,75.0,75.0,0.0,0.0,26411000.0
2011-11-10,75.0,75.0,75.0,75.0,0.0,0.0,26411000.0
2011-11-11,75.0,75.0,75.0,75.0,0.0,0.0,26411000.0
2011-11-14,75.0,75.0,75.0,75.0,0.0,0.0,26411000.0
2011-11-15,75.0,75.0,75.0,75.0,0.0,0.0,26411000.0
2011-11-16,75.0,75.0,75.0,75.0,0.0,0.0,26411000.0
2011-11-17,75.0,75.0,75.0,75.0,0.0,0.0,26411000.0
2011-11-18,75.0,75.0,75.0,75.0,0.0,0.0,26411000.0
2011-11-21,75.0,75.0,75.0,75.0,0.0,0.0,26411000.0
2011-11-22,75.0,75.0,75.0,75.0,0.0,0.0,26411000.0
2011-11-23,75.0,75.0,75.0,75.0,0.0,0.0,26411000.0
2011-11-24,75.0,75.0,75.0,75.0,0.0,0.0,26411000.0
2011-11-25,75.0,75.0,75.0,75.0,0.0,0.0,26411000.0
2011-11-28,75.0,75.0,75.0,75.0,0.0,0.0,26411000.0
2011-11-29,75.0,75.0,75.0,75.0,0.0,0.0,26411000.0
2011-11-30,75.0,75.0,75.0,75.0,0.0,0.0,26411000.0
2011-12-01,75.0,75.0,75.0,75.0,0.0,0.0,26411000.0
2011-12-02,75.0,75.0,75.0,75.0,0.0,0.0,26411000.0
2011-12-05,75.0,75.0,75.0,75.0,0.0,0.0,26411000.0
2011-12-06,75.0,75.0,75.0,75.0,0.0,0.0,26411000.0
2011-12-07,75.0,75.0,75.0,75.0,0.0,0.0,26411000.0
2011-12-08,75.0,75.0,75.0,75.0,0.0,0.0,26411000.0
2011-12-09,75.0,75.0,75.0,75.0,0.0,0.0,26411000.0
2011-12-12,75.0,75.0,75.0,75.0,0.0,0.0,26411000.0
2011-12-13,75.0,75.0,75.0,75.0,0.0,0.0,26411000.0
2011-12-14,75.0,75.0,75.0,75.0,0.0,0.0,26411000.0
2011-12-15,75.0,75.0,75.0,75.0,0.0,0.0,26411000.0
2011-12-16,75.0,75.0,75.0,75.0,0.0,0.0,26411000.0
2011-12-19,75.0,75.0,75.0,75.0,0.0,0.0,26411000.0
2011-12-20,75.0,75.0,75.0,75.0,0.0,0.0,26411000.0
2011-12-21,75.0,75.0,75.0,75.0,0.0,0.0,26411000.0
2011-12-22,75.0,75.0,75.0,75.0,0.0,0.0,26411000.0
2011-12-23,75.0,75.0,75.0,75.0,0.0,0.0,26411000.0
2011-12-27,75.0,75.0,75.0,75.0,0.0,0.0,26411000.0
2011-12-28,75.0,75.0,75.0,75.0,0.0,0.0,26411000.0
2011-12-29,75.0,75.0,75.0,75.0,0.0,0.0,26411000.0
2011-12-30,75.0,75.0,75.0,75.0,0.0,0.0,26411000.0
2012-01-02,75.0,75.0,75.0,75.0,0.0,0.0,26411000.0
2012-01-03,75.0,75.0,75.0,75.0,0.0,0.0,26411000.0
2012-01-04,75.0,75.0,75.0,75.0,0.0,0.0,26411000.0
2012-01-05,75.0,75.0,75.0,75.0,0.0,0.0,26411000.0
2012-01-06,75.0,75.0,75.0,75.0,0.0,0.0,26411000.0
2012-01-09,75.0,75.0,75.0,75.0,0.0,0.0,26411000.0
2012-01-10,75.0,75.0,75.0,75.0,0.0,0.0,26411000.0
2012-01-11,75.0,75.0,75.0,75.0,0.0,0.0,26411000.0
2012-01-12,75.0,75.0,75.0,75.0,0.0,0.0,26411000.0
2012-01-13,75.0,75.0,75.0,75.0,0.0,0.0,26411000.0
2012-01-16,75.0,75.0,75.0,75.0,0.0,0.0,26411000.0
2012-01-17,75.0,75.0,75.0,75.0,0.0,0.0,26411000.0
2012-01-18,75.0,75.0,75.0,75.0,0.0,0.0,26411000.0
2012-01-19,75.0,75.0,75.0,75.0,0.0,0.0,26411000.0
2012-01-20,75.0,75.0,75.0,75.0,0.0,0.0,26411000.0
2012-01-23,75.0,75.0,75.0,75.0,0.0,0.0,26411000.0
2012-01-24,75.0,75.0,75.0,75.0,0.0,0.0,26411000.0
2012-01-25,75.0,75.0,75.0,75.0,0.0,0.0,26411000.0
2012-01-26,75.0,75.0,75.0,75.0,0.0,0.0,26411000.0
2012-01-27,75.0,75.0,75.0,75.0,0.0,0.0,26411000.0
2012-01-30,75.0,75.0,75.0,75.0,0.0,0.0,26411000.0
2012-01-31,75.0,75.0,75.0,75.0,0.0,0.0,26411000.0
2012-02-01,75.0,75.0,75.0,75.0,0.0,0.0,26411000.0
2012-02-02,75.0,75.0,75.0,75.0,0.0,0.0,26411000.0
2012-02-03,75.0,75.0,75.0,75.0,0.0,0.0,26411000.0
2012-02-05,75.0,75.0,75.0,75.0,0.0,0.0,26411000.0
2012-02-06,75.0,75.0,75.0,75.0,0.0,0.0,26411000.0
2012-02-07,75.0,75.0,75.0,75.0,0.0,0.0,26411000.0
2012-02-08,75.0,75.0,75.0,75.0,0.0,0.0,26411000.0
2012-02-09,75.0,75.0,75.0,75.0,0.0,0.0,26411000.0
2012-02-10,75.0,75.0,75.0,75.0,0.0,0.0,26411000.0
2012-02-13,75.0,75.0,75.0,75.0,0.0,0.0,26411000.0
2012-02-14,75.0,75.0,75.0,75.0,0.0,0.0,26411000.0
2012-02-15,75.0,75.0,75.0,75.0,0.0,0.0,26411000.0
2012-02-16,75.0,75.0,75.0,75.0,0.0,0.0,26411000.0
2012-02-17,75.0,75.0,75.0,75.0,0.0,0.0,26411000.0
2012-02-20,75.0,75.0,75.0,75.0,0.0,0.0,26411000.0
2012-02-21,75.0,75.0,75.0,75.0,0.0,0.0,26411000.0
2012-02-22,75.0,75.0,75.0,75.0,0.0,0.0,26411000.0
2012-02-23,75.0,75.0,75.0,75.0,0.0,0.0,26411000.0
2012-02-24,75.0,75.0,75.0,75.0,0.0,0.0,26411000.0
2012-02-27,75.0,75.0,75.0,75.0,0.0,0.0,26411000.0
2012-02-28,75.0,75.0,75.0,75.0,0.0,0.0,26411000.0
2012-02-29,75.0,75.0,75.0,75.0,0.0,0.0,26411000.0
2012-03-01,75.0,75.0,75.0,75.0,0.0,0.0,26411000.0
2012-03-02,75.0,75.0,75.0,75.0,0.0,0.0,26411000.0
2012-03-05,75.0,75.0,75.0,75.0,0.0,0.0,26411000.0
2012-03-06,75.0,75.0,75.0,75.0,0.0,0.0,26411000.0
2012-03-07,75.0,75.0,75.0,75.0,0.0,0.0,26411000.0
2012-03-08,75.0,75.0,75.0,75.0,0.0,0.0,26411000.0
2012-03-09,75.0,75.0,75.0,75.0,0.0,0.0,26411000.0
2012-03-12,75.0,75.0,75.0,75.0,0.0,0.0,26411000.0
2012-03-13,75.0,75.0,75.0,75.0,0.0,0.0,26411000.0
2012-03-14,75.0,75.0,75.0,75.0,0.0,0.0,26411000.0
2012-03-15,75.0,75.0,75.0,75.0,0.0,0.0,26411000.0
2012-03-16,75.0,75.0,75.0,75.0,0.0,0.0,26411000.0
2012-03-19,75.0,75.0,75.0,75.0,0.0,0.0,26411000.0
2012-03-20,75.0,75.0,75.0,75.0,0.0,0.0,26411000.0
2012-03-21,75.0,75.0,75.0,75.0,0.0,0.0,26411000.0
2012-03-22,75.0,75.0,75.0,75.0,0.0,0.0,26411000.0
2012-03-23,75.0,75.0,75.0,75.0,0.0,0.0,26411000.0
2012-03-26,75.0,75.0,75.0,75.0,0.0,0.0,26411000.0
2012-03-27,75.0,75.0,75.0,75.0,0.0,0.0,26411000.0
2012-03-28,75.0,75.0,75.0,75.0,0.0,0.0,26411000.0
2012-03-29,75.0,75.0,75.0,75.0,0.0,0.0,26411000.0
2012-03-30,75.0,75.0,75.0,75.0,0.0,0.0,26411000.0
2012-04-02,75.0,75.0,75.0,75.0,0.0,0.0,26411000.0
2012-04-03,75.0,75.0,75.0,75.0,0.0,0.0,26411000.0
2012-04-04,75.0,75.0,75.0,75.0,0.0,0.0,26411000.0
2012-04-05,75.0,75.0,75.0,75.0,0.0,0.0,26411000.0
2012-04-08,75.0,75.0,75.0,75.0,0.0,0.0,26411000.0
2012-04-09,75.0,75.0,75.0,75.0,0.0,0.0,26411000.0
2012-04-10,75.0,75.0,75.0,75.0,0.0,0.0,26411000.0
2012-04-11,75.0,75.0,75.0,75.0,0.0,0.0,26411000.0
2012-04-12,75.0,75.0,75.0,75.0,0.0,0.0,26411000.0
2012-04-13,75.0,75.0,75.0,75.0,0.0,0.0,26411000.0
2012-04-16,75.0,75.0,75.0,75.0,0.0,0.0,26411000.0
2012-04-17,75.0,75.0,75.0,75.0,0.0,0.0,26411000.0
2012-04-18,75.0,75.0,75.0,75.0,0.0,0.0,26411000.0
2012-04-19,75.0,75.0,75.0,75.0,0.0,0.0,26411000.0
2012-04-20,75.0,75.0,75.0,75.0,0.0,0.0,26411000.0
2012-04-23,75.0,75.0,75.0,75.0,0.0,0.0,26411000.0
2012-04-24,75.0,75.0,75.0,75.0,0.0,0.0,26411000.0
2012-04-25,75.0,75.0,75.0,75.0,0.0,0.0,26411000.0
2012-04-26,75.0,75.0,75.0,75.0,0.0,0.0,26411000.0
2012-04-27,75.0,75.0,75.0,75.0,0.0,0.0,26411000.0
2012-04-30,75.0,75.0,75.0,75.0,0.0,0.0,26411000.0
2012-05-01,75.0,75.0,75.0,75.0,0.0,0.0,26411000.0
2012-05-02,75.0,75.0,75.0,75.0,0.0,0.0,26411000.0
2012-05-03,75.0,75.0,75.0,75.0,0.0,0.0,26411000.0
2012-05-04,75.0,75.0,75.0,75.0,0.0,0.0,26411000.0
2012-05-07,75.0,75.0,75.0,75.0,0.0,0.0,26411000.0
2012-05-08,75.0,75.0,75.0,75.0,0.0,0.0,26411000.0
2012-05-09,75.0,75.0,75.0,75.0,0.0,0.0,26411000.0
2012-05-10,75.0,75.0,75.0,75.0,0.0,0.0,26411000.0
2012-05-11,75.0,75.0,75.0,75.0,0.0,0.0,26411000.0
2012-05-14,75.0,75.0,75.0,75.0,0.0,0.0,26411000.0
2012-05-15,75.0,75.0,75.0,75.0,0.0,0.0,26411000.0
2012-05-16,75.0,75.0,75.0,75.0,0.0,0.0,26411000.0
2012-05-17,75.0,75.0,75.0,75.0,0.0,0.0,26411000.0
2012-05-18,75.0,75.0,75.0,75.0,0.0,0.0,26411000.0
2012-05-21,75.0,75.0,75.0,75.0,0.0,0.0,26411000.0
2012-05-22,75.0,75.0,75.0,75.0,0.0,0.0,26411000.0
2012-05-23,75.0,75.0,75.0,75.0,0.0,0.0,26411000.0
2012-05-24,75.0,75.0,75.0,75.0,0.0,0.0,26411000.0
2012-05-25,75.0,75.0,75.0,75.0,0.0,0.0,26411000.0
2012-05-28,75.0,75.0,75.0,75.0,0.0,0.0,26411000.0
2012-05-29,75.0,75.0,75.0,75.0,0.0,0.0,26411000.0
2012-05-30,75.0,75.0,75.0,75.0,0.0,0.0,26411000.0
2012-05-31,75.0,75.0,75.0,75.0,0.0,0.0,26411000.0
2012-06-01,75.0,75.0,75.0,75.0,0.0,0.0,26411000.0
2012-06-04,75.0,75.0,75.0,75.0,0.0,0.0,26411000.0
2012-06-05,75.0,75.0,75.0,75.0,0.0,0.0,26411000.0
2012-06-06,75.0,75.0,75.0,75.0,0.0,0.0,26411000.0
2012-06-07,75.0,75.0,75.0,75.0,0.0,0.0,26411000.0
2012-06-08,75.0,75.0,75.0,75.0,0.0,0.0,26411000.0
2012-06-11,75.0,75.0,75.0,75.0,0.0,0.0,26411000.0
2012-06-12,75.0,75.0,75.0,75.0,0.0,0.0,26411000.0
2012-06-13,75.0,75.0,75.0,75.0,0.0,0.0,26411000.0
2012-06-14,75.0,75.0,75.0,75.0,0.0,0.0,26411000.0
2012-06-15,75.0,75.0,75.0,75.0,0.0,0.0,26411000.0
2012-06-18,75.0,75.0,75.0,75.0,0.0,0.0,26411000.0
2012-06-19,75.0,75.0,75.0,75.0,0.0,0.0,26411000.0
2012-06-20,75.0,75.0,75.0,75.0,0.0,0.0,26411000.0
2012-06-21,75.0,75.0,75.0,75.0,0.0,0.0,26411000.0
2012-06-22,75.0,75.0,75.0,75.0,0.0,0.0,26411000.0
2012-06-25,75.0,75.0,75.0,75.0,0.0,0.0,26411000.0
2012-06-26,75.0,75.0,75.0,75.0,0.0,0.0,26411000.0
2012-06-27,75.0,75.0,75.0,75.0,0.0,0.0,26411000.0
2012-06-28,75.0,75.0,75.0,75.0,0.0,0.0,26411000.0
2012-06-29,75.0,75.0,75.0,75.0,0.0,0.0,26411000.0
2012-07-02,75.0,75.0,75.0,75.0,0.0,0.0,26411000.0
2012-07-03,75.0,75.0,75.0,75.0,0.0,0.0,26411000.0
2012-07-04,75.0,75.0,75.0,75.0,0.0,0.0,26411000.0
2012-07-05,75.0,75.0,75.0,75.0,0.0,0.0,26411000.0
2012-07-06,75.0,75.0,75.0,75.0,0.0,0.0,26411000.0
2012-07-07,75.0,75.0,75.0,75.0,0.0,0.0,26411000.0
2012-07-08,75.0,75.0,75.0,75.0,0.0,0.0,26411000.0
2012-07-09,75.0,75.0,75.0,75.0,0.0,0.0,26411000.0
2012-07-10,75.0,75.0,75.0,75.0,0.0,0.0,26411000.0
2012-07-11,75.0,75.0,75.0,75.0,0.0,0.0,26411000.0
2012-07-12,75.0,75.0,75.0,75.0,0.0,0.0,26411000.0
2012-07-13,75.0,75.0,75.0,75.0,0.0,0.0,26411000.0
2012-07-16,75.0,75.0,75.0,75.0,0.0,0.0,26411000.0
2012-07-17,75.0,75.0,75.0,75.0,0.0,0.0,26411000.0
2012-07-18,75.0,75.0,75.0,75.0,0.0,0.0,26411000.0
2012-07-19,75.0,75.0,75.0,75.0,0.0,0.0,26411000.0
2012-07-20,75.0,75.0,75.0,75.0,0.0,0.0,26411000.0
2012-07-23,75.0,75.0,75.0,75.0,0.0,0.0,26411000.0
2012-07-24,75.0,75.0,75.0,75.0,0.0,0.0,26411000.0
2012-07-25,75.0,75.0,75.0,75.0,0.0,0.0,26411000.0
2012-07-26,75.0,75.0,75.0,75.0,0.0,0.0,26411000.0
2012-07-27,75.0,75.0,75.0,75.0,0.0,0.0,26411000.0
2012-07-30,75.0,75.0,75.0,75.0,0.0,0.0,26411000.0
2012-07-31,75.0,75.0,75.0,75.0,0.0,0.0,26411000.0
2012-08-01,75.0,75.0,75.0,75.0,0.0,0.0,26411000.0
2012-08-02,75.0,75.0,75.0,75.0,0.0,0.0,26411000.0
2012-08-03,75.0,75.0,75.0,75.0,0.0,0.0,26411000.0
2012-08-06,75.0,75.0,75.0,75.0,0.0,0.0,26411000.0
2012-08-07,75.0,75.0,75.0,75.0,0.0,0.0,26411000.0
2012-08-08,75.0,75.0,75.0,75.0,0.0,0.0,26411000.0
2012-08-09,75.0,75.0,75.0,75.0,0.0,0.0,26411000.0
2012-08-10,75.0,75.0,75.0,75.0,0.0,0.0,26411000.0
2012-08-13,75.0,75.0,75.0,75.0,0.0,0.0,26411000.0
2012-08-14,75.0,75.0,75.0,75.0,0.0,0.0,26411000.0
2012-08-15,75.0,75.0,75.0,75.0,0.0,0.0,26411000.0
2012-08-16,75.0,75.0,75.0,75.0,0.0,0.0,26411000.0
2012-08-17,75.0,75.0,75.0,75.0,0.0,0.0,26411000.0
2012-08-20,75.0,75.0,75.0,75.0,0.0,0.0,26411000.0
2012-08-21,75.0,75.0,75.0,75.0,0.0,0.0,26411000.0
2012-08-22,75.0,75.0,75.0,75.0,0.0,0.0,26411000.0
2012-08-23,75.0,75.0,75.0,75.0,0.0,0.0,26411000.0
2012-08-24,75.0,75.0,75.0,75.0,0.0,0.0,26411000.0
2012-08-27,75.0,75.0,75.0,75.0,0.0,0.0,26411000.0
2012-08-28,75.0,75.0,75.0,75.0,0.0,0.0,26411000.0
2012-08-29,75.0,75.0,75.0,75.0,0.0,0.0,26411000.0
2012-08-30,75.0,75.0,75.0,75.0,0.0,0.0,26411000.0
2012-08-31,75.0,75.0,75.0,75.0,0.0,0.0,26411000.0
2012-09-03,75.0,75.0,75.0,75.0,0.0,0.0,26411000.0
2012-09-04,75.0,75.0,75.0,75.0,0.0,0.0,26411000.0
2012-09-05,75.0,75.0,75.0,75.0,0.0,0.0,26411000.0
2012-09-06,75.0,75.0,75.0,75.0,0.0,0.0,26411000.0
2012-09-07,75.0,75.0,75.0,75.0,0.0,0.0,26411000.0
2012-09-10,75.0,75.0,75.0,75.0,0.0,0.0,26411000.0
2012-09-11,75.0,75.0,75.0,75.0,0.0,0.0,26411000.0
2012-09-12,75.0,75.0,75.0,75.0,0.0,0.0,26411000.0
2012-09-13,75.0,75.0,75.0,75.0,0.0,0.0,26411000.0
2012-09-14,75.0,75.0,75.0,75.0,0.0,0.0,26411000.0
2012-09-17,75.0,75.0,75.0,75.0,0.0,0.0,26411000.0
2012-09-18,75.0,75.0,75.0,75.0,0.0,0.0,26411000.0
2012-09-19,75.0,75.0,75.0,75.0,0.0,0.0,26411000.0
2012-09-20,75.0,75.0,75.0,75.0,0.0,0.0,26411000.0
2012-09-21,75.0,75.0,75.0,75.0,0.0,0.0,26411000.0
2012-09-24,75.0,75.0,75.0,75.0,0.0,0.0,26411000.0
2012-09-25,75.0,75.0,75.0,75.0,0.0,0.0,26411000.0
2012-09-26,75.0,75.0,75.0,75.0,0.0,0.0,26411000.0
2012-09-27,75.0,75.0,75.0,75.0,0.0,0.0,26411000.0
2012-09-28,75.0,75.0,75.0,75.0,0.0,0.0,26411000.0
2012-10-01,75.0,75.0,75.0,75.0,0.0,0.0,26411000.0
2012-10-02,75.0,75.0,75.0,75.0,0.0,0.0,26411000.0
2012-10-03,75.0,75.0,75.0,75.0,0.0,0.0,26411000.0
2012-10-04,75.0,75.0,75.0,75.0,0.0,0.0,26411000.0
2012-10-05,75.0,75.0,75.0,75.0,0.0,0.0,26411000.0
2012-10-08,75.0,75.0,75.0,75.0,0.0,0.0,26411000.0
2012-10-09,75.0,75.0,75.0,75.0,0.0,0.0,26411000.0
2012-10-10,75.0,75.0,75.0,75.0,0.0,0.0,26411000.0
2012-10-11,75.0,75.0,75.0,75.0,0.0,0.0,26411000.0
2012-10-12,75.0,75.0,75.0,75.0,0.0,0.0,26411000.0
2012-10-15,75.0,75.0,75.0,75.0,0.0,0.0,26411000.0
2012-10-16,75.0,75.0,75.0,75.0,0.0,0.0,26411000.0
2012-10-17,75.0,75.0,75.0,75.0,0.0,0.0,26411000.0
2012-10-18,75.0,75.0,75.0,75.0,0.0,0.0,26411000.0
2012-10-19,75.0,75.0,75.0,75.0,0.0,0.0,26411000.0
2012-10-22,75.0,75.0,75.0,75.0,0.0,0.0,26411000.0
2012-10-23,75.0,75.0,75.0,75.0,0.0,0.0,26411000.0
2012-10-24,75.0,75.0,75.0,75.0,0.0,0.0,26411000.0
2012-10-25,75.0,75.0,75.0,75.0,0.0,0.0,26411000.0
2012-10-26,75.0,75.0,75.0,75.0,0.0,0.0,26411000.0
2012-10-29,75.0,75.0,75.0,75.0,0.0,0.0,26411000.0
2012-10-30,75.0,75.0,75.0,75.0,0.0,0.0,26411000.0
2012-10-31,75.0,75.0,75.0,75.0,0.0,0.0,26411000.0
2012-11-01,75.0,75.0,75.0,75.0,0.0,0.0,26411000.0
2012-11-02,75.0,75.0,75.0,75.0,0.0,0.0,26411000.0
2012-11-05,75.0,75.0,75.0,75.0,0.0,0.0,26411000.0
2012-11-06,75.0,75.0,75.0,75.0,0.0,0.0,26411000.0
2012-11-07,75.0,75.0,75.0,75.0,0.0,0.0,26411000.0
2012-11-08,75.0,75.0,75.0,75.0,0.0,0.0,26411000.0
2012-11-09,75.0,75.0,75.0,75.0,0.0,0.0,26411000.0
2012-11-12,75.0,75.0,75.0,75.0,0.0,0.0,26411000.0
2012-11-13,75.0,75.0,75.0,75.0,0.0,0.0,26411000.0
2012-11-14,75.0,75.0,75.0,75.0,0.0,0.0,26411000.0
2012-11-15,75.0,75.0,75.0,75.0,0.0,0.0,26411000.0
2012-11-16,75.0,75.0,75.0,75.0,0.0,0.0,26411000.0
2012-11-19,75.0,75.0,75.0,75.0,0.0,0.0,26411000.0
2012-11-20,75.0,75.0,75.0,75.0,0.0,0.0,26411000.0
2012-11-21,75.0,75.0,75.0,75.0,0.0,0.0,26411000.0
2012-11-22,75.0,75.0,75.0,75.0,0.0,0.0,26411000.0
2012-11-23,75.0,75.0,75.0,75.0,0.0,0.0,26411000.0
2012-11-26,75.0,75.0,75.0,75.0,0.0,0.0,26411000.0
2012-11-27,75.0,75.0,75.0,75.0,0.0,0.0,26411000.0
2012-11-28,75.0,75.0,75.0,75.0,0.0,0.0,26411000.0
2012-11-29,75.0,75.0,75.0,75.0,0.0,0.0,26411000.0
2012-11-30,75.0,75.0,75.0,75.0,0.0,0.0,26411000.0
2012-12-03,75.0,75.0,75.0,75.0,0.0,0.0,26411000.0
2012-12-04,75.0,75.0,75.0,75.0,0.0,0.0,26411000.0
2012-12-05,75.0,75.0,75.0,75.0,0.0,0.0,26411000.0
2012-12-06,75.0,75.0,75.0,75.0,0.0,0.0,26411000.0
2012-12-07,75.0,75.0,75.0,75.0,0.0,0.0,26411000.0
2012-12-10,75.0,75.0,75.0,75.0,0.0,0.0,26411000.0
2012-12-11,75.0,75.0,75.0,75.0,0.0,0.0,26411000.0
2012-12-12,75.0,75.0,75.0,75.0,0.0,0.0,26411000.0
2012-12-13,75.0,75.0,75.0,75.0,0.0,0.0,26411000.0
2012-12-14,75.0,75.0,75.0,75.0,0.0,0.0,26411000.0
2012-12-17,75.0,75.0,75.0,75.0,0.0,0.0,26411000.0
2012-12-18,75.0,75.0,75.0,75.0,0.0,0.0,26411000.0
2012-12-19,75.0,75.0,75.0,75.0,0.0,0.0,26411000.0
2012-12-20,75.0,75.0,75.0,75.0,0.0,0.0,26411000.0
2012-12-21,75.0,75.0,75.0,75.0,0.0,0.0,26411000.0
2012-12-24,75.0,75.0,75.0,75.0,0.0,0.0,26411000.0
2012-12-27,75.0,75.0,75.0,75.0,0.0,0.0,26411000.0
2012-12-28,75.0,75.0,75.0,75.0,0.0,0.0,26411000.0
2012-12-31,75.0,75.0,75.0,75.0,0.0,0.0,26411000.0
2013-01-02,75.0,75.0,75.0,75.0,0.0,0.0,26411000.0
2013-01-03,75.0,75.0,75.0,75.0,0.0,0.0,26411000.0
2013-01-04,75.0,75.0,75.0,75.0,0.0,0.0,26411000.0
2013-01-07,75.0,75.0,75.0,75.0,0.0,0.0,26411000.0
2013-01-08,75.0,75.0,75.0,75.0,0.0,0.0,26411000.0
2013-01-09,75.0,75.0,75.0,75.0,0.0,0.0,26411000.0
2013-01-10,75.0,75.0,75.0,75.0,0.0,0.0,26411000.0
2013-01-11,75.0,75.0,75.0,75.0,0.0,0.0,26411000.0
2013-01-14,75.0,75.0,75.0,75.0,0.0,0.0,26411000.0
2013-01-15,75.0,75.0,75.0,75.0,0.0,0.0,26411000.0
2013-01-16,75.0,75.0,75.0,75.0,0.0,0.0,26411000.0
2013-01-17,75.0,75.0,75.0,75.0,0.0,0.0,26411000.0
2013-01-18,75.0,75.0,75.0,75.0,0.0,0.0,26411000.0
2013-01-21,75.0,75.0,75.0,75.0,0.0,0.0,26411000.0
2013-01-22,75.0,75.0,75.0,75.0,0.0,0.0,26411000.0
2013-01-23,75.0,75.0,75.0,75.0,0.0,0.0,26411000.0
2013-01-24,75.0,75.0,75.0,75.0,0.0,0.0,26411000.0
2013-01-25,75.0,75.0,75.0,75.0,0.0,0.0,26411000.0
2013-01-28,75.0,75.0,75.0,75.0,0.0,0.0,26411000.0
2013-01-29,75.0,75.0,75.0,75.0,0.0,0.0,26411000.0
2013-01-30,75.0,75.0,75.0,75.0,0.0,0.0,26411000.0
2013-01-31,75.0,75.0,75.0,75.0,0.0,0.0,26411000.0
2013-02-01,75.0,75.0,75.0,75.0,0.0,0.0,26411000.0
2013-02-04,75.0,75.0,75.0,75.0,0.0,0.0,26411000.0
2013-02-05,75.0,75.0,75.0,75.0,0.0,0.0,26411000.0
2013-02-06,75.0,75.0,75.0,75.0,0.0,0.0,26411000.0
2013-02-07,75.0,75.0,75.0,75.0,0.0,0.0,26411000.0
2013-02-08,75.0,75.0,75.0,75.0,0.0,0.0,26411000.0
2013-02-11,75.0,75.0,75.0,75.0,0.0,0.0,26411000.0
2013-02-12,75.0,75.0,75.0,75.0,0.0,0.0,26411000.0
2013-02-13,75.0,75.0,75.0,75.0,0.0,0.0,26411000.0
2013-02-14,75.0,75.0,75.0,75.0,0.0,0.0,26411000.0
2013-02-15,75.0,75.0,75.0,75.0,0.0,0.0,26411000.0
2013-02-18,75.0,75.0,75.0,75.0,0.0,0.0,26411000.0
2013-02-19,75.0,75.0,75.0,75.0,0.0,0.0,26411000.0
2013-02-20,75.0,75.0,75.0,75.0,0.0,0.0,26411000.0
2013-02-21,75.0,75.0,75.0,75.0,0.0,0.0,26411000.0
2013-02-22,75.0,75.0,75.0,75.0,0.0,0.0,26411000.0
2013-02-25,75.0,75.0,75.0,75.0,0.0,0.0,26411000.0
2013-02-26,75.0,75.0,75.0,75.0,0.0,0.0,26411000.0
2013-02-27,75.0,75.0,75.0,75.0,0.0,0.0,26411000.0
2013-02-28,75.0,75.0,75.0,75.0,0.0,0.0,26411000.0
2013-03-01,75.0,75.0,75.0,75.0,0.0,0.0,26411000.0
2013-03-04,75.0,75.0,75.0,75.0,0.0,0.0,26411000.0
2013-03-05,75.0,75.0,75.0,75.0,0.0,0.0,26411000.0
2013-03-06,75.0,75.0,75.0,75.0,0.0,0.0,26411000.0
2013-03-07,75.0,75.0,75.0,75.0,0.0,0.0,26411000.0
2013-03-08,75.0,75.0,75.0,75.0,0.0,0.0,26411000.0
2013-03-11,75.0,75.0,75.0,75.0,0.0,0.0,26411000.0
2013-03-12,75.0,75.0,75.0,75.0,0.0,0.0,26411000.0
2013-03-13,75.0,75.0,75.0,75.0,0.0,0.0,26411000.0
2013-03-14,75.0,75.0,75.0,75.0,0.0,0.0,26411000.0
2013-03-15,75.0,75.0,75.0,75.0,0.0,0.0,26411000.0
2013-03-18,75.0,75.0,75.0,75.0,0.0,0.0,26411000.0
2013-03-19,75.0,75.0,75.0,75.0,0.0,0.0,26411000.0
2013-03-20,75.0,75.0,75.0,75.0,0.0,0.0,26411000.0
2013-03-21,75.0,75.0,75.0,75.0,0.0,0.0,26411000.0
2013-03-22,75.0,75.0,75.0,75.0,0.0,0.0,26411000.0
2013-03-25,75.0,75.0,75.0,75.0,0.0,0.0,26411000.0
2013-03-26,75.0,75.0,75.0,75.0,0.0,0.0,26411000.0
2013-03-27,75.0,75.0,75.0,75.0,0.0,0.0,26411000.0
2013-03-28,75.0,75.0,75.0,75.0,0.0,0.0,26411000.0
2013-04-01,75.0,75.0,75.0,75.0,0.0,0.0,26411000.0
2013-04-02,75.0,75.0,75.0,75.0,0.0,0.0,26411000.0
2013-04-03,75.0,75.0,75.0,75.0,0.0,0.0,26411000.0
2013-04-04,75.0,75.0,75.0,75.0,0.0,0.0,26411000.0
2013-04-05,75.0,75.0,75.0,75.0,0.0,0.0,26411000.0
2013-04-08,75.0,75.0,75.0,75.0,0.0,0.0,26411000.0
2013-04-09,75.0,75.0,75.0,75.0,0.0,0.0,26411000.0
2013-04-10,75.0,75.0,75.0,75.0,0.0,0.0,26411000.0
2013-04-11,75.0,75.0,75.0,75.0,0.0,0.0,26411000.0
2013-04-12,75.0,75.0,75.0,75.0,0.0,0.0,26411000.0
2013-04-15,75.0,75.0,75.0,75.0,0.0,0.0,26411000.0
2013-04-16,75.0,75.0,75.0,75.0,0.0,0.0,26411000.0
2013-04-17,75.0,75.0,75.0,75.0,0.0,0.0,26411000.0
2013-04-18,75.0,75.0,75.0,75.0,0.0,0.0,26411000.0
2013-04-19,75.0,75.0,75.0,75.0,0.0,0.0,26411000.0
2013-04-22,75.0,75.0,75.0,75.0,0.0,0.0,26411000.0
2013-04-23,75.0,75.0,75.0,75.0,0.0,0.0,26411000.0
2013-04-24,75.0,75.0,75.0,75.0,0.0,0.0,26411000.0
2013-04-25,75.0,75.0,75.0,75.0,0.0,0.0,26411000.0
2013-04-26,75.0,75.0,75.0,75.0,0.0,0.0,26411000.0
2013-04-29,75.0,75.0,75.0,75.0,0.0,0.0,26411000.0
2013-04-30,75.0,75.0,75.0,75.0,0.0,0.0,26411000.0
2013-05-01,75.0,75.0,75.0,75.0,0.0,0.0,26411000.0
2013-05-02,75.0,75.0,75.0,75.0,0.0,0.0,26411000.0
2013-05-03,75.0,75.0,75.0,75.0,0.0,0.0,26411000.0
2013-05-06,75.0,75.0,75.0,75.0,0.0,0.0,26411000.0
2013-05-07,75.0,75.0,75.0,75.0,0.0,0.0,26411000.0
2013-05-08,75.0,75.0,75.0,75.0,0.0,0.0,26411000.0
2013-05-09,75.0,75.0,75.0,75.0,0.0,0.0,26411000.0
2013-05-10,75.0,75.0,75.0,75.0,0.0,0.0,26411000.0
2013-05-13,75.0,75.0,75.0,75.0,0.0,0.0,26411000.0
2013-05-14,75.0,75.0,75.0,75.0,0.0,0.0,26411000.0
2013-05-15,75.0,75.0,75.0,75.0,0.0,0.0,26411000.0
2013-05-16,75.0,75.0,75.0,75.0,0.0,0.0,26411000.0
2013-05-17,75.0,75.0,75.0,75.0,0.0,0.0,26411000.0
2013-05-20,75.0,75.0,75.0,75.0,0.0,0.0,26411000.0
2013-05-21,75.0,75.0,75.0,75.0,0.0,0.0,26411000.0
2013-05-22,75.0,75.0,75.0,75.0,0.0,0.0,26411000.0
2013-05-23,75.0,75.0,75.0,75.0,0.0,0.0,26411000.0
2013-05-24,75.0,75.0,75.0,75.0,0.0,0.0,26411000.0
2013-05-27,75.0,75.0,75.0,75.0,0.0,0.0,26411000.0
2013-05-28,75.0,75.0,75.0,75.0,0.0,0.0,26411000.0
2013-05-29,75.0,75.0,75.0,75.0,0.0,0.0,26411000.0
2013-05-30,75.0,75.0,75.0,75.0,0.0,0.0,26411000.0
2013-05-31,75.0,75.0,75.0,75.0,0.0,0.0,26411000.0
2013-06-03,75.0,75.0,75.0,75.0,0.0,0.0,26411000.0
2013-06-04,75.0,75.0,75.0,75.0,0.0,0.0,26411000.0
2013-06-05,75.0,75.0,75.0,75.0,0.0,0.0,26411000.0
2013-06-06,75.0,75.0,75.0,75.0,0.0,0.0,26411000.0
2013-06-07,75.0,75.0,75.0,75.0,0.0,0.0,26411000.0
2013-06-10,75.0,75.0,75.0,75.0,0.0,0.0,26411000.0
2013-06-11,75.0,75.0,75.0,75.0,0.0,0.0,26411000.0
2013-06-12,75.0,75.0,75.0,75.0,0.0,0.0,26411000.0
2013-06-13,75.0,75.0,75.0,75.0,0.0,0.0,26411000.0
2013-06-14,75.0,75.0,75.0,75.0,0.0,0.0,26411000.0
2013-06-17,75.0,75.0,75.0,75.0,0.0,0.0,26411000.0
2013-06-18,75.0,75.0,75.0,75.0,0.0,0.0,26411000.0
2013-06-19,75.0,75.0,75.0,75.0,0.0,0.0,26411000.0
2013-06-20,75.0,75.0,75.0,75.0,0.0,0.0,26411000.0
2013-06-21,75.0,75.0,75.0,75.0,0.0,0.0,26411000.0
2013-06-24,75.0,75.0,75.0,75.0,0.0,0.0,26411000.0
2013-06-25,75.0,75.0,75.0,75.0,0.0,0.0,26411000.0
2013-06-26,75.0,75.0,75.0,75.0,0.0,0.0,26411000.0
2013-06-27,75.0,75.0,75.0,75.0,0.0,0.0,26411000.0
2013-06-28,75.0,75.0,75.0,75.0,0.0,0.0,26411000.0
2013-07-01,75.0,75.0,75.0,75.0,0.0,0.0,26411000.0
2013-07-02,75.0,75.0,75.0,75.0,0.0,0.0,26411000.0
2013-07-03,75.0,75.0,75.0,75.0,0.0,0.0,26411000.0
2013-07-04,75.0,75.0,75.0,75.0,0.0,0.0,26411000.0
2013-07-05,75.0,75.0,75.0,75.0,0.0,0.0,26411000.0
2013-07-08,75.0,75.0,75.0,75.0,0.0,0.0,26411000.0
2013-07-09,75.0,75.0,75.0,75.0,0.0,0.0,26411000.0
2013-07-10,75.0,75.0,75.0,75.0,0.0,0.0,26411000.0
2013-07-11,75.0,75.0,75.0,75.0,0.0,0.0,26411000.0
2013-07-12,75.0,75.0,75.0,75.0,0.0,0.0,26411000.0
2013-07-15,75.0,75.0,75.0,75.0,0.0,0.0,26411000.0
2013-07-16,75.0,75.0,75.0,75.0,0.0,0.0,26411000.0
2013-07-17,75.0,75.0,75.0,75.0,0.0,0.0,26411000.0
2013-07-18,75.0,75.0,75.0,75.0,0.0,0.0,26411000.0
2013-07-19,75.0,75.0,75.0,75.0,0.0,0.0,26411000.0
2013-07-22,75.0,75.0,75.0,75.0,0.0,0.0,26411000.0
2013-07-23,75.0,75.0,75.0,75.0,0.0,0.0,26411000.0
2013-07-24,75.0,75.0,75.0,75.0,0.0,0.0,26411000.0
2013-07-25,75.0,75.0,75.0,75.0,0.0,0.0,26411000.0
2013-07-26,75.0,75.0,75.0,75.0,0.0,0.0,26411000.0
2013-07-29,75.0,75.0,75.0,75.0,0.0,0.0,26411000.0
2013-07-30,75.0,75.0,75.0,75.0,0.0,0.0,26411000.0
2013-07-31,75.0,75.0,75.0,75.0,0.0,0.0,26411000.0
2013-08-01,75.0,75.0,75.0,75.0,0.0,0.0,26411000.0
2013-08-02,75.0,75.0,75.0,75.0,0.0,0.0,26411000.0
2013-08-05,75.0,75.0,75.0,75.0,0.0,0.0,26411000.0
2013-08-06,75.0,75.0,75.0,75.0,0.0,0.0,26411000.0
2013-08-07,75.0,75.0,75.0,75.0,0.0,0.0,26411000.0
2013-08-08,75.0,75.0,75.0,75.0,0.0,0.0,26411000.0
2013-08-09,75.0,75.0,75.0,75.0,0.0,0.0,26411000.0
2013-08-12,75.0,75.0,75.0,75.0,0.0,0.0,26411000.0
2013-08-13,75.0,75.0,75.0,75.0,0.0,0.0,26411000.0
2013-08-14,75.0,75.0,75.0,75.0,0.0,0.0,26411000.0
2013-08-15,75.0,75.0,75.0,75.0,0.0,0.0,26411000.0
2013-08-16,75.0,75.0,75.0,75.0,0.0,0.0,26411000.0
2013-08-19,75.0,75.0,75.0,75.0,0.0,0.0,26411000.0
2013-08-20,75.0,75.0,75.0,75.0,0.0,0.0,26411000.0
2013-08-21,75.0,75.0,75.0,75.0,0.0,0.0,26411000.0
2013-08-22,75.0,75.0,75.0,75.0,0.0,0.0,26411000.0
2013-08-23,75.0,75.0,75.0,75.0,0.0,0.0,26411000.0
2013-08-26,75.0,75.0,75.0,75.0,0.0,0.0,26411000.0
2013-08-27,75.0,75.0,75.0,75.0,0.0,0.0,26411000.0
2013-08-28,75.0,75.0,75.0,75.0,0.0,0.0,26411000.0
2013-08-29,75.0,75.0,75.0,75.0,0.0,0.0,26411000.0
2013-08-30,75.0,75.0,75.0,75.0,0.0,0.0,26411000.0
2013-09-02,75.0,75.0,75.0,75.0,0.0,0.0,26411000.0
2013-09-03,75.0,75.0,75.0,75.0,0.0,0.0,26411000.0
2013-09-04,75.0,75.0,75.0,75.0,0.0,0.0,26411000.0
2013-09-05,75.0,75.0,75.0,75.0,0.0,0.0,26411000.0
2013-09-06,75.0,75.0,75.0,75.0,0.0,0.0,26411000.0
2013-09-09,75.0,75.0,75.0,75.0,0.0,0.0,26411000.0
2013-09-10,75.0,75.0,75.0,75.0,0.0,0.0,26411000.0
2013-09-11,75.0,75.0,75.0,75.0,0.0,0.0,26411000.0
2013-09-12,75.0,75.0,75.0,75.0,0.0,0.0,26411000.0
2013-09-13,75.0,75.0,75.0,75.0,0.0,0.0,26411000.0
2013-09-16,75.0,75.0,75.0,75.0,0.0,0.0,26411000.0
2013-09-17,75.0,75.0,75.0,75.0,0.0,0.0,26411000.0
2013-09-18,75.0,75.0,75.0,75.0,0.0,0.0,26411000.0
2013-09-19,75.0,75.0,75.0,75.0,0.0,0.0,26411000.0
2013-09-20,75.0,75.0,75.0,75.0,0.0,0.0,26411000.0
2013-09-23,75.0,75.0,75.0,75.0,0.0,0.0,26411000.0
2013-09-24,75.0,75.0,75.0,75.0,0.0,0.0,26411000.0
2013-09-25,75.0,75.0,75.0,75.0,0.0,0.0,26411000.0
2013-09-26,75.0,75.0,75.0,75.0,0.0,0.0,26411000.0
2013-09-27,75.0,75.0,75.0,75.0,0.0,0.0,26411000.0
2013-09-30,75.0,75.0,75.0,75.0,0.0,0.0,26411000.0
2013-10-01,75.0,75.0,75.0,75.0,0.0,0.0,26411000.0
2013-10-02,75.0,75.0,75.0,75.0,0.0,0.0,26411000.0
2013-10-03,75.0,75.0,75.0,75.0,0.0,0.0,26411000.0
2013-10-04,75.0,75.0,75.0,75.0,0.0,0.0,26411000.0
2013-10-07,75.0,75.0,75.0,75.0,0.0,0.0,26411000.0
2013-10-08,75.0,75.0,75.0,75.0,0.0,0.0,26411000.0
2013-10-09,75.0,75.0,75.0,75.0,0.0,0.0,26411000.0
2013-10-10,75.0,75.0,75.0,75.0,0.0,0.0,26411000.0
2013-10-11,75.0,75.0,75.0,75.0,0.0,0.0,26411000.0
2013-10-14,75.0,75.0,75.0,75.0,0.0,0.0,26411000.0
2013-10-15,75.0,75.0,75.0,75.0,0.0,0.0,26411000.0
2013-10-16,75.0,75.0,75.0,75.0,0.0,0.0,26411000.0
2013-10-17,75.0,75.0,75.0,75.0,0.0,0.0,26411000.0
2013-10-18,75.0,75.0,75.0,75.0,0.0,0.0,26411000.0
2013-10-21,75.0,75.0,75.0,75.0,0.0,0.0,26411000.0
2013-10-22,75.0,75.0,75.0,75.0,0.0,0.0,26411000.0
2013-10-23,75.0,75.0,75.0,75.0,0.0,0.0,26411000.0
2013-10-24,75.0,75.0,75.0,75.0,0.0,0.0,26411000.0
2013-10-25,75.0,75.0,75.0,75.0,0.0,0.0,26411000.0
2013-10-28,75.0,75.0,75.0,75.0,0.0,0.0,26411000.0
2013-10-29,75.0,75.0,75.0,75.0,0.0,0.0,26411000.0
2013-10-30,75.0,75.0,75.0,75.0,0.0,0.0,26411000.0
2013-10-31,75.0,75.0,75.0,75.0,0.0,0.0,26411000.0
2013-11-01,75.0,75.0,75.0,75.0,0.0,0.0,26411000.0
2013-11-04,75.0,75.0,75.0,75.0,0.0,0.0,26411000.0
2013-11-05,75.0,75.0,75.0,75.0,0.0,0.0,26411000.0
2013-11-06,75.0,75.0,75.0,75.0,0.0,0.0,26411000.0
2013-11-07,75.0,75.0,75.0,75.0,0.0,0.0,26411000.0
2013-11-08,75.0,75.0,75.0,75.0,0.0,0.0,26411000.0
2013-11-11,75.0,75.0,75.0,75.0,0.0,0.0,26411000.0
2013-11-12,75.0,75.0,75.0,75.0,0.0,0.0,26411000.0
2013-11-13,75.0,75.0,75.0,75.0,0.0,0.0,26411000.0
2013-11-14,75.0,75.0,75.0,75.0,0.0,0.0,26411000.0
2013-11-15,75.0,75.0,75.0,75.0,0.0,0.0,26411000.0
2013-11-18,75.0,75.0,75.0,75.0,0.0,0.0,26411000.0
2013-11-19,75.0,75.0,75.0,75.0,0.0,0.0,26411000.0
2013-11-20,75.0,75.0,75.0,75.0,0.0,0.0,26411000.0
2013-11-21,75.0,75.0,75.0,75.0,0.0,0.0,26411000.0
2013-11-22,75.0,75.0,75.0,75.0,0.0,0.0,26411000.0
2013-11-25,75.0,75.0,75.0,75.0,0.0,0.0,26411000.0
2013-11-26,75.0,75.0,75.0,75.0,0.0,0.0,26411000.0
2013-11-27,75.0,75.0,75.0,75.0,0.0,0.0,26411000.0
2013-11-28,75.0,75.0,75.0,75.0,0.0,0.0,26411000.0
2013-11-29,75.0,75.0,75.0,75.0,0.0,0.0,26411000.0
2013-12-02,75.0,75.0,75.0,75.0,0.0,0.0,26411000.0
2013-12-03,75.0,75.0,75.0,75.0,0.0,0.0,26411000.0
2013-12-04,75.0,75.0,75.0,75.0,0.0,0.0,26411000.0
2013-12-05,75.0,75.0,75.0,75.0,0.0,0.0,26411000.0
2013-12-06,75.0,75.0,75.0,75.0,0.0,0.0,26411000.0
2013-12-09,75.0,75.0,75.0,75.0,0.0,0.0,26411000.0
2013-12-10,75.0,75.0,75.0,75.0,0.0,0.0,26411000.0
2013-12-11,75.0,75.0,75.0,75.0,0.0,0.0,26411000.0
2013-12-12,75.0,75.0,75.0,75.0,0.0,0.0,26411000.0
2013-12-13,75.0,75.0,75.0,75.0,0.0,0.0,26411000.0
2013-12-16,75.0,75.0,75.0,75.0,0.0,0.0,26411000.0
2013-12-17,75.0,75.0,75.0,75.0,0.0,0.0,26411000.0
2013-12-18,75.0,75.0,75.0,75.0,0.0,0.0,26411000.0
2013-12-19,75.0,75.0,75.0,75.0,0.0,0.0,26411000.0
2013-12-20,75.0,75.0,75.0,75.0,0.0,0.0,26411000.0
2013-12-23,75.0,75.0,75.0,75.0,0.0,0.0,26411000.0
2013-12-24,75.0,75.0,75.0,75.0,0.0,0.0,26411000.0
2013-12-27,75.0,75.0,75.0,75.0,0.0,0.0,26411000.0
2013-12-30,75.0,75.0,75.0,75.0,0.0,0.0,26411000.0
2013-12-31,75.0,75.0,75.0,75.0,0.0,0.0,26411000.0
2014-01-02,75.0,75.0,75.0,75.0,0.0,0.0,26411000.0
2014-01-03,75.0,75.0,75.0,75.0,0.0,0.0,26411000.0
2014-01-06,75.0,75.0,75.0,75.0,0.0,0.0,26411000.0
2014-01-07,75.0,75.0,75.0,75.0,0.0,0.0,26411000.0
2014-01-08,75.0,75.0,75.0,75.0,0.0,0.0,26411000.0
2014-01-09,75.0,75.0,75.0,75.0,0.0,0.0,26411000.0
2014-01-10,75.0,75.0,75.0,75.0,0.0,0.0,26411000.0
2014-01-13,75.0,75.0,75.0,75.0,0.0,0.0,26411000.0
2014-01-14,75.0,75.0,75.0,75.0,0.0,0.0,26411000.0
2014-01-15,75.0,75.0,75.0,75.0,0.0,0.0,26411000.0
2014-01-16,75.0,75.0,75.0,75.0,0.0,0.0,26411000.0
2014-01-17,75.0,75.0,75.0,75.0,0.0,0.0,26411000.0
2014-01-20,75.0,75.0,75.0,75.0,0.0,0.0,26411000.0
2014-01-21,75.0,75.0,75.0,75.0,0.0,0.0,26411000.0
2014-01-22,75.0,75.0,75.0,75.0,0.0,0.0,26411000.0
2014-01-23,75.0,75.0,75.0,75.0,0.0,0.0,26411000.0
2014-01-24,75.0,75.0,75.0,75.0,0.0,0.0,26411000.0
2014-01-27,75.0,75.0,75.0,75.0,0.0,0.0,26411000.0
2014-01-28,75.0,75.0,75.0,75.0,0.0,0.0,26411000.0
2014-01-29,75.0,75.0,75.0,75.0,0.0,0.0,26411000.0
2014-01-30,75.0,75.0,75.0,75.0,0.0,0.0,26411000.0
2014-01-31,75.0,75.0,75.0,75.0,0.0,0.0,26411000.0
2014-02-03,75.0,75.0,75.0,75.0,0.0,0.0,26411000.0
2014-02-04,75.0,75.0,75.0,75.0,0.0,0.0,26411000.0
2014-02-05,75.0,75.0,75.0,75.0,0.0,0.0,26411000.0
2014-02-06,75.0,75.0,75.0,75.0,0.0,0.0,26411000.0
2014-02-07,75.0,75.0,75.0,75.0,0.0,0.0,26411000.0
2014-02-10,75.0,75.0,75.0,75.0,0.0,0.0,26411000.0
2014-02-11,75.0,75.0,75.0,75.0,0.0,0.0,26411000.0
2014-02-12,75.0,75.0,75.0,75.0,0.0,0.0,26411000.0
2014-02-13,75.0,75.0,75.0,75.0,0.0,0.0,26411000.0
2014-02-14,75.0,75.0,75.0,75.0,0.0,0.0,26411000.0
2014-02-17,75.0,75.0,75.0,75.0,0.0,0.0,26411000.0
2014-02-18,75.0,75.0,75.0,75.0,0.0,0.0,26411000.0
2014-02-19,75.0,75.0,75.0,75.0,0.0,0.0,26411000.0
2014-02-20,75.0,75.0,75.0,75.0,0.0,0.0,26411000.0
2014-02-21,75.0,75.0,75.0,75.0,0.0,0.0,26411000.0
2014-02-24,75.0,75.0,75.0,75.0,0.0,0.0,26411000.0
2014-02-25,75.0,75.0,75.0,75.0,0.0,0.0,26411000.0
2014-02-26,75.0,75.0,75.0,75.0,0.0,0.0,26411000.0
2014-02-27,75.0,75.0,75.0,75.0,0.0,0.0,26411000.0
2014-02-28,75.0,75.0,75.0,75.0,0.0,0.0,26411000.0
2014-03-03,75.0,75.0,75.0,75.0,0.0,0.0,26411000.0
2014-03-04,75.0,75.0,75.0,75.0,0.0,0.0,26411000.0
2014-03-05,75.0,75.0,75.0,75.0,0.0,0.0,26411000.0
2014-03-06,75.0,75.0,75.0,75.0,0.0,0.0,26411000.0
2014-03-07,75.0,75.0,75.0,75.0,0.0,0.0,26411000.0
2014-03-10,75.0,75.0,75.0,75.0,0.0,0.0,26411000.0
2014-03-11,75.0,75.0,75.0,75.0,0.0,0.0,26411000.0
2014-03-12,75.0,75.0,75.0,75.0,0.0,0.0,26411000.0
2014-03-13,75.0,75.0,75.0,75.0,0.0,0.0,26411000.0
2014-03-14,75.0,75.0,75.0,75.0,0.0,0.0,26411000.0
2014-03-17,75.0,75.0,75.0,75.0,0.0,0.0,26411000.0
2014-03-18,75.0,75.0,75.0,75.0,0.0,0.0,26411000.0
2014-03-19,75.0,75.0,75.0,75.0,0.0,0.0,26411000.0
2014-03-20,75.0,75.0,75.0,75.0,0.0,0.0,26411000.0
2014-03-21,75.0,75.0,75.0,75.0,0.0,0.0,26411000.0
2014-03-24,75.0,75.0,75.0,75.0,0.0,0.0,26411000.0
2014-03-25,75.0,75.0,75.0,75.0,0.0,0.0,26411000.0
2014-03-26,75.0,75.0,75.0,75.0,0.0,0.0,26411000.0
2014-03-27,75.0,75.0,75.0,75.0,0.0,0.0,26411000.0
2014-03-28,75.0,75.0,75.0,75.0,0.0,0.0,26411000.0
2014-03-31,75.0,75.0,75.0,75.0,0.0,0.0,26411000.0
2014-04-01,75.0,75.0,75.0,75.0,0.0,0.0,26411000.0
2014-04-02,75.0,75.0,75.0,75.0,0.0,0.0,26411000.0
2014-04-03,75.0,75.0,75.0,75.0,0.0,0.0,26411000.0
2014-04-04,75.0,75.0,75.0,75.0,0.0,0.0,26411000.0
2014-04-07,75.0,75.0,75.0,75.0,0.0,0.0,26411000.0
2014-04-08,75.0,75.0,75.0,75.0,0.0,0.0,26411000.0
2014-04-09,75.0,75.0,75.0,75.0,0.0,0.0,26411000.0
2014-04-10,75.0,75.0,75.0,75.0,0.0,0.0,26411000.0
2014-04-11,75.0,75.0,75.0,75.0,0.0,0.0,26411000.0
2014-04-14,75.0,75.0,75.0,75.0,0.0,0.0,26411000.0
2014-04-15,75.0,75.0,75.0,75.0,0.0,0.0,26411000.0
2014-04-16,75.0,75.0,75.0,75.0,0.0,0.0,26411000.0
2014-04-17,75.0,75.0,75.0,75.0,0.0,0.0,26411000.0
2014-04-22,75.0,75.0,75.0,75.0,0.0,0.0,26411000.0
2014-04-23,75.0,75.0,75.0,75.0,0.0,0.0,26411000.0
2014-04-24,75.0,75.0,75.0,75.0,0.0,0.0,26411000.0
2014-04-25,75.0,75.0,75.0,75.0,0.0,0.0,26411000.0
2014-04-28,75.0,75.0,75.0,75.0,0.0,0.0,26411000.0
2014-04-29,75.0,75.0,75.0,75.0,0.0,0.0,26411000.0
2014-04-30,75.0,75.0,75.0,75.0,0.0,0.0,26411000.0
2014-05-01,75.0,75.0,75.0,75.0,0.0,0.0,26411000.0
2014-05-02,75.0,75.0,75.0,75.0,0.0,0.0,26411000.0
2014-05-05,75.0,75.0,75.0,75.0,0.0,0.0,26411000.0
2014-05-06,75.0,75.0,75.0,75.0,0.0,0.0,26411000.0
2014-05-07,75.0,75.0,75.0,75.0,0.0,0.0,26411000.0
2014-05-08,75.0,75.0,75.0,75.0,0.0,0.0,26411000.0
2014-05-09,75.0,75.0,75.0,75.0,0.0,0.0,26411000.0
2014-05-12,75.0,75.0,75.0,75.0,0.0,0.0,26411000.0
2014-05-13,75.0,75.0,75.0,75.0,0.0,0.0,26411000.0
2014-05-14,75.0,75.0,75.0,75.0,0.0,0.0,26411000.0
2014-05-15,75.0,75.0,75.0,75.0,0.0,0.0,26411000.0
2014-05-16,75.0,75.0,75.0,75.0,0.0,0.0,26411000.0
2014-05-19,75.0,75.0,75.0,75.0,0.0,0.0,26411000.0
2014-05-20,75.0,75.0,75.0,75.0,0.0,0.0,26411000.0
2014-05-21,75.0,75.0,75.0,75.0,0.0,0.0,26411000.0
2014-05-22,75.0,75.0,75.0,75.0,0.0,0.0,26411000.0
2014-05-23,75.0,75.0,75.0,75.0,0.0,0.0,26411000.0
2014-05-26,75.0,75.0,75.0,75.0,0.0,0.0,26411000.0
2014-05-27,75.0,75.0,75.0,75.0,0.0,0.0,26411000.0
2014-05-28,75.0,75.0,75.0,75.0,0.0,0.0,26411000.0
2014-05-29,75.0,75.0,75.0,75.0,0.0,0.0,26411000.0
2014-05-30,75.0,75.0,75.0,75.0,0.0,0.0,26411000.0
2014-06-02,75.0,75.0,75.0,75.0,0.0,0.0,26411000.0
2014-06-03,75.0,75.0,75.0,75.0,0.0,0.0,26411000.0
2014-06-04,75.0,75.0,75.0,75.0,0.0,0.0,26411000.0
2014-06-05,75.0,75.0,75.0,75.0,0.0,0.0,26411000.0
2014-06-06,75.0,75.0,75.0,75.0,0.0,0.0,26411000.0
2014-06-09,75.0,75.0,75.0,75.0,0.0,0.0,26411000.0
2014-06-10,75.0,75.0,75.0,75.0,0.0,0.0,26411000.0
2014-06-11,75.0,75.0,75.0,75.0,0.0,0.0,26411000.0
2014-06-12,75.0,75.0,75.0,75.0,0.0,0.0,26411000.0
2014-06-13,75.0,75.0,75.0,75.0,0.0,0.0,26411000.0
2014-06-16,75.0,75.0,75.0,75.0,0.0,0.0,26411000.0
2014-06-17,75.0,75.0,75.0,75.0,0.0,0.0,26411000.0
2014-06-18,75.0,75.0,75.0,75.0,0.0,0.0,26411000.0
2014-06-19,75.0,75.0,75.0,75.0,0.0,0.0,26411000.0
2014-06-20,75.0,75.0,75.0,75.0,0.0,0.0,26411000.0
2014-06-23,75.0,75.0,75.0,75.0,0.0,0.0,26411000.0
2014-06-24,75.0,75.0,75.0,75.0,0.0,0.0,26411000.0
2014-06-25,75.0,75.0,75.0,75.0,0.0,0.0,26411000.0
2014-06-26,75.0,75.0,75.0,75.0,0.0,0.0,26411000.0
2014-06-27,75.0,75.0,75.0,75.0,0.0,0.0,26411000.0
2014-06-30,75.0,75.0,75.0,75.0,0.0,0.0,26411000.0
2014-07-01,75.0,75.0,75.0,75.0,0.0,0.0,26411000.0
2014-07-02,75.0,75.0,75.0,75.0,0.0,0.0,26411000.0
2014-07-03,75.0,75.0,75.0,75.0,0.0,0.0,26411000.0
2014-07-04,75.0,75.0,75.0,75.0,0.0,0.0,26411000.0
2014-07-07,75.0,75.0,75.0,75.0,0.0,0.0,26411000.0
2014-07-08,75.0,75.0,75.0,75.0,0.0,0.0,26411000.0
2014-07-09,75.0,75.0,75.0,75.0,0.0,0.0,26411000.0
2014-07-10,75.0,75.0,75.0,75.0,0.0,0.0,26411000.0
2014-07-11,75.0,75.0,75.0,75.0,0.0,0.0,26411000.0
2014-07-14,75.0,75.0,75.0,75.0,0.0,0.0,26411000.0
2014-07-15,75.0,75.0,75.0,75.0,0.0,0.0,26411000.0
2014-07-16,75.0,75.0,75.0,75.0,0.0,0.0,26411000.0
2014-07-17,75.0,75.0,75.0,75.0,0.0,0.0,26411000.0
2014-07-18,75.0,75.0,75.0,75.0,0.0,0.0,26411000.0
2014-07-21,75.0,75.0,75.0,75.0,0.0,0.0,26411000.0
2014-07-22,75.0,75.0,75.0,75.0,0.0,0.0,26411000.0
2014-07-23,75.0,75.0,75.0,75.0,0.0,0.0,26411000.0
2014-07-24,75.0,75.0,75.0,75.0,0.0,0.0,26411000.0
2014-07-25,75.0,75.0,75.0,75.0,0.0,0.0,26411000.0
2014-07-28,75.0,75.0,75.0,75.0,0.0,0.0,26411000.0
2014-07-29,75.0,75.0,75.0,75.0,0.0,0.0,26411000.0
2014-07-30,75.0,75.0,75.0,75.0,0.0,0.0,26411000.0
2014-07-31,75.0,75.0,75.0,75.0,0.0,0.0,26411000.0
2014-08-01,75.0,75.0,75.0,75.0,0.0,0.0,26411000.0
2014-08-04,75.0,75.0,75.0,75.0,0.0,0.0,26411000.0
2014-08-05,75.0,75.0,75.0,75.0,0.0,0.0,26411000.0
2014-08-06,75.0,75.0,75.0,75.0,0.0,0.0,26411000.0
2014-08-07,75.0,75.0,75.0,75.0,0.0,0.0,26411000.0
2014-08-08,75.0,75.0,75.0,75.0,0.0,0.0,26411000.0
2014-08-11,75.0,75.0,75.0,75.0,0.0,0.0,26411000.0
2014-08-12,75.0,75.0,75.0,75.0,0.0,0.0,26411000.0
2014-08-13,75.0,75.0,75.0,75.0,0.0,0.0,26411000.0
2014-08-14,75.0,75.0,75.0,75.0,0.0,0.0,26411000.0
2014-08-15,75.0,75.0,75.0,75.0,0.0,0.0,26411000.0
2014-08-18,75.0,75.0,75.0,75.0,0.0,0.0,26411000.0
2014-08-19,75.0,75.0,75.0,75.0,0.0,0.0,26411000.0
2014-08-20,75.0,75.0,75.0,75.0,0.0,0.0,26411000.0
2014-08-21,75.0,75.0,75.0,75.0,0.0,0.0,26411000.0
2014-08-22,75.0,75.0,75.0,75.0,0.0,0.0,26411000.0
2014-08-25,75.0,75.0,75.0,75.0,0.0,0.0,26411000.0
2014-08-26,75.0,75.0,75.0,75.0,0.0,0.0,26411000.0
2014-08-27,75.0,75.0,75.0,75.0,0.0,0.0,26411000.0
2014-08-28,75.0,75.0,75.0,75.0,0.0,0.0,26411000.0
2014-08-29,75.0,75.0,75.0,75.0,0.0,0.0,26411000.0
2014-09-01,75.0,75.0,75.0,75.0,0.0,0.0,26411000.0
2014-09-02,75.0,75.0,75.0,75.0,0.0,0.0,26411000.0
2014-09-03,75.0,75.0,75.0,75.0,0.0,0.0,26411000.0
2014-09-04,75.0,75.0,75.0,75.0,0.0,0.0,26411000.0
2014-09-05,75.0,75.0,75.0,75.0,0.0,0.0,26411000.0
2014-09-08,75.0,75.0,75.0,75.0,0.0,0.0,26411000.0
2014-09-09,75.0,75.0,75.0,75.0,0.0,0.0,26411000.0
2014-09-10,75.0,75.0,75.0,75.0,0.0,0.0,26411000.0
2014-09-11,75.0,75.0,75.0,75.0,0.0,0.0,26411000.0
2014-09-12,75.0,75.0,75.0,75.0,0.0,0.0,26411000.0
2014-09-15,75.0,75.0,75.0,75.0,0.0,0.0,26411000.0
2014-09-16,75.0,75.0,75.0,75.0,0.0,0.0,26411000.0
2014-09-17,75.0,75.0,75.0,75.0,0.0,0.0,26411000.0
2014-09-18,75.0,75.0,75.0,75.0,0.0,0.0,26411000.0
2014-09-19,75.0,75.0,75.0,75.0,0.0,0.0,26411000.0
2014-09-22,75.0,75.0,75.0,75.0,0.0,0.0,26411000.0
2014-09-23,75.0,75.0,75.0,75.0,0.0,0.0,26411000.0
2014-09-24,75.0,75.0,75.0,75.0,0.0,0.0,26411000.0
2014-09-25,75.0,75.0,75.0,75.0,0.0,0.0,26411000.0
2014-09-26,75.0,75.0,75.0,75.0,0.0,0.0,26411000.0
2014-09-29,75.0,75.0,75.0,75.0,0.0,0.0,26411000.0
2014-09-30,75.0,75.0,75.0,75.0,0.0,0.0,26411000.0
2014-10-01,75.0,75.0,75.0,75.0,0.0,0.0,26411000.0
2014-10-02,75.0,75.0,75.0,75.0,0.0,0.0,26411000.0
2014-10-03,75.0,75.0,75.0,75.0,0.0,0.0,26411000.0
2014-10-06,75.0,75.0,75.0,75.0,0.0,0.0,26411000.0
2014-10-07,75.0,75.0,75.0,75.0,0.0,0.0,26411000.0
2014-10-08,75.0,75.0,75.0,75.0,0.0,0.0,26411000.0
2014-10-09,75.0,75.0,75.0,75.0,0.0,0.0,26411000.0
2014-10-10,75.0,75.0,75.0,75.0,0.0,0.0,26411000.0
2014-10-13,75.0,75.0,75.0,75.0,0.0,0.0,26411000.0
2014-10-14,75.0,75.0,75.0,75.0,0.0,0.0,26411000.0
2014-10-15,75.0,75.0,75.0,75.0,0.0,0.0,26411000.0
2014-10-16,75.0,75.0,75.0,75.0,0.0,0.0,26411000.0
2014-10-17,75.0,75.0,75.0,75.0,0.0,0.0,26411000.0
2014-10-20,75.0,75.0,75.0,75.0,0.0,0.0,26411000.0
2014-10-21,75.0,75.0,75.0,75.0,0.0,0.0,26411000.0
2014-10-22,75.0,75.0,75.0,75.0,0.0,0.0,26411000.0
2014-10-23,75.0,75.0,75.0,75.0,0.0,0.0,26411000.0
2014-10-24,75.0,75.0,75.0,75.0,0.0,0.0,26411000.0
2014-10-27,75.0,75.0,75.0,75.0,0.0,0.0,26411000.0
2014-10-28,75.0,75.0,75.0,75.0,0.0,0.0,26411000.0
2014-10-29,75.0,75.0,75.0,75.0,0.0,0.0,26411000.0
2014-10-30,75.0,75.0,75.0,75.0,0.0,0.0,26411000.0
2014-10-31,75.0,75.0,75.0,75.0,0.0,0.0,26411000.0
2014-11-03,75.0,75.0,75.0,75.0,0.0,0.0,26411000.0
2014-11-04,75.0,75.0,75.0,75.0,0.0,0.0,26411000.0
2014-11-05,75.0,75.0,75.0,75.0,0.0,0.0,26411000.0
2014-11-06,75.0,75.0,75.0,75.0,0.0,0.0,26411000.0
2014-11-07,75.0,75.0,75.0,75.0,0.0,0.0,26411000.0
2014-11-10,75.0,75.0,75.0,75.0,0.0,0.0,26411000.0
2014-11-11,75.0,75.0,75.0,75.0,0.0,0.0,26411000.0
2014-11-12,75.0,75.0,75.0,75.0,0.0,0.0,26411000.0
2014-11-13,75.0,75.0,75.0,75.0,0.0,0.0,26411000.0
2014-11-14,75.0,75.0,75.0,75.0,0.0,0.0,26411000.0
2014-11-17,75.0,75.0,75.0,75.0,0.0,0.0,26411000.0
2014-11-18,75.0,75.0,75.0,75.0,0.0,0.0,26411000.0
2014-11-19,75.0,75.0,75.0,75.0,0.0,0.0,26411000.0
2014-11-20,75.0,75.0,75.0,75.0,0.0,0.0,26411000.0
2014-11-21,75.0,75.0,75.0,75.0,0.0,0.0,26411000.0
2014-11-24,75.0,75.0,75.0,75.0,0.0,0.0,26411000.0
2014-11-25,75.0,75.0,75.0,75.0,0.0,0.0,26411000.0
2014-11-26,75.0,75.0,75.0,75.0,0.0,0.0,26411000.0
2014-11-27,75.0,75.0,75.0,75.0,0.0,0.0,26411000.0
2014-11-28,75.0,75.0,75.0,75.0,0.0,0.0,26411000.0
2014-12-01,75.0,75.0,75.0,75.0,0.0,0.0,26411000.0
2014-12-02,75.0,75.0,75.0,75.0,0.0,0.0,26411000.0
2014-12-03,75.0,75.0,75.0,75.0,0.0,0.0,26411000.0
2014-12-04,75.0,75.0,75.0,75.0,0.0,0.0,26411000.0
2014-12-05,75.0,75.0,75.0,75.0,0.0,0.0,26411000.0
2014-12-08,75.0,75.0,75.0,75.0,0.0,0.0,26411000.0
2014-12-09,75.0,75.0,75.0,75.0,0.0,0.0,26411000.0
2014-12-10,75.0,75.0,75.0,75.0,0.0,0.0,26411000.0
2014-12-11,75.0,75.0,75.0,75.0,0.0,0.0,26411000.0
2014-12-12,75.0,75.0,75.0,75.0,0.0,0.0,26411000.0
2014-12-15,75.0,75.0,75.0,75.0,0.0,0.0,26411000.0
2014-12-16,75.0,75.0,75.0,75.0,0.0,0.0,26411000.0
2014-12-17,75.0,75.0,75.0,75.0,0.0,0.0,26411000.0
2014-12-18,75.0,75.0,75.0,75.0,0.0,0.0,26411000.0
2014-12-19,75.0,75.0,75.0,75.0,0.0,0.0,26411000.0
2014-12-22,75.0,75.0,75.0,75.0,0.0,0.0,26411000.0
2014-12-23,75.0,75.0,75.0,75.0,0.0,0.0,26411000.0
2014-12-24,75.0,75.0,75.0,75.0,0.0,0.0,26411000.0
2014-12-29,75.0,75.0,75.0,75.0,0.0,0.0,26411000.0
2014-12-30,75.0,75.0,75.0,75.0,0.0,0.0,26411000.0
2014-12-31,75.0,75.0,75.0,75.0,0.0,0.0,26411000.0
2015-01-02,75.0,75.0,75.0,75.0,0.0,0.0,26411000.0
2015-01-05,75.0,75.0,75.0,75.0,0.0,0.0,26411000.0
2015-01-06,75.0,75.0,75.0,75.0,0.0,0.0,26411000.0
2015-01-07,75.0,75.0,75.0,75.0,0.0,0.0,26411000.0
2015-01-08,75.0,75.0,75.0,75.0,0.0,0.0,26411000.0
2015-01-09,75.0,75.0,75.0,75.0,0.0,0.0,26411000.0
2015-01-12,75.0,75.0,75.0,75.0,0.0,0.0,26411000.0
2015-01-13,75.0,75.0,75.0,75.0,0.0,0.0,26411000.0
2015-01-14,75.0,75.0,75.0,75.0,0.0,0.0,26411000.0
2015-01-15,75.0,75.0,75.0,75.0,0.0,0.0,26411000.0
2015-01-16,75.0,75.0,75.0,75.0,0.0,0.0,26411000.0
2015-01-19,75.0,75.0,75.0,75.0,0.0,0.0,26411000.0
2015-01-20,75.0,75.0,75.0,75.0,0.0,0.0,26411000.0
2015-01-21,75.0,75.0,75.0,75.0,0.0,0.0,26411000.0
2015-01-22,75.0,75.0,75.0,75.0,0.0,0.0,26411000.0
2015-01-23,75.0,75.0,75.0,75.0,0.0,0.0,26411000.0
2015-01-26,75.0,75.0,75.0,75.0,0.0,0.0,26411000.0
2015-01-27,75.0,75.0,75.0,75.0,0.0,0.0,26411000.0
2015-01-28,75.0,75.0,75.0,75.0,0.0,0.0,26411000.0
2015-01-29,75.0,75.0,75.0,75.0,0.0,0.0,26411000.0
2015-01-30,75.0,75.0,75.0,75.0,0.0,0.0,26411000.0
2015-02-02,75.0,75.0,75.0,75.0,0.0,0.0,26411000.0
2015-02-03,75.0,75.0,75.0,75.0,0.0,0.0,26411000.0
2015-02-04,75.0,75.0,75.0,75.0,0.0,0.0,26411000.0
2015-02-05,75.0,75.0,75.0,75.0,0.0,0.0,26411000.0
2015-02-06,75.0,75.0,75.0,75.0,0.0,0.0,26411000.0
2015-02-09,75.0,75.0,75.0,75.0,0.0,0.0,26411000.0
2015-02-10,75.0,75.0,75.0,75.0,0.0,0.0,26411000.0
2015-02-11,75.0,75.0,75.0,75.0,0.0,0.0,26411000.0
2015-02-12,75.0,75.0,75.0,75.0,0.0,0.0,26411000.0
2015-02-13,75.0,75.0,75.0,75.0,0.0,0.0,26411000.0
2015-02-16,75.0,75.0,75.0,75.0,0.0,0.0,26411000.0
2015-02-17,75.0,75.0,75.0,75.0,0.0,0.0,26411000.0
2015-02-18,75.0,75.0,75.0,75.0,0.0,0.0,26411000.0
2015-02-19,75.0,75.0,75.0,75.0,0.0,0.0,26411000.0
2015-02-20,75.0,75.0,75.0,75.0,0.0,0.0,26411000.0
2015-02-23,75.0,75.0,75.0,75.0,0.0,0.0,26411000.0
2015-02-24,75.0,75.0,75.0,75.0,0.0,0.0,26411000.0
2015-02-25,75.0,75.0,75.0,75.0,0.0,0.0,26411000.0
2015-02-26,75.0,75.0,75.0,75.0,0.0,0.0,26411000.0
2015-02-27,75.0,75.0,75.0,75.0,0.0,0.0,26411000.0
2015-03-02,75.0,75.0,75.0,75.0,0.0,0.0,26411000.0
2015-03-03,75.0,75.0,75.0,75.0,0.0,0.0,26411000.0
2015-03-04,75.0,75.0,75.0,75.0,0.0,0.0,26411000.0
2015-03-05,75.0,75.0,75.0,75.0,0.0,0.0,26411000.0
2015-03-06,75.0,75.0,75.0,75.0,0.0,0.0,26411000.0
2015-03-09,75.0,75.0,75.0,75.0,0.0,0.0,26411000.0
2015-03-10,75.0,75.0,75.0,75.0,0.0,0.0,26411000.0
2015-03-11,75.0,75.0,75.0,75.0,0.0,0.0,26411000.0
2015-03-12,75.0,75.0,75.0,75.0,0.0,0.0,26411000.0
2015-03-13,75.0,75.0,75.0,75.0,0.0,0.0,26411000.0
2015-03-16,75.0,75.0,75.0,75.0,0.0,0.0,26411000.0
2015-03-17,75.0,75.0,75.0,75.0,0.0,0.0,26411000.0
2015-03-18,75.0,75.0,75.0,75.0,0.0,0.0,26411000.0
2015-03-19,75.0,75.0,75.0,75.0,0.0,0.0,26411000.0
2015-03-20,75.0,75.0,75.0,75.0,0.0,0.0,26411000.0
2015-03-23,75.0,75.0,75.0,75.0,0.0,0.0,26411000.0
2015-03-24,75.0,75.0,75.0,75.0,0.0,0.0,26411000.0
2015-03-25,75.0,75.0,75.0,75.0,0.0,0.0,26411000.0
2015-03-26,75.0,75.0,75.0,75.0,0.0,0.0,26411000.0
2015-03-27,75.0,75.0,75.0,75.0,0.0,0.0,26411000.0
2015-03-30,75.0,75.0,75.0,75.0,0.0,0.0,26411000.0
2015-03-31,75.0,75.0,75.0,75.0,0.0,0.0,26411000.0
2015-04-01,75.0,75.0,75.0,75.0,0.0,0.0,26411000.0
2015-04-02,75.0,75.0,75.0,75.0,0.0,0.0,26411000.0
2015-04-06,75.0,75.0,75.0,75.0,0.0,0.0,26411000.0
2015-04-07,75.0,75.0,75.0,75.0,0.0,0.0,26411000.0
2015-04-08,75.0,75.0,75.0,75.0,0.0,0.0,26411000.0
2015-04-09,75.0,75.0,75.0,75.0,0.0,0.0,26411000.0
2015-04-10,75.0,75.0,75.0,75.0,0.0,0.0,26411000.0
2015-04-13,75.0,75.0,75.0,75.0,0.0,0.0,26411000.0
2015-04-14,75.0,75.0,75.0,75.0,0.0,0.0,26411000.0
2015-04-15,75.0,75.0,75.0,75.0,0.0,0.0,26411000.0
2015-04-16,75.0,75.0,75.0,75.0,0.0,0.0,26411000.0
2015-04-17,75.0,75.0,75.0,75.0,0.0,0.0,26411000.0
2015-04-20,75.0,75.0,75.0,75.0,0.0,0.0,26411000.0
2015-04-21,75.0,75.0,75.0,75.0,0.0,0.0,26411000.0
2015-04-22,75.0,75.0,75.0,75.0,0.0,0.0,26411000.0
2015-04-23,75.0,75.0,75.0,75.0,0.0,0.0,26411000.0
2015-04-24,75.0,75.0,75.0,75.0,0.0,0.0,26411000.0
2015-04-27,75.0,75.0,75.0,75.0,0.0,0.0,26411000.0
2015-04-28,75.0,75.0,75.0,75.0,0.0,0.0,26411000.0
2015-04-29,75.0,75.0,75.0,75.0,0.0,0.0,26411000.0
2015-04-30,75.0,75.0,75.0,75.0,0.0,0.0,26411000.0
2015-05-01,75.0,75.0,75.0,75.0,0.0,0.0,26411000.0
2015-05-04,75.0,75.0,75.0,75.0,0.0,0.0,26411000.0
2015-05-05,75.0,75.0,75.0,75.0,0.0,0.0,26411000.0
2015-05-06,75.0,75.0,75.0,75.0,0.0,0.0,26411000.0
2015-05-07,75.0,75.0,75.0,75.0,0.0,0.0,26411000.0
2015-05-08,75.0,75.0,75.0,75.0,0.0,0.0,26411000.0
2015-05-11,75.0,75.0,75.0,75.0,0.0,0.0,26411000.0
2015-05-12,75.0,75.0,75.0,75.0,0.0,0.0,26411000.0
2015-05-13,75.0,75.0,75.0,75.0,0.0,0.0,26411000.0
2015-05-14,75.0,75.0,75.0,75.0,0.0,0.0,26411000.0
2015-05-15,75.0,75.0,75.0,75.0,0.0,0.0,26411000.0
2015-05-18,75.0,75.0,75.0,75.0,0.0,0.0,26411000.0
2015-05-19,75.0,75.0,75.0,75.0,0.0,0.0,26411000.0
2015-05-20,75.0,75.0,75.0,75.0,0.0,0.0,26411000.0
2015-05-21,75.0,75.0,75.0,75.0,0.0,0.0,26411000.0
2015-05-22,75.0,75.0,75.0,75.0,0.0,0.0,26411000.0
2015-05-25,75.0,75.0,75.0,75.0,0.0,0.0,26411000.0
2015-05-26,75.0,75.0,75.0,75.0,0.0,0.0,26411000.0
2015-05-27,75.0,75.0,75.0,75.0,0.0,0.0,26411000.0
2015-05-28,75.0,75.0,75.0,75.0,0.0,0.0,26411000.0
2015-05-29,75.0,75.0,75.0,75.0,0.0,0.0,26411000.0
2015-06-01,75.0,75.0,75.0,75.0,0.0,0.0,26411000.0
2015-06-02,75.0,75.0,75.0,75.0,0.0,0.0,26411000.0
2015-06-03,75.0,75.0,75.0,75.0,0.0,0.0,26411000.0
2015-06-04,75.0,75.0,75.0,75.0,0.0,0.0,26411000.0
2015-06-05,75.0,75.0,75.0,75.0,0.0,0.0,26411000.0
2015-06-08,75.0,75.0,75.0,75.0,0.0,0.0,26411000.0
2015-06-09,75.0,75.0,75.0,75.0,0.0,0.0,26411000.0
2015-06-10,75.0,75.0,75.0,75.0,0.0,0.0,26411000.0
2015-06-11,75.0,75.0,75.0,75.0,0.0,0.0,26411000.0
2015-06-12,75.0,75.0,75.0,75.0,0.0,0.0,26411000.0
2015-06-15,75.0,75.0,75.0,75.0,0.0,0.0,26411000.0
2015-06-16,75.0,75.0,75.0,75.0,0.0,0.0,26411000.0
2015-06-17,75.0,75.0,75.0,75.0,0.0,0.0,26411000.0
2015-06-18,75.0,75.0,75.0,75.0,0.0,0.0,26411000.0
2015-06-19,75.0,75.0,75.0,75.0,0.0,0.0,26411000.0
2015-06-22,75.0,75.0,75.0,75.0,0.0,0.0,26411000.0
2015-06-23,75.0,75.0,75.0,75.0,0.0,0.0,26411000.0
2015-06-24,75.0,75.0,75.0,75.0,0.0,0.0,26411000.0
2015-06-25,75.0,75.0,75.0,75.0,0.0,0.0,26411000.0
2015-06-26,75.0,75.0,75.0,75.0,0.0,0.0,26411000.0
2015-06-29,75.0,75.0,75.0,75.0,0.0,0.0,26411000.0
2015-06-30,75.0,75.0,75.0,75.0,0.0,0.0,26411000.0
2015-07-01,75.0,75.0,75.0,75.0,0.0,0.0,26411000.0
2015-07-02,75.0,75.0,75.0,75.0,0.0,0.0,26411000.0
2015-07-03,75.0,75.0,75.0,75.0,0.0,0.0,26411000.0
2015-07-06,75.0,75.0,75.0,75.0,0.0,0.0,26411000.0
2015-07-07,75.0,75.0,75.0,75.0,0.0,0.0,26411000.0
2015-07-08,75.0,75.0,75.0,75.0,0.0,0.0,26411000.0
2015-07-09,75.0,75.0,75.0,75.0,0.0,0.0,26411000.0
2015-07-10,75.0,75.0,75.0,75.0,0.0,0.0,26411000.0
2015-07-13,75.0,75.0,75.0,75.0,0.0,0.0,26411000.0
2015-07-14,75.0,75.0,75.0,75.0,0.0,0.0,26411000.0
2015-07-15,75.0,75.0,75.0,75.0,0.0,0.0,26411000.0
2015-07-16,75.0,75.0,75.0,75.0,0.0,0.0,26411000.0
2015-07-17,75.0,75.0,75.0,75.0,0.0,0.0,26411000.0
2015-07-20,75.0,75.0,75.0,75.0,0.0,0.0,26411000.0
2015-07-21,75.0,75.0,75.0,75.0,0.0,0.0,26411000.0
2015-07-22,75.0,75.0,75.0,75.0,0.0,0.0,26411000.0
2015-07-23,75.0,75.0,75.0,75.0,0.0,0.0,26411000.0
2015-07-24,75.0,75.0,75.0,75.0,0.0,0.0,26411000.0
2015-07-27,75.0,75.0,75.0,75.0,0.0,0.0,26411000.0
2015-07-28,75.0,75.0,75.0,75.0,0.0,0.0,26411000.0
2015-07-29,75.0,75.0,75.0,75.0,0.0,0.0,26411000.0
2015-07-30,75.0,75.0,75.0,75.0,0.0,0.0,26411000.0
2015-07-31,75.0,75.0,75.0,75.0,0.0,0.0,26411000.0
2015-08-03,75.0,75.0,75.0,75.0,0.0,0.0,26411000.0
2015-08-04,75.0,75.0,75.0,75.0,0.0,0.0,26411000.0
2015-08-05,75.0,75.0,75.0,75.0,0.0,0.0,26411000.0
2015-08-06,75.0,75.0,75.0,75.0,0.0,0.0,26411000.0
2015-08-07,75.0,75.0,75.0,75.0,0.0,0.0,26411000.0
2015-08-10,75.0,75.0,75.0,75.0,0.0,0.0,26411000.0
2015-08-11,75.0,75.0,75.0,75.0,0.0,0.0,26411000.0
2015-08-12,75.0,75.0,75.0,75.0,0.0,0.0,26411000.0
2015-08-13,75.0,75.0,75.0,75.0,0.0,0.0,26411000.0
2015-08-14,75.0,75.0,75.0,75.0,0.0,0.0,26411000.0
2015-08-17,75.0,75.0,75.0,75.0,0.0,0.0,26411000.0
2015-08-18,75.0,75.0,75.0,75.0,0.0,0.0,26411000.0
2015-08-19,75.0,75.0,75.0,75.0,0.0,0.0,26411000.0
2015-08-20,75.0,75.0,75.0,75.0,0.0,0.0,26411000.0
2015-08-21,75.0,75.0,75.0,75.0,0.0,0.0,26411000.0
2015-08-24,75.0,75.0,75.0,75.0,0.0,0.0,26411000.0
2015-08-25,75.0,75.0,75.0,75.0,0.0,0.0,26411000.0
2015-08-26,75.0,75.0,75.0,75.0,0.0,0.0,26411000.0
2015-08-27,75.0,75.0,75.0,75.0,0.0,0.0,26411000.0
2015-08-28,75.0,75.0,75.0,75.0,0.0,0.0,26411000.0
2015-08-31,75.0,75.0,75.0,75.0,0.0,0.0,26411000.0
2015-09-01,75.0,75.0,75.0,75.0,0.0,0.0,26411000.0
2015-09-02,75.0,75.0,75.0,75.0,0.0,0.0,26411000.0
2015-09-03,75.0,75.0,75.0,75.0,0.0,0.0,26411000.0
2015-09-04,75.0,75.0,75.0,75.0,0.0,0.0,26411000.0
2015-09-07,75.0,75.0,75.0,75.0,0.0,0.0,26411000.0
2015-09-08,75.0,75.0,75.0,75.0,0.0,0.0,26411000.0
2015-09-09,75.0,75.0,75.0,75.0,0.0,0.0,26411000.0
2015-09-10,75.0,75.0,75.0,75.0,0.0,0.0,26411000.0
2015-09-11,75.0,75.0,75.0,75.0,0.0,0.0,26411000.0
2015-09-14,75.0,75.0,75.0,75.0,0.0,0.0,26411000.0
2015-09-15,75.0,75.0,75.0,75.0,0.0,0.0,26411000.0
2015-09-16,75.0,75.0,75.0,75.0,0.0,0.0,26411000.0
2015-09-17,75.0,75.0,75.0,75.0,0.0,0.0,26411000.0
2015-09-18,75.0,75.0,75.0,75.0,0.0,0.0,26411000.0
2015-09-21,75.0,75.0,75.0,75.0,0.0,0.0,26411000.0
2015-09-22,75.0,75.0,75.0,75.0,0.0,0.0,26411000.0
2015-09-23,75.0,75.0,75.0,75.0,0.0,0.0,26411000.0
2015-09-24,75.0,75.0,75.0,75.0,0.0,0.0,26411000.0
2015-09-25,75.0,75.0,75.0,75.0,0.0,0.0,26411000.0
2015-09-28,75.0,75.0,75.0,75.0,0.0,0.0,26411000.0
2015-09-29,75.0,75.0,75.0,75.0,0.0,0.0,26411000.0
2015-09-30,75.0,75.0,75.0,75.0,0.0,0.0,26411000.0
2015-10-01,75.0,75.0,75.0,75.0,0.0,0.0,26411000.0
2015-10-02,75.0,75.0,75.0,75.0,0.0,0.0,26411000.0
2015-10-05,75.0,75.0,75.0,75.0,0.0,0.0,26411000.0
2015-10-06,75.0,75.0,75.0,75.0,0.0,0.0,26411000.0
2015-10-07,75.0,75.0,75.0,75.0,0.0,0.0,26411000.0
2015-10-08,75.0,75.0,75.0,75.0,0.0,0.0,26411000.0
2015-10-09,75.0,75.0,75.0,75.0,0.0,0.0,26411000.0
2015-10-12,75.0,75.0,75.0,75.0,0.0,0.0,26411000.0
2015-10-13,75.0,75.0,75.0,75.0,0.0,0.0,26411000.0
2015-10-14,75.0,75.0,75.0,75.0,0.0,0.0,26411000.0
2015-10-15,75.0,75.0,75.0,75.0,0.0,0.0,26411000.0
2015-10-16,75.0,75.0,75.0,75.0,0.0,0.0,26411000.0
2015-10-19,75.0,75.0,75.0,75.0,0.0,0.0,26411000.0
2015-10-20,75.0,75.0,75.0,75.0,0.0,0.0,26411000.0
2015-10-21,75.0,75.0,75.0,75.0,0.0,0.0,26411000.0
2015-10-22,75.0,75.0,75.0,75.0,0.0,0.0,26411000.0
2015-10-23,75.0,75.0,75.0,75.0,0.0,0.0,26411000.0
2015-10-26,75.0,75.0,75.0,75.0,0.0,0.0,26411000.0
2015-10-27,75.0,75.0,75.0,75.0,0.0,0.0,26411000.0
2015-10-28,75.0,75.0,75.0,75.0,0.0,0.0,26411000.0
2015-10-29,75.0,75.0,75.0,75.0,0.0,0.0,26411000.0
2015-10-30,75.0,75.0,75.0,75.0,0.0,0.0,26411000.0
2015-11-02,75.0,75.0,75.0,75.0,0.0,0.0,26411000.0
2015-11-03,75.0,75.0,75.0,75.0,0.0,0.0,26411000.0
2015-11-04,75.0,75.0,75.0,75.0,0.0,0.0,26411000.0
2015-11-05,75.0,75.0,75.0,75.0,0.0,0.0,26411000.0
2015-11-06,75.0,75.0,75.0,75.0,0.0,0.0,26411000.0
2015-11-09,75.0,75.0,75.0,75.0,0.0,0.0,26411000.0
2015-11-10,75.0,75.0,75.0,75.0,0.0,0.0,26411000.0
2015-11-11,75.0,75.0,75.0,75.0,0.0,0.0,26411000.0
2015-11-12,75.0,75.0,75.0,75.0,0.0,0.0,26411000.0
2015-11-13,75.0,75.0,75.0,75.0,0.0,0.0,26411000.0
2015-11-16,75.0,75.0,75.0,75.0,0.0,0.0,26411000.0
2015-11-17,75.0,75.0,75.0,75.0,0.0,0.0,26411000.0
2015-11-18,75.0,75.0,75.0,75.0,0.0,0.0,26411000.0
2015-11-19,75.0,75.0,75.0,75.0,0.0,0.0,26411000.0
2015-11-20,75.0,75.0,75.0,75.0,0.0,0.0,26411000.0
2015-11-23,75.0,75.0,75.0,75.0,0.0,0.0,26411000.0
2015-11-24,75.0,75.0,75.0,75.0,0.0,0.0,26411000.0
2015-11-25,75.0,75.0,75.0,75.0,0.0,0.0,26411000.0
2015-11-26,75.0,75.0,75.0,75.0,0.0,0.0,26411000.0
2015-11-27,75.0,75.0,75.0,75.0,0.0,0.0,26411000.0
2015-11-30,75.0,75.0,75.0,75.0,0.0,0.0,26411000.0
2015-12-01,75.0,75.0,75.0,75.0,0.0,0.0,26411000.0
2015-12-02,75.0,75.0,75.0,75.0,0.0,0.0,26411000.0
2015-12-03,75.0,75.0,75.0,75.0,0.0,0.0,26411000.0
2015-12-04,75.0,75.0,75.0,75.0,0.0,0.0,26411000.0
2015-12-07,75.0,75.0,75.0,75.0,0.0,0.0,26411000.0
2015-12-08,75.0,75.0,75.0,75.0,0.0,0.0,26411000.0
2015-12-09,75.0,75.0,75.0,75.0,0.0,0.0,26411000.0
2015-12-10,75.0,75.0,75.0,75.0,0.0,0.0,26411000.0
2015-12-11,75.0,75.0,75.0,75.0,0.0,0.0,26411000.0
2015-12-14,75.0,75.0,75.0,75.0,0.0,0.0,26411000.0
2015-12-15,75.0,75.0,75.0,75.0,0.0,0.0,26411000.0
2015-12-16,75.0,75.0,75.0,75.0,0.0,0.0,26411000.0
2015-12-17,75.0,75.0,75.0,75.0,0.0,0.0,26411000.0
2015-12-18,75.0,75.0,75.0,75.0,0.0,0.0,26411000.0
2015-12-21,75.0,75.0,75.0,75.0,0.0,0.0,26411000.0
2015-12-22,75.0,75.0,75.0,75.0,0.0,0.0,26411000.0
2015-12-23,75.0,75.0,75.0,75.0,0.0,0.0,26411000.0
2015-12-24,75.0,75.0,75.0,75.0,0.0,0.0,26411000.0
2015-12-28,75.0,75.0,75.0,75.0,0.0,0.0,26411000.0
2015-12-29,75.0,75.0,75.0,75.0,0.0,0.0,26411000.0
2015-12-30,75.0,75.0,75.0,75.0,0.0,0.0,26411000.0
2015-12-31,75.0,75.0,75.0,75.0,0.0,0.0,26411000.0
2016-01-04,75.0,75.0,75.0,75.0,0.0,0.0,26411000.0
2016-01-05,75.0,75.0,75.0,75.0,0.0,0.0,26411000.0
2016-01-06,75.0,75.0,75.0,75.0,0.0,0.0,26411000.0
2016-01-07,75.0,75.0,75.0,75.0,0.0,0.0,26411000.0
2016-01-08,75.0,75.0,75.0,75.0,0.0,0.0,26411000.0
2016-01-11,75.0,75.0,75.0,75.0,0.0,0.0,26411000.0
2016-01-12,75.0,75.0,75.0,75.0,0.0,0.0,26411000.0
2016-01-13,75.0,75.0,75.0,75.0,0.0,0.0,26411000.0
2016-01-14,75.0,75.0,75.0,75.0,0.0,0.0,26411000.0
2016-01-15,75.0,75.0,75.0,75.0,0.0,0.0,26411000.0
2016-01-18,75.0,75.0,75.0,75.0,0.0,0.0,26411000.0
2016-01-19,75.0,75.0,75.0,75.0,0.0,0.0,26411000.0
2016-01-20,75.0,75.0,75.0,75.0,0.0,0.0,26411000.0
2016-01-21,75.0,75.0,75.0,75.0,0.0,0.0,26411000.0
2016-01-22,75.0,75.0,75.0,75.0,0.0,0.0,26411000.0
2016-01-25,75.0,75.0,75.0,75.0,0.0,0.0,26411000.0
2016-01-26,75.0,75.0,75.0,75.0,0.0,0.0,26411000.0
2016-01-27,75.0,75.0,75.0,75.0,0.0,0.0,26411000.0
2016-01-28,75.0,75.0,75.0,75.0,0.0,0.0,26411000.0
2016-01-29,75.0,75.0,75.0,75.0,0.0,0.0,26411000.0
2016-02-01,75.0,75.0,75.0,75.0,0.0,0.0,26411000.0
2016-02-02,75.0,75.0,75.0,75.0,0.0,0.0,26411000.0
2016-02-03,75.0,75.0,75.0,75.0,0.0,0.0,26411000.0
2016-02-04,75.0,75.0,75.0,75.0,0.0,0.0,26411000.0
2016-02-05,75.0,75.0,75.0,75.0,0.0,0.0,26411000.0
2016-02-08,75.0,75.0,75.0,75.0,0.0,0.0,26411000.0
2016-02-09,75.0,75.0,75.0,75.0,0.0,0.0,26411000.0
2016-02-10,75.0,75.0,75.0,75.0,0.0,0.0,26411000.0
2016-02-11,75.0,75.0,75.0,75.0,0.0,0.0,26411000.0
2016-02-12,75.0,75.0,75.0,75.0,0.0,0.0,26411000.0
2016-02-15,75.0,75.0,75.0,75.0,0.0,0.0,26411000.0
2016-02-16,75.0,75.0,75.0,75.0,0.0,0.0,26411000.0
2016-02-17,75.0,75.0,75.0,75.0,0.0,0.0,26411000.0
2016-02-18,75.0,75.0,75.0,75.0,0.0,0.0,26411000.0
2016-02-19,75.0,75.0,75.0,75.0,0.0,0.0,26411000.0
2016-02-22,75.0,75.0,75.0,75.0,0.0,0.0,26411000.0
2016-02-23,75.0,75.0,75.0,75.0,0.0,0.0,26411000.0
2016-02-24,75.0,75.0,75.0,75.0,0.0,0.0,26411000.0
2016-02-25,75.0,75.0,75.0,75.0,0.0,0.0,26411000.0
2016-02-26,75.0,75.0,75.0,75.0,0.0,0.0,26411000.0
2016-02-29,75.0,75.0,75.0,75.0,0.0,0.0,26411000.0
2016-03-01,75.0,75.0,75.0,75.0,0.0,0.0,26411000.0
2016-03-02,75.0,75.0,75.0,75.0,0.0,0.0,26411000.0
2016-03-03,75.0,75.0,75.0,75.0,0.0,0.0,26411000.0
2016-03-04,75.0,75.0,75.0,75.0,0.0,0.0,26411000.0
2016-03-07,75.0,75.0,75.0,75.0,0.0,0.0,26411000.0
2016-03-08,75.0,75.0,75.0,75.0,0.0,0.0,26411000.0
2016-03-09,75.0,75.0,75.0,75.0,0.0,0.0,26411000.0
2016-03-10,75.0,75.0,75.0,75.0,0.0,0.0,26411000.0
2016-03-11,75.0,75.0,75.0,75.0,0.0,0.0,26411000.0
2016-03-14,75.0,75.0,75.0,75.0,0.0,0.0,26411000.0
2016-03-15,75.0,75.0,75.0,75.0,0.0,0.0,26411000.0
2016-03-16,75.0,75.0,75.0,75.0,0.0,0.0,26411000.0
2016-03-17,75.0,75.0,75.0,75.0,0.0,0.0,26411000.0
2016-03-18,75.0,75.0,75.0,75.0,0.0,0.0,26411000.0
2016-03-21,75.0,75.0,75.0,75.0,0.0,0.0,26411000.0
2016-03-22,75.0,75.0,75.0,75.0,0.0,0.0,26411000.0
2016-03-23,75.0,75.0,75.0,75.0,0.0,0.0,26411000.0
2016-03-24,75.0,75.0,75.0,75.0,0.0,0.0,26411000.0
2016-03-28,75.0,75.0,75.0,75.0,0.0,0.0,26411000.0
2016-03-29,75.0,75.0,75.0,75.0,0.0,0.0,26411000.0
2016-03-30,75.0,75.0,75.0,75.0,0.0,0.0,26411000.0
2016-03-31,75.0,75.0,75.0,75.0,0.0,0.0,26411000.0
2016-04-01,75.0,75.0,75.0,75.0,0.0,0.0,26411000.0
2016-04-04,75.0,75.0,75.0,75.0,0.0,0.0,26411000.0
2016-04-05,75.0,75.0,75.0,75.0,0.0,0.0,26411000.0
2016-04-06,75.0,75.0,75.0,75.0,0.0,0.0,26411000.0
2016-04-07,75.0,75.0,75.0,75.0,0.0,0.0,26411000.0
2016-04-08,75.0,75.0,75.0,75.0,0.0,0.0,26411000.0
2016-04-11,75.0,75.0,75.0,75.0,0.0,0.0,26411000.0
2016-04-12,75.0,75.0,75.0,75.0,0.0,0.0,26411000.0
2016-04-13,75.0,75.0,75.0,75.0,0.0,0.0,26411000.0
2016-04-14,75.0,75.0,75.0,75.0,0.0,0.0,26411000.0
2016-04-15,75.0,75.0,75.0,75.0,0.0,0.0,26411000.0
2016-04-18,75.0,75.0,75.0,75.0,0.0,0.0,26411000.0
2016-04-19,75.0,75.0,75.0,75.0,0.0,0.0,26411000.0
2016-04-20,75.0,75.0,75.0,75.0,0.0,0.0,26411000.0
2016-04-21,75.0,75.0,75.0,75.0,0.0,0.0,26411000.0
2016-04-22,75.0,75.0,75.0,75.0,0.0,0.0,26411000.0
2016-04-25,75.0,75.0,75.0,75.0,0.0,0.0,26411000.0
2016-04-26,75.0,75.0,75.0,75.0,0.0,0.0,26411000.0
2016-04-27,75.0,75.0,75.0,75.0,0.0,0.0,26411000.0
2016-04-28,75.0,75.0,75.0,75.0,0.0,0.0,26411000.0
2016-04-29,75.0,75.0,75.0,75.0,0.0,0.0,26411000.0
2016-05-02,75.0,75.0,75.0,75.0,0.0,0.0,26411000.0
2016-05-03,75.0,75.0,75.0,75.0,0.0,0.0,26411000.0
2016-05-04,75.0,75.0,75.0,75.0,0.0,0.0,26411000.0
2016-05-05,75.0,75.0,75.0,75.0,0.0,0.0,26411000.0
2016-05-06,75.0,75.0,75.0,75.0,0.0,0.0,26411000.0
2016-05-09,75.0,75.0,75.0,75.0,0.0,0.0,26411000.0
2016-05-10,75.0,75.0,75.0,75.0,0.0,0.0,26411000.0
2016-05-11,75.0,75.0,75.0,75.0,0.0,0.0,26411000.0
2016-05-12,75.0,75.0,75.0,75.0,0.0,0.0,26411000.0
2016-05-13,75.0,75.0,75.0,75.0,0.0,0.0,26411000.0
2016-05-16,75.0,75.0,75.0,75.0,0.0,0.0,26411000.0
2016-05-17,75.0,75.0,75.0,75.0,0.0,0.0,26411000.0
2016-05-18,75.0,75.0,75.0,75.0,0.0,0.0,26411000.0
2016-05-19,75.0,75.0,75.0,75.0,0.0,0.0,26411000.0
2016-05-20,75.0,75.0,75.0,75.0,0.0,0.0,26411000.0
2016-05-23,75.0,75.0,75.0,75.0,0.0,0.0,26411000.0
2016-05-24,75.0,75.0,75.0,75.0,0.0,0.0,26411000.0
2016-05-25,75.0,75.0,75.0,75.0,0.0,0.0,26411000.0
2016-05-26,75.0,75.0,75.0,75.0,0.0,0.0,26411000.0
2016-05-27,75.0,75.0,75.0,75.0,0.0,0.0,26411000.0
2016-05-30,75.0,75.0,75.0,75.0,0.0,0.0,26411000.0
2016-05-31,75.0,75.0,75.0,75.0,0.0,0.0,26411000.0
2016-06-01,75.0,75.0,75.0,75.0,0.0,0.0,26411000.0
2016-06-02,75.0,75.0,75.0,75.0,0.0,0.0,26411000.0
2016-06-03,75.0,75.0,75.0,75.0,0.0,0.0,26411000.0
2016-06-06,75.0,75.0,75.0,75.0,0.0,0.0,26411000.0
2016-06-07,75.0,75.0,75.0,75.0,0.0,0.0,26411000.0
2016-06-08,75.0,75.0,75.0,75.0,0.0,0.0,26411000.0
2016-06-09,75.0,75.0,75.0,75.0,0.0,0.0,26411000.0
2016-06-10,75.0,75.0,75.0,75.0,0.0,0.0,26411000.0
2016-06-13,75.0,75.0,75.0,75.0,0.0,0.0,26411000.0
2016-06-14,75.0,75.0,75.0,75.0,0.0,0.0,26411000.0
2016-06-15,75.0,75.0,75.0,75.0,0.0,0.0,26411000.0
2016-06-16,75.0,75.0,75.0,75.0,0.0,0.0,26411000.0
2016-06-17,75.0,75.0,75.0,75.0,0.0,0.0,26411000.0
2016-06-20,75.0,75.0,75.0,75.0,0.0,0.0,26411000.0
2016-06-21,75.0,75.0,75.0,75.0,0.0,0.0,26411000.0
2016-06-22,75.0,75.0,75.0,75.0,0.0,0.0,26411000.0
2016-06-23,75.0,75.0,75.0,75.0,0.0,0.0,26411000.0
2016-06-24,75.0,75.0,75.0,75.0,0.0,0.0,26411000.0
2016-06-27,75.0,75.0,75.0,75.0,0.0,0.0,26411000.0
2016-06-28,75.0,75.0,75.0,75.0,0.0,0.0,26411000.0
2016-06-29,75.0,75.0,75.0,75.0,0.0,0.0,26411000.0
2016-06-30,75.0,75.0,75.0,75.0,0.0,0.0,26411000.0
2016-07-01,75.0,75.0,75.0,75.0,0.0,0.0,26411000.0
2016-07-04,75.0,75.0,75.0,75.0,0.0,0.0,26411000.0
2016-07-05,75.0,75.0,75.0,75.0,0.0,0.0,26411000.0
2016-07-06,75.0,75.0,75.0,75.0,0.0,0.0,26411000.0
2016-07-07,75.0,75.0,75.0,75.0,0.0,0.0,26411000.0
2016-07-08,75.0,75.0,75.0,75.0,0.0,0.0,26411000.0
2016-07-11,75.0,75.0,75.0,75.0,0.0,0.0,26411000.0
2016-07-12,75.0,75.0,75.0,75.0,0.0,0.0,26411000.0
2016-07-13,75.0,75.0,75.0,75.0,0.0,0.0,26411000.0
2016-07-14,75.0,75.0,75.0,75.0,0.0,0.0,26411000.0
2016-07-15,75.0,75.0,75.0,75.0,0.0,0.0,26411000.0
2016-07-18,75.0,75.0,75.0,75.0,0.0,0.0,26411000.0
2016-07-19,75.0,75.0,75.0,75.0,0.0,0.0,26411000.0
2016-07-20,75.0,75.0,75.0,75.0,0.0,0.0,26411000.0
2016-07-21,75.0,75.0,75.0,75.0,0.0,0.0,26411000.0
2016-07-22,75.0,75.0,75.0,75.0,0.0,0.0,26411000.0
2016-07-25,75.0,75.0,75.0,75.0,0.0,0.0,26411000.0
2016-07-26,75.0,75.0,75.0,75.0,0.0,0.0,26411000.0
2016-07-27,75.0,75.0,75.0,75.0,0.0,0.0,26411000.0
2016-07-28,75.0,75.0,75.0,75.0,0.0,0.0,26411000.0
2016-07-29,75.0,75.0,75.0,75.0,0.0,0.0,26411000.0
2016-08-01,75.0,75.0,75.0,75.0,0.0,0.0,26411000.0
2016-08-02,75.0,75.0,75.0,75.0,0.0,0.0,26411000.0
2016-08-03,75.0,75.0,75.0,75.0,0.0,0.0,26411000.0
2016-08-04,75.0,75.0,75.0,75.0,0.0,0.0,26411000.0
2016-08-05,75.0,75.0,75.0,75.0,0.0,0.0,26411000.0
2016-08-08,75.0,75.0,75.0,75.0,0.0,0.0,26411000.0
2016-08-09,75.0,75.0,75.0,75.0,0.0,0.0,26411000.0
2016-08-10,75.0,75.0,75.0,75.0,0.0,0.0,26411000.0
2016-08-11,75.0,75.0,75.0,75.0,0.0,0.0,26411000.0
2016-08-12,75.0,75.0,75.0,75.0,0.0,0.0,26411000.0
2016-08-15,75.0,75.0,75.0,75.0,0.0,0.0,26411000.0
2016-08-16,75.0,75.0,75.0,75.0,0.0,0.0,26411000.0
2016-08-17,75.0,75.0,75.0,75.0,0.0,0.0,26411000.0
2016-08-18,75.0,75.0,75.0,75.0,0.0,0.0,26411000.0
2016-08-19,75.0,75.0,75.0,75.0,0.0,0.0,26411000.0
2016-08-22,75.0,75.0,75.0,75.0,0.0,0.0,26411000.0
2016-08-23,75.0,75.0,75.0,75.0,0.0,0.0,26411000.0
2016-08-24,75.0,75.0,75.0,75.0,0.0,0.0,26411000.0
2016-08-25,75.0,75.0,75.0,75.0,0.0,0.0,26411000.0
2016-08-26,75.0,75.0,75.0,75.0,0.0,0.0,26411000.0
2016-08-29,75.0,75.0,75.0,75.0,0.0,0.0,26411000.0
2016-08-30,75.0,75.0,75.0,75.0,0.0,0.0,26411000.0
2016-08-31,75.0,75.0,75.0,75.0,0.0,0.0,26411000.0
2016-09-01,75.0,75.0,75.0,75.0,0.0,0.0,26411000.0
2016-09-02,75.0,75.0,75.0,75.0,0.0,0.0,26411000.0
2016-09-05,75.0,75.0,75.0,75.0,0.0,0.0,26411000.0
2016-09-06,75.0,75.0,75.0,75.0,0.0,0.0,26411000.0
2016-09-07,75.0,75.0,75.0,75.0,0.0,0.0,26411000.0
2016-09-08,75.0,75.0,75.0,75.0,0.0,0.0,26411000.0
2016-09-09,75.0,75.0,75.0,75.0,0.0,0.0,26411000.0
2016-09-12,75.0,75.0,75.0,75.0,0.0,0.0,26411000.0
2016-09-13,75.0,75.0,75.0,75.0,0.0,0.0,26411000.0
2016-09-14,75.0,75.0,75.0,75.0,0.0,0.0,26411000.0
2016-09-15,75.0,75.0,75.0,75.0,0.0,0.0,26411000.0
2016-09-16,75.0,75.0,75.0,75.0,0.0,0.0,26411000.0
2016-09-19,75.0,75.0,75.0,75.0,0.0,0.0,26411000.0
2016-09-20,75.0,75.0,75.0,75.0,0.0,0.0,26411000.0
2016-09-21,75.0,75.0,75.0,75.0,0.0,0.0,26411000.0
2016-09-22,75.0,75.0,75.0,75.0,0.0,0.0,26411000.0
2016-09-23,75.0,75.0,75.0,75.0,0.0,0.0,26411000.0
2016-09-26,75.0,75.0,75.0,75.0,0.0,0.0,26411000.0
2016-09-27,75.0,75.0,75.0,75.0,0.0,0.0,26411000.0
2016-09-28,75.0,75.0,75.0,75.0,0.0,0.0,26411000.0
2016-09-29,75.0,75.0,75.0,75.0,0.0,0.0,26411000.0
2016-09-30,75.0,75.0,75.0,75.0,0.0,0.0,26411000.0
2016-10-03,75.0,75.0,75.0,75.0,0.0,0.0,26411000.0
2016-10-04,75.0,75.0,75.0,75.0,0.0,0.0,26411000.0
2016-10-05,75.0,75.0,75.0,75.0,0.0,0.0,26411000.0
2016-10-06,75.0,75.0,75.0,75.0,0.0,0.0,26411000.0
2016-10-07,75.0,75.0,75.0,75.0,0.0,0.0,26411000.0
2016-10-10,75.0,75.0,75.0,75.0,0.0,0.0,26411000.0
2016-10-11,75.0,75.0,75.0,75.0,0.0,0.0,26411000.0
2016-10-12,75.0,75.0,75.0,75.0,0.0,0.0,26411000.0
2016-10-13,75.0,75.0,75.0,75.0,0.0,0.0,26411000.0
2016-10-14,75.0,75.0,75.0,75.0,0.0,0.0,26411000.0
2016-10-17,75.0,75.0,75.0,75.0,0.0,0.0,26411000.0
2016-10-18,75.0,75.0,75.0,75.0,0.0,0.0,26411000.0
2016-10-19,75.0,75.0,75.0,75.0,0.0,0.0,26411000.0
2016-10-20,75.0,75.0,75.0,75.0,0.0,0.0,26411000.0
2016-10-21,75.0,75.0,75.0,75.0,0.0,0.0,26411000.0
2016-10-24,75.0,75.0,75.0,75.0,0.0,0.0,26411000.0
2016-10-25,75.0,75.0,75.0,75.0,0.0,0.0,26411000.0
2016-10-26,75.0,75.0,75.0,75.0,0.0,0.0,26411000.0
2016-10-27,75.0,75.0,75.0,75.0,0.0,0.0,26411000.0
2016-10-28,75.0,75.0,75.0,75.0,0.0,0.0,26411000.0
2016-10-31,75.0,75.0,75.0,75.0,0.0,0.0,26411000.0
2016-11-01,75.0,75.0,75.0,75.0,0.0,0.0,26411000.0
2016-11-02,75.0,75.0,75.0,75.0,0.0,0.0,26411000.0
2016-11-03,75.0,75.0,75.0,75.0,0.0,0.0,26411000.0
2016-11-04,75.0,75.0,75.0,75.0,0.0,0.0,26411000.0
2016-11-07,75.0,75.0,75.0,75.0,0.0,0.0,26411000.0
2016-11-08,75.0,75.0,75.0,75.0,0.0,0.0,26411000.0
2016-11-09,75.0,75.0,75.0,75.0,0.0,0.0,26411000.0
2016-11-10,75.0,75.0,75.0,75.0,0.0,0.0,26411000.0
2016-11-11,75.0,75.0,75.0,75.0,0.0,0.0,26411000.0
2016-11-14,75.0,75.0,75.0,75.0,0.0,0.0,26411000.0
2016-11-15,75.0,75.0,75.0,75.0,0.0,0.0,26411000.0
2016-11-16,75.0,75.0,75.0,75.0,0.0,0.0,26411000.0
2016-11-17,75.0,75.0,75.0,75.0,0.0,0.0,26411000.0
2016-11-18,75.0,75.0,75.0,75.0,0.0,0.0,26411000.0
2016-11-21,75.0,75.0,75.0,75.0,0.0,0.0,26411000.0
2016-11-22,75.0,75.0,75.0,75.0,0.0,0.0,26411000.0
2016-11-23,75.0,75.0,75.0,75.0,0.0,0.0,26411000.0
2016-11-24,75.0,75.0,75.0,75.0,0.0,0.0,26411000.0
2016-11-25,75.0,75.0,75.0,75.0,0.0,0.0,26411000.0
2016-11-28,75.0,75.0,75.0,75.0,0.0,0.0,26411000.0
2016-11-29,75.0,75.0,75.0,75.0,0.0,0.0,26411000.0
2016-11-30,75.0,75.0,75.0,75.0,0.0,0.0,26411000.0
2016-12-01,75.0,75.0,75.0,75.0,0.0,0.0,26411000.0
2016-12-02,75.0,75.0,75.0,75.0,0.0,0.0,26411000.0
2016-12-05,75.0,75.0,75.0,75.0,0.0,0.0,26411000.0
2016-12-06,75.0,75.0,75.0,75.0,0.0,0.0,26411000.0
2016-12-07,75.0,75.0,75.0,75.0,0.0,0.0,26411000.0
2016-12-08,75.0,75.0,75.0,75.0,0.0,0.0,26411000.0
2016-12-09,75.0,75.0,75.0,75.0,0.0,0.0,26411000.0
2016-12-12,75.0,75.0,75.0,75.0,0.0,0.0,26411000.0
2016-12-13,75.0,75.0,75.0,75.0,0.0,0.0,26411000.0
2016-12-14,75.0,75.0,75.0,75.0,0.0,0.0,26411000.0
2016-12-15,75.0,75.0,75.0,75.0,0.0,0.0,26411000.0
2016-12-16,75.0,75.0,75.0,75.0,0.0,0.0,26411000.0
2016-12-19,75.0,75.0,75.0,75.0,0.0,0.0,26411000.0
2016-12-20,75.0,75.0,75.0,75.0,0.0,0.0,26411000.0
2016-12-21,75.0,75.0,75.0,75.0,0.0,0.0,26411000.0
2016-12-22,75.0,75.0,75.0,75.0,0.0,0.0,26411000.0
2016-12-23,75.0,75.0,75.0,75.0,0.0,0.0,26411000.0
2016-12-27,75.0,75.0,75.0,75.0,0.0,0.0,26411000.0
2016-12-28,75.0,75.0,75.0,75.0,0.0,0.0,26411000.0
2016-12-29,75.0,75.0,75.0,75.0,0.0,0.0,26411000.0
2016-12-30,75.0,75.0,75.0,75.0,0.0,0.0,26411000.0
2017-01-02,75.0,75.0,75.0,75.0,0.0,0.0,26411000.0
2017-01-03,75.0,75.0,75.0,75.0,0.0,0.0,26411000.0
2017-01-04,75.0,75.0,75.0,75.0,0.0,0.0,26411000.0
2017-01-05,75.0,75.0,75.0,75.0,0.0,0.0,26411000.0
2017-01-06,75.0,75.0,75.0,75.0,0.0,0.0,26411000.0
2017-01-09,75.0,75.0,75.0,75.0,0.0,0.0,26411000.0
2017-01-10,75.0,75.0,75.0,75.0,0.0,0.0,26411000.0
2017-01-11,75.0,75.0,75.0,75.0,0.0,0.0,26411000.0
2017-01-12,75.0,75.0,75.0,75.0,0.0,0.0,26411000.0
2017-01-13,75.0,75.0,75.0,75.0,0.0,0.0,26411000.0
2017-01-16,75.0,75.0,75.0,75.0,0.0,0.0,26411000.0
2017-01-17,75.0,75.0,75.0,75.0,0.0,0.0,26411000.0
2017-01-18,75.0,75.0,75.0,75.0,0.0,0.0,26411000.0
2017-01-19,75.0,75.0,75.0,75.0,0.0,0.0,26411000.0
2017-01-20,75.0,75.0,75.0,75.0,0.0,0.0,26411000.0
2017-01-23,75.0,75.0,75.0,75.0,0.0,0.0,26411000.0
2017-01-24,75.0,75.0,75.0,75.0,0.0,0.0,26411000.0
2017-01-25,75.0,75.0,75.0,75.0,0.0,0.0,26411000.0
2017-01-26,75.0,75.0,75.0,75.0,0.0,0.0,26411000.0
2017-01-27,75.0,75.0,75.0,75.0,0.0,0.0,26411000.0
2017-01-30,75.0,75.0,75.0,75.0,0.0,0.0,26411000.0
2017-01-31,75.0,75.0,75.0,75.0,0.0,0.0,26411000.0
2017-02-01,75.0,75.0,75.0,75.0,0.0,0.0,26411000.0
2017-02-02,75.0,75.0,75.0,75.0,0.0,0.0,26411000.0
2017-02-03,75.0,75.0,75.0,75.0,0.0,0.0,26411000.0
2017-02-06,75.0,75.0,75.0,75.0,0.0,0.0,26411000.0
2017-02-07,75.0,75.0,75.0,75.0,0.0,0.0,26411000.0
2017-02-08,75.0,75.0,75.0,75.0,0.0,0.0,26411000.0
2017-02-09,75.0,75.0,75.0,75.0,0.0,0.0,26411000.0
2017-02-10,75.0,75.0,75.0,75.0,0.0,0.0,26411000.0
2017-02-13,75.0,75.0,75.0,75.0,0.0,0.0,26411000.0
2017-02-14,75.0,75.0,75.0,75.0,0.0,0.0,26411000.0
2017-02-15,75.0,75.0,75.0,75.0,0.0,0.0,26411000.0
2017-02-16,75.0,75.0,75.0,75.0,0.0,0.0,26411000.0
2017-02-17,75.0,75.0,75.0,75.0,0.0,0.0,26411000.0
2017-02-20,75.0,75.0,75.0,75.0,0.0,0.0,26411000.0
2017-02-21,75.0,75.0,75.0,75.0,0.0,0.0,26411000.0
2017-02-22,75.0,75.0,75.0,75.0,0.0,0.0,26411000.0
2017-02-23,75.0,75.0,75.0,75.0,0.0,0.0,26411000.0
2017-02-24,75.0,75.0,75.0,75.0,0.0,0.0,26411000.0
2017-02-27,75.0,75.0,75.0,75.0,0.0,0.0,26411000.0
2017-02-28,75.0,75.0,75.0,75.0,0.0,0.0,26411000.0
2017-03-01,75.0,75.0,75.0,75.0,0.0,0.0,26411000.0
2017-03-02,75.0,75.0,75.0,75.0,0.0,0.0,26411000.0
2017-03-03,75.0,75.0,75.0,75.0,0.0,0.0,26411000.0
2017-03-06,75.0,75.0,75.0,75.0,0.0,0.0,26411000.0
2017-03-07,75.0,75.0,75.0,75.0,0.0,0.0,26411000.0
2017-03-08,75.0,75.0,75.0,75.0,0.0,0.0,26411000.0
2017-03-09,75.0,75.0,75.0,75.0,0.0,0.0,26411000.0
2017-03-10,75.0,75.0,75.0,75.0,0.0,0.0,26411000.0
2017-03-13,75.0,75.0,75.0,75.0,0.0,0.0,26411000.0
2017-03-14,75.0,75.0,75.0,75.0,0.0,0.0,26411000.0
2017-03-15,75.0,75.0,75.0,75.0,0.0,0.0,26411000.0
2017-03-16,75.0,75.0,75.0,75.0,0.0,0.0,26411000.0
2017-03-17,75.0,75.0,75.0,75.0,0.0,0.0,26411000.0
2017-03-20,75.0,75.0,75.0,75.0,0.0,0.0,26411000.0
2017-03-21,75.0,75.0,75.0,75.0,0.0,0.0,26411000.0
2017-03-22,75.0,75.0,75.0,75.0,0.0,0.0,26411000.0
2017-03-23,75.0,75.0,75.0,75.0,0.0,0.0,26411000.0
2017-03-24,75.0,75.0,75.0,75.0,0.0,0.0,26411000.0
2017-03-27,75.0,75.0,75.0,75.0,0.0,0.0,26411000.0
2017-03-28,75.0,75.0,75.0,75.0,0.0,0.0,26411000.0
2017-03-29,75.0,75.0,75.0,75.0,0.0,0.0,26411000.0
2017-03-30,75.0,75.0,75.0,75.0,0.0,0.0,26411000.0
2017-03-31,75.0,75.0,75.0,75.0,0.0,0.0,26411000.0
2017-04-03,75.0,75.0,75.0,75.0,0.0,0.0,26411000.0
2017-04-04,75.0,75.0,75.0,75.0,0.0,0.0,26411000.0
2017-04-05,75.0,75.0,75.0,75.0,0.0,0.0,26411000.0
2017-04-06,75.0,75.0,75.0,75.0,0.0,0.0,26411000.0
2017-04-07,75.0,75.0,75.0,75.0,0.0,0.0,26411000.0
2017-04-10,75.0,75.0,75.0,75.0,0.0,0.0,26411000.0
2017-04-11,75.0,75.0,75.0,75.0,0.0,0.0,26411000.0
2017-04-12,75.0,75.0,75.0,75.0,0.0,0.0,26411000.0
2017-04-13,75.0,75.0,75.0,75.0,0.0,0.0,26411000.0
2017-04-17,75.0,75.0,75.0,75.0,0.0,0.0,26411000.0
2017-04-18,75.0,75.0,75.0,75.0,0.0,0.0,26411000.0
2017-04-19,75.0,75.0,75.0,75.0,0.0,0.0,26411000.0
2017-04-20,75.0,75.0,75.0,75.0,0.0,0.0,26411000.0
2017-04-21,75.0,75.0,75.0,75.0,0.0,0.0,26411000.0
2017-04-24,75.0,75.0,75.0,75.0,0.0,0.0,26411000.0
2017-04-25,75.0,75.0,75.0,75.0,0.0,0.0,26411000.0
2017-04-26,75.0,75.0,75.0,75.0,0.0,0.0,26411000.0
2017-04-27,75.0,75.0,75.0,75.0,0.0,0.0,26411000.0
2017-04-28,75.0,75.0,75.0,75.0,0.0,0.0,26411000.0
2017-05-01,75.0,75.0,75.0,75.0,0.0,0.0,26411000.0
2017-05-02,75.0,75.0,75.0,75.0,0.0,0.0,26411000.0
2017-05-03,75.0,75.0,75.0,75.0,0.0,0.0,26411000.0
2017-05-04,75.0,75.0,75.0,75.0,0.0,0.0,26411000.0
2017-05-05,75.0,75.0,75.0,75.0,0.0,0.0,26411000.0
2017-05-08,75.0,75.0,75.0,75.0,0.0,0.0,26411000.0
2017-05-09,75.0,75.0,75.0,75.0,0.0,0.0,26411000.0
2017-05-10,75.0,75.0,75.0,75.0,0.0,0.0,26411000.0
2017-05-11,75.0,75.0,75.0,75.0,0.0,0.0,26411000.0
2017-05-12,75.0,75.0,75.0,75.0,0.0,0.0,26411000.0
2017-05-15,75.0,75.0,75.0,75.0,0.0,0.0,26411000.0
2017-05-16,75.0,75.0,75.0,75.0,0.0,0.0,26411000.0
2017-05-17,75.0,75.0,75.0,75.0,0.0,0.0,26411000.0
2017-05-18,75.0,75.0,75.0,75.0,0.0,0.0,26411000.0
2017-05-19,75.0,75.0,75.0,75.0,0.0,0.0,26411000.0
2017-05-22,75.0,75.0,75.0,75.0,0.0,0.0,26411000.0
2017-05-23,75.0,75.0,75.0,75.0,0.0,0.0,26411000.0
2017-05-24,75.0,75.0,75.0,75.0,0.0,0.0,26411000.0
2017-05-25,75.0,75.0,75.0,75.0,0.0,0.0,26411000.0
2017-05-26,75.0,75.0,75.0,75.0,0.0,0.0,26411000.0
2017-05-29,75.0,75.0,75.0,75.0,0.0,0.0,26411000.0
2017-05-30,75.0,75.0,75.0,75.0,0.0,0.0,26411000.0
2017-05-31,75.0,75.0,75.0,75.0,0.0,0.0,26411000.0
2017-06-01,75.0,75.0,75.0,75.0,0.0,0.0,26411000.0
2017-06-02,75.0,75.0,75.0,75.0,0.0,0.0,26411000.0
2017-06-05,75.0,75.0,75.0,75.0,0.0,0.0,26411000.0
2017-06-06,75.0,75.0,75.0,75.0,0.0,0.0,26411000.0
2017-06-07,75.0,75.0,75.0,75.0,0.0,0.0,26411000.0
2017-06-08,75.0,75.0,75.0,75.0,0.0,0.0,26411000.0
2017-06-09,75.0,75.0,75.0,75.0,0.0,0.0,26411000.0
2017-06-12,75.0,75.0,75.0,75.0,0.0,0.0,26411000.0
2017-06-13,75.0,75.0,75.0,75.0,0.0,0.0,26411000.0
2017-06-14,75.0,75.0,75.0,75.0,0.0,0.0,26411000.0
2017-06-15,75.0,75.0,75.0,75.0,0.0,0.0,26411000.0
2017-06-16,75.0,75.0,75.0,75.0,0.0,0.0,26411000.0
2017-06-19,75.0,75.0,75.0,75.0,0.0,0.0,26411000.0
2017-06-20,75.0,75.0,75.0,75.0,0.0,0.0,26411000.0
2017-06-21,75.0,75.0,75.0,75.0,0.0,0.0,26411000.0
2017-06-22,75.0,75.0,75.0,75.0,0.0,0.0,26411000.0
2017-06-23,75.0,75.0,75.0,75.0,0.0,0.0,26411000.0
2017-06-26,75.0,75.0,75.0,75.0,0.0,0.0,26411000.0
2017-06-27,75.0,75.0,75.0,75.0,0.0,0.0,26411000.0
2017-06-28,75.0,75.0,75.0,75.0,0.0,0.0,26411000.0
2017-06-29,75.0,75.0,75.0,75.0,0.0,0.0,26411000.0
2017-06-30,75.0,75.0,75.0,75.0,0.0,0.0,26411000.0
2017-07-03,75.0,75.0,75.0,75.0,0.0,0.0,26411000.0
2017-07-04,75.0,75.0,75.0,75.0,0.0,0.0,26411000.0
2017-07-05,75.0,75.0,75.0,75.0,0.0,0.0,26411000.0
2017-07-06,75.0,75.0,75.0,75.0,0.0,0.0,26411000.0
2017-07-07,75.0,75.0,75.0,75.0,0.0,0.0,26411000.0
2017-07-10,75.0,75.0,75.0,75.0,0.0,0.0,26411000.0
2017-07-11,75.0,75.0,75.0,75.0,0.0,0.0,26411000.0
2017-07-12,75.0,75.0,75.0,75.0,0.0,0.0,26411000.0
2017-07-13,75.0,75.0,75.0,75.0,0.0,0.0,26411000.0
2017-07-14,75.0,75.0,75.0,75.0,0.0,0.0,26411000.0
2017-07-17,75.0,75.0,75.0,75.0,0.0,0.0,26411000.0
2017-07-18,75.0,75.0,75.0,75.0,0.0,0.0,26411000.0
2017-07-19,75.0,75.0,75.0,75.0,0.0,0.0,26411000.0
2017-07-20,75.0,75.0,75.0,75.0,0.0,0.0,26411000.0
2017-07-21,75.0,75.0,75.0,75.0,0.0,0.0,26411000.0
2017-07-24,75.0,75.0,75.0,75.0,0.0,0.0,26411000.0
2017-07-25,75.0,75.0,75.0,75.0,0.0,0.0,26411000.0
2017-07-26,75.0,75.0,75.0,75.0,0.0,0.0,26411000.0
2017-07-27,75.0,75.0,75.0,75.0,0.0,0.0,26411000.0
2017-07-28,75.0,75.0,75.0,75.0,0.0,0.0,26411000.0
2017-07-31,75.0,75.0,75.0,75.0,0.0,0.0,26411000.0
2017-08-01,75.0,75.0,75.0,75.0,0.0,0.0,26411000.0
2017-08-02,75.0,75.0,75.0,75.0,0.0,0.0,26411000.0
2017-08-03,75.0,75.0,75.0,75.0,0.0,0.0,26411000.0
2017-08-04,75.0,75.0,75.0,75.0,0.0,0.0,26411000.0
2017-08-07,75.0,75.0,75.0,75.0,0.0,0.0,26411000.0
2017-08-08,75.0,75.0,75.0,75.0,0.0,0.0,26411000.0
2017-08-09,75.0,75.0,75.0,75.0,0.0,0.0,26411000.0
2017-08-10,75.0,75.0,75.0,75.0,0.0,0.0,26411000.0
2017-08-11,75.0,75.0,75.0,75.0,0.0,0.0,26411000.0
2017-08-14,75.0,75.0,75.0,75.0,0.0,0.0,26411000.0
2017-08-15,75.0,75.0,75.0,75.0,0.0,0.0,26411000.0
2017-08-16,75.0,75.0,75.0,75.0,0.0,0.0,26411000.0
2017-08-17,75.0,75.0,75.0,75.0,0.0,0.0,26411000.0
2017-08-18,75.0,75.0,75.0,75.0,0.0,0.0,26411000.0
2017-08-21,75.0,75.0,75.0,75.0,0.0,0.0,26411000.0
2017-08-22,75.0,75.0,75.0,75.0,0.0,0.0,26411000.0
2017-08-23,75.0,75.0,75.0,75.0,0.0,0.0,26411000.0
2017-08-24,75.0,75.0,75.0,75.0,0.0,0.0,26411000.0
2017-08-25,75.0,75.0,75.0,75.0,0.0,0.0,26411000.0
2017-08-28,75.0,75.0,75.0,75.0,0.0,0.0,26411000.0
2017-08-29,75.0,75.0,75.0,75.0,0.0,0.0,26411000.0
2017-08-30,75.0,75.0,75.0,75.0,0.0,0.0,26411000.0
2017-08-31,75.0,75.0,75.0,75.0,0.0,0.0,26411000.0
2017-09-01,75.0,75.0,75.0,75.0,0.0,0.0,26411000.0
2017-09-04,75.0,75.0,75.0,75.0,0.0,0.0,26411000.0
2017-09-05,75.0,75.0,75.0,75.0,0.0,0.0,26411000.0
2017-09-06,75.0,75.0,75.0,75.0,0.0,0.0,26411000.0
2017-09-07,75.0,75.0,75.0,75.0,0.0,0.0,26411000.0
2017-09-08,75.0,75.0,75.0,75.0,0.0,0.0,26411000.0
2017-09-11,75.0,75.0,75.0,75.0,0.0,0.0,26411000.0
2017-09-12,75.0,75.0,75.0,75.0,0.0,0.0,26411000.0
2017-09-13,75.0,75.0,75.0,75.0,0.0,0.0,26411000.0
2017-09-14,75.0,75.0,75.0,75.0,0.0,0.0,26411000.0
2017-09-15,75.0,75.0,75.0,75.0,0.0,0.0,26411000.0
2017-09-18,75.0,75.0,75.0,75.0,0.0,0.0,26411000.0
2017-09-19,75.0,75.0,75.0,75.0,0.0,0.0,26411000.0
2017-09-20,75.0,75.0,75.0,75.0,0.0,0.0,26411000.0
2017-09-21,75.0,75.0,75.0,75.0,0.0,0.0,26411000.0
2017-09-22,75.0,75.0,75.0,75.0,0.0,0.0,26411000.0
2017-09-25,75.0,75.0,75.0,75.0,0.0,0.0,26411000.0
2017-09-26,75.0,75.0,75.0,75.0,0.0,0.0,26411000.0
2017-09-27,75.0,75.0,75.0,75.0,0.0,0.0,26411000.0
2017-09-28,75.0,75.0,75.0,75.0,0.0,0.0,26411000.0
2017-09-29,75.0,75.0,75.0,75.0,0.0,0.0,26411000.0
2017-10-02,75.0,75.0,75.0,75.0,0.0,0.0,26411000.0
2017-10-03,75.0,75.0,75.0,75.0,0.0,0.0,26411000.0
2017-10-04,75.0,75.0,75.0,75.0,0.0,0.0,26411000.0
2017-10-05,75.0,75.0,75.0,75.0,0.0,0.0,26411000.0
2017-10-06,75.0,75.0,75.0,75.0,0.0,0.0,26411000.0
2017-10-09,75.0,75.0,75.0,75.0,0.0,0.0,26411000.0
2017-10-10,75.0,75.0,75.0,75.0,0.0,0.0,26411000.0
2017-10-11,75.0,75.0,75.0,75.0,0.0,0.0,26411000.0
2017-10-12,75.0,75.0,75.0,75.0,0.0,0.0,26411000.0
2017-10-13,75.0,75.0,75.0,75.0,0.0,0.0,26411000.0
2017-10-16,75.0,75.0,75.0,75.0,0.0,0.0,26411000.0
2017-10-17,75.0,75.0,75.0,75.0,0.0,0.0,26411000.0
2017-10-18,75.0,75.0,75.0,75.0,0.0,0.0,26411000.0
2017-10-19,75.0,75.0,75.0,75.0,0.0,0.0,26411000.0
2017-10-20,75.0,75.0,75.0,75.0,0.0,0.0,26411000.0
2017-10-23,75.0,75.0,75.0,75.0,0.0,0.0,26411000.0
2017-10-24,75.0,75.0,75.0,75.0,0.0,0.0,26411000.0
2017-10-25,75.0,75.0,75.0,75.0,0.0,0.0,26411000.0
2017-10-26,75.0,75.0,75.0,75.0,0.0,0.0,26411000.0
2017-10-27,75.0,75.0,75.0,75.0,0.0,0.0,26411000.0
2017-10-30,75.0,75.0,75.0,75.0,0.0,0.0,26411000.0
2017-10-31,75.0,75.0,75.0,75.0,0.0,0.0,26411000.0
2017-11-01,75.0,75.0,75.0,75.0,0.0,0.0,26411000.0
2017-11-02,75.0,75.0,75.0,75.0,0.0,0.0,26411000.0
2017-11-03,75.0,75.0,75.0,75.0,0.0,0.0,26411000.0
2017-11-06,75.0,75.0,75.0,75.0,0.0,0.0,26411000.0
2017-11-07,75.0,75.0,75.0,75.0,0.0,0.0,26411000.0
2017-11-08,75.0,75.0,75.0,75.0,0.0,0.0,26411000.0
2017-11-09,75.0,75.0,75.0,75.0,0.0,0.0,26411000.0
2017-11-10,75.0,75.0,75.0,75.0,0.0,0.0,26411000.0
2017-11-13,75.0,75.0,75.0,75.0,0.0,0.0,26411000.0
2017-11-14,75.0,75.0,75.0,75.0,0.0,0.0,26411000.0
2017-11-15,75.0,75.0,75.0,75.0,0.0,0.0,26411000.0
2017-11-16,75.0,75.0,75.0,75.0,0.0,0.0,26411000.0
2017-11-17,75.0,75.0,75.0,75.0,0.0,0.0,26411000.0
2017-11-20,75.0,75.0,75.0,75.0,0.0,0.0,26411000.0
2017-11-21,75.0,75.0,75.0,75.0,0.0,0.0,26411000.0
2017-11-22,75.0,75.0,75.0,75.0,0.0,0.0,26411000.0
2017-11-23,75.0,75.0,75.0,75.0,0.0,0.0,26411000.0
2017-11-24,75.0,75.0,75.0,75.0,0.0,0.0,26411000.0
2017-11-27,75.0,75.0,75.0,75.0,0.0,0.0,26411000.0
2017-11-28,75.0,75.0,75.0,75.0,0.0,0.0,26411000.0
2017-11-29,75.0,75.0,75.0,75.0,0.0,0.0,26411000.0
2017-11-30,75.0,75.0,75.0,75.0,0.0,0.0,26411000.0
2017-12-01,75.0,75.0,75.0,75.0,0.0,0.0,26411000.0
2017-12-04,75.0,75.0,75.0,75.0,0.0,0.0,26411000.0
2017-12-05,75.0,75.0,75.0,75.0,0.0,0.0,26411000.0
2017-12-06,75.0,75.0,75.0,75.0,0.0,0.0,26411000.0
2017-12-07,75.0,75.0,75.0,75.0,0.0,0.0,26411000.0
2017-12-08,75.0,75.0,75.0,75.0,0.0,0.0,26411000.0
2017-12-11,75.0,75.0,75.0,75.0,0.0,0.0,26411000.0
2017-12-12,75.0,75.0,75.0,75.0,0.0,0.0,26411000.0
2017-12-13,75.0,75.0,75.0,75.0,0.0,0.0,26411000.0
2017-12-14,75.0,75.0,75.0,75.0,0.0,0.0,26411000.0
2017-12-15,75.0,75.0,75.0,75.0,0.0,0.0,26411000.0
2017-12-18,75.0,75.0,75.0,75.0,0.0,0.0,26411000.0
2017-12-19,75.0,75.0,75.0,75.0,0.0,0.0,26411000.0
2017-12-20,75.0,75.0,75.0,75.0,0.0,0.0,26411000.0
2017-12-21,75.0,75.0,75.0,75.0,0.0,0.0,26411000.0
2017-12-22,75.0,75.0,75.0,75.0,0.0,0.0,26411000.0
2017-12-27,75.0,75.0,75.0,75.0,0.0,0.0,26411000.0
2017-12-28,75.0,75.0,75.0,75.0,0.0,0.0,26411000.0
2017-12-29,75.0,75.0,75.0,75.0,0.0,0.0,26411000.0
2018-01-02,75.0,75.0,75.0,75.0,0.0,0.0,26411000.0
2018-01-03,75.0,75.0,75.0,75.0,0.0,0.0,26411000.0
2018-01-04,75.0,75.0,75.0,75.0,0.0,0.0,26411000.0
2018-01-05,75.0,75.0,75.0,75.0,0.0,0.0,26411000.0
2018-01-08,75.0,75.0,75.0,75.0,0.0,0.0,26411000.0
2018-01-09,75.0,75.0,75.0,75.0,0.0,0.0,26411000.0
2018-01-10,75.0,75.0,75.0,75.0,0.0,0.0,26411000.0
2018-01-11,75.0,75.0,75.0,75.0,0.0,0.0,26411000.0
2018-01-12,75.0,75.0,75.0,75.0,0.0,0.0,26411000.0
2018-01-15,75.0,75.0,75.0,75.0,0.0,0.0,26411000.0
2018-01-16,75.0,75.0,75.0,75.0,0.0,0.0,26411000.0
2018-01-17,75.0,75.0,75.0,75.0,0.0,0.0,26411000.0
2018-01-18,75.0,75.0,75.0,75.0,0.0,0.0,26411000.0
2018-01-19,75.0,75.0,75.0,75.0,0.0,0.0,26411000.0
2018-01-22,75.0,75.0,75.0,75.0,0.0,0.0,26411000.0
2018-01-23,75.0,75.0,75.0,75.0,0.0,0.0,26411000.0
2018-01-24,75.0,75.0,75.0,75.0,0.0,0.0,26411000.0
2018-01-25,75.0,75.0,75.0,75.0,0.0,0.0,26411000.0
2018-01-26,75.0,75.0,75.0,75.0,0.0,0.0,26411000.0
2018-01-29,75.0,75.0,75.0,75.0,0.0,0.0,26411000.0
2018-01-30,75.0,75.0,75.0,75.0,0.0,0.0,26411000.0
2018-01-31,75.0,75.0,75.0,75.0,0.0,0.0,26411000.0
2018-02-01,75.0,75.0,75.0,75.0,0.0,0.0,26411000.0
2018-02-02,75.0,75.0,75.0,75.0,0.0,0.0,26411000.0
2018-02-05,75.0,75.0,75.0,75.0,0.0,0.0,26411000.0
2018-02-06,75.0,75.0,75.0,75.0,0.0,0.0,26411000.0
2018-02-07,75.0,75.0,75.0,75.0,0.0,0.0,26411000.0
2018-02-08,75.0,75.0,75.0,75.0,0.0,0.0,26411000.0
2018-02-09,75.0,75.0,75.0,75.0,0.0,0.0,26411000.0
2018-02-12,75.0,75.0,75.0,75.0,0.0,0.0,26411000.0
2018-02-13,75.0,75.0,75.0,75.0,0.0,0.0,26411000.0
2018-02-14,75.0,75.0,75.0,75.0,0.0,0.0,26411000.0
2018-02-15,75.0,75.0,75.0,75.0,0.0,0.0,26411000.0
2018-02-16,75.0,75.0,75.0,75.0,0.0,0.0,26411000.0
2018-02-19,75.0,75.0,75.0,75.0,0.0,0.0,26411000.0
2018-02-20,75.0,75.0,75.0,75.0,0.0,0.0,26411000.0
2018-02-21,75.0,75.0,75.0,75.0,0.0,0.0,26411000.0
2018-02-22,75.0,75.0,75.0,75.0,0.0,0.0,26411000.0
2018-02-23,75.0,75.0,75.0,75.0,0.0,0.0,26411000.0
2018-02-26,75.0,75.0,75.0,75.0,0.0,0.0,26411000.0
2018-02-27,75.0,75.0,75.0,75.0,0.0,0.0,26411000.0
2018-02-28,75.0,75.0,75.0,75.0,0.0,0.0,26411000.0
2018-03-01,75.0,75.0,75.0,75.0,0.0,0.0,26411000.0
2018-03-02,75.0,75.0,75.0,75.0,0.0,0.0,26411000.0
2018-03-05,75.0,75.0,75.0,75.0,0.0,0.0,26411000.0
2018-03-06,75.0,75.0,75.0,75.0,0.0,0.0,26411000.0
2018-03-07,75.0,75.0,75.0,75.0,0.0,0.0,26411000.0
2018-03-08,75.0,75.0,75.0,75.0,0.0,0.0,26411000.0
2018-03-09,75.0,75.0,75.0,75.0,0.0,0.0,26411000.0
2018-03-12,75.0,75.0,75.0,75.0,0.0,0.0,26411000.0
2018-03-13,75.0,75.0,75.0,75.0,0.0,0.0,26411000.0
2018-03-14,75.0,75.0,75.0,75.0,0.0,0.0,26411000.0
2018-03-15,75.0,75.0,75.0,75.0,0.0,0.0,26411000.0
2018-03-16,75.0,75.0,75.0,75.0,0.0,0.0,26411000.0
2018-03-19,75.0,75.0,75.0,75.0,0.0,0.0,26411000.0
2018-03-20,75.0,75.0,75.0,75.0,0.0,0.0,26411000.0
2018-03-21,75.0,75.0,75.0,75.0,0.0,0.0,26411000.0
2018-03-22,75.0,75.0,75.0,75.0,0.0,0.0,26411000.0
2018-03-23,75.0,75.0,75.0,75.0,0.0,0.0,26411000.0
2018-03-26,75.0,75.0,75.0,75.0,0.0,0.0,26411000.0
2018-03-27,75.0,75.0,75.0,75.0,0.0,0.0,26411000.0
2018-03-28,75.0,75.0,75.0,75.0,0.0,0.0,26411000.0
2018-03-29,75.0,75.0,75.0,75.0,0.0,0.0,26411000.0
2018-04-03,75.0,75.0,75.0,75.0,0.0,0.0,26411000.0
2018-04-04,75.0,75.0,75.0,75.0,0.0,0.0,26411000.0
2018-04-05,75.0,75.0,75.0,75.0,0.0,0.0,26411000.0
2018-04-06,75.0,75.0,75.0,75.0,0.0,0.0,26411000.0
2018-04-09,75.0,75.0,75.0,75.0,0.0,0.0,26411000.0
2018-04-10,75.0,75.0,75.0,75.0,0.0,0.0,26411000.0
2018-04-11,75.0,75.0,75.0,75.0,0.0,0.0,26411000.0
2018-04-12,75.0,75.0,75.0,75.0,0.0,0.0,26411000.0
2018-04-13,75.0,75.0,75.0,75.0,0.0,0.0,26411000.0
2018-04-16,75.0,75.0,75.0,75.0,0.0,0.0,26411000.0
2018-04-17,75.0,75.0,75.0,75.0,0.0,0.0,26411000.0
2018-04-18,75.0,75.0,75.0,75.0,0.0,0.0,26411000.0
2018-04-19,75.0,75.0,75.0,75.0,0.0,0.0,26411000.0
2018-04-20,75.0,75.0,75.0,75.0,0.0,0.0,26411000.0
2018-04-23,75.0,75.0,75.0,75.0,0.0,0.0,26411000.0
2018-04-24,75.0,75.0,75.0,75.0,0.0,0.0,26411000.0
2018-04-25,75.0,75.0,75.0,75.0,0.0,0.0,26411000.0
2018-04-26,75.0,75.0,75.0,75.0,0.0,0.0,26411000.0
2018-04-27,75.0,75.0,75.0,75.0,0.0,0.0,26411000.0
2018-04-30,75.0,75.0,75.0,75.0,0.0,0.0,26411000.0
2018-05-01,75.0,75.0,75.0,75.0,0.0,0.0,26411000.0
2018-05-02,75.0,75.0,75.0,75.0,0.0,0.0,26411000.0
2018-05-03,75.0,75.0,75.0,75.0,0.0,0.0,26411000.0
2018-05-04,75.0,75.0,75.0,75.0,0.0,0.0,26411000.0
2018-05-07,75.0,75.0,75.0,75.0,0.0,0.0,26411000.0
2018-05-08,75.0,75.0,75.0,75.0,0.0,0.0,26411000.0
2018-05-09,75.0,75.0,75.0,75.0,0.0,0.0,26411000.0
2018-05-10,75.0,75.0,75.0,75.0,0.0,0.0,26411000.0
2018-05-11,75.0,75.0,75.0,75.0,0.0,0.0,26411000.0
2018-05-14,75.0,75.0,75.0,75.0,0.0,0.0,26411000.0
2018-05-15,75.0,75.0,75.0,75.0,0.0,0.0,26411000.0
2018-05-16,75.0,75.0,75.0,75.0,0.0,0.0,26411000.0
2018-05-17,75.0,75.0,75.0,75.0,0.0,0.0,26411000.0
2018-05-18,75.0,75.0,75.0,75.0,0.0,0.0,26411000.0
2018-05-21,75.0,75.0,75.0,75.0,0.0,0.0,26411000.0
2018-05-22,75.0,75.0,75.0,75.0,0.0,0.0,26411000.0
2018-05-23,75.0,75.0,75.0,75.0,0.0,0.0,26411000.0
2018-05-24,75.0,75.0,75.0,75.0,0.0,0.0,26411000.0
2018-05-25,75.0,75.0,75.0,75.0,0.0,0.0,26411000.0
2018-05-28,75.0,75.0,75.0,75.0,0.0,0.0,26411000.0
2018-05-29,75.0,75.0,75.0,75.0,0.0,0.0,26411000.0
2018-05-30,75.0,75.0,75.0,75.0,0.0,0.0,26411000.0
2018-05-31,75.0,75.0,75.0,75.0,0.0,0.0,26411000.0
2018-06-01,75.0,75.0,75.0,75.0,0.0,0.0,26411000.0
2018-06-04,75.0,75.0,75.0,75.0,0.0,0.0,26411000.0
2018-06-05,75.0,75.0,75.0,75.0,0.0,0.0,26411000.0
2018-06-06,75.0,75.0,75.0,75.0,0.0,0.0,26411000.0
2018-06-07,75.0,75.0,75.0,75.0,0.0,0.0,26411000.0
2018-06-08,75.0,75.0,75.0,75.0,0.0,0.0,26411000.0
2018-06-11,75.0,75.0,75.0,75.0,0.0,0.0,26411000.0
2018-06-12,75.0,75.0,75.0,75.0,0.0,0.0,26411000.0
2018-06-13,75.0,75.0,75.0,75.0,0.0,0.0,26411000.0
2018-06-14,75.0,75.0,75.0,75.0,0.0,0.0,26411000.0
2018-06-15,75.0,75.0,75.0,75.0,0.0,0.0,26411000.0
2018-06-18,75.0,75.0,75.0,75.0,0.0,0.0,26411000.0
2018-06-19,75.0,75.0,75.0,75.0,0.0,0.0,26411000.0
2018-06-20,75.0,75.0,75.0,75.0,0.0,0.0,26411000.0
2018-06-21,75.0,75.0,75.0,75.0,0.0,0.0,26411000.0
2018-06-22,75.0,75.0,75.0,75.0,0.0,0.0,26411000.0
2018-06-25,75.0,75.0,75.0,75.0,0.0,0.0,26411000.0
2018-06-26,75.0,75.0,75.0,75.0,0.0,0.0,26411000.0
2018-06-27,75.0,75.0,75.0,75.0,0.0,0.0,26411000.0
2018-06-28,75.0,75.0,75.0,75.0,0.0,0.0,26411000.0
2018-06-29,75.0,75.0,75.0,75.0,0.0,0.0,26411000.0
2018-07-02,75.0,75.0,75.0,75.0,0.0,0.0,26411000.0
2018-07-03,75.0,75.0,75.0,75.0,0.0,0.0,26411000.0
2018-07-04,75.0,75.0,75.0,75.0,0.0,0.0,26411000.0
2018-07-05,75.0,75.0,75.0,75.0,0.0,0.0,26411000.0
2018-07-06,75.0,75.0,75.0,75.0,0.0,0.0,26411000.0
2018-07-09,75.0,75.0,75.0,75.0,0.0,0.0,26411000.0
2018-07-10,75.0,75.0,75.0,75.0,0.0,0.0,26411000.0
2018-07-11,75.0,75.0,75.0,75.0,0.0,0.0,26411000.0
2018-07-12,75.0,75.0,75.0,75.0,0.0,0.0,26411000.0
2018-07-13,75.0,75.0,75.0,75.0,0.0,0.0,26411000.0
2018-07-16,75.0,75.0,75.0,75.0,0.0,0.0,26411000.0
2018-07-17,75.0,75.0,75.0,75.0,0.0,0.0,26411000.0
2018-07-18,75.0,75.0,75.0,75.0,0.0,0.0,26411000.0
2018-07-19,75.0,75.0,75.0,75.0,0.0,0.0,26411000.0
2018-07-20,75.0,75.0,75.0,75.0,0.0,0.0,26411000.0
2018-07-23,75.0,75.0,75.0,75.0,0.0,0.0,26411000.0
2018-07-24,75.0,75.0,75.0,75.0,0.0,0.0,26411000.0
2018-07-25,75.0,75.0,75.0,75.0,0.0,0.0,26411000.0
2018-07-26,75.0,75.0,75.0,75.0,0.0,0.0,26411000.0
2018-07-27,75.0,75.0,75.0,75.0,0.0,0.0,26411000.0
2018-07-30,75.0,75.0,75.0,75.0,0.0,0.0,26411000.0
2018-07-31,75.0,75.0,75.0,75.0,0.0,0.0,26411000.0
2018-08-01,75.0,75.0,75.0,75.0,0.0,0.0,26411000.0
2018-08-02,75.0,75.0,75.0,75.0,0.0,0.0,26411000.0
2018-08-03,75.0,75.0,75.0,75.0,0.0,0.0,26411000.0
2018-08-06,75.0,75.0,75.0,75.0,0.0,0.0,26411000.0
2018-08-07,75.0,75.0,75.0,75.0,0.0,0.0,26411000.0
2018-08-08,75.0,75.0,75.0,75.0,0.0,0.0,26411000.0
2018-08-09,75.0,75.0,75.0,75.0,0.0,0.0,26411000.0
2018-08-10,75.0,75.0,75.0,75.0,0.0,0.0,26411000.0
2018-08-13,75.0,75.0,75.0,75.0,0.0,0.0,26411000.0
2018-08-14,75.0,75.0,75.0,75.0,0.0,0.0,26411000.0
2018-08-15,75.0,75.0,75.0,75.0,0.0,0.0,26411000.0
2018-08-16,75.0,75.0,75.0,75.0,0.0,0.0,26411000.0
2018-08-17,75.0,75.0,75.0,75.0,0.0,0.0,26411000.0
2018-08-20,75.0,75.0,75.0,75.0,0.0,0.0,26411000.0
2018-08-21,75.0,75.0,75.0,75.0,0.0,0.0,26411000.0
2018-08-22,75.0,75.0,75.0,75.0,0.0,0.0,26411000.0
2018-08-23,75.0,75.0,75.0,75.0,0.0,0.0,26411000.0
2018-08-24,75.0,75.0,75.0,75.0,0.0,0.0,26411000.0
2018-08-27,75.0,75.0,75.0,75.0,0.0,0.0,26411000.0
2018-08-28,75.0,75.0,75.0,75.0,0.0,0.0,26411000.0
2018-08-29,75.0,75.0,75.0,75.0,0.0,0.0,26411000.0
2018-08-30,75.0,75.0,75.0,75.0,0.0,0.0,26411000.0
2018-08-31,75.0,75.0,75.0,75.0,0.0,0.0,26411000.0
2018-09-03,75.0,75.0,75.0,75.0,0.0,0.0,26411000.0
2018-09-04,75.0,75.0,75.0,75.0,0.0,0.0,26411000.0
2018-09-05,75.0,75.0,75.0,75.0,0.0,0.0,26411000.0
2018-09-06,75.0,75.0,75.0,75.0,0.0,0.0,26411000.0
2018-09-07,75.0,75.0,75.0,75.0,0.0,0.0,26411000.0
2018-09-10,75.0,75.0,75.0,75.0,0.0,0.0,26411000.0
2018-09-11,75.0,75.0,75.0,75.0,0.0,0.0,26411000.0
2018-09-12,75.0,75.0,75.0,75.0,0.0,0.0,26411000.0
2018-09-13,75.0,75.0,75.0,75.0,0.0,0.0,26411000.0
2018-09-14,75.0,75.0,75.0,75.0,0.0,0.0,26411000.0
2018-09-17,75.0,75.0,75.0,75.0,0.0,0.0,26411000.0
2018-09-18,75.0,75.0,75.0,75.0,0.0,0.0,26411000.0
2018-09-19,75.0,75.0,75.0,75.0,0.0,0.0,26411000.0
2018-09-20,75.0,75.0,75.0,75.0,0.0,0.0,26411000.0
2018-09-21,75.0,75.0,75.0,75.0,0.0,0.0,26411000.0
2018-09-24,75.0,75.0,75.0,75.0,0.0,0.0,26411000.0
2018-09-25,75.0,75.0,75.0,75.0,0.0,0.0,26411000.0
2018-09-26,75.0,75.0,75.0,75.0,0.0,0.0,26411000.0
2018-09-27,75.0,75.0,75.0,75.0,0.0,0.0,26411000.0
2018-09-28,75.0,75.0,75.0,75.0,0.0,0.0,26411000.0
2018-10-01,75.0,75.0,75.0,75.0,0.0,0.0,26411000.0
2018-10-02,75.0,75.0,75.0,75.0,0.0,0.0,26411000.0
2018-10-03,75.0,75.0,75.0,75.0,0.0,0.0,26411000.0
2018-10-04,75.0,75.0,75.0,75.0,0.0,0.0,26411000.0
2018-10-05,75.0,75.0,75.0,75.0,0.0,0.0,26411000.0
2018-10-08,75.0,75.0,75.0,75.0,0.0,0.0,26411000.0
2018-10-09,75.0,75.0,75.0,75.0,0.0,0.0,26411000.0
2018-10-10,75.0,75.0,75.0,75.0,0.0,0.0,26411000.0
2018-10-11,75.0,75.0,75.0,75.0,0.0,0.0,26411000.0
2018-10-12,75.0,75.0,75.0,75.0,0.0,0.0,26411000.0
2018-10-15,75.0,75.0,75.0,75.0,0.0,0.0,26411000.0
2018-10-16,75.0,75.0,75.0,75.0,0.0,0.0,26411000.0
2018-10-17,75.0,75.0,75.0,75.0,0.0,0.0,26411000.0
2018-10-18,75.0,75.0,75.0,75.0,0.0,0.0,26411000.0
2018-10-19,75.0,75.0,75.0,75.0,0.0,0.0,26411000.0
2018-10-22,75.0,75.0,75.0,75.0,0.0,0.0,26411000.0
2018-10-23,75.0,75.0,75.0,75.0,0.0,0.0,26411000.0
2018-10-24,75.0,75.0,75.0,75.0,0.0,0.0,26411000.0
2018-10-25,75.0,75.0,75.0,75.0,0.0,0.0,26411000.0
2018-10-26,75.0,75.0,75.0,75.0,0.0,0.0,26411000.0
2018-10-29,75.0,75.0,75.0,75.0,0.0,0.0,26411000.0
2018-10-30,75.0,75.0,75.0,75.0,0.0,0.0,26411000.0
2018-10-31,75.0,75.0,75.0,75.0,0.0,0.0,26411000.0
2018-11-01,75.0,75.0,75.0,75.0,0.0,0.0,26411000.0
2018-11-02,75.0,75.0,75.0,75.0,0.0,0.0,26411000.0
2018-11-05,75.0,75.0,75.0,75.0,0.0,0.0,26411000.0
2018-11-06,75.0,75.0,75.0,75.0,0.0,0.0,26411000.0
2018-11-07,75.0,75.0,75.0,75.0,0.0,0.0,26411000.0
2018-11-08,75.0,75.0,75.0,75.0,0.0,0.0,26411000.0
2018-11-09,75.0,75.0,75.0,75.0,0.0,0.0,26411000.0
2018-11-12,75.0,75.0,75.0,75.0,0.0,0.0,26411000.0
2018-11-13,75.0,75.0,75.0,75.0,0.0,0.0,26411000.0
2018-11-14,75.0,75.0,75.0,75.0,0.0,0.0,26411000.0
2018-11-15,75.0,75.0,75.0,75.0,0.0,0.0,26411000.0
2018-11-16,75.0,75.0,75.0,75.0,0.0,0.0,26411000.0
2018-11-19,75.0,75.0,75.0,75.0,0.0,0.0,26411000.0
2018-11-20,75.0,75.0,75.0,75.0,0.0,0.0,26411000.0
2018-11-21,75.0,75.0,75.0,75.0,0.0,0.0,26411000.0
2018-11-22,75.0,75.0,75.0,75.0,0.0,0.0,26411000.0
2018-11-23,75.0,75.0,75.0,75.0,0.0,0.0,26411000.0
2018-11-26,75.0,75.0,75.0,75.0,0.0,0.0,26411000.0
2018-11-27,75.0,75.0,75.0,75.0,0.0,0.0,26411000.0
2018-11-28,75.0,75.0,75.0,75.0,0.0,0.0,26411000.0
2018-11-29,75.0,75.0,75.0,75.0,0.0,0.0,26411000.0
2018-11-30,75.0,75.0,75.0,75.0,0.0,0.0,26411000.0
2018-12-03,75.0,75.0,75.0,75.0,0.0,0.0,26411000.0
2018-12-04,75.0,75.0,75.0,75.0,0.0,0.0,26411000.0
2018-12-05,75.0,75.0,75.0,75.0,0.0,0.0,26411000.0
2018-12-06,75.0,75.0,75.0,75.0,0.0,0.0,26411000.0
2018-12-07,75.0,75.0,75.0,75.0,0.0,0.0,26411000.0
2018-12-10,75.0,75.0,75.0,75.0,0.0,0.0,26411000.0
2018-12-11,75.0,75.0,75.0,75.0,0.0,0.0,26411000.0
2018-12-12,75.0,75.0,75.0,75.0,0.0,0.0,26411000.0
2018-12-13,75.0,75.0,75.0,75.0,0.0,0.0,26411000.0
2018-12-14,75.0,75.0,75.0,75.0,0.0,0.0,26411000.0
2018-12-17,75.0,75.0,75.0,75.0,0.0,0.0,26411000.0
2018-12-18,75.0,75.0,75.0,75.0,0.0,0.0,26411000.0
2018-12-19,75.0,75.0,75.0,75.0,0.0,0.0,26411000.0
2018-12-20,75.0,75.0,75.0,75.0,0.0,0.0,26411000.0
2018-12-21,75.0,75.0,75.0,75.0,0.0,0.0,26411000.0
2018-12-24,75.0,75.0,75.0,75.0,0.0,0.0,26411000.0
2018-12-27,75.0,75.0,75.0,75.0,0.0,0.0,26411000.0
2018-12-28,75.0,75.0,75.0,75.0,0.0,0.0,26411000.0
2018-12-31,75.0,75.0,75.0,75.0,0.0,0.0,26411000.0
2019-01-02,75.0,75.0,75.0,75.0,0.0,0.0,26411000.0
2019-01-03,75.0,75.0,75.0,75.0,0.0,0.0,26411000.0
2019-01-04,75.0,75.0,75.0,75.0,0.0,0.0,26411000.0
2019-01-07,75.0,75.0,75.0,75.0,0.0,0.0,26411000.0
2019-01-08,75.0,75.0,75.0,75.0,0.0,0.0,26411000.0
2019-01-09,75.0,75.0,75.0,75.0,0.0,0.0,26411000.0
2019-01-10,75.0,75.0,75.0,75.0,0.0,0.0,26411000.0
2019-01-11,75.0,75.0,75.0,75.0,0.0,0.0,26411000.0
2019-01-14,75.0,75.0,75.0,75.0,0.0,0.0,26411000.0
2019-01-15,75.0,75.0,75.0,75.0,0.0,0.0,26411000.0
2019-01-16,75.0,75.0,75.0,75.0,0.0,0.0,26411000.0
2019-01-17,75.0,75.0,75.0,75.0,0.0,0.0,26411000.0
2019-01-18,75.0,75.0,75.0,75.0,0.0,0.0,26411000.0
2019-01-21,75.0,75.0,75.0,75.0,0.0,0.0,26411000.0
2019-01-22,75.0,75.0,75.0,75.0,0.0,0.0,26411000.0
2019-01-23,75.0,75.0,75.0,75.0,0.0,0.0,26411000.0
2019-01-24,75.0,75.0,75.0,75.0,0.0,0.0,26411000.0
2019-01-25,75.0,75.0,75.0,75.0,0.0,0.0,26411000.0
2019-01-28,75.0,75.0,75.0,75.0,0.0,0.0,26411000.0
2019-01-29,75.0,75.0,75.0,75.0,0.0,0.0,26411000.0
2019-01-30,75.0,75.0,75.0,75.0,0.0,0.0,26411000.0
2019-01-31,75.0,75.0,75.0,75.0,0.0,0.0,26411000.0
2019-02-01,75.0,75.0,75.0,75.0,0.0,0.0,26411000.0
2019-02-04,75.0,75.0,75.0,75.0,0.0,0.0,26411000.0
2019-02-05,75.0,75.0,75.0,75.0,0.0,0.0,26411000.0
2019-02-06,75.0,75.0,75.0,75.0,0.0,0.0,26411000.0
2019-02-07,75.0,75.0,75.0,75.0,0.0,0.0,26411000.0
2019-02-08,75.0,75.0,75.0,75.0,0.0,0.0,26411000.0
2019-02-11,75.0,75.0,75.0,75.0,0.0,0.0,26411000.0
2019-02-12,75.0,75.0,75.0,75.0,0.0,0.0,26411000.0
2019-02-13,75.0,75.0,75.0,75.0,0.0,0.0,26411000.0
2019-02-14,75.0,75.0,75.0,75.0,0.0,0.0,26411000.0
2019-02-15,75.0,75.0,75.0,75.0,0.0,0.0,26411000.0
2019-02-18,75.0,75.0,75.0,75.0,0.0,0.0,26411000.0
2019-02-19,75.0,75.0,75.0,75.0,0.0,0.0,26411000.0
2019-02-20,75.0,75.0,75.0,75.0,0.0,0.0,26411000.0
2019-02-21,75.0,75.0,75.0,75.0,0.0,0.0,26411000.0
2019-02-22,75.0,75.0,75.0,75.0,0.0,0.0,26411000.0
2019-02-25,75.0,75.0,75.0,75.0,0.0,0.0,26411000.0
2019-02-26,75.0,75.0,75.0,75.0,0.0,0.0,26411000.0
2019-02-27,75.0,75.0,75.0,75.0,0.0,0.0,26411000.0
2019-02-28,75.0,75.0,75.0,75.0,0.0,0.0,26411000.0
2019-03-01,75.0,75.0,75.0,75.0,0.0,0.0,26411000.0
2019-03-04,75.0,75.0,75.0,75.0,0.0,0.0,26411000.0
2019-03-05,75.0,75.0,75.0,75.0,0.0,0.0,26411000.0
2019-03-06,75.0,75.0,75.0,75.0,0.0,0.0,26411000.0
2019-03-07,75.0,75.0,75.0,75.0,0.0,0.0,26411000.0
2019-03-08,75.0,75.0,75.0,75.0,0.0,0.0,26411000.0
2019-03-11,75.0,75.0,75.0,75.0,0.0,0.0,26411000.0
2019-03-12,75.0,75.0,75.0,75.0,0.0,0.0,26411000.0
2019-03-13,75.0,75.0,75.0,75.0,0.0,0.0,26411000.0
2019-03-14,75.0,75.0,75.0,75.0,0.0,0.0,26411000.0
2019-03-15,75.0,75.0,75.0,75.0,0.0,0.0,26411000.0
2019-03-18,75.0,75.0,75.0,75.0,0.0,0.0,26411000.0
2019-03-19,75.0,75.0,75.0,75.0,0.0,0.0,26411000.0
2019-03-20,75.0,75.0,75.0,75.0,0.0,0.0,26411000.0
2019-03-21,75.0,75.0,75.0,75.0,0.0,0.0,26411000.0
2019-03-22,75.0,75.0,75.0,75.0,0.0,0.0,26411000.0
2019-03-25,75.0,75.0,75.0,75.0,0.0,0.0,26411000.0
2019-03-26,75.0,75.0,75.0,75.0,0.0,0.0,26411000.0
2019-03-27,75.0,75.0,75.0,75.0,0.0,0.0,26411000.0
2019-03-28,75.0,75.0,75.0,75.0,0.0,0.0,26411000.0
2019-03-29,75.0,75.0,75.0,75.0,0.0,0.0,26411000.0
2019-04-01,75.0,75.0,75.0,75.0,0.0,0.0,26411000.0
2019-04-02,75.0,75.0,75.0,75.0,0.0,0.0,26411000.0
2019-04-03,75.0,75.0,75.0,75.0,0.0,0.0,26411000.0
2019-04-04,75.0,75.0,75.0,75.0,0.0,0.0,26411000.0
2019-04-05,75.0,75.0,75.0,75.0,0.0,0.0,26411000.0
2019-04-08,75.0,75.0,75.0,75.0,0.0,0.0,26411000.0
2019-04-09,75.0,75.0,75.0,75.0,0.0,0.0,26411000.0
2019-04-10,75.0,75.0,75.0,75.0,0.0,0.0,26411000.0
2019-04-11,75.0,75.0,75.0,75.0,0.0,0.0,26411000.0
2019-04-12,75.0,75.0,75.0,75.0,0.0,0.0,26411000.0
2019-04-15,75.0,75.0,75.0,75.0,0.0,0.0,26411000.0
2019-04-16,75.0,75.0,75.0,75.0,0.0,0.0,26411000.0
2019-04-17,75.0,75.0,75.0,75.0,0.0,0.0,26411000.0
2019-04-18,75.0,75.0,75.0,75.0,0.0,0.0,26411000.0
2019-04-23,75.0,75.0,75.0,75.0,0.0,0.0,26411000.0
2019-04-24,75.0,75.0,75.0,75.0,0.0,0.0,26411000.0
2019-04-25,75.0,75.0,75.0,75.0,0.0,0.0,26411000.0
2019-04-26,75.0,75.0,75.0,75.0,0.0,0.0,26411000.0
2019-04-29,75.0,75.0,75.0,75.0,0.0,0.0,26411000.0
2019-04-30,75.0,75.0,75.0,75.0,0.0,0.0,26411000.0
2019-05-01,75.0,75.0,75.0,75.0,0.0,0.0,26411000.0
2019-05-02,75.0,75.0,75.0,75.0,0.0,0.0,26411000.0
2019-05-03,75.0,75.0,75.0,75.0,0.0,0.0,26411000.0
2019-05-06,75.0,75.0,75.0,75.0,0.0,0.0,26411000.0
2019-05-07,75.0,75.0,75.0,75.0,0.0,0.0,26411000.0
2019-05-08,75.0,75.0,75.0,75.0,0.0,0.0,26411000.0
2019-05-09,75.0,75.0,75.0,75.0,0.0,0.0,26411000.0
2019-05-10,75.0,75.0,75.0,75.0,0.0,0.0,26411000.0
2019-05-13,75.0,75.0,75.0,75.0,0.0,0.0,26411000.0
2019-05-14,75.0,75.0,75.0,75.0,0.0,0.0,26411000.0
2019-05-15,75.0,75.0,75.0,75.0,0.0,0.0,26411000.0
2019-05-16,75.0,75.0,75.0,75.0,0.0,0.0,26411000.0
2019-05-17,75.0,75.0,75.0,75.0,0.0,0.0,26411000.0
2019-05-20,75.0,75.0,75.0,75.0,0.0,0.0,26411000.0
2019-05-21,75.0,75.0,75.0,75.0,0.0,0.0,26411000.0
2019-05-22,75.0,75.0,75.0,75.0,0.0,0.0,26411000.0
2019-05-23,75.0,75.0,75.0,75.0,0.0,0.0,26411000.0
2019-05-24,75.0,75.0,75.0,75.0,0.0,0.0,26411000.0
2019-05-27,75.0,75.0,75.0,75.0,0.0,0.0,26411000.0
2019-05-28,75.0,75.0,75.0,75.0,0.0,0.0,26411000.0
2019-05-29,75.0,75.0,75.0,75.0,0.0,0.0,26411000.0
2019-05-30,75.0,75.0,75.0,75.0,0.0,0.0,26411000.0
2019-05-31,75.0,75.0,75.0,75.0,0.0,0.0,26411000.0
2019-06-03,75.0,75.0,75.0,75.0,0.0,0.0,26411000.0
2019-06-04,75.0,75.0,75.0,75.0,0.0,0.0,26411000.0
2019-06-05,75.0,75.0,75.0,75.0,0.0,0.0,26411000.0
2019-06-06,75.0,75.0,75.0,75.0,0.0,0.0,26411000.0
2019-06-07,75.0,75.0,75.0,75.0,0.0,0.0,26411000.0
2019-06-10,75.0,75.0,75.0,75.0,0.0,0.0,26411000.0
2019-06-11,75.0,75.0,75.0,75.0,0.0,0.0,26411000.0
2019-06-12,75.0,75.0,75.0,75.0,0.0,0.0,26411000.0
2019-06-13,75.0,75.0,75.0,75.0,0.0,0.0,26411000.0
2019-06-14,75.0,75.0,75.0,75.0,0.0,0.0,26411000.0
2019-06-17,75.0,75.0,75.0,75.0,0.0,0.0,26411000.0
2019-06-18,75.0,75.0,75.0,75.0,0.0,0.0,26411000.0
2019-06-19,75.0,75.0,75.0,75.0,0.0,0.0,26411000.0
2019-06-20,75.0,75.0,75.0,75.0,0.0,0.0,26411000.0
2019-06-21,75.0,75.0,75.0,75.0,0.0,0.0,26411000.0
2019-06-24,75.0,75.0,75.0,75.0,0.0,0.0,26411000.0
2019-06-25,75.0,75.0,75.0,75.0,0.0,0.0,26411000.0
2019-06-26,75.0,75.0,75.0,75.0,0.0,0.0,26411000.0
2019-06-27,75.0,75.0,75.0,75.0,0.0,0.0,26411000.0
2019-06-28,75.0,75.0,75.0,75.0,0.0,0.0,26411000.0
2019-07-01,75.0,75.0,75.0,75.0,0.0,0.0,26411000.0
2019-07-02,75.0,75.0,75.0,75.0,0.0,0.0,26411000.0
2019-07-03,75.0,75.0,75.0,75.0,0.0,0.0,26411000.0
2019-07-04,75.0,75.0,75.0,75.0,0.0,0.0,26411000.0
2019-07-05,75.0,75.0,75.0,75.0,0.0,0.0,26411000.0
2019-07-08,75.0,75.0,75.0,75.0,0.0,0.0,26411000.0
2019-07-09,75.0,75.0,75.0,75.0,0.0,0.0,26411000.0
2019-07-10,75.0,75.0,75.0,75.0,0.0,0.0,26411000.0
2019-07-11,75.0,75.0,75.0,75.0,0.0,0.0,26411000.0
2019-07-12,75.0,75.0,75.0,75.0,0.0,0.0,26411000.0
2019-07-15,75.0,75.0,75.0,75.0,0.0,0.0,26411000.0
2019-07-16,75.0,75.0,75.0,75.0,0.0,0.0,26411000.0
2019-07-17,75.0,75.0,75.0,75.0,0.0,0.0,26411000.0
2019-07-18,75.0,75.0,75.0,75.0,0.0,0.0,26411000.0
2019-07-19,75.0,75.0,75.0,75.0,0.0,0.0,26411000.0
2019-07-22,75.0,75.0,75.0,75.0,0.0,0.0,26411000.0
2019-07-23,75.0,75.0,75.0,75.0,0.0,0.0,26411000.0
2019-07-24,75.0,75.0,75.0,75.0,0.0,0.0,26411000.0
2019-07-25,75.0,75.0,75.0,75.0,0.0,0.0,26411000.0
2019-07-26,75.0,75.0,75.0,75.0,0.0,0.0,26411000.0
2019-07-29,75.0,75.0,75.0,75.0,0.0,0.0,26411000.0
2019-07-30,75.0,75.0,75.0,75.0,0.0,0.0,26411000.0
2019-07-31,75.0,75.0,75.0,75.0,0.0,0.0,26411000.0
2019-08-01,75.0,75.0,75.0,75.0,0.0,0.0,26411000.0
2019-08-02,75.0,75.0,75.0,75.0,0.0,0.0,26411000.0
2019-08-05,75.0,75.0,75.0,75.0,0.0,0.0,26411000.0
2019-08-06,75.0,75.0,75.0,75.0,0.0,0.0,26411000.0
2019-08-07,75.0,75.0,75.0,75.0,0.0,0.0,26411000.0
2019-08-08,75.0,75.0,75.0,75.0,0.0,0.0,26411000.0
2019-08-09,75.0,75.0,75.0,75.0,0.0,0.0,26411000.0
2019-08-12,75.0,75.0,75.0,75.0,0.0,0.0,26411000.0
2019-08-13,75.0,75.0,75.0,75.0,0.0,0.0,26411000.0
2019-08-14,75.0,75.0,75.0,75.0,0.0,0.0,26411000.0
2019-08-15,75.0,75.0,75.0,75.0,0.0,0.0,26411000.0
2019-08-16,75.0,75.0,75.0,75.0,0.0,0.0,26411000.0
2019-08-19,75.0,75.0,75.0,75.0,0.0,0.0,26411000.0
2019-08-20,75.0,75.0,75.0,75.0,0.0,0.0,26411000.0
2019-08-21,75.0,75.0,75.0,75.0,0.0,0.0,26411000.0
2019-08-22,75.0,75.0,75.0,75.0,0.0,0.0,26411000.0
2019-08-23,75.0,75.0,75.0,75.0,0.0,0.0,26411000.0
2019-08-26,75.0,75.0,75.0,75.0,0.0,0.0,26411000.0
2019-08-27,75.0,75.0,75.0,75.0,0.0,0.0,26411000.0
2019-08-28,75.0,75.0,75.0,75.0,0.0,0.0,26411000.0
2019-08-29,75.0,75.0,75.0,75.0,0.0,0.0,26411000.0
2019-08-30,75.0,75.0,75.0,75.0,0.0,0.0,26411000.0
2019-09-02,75.0,75.0,75.0,75.0,0.0,0.0,26411000.0
2019-09-03,75.0,75.0,75.0,75.0,0.0,0.0,26411000.0
2019-09-04,75.0,75.0,75.0,75.0,0.0,0.0,26411000.0
2019-09-05,75.0,75.0,75.0,75.0,0.0,0.0,26411000.0
2019-09-06,75.0,75.0,75.0,75.0,0.0,0.0,26411000.0
2019-09-09,75.0,75.0,75.0,75.0,0.0,0.0,26411000.0
2019-09-10,75.0,75.0,75.0,75.0,0.0,0.0,26411000.0
2019-09-11,75.0,75.0,75.0,75.0,0.0,0.0,26411000.0
2019-09-12,75.0,75.0,75.0,75.0,0.0,0.0,26411000.0
2019-09-13,75.0,75.0,75.0,75.0,0.0,0.0,26411000.0
2019-09-16,75.0,75.0,75.0,75.0,0.0,0.0,26411000.0
2019-09-17,75.0,75.0,75.0,75.0,0.0,0.0,26411000.0
2019-09-18,75.0,75.0,75.0,75.0,0.0,0.0,26411000.0
2019-09-19,75.0,75.0,75.0,75.0,0.0,0.0,26411000.0
2019-09-20,75.0,75.0,75.0,75.0,0.0,0.0,26411000.0
2019-09-23,75.0,75.0,75.0,75.0,0.0,0.0,26411000.0
2019-09-24,75.0,75.0,75.0,75.0,0.0,0.0,26411000.0
2019-09-25,75.0,75.0,75.0,75.0,0.0,0.0,26411000.0
2019-09-26,75.0,75.0,75.0,75.0,0.0,0.0,26411000.0
2019-09-27,75.0,75.0,75.0,75.0,0.0,0.0,26411000.0
2019-09-30,75.0,75.0,75.0,75.0,0.0,0.0,26411000.0
2019-10-01,75.0,75.0,75.0,75.0,0.0,0.0,26411000.0
2019-10-02,75.0,75.0,75.0,75.0,0.0,0.0,26411000.0
2019-10-03,75.0,75.0,75.0,75.0,0.0,0.0,26411000.0
2019-10-04,75.0,75.0,75.0,75.0,0.0,0.0,26411000.0
2019-10-07,75.0,75.0,75.0,75.0,0.0,0.0,26411000.0
2019-10-08,75.0,75.0,75.0,75.0,0.0,0.0,26411000.0
2019-10-09,75.0,75.0,75.0,75.0,0.0,0.0,26411000.0
2019-10-10,75.0,75.0,75.0,75.0,0.0,0.0,26411000.0
2019-10-11,75.0,75.0,75.0,75.0,0.0,0.0,26411000.0
2019-10-14,75.0,75.0,75.0,75.0,0.0,0.0,26411000.0
2019-10-15,75.0,75.0,75.0,75.0,0.0,0.0,26411000.0
2019-10-16,75.0,75.0,75.0,75.0,0.0,0.0,26411000.0
2019-10-17,75.0,75.0,75.0,75.0,0.0,0.0,26411000.0
2019-10-18,75.0,75.0,75.0,75.0,0.0,0.0,26411000.0
2019-10-21,75.0,75.0,75.0,75.0,0.0,0.0,26411000.0
2019-10-22,75.0,75.0,75.0,75.0,0.0,0.0,26411000.0
2019-10-23,75.0,75.0,75.0,75.0,0.0,0.0,26411000.0
2019-10-24,75.0,75.0,75.0,75.0,0.0,0.0,26411000.0
2019-10-25,75.0,75.0,75.0,75.0,0.0,0.0,26411000.0
2019-10-28,75.0,75.0,75.0,75.0,0.0,0.0,26411000.0
2019-10-29,75.0,75.0,75.0,75.0,0.0,0.0,26411000.0
2019-10-30,75.0,75.0,75.0,75.0,0.0,0.0,26411000.0
2019-10-31,75.0,75.0,75.0,75.0,0.0,0.0,26411000.0
2019-11-01,75.0,75.0,75.0,75.0,0.0,0.0,26411000.0
2019-11-04,75.0,75.0,75.0,75.0,0.0,0.0,26411000.0
2019-11-05,75.0,75.0,75.0,75.0,0.0,0.0,26411000.0
2019-11-06,75.0,75.0,75.0,75.0,0.0,0.0,26411000.0
2019-11-07,75.0,75.0,75.0,75.0,0.0,0.0,26411000.0
2019-11-08,75.0,75.0,75.0,75.0,0.0,0.0,26411000.0
2019-11-11,75.0,75.0,75.0,75.0,0.0,0.0,26411000.0
2019-11-12,75.0,75.0,75.0,75.0,0.0,0.0,26411000.0
2019-11-13,75.0,75.0,75.0,75.0,0.0,0.0,26411000.0
2019-11-14,75.0,75.0,75.0,75.0,0.0,0.0,26411000.0
2019-11-15,75.0,75.0,75.0,75.0,0.0,0.0,26411000.0
2019-11-18,75.0,75.0,75.0,75.0,0.0,0.0,26411000.0
2019-11-19,75.0,75.0,75.0,75.0,0.0,0.0,26411000.0
2019-11-20,75.0,75.0,75.0,75.0,0.0,0.0,26411000.0
2019-11-21,75.0,75.0,75.0,75.0,0.0,0.0,26411000.0
2019-11-22,75.0,75.0,75.0,75.0,0.0,0.0,26411000.0
2019-11-25,75.0,75.0,75.0,75.0,0.0,0.0,26411000.0
2019-11-26,75.0,75.0,75.0,75.0,0.0,0.0,26411000.0
2019-11-27,75.0,75.0,75.0,75.0,0.0,0.0,26411000.0
2019-11-28,75.0,75.0,75.0,75.0,0.0,0.0,26411000.0
2019-11-29,75.0,75.0,75.0,75.0,0.0,0.0,26411000.0
2019-12-02,75.0,75.0,75.0,75.0,0.0,0.0,26411000.0
2019-12-03,75.0,75.0,75.0,75.0,0.0,0.0,26411000.0
2019-12-04,75.0,75.0,75.0,75.0,0.0,0.0,26411000.0
2019-12-05,75.0,75.0,75.0,75.0,0.0,0.0,26411000.0
2019-12-06,75.0,75.0,75.0,75.0,0.0,0.0,26411000.0
2019-12-09,75.0,75.0,75.0,75.0,0.0,0.0,26411000.0
2019-12-10,75.0,75.0,75.0,75.0,0.0,0.0,26411000.0
2019-12-11,75.0,75.0,75.0,75.0,0.0,0.0,26411000.0
2019-12-12,75.0,75.0,75.0,75.0,0.0,0.0,26411000.0
2019-12-13,75.0,75.0,75.0,75.0,0.0,0.0,26411000.0
2019-12-16,75.0,75.0,75.0,75.0,0.0,0.0,26411000.0
2019-12-17,75.0,75.0,75.0,75.0,0.0,0.0,26411000.0
2019-12-18,75.0,75.0,75.0,75.0,0.0,0.0,26411000.0
2019-12-19,75.0,75.0,75.0,75.0,0.0,0.0,26411000.0
2019-12-20,75.0,75.0,75.0,75.0,0.0,0.0,26411000.0
2019-12-23,75.0,75.0,75.0,75.0,0.0,0.0,26411000.0
2019-12-24,75.0,75.0,75.0,75.0,0.0,0.0,26411000.0
2019-12-27,75.0,75.0,75.0,75.0,0.0,0.0,26411000.0
2019-12-30,75.0,75.0,75.0,75.0,0.0,0.0,26411000.0
2019-12-31,75.0,75.0,75.0,75.0,0.0,0.0,26411000.0
2020-01-02,75.0,75.0,75.0,75.0,0.0,0.0,26411000.0
2020-01-03,75.0,75.0,75.0,75.0,0.0,0.0,26411000.0
2020-01-06,75.0,75.0,75.0,75.0,0.0,0.0,26411000.0
2020-01-07,75.0,75.0,75.0,75.0,0.0,0.0,26411000.0
2020-01-08,75.0,75.0,75.0,75.0,0.0,0.0,26411000.0
2020-01-09,75.0,75.0,75.0,75.0,0.0,0.0,26411000.0
2020-01-10,75.0,75.0,75.0,75.0,0.0,0.0,26411000.0
2020-01-13,75.0,75.0,75.0,75.0,0.0,0.0,26411000.0
2020-01-14,75.0,75.0,75.0,75.0,0.0,0.0,26411000.0
2020-01-15,75.0,75.0,75.0,75.0,0.0,0.0,26411000.0
2020-01-16,75.0,75.0,75.0,75.0,0.0,0.0,26411000.0
2020-01-17,75.0,75.0,75.0,75.0,0.0,0.0,26411000.0
2020-01-20,75.0,75.0,75.0,75.0,0.0,0.0,26411000.0
2020-01-21,75.0,75.0,75.0,75.0,0.0,0.0,26411000.0
2020-01-22,75.0,75.0,75.0,75.0,0.0,0.0,26411000.0
2020-01-23,75.0,75.0,75.0,75.0,0.0,0.0,26411000.0
2020-01-24,75.0,75.0,75.0,75.0,0.0,0.0,26411000.0
2020-01-27,75.0,75.0,75.0,75.0,0.0,0.0,26411000.0
2020-01-28,75.0,75.0,75.0,75.0,0.0,0.0,26411000.0
2020-01-29,75.0,75.0,75.0,75.0,0.0,0.0,26411000.0
2020-01-30,75.0,75.0,75.0,75.0,0.0,0.0,26411000.0
2020-01-31,75.0,75.0,75.0,75.0,0.0,0.0,26411000.0
2020-02-03,75.0,75.0,75.0,75.0,0.0,0.0,26411000.0
2020-02-04,75.0,75.0,75.0,75.0,0.0,0.0,26411000.0
2020-02-05,75.0,75.0,75.0,75.0,0.0,0.0,26411000.0
2020-02-06,75.0,75.0,75.0,75.0,0.0,0.0,26411000.0
2020-02-07,75.0,75.0,75.0,75.0,0.0,0.0,26411000.0
2020-02-10,75.0,75.0,75.0,75.0,0.0,0.0,26411000.0
2020-02-11,75.0,75.0,75.0,75.0,0.0,0.0,26411000.0
2020-02-12,75.0,75.0,75.0,75.0,0.0,0.0,26411000.0
2020-02-13,75.0,75.0,75.0,75.0,0.0,0.0,26411000.0
2020-02-14,75.0,75.0,75.0,75.0,0.0,0.0,26411000.0
2020-02-17,75.0,75.0,75.0,75.0,0.0,0.0,26411000.0
2020-02-18,75.0,75.0,75.0,75.0,0.0,0.0,26411000.0
2020-02-19,75.0,75.0,75.0,75.0,0.0,0.0,26411000.0
2020-02-20,75.0,75.0,75.0,75.0,0.0,0.0,26411000.0
2020-02-21,75.0,75.0,75.0,75.0,0.0,0.0,26411000.0
2020-02-24,75.0,75.0,75.0,75.0,0.0,0.0,26411000.0
2020-02-25,75.0,75.0,75.0,75.0,0.0,0.0,26411000.0
2020-02-26,75.0,75.0,75.0,75.0,0.0,0.0,26411000.0
2020-02-27,75.0,75.0,75.0,75.0,0.0,0.0,26411000.0
2020-02-28,75.0,75.0,75.0,75.0,0.0,0.0,26411000.0
2020-03-02,75.0,75.0,75.0,75.0,0.0,0.0,26411000.0
2020-03-03,75.0,75.0,75.0,75.0,0.0,0.0,26411000.0
2020-03-04,75.0,75.0,75.0,75.0,0.0,0.0,26411000.0
2020-03-05,75.0,75.0,75.0,75.0,0.0,0.0,26411000.0
2020-03-06,75.0,75.0,75.0,75.0,0.0,0.0,26411000.0
2020-03-09,75.0,75.0,75.0,75.0,0.0,0.0,26411000.0
2020-03-10,75.0,75.0,75.0,75.0,0.0,0.0,26411000.0
2020-03-11,75.0,75.0,75.0,75.0,0.0,0.0,26411000.0
2020-03-12,75.0,75.0,75.0,75.0,0.0,0.0,26411000.0
2020-03-13,75.0,75.0,75.0,75.0,0.0,0.0,26411000.0
2020-03-16,75.0,75.0,75.0,75.0,0.0,0.0,26411000.0
2020-03-17,75.0,75.0,75.0,75.0,0.0,0.0,26411000.0
2020-03-18,75.0,75.0,75.0,75.0,0.0,0.0,26411000.0
2020-03-19,75.0,75.0,75.0,75.0,0.0,0.0,26411000.0
2020-03-20,75.0,75.0,75.0,75.0,0.0,0.0,26411000.0
2020-03-23,75.0,75.0,75.0,75.0,0.0,0.0,26411000.0
2020-03-24,75.0,75.0,75.0,75.0,0.0,0.0,26411000.0
2020-03-25,75.0,75.0,75.0,75.0,0.0,0.0,26411000.0
2020-03-26,75.0,75.0,75.0,75.0,0.0,0.0,26411000.0
2020-03-27,75.0,75.0,75.0,75.0,0.0,0.0,26411000.0
2020-03-30,75.0,75.0,75.0,75.0,0.0,0.0,26411000.0
2020-03-31,75.0,75.0,75.0,75.0,0.0,0.0,26411000.0
2020-04-01,75.0,75.0,75.0,75.0,0.0,0.0,26411000.0
2020-04-02,75.0,75.0,75.0,75.0,0.0,0.0,26411000.0
2020-04-03,75.0,75.0,75.0,75.0,0.0,0.0,26411000.0
2020-04-06,75.0,75.0,75.0,75.0,0.0,0.0,26411000.0
2020-04-07,75.0,75.0,75.0,75.0,0.0,0.0,26411000.0
2020-04-08,75.0,75.0,75.0,75.0,0.0,0.0,26411000.0
2020-04-09,75.0,75.0,75.0,75.0,0.0,0.0,26411000.0
2020-04-14,75.0,75.0,75.0,75.0,0.0,0.0,26411000.0
2020-04-15,75.0,75.0,75.0,75.0,0.0,0.0,26411000.0
2020-04-16,75.0,75.0,75.0,75.0,0.0,0.0,26411000.0
2020-04-17,75.0,75.0,75.0,75.0,0.0,0.0,26411000.0
2020-04-20,75.0,75.0,75.0,75.0,0.0,0.0,26411000.0
2020-04-21,75.0,75.0,75.0,75.0,0.0,0.0,26411000.0
2020-04-22,75.0,75.0,75.0,75.0,0.0,0.0,26411000.0
2020-04-23,75.0,75.0,75.0,75.0,0.0,0.0,26411000.0
2020-04-24,75.0,75.0,75.0,75.0,0.0,0.0,26411000.0
2020-04-27,75.0,75.0,75.0,75.0,0.0,0.0,26411000.0
2020-04-28,75.0,75.0,75.0,75.0,0.0,0.0,26411000.0
2020-04-29,75.0,75.0,75.0,75.0,0.0,0.0,26411000.0
2020-04-30,75.0,75.0,75.0,75.0,0.0,0.0,26411000.0
2020-05-01,75.0,75.0,75.0,75.0,0.0,0.0,26411000.0
2020-05-04,75.0,75.0,75.0,75.0,0.0,0.0,26411000.0
2020-05-05,75.0,75.0,75.0,75.0,0.0,0.0,26411000.0
2020-05-06,75.0,75.0,75.0,75.0,0.0,0.0,26411000.0
2020-05-07,75.0,75.0,75.0,75.0,0.0,0.0,26411000.0
2020-05-08,75.0,75.0,75.0,75.0,0.0,0.0,26411000.0
2020-05-11,75.0,75.0,75.0,75.0,0.0,0.0,26411000.0
2020-05-12,75.0,75.0,75.0,75.0,0.0,0.0,26411000.0
2020-05-13,75.0,75.0,75.0,75.0,0.0,0.0,26411000.0
2020-05-14,75.0,75.0,75.0,75.0,0.0,0.0,26411000.0
2020-05-15,75.0,75.0,75.0,75.0,0.0,0.0,26411000.0
2020-05-18,75.0,75.0,75.0,75.0,0.0,0.0,26411000.0
2020-05-19,75.0,75.0,75.0,75.0,0.0,0.0,26411000.0
2020-05-20,75.0,75.0,75.0,75.0,0.0,0.0,26411000.0
2020-05-21,75.0,75.0,75.0,75.0,0.0,0.0,26411000.0
2020-05-22,75.0,75.0,75.0,75.0,0.0,0.0,26411000.0
2020-05-25,75.0,75.0,75.0,75.0,0.0,0.0,26411000.0
2020-05-26,75.0,75.0,75.0,75.0,0.0,0.0,26411000.0
2020-05-27,75.0,75.0,75.0,75.0,0.0,0.0,26411000.0
2020-05-28,75.0,75.0,75.0,75.0,0.0,0.0,26411000.0
2020-05-29,75.0,75.0,75.0,75.0,0.0,0.0,26411000.0
2020-06-01,75.0,75.0,75.0,75.0,0.0,0.0,26411000.0
2020-06-02,75.0,75.0,75.0,75.0,0.0,0.0,26411000.0
2020-06-03,75.0,75.0,75.0,75.0,0.0,0.0,26411000.0
2020-06-04,75.0,75.0,75.0,75.0,0.0,0.0,26411000.0
2020-06-05,75.0,75.0,75.0,75.0,0.0,0.0,26411000.0
2020-06-08,75.0,75.0,75.0,75.0,0.0,0.0,26411000.0
2020-06-09,75.0,75.0,75.0,75.0,0.0,0.0,26411000.0
2020-06-10,75.0,75.0,75.0,75.0,0.0,0.0,26411000.0
2020-06-11,75.0,75.0,75.0,75.0,0.0,0.0,26411000.0
2020-06-12,75.0,75.0,75.0,75.0,0.0,0.0,26411000.0
2020-06-15,75.0,75.0,75.0,75.0,0.0,0.0,26411000.0
2020-06-16,75.0,75.0,75.0,75.0,0.0,0.0,26411000.0
2020-06-17,75.0,75.0,75.0,75.0,0.0,0.0,26411000.0
2020-06-18,75.0,75.0,75.0,75.0,0.0,0.0,26411000.0
2020-06-19,75.0,75.0,75.0,75.0,0.0,0.0,26411000.0
2020-06-22,75.0,75.0,75.0,75.0,0.0,0.0,26411000.0
2020-06-23,75.0,75.0,75.0,75.0,0.0,0.0,26411000.0
2020-06-24,75.0,75.0,75.0,75.0,0.0,0.0,26411000.0
2020-06-25,75.0,75.0,75.0,75.0,0.0,0.0,26411000.0
2020-06-26,75.0,75.0,75.0,75.0,0.0,0.0,26411000.0
2020-06-29,75.0,75.0,75.0,75.0,0.0,0.0,26411000.0
2020-06-30,75.0,75.0,75.0,75.0,0.0,0.0,26411000.0
2020-07-01,75.0,75.0,75.0,75.0,0.0,0.0,26411000.0
2020-07-02,75.0,75.0,75.0,75.0,0.0,0.0,26411000.0
2020-07-03,75.0,75.0,75.0,75.0,0.0,0.0,26411000.0
2020-07-06,75.0,75.0,75.0,75.0,0.0,0.0,26411000.0
2020-07-07,75.0,75.0,75.0,75.0,0.0,0.0,26411000.0
2020-07-08,75.0,75.0,75.0,75.0,0.0,0.0,26411000.0
2020-07-09,75.0,75.0,75.0,75.0,0.0,0.0,26411000.0
2020-07-10,75.0,75.0,75.0,75.0,0.0,0.0,26411000.0
2020-07-13,75.0,75.0,75.0,75.0,0.0,0.0,26411000.0
2020-07-14,75.0,75.0,75.0,75.0,0.0,0.0,26411000.0
2020-07-15,75.0,75.0,75.0,75.0,0.0,0.0,26411000.0
2020-07-16,75.0,75.0,75.0,75.0,0.0,0.0,26411000.0
2020-07-17,75.0,75.0,75.0,75.0,0.0,0.0,26411000.0
2020-07-20,75.0,75.0,75.0,75.0,0.0,0.0,26411000.0
2020-07-21,75.0,75.0,75.0,75.0,0.0,0.0,26411000.0
2020-07-22,75.0,75.0,75.0,75.0,0.0,0.0,26411000.0
2020-07-23,75.0,75.0,75.0,75.0,0.0,0.0,26411000.0
2020-07-24,75.0,75.0,75.0,75.0,0.0,0.0,26411000.0
2020-07-27,75.0,75.0,75.0,75.0,0.0,0.0,26411000.0
2020-07-28,75.0,75.0,75.0,75.0,0.0,0.0,26411000.0
2020-07-29,75.0,75.0,75.0,75.0,0.0,0.0,26411000.0
2020-07-30,75.0,75.0,75.0,75.0,0.0,0.0,26411000.0
2020-07-31,75.0,75.0,75.0,75.0,0.0,0.0,26411000.0
2020-08-03,75.0,75.0,75.0,75.0,0.0,0.0,26411000.0
2020-08-04,75.0,75.0,75.0,75.0,0.0,0.0,26411000.0
2020-08-05,75.0,75.0,75.0,75.0,0.0,0.0,26411000.0
2020-08-06,75.0,75.0,75.0,75.0,0.0,0.0,26411000.0
2020-08-07,75.0,75.0,75.0,75.0,0.0,0.0,26411000.0
2020-08-10,75.0,75.0,75.0,75.0,0.0,0.0,26411000.0
2020-08-11,75.0,75.0,75.0,75.0,0.0,0.0,26411000.0
2020-08-12,75.0,75.0,75.0,75.0,0.0,0.0,26411000.0
2020-08-13,75.0,75.0,75.0,75.0,0.0,0.0,26411000.0
2020-08-14,75.0,75.0,75.0,75.0,0.0,0.0,26411000.0
2020-08-17,75.0,75.0,75.0,75.0,0.0,0.0,26411000.0
2020-08-18,75.0,75.0,75.0,75.0,0.0,0.0,26411000.0
2020-08-19,75.0,75.0,75.0,75.0,0.0,0.0,26411000.0
2020-08-20,75.0,75.0,75.0,75.0,0.0,0.0,26411000.0
2020-08-21,75.0,75.0,75.0,75.0,0.0,0.0,26411000.0
2020-08-24,75.0,75.0,75.0,75.0,0.0,0.0,26411000.0
2020-08-25,75.0,75.0,75.0,75.0,0.0,0.0,26411000.0
2020-08-26,75.0,75.0,75.0,75.0,0.0,0.0,26411000.0
2020-08-27,75.0,75.0,75.0,75.0,0.0,0.0,26411000.0
2020-08-28,75.0,75.0,75.0,75.0,0.0,0.0,26411000.0
2020-08-31,75.0,75.0,75.0,75.0,0.0,0.0,26411000.0
2020-09-01,75.0,75.0,75.0,75.0,0.0,0.0,26411000.0
2020-09-02,75.0,75.0,75.0,75.0,0.0,0.0,26411000.0
2020-09-03,75.0,75.0,75.0,75.0,0.0,0.0,26411000.0
2020-09-04,75.0,75.0,75.0,75.0,0.0,0.0,26411000.0
2020-09-07,75.0,75.0,75.0,75.0,0.0,0.0,26411000.0
2020-09-08,75.0,75.0,75.0,75.0,0.0,0.0,26411000.0
2020-09-09,75.0,75.0,75.0,75.0,0.0,0.0,26411000.0
2020-09-10,75.0,75.0,75.0,75.0,0.0,0.0,26411000.0
2020-09-11,75.0,75.0,75.0,75.0,0.0,0.0,26411000.0
2020-09-14,75.0,75.0,75.0,75.0,0.0,0.0,26411000.0
2020-09-15,75.0,75.0,75.0,75.0,0.0,0.0,26411000.0
2020-09-16,75.0,75.0,75.0,75.0,0.0,0.0,26411000.0
2020-09-17,75.0,75.0,75.0,75.0,0.0,0.0,26411000.0
2020-09-18,75.0,75.0,75.0,75.0,0.0,0.0,26411000.0
2020-09-21,75.0,75.0,75.0,75.0,0.0,0.0,26411000.0
2020-09-22,75.0,75.0,75.0,75.0,0.0,0.0,26411000.0
2020-09-23,75.0,75.0,75.0,75.0,0.0,0.0,26411000.0
2020-09-24,75.0,75.0,75.0,75.0,0.0,0.0,26411000.0
2020-09-25,75.0,75.0,75.0,75.0,0.0,0.0,26411000.0
2020-09-28,75.0,75.0,75.0,75.0,0.0,0.0,26411000.0
2020-09-29,75.0,75.0,75.0,75.0,0.0,0.0,26411000.0
2020-09-30,75.0,75.0,75.0,75.0,0.0,0.0,26411000.0
2020-10-01,75.0,75.0,75.0,75.0,0.0,0.0,26411000.0
2020-10-02,75.0,75.0,75.0,75.0,0.0,0.0,26411000.0
2020-10-05,75.0,75.0,75.0,75.0,0.0,0.0,26411000.0
2020-10-06,75.0,75.0,75.0,75.0,0.0,0.0,26411000.0
2020-10-07,75.0,75.0,75.0,75.0,0.0,0.0,26411000.0
2020-10-08,75.0,75.0,75.0,75.0,0.0,0.0,26411000.0
2020-10-09,75.0,75.0,75.0,75.0,0.0,0.0,26411000.0
2020-10-12,75.0,75.0,75.0,75.0,0.0,0.0,26411000.0
2020-10-13,75.0,75.0,75.0,75.0,0.0,0.0,26411000.0
2020-10-14,75.0,75.0,75.0,75.0,0.0,0.0,26411000.0
2020-10-15,75.0,75.0,75.0,75.0,0.0,0.0,26411000.0
2020-10-16,75.0,75.0,75.0,75.0,0.0,0.0,26411000.0
2020-10-19,75.0,75.0,75.0,75.0,0.0,0.0,26411000.0
2020-10-20,75.0,75.0,75.0,75.0,0.0,0.0,26411000.0
2020-10-21,75.0,75.0,75.0,75.0,0.0,0.0,26411000.0
2020-10-22,75.0,75.0,75.0,75.0,0.0,0.0,26411000.0
2020-10-23,75.0,75.0,75.0,75.0,0.0,0.0,26411000.0
2020-10-26,75.0,75.0,75.0,75.0,0.0,0.0,26411000.0
2020-10-27,75.0,75.0,75.0,75.0,0.0,0.0,26411000.0
2020-10-28,75.0,75.0,75.0,75.0,0.0,0.0,26411000.0
2020-10-29,75.0,75.0,75.0,75.0,0.0,0.0,26411000.0
2020-10-30,75.0,75.0,75.0,75.0,0.0,0.0,26411000.0
2020-11-02,75.0,75.0,75.0,75.0,0.0,0.0,26411000.0
2020-11-03,75.0,75.0,75.0,75.0,0.0,0.0,26411000.0
2020-11-04,75.0,75.0,75.0,75.0,0.0,0.0,26411000.0
2020-11-05,75.0,75.0,75.0,75.0,0.0,0.0,26411000.0
2020-11-06,75.0,75.0,75.0,75.0,0.0,0.0,26411000.0
2020-11-09,75.0,75.0,75.0,75.0,0.0,0.0,26411000.0
2020-11-10,75.0,75.0,75.0,75.0,0.0,0.0,26411000.0
2020-11-11,75.0,75.0,75.0,75.0,0.0,0.0,26411000.0
2020-11-12,75.0,75.0,75.0,75.0,0.0,0.0,26411000.0
2020-11-13,75.0,75.0,75.0,75.0,0.0,0.0,26411000.0
2020-11-16,75.0,75.0,75.0,75.0,0.0,0.0,26411000.0
2020-11-17,75.0,75.0,75.0,75.0,0.0,0.0,26411000.0
2020-11-18,75.0,75.0,75.0,75.0,0.0,0.0,26411000.0
2020-11-19,75.0,75.0,75.0,75.0,0.0,0.0,26411000.0
2020-11-20,75.0,75.0,75.0,75.0,0.0,0.0,26411000.0
2020-11-23,75.0,75.0,75.0,75.0,0.0,0.0,26411000.0
2020-11-24,75.0,75.0,75.0,75.0,0.0,0.0,26411000.0
2020-11-25,75.0,75.0,75.0,75.0,0.0,0.0,26411000.0
2020-11-26,75.0,75.0,75.0,75.0,0.0,0.0,26411000.0
2020-11-27,75.0,75.0,75.0,75.0,0.0,0.0,26411000.0
2020-11-30,75.0,75.0,75.0,75.0,0.0,0.0,26411000.0
2020-12-01,75.0,75.0,75.0,75.0,0.0,0.0,26411000.0
2020-12-02,75.0,75.0,75.0,75.0,0.0,0.0,26411000.0
2020-12-03,75.0,75.0,75.0,75.0,0.0,0.0,26411000.0
2020-12-04,75.0,75.0,75.0,75.0,0.0,0.0,26411000.0
2020-12-07,75.0,75.0,75.0,75.0,0.0,0.0,26411000.0
2020-12-08,75.0,75.0,75.0,75.0,0.0,0.0,26411000.0
2020-12-09,75.0,75.0,75.0,75.0,0.0,0.0,26411000.0
2020-12-10,75.0,75.0,75.0,75.0,0.0,0.0,26411000.0
2020-12-11,75.0,75.0,75.0,75.0,0.0,0.0,26411000.0
2020-12-14,75.0,75.0,75.0,75.0,0.0,0.0,26411000.0
2020-12-15,75.0,75.0,75.0,75.0,0.0,0.0,26411000.0
2020-12-16,75.0,75.0,75.0,75.0,0.0,0.0,26411000.0
2020-12-17,75.0,75.0,75.0,75.0,0.0,0.0,26411000.0
2020-12-18,75.0,75.0,75.0,75.0,0.0,0.0,26411000.0
2020-12-21,75.0,75.0,75.0,75.0,0.0,0.0,26411000.0
2020-12-22,75.0,75.0,75.0,75.0,0.0,0.0,26411000.0
2020-12-23,75.0,75.0,75.0,75.0,0.0,0.0,26411000.0
2020-12-24,75.0,75.0,75.0,75.0,0.0,0.0,26411000.0
2020-12-28,75.0,75.0,75.0,75.0,0.0,0.0,26411000.0
2020-12-29,75.0,75.0,75.0,75.0,0.0,0.0,26411000.0
2020-12-30,75.0,75.0,75.0,75.0,0.0,0.0,26411000.0
2020-12-31,75.0,75.0,75.0,75.0,0.0,0.0,26411000.0
2021-01-04,75.0,75.0,75.0,75.0,0.0,0.0,26411000.0
2021-01-05,75.0,75.0,75.0,75.0,0.0,0.0,26411000.0
2021-01-06,75.0,75.0,75.0,75.0,0.0,0.0,26411000.0
2021-01-07,75.0,75.0,75.0,75.0,0.0,0.0,26411000.0
2021-01-08,75.0,75.0,75.0,75.0,0.0,0.0,26411000.0
2021-01-11,75.0,75.0,75.0,75.0,0.0,0.0,26411000.0
2021-01-12,75.0,75.0,75.0,75.0,0.0,0.0,26411000.0
2021-01-13,75.0,75.0,75.0,75.0,0.0,0.0,26411000.0
2021-01-14,75.0,75.0,75.0,75.0,0.0,0.0,26411000.0
2021-01-15,75.0,75.0,75.0,75.0,0.0,0.0,26411000.0
2021-01-18,75.0,75.0,75.0,75.0,0.0,0.0,26411000.0
2021-01-19,75.0,75.0,75.0,75.0,0.0,0.0,26411000.0
2021-01-20,75.0,75.0,75.0,75.0,0.0,0.0,26411000.0
2021-01-21,75.0,75.0,75.0,75.0,0.0,0.0,26411000.0
2021-01-22,75.0,75.0,75.0,75.0,0.0,0.0,26411000.0
2021-01-25,75.0,75.0,75.0,75.0,0.0,0.0,26411000.0
2021-01-26,75.0,75.0,75.0,75.0,0.0,0.0,26411000.0
2021-01-27,75.0,75.0,75.0,75.0,0.0,0.0,26411000.0
2021-01-28,75.0,75.0,75.0,75.0,0.0,0.0,26411000.0
2021-01-29,75.0,75.0,75.0,75.0,0.0,0.0,26411000.0
2021-02-01,75.0,75.0,75.0,75.0,0.0,0.0,26411000.0
2021-02-02,75.0,75.0,75.0,75.0,0.0,0.0,26411000.0
2021-02-03,75.0,75.0,75.0,75.0,0.0,0.0,26411000.0
2021-02-04,75.0,75.0,75.0,75.0,0.0,0.0,26411000.0
2021-02-05,75.0,75.0,75.0,75.0,0.0,0.0,26411000.0
2021-02-08,75.0,75.0,75.0,75.0,0.0,0.0,26411000.0
2021-02-09,75.0,75.0,75.0,75.0,0.0,0.0,26411000.0
2021-02-10,75.0,75.0,75.0,75.0,0.0,0.0,26411000.0
2021-02-11,75.0,75.0,75.0,75.0,0.0,0.0,26411000.0
2021-02-12,75.0,75.0,75.0,75.0,0.0,0.0,26411000.0
2021-02-15,75.0,75.0,75.0,75.0,0.0,0.0,26411000.0
2021-02-16,75.0,75.0,75.0,75.0,0.0,0.0,26411000.0
2021-02-17,75.0,75.0,75.0,75.0,0.0,0.0,26411000.0
2021-02-18,75.0,75.0,75.0,75.0,0.0,0.0,26411000.0
2021-02-19,75.0,75.0,75.0,75.0,0.0,0.0,26411000.0
2021-02-22,75.0,75.0,75.0,75.0,0.0,0.0,26411000.0
2021-02-23,75.0,75.0,75.0,75.0,0.0,0.0,26411000.0
2021-02-24,75.0,75.0,75.0,75.0,0.0,0.0,26411000.0
2021-02-25,75.0,75.0,75.0,75.0,0.0,0.0,26411000.0
2021-02-26,75.0,75.0,75.0,75.0,0.0,0.0,26411000.0
2021-03-01,75.0,75.0,75.0,75.0,0.0,0.0,26411000.0
2021-03-02,75.0,75.0,75.0,75.0,0.0,0.0,26411000.0
2021-03-03,75.0,75.0,75.0,75.0,0.0,0.0,26411000.0
2021-03-04,75.0,75.0,75.0,75.0,0.0,0.0,26411000.0
2021-03-05,75.0,75.0,75.0,75.0,0.0,0.0,26411000.0
2021-03-08,75.0,75.0,75.0,75.0,0.0,0.0,26411000.0
2021-03-09,75.0,75.0,75.0,75.0,0.0,0.0,26411000.0
2021-03-10,75.0,75.0,75.0,75.0,0.0,0.0,26411000.0
2021-03-11,75.0,75.0,75.0,75.0,0.0,0.0,26411000.0
2021-03-12,75.0,75.0,75.0,75.0,0.0,0.0,26411000.0
2021-03-15,75.0,75.0,75.0,75.0,0.0,0.0,26411000.0
2021-03-16,75.0,75.0,75.0,75.0,0.0,0.0,26411000.0
2021-03-17,75.0,75.0,75.0,75.0,0.0,0.0,26411000.0
2021-03-18,75.0,75.0,75.0,75.0,0.0,0.0,26411000.0
2021-03-19,75.0,75.0,75.0,75.0,0.0,0.0,26411000.0
2021-03-22,75.0,75.0,75.0,75.0,0.0,0.0,26411000.0
2021-03-23,75.0,75.0,75.0,75.0,0.0,0.0,26411000.0
2021-03-24,75.0,75.0,75.0,75.0,0.0,0.0,26411000.0
2021-03-25,75.0,75.0,75.0,75.0,0.0,0.0,26411000.0
2021-03-26,75.0,75.0,75.0,75.0,0.0,0.0,26411000.0
2021-03-29,75.0,75.0,75.0,75.0,0.0,0.0,26411000.0
2021-03-30,75.0,75.0,75.0,75.0,0.0,0.0,26411000.0
2021-03-31,75.0,75.0,75.0,75.0,0.0,0.0,26411000.0
2021-04-01,75.0,75.0,75.0,75.0,0.0,0.0,26411000.0
2021-04-06,75.0,75.0,75.0,75.0,0.0,0.0,26411000.0
2021-04-07,75.0,75.0,75.0,75.0,0.0,0.0,26411000.0
2021-04-08,75.0,75.0,75.0,75.0,0.0,0.0,26411000.0
2021-04-09,75.0,75.0,75.0,75.0,0.0,0.0,26411000.0
2021-04-12,75.0,75.0,75.0,75.0,0.0,0.0,26411000.0
2021-04-13,75.0,75.0,75.0,75.0,0.0,0.0,26411000.0
2021-04-14,75.0,75.0,75.0,75.0,0.0,0.0,26411000.0
2021-04-15,75.0,75.0,75.0,75.0,0.0,0.0,26411000.0
2021-04-16,75.0,75.0,75.0,75.0,0.0,0.0,26411000.0
2021-04-19,75.0,75.0,75.0,75.0,0.0,0.0,26411000.0
2021-04-20,75.0,75.0,75.0,75.0,0.0,0.0,26411000.0
2021-04-21,75.0,75.0,75.0,75.0,0.0,0.0,26411000.0
2021-04-22,75.0,75.0,75.0,75.0,0.0,0.0,26411000.0
2021-04-23,75.0,75.0,75.0,75.0,0.0,0.0,26411000.0
2021-04-26,75.0,75.0,75.0,75.0,0.0,0.0,26411000.0
2021-04-27,75.0,75.0,75.0,75.0,0.0,0.0,26411000.0
2021-04-28,75.0,75.0,75.0,75.0,0.0,0.0,26411000.0
2021-04-29,75.0,75.0,75.0,75.0,0.0,0.0,26411000.0
2021-04-30,75.0,75.0,75.0,75.0,0.0,0.0,26411000.0
2021-05-03,75.0,75.0,75.0,75.0,0.0,0.0,26411000.0
2021-05-04,75.0,75.0,75.0,75.0,0.0,0.0,26411000.0
2021-05-05,75.0,75.0,75.0,75.0,0.0,0.0,26411000.0
2021-05-06,75.0,75.0,75.0,75.0,0.0,0.0,26411000.0
2021-05-07,75.0,75.0,75.0,75.0,0.0,0.0,26411000.0
2021-05-10,75.0,75.0,75.0,75.0,0.0,0.0,26411000.0
2021-05-11,75.0,75.0,75.0,75.0,0.0,0.0,26411000.0
2021-05-12,75.0,75.0,75.0,75.0,0.0,0.0,26411000.0
2021-05-13,75.0,75.0,75.0,75.0,0.0,0.0,26411000.0
2021-05-14,75.0,75.0,75.0,75.0,0.0,0.0,26411000.0
2021-05-17,75.0,75.0,75.0,75.0,0.0,0.0,26411000.0
2021-05-18,75.0,75.0,75.0,75.0,0.0,0.0,26411000.0
2021-05-19,75.0,75.0,75.0,75.0,0.0,0.0,26411000.0
2021-05-20,75.0,75.0,75.0,75.0,0.0,0.0,26411000.0
2021-05-21,75.0,75.0,75.0,75.0,0.0,0.0,26411000.0
2021-05-24,75.0,75.0,75.0,75.0,0.0,0.0,26411000.0
2021-05-25,75.0,75.0,75.0,75.0,0.0,0.0,26411000.0
2021-05-26,75.0,75.0,75.0,75.0,0.0,0.0,26411000.0
2021-05-27,75.0,75.0,75.0,75.0,0.0,0.0,26411000.0
2021-05-28,75.0,75.0,75.0,75.0,0.0,0.0,26411000.0
2021-05-31,75.0,75.0,75.0,75.0,0.0,0.0,26411000.0
2021-06-01,75.0,75.0,75.0,75.0,0.0,0.0,26411000.0
2021-06-02,75.0,75.0,75.0,75.0,0.0,0.0,26411000.0
2021-06-03,75.0,75.0,75.0,75.0,0.0,0.0,26411000.0
2021-06-04,75.0,75.0,75.0,75.0,0.0,0.0,26411000.0
2021-06-07,75.0,75.0,75.0,75.0,0.0,0.0,26411000.0
2021-06-08,75.0,75.0,75.0,75.0,0.0,0.0,26411000.0
2021-06-09,75.0,75.0,75.0,75.0,0.0,0.0,26411000.0
2021-06-10,75.0,75.0,75.0,75.0,0.0,0.0,26411000.0
2021-06-11,75.0,75.0,75.0,75.0,0.0,0.0,26411000.0
2021-06-14,75.0,75.0,75.0,75.0,0.0,0.0,26411000.0
2021-06-15,75.0,75.0,75.0,75.0,0.0,0.0,26411000.0
2021-06-16,75.0,75.0,75.0,75.0,0.0,0.0,26411000.0
2021-06-17,75.0,75.0,75.0,75.0,0.0,0.0,26411000.0
2021-06-18,75.0,75.0,75.0,75.0,0.0,0.0,26411000.0
2021-06-21,75.0,75.0,75.0,75.0,0.0,0.0,26411000.0
2021-06-22,75.0,75.0,75.0,75.0,0.0,0.0,26411000.0
2021-06-23,75.0,75.0,75.0,75.0,0.0,0.0,26411000.0
2021-06-24,75.0,75.0,75.0,75.0,0.0,0.0,26411000.0
2021-06-25,75.0,75.0,75.0,75.0,0.0,0.0,26411000.0
2021-06-28,75.0,75.0,75.0,75.0,0.0,0.0,26411000.0
2021-06-29,75.0,75.0,75.0,75.0,0.0,0.0,26411000.0
2021-06-30,75.0,75.0,75.0,75.0,0.0,0.0,26411000.0
2021-07-01,75.0,75.0,75.0,75.0,0.0,0.0,26411000.0
2021-07-02,75.0,75.0,75.0,75.0,0.0,0.0,26411000.0
2021-07-05,75.0,75.0,75.0,75.0,0.0,0.0,26411000.0
2021-07-06,75.0,75.0,75.0,75.0,0.0,0.0,26411000.0
2021-07-07,75.0,75.0,75.0,75.0,0.0,0.0,26411000.0
2021-07-08,75.0,75.0,75.0,75.0,0.0,0.0,26411000.0
2021-07-09,75.0,75.0,75.0,75.0,0.0,0.0,26411000.0
2021-07-12,75.0,75.0,75.0,75.0,0.0,0.0,26411000.0
2021-07-13,75.0,75.0,75.0,75.0,0.0,0.0,26411000.0
2021-07-14,75.0,75.0,75.0,75.0,0.0,0.0,26411000.0
2021-07-15,75.0,75.0,75.0,75.0,0.0,0.0,26411000.0
2021-07-16,75.0,75.0,75.0,75.0,0.0,0.0,26411000.0
2021-07-19,75.0,75.0,75.0,75.0,0.0,0.0,26411000.0
2021-07-20,75.0,75.0,75.0,75.0,0.0,0.0,26411000.0
2021-07-21,75.0,75.0,75.0,75.0,0.0,0.0,26411000.0
2021-07-22,75.0,75.0,75.0,75.0,0.0,0.0,26411000.0
2021-07-23,75.0,75.0,75.0,75.0,0.0,0.0,26411000.0
2021-07-26,75.0,75.0,75.0,75.0,0.0,0.0,26411000.0
2021-07-27,75.0,75.0,75.0,75.0,0.0,0.0,26411000.0
2021-07-28,75.0,75.0,75.0,75.0,0.0,0.0,26411000.0
2021-07-29,75.0,75.0,75.0,75.0,0.0,0.0,26411000.0
2021-07-30,75.0,75.0,75.0,75.0,0.0,0.0,26411000.0
2021-08-02,75.0,75.0,75.0,75.0,0.0,0.0,26411000.0
2021-08-03,75.0,75.0,75.0,75.0,0.0,0.0,26411000.0
2021-08-04,75.0,75.0,75.0,75.0,0.0,0.0,26411000.0
2021-08-05,75.0,75.0,75.0,75.0,0.0,0.0,26411000.0
2021-08-06,75.0,75.0,75.0,75.0,0.0,0.0,26411000.0
2021-08-09,75.0,75.0,75.0,75.0,0.0,0.0,26411000.0
2021-08-10,75.0,75.0,75.0,75.0,0.0,0.0,26411000.0
2021-08-11,75.0,75.0,75.0,75.0,0.0,0.0,26411000.0
2021-08-12,75.0,75.0,75.0,75.0,0.0,0.0,26411000.0
2021-08-13,75.0,75.0,75.0,75.0,0.0,0.0,26411000.0
2021-08-16,75.0,75.0,75.0,75.0,0.0,0.0,26411000.0
2021-08-17,75.0,75.0,75.0,75.0,0.0,0.0,26411000.0
2021-08-18,75.0,75.0,75.0,75.0,0.0,0.0,26411000.0
2021-08-19,75.0,75.0,75.0,75.0,0.0,0.0,26411000.0
2021-08-20,75.0,75.0,75.0,75.0,0.0,0.0,26411000.0
2021-08-23,75.0,75.0,75.0,75.0,0.0,0.0,26411000.0
2021-08-24,75.0,75.0,75.0,75.0,0.0,0.0,26411000.0
2021-08-25,75.0,75.0,75.0,75.0,0.0,0.0,26411000.0
2021-08-26,75.0,75.0,75.0,75.0,0.0,0.0,26411000.0
2021-08-27,75.0,75.0,75.0,75.0,0.0,0.0,26411000.0
2021-08-30,75.0,75.0,75.0,75.0,0.0,0.0,26411000.0
2021-08-31,75.0,75.0,75.0,75.0,0.0,0.0,26411000.0
2021-09-01,75.0,75.0,75.0,75.0,0.0,0.0,26411000.0
2021-09-02,75.0,75.0,75.0,75.0,0.0,0.0,26411000.0
2021-09-03,75.0,75.0,75.0,75.0,0.0,0.0,26411000.0
2021-09-06,75.0,75.0,75.0,75.0,0.0,0.0,26411000.0
2021-09-07,75.0,75.0,75.0,75.0,0.0,0.0,26411000.0
2021-09-08,75.0,75.0,75.0,75.0,0.0,0.0,26411000.0
2021-09-09,75.0,75.0,75.0,75.0,0.0,0.0,26411000.0
2021-09-10,75.0,75.0,75.0,75.0,0.0,0.0,26411000.0
2021-09-13,75.0,75.0,75.0,75.0,0.0,0.0,26411000.0
2021-09-14,75.0,75.0,75.0,75.0,0.0,0.0,26411000.0
2021-09-15,75.0,75.0,75.0,75.0,0.0,0.0,26411000.0
2021-09-16,75.0,75.0,75.0,75.0,0.0,0.0,26411000.0
2021-09-17,75.0,75.0,75.0,75.0,0.0,0.0,26411000.0
2021-09-20,75.0,75.0,75.0,75.0,0.0,0.0,26411000.0
2021-09-21,75.0,75.0,75.0,75.0,0.0,0.0,26411000.0
2021-09-22,75.0,75.0,75.0,75.0,0.0,0.0,26411000.0
2021-09-23,75.0,75.0,75.0,75.0,0.0,0.0,26411000.0
2021-09-24,75.0,75.0,75.0,75.0,0.0,0.0,26411000.0
2021-09-27,75.0,75.0,75.0,75.0,0.0,0.0,26411000.0
2021-09-28,75.0,75.0,75.0,75.0,0.0,0.0,26411000.0
2021-09-29,75.0,75.0,75.0,75.0,0.0,0.0,26411000.0
2021-09-30,75.0,75.0,75.0,75.0,0.0,0.0,26411000.0
2021-10-01,75.0,75.0,75.0,75.0,0.0,0.0,26411000.0
2021-10-04,75.0,75.0,75.0,75.0,0.0,0.0,26411000.0
2021-10-05,75.0,75.0,75.0,75.0,0.0,0.0,26411000.0
2021-10-06,75.0,75.0,75.0,75.0,0.0,0.0,26411000.0
2021-10-07,75.0,75.0,75.0,75.0,0.0,0.0,26411000.0
2021-10-08,75.0,75.0,75.0,75.0,0.0,0.0,26411000.0
2021-10-11,75.0,75.0,75.0,75.0,0.0,0.0,26411000.0
2021-10-12,75.0,75.0,75.0,75.0,0.0,0.0,26411000.0
2021-10-13,75.0,75.0,75.0,75.0,0.0,0.0,26411000.0
2021-10-14,75.0,75.0,75.0,75.0,0.0,0.0,26411000.0
2021-10-15,75.0,75.0,75.0,75.0,0.0,0.0,26411000.0
2021-10-18,75.0,75.0,75.0,75.0,0.0,0.0,26411000.0
2021-10-19,75.0,75.0,75.0,75.0,0.0,0.0,26411000.0
2021-10-20,75.0,75.0,75.0,75.0,0.0,0.0,26411000.0
2021-10-21,75.0,75.0,75.0,75.0,0.0,0.0,26411000.0
2021-10-22,75.0,75.0,75.0,75.0,0.0,0.0,26411000.0
2021-10-25,75.0,75.0,75.0,75.0,0.0,0.0,26411000.0
2021-10-26,75.0,75.0,75.0,75.0,0.0,0.0,26411000.0
2021-10-27,75.0,75.0,75.0,75.0,0.0,0.0,26411000.0
2021-10-28,75.0,75.0,75.0,75.0,0.0,0.0,26411000.0
2021-10-29,75.0,75.0,75.0,75.0,0.0,0.0,26411000.0
2021-11-01,75.0,75.0,75.0,75.0,0.0,0.0,26411000.0
2021-11-02,75.0,75.0,75.0,75.0,0.0,0.0,26411000.0
2021-11-03,75.0,75.0,75.0,75.0,0.0,0.0,26411000.0
2021-11-04,75.0,75.0,75.0,75.0,0.0,0.0,26411000.0
2021-11-05,75.0,75.0,75.0,75.0,0.0,0.0,26411000.0
2021-11-08,75.0,75.0,75.0,75.0,0.0,0.0,26411000.0
2021-11-09,75.0,75.0,75.0,75.0,0.0,0.0,26411000.0
2021-11-10,75.0,75.0,75.0,75.0,0.0,0.0,26411000.0
2021-11-11,75.0,75.0,75.0,75.0,0.0,0.0,26411000.0
2021-11-12,75.0,75.0,75.0,75.0,0.0,0.0,26411000.0
2021-11-15,75.0,75.0,75.0,75.0,0.0,0.0,26411000.0
2021-11-16,75.0,75.0,75.0,75.0,0.0,0.0,26411000.0
2021-11-17,75.0,75.0,75.0,75.0,0.0,0.0,26411000.0
2021-11-18,75.0,75.0,75.0,75.0,0.0,0.0,26411000.0
2021-11-19,75.0,75.0,75.0,75.0,0.0,0.0,26411000.0
2021-11-22,75.0,75.0,75.0,75.0,0.0,0.0,26411000.0
2021-11-23,75.0,75.0,75.0,75.0,0.0,0.0,26411000.0
2021-11-24,75.0,75.0,75.0,75.0,0.0,0.0,26411000.0
2021-11-25,75.0,75.0,75.0,75.0,0.0,0.0,26411000.0
2021-11-26,75.0,75.0,75.0,75.0,0.0,0.0,26411000.0
2021-11-29,75.0,75.0,75.0,75.0,0.0,0.0,26411000.0
2021-11-30,75.0,75.0,75.0,75.0,0.0,0.0,26411000.0
2021-12-01,75.0,75.0,75.0,75.0,0.0,0.0,26411000.0
2021-12-02,75.0,75.0,75.0,75.0,0.0,0.0,26411000.0
2021-12-03,75.0,75.0,75.0,75.0,0.0,0.0,26411000.0
2021-12-06,75.0,75.0,75.0,75.0,0.0,0.0,26411000.0
2021-12-07,75.0,75.0,75.0,75.0,0.0,0.0,26411000.0
2021-12-08,75.0,75.0,75.0,75.0,0.0,0.0,26411000.0
2021-12-09,75.0,75.0,75.0,75.0,0.0,0.0,26411000.0
2021-12-10,75.0,75.0,75.0,75.0,0.0,0.0,26411000.0
2021-12-13,75.0,75.0,75.0,75.0,0.0,0.0,26411000.0
2021-12-14,75.0,75.0,75.0,75.0,0.0,0.0,26411000.0
2021-12-15,75.0,75.0,75.0,75.0,0.0,0.0,26411000.0
2021-12-16,75.0,75.0,75.0,75.0,0.0,0.0,26411000.0
2021-12-17,75.0,75.0,75.0,75.0,0.0,0.0,26411000.0
2021-12-20,75.0,75.0,75.0,75.0,0.0,0.0,26411000.0
2021-12-21,75.0,75.0,75.0,75.0,0.0,0.0,26411000.0
2021-12-22,75.0,75.0,75.0,75.0,0.0,0.0,26411000.0
2021-12-23,75.0,75.0,75.0,75.0,0.0,0.0,26411000.0
2021-12-24,75.0,75.0,75.0,75.0,0.0,0.0,26411000.0
2021-12-27,75.0,75.0,75.0,75.0,0.0,0.0,26411000.0
2021-12-28,75.0,75.0,75.0,75.0,0.0,0.0,26411000.0
2021-12-29,75.0,75.0,75.0,75.0,0.0,0.0,26411000.0
2021-12-30,75.0,75.0,75.0,75.0,0.0,0.0,26411000.0
2021-12-31,75.0,75.0,75.0,75.0,0.0,0.0,26411000.0
2022-01-03,75.0,75.0,75.0,75.0,0.0,0.0,26411000.0
2022-01-04,75.0,75.0,75.0,75.0,0.0,0.0,26411000.0
2022-01-05,75.0,75.0,75.0,75.0,0.0,0.0,26411000.0
2022-01-06,75.0,75.0,75.0,75.0,0.0,0.0,26411000.0
2022-01-07,75.0,75.0,75.0,75.0,0.0,0.0,26411000.0
2022-01-10,75.0,75.0,75.0,75.0,0.0,0.0,26411000.0
2022-01-11,75.0,75.0,75.0,75.0,0.0,0.0,26411000.0
2022-01-12,75.0,75.0,75.0,75.0,0.0,0.0,26411000.0
2022-01-13,75.0,75.0,75.0,75.0,0.0,0.0,26411000.0
2022-01-14,75.0,75.0,75.0,75.0,0.0,0.0,26411000.0
2022-01-17,75.0,75.0,75.0,75.0,0.0,0.0,26411000.0
2022-01-18,75.0,75.0,75.0,75.0,0.0,0.0,26411000.0
2022-01-19,75.0,75.0,75.0,75.0,0.0,0.0,26411000.0
2022-01-20,75.0,75.0,75.0,75.0,0.0,0.0,26411000.0
2022-01-21,75.0,75.0,75.0,75.0,0.0,0.0,26411000.0
2022-01-24,75.0,75.0,75.0,75.0,0.0,0.0,26411000.0
2022-01-25,75.0,75.0,75.0,75.0,0.0,0.0,26411000.0
2022-01-26,75.0,75.0,75.0,75.0,0.0,0.0,26411000.0
2022-01-27,75.0,75.0,75.0,75.0,0.0,0.0,26411000.0
2022-01-28,75.0,75.0,75.0,75.0,0.0,0.0,26411000.0
2022-01-31,75.0,75.0,75.0,75.0,0.0,0.0,26411000.0
2022-02-01,75.0,75.0,75.0,75.0,0.0,0.0,26411000.0
2022-02-02,75.0,75.0,75.0,75.0,0.0,0.0,26411000.0
2022-02-03,75.0,75.0,75.0,75.0,0.0,0.0,26411000.0
2022-02-04,75.0,75.0,75.0,75.0,0.0,0.0,26411000.0
2022-02-07,75.0,75.0,75.0,75.0,0.0,0.0,26411000.0
2022-02-08,75.0,75.0,75.0,75.0,0.0,0.0,26411000.0
2022-02-09,75.0,75.0,75.0,75.0,0.0,0.0,26411000.0
2022-02-10,75.0,75.0,75.0,75.0,0.0,0.0,26411000.0
2022-02-11,75.0,75.0,75.0,75.0,0.0,0.0,26411000.0
2022-02-14,75.0,75.0,75.0,75.0,0.0,0.0,26411000.0
2022-02-15,75.0,75.0,75.0,75.0,0.0,0.0,26411000.0
2022-02-16,75.0,75.0,75.0,75.0,0.0,0.0,26411000.0
2022-02-17,75.0,75.0,75.0,75.0,0.0,0.0,26411000.0
2022-02-18,75.0,75.0,75.0,75.0,0.0,0.0,26411000.0
2022-02-21,75.0,75.0,75.0,75.0,0.0,0.0,26411000.0
2022-02-22,75.0,75.0,75.0,75.0,0.0,0.0,26411000.0
2022-02-23,75.0,75.0,75.0,75.0,0.0,0.0,26411000.0
2022-02-24,75.0,75.0,75.0,75.0,0.0,0.0,26411000.0
2022-02-25,75.0,75.0,75.0,75.0,0.0,0.0,26411000.0
2022-02-28,75.0,75.0,75.0,75.0,0.0,0.0,26411000.0
2022-03-01,75.0,75.0,75.0,75.0,0.0,0.0,26411000.0
2022-03-02,75.0,75.0,75.0,75.0,0.0,0.0,26411000.0
2022-03-03,75.0,75.0,75.0,75.0,0.0,0.0,26411000.0
2022-03-04,75.0,75.0,75.0,75.0,0.0,0.0,26411000.0
2022-03-07,75.0,75.0,75.0,75.0,0.0,0.0,26411000.0
2022-03-08,75.0,75.0,75.0,75.0,0.0,0.0,26411000.0
2022-03-09,75.0,75.0,75.0,75.0,0.0,0.0,26411000.0
2022-03-10,75.0,75.0,75.0,75.0,0.0,0.0,26411000.0
2022-03-11,75.0,75.0,75.0,75.0,0.0,0.0,26411000.0
2022-03-14,75.0,75.0,75.0,75.0,0.0,0.0,26411000.0
2022-03-15,75.0,75.0,75.0,75.0,0.0,0.0,26411000.0
2022-03-16,75.0,75.0,75.0,75.0,0.0,0.0,26411000.0
2022-03-17,75.0,75.0,75.0,75.0,0.0,0.0,26411000.0
2022-03-18,75.0,75.0,75.0,75.0,0.0,0.0,26411000.0
2022-03-21,75.0,75.0,75.0,75.0,0.0,0.0,26411000.0
2022-03-22,75.0,75.0,75.0,75.0,0.0,0.0,26411000.0
2022-03-23,75.0,75.0,75.0,75.0,0.0,0.0,26411000.0
2022-03-24,75.0,75.0,75.0,75.0,0.0,0.0,26411000.0
2022-03-25,75.0,75.0,75.0,75.0,0.0,0.0,26411000.0
2022-03-28,75.0,75.0,75.0,75.0,0.0,0.0,26411000.0
2022-03-29,75.0,75.0,75.0,75.0,0.0,0.0,26411000.0
2022-03-30,75.0,75.0,75.0,75.0,0.0,0.0,26411000.0
2022-03-31,75.0,75.0,75.0,75.0,0.0,0.0,26411000.0
2022-04-01,75.0,75.0,75.0,75.0,0.0,0.0,26411000.0
2022-04-04,75.0,75.0,75.0,75.0,0.0,0.0,26411000.0
2022-04-05,75.0,75.0,75.0,75.0,0.0,0.0,26411000.0
2022-04-06,75.0,75.0,75.0,75.0,0.0,0.0,26411000.0
2022-04-07,75.0,75.0,75.0,75.0,0.0,0.0,26411000.0
2022-04-08,75.0,75.0,75.0,75.0,0.0,0.0,26411000.0
2022-04-11,75.0,75.0,75.0,75.0,0.0,0.0,26411000.0
2022-04-12,75.0,75.0,75.0,75.0,0.0,0.0,26411000.0
2022-04-13,75.0,75.0,75.0,75.0,0.0,0.0,26411000.0
2022-04-14,75.0,75.0,75.0,75.0,0.0,0.0,26411000.0
2022-04-19,75.0,75.0,75.0,75.0,0.0,0.0,26411000.0
2022-04-20,75.0,75.0,75.0,75.0,0.0,0.0,26411000.0
2022-04-21,75.0,75.0,75.0,75.0,0.0,0.0,26411000.0
2022-04-22,75.0,75.0,75.0,75.0,0.0,0.0,26411000.0
2022-04-25,75.0,75.0,75.0,75.0,0.0,0.0,26411000.0
2022-04-26,75.0,75.0,75.0,75.0,0.0,0.0,26411000.0
2022-04-27,75.0,75.0,75.0,75.0,0.0,0.0,26411000.0
2022-04-28,75.0,75.0,75.0,75.0,0.0,0.0,26411000.0
2022-04-29,75.0,75.0,75.0,75.0,0.0,0.0,26411000.0
2022-05-02,75.0,75.0,75.0,75.0,0.0,0.0,26411000.0
2022-05-03,75.0,75.0,75.0,75.0,0.0,0.0,26411000.0
2022-05-04,75.0,75.0,75.0,75.0,0.0,0.0,26411000.0
2022-05-05,75.0,75.0,75.0,75.0,0.0,0.0,26411000.0
2022-05-06,75.0,75.0,75.0,75.0,0.0,0.0,26411000.0
2022-05-09,75.0,75.0,75.0,75.0,0.0,0.0,26411000.0
2022-05-10,75.0,75.0,75.0,75.0,0.0,0.0,26411000.0
2022-05-11,75.0,75.0,75.0,75.0,0.0,0.0,26411000.0
2022-05-12,75.0,75.0,75.0,75.0,0.0,0.0,26411000.0
2022-05-13,75.0,75.0,75.0,75.0,0.0,0.0,26411000.0
2022-05-16,75.0,75.0,75.0,75.0,0.0,0.0,26411000.0
2022-05-17,75.0,75.0,75.0,75.0,0.0,0.0,26411000.0
2022-05-18,75.0,75.0,75.0,75.0,0.0,0.0,26411000.0
2022-05-19,75.0,75.0,75.0,75.0,0.0,0.0,26411000.0
2022-05-20,75.0,75.0,75.0,75.0,0.0,0.0,26411000.0
2022-05-23,75.0,75.0,75.0,75.0,0.0,0.0,26411000.0
2022-05-24,75.0,75.0,75.0,75.0,0.0,0.0,26411000.0
2022-05-25,75.0,75.0,75.0,75.0,0.0,0.0,26411000.0
2022-05-26,75.0,75.0,75.0,75.0,0.0,0.0,26411000.0
2022-05-27,75.0,75.0,75.0,75.0,0.0,0.0,26411000.0
2022-05-30,75.0,75.0,75.0,75.0,0.0,0.0,26411000.0
2022-05-31,75.0,75.0,75.0,75.0,0.0,0.0,26411000.0
2022-06-01,75.0,75.0,75.0,75.0,0.0,0.0,26411000.0
2022-06-02,75.0,75.0,75.0,75.0,0.0,0.0,26411000.0
2022-06-03,75.0,75.0,75.0,75.0,0.0,0.0,26411000.0
2022-06-06,75.0,75.0,75.0,75.0,0.0,0.0,26411000.0
2022-06-07,75.0,75.0,75.0,75.0,0.0,0.0,26411000.0
2022-06-08,75.0,75.0,75.0,75.0,0.0,0.0,26411000.0
2022-06-09,75.0,75.0,75.0,75.0,0.0,0.0,26411000.0
2022-06-10,75.0,75.0,75.0,75.0,0.0,0.0,26411000.0
2022-06-13,75.0,75.0,75.0,75.0,0.0,0.0,26411000.0
2022-06-14,75.0,75.0,75.0,75.0,0.0,0.0,26411000.0
2022-06-15,75.0,75.0,75.0,75.0,0.0,0.0,26411000.0
2022-06-16,75.0,75.0,75.0,75.0,0.0,0.0,26411000.0
2022-06-17,75.0,75.0,75.0,75.0,0.0,0.0,26411000.0
2022-06-20,75.0,75.0,75.0,75.0,0.0,0.0,26411000.0
2022-06-21,75.0,75.0,75.0,75.0,0.0,0.0,26411000.0
2022-06-22,75.0,75.0,75.0,75.0,0.0,0.0,26411000.0
2022-06-23,75.0,75.0,75.0,75.0,0.0,0.0,26411000.0
2022-06-24,75.0,75.0,75.0,75.0,0.0,0.0,26411000.0
2022-06-27,75.0,75.0,75.0,75.0,0.0,0.0,26411000.0
2022-06-28,75.0,75.0,75.0,75.0,0.0,0.0,26411000.0
2022-06-29,75.0,75.0,75.0,75.0,0.0,0.0,26411000.0
2022-06-30,75.0,75.0,75.0,75.0,0.0,0.0,26411000.0
2022-07-01,75.0,75.0,75.0,75.0,0.0,0.0,26411000.0
2022-07-04,75.0,75.0,75.0,75.0,0.0,0.0,26411000.0
2022-07-05,75.0,75.0,75.0,75.0,0.0,0.0,26411000.0
2022-07-06,75.0,75.0,75.0,75.0,0.0,0.0,26411000.0
2022-07-07,75.0,75.0,75.0,75.0,0.0,0.0,26411000.0
2022-07-08,75.0,75.0,75.0,75.0,0.0,0.0,26411000.0
2022-07-11,75.0,75.0,75.0,75.0,0.0,0.0,26411000.0
2022-07-12,75.0,75.0,75.0,75.0,0.0,0.0,26411000.0
2022-07-13,75.0,75.0,75.0,75.0,0.0,0.0,26411000.0
2022-07-14,75.0,75.0,75.0,75.0,0.0,0.0,26411000.0
2022-07-15,75.0,75.0,75.0,75.0,0.0,0.0,26411000.0
2022-07-18,75.0,75.0,75.0,75.0,0.0,0.0,26411000.0
2022-07-19,75.0,75.0,75.0,75.0,0.0,0.0,26411000.0
2022-07-20,75.0,75.0,75.0,75.0,0.0,0.0,26411000.0
2022-07-21,75.0,75.0,75.0,75.0,0.0,0.0,26411000.0
2022-07-22,75.0,75.0,75.0,75.0,0.0,0.0,26411000.0
2022-07-25,75.0,75.0,75.0,75.0,0.0,0.0,26411000.0
2022-07-26,75.0,75.0,75.0,75.0,0.0,0.0,26411000.0
2022-07-27,75.0,75.0,75.0,75.0,0.0,0.0,26411000.0
2022-07-28,75.0,75.0,75.0,75.0,0.0,0.0,26411000.0
2022-07-29,75.0,75.0,75.0,75.0,0.0,0.0,26411000.0
2022-08-01,75.0,75.0,75.0,75.0,0.0,0.0,26411000.0
2022-08-02,75.0,75.0,75.0,75.0,0.0,0.0,26411000.0
2022-08-03,75.0,75.0,75.0,75.0,0.0,0.0,26411000.0
2022-08-04,75.0,75.0,75.0,75.0,0.0,0.0,26411000.0
2022-08-05,75.0,75.0,75.0,75.0,0.0,0.0,26411000.0
2022-08-08,75.0,75.0,75.0,75.0,0.0,0.0,26411000.0
2022-08-09,75.0,75.0,75.0,75.0,0.0,0.0,26411000.0
2022-08-10,75.0,75.0,75.0,75.0,0.0,0.0,26411000.0
2022-08-11,75.0,75.0,75.0,75.0,0.0,0.0,26411000.0
2022-08-12,75.0,75.0,75.0,75.0,0.0,0.0,26411000.0
2022-08-15,75.0,75.0,75.0,75.0,0.0,0.0,26411000.0
2022-08-16,75.0,75.0,75.0,75.0,0.0,0.0,26411000.0
2022-08-17,75.0,75.0,75.0,75.0,0.0,0.0,26411000.0
2022-08-18,75.0,75.0,75.0,75.0,0.0,0.0,26411000.0
2022-08-19,75.0,75.0,75.0,75.0,0.0,0.0,26411000.0
2022-08-22,75.0,75.0,75.0,75.0,0.0,0.0,26411000.0
2022-08-23,75.0,75.0,75.0,75.0,0.0,0.0,26411000.0
2022-08-24,75.0,75.0,75.0,75.0,0.0,0.0,26411000.0
2022-08-25,75.0,75.0,75.0,75.0,0.0,0.0,26411000.0
2022-08-26,75.0,75.0,75.0,75.0,0.0,0.0,26411000.0
2022-08-29,75.0,75.0,75.0,75.0,0.0,0.0,26411000.0
2022-08-30,75.0,75.0,75.0,75.0,0.0,0.0,26411000.0
2022-08-31,75.0,75.0,75.0,75.0,0.0,0.0,26411000.0
2022-09-01,75.0,75.0,75.0,75.0,0.0,0.0,26411000.0
2022-09-02,75.0,75.0,75.0,75.0,0.0,0.0,26411000.0
2022-09-05,75.0,75.0,75.0,75.0,0.0,0.0,26411000.0
2022-09-06,75.0,75.0,75.0,75.0,0.0,0.0,26411000.0
2022-09-07,75.0,75.0,75.0,75.0,0.0,0.0,26411000.0
2022-09-08,75.0,75.0,75.0,75.0,0.0,0.0,26411000.0
2022-09-09,75.0,75.0,75.0,75.0,0.0,0.0,26411000.0
2022-09-12,75.0,75.0,75.0,75.0,0.0,0.0,26411000.0
2022-09-13,75.0,75.0,75.0,75.0,0.0,0.0,26411000.0
2022-09-14,75.0,75.0,75.0,75.0,0.0,0.0,26411000.0
2022-09-15,75.0,75.0,75.0,75.0,0.0,0.0,26411000.0
2022-09-16,75.0,75.0,75.0,75.0,0.0,0.0,26411000.0
2022-09-19,75.0,75.0,75.0,75.0,0.0,0.0,26411000.0
2022-09-20,75.0,75.0,75.0,75.0,0.0,0.0,26411000.0
2022-09-21,75.0,75.0,75.0,75.0,0.0,0.0,26411000.0
2022-09-22,75.0,75.0,75.0,75.0,0.0,0.0,26411000.0
2022-09-23,75.0,75.0,75.0,75.0,0.0,0.0,26411000.0
2022-09-26,75.0,75.0,75.0,75.0,0.0,0.0,26411000.0
2022-09-27,75.0,75.0,75.0,75.0,0.0,0.0,26411000.0
2022-09-28,75.0,75.0,75.0,75.0,0.0,0.0,26411000.0
2022-09-29,75.0,75.0,75.0,75.0,0.0,0.0,26411000.0
2022-09-30,75.0,75.0,75.0,75.0,0.0,0.0,26411000.0
2022-10-03,75.0,75.0,75.0,75.0,0.0,0.0,26411000.0
2022-10-04,75.0,75.0,75.0,75.0,0.0,0.0,26411000.0
2022-10-05,75.0,75.0,75.0,75.0,0.0,0.0,26411000.0
2022-10-06,75.0,75.0,75.0,75.0,0.0,0.0,26411000.0
2022-10-07,75.0,75.0,75.0,75.0,0.0,0.0,26411000.0
2022-10-10,75.0,75.0,75.0,75.0,0.0,0.0,26411000.0
2022-10-11,75.0,75.0,75.0,75.0,0.0,0.0,26411000.0
2022-10-12,75.0,75.0,75.0,75.0,0.0,0.0,26411000.0
2022-10-13,75.0,75.0,75.0,75.0,0.0,0.0,26411000.0
2022-10-14,75.0,75.0,75.0,75.0,0.0,0.0,26411000.0
2022-10-17,75.0,75.0,75.0,75.0,0.0,0.0,26411000.0
2022-10-18,75.0,75.0,75.0,75.0,0.0,0.0,26411000.0
2022-10-19,75.0,75.0,75.0,75.0,0.0,0.0,26411000.0
2022-10-20,75.0,75.0,75.0,75.0,0.0,0.0,26411000.0
2022-10-21,75.0,75.0,75.0,75.0,0.0,0.0,26411000.0
2022-10-24,75.0,75.0,75.0,75.0,0.0,0.0,26411000.0
2022-10-25,75.0,75.0,75.0,75.0,0.0,0.0,26411000.0
2022-10-26,75.0,75.0,75.0,75.0,0.0,0.0,26411000.0
2022-10-27,75.0,75.0,75.0,75.0,0.0,0.0,26411000.0
2022-10-28,75.0,75.0,75.0,75.0,0.0,0.0,26411000.0
2022-10-31,75.0,75.0,75.0,75.0,0.0,0.0,26411000.0
2022-11-01,75.0,75.0,75.0,75.0,0.0,0.0,26411000.0
2022-11-02,75.0,75.0,75.0,75.0,0.0,0.0,26411000.0
2022-11-03,75.0,75.0,75.0,75.0,0.0,0.0,26411000.0
2022-11-04,75.0,75.0,75.0,75.0,0.0,0.0,26411000.0
2022-11-07,75.0,75.0,75.0,75.0,0.0,0.0,26411000.0
2022-11-08,75.0,75.0,75.0,75.0,0.0,0.0,26411000.0
2022-11-09,75.0,75.0,75.0,75.0,0.0,0.0,26411000.0
2022-11-10,75.0,75.0,75.0,75.0,0.0,0.0,26411000.0
2022-11-11,75.0,75.0,75.0,75.0,0.0,0.0,26411000.0
2022-11-14,75.0,75.0,75.0,75.0,0.0,0.0,26411000.0
2022-11-15,75.0,75.0,75.0,75.0,0.0,0.0,26411000.0
2022-11-16,75.0,75.0,75.0,75.0,0.0,0.0,26411000.0
2022-11-17,75.0,75.0,75.0,75.0,0.0,0.0,26411000.0
2022-11-18,75.0,75.0,75.0,75.0,0.0,0.0,26411000.0
2022-11-21,75.0,75.0,75.0,75.0,0.0,0.0,26411000.0
2022-11-22,75.0,75.0,75.0,75.0,0.0,0.0,26411000.0
2022-11-23,75.0,75.0,75.0,75.0,0.0,0.0,26411000.0
2022-11-24,75.0,75.0,75.0,75.0,0.0,0.0,26411000.0
2022-11-25,75.0,75.0,75.0,75.0,0.0,0.0,26411000.0
2022-11-28,75.0,75.0,75.0,75.0,0.0,0.0,26411000.0
2022-11-29,75.0,75.0,75.0,75.0,0.0,0.0,26411000.0
2022-11-30,75.0,75.0,75.0,75.0,0.0,0.0,26411000.0
2022-12-01,75.0,75.0,75.0,75.0,0.0,0.0,26411000.0
2022-12-02,75.0,75.0,75.0,75.0,0.0,0.0,26411000.0
2022-12-05,75.0,75.0,75.0,75.0,0.0,0.0,26411000.0
2022-12-06,75.0,75.0,75.0,75.0,0.0,0.0,26411000.0
2022-12-07,75.0,75.0,75.0,75.0,0.0,0.0,26411000.0
2022-12-08,75.0,75.0,75.0,75.0,0.0,0.0,26411000.0
2022-12-09,75.0,75.0,75.0,75.0,0.0,0.0,26411000.0
2022-12-12,75.0,75.0,75.0,75.0,0.0,0.0,26411000.0
2022-12-13,75.0,75.0,75.0,75.0,0.0,0.0,26411000.0
2022-12-14,75.0,75.0,75.0,75.0,0.0,0.0,26411000.0
2022-12-15,75.0,75.0,75.0,75.0,0.0,0.0,26411000.0
2022-12-16,75.0,75.0,75.0,75.0,0.0,0.0,26411000.0
2022-12-19,75.0,75.0,75.0,75.0,0.0,0.0,26411000.0
2022-12-20,75.0,75.0,75.0,75.0,0.0,0.0,26411000.0
2022-12-21,75.0,75.0,75.0,75.0,0.0,0.0,26411000.0
2022-12-22,75.0,75.0,75.0,75.0,0.0,0.0,26411000.0
2022-12-23,75.0,75.0,75.0,75.0,0.0,0.0,26411000.0
2022-12-27,75.0,75.0,75.0,75.0,0.0,0.0,26411000.0
2022-12-28,75.0,75.0,75.0,75.0,0.0,0.0,26411000.0
2022-12-29,75.0,75.0,75.0,75.0,0.0,0.0,26411000.0
2022-12-30,75.0,75.0,75.0,75.0,0.0,0.0,26411000.0
2023-01-02,75.0,75.0,75.0,75.0,0.0,0.0,26411000.0
2023-01-03,75.0,75.0,75.0,75.0,0.0,0.0,26411000.0
2023-01-04,75.0,75.0,75.0,75.0,0.0,0.0,26411000.0
2023-01-05,75.0,75.0,75.0,75.0,0.0,0.0,26411000.0
2023-01-06,75.0,75.0,75.0,75.0,0.0,0.0,26411000.0
2023-01-09,75.0,75.0,75.0,75.0,0.0,0.0,26411000.0
2023-01-10,75.0,75.0,75.0,75.0,0.0,0.0,26411000.0
2023-01-11,75.0,75.0,75.0,75.0,0.0,0.0,26411000.0
2023-01-12,75.0,75.0,75.0,75.0,0.0,0.0,26411000.0
2023-01-13,75.0,75.0,75.0,75.0,0.0,0.0,26411000.0
2023-01-16,75.0,75.0,75.0,75.0,0.0,0.0,26411000.0
2023-01-17,75.0,75.0,75.0,75.0,0.0,0.0,26411000.0
2023-01-18,75.0,75.0,75.0,75.0,0.0,0.0,26411000.0
2023-01-19,75.0,75.0,75.0,75.0,0.0,0.0,26411000.0
2023-01-20,75.0,75.0,75.0,75.0,0.0,0.0,26411000.0
2023-01-23,75.0,75.0,75.0,75.0,0.0,0.0,26411000.0
2023-01-24,75.0,75.0,75.0,75.0,0.0,0.0,26411000.0
2023-01-25,75.0,75.0,75.0,75.0,0.0,0.0,26411000.0
2023-01-26,75.0,75.0,75.0,75.0,0.0,0.0,26411000.0
2023-01-27,75.0,75.0,75.0,75.0,0.0,0.0,26411000.0
2023-01-30,75.0,75.0,75.0,75.0,0.0,0.0,26411000.0
2023-01-31,75.0,75.0,75.0,75.0,0.0,0.0,26411000.0
2023-02-01,75.0,75.0,75.0,75.0,0.0,0.0,26411000.0
2023-02-02,75.0,75.0,75.0,75.0,0.0,0.0,26411000.0
2023-02-03,75.0,75.0,75.0,75.0,0.0,0.0,26411000.0
2023-02-06,75.0,75.0,75.0,75.0,0.0,0.0,26411000.0
2023-02-07,75.0,75.0,75.0,75.0,0.0,0.0,26411000.0
2023-02-08,75.0,75.0,75.0,75.0,0.0,0.0,26411000.0
2023-02-09,75.0,75.0,75.0,75.0,0.0,0.0,26411000.0
2023-02-10,75.0,75.0,75.0,75.0,0.0,0.0,26411000.0
2023-02-13,75.0,75.0,75.0,75.0,0.0,0.0,26411000.0
2023-02-14,75.0,75.0,75.0,75.0,0.0,0.0,26411000.0
2023-02-15,75.0,75.0,75.0,75.0,0.0,0.0,26411000.0
2023-02-16,75.0,75.0,75.0,75.0,0.0,0.0,26411000.0
2023-02-17,75.0,75.0,75.0,75.0,0.0,0.0,26411000.0
2023-02-20,75.0,75.0,75.0,75.0,0.0,0.0,26411000.0
2023-02-21,75.0,75.0,75.0,75.0,0.0,0.0,26411000.0
2023-02-22,75.0,75.0,75.0,75.0,0.0,0.0,26411000.0
2023-02-23,75.0,75.0,75.0,75.0,0.0,0.0,26411000.0
2023-02-24,75.0,75.0,75.0,75.0,0.0,0.0,26411000.0
2023-02-27,75.0,75.0,75.0,75.0,0.0,0.0,26411000.0
2023-02-28,75.0,75.0,75.0,75.0,0.0,0.0,26411000.0
2023-03-01,75.0,75.0,75.0,75.0,0.0,0.0,26411000.0
2023-03-02,75.0,75.0,75.0,75.0,0.0,0.0,26411000.0
2023-03-03,75.0,75.0,75.0,75.0,0.0,0.0,26411000.0
2023-03-06,75.0,75.0,75.0,75.0,0.0,0.0,26411000.0
2023-03-07,75.0,75.0,75.0,75.0,0.0,0.0,26411000.0
2023-03-08,75.0,75.0,75.0,75.0,0.0,0.0,26411000.0
2023-03-09,75.0,75.0,75.0,75.0,0.0,0.0,26411000.0
2023-03-10,75.0,75.0,75.0,75.0,0.0,0.0,26411000.0
2023-03-13,75.0,75.0,75.0,75.0,0.0,0.0,26411000.0
2023-03-14,75.0,75.0,75.0,75.0,0.0,0.0,26411000.0
2023-03-15,75.0,75.0,75.0,75.0,0.0,0.0,26411000.0
2023-03-16,75.0,75.0,75.0,75.0,0.0,0.0,26411000.0
2023-03-17,75.0,75.0,75.0,75.0,0.0,0.0,26411000.0
2023-03-20,75.0,75.0,75.0,75.0,0.0,0.0,26411000.0
2023-03-21,75.0,75.0,75.0,75.0,0.0,0.0,26411000.0
2023-03-22,75.0,75.0,75.0,75.0,0.0,0.0,26411000.0
2023-03-23,75.0,75.0,75.0,75.0,0.0,0.0,26411000.0
2023-03-24,75.0,75.0,75.0,75.0,0.0,0.0,26411000.0
2023-03-27,75.0,75.0,75.0,75.0,0.0,0.0,26411000.0
2023-03-28,75.0,75.0,75.0,75.0,0.0,0.0,26411000.0
2023-03-29,75.0,75.0,75.0,75.0,0.0,0.0,26411000.0
2023-03-30,75.0,75.0,75.0,75.0,0.0,0.0,26411000.0
2023-03-31,75.0,75.0,75.0,75.0,0.0,0.0,26411000.0
2023-04-03,75.0,75.0,75.0,75.0,0.0,0.0,26411000.0
2023-04-04,75.0,75.0,75.0,75.0,0.0,0.0,26411000.0
2023-04-05,75.0,75.0,75.0,75.0,0.0,0.0,26411000.0
2023-04-06,75.0,75.0,75.0,75.0,0.0,0.0,26411000.0
2023-04-11,75.0,75.0,75.0,75.0,0.0,0.0,26411000.0
2023-04-12,75.0,75.0,75.0,75.0,0.0,0.0,26411000.0
2023-04-13,75.0,75.0,75.0,75.0,0.0,0.0,26411000.0
2023-04-14,75.0,75.0,75.0,75.0,0.0,0.0,26411000.0
2023-04-17,75.0,75.0,75.0,75.0,0.0,0.0,26411000.0
2023-04-18,75.0,75.0,75.0,75.0,0.0,0.0,26411000.0
2023-04-19,75.0,75.0,75.0,75.0,0.0,0.0,26411000.0
2023-04-20,75.0,75.0,75.0,75.0,0.0,0.0,26411000.0
2023-04-21,75.0,75.0,75.0,75.0,0.0,0.0,26411000.0
2023-04-24,75.0,75.0,75.0,75.0,0.0,0.0,26411000.0
2023-04-25,75.0,75.0,75.0,75.0,0.0,0.0,26411000.0
2023-04-26,75.0,75.0,75.0,75.0,0.0,0.0,26411000.0
2023-04-27,75.0,75.0,75.0,75.0,0.0,0.0,26411000.0
2023-04-28,75.0,75.0,75.0,75.0,0.0,0.0,26411000.0
2023-05-02,75.0,75.0,75.0,75.0,0.0,0.0,26411000.0
2023-05-03,75.0,75.0,75.0,75.0,0.0,0.0,26411000.0
2023-05-04,75.0,75.0,75.0,75.0,0.0,0.0,26411000.0
2023-05-05,75.0,75.0,75.0,75.0,0.0,0.0,26411000.0
2023-05-08,75.0,75.0,75.0,75.0,0.0,0.0,26411000.0
2023-05-09,75.0,75.0,75.0,75.0,0.0,0.0,26411000.0
2023-05-10,75.0,75.0,75.0,75.0,0.0,0.0,26411000.0
2023-05-11,75.0,75.0,75.0,75.0,0.0,0.0,26411000.0
2023-05-12,75.0,75.0,75.0,75.0,0.0,0.0,26411000.0
2023-05-15,75.0,75.0,75.0,75.0,0.0,0.0,26411000.0
2023-05-16,75.0,75.0,75.0,75.0,0.0,0.0,26411000.0
2023-05-17,75.0,75.0,75.0,75.0,0.0,0.0,26411000.0
2023-05-18,75.0,75.0,75.0,75.0,0.0,0.0,26411000.0
2023-05-19,75.0,75.0,75.0,75.0,0.0,0.0,26411000.0
2023-05-22,75.0,75.0,75.0,75.0,0.0,0.0,26411000.0
2023-05-23,75.0,75.0,75.0,75.0,0.0,0.0,26411000.0
2023-05-24,75.0,75.0,75.0,75.0,0.0,0.0,26411000.0
2023-05-25,75.0,75.0,75.0,75.0,0.0,0.0,26411000.0
2023-05-26,75.0,75.0,75.0,75.0,0.0,0.0,26411000.0
2023-05-29,75.0,75.0,75.0,75.0,0.0,0.0,26411000.0
2023-05-30,75.0,75.0,75.0,75.0,0.0,0.0,26411000.0
2023-05-31,75.0,75.0,75.0,75.0,0.0,0.0,26411000.0
2023-06-01,75.0,75.0,75.0,75.0,0.0,0.0,26411000.0
2023-06-02,75.0,75.0,75.0,75.0,0.0,0.0,26411000.0
2023-06-05,75.0,75.0,75.0,75.0,0.0,0.0,26411000.0
2023-06-06,75.0,75.0,75.0,75.0,0.0,0.0,26411000.0
2023-06-07,75.0,75.0,75.0,75.0,0.0,0.0,26411000.0
2023-06-08,75.0,75.0,75.0,75.0,0.0,0.0,26411000.0
2023-06-09,75.0,75.0,75.0,75.0,0.0,0.0,26411000.0
2023-06-12,75.0,75.0,75.0,75.0,0.0,0.0,26411000.0
2023-06-13,75.0,75.0,75.0,75.0,0.0,0.0,26411000.0
2023-06-14,75.0,75.0,75.0,75.0,0.0,0.0,26411000.0
2023-06-15,75.0,75.0,75.0,75.0,0.0,0.0,26411000.0
2023-06-16,75.0,75.0,75.0,75.0,0.0,0.0,26411000.0
2023-06-19,75.0,75.0,75.0,75.0,0.0,0.0,26411000.0
2023-06-20,75.0,75.0,75.0,75.0,0.0,0.0,26411000.0
2023-06-21,75.0,75.0,75.0,75.0,0.0,0.0,26411000.0
2023-06-22,75.0,75.0,75.0,75.0,0.0,0.0,26411000.0
2023-06-23,75.0,75.0,75.0,75.0,0.0,0.0,26411000.0
2023-06-26,75.0,75.0,75.0,75.0,0.0,0.0,26411000.0
2023-06-27,75.0,75.0,75.0,75.0,0.0,0.0,26411000.0
2023-06-28,75.0,75.0,75.0,75.0,0.0,0.0,26411000.0
2023-06-29,75.0,75.0,75.0,75.0,0.0,0.0,26411000.0
2023-06-30,75.0,75.0,75.0,75.0,0.0,0.0,26411000.0
2023-07-03,75.0,75.0,75.0,75.0,0.0,0.0,26411000.0
2023-07-04,75.0,75.0,75.0,75.0,0.0,0.0,26411000.0
2023-07-05,75.0,75.0,75.0,75.0,0.0,0.0,26411000.0
2023-07-06,75.0,75.0,75.0,75.0,0.0,0.0,26411000.0
2023-07-07,75.0,75.0,75.0,75.0,0.0,0.0,26411000.0
2023-07-10,75.0,75.0,75.0,75.0,0.0,0.0,26411000.0
2023-07-11,75.0,75.0,75.0,75.0,0.0,0.0,26411000.0
2023-07-12,75.0,75.0,75.0,75.0,0.0,0.0,26411000.0
2023-07-13,75.0,75.0,75.0,75.0,0.0,0.0,26411000.0
2023-07-14,75.0,75.0,75.0,75.0,0.0,0.0,26411000.0
2023-07-17,75.0,75.0,75.0,75.0,0.0,0.0,26411000.0
2023-07-18,75.0,75.0,75.0,75.0,0.0,0.0,26411000.0
2023-07-19,75.0,75.0,75.0,75.0,0.0,0.0,26411000.0
2023-07-20,75.0,75.0,75.0,75.0,0.0,0.0,26411000.0
2023-07-21,75.0,75.0,75.0,75.0,0.0,0.0,26411000.0
