Date,HIGH,LOW,CLOSE,OPEN,COUNT,VOLUME,SHROUT
1983-01-04,,,,,0.0,0.0,
1983-01-05,,,,,0.0,1.0,
1983-01-06,,,,,0.0,1.0,
1983-01-07,,,,,0.0,1.0,
1983-01-10,,,,,0.0,1.0,
1983-01-11,,,,,0.0,1.0,
1983-01-12,,,,,0.0,1.0,
1983-01-13,,,,,0.0,1.0,
1983-01-14,,,,,0.0,1.0,
1983-01-17,,,,,0.0,1.0,
1983-01-18,,,,,0.0,1.0,
1983-01-19,,,,,0.0,1.0,
1983-01-20,,,,,0.0,1.0,
1983-01-21,,,,,0.0,1.0,
1983-01-24,,,,,0.0,1.0,
1983-01-25,,,,,0.0,1.0,
1983-01-26,,,,,0.0,1.0,
1983-01-27,,,,,0.0,1.0,
1983-01-28,,,,,0.0,1.0,
1983-01-31,,,,,0.0,1.0,
1983-02-01,,,,,0.0,1.0,
1983-02-02,,,,,0.0,1.0,
1983-02-03,,,,,0.0,1.0,
1983-02-04,,,,,0.0,1.0,
1983-02-07,,,,,0.0,1.0,
1983-02-08,,,,,0.0,1.0,
1983-02-09,,,,,0.0,1.0,
1983-02-10,,,,,0.0,1.0,
1983-02-11,,,,,0.0,1.0,
1983-02-14,,,,,0.0,1.0,
1983-02-15,,,,,0.0,1.0,
1983-02-16,,,,,0.0,1.0,
1983-02-17,,,,,0.0,1.0,
1983-02-18,,,,,0.0,1.0,
1983-02-21,,,,,0.0,1.0,
1983-02-22,,,,,0.0,1.0,
1983-02-23,,,,,0.0,1.0,
1983-02-24,,,,,0.0,1.0,
1983-02-25,,,,,0.0,1.0,
1983-02-28,,,,,0.0,1.0,
1983-03-01,,,,,0.0,1.0,
1983-03-02,,,,,0.0,1.0,
1983-03-03,,,,,0.0,1.0,
1983-03-04,,,,,0.0,1.0,
1983-03-07,,,,,0.0,1.0,
1983-03-08,,,,,0.0,1.0,
1983-03-09,,,,,0.0,1.0,
1983-03-10,,,,,0.0,1.0,
1983-03-11,,,,,0.0,1.0,
1983-03-14,,,,,0.0,1.0,
1983-03-15,,,,,0.0,1.0,
1983-03-16,,,,,0.0,1.0,
1983-03-17,,,,,0.0,1.0,
1983-03-18,,,,,0.0,1.0,
1983-03-21,,,,,0.0,1.0,
1983-03-22,,,,,0.0,1.0,
1983-03-23,,,,,0.0,1.0,
1983-03-24,,,,,0.0,1.0,
1983-03-25,,,,,0.0,1.0,
1983-03-28,,,,,0.0,1.0,
1983-03-29,,,,,0.0,1.0,
1983-03-30,,,,,0.0,1.0,
1983-03-31,,,,,0.0,1.0,
1983-04-01,,,,,0.0,1.0,
1983-04-04,,,,,0.0,1.0,
1983-04-05,,,,,0.0,1.0,
1983-04-06,,,,,0.0,1.0,
1983-04-07,,,,,0.0,1.0,
1983-04-08,,,,,0.0,1.0,
1983-04-11,,,,,0.0,1.0,
1983-04-12,,,,,0.0,1.0,
1983-04-13,,,,,0.0,1.0,
1983-04-14,,,,,0.0,1.0,
1983-04-15,,,,,0.0,1.0,
1983-04-18,,,,,0.0,1.0,
1983-04-19,,,,,0.0,1.0,
1983-04-20,,,,,0.0,1.0,
1983-04-21,,,,,0.0,1.0,
1983-04-22,,,,,0.0,1.0,
1983-04-25,,,,,0.0,1.0,
1983-04-26,,,,,0.0,1.0,
1983-04-27,,,,,0.0,1.0,
1983-04-28,,,,,0.0,1.0,
1983-04-29,,,,,0.0,1.0,
1983-05-02,,,,,0.0,1.0,
1983-05-03,,,,,0.0,1.0,
1983-05-04,,,,,0.0,1.0,
1983-05-05,,,,,0.0,1.0,
1983-05-06,,,,,0.0,1.0,
1983-05-09,,,,,0.0,1.0,
1983-05-10,,,,,0.0,1.0,
1983-05-11,,,,,0.0,1.0,
1983-05-12,,,,,0.0,1.0,
1983-05-13,,,,,0.0,1.0,
1983-05-16,,,,,0.0,1.0,
1983-05-17,,,,,0.0,1.0,
1983-05-18,,,,,0.0,1.0,
1983-05-19,,,,,0.0,1.0,
1983-05-20,,,,,0.0,1.0,
1983-05-23,,,,,0.0,1.0,
1983-05-24,,,,,0.0,1.0,
1983-05-25,,,,,0.0,1.0,
1983-05-26,,,,,0.0,1.0,
1983-05-27,,,,,0.0,1.0,
1983-05-30,,,,,0.0,1.0,
1983-05-31,,,,,0.0,1.0,
1983-06-01,,,,,0.0,1.0,
1983-06-02,,,,,0.0,1.0,
1983-06-03,,,,,0.0,1.0,
1983-06-06,,,,,0.0,1.0,
1983-06-07,,,,,0.0,1.0,
1983-06-08,,,,,0.0,1.0,
1983-06-09,,,,,0.0,1.0,
1983-06-10,,,,,0.0,1.0,
1983-06-13,,,,,0.0,1.0,
1983-06-14,,,,,0.0,1.0,
1983-06-15,,,,,0.0,1.0,
1983-06-16,,,,,0.0,1.0,
1983-06-17,,,,,0.0,1.0,
1983-06-20,,,,,0.0,1.0,
1983-06-21,,,,,0.0,1.0,
1983-06-22,,,,,0.0,1.0,
1983-06-23,,,,,0.0,1.0,
1983-06-24,,,,,0.0,1.0,
1983-06-27,,,,,0.0,1.0,
1983-06-28,,,,,0.0,1.0,
1983-06-29,,,,,0.0,1.0,
1983-06-30,,,,,0.0,1.0,
1983-07-01,,,,,0.0,1.0,
1983-07-04,,,,,0.0,1.0,
1983-07-05,,,,,0.0,1.0,
1983-07-06,,,,,0.0,1.0,
1983-07-07,1.93,1.93,1.93,1.93,0.0,1.0,
1983-07-08,1.93,1.93,1.93,1.93,0.0,0.0,
1983-07-11,1.75,1.75,1.75,1.75,0.0,1.0,
1983-07-12,1.79,1.79,1.79,1.79,0.0,1.0,
1983-07-13,1.77,1.77,1.77,1.77,0.0,1.0,
1983-07-14,1.77,1.77,1.77,1.77,0.0,0.0,
1983-07-15,1.77,1.77,1.77,1.77,0.0,0.0,
1983-07-18,1.77,1.77,1.77,1.77,0.0,0.0,
1983-07-19,1.77,1.77,1.77,1.77,0.0,0.0,
1983-07-20,1.77,1.77,1.77,1.77,0.0,0.0,
1983-07-21,1.77,1.77,1.77,1.77,0.0,0.0,
1983-07-22,1.77,1.77,1.77,1.77,0.0,0.0,
1983-07-25,1.7,1.7,1.7,1.7,0.0,1.0,
1983-07-26,1.7,1.7,1.7,1.7,0.0,0.0,
1983-07-27,1.7,1.7,1.7,1.7,0.0,0.0,
1983-07-28,1.7,1.7,1.7,1.7,0.0,0.0,
1983-07-29,1.7,1.7,1.7,1.7,0.0,0.0,
1983-08-01,1.7,1.7,1.7,1.7,0.0,0.0,
1983-08-02,1.7,1.7,1.7,1.7,0.0,0.0,
1983-08-03,1.7,1.7,1.7,1.7,0.0,0.0,
1983-08-04,1.76,1.76,1.76,1.76,0.0,1.0,
1983-08-05,1.76,1.76,1.76,1.76,0.0,0.0,
1983-08-08,1.76,1.76,1.76,1.76,0.0,0.0,
1983-08-09,1.76,1.76,1.76,1.76,0.0,0.0,
1983-08-10,1.78,1.78,1.78,1.78,0.0,1.0,
1983-08-11,1.76,1.76,1.76,1.76,0.0,1.0,
1983-08-12,1.76,1.76,1.76,1.76,0.0,0.0,
1983-08-15,1.82,1.82,1.82,1.82,0.0,1.0,
1983-08-16,1.88,1.88,1.88,1.88,0.0,1.0,
1983-08-17,1.9,1.9,1.9,1.9,0.0,1.0,
1983-08-18,1.88,1.88,1.88,1.88,0.0,1.0,
1983-08-19,1.88,1.88,1.88,1.88,0.0,0.0,
1983-08-22,1.86,1.86,1.86,1.86,0.0,1.0,
1983-08-23,1.86,1.86,1.86,1.86,0.0,0.0,
1983-08-24,1.84,1.84,1.84,1.84,0.0,1.0,
1983-08-25,1.84,1.84,1.84,1.84,0.0,0.0,
1983-08-26,1.84,1.84,1.84,1.84,0.0,0.0,
1983-08-29,1.84,1.84,1.84,1.84,0.0,0.0,
1983-08-30,1.84,1.84,1.84,1.84,0.0,0.0,
1983-08-31,1.84,1.84,1.84,1.84,0.0,0.0,
1983-09-01,1.84,1.84,1.84,1.84,0.0,0.0,
1983-09-02,1.84,1.84,1.84,1.84,0.0,0.0,
1983-09-05,1.84,1.84,1.84,1.84,0.0,0.0,
1983-09-06,1.84,1.84,1.84,1.84,0.0,0.0,
1983-09-07,1.84,1.84,1.84,1.84,0.0,0.0,
1983-09-08,1.86,1.86,1.86,1.86,0.0,1.0,
1983-09-09,1.88,1.88,1.88,1.88,0.0,1.0,
1983-09-12,1.86,1.86,1.86,1.86,0.0,1.0,
1983-09-13,1.84,1.84,1.84,1.84,0.0,1.0,
1983-09-14,1.84,1.84,1.84,1.84,0.0,0.0,
1983-09-15,1.84,1.84,1.84,1.84,0.0,0.0,
1983-09-16,1.84,1.84,1.84,1.84,0.0,0.0,
1983-09-19,1.84,1.84,1.84,1.84,0.0,0.0,
1983-09-20,1.84,1.84,1.84,1.84,0.0,0.0,
1983-09-21,1.84,1.84,1.84,1.84,0.0,0.0,
1983-09-22,1.84,1.84,1.84,1.84,0.0,0.0,
1983-09-23,1.86,1.86,1.86,1.86,0.0,1.0,
1983-09-26,1.9,1.9,1.9,1.9,0.0,1.0,
1983-09-27,1.88,1.88,1.88,1.88,0.0,1.0,
1983-09-28,1.9,1.9,1.9,1.9,0.0,1.0,
1983-09-29,1.9,1.9,1.9,1.9,0.0,0.0,
1983-09-30,1.92,1.92,1.92,1.92,0.0,1.0,
1983-10-03,1.88,1.88,1.88,1.88,0.0,1.0,
1983-10-04,1.86,1.86,1.86,1.86,0.0,1.0,
1983-10-05,1.86,1.86,1.86,1.86,0.0,0.0,
1983-10-06,1.86,1.86,1.86,1.86,0.0,0.0,
1983-10-07,1.84,1.84,1.84,1.84,0.0,1.0,
1983-10-10,1.82,1.82,1.82,1.82,0.0,1.0,
1983-10-11,1.78,1.78,1.78,1.78,0.0,1.0,
1983-10-12,1.78,1.78,1.78,1.78,0.0,0.0,
1983-10-13,1.76,1.76,1.76,1.76,0.0,1.0,
1983-10-14,1.7,1.7,1.7,1.7,0.0,1.0,
1983-10-17,1.68,1.68,1.68,1.68,0.0,1.0,
1983-10-18,1.7,1.7,1.7,1.7,0.0,1.0,
1983-10-19,1.7,1.7,1.7,1.7,0.0,0.0,
1983-10-20,1.72,1.72,1.72,1.72,0.0,1.0,
1983-10-21,1.72,1.72,1.72,1.72,0.0,0.0,
1983-10-24,1.74,1.74,1.74,1.74,0.0,1.0,
1983-10-25,1.74,1.74,1.74,1.74,0.0,0.0,
1983-10-26,1.84,1.84,1.84,1.84,0.0,1.0,
1983-10-27,1.84,1.84,1.84,1.84,0.0,0.0,
1983-10-28,1.84,1.84,1.84,1.84,0.0,0.0,
1983-10-31,1.86,1.86,1.86,1.86,0.0,1.0,
1983-11-01,1.88,1.88,1.88,1.88,0.0,1.0,
1983-11-02,1.86,1.86,1.86,1.86,0.0,1.0,
1983-11-03,1.86,1.86,1.86,1.86,0.0,0.0,
1983-11-04,1.88,1.88,1.88,1.88,0.0,1.0,
1983-11-07,1.88,1.88,1.88,1.88,0.0,0.0,
1983-11-08,1.9,1.9,1.9,1.9,0.0,1.0,
1983-11-09,1.9,1.9,1.9,1.9,0.0,0.0,
1983-11-10,1.92,1.92,1.92,1.92,0.0,1.0,
1983-11-11,1.9,1.9,1.9,1.9,0.0,1.0,
1983-11-14,1.94,1.94,1.94,1.94,0.0,1.0,
1983-11-15,1.94,1.94,1.94,1.94,0.0,0.0,
1983-11-16,1.9,1.9,1.9,1.9,0.0,1.0,
1983-11-17,1.92,1.92,1.92,1.92,0.0,1.0,
1983-11-18,1.92,1.92,1.92,1.92,0.0,0.0,
1983-11-21,1.9,1.9,1.9,1.9,0.0,1.0,
1983-11-22,1.92,1.92,1.92,1.92,0.0,1.0,
1983-11-23,1.92,1.92,1.92,1.92,0.0,0.0,
1983-11-24,1.9,1.9,1.9,1.9,0.0,1.0,
1983-11-25,1.9,1.9,1.9,1.9,0.0,0.0,
1983-11-28,1.9,1.9,1.9,1.9,0.0,0.0,
1983-11-29,1.9,1.9,1.9,1.9,0.0,0.0,
1983-11-30,1.92,1.92,1.92,1.92,0.0,1.0,
1983-12-01,1.98,1.98,1.98,1.98,0.0,1.0,
1983-12-02,1.98,1.98,1.98,1.98,0.0,0.0,
1983-12-05,1.98,1.98,1.98,1.98,0.0,0.0,
1983-12-06,1.96,1.96,1.96,1.96,0.0,1.0,
1983-12-07,1.98,1.98,1.98,1.98,0.0,1.0,
1983-12-08,1.96,1.96,1.96,1.96,0.0,1.0,
1983-12-09,1.94,1.94,1.94,1.94,0.0,1.0,
1983-12-12,1.94,1.94,1.94,1.94,0.0,0.0,
1983-12-13,1.92,1.92,1.92,1.92,0.0,1.0,
1983-12-14,1.92,1.92,1.92,1.92,0.0,0.0,
1983-12-15,1.92,1.92,1.92,1.92,0.0,0.0,
1983-12-16,1.92,1.92,1.92,1.92,0.0,0.0,
1983-12-19,1.96,1.96,1.96,1.96,0.0,1.0,
1983-12-20,1.98,1.98,1.98,1.98,0.0,1.0,
1983-12-21,1.98,1.98,1.98,1.98,0.0,0.0,
1983-12-22,1.98,1.98,1.98,1.98,0.0,0.0,
1983-12-23,1.98,1.98,1.98,1.98,0.0,0.0,
1983-12-26,1.98,1.98,1.98,1.98,0.0,0.0,
1983-12-27,1.98,1.98,1.98,1.98,0.0,0.0,
1983-12-28,1.96,1.96,1.96,1.96,0.0,1.0,
1983-12-29,1.96,1.96,1.96,1.96,0.0,0.0,
1983-12-30,1.96,1.96,1.96,1.96,0.0,0.0,
1984-01-02,1.96,1.96,1.96,1.96,0.0,0.0,
1984-01-03,1.96,1.96,1.96,1.96,0.0,0.0,
1984-01-04,1.96,1.96,1.96,1.96,0.0,0.0,
1984-01-05,2.0,2.0,2.0,2.0,0.0,1.0,
1984-01-06,2.0,2.0,2.0,2.0,0.0,0.0,
1984-01-09,2.0,2.0,2.0,2.0,0.0,0.0,
1984-01-10,2.0,2.0,2.0,2.0,0.0,0.0,
1984-01-11,2.0,2.0,2.0,2.0,0.0,0.0,
1984-01-12,2.02,2.02,2.02,2.02,0.0,1.0,
1984-01-13,2.0,2.0,2.0,2.0,0.0,1.0,
1984-01-16,2.0,2.0,2.0,2.0,0.0,0.0,
1984-01-17,1.98,1.98,1.98,1.98,0.0,1.0,
1984-01-18,2.06,2.06,2.06,2.06,0.0,1.0,
1984-01-19,2.06,2.06,2.06,2.06,0.0,0.0,
1984-01-20,2.06,2.06,2.06,2.06,0.0,0.0,
1984-01-23,2.04,2.04,2.04,2.04,0.0,1.0,
1984-01-24,2.04,2.04,2.04,2.04,0.0,0.0,
1984-01-25,2.04,2.04,2.04,2.04,0.0,0.0,
1984-01-26,2.04,2.04,2.04,2.04,0.0,0.0,
1984-01-27,2.04,2.04,2.04,2.04,0.0,0.0,
1984-01-30,2.04,2.04,2.04,2.04,0.0,0.0,
1984-01-31,2.02,2.02,2.02,2.02,0.0,1.0,
1984-02-01,2.04,2.04,2.04,2.04,0.0,1.0,
1984-02-02,2.02,2.02,2.02,2.02,0.0,1.0,
1984-02-03,2.0,2.0,2.0,2.0,0.0,1.0,
1984-02-06,2.0,2.0,2.0,2.0,0.0,0.0,
1984-02-07,2.0,2.0,2.0,2.0,0.0,0.0,
1984-02-08,2.0,2.0,2.0,2.0,0.0,0.0,
1984-02-09,1.96,1.96,1.96,1.96,0.0,1.0,
1984-02-10,1.96,1.96,1.96,1.96,0.0,0.0,
1984-02-13,2.0,2.0,2.0,2.0,0.0,1.0,
1984-02-14,2.0,2.0,2.0,2.0,0.0,0.0,
1984-02-15,2.0,2.0,2.0,2.0,0.0,0.0,
1984-02-16,1.98,1.98,1.98,1.98,0.0,1.0,
1984-02-17,2.0,2.0,2.0,2.0,0.0,1.0,
1984-02-20,2.0,2.0,2.0,2.0,0.0,0.0,
1984-02-21,1.98,1.98,1.98,1.98,0.0,1.0,
1984-02-22,1.98,1.98,1.98,1.98,0.0,0.0,
1984-02-23,1.98,1.98,1.98,1.98,0.0,0.0,
1984-02-24,1.98,1.98,1.98,1.98,0.0,0.0,
1984-02-27,1.98,1.98,1.98,1.98,0.0,0.0,
1984-02-28,1.96,1.96,1.96,1.96,0.0,1.0,
1984-02-29,1.96,1.96,1.96,1.96,0.0,0.0,
1984-03-01,1.98,1.98,1.98,1.98,0.0,1.0,
1984-03-02,1.98,1.98,1.98,1.98,0.0,0.0,
1984-03-05,1.98,1.98,1.98,1.98,0.0,0.0,
1984-03-06,1.98,1.98,1.98,1.98,0.0,0.0,
1984-03-07,2.0,2.0,2.0,2.0,0.0,1.0,
1984-03-08,2.0,2.0,2.0,2.0,0.0,0.0,
1984-03-09,2.0,2.0,2.0,2.0,0.0,0.0,
1984-03-12,2.0,2.0,2.0,2.0,0.0,0.0,
1984-03-13,2.06,2.06,2.06,2.06,0.0,1.0,
1984-03-14,2.1,2.1,2.1,2.1,0.0,1.0,
1984-03-15,2.08,2.08,2.08,2.08,0.0,1.0,
1984-03-16,2.1,2.1,2.1,2.1,0.0,1.0,
1984-03-19,2.1,2.1,2.1,2.1,0.0,0.0,
1984-03-20,2.1,2.1,2.1,2.1,0.0,0.0,
1984-03-21,2.1,2.1,2.1,2.1,0.0,0.0,
1984-03-22,2.1,2.1,2.1,2.1,0.0,0.0,
1984-03-23,2.08,2.08,2.08,2.08,0.0,1.0,
1984-03-26,2.06,2.06,2.06,2.06,0.0,1.0,
1984-03-27,2.06,2.06,2.06,2.06,0.0,0.0,
1984-03-28,2.06,2.06,2.06,2.06,0.0,0.0,
1984-03-29,2.1,2.1,2.1,2.1,0.0,1.0,
1984-03-30,2.1,2.1,2.1,2.1,0.0,0.0,
1984-04-02,2.1,2.1,2.1,2.1,0.0,0.0,
1984-04-03,2.08,2.08,2.08,2.08,0.0,1.0,
1984-04-04,2.08,2.08,2.08,2.08,0.0,0.0,
1984-04-05,2.1,2.1,2.1,2.1,0.0,1.0,
1984-04-06,2.1,2.1,2.1,2.1,0.0,0.0,
1984-04-09,2.1,2.1,2.1,2.1,0.0,0.0,
1984-04-10,2.1,2.1,2.1,2.1,0.0,0.0,
1984-04-11,2.08,2.08,2.08,2.08,0.0,1.0,
1984-04-12,2.08,2.08,2.08,2.08,0.0,0.0,
1984-04-13,2.08,2.08,2.08,2.08,0.0,0.0,
1984-04-16,2.08,2.08,2.08,2.08,0.0,0.0,
1984-04-17,2.06,2.06,2.06,2.06,0.0,1.0,
1984-04-18,2.06,2.06,2.06,2.06,0.0,0.0,
1984-04-19,2.08,2.08,2.08,2.08,0.0,1.0,
1984-04-20,2.08,2.08,2.08,2.08,0.0,0.0,
1984-04-23,2.08,2.08,2.08,2.08,0.0,0.0,
1984-04-24,2.04,2.04,2.04,2.04,0.0,1.0,
1984-04-25,2.06,2.06,2.06,2.06,0.0,1.0,
1984-04-26,2.06,2.06,2.06,2.06,0.0,0.0,
1984-04-27,2.06,2.06,2.06,2.06,0.0,0.0,
1984-04-30,2.06,2.06,2.06,2.06,0.0,0.0,
1984-05-01,2.06,2.06,2.06,2.06,0.0,0.0,
1984-05-02,2.08,2.08,2.08,2.08,0.0,1.0,
1984-05-03,2.08,2.08,2.08,2.08,0.0,0.0,
1984-05-04,2.1,2.1,2.1,2.1,0.0,1.0,
1984-05-07,2.1,2.1,2.1,2.1,0.0,0.0,
1984-05-08,2.1,2.1,2.1,2.1,0.0,0.0,
1984-05-09,2.08,2.08,2.08,2.08,0.0,1.0,
1984-05-10,2.06,2.06,2.06,2.06,0.0,1.0,
1984-05-11,2.06,2.06,2.06,2.06,0.0,0.0,
1984-05-14,2.06,2.06,2.06,2.06,0.0,0.0,
1984-05-15,2.06,2.06,2.06,2.06,0.0,0.0,
1984-05-16,2.04,2.04,2.04,2.04,0.0,1.0,
1984-05-17,2.04,2.04,2.04,2.04,0.0,0.0,
1984-05-18,2.02,2.02,2.02,2.02,0.0,1.0,
1984-05-21,2.02,2.02,2.02,2.02,0.0,0.0,
1984-05-22,2.02,2.02,2.02,2.02,0.0,0.0,
1984-05-23,2.02,2.02,2.02,2.02,0.0,0.0,
1984-05-24,2.02,2.02,2.02,2.02,0.0,0.0,
1984-05-25,1.96,1.96,1.96,1.96,0.0,1.0,
1984-05-28,1.96,1.96,1.96,1.96,0.0,0.0,
1984-05-29,1.94,1.94,1.94,1.94,0.0,1.0,
1984-05-30,1.94,1.94,1.94,1.94,0.0,0.0,
1984-05-31,1.82,1.82,1.82,1.82,0.0,1.0,
1984-06-01,1.8,1.8,1.8,1.8,0.0,1.0,
1984-06-04,1.8,1.8,1.8,1.8,0.0,0.0,
1984-06-05,1.82,1.82,1.82,1.82,0.0,1.0,
1984-06-06,1.82,1.82,1.82,1.82,0.0,0.0,
1984-06-07,1.8,1.8,1.8,1.8,0.0,1.0,
1984-06-08,1.8,1.8,1.8,1.8,0.0,0.0,
1984-06-11,1.8,1.8,1.8,1.8,0.0,0.0,
1984-06-12,1.8,1.8,1.8,1.8,0.0,0.0,
1984-06-13,1.78,1.78,1.78,1.78,0.0,1.0,
1984-06-14,1.78,1.78,1.78,1.78,0.0,0.0,
1984-06-15,1.74,1.74,1.74,1.74,0.0,1.0,
1984-06-18,1.74,1.74,1.74,1.74,0.0,0.0,
1984-06-19,1.78,1.78,1.78,1.78,0.0,1.0,
1984-06-20,1.78,1.78,1.78,1.78,0.0,0.0,
1984-06-21,1.78,1.78,1.78,1.78,0.0,0.0,
1984-06-22,1.76,1.76,1.76,1.76,0.0,1.0,
1984-06-25,1.76,1.76,1.76,1.76,0.0,0.0,
1984-06-26,1.76,1.76,1.76,1.76,0.0,0.0,
1984-06-27,1.74,1.74,1.74,1.74,0.0,1.0,
1984-06-28,1.74,1.74,1.74,1.74,0.0,0.0,
1984-06-29,1.7,1.7,1.7,1.7,0.0,1.0,
1984-07-02,1.74,1.74,1.74,1.74,0.0,1.0,
1984-07-03,1.74,1.74,1.74,1.74,0.0,0.0,
1984-07-04,1.74,1.74,1.74,1.74,0.0,0.0,
1984-07-05,1.7,1.7,1.7,1.7,0.0,1.0,
1984-07-06,1.7,1.7,1.7,1.7,0.0,0.0,
1984-07-09,1.7,1.7,1.7,1.7,0.0,0.0,
1984-07-10,1.68,1.68,1.68,1.68,0.0,1.0,
1984-07-11,1.68,1.68,1.68,1.68,0.0,0.0,
1984-07-12,1.62,1.62,1.62,1.62,0.0,1.0,
1984-07-13,1.62,1.62,1.62,1.62,0.0,0.0,
1984-07-16,1.52,1.52,1.52,1.52,0.0,1.0,
1984-07-17,1.5,1.5,1.5,1.5,0.0,1.0,
1984-07-18,1.5,1.5,1.5,1.5,0.0,0.0,
1984-07-19,1.48,1.48,1.48,1.48,0.0,1.0,
1984-07-20,1.5,1.5,1.5,1.5,0.0,1.0,
1984-07-23,1.48,1.48,1.48,1.48,0.0,1.0,
1984-07-24,1.46,1.46,1.46,1.46,0.0,1.0,
1984-07-25,1.44,1.44,1.44,1.44,0.0,1.0,
1984-07-26,1.44,1.44,1.44,1.44,0.0,0.0,
1984-07-27,1.44,1.44,1.44,1.44,0.0,0.0,
1984-07-30,1.42,1.42,1.42,1.42,0.0,1.0,
1984-07-31,1.4,1.4,1.4,1.4,0.0,1.0,
1984-08-01,1.4,1.4,1.4,1.4,0.0,0.0,
1984-08-02,1.4,1.4,1.4,1.4,0.0,0.0,
1984-08-03,1.42,1.42,1.42,1.42,0.0,1.0,
1984-08-06,1.46,1.46,1.46,1.46,0.0,1.0,
1984-08-07,1.44,1.44,1.44,1.44,0.0,1.0,
1984-08-08,1.5,1.5,1.5,1.5,0.0,1.0,
1984-08-09,1.52,1.52,1.52,1.52,0.0,1.0,
1984-08-10,1.52,1.52,1.52,1.52,0.0,0.0,
1984-08-13,1.52,1.52,1.52,1.52,0.0,0.0,
1984-08-14,1.52,1.52,1.52,1.52,0.0,0.0,
1984-08-15,1.52,1.52,1.52,1.52,0.0,0.0,
1984-08-16,1.5,1.5,1.5,1.5,0.0,1.0,
1984-08-17,1.5,1.5,1.5,1.5,0.0,0.0,
1984-08-20,1.48,1.48,1.48,1.48,0.0,1.0,
1984-08-21,1.48,1.48,1.48,1.48,0.0,0.0,
1984-08-22,1.48,1.48,1.48,1.48,0.0,0.0,
1984-08-23,1.48,1.48,1.48,1.48,0.0,0.0,
1984-08-24,1.48,1.48,1.48,1.48,0.0,0.0,
1984-08-27,1.48,1.48,1.48,1.48,0.0,0.0,
1984-08-28,1.48,1.48,1.48,1.48,0.0,0.0,
1984-08-29,1.46,1.46,1.46,1.46,0.0,1.0,
1984-08-30,1.5,1.5,1.5,1.5,0.0,1.0,
1984-08-31,1.5,1.5,1.5,1.5,0.0,0.0,
1984-09-03,1.52,1.52,1.52,1.52,0.0,1.0,
1984-09-04,1.52,1.52,1.52,1.52,0.0,0.0,
1984-09-05,1.5,1.5,1.5,1.5,0.0,1.0,
1984-09-06,1.48,1.48,1.48,1.48,0.0,1.0,
1984-09-07,1.48,1.48,1.48,1.48,0.0,0.0,
1984-09-10,1.48,1.48,1.48,1.48,0.0,0.0,
1984-09-11,1.46,1.46,1.46,1.46,0.0,1.0,
1984-09-12,1.46,1.46,1.46,1.46,0.0,0.0,
1984-09-13,1.46,1.46,1.46,1.46,0.0,0.0,
1984-09-14,1.48,1.48,1.48,1.48,0.0,1.0,
1984-09-17,1.48,1.48,1.48,1.48,0.0,0.0,
1984-09-18,1.5,1.5,1.5,1.5,0.0,1.0,
1984-09-19,1.52,1.52,1.52,1.52,0.0,1.0,
1984-09-20,1.5,1.5,1.5,1.5,0.0,1.0,
1984-09-21,1.5,1.5,1.5,1.5,0.0,0.0,
1984-09-24,1.5,1.5,1.5,1.5,0.0,0.0,
1984-09-25,1.52,1.52,1.52,1.52,0.0,1.0,
1984-09-26,1.52,1.52,1.52,1.52,0.0,0.0,
1984-09-27,1.52,1.52,1.52,1.52,0.0,0.0,
1984-09-28,1.52,1.52,1.52,1.52,0.0,0.0,
1984-10-01,1.52,1.52,1.52,1.52,0.0,0.0,
1984-10-02,1.52,1.52,1.52,1.52,0.0,0.0,
1984-10-03,1.5,1.5,1.5,1.5,0.0,1.0,
1984-10-04,1.5,1.5,1.5,1.5,0.0,0.0,
1984-10-05,1.52,1.52,1.52,1.52,0.0,1.0,
1984-10-08,1.54,1.54,1.54,1.54,0.0,1.0,
1984-10-09,1.54,1.54,1.54,1.54,0.0,0.0,
1984-10-10,1.54,1.54,1.54,1.54,0.0,0.0,
1984-10-11,1.56,1.56,1.56,1.56,0.0,1.0,
1984-10-12,1.58,1.58,1.58,1.58,0.0,1.0,
1984-10-15,1.58,1.58,1.58,1.58,0.0,0.0,
1984-10-16,1.56,1.56,1.56,1.56,0.0,1.0,
1984-10-17,1.56,1.56,1.56,1.56,0.0,0.0,
1984-10-18,1.56,1.56,1.56,1.56,0.0,0.0,
1984-10-19,1.56,1.56,1.56,1.56,0.0,0.0,
1984-10-22,1.56,1.56,1.56,1.56,0.0,0.0,
1984-10-23,1.56,1.56,1.56,1.56,0.0,0.0,
1984-10-24,1.56,1.56,1.56,1.56,0.0,0.0,
1984-10-25,1.56,1.56,1.56,1.56,0.0,0.0,
1984-10-26,1.58,1.58,1.58,1.58,0.0,1.0,
1984-10-29,1.62,1.62,1.62,1.62,0.0,1.0,
1984-10-30,1.64,1.64,1.64,1.64,0.0,1.0,
1984-10-31,1.7,1.7,1.7,1.7,0.0,1.0,
1984-11-01,1.7,1.7,1.7,1.7,0.0,0.0,
1984-11-02,1.72,1.72,1.72,1.72,0.0,1.0,
1984-11-05,1.82,1.82,1.82,1.82,0.0,1.0,
1984-11-06,1.82,1.82,1.82,1.82,0.0,0.0,
1984-11-07,1.84,1.84,1.84,1.84,0.0,1.0,
1984-11-08,1.84,1.84,1.84,1.84,0.0,0.0,
1984-11-09,1.84,1.84,1.84,1.84,0.0,0.0,
1984-11-12,1.84,1.84,1.84,1.84,0.0,0.0,
1984-11-13,1.84,1.84,1.84,1.84,0.0,0.0,
1984-11-14,1.66,1.66,1.66,1.66,0.0,1.0,
1984-11-15,1.6,1.6,1.6,1.6,0.0,1.0,
1984-11-16,1.6,1.6,1.6,1.6,0.0,0.0,
1984-11-19,1.58,1.58,1.58,1.58,0.0,1.0,
1984-11-20,1.52,1.52,1.52,1.52,0.0,1.0,
1984-11-21,1.54,1.54,1.54,1.54,0.0,1.0,
1984-11-22,1.54,1.54,1.54,1.54,0.0,0.0,
1984-11-23,1.54,1.54,1.54,1.54,0.0,0.0,
1984-11-26,1.54,1.54,1.54,1.54,0.0,0.0,
1984-11-27,1.54,1.54,1.54,1.54,0.0,0.0,
1984-11-28,1.54,1.54,1.54,1.54,0.0,0.0,
1984-11-29,1.54,1.54,1.54,1.54,0.0,0.0,
1984-11-30,1.54,1.54,1.54,1.54,0.0,0.0,
1984-12-03,1.54,1.54,1.54,1.54,0.0,0.0,
1984-12-04,1.54,1.54,1.54,1.54,0.0,0.0,
1984-12-05,1.54,1.54,1.54,1.54,0.0,0.0,
1984-12-06,1.54,1.54,1.54,1.54,0.0,0.0,
1984-12-07,1.5,1.5,1.5,1.5,0.0,1.0,
1984-12-10,1.5,1.5,1.5,1.5,0.0,0.0,
1984-12-11,1.5,1.5,1.5,1.5,0.0,0.0,
1984-12-12,1.48,1.48,1.48,1.48,0.0,1.0,
1984-12-13,1.48,1.48,1.48,1.48,0.0,0.0,
1984-12-14,1.5,1.5,1.5,1.5,0.0,1.0,
1984-12-17,1.5,1.5,1.5,1.5,0.0,0.0,
1984-12-18,1.5,1.5,1.5,1.5,0.0,0.0,
1984-12-19,1.5,1.5,1.5,1.5,0.0,0.0,
1984-12-20,1.5,1.5,1.5,1.5,0.0,0.0,
1984-12-21,1.5,1.5,1.5,1.5,0.0,0.0,
1984-12-24,1.5,1.5,1.5,1.5,0.0,0.0,
1984-12-25,1.5,1.5,1.5,1.5,0.0,0.0,
1984-12-26,1.5,1.5,1.5,1.5,0.0,0.0,
1984-12-27,1.5,1.5,1.5,1.5,0.0,0.0,
1984-12-28,1.5,1.5,1.5,1.5,0.0,0.0,
1984-12-31,1.5,1.5,1.5,1.5,0.0,0.0,
1985-01-01,1.5,1.5,1.5,1.5,0.0,0.0,
1985-01-02,1.46,1.46,1.46,1.46,0.0,1.0,
1985-01-03,1.42,1.42,1.42,1.42,0.0,1.0,
1985-01-04,1.42,1.42,1.42,1.42,0.0,0.0,
1985-01-07,1.4,1.4,1.4,1.4,0.0,1.0,
1985-01-08,1.4,1.4,1.4,1.4,0.0,0.0,
1985-01-09,1.42,1.42,1.42,1.42,0.0,1.0,
1985-01-10,1.46,1.46,1.46,1.46,0.0,1.0,
1985-01-11,1.42,1.42,1.42,1.42,0.0,1.0,
1985-01-14,1.42,1.42,1.42,1.42,0.0,0.0,
1985-01-15,1.42,1.42,1.42,1.42,0.0,0.0,
1985-01-16,1.46,1.46,1.46,1.46,0.0,1.0,
1985-01-17,1.48,1.48,1.48,1.48,0.0,1.0,
1985-01-18,1.48,1.48,1.48,1.48,0.0,0.0,
1985-01-21,1.5,1.5,1.5,1.5,0.0,1.0,
1985-01-22,1.52,1.52,1.52,1.52,0.0,1.0,
1985-01-23,1.48,1.48,1.48,1.48,0.0,1.0,
1985-01-24,1.46,1.46,1.46,1.46,0.0,1.0,
1985-01-25,1.48,1.48,1.48,1.48,0.0,1.0,
1985-01-28,1.44,1.44,1.44,1.44,0.0,1.0,
1985-01-29,1.46,1.46,1.46,1.46,0.0,1.0,
1985-01-30,1.5,1.5,1.5,1.5,0.0,1.0,
1985-01-31,1.52,1.52,1.52,1.52,0.0,1.0,
1985-02-01,1.52,1.52,1.52,1.52,0.0,0.0,
1985-02-04,1.5,1.5,1.5,1.5,0.0,1.0,
1985-02-05,1.5,1.5,1.5,1.5,0.0,0.0,
1985-02-06,1.5,1.5,1.5,1.5,0.0,0.0,
1985-02-07,1.5,1.5,1.5,1.5,0.0,0.0,
1985-02-08,1.52,1.52,1.52,1.52,0.0,1.0,
1985-02-11,1.48,1.48,1.48,1.48,0.0,1.0,
1985-02-12,1.48,1.48,1.48,1.48,0.0,0.0,
1985-02-13,1.5,1.5,1.5,1.5,0.0,1.0,
1985-02-14,1.52,1.52,1.52,1.52,0.0,1.0,
1985-02-15,1.52,1.52,1.52,1.52,0.0,0.0,
1985-02-18,1.5,1.5,1.5,1.5,0.0,1.0,
1985-02-19,1.46,1.46,1.46,1.46,0.0,1.0,
1985-02-20,1.48,1.48,1.48,1.48,0.0,1.0,
1985-02-21,1.46,1.46,1.46,1.46,0.0,1.0,
1985-02-22,1.46,1.46,1.46,1.46,0.0,0.0,
1985-02-25,1.48,1.48,1.48,1.48,0.0,1.0,
1985-02-26,1.48,1.48,1.48,1.48,0.0,0.0,
1985-02-27,1.48,1.48,1.48,1.48,0.0,0.0,
1985-02-28,1.48,1.48,1.48,1.48,0.0,0.0,
1985-03-01,1.46,1.46,1.46,1.46,0.0,1.0,
1985-03-04,1.46,1.46,1.46,1.46,0.0,0.0,
1985-03-05,1.44,1.44,1.44,1.44,0.0,1.0,
1985-03-06,1.42,1.42,1.42,1.42,0.0,1.0,
1985-03-07,1.4,1.4,1.4,1.4,0.0,1.0,
1985-03-08,1.4,1.4,1.4,1.4,0.0,0.0,
1985-03-11,1.42,1.42,1.42,1.42,0.0,1.0,
1985-03-12,1.44,1.44,1.44,1.44,0.0,1.0,
1985-03-13,1.44,1.44,1.44,1.44,0.0,0.0,
1985-03-14,1.42,1.42,1.42,1.42,0.0,1.0,
1985-03-15,1.4,1.4,1.4,1.4,0.0,1.0,
1985-03-18,1.4,1.4,1.4,1.4,0.0,0.0,
1985-03-19,1.4,1.4,1.4,1.4,0.0,0.0,
1985-03-20,1.36,1.36,1.36,1.36,0.0,1.0,
1985-03-21,1.26,1.26,1.26,1.26,0.0,1.0,
1985-03-22,1.26,1.26,1.26,1.26,0.0,0.0,
1985-03-25,1.24,1.24,1.24,1.24,0.0,1.0,
1985-03-26,1.2,1.2,1.2,1.2,0.0,1.0,
1985-03-27,1.18,1.18,1.18,1.18,0.0,1.0,
1985-03-28,1.16,1.16,1.16,1.16,0.0,1.0,
1985-03-29,1.14,1.14,1.14,1.14,0.0,1.0,
1985-04-01,1.14,1.14,1.14,1.14,0.0,0.0,
1985-04-02,1.14,1.14,1.14,1.14,0.0,0.0,
1985-04-03,1.12,1.12,1.12,1.12,0.0,1.0,
1985-04-04,1.12,1.12,1.12,1.12,0.0,0.0,
1985-04-05,1.12,1.12,1.12,1.12,0.0,0.0,
1985-04-08,1.12,1.12,1.12,1.12,0.0,0.0,
1985-04-09,1.1,1.1,1.1,1.1,0.0,1.0,
1985-04-10,1.1,1.1,1.1,1.1,0.0,0.0,
1985-04-11,1.1,1.1,1.1,1.1,0.0,0.0,
1985-04-12,1.12,1.12,1.12,1.12,0.0,1.0,
1985-04-15,1.12,1.12,1.12,1.12,0.0,0.0,
1985-04-16,1.14,1.14,1.14,1.14,0.0,1.0,
1985-04-17,1.14,1.14,1.14,1.14,0.0,0.0,
1985-04-18,1.14,1.14,1.14,1.14,0.0,0.0,
1985-04-19,1.14,1.14,1.14,1.14,0.0,0.0,
1985-04-22,1.22,1.22,1.22,1.22,0.0,1.0,
1985-04-23,1.22,1.22,1.22,1.22,0.0,0.0,
1985-04-24,1.2,1.2,1.2,1.2,0.0,1.0,
1985-04-25,1.2,1.2,1.2,1.2,0.0,0.0,
1985-04-26,1.2,1.2,1.2,1.2,0.0,0.0,
1985-04-29,1.16,1.16,1.16,1.16,0.0,1.0,
1985-04-30,1.18,1.18,1.18,1.18,0.0,1.0,
1985-05-01,1.18,1.18,1.18,1.18,0.0,0.0,
1985-05-02,1.18,1.18,1.18,1.18,0.0,0.0,
1985-05-03,1.16,1.16,1.16,1.16,0.0,1.0,
1985-05-06,1.16,1.16,1.16,1.16,0.0,0.0,
1985-05-07,1.16,1.16,1.16,1.16,0.0,0.0,
1985-05-08,1.16,1.16,1.16,1.16,0.0,0.0,
1985-05-09,1.14,1.14,1.14,1.14,0.0,1.0,
1985-05-10,1.14,1.14,1.14,1.14,0.0,0.0,
1985-05-13,1.14,1.14,1.14,1.14,0.0,0.0,
1985-05-14,1.1,1.1,1.1,1.1,0.0,1.0,
1985-05-15,1.1,1.1,1.1,1.1,0.0,0.0,
1985-05-16,1.1,1.1,1.1,1.1,0.0,0.0,
1985-05-17,1.1,1.1,1.1,1.1,0.0,0.0,
1985-05-20,1.12,1.12,1.12,1.12,0.0,1.0,
1985-05-21,1.12,1.12,1.12,1.12,0.0,0.0,
1985-05-22,1.12,1.12,1.12,1.12,0.0,0.0,
1985-05-23,1.12,1.12,1.12,1.12,0.0,0.0,
1985-05-24,1.1,1.1,1.1,1.1,0.0,1.0,
1985-05-27,1.1,1.1,1.1,1.1,0.0,0.0,
1985-05-28,1.08,1.08,1.08,1.08,0.0,1.0,
1985-05-29,1.06,1.06,1.06,1.06,0.0,1.0,
1985-05-30,1.08,1.08,1.08,1.08,0.0,1.0,
1985-05-31,1.08,1.08,1.08,1.08,0.0,0.0,
1985-06-03,1.08,1.08,1.08,1.08,0.0,0.0,
1985-06-04,1.08,1.08,1.08,1.08,0.0,0.0,
1985-06-05,1.08,1.08,1.08,1.08,0.0,0.0,
1985-06-06,1.08,1.08,1.08,1.08,0.0,0.0,
1985-06-07,1.06,1.06,1.06,1.06,0.0,1.0,
1985-06-10,1.06,1.06,1.06,1.06,0.0,0.0,
1985-06-11,1.0,1.0,1.0,1.0,0.0,1.0,
1985-06-12,1.0,1.0,1.0,1.0,0.0,0.0,
1985-06-13,1.0,1.0,1.0,1.0,0.0,0.0,
1985-06-14,0.96,0.96,0.96,0.96,0.0,1.0,
1985-06-17,0.94,0.94,0.94,0.94,0.0,1.0,
1985-06-18,0.94,0.94,0.94,0.94,0.0,0.0,
1985-06-19,0.94,0.94,0.94,0.94,0.0,0.0,
1985-06-20,0.94,0.94,0.94,0.94,0.0,0.0,
1985-06-21,0.94,0.94,0.94,0.94,0.0,0.0,
1985-06-24,0.96,0.96,0.96,0.96,0.0,1.0,
1985-06-25,0.96,0.96,0.96,0.96,0.0,0.0,
1985-06-26,0.94,0.94,0.94,0.94,0.0,1.0,
1985-06-27,0.9,0.9,0.9,0.9,0.0,1.0,
1985-06-28,0.9,0.9,0.9,0.9,0.0,0.0,
1985-07-01,0.88,0.88,0.88,0.88,0.0,1.0,
1985-07-02,0.88,0.88,0.88,0.88,0.0,0.0,
1985-07-03,0.87,0.87,0.87,0.87,0.0,1.0,
1985-07-04,0.86,0.86,0.86,0.86,0.0,1.0,
1985-07-05,0.86,0.86,0.86,0.86,0.0,0.0,
1985-07-08,0.86,0.86,0.86,0.86,0.0,0.0,
1985-07-09,0.9,0.9,0.9,0.9,0.0,1.0,
1985-07-10,0.9,0.9,0.9,0.9,0.0,0.0,
1985-07-11,0.9,0.9,0.9,0.9,0.0,0.0,
1985-07-12,0.9,0.9,0.9,0.9,0.0,0.0,
1985-07-15,0.88,0.88,0.88,0.88,0.0,1.0,
1985-07-16,0.88,0.88,0.88,0.88,0.0,0.0,
1985-07-17,0.9,0.9,0.9,0.9,0.0,1.0,
1985-07-18,0.64,0.64,0.64,0.64,0.0,1.0,
1985-07-19,0.6,0.6,0.6,0.6,0.0,1.0,
1985-07-22,0.6,0.6,0.6,0.6,0.0,0.0,
1985-07-23,0.6,0.6,0.6,0.6,0.0,0.0,
1985-07-24,0.6,0.6,0.6,0.6,0.0,0.0,
1985-07-25,0.6,0.6,0.6,0.6,0.0,0.0,
1985-07-26,0.6,0.6,0.6,0.6,0.0,0.0,
1985-07-29,0.64,0.64,0.64,0.64,0.0,1.0,
1985-07-30,0.64,0.64,0.64,0.64,0.0,0.0,
1985-07-31,0.64,0.64,0.64,0.64,0.0,0.0,
1985-08-01,0.66,0.66,0.66,0.66,0.0,1.0,
1985-08-02,0.66,0.66,0.66,0.66,0.0,0.0,
1985-08-05,0.66,0.66,0.66,0.66,0.0,0.0,
1985-08-06,0.68,0.68,0.68,0.68,0.0,1.0,
1985-08-07,0.7,0.7,0.7,0.7,0.0,1.0,
1985-08-08,0.72,0.72,0.72,0.72,0.0,1.0,
1985-08-09,0.8,0.8,0.8,0.8,0.0,1.0,
1985-08-12,0.9,0.9,0.9,0.9,0.0,1.0,
1985-08-13,0.88,0.88,0.88,0.88,0.0,1.0,
1985-08-14,0.84,0.84,0.84,0.84,0.0,1.0,
1985-08-15,0.86,0.86,0.86,0.86,0.0,1.0,
1985-08-16,0.88,0.88,0.88,0.88,0.0,1.0,
1985-08-19,0.9,0.9,0.9,0.9,0.0,1.0,
1985-08-20,0.9,0.9,0.9,0.9,0.0,0.0,
1985-08-21,0.9,0.9,0.9,0.9,0.0,0.0,
1985-08-22,0.9,0.9,0.9,0.9,0.0,0.0,
1985-08-23,0.92,0.92,0.92,0.92,0.0,1.0,
1985-08-26,0.92,0.92,0.92,0.92,0.0,0.0,
1985-08-27,0.92,0.92,0.92,0.92,0.0,0.0,
1985-08-28,0.92,0.92,0.92,0.92,0.0,0.0,
1985-08-29,0.92,0.92,0.92,0.92,0.0,0.0,
1985-08-30,0.9,0.9,0.9,0.9,0.0,1.0,
1985-09-02,0.88,0.88,0.88,0.88,0.0,1.0,
1985-09-03,0.88,0.88,0.88,0.88,0.0,0.0,
1985-09-04,0.86,0.86,0.86,0.86,0.0,1.0,
1985-09-05,0.86,0.86,0.86,0.86,0.0,0.0,
1985-09-06,0.84,0.84,0.84,0.84,0.0,1.0,
1985-09-09,0.84,0.84,0.84,0.84,0.0,0.0,
1985-09-10,0.84,0.84,0.84,0.84,0.0,0.0,
1985-09-11,0.82,0.82,0.82,0.82,0.0,1.0,
1985-09-12,0.8,0.8,0.8,0.8,0.0,1.0,
1985-09-13,0.8,0.8,0.8,0.8,0.0,0.0,
1985-09-16,0.78,0.78,0.78,0.78,0.0,1.0,
1985-09-17,0.78,0.78,0.78,0.78,0.0,0.0,
1985-09-18,0.78,0.78,0.78,0.78,0.0,0.0,
1985-09-19,0.78,0.78,0.78,0.78,0.0,0.0,
1985-09-20,0.78,0.78,0.78,0.78,0.0,0.0,
1985-09-23,0.8,0.8,0.8,0.8,0.0,1.0,
1985-09-24,0.76,0.76,0.76,0.76,0.0,1.0,
1985-09-25,0.72,0.72,0.72,0.72,0.0,1.0,
1985-09-26,0.74,0.74,0.74,0.74,0.0,1.0,
1985-09-27,0.72,0.72,0.72,0.72,0.0,1.0,
1985-09-30,0.72,0.72,0.72,0.72,0.0,0.0,
1985-10-01,0.74,0.74,0.74,0.74,0.0,1.0,
1985-10-02,0.74,0.74,0.74,0.74,0.0,0.0,
1985-10-03,0.66,0.66,0.66,0.66,0.0,1.0,
1985-10-04,0.68,0.68,0.68,0.68,0.0,1.0,
1985-10-07,0.66,0.66,0.66,0.66,0.0,1.0,
1985-10-08,0.66,0.66,0.66,0.66,0.0,0.0,
1985-10-09,0.66,0.66,0.66,0.66,0.0,0.0,
1985-10-10,0.66,0.66,0.66,0.66,0.0,0.0,
1985-10-11,0.66,0.66,0.66,0.66,0.0,0.0,
1985-10-14,0.66,0.66,0.66,0.66,0.0,0.0,
1985-10-15,0.66,0.66,0.66,0.66,0.0,0.0,
1985-10-16,0.66,0.66,0.66,0.66,0.0,0.0,
1985-10-17,0.66,0.66,0.66,0.66,0.0,0.0,
1985-10-18,0.66,0.66,0.66,0.66,0.0,0.0,
1985-10-21,0.66,0.66,0.66,0.66,0.0,0.0,
1985-10-22,0.66,0.66,0.66,0.66,0.0,0.0,
1985-10-23,0.66,0.66,0.66,0.66,0.0,0.0,
1985-10-24,0.66,0.66,0.66,0.66,0.0,0.0,
1985-10-25,0.66,0.66,0.66,0.66,0.0,0.0,
1985-10-28,0.66,0.66,0.66,0.66,0.0,0.0,
1985-10-29,0.7,0.7,0.7,0.7,0.0,1.0,
1985-10-30,0.72,0.72,0.72,0.72,0.0,1.0,
1985-10-31,0.76,0.76,0.76,0.76,0.0,1.0,
1985-11-01,0.78,0.78,0.78,0.78,0.0,1.0,
1985-11-04,0.76,0.76,0.76,0.76,0.0,1.0,
1985-11-05,0.74,0.74,0.74,0.74,0.0,1.0,
1985-11-06,0.68,0.68,0.68,0.68,0.0,1.0,
1985-11-07,0.68,0.68,0.68,0.68,0.0,0.0,
1985-11-08,0.68,0.68,0.68,0.68,0.0,0.0,
1985-11-11,0.66,0.66,0.66,0.66,0.0,1.0,
1985-11-12,0.68,0.68,0.68,0.68,0.0,1.0,
1985-11-13,0.68,0.68,0.68,0.68,0.0,0.0,
1985-11-14,0.68,0.68,0.68,0.68,0.0,0.0,
1985-11-15,0.66,0.66,0.66,0.66,0.0,1.0,
1985-11-18,0.62,0.62,0.62,0.62,0.0,1.0,
1985-11-19,0.6,0.6,0.6,0.6,0.0,1.0,
1985-11-20,0.6,0.6,0.6,0.6,0.0,0.0,
1985-11-21,0.6,0.6,0.6,0.6,0.0,0.0,
1985-11-22,0.62,0.62,0.62,0.62,0.0,1.0,
1985-11-25,0.7,0.7,0.7,0.7,0.0,1.0,
1985-11-26,0.68,0.68,0.68,0.68,0.0,1.0,
1985-11-27,0.68,0.68,0.68,0.68,0.0,0.0,
1985-11-28,0.68,0.68,0.68,0.68,0.0,0.0,
1985-11-29,0.68,0.68,0.68,0.68,0.0,0.0,
1985-12-02,0.66,0.66,0.66,0.66,0.0,1.0,
1985-12-03,0.68,0.68,0.68,0.68,0.0,1.0,
1985-12-04,0.68,0.68,0.68,0.68,0.0,0.0,
1985-12-05,0.66,0.66,0.66,0.66,0.0,1.0,
1985-12-06,0.66,0.66,0.66,0.66,0.0,0.0,
1985-12-09,0.66,0.66,0.66,0.66,0.0,0.0,
1985-12-10,0.66,0.66,0.66,0.66,0.0,0.0,
1985-12-11,0.65,0.65,0.65,0.65,0.0,1.0,
1985-12-12,0.65,0.65,0.65,0.65,0.0,0.0,
1985-12-13,0.68,0.68,0.68,0.68,0.0,1.0,
1985-12-16,0.68,0.68,0.68,0.68,0.0,0.0,
1985-12-17,0.68,0.68,0.68,0.68,0.0,0.0,
1985-12-18,0.68,0.68,0.68,0.68,0.0,0.0,
1985-12-19,0.68,0.68,0.68,0.68,0.0,0.0,
1985-12-20,0.7,0.7,0.7,0.7,0.0,1.0,
1985-12-23,0.72,0.72,0.72,0.72,0.0,1.0,
1985-12-24,0.72,0.72,0.72,0.72,0.0,0.0,
1985-12-25,0.72,0.72,0.72,0.72,0.0,0.0,
1985-12-26,0.72,0.72,0.72,0.72,0.0,0.0,
1985-12-27,0.74,0.74,0.74,0.74,0.0,1.0,
1985-12-30,0.74,0.74,0.74,0.74,0.0,0.0,
1985-12-31,0.72,0.72,0.72,0.72,0.0,1.0,
1986-01-02,70.0,70.0,70.0,70.0,0.0,1.0,
1986-01-03,70.0,70.0,70.0,70.0,0.0,0.0,
1986-01-06,68.0,68.0,68.0,68.0,0.0,1.0,
1986-01-07,66.0,66.0,66.0,66.0,0.0,1.0,
1986-01-08,64.0,64.0,64.0,64.0,0.0,1.0,
1986-01-09,64.0,64.0,64.0,64.0,0.0,0.0,
1986-01-10,64.0,64.0,64.0,64.0,0.0,0.0,
1986-01-13,64.0,64.0,64.0,64.0,0.0,0.0,
1986-01-14,62.0,62.0,62.0,62.0,0.0,1.0,
1986-01-15,64.0,64.0,64.0,64.0,0.0,1.0,
1986-01-16,66.0,66.0,66.0,66.0,0.0,1.0,
1986-01-17,68.0,68.0,68.0,68.0,0.0,1.0,
1986-01-20,68.0,68.0,68.0,68.0,0.0,0.0,
1986-01-21,68.0,68.0,68.0,68.0,0.0,0.0,
1986-01-22,68.0,68.0,68.0,68.0,0.0,0.0,
1986-01-23,66.0,66.0,66.0,66.0,0.0,1.0,
1986-01-24,66.0,66.0,66.0,66.0,0.0,0.0,
1986-01-27,66.0,66.0,66.0,66.0,0.0,0.0,
1986-01-28,66.0,66.0,66.0,66.0,0.0,0.0,
1986-01-29,66.0,66.0,66.0,66.0,0.0,0.0,
1986-01-30,64.0,64.0,64.0,64.0,0.0,1.0,
1986-01-31,64.0,64.0,64.0,64.0,0.0,0.0,
1986-02-03,64.0,64.0,64.0,64.0,0.0,0.0,
1986-02-04,64.0,64.0,64.0,64.0,0.0,0.0,
1986-02-05,64.0,64.0,64.0,64.0,0.0,0.0,
1986-02-06,64.0,64.0,64.0,64.0,0.0,0.0,
1986-02-07,66.0,66.0,66.0,66.0,0.0,1.0,
1986-02-10,66.0,66.0,66.0,66.0,0.0,0.0,
1986-02-11,66.0,66.0,66.0,66.0,0.0,0.0,
1986-02-12,66.0,66.0,66.0,66.0,0.0,0.0,
1986-02-13,68.0,68.0,68.0,68.0,0.0,1.0,
1986-02-14,70.0,70.0,70.0,70.0,0.0,1.0,
1986-02-17,70.0,70.0,70.0,70.0,0.0,0.0,
1986-02-18,70.0,70.0,70.0,70.0,0.0,0.0,
1986-02-19,74.0,74.0,74.0,74.0,0.0,1.0,
1986-02-20,70.0,70.0,70.0,70.0,0.0,1.0,
1986-02-21,70.0,70.0,70.0,70.0,0.0,0.0,
1986-02-24,72.0,72.0,72.0,72.0,0.0,1.0,
1986-02-25,72.0,72.0,72.0,72.0,0.0,0.0,
1986-02-26,70.0,70.0,70.0,70.0,0.0,1.0,
1986-02-27,70.0,70.0,70.0,70.0,0.0,0.0,
1986-02-28,68.0,68.0,68.0,68.0,0.0,1.0,
1986-03-03,64.0,64.0,64.0,64.0,0.0,1.0,
1986-03-04,66.0,66.0,66.0,66.0,0.0,1.0,
1986-03-05,66.0,66.0,66.0,66.0,0.0,0.0,
1986-03-06,64.0,64.0,64.0,64.0,0.0,1.0,
1986-03-07,64.0,64.0,64.0,64.0,0.0,0.0,
1986-03-10,66.0,66.0,66.0,66.0,0.0,1.0,
1986-03-11,70.0,70.0,70.0,70.0,0.0,1.0,
1986-03-12,68.0,68.0,68.0,68.0,0.0,1.0,
1986-03-13,68.0,68.0,68.0,68.0,0.0,0.0,
1986-03-14,70.0,70.0,70.0,70.0,0.0,1.0,
1986-03-17,64.0,64.0,64.0,64.0,0.0,1.0,
1986-03-18,64.0,64.0,64.0,64.0,0.0,0.0,
1986-03-19,62.0,62.0,62.0,62.0,0.0,1.0,
1986-03-20,60.0,60.0,60.0,60.0,0.0,1.0,
1986-03-21,60.0,60.0,60.0,60.0,0.0,0.0,
1986-03-24,58.0,58.0,58.0,58.0,0.0,1.0,
1986-03-25,54.0,54.0,54.0,54.0,0.0,1.0,
1986-03-26,56.0,56.0,56.0,56.0,0.0,1.0,
1986-03-27,56.0,56.0,56.0,56.0,0.0,0.0,
1986-04-01,58.0,58.0,58.0,58.0,0.0,1.0,
1986-04-02,60.0,60.0,60.0,60.0,0.0,1.0,
1986-04-03,64.0,64.0,64.0,64.0,0.0,1.0,
1986-04-04,66.0,66.0,66.0,66.0,0.0,1.0,
1986-04-07,68.0,68.0,68.0,68.0,0.0,1.0,
1986-04-08,72.0,72.0,72.0,72.0,0.0,1.0,
1986-04-09,72.0,72.0,72.0,72.0,0.0,0.0,
1986-04-10,78.0,78.0,78.0,78.0,0.0,1.0,
1986-04-11,76.0,76.0,76.0,76.0,0.0,1.0,
1986-04-14,78.0,78.0,78.0,78.0,0.0,1.0,
1986-04-15,72.0,72.0,72.0,72.0,0.0,1.0,
1986-04-16,72.0,72.0,72.0,72.0,0.0,0.0,
1986-04-17,72.0,72.0,72.0,72.0,0.0,0.0,
1986-04-18,74.0,74.0,74.0,74.0,0.0,1.0,
1986-04-21,72.0,72.0,72.0,72.0,0.0,1.0,
1986-04-22,72.0,72.0,72.0,72.0,0.0,0.0,
1986-04-23,70.0,70.0,70.0,70.0,0.0,1.0,
1986-04-24,70.0,70.0,70.0,70.0,0.0,0.0,
1986-04-25,68.0,68.0,68.0,68.0,0.0,1.0,
1986-04-28,64.0,64.0,64.0,64.0,0.0,1.0,
1986-04-29,66.0,66.0,66.0,66.0,0.0,1.0,
1986-04-30,64.0,64.0,64.0,64.0,0.0,1.0,
1986-05-01,64.0,64.0,64.0,64.0,0.0,0.0,
1986-05-02,64.0,64.0,64.0,64.0,0.0,0.0,
1986-05-05,64.0,64.0,64.0,64.0,0.0,0.0,
1986-05-06,62.0,62.0,62.0,62.0,0.0,1.0,
1986-05-07,62.0,62.0,62.0,62.0,0.0,0.0,
1986-05-08,58.0,58.0,58.0,58.0,0.0,1.0,
1986-05-09,60.0,60.0,60.0,60.0,0.0,1.0,
1986-05-12,62.0,62.0,62.0,62.0,0.0,1.0,
1986-05-13,64.0,64.0,64.0,64.0,0.0,1.0,
1986-05-14,62.0,62.0,62.0,62.0,0.0,1.0,
1986-05-15,62.0,62.0,62.0,62.0,0.0,0.0,
1986-05-16,62.0,62.0,62.0,62.0,0.0,0.0,
1986-05-19,64.0,64.0,64.0,64.0,0.0,1.0,
1986-05-20,64.0,64.0,64.0,64.0,0.0,0.0,
1986-05-21,66.0,66.0,66.0,66.0,0.0,1.0,
1986-05-22,70.0,70.0,70.0,70.0,0.0,1.0,
1986-05-23,68.0,68.0,68.0,68.0,0.0,1.0,
1986-05-26,68.0,68.0,68.0,68.0,0.0,0.0,
1986-05-27,66.0,66.0,66.0,66.0,0.0,1.0,
1986-05-28,66.0,66.0,66.0,66.0,0.0,0.0,
1986-05-29,64.0,64.0,64.0,64.0,0.0,1.0,
1986-05-30,62.0,62.0,62.0,62.0,0.0,1.0,
1986-06-02,62.0,62.0,62.0,62.0,0.0,0.0,
1986-06-03,62.0,62.0,62.0,62.0,0.0,0.0,
1986-06-04,62.0,62.0,62.0,62.0,0.0,0.0,
1986-06-05,64.0,64.0,64.0,64.0,0.0,1.0,
1986-06-06,64.0,64.0,64.0,64.0,0.0,0.0,
1986-06-09,64.0,64.0,64.0,64.0,0.0,0.0,
1986-06-10,60.0,60.0,60.0,60.0,0.0,1.0,
1986-06-11,60.0,60.0,60.0,60.0,0.0,0.0,
1986-06-12,60.0,60.0,60.0,60.0,0.0,0.0,
1986-06-13,60.0,60.0,60.0,60.0,0.0,0.0,
1986-06-16,62.0,62.0,62.0,62.0,0.0,1.0,
1986-06-17,64.0,64.0,64.0,64.0,0.0,1.0,
1986-06-18,64.0,64.0,64.0,64.0,0.0,0.0,
1986-06-19,66.0,66.0,66.0,66.0,0.0,1.0,
1986-06-20,64.0,64.0,64.0,64.0,0.0,1.0,
1986-06-23,64.0,64.0,64.0,64.0,0.0,0.0,
1986-06-24,62.0,62.0,62.0,62.0,0.0,1.0,
1986-06-25,62.0,62.0,62.0,62.0,0.0,0.0,
1986-06-26,68.0,68.0,68.0,68.0,0.0,1.0,
1986-06-27,68.0,68.0,68.0,68.0,0.0,0.0,
1986-06-30,66.0,66.0,66.0,66.0,0.0,1.0,
1986-07-01,76.0,76.0,76.0,76.0,0.0,1.0,
1986-07-02,76.0,76.0,76.0,76.0,0.0,0.0,
1986-07-03,70.0,70.0,70.0,70.0,0.0,1.0,
1986-07-04,74.0,74.0,74.0,74.0,0.0,1.0,
1986-07-07,70.0,70.0,70.0,70.0,0.0,1.0,
1986-07-08,68.0,68.0,68.0,68.0,0.0,1.0,
1986-07-09,68.0,68.0,68.0,68.0,0.0,0.0,
1986-07-10,70.0,70.0,70.0,70.0,0.0,1.0,
1986-07-11,78.0,78.0,78.0,78.0,0.0,1.0,
1986-07-14,76.0,76.0,76.0,76.0,0.0,1.0,
1986-07-15,74.0,74.0,74.0,74.0,0.0,1.0,
1986-07-16,74.0,74.0,74.0,74.0,0.0,0.0,
1986-07-17,74.0,74.0,74.0,74.0,0.0,0.0,
1986-07-18,72.0,72.0,72.0,72.0,0.0,1.0,
1986-07-21,70.0,70.0,70.0,70.0,0.0,1.0,
1986-07-22,72.0,72.0,72.0,72.0,0.0,1.0,
1986-07-23,72.0,72.0,72.0,72.0,0.0,0.0,
1986-07-24,74.0,74.0,74.0,74.0,0.0,1.0,
1986-07-25,74.0,74.0,74.0,74.0,0.0,0.0,
1986-07-28,74.0,74.0,74.0,74.0,0.0,0.0,
1986-07-29,74.0,74.0,74.0,74.0,0.0,0.0,
1986-07-30,76.0,76.0,76.0,76.0,0.0,1.0,
1986-07-31,76.0,76.0,76.0,76.0,0.0,0.0,
1986-08-01,76.0,76.0,76.0,76.0,0.0,0.0,
1986-08-04,74.0,74.0,74.0,74.0,0.0,1.0,
1986-08-05,78.0,78.0,78.0,78.0,0.0,1.0,
1986-08-06,76.0,76.0,76.0,76.0,0.0,1.0,
1986-08-07,76.0,76.0,76.0,76.0,0.0,0.0,
1986-08-08,72.0,72.0,72.0,72.0,0.0,1.0,
1986-08-11,74.0,74.0,74.0,74.0,0.0,1.0,
1986-08-12,76.0,76.0,76.0,76.0,0.0,1.0,
1986-08-13,76.0,76.0,76.0,76.0,0.0,0.0,
1986-08-14,76.0,76.0,76.0,76.0,0.0,0.0,
1986-08-15,76.0,76.0,76.0,76.0,0.0,0.0,
1986-08-18,72.0,72.0,72.0,72.0,0.0,1.0,
1986-08-19,72.0,72.0,72.0,72.0,0.0,0.0,
1986-08-20,72.0,72.0,72.0,72.0,0.0,0.0,
1986-08-21,72.0,72.0,72.0,72.0,0.0,0.0,
1986-08-22,70.0,70.0,70.0,70.0,0.0,1.0,
1986-08-25,70.0,70.0,70.0,70.0,0.0,0.0,
1986-08-26,70.0,70.0,70.0,70.0,0.0,0.0,
1986-08-27,66.0,66.0,66.0,66.0,0.0,1.0,
1986-08-28,64.0,64.0,64.0,64.0,0.0,1.0,
1986-08-29,62.0,62.0,62.0,62.0,0.0,1.0,
1986-09-01,62.0,62.0,62.0,62.0,0.0,0.0,
1986-09-02,62.0,62.0,62.0,62.0,0.0,0.0,
1986-09-03,60.0,60.0,60.0,60.0,0.0,1.0,
1986-09-04,60.0,60.0,60.0,60.0,0.0,0.0,
1986-09-05,60.0,60.0,60.0,60.0,0.0,0.0,
1986-09-08,60.0,60.0,60.0,60.0,0.0,0.0,
1986-09-09,60.0,60.0,60.0,60.0,0.0,0.0,
1986-09-10,60.0,60.0,60.0,60.0,0.0,0.0,
1986-09-11,60.0,60.0,60.0,60.0,0.0,0.0,
1986-09-12,58.0,58.0,58.0,58.0,0.0,1.0,
1986-09-15,58.0,58.0,58.0,58.0,0.0,0.0,
1986-09-16,58.0,58.0,58.0,58.0,0.0,0.0,
1986-09-17,58.0,58.0,58.0,58.0,0.0,0.0,
1986-09-18,58.0,58.0,58.0,58.0,0.0,0.0,
1986-09-19,58.0,58.0,58.0,58.0,0.0,0.0,
1986-09-22,60.0,60.0,60.0,60.0,0.0,1.0,
1986-09-23,58.0,58.0,58.0,58.0,0.0,1.0,
1986-09-24,56.0,56.0,56.0,56.0,0.0,1.0,
1986-09-25,52.0,52.0,52.0,52.0,0.0,1.0,
1986-09-26,52.0,52.0,52.0,52.0,0.0,0.0,
1986-09-29,52.0,52.0,52.0,52.0,0.0,0.0,
1986-09-30,52.0,52.0,52.0,52.0,0.0,0.0,
1986-10-01,52.0,52.0,52.0,52.0,0.0,0.0,
1986-10-02,52.0,52.0,52.0,52.0,0.0,0.0,
1986-10-03,50.0,50.0,50.0,50.0,0.0,1.0,
1986-10-06,56.0,56.0,56.0,56.0,0.0,1.0,
1986-10-07,60.0,60.0,60.0,60.0,0.0,1.0,
1986-10-08,58.0,58.0,58.0,58.0,0.0,1.0,
1986-10-09,62.0,62.0,62.0,62.0,0.0,1.0,
1986-10-10,60.0,60.0,60.0,60.0,0.0,1.0,
1986-10-13,60.0,60.0,60.0,60.0,0.0,0.0,
1986-10-14,58.0,58.0,58.0,58.0,0.0,1.0,
1986-10-15,58.0,58.0,58.0,58.0,0.0,0.0,
1986-10-16,58.0,58.0,58.0,58.0,0.0,0.0,
1986-10-17,58.0,58.0,58.0,58.0,0.0,0.0,
1986-10-20,58.0,58.0,58.0,58.0,0.0,0.0,
1986-10-21,58.0,58.0,58.0,58.0,0.0,0.0,
1986-10-22,56.0,56.0,56.0,56.0,0.0,1.0,
1986-10-23,54.0,54.0,54.0,54.0,0.0,1.0,
1986-10-24,54.0,54.0,54.0,54.0,0.0,0.0,
1986-10-27,54.0,54.0,54.0,54.0,0.0,0.0,
1986-10-28,53.0,53.0,53.0,53.0,0.0,1.0,
1986-10-29,52.0,52.0,52.0,52.0,0.0,1.0,
1986-10-30,53.0,53.0,53.0,53.0,0.0,1.0,
1986-10-31,53.0,53.0,53.0,53.0,0.0,0.0,
1986-11-03,56.0,56.0,56.0,56.0,0.0,1.0,
1986-11-04,56.0,56.0,56.0,56.0,0.0,0.0,
1986-11-05,56.0,56.0,56.0,56.0,0.0,0.0,
1986-11-06,56.0,56.0,56.0,56.0,0.0,0.0,
1986-11-07,56.0,56.0,56.0,56.0,0.0,0.0,
1986-11-10,68.0,68.0,68.0,68.0,0.0,1.0,
1986-11-11,69.0,69.0,69.0,69.0,0.0,1.0,
1986-11-12,70.0,70.0,70.0,70.0,0.0,1.0,
1986-11-13,66.0,66.0,66.0,66.0,0.0,1.0,
1986-11-14,67.0,67.0,67.0,67.0,0.0,1.0,
1986-11-17,65.0,65.0,65.0,65.0,0.0,1.0,
1986-11-18,65.0,65.0,65.0,65.0,0.0,0.0,
1986-11-19,62.0,62.0,62.0,62.0,0.0,1.0,
1986-11-20,64.0,64.0,64.0,64.0,0.0,1.0,
1986-11-21,65.0,65.0,65.0,65.0,0.0,1.0,
1986-11-24,66.0,66.0,66.0,66.0,0.0,1.0,
1986-11-25,53.0,53.0,53.0,53.0,0.0,1.0,
1986-11-26,65.0,65.0,65.0,65.0,0.0,1.0,
1986-11-27,64.0,64.0,64.0,64.0,0.0,1.0,
1986-11-28,65.0,65.0,65.0,65.0,0.0,1.0,
1986-12-01,62.0,62.0,62.0,62.0,0.0,1.0,
1986-12-02,62.0,62.0,62.0,62.0,0.0,0.0,
1986-12-03,62.0,62.0,62.0,62.0,0.0,0.0,
1986-12-04,62.0,62.0,62.0,62.0,0.0,0.0,
1986-12-05,60.0,60.0,60.0,60.0,0.0,1.0,
1986-12-08,60.0,60.0,60.0,60.0,0.0,0.0,
1986-12-09,60.0,60.0,60.0,60.0,0.0,0.0,
1986-12-10,60.0,60.0,60.0,60.0,0.0,0.0,
1986-12-11,60.0,60.0,60.0,60.0,0.0,0.0,
1986-12-12,60.0,60.0,60.0,60.0,0.0,0.0,
1986-12-15,60.0,60.0,60.0,60.0,0.0,0.0,
1986-12-16,62.0,62.0,62.0,62.0,0.0,1.0,
1986-12-17,62.0,62.0,62.0,62.0,0.0,0.0,
1986-12-18,60.0,60.0,60.0,60.0,0.0,1.0,
1986-12-19,60.0,60.0,60.0,60.0,0.0,0.0,
1986-12-22,62.0,62.0,62.0,62.0,0.0,1.0,
1986-12-23,62.0,62.0,62.0,62.0,0.0,0.0,
1986-12-24,60.0,60.0,60.0,60.0,0.0,1.0,
1986-12-29,62.0,62.0,62.0,62.0,0.0,1.0,
1986-12-30,62.0,62.0,62.0,62.0,0.0,0.0,
1986-12-31,62.0,62.0,62.0,62.0,0.0,0.0,
1987-01-02,62.0,62.0,62.0,62.0,0.0,0.0,
1987-01-05,62.0,62.0,62.0,62.0,0.0,0.0,
1987-01-06,62.0,62.0,62.0,62.0,0.0,0.0,
1987-01-07,62.0,62.0,62.0,62.0,0.0,0.0,
1987-01-08,64.0,64.0,64.0,64.0,0.0,1.0,
1987-01-09,68.0,68.0,68.0,68.0,0.0,1.0,
1987-01-12,68.0,68.0,68.0,68.0,0.0,0.0,
1987-01-13,68.0,68.0,68.0,68.0,0.0,0.0,
1987-01-14,69.0,69.0,69.0,69.0,0.0,1.0,
1987-01-15,72.0,72.0,72.0,72.0,0.0,1.0,
1987-01-16,74.0,74.0,74.0,74.0,0.0,1.0,
1987-01-19,74.0,74.0,74.0,74.0,0.0,0.0,
1987-01-20,77.0,77.0,77.0,77.0,0.0,1.0,
1987-01-21,76.0,76.0,76.0,76.0,0.0,1.0,
1987-01-22,76.0,76.0,76.0,76.0,0.0,0.0,
1987-01-23,76.0,76.0,76.0,76.0,0.0,0.0,
1987-01-26,77.0,77.0,77.0,77.0,0.0,1.0,
1987-01-27,77.0,77.0,77.0,77.0,0.0,0.0,
1987-01-28,76.0,76.0,76.0,76.0,0.0,1.0,
1987-01-29,76.0,76.0,76.0,76.0,0.0,0.0,
1987-01-30,76.0,76.0,76.0,76.0,0.0,0.0,
1987-02-02,79.0,79.0,79.0,79.0,0.0,1.0,
1987-02-03,78.0,78.0,78.0,78.0,0.0,1.0,
1987-02-04,78.0,78.0,78.0,78.0,0.0,0.0,
1987-02-05,77.0,77.0,77.0,77.0,0.0,1.0,
1987-02-06,76.0,76.0,76.0,76.0,0.0,1.0,
1987-02-09,78.0,78.0,78.0,78.0,0.0,1.0,
1987-02-10,76.0,76.0,76.0,76.0,0.0,1.0,
1987-02-11,84.0,84.0,84.0,84.0,0.0,1.0,
1987-02-12,79.0,79.0,79.0,79.0,0.0,1.0,
1987-02-13,86.0,86.0,86.0,86.0,0.0,1.0,
1987-02-16,84.0,84.0,84.0,84.0,0.0,1.0,
1987-02-17,85.0,85.0,85.0,85.0,0.0,1.0,
1987-02-18,84.0,84.0,84.0,84.0,0.0,1.0,
1987-02-19,81.0,81.0,81.0,81.0,0.0,1.0,
1987-02-20,80.0,80.0,80.0,80.0,0.0,1.0,
1987-02-23,80.0,80.0,80.0,80.0,0.0,0.0,
1987-02-24,81.0,81.0,81.0,81.0,0.0,1.0,
1987-02-25,80.0,80.0,80.0,80.0,0.0,1.0,
1987-02-26,80.0,80.0,80.0,80.0,0.0,0.0,
1987-02-27,80.0,80.0,80.0,80.0,0.0,0.0,
1987-03-02,78.0,78.0,78.0,78.0,0.0,1.0,
1987-03-03,79.0,79.0,79.0,79.0,0.0,1.0,
1987-03-04,79.0,79.0,79.0,79.0,0.0,0.0,
1987-03-05,79.0,79.0,79.0,79.0,0.0,0.0,
1987-03-06,78.0,78.0,78.0,78.0,0.0,1.0,
1987-03-09,78.0,78.0,78.0,78.0,0.0,0.0,
1987-03-10,77.0,77.0,77.0,77.0,0.0,1.0,
1987-03-11,76.0,76.0,76.0,76.0,0.0,1.0,
1987-03-12,76.0,76.0,76.0,76.0,0.0,0.0,
1987-03-13,76.0,76.0,76.0,76.0,0.0,0.0,
1987-03-16,76.0,76.0,76.0,76.0,0.0,0.0,
1987-03-17,76.0,76.0,76.0,76.0,0.0,0.0,
1987-03-18,76.0,76.0,76.0,76.0,0.0,0.0,
1987-03-19,78.0,78.0,78.0,78.0,0.0,1.0,
1987-03-20,84.0,84.0,84.0,84.0,0.0,1.0,
1987-03-23,84.0,84.0,84.0,84.0,0.0,0.0,
1987-03-24,84.0,84.0,84.0,84.0,0.0,0.0,
1987-03-25,83.0,83.0,83.0,83.0,0.0,1.0,
1987-03-26,81.0,81.0,81.0,81.0,0.0,1.0,
1987-03-27,79.0,79.0,79.0,79.0,0.0,1.0,
1987-03-30,79.0,79.0,79.0,79.0,0.0,0.0,
1987-03-31,78.0,78.0,78.0,78.0,0.0,1.0,
1987-04-01,74.0,74.0,74.0,74.0,0.0,1.0,
1987-04-02,74.0,74.0,74.0,74.0,0.0,0.0,
1987-04-03,74.0,74.0,74.0,74.0,0.0,0.0,
1987-04-06,74.0,74.0,74.0,74.0,0.0,0.0,
1987-04-07,74.0,74.0,74.0,74.0,0.0,0.0,
1987-04-08,75.0,75.0,75.0,75.0,0.0,1.0,
1987-04-09,74.0,74.0,74.0,74.0,0.0,1.0,
1987-04-10,72.0,72.0,72.0,72.0,0.0,1.0,
1987-04-13,73.0,73.0,73.0,73.0,0.0,1.0,
1987-04-14,71.0,71.0,71.0,71.0,0.0,1.0,
1987-04-15,72.0,72.0,72.0,72.0,0.0,1.0,
1987-04-16,72.0,72.0,72.0,72.0,0.0,0.0,
1987-04-21,69.0,69.0,69.0,69.0,0.0,1.0,
1987-04-22,67.0,67.0,67.0,67.0,0.0,1.0,
1987-04-23,66.0,66.0,66.0,66.0,0.0,1.0,
1987-04-24,67.0,67.0,67.0,67.0,0.0,1.0,
1987-04-27,68.0,68.0,68.0,68.0,0.0,1.0,
1987-04-28,69.0,69.0,69.0,69.0,0.0,1.0,
1987-04-29,72.0,72.0,72.0,72.0,0.0,1.0,
1987-04-30,71.0,71.0,71.0,71.0,0.0,1.0,
1987-05-01,71.0,71.0,71.0,71.0,0.0,0.0,
1987-05-04,71.0,71.0,71.0,71.0,0.0,0.0,
1987-05-05,71.0,71.0,71.0,71.0,0.0,0.0,
1987-05-06,78.0,78.0,78.0,78.0,0.0,1.0,
1987-05-07,81.0,81.0,81.0,81.0,0.0,1.0,
1987-05-08,81.0,81.0,81.0,81.0,0.0,0.0,
1987-05-11,84.0,84.0,84.0,84.0,0.0,1.0,
1987-05-12,83.0,83.0,83.0,83.0,0.0,1.0,
1987-05-13,82.0,82.0,82.0,82.0,0.0,1.0,
1987-05-14,83.0,83.0,83.0,83.0,0.0,1.0,
1987-05-15,83.0,83.0,83.0,83.0,0.0,0.0,
1987-05-18,84.0,84.0,84.0,84.0,0.0,1.0,
1987-05-19,84.0,84.0,84.0,84.0,0.0,0.0,
1987-05-20,83.0,83.0,83.0,83.0,0.0,1.0,
1987-05-21,83.0,83.0,83.0,83.0,0.0,0.0,
1987-05-22,83.0,83.0,83.0,83.0,0.0,0.0,
1987-05-25,83.0,83.0,83.0,83.0,0.0,0.0,
1987-05-26,83.0,83.0,83.0,83.0,0.0,0.0,
1987-05-27,80.0,80.0,80.0,80.0,0.0,1.0,
1987-05-28,86.0,86.0,86.0,86.0,0.0,1.0,
1987-05-29,93.0,93.0,93.0,93.0,0.0,1.0,
1987-06-01,103.0,103.0,103.0,103.0,0.0,1.0,
1987-06-02,102.0,102.0,102.0,102.0,0.0,1.0,
1987-06-03,102.0,102.0,102.0,102.0,0.0,0.0,
1987-06-04,99.0,99.0,99.0,99.0,0.0,1.0,
1987-06-05,102.0,102.0,102.0,102.0,0.0,1.0,
1987-06-08,105.0,105.0,105.0,105.0,0.0,1.0,
1987-06-09,105.0,105.0,105.0,105.0,0.0,0.0,
1987-06-10,105.0,105.0,105.0,105.0,0.0,0.0,
1987-06-11,105.0,105.0,105.0,105.0,0.0,0.0,
1987-06-12,105.0,105.0,105.0,105.0,0.0,0.0,
1987-06-15,105.0,105.0,105.0,105.0,0.0,0.0,
1987-06-16,105.0,105.0,105.0,105.0,0.0,0.0,
1987-06-17,106.0,106.0,106.0,106.0,0.0,1.0,
1987-06-18,106.0,106.0,106.0,106.0,0.0,0.0,
1987-06-19,106.0,106.0,106.0,106.0,0.0,0.0,
1987-06-22,106.0,106.0,106.0,106.0,0.0,0.0,
1987-06-23,105.0,105.0,105.0,105.0,0.0,1.0,
1987-06-24,105.0,105.0,105.0,105.0,0.0,0.0,
1987-06-25,105.0,105.0,105.0,105.0,0.0,0.0,
1987-06-26,105.0,105.0,105.0,105.0,0.0,0.0,
1987-06-29,105.0,105.0,105.0,105.0,0.0,0.0,
1987-06-30,101.0,101.0,101.0,101.0,0.0,1.0,
1987-07-01,99.0,99.0,99.0,99.0,0.0,1.0,
1987-07-02,99.0,99.0,99.0,99.0,0.0,0.0,
1987-07-03,98.0,98.0,98.0,98.0,0.0,1.0,
1987-07-06,98.0,98.0,98.0,98.0,0.0,0.0,
1987-07-07,94.0,94.0,94.0,94.0,0.0,1.0,
1987-07-08,89.0,89.0,89.0,89.0,0.0,1.0,
1987-07-09,88.0,88.0,88.0,88.0,0.0,1.0,
1987-07-10,89.0,89.0,89.0,89.0,0.0,1.0,
1987-07-13,92.0,92.0,92.0,92.0,0.0,1.0,
1987-07-14,93.0,93.0,93.0,93.0,0.0,1.0,
1987-07-15,96.0,96.0,96.0,96.0,0.0,1.0,
1987-07-16,100.0,100.0,100.0,100.0,0.0,1.0,
1987-07-17,102.0,102.0,102.0,102.0,0.0,1.0,
1987-07-20,102.0,102.0,102.0,102.0,0.0,0.0,
1987-07-21,111.0,111.0,111.0,111.0,0.0,1.0,
1987-07-22,111.0,111.0,111.0,111.0,0.0,0.0,
1987-07-23,112.0,112.0,112.0,112.0,0.0,1.0,
1987-07-24,116.0,116.0,116.0,116.0,0.0,1.0,
1987-07-27,119.0,119.0,119.0,119.0,0.0,1.0,
1987-07-28,128.0,128.0,128.0,128.0,0.0,1.0,
1987-07-29,125.0,125.0,125.0,125.0,0.0,1.0,
1987-07-30,124.0,124.0,124.0,124.0,0.0,1.0,
1987-07-31,118.0,118.0,118.0,118.0,0.0,1.0,
1987-08-03,105.0,105.0,105.0,105.0,0.0,1.0,
1987-08-04,103.0,103.0,103.0,103.0,0.0,1.0,
1987-08-05,107.0,107.0,107.0,107.0,0.0,1.0,
1987-08-06,104.0,104.0,104.0,104.0,0.0,1.0,
1987-08-07,107.0,107.0,107.0,107.0,0.0,1.0,
1987-08-10,104.0,104.0,104.0,104.0,0.0,1.0,
1987-08-11,108.0,108.0,108.0,108.0,0.0,1.0,
1987-08-12,109.0,109.0,109.0,109.0,0.0,1.0,
1987-08-13,108.0,108.0,108.0,108.0,0.0,1.0,
1987-08-14,110.0,110.0,110.0,110.0,0.0,1.0,
1987-08-17,107.0,107.0,107.0,107.0,0.0,1.0,
1987-08-18,105.0,105.0,105.0,105.0,0.0,1.0,
1987-08-19,104.0,104.0,104.0,104.0,0.0,1.0,
1987-08-20,102.0,102.0,102.0,102.0,0.0,1.0,
1987-08-21,102.0,102.0,102.0,102.0,0.0,0.0,
1987-08-24,102.0,102.0,102.0,102.0,0.0,0.0,
1987-08-25,102.0,102.0,102.0,102.0,0.0,0.0,
1987-08-26,102.0,102.0,102.0,102.0,0.0,0.0,
1987-08-27,99.0,99.0,99.0,99.0,0.0,1.0,
1987-08-28,98.0,98.0,98.0,98.0,0.0,1.0,
1987-08-31,98.0,98.0,98.0,98.0,0.0,0.0,
1987-09-01,98.0,98.0,98.0,98.0,0.0,0.0,
1987-09-02,98.0,98.0,98.0,98.0,0.0,0.0,
1987-09-03,98.0,98.0,98.0,98.0,0.0,0.0,
1987-09-04,101.0,101.0,101.0,101.0,0.0,1.0,
1987-09-07,100.0,100.0,100.0,100.0,0.0,1.0,
1987-09-08,101.0,101.0,101.0,101.0,0.0,1.0,
1987-09-09,102.0,102.0,102.0,102.0,0.0,1.0,
1987-09-10,102.0,102.0,102.0,102.0,0.0,0.0,
1987-09-11,101.0,101.0,101.0,101.0,0.0,1.0,
1987-09-14,100.0,100.0,100.0,100.0,0.0,1.0,
1987-09-15,99.0,99.0,99.0,99.0,0.0,1.0,
1987-09-16,99.0,99.0,99.0,99.0,0.0,0.0,
1987-09-17,100.0,100.0,100.0,100.0,0.0,1.0,
1987-09-18,101.0,101.0,101.0,101.0,0.0,1.0,
1987-09-21,101.0,101.0,101.0,101.0,0.0,0.0,
1987-09-22,100.0,100.0,100.0,100.0,0.0,1.0,
1987-09-23,99.0,99.0,99.0,99.0,0.0,1.0,
1987-09-24,99.0,99.0,99.0,99.0,0.0,0.0,
1987-09-25,99.0,99.0,99.0,99.0,0.0,0.0,
1987-09-28,103.0,103.0,103.0,103.0,0.0,1.0,
1987-09-29,108.0,108.0,108.0,108.0,0.0,1.0,
1987-09-30,100.0,100.0,100.0,100.0,0.0,1.0,
1987-10-01,104.0,104.0,104.0,104.0,0.0,1.0,
1987-10-02,108.0,108.0,108.0,108.0,0.0,1.0,
1987-10-05,109.0,109.0,109.0,109.0,0.0,1.0,
1987-10-06,110.0,110.0,110.0,110.0,0.0,1.0,
1987-10-07,110.0,110.0,110.0,110.0,0.0,0.0,
1987-10-08,110.0,110.0,110.0,110.0,0.0,0.0,
1987-10-09,108.0,108.0,108.0,108.0,0.0,1.0,
1987-10-12,105.0,105.0,105.0,105.0,0.0,1.0,
1987-10-13,104.0,104.0,104.0,104.0,0.0,1.0,
1987-10-14,102.0,102.0,102.0,102.0,0.0,1.0,
1987-10-15,99.0,99.0,99.0,99.0,0.0,1.0,
1987-10-16,98.0,98.0,98.0,98.0,0.0,1.0,
1987-10-19,85.0,85.0,85.0,85.0,0.0,1.0,
1987-10-20,68.0,68.0,68.0,68.0,0.0,1.0,
1987-10-21,88.0,88.0,88.0,88.0,0.0,1.0,
1987-10-22,83.0,83.0,83.0,83.0,0.0,1.0,
1987-10-23,81.0,81.0,81.0,81.0,0.0,1.0,
1987-10-26,78.0,78.0,78.0,78.0,0.0,1.0,
1987-10-27,80.0,80.0,80.0,80.0,0.0,1.0,
1987-10-28,78.0,78.0,78.0,78.0,0.0,1.0,
1987-10-29,75.0,75.0,75.0,75.0,0.0,1.0,
1987-10-30,81.0,81.0,81.0,81.0,0.0,1.0,
1987-11-02,80.0,80.0,80.0,80.0,0.0,1.0,
1987-11-03,80.0,80.0,80.0,80.0,0.0,0.0,
1987-11-04,77.0,77.0,77.0,77.0,0.0,1.0,
1987-11-05,76.0,76.0,76.0,76.0,0.0,1.0,
1987-11-06,73.0,73.0,73.0,73.0,0.0,1.0,
1987-11-09,73.0,73.0,73.0,73.0,0.0,0.0,
1987-11-10,69.0,69.0,69.0,69.0,0.0,1.0,
1987-11-11,75.0,75.0,75.0,75.0,0.0,1.0,
1987-11-12,73.0,73.0,73.0,73.0,0.0,1.0,
1987-11-13,76.0,76.0,76.0,76.0,0.0,1.0,
1987-11-16,72.0,72.0,72.0,72.0,0.0,1.0,
1987-11-17,67.0,67.0,67.0,67.0,0.0,1.0,
1987-11-18,66.0,66.0,66.0,66.0,0.0,1.0,
1987-11-19,65.0,65.0,65.0,65.0,0.0,1.0,
1987-11-20,61.0,61.0,61.0,61.0,0.0,1.0,
1987-11-23,60.0,60.0,60.0,60.0,0.0,1.0,
1987-11-24,60.0,60.0,60.0,60.0,0.0,0.0,
1987-11-25,58.0,58.0,58.0,58.0,0.0,1.0,
1987-11-26,58.0,58.0,58.0,58.0,0.0,0.0,
1987-11-27,56.0,56.0,56.0,56.0,0.0,1.0,
1987-11-30,55.0,55.0,55.0,55.0,0.0,1.0,
1987-12-01,50.0,50.0,50.0,50.0,0.0,1.0,
1987-12-02,55.0,55.0,55.0,55.0,0.0,1.0,
1987-12-03,53.0,53.0,53.0,53.0,0.0,1.0,
1987-12-04,53.0,53.0,53.0,53.0,0.0,0.0,
1987-12-07,53.0,53.0,53.0,53.0,0.0,0.0,
1987-12-08,55.0,55.0,55.0,55.0,0.0,1.0,
1987-12-09,54.0,54.0,54.0,54.0,0.0,1.0,
1987-12-10,52.0,52.0,52.0,52.0,0.0,1.0,
1987-12-11,53.0,53.0,53.0,53.0,0.0,1.0,
1987-12-14,55.0,55.0,55.0,55.0,0.0,1.0,
1987-12-15,55.0,55.0,55.0,55.0,0.0,0.0,
1987-12-16,56.0,56.0,56.0,56.0,0.0,1.0,
1987-12-17,56.0,56.0,56.0,56.0,0.0,0.0,
1987-12-18,56.0,56.0,56.0,56.0,0.0,0.0,
1987-12-21,58.0,58.0,58.0,58.0,0.0,1.0,
1987-12-22,58.0,58.0,58.0,58.0,0.0,0.0,
1987-12-23,55.0,55.0,55.0,55.0,0.0,1.0,
1987-12-24,56.0,56.0,56.0,56.0,0.0,1.0,
1987-12-28,56.0,56.0,56.0,56.0,0.0,0.0,
1987-12-29,51.0,51.0,51.0,51.0,0.0,1.0,
1987-12-30,53.0,53.0,53.0,53.0,0.0,1.0,
1987-12-31,53.0,53.0,53.0,53.0,0.0,0.0,
1988-01-04,53.0,53.0,53.0,53.0,0.0,0.0,
1988-01-05,53.0,53.0,53.0,53.0,0.0,0.0,
1988-01-06,53.0,53.0,53.0,53.0,0.0,0.0,
1988-01-07,53.0,53.0,53.0,53.0,0.0,0.0,
1988-01-08,53.0,53.0,53.0,53.0,0.0,0.0,
1988-01-11,52.0,52.0,52.0,52.0,0.0,1.0,
1988-01-12,52.0,52.0,52.0,52.0,0.0,0.0,
1988-01-13,52.0,52.0,52.0,52.0,0.0,0.0,
1988-01-14,52.0,52.0,52.0,52.0,0.0,0.0,
1988-01-15,54.0,54.0,54.0,54.0,0.0,1.0,
1988-01-18,56.0,56.0,56.0,56.0,0.0,1.0,
1988-01-19,55.0,55.0,55.0,55.0,0.0,1.0,
1988-01-20,55.0,55.0,55.0,55.0,0.0,0.0,
1988-01-21,53.0,53.0,53.0,53.0,0.0,1.0,
1988-01-22,55.0,55.0,55.0,55.0,0.0,1.0,
1988-01-25,56.0,56.0,56.0,56.0,0.0,1.0,
1988-01-26,57.0,57.0,57.0,57.0,0.0,1.0,
1988-01-27,56.0,56.0,56.0,56.0,0.0,1.0,
1988-01-28,57.0,57.0,57.0,57.0,0.0,1.0,
1988-01-29,58.0,58.0,58.0,58.0,0.0,1.0,
1988-02-01,56.0,56.0,56.0,56.0,0.0,1.0,
1988-02-02,56.0,56.0,56.0,56.0,0.0,0.0,
1988-02-03,56.0,56.0,56.0,56.0,0.0,0.0,
1988-02-04,55.0,55.0,55.0,55.0,0.0,1.0,
1988-02-05,53.0,53.0,53.0,53.0,0.0,1.0,
1988-02-06,53.0,53.0,53.0,53.0,0.0,0.0,
1988-02-08,50.0,50.0,50.0,50.0,0.0,1.0,
1988-02-09,51.0,51.0,51.0,51.0,0.0,1.0,
1988-02-10,51.0,51.0,51.0,51.0,0.0,0.0,
1988-02-11,53.0,53.0,53.0,53.0,0.0,1.0,
1988-02-12,53.0,53.0,53.0,53.0,0.0,0.0,
1988-02-15,53.0,53.0,53.0,53.0,0.0,0.0,
1988-02-16,53.0,53.0,53.0,53.0,0.0,0.0,
1988-02-17,55.0,55.0,55.0,55.0,0.0,1.0,
1988-02-18,55.0,55.0,55.0,55.0,0.0,0.0,
1988-02-19,55.0,55.0,55.0,55.0,0.0,0.0,
1988-02-22,55.0,55.0,55.0,55.0,0.0,0.0,
1988-02-23,61.0,61.0,61.0,61.0,0.0,1.0,
1988-02-24,62.0,62.0,62.0,62.0,0.0,1.0,
1988-02-25,60.0,60.0,60.0,60.0,0.0,1.0,
1988-02-26,60.0,60.0,60.0,60.0,0.0,0.0,
1988-02-29,60.0,60.0,60.0,60.0,0.0,0.0,
1988-03-01,60.0,60.0,60.0,60.0,0.0,0.0,
1988-03-02,60.0,60.0,60.0,60.0,0.0,0.0,
1988-03-03,60.0,60.0,60.0,60.0,0.0,0.0,
1988-03-04,61.0,61.0,61.0,61.0,0.0,1.0,
1988-03-07,60.0,60.0,60.0,60.0,0.0,1.0,
1988-03-08,60.0,60.0,60.0,60.0,0.0,0.0,
1988-03-09,60.0,60.0,60.0,60.0,0.0,0.0,
1988-03-10,58.0,58.0,58.0,58.0,0.0,1.0,
1988-03-11,58.0,58.0,58.0,58.0,0.0,0.0,
1988-03-14,59.0,59.0,59.0,59.0,0.0,1.0,
1988-03-15,58.0,58.0,58.0,58.0,0.0,1.0,
1988-03-16,56.0,56.0,56.0,56.0,0.0,1.0,
1988-03-17,56.0,56.0,56.0,56.0,0.0,0.0,
1988-03-18,62.0,62.0,62.0,62.0,0.0,1.0,
1988-03-21,61.0,61.0,61.0,61.0,0.0,1.0,
1988-03-22,61.0,61.0,61.0,61.0,0.0,0.0,
1988-03-23,61.0,61.0,61.0,61.0,0.0,0.0,
1988-03-24,58.0,58.0,58.0,58.0,0.0,1.0,
1988-03-25,56.0,56.0,56.0,56.0,0.0,1.0,
1988-03-28,54.0,54.0,54.0,54.0,0.0,1.0,
1988-03-29,53.0,53.0,53.0,53.0,0.0,1.0,
1988-03-30,56.0,56.0,56.0,56.0,0.0,1.0,
1988-03-31,56.0,56.0,56.0,56.0,0.0,0.0,
1988-04-05,55.0,55.0,55.0,55.0,0.0,1.0,
1988-04-06,55.0,55.0,55.0,55.0,0.0,0.0,
1988-04-07,56.0,56.0,56.0,56.0,0.0,1.0,
1988-04-08,56.0,56.0,56.0,56.0,0.0,0.0,
1988-04-11,56.0,56.0,56.0,56.0,0.0,0.0,
1988-04-12,56.0,56.0,56.0,56.0,0.0,0.0,
1988-04-13,56.0,56.0,56.0,56.0,0.0,0.0,
1988-04-14,55.0,55.0,55.0,55.0,0.0,1.0,
1988-04-15,51.0,51.0,51.0,51.0,0.0,1.0,
1988-04-18,55.0,55.0,55.0,55.0,0.0,1.0,
1988-04-19,55.0,55.0,55.0,55.0,0.0,0.0,
1988-04-20,55.0,55.0,55.0,55.0,0.0,0.0,
1988-04-21,55.0,55.0,55.0,55.0,0.0,0.0,
1988-04-22,53.0,53.0,53.0,53.0,0.0,1.0,
1988-04-25,53.0,53.0,53.0,53.0,0.0,0.0,
1988-04-26,55.0,55.0,55.0,55.0,0.0,1.0,
1988-04-27,55.0,55.0,55.0,55.0,0.0,0.0,
1988-04-28,55.0,55.0,55.0,55.0,0.0,0.0,
1988-04-29,55.0,55.0,55.0,55.0,0.0,0.0,
1988-05-02,55.0,55.0,55.0,55.0,0.0,0.0,
1988-05-03,55.0,55.0,55.0,55.0,0.0,0.0,
1988-05-04,56.0,56.0,56.0,56.0,0.0,1.0,
1988-05-05,56.0,56.0,56.0,56.0,0.0,0.0,
1988-05-06,56.0,56.0,56.0,56.0,0.0,0.0,
1988-05-09,56.0,56.0,56.0,56.0,0.0,0.0,
1988-05-10,56.0,56.0,56.0,56.0,0.0,0.0,
1988-05-11,57.0,57.0,57.0,57.0,0.0,1.0,
1988-05-12,56.0,56.0,56.0,56.0,0.0,1.0,
1988-05-13,56.0,56.0,56.0,56.0,0.0,0.0,
1988-05-16,57.0,57.0,57.0,57.0,0.0,1.0,
1988-05-17,57.0,57.0,57.0,57.0,0.0,0.0,
1988-05-18,57.0,57.0,57.0,57.0,0.0,0.0,
1988-05-19,58.0,58.0,58.0,58.0,0.0,1.0,
1988-05-20,57.0,57.0,57.0,57.0,0.0,1.0,
1988-05-23,58.0,58.0,58.0,58.0,0.0,1.0,
1988-05-24,58.0,58.0,58.0,58.0,0.0,0.0,
1988-05-25,60.0,60.0,60.0,60.0,0.0,1.0,
1988-05-26,59.0,59.0,59.0,59.0,0.0,1.0,
1988-05-27,59.0,59.0,59.0,59.0,0.0,0.0,
1988-05-30,59.0,59.0,59.0,59.0,0.0,0.0,
1988-05-31,60.0,60.0,60.0,60.0,0.0,1.0,
1988-06-01,61.0,61.0,61.0,61.0,0.0,1.0,
1988-06-02,61.0,61.0,61.0,61.0,0.0,0.0,
1988-06-03,61.0,61.0,61.0,61.0,0.0,0.0,
1988-06-06,61.0,61.0,61.0,61.0,0.0,0.0,
1988-06-07,60.0,60.0,60.0,60.0,0.0,1.0,
1988-06-08,61.0,61.0,61.0,61.0,0.0,1.0,
1988-06-09,61.0,61.0,61.0,61.0,0.0,0.0,
1988-06-10,61.0,61.0,61.0,61.0,0.0,0.0,
1988-06-13,60.0,60.0,60.0,60.0,0.0,1.0,
1988-06-14,60.0,60.0,60.0,60.0,0.0,0.0,
1988-06-15,63.0,63.0,63.0,63.0,0.0,1.0,
1988-06-16,65.0,65.0,65.0,65.0,0.0,1.0,
1988-06-17,66.0,66.0,66.0,66.0,0.0,1.0,
1988-06-20,68.0,68.0,68.0,68.0,0.0,1.0,
1988-06-21,65.0,65.0,65.0,65.0,0.0,1.0,
1988-06-22,66.0,66.0,66.0,66.0,0.0,1.0,
1988-06-23,67.0,67.0,67.0,67.0,0.0,1.0,
1988-06-24,67.0,67.0,67.0,67.0,0.0,0.0,
1988-06-27,71.0,71.0,71.0,71.0,0.0,1.0,
1988-06-28,70.0,70.0,70.0,70.0,0.0,1.0,
1988-06-29,70.0,70.0,70.0,70.0,0.0,0.0,
1988-06-30,69.0,69.0,69.0,69.0,0.0,1.0,
1988-07-01,67.0,67.0,67.0,67.0,0.0,1.0,
1988-07-04,68.0,68.0,68.0,68.0,0.0,1.0,
1988-07-05,68.0,68.0,68.0,68.0,0.0,0.0,
1988-07-06,68.0,68.0,68.0,68.0,0.0,0.0,
1988-07-07,69.0,69.0,69.0,69.0,0.0,1.0,
1988-07-08,73.0,73.0,73.0,73.0,0.0,1.0,
1988-07-11,76.0,76.0,76.0,76.0,0.0,1.0,
1988-07-12,72.0,72.0,72.0,72.0,0.0,1.0,
1988-07-13,71.0,71.0,71.0,71.0,0.0,1.0,
1988-07-14,72.0,72.0,72.0,72.0,0.0,1.0,
1988-07-15,72.0,72.0,72.0,72.0,0.0,0.0,
1988-07-18,73.0,73.0,73.0,73.0,0.0,1.0,
1988-07-19,71.0,71.0,71.0,71.0,0.0,1.0,
1988-07-20,70.0,70.0,70.0,70.0,0.0,1.0,
1988-07-21,71.0,71.0,71.0,71.0,0.0,1.0,
1988-07-22,68.0,68.0,68.0,68.0,0.0,1.0,
1988-07-25,66.0,66.0,66.0,66.0,0.0,1.0,
1988-07-26,68.0,68.0,68.0,68.0,0.0,1.0,
1988-07-27,68.0,68.0,68.0,68.0,0.0,0.0,
1988-07-28,70.0,70.0,70.0,70.0,0.0,1.0,
1988-07-29,68.0,68.0,68.0,68.0,0.0,1.0,
1988-08-01,68.0,68.0,68.0,68.0,0.0,0.0,
1988-08-02,68.0,68.0,68.0,68.0,0.0,0.0,
1988-08-03,70.0,70.0,70.0,70.0,0.0,1.0,
1988-08-04,68.0,68.0,68.0,68.0,0.0,1.0,
1988-08-05,68.0,68.0,68.0,68.0,0.0,0.0,
1988-08-08,70.0,70.0,70.0,70.0,0.0,1.0,
1988-08-09,70.0,70.0,70.0,70.0,0.0,0.0,
1988-08-10,68.0,68.0,68.0,68.0,0.0,1.0,
1988-08-11,68.0,68.0,68.0,68.0,0.0,0.0,
1988-08-12,68.0,68.0,68.0,68.0,0.0,0.0,
1988-08-15,67.0,67.0,67.0,67.0,0.0,1.0,
1988-08-16,67.0,67.0,67.0,67.0,0.0,0.0,
1988-08-17,67.0,67.0,67.0,67.0,0.0,0.0,
1988-08-18,68.0,68.0,68.0,68.0,0.0,1.0,
1988-08-19,68.0,68.0,68.0,68.0,0.0,0.0,
1988-08-22,69.0,69.0,69.0,69.0,0.0,1.0,
1988-08-23,69.0,69.0,69.0,69.0,0.0,0.0,
1988-08-24,69.0,69.0,69.0,69.0,0.0,0.0,
1988-08-25,68.0,68.0,68.0,68.0,0.0,1.0,
1988-08-26,68.0,68.0,68.0,68.0,0.0,0.0,
1988-08-29,68.0,68.0,68.0,68.0,0.0,0.0,
1988-08-30,68.0,68.0,68.0,68.0,0.0,0.0,
1988-08-31,68.0,68.0,68.0,68.0,0.0,0.0,
1988-09-01,64.0,64.0,64.0,64.0,0.0,1.0,
1988-09-02,64.0,64.0,64.0,64.0,0.0,0.0,
1988-09-05,64.0,64.0,64.0,64.0,0.0,0.0,
1988-09-06,64.0,64.0,64.0,64.0,0.0,0.0,
1988-09-07,65.0,65.0,65.0,65.0,0.0,1.0,
1988-09-08,64.0,64.0,64.0,64.0,0.0,1.0,
1988-09-09,63.0,63.0,63.0,63.0,0.0,1.0,
1988-09-12,63.0,63.0,63.0,63.0,0.0,0.0,
1988-09-13,63.0,63.0,63.0,63.0,0.0,0.0,
1988-09-14,63.0,63.0,63.0,63.0,0.0,0.0,
1988-09-15,63.0,63.0,63.0,63.0,0.0,0.0,
1988-09-16,63.0,63.0,63.0,63.0,0.0,0.0,
1988-09-19,62.0,62.0,62.0,62.0,0.0,1.0,
1988-09-20,63.0,63.0,63.0,63.0,0.0,1.0,
1988-09-21,64.0,64.0,64.0,64.0,0.0,1.0,
1988-09-22,64.0,64.0,64.0,64.0,0.0,0.0,
1988-09-23,64.0,64.0,64.0,64.0,0.0,0.0,
1988-09-26,64.0,64.0,64.0,64.0,0.0,0.0,
1988-09-27,66.0,66.0,66.0,66.0,0.0,1.0,
1988-09-28,73.0,73.0,73.0,73.0,0.0,1.0,
1988-09-29,69.0,69.0,69.0,69.0,0.0,1.0,
1988-09-30,69.0,69.0,69.0,69.0,0.0,0.0,
1988-10-03,69.0,69.0,69.0,69.0,0.0,0.0,
1988-10-04,69.0,69.0,69.0,69.0,0.0,0.0,
1988-10-05,69.0,69.0,69.0,69.0,0.0,0.0,
1988-10-06,69.0,69.0,69.0,69.0,0.0,0.0,
1988-10-07,70.0,70.0,70.0,70.0,0.0,1.0,
1988-10-10,70.0,70.0,70.0,70.0,0.0,0.0,
1988-10-11,70.0,70.0,70.0,70.0,0.0,0.0,
1988-10-12,70.0,70.0,70.0,70.0,0.0,0.0,
1988-10-13,70.0,70.0,70.0,70.0,0.0,0.0,
1988-10-14,70.0,70.0,70.0,70.0,0.0,0.0,
1988-10-17,70.0,70.0,70.0,70.0,0.0,0.0,
1988-10-18,70.0,70.0,70.0,70.0,0.0,0.0,
1988-10-19,70.0,70.0,70.0,70.0,0.0,0.0,
1988-10-20,70.0,70.0,70.0,70.0,0.0,0.0,
1988-10-21,70.0,70.0,70.0,70.0,0.0,0.0,
1988-10-24,71.0,71.0,71.0,71.0,0.0,1.0,
1988-10-25,72.0,72.0,72.0,72.0,0.0,1.0,
1988-10-26,71.0,71.0,71.0,71.0,0.0,1.0,
1988-10-27,72.0,72.0,72.0,72.0,0.0,1.0,
1988-10-28,71.0,71.0,71.0,71.0,0.0,1.0,
1988-10-31,72.0,72.0,72.0,72.0,0.0,1.0,
1988-11-01,71.0,71.0,71.0,71.0,0.0,1.0,
1988-11-02,71.0,71.0,71.0,71.0,0.0,0.0,
1988-11-03,71.0,71.0,71.0,71.0,0.0,0.0,
1988-11-04,71.0,71.0,71.0,71.0,0.0,0.0,
1988-11-07,71.0,71.0,71.0,71.0,0.0,0.0,
1988-11-08,71.0,71.0,71.0,71.0,0.0,0.0,
1988-11-09,71.0,71.0,71.0,71.0,0.0,0.0,
1988-11-10,70.0,70.0,70.0,70.0,0.0,1.0,
1988-11-11,70.0,70.0,70.0,70.0,0.0,0.0,
1988-11-14,70.0,70.0,70.0,70.0,0.0,0.0,
1988-11-15,70.0,70.0,70.0,70.0,0.0,0.0,
1988-11-16,70.0,70.0,70.0,70.0,0.0,0.0,
1988-11-17,70.0,70.0,70.0,70.0,0.0,0.0,
1988-11-18,70.0,70.0,70.0,70.0,0.0,0.0,
1988-11-21,70.0,70.0,70.0,70.0,0.0,0.0,
1988-11-22,70.0,70.0,70.0,70.0,0.0,0.0,
1988-11-23,70.0,70.0,70.0,70.0,0.0,0.0,
1988-11-24,70.0,70.0,70.0,70.0,0.0,0.0,
1988-11-25,69.0,69.0,69.0,69.0,0.0,1.0,
1988-11-28,68.0,68.0,68.0,68.0,0.0,1.0,
1988-11-29,68.0,68.0,68.0,68.0,0.0,0.0,
1988-11-30,68.0,68.0,68.0,68.0,0.0,0.0,
1988-12-01,67.0,67.0,67.0,67.0,0.0,1.0,
1988-12-02,68.0,68.0,68.0,68.0,0.0,1.0,
1988-12-05,67.0,67.0,67.0,67.0,0.0,1.0,
1988-12-06,67.0,67.0,67.0,67.0,0.0,0.0,
1988-12-07,66.0,66.0,66.0,66.0,0.0,1.0,
1988-12-08,67.0,67.0,67.0,67.0,0.0,1.0,
1988-12-09,66.0,66.0,66.0,66.0,0.0,1.0,
1988-12-12,66.0,66.0,66.0,66.0,0.0,0.0,
1988-12-13,66.0,66.0,66.0,66.0,0.0,0.0,
1988-12-14,62.0,62.0,62.0,62.0,0.0,1.0,
1988-12-15,61.0,61.0,61.0,61.0,0.0,1.0,
1988-12-16,62.0,62.0,62.0,62.0,0.0,1.0,
1988-12-19,61.0,61.0,61.0,61.0,0.0,1.0,
1988-12-20,61.0,61.0,61.0,61.0,0.0,0.0,
1988-12-21,61.0,61.0,61.0,61.0,0.0,0.0,
1988-12-22,61.0,61.0,61.0,61.0,0.0,0.0,
1988-12-23,61.0,61.0,61.0,61.0,0.0,0.0,
1988-12-26,61.0,61.0,61.0,61.0,0.0,0.0,
1988-12-27,61.0,61.0,61.0,61.0,0.0,0.0,
1988-12-28,61.0,61.0,61.0,61.0,0.0,0.0,
1988-12-29,61.0,61.0,61.0,61.0,0.0,0.0,
1988-12-30,61.0,61.0,61.0,61.0,0.0,0.0,
1989-01-02,61.0,61.0,61.0,61.0,0.0,0.0,
1989-01-03,60.0,60.0,60.0,60.0,0.0,1.0,
1989-01-04,56.0,56.0,56.0,56.0,0.0,1.0,
1989-01-05,56.0,56.0,56.0,56.0,0.0,0.0,
1989-01-06,56.0,56.0,56.0,56.0,0.0,0.0,
1989-01-09,56.0,56.0,56.0,56.0,0.0,0.0,
1989-01-10,56.0,56.0,56.0,56.0,0.0,0.0,
1989-01-11,56.0,56.0,56.0,56.0,0.0,0.0,
1989-01-12,56.0,56.0,56.0,56.0,0.0,0.0,
1989-01-13,55.0,55.0,55.0,55.0,0.0,1.0,
1989-01-16,55.0,55.0,55.0,55.0,0.0,0.0,
1989-01-17,56.0,56.0,56.0,56.0,0.0,1.0,
1989-01-18,56.0,56.0,56.0,56.0,0.0,0.0,
1989-01-19,56.0,56.0,56.0,56.0,0.0,0.0,
1989-01-20,57.0,57.0,57.0,57.0,0.0,1.0,
1989-01-23,58.0,58.0,58.0,58.0,0.0,1.0,
1989-01-24,59.0,59.0,59.0,59.0,0.0,1.0,
1989-01-25,60.0,60.0,60.0,60.0,0.0,1.0,
1989-01-26,59.0,59.0,59.0,59.0,0.0,1.0,
1989-01-27,61.0,61.0,61.0,61.0,0.0,1.0,
1989-01-30,62.0,62.0,62.0,62.0,0.0,1.0,
1989-01-31,61.0,61.0,61.0,61.0,0.0,1.0,
1989-02-01,61.0,61.0,61.0,61.0,0.0,0.0,
1989-02-02,61.0,61.0,61.0,61.0,0.0,0.0,
1989-02-03,61.0,61.0,61.0,61.0,0.0,0.0,
1989-02-06,60.0,60.0,60.0,60.0,0.0,1.0,
1989-02-07,60.0,60.0,60.0,60.0,0.0,0.0,
1989-02-08,62.0,62.0,62.0,62.0,0.0,1.0,
1989-02-09,62.0,62.0,62.0,62.0,0.0,0.0,
1989-02-10,62.0,62.0,62.0,62.0,0.0,0.0,
1989-02-13,61.0,61.0,61.0,61.0,0.0,1.0,
1989-02-14,61.0,61.0,61.0,61.0,0.0,0.0,
1989-02-15,62.0,62.0,62.0,62.0,0.0,1.0,
1989-02-16,63.0,63.0,63.0,63.0,0.0,1.0,
1989-02-17,64.0,64.0,64.0,64.0,0.0,1.0,
1989-02-20,65.0,65.0,65.0,65.0,0.0,1.0,
1989-02-21,67.0,67.0,67.0,67.0,0.0,1.0,
1989-02-22,66.0,66.0,66.0,66.0,0.0,1.0,
1989-02-23,65.0,65.0,65.0,65.0,0.0,1.0,
1989-02-24,65.0,65.0,65.0,65.0,0.0,0.0,
1989-02-27,65.0,65.0,65.0,65.0,0.0,0.0,
1989-02-28,65.0,65.0,65.0,65.0,0.0,0.0,
1989-03-01,66.0,66.0,66.0,66.0,0.0,1.0,
1989-03-02,65.0,65.0,65.0,65.0,0.0,1.0,
1989-03-03,66.0,66.0,66.0,66.0,0.0,1.0,
1989-03-06,66.0,66.0,66.0,66.0,0.0,0.0,
1989-03-07,66.0,66.0,66.0,66.0,0.0,0.0,
1989-03-08,66.0,66.0,66.0,66.0,0.0,0.0,
1989-03-09,66.0,66.0,66.0,66.0,0.0,0.0,
1989-03-10,70.0,70.0,70.0,70.0,0.0,1.0,
1989-03-13,70.0,70.0,70.0,70.0,0.0,0.0,
1989-03-14,70.0,70.0,70.0,70.0,0.0,0.0,
1989-03-15,69.0,69.0,69.0,69.0,0.0,1.0,
1989-03-16,68.0,68.0,68.0,68.0,0.0,1.0,
1989-03-17,68.0,68.0,68.0,68.0,0.0,0.0,
1989-03-20,69.0,69.0,69.0,69.0,0.0,1.0,
1989-03-21,68.0,68.0,68.0,68.0,0.0,1.0,
1989-03-22,68.0,68.0,68.0,68.0,0.0,0.0,
1989-03-23,68.0,68.0,68.0,68.0,0.0,0.0,
1989-03-24,68.0,68.0,68.0,68.0,0.0,0.0,
1989-03-27,68.0,68.0,68.0,68.0,0.0,0.0,
1989-03-28,68.0,68.0,68.0,68.0,0.0,0.0,
1989-03-29,68.0,68.0,68.0,68.0,0.0,0.0,
1989-03-30,68.0,68.0,68.0,68.0,0.0,0.0,
1989-03-31,70.0,70.0,70.0,70.0,0.0,1.0,
1989-04-03,70.0,70.0,70.0,70.0,0.0,0.0,
1989-04-04,71.0,71.0,71.0,71.0,0.0,1.0,
1989-04-05,70.0,70.0,70.0,70.0,0.0,1.0,
1989-04-06,71.0,71.0,71.0,71.0,0.0,1.0,
1989-04-07,70.0,70.0,70.0,70.0,0.0,1.0,
1989-04-10,71.0,71.0,71.0,71.0,0.0,1.0,
1989-04-11,71.0,71.0,71.0,71.0,0.0,0.0,
1989-04-12,71.0,71.0,71.0,71.0,0.0,0.0,
1989-04-13,71.0,71.0,71.0,71.0,0.0,0.0,
1989-04-14,72.0,72.0,72.0,72.0,0.0,1.0,
1989-04-17,71.0,71.0,71.0,71.0,0.0,1.0,
1989-04-18,72.0,72.0,72.0,72.0,0.0,1.0,
1989-04-19,72.0,72.0,72.0,72.0,0.0,0.0,
1989-04-20,71.0,71.0,71.0,71.0,0.0,1.0,
1989-04-21,71.0,71.0,71.0,71.0,0.0,0.0,
1989-04-24,72.0,72.0,72.0,72.0,0.0,1.0,
1989-04-25,71.0,71.0,71.0,71.0,0.0,1.0,
1989-04-26,72.0,72.0,72.0,72.0,0.0,1.0,
1989-04-27,71.0,71.0,71.0,71.0,0.0,1.0,
1989-04-28,72.0,72.0,72.0,72.0,0.0,1.0,
1989-05-01,72.0,72.0,72.0,72.0,0.0,0.0,
1989-05-02,71.0,71.0,71.0,71.0,0.0,1.0,
1989-05-03,72.0,72.0,72.0,72.0,0.0,1.0,
1989-05-04,71.0,71.0,71.0,71.0,0.0,1.0,
1989-05-05,71.0,71.0,71.0,71.0,0.0,0.0,
1989-05-08,71.0,71.0,71.0,71.0,0.0,0.0,
1989-05-09,72.0,72.0,72.0,72.0,0.0,1.0,
1989-05-10,71.0,71.0,71.0,71.0,0.0,1.0,
1989-05-11,71.0,71.0,71.0,71.0,0.0,0.0,
1989-05-12,71.0,71.0,71.0,71.0,0.0,0.0,
1989-05-15,71.0,71.0,71.0,71.0,0.0,0.0,
1989-05-16,71.0,71.0,71.0,71.0,0.0,0.0,
1989-05-17,71.0,71.0,71.0,71.0,0.0,0.0,
1989-05-18,71.0,71.0,71.0,71.0,0.0,0.0,
1989-05-19,71.0,71.0,71.0,71.0,0.0,0.0,
1989-05-22,71.0,71.0,71.0,71.0,0.0,0.0,
1989-05-23,70.0,70.0,70.0,70.0,0.0,1.0,
1989-05-24,70.0,70.0,70.0,70.0,0.0,0.0,
1989-05-25,70.0,70.0,70.0,70.0,0.0,0.0,
1989-05-26,71.0,71.0,71.0,71.0,0.0,1.0,
1989-05-29,71.0,71.0,71.0,71.0,0.0,0.0,
1989-05-30,72.0,72.0,72.0,72.0,0.0,1.0,
1989-05-31,71.0,71.0,71.0,71.0,0.0,1.0,
1989-06-01,72.0,72.0,72.0,72.0,0.0,1.0,
1989-06-02,71.0,71.0,71.0,71.0,0.0,1.0,
1989-06-05,70.0,70.0,70.0,70.0,0.0,1.0,
1989-06-06,71.0,71.0,71.0,71.0,0.0,1.0,
1989-06-07,71.0,71.0,71.0,71.0,0.0,0.0,
1989-06-08,70.0,70.0,70.0,70.0,0.0,1.0,
1989-06-09,70.0,70.0,70.0,70.0,0.0,0.0,
1989-06-12,71.0,71.0,71.0,71.0,0.0,1.0,
1989-06-13,70.0,70.0,70.0,70.0,0.0,1.0,
1989-06-14,69.0,69.0,69.0,69.0,0.0,1.0,
1989-06-15,69.0,69.0,69.0,69.0,0.0,0.0,
1989-06-16,70.0,70.0,70.0,70.0,0.0,1.0,
1989-06-19,70.0,70.0,70.0,70.0,0.0,0.0,
1989-06-20,69.0,69.0,69.0,69.0,0.0,1.0,
1989-06-21,69.0,69.0,69.0,69.0,0.0,0.0,
1989-06-22,69.0,69.0,69.0,69.0,0.0,0.0,
1989-06-23,69.0,69.0,69.0,69.0,0.0,0.0,
1989-06-26,69.0,69.0,69.0,69.0,0.0,0.0,
1989-06-27,70.0,70.0,70.0,70.0,0.0,1.0,
1989-06-28,69.0,69.0,69.0,69.0,0.0,1.0,
1989-06-29,69.0,69.0,69.0,69.0,0.0,0.0,
1989-06-30,69.0,69.0,69.0,69.0,0.0,0.0,
1989-07-03,69.0,69.0,69.0,69.0,0.0,0.0,
1989-07-04,69.0,69.0,69.0,69.0,0.0,0.0,
1989-07-05,69.0,69.0,69.0,69.0,0.0,0.0,
1989-07-06,69.0,69.0,69.0,69.0,0.0,0.0,
1989-07-07,69.0,69.0,69.0,69.0,0.0,0.0,
1989-07-10,69.0,69.0,69.0,69.0,0.0,0.0,
1989-07-11,69.0,69.0,69.0,69.0,0.0,0.0,
1989-07-12,68.0,68.0,68.0,68.0,0.0,1.0,
1989-07-13,69.0,69.0,69.0,69.0,0.0,1.0,
1989-07-14,69.0,69.0,69.0,69.0,0.0,0.0,
1989-07-17,70.0,70.0,70.0,70.0,0.0,1.0,
1989-07-18,69.0,69.0,69.0,69.0,0.0,1.0,
1989-07-19,69.0,69.0,69.0,69.0,0.0,0.0,
1989-07-20,70.0,70.0,70.0,70.0,0.0,1.0,
1989-07-21,71.0,71.0,71.0,71.0,0.0,1.0,
1989-07-24,71.0,71.0,71.0,71.0,0.0,0.0,
1989-07-25,70.0,70.0,70.0,70.0,0.0,1.0,
1989-07-26,70.0,70.0,70.0,70.0,0.0,0.0,
1989-07-27,71.0,71.0,71.0,71.0,0.0,1.0,
1989-07-28,71.0,71.0,71.0,71.0,0.0,0.0,
1989-07-31,71.0,71.0,71.0,71.0,0.0,0.0,
1989-08-01,73.0,73.0,73.0,73.0,0.0,1.0,
1989-08-02,78.0,78.0,78.0,78.0,0.0,1.0,
1989-08-03,78.0,78.0,78.0,78.0,0.0,0.0,
1989-08-04,78.0,78.0,78.0,78.0,0.0,0.0,
1989-08-07,79.0,79.0,79.0,79.0,0.0,1.0,
1989-08-08,79.0,79.0,79.0,79.0,0.0,0.0,
1989-08-09,79.0,79.0,79.0,79.0,0.0,0.0,
1989-08-10,79.0,79.0,79.0,79.0,0.0,0.0,
1989-08-11,79.0,79.0,79.0,79.0,0.0,0.0,
1989-08-14,79.0,79.0,79.0,79.0,0.0,0.0,
1989-08-15,79.0,79.0,79.0,79.0,0.0,0.0,
1989-08-16,79.0,79.0,79.0,79.0,0.0,0.0,
1989-08-17,78.0,78.0,78.0,78.0,0.0,1.0,
1989-08-18,78.0,78.0,78.0,78.0,0.0,0.0,
1989-08-21,77.0,77.0,77.0,77.0,0.0,1.0,
1989-08-22,78.0,78.0,78.0,78.0,0.0,1.0,
1989-08-23,78.0,78.0,78.0,78.0,0.0,0.0,
1989-08-24,78.0,78.0,78.0,78.0,0.0,0.0,
1989-08-25,78.0,78.0,78.0,78.0,0.0,0.0,
1989-08-28,78.0,78.0,78.0,78.0,0.0,0.0,
1989-08-29,78.0,78.0,78.0,78.0,0.0,0.0,
1989-08-30,78.0,78.0,78.0,78.0,0.0,0.0,
1989-08-31,78.0,78.0,78.0,78.0,0.0,0.0,
1989-09-01,78.0,78.0,78.0,78.0,0.0,0.0,
1989-09-04,78.0,78.0,78.0,78.0,0.0,0.0,
1989-09-05,78.0,78.0,78.0,78.0,0.0,0.0,
1989-09-06,78.0,78.0,78.0,78.0,0.0,0.0,
1989-09-07,78.0,78.0,78.0,78.0,0.0,0.0,
1989-09-08,78.0,78.0,78.0,78.0,0.0,0.0,
1989-09-11,78.0,78.0,78.0,78.0,0.0,0.0,
1989-09-12,79.0,79.0,79.0,79.0,0.0,1.0,
1989-09-13,78.0,78.0,78.0,78.0,0.0,1.0,
1989-09-14,79.0,79.0,79.0,79.0,0.0,1.0,
1989-09-15,79.0,79.0,79.0,79.0,0.0,0.0,
1989-09-18,79.0,79.0,79.0,79.0,0.0,0.0,
1989-09-19,79.0,79.0,79.0,79.0,0.0,0.0,
1989-09-20,79.0,79.0,79.0,79.0,0.0,0.0,
1989-09-21,79.0,79.0,79.0,79.0,0.0,0.0,
1989-09-22,79.0,79.0,79.0,79.0,0.0,0.0,
1989-09-25,78.0,78.0,78.0,78.0,0.0,1.0,
1989-09-26,78.0,78.0,78.0,78.0,0.0,0.0,
1989-09-27,80.0,80.0,80.0,80.0,0.0,1.0,
1989-09-28,78.0,78.0,78.0,78.0,0.0,1.0,
1989-09-29,77.0,77.0,77.0,77.0,0.0,1.0,
1989-10-02,76.0,76.0,76.0,76.0,0.0,1.0,
1989-10-03,76.0,76.0,76.0,76.0,0.0,0.0,
1989-10-04,76.0,76.0,76.0,76.0,0.0,0.0,
1989-10-05,75.0,75.0,75.0,75.0,0.0,1.0,
1989-10-06,75.0,75.0,75.0,75.0,0.0,0.0,
1989-10-09,73.0,73.0,73.0,73.0,0.0,1.0,
1989-10-10,73.0,73.0,73.0,73.0,0.0,0.0,
1989-10-11,71.0,71.0,71.0,71.0,0.0,1.0,
1989-10-12,71.0,71.0,71.0,71.0,0.0,0.0,
1989-10-13,71.0,71.0,71.0,71.0,0.0,0.0,
1989-10-16,64.0,64.0,64.0,64.0,0.0,1.0,
1989-10-17,67.0,67.0,67.0,67.0,0.0,1.0,
1989-10-18,66.0,66.0,66.0,66.0,0.0,1.0,
1989-10-19,66.0,66.0,66.0,66.0,0.0,0.0,
1989-10-20,68.0,68.0,68.0,68.0,0.0,1.0,
1989-10-23,68.0,68.0,68.0,68.0,0.0,0.0,
1989-10-24,71.0,71.0,71.0,71.0,0.0,1.0,
1989-10-25,70.0,70.0,70.0,70.0,0.0,1.0,
1989-10-26,71.0,71.0,71.0,71.0,0.0,1.0,
1989-10-27,70.0,70.0,70.0,70.0,0.0,1.0,
1989-10-30,72.0,72.0,72.0,72.0,0.0,1.0,
1989-10-31,71.0,71.0,71.0,71.0,0.0,1.0,
1989-11-01,73.0,73.0,73.0,73.0,0.0,1.0,
1989-11-02,70.0,70.0,70.0,70.0,0.0,1.0,
1989-11-03,70.0,70.0,70.0,70.0,0.0,0.0,
1989-11-06,70.0,70.0,70.0,70.0,0.0,0.0,
1989-11-07,70.0,70.0,70.0,70.0,0.0,0.0,
1989-11-08,71.0,71.0,71.0,71.0,0.0,1.0,
1989-11-09,71.0,71.0,71.0,71.0,0.0,0.0,
1989-11-10,70.0,70.0,70.0,70.0,0.0,1.0,
1989-11-13,70.0,70.0,70.0,70.0,0.0,0.0,
1989-11-14,70.0,70.0,70.0,70.0,0.0,0.0,
1989-11-15,70.0,70.0,70.0,70.0,0.0,0.0,
1989-11-16,71.0,71.0,71.0,71.0,0.0,1.0,
1989-11-17,71.0,71.0,71.0,71.0,0.0,0.0,
1989-11-20,70.0,70.0,70.0,70.0,0.0,1.0,
1989-11-21,69.0,69.0,69.0,69.0,0.0,1.0,
1989-11-22,69.0,69.0,69.0,69.0,0.0,0.0,
1989-11-23,68.0,68.0,68.0,68.0,0.0,1.0,
1989-11-24,69.0,69.0,69.0,69.0,0.0,1.0,
1989-11-27,73.0,73.0,73.0,73.0,0.0,1.0,
1989-11-28,73.0,73.0,73.0,73.0,0.0,0.0,
1989-11-29,73.0,73.0,73.0,73.0,0.0,0.0,
1989-11-30,74.0,74.0,74.0,74.0,0.0,1.0,
1989-12-01,75.0,75.0,75.0,75.0,0.0,1.0,
1989-12-04,75.0,75.0,75.0,75.0,0.0,0.0,
1989-12-05,75.0,75.0,75.0,75.0,0.0,0.0,
1989-12-06,74.0,74.0,74.0,74.0,0.0,1.0,
1989-12-07,75.0,75.0,75.0,75.0,0.0,1.0,
1989-12-08,75.0,75.0,75.0,75.0,0.0,0.0,
1989-12-11,75.0,75.0,75.0,75.0,0.0,0.0,
1989-12-12,75.0,75.0,75.0,75.0,0.0,0.0,
1989-12-13,75.0,75.0,75.0,75.0,0.0,0.0,
1989-12-14,76.0,76.0,76.0,76.0,0.0,1.0,
1989-12-15,76.0,76.0,76.0,76.0,0.0,0.0,
1989-12-18,77.0,77.0,77.0,77.0,0.0,1.0,
1989-12-19,75.0,75.0,75.0,75.0,0.0,1.0,
1989-12-20,74.0,74.0,74.0,74.0,0.0,1.0,
1989-12-21,74.0,74.0,74.0,74.0,0.0,0.0,
1989-12-22,74.0,74.0,74.0,74.0,0.0,0.0,
1989-12-25,74.0,74.0,74.0,74.0,0.0,0.0,
1989-12-26,74.0,74.0,74.0,74.0,0.0,0.0,
1989-12-27,73.0,73.0,73.0,73.0,0.0,1.0,
1989-12-28,74.0,74.0,74.0,74.0,0.0,1.0,
1989-12-29,74.0,74.0,74.0,74.0,0.0,0.0,
1990-01-01,74.0,74.0,74.0,74.0,0.0,0.0,
1990-01-02,74.0,74.0,74.0,74.0,0.0,0.0,
1990-01-03,75.0,75.0,75.0,75.0,0.0,1.0,
1990-01-04,76.0,76.0,76.0,76.0,0.0,1.0,
1990-01-05,76.0,76.0,76.0,76.0,0.0,0.0,
1990-01-08,76.0,76.0,76.0,76.0,0.0,0.0,
1990-01-09,75.0,75.0,75.0,75.0,0.0,1.0,
1990-01-10,76.0,76.0,76.0,76.0,0.0,1.0,
1990-01-11,75.0,75.0,75.0,75.0,0.0,1.0,
1990-01-12,75.0,75.0,75.0,75.0,0.0,0.0,
1990-01-15,75.0,75.0,75.0,75.0,0.0,0.0,
1990-01-16,75.0,75.0,75.0,75.0,0.0,0.0,
1990-01-17,75.0,75.0,75.0,75.0,0.0,0.0,
1990-01-18,76.0,76.0,76.0,76.0,0.0,1.0,
1990-01-19,75.0,75.0,75.0,75.0,0.0,1.0,
1990-01-22,75.0,75.0,75.0,75.0,0.0,0.0,
1990-01-23,74.0,74.0,74.0,74.0,0.0,1.0,
1990-01-24,73.0,73.0,73.0,73.0,0.0,1.0,
1990-01-25,73.0,73.0,73.0,73.0,0.0,0.0,
1990-01-26,73.0,73.0,73.0,73.0,0.0,0.0,
1990-01-29,74.0,74.0,74.0,74.0,0.0,1.0,
1990-01-30,73.0,73.0,73.0,73.0,0.0,1.0,
1990-01-31,74.0,74.0,74.0,74.0,0.0,1.0,
1990-02-01,73.0,73.0,73.0,73.0,0.0,1.0,
1990-02-02,73.0,73.0,73.0,73.0,0.0,0.0,
1990-02-05,74.0,74.0,74.0,74.0,0.0,1.0,
1990-02-06,74.0,74.0,74.0,74.0,0.0,0.0,
1990-02-07,73.0,73.0,73.0,73.0,0.0,1.0,
1990-02-08,74.0,74.0,74.0,74.0,0.0,1.0,
1990-02-09,74.0,74.0,74.0,74.0,0.0,0.0,
1990-02-12,74.0,74.0,74.0,74.0,0.0,0.0,
1990-02-13,75.0,75.0,75.0,75.0,0.0,1.0,
1990-02-14,74.0,74.0,74.0,74.0,0.0,1.0,
1990-02-15,78.0,78.0,78.0,78.0,0.0,1.0,
1990-02-16,77.0,77.0,77.0,77.0,0.0,1.0,
1990-02-19,78.0,78.0,78.0,78.0,0.0,1.0,
1990-02-20,77.0,77.0,77.0,77.0,0.0,1.0,
1990-02-21,77.0,77.0,77.0,77.0,0.0,0.0,
1990-02-22,78.0,78.0,78.0,78.0,0.0,1.0,
1990-02-23,77.0,77.0,77.0,77.0,0.0,1.0,
1990-02-26,79.0,79.0,79.0,79.0,0.0,1.0,
1990-02-27,79.0,79.0,79.0,79.0,0.0,0.0,
1990-02-28,80.0,80.0,80.0,80.0,0.0,1.0,
1990-03-01,80.0,80.0,80.0,80.0,0.0,0.0,
1990-03-02,80.0,80.0,80.0,80.0,0.0,0.0,
1990-03-05,80.0,80.0,80.0,80.0,0.0,0.0,
1990-03-06,80.0,80.0,80.0,80.0,0.0,0.0,
1990-03-07,80.0,80.0,80.0,80.0,0.0,0.0,
1990-03-08,80.0,80.0,80.0,80.0,0.0,0.0,
1990-03-09,81.0,81.0,81.0,81.0,0.0,1.0,
1990-03-12,80.0,80.0,80.0,80.0,0.0,1.0,
1990-03-13,80.0,80.0,80.0,80.0,0.0,0.0,
1990-03-14,80.0,80.0,80.0,80.0,0.0,0.0,
1990-03-15,81.0,81.0,81.0,81.0,0.0,1.0,
1990-03-16,80.0,80.0,80.0,80.0,0.0,1.0,
1990-03-19,81.0,81.0,81.0,81.0,0.0,1.0,
1990-03-20,81.0,81.0,81.0,81.0,0.0,0.0,
1990-03-21,80.0,80.0,80.0,80.0,0.0,1.0,
1990-03-22,80.0,80.0,80.0,80.0,0.0,0.0,
1990-03-23,80.0,80.0,80.0,80.0,0.0,0.0,
1990-03-26,80.0,80.0,80.0,80.0,0.0,0.0,
1990-03-27,80.0,80.0,80.0,80.0,0.0,0.0,
1990-03-28,80.0,80.0,80.0,80.0,0.0,0.0,
1990-03-29,80.0,80.0,80.0,80.0,0.0,0.0,
1990-03-30,80.0,80.0,80.0,80.0,0.0,0.0,
1990-04-02,79.0,79.0,79.0,79.0,0.0,1.0,
1990-04-03,80.0,80.0,80.0,80.0,0.0,1.0,
1990-04-04,80.0,80.0,80.0,80.0,0.0,0.0,
1990-04-05,80.0,80.0,80.0,80.0,0.0,0.0,
1990-04-06,78.0,78.0,78.0,78.0,0.0,1.0,
1990-04-09,79.0,79.0,79.0,79.0,0.0,1.0,
1990-04-10,79.0,79.0,79.0,79.0,0.0,0.0,
1990-04-11,80.0,80.0,80.0,80.0,0.0,1.0,
1990-04-12,80.0,80.0,80.0,80.0,0.0,0.0,
1990-04-13,80.0,80.0,80.0,80.0,0.0,0.0,
1990-04-16,80.0,80.0,80.0,80.0,0.0,0.0,
1990-04-17,79.0,79.0,79.0,79.0,0.0,1.0,
1990-04-18,79.0,79.0,79.0,79.0,0.0,0.0,
1990-04-19,79.0,79.0,79.0,79.0,0.0,0.0,
1990-04-20,79.0,79.0,79.0,79.0,0.0,0.0,
1990-04-23,79.0,79.0,79.0,79.0,0.0,0.0,
1990-04-24,79.0,79.0,79.0,79.0,0.0,0.0,
1990-04-25,79.0,79.0,79.0,79.0,0.0,0.0,
1990-04-26,79.0,79.0,79.0,79.0,0.0,0.0,
1990-04-27,78.0,78.0,78.0,78.0,0.0,1.0,
1990-04-30,78.0,78.0,78.0,78.0,0.0,0.0,
1990-05-01,77.0,77.0,77.0,77.0,0.0,1.0,
1990-05-02,77.0,77.0,77.0,77.0,0.0,0.0,
1990-05-03,77.0,77.0,77.0,77.0,0.0,0.0,
1990-05-04,77.0,77.0,77.0,77.0,0.0,0.0,
1990-05-07,77.0,77.0,77.0,77.0,0.0,0.0,
1990-05-08,77.0,77.0,77.0,77.0,0.0,0.0,
1990-05-09,78.0,78.0,78.0,78.0,0.0,1.0,
1990-05-10,77.0,77.0,77.0,77.0,0.0,1.0,
1990-05-11,77.0,77.0,77.0,77.0,0.0,0.0,
1990-05-14,78.0,78.0,78.0,78.0,0.0,1.0,
1990-05-15,79.0,79.0,79.0,79.0,0.0,1.0,
1990-05-16,80.0,80.0,80.0,80.0,0.0,1.0,
1990-05-17,80.0,80.0,80.0,80.0,0.0,0.0,
1990-05-18,81.0,81.0,81.0,81.0,0.0,1.0,
1990-05-21,81.0,81.0,81.0,81.0,0.0,0.0,
1990-05-22,81.0,81.0,81.0,81.0,0.0,0.0,
1990-05-23,81.0,81.0,81.0,81.0,0.0,0.0,
1990-05-24,80.0,80.0,80.0,80.0,0.0,1.0,
1990-05-25,81.0,81.0,81.0,81.0,0.0,1.0,
1990-05-28,81.0,81.0,81.0,81.0,0.0,0.0,
1990-05-29,81.0,81.0,81.0,81.0,0.0,0.0,
1990-05-30,82.0,82.0,82.0,82.0,0.0,1.0,
1990-05-31,81.0,81.0,81.0,81.0,0.0,1.0,
1990-06-01,82.0,82.0,82.0,82.0,0.0,1.0,
1990-06-04,83.0,83.0,83.0,83.0,0.0,1.0,
1990-06-05,84.0,84.0,84.0,84.0,0.0,1.0,
1990-06-06,83.0,83.0,83.0,83.0,0.0,1.0,
1990-06-07,83.0,83.0,83.0,83.0,0.0,0.0,
1990-06-08,83.0,83.0,83.0,83.0,0.0,0.0,
1990-06-11,85.0,85.0,85.0,85.0,0.0,1.0,
1990-06-12,85.0,85.0,85.0,85.0,0.0,0.0,
1990-06-13,86.0,86.0,86.0,86.0,0.0,1.0,
1990-06-14,86.0,86.0,86.0,86.0,0.0,0.0,
1990-06-15,87.0,87.0,87.0,87.0,0.0,1.0,
1990-06-18,86.0,86.0,86.0,86.0,0.0,1.0,
1990-06-19,87.0,87.0,87.0,87.0,0.0,1.0,
1990-06-20,89.0,89.0,89.0,89.0,0.0,1.0,
1990-06-21,88.0,88.0,88.0,88.0,0.0,1.0,
1990-06-22,88.0,88.0,88.0,88.0,0.0,0.0,
1990-06-25,88.0,88.0,88.0,88.0,0.0,0.0,
1990-06-26,89.0,89.0,89.0,89.0,0.0,1.0,
1990-06-27,88.0,88.0,88.0,88.0,0.0,1.0,
1990-06-28,89.0,89.0,89.0,89.0,0.0,1.0,
1990-06-29,89.0,88.0,88.0,89.0,0.0,1.0,
1990-07-02,89.0,88.0,88.0,89.0,0.0,1.0,
1990-07-03,89.0,88.0,88.0,89.0,0.0,1.0,
1990-07-04,89.0,88.0,88.0,89.0,0.0,1.0,
1990-07-05,89.0,88.0,89.0,89.0,0.0,1.0,
1990-07-06,89.0,88.0,88.0,89.0,0.0,1.0,
1990-07-09,89.0,88.0,88.0,89.0,0.0,1.0,
1990-07-10,89.0,88.0,88.0,89.0,0.0,1.0,
1990-07-11,89.0,88.0,88.0,89.0,0.0,1.0,
1990-07-12,89.0,88.0,89.0,89.0,0.0,1.0,
1990-07-13,89.0,88.0,89.0,89.0,0.0,0.0,
1990-07-16,91.0,88.0,89.0,88.0,0.0,1.0,
1990-07-17,93.0,89.0,93.0,90.0,0.0,1.0,
1990-07-18,97.0,93.0,97.0,94.0,0.0,1.0,
1990-07-19,97.0,96.0,96.0,97.0,0.0,1.0,
1990-07-20,97.0,96.0,96.0,97.0,0.0,1.0,
1990-07-23,98.0,96.0,96.0,96.0,0.0,0.0,
1990-07-24,98.0,96.0,98.0,97.0,0.0,1.0,
1990-07-25,98.0,97.0,98.0,98.0,0.0,0.0,
1990-07-26,98.0,97.0,97.0,98.0,0.0,1.0,
1990-07-27,98.0,97.0,97.0,98.0,0.0,1.0,
1990-07-30,98.0,97.0,98.0,97.0,0.0,1.0,
1990-07-31,98.0,97.0,97.0,98.0,0.0,1.0,
1990-08-01,98.0,97.0,97.0,98.0,0.0,1.0,
1990-08-02,98.0,95.0,95.0,97.0,0.0,1.0,
1990-08-03,96.0,94.0,94.0,95.0,0.0,1.0,
1990-08-06,95.0,93.0,93.0,94.0,0.0,1.0,
1990-08-07,93.0,92.0,92.0,93.0,0.0,1.0,
1990-08-08,93.0,92.0,92.0,92.0,0.0,0.0,
1990-08-09,93.0,92.0,92.0,92.0,0.0,0.0,
1990-08-10,93.0,92.0,92.0,92.0,0.0,0.0,
1990-08-13,93.0,92.0,92.0,92.0,0.0,0.0,
1990-08-14,93.0,92.0,92.0,92.0,0.0,0.0,
1990-08-15,93.0,92.0,92.0,92.0,0.0,0.0,
1990-08-16,93.0,92.0,93.0,92.0,0.0,1.0,
1990-08-17,93.0,91.0,91.0,93.0,0.0,1.0,
1990-08-20,91.0,89.0,89.0,91.0,0.0,1.0,
1990-08-21,90.0,87.0,87.0,90.0,0.0,1.0,
1990-08-22,87.0,87.0,87.0,87.0,0.0,0.0,
1990-08-23,87.0,83.0,83.0,86.0,0.0,1.0,
1990-08-24,85.0,83.0,84.0,85.0,0.0,1.0,
1990-08-27,84.0,84.0,84.0,84.0,0.0,0.0,
1990-08-28,84.0,83.0,84.0,84.0,0.0,0.0,
1990-08-29,84.0,83.0,84.0,84.0,0.0,0.0,
1990-08-30,84.0,83.0,83.0,84.0,0.0,1.0,
1990-08-31,84.0,83.0,84.0,84.0,0.0,1.0,
1990-09-03,84.0,83.0,83.0,84.0,0.0,1.0,
1990-09-04,84.0,83.0,83.0,83.0,0.0,0.0,
1990-09-05,84.0,83.0,83.0,84.0,0.0,1.0,
1990-09-06,84.0,83.0,83.0,84.0,0.0,1.0,
1990-09-07,84.0,83.0,83.0,84.0,0.0,1.0,
1990-09-10,84.0,83.0,83.0,83.0,0.0,0.0,
1990-09-11,84.0,83.0,83.0,83.0,0.0,0.0,
1990-09-12,84.0,83.0,83.0,83.0,0.0,0.0,
1990-09-13,84.0,83.0,83.0,83.0,0.0,0.0,
1990-09-14,84.0,83.0,83.0,83.0,0.0,0.0,
1990-09-17,84.0,83.0,84.0,83.0,0.0,1.0,
1990-09-18,84.0,83.0,83.0,83.0,0.0,1.0,
1990-09-19,84.0,83.0,83.0,83.0,0.0,0.0,
1990-09-20,84.0,82.0,82.0,83.0,0.0,1.0,
1990-09-21,83.0,80.0,80.0,83.0,0.0,1.0,
1990-09-24,82.0,80.0,80.0,82.0,0.0,1.0,
1990-09-25,80.0,79.0,79.0,80.0,0.0,1.0,
1990-09-26,80.0,76.0,77.0,80.0,0.0,1.0,
1990-09-27,77.0,76.0,76.0,77.0,0.0,1.0,
1990-09-28,77.0,76.0,77.0,77.0,0.0,1.0,
1990-10-01,77.0,76.0,77.0,77.0,0.0,0.0,
1990-10-02,77.0,76.0,76.0,77.0,0.0,1.0,
1990-10-03,77.0,76.0,77.0,77.0,0.0,1.0,
1990-10-04,77.0,76.0,77.0,77.0,0.0,0.0,
1990-10-05,77.0,76.0,77.0,77.0,0.0,0.0,
1990-10-08,79.0,77.0,77.0,78.0,0.0,1.0,
1990-10-09,78.0,77.0,77.0,78.0,0.0,1.0,
1990-10-10,78.0,77.0,77.0,78.0,0.0,1.0,
1990-10-11,78.0,77.0,77.0,78.0,0.0,1.0,
1990-10-12,78.0,77.0,77.0,78.0,0.0,1.0,
1990-10-15,78.0,77.0,78.0,78.0,0.0,1.0,
1990-10-16,78.0,77.0,77.0,78.0,0.0,1.0,
1990-10-17,78.0,77.0,77.0,78.0,0.0,1.0,
1990-10-18,78.0,77.0,77.0,78.0,0.0,1.0,
1990-10-19,80.0,77.0,80.0,78.0,0.0,1.0,
1990-10-22,80.0,79.0,79.0,79.0,0.0,1.0,
1990-10-23,80.0,79.0,79.0,79.0,0.0,0.0,
1990-10-24,80.0,79.0,79.0,79.0,0.0,0.0,
1990-10-25,80.0,78.0,78.0,79.0,0.0,1.0,
1990-10-26,79.0,78.0,79.0,78.0,0.0,1.0,
1990-10-29,79.0,78.0,78.0,78.0,0.0,1.0,
1990-10-30,79.0,78.0,79.0,78.0,0.0,1.0,
1990-10-31,80.0,78.0,80.0,78.0,0.0,1.0,
1990-11-01,80.0,79.0,79.0,80.0,0.0,1.0,
1990-11-02,80.0,79.0,79.0,80.0,0.0,1.0,
1990-11-05,80.0,79.0,79.0,80.0,0.0,1.0,
1990-11-06,80.0,79.0,79.0,80.0,0.0,1.0,
1990-11-07,80.0,79.0,79.0,80.0,0.0,1.0,
1990-11-08,80.0,79.0,79.0,80.0,0.0,1.0,
1990-11-09,80.0,79.0,79.0,80.0,0.0,1.0,
1990-11-12,80.0,79.0,79.0,80.0,0.0,1.0,
1990-11-13,80.0,79.0,80.0,80.0,0.0,1.0,
1990-11-14,80.0,79.0,79.0,80.0,0.0,1.0,
1990-11-15,80.0,79.0,79.0,80.0,0.0,1.0,
1990-11-16,80.0,79.0,79.0,80.0,0.0,1.0,
1990-11-19,80.0,79.0,80.0,80.0,0.0,1.0,
1990-11-20,80.0,79.0,79.0,80.0,0.0,1.0,
1990-11-21,80.0,79.0,80.0,80.0,0.0,1.0,
1990-11-22,80.0,79.0,80.0,80.0,0.0,0.0,
1990-11-23,80.0,79.0,79.0,80.0,0.0,1.0,
1990-11-26,81.0,79.0,80.0,80.0,0.0,1.0,
1990-11-27,82.0,80.0,80.0,80.0,0.0,0.0,
1990-11-28,82.0,80.0,81.0,80.0,0.0,1.0,
1990-11-29,81.0,81.0,81.0,81.0,0.0,0.0,
1990-11-30,81.0,81.0,81.0,81.0,0.0,0.0,
1990-12-03,81.0,81.0,81.0,81.0,0.0,0.0,
1990-12-04,81.0,80.0,80.0,81.0,0.0,1.0,
1990-12-05,81.0,80.0,81.0,81.0,0.0,1.0,
1990-12-06,82.0,80.0,81.0,81.0,0.0,0.0,
1990-12-07,82.0,81.0,82.0,82.0,0.0,1.0,
1990-12-10,82.0,81.0,81.0,82.0,0.0,1.0,
1990-12-11,81.0,81.0,81.0,81.0,0.0,0.0,
1990-12-12,81.0,80.0,80.0,81.0,0.0,1.0,
1990-12-13,81.0,79.0,79.0,81.0,0.0,1.0,
1990-12-14,80.0,79.0,80.0,79.0,0.0,1.0,
1990-12-17,80.0,76.0,76.0,80.0,0.0,1.0,
1990-12-18,77.0,76.0,76.0,76.0,0.0,0.0,
1990-12-19,76.0,76.0,76.0,76.0,0.0,0.0,
1990-12-20,76.0,75.0,75.0,76.0,0.0,1.0,
1990-12-21,76.0,75.0,76.0,76.0,0.0,1.0,
1990-12-24,76.0,75.0,76.0,76.0,0.0,0.0,
1990-12-25,76.0,76.0,76.0,76.0,0.0,0.0,
1990-12-26,76.0,76.0,76.0,76.0,0.0,0.0,
1990-12-27,76.0,75.0,76.0,75.0,0.0,1.0,
1990-12-28,76.0,75.0,76.0,75.0,0.0,1.0,
1990-12-31,76.0,75.0,76.0,76.0,0.0,0.0,
1991-01-01,76.0,76.0,76.0,76.0,0.0,0.0,
1991-01-02,76.0,75.0,75.0,75.0,0.0,1.0,
1991-01-03,76.0,75.0,76.0,75.0,0.0,1.0,
1991-01-04,76.0,75.0,76.0,75.0,0.0,1.0,
1991-01-07,76.0,75.0,76.0,75.0,0.0,1.0,
1991-01-08,76.0,75.0,76.0,75.0,0.0,1.0,
1991-01-09,76.0,75.0,76.0,75.0,0.0,1.0,
1991-01-10,76.0,75.0,75.0,75.0,0.0,1.0,
1991-01-11,75.0,75.0,75.0,75.0,0.0,0.0,
1991-01-14,75.0,75.0,75.0,75.0,0.0,0.0,
1991-01-15,75.0,73.0,73.0,75.0,0.0,1.0,
1991-01-16,73.0,72.0,72.0,73.0,0.0,1.0,
1991-01-17,72.0,72.0,72.0,72.0,0.0,0.0,
1991-01-18,72.0,72.0,72.0,72.0,0.0,0.0,
1991-01-21,72.0,72.0,72.0,72.0,0.0,0.0,
1991-01-22,72.0,72.0,72.0,72.0,0.0,0.0,
1991-01-23,72.0,72.0,72.0,72.0,0.0,0.0,
1991-01-24,72.0,72.0,72.0,72.0,0.0,0.0,
1991-01-25,72.0,72.0,72.0,72.0,0.0,0.0,
1991-01-28,72.0,72.0,72.0,72.0,0.0,0.0,
1991-01-29,72.0,72.0,72.0,72.0,0.0,0.0,
1991-01-30,72.0,72.0,72.0,72.0,0.0,0.0,
1991-01-31,72.0,72.0,72.0,72.0,0.0,0.0,
1991-02-01,72.0,72.0,72.0,72.0,0.0,0.0,
1991-02-04,72.0,72.0,72.0,72.0,0.0,0.0,
1991-02-05,72.0,72.0,72.0,72.0,0.0,0.0,
1991-02-06,72.0,72.0,72.0,72.0,0.0,0.0,
1991-02-07,72.0,72.0,72.0,72.0,0.0,0.0,
1991-02-08,72.0,72.0,72.0,72.0,0.0,0.0,
1991-02-11,72.0,72.0,72.0,72.0,0.0,0.0,
1991-02-12,73.0,73.0,73.0,73.0,0.0,1.0,
1991-02-13,73.0,73.0,73.0,73.0,0.0,0.0,
1991-02-14,73.0,73.0,73.0,73.0,0.0,0.0,
1991-02-15,74.0,73.0,73.0,74.0,0.0,1.0,
1991-02-18,74.0,73.0,73.0,74.0,0.0,1.0,
1991-02-19,74.0,73.0,74.0,74.0,0.0,1.0,
1991-02-20,74.0,73.0,73.0,74.0,0.0,1.0,
1991-02-21,73.0,72.0,73.0,72.0,0.0,1.0,
1991-02-22,73.0,73.0,73.0,73.0,0.0,0.0,
1991-02-25,73.0,73.0,73.0,73.0,0.0,0.0,
1991-02-26,74.0,73.0,73.0,74.0,0.0,1.0,
1991-02-27,74.0,73.0,73.0,74.0,0.0,1.0,
1991-02-28,74.0,73.0,74.0,74.0,0.0,1.0,
1991-03-01,74.0,74.0,74.0,74.0,0.0,0.0,
1991-03-04,74.0,74.0,74.0,74.0,0.0,0.0,
1991-03-05,74.0,74.0,74.0,74.0,0.0,0.0,
1991-03-06,76.0,74.0,76.0,74.0,0.0,1.0,
1991-03-07,76.0,76.0,76.0,76.0,0.0,0.0,
1991-03-08,76.0,76.0,76.0,76.0,0.0,0.0,
1991-03-11,76.0,76.0,76.0,76.0,0.0,0.0,
1991-03-12,76.0,76.0,76.0,76.0,0.0,0.0,
1991-03-13,76.0,75.0,75.0,76.0,0.0,1.0,
1991-03-14,76.0,75.0,75.0,76.0,0.0,1.0,
1991-03-15,76.0,75.0,75.0,76.0,0.0,1.0,
1991-03-18,76.0,75.0,76.0,76.0,0.0,1.0,
1991-03-19,76.0,76.0,76.0,76.0,0.0,0.0,
1991-03-20,76.0,76.0,76.0,76.0,0.0,0.0,
1991-03-21,76.0,76.0,76.0,76.0,0.0,0.0,
1991-03-22,76.0,76.0,76.0,76.0,0.0,0.0,
1991-03-25,76.0,76.0,76.0,76.0,0.0,0.0,
1991-03-26,76.0,76.0,76.0,76.0,0.0,0.0,
1991-03-27,76.0,76.0,76.0,76.0,0.0,0.0,
1991-03-28,76.0,76.0,76.0,76.0,0.0,0.0,
1991-03-29,76.0,76.0,76.0,76.0,0.0,0.0,
1991-04-01,76.0,76.0,76.0,76.0,0.0,0.0,
1991-04-02,74.0,74.0,74.0,74.0,0.0,1.0,
1991-04-03,75.0,74.0,74.0,75.0,0.0,1.0,
1991-04-04,74.0,74.0,74.0,74.0,0.0,0.0,
1991-04-05,74.0,74.0,74.0,74.0,0.0,0.0,
1991-04-08,74.0,74.0,74.0,74.0,0.0,0.0,
1991-04-09,74.0,73.0,73.0,74.0,0.0,1.0,
1991-04-10,73.0,73.0,73.0,73.0,0.0,0.0,
1991-04-11,73.0,72.0,72.0,73.0,0.0,1.0,
1991-04-12,72.0,70.0,70.0,72.0,0.0,1.0,
1991-04-15,70.0,69.0,69.0,70.0,0.0,1.0,
1991-04-16,69.0,69.0,69.0,69.0,0.0,0.0,
1991-04-17,69.0,69.0,69.0,69.0,0.0,0.0,
1991-04-18,69.0,67.0,67.0,69.0,0.0,1.0,
1991-04-19,67.0,66.0,66.0,67.0,0.0,1.0,
1991-04-22,67.0,66.0,66.0,67.0,0.0,1.0,
1991-04-23,67.0,66.0,66.0,67.0,0.0,1.0,
1991-04-24,67.0,66.0,66.0,67.0,0.0,1.0,
1991-04-25,67.0,66.0,66.0,67.0,0.0,1.0,
1991-04-26,67.0,66.0,66.0,67.0,0.0,1.0,
1991-04-29,67.0,66.0,66.0,67.0,0.0,1.0,
1991-04-30,66.0,66.0,66.0,66.0,0.0,0.0,
1991-05-01,66.0,66.0,66.0,66.0,0.0,0.0,
1991-05-02,66.0,66.0,66.0,66.0,0.0,0.0,
1991-05-03,66.0,66.0,66.0,66.0,0.0,0.0,
1991-05-06,66.0,66.0,66.0,66.0,0.0,0.0,
1991-05-07,66.0,66.0,66.0,66.0,0.0,0.0,
1991-05-08,66.0,66.0,66.0,66.0,0.0,0.0,
1991-05-09,66.0,66.0,66.0,66.0,0.0,0.0,
1991-05-10,66.0,66.0,66.0,66.0,0.0,0.0,
1991-05-13,66.0,62.0,62.0,66.0,0.0,1.0,
1991-05-14,63.0,62.0,62.0,63.0,0.0,1.0,
1991-05-15,63.0,62.0,62.0,63.0,0.0,1.0,
1991-05-16,63.0,60.0,60.0,63.0,0.0,1.0,
1991-05-17,60.0,60.0,60.0,60.0,0.0,0.0,
1991-05-20,60.0,58.0,58.0,60.0,0.0,1.0,
1991-05-21,59.0,58.0,58.0,59.0,0.0,1.0,
1991-05-22,59.0,58.0,58.0,59.0,0.0,1.0,
1991-05-23,59.0,58.0,58.0,59.0,0.0,1.0,
1991-05-24,58.0,57.0,57.0,58.0,0.0,1.0,
1991-05-27,57.0,57.0,57.0,57.0,0.0,0.0,
1991-05-28,57.0,57.0,57.0,57.0,0.0,0.0,
1991-05-29,57.0,57.0,57.0,57.0,0.0,0.0,
1991-05-30,57.0,57.0,57.0,57.0,0.0,0.0,
1991-05-31,56.0,56.0,56.0,56.0,0.0,1.0,
1991-06-03,56.0,56.0,56.0,56.0,0.0,0.0,
1991-06-04,56.0,56.0,56.0,56.0,0.0,0.0,
1991-06-05,57.0,56.0,56.0,57.0,0.0,1.0,
1991-06-06,56.0,56.0,56.0,56.0,0.0,0.0,
1991-06-07,56.0,56.0,56.0,56.0,0.0,0.0,
1991-06-10,56.0,56.0,56.0,56.0,0.0,0.0,
1991-06-11,57.0,56.0,56.0,57.0,0.0,1.0,
1991-06-12,56.0,56.0,56.0,56.0,0.0,0.0,
1991-06-13,56.0,56.0,56.0,56.0,0.0,0.0,
1991-06-14,56.0,56.0,56.0,56.0,0.0,0.0,
1991-06-17,56.0,56.0,56.0,56.0,0.0,0.0,
1991-06-18,57.0,56.0,56.0,57.0,0.0,1.0,
1991-06-19,57.0,57.0,57.0,57.0,0.0,1.0,
1991-06-20,56.0,56.0,56.0,56.0,0.0,1.0,
1991-06-21,56.0,56.0,56.0,56.0,0.0,0.0,
1991-06-24,56.0,56.0,56.0,56.0,0.0,0.0,
1991-06-25,56.0,56.0,56.0,56.0,0.0,0.0,
1991-06-26,56.0,55.0,55.0,56.0,0.0,1.0,
1991-06-27,55.0,54.0,54.0,55.0,0.0,1.0,
1991-06-28,55.0,54.0,54.0,55.0,0.0,1.0,
1991-07-01,55.0,54.0,55.0,54.0,0.0,1.0,
1991-07-02,55.0,55.0,55.0,55.0,0.0,0.0,
1991-07-03,55.0,55.0,55.0,55.0,0.0,0.0,
1991-07-04,55.0,55.0,55.0,55.0,0.0,0.0,
1991-07-05,55.0,55.0,55.0,55.0,0.0,0.0,
1991-07-08,55.0,55.0,55.0,55.0,0.0,0.0,
1991-07-09,55.0,55.0,55.0,55.0,0.0,0.0,
1991-07-10,55.0,55.0,55.0,55.0,0.0,0.0,
1991-07-11,55.0,55.0,55.0,55.0,0.0,0.0,
1991-07-12,55.0,55.0,55.0,55.0,0.0,0.0,
1991-07-15,55.0,55.0,55.0,55.0,0.0,0.0,
1991-07-16,55.0,55.0,55.0,55.0,0.0,0.0,
1991-07-17,55.0,55.0,55.0,55.0,0.0,0.0,
1991-07-18,55.0,55.0,55.0,55.0,0.0,0.0,
1991-07-19,55.0,55.0,55.0,55.0,0.0,0.0,
1991-07-22,55.0,55.0,55.0,55.0,0.0,0.0,
1991-07-23,55.0,55.0,55.0,55.0,0.0,0.0,
1991-07-24,56.0,55.0,55.0,56.0,0.0,1.0,
1991-07-25,56.0,55.0,55.0,56.0,0.0,1.0,
1991-07-26,55.0,55.0,55.0,55.0,0.0,0.0,
1991-07-29,56.0,55.0,55.0,56.0,0.0,1.0,
1991-07-30,55.0,55.0,55.0,55.0,0.0,0.0,
1991-07-31,55.0,55.0,55.0,55.0,0.0,0.0,
1991-08-01,55.0,54.0,54.0,55.0,0.0,1.0,
1991-08-02,54.0,54.0,54.0,54.0,0.0,0.0,
1991-08-05,54.0,54.0,54.0,54.0,0.0,0.0,
1991-08-06,54.0,54.0,54.0,54.0,0.0,0.0,
1991-08-07,54.0,54.0,54.0,54.0,0.0,0.0,
1991-08-08,55.0,54.0,54.0,55.0,0.0,1.0,
1991-08-09,54.0,54.0,54.0,54.0,0.0,0.0,
1991-08-12,54.0,54.0,54.0,54.0,0.0,0.0,
1991-08-13,54.0,54.0,54.0,54.0,0.0,0.0,
1991-08-14,54.0,54.0,54.0,54.0,0.0,0.0,
1991-08-15,54.0,54.0,54.0,54.0,0.0,0.0,
1991-08-16,54.0,54.0,54.0,54.0,0.0,0.0,
1991-08-19,54.0,54.0,54.0,54.0,0.0,0.0,
1991-08-20,54.0,54.0,54.0,54.0,0.0,0.0,
1991-08-21,54.0,54.0,54.0,54.0,0.0,0.0,
1991-08-22,54.0,54.0,54.0,54.0,0.0,0.0,
1991-08-23,54.0,54.0,54.0,54.0,0.0,0.0,
1991-08-26,54.0,54.0,54.0,54.0,0.0,0.0,
1991-08-27,54.0,54.0,54.0,54.0,0.0,0.0,
1991-08-28,54.0,54.0,54.0,54.0,0.0,0.0,
1991-08-29,54.0,54.0,54.0,54.0,0.0,0.0,
1991-08-30,54.0,41.0,49.0,54.0,0.0,1.0,
1991-09-02,50.0,49.0,49.0,50.0,0.0,1.0,
1991-09-03,49.0,48.0,49.0,48.0,0.0,1.0,
1991-09-04,50.0,48.0,49.0,48.0,0.0,1.0,
1991-09-05,49.0,48.0,49.0,48.0,0.0,1.0,
1991-09-06,50.0,49.0,49.0,50.0,0.0,1.0,
1991-09-09,49.0,48.0,49.0,48.0,0.0,1.0,
1991-09-10,49.0,48.0,49.0,48.0,0.0,1.0,
1991-09-11,49.0,47.0,47.0,48.0,0.0,1.0,
1991-09-12,48.0,46.0,48.0,46.0,0.0,1.0,
1991-09-13,48.0,48.0,48.0,48.0,0.0,0.0,
1991-09-16,49.0,48.0,48.0,49.0,0.0,1.0,
1991-09-17,48.0,48.0,48.0,48.0,0.0,0.0,
1991-09-18,48.0,48.0,48.0,48.0,0.0,0.0,
1991-09-19,48.0,48.0,48.0,48.0,0.0,0.0,
1991-09-20,49.0,48.0,48.0,49.0,0.0,1.0,
1991-09-23,49.0,48.0,48.0,49.0,0.0,1.0,
1991-09-24,49.0,48.0,49.0,48.0,0.0,1.0,
1991-09-25,49.0,48.0,49.0,49.0,0.0,0.0,
1991-09-26,49.0,48.0,49.0,48.0,0.0,1.0,
1991-09-27,49.0,49.0,49.0,49.0,0.0,0.0,
1991-09-30,50.0,49.0,49.0,50.0,0.0,1.0,
1991-10-01,50.0,49.0,49.0,50.0,0.0,1.0,
1991-10-02,49.0,49.0,49.0,49.0,0.0,0.0,
1991-10-03,50.0,49.0,49.0,50.0,0.0,1.0,
1991-10-04,50.0,49.0,50.0,49.0,0.0,1.0,
1991-10-07,51.0,50.0,50.0,51.0,0.0,1.0,
1991-10-08,52.0,50.0,52.0,51.0,0.0,1.0,
1991-10-09,54.0,52.0,54.0,54.0,0.0,1.0,
1991-10-10,55.0,54.0,54.0,55.0,0.0,1.0,
1991-10-11,55.0,54.0,54.0,55.0,0.0,1.0,
1991-10-14,56.0,54.0,54.0,56.0,0.0,1.0,
1991-10-15,56.0,54.0,54.0,56.0,0.0,1.0,
1991-10-16,56.0,54.0,54.0,56.0,0.0,1.0,
1991-10-17,56.0,53.5,53.5,56.0,0.0,1.0,
1991-10-18,56.0,54.0,54.0,56.0,0.0,1.0,
1991-10-21,55.0,54.0,54.0,55.0,0.0,1.0,
1991-10-22,55.0,54.0,54.0,55.0,0.0,1.0,
1991-10-23,55.0,54.0,54.0,55.0,0.0,1.0,
1991-10-24,54.0,53.0,54.0,53.0,0.0,1.0,
1991-10-25,54.0,53.0,54.0,53.0,0.0,1.0,
1991-10-28,55.0,54.0,54.0,55.0,0.0,1.0,
1991-10-29,55.0,54.0,54.0,55.0,0.0,1.0,
1991-10-30,54.0,53.0,54.0,53.0,0.0,1.0,
1991-10-31,54.0,53.0,54.0,53.0,0.0,1.0,
1991-11-01,54.0,53.0,54.0,53.0,0.0,1.0,
1991-11-04,54.0,53.0,54.0,53.0,0.0,1.0,
1991-11-05,54.0,53.0,54.0,53.0,0.0,1.0,
1991-11-06,54.0,53.0,54.0,53.0,0.0,1.0,
1991-11-07,55.0,54.0,54.0,55.0,0.0,1.0,
1991-11-08,55.0,54.0,54.0,55.0,0.0,1.0,
1991-11-11,54.0,53.0,54.0,53.0,0.0,1.0,
1991-11-12,54.0,53.0,54.0,53.0,0.0,1.0,
1991-11-13,54.0,53.0,54.0,53.0,0.0,1.0,
1991-11-14,54.0,53.0,54.0,53.0,0.0,1.0,
1991-11-15,54.0,53.0,53.0,53.0,0.0,1.0,
1991-11-18,53.0,52.0,52.0,53.0,0.0,1.0,
1991-11-19,53.0,52.0,52.0,53.0,0.0,1.0,
1991-11-20,53.0,52.0,52.0,53.0,0.0,1.0,
1991-11-21,53.0,52.0,52.0,53.0,0.0,1.0,
1991-11-22,53.0,52.0,52.0,53.0,0.0,1.0,
1991-11-25,53.0,52.0,52.0,53.0,0.0,1.0,
1991-11-26,52.0,51.0,52.0,51.0,0.0,1.0,
1991-11-27,52.0,51.0,52.0,51.0,0.0,1.0,
1991-11-28,52.0,51.0,52.0,51.0,0.0,1.0,
1991-11-29,52.0,51.0,52.0,51.0,0.0,1.0,
1991-12-02,53.0,52.0,52.0,53.0,0.0,1.0,
1991-12-03,52.0,51.0,52.0,51.0,0.0,1.0,
1991-12-04,52.0,51.0,52.0,51.0,0.0,1.0,
1991-12-05,52.0,51.0,52.0,51.0,0.0,1.0,
1991-12-06,53.0,52.0,52.0,53.0,0.0,1.0,
1991-12-09,53.0,52.0,52.0,53.0,0.0,1.0,
1991-12-10,53.0,52.0,52.0,53.0,0.0,1.0,
1991-12-11,53.0,52.0,52.0,53.0,0.0,1.0,
1991-12-12,52.0,51.0,52.0,51.0,0.0,1.0,
1991-12-13,52.0,51.0,52.0,51.0,0.0,1.0,
1991-12-16,53.0,52.0,52.0,53.0,0.0,1.0,
1991-12-17,52.0,51.0,52.0,51.0,0.0,1.0,
1991-12-18,52.0,51.0,52.0,51.0,0.0,1.0,
1991-12-19,53.0,52.0,52.0,53.0,0.0,1.0,
1991-12-20,52.0,51.0,52.0,51.0,0.0,1.0,
1991-12-23,53.0,52.0,52.0,53.0,0.0,1.0,
1991-12-24,53.0,52.0,52.0,53.0,0.0,1.0,
1991-12-25,52.0,52.0,52.0,52.0,0.0,0.0,
1991-12-26,52.0,52.0,52.0,52.0,0.0,0.0,
1991-12-27,53.0,52.0,52.0,53.0,0.0,1.0,
1991-12-30,53.0,52.0,52.0,53.0,0.0,1.0,
1991-12-31,53.0,52.0,52.0,53.0,0.0,1.0,
1992-01-01,52.0,52.0,52.0,52.0,0.0,0.0,
1992-01-02,53.0,52.0,52.0,53.0,0.0,1.0,
1992-01-03,53.0,52.0,52.0,53.0,0.0,1.0,
1992-01-06,53.0,52.0,52.0,53.0,0.0,1.0,
1992-01-07,53.0,52.0,52.0,53.0,0.0,1.0,
1992-01-08,53.0,52.0,52.0,53.0,0.0,1.0,
1992-01-09,53.0,51.0,51.0,53.0,0.0,1.0,
1992-01-10,51.0,51.0,51.0,51.0,0.0,0.0,
1992-01-13,51.0,51.0,51.0,51.0,0.0,0.0,
1992-01-14,51.0,50.0,50.0,51.0,0.0,1.0,
1992-01-15,50.0,48.0,48.0,50.0,0.0,1.0,
1992-01-16,48.0,48.0,48.0,48.0,0.0,0.0,
1992-01-17,48.0,48.0,48.0,48.0,0.0,0.0,
1992-01-20,48.0,48.0,48.0,48.0,0.0,0.0,
1992-01-21,48.0,48.0,48.0,48.0,0.0,0.0,
1992-01-22,48.0,48.0,48.0,48.0,0.0,0.0,
1992-01-23,48.0,48.0,48.0,48.0,0.0,0.0,
1992-01-24,48.0,48.0,48.0,48.0,0.0,0.0,
1992-01-27,48.0,48.0,48.0,48.0,0.0,0.0,
1992-01-28,48.0,48.0,48.0,48.0,0.0,0.0,
1992-01-29,48.0,48.0,48.0,48.0,0.0,0.0,
1992-01-30,48.0,48.0,48.0,48.0,0.0,0.0,
1992-01-31,48.0,48.0,48.0,48.0,0.0,0.0,
1992-02-03,48.0,48.0,48.0,48.0,0.0,0.0,
1992-02-04,48.0,48.0,48.0,48.0,0.0,0.0,
1992-02-05,48.0,48.0,48.0,48.0,0.0,0.0,
1992-02-06,48.0,48.0,48.0,48.0,0.0,0.0,
1992-02-07,48.0,48.0,48.0,48.0,0.0,0.0,
1992-02-10,48.0,48.0,48.0,48.0,0.0,0.0,
1992-02-11,48.0,48.0,48.0,48.0,0.0,0.0,
1992-02-12,48.0,48.0,48.0,48.0,0.0,0.0,
1992-02-13,48.0,48.0,48.0,48.0,0.0,0.0,
1992-02-14,48.0,48.0,48.0,48.0,0.0,0.0,
1992-02-17,48.0,48.0,48.0,48.0,0.0,0.0,
1992-02-18,48.0,48.0,48.0,48.0,0.0,0.0,
1992-02-19,48.0,48.0,48.0,48.0,0.0,0.0,
1992-02-20,48.0,48.0,48.0,48.0,0.0,0.0,
1992-02-21,48.0,47.0,47.0,48.0,0.0,1.0,
1992-02-24,47.0,47.0,47.0,47.0,0.0,0.0,
1992-02-25,47.0,47.0,47.0,47.0,0.0,0.0,
1992-02-26,48.0,47.0,47.0,48.0,0.0,1.0,
1992-02-27,47.0,47.0,47.0,47.0,0.0,0.0,
1992-02-28,47.0,46.0,46.0,47.0,0.0,1.0,
1992-03-02,46.0,43.0,43.0,46.0,0.0,1.0,
1992-03-03,43.0,43.0,43.0,43.0,0.0,0.0,
1992-03-04,43.0,42.0,42.0,43.0,0.0,1.0,
1992-03-05,43.0,42.0,42.0,43.0,0.0,1.0,
1992-03-06,43.0,42.0,42.0,43.0,0.0,1.0,
1992-03-09,43.0,40.0,40.0,43.0,0.0,1.0,
1992-03-10,40.0,39.0,39.0,40.0,0.0,1.0,
1992-03-11,44.0,39.0,44.0,40.0,0.0,1.0,
1992-03-12,46.0,44.0,46.0,45.0,0.0,1.0,
1992-03-13,46.0,45.0,46.0,46.0,0.0,0.0,
1992-03-16,46.0,45.0,46.0,46.0,0.0,0.0,
1992-03-17,46.0,45.0,46.0,45.0,0.0,1.0,
1992-03-18,46.0,45.0,46.0,45.0,0.0,1.0,
1992-03-19,47.0,46.0,46.0,47.0,0.0,1.0,
1992-03-20,46.0,45.0,46.0,45.0,0.0,1.0,
1992-03-23,45.0,45.0,45.0,45.0,0.0,1.0,
1992-03-24,45.0,45.0,45.0,45.0,0.0,0.0,
1992-03-25,46.0,45.0,45.0,46.0,0.0,1.0,
1992-03-26,45.0,45.0,45.0,45.0,0.0,0.0,
1992-03-27,46.0,45.0,45.0,46.0,0.0,1.0,
1992-03-30,45.0,44.0,44.0,45.0,0.0,1.0,
1992-03-31,46.0,45.0,46.0,46.0,0.0,1.0,
1992-04-01,45.0,45.0,45.0,45.0,0.0,1.0,
1992-04-02,44.0,44.0,44.0,44.0,0.0,1.0,
1992-04-03,45.0,44.0,44.0,45.0,0.0,1.0,
1992-04-06,44.0,43.0,43.0,44.0,0.0,1.0,
1992-04-07,43.0,43.0,43.0,43.0,0.0,0.0,
1992-04-08,44.0,43.0,43.0,44.0,0.0,1.0,
1992-04-09,44.0,43.0,43.0,44.0,0.0,1.0,
1992-04-10,44.0,44.0,44.0,44.0,0.0,1.0,
1992-04-13,45.0,44.0,45.0,44.0,0.0,1.0,
1992-04-14,45.0,45.0,45.0,45.0,0.0,0.0,
1992-04-15,45.0,45.0,45.0,45.0,0.0,0.0,
1992-04-16,45.0,44.0,45.0,45.0,0.0,0.0,
1992-04-17,45.0,45.0,45.0,45.0,0.0,0.0,
1992-04-20,45.0,45.0,45.0,45.0,0.0,0.0,
1992-04-21,45.0,45.0,45.0,45.0,0.0,0.0,
1992-04-22,45.0,44.0,45.0,45.0,0.0,0.0,
1992-04-23,45.0,45.0,45.0,45.0,0.0,0.0,
1992-04-24,46.0,45.0,45.0,46.0,0.0,1.0,
1992-04-27,48.0,45.0,48.0,46.0,0.0,1.0,
1992-04-28,49.0,48.0,48.0,49.0,0.0,1.0,
1992-04-29,50.0,48.0,50.0,49.0,0.0,1.0,
1992-04-30,51.0,50.0,50.0,51.0,0.0,1.0,
1992-05-01,53.0,50.0,53.0,50.0,0.0,1.0,
1992-05-04,53.0,53.0,53.0,53.0,0.0,0.0,
1992-05-05,53.0,53.0,53.0,53.0,0.0,0.0,
1992-05-06,65.0,54.0,63.0,54.0,0.0,1.0,
1992-05-07,65.0,63.0,65.0,63.0,0.0,1.0,
1992-05-08,68.0,65.0,65.0,68.0,0.0,1.0,
1992-05-11,69.0,65.0,69.0,65.0,0.0,1.0,
1992-05-12,69.0,66.0,66.0,69.0,0.0,1.0,
1992-05-13,66.0,64.0,64.0,66.0,0.0,1.0,
1992-05-14,65.0,64.0,64.0,65.0,0.0,1.0,
1992-05-15,64.0,63.0,64.0,63.0,0.0,1.0,
1992-05-18,64.0,63.0,64.0,63.0,0.0,1.0,
1992-05-19,65.0,63.0,63.0,65.0,0.0,1.0,
1992-05-20,63.0,63.0,63.0,63.0,0.0,0.0,
1992-05-21,63.0,63.0,63.0,63.0,0.0,0.0,
1992-05-22,63.0,63.0,63.0,63.0,0.0,0.0,
1992-05-25,63.0,63.0,63.0,63.0,0.0,0.0,
1992-05-26,63.0,63.0,63.0,63.0,0.0,0.0,
1992-05-27,63.0,62.0,62.0,63.0,0.0,1.0,
1992-05-28,62.0,62.0,62.0,62.0,0.0,0.0,
1992-05-29,62.0,62.0,62.0,62.0,0.0,0.0,
1992-06-01,62.0,61.0,61.0,62.0,0.0,1.0,
1992-06-02,61.0,60.0,61.0,60.0,0.0,1.0,
1992-06-03,61.0,60.0,61.0,61.0,0.0,0.0,
1992-06-04,61.0,60.0,61.0,60.0,0.0,1.0,
1992-06-05,62.0,60.0,60.0,62.0,0.0,1.0,
1992-06-08,60.0,59.0,60.0,60.0,0.0,0.0,
1992-06-09,60.0,59.0,60.0,59.0,0.0,1.0,
1992-06-10,60.0,60.0,60.0,60.0,0.0,0.0,
1992-06-11,61.0,60.0,60.0,61.0,0.0,1.0,
1992-06-12,60.0,60.0,60.0,60.0,0.0,0.0,
1992-06-15,60.0,59.0,60.0,59.0,0.0,1.0,
1992-06-16,60.0,60.0,60.0,60.0,0.0,0.0,
1992-06-17,60.0,59.0,60.0,59.0,0.0,1.0,
1992-06-18,60.0,59.0,60.0,59.0,0.0,1.0,
1992-06-19,60.0,60.0,60.0,60.0,0.0,0.0,
1992-06-22,60.0,59.0,60.0,59.0,0.0,1.0,
1992-06-23,60.0,59.0,59.0,59.0,0.0,1.0,
1992-06-24,59.0,58.0,58.0,59.0,0.0,1.0,
1992-06-25,59.0,58.0,58.0,59.0,0.0,1.0,
1992-06-26,58.0,55.0,55.0,58.0,0.0,1.0,
1992-06-29,55.0,55.0,55.0,55.0,0.0,0.0,
1992-06-30,55.0,55.0,55.0,55.0,0.0,0.0,
1992-07-01,56.0,55.0,55.0,56.0,0.0,1.0,
1992-07-02,56.0,55.0,55.0,56.0,0.0,1.0,
1992-07-03,55.0,55.0,55.0,55.0,0.0,0.0,
1992-07-06,56.0,55.0,55.0,56.0,0.0,1.0,
1992-07-07,56.0,55.0,55.0,56.0,0.0,1.0,
1992-07-08,55.0,55.0,55.0,55.0,0.0,0.0,
1992-07-09,55.0,55.0,55.0,55.0,0.0,0.0,
1992-07-10,56.0,55.0,55.0,56.0,0.0,1.0,
1992-07-13,55.0,53.0,53.0,55.0,0.0,1.0,
1992-07-14,53.0,52.0,52.0,53.0,0.0,1.0,
1992-07-15,52.0,52.0,52.0,52.0,0.0,0.0,
1992-07-16,53.0,52.0,52.0,53.0,0.0,1.0,
1992-07-17,53.0,52.0,52.0,53.0,0.0,1.0,
1992-07-20,52.0,50.0,50.0,52.0,0.0,1.0,
1992-07-21,50.0,49.0,49.0,49.0,0.0,1.0,
1992-07-22,49.0,49.0,49.0,49.0,0.0,0.0,
1992-07-23,49.0,49.0,49.0,49.0,0.0,0.0,
1992-07-24,49.0,48.0,48.0,49.0,0.0,1.0,
1992-07-27,48.0,48.0,48.0,48.0,0.0,0.0,
1992-07-28,49.0,48.0,48.0,49.0,0.0,1.0,
1992-07-29,49.0,48.0,48.0,49.0,0.0,1.0,
1992-07-30,48.0,48.0,48.0,48.0,0.0,0.0,
1992-07-31,49.0,48.0,48.0,49.0,0.0,1.0,
1992-08-03,48.0,48.0,48.0,48.0,0.0,0.0,
1992-08-04,48.0,48.0,48.0,48.0,0.0,0.0,
1992-08-05,48.0,48.0,48.0,48.0,0.0,0.0,
1992-08-06,48.0,48.0,48.0,48.0,0.0,0.0,
1992-08-07,48.0,48.0,48.0,48.0,0.0,0.0,
1992-08-10,48.0,48.0,48.0,48.0,0.0,0.0,
1992-08-11,48.0,45.0,45.0,48.0,0.0,1.0,
1992-08-12,45.0,45.0,45.0,45.0,0.0,0.0,
1992-08-13,46.0,45.0,45.0,46.0,0.0,1.0,
1992-08-14,46.0,45.0,45.0,46.0,0.0,1.0,
1992-08-17,46.0,45.0,45.0,46.0,0.0,1.0,
1992-08-18,45.0,45.0,45.0,45.0,0.0,0.0,
1992-08-19,46.0,45.0,45.0,46.0,0.0,1.0,
1992-08-20,45.0,45.0,45.0,45.0,0.0,0.0,
1992-08-21,46.0,45.0,45.0,46.0,0.0,1.0,
1992-08-24,45.0,44.0,44.0,45.0,0.0,1.0,
1992-08-25,44.0,43.0,44.0,43.0,0.0,1.0,
1992-08-26,44.0,43.0,44.0,43.0,0.0,1.0,
1992-08-27,44.0,43.0,43.0,43.0,0.0,1.0,
1992-08-28,43.0,43.0,43.0,43.0,0.0,0.0,
1992-08-31,43.0,43.0,43.0,43.0,0.0,0.0,
1992-09-01,43.0,43.0,43.0,43.0,0.0,0.0,
1992-09-02,43.0,42.0,42.0,43.0,0.0,1.0,
1992-09-03,43.0,42.0,42.0,43.0,0.0,1.0,
1992-09-04,42.0,42.0,42.0,42.0,0.0,0.0,
1992-09-07,43.0,42.0,42.0,43.0,0.0,1.0,
1992-09-08,43.0,42.0,42.0,43.0,0.0,1.0,
1992-09-09,43.0,42.0,42.0,43.0,0.0,1.0,
1992-09-10,43.0,42.0,42.0,43.0,0.0,1.0,
1992-09-11,42.0,42.0,42.0,42.0,0.0,0.0,
1992-09-14,42.0,42.0,42.0,42.0,0.0,0.0,
1992-09-15,42.0,42.0,42.0,42.0,0.0,0.0,
1992-09-16,42.0,41.0,41.0,42.0,0.0,1.0,
1992-09-17,41.0,41.0,41.0,41.0,0.0,0.0,
1992-09-18,41.0,41.0,41.0,41.0,0.0,0.0,
1992-09-21,41.0,41.0,41.0,41.0,0.0,0.0,
1992-09-22,41.0,41.0,41.0,41.0,0.0,0.0,
1992-09-23,50.0,41.0,47.0,41.0,0.0,1.0,
1992-09-24,47.0,46.0,47.0,46.0,0.0,1.0,
1992-09-25,47.0,46.0,47.0,46.0,0.0,1.0,
1992-09-28,48.0,47.0,47.0,48.0,0.0,1.0,
1992-09-29,48.0,47.0,47.0,48.0,0.0,1.0,
1992-09-30,48.0,47.0,47.0,48.0,0.0,1.0,
1992-10-01,48.0,47.0,47.0,48.0,0.0,1.0,
1992-10-02,47.0,46.0,46.0,46.0,0.0,1.0,
1992-10-03,46.0,46.0,46.0,46.0,0.0,0.0,
1992-10-05,46.0,45.0,45.0,46.0,0.0,1.0,
1992-10-06,46.0,45.0,45.0,46.0,0.0,1.0,
1992-10-07,45.0,45.0,45.0,45.0,0.0,0.0,
1992-10-08,45.0,45.0,45.0,45.0,0.0,0.0,
1992-10-09,46.0,45.0,45.0,46.0,0.0,1.0,
1992-10-10,45.0,45.0,45.0,45.0,0.0,0.0,
1992-10-12,46.0,45.0,45.0,46.0,0.0,1.0,
1992-10-13,45.0,45.0,45.0,45.0,0.0,0.0,
1992-10-14,46.0,45.0,45.0,46.0,0.0,1.0,
1992-10-15,46.0,45.0,45.0,46.0,0.0,1.0,
1992-10-16,46.0,45.0,45.0,46.0,0.0,1.0,
1992-10-19,46.0,45.0,45.0,46.0,0.0,1.0,
1992-10-20,46.0,45.0,45.0,46.0,0.0,1.0,
1992-10-21,46.0,45.0,45.0,46.0,0.0,1.0,
1992-10-22,46.0,45.0,45.0,46.0,0.0,1.0,
1992-10-23,46.0,45.0,45.0,46.0,0.0,1.0,
1992-10-26,46.0,45.0,45.0,46.0,0.0,1.0,
1992-10-27,46.0,45.0,45.0,46.0,0.0,1.0,
1992-10-28,46.0,45.0,45.0,46.0,0.0,1.0,
1992-10-29,46.0,45.0,45.0,46.0,0.0,1.0,
1992-10-30,46.0,45.0,45.0,46.0,0.0,1.0,
1992-11-02,45.0,45.0,45.0,45.0,0.0,0.0,
1992-11-03,46.0,45.0,45.0,46.0,0.0,1.0,
1992-11-04,46.0,45.0,45.0,46.0,0.0,1.0,
1992-11-05,45.0,45.0,45.0,45.0,0.0,0.0,
1992-11-06,45.0,45.0,45.0,45.0,0.0,0.0,
1992-11-07,45.0,45.0,45.0,45.0,0.0,0.0,
1992-11-08,45.0,45.0,45.0,45.0,0.0,0.0,
1992-11-09,45.0,45.0,45.0,45.0,0.0,0.0,
1992-11-10,46.0,45.0,45.0,46.0,0.0,1.0,
1992-11-11,46.0,45.0,45.0,46.0,0.0,1.0,
1992-11-12,45.0,45.0,45.0,45.0,0.0,0.0,
1992-11-13,45.0,45.0,45.0,45.0,0.0,0.0,
1992-11-14,45.0,45.0,45.0,45.0,0.0,0.0,
1992-11-16,45.0,45.0,45.0,45.0,0.0,0.0,
1992-11-17,45.0,45.0,45.0,45.0,0.0,0.0,
1992-11-18,45.0,45.0,45.0,45.0,0.0,0.0,
1992-11-19,45.0,45.0,45.0,45.0,0.0,0.0,
1992-11-20,45.0,45.0,45.0,45.0,0.0,0.0,
1992-11-23,45.0,45.0,45.0,45.0,0.0,0.0,
1992-11-24,45.0,45.0,45.0,45.0,0.0,0.0,
1992-11-25,45.0,45.0,45.0,45.0,0.0,0.0,
1992-11-26,45.0,45.0,45.0,45.0,0.0,0.0,
1992-11-27,45.0,45.0,45.0,45.0,0.0,0.0,
1992-11-28,45.0,45.0,45.0,45.0,0.0,0.0,
1992-11-30,45.0,45.0,45.0,45.0,0.0,0.0,
1992-12-01,45.0,45.0,45.0,45.0,0.0,0.0,
1992-12-02,45.0,45.0,45.0,45.0,0.0,0.0,
1992-12-03,45.0,45.0,45.0,45.0,0.0,0.0,
1992-12-04,45.0,45.0,45.0,45.0,0.0,0.0,
1992-12-07,45.0,45.0,45.0,45.0,0.0,0.0,
1992-12-08,45.0,45.0,45.0,45.0,0.0,0.0,
1992-12-09,45.0,45.0,45.0,45.0,0.0,0.0,
1992-12-10,45.0,45.0,45.0,45.0,0.0,0.0,
1992-12-11,45.0,45.0,45.0,45.0,0.0,0.0,
1992-12-14,46.0,45.0,45.0,45.0,0.0,0.0,
1992-12-15,45.0,45.0,45.0,45.0,0.0,0.0,
1992-12-16,45.0,45.0,45.0,45.0,0.0,0.0,
1992-12-17,45.0,45.0,45.0,45.0,0.0,0.0,
1992-12-18,45.0,44.0,44.0,45.0,0.0,1.0,
1992-12-21,45.0,44.0,44.0,45.0,0.0,1.0,
1992-12-22,45.0,44.0,44.0,45.0,0.0,1.0,
1992-12-23,45.0,44.0,45.0,45.0,0.0,1.0,
1992-12-24,45.0,45.0,45.0,45.0,0.0,0.0,
1992-12-25,45.0,45.0,45.0,45.0,0.0,0.0,
1992-12-28,45.0,45.0,45.0,45.0,0.0,0.0,
1992-12-29,45.0,45.0,45.0,45.0,0.0,0.0,
1992-12-30,45.0,45.0,45.0,45.0,0.0,0.0,
1992-12-31,45.0,45.0,45.0,45.0,0.0,0.0,
1993-01-01,45.0,45.0,45.0,45.0,0.0,0.0,
1993-01-04,45.0,45.0,45.0,45.0,0.0,0.0,
1993-01-05,46.0,45.0,45.0,46.0,0.0,1.0,
1993-01-06,47.0,45.0,47.0,45.0,0.0,1.0,
1993-01-07,48.0,47.0,48.0,48.0,0.0,1.0,
1993-01-08,50.0,48.0,50.0,48.0,0.0,1.0,
1993-01-11,51.0,50.0,50.0,51.0,0.0,1.0,
1993-01-12,50.0,50.0,50.0,50.0,0.0,0.0,
1993-01-13,51.0,50.0,50.0,51.0,0.0,1.0,
1993-01-14,51.0,50.0,50.0,51.0,0.0,1.0,
1993-01-15,50.0,43.0,43.0,50.0,0.0,1.0,
1993-01-18,43.0,43.0,43.0,43.0,0.0,0.0,
1993-01-19,43.0,43.0,43.0,43.0,0.0,0.0,
1993-01-20,43.0,43.0,43.0,43.0,0.0,0.0,
1993-01-21,43.0,43.0,43.0,43.0,0.0,0.0,
1993-01-22,45.0,43.0,45.0,43.0,0.0,1.0,
1993-01-25,45.0,45.0,45.0,45.0,0.0,0.0,
1993-01-26,46.0,45.0,45.0,46.0,0.0,1.0,
1993-01-27,46.0,45.0,45.0,46.0,0.0,1.0,
1993-01-28,46.0,45.0,45.0,46.0,0.0,1.0,
1993-01-29,46.0,45.0,45.0,46.0,0.0,1.0,
1993-02-01,47.0,45.0,47.0,46.0,0.0,1.0,
1993-02-02,48.0,47.0,48.0,48.0,0.0,1.0,
1993-02-03,48.0,48.0,48.0,48.0,0.0,0.0,
1993-02-04,49.0,48.0,48.0,49.0,0.0,1.0,
1993-02-05,49.0,48.0,48.0,49.0,0.0,1.0,
1993-02-08,50.0,48.0,50.0,49.0,0.0,1.0,
1993-02-09,50.0,50.0,50.0,50.0,0.0,0.0,
1993-02-10,50.0,50.0,50.0,50.0,0.0,0.0,
1993-02-11,51.0,50.0,50.0,51.0,0.0,1.0,
1993-02-12,50.0,50.0,50.0,50.0,0.0,0.0,
1993-02-15,50.0,50.0,50.0,50.0,0.0,0.0,
1993-02-16,50.0,50.0,50.0,50.0,0.0,0.0,
1993-02-17,50.0,50.0,50.0,50.0,0.0,0.0,
1993-02-18,51.0,50.0,50.0,51.0,0.0,1.0,
1993-02-19,51.0,50.0,50.0,51.0,0.0,1.0,
1993-02-22,50.0,50.0,50.0,50.0,0.0,0.0,
1993-02-23,51.0,50.0,51.0,50.0,0.0,1.0,
1993-02-24,51.0,51.0,51.0,51.0,0.0,0.0,
1993-02-25,52.0,51.0,52.0,51.0,0.0,1.0,
1993-02-26,53.0,52.0,52.0,53.0,0.0,1.0,
1993-03-01,60.0,51.0,60.0,51.0,0.0,1.0,
1993-03-02,60.0,60.0,60.0,60.0,0.0,0.0,
1993-03-03,65.0,60.0,65.0,60.0,0.0,1.0,
1993-03-04,65.0,65.0,65.0,65.0,0.0,0.0,
1993-03-05,65.0,65.0,65.0,65.0,0.0,0.0,
1993-03-08,65.0,64.0,64.0,65.0,0.0,1.0,
1993-03-09,65.0,64.0,64.0,65.0,0.0,1.0,
1993-03-10,65.0,64.0,64.0,65.0,0.0,1.0,
1993-03-11,65.0,63.0,63.0,65.0,0.0,1.0,
1993-03-12,63.0,61.0,61.0,63.0,0.0,1.0,
1993-03-15,61.0,58.0,58.0,61.0,0.0,1.0,
1993-03-16,58.0,58.0,58.0,58.0,0.0,0.0,
1993-03-17,58.0,58.0,58.0,58.0,0.0,0.0,
1993-03-18,58.0,56.0,56.0,58.0,0.0,1.0,
1993-03-19,56.0,53.0,53.0,55.0,0.0,1.0,
1993-03-22,53.0,53.0,53.0,53.0,0.0,0.0,
1993-03-23,53.0,53.0,53.0,53.0,0.0,0.0,
1993-03-24,53.0,53.0,53.0,53.0,0.0,0.0,
1993-03-25,53.0,53.0,53.0,53.0,0.0,0.0,
1993-03-26,53.0,53.0,53.0,53.0,0.0,0.0,
1993-03-29,52.0,51.0,52.0,51.0,0.0,1.0,
1993-03-30,52.0,51.0,52.0,51.0,0.0,1.0,
1993-03-31,52.0,51.0,52.0,51.0,0.0,1.0,
1993-04-01,53.0,52.0,52.0,53.0,0.0,1.0,
1993-04-02,52.0,51.0,52.0,51.0,0.0,1.0,
1993-04-05,52.0,51.0,52.0,51.0,0.0,1.0,
1993-04-06,52.0,51.0,52.0,51.0,0.0,1.0,
1993-04-07,52.0,49.0,49.0,51.0,0.0,1.0,
1993-04-08,49.0,48.0,49.0,48.0,0.0,1.0,
1993-04-13,49.0,48.0,49.0,48.0,0.0,1.0,
1993-04-14,49.0,48.0,49.0,48.0,0.0,1.0,
1993-04-15,49.0,48.0,49.0,48.0,0.0,1.0,
1993-04-16,50.0,49.0,49.0,50.0,0.0,1.0,
1993-04-19,49.0,48.0,49.0,48.0,0.0,1.0,
1993-04-20,49.0,48.0,49.0,48.0,0.0,1.0,
1993-04-21,50.0,49.0,49.0,50.0,0.0,1.0,
1993-04-22,50.0,49.0,49.0,50.0,0.0,1.0,
1993-04-23,50.0,49.0,49.0,50.0,0.0,1.0,
1993-04-26,49.0,48.0,49.0,48.0,0.0,1.0,
1993-04-27,49.0,48.0,49.0,48.0,0.0,1.0,
1993-04-28,50.0,49.0,49.0,50.0,0.0,1.0,
1993-04-29,49.0,48.0,49.0,48.0,0.0,1.0,
1993-04-30,50.0,49.0,49.0,50.0,0.0,1.0,
1993-05-03,49.0,49.0,49.0,49.0,0.0,0.0,
1993-05-04,50.0,49.0,49.0,50.0,0.0,1.0,
1993-05-05,49.0,48.0,49.0,48.0,0.0,1.0,
1993-05-06,50.0,49.0,49.0,50.0,0.0,1.0,
1993-05-07,50.0,49.0,49.0,50.0,0.0,1.0,
1993-05-10,49.0,48.0,49.0,49.0,0.0,0.0,
1993-05-11,50.0,49.0,49.0,50.0,0.0,1.0,
1993-05-12,50.0,49.0,49.0,50.0,0.0,1.0,
1993-05-13,50.0,49.0,49.0,50.0,0.0,1.0,
1993-05-14,50.0,49.0,49.0,50.0,0.0,1.0,
1993-05-17,49.0,49.0,49.0,49.0,0.0,0.0,
1993-05-18,50.0,49.0,49.0,50.0,0.0,1.0,
1993-05-19,50.0,49.0,49.0,50.0,0.0,1.0,
1993-05-20,50.0,49.0,49.0,50.0,0.0,1.0,
1993-05-21,50.0,49.0,49.0,50.0,0.0,1.0,
1993-05-24,50.0,49.0,49.0,50.0,0.0,1.0,
1993-05-25,50.0,49.0,49.0,50.0,0.0,1.0,
1993-05-26,49.0,49.0,49.0,49.0,0.0,0.0,
1993-05-27,50.0,49.0,49.0,50.0,0.0,1.0,
1993-05-28,50.0,49.0,49.0,50.0,0.0,1.0,
1993-06-01,50.0,49.0,49.0,50.0,0.0,1.0,
1993-06-02,49.0,49.0,49.0,49.0,0.0,0.0,
1993-06-03,50.0,49.0,49.0,50.0,0.0,1.0,
1993-06-04,49.0,48.0,49.0,48.0,0.0,1.0,
1993-06-07,50.0,49.0,49.0,50.0,0.0,1.0,
1993-06-08,50.0,49.0,49.0,50.0,0.0,1.0,
1993-06-09,50.0,49.0,49.0,49.0,0.0,0.0,
1993-06-10,50.0,49.0,49.0,50.0,0.0,1.0,
1993-06-11,50.0,49.0,49.0,50.0,0.0,1.0,
1993-06-14,50.0,49.0,50.0,50.0,0.0,1.0,
1993-06-15,58.0,50.0,58.0,50.0,0.0,1.0,
1993-06-16,58.0,53.0,56.0,58.0,0.0,1.0,
1993-06-17,56.0,56.0,56.0,56.0,0.0,0.0,
1993-06-18,59.0,56.0,59.0,56.0,0.0,1.0,
1993-06-21,60.0,58.0,60.0,58.0,0.0,1.0,
1993-06-22,60.0,60.0,60.0,60.0,0.0,0.0,
1993-06-23,60.0,60.0,60.0,60.0,0.0,0.0,
1993-06-24,60.0,60.0,60.0,60.0,0.0,0.0,
1993-06-25,60.0,60.0,60.0,60.0,0.0,0.0,
1993-06-28,60.0,60.0,60.0,60.0,0.0,0.0,
1993-06-29,60.0,58.0,58.0,60.0,0.0,1.0,
1993-06-30,58.0,56.0,56.0,58.0,0.0,1.0,
1993-07-01,57.0,56.0,56.0,57.0,0.0,1.0,
1993-07-02,57.0,56.0,56.0,57.0,0.0,1.0,
1993-07-05,56.0,56.0,56.0,56.0,0.0,0.0,
1993-07-06,56.0,56.0,56.0,56.0,0.0,0.0,
1993-07-07,57.0,56.0,56.0,57.0,0.0,1.0,
1993-07-08,57.0,56.0,56.0,57.0,0.0,1.0,
1993-07-09,57.0,56.0,56.0,57.0,0.0,1.0,
1993-07-12,57.0,56.0,56.0,57.0,0.0,1.0,
1993-07-13,56.0,56.0,56.0,56.0,0.0,0.0,
1993-07-14,57.0,56.0,56.0,57.0,0.0,1.0,
1993-07-15,57.0,56.0,57.0,56.0,0.0,1.0,
1993-07-16,58.0,56.0,56.0,58.0,0.0,1.0,
1993-07-19,57.0,56.0,56.0,57.0,0.0,1.0,
1993-07-20,56.0,56.0,56.0,56.0,0.0,0.0,
1993-07-21,56.0,56.0,56.0,56.0,0.0,0.0,
1993-07-22,56.0,56.0,56.0,56.0,0.0,0.0,
1993-07-23,56.0,56.0,56.0,56.0,0.0,0.0,
1993-07-26,57.0,56.0,56.0,57.0,0.0,1.0,
1993-07-27,56.0,56.0,56.0,56.0,0.0,0.0,
1993-07-28,56.0,56.0,56.0,56.0,0.0,0.0,
1993-07-29,56.0,56.0,56.0,56.0,0.0,0.0,
1993-07-30,61.0,57.0,60.0,57.0,0.0,1.0,
1993-08-02,68.0,60.0,68.0,60.0,0.0,1.0,
1993-08-03,68.0,66.0,66.0,68.0,0.0,1.0,
1993-08-04,66.0,66.0,66.0,66.0,0.0,0.0,
1993-08-05,66.0,66.0,66.0,66.0,0.0,0.0,
1993-08-06,66.0,66.0,66.0,66.0,0.0,0.0,
1993-08-09,67.0,66.0,67.0,66.0,0.0,1.0,
1993-08-10,68.0,67.0,68.0,67.0,0.0,1.0,
1993-08-11,68.0,68.0,68.0,68.0,0.0,0.0,
1993-08-12,68.0,68.0,68.0,68.0,0.0,0.0,
1993-08-13,71.0,68.0,71.0,68.0,0.0,1.0,
1993-08-16,73.0,70.0,73.0,70.0,0.0,1.0,
1993-08-17,73.0,73.0,73.0,73.0,0.0,0.0,
1993-08-18,73.0,72.5,73.0,73.0,0.0,0.0,
1993-08-19,73.0,73.0,73.0,73.0,0.0,0.0,
1993-08-20,73.0,73.0,73.0,73.0,0.0,0.0,
1993-08-23,73.0,73.0,73.0,73.0,0.0,0.0,
1993-08-24,73.0,73.0,73.0,73.0,0.0,0.0,
1993-08-25,73.0,73.0,73.0,73.0,0.0,0.0,
1993-08-26,73.0,73.0,73.0,73.0,0.0,0.0,
1993-08-27,73.0,73.0,73.0,73.0,0.0,0.0,
1993-08-30,73.0,73.0,73.0,73.0,0.0,0.0,
1993-08-31,74.0,73.0,73.0,73.0,0.0,0.0,
1993-09-01,73.0,72.5,73.0,73.0,0.0,0.0,
1993-09-02,73.0,73.0,73.0,73.0,0.0,0.0,
1993-09-03,73.0,73.0,73.0,73.0,0.0,0.0,
1993-09-06,73.0,73.0,73.0,73.0,0.0,0.0,
1993-09-07,73.0,73.0,73.0,73.0,0.0,0.0,
1993-09-08,73.0,71.0,71.0,73.0,0.0,1.0,
1993-09-09,71.0,70.0,71.0,71.0,0.0,0.0,
1993-09-10,71.0,71.0,71.0,71.0,0.0,0.0,
1993-09-13,71.0,68.0,68.0,71.0,0.0,1.0,
1993-09-14,68.0,67.0,68.0,67.0,0.0,1.0,
1993-09-15,68.0,62.0,62.0,68.0,0.0,1.0,
1993-09-16,62.0,62.0,62.0,62.0,0.0,0.0,
1993-09-17,63.0,61.0,61.0,63.0,0.0,1.0,
1993-09-20,61.0,61.0,61.0,61.0,0.0,0.0,
1993-09-21,62.0,61.0,62.0,61.0,0.0,1.0,
1993-09-22,63.0,62.0,62.0,63.0,0.0,1.0,
1993-09-23,63.0,62.0,62.0,63.0,0.0,1.0,
1993-09-24,63.0,62.0,62.0,63.0,0.0,1.0,
1993-09-27,63.0,62.0,62.0,63.0,0.0,1.0,
1993-09-28,63.0,62.0,62.0,63.0,0.0,1.0,
1993-09-29,63.0,62.0,62.0,63.0,0.0,1.0,
1993-09-30,63.0,62.0,62.0,63.0,0.0,1.0,
1993-10-01,63.0,62.0,62.0,63.0,0.0,1.0,
1993-10-04,62.0,62.0,62.0,62.0,0.0,0.0,
1993-10-05,63.0,62.0,62.0,63.0,0.0,1.0,
1993-10-06,63.0,62.0,62.0,63.0,0.0,1.0,
1993-10-07,63.0,62.0,62.0,63.0,0.0,1.0,
1993-10-08,63.0,62.0,62.0,63.0,0.0,1.0,
1993-10-11,63.0,62.0,62.0,63.0,0.0,1.0,
1993-10-12,63.0,62.0,63.0,62.0,0.0,1.0,
1993-10-13,65.0,63.0,65.0,63.0,0.0,1.0,
1993-10-14,66.0,65.0,66.0,65.0,0.0,1.0,
1993-10-15,67.0,66.0,67.0,66.0,0.0,1.0,
1993-10-18,66.0,65.0,66.0,66.0,0.0,1.0,
1993-10-19,67.0,66.0,67.0,67.0,0.0,1.0,
1993-10-20,68.0,67.0,67.0,68.0,0.0,1.0,
1993-10-21,70.0,68.0,70.0,68.0,0.0,1.0,
1993-10-22,73.0,70.0,73.0,70.0,0.0,1.0,
1993-10-25,73.0,73.0,73.0,73.0,0.0,0.0,
1993-10-26,73.0,73.0,73.0,73.0,0.0,0.0,
1993-10-27,73.0,73.0,73.0,73.0,0.0,0.0,
1993-10-28,73.0,73.0,73.0,73.0,0.0,0.0,
1993-10-29,73.0,73.0,73.0,73.0,0.0,0.0,
1993-11-01,73.0,73.0,73.0,73.0,0.0,0.0,
1993-11-02,73.0,73.0,73.0,73.0,0.0,0.0,
1993-11-03,74.0,73.0,74.0,73.0,0.0,1.0,
1993-11-04,74.0,73.0,73.0,74.0,0.0,1.0,
1993-11-05,73.0,73.0,73.0,73.0,0.0,0.0,
1993-11-08,73.0,71.0,71.0,73.0,0.0,1.0,
1993-11-09,71.0,71.0,71.0,71.0,0.0,0.0,
1993-11-10,71.0,71.0,71.0,71.0,0.0,0.0,
1993-11-11,71.0,71.0,71.0,71.0,0.0,0.0,
1993-11-12,71.0,71.0,71.0,71.0,0.0,0.0,
1993-11-15,71.0,71.0,71.0,71.0,0.0,0.0,
1993-11-16,71.0,71.0,71.0,71.0,0.0,0.0,
1993-11-17,71.0,71.0,71.0,71.0,0.0,0.0,
1993-11-18,71.0,71.0,71.0,71.0,0.0,0.0,
1993-11-19,72.0,71.0,71.0,71.0,0.0,0.0,
1993-11-22,72.0,71.0,71.0,72.0,0.0,1.0,
1993-11-23,72.0,71.0,71.0,72.0,0.0,1.0,
1993-11-24,72.0,71.0,71.0,72.0,0.0,1.0,
1993-11-25,72.0,71.0,71.0,72.0,0.0,1.0,
1993-11-26,72.0,71.0,71.0,72.0,0.0,1.0,
1993-11-29,71.0,71.0,71.0,71.0,0.0,0.0,
1993-11-30,71.0,71.0,71.0,71.0,0.0,0.0,
1993-12-01,72.0,71.0,71.0,72.0,0.0,1.0,
1993-12-02,71.0,70.0,70.0,71.0,0.0,1.0,
1993-12-03,71.0,70.0,70.0,71.0,0.0,1.0,
1993-12-06,70.0,70.0,70.0,70.0,0.0,0.0,
1993-12-07,70.0,69.0,69.0,70.0,0.0,1.0,
1993-12-08,70.0,67.0,67.0,70.0,0.0,1.0,
1993-12-09,68.0,66.0,66.0,68.0,0.0,1.0,
1993-12-10,66.0,66.0,66.0,66.0,0.0,0.0,
1993-12-13,66.0,66.0,66.0,66.0,0.0,0.0,
1993-12-14,66.0,66.0,66.0,66.0,0.0,0.0,
1993-12-15,66.0,66.0,66.0,66.0,0.0,0.0,
1993-12-16,66.0,66.0,66.0,66.0,0.0,0.0,
1993-12-17,67.0,66.0,66.0,67.0,0.0,1.0,
1993-12-20,67.0,66.0,66.0,67.0,0.0,1.0,
1993-12-21,67.0,66.0,67.0,66.0,0.0,1.0,
1993-12-22,68.0,67.0,67.0,68.0,0.0,1.0,
1993-12-23,72.0,67.0,72.0,68.0,0.0,1.0,
1993-12-24,72.0,72.0,72.0,72.0,0.0,0.0,
1993-12-27,72.0,72.0,72.0,72.0,0.0,0.0,
1993-12-28,72.0,72.0,72.0,72.0,0.0,0.0,
1993-12-29,73.0,72.0,72.0,73.0,0.0,1.0,
1993-12-30,73.0,73.0,73.0,73.0,0.0,1.0,
1993-12-31,73.0,73.0,73.0,73.0,0.0,0.0,
1994-01-03,73.0,73.0,73.0,73.0,0.0,0.0,
1994-01-04,73.0,73.0,73.0,73.0,0.0,0.0,
1994-01-05,73.0,73.0,73.0,73.0,0.0,0.0,
1994-01-06,73.0,73.0,73.0,73.0,0.0,0.0,
1994-01-07,73.0,71.0,71.0,73.0,0.0,1.0,
1994-01-10,72.0,71.0,71.0,72.0,0.0,1.0,
1994-01-11,71.0,70.0,70.0,71.0,0.0,1.0,
1994-01-12,71.0,69.0,69.0,71.0,0.0,1.0,
1994-01-13,67.0,66.0,67.0,66.0,0.0,1.0,
1994-01-14,67.0,67.0,67.0,67.0,0.0,0.0,
1994-01-17,67.0,66.0,67.0,66.0,0.0,1.0,
1994-01-18,67.0,66.0,67.0,67.0,0.0,0.0,
1994-01-19,68.0,67.0,67.0,68.0,0.0,1.0,
1994-01-20,68.0,67.0,67.0,68.0,0.0,1.0,
1994-01-21,68.0,67.0,67.0,68.0,0.0,1.0,
1994-01-24,68.0,67.0,68.0,68.0,0.0,1.0,
1994-01-25,68.0,68.0,68.0,68.0,0.0,0.0,
1994-01-26,68.0,68.0,68.0,68.0,0.0,0.0,
1994-01-27,68.0,68.0,68.0,68.0,0.0,0.0,
1994-01-28,68.0,68.0,68.0,68.0,0.0,0.0,
1994-01-31,69.0,68.0,68.0,69.0,0.0,1.0,
1994-02-01,66.0,66.0,68.0,66.0,0.0,3000.0,
1994-02-02,69.0,69.0,68.0,69.0,0.0,3000.0,
1994-02-03,70.0,68.5,68.0,70.0,0.0,48850.0,
1994-02-04,70.0,67.0,69.0,70.0,0.0,22937.0,
1994-02-07,65.0,62.0,67.0,65.0,0.0,23000.0,
1994-02-08,68.0,68.0,67.0,68.0,0.0,4100.0,
1994-02-09,67.0,67.0,67.0,67.0,0.0,0.0,
1994-02-10,67.5,67.5,67.0,67.5,0.0,5000.0,
1994-02-11,64.0,64.0,66.0,64.0,0.0,6575.0,
1994-02-14,64.0,64.0,66.0,64.0,0.0,2200.0,
1994-02-15,66.0,66.0,66.0,66.0,0.0,0.0,
1994-02-16,66.0,66.0,66.0,66.0,0.0,0.0,
1994-02-17,66.0,66.0,66.0,66.0,0.0,0.0,
1994-02-18,64.0,64.0,66.0,64.0,0.0,2667.0,
1994-02-21,66.0,66.0,66.0,66.0,0.0,0.0,
1994-02-22,68.0,68.0,66.0,68.0,0.0,25000.0,
1994-02-23,68.0,68.0,68.0,68.0,0.0,10000.0,
1994-02-24,68.0,68.0,68.0,68.0,0.0,0.0,
1994-02-25,66.0,66.0,68.0,66.0,0.0,5500.0,
1994-02-28,70.0,70.0,68.0,70.0,0.0,11000.0,
1994-03-01,70.0,70.0,68.0,70.0,0.0,8500.0,
1994-03-02,69.0,68.0,71.0,69.0,0.0,38814.0,
1994-03-03,73.0,68.0,71.0,68.0,0.0,6700.0,
1994-03-04,72.0,68.0,70.0,72.0,0.0,40100.0,
1994-03-07,68.0,68.0,70.0,68.0,0.0,27000.0,
1994-03-08,67.0,67.0,70.0,67.0,0.0,16359.0,
1994-03-09,70.0,68.0,70.0,68.0,0.0,37400.0,
1994-03-10,70.0,70.0,70.0,70.0,0.0,0.0,
1994-03-11,69.5,66.0,70.0,68.0,0.0,99541.0,
1994-03-14,68.0,68.0,70.0,68.0,0.0,1840.0,
1994-03-15,68.0,68.0,70.0,68.0,0.0,7425.0,
1994-03-16,70.0,70.0,70.0,70.0,0.0,0.0,
1994-03-17,70.0,68.0,70.0,68.0,0.0,54000.0,
1994-03-18,70.0,70.0,70.0,70.0,0.0,0.0,
1994-03-21,70.0,70.0,70.0,70.0,0.0,0.0,
1994-03-22,72.0,68.0,70.0,68.0,0.0,13534.0,
1994-03-23,68.0,68.0,70.0,68.0,0.0,5750.0,
1994-03-24,68.0,68.0,70.0,68.0,0.0,2745.0,
1994-03-25,70.0,70.0,70.0,70.0,0.0,0.0,
1994-03-28,69.0,69.0,70.0,69.0,0.0,25000.0,
1994-03-29,67.0,67.0,70.0,67.0,0.0,7500.0,
1994-03-30,69.0,67.0,69.0,67.0,0.0,167000.0,
1994-03-31,65.0,65.0,68.0,65.0,0.0,20500.0,
1994-04-05,65.0,65.0,68.0,65.0,0.0,10485.0,
1994-04-06,66.0,65.0,66.0,65.5,0.0,76085.0,
1994-04-07,65.5,64.0,66.0,64.0,0.0,225300.0,
1994-04-08,65.0,63.0,66.0,64.5,0.0,102100.0,
1994-04-11,65.0,65.0,66.0,65.0,0.0,25000.0,
1994-04-12,66.0,66.0,66.0,66.0,0.0,0.0,
1994-04-13,66.0,66.0,66.0,66.0,0.0,225000.0,
1994-04-14,66.0,66.0,66.0,66.0,0.0,0.0,
1994-04-15,66.0,66.0,66.0,66.0,0.0,0.0,
1994-04-18,68.5,66.0,67.0,68.5,0.0,252650.0,
1994-04-19,67.0,67.0,67.0,67.0,0.0,0.0,
1994-04-20,67.0,67.0,67.0,67.0,0.0,0.0,
1994-04-21,66.0,66.0,66.0,66.0,0.0,1.0,
1994-04-22,66.0,65.0,66.0,66.0,0.0,35000.0,
1994-04-25,66.0,66.0,66.0,66.0,0.0,0.0,
1994-04-26,65.0,65.0,66.0,65.0,0.0,2000.0,
1994-04-27,66.0,66.0,66.0,66.0,0.0,0.0,
1994-04-28,66.0,66.0,66.0,66.0,0.0,0.0,
1994-04-29,66.0,66.0,66.0,66.0,0.0,0.0,
1994-05-02,66.0,66.0,66.0,66.0,0.0,0.0,
1994-05-03,64.0,64.0,66.0,64.0,0.0,19000.0,
1994-05-04,66.0,66.0,66.0,66.0,0.0,0.0,
1994-05-05,65.0,65.0,67.0,65.0,0.0,591000.0,
1994-05-06,65.0,65.0,67.0,65.0,0.0,4512.0,
1994-05-09,67.0,67.0,67.0,67.0,0.0,0.0,
1994-05-10,67.0,67.0,67.0,67.0,0.0,0.0,
1994-05-11,67.0,67.0,67.0,67.0,0.0,0.0,
1994-05-12,65.0,65.0,67.0,65.0,0.0,19634.0,
1994-05-13,66.0,66.0,66.0,66.0,0.0,1.0,
1994-05-16,66.0,66.0,66.0,66.0,0.0,0.0,
1994-05-17,66.0,66.0,66.0,66.0,0.0,0.0,
1994-05-18,66.0,66.0,66.0,66.0,0.0,0.0,
1994-05-19,66.0,66.0,66.0,66.0,0.0,0.0,
1994-05-20,64.0,64.0,66.0,64.0,0.0,30000.0,
1994-05-23,66.0,66.0,66.0,66.0,0.0,0.0,
1994-05-24,66.0,66.0,66.0,66.0,0.0,0.0,
1994-05-25,66.0,66.0,66.0,66.0,0.0,0.0,
1994-05-26,66.0,66.0,66.0,66.0,0.0,0.0,
1994-05-27,66.0,66.0,66.0,66.0,0.0,0.0,
1994-05-30,66.0,66.0,66.0,66.0,0.0,0.0,
1994-05-31,65.0,65.0,66.0,65.0,0.0,30250.0,
1994-06-01,66.0,66.0,66.0,66.0,0.0,0.0,
1994-06-02,66.0,66.0,66.0,66.0,0.0,0.0,
1994-06-03,66.0,66.0,66.0,66.0,0.0,0.0,
1994-06-06,66.0,66.0,66.0,66.0,0.0,0.0,
1994-06-07,66.0,66.0,66.0,66.0,0.0,0.0,
1994-06-08,63.0,63.0,66.0,63.0,0.0,3000.0,
1994-06-09,64.0,64.0,66.0,64.0,0.0,2000.0,
1994-06-10,66.0,66.0,66.0,66.0,0.0,0.0,
1994-06-13,63.0,63.0,66.0,63.0,0.0,1800.0,
1994-06-14,63.0,63.0,66.0,63.0,0.0,10000.0,
1994-06-15,65.0,65.0,65.0,65.0,0.0,1.0,
1994-06-16,63.0,62.0,63.0,63.0,0.0,19500.0,
1994-06-17,63.0,63.0,63.0,63.0,0.0,0.0,
1994-06-20,63.0,63.0,63.0,63.0,0.0,0.0,
1994-06-21,63.0,63.0,63.0,63.0,0.0,0.0,
1994-06-22,58.0,58.0,62.0,58.0,0.0,30000.0,
1994-06-23,62.0,62.0,62.0,62.0,0.0,0.0,
1994-06-24,62.0,62.0,62.0,62.0,0.0,0.0,
1994-06-27,61.0,61.0,61.0,61.0,0.0,1.0,
1994-06-28,61.0,61.0,61.0,61.0,0.0,0.0,
1994-06-29,61.0,61.0,61.0,61.0,0.0,0.0,
1994-06-30,61.0,61.0,61.0,61.0,0.0,0.0,
1994-07-01,62.0,57.0,58.0,59.0,0.0,13000.0,
1994-07-04,58.0,58.0,58.0,58.0,0.0,10000.0,
1994-07-05,56.0,56.0,58.0,56.0,0.0,5817.0,
1994-07-06,58.0,58.0,58.0,58.0,0.0,0.0,
1994-07-07,57.0,57.0,57.0,57.0,0.0,1.0,
1994-07-08,58.0,55.0,57.0,58.0,0.0,20480.0,
1994-07-11,55.0,55.0,57.0,55.0,0.0,2605.0,
1994-07-12,57.0,57.0,57.0,57.0,0.0,0.0,
1994-07-13,55.25,55.25,57.0,55.25,0.0,35000.0,
1994-07-14,57.0,57.0,57.0,57.0,0.0,0.0,
1994-07-15,55.0,55.0,57.0,55.0,0.0,4075.0,
1994-07-18,57.0,57.0,57.0,57.0,0.0,0.0,
1994-07-19,57.0,57.0,57.0,57.0,0.0,0.0,
1994-07-20,58.0,58.0,57.0,58.0,0.0,3500.0,
1994-07-21,57.0,57.0,57.0,57.0,0.0,0.0,
1994-07-22,57.0,57.0,57.0,57.0,0.0,0.0,
1994-07-25,57.0,57.0,57.0,57.0,0.0,0.0,
1994-07-26,57.0,57.0,57.0,57.0,0.0,0.0,
1994-07-27,57.0,57.0,57.0,57.0,0.0,0.0,
1994-07-28,56.0,56.0,56.0,56.0,0.0,1.0,
1994-07-29,53.0,53.0,56.0,53.0,0.0,11000.0,
1994-08-01,55.0,55.0,55.0,55.0,0.0,1.0,
1994-08-02,57.0,57.0,55.0,57.0,0.0,4000.0,
1994-08-03,57.0,44.0,55.0,53.0,0.0,468500.0,
1994-08-04,55.5,54.5,55.0,54.5,0.0,122000.0,
1994-08-05,54.0,54.0,55.0,54.0,0.0,3500.0,
1994-08-08,55.0,55.0,55.0,55.0,0.0,4000.0,
1994-08-09,55.0,55.0,55.0,55.0,0.0,0.0,
1994-08-10,57.0,57.0,55.0,57.0,0.0,4425.0,
1994-08-11,55.0,55.0,55.0,55.0,0.0,0.0,
1994-08-12,57.0,57.0,56.0,57.0,0.0,26750.0,
1994-08-15,65.0,60.0,62.0,62.0,0.0,122825.0,
1994-08-16,64.0,64.0,63.0,64.0,0.0,10000.0,
1994-08-17,61.0,60.0,63.0,61.0,0.0,29500.0,
1994-08-18,62.0,62.0,62.0,62.0,0.0,1.0,
1994-08-19,60.0,60.0,62.0,60.0,0.0,150000.0,
1994-08-22,63.0,63.0,63.0,63.0,0.0,1.0,
1994-08-23,62.0,62.0,63.0,62.0,0.0,20000.0,
1994-08-24,63.0,63.0,63.0,63.0,0.0,0.0,
1994-08-25,64.0,64.0,64.0,64.0,0.0,1.0,
1994-08-26,68.0,63.0,66.0,65.0,0.0,33259.0,
1994-08-29,66.0,66.0,66.0,66.0,0.0,0.0,
1994-08-30,70.0,68.0,68.0,68.0,0.0,29425.0,
1994-08-31,72.0,68.0,70.0,70.0,0.0,21502.0,
1994-09-01,71.0,67.0,69.0,67.0,0.0,35300.0,
1994-09-02,71.0,68.0,69.0,71.0,0.0,18300.0,
1994-09-05,67.0,67.0,69.0,67.0,0.0,5400.0,
1994-09-06,69.0,69.0,69.0,69.0,0.0,0.0,
1994-09-07,69.0,69.0,69.0,69.0,0.0,0.0,
1994-09-08,67.0,67.0,69.0,67.0,0.0,10000.0,
1994-09-09,71.0,71.0,69.0,71.0,0.0,4225.0,
1994-09-12,69.0,69.0,69.0,69.0,0.0,4276.0,
1994-09-13,69.0,69.0,69.0,69.0,0.0,0.0,
1994-09-14,79.0,67.0,75.0,68.0,0.0,153000.0,
1994-09-15,80.0,73.0,77.0,73.0,0.0,54570.0,
1994-09-16,80.0,76.0,78.0,80.0,0.0,121000.0,
1994-09-19,76.0,76.0,77.0,76.0,0.0,16000.0,
1994-09-20,78.0,78.0,78.0,78.0,0.0,25850.0,
1994-09-21,80.0,75.0,78.0,80.0,0.0,12000.0,
1994-09-22,76.5,76.5,77.0,76.5,0.0,26000.0,
1994-09-23,76.0,75.0,77.0,75.0,0.0,12560.0,
1994-09-26,73.0,73.0,75.0,73.0,0.0,4000.0,
1994-09-27,77.0,73.0,75.0,73.0,0.0,9000.0,
1994-09-28,77.0,77.0,75.0,77.0,0.0,2000.0,
1994-09-29,75.0,75.0,75.0,75.0,0.0,0.0,
1994-09-30,74.0,70.0,72.0,74.0,0.0,13400.0,
1994-10-03,70.0,70.0,70.0,70.0,0.0,1.0,
1994-10-04,70.0,70.0,70.0,70.0,0.0,0.0,
1994-10-05,70.0,70.0,70.0,70.0,0.0,0.0,
1994-10-06,70.0,68.0,69.0,68.0,0.0,12000.0,
1994-10-07,70.0,70.0,70.0,70.0,0.0,23700.0,
1994-10-10,72.0,72.0,70.0,72.0,0.0,2042.0,
1994-10-11,70.0,70.0,70.0,70.0,0.0,10500.0,
1994-10-12,70.0,70.0,70.0,70.0,0.0,0.0,
1994-10-13,71.0,69.0,70.0,69.0,0.0,10000.0,
1994-10-14,70.0,70.0,70.0,70.0,0.0,0.0,
1994-10-17,68.0,67.0,70.0,67.0,0.0,100000.0,
1994-10-18,67.0,67.0,69.0,67.0,0.0,5500.0,
1994-10-19,67.0,67.0,69.0,67.0,0.0,10000.0,
1994-10-20,69.0,69.0,69.0,69.0,0.0,0.0,
1994-10-21,69.0,69.0,69.0,69.0,0.0,0.0,
1994-10-24,70.0,70.0,69.0,70.0,0.0,7000.0,
1994-10-25,69.0,69.0,69.0,69.0,0.0,0.0,
1994-10-26,69.0,69.0,69.0,69.0,0.0,0.0,
1994-10-27,69.0,69.0,69.0,69.0,0.0,0.0,
1994-10-28,67.0,67.0,67.0,67.0,0.0,1.0,
1994-10-31,70.0,70.0,70.0,70.0,0.0,1.0,
1994-11-01,70.0,70.0,70.0,70.0,0.0,0.0,
1994-11-02,70.0,70.0,70.0,70.0,0.0,0.0,
1994-11-03,70.0,70.0,70.0,70.0,0.0,0.0,
1994-11-04,70.0,70.0,70.0,70.0,0.0,0.0,
1994-11-07,70.0,70.0,70.0,70.0,0.0,800000.0,
1994-11-08,70.0,70.0,70.0,70.0,0.0,0.0,
1994-11-09,68.0,68.0,70.0,68.0,0.0,3000.0,
1994-11-10,68.0,68.0,70.0,68.0,0.0,1500.0,
1994-11-11,76.0,70.0,77.0,72.0,0.0,63200.0,
1994-11-14,82.0,79.0,82.0,79.0,0.0,2174004.0,
1994-11-15,83.0,76.5,79.0,80.0,0.0,60860.0,
1994-11-16,75.0,75.0,77.0,75.0,0.0,2834.0,
1994-11-17,78.0,78.0,77.0,78.0,0.0,4000.0,
1994-11-18,74.0,74.0,77.0,74.0,0.0,50050.0,
1994-11-21,77.0,77.0,77.0,77.0,0.0,0.0,
1994-11-22,76.0,76.0,76.0,76.0,0.0,1.0,
1994-11-23,76.0,76.0,76.0,76.0,0.0,0.0,
1994-11-24,73.0,73.0,76.0,73.0,0.0,7140.0,
1994-11-25,75.0,75.0,75.0,75.0,0.0,1.0,
1994-11-28,76.0,76.0,76.0,76.0,0.0,1.0,
1994-11-29,76.0,76.0,76.0,76.0,0.0,0.0,
1994-11-30,76.0,76.0,76.0,76.0,0.0,0.0,
1994-12-01,74.0,74.0,75.0,74.0,0.0,11500.0,
1994-12-02,75.0,75.0,75.0,75.0,0.0,0.0,
1994-12-05,75.0,75.0,75.0,75.0,0.0,0.0,
1994-12-06,73.0,73.0,73.0,73.0,0.0,5000.0,
1994-12-07,73.0,73.0,73.0,73.0,0.0,0.0,
1994-12-08,73.0,73.0,73.0,73.0,0.0,0.0,
1994-12-09,70.0,70.0,73.0,70.0,0.0,3000.0,
1994-12-12,72.0,72.0,72.0,72.0,0.0,1.0,
1994-12-13,73.0,73.0,73.0,73.0,0.0,1.0,
1994-12-14,71.0,71.0,71.0,71.0,0.0,1.0,
1994-12-15,71.0,71.0,71.0,71.0,0.0,0.0,
1994-12-16,69.0,69.0,71.0,69.0,0.0,4000.0,
1994-12-19,72.0,72.0,72.0,72.0,0.0,1.0,
1994-12-20,72.0,72.0,72.0,72.0,0.0,0.0,
1994-12-21,72.0,72.0,72.0,72.0,0.0,0.0,
1994-12-22,71.0,71.0,72.0,71.0,0.0,5000.0,
1994-12-23,73.0,73.0,73.0,73.0,0.0,2000.0,
1994-12-26,73.0,73.0,73.0,73.0,0.0,0.0,
1994-12-27,73.0,73.0,73.0,73.0,0.0,0.0,
1994-12-28,72.0,72.0,72.0,72.0,0.0,1.0,
1994-12-29,72.0,72.0,72.0,72.0,0.0,0.0,
1994-12-30,74.0,73.0,72.0,73.0,0.0,21000.0,
1995-01-02,72.0,72.0,72.0,72.0,0.0,0.0,
1995-01-03,73.0,73.0,73.0,73.0,0.0,1.0,
1995-01-04,74.0,73.0,73.0,74.0,0.0,34350.0,
1995-01-05,74.0,73.0,73.0,74.0,0.0,677500.0,
1995-01-06,74.5,74.0,76.0,74.5,0.0,103248.0,
1995-01-09,79.0,77.5,77.0,78.0,0.0,22100.0,
1995-01-10,77.0,75.0,77.0,75.5,0.0,125000.0,
1995-01-11,77.0,77.0,77.0,77.0,0.0,0.0,
1995-01-12,76.0,76.0,77.0,76.0,0.0,33117.0,
1995-01-13,79.0,79.0,77.0,79.0,0.0,4000.0,
1995-01-16,75.5,75.0,77.0,75.5,0.0,9240.0,
1995-01-17,79.0,77.0,78.0,79.0,0.0,124000.0,
1995-01-18,82.0,79.0,80.0,79.0,0.0,37000.0,
1995-01-19,82.0,79.0,80.0,79.0,0.0,13050.0,
1995-01-20,90.0,83.0,85.0,84.0,0.0,85513.0,
1995-01-23,94.0,88.0,92.0,88.0,0.0,68907.0,
1995-01-24,93.5,88.0,90.0,93.5,0.0,382901.0,
1995-01-25,91.0,89.0,90.0,91.0,0.0,14420.0,
1995-01-26,87.0,87.0,88.0,87.0,0.0,22324.0,
1995-01-27,86.0,86.0,88.0,86.0,0.0,1750.0,
1995-01-30,90.0,86.0,88.0,86.0,0.0,3700.0,
1995-01-31,88.0,88.0,88.0,88.0,0.0,0.0,
1995-02-01,88.0,88.0,88.0,88.0,0.0,0.0,
1995-02-02,90.0,90.0,88.0,90.0,0.0,5000.0,
1995-02-03,87.0,87.0,88.0,87.0,0.0,2000.0,
1995-02-06,87.0,87.0,88.0,87.0,0.0,1600.0,
1995-02-07,90.0,90.0,89.0,90.0,0.0,2050.0,
1995-02-08,89.0,89.0,89.0,89.0,0.0,0.0,
1995-02-09,89.0,89.0,89.0,89.0,0.0,0.0,
1995-02-10,87.5,87.5,89.0,87.5,0.0,6000.0,
1995-02-13,88.0,85.5,87.0,87.5,0.0,16715.0,
1995-02-14,85.0,84.0,86.0,85.0,0.0,20347.0,
1995-02-15,85.0,85.0,86.0,85.0,0.0,4000.0,
1995-02-16,85.0,80.0,82.0,85.0,0.0,12250.0,
1995-02-17,81.0,78.0,82.0,80.25,0.0,38000.0,
1995-02-20,82.0,82.0,82.0,82.0,0.0,0.0,
1995-02-21,82.0,82.0,82.0,82.0,0.0,0.0,
1995-02-22,82.0,82.0,82.0,82.0,0.0,0.0,
1995-02-23,82.0,82.0,82.0,82.0,0.0,0.0,
1995-02-24,83.0,83.0,82.0,83.0,0.0,13000.0,
1995-02-27,84.0,80.0,84.0,80.0,0.0,59815.0,
1995-02-28,85.0,83.5,84.0,85.0,0.0,9300.0,
1995-03-01,90.5,85.0,89.0,85.0,0.0,425000.0,
1995-03-02,92.5,90.0,92.0,90.0,0.0,26500.0,
1995-03-03,91.0,90.0,91.0,90.0,0.0,82400.0,
1995-03-06,90.0,88.0,90.0,90.0,0.0,178650.0,
1995-03-07,91.0,88.0,90.0,89.0,0.0,338250.0,
1995-03-08,89.0,88.0,90.0,89.0,0.0,152000.0,
1995-03-09,90.0,90.0,90.0,90.0,0.0,0.0,
1995-03-10,88.0,87.0,90.0,88.0,0.0,5346.0,
1995-03-13,87.0,87.0,90.0,87.0,0.0,8867.0,
1995-03-14,89.0,88.0,90.0,88.0,0.0,298075.0,
1995-03-15,88.0,88.0,90.0,88.0,0.0,4000.0,
1995-03-16,89.0,87.5,89.0,89.0,0.0,181555.0,
1995-03-17,90.5,88.0,90.0,88.0,0.0,7857.0,
1995-03-20,87.0,87.0,90.0,87.0,0.0,2275.0,
1995-03-21,91.0,88.0,90.0,91.0,0.0,15058.0,
1995-03-22,92.0,89.0,90.0,89.0,0.0,19100.0,
1995-03-23,92.0,91.0,93.0,92.0,0.0,29000.0,
1995-03-24,100.0,92.0,98.0,92.0,0.0,65581.0,
1995-03-27,103.0,96.0,100.0,100.0,0.0,79766.0,
1995-03-28,102.0,98.0,100.0,98.0,0.0,27525.0,
1995-03-29,101.0,98.0,101.0,98.0,0.0,24524.0,
1995-03-30,103.0,100.0,101.0,101.0,0.0,93396.0,
1995-03-31,100.0,95.0,97.0,100.0,0.0,68105.0,
1995-04-03,97.0,97.0,97.0,97.0,0.0,0.0,
1995-04-04,98.0,95.0,98.0,98.0,0.0,106950.0,
1995-04-05,96.0,95.625,98.0,95.625,0.0,9000.0,
1995-04-06,96.5,95.0,97.0,96.5,0.0,7000.0,
1995-04-07,99.0,99.0,97.0,99.0,0.0,3000.0,
1995-04-10,97.0,97.0,97.0,97.0,0.0,0.0,
1995-04-11,95.0,95.0,98.0,95.0,0.0,12000.0,
1995-04-12,99.0,95.0,98.0,99.0,0.0,63825.0,
1995-04-13,98.0,98.0,98.0,98.0,0.0,0.0,
1995-04-14,98.0,98.0,98.0,98.0,0.0,0.0,
1995-04-17,98.0,98.0,98.0,98.0,0.0,0.0,
1995-04-18,95.0,95.0,98.0,95.0,0.0,2300.0,
1995-04-19,98.0,96.0,97.0,97.0,0.0,129000.0,
1995-04-20,99.0,95.0,97.0,95.0,0.0,6065.0,
1995-04-21,97.0,97.0,97.0,97.0,0.0,0.0,
1995-04-24,95.0,95.0,97.0,95.0,0.0,1250.0,
1995-04-25,98.0,98.0,97.0,98.0,0.0,2300.0,
1995-04-26,97.0,97.0,97.0,97.0,0.0,0.0,
1995-04-27,97.0,97.0,97.0,97.0,0.0,0.0,
1995-04-28,95.0,95.0,97.0,95.0,0.0,1200.0,
1995-05-01,95.0,95.0,97.0,95.0,0.0,12595.0,
1995-05-02,98.0,97.0,97.0,97.0,0.0,250000.0,
1995-05-03,97.0,97.0,97.0,97.0,0.0,0.0,
1995-05-04,99.0,99.0,97.0,99.0,0.0,2700.0,
1995-05-05,97.0,97.0,97.0,97.0,0.0,0.0,
1995-05-08,97.0,97.0,97.0,97.0,0.0,0.0,
1995-05-09,99.0,99.0,97.0,99.0,0.0,12970.0,
1995-05-10,98.0,98.0,98.0,98.0,0.0,1.0,
1995-05-11,100.0,100.0,98.0,100.0,0.0,12200.0,
1995-05-12,98.0,98.0,98.0,98.0,0.0,0.0,
1995-05-15,98.0,98.0,98.0,98.0,0.0,0.0,
1995-05-16,95.0,95.0,97.0,95.0,0.0,15000.0,
1995-05-17,97.0,97.0,97.0,97.0,0.0,0.0,
1995-05-18,95.0,95.0,97.0,95.0,0.0,2000.0,
1995-05-19,97.0,97.0,97.0,97.0,0.0,0.0,
1995-05-22,97.0,97.0,97.0,97.0,0.0,0.0,
1995-05-23,97.0,97.0,97.0,97.0,0.0,5100.0,
1995-05-24,97.0,97.0,97.0,97.0,0.0,0.0,
1995-05-25,97.0,97.0,97.0,97.0,0.0,0.0,
1995-05-26,96.0,96.0,97.0,96.0,0.0,780000.0,
1995-05-29,97.0,97.0,97.0,97.0,0.0,0.0,
1995-05-30,98.0,95.0,97.0,96.0,0.0,1189204.0,
1995-05-31,95.0,95.0,97.0,95.0,0.0,10050.0,
1995-06-01,97.5,97.5,97.0,97.5,0.0,15000.0,
1995-06-02,97.0,97.0,97.0,97.0,0.0,0.0,
1995-06-05,98.0,97.0,97.0,98.0,0.0,1.0,
1995-06-06,99.0,97.0,99.0,99.0,0.0,1.0,
1995-06-07,102.0,101.0,102.0,101.0,0.0,1.0,
1995-06-08,103.0,102.0,102.0,103.0,0.0,1.0,
1995-06-09,103.0,102.0,102.0,103.0,0.0,1.0,
1995-06-12,102.0,102.0,102.0,102.0,0.0,0.0,
1995-06-13,103.0,102.0,102.0,103.0,0.0,1.0,
1995-06-14,103.0,102.0,102.0,103.0,0.0,1.0,
1995-06-15,103.0,102.0,103.0,103.0,0.0,1.0,
1995-06-16,103.0,101.0,101.0,103.0,0.0,1.0,
1995-06-19,101.0,101.0,101.0,101.0,0.0,0.0,
1995-06-20,101.0,101.0,101.0,101.0,0.0,0.0,
1995-06-21,102.0,101.0,101.0,102.0,0.0,1.0,
1995-06-22,102.0,101.0,101.0,102.0,0.0,1.0,
1995-06-23,102.0,101.0,101.0,102.0,0.0,1.0,
1995-06-26,102.0,101.0,101.0,102.0,0.0,1.0,
1995-06-27,100.0,100.0,100.0,100.0,0.0,1.0,
1995-06-28,99.0,98.0,98.0,99.0,0.0,1.0,
1995-06-29,99.0,98.0,98.0,99.0,0.0,1.0,
1995-06-30,99.0,98.0,98.0,99.0,0.0,1.0,
1995-07-03,99.0,98.0,98.0,99.0,0.0,1.0,
1995-07-04,99.0,98.0,98.0,99.0,0.0,1.0,
1995-07-05,100.0,98.0,100.0,99.0,0.0,1.0,
1995-07-06,101.0,100.0,100.0,101.0,0.0,1.0,
1995-07-07,100.0,99.0,100.0,99.0,0.0,1.0,
1995-07-10,100.0,99.0,100.0,99.0,0.0,1.0,
1995-07-11,100.0,99.0,100.0,99.0,0.0,1.0,
1995-07-12,100.0,99.0,100.0,99.0,0.0,1.0,
1995-07-13,101.0,99.0,101.0,99.0,0.0,1.0,
1995-07-14,101.0,101.0,101.0,101.0,0.0,0.0,
1995-07-17,101.0,101.0,101.0,101.0,0.0,0.0,
1995-07-18,101.0,101.0,101.0,101.0,0.0,0.0,
1995-07-19,101.0,100.0,100.0,101.0,0.0,1.0,
1995-07-20,100.0,100.0,100.0,100.0,0.0,0.0,
1995-07-21,100.0,100.0,100.0,100.0,0.0,0.0,
1995-07-24,100.0,99.0,100.0,100.0,0.0,0.0,
1995-07-25,100.0,99.0,99.0,100.0,0.0,1.0,
1995-07-26,99.0,99.0,99.0,99.0,0.0,0.0,
1995-07-27,99.0,99.0,99.0,99.0,0.0,0.0,
1995-07-28,100.0,99.0,100.0,99.0,0.0,1.0,
1995-07-31,100.0,99.0,100.0,99.0,0.0,1.0,
1995-08-01,100.0,99.0,100.0,99.0,0.0,1.0,
1995-08-02,100.0,99.0,100.0,99.0,0.0,1.0,
1995-08-03,100.0,99.0,100.0,99.0,0.0,1.0,
1995-08-04,103.0,100.0,102.0,101.0,0.0,1.0,
1995-08-07,103.0,102.0,102.0,103.0,0.0,1.0,
1995-08-08,102.0,102.0,102.0,102.0,0.0,0.0,
1995-08-09,103.0,102.0,102.0,103.0,0.0,1.0,
1995-08-10,102.0,102.0,102.0,102.0,0.0,0.0,
1995-08-11,102.0,102.0,102.0,102.0,0.0,0.0,
1995-08-14,102.0,102.0,102.0,102.0,0.0,0.0,
1995-08-15,102.0,102.0,102.0,102.0,0.0,0.0,
1995-08-16,102.0,102.0,102.0,102.0,0.0,0.0,
1995-08-17,102.0,102.0,102.0,102.0,0.0,0.0,
1995-08-18,102.0,102.0,102.0,102.0,0.0,0.0,
1995-08-21,102.0,102.0,102.0,102.0,0.0,0.0,
1995-08-22,102.0,101.0,101.0,102.0,0.0,1.0,
1995-08-23,101.0,101.0,101.0,101.0,0.0,0.0,
1995-08-24,100.0,100.0,100.0,100.0,0.0,1.0,
1995-08-25,100.0,99.0,99.0,100.0,0.0,1.0,
1995-08-28,99.0,99.0,99.0,99.0,0.0,0.0,
1995-08-29,100.0,99.0,99.0,100.0,0.0,1.0,
1995-08-30,99.0,99.0,99.0,99.0,0.0,0.0,
1995-08-31,100.0,99.0,100.0,99.0,0.0,1.0,
1995-09-01,100.0,99.0,100.0,99.0,0.0,1.0,
1995-09-04,100.0,99.0,100.0,99.0,0.0,1.0,
1995-09-05,100.0,99.0,100.0,99.0,0.0,1.0,
1995-09-06,100.0,99.0,100.0,99.0,0.0,1.0,
1995-09-07,100.0,99.0,100.0,99.0,0.0,1.0,
1995-09-08,100.0,96.0,96.0,99.0,0.0,1.0,
1995-09-11,97.0,96.0,96.0,97.0,0.0,1.0,
1995-09-12,95.0,95.0,95.0,95.0,0.0,1.0,
1995-09-13,95.0,95.0,95.0,95.0,0.0,0.0,
1995-09-14,95.0,95.0,95.0,95.0,0.0,0.0,
1995-09-15,96.0,95.0,95.0,96.0,0.0,1.0,
1995-09-18,96.0,95.0,95.0,96.0,0.0,1.0,
1995-09-19,95.0,95.0,95.0,95.0,0.0,1780000.0,
1995-09-20,95.0,95.0,95.0,95.0,0.0,0.0,
1995-09-21,95.0,94.0,94.0,95.0,0.0,1.0,
1995-09-22,94.0,94.0,94.0,94.0,0.0,0.0,
1995-09-25,94.0,94.0,94.0,94.0,0.0,0.0,
1995-09-26,94.0,93.0,94.0,93.0,0.0,1.0,
1995-09-27,94.0,93.0,93.0,93.0,0.0,1.0,
1995-09-28,93.0,93.0,93.0,93.0,0.0,0.0,
1995-09-29,93.0,93.0,93.0,93.0,0.0,650000.0,
1995-10-02,93.0,92.0,92.0,93.0,0.0,1.0,
1995-10-03,93.0,92.0,92.0,93.0,0.0,1.0,
1995-10-04,93.0,92.0,92.0,93.0,0.0,1.0,
1995-10-05,93.0,92.0,92.0,93.0,0.0,1.0,
1995-10-06,93.0,92.0,92.0,93.0,0.0,1.0,
1995-10-09,92.0,92.0,92.0,92.0,0.0,0.0,
1995-10-10,92.0,92.0,92.0,92.0,0.0,0.0,
1995-10-11,92.0,92.0,92.0,92.0,0.0,0.0,
1995-10-12,92.0,92.0,92.0,92.0,0.0,0.0,
1995-10-13,92.0,92.0,92.0,92.0,0.0,0.0,
1995-10-16,92.0,92.0,92.0,92.0,0.0,0.0,
1995-10-17,92.0,92.0,92.0,92.0,0.0,0.0,
1995-10-18,92.0,91.0,91.0,92.0,0.0,233400.0,
1995-10-19,92.0,91.0,91.0,92.0,0.0,1.0,
1995-10-20,92.0,91.0,91.0,92.0,0.0,1.0,
1995-10-23,92.0,90.0,90.0,92.0,0.0,1.0,
1995-10-24,90.0,89.0,90.0,90.0,0.0,0.0,
1995-10-25,90.0,90.0,90.0,90.0,0.0,0.0,
1995-10-26,90.0,89.0,89.0,90.0,0.0,1.0,
1995-10-27,89.0,88.0,89.0,88.0,0.0,1.0,
1995-10-30,89.0,88.0,88.0,88.0,0.0,1.0,
1995-10-31,88.0,88.0,88.0,88.0,0.0,0.0,
1995-11-01,88.0,88.0,88.0,88.0,0.0,0.0,
1995-11-02,88.0,88.0,88.0,88.0,0.0,0.0,
1995-11-03,88.0,88.0,88.0,88.0,0.0,0.0,
1995-11-06,86.0,85.0,88.0,86.0,0.0,2000.0,
1995-11-07,88.0,88.0,88.0,88.0,0.0,0.0,
1995-11-08,85.0,85.0,88.0,85.0,0.0,100.0,
1995-11-09,85.0,85.0,88.0,85.0,0.0,10000.0,
1995-11-10,90.0,85.0,88.0,90.0,0.0,25600.0,
1995-11-13,90.0,85.0,88.0,86.0,0.0,3166.0,
1995-11-14,88.0,88.0,88.0,88.0,0.0,0.0,
1995-11-15,88.0,88.0,88.0,88.0,0.0,0.0,
1995-11-16,85.0,85.0,88.0,85.0,0.0,12500.0,
1995-11-17,85.0,85.0,88.0,85.0,0.0,2650.0,
1995-11-20,90.0,90.0,88.0,90.0,0.0,63.0,
1995-11-21,85.0,85.0,88.0,85.0,0.0,1333.0,
1995-11-22,85.0,85.0,88.0,85.0,0.0,3250.0,
1995-11-23,88.0,88.0,88.0,88.0,0.0,0.0,
1995-11-24,90.0,90.0,88.0,90.0,0.0,50000.0,
1995-11-27,89.0,89.0,89.0,89.0,0.0,1.0,
1995-11-28,93.0,88.0,95.0,88.0,0.0,62510.0,
1995-11-29,97.0,92.0,94.0,97.0,0.0,121000.0,
1995-11-30,93.0,93.0,94.0,93.0,0.0,8000.0,
1995-12-01,94.0,94.0,94.0,94.0,0.0,0.0,
1995-12-04,92.0,92.0,94.0,92.0,0.0,29900.0,
1995-12-05,92.0,92.0,94.0,92.0,0.0,1000.0,
1995-12-06,90.0,90.0,92.0,90.0,0.0,7060.0,
1995-12-07,92.0,87.0,90.0,92.0,0.0,2900.0,
1995-12-08,87.0,87.0,90.0,87.0,0.0,1000.0,
1995-12-11,87.0,87.0,90.0,87.0,0.0,4495.0,
1995-12-12,90.0,90.0,90.0,90.0,0.0,0.0,
1995-12-13,86.0,85.0,87.0,85.0,0.0,100167.0,
1995-12-14,87.0,87.0,87.0,87.0,0.0,0.0,
1995-12-15,87.0,87.0,87.0,87.0,0.0,0.0,
1995-12-18,85.0,85.0,87.0,85.0,0.0,2780.0,
1995-12-19,85.0,85.0,87.0,85.0,0.0,50.0,
1995-12-20,85.0,85.0,87.0,85.0,0.0,5000.0,
1995-12-21,87.0,87.0,87.0,87.0,0.0,0.0,
1995-12-22,87.0,87.0,87.0,87.0,0.0,0.0,
1995-12-25,87.0,87.0,87.0,87.0,0.0,0.0,
1995-12-26,87.0,87.0,87.0,87.0,0.0,0.0,
1995-12-27,83.0,83.0,84.0,83.0,0.0,12500.0,
1995-12-28,84.0,84.0,84.0,84.0,0.0,0.0,
1995-12-29,84.0,84.0,84.0,84.0,0.0,0.0,
1996-01-01,84.0,84.0,84.0,84.0,0.0,0.0,
1996-01-02,85.0,84.0,85.0,84.0,0.0,110000.0,
1996-01-03,85.0,82.0,86.0,82.0,0.0,750.0,
1996-01-04,86.0,86.0,86.0,86.0,0.0,0.0,
1996-01-05,84.0,84.0,86.0,84.0,0.0,3500.0,
1996-01-08,86.0,86.0,86.0,86.0,0.0,0.0,
1996-01-09,84.0,84.0,86.0,84.0,0.0,300.0,
1996-01-10,86.0,86.0,86.0,86.0,0.0,0.0,
1996-01-11,85.0,85.0,86.0,85.0,0.0,10000.0,
1996-01-12,86.0,86.0,86.0,86.0,0.0,0.0,
1996-01-15,90.0,90.0,88.0,90.0,0.0,25000.0,
1996-01-16,90.0,87.0,89.0,88.5,0.0,120325.0,
1996-01-17,89.0,89.0,89.0,89.0,0.0,75000.0,
1996-01-18,90.0,90.0,89.0,90.0,0.0,2000.0,
1996-01-19,90.0,87.5,89.0,90.0,0.0,3050.0,
1996-01-22,87.5,87.5,89.0,87.5,0.0,695.0,
1996-01-23,91.0,89.5,90.0,90.0,0.0,554900.0,
1996-01-24,90.0,90.0,90.0,90.0,0.0,0.0,
1996-01-25,87.0,87.0,90.0,87.0,0.0,2738.0,
1996-01-26,92.0,92.0,90.0,92.0,0.0,1065.0,
1996-01-29,89.0,87.0,90.0,89.0,0.0,1313.0,
1996-01-30,87.0,87.0,89.0,87.0,0.0,960.0,
1996-01-31,87.0,87.0,89.0,87.0,0.0,5000.0,
1996-02-01,87.0,87.0,88.0,87.0,0.0,334.0,
1996-02-02,88.0,88.0,88.0,88.0,0.0,0.0,
1996-02-05,88.0,88.0,88.0,88.0,0.0,0.0,
1996-02-06,88.0,88.0,88.0,88.0,0.0,0.0,
1996-02-07,88.0,88.0,88.0,88.0,0.0,0.0,
1996-02-08,86.0,86.0,88.0,86.0,0.0,10000.0,
1996-02-09,83.0,80.0,83.0,83.0,0.0,9143.0,
1996-02-12,80.0,80.0,83.0,80.0,0.0,250.0,
1996-02-13,85.0,80.0,83.0,80.0,0.0,1368.0,
1996-02-14,80.0,80.0,83.0,80.0,0.0,500.0,
1996-02-15,80.0,80.0,83.0,80.0,0.0,3250.0,
1996-02-16,80.0,80.0,83.0,80.0,0.0,8817.0,
1996-02-19,83.0,83.0,83.0,83.0,0.0,0.0,
1996-02-20,82.5,80.0,83.0,80.0,0.0,57500.0,
1996-02-21,82.0,81.0,83.0,82.0,0.0,108000.0,
1996-02-22,83.0,83.0,83.0,83.0,0.0,0.0,
1996-02-23,80.0,80.0,83.0,80.0,0.0,171.0,
1996-02-26,83.0,83.0,83.0,83.0,0.0,0.0,
1996-02-27,83.0,83.0,83.0,83.0,0.0,0.0,
1996-02-28,85.0,81.0,83.0,85.0,0.0,25075.0,
1996-02-29,83.0,83.0,83.0,83.0,0.0,0.0,
1996-03-01,83.0,83.0,83.0,83.0,0.0,0.0,
1996-03-04,81.0,80.0,82.0,81.0,0.0,21450.0,
1996-03-05,80.25,80.25,82.0,80.25,0.0,11450.0,
1996-03-06,82.0,80.0,82.0,82.0,0.0,320.0,
1996-03-07,82.0,82.0,82.0,82.0,0.0,0.0,
1996-03-08,80.0,80.0,82.0,80.0,0.0,250.0,
1996-03-11,82.0,82.0,82.0,82.0,0.0,0.0,
1996-03-12,80.0,80.0,82.0,80.0,0.0,600.0,
1996-03-13,82.0,82.0,82.0,82.0,0.0,0.0,
1996-03-14,82.0,82.0,82.0,82.0,0.0,0.0,
1996-03-15,82.0,80.0,83.0,80.0,0.0,5150.0,
1996-03-18,82.5,82.5,83.0,82.5,0.0,5000.0,
1996-03-19,83.0,83.0,83.0,83.0,0.0,0.0,
1996-03-20,80.0,80.0,83.0,80.0,0.0,36900.0,
1996-03-21,80.0,80.0,82.0,80.0,0.0,75.0,
1996-03-22,80.0,80.0,82.0,80.0,0.0,743.0,
1996-03-25,80.5,80.5,81.0,80.5,0.0,2000.0,
1996-03-26,82.0,82.0,82.0,82.0,0.0,1.0,
1996-03-27,82.0,82.0,82.0,82.0,0.0,0.0,
1996-03-28,80.0,80.0,82.0,80.0,0.0,167.0,
1996-03-29,80.0,80.0,82.0,80.0,0.0,242.0,
1996-04-01,81.0,81.0,81.0,81.0,0.0,1.0,
1996-04-02,79.0,79.0,81.0,79.0,0.0,1000.0,
1996-04-03,81.0,81.0,81.0,81.0,0.0,0.0,
1996-04-04,75.0,75.0,75.0,75.0,0.0,10100.0,
1996-04-05,75.0,75.0,75.0,75.0,0.0,0.0,
1996-04-08,75.0,75.0,75.0,75.0,0.0,0.0,
1996-04-09,74.5,72.0,74.0,74.5,0.0,18100.0,
1996-04-10,74.0,72.0,74.0,74.0,0.0,25100.0,
1996-04-11,70.0,70.0,73.0,70.0,0.0,15000.0,
1996-04-12,73.0,70.0,73.0,70.0,0.0,19450.0,
1996-04-15,73.0,73.0,73.0,73.0,0.0,0.0,
1996-04-16,73.0,73.0,73.0,73.0,0.0,0.0,
1996-04-17,70.0,70.0,73.0,70.0,0.0,4250.0,
1996-04-18,73.0,73.0,73.0,73.0,0.0,0.0,
1996-04-19,73.0,73.0,73.0,73.0,0.0,9000.0,
1996-04-22,75.0,71.0,73.0,71.0,0.0,2063.0,
1996-04-23,68.0,68.0,71.0,68.0,0.0,15075.0,
1996-04-24,67.0,67.0,70.0,67.0,0.0,11625.0,
1996-04-25,70.0,67.0,70.0,68.5,0.0,90228.0,
1996-04-26,71.0,71.0,71.0,71.0,0.0,1.0,
1996-04-29,68.0,68.0,71.0,68.0,0.0,25000.0,
1996-04-30,71.0,71.0,71.0,71.0,0.0,0.0,
1996-05-01,73.0,73.0,71.0,73.0,0.0,500.0,
1996-05-02,72.0,68.0,71.0,72.0,0.0,8400.0,
1996-05-03,69.0,69.0,71.0,69.0,0.0,500.0,
1996-05-06,71.0,71.0,71.0,71.0,0.0,0.0,
1996-05-07,73.0,73.0,72.0,73.0,0.0,5475.0,
1996-05-08,80.0,75.0,80.0,75.0,0.0,74075.0,
1996-05-09,82.0,82.0,81.0,82.0,0.0,200.0,
1996-05-10,80.0,78.0,83.0,78.0,0.0,267.0,
1996-05-13,84.0,80.0,83.0,84.0,0.0,3550.0,
1996-05-14,84.0,80.0,85.0,84.0,0.0,6500.0,
1996-05-15,87.0,81.0,85.0,87.0,0.0,25005.0,
1996-05-16,83.0,82.0,85.0,82.0,0.0,3500.0,
1996-05-17,82.0,82.0,85.0,82.0,0.0,6000.0,
1996-05-20,87.0,82.0,85.0,87.0,0.0,1334.0,
1996-05-21,83.0,82.0,85.0,82.0,0.0,1100.0,
1996-05-22,82.0,82.0,85.0,82.0,0.0,167.0,
1996-05-23,85.0,85.0,85.0,85.0,0.0,0.0,
1996-05-24,85.0,85.0,85.0,85.0,0.0,0.0,
1996-05-27,85.0,85.0,85.0,85.0,0.0,0.0,
1996-05-28,82.0,81.0,85.0,82.0,0.0,10100.0,
1996-05-29,82.0,82.0,85.0,82.0,0.0,100.0,
1996-05-30,85.0,83.0,85.0,83.0,0.0,105000.0,
1996-05-31,82.0,82.0,85.0,82.0,0.0,100.0,
1996-06-03,82.0,82.0,85.0,82.0,0.0,200.0,
1996-06-04,82.0,82.0,85.0,82.0,0.0,2500.0,
1996-06-05,83.0,78.0,81.0,82.0,0.0,10965.0,
1996-06-06,81.0,81.0,81.0,81.0,0.0,0.0,
1996-06-07,78.0,75.0,80.0,78.0,0.0,14053.0,
1996-06-10,77.0,77.0,80.0,77.0,0.0,467.0,
1996-06-11,67.0,65.0,67.0,65.0,0.0,18900.0,
1996-06-12,68.0,64.0,66.0,65.0,0.0,2434.0,
1996-06-13,68.0,63.0,66.0,68.0,0.0,7167.0,
1996-06-14,64.0,64.0,65.0,64.0,0.0,25000.0,
1996-06-17,67.0,62.0,65.0,62.0,0.0,14500.0,
1996-06-18,63.0,63.0,65.0,63.0,0.0,2000.0,
1996-06-19,67.0,64.0,65.0,67.0,0.0,28000.0,
1996-06-20,67.0,67.0,65.0,67.0,0.0,700.0,
1996-06-21,67.0,67.0,65.0,67.0,0.0,1000.0,
1996-06-24,63.0,63.0,65.0,63.0,0.0,200.0,
1996-06-25,65.0,65.0,65.0,65.0,0.0,0.0,
1996-06-26,65.0,65.0,65.0,65.0,0.0,0.0,
1996-06-27,63.0,63.0,65.0,63.0,0.0,200.0,
1996-06-28,65.0,65.0,65.0,65.0,0.0,0.0,
1996-07-01,67.0,67.0,65.0,67.0,0.0,4000.0,
1996-07-02,65.0,65.0,65.0,65.0,0.0,0.0,
1996-07-03,63.0,63.0,65.0,63.0,0.0,1500.0,
1996-07-04,63.0,63.0,65.0,63.0,0.0,150.0,
1996-07-05,63.0,63.0,65.0,63.0,0.0,1000.0,
1996-07-08,63.0,63.0,65.0,63.0,0.0,1000.0,
1996-07-09,65.0,65.0,65.0,65.0,0.0,0.0,
1996-07-10,65.0,65.0,65.0,65.0,0.0,0.0,
1996-07-11,63.0,63.0,65.0,63.0,0.0,400.0,
1996-07-12,65.0,65.0,65.0,65.0,0.0,0.0,
1996-07-15,66.0,65.0,65.0,66.0,0.0,300534.0,
1996-07-16,62.0,62.0,60.0,62.0,0.0,5000.0,
1996-07-17,58.0,58.0,60.0,58.0,0.0,20000.0,
1996-07-18,57.0,55.0,59.0,57.0,0.0,11584.0,
1996-07-19,59.0,59.0,59.0,59.0,0.0,0.0,
1996-07-22,55.0,55.0,58.0,55.0,0.0,3850.0,
1996-07-23,58.0,58.0,58.0,58.0,0.0,0.0,
1996-07-24,60.0,55.0,58.0,60.0,0.0,38000.0,
1996-07-25,58.0,58.0,58.0,58.0,0.0,0.0,
1996-07-26,58.0,58.0,58.0,58.0,0.0,0.0,
1996-07-29,58.0,58.0,58.0,58.0,0.0,0.0,
1996-07-30,58.0,58.0,58.0,58.0,0.0,0.0,
1996-07-31,58.0,58.0,58.0,58.0,0.0,0.0,
1996-08-01,58.0,58.0,58.0,58.0,0.0,0.0,
1996-08-02,58.0,58.0,58.0,58.0,0.0,0.0,
1996-08-05,58.0,58.0,58.0,58.0,0.0,0.0,
1996-08-06,55.0,55.0,58.0,55.0,0.0,4800.0,
1996-08-07,55.0,55.0,58.0,55.0,0.0,1000.0,
1996-08-08,58.0,58.0,58.0,58.0,0.0,0.0,
1996-08-09,58.0,55.0,58.0,58.0,0.0,5134.0,
1996-08-12,55.0,55.0,58.0,55.0,0.0,2738.0,
1996-08-13,60.0,60.0,58.0,60.0,0.0,2000.0,
1996-08-14,57.0,57.0,58.0,57.0,0.0,50000.0,
1996-08-15,58.0,58.0,58.0,58.0,0.0,0.0,
1996-08-16,58.0,58.0,58.0,58.0,0.0,0.0,
1996-08-19,59.0,55.0,59.0,55.0,0.0,200500.0,
1996-08-20,70.0,59.0,69.0,59.0,0.0,74225.0,
1996-08-21,72.0,68.0,70.0,72.0,0.0,202350.0,
1996-08-22,71.0,69.0,70.0,71.0,0.0,100000.0,
1996-08-23,70.0,70.0,70.0,70.0,0.0,0.0,
1996-08-26,70.0,70.0,70.0,70.0,0.0,0.0,
1996-08-27,67.0,67.0,69.5,67.0,0.0,25000.0,
1996-08-28,73.0,70.0,71.5,70.0,0.0,119000.0,
1996-08-29,74.0,73.0,73.5,74.0,0.0,45221.0,
1996-08-30,72.0,72.0,73.5,72.0,0.0,100.0,
1996-09-02,82.0,77.0,81.0,79.0,0.0,17800.0,
1996-09-03,88.0,82.0,85.5,82.0,0.0,18163.0,
1996-09-04,87.0,83.0,85.5,83.5,0.0,73750.0,
1996-09-05,84.0,84.0,85.5,84.0,0.0,2500.0,
1996-09-06,83.0,78.0,79.0,83.0,0.0,10000.0,
1996-09-09,78.0,78.0,79.0,78.0,0.0,7563.0,
1996-09-10,79.0,79.0,77.5,79.0,0.0,12500.0,
1996-09-11,78.0,78.0,77.5,78.0,0.0,10000.0,
1996-09-12,75.0,73.0,73.5,73.0,0.0,33500.0,
1996-09-13,74.5,72.0,73.5,72.0,0.0,43500.0,
1996-09-16,75.0,70.0,72.5,72.0,0.0,13392.0,
1996-09-17,75.0,72.0,73.5,75.0,0.0,38300.0,
1996-09-18,73.5,73.5,73.5,73.5,0.0,0.0,
1996-09-19,72.5,72.5,72.5,72.5,0.0,1.0,
1996-09-20,70.0,70.0,72.5,70.0,0.0,20000.0,
1996-09-23,70.0,62.0,60.5,70.0,0.0,25501.0,
1996-09-24,63.0,61.0,60.5,61.0,0.0,16000.0,
1996-09-25,62.0,58.0,60.0,60.0,0.0,30000.0,
1996-09-26,43.0,33.0,35.5,43.0,0.0,500318.0,
1996-09-27,40.0,35.0,37.5,38.0,0.0,3575966.0,
1996-09-30,42.0,37.0,40.0,40.0,0.0,178068.0,
1996-10-01,48.0,43.0,46.5,43.0,0.0,258299.0,
1996-10-02,50.0,45.0,49.0,48.0,0.0,190732.0,
1996-10-03,50.5,45.0,47.0,50.5,0.0,88539.0,
1996-10-04,49.0,45.0,45.0,49.0,0.0,107609.0,
1996-10-07,50.0,46.0,45.5,47.0,0.0,317750.0,
1996-10-08,48.0,46.0,46.5,48.0,0.0,126583.0,
1996-10-09,48.0,45.0,45.0,48.0,0.0,40100.0,
1996-10-10,45.0,45.0,45.0,45.0,0.0,0.0,
1996-10-11,47.0,47.0,45.0,47.0,0.0,20000.0,
1996-10-14,47.0,43.0,45.0,47.0,0.0,4000.0,
1996-10-15,48.0,43.0,45.5,48.0,0.0,192206.0,
1996-10-16,48.0,44.0,45.5,48.0,0.0,22270.0,
1996-10-17,48.0,48.0,45.5,48.0,0.0,20000.0,
1996-10-18,48.0,46.0,45.5,48.0,0.0,47540.0,
1996-10-21,55.0,47.0,50.0,48.0,0.0,169545.0,
1996-10-22,54.0,48.0,52.0,48.0,0.0,410358.0,
1996-10-23,55.0,50.0,53.5,51.0,0.0,156702.0,
1996-10-24,70.0,55.0,62.5,55.0,0.0,626925.0,
1996-10-25,77.0,68.0,74.0,75.0,0.0,1789762.0,
1996-10-28,75.0,63.0,67.0,73.0,0.0,585837.0,
1996-10-29,70.0,60.0,62.5,65.0,0.0,611299.0,
1996-10-30,63.0,53.0,57.5,60.5,0.0,114125.0,
1996-10-31,57.0,50.0,54.5,55.0,0.0,243850.0,
1996-11-01,57.0,53.0,54.5,53.0,0.0,14269.0,
1996-11-04,64.0,52.0,62.5,52.0,0.0,247000.0,
1996-11-05,67.0,62.0,65.0,65.0,0.0,264435.0,
1996-11-06,69.0,63.0,65.5,64.0,0.0,872002.0,
1996-11-07,70.0,65.0,67.5,66.0,0.0,643242.0,
1996-11-08,70.0,63.0,65.5,70.0,0.0,27308.0,
1996-11-11,68.0,67.0,65.5,67.0,0.0,215500.0,
1996-11-12,67.0,61.5,64.5,63.0,0.0,181500.0,
1996-11-13,68.0,62.0,64.5,68.0,0.0,105263.0,
1996-11-14,67.0,66.0,64.5,66.0,0.0,42500.0,
1996-11-15,64.0,60.0,61.5,64.0,0.0,96500.0,
1996-11-18,63.0,61.0,62.5,63.0,0.0,36500.0,
1996-11-19,65.0,60.0,62.5,61.5,0.0,110600.0,
1996-11-20,64.375,61.0,62.5,61.0,0.0,160000.0,
1996-11-21,65.0,57.0,59.5,60.0,0.0,117336.0,
1996-11-22,62.0,57.0,59.5,61.5,0.0,138180.0,
1996-11-25,58.0,58.0,59.5,58.0,0.0,10000.0,
1996-11-26,61.75,60.0,59.5,60.25,0.0,70000.0,
1996-11-27,60.0,55.0,55.0,56.0,0.0,175100.0,
1996-11-28,58.0,53.0,56.5,56.5,0.0,269500.0,
1996-11-29,59.0,57.625,56.5,58.0,0.0,87000.0,
1996-12-02,67.0,62.0,64.5,62.0,0.0,191530.0,
1996-12-03,68.0,58.0,60.5,68.0,0.0,233335.0,
1996-12-04,62.0,58.0,60.0,62.0,0.0,45000.0,
1996-12-05,63.0,56.0,60.5,58.0,0.0,281167.0,
1996-12-06,62.0,55.0,56.5,62.0,0.0,137380.0,
1996-12-09,63.0,61.0,60.5,61.0,0.0,402000.0,
1996-12-10,63.5,62.0,60.5,62.0,0.0,508000.0,
1996-12-11,63.0,62.0,60.5,62.0,0.0,450692.0,
1996-12-12,64.0,58.0,61.5,63.0,0.0,190000.0,
1996-12-13,62.0,57.0,58.5,60.0,0.0,124305.0,
1996-12-16,63.0,61.625,59.5,62.0,0.0,215000.0,
1996-12-17,57.0,57.0,57.5,57.0,0.0,10000.0,
1996-12-18,60.0,55.0,57.5,55.0,0.0,4500.0,
1996-12-19,57.5,57.5,57.5,57.5,0.0,0.0,
1996-12-20,60.25,54.0,59.5,56.0,0.0,178820.0,
1996-12-23,62.0,57.0,59.5,61.0,0.0,272456.0,
1996-12-24,65.0,62.0,61.5,62.0,0.0,30000.0,
1996-12-25,61.5,61.5,61.5,61.5,0.0,0.0,
1996-12-26,61.5,61.5,61.5,61.5,0.0,0.0,
1996-12-27,65.0,63.0,62.5,63.0,0.0,74770.0,
1996-12-30,66.5,62.0,64.0,65.0,0.0,157000.0,
1996-12-31,65.0,61.0,63.0,62.0,0.0,65000.0,
1997-01-01,63.0,63.0,63.0,63.0,0.0,0.0,
1997-01-02,65.0,61.0,60.5,65.0,0.0,13552.0,
1997-01-03,63.0,58.0,60.5,58.0,0.0,204614.0,
1997-01-06,63.0,58.0,60.5,58.0,0.0,20780.0,
1997-01-07,60.5,60.5,60.5,60.5,0.0,0.0,
1997-01-08,59.0,57.0,57.5,59.0,0.0,29890.0,
1997-01-09,58.0,54.0,54.5,58.0,0.0,42000.0,
1997-01-10,54.25,52.0,54.5,53.0,0.0,58650.0,
1997-01-13,53.0,48.0,50.5,50.0,0.0,118830.0,
1997-01-14,50.0,43.0,47.5,48.0,0.0,579922.0,
1997-01-15,46.0,43.0,45.0,44.0,0.0,182000.0,
1997-01-16,47.0,38.0,41.5,42.0,0.0,259660.0,
1997-01-17,43.0,34.0,35.5,40.5,0.0,416187.0,
1997-01-20,58.0,43.0,52.5,50.0,0.0,708772.0,
1997-01-21,55.0,47.0,50.0,55.0,0.0,109124.0,
1997-01-22,53.0,48.0,49.5,53.0,0.0,127858.0,
1997-01-23,48.0,43.0,44.5,45.0,0.0,41385.0,
1997-01-24,53.0,44.0,50.5,44.0,0.0,597083.0,
1997-01-27,58.0,53.0,56.5,53.0,0.0,242862.0,
1997-01-28,58.5,55.0,56.5,58.0,0.0,96023.0,
1997-01-29,59.0,55.0,56.5,58.0,0.0,58770.0,
1997-01-30,62.0,57.0,59.5,58.5,0.0,133128.0,
1997-01-31,62.0,55.0,57.5,61.0,0.0,227526.0,
1997-02-03,60.0,54.0,55.0,55.0,0.0,42773.0,
1997-02-04,56.5,50.0,52.5,54.0,0.0,176291.0,
1997-02-05,55.0,50.0,52.5,54.0,0.0,83000.0,
1997-02-06,60.0,52.0,59.5,53.0,0.0,120800.0,
1997-02-07,62.0,58.0,60.0,61.0,0.0,76473.0,
1997-02-10,62.0,58.0,60.0,62.0,0.0,47056.0,
1997-02-11,62.0,58.0,60.0,58.0,0.0,193000.0,
1997-02-12,62.0,57.0,60.0,58.0,0.0,332318.0,
1997-02-13,61.5,61.5,59.5,61.5,0.0,4000.0,
1997-02-14,56.0,55.0,57.5,56.0,0.0,8045.0,
1997-02-17,60.0,56.0,58.5,56.0,0.0,44780.0,
1997-02-18,58.5,58.5,58.5,58.5,0.0,0.0,
1997-02-19,60.0,57.5,58.5,60.0,0.0,30000.0,
1997-02-20,62.0,60.0,60.0,62.0,0.0,28448.0,
1997-02-21,62.0,58.0,60.0,58.0,0.0,121925.0,
1997-02-24,62.0,57.0,59.5,62.0,0.0,73000.0,
1997-02-25,62.0,59.5,59.5,62.0,0.0,31806.0,
1997-02-26,68.0,61.0,64.5,62.0,0.0,181329.0,
1997-02-27,67.0,62.0,64.5,67.0,0.0,26575.0,
1997-02-28,68.0,63.0,65.5,68.0,0.0,122194.0,
1997-03-03,68.0,63.0,62.0,68.0,0.0,103634.0,
1997-03-04,65.0,63.0,65.5,63.0,0.0,214667.0,
1997-03-05,66.0,64.0,65.5,65.0,0.0,196795.0,
1997-03-06,68.0,60.5,62.0,68.0,0.0,105400.0,
1997-03-07,63.0,60.0,63.5,60.0,0.0,96556.0,
1997-03-10,68.0,63.0,65.0,65.0,0.0,178100.0,
1997-03-11,66.0,63.0,65.0,63.0,0.0,37700.0,
1997-03-12,67.0,63.0,65.0,63.0,0.0,36373.0,
1997-03-13,62.0,62.0,64.5,62.0,0.0,20000.0,
1997-03-14,67.0,62.0,64.0,66.0,0.0,112203.0,
1997-03-17,62.0,60.0,63.5,62.0,0.0,56450.0,
1997-03-18,63.0,60.0,61.5,60.0,0.0,10650.0,
1997-03-19,64.0,60.5,65.5,60.5,0.0,37534.0,
1997-03-20,66.5,63.0,65.5,66.5,0.0,139894.0,
1997-03-21,63.0,60.0,62.5,63.0,0.0,67000.0,
1997-03-24,68.0,64.0,67.5,65.0,0.0,223900.0,
1997-03-25,68.0,65.0,66.5,68.0,0.0,35300.0,
1997-03-26,68.0,65.0,66.5,68.0,0.0,4460.0,
1997-03-27,65.0,65.0,66.5,65.0,0.0,19096.0,
1997-03-28,66.5,66.5,66.5,66.5,0.0,0.0,
1997-03-31,66.5,66.5,66.5,66.5,0.0,0.0,
1997-04-01,67.0,63.0,65.0,65.0,0.0,74838.0,
1997-04-02,63.0,63.0,65.0,63.0,0.0,10000.0,
1997-04-03,63.0,61.0,64.5,63.0,0.0,336100.0,
1997-04-04,62.0625,54.0,57.5,62.0625,0.0,90910.0,
1997-04-07,60.0,56.0,57.5,59.0,0.0,23000.0,
1997-04-08,58.0,58.0,56.5,58.0,0.0,2500.0,
1997-04-09,58.0,55.0,56.5,55.0,0.0,8875.0,
1997-04-10,56.5,56.5,56.5,56.5,0.0,0.0,
1997-04-11,57.0,55.0,55.5,57.0,0.0,6750.0,
1997-04-14,53.0,48.0,50.0,53.0,0.0,28728.0,
1997-04-15,48.5,43.0,47.5,48.0,0.0,74150.0,
1997-04-16,50.0,48.0,47.5,50.0,0.0,10800.0,
1997-04-17,48.0,48.0,47.5,48.0,0.0,4388.0,
1997-04-18,48.0,47.75,46.5,48.0,0.0,23000.0,
1997-04-21,44.0,44.0,45.0,44.0,0.0,25000.0,
1997-04-22,44.0,44.0,45.0,44.0,0.0,7500.0,
1997-04-23,47.0,45.0,45.0,47.0,0.0,27674.0,
1997-04-24,48.0,45.0,47.5,47.0,0.0,70000.0,
1997-04-25,50.0,45.0,46.5,50.0,0.0,33947.0,
1997-04-28,48.0,45.0,46.5,48.0,0.0,5747.0,
1997-04-29,48.0,47.0,46.5,48.0,0.0,55000.0,
1997-04-30,50.0,47.5,50.5,47.5,0.0,70000.0,
1997-05-01,57.0,53.0,55.0,53.0,0.0,16575.0,
1997-05-02,57.0,52.0,55.0,57.0,0.0,46671.0,
1997-05-05,55.0,55.0,55.0,55.0,0.0,0.0,
1997-05-06,58.0,50.0,53.5,58.0,0.0,98521.0,
1997-05-07,53.0,47.0,49.5,52.0,0.0,38803.0,
1997-05-08,57.0,47.125,54.5,47.125,0.0,72291.0,
1997-05-09,58.0,53.0,55.5,57.0,0.0,36267.0,
1997-05-12,58.0,53.0,56.5,58.0,0.0,71110.0,
1997-05-13,58.0,55.0,55.0,58.0,0.0,11360.0,
1997-05-14,61.0,53.0,59.5,53.0,0.0,46000.0,
1997-05-15,58.0,58.0,59.5,58.0,0.0,38933.0,
1997-05-16,63.0,58.0,60.5,60.0,0.0,174670.0,
1997-05-19,63.0,60.0,61.5,62.0,0.0,378104.0,
1997-05-20,65.0,60.0,63.0,63.0,0.0,180923.0,
1997-05-21,65.0,62.0,63.5,62.0,0.0,76322.0,
1997-05-22,65.0,62.0,63.5,62.5,0.0,19524.0,
1997-05-23,62.0,61.0,63.0,61.0,0.0,52662.0,
1997-05-26,63.0,63.0,63.0,63.0,0.0,0.0,
1997-05-27,67.0,63.0,65.5,64.5,0.0,80998.0,
1997-05-28,66.0,62.0,63.5,63.0,0.0,78201.0,
1997-05-29,65.0,61.0,63.0,62.0,0.0,31075.0,
1997-05-30,65.0,62.0,64.0,65.0,0.0,21230.0,
1997-06-02,67.0,62.0,64.5,66.0,0.0,66694.0,
1997-06-03,67.0,62.0,64.5,62.0,0.0,46162.0,
1997-06-04,67.0,65.0,66.0,67.0,0.0,73846.0,
1997-06-05,70.0,67.0,67.5,67.0,0.0,14502.0,
1997-06-06,73.0,65.0,68.5,65.0,0.0,142761.0,
1997-06-09,73.0,70.0,71.5,72.0,0.0,115160.0,
1997-06-10,82.0,77.0,79.5,78.0,0.0,390993.0,
1997-06-11,77.0,77.0,79.5,77.0,0.0,37537.0,
1997-06-12,79.0,77.0,79.5,77.0,0.0,275750.0,
1997-06-13,79.0,77.0,79.5,77.0,0.0,49733.0,
1997-06-16,82.0,77.0,79.5,77.0,0.0,17941.0,
1997-06-17,79.5,79.5,79.5,79.5,0.0,0.0,
1997-06-18,82.0,77.0,80.0,77.0,0.0,29390.0,
1997-06-19,78.0,78.0,80.0,78.0,0.0,6000.0,
1997-06-20,82.0,78.0,80.0,82.0,0.0,4500.0,
1997-06-23,78.0,78.0,80.0,78.0,0.0,5000.0,
1997-06-24,81.0,78.0,80.0,81.0,0.0,4308.0,
1997-06-25,80.0,80.0,80.0,80.0,0.0,0.0,
1997-06-26,78.0,78.0,80.0,78.0,0.0,20100.0,
1997-06-27,78.0,78.0,80.0,78.0,0.0,7412.0,
1997-06-30,78.0,78.0,80.0,78.0,0.0,2100.0,
1997-07-01,80.0,80.0,80.0,80.0,0.0,0.0,
1997-07-02,80.0,80.0,80.0,80.0,0.0,0.0,
1997-07-03,80.0,80.0,80.0,80.0,0.0,0.0,
1997-07-04,80.0,80.0,80.0,80.0,0.0,0.0,
1997-07-07,82.0,82.0,80.0,82.0,0.0,1829.0,
1997-07-08,80.0,80.0,80.0,80.0,0.0,0.0,
1997-07-09,80.0,80.0,80.0,80.0,0.0,0.0,
1997-07-10,80.0,80.0,80.0,80.0,0.0,0.0,
1997-07-11,80.0,80.0,80.0,80.0,0.0,0.0,
1997-07-14,80.0,80.0,80.0,80.0,0.0,0.0,
1997-07-15,78.0,78.0,80.0,78.0,0.0,2500.0,
1997-07-16,80.0,80.0,80.0,80.0,0.0,0.0,
1997-07-17,80.0,80.0,80.0,80.0,0.0,0.0,
1997-07-18,80.0,80.0,80.0,80.0,0.0,0.0,
1997-07-21,80.0,80.0,80.0,80.0,0.0,0.0,
1997-07-22,80.0,80.0,80.0,80.0,0.0,0.0,
1997-07-23,78.0,78.0,80.0,78.0,0.0,1153.0,
1997-07-24,80.0,80.0,80.0,80.0,0.0,0.0,
1997-07-25,80.0,80.0,80.0,80.0,0.0,0.0,
1997-07-28,80.0,80.0,80.0,80.0,0.0,0.0,
1997-07-29,80.0,80.0,80.0,80.0,0.0,0.0,
1997-07-30,80.0,80.0,80.0,80.0,0.0,0.0,
1997-07-31,80.0,80.0,80.0,80.0,0.0,0.0,
1997-08-01,80.0,80.0,80.0,80.0,0.0,0.0,
1997-08-04,80.0,80.0,80.0,80.0,0.0,0.0,
1997-08-05,80.0,80.0,80.0,80.0,0.0,0.0,
1997-08-06,80.0,80.0,80.0,80.0,0.0,0.0,
1997-08-07,80.0,80.0,80.0,80.0,0.0,0.0,
1997-08-08,80.0,80.0,80.0,80.0,0.0,0.0,
1997-08-11,80.0,80.0,80.0,80.0,0.0,0.0,
1997-08-12,80.0,80.0,80.0,80.0,0.0,0.0,
1997-08-13,80.0,80.0,80.0,80.0,0.0,0.0,
1997-08-14,80.0,80.0,80.0,80.0,0.0,0.0,
1997-08-15,80.0,80.0,80.0,80.0,0.0,0.0,
1997-08-18,82.0,78.0,80.0,78.0,0.0,7425.0,
1997-08-19,82.0,82.0,80.0,82.0,0.0,1000.0,
1997-08-20,80.0,80.0,80.0,80.0,0.0,0.0,
1997-08-21,80.0,80.0,80.0,80.0,0.0,0.0,
1997-08-22,82.0,78.0,80.0,78.0,0.0,400.0,
1997-08-25,80.0,80.0,80.0,80.0,0.0,0.0,
1997-08-26,80.0,80.0,80.0,80.0,0.0,0.0,
1997-08-27,80.0,80.0,80.0,80.0,0.0,0.0,
1997-08-28,78.0,78.0,80.0,78.0,0.0,50.0,
1997-08-29,81.5,81.5,80.0,81.5,0.0,4025.0,
1997-09-01,80.0,80.0,80.0,80.0,0.0,0.0,
1997-09-02,80.0,80.0,80.0,80.0,0.0,0.0,
1997-09-03,80.0,80.0,80.0,80.0,0.0,0.0,
1997-09-04,80.0,80.0,80.0,80.0,0.0,0.0,
1997-09-05,80.0,80.0,80.0,80.0,0.0,0.0,
1997-09-08,80.0,80.0,80.0,80.0,0.0,0.0,
1997-09-09,80.0,80.0,80.0,80.0,0.0,0.0,
1997-09-10,82.0,82.0,80.0,82.0,0.0,1000.0,
1997-09-11,80.0,80.0,80.0,80.0,0.0,0.0,
1997-09-12,80.0,80.0,80.0,80.0,0.0,0.0,
1997-09-15,80.0,80.0,80.0,80.0,0.0,0.0,
1997-09-16,78.0,78.0,80.0,78.0,0.0,260.0,
1997-09-17,80.0,80.0,80.0,80.0,0.0,0.0,
1997-09-18,80.0,80.0,80.0,80.0,0.0,0.0,
1997-09-19,80.0,80.0,80.0,80.0,0.0,0.0,
1997-09-22,80.0,80.0,80.0,80.0,0.0,0.0,
1997-09-23,80.0,80.0,80.0,80.0,0.0,0.0,
1997-09-24,80.0,80.0,80.0,80.0,0.0,0.0,
1997-09-25,80.0,80.0,80.0,80.0,0.0,0.0,
1997-09-26,80.0,80.0,80.0,80.0,0.0,0.0,
1997-09-29,80.0,80.0,80.0,80.0,0.0,0.0,
1997-09-30,80.0,80.0,80.0,80.0,0.0,0.0,
1997-10-01,80.0,80.0,80.0,80.0,0.0,0.0,
1997-10-02,80.0,80.0,80.0,80.0,0.0,0.0,
1997-10-03,80.0,80.0,80.0,80.0,0.0,0.0,
1997-10-06,80.0,80.0,80.0,80.0,0.0,0.0,
1997-10-07,80.0,80.0,80.0,80.0,0.0,0.0,
1997-10-08,80.0,80.0,80.0,80.0,0.0,0.0,
1997-10-09,80.0,80.0,80.0,80.0,0.0,0.0,
1997-10-10,80.0,80.0,80.0,80.0,0.0,0.0,
1997-10-13,80.0,80.0,80.0,80.0,0.0,0.0,
1997-10-14,80.0,80.0,80.0,80.0,0.0,0.0,
1997-10-15,80.0,80.0,80.0,80.0,0.0,0.0,
1997-10-16,80.0,80.0,80.0,80.0,0.0,0.0,
1997-10-17,80.0,80.0,80.0,80.0,0.0,0.0,
1997-10-20,80.0,80.0,80.0,80.0,0.0,0.0,
1997-10-21,80.0,80.0,80.0,80.0,0.0,0.0,
1997-10-22,80.0,80.0,80.0,80.0,0.0,0.0,
1997-10-23,80.0,80.0,80.0,80.0,0.0,0.0,
1997-10-24,80.0,80.0,80.0,80.0,0.0,0.0,
1997-10-27,80.0,80.0,80.0,80.0,0.0,0.0,
1997-10-28,80.0,80.0,80.0,80.0,0.0,0.0,
1997-10-29,80.0,80.0,80.0,80.0,0.0,0.0,
1997-10-30,80.0,80.0,80.0,80.0,0.0,0.0,
1997-10-31,80.0,80.0,80.0,80.0,0.0,0.0,
1997-11-03,80.0,80.0,80.0,80.0,0.0,0.0,
1997-11-04,80.0,80.0,80.0,80.0,0.0,0.0,
1997-11-05,80.0,80.0,80.0,80.0,0.0,0.0,
1997-11-06,80.0,80.0,80.0,80.0,0.0,0.0,
1997-11-07,80.0,80.0,80.0,80.0,0.0,0.0,
1997-11-10,80.0,80.0,80.0,80.0,0.0,0.0,
1997-11-11,80.0,80.0,80.0,80.0,0.0,0.0,
1997-11-12,80.0,80.0,80.0,80.0,0.0,0.0,
1997-11-13,80.0,80.0,80.0,80.0,0.0,0.0,
1997-11-14,80.0,80.0,80.0,80.0,0.0,0.0,
1997-11-17,80.0,80.0,80.0,80.0,0.0,0.0,
1997-11-18,80.0,80.0,80.0,80.0,0.0,0.0,
1997-11-19,80.0,80.0,80.0,80.0,0.0,0.0,
1997-11-20,80.0,80.0,80.0,80.0,0.0,0.0,
1997-11-21,80.0,80.0,80.0,80.0,0.0,0.0,
1997-11-24,80.0,80.0,80.0,80.0,0.0,0.0,
1997-11-25,80.0,80.0,80.0,80.0,0.0,0.0,
1997-11-26,80.0,80.0,80.0,80.0,0.0,0.0,
1997-11-27,80.0,80.0,80.0,80.0,0.0,0.0,
1997-11-28,80.0,80.0,80.0,80.0,0.0,0.0,
1997-12-01,80.0,80.0,80.0,80.0,0.0,0.0,
1997-12-02,80.0,80.0,80.0,80.0,0.0,0.0,
1997-12-03,80.0,80.0,80.0,80.0,0.0,0.0,
1997-12-04,80.0,80.0,80.0,80.0,0.0,0.0,
1997-12-05,80.0,80.0,80.0,80.0,0.0,0.0,
1997-12-08,80.0,80.0,80.0,80.0,0.0,0.0,
1997-12-09,80.0,80.0,80.0,80.0,0.0,0.0,
1997-12-10,80.0,80.0,80.0,80.0,0.0,0.0,
1997-12-11,80.0,80.0,80.0,80.0,0.0,0.0,
1997-12-12,80.0,80.0,80.0,80.0,0.0,0.0,
1997-12-15,80.0,80.0,80.0,80.0,0.0,0.0,
1997-12-16,80.0,80.0,80.0,80.0,0.0,0.0,
1997-12-17,80.0,80.0,80.0,80.0,0.0,0.0,
1997-12-18,80.0,80.0,80.0,80.0,0.0,0.0,
1997-12-19,80.0,80.0,80.0,80.0,0.0,0.0,
1997-12-22,80.0,80.0,80.0,80.0,0.0,0.0,
1997-12-23,80.0,80.0,80.0,80.0,0.0,0.0,
1997-12-24,80.0,80.0,80.0,80.0,0.0,0.0,
1997-12-25,80.0,80.0,80.0,80.0,0.0,0.0,
1997-12-26,80.0,80.0,80.0,80.0,0.0,0.0,
1997-12-29,80.0,80.0,80.0,80.0,0.0,0.0,
1997-12-30,80.0,80.0,80.0,80.0,0.0,0.0,
1997-12-31,80.0,80.0,80.0,80.0,0.0,0.0,
1998-01-01,80.0,80.0,80.0,80.0,0.0,0.0,
1998-01-02,80.0,80.0,80.0,80.0,0.0,0.0,
1998-01-05,80.0,80.0,80.0,80.0,0.0,0.0,
1998-01-06,80.0,80.0,80.0,80.0,0.0,0.0,
1998-01-07,80.0,80.0,80.0,80.0,0.0,0.0,
1998-01-08,80.0,80.0,80.0,80.0,0.0,0.0,
1998-01-09,80.0,80.0,80.0,80.0,0.0,0.0,
1998-01-12,80.0,80.0,80.0,80.0,0.0,0.0,
1998-01-13,80.0,80.0,80.0,80.0,0.0,0.0,
1998-01-14,80.0,80.0,80.0,80.0,0.0,0.0,
1998-01-15,80.0,80.0,80.0,80.0,0.0,0.0,
1998-01-16,80.0,80.0,80.0,80.0,0.0,0.0,
1998-01-19,80.0,80.0,80.0,80.0,0.0,0.0,
1998-01-20,80.0,80.0,80.0,80.0,0.0,0.0,
1998-01-21,80.0,80.0,80.0,80.0,0.0,0.0,
1998-01-22,80.0,80.0,80.0,80.0,0.0,0.0,
1998-01-23,80.0,80.0,80.0,80.0,0.0,0.0,
1998-01-26,80.0,80.0,80.0,80.0,0.0,0.0,
1998-01-27,80.0,80.0,80.0,80.0,0.0,0.0,
1998-01-28,80.0,80.0,80.0,80.0,0.0,0.0,
1998-01-29,80.0,80.0,80.0,80.0,0.0,0.0,
1998-01-30,80.0,80.0,80.0,80.0,0.0,0.0,
1998-02-02,80.0,80.0,80.0,80.0,0.0,0.0,
1998-02-03,80.0,80.0,80.0,80.0,0.0,0.0,
1998-02-04,80.0,80.0,80.0,80.0,0.0,0.0,
1998-02-05,80.0,80.0,80.0,80.0,0.0,0.0,
1998-02-06,80.0,80.0,80.0,80.0,0.0,0.0,
1998-02-09,80.0,80.0,80.0,80.0,0.0,0.0,
1998-02-10,80.0,80.0,80.0,80.0,0.0,0.0,
1998-02-11,80.0,80.0,80.0,80.0,0.0,0.0,
1998-02-12,80.0,80.0,80.0,80.0,0.0,0.0,
1998-02-13,80.0,80.0,80.0,80.0,0.0,0.0,
1998-02-16,80.0,80.0,80.0,80.0,0.0,0.0,
1998-02-17,80.0,80.0,80.0,80.0,0.0,0.0,
1998-02-18,80.0,80.0,80.0,80.0,0.0,0.0,
1998-02-19,80.0,80.0,80.0,80.0,0.0,0.0,
1998-02-20,80.0,80.0,80.0,80.0,0.0,0.0,
1998-02-23,80.0,80.0,80.0,80.0,0.0,0.0,
1998-02-24,80.0,80.0,80.0,80.0,0.0,0.0,
1998-02-25,80.0,80.0,80.0,80.0,0.0,0.0,
1998-02-26,80.0,80.0,80.0,80.0,0.0,0.0,
1998-02-27,80.0,80.0,80.0,80.0,0.0,0.0,
1998-03-02,80.0,80.0,80.0,80.0,0.0,0.0,
1998-03-03,80.0,80.0,80.0,80.0,0.0,0.0,
1998-03-04,80.0,80.0,80.0,80.0,0.0,0.0,
1998-03-05,80.0,80.0,80.0,80.0,0.0,0.0,
1998-03-06,80.0,80.0,80.0,80.0,0.0,0.0,
1998-03-09,80.0,80.0,80.0,80.0,0.0,0.0,
1998-03-10,80.0,80.0,80.0,80.0,0.0,0.0,
1998-03-11,80.0,80.0,80.0,80.0,0.0,0.0,
1998-03-12,80.0,80.0,80.0,80.0,0.0,0.0,
1998-03-13,80.0,80.0,80.0,80.0,0.0,0.0,
1998-03-16,80.0,80.0,80.0,80.0,0.0,0.0,
1998-03-17,80.0,80.0,80.0,80.0,0.0,0.0,
1998-03-18,80.0,80.0,80.0,80.0,0.0,0.0,
1998-03-19,80.0,80.0,80.0,80.0,0.0,0.0,
1998-03-20,80.0,80.0,80.0,80.0,0.0,0.0,
1998-03-23,80.0,80.0,80.0,80.0,0.0,0.0,
1998-03-24,80.0,80.0,80.0,80.0,0.0,0.0,
1998-03-25,80.0,80.0,80.0,80.0,0.0,0.0,
1998-03-26,80.0,80.0,80.0,80.0,0.0,0.0,
1998-03-27,80.0,80.0,80.0,80.0,0.0,0.0,
1998-03-30,80.0,80.0,80.0,80.0,0.0,0.0,
1998-03-31,80.0,80.0,80.0,80.0,0.0,0.0,
1998-04-01,80.0,80.0,80.0,80.0,0.0,0.0,
1998-04-02,80.0,80.0,80.0,80.0,0.0,0.0,
1998-04-03,80.0,80.0,80.0,80.0,0.0,0.0,
1998-04-06,80.0,80.0,80.0,80.0,0.0,0.0,
1998-04-07,80.0,80.0,80.0,80.0,0.0,0.0,
1998-04-08,80.0,80.0,80.0,80.0,0.0,0.0,
1998-04-09,80.0,80.0,80.0,80.0,0.0,0.0,
1998-04-10,80.0,80.0,80.0,80.0,0.0,0.0,
1998-04-13,80.0,80.0,80.0,80.0,0.0,0.0,
1998-04-14,80.0,80.0,80.0,80.0,0.0,0.0,
1998-04-15,80.0,80.0,80.0,80.0,0.0,0.0,
1998-04-16,80.0,80.0,80.0,80.0,0.0,0.0,
1998-04-17,80.0,80.0,80.0,80.0,0.0,0.0,
1998-04-20,80.0,80.0,80.0,80.0,0.0,0.0,
1998-04-21,80.0,80.0,80.0,80.0,0.0,0.0,
1998-04-22,80.0,80.0,80.0,80.0,0.0,0.0,
1998-04-23,80.0,80.0,80.0,80.0,0.0,0.0,
1998-04-24,80.0,80.0,80.0,80.0,0.0,0.0,
1998-04-27,80.0,80.0,80.0,80.0,0.0,0.0,
1998-04-28,80.0,80.0,80.0,80.0,0.0,0.0,
1998-04-29,80.0,80.0,80.0,80.0,0.0,0.0,
1998-04-30,80.0,80.0,80.0,80.0,0.0,0.0,
1998-05-01,80.0,80.0,80.0,80.0,0.0,0.0,
1998-05-04,80.0,80.0,80.0,80.0,0.0,0.0,
1998-05-05,80.0,80.0,80.0,80.0,0.0,0.0,
1998-05-06,80.0,80.0,80.0,80.0,0.0,0.0,
1998-05-07,80.0,80.0,80.0,80.0,0.0,0.0,
1998-05-08,80.0,80.0,80.0,80.0,0.0,0.0,
1998-05-11,80.0,80.0,80.0,80.0,0.0,0.0,
1998-05-12,80.0,80.0,80.0,80.0,0.0,0.0,
1998-05-13,80.0,80.0,80.0,80.0,0.0,0.0,
1998-05-14,80.0,80.0,80.0,80.0,0.0,0.0,
1998-05-15,80.0,80.0,80.0,80.0,0.0,0.0,
1998-05-18,80.0,80.0,80.0,80.0,0.0,0.0,
1998-05-19,80.0,80.0,80.0,80.0,0.0,0.0,
1998-05-20,80.0,80.0,80.0,80.0,0.0,0.0,
1998-05-21,80.0,80.0,80.0,80.0,0.0,0.0,
1998-05-22,80.0,80.0,80.0,80.0,0.0,0.0,
1998-05-25,80.0,80.0,80.0,80.0,0.0,0.0,
1998-05-26,80.0,80.0,80.0,80.0,0.0,0.0,
1998-05-27,80.0,80.0,80.0,80.0,0.0,0.0,
1998-05-28,80.0,80.0,80.0,80.0,0.0,0.0,
1998-05-29,80.0,80.0,80.0,80.0,0.0,0.0,
1998-06-01,80.0,80.0,80.0,80.0,0.0,0.0,
1998-06-02,80.0,80.0,80.0,80.0,0.0,0.0,
1998-06-03,80.0,80.0,80.0,80.0,0.0,0.0,
1998-06-04,80.0,80.0,80.0,80.0,0.0,0.0,
1998-06-05,80.0,80.0,80.0,80.0,0.0,0.0,
1998-06-08,80.0,80.0,80.0,80.0,0.0,0.0,
1998-06-09,80.0,80.0,80.0,80.0,0.0,0.0,
1998-06-10,80.0,80.0,80.0,80.0,0.0,0.0,
1998-06-11,80.0,80.0,80.0,80.0,0.0,0.0,
1998-06-12,80.0,80.0,80.0,80.0,0.0,0.0,
1998-06-15,80.0,80.0,80.0,80.0,0.0,0.0,
1998-06-16,80.0,80.0,80.0,80.0,0.0,0.0,
1998-06-17,80.0,80.0,80.0,80.0,0.0,0.0,
1998-06-18,80.0,80.0,80.0,80.0,0.0,0.0,
1998-06-19,80.0,80.0,80.0,80.0,0.0,0.0,
1998-06-22,80.0,80.0,80.0,80.0,0.0,0.0,
1998-06-23,80.0,80.0,80.0,80.0,0.0,0.0,
1998-06-24,80.0,80.0,80.0,80.0,0.0,0.0,
1998-06-25,80.0,80.0,80.0,80.0,0.0,0.0,
1998-06-26,80.0,80.0,80.0,80.0,0.0,0.0,
1998-06-29,80.0,80.0,80.0,80.0,0.0,0.0,
1998-06-30,80.0,80.0,80.0,80.0,0.0,0.0,
1998-07-01,80.0,80.0,80.0,80.0,0.0,0.0,
1998-07-02,80.0,80.0,80.0,80.0,0.0,0.0,
1998-07-03,80.0,80.0,80.0,80.0,0.0,0.0,
1998-07-06,80.0,80.0,80.0,80.0,0.0,0.0,
1998-07-07,80.0,80.0,80.0,80.0,0.0,0.0,
1998-07-08,80.0,80.0,80.0,80.0,0.0,0.0,
1998-07-09,80.0,80.0,80.0,80.0,0.0,0.0,
1998-07-10,80.0,80.0,80.0,80.0,0.0,0.0,
1998-07-13,80.0,80.0,80.0,80.0,0.0,0.0,
1998-07-14,80.0,80.0,80.0,80.0,0.0,0.0,
1998-07-15,80.0,80.0,80.0,80.0,0.0,0.0,
1998-07-16,80.0,80.0,80.0,80.0,0.0,0.0,
1998-07-17,80.0,80.0,80.0,80.0,0.0,0.0,
1998-07-20,80.0,80.0,80.0,80.0,0.0,0.0,
1998-07-21,80.0,80.0,80.0,80.0,0.0,0.0,
1998-07-22,80.0,80.0,80.0,80.0,0.0,0.0,
1998-07-23,80.0,80.0,80.0,80.0,0.0,0.0,
1998-07-24,80.0,80.0,80.0,80.0,0.0,0.0,
1998-07-27,80.0,80.0,80.0,80.0,0.0,0.0,
1998-07-28,80.0,80.0,80.0,80.0,0.0,0.0,
1998-07-29,80.0,80.0,80.0,80.0,0.0,0.0,
1998-07-30,80.0,80.0,80.0,80.0,0.0,0.0,
1998-07-31,80.0,80.0,80.0,80.0,0.0,0.0,
1998-08-03,80.0,80.0,80.0,80.0,0.0,0.0,
1998-08-04,80.0,80.0,80.0,80.0,0.0,0.0,
1998-08-05,80.0,80.0,80.0,80.0,0.0,0.0,
1998-08-06,80.0,80.0,80.0,80.0,0.0,0.0,
1998-08-07,80.0,80.0,80.0,80.0,0.0,0.0,
1998-08-10,80.0,80.0,80.0,80.0,0.0,0.0,
1998-08-11,80.0,80.0,80.0,80.0,0.0,0.0,
1998-08-12,80.0,80.0,80.0,80.0,0.0,0.0,
1998-08-13,80.0,80.0,80.0,80.0,0.0,0.0,
1998-08-14,80.0,80.0,80.0,80.0,0.0,0.0,
1998-08-17,80.0,80.0,80.0,80.0,0.0,0.0,
1998-08-18,80.0,80.0,80.0,80.0,0.0,0.0,
1998-08-19,80.0,80.0,80.0,80.0,0.0,0.0,
1998-08-20,80.0,80.0,80.0,80.0,0.0,0.0,
1998-08-21,80.0,80.0,80.0,80.0,0.0,0.0,
1998-08-24,80.0,80.0,80.0,80.0,0.0,0.0,
1998-08-25,80.0,80.0,80.0,80.0,0.0,0.0,
1998-08-26,80.0,80.0,80.0,80.0,0.0,0.0,
1998-08-27,80.0,80.0,80.0,80.0,0.0,0.0,
1998-08-28,80.0,80.0,80.0,80.0,0.0,0.0,
1998-08-31,80.0,80.0,80.0,80.0,0.0,0.0,
1998-09-01,80.0,80.0,80.0,80.0,0.0,0.0,
1998-09-02,80.0,80.0,80.0,80.0,0.0,0.0,
1998-09-03,80.0,80.0,80.0,80.0,0.0,0.0,
1998-09-04,80.0,80.0,80.0,80.0,0.0,0.0,
1998-09-07,80.0,80.0,80.0,80.0,0.0,0.0,
1998-09-08,80.0,80.0,80.0,80.0,0.0,0.0,
1998-09-09,80.0,80.0,80.0,80.0,0.0,0.0,
1998-09-10,80.0,80.0,80.0,80.0,0.0,0.0,
1998-09-11,80.0,80.0,80.0,80.0,0.0,0.0,
1998-09-14,80.0,80.0,80.0,80.0,0.0,0.0,
1998-09-15,80.0,80.0,80.0,80.0,0.0,0.0,
1998-09-16,80.0,80.0,80.0,80.0,0.0,0.0,
1998-09-17,80.0,80.0,80.0,80.0,0.0,0.0,
1998-09-18,80.0,80.0,80.0,80.0,0.0,0.0,
1998-09-21,80.0,80.0,80.0,80.0,0.0,0.0,
1998-09-22,80.0,80.0,80.0,80.0,0.0,0.0,
1998-09-23,80.0,80.0,80.0,80.0,0.0,0.0,
1998-09-24,80.0,80.0,80.0,80.0,0.0,0.0,
1998-09-25,80.0,80.0,80.0,80.0,0.0,0.0,
1998-09-28,80.0,80.0,80.0,80.0,0.0,0.0,
1998-09-29,80.0,80.0,80.0,80.0,0.0,0.0,
1998-09-30,80.0,80.0,80.0,80.0,0.0,0.0,
1998-10-01,80.0,80.0,80.0,80.0,0.0,0.0,
1998-10-02,80.0,80.0,80.0,80.0,0.0,0.0,
1998-10-05,80.0,80.0,80.0,80.0,0.0,0.0,
1998-10-06,80.0,80.0,80.0,80.0,0.0,0.0,
1998-10-07,80.0,80.0,80.0,80.0,0.0,0.0,
1998-10-08,80.0,80.0,80.0,80.0,0.0,0.0,
1998-10-09,80.0,80.0,80.0,80.0,0.0,0.0,
1998-10-12,80.0,80.0,80.0,80.0,0.0,0.0,
1998-10-13,80.0,80.0,80.0,80.0,0.0,0.0,
1998-10-14,80.0,80.0,80.0,80.0,0.0,0.0,
1998-10-15,80.0,80.0,80.0,80.0,0.0,0.0,
1998-10-16,80.0,80.0,80.0,80.0,0.0,0.0,
1998-10-19,80.0,80.0,80.0,80.0,0.0,0.0,
1998-10-20,80.0,80.0,80.0,80.0,0.0,0.0,
1998-10-21,80.0,80.0,80.0,80.0,0.0,0.0,
1998-10-22,80.0,80.0,80.0,80.0,0.0,0.0,
1998-10-23,80.0,80.0,80.0,80.0,0.0,0.0,
1998-10-26,80.0,80.0,80.0,80.0,0.0,0.0,
1998-10-27,80.0,80.0,80.0,80.0,0.0,0.0,
1998-10-28,80.0,80.0,80.0,80.0,0.0,0.0,
1998-10-29,80.0,80.0,80.0,80.0,0.0,0.0,
1998-10-30,80.0,80.0,80.0,80.0,0.0,0.0,
1998-11-02,80.0,80.0,80.0,80.0,0.0,0.0,
1998-11-03,80.0,80.0,80.0,80.0,0.0,0.0,
1998-11-04,80.0,80.0,80.0,80.0,0.0,0.0,
1998-11-05,80.0,80.0,80.0,80.0,0.0,0.0,
1998-11-06,80.0,80.0,80.0,80.0,0.0,0.0,
1998-11-09,80.0,80.0,80.0,80.0,0.0,0.0,
1998-11-10,80.0,80.0,80.0,80.0,0.0,0.0,
1998-11-11,80.0,80.0,80.0,80.0,0.0,0.0,
1998-11-12,80.0,80.0,80.0,80.0,0.0,0.0,
1998-11-13,80.0,80.0,80.0,80.0,0.0,0.0,
1998-11-16,80.0,80.0,80.0,80.0,0.0,0.0,
1998-11-17,80.0,80.0,80.0,80.0,0.0,0.0,
1998-11-18,80.0,80.0,80.0,80.0,0.0,0.0,
1998-11-19,80.0,80.0,80.0,80.0,0.0,0.0,
1998-11-20,80.0,80.0,80.0,80.0,0.0,0.0,
1998-11-23,80.0,80.0,80.0,80.0,0.0,0.0,
1998-11-24,80.0,80.0,80.0,80.0,0.0,0.0,
1998-11-25,80.0,80.0,80.0,80.0,0.0,0.0,
1998-11-26,80.0,80.0,80.0,80.0,0.0,0.0,
1998-11-27,80.0,80.0,80.0,80.0,0.0,0.0,
1998-11-30,80.0,80.0,80.0,80.0,0.0,0.0,
1998-12-01,80.0,80.0,80.0,80.0,0.0,0.0,
1998-12-02,80.0,80.0,80.0,80.0,0.0,0.0,
1998-12-03,80.0,80.0,80.0,80.0,0.0,0.0,
1998-12-04,80.0,80.0,80.0,80.0,0.0,0.0,
1998-12-07,80.0,80.0,80.0,80.0,0.0,0.0,
1998-12-08,80.0,80.0,80.0,80.0,0.0,0.0,
1998-12-09,80.0,80.0,80.0,80.0,0.0,0.0,
1998-12-10,80.0,80.0,80.0,80.0,0.0,0.0,
1998-12-11,80.0,80.0,80.0,80.0,0.0,0.0,
1998-12-14,80.0,80.0,80.0,80.0,0.0,0.0,
1998-12-15,80.0,80.0,80.0,80.0,0.0,0.0,
1998-12-16,80.0,80.0,80.0,80.0,0.0,0.0,
1998-12-17,80.0,80.0,80.0,80.0,0.0,0.0,
1998-12-18,80.0,80.0,80.0,80.0,0.0,0.0,
1998-12-21,80.0,80.0,80.0,80.0,0.0,0.0,
1998-12-22,80.0,80.0,80.0,80.0,0.0,0.0,
1998-12-23,80.0,80.0,80.0,80.0,0.0,0.0,
1998-12-24,80.0,80.0,80.0,80.0,0.0,0.0,
1998-12-25,80.0,80.0,80.0,80.0,0.0,0.0,
1998-12-28,80.0,80.0,80.0,80.0,0.0,0.0,
1998-12-29,80.0,80.0,80.0,80.0,0.0,0.0,
1998-12-30,80.0,80.0,80.0,80.0,0.0,0.0,
1998-12-31,80.0,80.0,80.0,80.0,0.0,0.0,
1999-01-01,80.0,80.0,80.0,80.0,0.0,0.0,
1999-01-04,80.0,80.0,80.0,80.0,0.0,0.0,
1999-01-05,80.0,80.0,80.0,80.0,0.0,0.0,
1999-01-06,80.0,80.0,80.0,80.0,0.0,0.0,
1999-01-07,80.0,80.0,80.0,80.0,0.0,0.0,
1999-01-08,80.0,80.0,80.0,80.0,0.0,0.0,
1999-01-11,80.0,80.0,80.0,80.0,0.0,0.0,
1999-01-12,80.0,80.0,80.0,80.0,0.0,0.0,
1999-01-13,80.0,80.0,80.0,80.0,0.0,0.0,
1999-01-14,80.0,80.0,80.0,80.0,0.0,0.0,
1999-01-15,80.0,80.0,80.0,80.0,0.0,0.0,
1999-01-18,80.0,80.0,80.0,80.0,0.0,0.0,
1999-01-19,80.0,80.0,80.0,80.0,0.0,0.0,
1999-01-20,80.0,80.0,80.0,80.0,0.0,0.0,
1999-01-21,80.0,80.0,80.0,80.0,0.0,0.0,
1999-01-22,80.0,80.0,80.0,80.0,0.0,0.0,
1999-01-25,80.0,80.0,80.0,80.0,0.0,0.0,
1999-01-26,80.0,80.0,80.0,80.0,0.0,0.0,
1999-01-27,80.0,80.0,80.0,80.0,0.0,0.0,
1999-01-28,80.0,80.0,80.0,80.0,0.0,0.0,
1999-01-29,80.0,80.0,80.0,80.0,0.0,0.0,
1999-02-01,80.0,80.0,80.0,80.0,0.0,0.0,
1999-02-02,80.0,80.0,80.0,80.0,0.0,0.0,
1999-02-03,80.0,80.0,80.0,80.0,0.0,0.0,
1999-02-04,80.0,80.0,80.0,80.0,0.0,0.0,
1999-02-05,80.0,80.0,80.0,80.0,0.0,0.0,
1999-02-08,80.0,80.0,80.0,80.0,0.0,0.0,
1999-02-09,80.0,80.0,80.0,80.0,0.0,0.0,
1999-02-10,80.0,80.0,80.0,80.0,0.0,0.0,
1999-02-11,80.0,80.0,80.0,80.0,0.0,0.0,
1999-02-12,80.0,80.0,80.0,80.0,0.0,0.0,
1999-02-15,80.0,80.0,80.0,80.0,0.0,0.0,
1999-02-16,80.0,80.0,80.0,80.0,0.0,0.0,
1999-02-17,80.0,80.0,80.0,80.0,0.0,0.0,
1999-02-18,80.0,80.0,80.0,80.0,0.0,0.0,
1999-02-19,80.0,80.0,80.0,80.0,0.0,0.0,
1999-02-22,80.0,80.0,80.0,80.0,0.0,0.0,
1999-02-23,80.0,80.0,80.0,80.0,0.0,0.0,
1999-02-24,80.0,80.0,80.0,80.0,0.0,0.0,
1999-02-25,80.0,80.0,80.0,80.0,0.0,0.0,
1999-02-26,80.0,80.0,80.0,80.0,0.0,0.0,
1999-03-01,80.0,80.0,80.0,80.0,0.0,0.0,
1999-03-02,80.0,80.0,80.0,80.0,0.0,0.0,
1999-03-03,80.0,80.0,80.0,80.0,0.0,0.0,
1999-03-04,80.0,80.0,80.0,80.0,0.0,0.0,
1999-03-05,80.0,80.0,80.0,80.0,0.0,0.0,
1999-03-08,80.0,80.0,80.0,80.0,0.0,0.0,
1999-03-09,80.0,80.0,80.0,80.0,0.0,0.0,
1999-03-10,80.0,80.0,80.0,80.0,0.0,0.0,
1999-03-11,80.0,80.0,80.0,80.0,0.0,0.0,
1999-03-12,80.0,80.0,80.0,80.0,0.0,0.0,
1999-03-15,80.0,80.0,80.0,80.0,0.0,0.0,
1999-03-16,80.0,80.0,80.0,80.0,0.0,0.0,
1999-03-17,80.0,80.0,80.0,80.0,0.0,0.0,
1999-03-18,80.0,80.0,80.0,80.0,0.0,0.0,
1999-03-19,80.0,80.0,80.0,80.0,0.0,0.0,
1999-03-22,80.0,80.0,80.0,80.0,0.0,0.0,
1999-03-23,80.0,80.0,80.0,80.0,0.0,0.0,
1999-03-24,80.0,80.0,80.0,80.0,0.0,0.0,
1999-03-25,80.0,80.0,80.0,80.0,0.0,0.0,
1999-03-26,80.0,80.0,80.0,80.0,0.0,0.0,
1999-03-29,80.0,80.0,80.0,80.0,0.0,0.0,
1999-03-30,80.0,80.0,80.0,80.0,0.0,0.0,
1999-03-31,80.0,80.0,80.0,80.0,0.0,0.0,
1999-04-01,80.0,80.0,80.0,80.0,0.0,0.0,
1999-04-02,80.0,80.0,80.0,80.0,0.0,0.0,
1999-04-05,80.0,80.0,80.0,80.0,0.0,0.0,
1999-04-06,80.0,80.0,80.0,80.0,0.0,0.0,
1999-04-07,80.0,80.0,80.0,80.0,0.0,0.0,
1999-04-08,80.0,80.0,80.0,80.0,0.0,0.0,
1999-04-09,80.0,80.0,80.0,80.0,0.0,0.0,
1999-04-12,80.0,80.0,80.0,80.0,0.0,0.0,
1999-04-13,80.0,80.0,80.0,80.0,0.0,0.0,
1999-04-14,80.0,80.0,80.0,80.0,0.0,0.0,
1999-04-15,80.0,80.0,80.0,80.0,0.0,0.0,
1999-04-16,80.0,80.0,80.0,80.0,0.0,0.0,
1999-04-19,80.0,80.0,80.0,80.0,0.0,0.0,
1999-04-20,80.0,80.0,80.0,80.0,0.0,0.0,
1999-04-21,80.0,80.0,80.0,80.0,0.0,0.0,
1999-04-22,80.0,80.0,80.0,80.0,0.0,0.0,
1999-04-23,80.0,80.0,80.0,80.0,0.0,0.0,
1999-04-26,80.0,80.0,80.0,80.0,0.0,0.0,
1999-04-27,80.0,80.0,80.0,80.0,0.0,0.0,
1999-04-28,80.0,80.0,80.0,80.0,0.0,0.0,
1999-04-29,80.0,80.0,80.0,80.0,0.0,0.0,
1999-04-30,80.0,80.0,80.0,80.0,0.0,0.0,
1999-05-03,80.0,80.0,80.0,80.0,0.0,0.0,
1999-05-04,80.0,80.0,80.0,80.0,0.0,0.0,
1999-05-05,80.0,80.0,80.0,80.0,0.0,0.0,
1999-05-06,80.0,80.0,80.0,80.0,0.0,0.0,
1999-05-07,80.0,80.0,80.0,80.0,0.0,0.0,
1999-05-10,80.0,80.0,80.0,80.0,0.0,0.0,
1999-05-11,80.0,80.0,80.0,80.0,0.0,0.0,
1999-05-12,80.0,80.0,80.0,80.0,0.0,0.0,
1999-05-13,80.0,80.0,80.0,80.0,0.0,0.0,
1999-05-14,80.0,80.0,80.0,80.0,0.0,0.0,
1999-05-17,80.0,80.0,80.0,80.0,0.0,0.0,
1999-05-18,80.0,80.0,80.0,80.0,0.0,0.0,
1999-05-19,80.0,80.0,80.0,80.0,0.0,0.0,
1999-05-20,80.0,80.0,80.0,80.0,0.0,0.0,
1999-05-21,80.0,80.0,80.0,80.0,0.0,0.0,
1999-05-24,80.0,80.0,80.0,80.0,0.0,0.0,
1999-05-25,80.0,80.0,80.0,80.0,0.0,0.0,
1999-05-26,80.0,80.0,80.0,80.0,0.0,0.0,
1999-05-27,80.0,80.0,80.0,80.0,0.0,0.0,
1999-05-28,80.0,80.0,80.0,80.0,0.0,0.0,
1999-05-31,80.0,80.0,80.0,80.0,0.0,0.0,
1999-06-01,80.0,80.0,80.0,80.0,0.0,0.0,
1999-06-02,80.0,80.0,80.0,80.0,0.0,0.0,
1999-06-03,80.0,80.0,80.0,80.0,0.0,0.0,
1999-06-04,80.0,80.0,80.0,80.0,0.0,0.0,
1999-06-07,80.0,80.0,80.0,80.0,0.0,0.0,
1999-06-08,80.0,80.0,80.0,80.0,0.0,0.0,
1999-06-09,80.0,80.0,80.0,80.0,0.0,0.0,
1999-06-10,80.0,80.0,80.0,80.0,0.0,0.0,
1999-06-11,80.0,80.0,80.0,80.0,0.0,0.0,
1999-06-14,80.0,80.0,80.0,80.0,0.0,0.0,
1999-06-15,80.0,80.0,80.0,80.0,0.0,0.0,
1999-06-16,80.0,80.0,80.0,80.0,0.0,0.0,
1999-06-17,80.0,80.0,80.0,80.0,0.0,0.0,
1999-06-18,80.0,80.0,80.0,80.0,0.0,0.0,
1999-06-21,80.0,80.0,80.0,80.0,0.0,0.0,
1999-06-22,80.0,80.0,80.0,80.0,0.0,0.0,
1999-06-23,80.0,80.0,80.0,80.0,0.0,0.0,
1999-06-24,80.0,80.0,80.0,80.0,0.0,0.0,
1999-06-25,80.0,80.0,80.0,80.0,0.0,0.0,
1999-06-28,80.0,80.0,80.0,80.0,0.0,0.0,
1999-06-29,80.0,80.0,80.0,80.0,0.0,0.0,
1999-06-30,80.0,80.0,80.0,80.0,0.0,0.0,
1999-07-01,80.0,80.0,80.0,80.0,0.0,0.0,
1999-07-02,80.0,80.0,80.0,80.0,0.0,0.0,
1999-07-05,80.0,80.0,80.0,80.0,0.0,0.0,
1999-07-06,80.0,80.0,80.0,80.0,0.0,0.0,
1999-07-07,80.0,80.0,80.0,80.0,0.0,0.0,
1999-07-08,80.0,80.0,80.0,80.0,0.0,0.0,
1999-07-09,80.0,80.0,80.0,80.0,0.0,0.0,
1999-07-12,80.0,80.0,80.0,80.0,0.0,0.0,
1999-07-13,80.0,80.0,80.0,80.0,0.0,0.0,
1999-07-14,80.0,80.0,80.0,80.0,0.0,0.0,
1999-07-15,80.0,80.0,80.0,80.0,0.0,0.0,
1999-07-16,80.0,80.0,80.0,80.0,0.0,0.0,
1999-07-19,80.0,80.0,80.0,80.0,0.0,0.0,
1999-07-20,80.0,80.0,80.0,80.0,0.0,0.0,
1999-07-21,80.0,80.0,80.0,80.0,0.0,0.0,
1999-07-22,80.0,80.0,80.0,80.0,0.0,0.0,
1999-07-23,80.0,80.0,80.0,80.0,0.0,0.0,
1999-07-26,80.0,80.0,80.0,80.0,0.0,0.0,
1999-07-27,80.0,80.0,80.0,80.0,0.0,0.0,
1999-07-28,80.0,80.0,80.0,80.0,0.0,0.0,
1999-07-29,80.0,80.0,80.0,80.0,0.0,0.0,
1999-07-30,80.0,80.0,80.0,80.0,0.0,0.0,
1999-08-02,80.0,80.0,80.0,80.0,0.0,0.0,
1999-08-03,80.0,80.0,80.0,80.0,0.0,0.0,
1999-08-04,80.0,80.0,80.0,80.0,0.0,0.0,
1999-08-05,80.0,80.0,80.0,80.0,0.0,0.0,
1999-08-06,80.0,80.0,80.0,80.0,0.0,0.0,
1999-08-09,80.0,80.0,80.0,80.0,0.0,0.0,
1999-08-10,80.0,80.0,80.0,80.0,0.0,0.0,
1999-08-11,80.0,80.0,80.0,80.0,0.0,0.0,
1999-08-12,80.0,80.0,80.0,80.0,0.0,0.0,
1999-08-13,80.0,80.0,80.0,80.0,0.0,0.0,
1999-08-16,80.0,80.0,80.0,80.0,0.0,0.0,
1999-08-17,80.0,80.0,80.0,80.0,0.0,0.0,
1999-08-18,80.0,80.0,80.0,80.0,0.0,0.0,
1999-08-19,80.0,80.0,80.0,80.0,0.0,0.0,
1999-08-20,80.0,80.0,80.0,80.0,0.0,0.0,
1999-08-23,80.0,80.0,80.0,80.0,0.0,0.0,
1999-08-24,80.0,80.0,80.0,80.0,0.0,0.0,
1999-08-25,80.0,80.0,80.0,80.0,0.0,0.0,
1999-08-26,80.0,80.0,80.0,80.0,0.0,0.0,
1999-08-27,80.0,80.0,80.0,80.0,0.0,0.0,
1999-08-30,80.0,80.0,80.0,80.0,0.0,0.0,
1999-08-31,80.0,80.0,80.0,80.0,0.0,0.0,
1999-09-01,80.0,80.0,80.0,80.0,0.0,0.0,
1999-09-02,80.0,80.0,80.0,80.0,0.0,0.0,
1999-09-03,80.0,80.0,80.0,80.0,0.0,0.0,
1999-09-06,80.0,80.0,80.0,80.0,0.0,0.0,
1999-09-07,80.0,80.0,80.0,80.0,0.0,0.0,
1999-09-08,80.0,80.0,80.0,80.0,0.0,0.0,
1999-09-09,80.0,80.0,80.0,80.0,0.0,0.0,
1999-09-10,80.0,80.0,80.0,80.0,0.0,0.0,
1999-09-13,80.0,80.0,80.0,80.0,0.0,0.0,
1999-09-14,80.0,80.0,80.0,80.0,0.0,0.0,
1999-09-15,80.0,80.0,80.0,80.0,0.0,0.0,
1999-09-16,80.0,80.0,80.0,80.0,0.0,0.0,
1999-09-17,80.0,80.0,80.0,80.0,0.0,0.0,
1999-09-20,80.0,80.0,80.0,80.0,0.0,0.0,
1999-09-21,80.0,80.0,80.0,80.0,0.0,0.0,
1999-09-22,80.0,80.0,80.0,80.0,0.0,0.0,
1999-09-23,80.0,80.0,80.0,80.0,0.0,0.0,
1999-09-24,80.0,80.0,80.0,80.0,0.0,0.0,
1999-09-27,80.0,80.0,80.0,80.0,0.0,0.0,
1999-09-28,80.0,80.0,80.0,80.0,0.0,0.0,
1999-09-29,80.0,80.0,80.0,80.0,0.0,0.0,
1999-09-30,80.0,80.0,80.0,80.0,0.0,0.0,
1999-10-01,80.0,80.0,80.0,80.0,0.0,0.0,
1999-10-04,80.0,80.0,80.0,80.0,0.0,0.0,
1999-10-05,80.0,80.0,80.0,80.0,0.0,0.0,
1999-10-06,80.0,80.0,80.0,80.0,0.0,0.0,
1999-10-07,80.0,80.0,80.0,80.0,0.0,0.0,
1999-10-08,80.0,80.0,80.0,80.0,0.0,0.0,
1999-10-11,80.0,80.0,80.0,80.0,0.0,0.0,
1999-10-12,80.0,80.0,80.0,80.0,0.0,0.0,
1999-10-13,80.0,80.0,80.0,80.0,0.0,0.0,
1999-10-14,80.0,80.0,80.0,80.0,0.0,0.0,
1999-10-15,80.0,80.0,80.0,80.0,0.0,0.0,
1999-10-18,80.0,80.0,80.0,80.0,0.0,0.0,
1999-10-19,80.0,80.0,80.0,80.0,0.0,0.0,
1999-10-20,80.0,80.0,80.0,80.0,0.0,0.0,
1999-10-21,80.0,80.0,80.0,80.0,0.0,0.0,
1999-10-22,80.0,80.0,80.0,80.0,0.0,0.0,
1999-10-25,80.0,80.0,80.0,80.0,0.0,0.0,
1999-10-26,80.0,80.0,80.0,80.0,0.0,0.0,
1999-10-27,80.0,80.0,80.0,80.0,0.0,0.0,
1999-10-28,80.0,80.0,80.0,80.0,0.0,0.0,
1999-10-29,80.0,80.0,80.0,80.0,0.0,0.0,
1999-11-01,80.0,80.0,80.0,80.0,0.0,0.0,
1999-11-02,80.0,80.0,80.0,80.0,0.0,0.0,
1999-11-03,80.0,80.0,80.0,80.0,0.0,0.0,
1999-11-04,80.0,80.0,80.0,80.0,0.0,0.0,
1999-11-05,80.0,80.0,80.0,80.0,0.0,0.0,
1999-11-08,80.0,80.0,80.0,80.0,0.0,0.0,
1999-11-09,80.0,80.0,80.0,80.0,0.0,0.0,
1999-11-10,80.0,80.0,80.0,80.0,0.0,0.0,
1999-11-11,80.0,80.0,80.0,80.0,0.0,0.0,
1999-11-12,80.0,80.0,80.0,80.0,0.0,0.0,
1999-11-15,80.0,80.0,80.0,80.0,0.0,0.0,
1999-11-16,80.0,80.0,80.0,80.0,0.0,0.0,
1999-11-17,80.0,80.0,80.0,80.0,0.0,0.0,
1999-11-18,80.0,80.0,80.0,80.0,0.0,0.0,
1999-11-19,80.0,80.0,80.0,80.0,0.0,0.0,
1999-11-22,80.0,80.0,80.0,80.0,0.0,0.0,
1999-11-23,80.0,80.0,80.0,80.0,0.0,0.0,
1999-11-24,80.0,80.0,80.0,80.0,0.0,0.0,
1999-11-25,80.0,80.0,80.0,80.0,0.0,0.0,
1999-11-26,80.0,80.0,80.0,80.0,0.0,0.0,
1999-11-29,80.0,80.0,80.0,80.0,0.0,0.0,
1999-11-30,80.0,80.0,80.0,80.0,0.0,0.0,
1999-12-01,80.0,80.0,80.0,80.0,0.0,0.0,
1999-12-02,80.0,80.0,80.0,80.0,0.0,0.0,
1999-12-03,80.0,80.0,80.0,80.0,0.0,0.0,
1999-12-06,80.0,80.0,80.0,80.0,0.0,0.0,
1999-12-07,80.0,80.0,80.0,80.0,0.0,0.0,
1999-12-08,80.0,80.0,80.0,80.0,0.0,0.0,
1999-12-09,80.0,80.0,80.0,80.0,0.0,0.0,
1999-12-10,80.0,80.0,80.0,80.0,0.0,0.0,
1999-12-13,80.0,80.0,80.0,80.0,0.0,0.0,
1999-12-14,80.0,80.0,80.0,80.0,0.0,0.0,
1999-12-15,80.0,80.0,80.0,80.0,0.0,0.0,
1999-12-16,80.0,80.0,80.0,80.0,0.0,0.0,
1999-12-17,80.0,80.0,80.0,80.0,0.0,0.0,
1999-12-20,80.0,80.0,80.0,80.0,0.0,0.0,
1999-12-21,80.0,80.0,80.0,80.0,0.0,0.0,
1999-12-22,80.0,80.0,80.0,80.0,0.0,0.0,
1999-12-23,80.0,80.0,80.0,80.0,0.0,0.0,
1999-12-24,80.0,80.0,80.0,80.0,0.0,0.0,
1999-12-27,80.0,80.0,80.0,80.0,0.0,0.0,
1999-12-28,80.0,80.0,80.0,80.0,0.0,0.0,
1999-12-29,80.0,80.0,80.0,80.0,0.0,0.0,
1999-12-30,80.0,80.0,80.0,80.0,0.0,0.0,
1999-12-31,80.0,80.0,80.0,80.0,0.0,0.0,
2000-01-03,80.0,80.0,80.0,80.0,0.0,0.0,
2000-01-04,80.0,80.0,80.0,80.0,0.0,0.0,
2000-01-05,80.0,80.0,80.0,80.0,0.0,0.0,
2000-01-06,80.0,80.0,80.0,80.0,0.0,0.0,
2000-01-07,80.0,80.0,80.0,80.0,0.0,0.0,
2000-01-10,80.0,80.0,80.0,80.0,0.0,0.0,
2000-01-11,80.0,80.0,80.0,80.0,0.0,0.0,
2000-01-12,80.0,80.0,80.0,80.0,0.0,0.0,
2000-01-13,80.0,80.0,80.0,80.0,0.0,0.0,
2000-01-14,80.0,80.0,80.0,80.0,0.0,0.0,
2000-01-17,80.0,80.0,80.0,80.0,0.0,0.0,
2000-01-18,80.0,80.0,80.0,80.0,0.0,0.0,
2000-01-19,80.0,80.0,80.0,80.0,0.0,0.0,
2000-01-20,80.0,80.0,80.0,80.0,0.0,0.0,
2000-01-21,80.0,80.0,80.0,80.0,0.0,0.0,
2000-01-24,80.0,80.0,80.0,80.0,0.0,0.0,
2000-01-25,80.0,80.0,80.0,80.0,0.0,0.0,
2000-01-26,80.0,80.0,80.0,80.0,0.0,0.0,
2000-01-27,80.0,80.0,80.0,80.0,0.0,0.0,
2000-01-28,80.0,80.0,80.0,80.0,0.0,0.0,
2000-01-31,80.0,80.0,80.0,80.0,0.0,0.0,
2000-02-01,80.0,80.0,80.0,80.0,0.0,0.0,
2000-02-02,80.0,80.0,80.0,80.0,0.0,0.0,
2000-02-03,80.0,80.0,80.0,80.0,0.0,0.0,
2000-02-04,80.0,80.0,80.0,80.0,0.0,0.0,
2000-02-07,80.0,80.0,80.0,80.0,0.0,0.0,
2000-02-08,80.0,80.0,80.0,80.0,0.0,0.0,
2000-02-09,80.0,80.0,80.0,80.0,0.0,0.0,
2000-02-10,80.0,80.0,80.0,80.0,0.0,0.0,
2000-02-11,80.0,80.0,80.0,80.0,0.0,0.0,
2000-02-14,80.0,80.0,80.0,80.0,0.0,0.0,
2000-02-15,80.0,80.0,80.0,80.0,0.0,0.0,
2000-02-16,80.0,80.0,80.0,80.0,0.0,0.0,
2000-02-17,80.0,80.0,80.0,80.0,0.0,0.0,
2000-02-18,80.0,80.0,80.0,80.0,0.0,0.0,
2000-02-21,80.0,80.0,80.0,80.0,0.0,0.0,
2000-02-22,80.0,80.0,80.0,80.0,0.0,0.0,
2000-02-23,80.0,80.0,80.0,80.0,0.0,0.0,
2000-02-24,80.0,80.0,80.0,80.0,0.0,0.0,
2000-02-25,80.0,80.0,80.0,80.0,0.0,0.0,
2000-02-28,80.0,80.0,80.0,80.0,0.0,0.0,
2000-02-29,80.0,80.0,80.0,80.0,0.0,0.0,
2000-03-01,80.0,80.0,80.0,80.0,0.0,0.0,
2000-03-02,80.0,80.0,80.0,80.0,0.0,0.0,
2000-03-03,80.0,80.0,80.0,80.0,0.0,0.0,
2000-03-06,80.0,80.0,80.0,80.0,0.0,0.0,
2000-03-07,80.0,80.0,80.0,80.0,0.0,0.0,
2000-03-08,80.0,80.0,80.0,80.0,0.0,0.0,
2000-03-09,80.0,80.0,80.0,80.0,0.0,0.0,
2000-03-10,80.0,80.0,80.0,80.0,0.0,0.0,
2000-03-13,80.0,80.0,80.0,80.0,0.0,0.0,
2000-03-14,80.0,80.0,80.0,80.0,0.0,0.0,
2000-03-15,80.0,80.0,80.0,80.0,0.0,0.0,
2000-03-16,80.0,80.0,80.0,80.0,0.0,0.0,
2000-03-17,80.0,80.0,80.0,80.0,0.0,0.0,
2000-03-20,80.0,80.0,80.0,80.0,0.0,0.0,
2000-03-21,80.0,80.0,80.0,80.0,0.0,0.0,
2000-03-22,80.0,80.0,80.0,80.0,0.0,0.0,
2000-03-23,80.0,80.0,80.0,80.0,0.0,0.0,
2000-03-24,80.0,80.0,80.0,80.0,0.0,0.0,
2000-03-27,80.0,80.0,80.0,80.0,0.0,0.0,
2000-03-28,80.0,80.0,80.0,80.0,0.0,0.0,
2000-03-29,80.0,80.0,80.0,80.0,0.0,0.0,
2000-03-30,80.0,80.0,80.0,80.0,0.0,0.0,
2000-03-31,80.0,80.0,80.0,80.0,0.0,0.0,
2000-04-03,80.0,80.0,80.0,80.0,0.0,0.0,
2000-04-04,80.0,80.0,80.0,80.0,0.0,0.0,
2000-04-05,80.0,80.0,80.0,80.0,0.0,0.0,
2000-04-06,80.0,80.0,80.0,80.0,0.0,0.0,
2000-04-07,80.0,80.0,80.0,80.0,0.0,0.0,
2000-04-10,80.0,80.0,80.0,80.0,0.0,0.0,
2000-04-11,80.0,80.0,80.0,80.0,0.0,0.0,
2000-04-12,80.0,80.0,80.0,80.0,0.0,0.0,
2000-04-13,80.0,80.0,80.0,80.0,0.0,0.0,
2000-04-14,80.0,80.0,80.0,80.0,0.0,0.0,
2000-04-17,80.0,80.0,80.0,80.0,0.0,0.0,
2000-04-18,80.0,80.0,80.0,80.0,0.0,0.0,
2000-04-19,80.0,80.0,80.0,80.0,0.0,0.0,
2000-04-20,80.0,80.0,80.0,80.0,0.0,0.0,
2000-04-21,80.0,80.0,80.0,80.0,0.0,0.0,
2000-04-24,80.0,80.0,80.0,80.0,0.0,0.0,
2000-04-25,80.0,80.0,80.0,80.0,0.0,0.0,
2000-04-26,80.0,80.0,80.0,80.0,0.0,0.0,
2000-04-27,80.0,80.0,80.0,80.0,0.0,0.0,
2000-04-28,80.0,80.0,80.0,80.0,0.0,0.0,
2000-05-01,80.0,80.0,80.0,80.0,0.0,0.0,
2000-05-02,80.0,80.0,80.0,80.0,0.0,0.0,
2000-05-03,80.0,80.0,80.0,80.0,0.0,0.0,
2000-05-04,80.0,80.0,80.0,80.0,0.0,0.0,
2000-05-05,80.0,80.0,80.0,80.0,0.0,0.0,
2000-05-08,80.0,80.0,80.0,80.0,0.0,0.0,
2000-05-09,80.0,80.0,80.0,80.0,0.0,0.0,
2000-05-10,80.0,80.0,80.0,80.0,0.0,0.0,
2000-05-11,80.0,80.0,80.0,80.0,0.0,0.0,
2000-05-12,80.0,80.0,80.0,80.0,0.0,0.0,
2000-05-15,80.0,80.0,80.0,80.0,0.0,0.0,
2000-05-16,80.0,80.0,80.0,80.0,0.0,0.0,
2000-05-17,80.0,80.0,80.0,80.0,0.0,0.0,
2000-05-18,80.0,80.0,80.0,80.0,0.0,0.0,
2000-05-19,80.0,80.0,80.0,80.0,0.0,0.0,
2000-05-22,80.0,80.0,80.0,80.0,0.0,0.0,
2000-05-23,80.0,80.0,80.0,80.0,0.0,0.0,
2000-05-24,80.0,80.0,80.0,80.0,0.0,0.0,
2000-05-25,80.0,80.0,80.0,80.0,0.0,0.0,
2000-05-26,80.0,80.0,80.0,80.0,0.0,0.0,
2000-05-29,80.0,80.0,80.0,80.0,0.0,0.0,
2000-05-30,80.0,80.0,80.0,80.0,0.0,0.0,
2000-05-31,80.0,80.0,80.0,80.0,0.0,0.0,
2000-06-01,80.0,80.0,80.0,80.0,0.0,0.0,
2000-06-02,80.0,80.0,80.0,80.0,0.0,0.0,
2000-06-05,80.0,80.0,80.0,80.0,0.0,0.0,
2000-06-06,80.0,80.0,80.0,80.0,0.0,0.0,
2000-06-07,80.0,80.0,80.0,80.0,0.0,0.0,
2000-06-08,80.0,80.0,80.0,80.0,0.0,0.0,
2000-06-09,80.0,80.0,80.0,80.0,0.0,0.0,
2000-06-12,80.0,80.0,80.0,80.0,0.0,0.0,
2000-06-13,80.0,80.0,80.0,80.0,0.0,0.0,
2000-06-14,80.0,80.0,80.0,80.0,0.0,0.0,
2000-06-15,80.0,80.0,80.0,80.0,0.0,0.0,
2000-06-16,80.0,80.0,80.0,80.0,0.0,0.0,
2000-06-19,80.0,80.0,80.0,80.0,0.0,0.0,
2000-06-20,80.0,80.0,80.0,80.0,0.0,0.0,
2000-06-21,80.0,80.0,80.0,80.0,0.0,0.0,
2000-06-22,80.0,80.0,80.0,80.0,0.0,0.0,
2000-06-23,80.0,80.0,80.0,80.0,0.0,0.0,
2000-06-26,80.0,80.0,80.0,80.0,0.0,0.0,
2000-06-27,80.0,80.0,80.0,80.0,0.0,0.0,
2000-06-28,80.0,80.0,80.0,80.0,0.0,0.0,
2000-06-29,80.0,80.0,80.0,80.0,0.0,0.0,
2000-06-30,80.0,80.0,80.0,80.0,0.0,0.0,
2000-07-03,80.0,80.0,80.0,80.0,0.0,0.0,
2000-07-04,80.0,80.0,80.0,80.0,0.0,0.0,
2000-07-05,80.0,80.0,80.0,80.0,0.0,0.0,
2000-07-06,80.0,80.0,80.0,80.0,0.0,0.0,
2000-07-07,80.0,80.0,80.0,80.0,0.0,0.0,
2000-07-10,80.0,80.0,80.0,80.0,0.0,0.0,
2000-07-11,80.0,80.0,80.0,80.0,0.0,0.0,
2000-07-12,80.0,80.0,80.0,80.0,0.0,0.0,
2000-07-13,80.0,80.0,80.0,80.0,0.0,0.0,
2000-07-14,80.0,80.0,80.0,80.0,0.0,0.0,
2000-07-17,80.0,80.0,80.0,80.0,0.0,0.0,
2000-07-18,80.0,80.0,80.0,80.0,0.0,0.0,
2000-07-19,80.0,80.0,80.0,80.0,0.0,0.0,
2000-07-20,80.0,80.0,80.0,80.0,0.0,0.0,
2000-07-21,80.0,80.0,80.0,80.0,0.0,0.0,
2000-07-24,80.0,80.0,80.0,80.0,0.0,0.0,
2000-07-25,80.0,80.0,80.0,80.0,0.0,0.0,
2000-07-26,80.0,80.0,80.0,80.0,0.0,0.0,
2000-07-27,80.0,80.0,80.0,80.0,0.0,0.0,
2000-07-28,80.0,80.0,80.0,80.0,0.0,0.0,
2000-07-31,80.0,80.0,80.0,80.0,0.0,0.0,
2000-08-01,80.0,80.0,80.0,80.0,0.0,0.0,
2000-08-02,80.0,80.0,80.0,80.0,0.0,0.0,
2000-08-03,80.0,80.0,80.0,80.0,0.0,0.0,
2000-08-04,80.0,80.0,80.0,80.0,0.0,0.0,
2000-08-07,80.0,80.0,80.0,80.0,0.0,0.0,
2000-08-08,80.0,80.0,80.0,80.0,0.0,0.0,
2000-08-09,80.0,80.0,80.0,80.0,0.0,0.0,
2000-08-10,80.0,80.0,80.0,80.0,0.0,0.0,
2000-08-11,80.0,80.0,80.0,80.0,0.0,0.0,
2000-08-14,80.0,80.0,80.0,80.0,0.0,0.0,
2000-08-15,80.0,80.0,80.0,80.0,0.0,0.0,
2000-08-16,80.0,80.0,80.0,80.0,0.0,0.0,
2000-08-17,80.0,80.0,80.0,80.0,0.0,0.0,
2000-08-18,80.0,80.0,80.0,80.0,0.0,0.0,
2000-08-21,80.0,80.0,80.0,80.0,0.0,0.0,
2000-08-22,80.0,80.0,80.0,80.0,0.0,0.0,
2000-08-23,80.0,80.0,80.0,80.0,0.0,0.0,
2000-08-24,80.0,80.0,80.0,80.0,0.0,0.0,
2000-08-25,80.0,80.0,80.0,80.0,0.0,0.0,
2000-08-28,80.0,80.0,80.0,80.0,0.0,0.0,
2000-08-29,80.0,80.0,80.0,80.0,0.0,0.0,
2000-08-30,80.0,80.0,80.0,80.0,0.0,0.0,
2000-08-31,80.0,80.0,80.0,80.0,0.0,0.0,
2000-09-01,80.0,80.0,80.0,80.0,0.0,0.0,
2000-09-04,80.0,80.0,80.0,80.0,0.0,0.0,
2000-09-05,80.0,80.0,80.0,80.0,0.0,0.0,
2000-09-06,80.0,80.0,80.0,80.0,0.0,0.0,
2000-09-07,80.0,80.0,80.0,80.0,0.0,0.0,
2000-09-08,80.0,80.0,80.0,80.0,0.0,0.0,
2000-09-11,80.0,80.0,80.0,80.0,0.0,0.0,
2000-09-12,80.0,80.0,80.0,80.0,0.0,0.0,
2000-09-13,80.0,80.0,80.0,80.0,0.0,0.0,
2000-09-14,80.0,80.0,80.0,80.0,0.0,0.0,
2000-09-15,80.0,80.0,80.0,80.0,0.0,0.0,
2000-09-18,80.0,80.0,80.0,80.0,0.0,0.0,
2000-09-19,80.0,80.0,80.0,80.0,0.0,0.0,
2000-09-20,80.0,80.0,80.0,80.0,0.0,0.0,
2000-09-21,80.0,80.0,80.0,80.0,0.0,0.0,
2000-09-22,80.0,80.0,80.0,80.0,0.0,0.0,
2000-09-25,80.0,80.0,80.0,80.0,0.0,0.0,
2000-09-26,80.0,80.0,80.0,80.0,0.0,0.0,
2000-09-27,80.0,80.0,80.0,80.0,0.0,0.0,
2000-09-28,80.0,80.0,80.0,80.0,0.0,0.0,
2000-09-29,80.0,80.0,80.0,80.0,0.0,0.0,
2000-10-02,80.0,80.0,80.0,80.0,0.0,0.0,
2000-10-03,80.0,80.0,80.0,80.0,0.0,0.0,
2000-10-04,80.0,80.0,80.0,80.0,0.0,0.0,
2000-10-05,80.0,80.0,80.0,80.0,0.0,0.0,
2000-10-06,80.0,80.0,80.0,80.0,0.0,0.0,
2000-10-09,80.0,80.0,80.0,80.0,0.0,0.0,
2000-10-10,80.0,80.0,80.0,80.0,0.0,0.0,
2000-10-11,80.0,80.0,80.0,80.0,0.0,0.0,
2000-10-12,80.0,80.0,80.0,80.0,0.0,0.0,
2000-10-13,80.0,80.0,80.0,80.0,0.0,0.0,
2000-10-16,80.0,80.0,80.0,80.0,0.0,0.0,
2000-10-17,80.0,80.0,80.0,80.0,0.0,0.0,
2000-10-18,80.0,80.0,80.0,80.0,0.0,0.0,
2000-10-19,80.0,80.0,80.0,80.0,0.0,0.0,
2000-10-20,80.0,80.0,80.0,80.0,0.0,0.0,
2000-10-23,80.0,80.0,80.0,80.0,0.0,0.0,
2000-10-24,80.0,80.0,80.0,80.0,0.0,0.0,
2000-10-25,80.0,80.0,80.0,80.0,0.0,0.0,
2000-10-26,80.0,80.0,80.0,80.0,0.0,0.0,
2000-10-27,80.0,80.0,80.0,80.0,0.0,0.0,
2000-10-30,80.0,80.0,80.0,80.0,0.0,0.0,
2000-10-31,80.0,80.0,80.0,80.0,0.0,0.0,
2000-11-01,80.0,80.0,80.0,80.0,0.0,0.0,
2000-11-02,80.0,80.0,80.0,80.0,0.0,0.0,
2000-11-03,80.0,80.0,80.0,80.0,0.0,0.0,
2000-11-06,80.0,80.0,80.0,80.0,0.0,0.0,
2000-11-07,80.0,80.0,80.0,80.0,0.0,0.0,
2000-11-08,80.0,80.0,80.0,80.0,0.0,0.0,
2000-11-09,80.0,80.0,80.0,80.0,0.0,0.0,
2000-11-10,80.0,80.0,80.0,80.0,0.0,0.0,
2000-11-13,80.0,80.0,80.0,80.0,0.0,0.0,
2000-11-14,80.0,80.0,80.0,80.0,0.0,0.0,
2000-11-15,80.0,80.0,80.0,80.0,0.0,0.0,
2000-11-16,80.0,80.0,80.0,80.0,0.0,0.0,
2000-11-17,80.0,80.0,80.0,80.0,0.0,0.0,
2000-11-20,80.0,80.0,80.0,80.0,0.0,0.0,
2000-11-21,80.0,80.0,80.0,80.0,0.0,0.0,
2000-11-22,80.0,80.0,80.0,80.0,0.0,0.0,
2000-11-23,80.0,80.0,80.0,80.0,0.0,0.0,
2000-11-24,80.0,80.0,80.0,80.0,0.0,0.0,
2000-11-27,80.0,80.0,80.0,80.0,0.0,0.0,
2000-11-28,80.0,80.0,80.0,80.0,0.0,0.0,
2000-11-29,80.0,80.0,80.0,80.0,0.0,0.0,
2000-11-30,80.0,80.0,80.0,80.0,0.0,0.0,
2000-12-01,80.0,80.0,80.0,80.0,0.0,0.0,
2000-12-04,80.0,80.0,80.0,80.0,0.0,0.0,
2000-12-05,80.0,80.0,80.0,80.0,0.0,0.0,
2000-12-06,80.0,80.0,80.0,80.0,0.0,0.0,
2000-12-07,80.0,80.0,80.0,80.0,0.0,0.0,
2000-12-08,80.0,80.0,80.0,80.0,0.0,0.0,
2000-12-11,80.0,80.0,80.0,80.0,0.0,0.0,
2000-12-12,80.0,80.0,80.0,80.0,0.0,0.0,
2000-12-13,80.0,80.0,80.0,80.0,0.0,0.0,
2000-12-14,80.0,80.0,80.0,80.0,0.0,0.0,
2000-12-15,80.0,80.0,80.0,80.0,0.0,0.0,
2000-12-18,80.0,80.0,80.0,80.0,0.0,0.0,
2000-12-19,80.0,80.0,80.0,80.0,0.0,0.0,
2000-12-20,80.0,80.0,80.0,80.0,0.0,0.0,
2000-12-21,80.0,80.0,80.0,80.0,0.0,0.0,
2000-12-22,80.0,80.0,80.0,80.0,0.0,0.0,
2000-12-25,80.0,80.0,80.0,80.0,0.0,0.0,
2000-12-26,80.0,80.0,80.0,80.0,0.0,0.0,
2000-12-27,80.0,80.0,80.0,80.0,0.0,0.0,
2000-12-28,80.0,80.0,80.0,80.0,0.0,0.0,
2000-12-29,80.0,80.0,80.0,80.0,0.0,0.0,
2001-01-01,80.0,80.0,80.0,80.0,0.0,0.0,
2001-01-02,80.0,80.0,80.0,80.0,0.0,0.0,
2001-01-03,80.0,80.0,80.0,80.0,0.0,0.0,
2001-01-04,80.0,80.0,80.0,80.0,0.0,0.0,
2001-01-05,80.0,80.0,80.0,80.0,0.0,0.0,
2001-01-08,80.0,80.0,80.0,80.0,0.0,0.0,
2001-01-09,80.0,80.0,80.0,80.0,0.0,0.0,
2001-01-10,80.0,80.0,80.0,80.0,0.0,0.0,
2001-01-11,80.0,80.0,80.0,80.0,0.0,0.0,
2001-01-12,80.0,80.0,80.0,80.0,0.0,0.0,
2001-01-15,80.0,80.0,80.0,80.0,0.0,0.0,
2001-01-16,80.0,80.0,80.0,80.0,0.0,0.0,
2001-01-17,80.0,80.0,80.0,80.0,0.0,0.0,
2001-01-18,80.0,80.0,80.0,80.0,0.0,0.0,
2001-01-19,80.0,80.0,80.0,80.0,0.0,0.0,
2001-01-22,80.0,80.0,80.0,80.0,0.0,0.0,
2001-01-23,80.0,80.0,80.0,80.0,0.0,0.0,
2001-01-24,80.0,80.0,80.0,80.0,0.0,0.0,
2001-01-25,80.0,80.0,80.0,80.0,0.0,0.0,
2001-01-26,80.0,80.0,80.0,80.0,0.0,0.0,
2001-01-29,80.0,80.0,80.0,80.0,0.0,0.0,
2001-01-30,80.0,80.0,80.0,80.0,0.0,0.0,
2001-01-31,80.0,80.0,80.0,80.0,0.0,0.0,
2001-02-01,80.0,80.0,80.0,80.0,0.0,0.0,
2001-02-02,80.0,80.0,80.0,80.0,0.0,0.0,
2001-02-05,80.0,80.0,80.0,80.0,0.0,0.0,
2001-02-06,80.0,80.0,80.0,80.0,0.0,0.0,
2001-02-07,80.0,80.0,80.0,80.0,0.0,0.0,
2001-02-08,80.0,80.0,80.0,80.0,0.0,0.0,
2001-02-09,80.0,80.0,80.0,80.0,0.0,0.0,
2001-02-12,80.0,80.0,80.0,80.0,0.0,0.0,
2001-02-13,80.0,80.0,80.0,80.0,0.0,0.0,
2001-02-14,80.0,80.0,80.0,80.0,0.0,0.0,
2001-02-15,80.0,80.0,80.0,80.0,0.0,0.0,
2001-02-16,80.0,80.0,80.0,80.0,0.0,0.0,
2001-02-19,80.0,80.0,80.0,80.0,0.0,0.0,
2001-02-20,80.0,80.0,80.0,80.0,0.0,0.0,
2001-02-21,80.0,80.0,80.0,80.0,0.0,0.0,
2001-02-22,80.0,80.0,80.0,80.0,0.0,0.0,
2001-02-23,80.0,80.0,80.0,80.0,0.0,0.0,
2001-02-26,80.0,80.0,80.0,80.0,0.0,0.0,
2001-02-27,80.0,80.0,80.0,80.0,0.0,0.0,
2001-02-28,80.0,80.0,80.0,80.0,0.0,0.0,
2001-03-01,80.0,80.0,80.0,80.0,0.0,0.0,
2001-03-02,80.0,80.0,80.0,80.0,0.0,0.0,
2001-03-05,80.0,80.0,80.0,80.0,0.0,0.0,
2001-03-06,80.0,80.0,80.0,80.0,0.0,0.0,
2001-03-07,80.0,80.0,80.0,80.0,0.0,0.0,
2001-03-08,80.0,80.0,80.0,80.0,0.0,0.0,
2001-03-09,80.0,80.0,80.0,80.0,0.0,0.0,
2001-03-12,80.0,80.0,80.0,80.0,0.0,0.0,
2001-03-13,80.0,80.0,80.0,80.0,0.0,0.0,
2001-03-14,80.0,80.0,80.0,80.0,0.0,0.0,
2001-03-15,80.0,80.0,80.0,80.0,0.0,0.0,
2001-03-16,80.0,80.0,80.0,80.0,0.0,0.0,
2001-03-19,80.0,80.0,80.0,80.0,0.0,0.0,
2001-03-20,80.0,80.0,80.0,80.0,0.0,0.0,
2001-03-21,80.0,80.0,80.0,80.0,0.0,0.0,
2001-03-22,80.0,80.0,80.0,80.0,0.0,0.0,
2001-03-23,80.0,80.0,80.0,80.0,0.0,0.0,
2001-03-26,80.0,80.0,80.0,80.0,0.0,0.0,
2001-03-27,80.0,80.0,80.0,80.0,0.0,0.0,
2001-03-28,80.0,80.0,80.0,80.0,0.0,0.0,
2001-03-29,80.0,80.0,80.0,80.0,0.0,0.0,
2001-03-30,80.0,80.0,80.0,80.0,0.0,0.0,
2001-04-02,80.0,80.0,80.0,80.0,0.0,0.0,
2001-04-03,80.0,80.0,80.0,80.0,0.0,0.0,
2001-04-04,80.0,80.0,80.0,80.0,0.0,0.0,
2001-04-05,80.0,80.0,80.0,80.0,0.0,0.0,
2001-04-06,80.0,80.0,80.0,80.0,0.0,0.0,
2001-04-09,80.0,80.0,80.0,80.0,0.0,0.0,
2001-04-10,80.0,80.0,80.0,80.0,0.0,0.0,
2001-04-11,80.0,80.0,80.0,80.0,0.0,0.0,
2001-04-12,80.0,80.0,80.0,80.0,0.0,0.0,
2001-04-13,80.0,80.0,80.0,80.0,0.0,0.0,
2001-04-16,80.0,80.0,80.0,80.0,0.0,0.0,
2001-04-17,80.0,80.0,80.0,80.0,0.0,0.0,
2001-04-18,80.0,80.0,80.0,80.0,0.0,0.0,
2001-04-19,80.0,80.0,80.0,80.0,0.0,0.0,
2001-04-20,80.0,80.0,80.0,80.0,0.0,0.0,
2001-04-23,80.0,80.0,80.0,80.0,0.0,0.0,
2001-04-24,80.0,80.0,80.0,80.0,0.0,0.0,
2001-04-25,80.0,80.0,80.0,80.0,0.0,0.0,
2001-04-26,80.0,80.0,80.0,80.0,0.0,0.0,
2001-04-27,80.0,80.0,80.0,80.0,0.0,0.0,
2001-04-30,80.0,80.0,80.0,80.0,0.0,0.0,
2001-05-01,80.0,80.0,80.0,80.0,0.0,0.0,
2001-05-02,80.0,80.0,80.0,80.0,0.0,0.0,
2001-05-03,80.0,80.0,80.0,80.0,0.0,0.0,
2001-05-04,80.0,80.0,80.0,80.0,0.0,0.0,
2001-05-07,80.0,80.0,80.0,80.0,0.0,0.0,
2001-05-08,80.0,80.0,80.0,80.0,0.0,0.0,
2001-05-09,80.0,80.0,80.0,80.0,0.0,0.0,
2001-05-10,80.0,80.0,80.0,80.0,0.0,0.0,
2001-05-11,80.0,80.0,80.0,80.0,0.0,0.0,
2001-05-14,80.0,80.0,80.0,80.0,0.0,0.0,
2001-05-15,80.0,80.0,80.0,80.0,0.0,0.0,
2001-05-16,80.0,80.0,80.0,80.0,0.0,0.0,
2001-05-17,80.0,80.0,80.0,80.0,0.0,0.0,
2001-05-18,80.0,80.0,80.0,80.0,0.0,0.0,
2001-05-21,80.0,80.0,80.0,80.0,0.0,0.0,
2001-05-22,80.0,80.0,80.0,80.0,0.0,0.0,
2001-05-23,80.0,80.0,80.0,80.0,0.0,0.0,
2001-05-24,80.0,80.0,80.0,80.0,0.0,0.0,
2001-05-25,80.0,80.0,80.0,80.0,0.0,0.0,
2001-05-28,80.0,80.0,80.0,80.0,0.0,0.0,
2001-05-29,80.0,80.0,80.0,80.0,0.0,0.0,
2001-05-30,80.0,80.0,80.0,80.0,0.0,0.0,
2001-05-31,80.0,80.0,80.0,80.0,0.0,0.0,
2001-06-01,80.0,80.0,80.0,80.0,0.0,0.0,
2001-06-04,80.0,80.0,80.0,80.0,0.0,0.0,
2001-06-05,80.0,80.0,80.0,80.0,0.0,0.0,
2001-06-06,80.0,80.0,80.0,80.0,0.0,0.0,
2001-06-07,80.0,80.0,80.0,80.0,0.0,0.0,
2001-06-08,80.0,80.0,80.0,80.0,0.0,0.0,
2001-06-11,80.0,80.0,80.0,80.0,0.0,0.0,
2001-06-12,80.0,80.0,80.0,80.0,0.0,0.0,
2001-06-13,80.0,80.0,80.0,80.0,0.0,0.0,
2001-06-14,80.0,80.0,80.0,80.0,0.0,0.0,
2001-06-15,80.0,80.0,80.0,80.0,0.0,0.0,
2001-06-18,80.0,80.0,80.0,80.0,0.0,0.0,
2001-06-19,80.0,80.0,80.0,80.0,0.0,0.0,
2001-06-20,80.0,80.0,80.0,80.0,0.0,0.0,
2001-06-21,80.0,80.0,80.0,80.0,0.0,0.0,
2001-06-22,80.0,80.0,80.0,80.0,0.0,0.0,
2001-06-25,80.0,80.0,80.0,80.0,0.0,0.0,
2001-06-26,80.0,80.0,80.0,80.0,0.0,0.0,
2001-06-27,80.0,80.0,80.0,80.0,0.0,0.0,
2001-06-28,80.0,80.0,80.0,80.0,0.0,0.0,
2001-06-29,80.0,80.0,80.0,80.0,0.0,0.0,
2001-07-02,80.0,80.0,80.0,80.0,0.0,0.0,
2001-07-03,80.0,80.0,80.0,80.0,0.0,0.0,
2001-07-04,80.0,80.0,80.0,80.0,0.0,0.0,
2001-07-05,80.0,80.0,80.0,80.0,0.0,0.0,
2001-07-06,80.0,80.0,80.0,80.0,0.0,0.0,
2001-07-09,80.0,80.0,80.0,80.0,0.0,0.0,
2001-07-10,80.0,80.0,80.0,80.0,0.0,0.0,
2001-07-11,80.0,80.0,80.0,80.0,0.0,0.0,
2001-07-12,80.0,80.0,80.0,80.0,0.0,0.0,
2001-07-13,80.0,80.0,80.0,80.0,0.0,0.0,
2001-07-16,80.0,80.0,80.0,80.0,0.0,0.0,
2001-07-17,80.0,80.0,80.0,80.0,0.0,0.0,
2001-07-18,80.0,80.0,80.0,80.0,0.0,0.0,
2001-07-19,80.0,80.0,80.0,80.0,0.0,0.0,
2001-07-20,80.0,80.0,80.0,80.0,0.0,0.0,
2001-07-23,80.0,80.0,80.0,80.0,0.0,0.0,
2001-07-24,80.0,80.0,80.0,80.0,0.0,0.0,
2001-07-25,80.0,80.0,80.0,80.0,0.0,0.0,
2001-07-26,80.0,80.0,80.0,80.0,0.0,0.0,
2001-07-27,80.0,80.0,80.0,80.0,0.0,0.0,
2001-07-30,80.0,80.0,80.0,80.0,0.0,0.0,
2001-07-31,80.0,80.0,80.0,80.0,0.0,0.0,
2001-08-01,80.0,80.0,80.0,80.0,0.0,0.0,
2001-08-02,80.0,80.0,80.0,80.0,0.0,0.0,
2001-08-03,80.0,80.0,80.0,80.0,0.0,0.0,
2001-08-06,80.0,80.0,80.0,80.0,0.0,0.0,
2001-08-07,80.0,80.0,80.0,80.0,0.0,0.0,
2001-08-08,80.0,80.0,80.0,80.0,0.0,0.0,
2001-08-09,80.0,80.0,80.0,80.0,0.0,0.0,
2001-08-10,80.0,80.0,80.0,80.0,0.0,0.0,
2001-08-13,80.0,80.0,80.0,80.0,0.0,0.0,
2001-08-14,80.0,80.0,80.0,80.0,0.0,0.0,
2001-08-15,80.0,80.0,80.0,80.0,0.0,0.0,
2001-08-16,80.0,80.0,80.0,80.0,0.0,0.0,
2001-08-17,80.0,80.0,80.0,80.0,0.0,0.0,
2001-08-20,80.0,80.0,80.0,80.0,0.0,0.0,
2001-08-21,80.0,80.0,80.0,80.0,0.0,0.0,
2001-08-22,80.0,80.0,80.0,80.0,0.0,0.0,
2001-08-23,80.0,80.0,80.0,80.0,0.0,0.0,
2001-08-24,80.0,80.0,80.0,80.0,0.0,0.0,
2001-08-27,80.0,80.0,80.0,80.0,0.0,0.0,
2001-08-28,80.0,80.0,80.0,80.0,0.0,0.0,
2001-08-29,80.0,80.0,80.0,80.0,0.0,0.0,
2001-08-30,80.0,80.0,80.0,80.0,0.0,0.0,
2001-08-31,80.0,80.0,80.0,80.0,0.0,0.0,
2001-09-03,80.0,80.0,80.0,80.0,0.0,0.0,
2001-09-04,80.0,80.0,80.0,80.0,0.0,0.0,
2001-09-05,80.0,80.0,80.0,80.0,0.0,0.0,
2001-09-06,80.0,80.0,80.0,80.0,0.0,0.0,
2001-09-07,80.0,80.0,80.0,80.0,0.0,0.0,
2001-09-10,80.0,80.0,80.0,80.0,0.0,0.0,
2001-09-11,80.0,80.0,80.0,80.0,0.0,0.0,
2001-09-12,80.0,80.0,80.0,80.0,0.0,0.0,
2001-09-13,80.0,80.0,80.0,80.0,0.0,0.0,
2001-09-14,80.0,80.0,80.0,80.0,0.0,0.0,
2001-09-17,80.0,80.0,80.0,80.0,0.0,0.0,
2001-09-18,80.0,80.0,80.0,80.0,0.0,0.0,
2001-09-19,80.0,80.0,80.0,80.0,0.0,0.0,
2001-09-20,80.0,80.0,80.0,80.0,0.0,0.0,
2001-09-21,80.0,80.0,80.0,80.0,0.0,0.0,
2001-09-24,80.0,80.0,80.0,80.0,0.0,0.0,
2001-09-25,80.0,80.0,80.0,80.0,0.0,0.0,
2001-09-26,80.0,80.0,80.0,80.0,0.0,0.0,
2001-09-27,80.0,80.0,80.0,80.0,0.0,0.0,
2001-09-28,80.0,80.0,80.0,80.0,0.0,0.0,
2001-10-01,80.0,80.0,80.0,80.0,0.0,0.0,
2001-10-02,80.0,80.0,80.0,80.0,0.0,0.0,
2001-10-03,80.0,80.0,80.0,80.0,0.0,0.0,
2001-10-04,80.0,80.0,80.0,80.0,0.0,0.0,
2001-10-05,80.0,80.0,80.0,80.0,0.0,0.0,
2001-10-08,80.0,80.0,80.0,80.0,0.0,0.0,
2001-10-09,80.0,80.0,80.0,80.0,0.0,0.0,
2001-10-10,80.0,80.0,80.0,80.0,0.0,0.0,
2001-10-11,80.0,80.0,80.0,80.0,0.0,0.0,
2001-10-12,80.0,80.0,80.0,80.0,0.0,0.0,
2001-10-15,80.0,80.0,80.0,80.0,0.0,0.0,
2001-10-16,80.0,80.0,80.0,80.0,0.0,0.0,
2001-10-17,80.0,80.0,80.0,80.0,0.0,0.0,
2001-10-18,80.0,80.0,80.0,80.0,0.0,0.0,
2001-10-19,80.0,80.0,80.0,80.0,0.0,0.0,
2001-10-22,80.0,80.0,80.0,80.0,0.0,0.0,
2001-10-23,80.0,80.0,80.0,80.0,0.0,0.0,
2001-10-24,80.0,80.0,80.0,80.0,0.0,0.0,
2001-10-25,80.0,80.0,80.0,80.0,0.0,0.0,
2001-10-26,80.0,80.0,80.0,80.0,0.0,0.0,
2001-10-29,80.0,80.0,80.0,80.0,0.0,0.0,
2001-10-30,80.0,80.0,80.0,80.0,0.0,0.0,
2001-10-31,80.0,80.0,80.0,80.0,0.0,0.0,
2001-11-01,80.0,80.0,80.0,80.0,0.0,0.0,
2001-11-02,80.0,80.0,80.0,80.0,0.0,0.0,
2001-11-05,80.0,80.0,80.0,80.0,0.0,0.0,
2001-11-06,80.0,80.0,80.0,80.0,0.0,0.0,
2001-11-07,80.0,80.0,80.0,80.0,0.0,0.0,
2001-11-08,80.0,80.0,80.0,80.0,0.0,0.0,
2001-11-09,80.0,80.0,80.0,80.0,0.0,0.0,
2001-11-12,80.0,80.0,80.0,80.0,0.0,0.0,
2001-11-13,80.0,80.0,80.0,80.0,0.0,0.0,
2001-11-14,80.0,80.0,80.0,80.0,0.0,0.0,
2001-11-15,80.0,80.0,80.0,80.0,0.0,0.0,
2001-11-16,80.0,80.0,80.0,80.0,0.0,0.0,
2001-11-19,80.0,80.0,80.0,80.0,0.0,0.0,
2001-11-20,80.0,80.0,80.0,80.0,0.0,0.0,
2001-11-21,80.0,80.0,80.0,80.0,0.0,0.0,
2001-11-22,80.0,80.0,80.0,80.0,0.0,0.0,
2001-11-23,80.0,80.0,80.0,80.0,0.0,0.0,
2001-11-26,80.0,80.0,80.0,80.0,0.0,0.0,
2001-11-27,80.0,80.0,80.0,80.0,0.0,0.0,
2001-11-28,80.0,80.0,80.0,80.0,0.0,0.0,
2001-11-29,80.0,80.0,80.0,80.0,0.0,0.0,
2001-11-30,80.0,80.0,80.0,80.0,0.0,0.0,
2001-12-01,80.0,80.0,80.0,80.0,0.0,0.0,
2001-12-03,80.0,80.0,80.0,80.0,0.0,0.0,
2001-12-04,80.0,80.0,80.0,80.0,0.0,0.0,
2001-12-05,80.0,80.0,80.0,80.0,0.0,0.0,
2001-12-06,80.0,80.0,80.0,80.0,0.0,0.0,
2001-12-07,80.0,80.0,80.0,80.0,0.0,0.0,
2001-12-10,80.0,80.0,80.0,80.0,0.0,0.0,
2001-12-11,80.0,80.0,80.0,80.0,0.0,0.0,
2001-12-12,80.0,80.0,80.0,80.0,0.0,0.0,
2001-12-13,80.0,80.0,80.0,80.0,0.0,0.0,
2001-12-14,80.0,80.0,80.0,80.0,0.0,0.0,
2001-12-17,80.0,80.0,80.0,80.0,0.0,0.0,
2001-12-18,80.0,80.0,80.0,80.0,0.0,0.0,
2001-12-19,80.0,80.0,80.0,80.0,0.0,0.0,
2001-12-20,80.0,80.0,80.0,80.0,0.0,0.0,
2001-12-21,80.0,80.0,80.0,80.0,0.0,0.0,
2001-12-24,80.0,80.0,80.0,80.0,0.0,0.0,
2001-12-25,80.0,80.0,80.0,80.0,0.0,0.0,
2001-12-26,80.0,80.0,80.0,80.0,0.0,0.0,
2001-12-27,80.0,80.0,80.0,80.0,0.0,0.0,
2001-12-28,80.0,80.0,80.0,80.0,0.0,0.0,
2001-12-31,80.0,80.0,80.0,80.0,0.0,0.0,
2002-01-01,80.0,80.0,80.0,80.0,0.0,0.0,
2002-01-02,80.0,80.0,80.0,80.0,0.0,0.0,
2002-01-03,80.0,80.0,80.0,80.0,0.0,0.0,
2002-01-04,80.0,80.0,80.0,80.0,0.0,0.0,
2002-01-07,80.0,80.0,80.0,80.0,0.0,0.0,
2002-01-08,80.0,80.0,80.0,80.0,0.0,0.0,
2002-01-09,80.0,80.0,80.0,80.0,0.0,0.0,
2002-01-10,80.0,80.0,80.0,80.0,0.0,0.0,
2002-01-11,80.0,80.0,80.0,80.0,0.0,0.0,
2002-01-14,80.0,80.0,80.0,80.0,0.0,0.0,
2002-01-15,80.0,80.0,80.0,80.0,0.0,0.0,
2002-01-16,80.0,80.0,80.0,80.0,0.0,0.0,
2002-01-17,80.0,80.0,80.0,80.0,0.0,0.0,
2002-01-18,80.0,80.0,80.0,80.0,0.0,0.0,
2002-01-21,80.0,80.0,80.0,80.0,0.0,0.0,
2002-01-22,80.0,80.0,80.0,80.0,0.0,0.0,
2002-01-23,80.0,80.0,80.0,80.0,0.0,0.0,
2002-01-24,80.0,80.0,80.0,80.0,0.0,0.0,
2002-01-25,80.0,80.0,80.0,80.0,0.0,0.0,
2002-01-28,80.0,80.0,80.0,80.0,0.0,0.0,
2002-01-29,80.0,80.0,80.0,80.0,0.0,0.0,
2002-01-30,80.0,80.0,80.0,80.0,0.0,0.0,
2002-01-31,80.0,80.0,80.0,80.0,0.0,0.0,
2002-02-01,80.0,80.0,80.0,80.0,0.0,0.0,
2002-02-04,80.0,80.0,80.0,80.0,0.0,0.0,
2002-02-05,80.0,80.0,80.0,80.0,0.0,0.0,
2002-02-06,80.0,80.0,80.0,80.0,0.0,0.0,
2002-02-07,80.0,80.0,80.0,80.0,0.0,0.0,
2002-02-08,80.0,80.0,80.0,80.0,0.0,0.0,
2002-02-11,80.0,80.0,80.0,80.0,0.0,0.0,
2002-02-12,80.0,80.0,80.0,80.0,0.0,0.0,
2002-02-13,80.0,80.0,80.0,80.0,0.0,0.0,
2002-02-14,80.0,80.0,80.0,80.0,0.0,0.0,
2002-02-15,80.0,80.0,80.0,80.0,0.0,0.0,
2002-02-18,80.0,80.0,80.0,80.0,0.0,0.0,
2002-02-19,80.0,80.0,80.0,80.0,0.0,0.0,
2002-02-20,80.0,80.0,80.0,80.0,0.0,0.0,
2002-02-21,80.0,80.0,80.0,80.0,0.0,0.0,
2002-02-22,80.0,80.0,80.0,80.0,0.0,0.0,
2002-02-25,80.0,80.0,80.0,80.0,0.0,0.0,
2002-02-26,80.0,80.0,80.0,80.0,0.0,0.0,
2002-02-27,80.0,80.0,80.0,80.0,0.0,0.0,
2002-02-28,80.0,80.0,80.0,80.0,0.0,0.0,
2002-03-01,80.0,80.0,80.0,80.0,0.0,0.0,
2002-03-04,80.0,80.0,80.0,80.0,0.0,0.0,
2002-03-05,80.0,80.0,80.0,80.0,0.0,0.0,
2002-03-06,80.0,80.0,80.0,80.0,0.0,0.0,
2002-03-07,80.0,80.0,80.0,80.0,0.0,0.0,
2002-03-08,80.0,80.0,80.0,80.0,0.0,0.0,
2002-03-11,80.0,80.0,80.0,80.0,0.0,0.0,
2002-03-12,80.0,80.0,80.0,80.0,0.0,0.0,
2002-03-13,80.0,80.0,80.0,80.0,0.0,0.0,
2002-03-14,80.0,80.0,80.0,80.0,0.0,0.0,
2002-03-15,80.0,80.0,80.0,80.0,0.0,0.0,
2002-03-18,80.0,80.0,80.0,80.0,0.0,0.0,
2002-03-19,80.0,80.0,80.0,80.0,0.0,0.0,
2002-03-20,80.0,80.0,80.0,80.0,0.0,0.0,
2002-03-21,80.0,80.0,80.0,80.0,0.0,0.0,
2002-03-22,80.0,80.0,80.0,80.0,0.0,0.0,
2002-03-25,80.0,80.0,80.0,80.0,0.0,0.0,
2002-03-26,80.0,80.0,80.0,80.0,0.0,0.0,
2002-03-27,80.0,80.0,80.0,80.0,0.0,0.0,
2002-03-28,80.0,80.0,80.0,80.0,0.0,0.0,
2002-03-29,80.0,80.0,80.0,80.0,0.0,0.0,
2002-04-01,80.0,80.0,80.0,80.0,0.0,0.0,
2002-04-02,80.0,80.0,80.0,80.0,0.0,0.0,
2002-04-03,80.0,80.0,80.0,80.0,0.0,0.0,
2002-04-04,80.0,80.0,80.0,80.0,0.0,0.0,
2002-04-05,80.0,80.0,80.0,80.0,0.0,0.0,
2002-04-08,80.0,80.0,80.0,80.0,0.0,0.0,
2002-04-09,80.0,80.0,80.0,80.0,0.0,0.0,
2002-04-10,80.0,80.0,80.0,80.0,0.0,0.0,
2002-04-11,80.0,80.0,80.0,80.0,0.0,0.0,
2002-04-12,80.0,80.0,80.0,80.0,0.0,0.0,
2002-04-15,80.0,80.0,80.0,80.0,0.0,0.0,
2002-04-16,80.0,80.0,80.0,80.0,0.0,0.0,
2002-04-17,80.0,80.0,80.0,80.0,0.0,0.0,
2002-04-18,80.0,80.0,80.0,80.0,0.0,0.0,
2002-04-19,80.0,80.0,80.0,80.0,0.0,0.0,
2002-04-22,80.0,80.0,80.0,80.0,0.0,0.0,
2002-04-23,80.0,80.0,80.0,80.0,0.0,0.0,
2002-04-24,80.0,80.0,80.0,80.0,0.0,0.0,
2002-04-25,80.0,80.0,80.0,80.0,0.0,0.0,
2002-04-26,80.0,80.0,80.0,80.0,0.0,0.0,
2002-04-29,80.0,80.0,80.0,80.0,0.0,0.0,
2002-04-30,80.0,80.0,80.0,80.0,0.0,0.0,
2002-05-01,80.0,80.0,80.0,80.0,0.0,0.0,
2002-05-02,80.0,80.0,80.0,80.0,0.0,0.0,
2002-05-03,80.0,80.0,80.0,80.0,0.0,0.0,
2002-05-06,80.0,80.0,80.0,80.0,0.0,0.0,
2002-05-07,80.0,80.0,80.0,80.0,0.0,0.0,
2002-05-08,80.0,80.0,80.0,80.0,0.0,0.0,
2002-05-09,80.0,80.0,80.0,80.0,0.0,0.0,
2002-05-10,80.0,80.0,80.0,80.0,0.0,0.0,
2002-05-13,80.0,80.0,80.0,80.0,0.0,0.0,
2002-05-14,80.0,80.0,80.0,80.0,0.0,0.0,
2002-05-15,80.0,80.0,80.0,80.0,0.0,0.0,
2002-05-16,80.0,80.0,80.0,80.0,0.0,0.0,
2002-05-17,80.0,80.0,80.0,80.0,0.0,0.0,
2002-05-20,80.0,80.0,80.0,80.0,0.0,0.0,
2002-05-21,80.0,80.0,80.0,80.0,0.0,0.0,
2002-05-22,80.0,80.0,80.0,80.0,0.0,0.0,
2002-05-23,80.0,80.0,80.0,80.0,0.0,0.0,
2002-05-24,80.0,80.0,80.0,80.0,0.0,0.0,
2002-05-27,80.0,80.0,80.0,80.0,0.0,0.0,
2002-05-28,80.0,80.0,80.0,80.0,0.0,0.0,
2002-05-29,80.0,80.0,80.0,80.0,0.0,0.0,
2002-05-30,80.0,80.0,80.0,80.0,0.0,0.0,
2002-05-31,80.0,80.0,80.0,80.0,0.0,0.0,
2002-06-03,80.0,80.0,80.0,80.0,0.0,0.0,
2002-06-04,80.0,80.0,80.0,80.0,0.0,0.0,
2002-06-05,80.0,80.0,80.0,80.0,0.0,0.0,
2002-06-06,80.0,80.0,80.0,80.0,0.0,0.0,
2002-06-07,80.0,80.0,80.0,80.0,0.0,0.0,
2002-06-10,80.0,80.0,80.0,80.0,0.0,0.0,
2002-06-11,80.0,80.0,80.0,80.0,0.0,0.0,
2002-06-12,80.0,80.0,80.0,80.0,0.0,0.0,
2002-06-13,80.0,80.0,80.0,80.0,0.0,0.0,
2002-06-14,80.0,80.0,80.0,80.0,0.0,0.0,
2002-06-17,80.0,80.0,80.0,80.0,0.0,0.0,
2002-06-18,80.0,80.0,80.0,80.0,0.0,0.0,
2002-06-19,80.0,80.0,80.0,80.0,0.0,0.0,
2002-06-20,80.0,80.0,80.0,80.0,0.0,0.0,
2002-06-21,80.0,80.0,80.0,80.0,0.0,0.0,
2002-06-24,80.0,80.0,80.0,80.0,0.0,0.0,
2002-06-25,80.0,80.0,80.0,80.0,0.0,0.0,
2002-06-26,80.0,80.0,80.0,80.0,0.0,0.0,
2002-06-27,80.0,80.0,80.0,80.0,0.0,0.0,
2002-06-28,80.0,80.0,80.0,80.0,0.0,0.0,
2002-07-01,80.0,80.0,80.0,80.0,0.0,0.0,
2002-07-02,80.0,80.0,80.0,80.0,0.0,0.0,
2002-07-03,80.0,80.0,80.0,80.0,0.0,0.0,
2002-07-04,80.0,80.0,80.0,80.0,0.0,0.0,
2002-07-05,80.0,80.0,80.0,80.0,0.0,0.0,
2002-07-08,80.0,80.0,80.0,80.0,0.0,0.0,
2002-07-09,80.0,80.0,80.0,80.0,0.0,0.0,
2002-07-10,80.0,80.0,80.0,80.0,0.0,0.0,
2002-07-11,80.0,80.0,80.0,80.0,0.0,0.0,
2002-07-12,80.0,80.0,80.0,80.0,0.0,0.0,
2002-07-15,80.0,80.0,80.0,80.0,0.0,0.0,
2002-07-16,80.0,80.0,80.0,80.0,0.0,0.0,
2002-07-17,80.0,80.0,80.0,80.0,0.0,0.0,
2002-07-18,80.0,80.0,80.0,80.0,0.0,0.0,
2002-07-19,80.0,80.0,80.0,80.0,0.0,0.0,
2002-07-22,80.0,80.0,80.0,80.0,0.0,0.0,
2002-07-23,80.0,80.0,80.0,80.0,0.0,0.0,
2002-07-24,80.0,80.0,80.0,80.0,0.0,0.0,
2002-07-25,80.0,80.0,80.0,80.0,0.0,0.0,
2002-07-26,80.0,80.0,80.0,80.0,0.0,0.0,
2002-07-29,80.0,80.0,80.0,80.0,0.0,0.0,
2002-07-30,80.0,80.0,80.0,80.0,0.0,0.0,
2002-07-31,80.0,80.0,80.0,80.0,0.0,0.0,
2002-08-01,80.0,80.0,80.0,80.0,0.0,0.0,
2002-08-02,80.0,80.0,80.0,80.0,0.0,0.0,
2002-08-05,80.0,80.0,80.0,80.0,0.0,0.0,
2002-08-06,80.0,80.0,80.0,80.0,0.0,0.0,
2002-08-07,80.0,80.0,80.0,80.0,0.0,0.0,
2002-08-08,80.0,80.0,80.0,80.0,0.0,0.0,
2002-08-09,80.0,80.0,80.0,80.0,0.0,0.0,
2002-08-12,80.0,80.0,80.0,80.0,0.0,0.0,
2002-08-13,80.0,80.0,80.0,80.0,0.0,0.0,
2002-08-14,80.0,80.0,80.0,80.0,0.0,0.0,
2002-08-15,80.0,80.0,80.0,80.0,0.0,0.0,
2002-08-16,80.0,80.0,80.0,80.0,0.0,0.0,
2002-08-19,80.0,80.0,80.0,80.0,0.0,0.0,
2002-08-20,80.0,80.0,80.0,80.0,0.0,0.0,
2002-08-21,80.0,80.0,80.0,80.0,0.0,0.0,
2002-08-22,80.0,80.0,80.0,80.0,0.0,0.0,
2002-08-23,80.0,80.0,80.0,80.0,0.0,0.0,
2002-08-26,80.0,80.0,80.0,80.0,0.0,0.0,
2002-08-27,80.0,80.0,80.0,80.0,0.0,0.0,
2002-08-28,80.0,80.0,80.0,80.0,0.0,0.0,
2002-08-29,80.0,80.0,80.0,80.0,0.0,0.0,
2002-08-30,80.0,80.0,80.0,80.0,0.0,0.0,
2002-09-02,80.0,80.0,80.0,80.0,0.0,0.0,
2002-09-03,80.0,80.0,80.0,80.0,0.0,0.0,
2002-09-04,80.0,80.0,80.0,80.0,0.0,0.0,
2002-09-05,80.0,80.0,80.0,80.0,0.0,0.0,
2002-09-06,80.0,80.0,80.0,80.0,0.0,0.0,
2002-09-09,80.0,80.0,80.0,80.0,0.0,0.0,
2002-09-10,80.0,80.0,80.0,80.0,0.0,0.0,
2002-09-11,80.0,80.0,80.0,80.0,0.0,0.0,
2002-09-12,80.0,80.0,80.0,80.0,0.0,0.0,
2002-09-13,80.0,80.0,80.0,80.0,0.0,0.0,
2002-09-16,80.0,80.0,80.0,80.0,0.0,0.0,
2002-09-17,80.0,80.0,80.0,80.0,0.0,0.0,
2002-09-18,80.0,80.0,80.0,80.0,0.0,0.0,
2002-09-19,80.0,80.0,80.0,80.0,0.0,0.0,
2002-09-20,80.0,80.0,80.0,80.0,0.0,0.0,
2002-09-23,80.0,80.0,80.0,80.0,0.0,0.0,
2002-09-24,80.0,80.0,80.0,80.0,0.0,0.0,
2002-09-25,80.0,80.0,80.0,80.0,0.0,0.0,
2002-09-26,80.0,80.0,80.0,80.0,0.0,0.0,
2002-09-27,80.0,80.0,80.0,80.0,0.0,0.0,
2002-09-30,80.0,80.0,80.0,80.0,0.0,0.0,
2002-10-01,80.0,80.0,80.0,80.0,0.0,0.0,
2002-10-02,80.0,80.0,80.0,80.0,0.0,0.0,
2002-10-03,80.0,80.0,80.0,80.0,0.0,0.0,
2002-10-04,80.0,80.0,80.0,80.0,0.0,0.0,
2002-10-07,80.0,80.0,80.0,80.0,0.0,0.0,
2002-10-08,80.0,80.0,80.0,80.0,0.0,0.0,
2002-10-09,80.0,80.0,80.0,80.0,0.0,0.0,
2002-10-10,80.0,80.0,80.0,80.0,0.0,0.0,
2002-10-11,80.0,80.0,80.0,80.0,0.0,0.0,
2002-10-14,80.0,80.0,80.0,80.0,0.0,0.0,
2002-10-15,80.0,80.0,80.0,80.0,0.0,0.0,
2002-10-16,80.0,80.0,80.0,80.0,0.0,0.0,
2002-10-17,80.0,80.0,80.0,80.0,0.0,0.0,
2002-10-18,80.0,80.0,80.0,80.0,0.0,0.0,
2002-10-21,80.0,80.0,80.0,80.0,0.0,0.0,
2002-10-22,80.0,80.0,80.0,80.0,0.0,0.0,
2002-10-23,80.0,80.0,80.0,80.0,0.0,0.0,
2002-10-24,80.0,80.0,80.0,80.0,0.0,0.0,
2002-10-25,80.0,80.0,80.0,80.0,0.0,0.0,
2002-10-28,80.0,80.0,80.0,80.0,0.0,0.0,
2002-10-29,80.0,80.0,80.0,80.0,0.0,0.0,
2002-10-30,80.0,80.0,80.0,80.0,0.0,0.0,
2002-10-31,80.0,80.0,80.0,80.0,0.0,0.0,
2002-11-01,80.0,80.0,80.0,80.0,0.0,0.0,
2002-11-04,80.0,80.0,80.0,80.0,0.0,0.0,
2002-11-05,80.0,80.0,80.0,80.0,0.0,0.0,
2002-11-06,80.0,80.0,80.0,80.0,0.0,0.0,
2002-11-07,80.0,80.0,80.0,80.0,0.0,0.0,
2002-11-08,80.0,80.0,80.0,80.0,0.0,0.0,
2002-11-11,80.0,80.0,80.0,80.0,0.0,0.0,
2002-11-12,80.0,80.0,80.0,80.0,0.0,0.0,
2002-11-13,80.0,80.0,80.0,80.0,0.0,0.0,
2002-11-14,80.0,80.0,80.0,80.0,0.0,0.0,
2002-11-15,80.0,80.0,80.0,80.0,0.0,0.0,
2002-11-18,80.0,80.0,80.0,80.0,0.0,0.0,
2002-11-19,80.0,80.0,80.0,80.0,0.0,0.0,
2002-11-20,80.0,80.0,80.0,80.0,0.0,0.0,
2002-11-21,80.0,80.0,80.0,80.0,0.0,0.0,
2002-11-22,80.0,80.0,80.0,80.0,0.0,0.0,
2002-11-25,80.0,80.0,80.0,80.0,0.0,0.0,
2002-11-26,80.0,80.0,80.0,80.0,0.0,0.0,
2002-11-27,80.0,80.0,80.0,80.0,0.0,0.0,
2002-11-28,80.0,80.0,80.0,80.0,0.0,0.0,
2002-11-29,80.0,80.0,80.0,80.0,0.0,0.0,
2002-12-02,80.0,80.0,80.0,80.0,0.0,0.0,
2002-12-03,80.0,80.0,80.0,80.0,0.0,0.0,
2002-12-04,80.0,80.0,80.0,80.0,0.0,0.0,
2002-12-05,80.0,80.0,80.0,80.0,0.0,0.0,
2002-12-06,80.0,80.0,80.0,80.0,0.0,0.0,
2002-12-09,80.0,80.0,80.0,80.0,0.0,0.0,
2002-12-10,80.0,80.0,80.0,80.0,0.0,0.0,
2002-12-11,80.0,80.0,80.0,80.0,0.0,0.0,
2002-12-12,80.0,80.0,80.0,80.0,0.0,0.0,
2002-12-13,80.0,80.0,80.0,80.0,0.0,0.0,
2002-12-16,80.0,80.0,80.0,80.0,0.0,0.0,
2002-12-17,80.0,80.0,80.0,80.0,0.0,0.0,
2002-12-18,80.0,80.0,80.0,80.0,0.0,0.0,
2002-12-19,80.0,80.0,80.0,80.0,0.0,0.0,
2002-12-20,80.0,80.0,80.0,80.0,0.0,0.0,
2002-12-23,80.0,80.0,80.0,80.0,0.0,0.0,
2002-12-24,80.0,80.0,80.0,80.0,0.0,0.0,
2002-12-25,80.0,80.0,80.0,80.0,0.0,0.0,
2002-12-26,80.0,80.0,80.0,80.0,0.0,0.0,
2002-12-27,80.0,80.0,80.0,80.0,0.0,0.0,
2002-12-30,80.0,80.0,80.0,80.0,0.0,0.0,
2002-12-31,80.0,80.0,80.0,80.0,0.0,0.0,
2003-01-01,80.0,80.0,80.0,80.0,0.0,0.0,
2003-01-02,80.0,80.0,80.0,80.0,0.0,0.0,
2003-01-03,80.0,80.0,80.0,80.0,0.0,0.0,
2003-01-06,80.0,80.0,80.0,80.0,0.0,0.0,
2003-01-07,80.0,80.0,80.0,80.0,0.0,0.0,
2003-01-08,80.0,80.0,80.0,80.0,0.0,0.0,
2003-01-09,80.0,80.0,80.0,80.0,0.0,0.0,
2003-01-10,80.0,80.0,80.0,80.0,0.0,0.0,
2003-01-13,80.0,80.0,80.0,80.0,0.0,0.0,
2003-01-14,80.0,80.0,80.0,80.0,0.0,0.0,
2003-01-15,80.0,80.0,80.0,80.0,0.0,0.0,
2003-01-16,80.0,80.0,80.0,80.0,0.0,0.0,
2003-01-17,80.0,80.0,80.0,80.0,0.0,0.0,
2003-01-20,80.0,80.0,80.0,80.0,0.0,0.0,
2003-01-21,80.0,80.0,80.0,80.0,0.0,0.0,
2003-01-22,80.0,80.0,80.0,80.0,0.0,0.0,
2003-01-23,80.0,80.0,80.0,80.0,0.0,0.0,
2003-01-24,80.0,80.0,80.0,80.0,0.0,0.0,
2003-01-27,80.0,80.0,80.0,80.0,0.0,0.0,
2003-01-28,80.0,80.0,80.0,80.0,0.0,0.0,
2003-01-29,80.0,80.0,80.0,80.0,0.0,0.0,
2003-01-30,80.0,80.0,80.0,80.0,0.0,0.0,
2003-01-31,80.0,80.0,80.0,80.0,0.0,0.0,
2003-02-03,80.0,80.0,80.0,80.0,0.0,0.0,
2003-02-04,80.0,80.0,80.0,80.0,0.0,0.0,
2003-02-05,80.0,80.0,80.0,80.0,0.0,0.0,
2003-02-06,80.0,80.0,80.0,80.0,0.0,0.0,
2003-02-07,80.0,80.0,80.0,80.0,0.0,0.0,
2003-02-10,80.0,80.0,80.0,80.0,0.0,0.0,
2003-02-11,80.0,80.0,80.0,80.0,0.0,0.0,
2003-02-12,80.0,80.0,80.0,80.0,0.0,0.0,
2003-02-13,80.0,80.0,80.0,80.0,0.0,0.0,
2003-02-14,80.0,80.0,80.0,80.0,0.0,0.0,
2003-02-17,80.0,80.0,80.0,80.0,0.0,0.0,
2003-02-18,80.0,80.0,80.0,80.0,0.0,0.0,
2003-02-19,80.0,80.0,80.0,80.0,0.0,0.0,
2003-02-20,80.0,80.0,80.0,80.0,0.0,0.0,
2003-02-21,80.0,80.0,80.0,80.0,0.0,0.0,
2003-02-24,80.0,80.0,80.0,80.0,0.0,0.0,
2003-02-25,80.0,80.0,80.0,80.0,0.0,0.0,
2003-02-26,80.0,80.0,80.0,80.0,0.0,0.0,
2003-02-27,80.0,80.0,80.0,80.0,0.0,0.0,
2003-02-28,80.0,80.0,80.0,80.0,0.0,0.0,
2003-03-03,80.0,80.0,80.0,80.0,0.0,0.0,
2003-03-04,80.0,80.0,80.0,80.0,0.0,0.0,
2003-03-05,80.0,80.0,80.0,80.0,0.0,0.0,
2003-03-06,80.0,80.0,80.0,80.0,0.0,0.0,
2003-03-07,80.0,80.0,80.0,80.0,0.0,0.0,
2003-03-10,80.0,80.0,80.0,80.0,0.0,0.0,
2003-03-11,80.0,80.0,80.0,80.0,0.0,0.0,
2003-03-12,80.0,80.0,80.0,80.0,0.0,0.0,
2003-03-13,80.0,80.0,80.0,80.0,0.0,0.0,
2003-03-14,80.0,80.0,80.0,80.0,0.0,0.0,
2003-03-17,80.0,80.0,80.0,80.0,0.0,0.0,
2003-03-18,80.0,80.0,80.0,80.0,0.0,0.0,
2003-03-19,80.0,80.0,80.0,80.0,0.0,0.0,
2003-03-20,80.0,80.0,80.0,80.0,0.0,0.0,
2003-03-21,80.0,80.0,80.0,80.0,0.0,0.0,
2003-03-24,80.0,80.0,80.0,80.0,0.0,0.0,
2003-03-25,80.0,80.0,80.0,80.0,0.0,0.0,
2003-03-26,80.0,80.0,80.0,80.0,0.0,0.0,
2003-03-27,80.0,80.0,80.0,80.0,0.0,0.0,
2003-03-28,80.0,80.0,80.0,80.0,0.0,0.0,
2003-03-31,80.0,80.0,80.0,80.0,0.0,0.0,
2003-04-01,80.0,80.0,80.0,80.0,0.0,0.0,
2003-04-02,80.0,80.0,80.0,80.0,0.0,0.0,
2003-04-03,80.0,80.0,80.0,80.0,0.0,0.0,
2003-04-04,80.0,80.0,80.0,80.0,0.0,0.0,
2003-04-07,80.0,80.0,80.0,80.0,0.0,0.0,
2003-04-08,80.0,80.0,80.0,80.0,0.0,0.0,
2003-04-09,80.0,80.0,80.0,80.0,0.0,0.0,
2003-04-10,80.0,80.0,80.0,80.0,0.0,0.0,
2003-04-11,80.0,80.0,80.0,80.0,0.0,0.0,
2003-04-14,80.0,80.0,80.0,80.0,0.0,0.0,
2003-04-15,80.0,80.0,80.0,80.0,0.0,0.0,
2003-04-16,80.0,80.0,80.0,80.0,0.0,0.0,
2003-04-17,80.0,80.0,80.0,80.0,0.0,0.0,
2003-04-18,80.0,80.0,80.0,80.0,0.0,0.0,
2003-04-21,80.0,80.0,80.0,80.0,0.0,0.0,
2003-04-22,80.0,80.0,80.0,80.0,0.0,0.0,
2003-04-23,80.0,80.0,80.0,80.0,0.0,0.0,
2003-04-24,80.0,80.0,80.0,80.0,0.0,0.0,
2003-04-25,80.0,80.0,80.0,80.0,0.0,0.0,
2003-04-28,80.0,80.0,80.0,80.0,0.0,0.0,
2003-04-29,80.0,80.0,80.0,80.0,0.0,0.0,
2003-04-30,80.0,80.0,80.0,80.0,0.0,0.0,
2003-05-01,80.0,80.0,80.0,80.0,0.0,0.0,
2003-05-02,80.0,80.0,80.0,80.0,0.0,0.0,
2003-05-05,80.0,80.0,80.0,80.0,0.0,0.0,
2003-05-06,80.0,80.0,80.0,80.0,0.0,0.0,
2003-05-07,80.0,80.0,80.0,80.0,0.0,0.0,
2003-05-08,80.0,80.0,80.0,80.0,0.0,0.0,
2003-05-09,80.0,80.0,80.0,80.0,0.0,0.0,
2003-05-12,80.0,80.0,80.0,80.0,0.0,0.0,
2003-05-13,80.0,80.0,80.0,80.0,0.0,0.0,
2003-05-14,80.0,80.0,80.0,80.0,0.0,0.0,
2003-05-15,80.0,80.0,80.0,80.0,0.0,0.0,
2003-05-16,80.0,80.0,80.0,80.0,0.0,0.0,
2003-05-19,80.0,80.0,80.0,80.0,0.0,0.0,
2003-05-20,80.0,80.0,80.0,80.0,0.0,0.0,
2003-05-21,80.0,80.0,80.0,80.0,0.0,0.0,
2003-05-22,80.0,80.0,80.0,80.0,0.0,0.0,
2003-05-23,80.0,80.0,80.0,80.0,0.0,0.0,
2003-05-26,80.0,80.0,80.0,80.0,0.0,0.0,
2003-05-27,80.0,80.0,80.0,80.0,0.0,0.0,
2003-05-28,80.0,80.0,80.0,80.0,0.0,0.0,
2003-05-29,80.0,80.0,80.0,80.0,0.0,0.0,
2003-05-30,80.0,80.0,80.0,80.0,0.0,0.0,
2003-06-02,80.0,80.0,80.0,80.0,0.0,0.0,
2003-06-03,80.0,80.0,80.0,80.0,0.0,0.0,
2003-06-04,80.0,80.0,80.0,80.0,0.0,0.0,
2003-06-05,80.0,80.0,80.0,80.0,0.0,0.0,
2003-06-06,80.0,80.0,80.0,80.0,0.0,0.0,
2003-06-09,80.0,80.0,80.0,80.0,0.0,0.0,
2003-06-10,80.0,80.0,80.0,80.0,0.0,0.0,
2003-06-11,80.0,80.0,80.0,80.0,0.0,0.0,
2003-06-12,80.0,80.0,80.0,80.0,0.0,0.0,
2003-06-13,80.0,80.0,80.0,80.0,0.0,0.0,
2003-06-16,80.0,80.0,80.0,80.0,0.0,0.0,
2003-06-17,80.0,80.0,80.0,80.0,0.0,0.0,
2003-06-18,80.0,80.0,80.0,80.0,0.0,0.0,
2003-06-19,80.0,80.0,80.0,80.0,0.0,0.0,
2003-06-20,80.0,80.0,80.0,80.0,0.0,0.0,
2003-06-23,80.0,80.0,80.0,80.0,0.0,0.0,
2003-06-24,80.0,80.0,80.0,80.0,0.0,0.0,
2003-06-25,80.0,80.0,80.0,80.0,0.0,0.0,
2003-06-26,80.0,80.0,80.0,80.0,0.0,0.0,
2003-06-27,80.0,80.0,80.0,80.0,0.0,0.0,
2003-06-30,80.0,80.0,80.0,80.0,0.0,0.0,
2003-07-01,80.0,80.0,80.0,80.0,0.0,0.0,
2003-07-02,80.0,80.0,80.0,80.0,0.0,0.0,
2003-07-03,80.0,80.0,80.0,80.0,0.0,0.0,
2003-07-04,80.0,80.0,80.0,80.0,0.0,0.0,
2003-07-07,80.0,80.0,80.0,80.0,0.0,0.0,
2003-07-08,80.0,80.0,80.0,80.0,0.0,0.0,
2003-07-09,80.0,80.0,80.0,80.0,0.0,0.0,
2003-07-10,80.0,80.0,80.0,80.0,0.0,0.0,
2003-07-11,80.0,80.0,80.0,80.0,0.0,0.0,
2003-07-14,80.0,80.0,80.0,80.0,0.0,0.0,
2003-07-15,80.0,80.0,80.0,80.0,0.0,0.0,
2003-07-16,80.0,80.0,80.0,80.0,0.0,0.0,
2003-07-17,80.0,80.0,80.0,80.0,0.0,0.0,
2003-07-18,80.0,80.0,80.0,80.0,0.0,0.0,
2003-07-21,80.0,80.0,80.0,80.0,0.0,0.0,
2003-07-22,80.0,80.0,80.0,80.0,0.0,0.0,
2003-07-23,80.0,80.0,80.0,80.0,0.0,0.0,
2003-07-24,80.0,80.0,80.0,80.0,0.0,0.0,
2003-07-25,80.0,80.0,80.0,80.0,0.0,0.0,
2003-07-28,80.0,80.0,80.0,80.0,0.0,0.0,
2003-07-29,80.0,80.0,80.0,80.0,0.0,0.0,
2003-07-30,80.0,80.0,80.0,80.0,0.0,0.0,
2003-07-31,80.0,80.0,80.0,80.0,0.0,0.0,
2003-08-01,80.0,80.0,80.0,80.0,0.0,0.0,
2003-08-04,80.0,80.0,80.0,80.0,0.0,0.0,
2003-08-05,80.0,80.0,80.0,80.0,0.0,0.0,
2003-08-06,80.0,80.0,80.0,80.0,0.0,0.0,
2003-08-07,80.0,80.0,80.0,80.0,0.0,0.0,
2003-08-08,80.0,80.0,80.0,80.0,0.0,0.0,
2003-08-11,80.0,80.0,80.0,80.0,0.0,0.0,
2003-08-12,80.0,80.0,80.0,80.0,0.0,0.0,
2003-08-13,80.0,80.0,80.0,80.0,0.0,0.0,
2003-08-14,80.0,80.0,80.0,80.0,0.0,0.0,
2003-08-15,80.0,80.0,80.0,80.0,0.0,0.0,
2003-08-18,80.0,80.0,80.0,80.0,0.0,0.0,
2003-08-19,80.0,80.0,80.0,80.0,0.0,0.0,
2003-08-20,80.0,80.0,80.0,80.0,0.0,0.0,
2003-08-21,80.0,80.0,80.0,80.0,0.0,0.0,
2003-08-22,80.0,80.0,80.0,80.0,0.0,0.0,
2003-08-25,80.0,80.0,80.0,80.0,0.0,0.0,
2003-08-26,80.0,80.0,80.0,80.0,0.0,0.0,
2003-08-27,80.0,80.0,80.0,80.0,0.0,0.0,
2003-08-28,80.0,80.0,80.0,80.0,0.0,0.0,
2003-08-29,80.0,80.0,80.0,80.0,0.0,0.0,
2003-09-01,80.0,80.0,80.0,80.0,0.0,0.0,
2003-09-02,80.0,80.0,80.0,80.0,0.0,0.0,
2003-09-03,80.0,80.0,80.0,80.0,0.0,0.0,
2003-09-04,80.0,80.0,80.0,80.0,0.0,0.0,
2003-09-05,80.0,80.0,80.0,80.0,0.0,0.0,
2003-09-08,80.0,80.0,80.0,80.0,0.0,0.0,
2003-09-09,80.0,80.0,80.0,80.0,0.0,0.0,
2003-09-10,80.0,80.0,80.0,80.0,0.0,0.0,
2003-09-11,80.0,80.0,80.0,80.0,0.0,0.0,
2003-09-12,80.0,80.0,80.0,80.0,0.0,0.0,
2003-09-15,80.0,80.0,80.0,80.0,0.0,0.0,
2003-09-16,80.0,80.0,80.0,80.0,0.0,0.0,
2003-09-17,80.0,80.0,80.0,80.0,0.0,0.0,
2003-09-18,80.0,80.0,80.0,80.0,0.0,0.0,
2003-09-19,80.0,80.0,80.0,80.0,0.0,0.0,
2003-09-22,80.0,80.0,80.0,80.0,0.0,0.0,
2003-09-23,80.0,80.0,80.0,80.0,0.0,0.0,
2003-09-24,80.0,80.0,80.0,80.0,0.0,0.0,
2003-09-25,80.0,80.0,80.0,80.0,0.0,0.0,
2003-09-26,80.0,80.0,80.0,80.0,0.0,0.0,
2003-09-29,80.0,80.0,80.0,80.0,0.0,0.0,
2003-09-30,80.0,80.0,80.0,80.0,0.0,0.0,
2003-10-01,80.0,80.0,80.0,80.0,0.0,0.0,
2003-10-02,80.0,80.0,80.0,80.0,0.0,0.0,
2003-10-03,80.0,80.0,80.0,80.0,0.0,0.0,
2003-10-06,80.0,80.0,80.0,80.0,0.0,0.0,
2003-10-07,80.0,80.0,80.0,80.0,0.0,0.0,
2003-10-08,80.0,80.0,80.0,80.0,0.0,0.0,
2003-10-09,80.0,80.0,80.0,80.0,0.0,0.0,
2003-10-10,80.0,80.0,80.0,80.0,0.0,0.0,
2003-10-13,80.0,80.0,80.0,80.0,0.0,0.0,
2003-10-14,80.0,80.0,80.0,80.0,0.0,0.0,
2003-10-15,80.0,80.0,80.0,80.0,0.0,0.0,
2003-10-16,80.0,80.0,80.0,80.0,0.0,0.0,
2003-10-17,80.0,80.0,80.0,80.0,0.0,0.0,
2003-10-20,80.0,80.0,80.0,80.0,0.0,0.0,
2003-10-21,80.0,80.0,80.0,80.0,0.0,0.0,
2003-10-22,80.0,80.0,80.0,80.0,0.0,0.0,
2003-10-23,80.0,80.0,80.0,80.0,0.0,0.0,
2003-10-24,80.0,80.0,80.0,80.0,0.0,0.0,
2003-10-27,80.0,80.0,80.0,80.0,0.0,0.0,
2003-10-28,80.0,80.0,80.0,80.0,0.0,0.0,
2003-10-29,80.0,80.0,80.0,80.0,0.0,0.0,
2003-10-30,80.0,80.0,80.0,80.0,0.0,0.0,
2003-10-31,80.0,80.0,80.0,80.0,0.0,0.0,
2003-11-03,80.0,80.0,80.0,80.0,0.0,0.0,
2003-11-04,80.0,80.0,80.0,80.0,0.0,0.0,
2003-11-05,80.0,80.0,80.0,80.0,0.0,0.0,
2003-11-06,80.0,80.0,80.0,80.0,0.0,0.0,
2003-11-07,80.0,80.0,80.0,80.0,0.0,0.0,
2003-11-10,80.0,80.0,80.0,80.0,0.0,0.0,
2003-11-11,80.0,80.0,80.0,80.0,0.0,0.0,
2003-11-12,80.0,80.0,80.0,80.0,0.0,0.0,
2003-11-13,80.0,80.0,80.0,80.0,0.0,0.0,
2003-11-14,80.0,80.0,80.0,80.0,0.0,0.0,
2003-11-17,80.0,80.0,80.0,80.0,0.0,0.0,
2003-11-18,80.0,80.0,80.0,80.0,0.0,0.0,
2003-11-19,80.0,80.0,80.0,80.0,0.0,0.0,
2003-11-20,80.0,80.0,80.0,80.0,0.0,0.0,
2003-11-21,80.0,80.0,80.0,80.0,0.0,0.0,
2003-11-24,80.0,80.0,80.0,80.0,0.0,0.0,
2003-11-25,80.0,80.0,80.0,80.0,0.0,0.0,
2003-11-26,80.0,80.0,80.0,80.0,0.0,0.0,
2003-11-27,80.0,80.0,80.0,80.0,0.0,0.0,
2003-11-28,80.0,80.0,80.0,80.0,0.0,0.0,
2003-12-01,80.0,80.0,80.0,80.0,0.0,0.0,
2003-12-02,80.0,80.0,80.0,80.0,0.0,0.0,
2003-12-03,80.0,80.0,80.0,80.0,0.0,0.0,
2003-12-04,80.0,80.0,80.0,80.0,0.0,0.0,
2003-12-05,80.0,80.0,80.0,80.0,0.0,0.0,
2003-12-08,80.0,80.0,80.0,80.0,0.0,0.0,
2003-12-09,80.0,80.0,80.0,80.0,0.0,0.0,
2003-12-10,80.0,80.0,80.0,80.0,0.0,0.0,
2003-12-11,80.0,80.0,80.0,80.0,0.0,0.0,
2003-12-12,80.0,80.0,80.0,80.0,0.0,0.0,
2003-12-15,80.0,80.0,80.0,80.0,0.0,0.0,
2003-12-16,80.0,80.0,80.0,80.0,0.0,0.0,
2003-12-17,80.0,80.0,80.0,80.0,0.0,0.0,
2003-12-18,80.0,80.0,80.0,80.0,0.0,0.0,
2003-12-19,80.0,80.0,80.0,80.0,0.0,0.0,
2003-12-22,80.0,80.0,80.0,80.0,0.0,0.0,
2003-12-23,80.0,80.0,80.0,80.0,0.0,0.0,
2003-12-24,80.0,80.0,80.0,80.0,0.0,0.0,
2003-12-25,80.0,80.0,80.0,80.0,0.0,0.0,
2003-12-26,80.0,80.0,80.0,80.0,0.0,0.0,
2003-12-29,80.0,80.0,80.0,80.0,0.0,0.0,
2003-12-30,80.0,80.0,80.0,80.0,0.0,0.0,
2003-12-31,80.0,80.0,80.0,80.0,0.0,0.0,
2004-01-01,80.0,80.0,80.0,80.0,0.0,0.0,
2004-01-02,80.0,80.0,80.0,80.0,0.0,0.0,
2004-01-04,80.0,80.0,80.0,80.0,0.0,0.0,
2004-01-05,80.0,80.0,80.0,80.0,0.0,0.0,
2004-01-06,80.0,80.0,80.0,80.0,0.0,0.0,
2004-01-07,80.0,80.0,80.0,80.0,0.0,0.0,
2004-01-08,80.0,80.0,80.0,80.0,0.0,0.0,
2004-01-09,80.0,80.0,80.0,80.0,0.0,0.0,
2004-01-12,80.0,80.0,80.0,80.0,0.0,0.0,
2004-01-13,80.0,80.0,80.0,80.0,0.0,0.0,
2004-01-14,80.0,80.0,80.0,80.0,0.0,0.0,
2004-01-15,80.0,80.0,80.0,80.0,0.0,0.0,
2004-01-16,80.0,80.0,80.0,80.0,0.0,0.0,
2004-01-19,80.0,80.0,80.0,80.0,0.0,0.0,
2004-01-20,80.0,80.0,80.0,80.0,0.0,0.0,
2004-01-21,80.0,80.0,80.0,80.0,0.0,0.0,
2004-01-22,80.0,80.0,80.0,80.0,0.0,0.0,
2004-01-23,80.0,80.0,80.0,80.0,0.0,0.0,
2004-01-26,80.0,80.0,80.0,80.0,0.0,0.0,
2004-01-27,80.0,80.0,80.0,80.0,0.0,0.0,
2004-01-28,80.0,80.0,80.0,80.0,0.0,0.0,
2004-01-29,80.0,80.0,80.0,80.0,0.0,0.0,
2004-01-30,80.0,80.0,80.0,80.0,0.0,0.0,
2004-02-02,80.0,80.0,80.0,80.0,0.0,0.0,
2004-02-03,80.0,80.0,80.0,80.0,0.0,0.0,
2004-02-04,80.0,80.0,80.0,80.0,0.0,0.0,
2004-02-05,80.0,80.0,80.0,80.0,0.0,0.0,
2004-02-06,80.0,80.0,80.0,80.0,0.0,0.0,
2004-02-09,80.0,80.0,80.0,80.0,0.0,0.0,
2004-02-10,80.0,80.0,80.0,80.0,0.0,0.0,
2004-02-11,80.0,80.0,80.0,80.0,0.0,0.0,
2004-02-12,80.0,80.0,80.0,80.0,0.0,0.0,
2004-02-13,80.0,80.0,80.0,80.0,0.0,0.0,
2004-02-16,80.0,80.0,80.0,80.0,0.0,0.0,
2004-02-17,80.0,80.0,80.0,80.0,0.0,0.0,
2004-02-18,80.0,80.0,80.0,80.0,0.0,0.0,
2004-02-19,80.0,80.0,80.0,80.0,0.0,0.0,
2004-02-20,80.0,80.0,80.0,80.0,0.0,0.0,
2004-02-23,80.0,80.0,80.0,80.0,0.0,0.0,
2004-02-24,80.0,80.0,80.0,80.0,0.0,0.0,
2004-02-25,80.0,80.0,80.0,80.0,0.0,0.0,
2004-02-26,80.0,80.0,80.0,80.0,0.0,0.0,
2004-02-27,80.0,80.0,80.0,80.0,0.0,0.0,
2004-03-01,80.0,80.0,80.0,80.0,0.0,0.0,
2004-03-02,80.0,80.0,80.0,80.0,0.0,0.0,
2004-03-03,80.0,80.0,80.0,80.0,0.0,0.0,
2004-03-04,80.0,80.0,80.0,80.0,0.0,0.0,
2004-03-05,80.0,80.0,80.0,80.0,0.0,0.0,
2004-03-08,80.0,80.0,80.0,80.0,0.0,0.0,
2004-03-09,80.0,80.0,80.0,80.0,0.0,0.0,
2004-03-10,80.0,80.0,80.0,80.0,0.0,0.0,
2004-03-11,80.0,80.0,80.0,80.0,0.0,0.0,
2004-03-12,80.0,80.0,80.0,80.0,0.0,0.0,
2004-03-15,80.0,80.0,80.0,80.0,0.0,0.0,
2004-03-16,80.0,80.0,80.0,80.0,0.0,0.0,
2004-03-17,80.0,80.0,80.0,80.0,0.0,0.0,
2004-03-18,80.0,80.0,80.0,80.0,0.0,0.0,
2004-03-19,80.0,80.0,80.0,80.0,0.0,0.0,
2004-03-22,80.0,80.0,80.0,80.0,0.0,0.0,
2004-03-23,80.0,80.0,80.0,80.0,0.0,0.0,
2004-03-24,80.0,80.0,80.0,80.0,0.0,0.0,
2004-03-25,80.0,80.0,80.0,80.0,0.0,0.0,
2004-03-26,80.0,80.0,80.0,80.0,0.0,0.0,
2004-03-29,80.0,80.0,80.0,80.0,0.0,0.0,
2004-03-30,80.0,80.0,80.0,80.0,0.0,0.0,
2004-03-31,80.0,80.0,80.0,80.0,0.0,0.0,
2004-04-01,80.0,80.0,80.0,80.0,0.0,0.0,
2004-04-02,80.0,80.0,80.0,80.0,0.0,0.0,
2004-04-05,80.0,80.0,80.0,80.0,0.0,0.0,
2004-04-06,80.0,80.0,80.0,80.0,0.0,0.0,
2004-04-07,80.0,80.0,80.0,80.0,0.0,0.0,
2004-04-08,80.0,80.0,80.0,80.0,0.0,0.0,
2004-04-09,80.0,80.0,80.0,80.0,0.0,0.0,
2004-04-12,80.0,80.0,80.0,80.0,0.0,0.0,
2004-04-13,80.0,80.0,80.0,80.0,0.0,0.0,
2004-04-14,80.0,80.0,80.0,80.0,0.0,0.0,
2004-04-15,80.0,80.0,80.0,80.0,0.0,0.0,
2004-04-16,80.0,80.0,80.0,80.0,0.0,0.0,
2004-04-19,80.0,80.0,80.0,80.0,0.0,0.0,
2004-04-20,80.0,80.0,80.0,80.0,0.0,0.0,
2004-04-21,80.0,80.0,80.0,80.0,0.0,0.0,
2004-04-22,80.0,80.0,80.0,80.0,0.0,0.0,
2004-04-23,80.0,80.0,80.0,80.0,0.0,0.0,
2004-04-26,80.0,80.0,80.0,80.0,0.0,0.0,
2004-04-27,80.0,80.0,80.0,80.0,0.0,0.0,
2004-04-28,80.0,80.0,80.0,80.0,0.0,0.0,
2004-04-29,80.0,80.0,80.0,80.0,0.0,0.0,
2004-04-30,80.0,80.0,80.0,80.0,0.0,0.0,
2004-05-03,80.0,80.0,80.0,80.0,0.0,0.0,
2004-05-04,80.0,80.0,80.0,80.0,0.0,0.0,
2004-05-05,80.0,80.0,80.0,80.0,0.0,0.0,
2004-05-06,80.0,80.0,80.0,80.0,0.0,0.0,
2004-05-07,80.0,80.0,80.0,80.0,0.0,0.0,
2004-05-10,80.0,80.0,80.0,80.0,0.0,0.0,
2004-05-11,80.0,80.0,80.0,80.0,0.0,0.0,
2004-05-12,80.0,80.0,80.0,80.0,0.0,0.0,
2004-05-13,80.0,80.0,80.0,80.0,0.0,0.0,
2004-05-14,80.0,80.0,80.0,80.0,0.0,0.0,
2004-05-17,80.0,80.0,80.0,80.0,0.0,0.0,
2004-05-18,80.0,80.0,80.0,80.0,0.0,0.0,
2004-05-19,80.0,80.0,80.0,80.0,0.0,0.0,
2004-05-20,80.0,80.0,80.0,80.0,0.0,0.0,
2004-05-21,80.0,80.0,80.0,80.0,0.0,0.0,
2004-05-24,80.0,80.0,80.0,80.0,0.0,0.0,
2004-05-25,80.0,80.0,80.0,80.0,0.0,0.0,
2004-05-26,80.0,80.0,80.0,80.0,0.0,0.0,
2004-05-27,80.0,80.0,80.0,80.0,0.0,0.0,
2004-05-28,80.0,80.0,80.0,80.0,0.0,0.0,
2004-05-31,80.0,80.0,80.0,80.0,0.0,0.0,
2004-06-01,80.0,80.0,80.0,80.0,0.0,0.0,
2004-06-02,80.0,80.0,80.0,80.0,0.0,0.0,
2004-06-03,80.0,80.0,80.0,80.0,0.0,0.0,
2004-06-04,80.0,80.0,80.0,80.0,0.0,0.0,
2004-06-07,80.0,80.0,80.0,80.0,0.0,0.0,
2004-06-08,80.0,80.0,80.0,80.0,0.0,0.0,
2004-06-09,80.0,80.0,80.0,80.0,0.0,0.0,
2004-06-10,80.0,80.0,80.0,80.0,0.0,0.0,
2004-06-11,80.0,80.0,80.0,80.0,0.0,0.0,
2004-06-14,80.0,80.0,80.0,80.0,0.0,0.0,
2004-06-15,80.0,80.0,80.0,80.0,0.0,0.0,
2004-06-16,80.0,80.0,80.0,80.0,0.0,0.0,
2004-06-17,80.0,80.0,80.0,80.0,0.0,0.0,
2004-06-18,80.0,80.0,80.0,80.0,0.0,0.0,
2004-06-21,80.0,80.0,80.0,80.0,0.0,0.0,
2004-06-22,80.0,80.0,80.0,80.0,0.0,0.0,
2004-06-23,80.0,80.0,80.0,80.0,0.0,0.0,
2004-06-24,80.0,80.0,80.0,80.0,0.0,0.0,
2004-06-25,80.0,80.0,80.0,80.0,0.0,0.0,
2004-06-28,80.0,80.0,80.0,80.0,0.0,0.0,
2004-06-29,80.0,80.0,80.0,80.0,0.0,0.0,
2004-06-30,80.0,80.0,80.0,80.0,0.0,0.0,
2004-07-01,80.0,80.0,80.0,80.0,0.0,0.0,
2004-07-02,80.0,80.0,80.0,80.0,0.0,0.0,
2004-07-05,80.0,80.0,80.0,80.0,0.0,0.0,
2004-07-06,80.0,80.0,80.0,80.0,0.0,0.0,
2004-07-07,80.0,80.0,80.0,80.0,0.0,0.0,
2004-07-08,80.0,80.0,80.0,80.0,0.0,0.0,
2004-07-09,80.0,80.0,80.0,80.0,0.0,0.0,
2004-07-12,80.0,80.0,80.0,80.0,0.0,0.0,
2004-07-13,80.0,80.0,80.0,80.0,0.0,0.0,
2004-07-14,80.0,80.0,80.0,80.0,0.0,0.0,
2004-07-15,80.0,80.0,80.0,80.0,0.0,0.0,
2004-07-16,80.0,80.0,80.0,80.0,0.0,0.0,
2004-07-19,80.0,80.0,80.0,80.0,0.0,0.0,
2004-07-20,80.0,80.0,80.0,80.0,0.0,0.0,
2004-07-21,80.0,80.0,80.0,80.0,0.0,0.0,
2004-07-22,80.0,80.0,80.0,80.0,0.0,0.0,
2004-07-23,80.0,80.0,80.0,80.0,0.0,0.0,
2004-07-26,80.0,80.0,80.0,80.0,0.0,0.0,
2004-07-27,80.0,80.0,80.0,80.0,0.0,0.0,
2004-07-28,80.0,80.0,80.0,80.0,0.0,0.0,
2004-07-29,80.0,80.0,80.0,80.0,0.0,0.0,
2004-07-30,80.0,80.0,80.0,80.0,0.0,0.0,
2004-08-02,80.0,80.0,80.0,80.0,0.0,0.0,
2004-08-03,80.0,80.0,80.0,80.0,0.0,0.0,
2004-08-04,80.0,80.0,80.0,80.0,0.0,0.0,
2004-08-05,80.0,80.0,80.0,80.0,0.0,0.0,
2004-08-06,80.0,80.0,80.0,80.0,0.0,0.0,
2004-08-09,80.0,80.0,80.0,80.0,0.0,0.0,
2004-08-10,80.0,80.0,80.0,80.0,0.0,0.0,
2004-08-11,80.0,80.0,80.0,80.0,0.0,0.0,
2004-08-12,80.0,80.0,80.0,80.0,0.0,0.0,
2004-08-13,80.0,80.0,80.0,80.0,0.0,0.0,
2004-08-16,80.0,80.0,80.0,80.0,0.0,0.0,
2004-08-17,80.0,80.0,80.0,80.0,0.0,0.0,
2004-08-18,80.0,80.0,80.0,80.0,0.0,0.0,
2004-08-19,80.0,80.0,80.0,80.0,0.0,0.0,
2004-08-20,80.0,80.0,80.0,80.0,0.0,0.0,
2004-08-23,80.0,80.0,80.0,80.0,0.0,0.0,
2004-08-24,80.0,80.0,80.0,80.0,0.0,0.0,
2004-08-25,80.0,80.0,80.0,80.0,0.0,0.0,
2004-08-26,80.0,80.0,80.0,80.0,0.0,0.0,
2004-08-27,80.0,80.0,80.0,80.0,0.0,0.0,
2004-08-30,80.0,80.0,80.0,80.0,0.0,0.0,
2004-08-31,80.0,80.0,80.0,80.0,0.0,0.0,
2004-09-01,80.0,80.0,80.0,80.0,0.0,0.0,
2004-09-02,80.0,80.0,80.0,80.0,0.0,0.0,
2004-09-03,80.0,80.0,80.0,80.0,0.0,0.0,
2004-09-06,80.0,80.0,80.0,80.0,0.0,0.0,
2004-09-07,80.0,80.0,80.0,80.0,0.0,0.0,
2004-09-08,80.0,80.0,80.0,80.0,0.0,0.0,
2004-09-09,80.0,80.0,80.0,80.0,0.0,0.0,
2004-09-10,80.0,80.0,80.0,80.0,0.0,0.0,
2004-09-13,80.0,80.0,80.0,80.0,0.0,0.0,
2004-09-14,80.0,80.0,80.0,80.0,0.0,0.0,
2004-09-15,80.0,80.0,80.0,80.0,0.0,0.0,
2004-09-16,80.0,80.0,80.0,80.0,0.0,0.0,
2004-09-17,80.0,80.0,80.0,80.0,0.0,0.0,
2004-09-20,80.0,80.0,80.0,80.0,0.0,0.0,
2004-09-21,80.0,80.0,80.0,80.0,0.0,0.0,
2004-09-22,80.0,80.0,80.0,80.0,0.0,0.0,
2004-09-23,80.0,80.0,80.0,80.0,0.0,0.0,
2004-09-24,80.0,80.0,80.0,80.0,0.0,0.0,
2004-09-27,80.0,80.0,80.0,80.0,0.0,0.0,
2004-09-28,80.0,80.0,80.0,80.0,0.0,0.0,
2004-09-29,80.0,80.0,80.0,80.0,0.0,0.0,
2004-09-30,80.0,80.0,80.0,80.0,0.0,0.0,
2004-10-01,80.0,80.0,80.0,80.0,0.0,0.0,
2004-10-04,80.0,80.0,80.0,80.0,0.0,0.0,
2004-10-05,80.0,80.0,80.0,80.0,0.0,0.0,
2004-10-06,80.0,80.0,80.0,80.0,0.0,0.0,
2004-10-07,80.0,80.0,80.0,80.0,0.0,0.0,
2004-10-08,80.0,80.0,80.0,80.0,0.0,0.0,
2004-10-11,80.0,80.0,80.0,80.0,0.0,0.0,
2004-10-12,80.0,80.0,80.0,80.0,0.0,0.0,
2004-10-13,80.0,80.0,80.0,80.0,0.0,0.0,
2004-10-14,80.0,80.0,80.0,80.0,0.0,0.0,
2004-10-15,80.0,80.0,80.0,80.0,0.0,0.0,
2004-10-18,80.0,80.0,80.0,80.0,0.0,0.0,
2004-10-19,80.0,80.0,80.0,80.0,0.0,0.0,
2004-10-20,80.0,80.0,80.0,80.0,0.0,0.0,
2004-10-21,80.0,80.0,80.0,80.0,0.0,0.0,
2004-10-22,80.0,80.0,80.0,80.0,0.0,0.0,
2004-10-25,80.0,80.0,80.0,80.0,0.0,0.0,
2004-10-26,80.0,80.0,80.0,80.0,0.0,0.0,
2004-10-27,80.0,80.0,80.0,80.0,0.0,0.0,
2004-10-28,80.0,80.0,80.0,80.0,0.0,0.0,
2004-10-29,80.0,80.0,80.0,80.0,0.0,0.0,
2004-11-01,80.0,80.0,80.0,80.0,0.0,0.0,
2004-11-02,80.0,80.0,80.0,80.0,0.0,0.0,
2004-11-03,80.0,80.0,80.0,80.0,0.0,0.0,
2004-11-04,80.0,80.0,80.0,80.0,0.0,0.0,
2004-11-05,80.0,80.0,80.0,80.0,0.0,0.0,
2004-11-08,80.0,80.0,80.0,80.0,0.0,0.0,
2004-11-09,80.0,80.0,80.0,80.0,0.0,0.0,
2004-11-10,80.0,80.0,80.0,80.0,0.0,0.0,
2004-11-11,80.0,80.0,80.0,80.0,0.0,0.0,
2004-11-12,80.0,80.0,80.0,80.0,0.0,0.0,
2004-11-15,80.0,80.0,80.0,80.0,0.0,0.0,
2004-11-16,80.0,80.0,80.0,80.0,0.0,0.0,
2004-11-17,80.0,80.0,80.0,80.0,0.0,0.0,
2004-11-18,80.0,80.0,80.0,80.0,0.0,0.0,
2004-11-19,80.0,80.0,80.0,80.0,0.0,0.0,
2004-11-22,80.0,80.0,80.0,80.0,0.0,0.0,
2004-11-23,80.0,80.0,80.0,80.0,0.0,0.0,
2004-11-24,80.0,80.0,80.0,80.0,0.0,0.0,
2004-11-25,80.0,80.0,80.0,80.0,0.0,0.0,
2004-11-26,80.0,80.0,80.0,80.0,0.0,0.0,
2004-11-29,80.0,80.0,80.0,80.0,0.0,0.0,
2004-11-30,80.0,80.0,80.0,80.0,0.0,0.0,
2004-12-01,80.0,80.0,80.0,80.0,0.0,0.0,
2004-12-02,80.0,80.0,80.0,80.0,0.0,0.0,
2004-12-03,80.0,80.0,80.0,80.0,0.0,0.0,
2004-12-06,80.0,80.0,80.0,80.0,0.0,0.0,
2004-12-07,80.0,80.0,80.0,80.0,0.0,0.0,
2004-12-08,80.0,80.0,80.0,80.0,0.0,0.0,
2004-12-09,80.0,80.0,80.0,80.0,0.0,0.0,
2004-12-10,80.0,80.0,80.0,80.0,0.0,0.0,
2004-12-13,80.0,80.0,80.0,80.0,0.0,0.0,
2004-12-14,80.0,80.0,80.0,80.0,0.0,0.0,
2004-12-15,80.0,80.0,80.0,80.0,0.0,0.0,
2004-12-16,80.0,80.0,80.0,80.0,0.0,0.0,
2004-12-17,80.0,80.0,80.0,80.0,0.0,0.0,
2004-12-20,80.0,80.0,80.0,80.0,0.0,0.0,
2004-12-21,80.0,80.0,80.0,80.0,0.0,0.0,
2004-12-22,80.0,80.0,80.0,80.0,0.0,0.0,
2004-12-23,80.0,80.0,80.0,80.0,0.0,0.0,
2004-12-24,80.0,80.0,80.0,80.0,0.0,0.0,
2004-12-27,80.0,80.0,80.0,80.0,0.0,0.0,
2004-12-28,80.0,80.0,80.0,80.0,0.0,0.0,
2004-12-29,80.0,80.0,80.0,80.0,0.0,0.0,
2004-12-30,80.0,80.0,80.0,80.0,0.0,0.0,
2004-12-31,80.0,80.0,80.0,80.0,0.0,0.0,
2005-01-03,80.0,80.0,80.0,80.0,0.0,0.0,
2005-01-04,80.0,80.0,80.0,80.0,0.0,0.0,
2005-01-05,80.0,80.0,80.0,80.0,0.0,0.0,
2005-01-06,80.0,80.0,80.0,80.0,0.0,0.0,
2005-01-07,80.0,80.0,80.0,80.0,0.0,0.0,
2005-01-10,80.0,80.0,80.0,80.0,0.0,0.0,
2005-01-11,80.0,80.0,80.0,80.0,0.0,0.0,
2005-01-12,80.0,80.0,80.0,80.0,0.0,0.0,
2005-01-13,80.0,80.0,80.0,80.0,0.0,0.0,
2005-01-14,80.0,80.0,80.0,80.0,0.0,0.0,
2005-01-17,80.0,80.0,80.0,80.0,0.0,0.0,
2005-01-18,80.0,80.0,80.0,80.0,0.0,0.0,
2005-01-19,80.0,80.0,80.0,80.0,0.0,0.0,
2005-01-20,80.0,80.0,80.0,80.0,0.0,0.0,
2005-01-21,80.0,80.0,80.0,80.0,0.0,0.0,
2005-01-24,80.0,80.0,80.0,80.0,0.0,0.0,
2005-01-25,80.0,80.0,80.0,80.0,0.0,0.0,
2005-01-26,80.0,80.0,80.0,80.0,0.0,0.0,
2005-01-27,80.0,80.0,80.0,80.0,0.0,0.0,
2005-01-28,80.0,80.0,80.0,80.0,0.0,0.0,
2005-01-31,80.0,80.0,80.0,80.0,0.0,0.0,
2005-02-01,80.0,80.0,80.0,80.0,0.0,0.0,
2005-02-02,80.0,80.0,80.0,80.0,0.0,0.0,
2005-02-03,80.0,80.0,80.0,80.0,0.0,0.0,
2005-02-04,80.0,80.0,80.0,80.0,0.0,0.0,
2005-02-07,80.0,80.0,80.0,80.0,0.0,0.0,
2005-02-08,80.0,80.0,80.0,80.0,0.0,0.0,
2005-02-09,80.0,80.0,80.0,80.0,0.0,0.0,
2005-02-10,80.0,80.0,80.0,80.0,0.0,0.0,
2005-02-11,80.0,80.0,80.0,80.0,0.0,0.0,
2005-02-14,80.0,80.0,80.0,80.0,0.0,0.0,
2005-02-15,80.0,80.0,80.0,80.0,0.0,0.0,
2005-02-16,80.0,80.0,80.0,80.0,0.0,0.0,
2005-02-17,80.0,80.0,80.0,80.0,0.0,0.0,
2005-02-18,80.0,80.0,80.0,80.0,0.0,0.0,
2005-02-21,80.0,80.0,80.0,80.0,0.0,0.0,
2005-02-22,80.0,80.0,80.0,80.0,0.0,0.0,
2005-02-23,80.0,80.0,80.0,80.0,0.0,0.0,
2005-02-24,80.0,80.0,80.0,80.0,0.0,0.0,
2005-02-25,80.0,80.0,80.0,80.0,0.0,0.0,
2005-02-28,80.0,80.0,80.0,80.0,0.0,0.0,
2005-03-01,80.0,80.0,80.0,80.0,0.0,0.0,
2005-03-02,80.0,80.0,80.0,80.0,0.0,0.0,
2005-03-03,80.0,80.0,80.0,80.0,0.0,0.0,
2005-03-04,80.0,80.0,80.0,80.0,0.0,0.0,
2005-03-07,80.0,80.0,80.0,80.0,0.0,0.0,
2005-03-08,80.0,80.0,80.0,80.0,0.0,0.0,
2005-03-09,80.0,80.0,80.0,80.0,0.0,0.0,
2005-03-10,80.0,80.0,80.0,80.0,0.0,0.0,
2005-03-11,80.0,80.0,80.0,80.0,0.0,0.0,
2005-03-14,80.0,80.0,80.0,80.0,0.0,0.0,
2005-03-15,80.0,80.0,80.0,80.0,0.0,0.0,
2005-03-16,80.0,80.0,80.0,80.0,0.0,0.0,
2005-03-17,80.0,80.0,80.0,80.0,0.0,0.0,
2005-03-18,80.0,80.0,80.0,80.0,0.0,0.0,
2005-03-21,80.0,80.0,80.0,80.0,0.0,0.0,
2005-03-22,80.0,80.0,80.0,80.0,0.0,0.0,
2005-03-23,80.0,80.0,80.0,80.0,0.0,0.0,
2005-03-24,80.0,80.0,80.0,80.0,0.0,0.0,
2005-03-25,80.0,80.0,80.0,80.0,0.0,0.0,
2005-03-28,80.0,80.0,80.0,80.0,0.0,0.0,
2005-03-29,80.0,80.0,80.0,80.0,0.0,0.0,
2005-03-30,80.0,80.0,80.0,80.0,0.0,0.0,
2005-03-31,80.0,80.0,80.0,80.0,0.0,0.0,
2005-04-01,80.0,80.0,80.0,80.0,0.0,0.0,
2005-04-04,80.0,80.0,80.0,80.0,0.0,0.0,
2005-04-05,80.0,80.0,80.0,80.0,0.0,0.0,
2005-04-06,80.0,80.0,80.0,80.0,0.0,0.0,
2005-04-07,80.0,80.0,80.0,80.0,0.0,0.0,
2005-04-08,80.0,80.0,80.0,80.0,0.0,0.0,
2005-04-11,80.0,80.0,80.0,80.0,0.0,0.0,
2005-04-12,80.0,80.0,80.0,80.0,0.0,0.0,
2005-04-13,80.0,80.0,80.0,80.0,0.0,0.0,
2005-04-14,80.0,80.0,80.0,80.0,0.0,0.0,
2005-04-15,80.0,80.0,80.0,80.0,0.0,0.0,
2005-04-18,80.0,80.0,80.0,80.0,0.0,0.0,
2005-04-19,80.0,80.0,80.0,80.0,0.0,0.0,
2005-04-20,80.0,80.0,80.0,80.0,0.0,0.0,
2005-04-21,80.0,80.0,80.0,80.0,0.0,0.0,
2005-04-22,80.0,80.0,80.0,80.0,0.0,0.0,
2005-04-25,80.0,80.0,80.0,80.0,0.0,0.0,
2005-04-26,80.0,80.0,80.0,80.0,0.0,0.0,
2005-04-27,80.0,80.0,80.0,80.0,0.0,0.0,
2005-04-28,80.0,80.0,80.0,80.0,0.0,0.0,
2005-04-29,80.0,80.0,80.0,80.0,0.0,0.0,
2005-05-02,80.0,80.0,80.0,80.0,0.0,0.0,
2005-05-03,80.0,80.0,80.0,80.0,0.0,0.0,
2005-05-04,80.0,80.0,80.0,80.0,0.0,0.0,
2005-05-05,80.0,80.0,80.0,80.0,0.0,0.0,
2005-05-06,80.0,80.0,80.0,80.0,0.0,0.0,
2005-05-09,80.0,80.0,80.0,80.0,0.0,0.0,
2005-05-10,80.0,80.0,80.0,80.0,0.0,0.0,
2005-05-11,80.0,80.0,80.0,80.0,0.0,0.0,
2005-05-12,80.0,80.0,80.0,80.0,0.0,0.0,
2005-05-13,80.0,80.0,80.0,80.0,0.0,0.0,
2005-05-16,80.0,80.0,80.0,80.0,0.0,0.0,
2005-05-17,80.0,80.0,80.0,80.0,0.0,0.0,
2005-05-18,80.0,80.0,80.0,80.0,0.0,0.0,
2005-05-19,80.0,80.0,80.0,80.0,0.0,0.0,
2005-05-20,80.0,80.0,80.0,80.0,0.0,0.0,
2005-05-23,80.0,80.0,80.0,80.0,0.0,0.0,
2005-05-24,80.0,80.0,80.0,80.0,0.0,0.0,
2005-05-25,80.0,80.0,80.0,80.0,0.0,0.0,
2005-05-26,80.0,80.0,80.0,80.0,0.0,0.0,
2005-05-27,80.0,80.0,80.0,80.0,0.0,0.0,
2005-05-30,80.0,80.0,80.0,80.0,0.0,0.0,
2005-05-31,80.0,80.0,80.0,80.0,0.0,0.0,
2005-06-01,80.0,80.0,80.0,80.0,0.0,0.0,
2005-06-02,80.0,80.0,80.0,80.0,0.0,0.0,
2005-06-03,80.0,80.0,80.0,80.0,0.0,0.0,
2005-06-06,80.0,80.0,80.0,80.0,0.0,0.0,
2005-06-07,80.0,80.0,80.0,80.0,0.0,0.0,
2005-06-08,80.0,80.0,80.0,80.0,0.0,0.0,
2005-06-09,80.0,80.0,80.0,80.0,0.0,0.0,
2005-06-10,80.0,80.0,80.0,80.0,0.0,0.0,
2005-06-13,80.0,80.0,80.0,80.0,0.0,0.0,
2005-06-14,80.0,80.0,80.0,80.0,0.0,0.0,
2005-06-15,80.0,80.0,80.0,80.0,0.0,0.0,
2005-06-16,80.0,80.0,80.0,80.0,0.0,0.0,
2005-06-17,80.0,80.0,80.0,80.0,0.0,0.0,
2005-06-20,80.0,80.0,80.0,80.0,0.0,0.0,
2005-06-21,80.0,80.0,80.0,80.0,0.0,0.0,
2005-06-22,80.0,80.0,80.0,80.0,0.0,0.0,
2005-06-23,80.0,80.0,80.0,80.0,0.0,0.0,
2005-06-24,80.0,80.0,80.0,80.0,0.0,0.0,
2005-06-27,80.0,80.0,80.0,80.0,0.0,0.0,
2005-06-28,80.0,80.0,80.0,80.0,0.0,0.0,
2005-06-29,80.0,80.0,80.0,80.0,0.0,0.0,
2005-06-30,80.0,80.0,80.0,80.0,0.0,0.0,
2005-07-01,80.0,80.0,80.0,80.0,0.0,0.0,
2005-07-04,80.0,80.0,80.0,80.0,0.0,0.0,
2005-07-05,80.0,80.0,80.0,80.0,0.0,0.0,
2005-07-06,80.0,80.0,80.0,80.0,0.0,0.0,
2005-07-07,80.0,80.0,80.0,80.0,0.0,0.0,
2005-07-08,80.0,80.0,80.0,80.0,0.0,0.0,
2005-07-11,80.0,80.0,80.0,80.0,0.0,0.0,
2005-07-12,80.0,80.0,80.0,80.0,0.0,0.0,
2005-07-13,80.0,80.0,80.0,80.0,0.0,0.0,
2005-07-14,80.0,80.0,80.0,80.0,0.0,0.0,
2005-07-15,80.0,80.0,80.0,80.0,0.0,0.0,
2005-07-18,80.0,80.0,80.0,80.0,0.0,0.0,
2005-07-19,80.0,80.0,80.0,80.0,0.0,0.0,
2005-07-20,80.0,80.0,80.0,80.0,0.0,0.0,
2005-07-21,80.0,80.0,80.0,80.0,0.0,0.0,
2005-07-22,80.0,80.0,80.0,80.0,0.0,0.0,
2005-07-25,80.0,80.0,80.0,80.0,0.0,0.0,
2005-07-26,80.0,80.0,80.0,80.0,0.0,0.0,
2005-07-27,80.0,80.0,80.0,80.0,0.0,0.0,
2005-07-28,80.0,80.0,80.0,80.0,0.0,0.0,
2005-07-29,80.0,80.0,80.0,80.0,0.0,0.0,
2005-08-01,80.0,80.0,80.0,80.0,0.0,0.0,
2005-08-02,80.0,80.0,80.0,80.0,0.0,0.0,
2005-08-03,80.0,80.0,80.0,80.0,0.0,0.0,
2005-08-04,80.0,80.0,80.0,80.0,0.0,0.0,
2005-08-05,80.0,80.0,80.0,80.0,0.0,0.0,
2005-08-08,80.0,80.0,80.0,80.0,0.0,0.0,
2005-08-09,80.0,80.0,80.0,80.0,0.0,0.0,
2005-08-10,80.0,80.0,80.0,80.0,0.0,0.0,
2005-08-11,80.0,80.0,80.0,80.0,0.0,0.0,
2005-08-12,80.0,80.0,80.0,80.0,0.0,0.0,
2005-08-15,80.0,80.0,80.0,80.0,0.0,0.0,
2005-08-16,80.0,80.0,80.0,80.0,0.0,0.0,
2005-08-17,80.0,80.0,80.0,80.0,0.0,0.0,
2005-08-18,80.0,80.0,80.0,80.0,0.0,0.0,
2005-08-19,80.0,80.0,80.0,80.0,0.0,0.0,
2005-08-22,80.0,80.0,80.0,80.0,0.0,0.0,
2005-08-23,80.0,80.0,80.0,80.0,0.0,0.0,
2005-08-24,80.0,80.0,80.0,80.0,0.0,0.0,
2005-08-25,80.0,80.0,80.0,80.0,0.0,0.0,
2005-08-26,80.0,80.0,80.0,80.0,0.0,0.0,
2005-08-29,80.0,80.0,80.0,80.0,0.0,0.0,
2005-08-30,80.0,80.0,80.0,80.0,0.0,0.0,
2005-08-31,80.0,80.0,80.0,80.0,0.0,0.0,
2005-09-01,80.0,80.0,80.0,80.0,0.0,0.0,
2005-09-02,80.0,80.0,80.0,80.0,0.0,0.0,
2005-09-05,80.0,80.0,80.0,80.0,0.0,0.0,
2005-09-06,80.0,80.0,80.0,80.0,0.0,0.0,
2005-09-07,80.0,80.0,80.0,80.0,0.0,0.0,
2005-09-08,80.0,80.0,80.0,80.0,0.0,0.0,
2005-09-09,80.0,80.0,80.0,80.0,0.0,0.0,
2005-09-12,80.0,80.0,80.0,80.0,0.0,0.0,
2005-09-13,80.0,80.0,80.0,80.0,0.0,0.0,
2005-09-14,80.0,80.0,80.0,80.0,0.0,0.0,
2005-09-15,80.0,80.0,80.0,80.0,0.0,0.0,
2005-09-16,80.0,80.0,80.0,80.0,0.0,0.0,
2005-09-19,80.0,80.0,80.0,80.0,0.0,0.0,
2005-09-20,80.0,80.0,80.0,80.0,0.0,0.0,
2005-09-21,80.0,80.0,80.0,80.0,0.0,0.0,
2005-09-22,80.0,80.0,80.0,80.0,0.0,0.0,
2005-09-23,80.0,80.0,80.0,80.0,0.0,0.0,
2005-09-26,80.0,80.0,80.0,80.0,0.0,0.0,
2005-09-27,80.0,80.0,80.0,80.0,0.0,0.0,
2005-09-28,80.0,80.0,80.0,80.0,0.0,0.0,
2005-09-29,80.0,80.0,80.0,80.0,0.0,0.0,
2005-09-30,80.0,80.0,80.0,80.0,0.0,0.0,
2005-10-03,80.0,80.0,80.0,80.0,0.0,0.0,
2005-10-04,80.0,80.0,80.0,80.0,0.0,0.0,
2005-10-05,80.0,80.0,80.0,80.0,0.0,0.0,
2005-10-06,80.0,80.0,80.0,80.0,0.0,0.0,
2005-10-07,80.0,80.0,80.0,80.0,0.0,0.0,
2005-10-10,80.0,80.0,80.0,80.0,0.0,0.0,
2005-10-11,80.0,80.0,80.0,80.0,0.0,0.0,
2005-10-12,80.0,80.0,80.0,80.0,0.0,0.0,
2005-10-13,80.0,80.0,80.0,80.0,0.0,0.0,
2005-10-14,80.0,80.0,80.0,80.0,0.0,0.0,
2005-10-17,80.0,80.0,80.0,80.0,0.0,0.0,
2005-10-18,80.0,80.0,80.0,80.0,0.0,0.0,
2005-10-19,80.0,80.0,80.0,80.0,0.0,0.0,
2005-10-20,80.0,80.0,80.0,80.0,0.0,0.0,
2005-10-21,80.0,80.0,80.0,80.0,0.0,0.0,
2005-10-24,80.0,80.0,80.0,80.0,0.0,0.0,
2005-10-25,80.0,80.0,80.0,80.0,0.0,0.0,
2005-10-26,80.0,80.0,80.0,80.0,0.0,0.0,
2005-10-27,80.0,80.0,80.0,80.0,0.0,0.0,
2005-10-28,80.0,80.0,80.0,80.0,0.0,0.0,
2005-10-31,80.0,80.0,80.0,80.0,0.0,0.0,
2005-11-01,80.0,80.0,80.0,80.0,0.0,0.0,
2005-11-02,80.0,80.0,80.0,80.0,0.0,0.0,
2005-11-03,80.0,80.0,80.0,80.0,0.0,0.0,
2005-11-04,80.0,80.0,80.0,80.0,0.0,0.0,
2005-11-07,80.0,80.0,80.0,80.0,0.0,0.0,
2005-11-08,80.0,80.0,80.0,80.0,0.0,0.0,
2005-11-09,80.0,80.0,80.0,80.0,0.0,0.0,
2005-11-10,80.0,80.0,80.0,80.0,0.0,0.0,
2005-11-11,80.0,80.0,80.0,80.0,0.0,0.0,
2005-11-14,80.0,80.0,80.0,80.0,0.0,0.0,
2005-11-15,80.0,80.0,80.0,80.0,0.0,0.0,
2005-11-16,80.0,80.0,80.0,80.0,0.0,0.0,
2005-11-17,80.0,80.0,80.0,80.0,0.0,0.0,
2005-11-18,80.0,80.0,80.0,80.0,0.0,0.0,
2005-11-21,80.0,80.0,80.0,80.0,0.0,0.0,
2005-11-22,80.0,80.0,80.0,80.0,0.0,0.0,
2005-11-23,80.0,80.0,80.0,80.0,0.0,0.0,
2005-11-24,80.0,80.0,80.0,80.0,0.0,0.0,
2005-11-25,80.0,80.0,80.0,80.0,0.0,0.0,
2005-11-28,80.0,80.0,80.0,80.0,0.0,0.0,
2005-11-29,80.0,80.0,80.0,80.0,0.0,0.0,
2005-11-30,80.0,80.0,80.0,80.0,0.0,0.0,
2005-12-01,80.0,80.0,80.0,80.0,0.0,0.0,
2005-12-02,80.0,80.0,80.0,80.0,0.0,0.0,
2005-12-05,80.0,80.0,80.0,80.0,0.0,0.0,
2005-12-06,80.0,80.0,80.0,80.0,0.0,0.0,
2005-12-07,80.0,80.0,80.0,80.0,0.0,0.0,
2005-12-08,80.0,80.0,80.0,80.0,0.0,0.0,
2005-12-09,80.0,80.0,80.0,80.0,0.0,0.0,
2005-12-12,80.0,80.0,80.0,80.0,0.0,0.0,
2005-12-13,80.0,80.0,80.0,80.0,0.0,0.0,
2005-12-14,80.0,80.0,80.0,80.0,0.0,0.0,
2005-12-15,80.0,80.0,80.0,80.0,0.0,0.0,
2005-12-16,80.0,80.0,80.0,80.0,0.0,0.0,
2005-12-19,80.0,80.0,80.0,80.0,0.0,0.0,
2005-12-20,80.0,80.0,80.0,80.0,0.0,0.0,
2005-12-21,80.0,80.0,80.0,80.0,0.0,0.0,
2005-12-22,80.0,80.0,80.0,80.0,0.0,0.0,
2005-12-23,80.0,80.0,80.0,80.0,0.0,0.0,
2005-12-26,80.0,80.0,80.0,80.0,0.0,0.0,
2005-12-27,80.0,80.0,80.0,80.0,0.0,0.0,
2005-12-28,80.0,80.0,80.0,80.0,0.0,0.0,
2005-12-29,80.0,80.0,80.0,80.0,0.0,0.0,
2005-12-30,80.0,80.0,80.0,80.0,0.0,0.0,
2006-01-02,80.0,80.0,80.0,80.0,0.0,0.0,
2006-01-03,80.0,80.0,80.0,80.0,0.0,0.0,
2006-01-04,80.0,80.0,80.0,80.0,0.0,0.0,
2006-01-05,80.0,80.0,80.0,80.0,0.0,0.0,
2006-01-06,80.0,80.0,80.0,80.0,0.0,0.0,
2006-01-09,80.0,80.0,80.0,80.0,0.0,0.0,
2006-01-10,80.0,80.0,80.0,80.0,0.0,0.0,
2006-01-11,80.0,80.0,80.0,80.0,0.0,0.0,
2006-01-12,80.0,80.0,80.0,80.0,0.0,0.0,
2006-01-13,80.0,80.0,80.0,80.0,0.0,0.0,
2006-01-16,80.0,80.0,80.0,80.0,0.0,0.0,
2006-01-17,80.0,80.0,80.0,80.0,0.0,0.0,
2006-01-18,80.0,80.0,80.0,80.0,0.0,0.0,
2006-01-19,80.0,80.0,80.0,80.0,0.0,0.0,
2006-01-20,80.0,80.0,80.0,80.0,0.0,0.0,
2006-01-23,80.0,80.0,80.0,80.0,0.0,0.0,
2006-01-24,80.0,80.0,80.0,80.0,0.0,0.0,
2006-01-25,80.0,80.0,80.0,80.0,0.0,0.0,
2006-01-26,80.0,80.0,80.0,80.0,0.0,0.0,
2006-01-27,80.0,80.0,80.0,80.0,0.0,0.0,
2006-01-30,80.0,80.0,80.0,80.0,0.0,0.0,
2006-01-31,80.0,80.0,80.0,80.0,0.0,0.0,
2006-02-01,80.0,80.0,80.0,80.0,0.0,0.0,
2006-02-02,80.0,80.0,80.0,80.0,0.0,0.0,
2006-02-03,80.0,80.0,80.0,80.0,0.0,0.0,
2006-02-06,80.0,80.0,80.0,80.0,0.0,0.0,
2006-02-07,80.0,80.0,80.0,80.0,0.0,0.0,
2006-02-08,80.0,80.0,80.0,80.0,0.0,0.0,
2006-02-09,80.0,80.0,80.0,80.0,0.0,0.0,
2006-02-10,80.0,80.0,80.0,80.0,0.0,0.0,
2006-02-13,80.0,80.0,80.0,80.0,0.0,0.0,
2006-02-14,80.0,80.0,80.0,80.0,0.0,0.0,
2006-02-15,80.0,80.0,80.0,80.0,0.0,0.0,
2006-02-16,80.0,80.0,80.0,80.0,0.0,0.0,
2006-02-17,80.0,80.0,80.0,80.0,0.0,0.0,
2006-02-20,80.0,80.0,80.0,80.0,0.0,0.0,
2006-02-21,80.0,80.0,80.0,80.0,0.0,0.0,
2006-02-22,80.0,80.0,80.0,80.0,0.0,0.0,
2006-02-23,80.0,80.0,80.0,80.0,0.0,0.0,
2006-02-24,80.0,80.0,80.0,80.0,0.0,0.0,
2006-02-27,80.0,80.0,80.0,80.0,0.0,0.0,
2006-02-28,80.0,80.0,80.0,80.0,0.0,0.0,
2006-03-01,80.0,80.0,80.0,80.0,0.0,0.0,
2006-03-02,80.0,80.0,80.0,80.0,0.0,0.0,
2006-03-03,80.0,80.0,80.0,80.0,0.0,0.0,
2006-03-06,80.0,80.0,80.0,80.0,0.0,0.0,
2006-03-07,80.0,80.0,80.0,80.0,0.0,0.0,
2006-03-08,80.0,80.0,80.0,80.0,0.0,0.0,
2006-03-09,80.0,80.0,80.0,80.0,0.0,0.0,
2006-03-10,80.0,80.0,80.0,80.0,0.0,0.0,
2006-03-13,80.0,80.0,80.0,80.0,0.0,0.0,
2006-03-14,80.0,80.0,80.0,80.0,0.0,0.0,
2006-03-15,80.0,80.0,80.0,80.0,0.0,0.0,
2006-03-16,80.0,80.0,80.0,80.0,0.0,0.0,
2006-03-17,80.0,80.0,80.0,80.0,0.0,0.0,
2006-03-20,80.0,80.0,80.0,80.0,0.0,0.0,
2006-03-21,80.0,80.0,80.0,80.0,0.0,0.0,
2006-03-22,80.0,80.0,80.0,80.0,0.0,0.0,
2006-03-23,80.0,80.0,80.0,80.0,0.0,0.0,
2006-03-24,80.0,80.0,80.0,80.0,0.0,0.0,
2006-03-27,80.0,80.0,80.0,80.0,0.0,0.0,
2006-03-28,80.0,80.0,80.0,80.0,0.0,0.0,
2006-03-29,80.0,80.0,80.0,80.0,0.0,0.0,
2006-03-30,80.0,80.0,80.0,80.0,0.0,0.0,
2006-03-31,80.0,80.0,80.0,80.0,0.0,0.0,
2006-04-03,80.0,80.0,80.0,80.0,0.0,0.0,
2006-04-04,80.0,80.0,80.0,80.0,0.0,0.0,
2006-04-05,80.0,80.0,80.0,80.0,0.0,0.0,
2006-04-06,80.0,80.0,80.0,80.0,0.0,0.0,
2006-04-07,80.0,80.0,80.0,80.0,0.0,0.0,
2006-04-10,80.0,80.0,80.0,80.0,0.0,0.0,
2006-04-11,80.0,80.0,80.0,80.0,0.0,0.0,
2006-04-12,80.0,80.0,80.0,80.0,0.0,0.0,
2006-04-13,80.0,80.0,80.0,80.0,0.0,0.0,
2006-04-14,80.0,80.0,80.0,80.0,0.0,0.0,
2006-04-17,80.0,80.0,80.0,80.0,0.0,0.0,
2006-04-18,80.0,80.0,80.0,80.0,0.0,0.0,
2006-04-19,80.0,80.0,80.0,80.0,0.0,0.0,
2006-04-20,80.0,80.0,80.0,80.0,0.0,0.0,
2006-04-21,80.0,80.0,80.0,80.0,0.0,0.0,
2006-04-24,80.0,80.0,80.0,80.0,0.0,0.0,
2006-04-25,80.0,80.0,80.0,80.0,0.0,0.0,
2006-04-26,80.0,80.0,80.0,80.0,0.0,0.0,
2006-04-27,80.0,80.0,80.0,80.0,0.0,0.0,
2006-04-28,80.0,80.0,80.0,80.0,0.0,0.0,
2006-05-01,80.0,80.0,80.0,80.0,0.0,0.0,
2006-05-02,80.0,80.0,80.0,80.0,0.0,0.0,
2006-05-03,80.0,80.0,80.0,80.0,0.0,0.0,
2006-05-04,80.0,80.0,80.0,80.0,0.0,0.0,
2006-05-05,80.0,80.0,80.0,80.0,0.0,0.0,
2006-05-08,80.0,80.0,80.0,80.0,0.0,0.0,
2006-05-09,80.0,80.0,80.0,80.0,0.0,0.0,
2006-05-10,80.0,80.0,80.0,80.0,0.0,0.0,
2006-05-11,80.0,80.0,80.0,80.0,0.0,0.0,
2006-05-12,80.0,80.0,80.0,80.0,0.0,0.0,
2006-05-15,80.0,80.0,80.0,80.0,0.0,0.0,
2006-05-16,80.0,80.0,80.0,80.0,0.0,0.0,
2006-05-17,80.0,80.0,80.0,80.0,0.0,0.0,
2006-05-18,80.0,80.0,80.0,80.0,0.0,0.0,
2006-05-19,80.0,80.0,80.0,80.0,0.0,0.0,
2006-05-22,80.0,80.0,80.0,80.0,0.0,0.0,
2006-05-23,80.0,80.0,80.0,80.0,0.0,0.0,
2006-05-24,80.0,80.0,80.0,80.0,0.0,0.0,
2006-05-25,80.0,80.0,80.0,80.0,0.0,0.0,
2006-05-26,80.0,80.0,80.0,80.0,0.0,0.0,
2006-05-29,80.0,80.0,80.0,80.0,0.0,0.0,
2006-05-30,80.0,80.0,80.0,80.0,0.0,0.0,
2006-05-31,80.0,80.0,80.0,80.0,0.0,0.0,
2006-06-01,80.0,80.0,80.0,80.0,0.0,0.0,
2006-06-02,80.0,80.0,80.0,80.0,0.0,0.0,
2006-06-05,80.0,80.0,80.0,80.0,0.0,0.0,
2006-06-06,80.0,80.0,80.0,80.0,0.0,0.0,
2006-06-07,80.0,80.0,80.0,80.0,0.0,0.0,
2006-06-08,80.0,80.0,80.0,80.0,0.0,0.0,
2006-06-09,80.0,80.0,80.0,80.0,0.0,0.0,
2006-06-12,80.0,80.0,80.0,80.0,0.0,0.0,
2006-06-13,80.0,80.0,80.0,80.0,0.0,0.0,
2006-06-14,80.0,80.0,80.0,80.0,0.0,0.0,
2006-06-15,80.0,80.0,80.0,80.0,0.0,0.0,
2006-06-16,80.0,80.0,80.0,80.0,0.0,0.0,
2006-06-19,80.0,80.0,80.0,80.0,0.0,0.0,
2006-06-20,80.0,80.0,80.0,80.0,0.0,0.0,
2006-06-21,80.0,80.0,80.0,80.0,0.0,0.0,
2006-06-22,80.0,80.0,80.0,80.0,0.0,0.0,
2006-06-23,80.0,80.0,80.0,80.0,0.0,0.0,
2006-06-26,80.0,80.0,80.0,80.0,0.0,0.0,
2006-06-27,80.0,80.0,80.0,80.0,0.0,0.0,
2006-06-28,80.0,80.0,80.0,80.0,0.0,0.0,
2006-06-29,80.0,80.0,80.0,80.0,0.0,0.0,
2006-06-30,80.0,80.0,80.0,80.0,0.0,0.0,
2006-07-03,80.0,80.0,80.0,80.0,0.0,0.0,
2006-07-04,80.0,80.0,80.0,80.0,0.0,0.0,
2006-07-05,80.0,80.0,80.0,80.0,0.0,0.0,
2006-07-06,80.0,80.0,80.0,80.0,0.0,0.0,
2006-07-07,80.0,80.0,80.0,80.0,0.0,0.0,
2006-07-10,80.0,80.0,80.0,80.0,0.0,0.0,
2006-07-11,80.0,80.0,80.0,80.0,0.0,0.0,
2006-07-12,80.0,80.0,80.0,80.0,0.0,0.0,
2006-07-13,80.0,80.0,80.0,80.0,0.0,0.0,
2006-07-14,80.0,80.0,80.0,80.0,0.0,0.0,
2006-07-17,80.0,80.0,80.0,80.0,0.0,0.0,
2006-07-18,80.0,80.0,80.0,80.0,0.0,0.0,
2006-07-19,80.0,80.0,80.0,80.0,0.0,0.0,
2006-07-20,80.0,80.0,80.0,80.0,0.0,0.0,
2006-07-21,80.0,80.0,80.0,80.0,0.0,0.0,
2006-07-24,80.0,80.0,80.0,80.0,0.0,0.0,
2006-07-25,80.0,80.0,80.0,80.0,0.0,0.0,
2006-07-26,80.0,80.0,80.0,80.0,0.0,0.0,
2006-07-27,80.0,80.0,80.0,80.0,0.0,0.0,
2006-07-28,80.0,80.0,80.0,80.0,0.0,0.0,
2006-07-31,80.0,80.0,80.0,80.0,0.0,0.0,
2006-08-01,80.0,80.0,80.0,80.0,0.0,0.0,
2006-08-02,80.0,80.0,80.0,80.0,0.0,0.0,
2006-08-03,80.0,80.0,80.0,80.0,0.0,0.0,
2006-08-04,80.0,80.0,80.0,80.0,0.0,0.0,
2006-08-07,80.0,80.0,80.0,80.0,0.0,0.0,
2006-08-08,80.0,80.0,80.0,80.0,0.0,0.0,
2006-08-09,80.0,80.0,80.0,80.0,0.0,0.0,
2006-08-10,80.0,80.0,80.0,80.0,0.0,0.0,
2006-08-11,80.0,80.0,80.0,80.0,0.0,0.0,
2006-08-14,80.0,80.0,80.0,80.0,0.0,0.0,
2006-08-15,80.0,80.0,80.0,80.0,0.0,0.0,
2006-08-16,80.0,80.0,80.0,80.0,0.0,0.0,
2006-08-17,80.0,80.0,80.0,80.0,0.0,0.0,
2006-08-18,80.0,80.0,80.0,80.0,0.0,0.0,
2006-08-21,80.0,80.0,80.0,80.0,0.0,0.0,
2006-08-22,80.0,80.0,80.0,80.0,0.0,0.0,
2006-08-23,80.0,80.0,80.0,80.0,0.0,0.0,
2006-08-24,80.0,80.0,80.0,80.0,0.0,0.0,
2006-08-25,80.0,80.0,80.0,80.0,0.0,0.0,
2006-08-28,80.0,80.0,80.0,80.0,0.0,0.0,
2006-08-29,80.0,80.0,80.0,80.0,0.0,0.0,
2006-08-30,80.0,80.0,80.0,80.0,0.0,0.0,
2006-08-31,80.0,80.0,80.0,80.0,0.0,0.0,
2006-09-01,80.0,80.0,80.0,80.0,0.0,0.0,
2006-09-04,80.0,80.0,80.0,80.0,0.0,0.0,
2006-09-05,80.0,80.0,80.0,80.0,0.0,0.0,
2006-09-06,80.0,80.0,80.0,80.0,0.0,0.0,
2006-09-07,80.0,80.0,80.0,80.0,0.0,0.0,
2006-09-08,80.0,80.0,80.0,80.0,0.0,0.0,
2006-09-11,80.0,80.0,80.0,80.0,0.0,0.0,
2006-09-12,80.0,80.0,80.0,80.0,0.0,0.0,
2006-09-13,80.0,80.0,80.0,80.0,0.0,0.0,
2006-09-14,80.0,80.0,80.0,80.0,0.0,0.0,
2006-09-15,80.0,80.0,80.0,80.0,0.0,0.0,
2006-09-18,80.0,80.0,80.0,80.0,0.0,0.0,
2006-09-19,80.0,80.0,80.0,80.0,0.0,0.0,
2006-09-20,80.0,80.0,80.0,80.0,0.0,0.0,
2006-09-21,80.0,80.0,80.0,80.0,0.0,0.0,
2006-09-22,80.0,80.0,80.0,80.0,0.0,0.0,
2006-09-25,80.0,80.0,80.0,80.0,0.0,0.0,
2006-09-26,80.0,80.0,80.0,80.0,0.0,0.0,
2006-09-27,80.0,80.0,80.0,80.0,0.0,0.0,
2006-09-28,80.0,80.0,80.0,80.0,0.0,0.0,
2006-09-29,80.0,80.0,80.0,80.0,0.0,0.0,
2006-10-02,80.0,80.0,80.0,80.0,0.0,0.0,
2006-10-03,80.0,80.0,80.0,80.0,0.0,0.0,
2006-10-04,80.0,80.0,80.0,80.0,0.0,0.0,
2006-10-05,80.0,80.0,80.0,80.0,0.0,0.0,
2006-10-06,80.0,80.0,80.0,80.0,0.0,0.0,
2006-10-09,80.0,80.0,80.0,80.0,0.0,0.0,
2006-10-10,80.0,80.0,80.0,80.0,0.0,0.0,
2006-10-11,80.0,80.0,80.0,80.0,0.0,0.0,
2006-10-12,80.0,80.0,80.0,80.0,0.0,0.0,
2006-10-13,80.0,80.0,80.0,80.0,0.0,0.0,
2006-10-16,80.0,80.0,80.0,80.0,0.0,0.0,
2006-10-17,80.0,80.0,80.0,80.0,0.0,0.0,
2006-10-18,80.0,80.0,80.0,80.0,0.0,0.0,
2006-10-19,80.0,80.0,80.0,80.0,0.0,0.0,
2006-10-20,80.0,80.0,80.0,80.0,0.0,0.0,
2006-10-23,80.0,80.0,80.0,80.0,0.0,0.0,
2006-10-24,80.0,80.0,80.0,80.0,0.0,0.0,
2006-10-25,80.0,80.0,80.0,80.0,0.0,0.0,
2006-10-26,80.0,80.0,80.0,80.0,0.0,0.0,
2006-10-27,80.0,80.0,80.0,80.0,0.0,0.0,
2006-10-30,80.0,80.0,80.0,80.0,0.0,0.0,
2006-10-31,80.0,80.0,80.0,80.0,0.0,0.0,
2006-11-01,80.0,80.0,80.0,80.0,0.0,0.0,
2006-11-02,80.0,80.0,80.0,80.0,0.0,0.0,
2006-11-03,80.0,80.0,80.0,80.0,0.0,0.0,
2006-11-06,80.0,80.0,80.0,80.0,0.0,0.0,
2006-11-07,80.0,80.0,80.0,80.0,0.0,0.0,
2006-11-08,80.0,80.0,80.0,80.0,0.0,0.0,
2006-11-09,80.0,80.0,80.0,80.0,0.0,0.0,
2006-11-10,80.0,80.0,80.0,80.0,0.0,0.0,
2006-11-13,80.0,80.0,80.0,80.0,0.0,0.0,
2006-11-14,80.0,80.0,80.0,80.0,0.0,0.0,
2006-11-15,80.0,80.0,80.0,80.0,0.0,0.0,
2006-11-16,80.0,80.0,80.0,80.0,0.0,0.0,
2006-11-17,80.0,80.0,80.0,80.0,0.0,0.0,
2006-11-20,80.0,80.0,80.0,80.0,0.0,0.0,
2006-11-21,80.0,80.0,80.0,80.0,0.0,0.0,
2006-11-22,80.0,80.0,80.0,80.0,0.0,0.0,
2006-11-23,80.0,80.0,80.0,80.0,0.0,0.0,
2006-11-24,80.0,80.0,80.0,80.0,0.0,0.0,
2006-11-27,80.0,80.0,80.0,80.0,0.0,0.0,
2006-11-28,80.0,80.0,80.0,80.0,0.0,0.0,
2006-11-29,80.0,80.0,80.0,80.0,0.0,0.0,
2006-11-30,80.0,80.0,80.0,80.0,0.0,0.0,
2006-12-01,80.0,80.0,80.0,80.0,0.0,0.0,
2006-12-04,80.0,80.0,80.0,80.0,0.0,0.0,
2006-12-05,80.0,80.0,80.0,80.0,0.0,0.0,
2006-12-06,80.0,80.0,80.0,80.0,0.0,0.0,
2006-12-07,80.0,80.0,80.0,80.0,0.0,0.0,
2006-12-08,80.0,80.0,80.0,80.0,0.0,0.0,
2006-12-11,80.0,80.0,80.0,80.0,0.0,0.0,
2006-12-12,80.0,80.0,80.0,80.0,0.0,0.0,
2006-12-13,80.0,80.0,80.0,80.0,0.0,0.0,
2006-12-14,80.0,80.0,80.0,80.0,0.0,0.0,
2006-12-15,80.0,80.0,80.0,80.0,0.0,0.0,
2006-12-18,80.0,80.0,80.0,80.0,0.0,0.0,
2006-12-19,80.0,80.0,80.0,80.0,0.0,0.0,
2006-12-20,80.0,80.0,80.0,80.0,0.0,0.0,
2006-12-21,80.0,80.0,80.0,80.0,0.0,0.0,
2006-12-22,80.0,80.0,80.0,80.0,0.0,0.0,
2006-12-25,80.0,80.0,80.0,80.0,0.0,0.0,
2006-12-26,80.0,80.0,80.0,80.0,0.0,0.0,
2006-12-27,80.0,80.0,80.0,80.0,0.0,0.0,
2006-12-28,80.0,80.0,80.0,80.0,0.0,0.0,
2006-12-29,80.0,80.0,80.0,80.0,0.0,0.0,
2007-01-01,80.0,80.0,80.0,80.0,0.0,0.0,
2007-01-02,80.0,80.0,80.0,80.0,0.0,0.0,
2007-01-03,80.0,80.0,80.0,80.0,0.0,0.0,
2007-01-04,80.0,80.0,80.0,80.0,0.0,0.0,
2007-01-05,80.0,80.0,80.0,80.0,0.0,0.0,
2007-01-08,80.0,80.0,80.0,80.0,0.0,0.0,
2007-01-09,80.0,80.0,80.0,80.0,0.0,0.0,
2007-01-10,80.0,80.0,80.0,80.0,0.0,0.0,
2007-01-11,80.0,80.0,80.0,80.0,0.0,0.0,
2007-01-12,80.0,80.0,80.0,80.0,0.0,0.0,
2007-01-15,80.0,80.0,80.0,80.0,0.0,0.0,
2007-01-16,80.0,80.0,80.0,80.0,0.0,0.0,
2007-01-17,80.0,80.0,80.0,80.0,0.0,0.0,
2007-01-18,80.0,80.0,80.0,80.0,0.0,0.0,
2007-01-19,80.0,80.0,80.0,80.0,0.0,0.0,
2007-01-22,80.0,80.0,80.0,80.0,0.0,0.0,
2007-01-23,80.0,80.0,80.0,80.0,0.0,0.0,
2007-01-24,80.0,80.0,80.0,80.0,0.0,0.0,
2007-01-25,80.0,80.0,80.0,80.0,0.0,0.0,
2007-01-26,80.0,80.0,80.0,80.0,0.0,0.0,
2007-01-29,80.0,80.0,80.0,80.0,0.0,0.0,
2007-01-30,80.0,80.0,80.0,80.0,0.0,0.0,
2007-01-31,80.0,80.0,80.0,80.0,0.0,0.0,
2007-02-01,80.0,80.0,80.0,80.0,0.0,0.0,
2007-02-02,80.0,80.0,80.0,80.0,0.0,0.0,
2007-02-05,80.0,80.0,80.0,80.0,0.0,0.0,
2007-02-06,80.0,80.0,80.0,80.0,0.0,0.0,
2007-02-07,80.0,80.0,80.0,80.0,0.0,0.0,
2007-02-08,80.0,80.0,80.0,80.0,0.0,0.0,
2007-02-09,80.0,80.0,80.0,80.0,0.0,0.0,
2007-02-12,80.0,80.0,80.0,80.0,0.0,0.0,
2007-02-13,80.0,80.0,80.0,80.0,0.0,0.0,
2007-02-14,80.0,80.0,80.0,80.0,0.0,0.0,
2007-02-15,80.0,80.0,80.0,80.0,0.0,0.0,
2007-02-16,80.0,80.0,80.0,80.0,0.0,0.0,
2007-02-19,80.0,80.0,80.0,80.0,0.0,0.0,
2007-02-20,80.0,80.0,80.0,80.0,0.0,0.0,
2007-02-21,80.0,80.0,80.0,80.0,0.0,0.0,
2007-02-22,80.0,80.0,80.0,80.0,0.0,0.0,
2007-02-23,80.0,80.0,80.0,80.0,0.0,0.0,
2007-02-26,80.0,80.0,80.0,80.0,0.0,0.0,
2007-02-27,80.0,80.0,80.0,80.0,0.0,0.0,
2007-02-28,80.0,80.0,80.0,80.0,0.0,0.0,
2007-03-01,80.0,80.0,80.0,80.0,0.0,0.0,
2007-03-02,80.0,80.0,80.0,80.0,0.0,0.0,
2007-03-05,80.0,80.0,80.0,80.0,0.0,0.0,
2007-03-06,80.0,80.0,80.0,80.0,0.0,0.0,
2007-03-07,80.0,80.0,80.0,80.0,0.0,0.0,
2007-03-08,80.0,80.0,80.0,80.0,0.0,0.0,
2007-03-09,80.0,80.0,80.0,80.0,0.0,0.0,
2007-03-12,80.0,80.0,80.0,80.0,0.0,0.0,
2007-03-13,80.0,80.0,80.0,80.0,0.0,0.0,
2007-03-14,80.0,80.0,80.0,80.0,0.0,0.0,
2007-03-15,80.0,80.0,80.0,80.0,0.0,0.0,
2007-03-16,80.0,80.0,80.0,80.0,0.0,0.0,
2007-03-19,80.0,80.0,80.0,80.0,0.0,0.0,
2007-03-20,80.0,80.0,80.0,80.0,0.0,0.0,
2007-03-21,80.0,80.0,80.0,80.0,0.0,0.0,
2007-03-22,80.0,80.0,80.0,80.0,0.0,0.0,
2007-03-23,80.0,80.0,80.0,80.0,0.0,0.0,
2007-03-26,80.0,80.0,80.0,80.0,0.0,0.0,
2007-03-27,80.0,80.0,80.0,80.0,0.0,0.0,
2007-03-28,80.0,80.0,80.0,80.0,0.0,0.0,
2007-03-29,80.0,80.0,80.0,80.0,0.0,0.0,
2007-03-30,80.0,80.0,80.0,80.0,0.0,0.0,
2007-04-02,80.0,80.0,80.0,80.0,0.0,0.0,
2007-04-03,80.0,80.0,80.0,80.0,0.0,0.0,
2007-04-04,80.0,80.0,80.0,80.0,0.0,0.0,
2007-04-05,80.0,80.0,80.0,80.0,0.0,0.0,
2007-04-06,80.0,80.0,80.0,80.0,0.0,0.0,
2007-04-09,80.0,80.0,80.0,80.0,0.0,0.0,
2007-04-10,80.0,80.0,80.0,80.0,0.0,0.0,
2007-04-11,80.0,80.0,80.0,80.0,0.0,0.0,
2007-04-12,80.0,80.0,80.0,80.0,0.0,0.0,
2007-04-13,80.0,80.0,80.0,80.0,0.0,0.0,
2007-04-16,80.0,80.0,80.0,80.0,0.0,0.0,
2007-04-17,80.0,80.0,80.0,80.0,0.0,0.0,
2007-04-18,80.0,80.0,80.0,80.0,0.0,0.0,
2007-04-19,80.0,80.0,80.0,80.0,0.0,0.0,
2007-04-20,80.0,80.0,80.0,80.0,0.0,0.0,
2007-04-23,80.0,80.0,80.0,80.0,0.0,0.0,
2007-04-24,80.0,80.0,80.0,80.0,0.0,0.0,
2007-04-25,80.0,80.0,80.0,80.0,0.0,0.0,
2007-04-26,80.0,80.0,80.0,80.0,0.0,0.0,
2007-04-27,80.0,80.0,80.0,80.0,0.0,0.0,
2007-04-30,80.0,80.0,80.0,80.0,0.0,0.0,
2007-05-01,80.0,80.0,80.0,80.0,0.0,0.0,
2007-05-02,80.0,80.0,80.0,80.0,0.0,0.0,
2007-05-03,80.0,80.0,80.0,80.0,0.0,0.0,
2007-05-04,80.0,80.0,80.0,80.0,0.0,0.0,
2007-05-06,80.0,80.0,80.0,80.0,0.0,0.0,
2007-05-07,80.0,80.0,80.0,80.0,0.0,0.0,
2007-05-08,80.0,80.0,80.0,80.0,0.0,0.0,
2007-05-09,80.0,80.0,80.0,80.0,0.0,0.0,
2007-05-10,80.0,80.0,80.0,80.0,0.0,0.0,
2007-05-11,80.0,80.0,80.0,80.0,0.0,0.0,
2007-05-14,80.0,80.0,80.0,80.0,0.0,0.0,
2007-05-15,80.0,80.0,80.0,80.0,0.0,0.0,
2007-05-16,80.0,80.0,80.0,80.0,0.0,0.0,
2007-05-17,80.0,80.0,80.0,80.0,0.0,0.0,
2007-05-18,80.0,80.0,80.0,80.0,0.0,0.0,
2007-05-21,80.0,80.0,80.0,80.0,0.0,0.0,
2007-05-22,80.0,80.0,80.0,80.0,0.0,0.0,
2007-05-23,80.0,80.0,80.0,80.0,0.0,0.0,
2007-05-24,80.0,80.0,80.0,80.0,0.0,0.0,
2007-05-25,80.0,80.0,80.0,80.0,0.0,0.0,
2007-05-28,80.0,80.0,80.0,80.0,0.0,0.0,
2007-05-29,80.0,80.0,80.0,80.0,0.0,0.0,
2007-05-30,80.0,80.0,80.0,80.0,0.0,0.0,
2007-05-31,80.0,80.0,80.0,80.0,0.0,0.0,
2007-06-01,80.0,80.0,80.0,80.0,0.0,0.0,
2007-06-04,80.0,80.0,80.0,80.0,0.0,0.0,
2007-06-05,80.0,80.0,80.0,80.0,0.0,0.0,
2007-06-06,80.0,80.0,80.0,80.0,0.0,0.0,
2007-06-07,80.0,80.0,80.0,80.0,0.0,0.0,
2007-06-08,80.0,80.0,80.0,80.0,0.0,0.0,
2007-06-11,80.0,80.0,80.0,80.0,0.0,0.0,
2007-06-12,80.0,80.0,80.0,80.0,0.0,0.0,
2007-06-13,80.0,80.0,80.0,80.0,0.0,0.0,
2007-06-14,80.0,80.0,80.0,80.0,0.0,0.0,
2007-06-15,80.0,80.0,80.0,80.0,0.0,0.0,
2007-06-18,80.0,80.0,80.0,80.0,0.0,0.0,
2007-06-19,80.0,80.0,80.0,80.0,0.0,0.0,
2007-06-20,80.0,80.0,80.0,80.0,0.0,0.0,
2007-06-21,80.0,80.0,80.0,80.0,0.0,0.0,
2007-06-22,80.0,80.0,80.0,80.0,0.0,0.0,
2007-06-25,80.0,80.0,80.0,80.0,0.0,0.0,
2007-06-26,80.0,80.0,80.0,80.0,0.0,0.0,
2007-06-27,80.0,80.0,80.0,80.0,0.0,0.0,
2007-06-28,80.0,80.0,80.0,80.0,0.0,0.0,
2007-06-29,80.0,80.0,80.0,80.0,0.0,0.0,
2007-07-02,80.0,80.0,80.0,80.0,0.0,0.0,
2007-07-03,80.0,80.0,80.0,80.0,0.0,0.0,
2007-07-04,80.0,80.0,80.0,80.0,0.0,0.0,
2007-07-05,80.0,80.0,80.0,80.0,0.0,0.0,
2007-07-06,80.0,80.0,80.0,80.0,0.0,0.0,
2007-07-09,80.0,80.0,80.0,80.0,0.0,0.0,
2007-07-10,80.0,80.0,80.0,80.0,0.0,0.0,
2007-07-11,80.0,80.0,80.0,80.0,0.0,0.0,
2007-07-12,80.0,80.0,80.0,80.0,0.0,0.0,
2007-07-13,80.0,80.0,80.0,80.0,0.0,0.0,
2007-07-16,80.0,80.0,80.0,80.0,0.0,0.0,
2007-07-17,80.0,80.0,80.0,80.0,0.0,0.0,
2007-07-18,80.0,80.0,80.0,80.0,0.0,0.0,
2007-07-19,80.0,80.0,80.0,80.0,0.0,0.0,
2007-07-20,80.0,80.0,80.0,80.0,0.0,0.0,
2007-07-23,80.0,80.0,80.0,80.0,0.0,0.0,
2007-07-24,80.0,80.0,80.0,80.0,0.0,0.0,
2007-07-25,80.0,80.0,80.0,80.0,0.0,0.0,
2007-07-26,80.0,80.0,80.0,80.0,0.0,0.0,
2007-07-27,80.0,80.0,80.0,80.0,0.0,0.0,
2007-07-30,80.0,80.0,80.0,80.0,0.0,0.0,
2007-07-31,80.0,80.0,80.0,80.0,0.0,0.0,
2007-08-01,80.0,80.0,80.0,80.0,0.0,0.0,
2007-08-02,80.0,80.0,80.0,80.0,0.0,0.0,
2007-08-03,80.0,80.0,80.0,80.0,0.0,0.0,
2007-08-06,80.0,80.0,80.0,80.0,0.0,0.0,
2007-08-07,80.0,80.0,80.0,80.0,0.0,0.0,
2007-08-08,80.0,80.0,80.0,80.0,0.0,0.0,
2007-08-09,80.0,80.0,80.0,80.0,0.0,0.0,
2007-08-10,80.0,80.0,80.0,80.0,0.0,0.0,
2007-08-13,80.0,80.0,80.0,80.0,0.0,0.0,
2007-08-14,80.0,80.0,80.0,80.0,0.0,0.0,
2007-08-15,80.0,80.0,80.0,80.0,0.0,0.0,
2007-08-16,80.0,80.0,80.0,80.0,0.0,0.0,
2007-08-17,80.0,80.0,80.0,80.0,0.0,0.0,
2007-08-20,80.0,80.0,80.0,80.0,0.0,0.0,
2007-08-21,80.0,80.0,80.0,80.0,0.0,0.0,
2007-08-22,80.0,80.0,80.0,80.0,0.0,0.0,
2007-08-23,80.0,80.0,80.0,80.0,0.0,0.0,
2007-08-24,80.0,80.0,80.0,80.0,0.0,0.0,
2007-08-27,80.0,80.0,80.0,80.0,0.0,0.0,
2007-08-28,80.0,80.0,80.0,80.0,0.0,0.0,
2007-08-29,80.0,80.0,80.0,80.0,0.0,0.0,
2007-08-30,80.0,80.0,80.0,80.0,0.0,0.0,
2007-08-31,80.0,80.0,80.0,80.0,0.0,0.0,
2007-09-03,80.0,80.0,80.0,80.0,0.0,0.0,
2007-09-04,80.0,80.0,80.0,80.0,0.0,0.0,
2007-09-05,80.0,80.0,80.0,80.0,0.0,0.0,
2007-09-06,80.0,80.0,80.0,80.0,0.0,0.0,
2007-09-07,80.0,80.0,80.0,80.0,0.0,0.0,
2007-09-10,80.0,80.0,80.0,80.0,0.0,0.0,
2007-09-11,80.0,80.0,80.0,80.0,0.0,0.0,
2007-09-12,80.0,80.0,80.0,80.0,0.0,0.0,
2007-09-13,80.0,80.0,80.0,80.0,0.0,0.0,
2007-09-14,80.0,80.0,80.0,80.0,0.0,0.0,
2007-09-17,80.0,80.0,80.0,80.0,0.0,0.0,
2007-09-18,80.0,80.0,80.0,80.0,0.0,0.0,
2007-09-19,80.0,80.0,80.0,80.0,0.0,0.0,
2007-09-20,80.0,80.0,80.0,80.0,0.0,0.0,
2007-09-21,80.0,80.0,80.0,80.0,0.0,0.0,
2007-09-24,80.0,80.0,80.0,80.0,0.0,0.0,
2007-09-25,80.0,80.0,80.0,80.0,0.0,0.0,
2007-09-26,80.0,80.0,80.0,80.0,0.0,0.0,
2007-09-27,80.0,80.0,80.0,80.0,0.0,0.0,
2007-09-28,80.0,80.0,80.0,80.0,0.0,0.0,
2007-10-01,80.0,80.0,80.0,80.0,0.0,0.0,
2007-10-02,80.0,80.0,80.0,80.0,0.0,0.0,
2007-10-03,80.0,80.0,80.0,80.0,0.0,0.0,
2007-10-04,80.0,80.0,80.0,80.0,0.0,0.0,
2007-10-05,80.0,80.0,80.0,80.0,0.0,0.0,
2007-10-08,80.0,80.0,80.0,80.0,0.0,0.0,
2007-10-09,80.0,80.0,80.0,80.0,0.0,0.0,
2007-10-10,80.0,80.0,80.0,80.0,0.0,0.0,
2007-10-11,80.0,80.0,80.0,80.0,0.0,0.0,
2007-10-12,80.0,80.0,80.0,80.0,0.0,0.0,
2007-10-15,80.0,80.0,80.0,80.0,0.0,0.0,
2007-10-16,80.0,80.0,80.0,80.0,0.0,0.0,
2007-10-17,80.0,80.0,80.0,80.0,0.0,0.0,
2007-10-18,80.0,80.0,80.0,80.0,0.0,0.0,
2007-10-19,80.0,80.0,80.0,80.0,0.0,0.0,
2007-10-22,80.0,80.0,80.0,80.0,0.0,0.0,
2007-10-23,80.0,80.0,80.0,80.0,0.0,0.0,
2007-10-24,80.0,80.0,80.0,80.0,0.0,0.0,
2007-10-25,80.0,80.0,80.0,80.0,0.0,0.0,
2007-10-26,80.0,80.0,80.0,80.0,0.0,0.0,
2007-10-29,80.0,80.0,80.0,80.0,0.0,0.0,
2007-10-30,80.0,80.0,80.0,80.0,0.0,0.0,
2007-10-31,80.0,80.0,80.0,80.0,0.0,0.0,
2007-11-01,80.0,80.0,80.0,80.0,0.0,0.0,
2007-11-02,80.0,80.0,80.0,80.0,0.0,0.0,
2007-11-05,80.0,80.0,80.0,80.0,0.0,0.0,
2007-11-06,80.0,80.0,80.0,80.0,0.0,0.0,
2007-11-07,80.0,80.0,80.0,80.0,0.0,0.0,
2007-11-08,80.0,80.0,80.0,80.0,0.0,0.0,
2007-11-09,80.0,80.0,80.0,80.0,0.0,0.0,
2007-11-12,80.0,80.0,80.0,80.0,0.0,0.0,
2007-11-13,80.0,80.0,80.0,80.0,0.0,0.0,
2007-11-14,80.0,80.0,80.0,80.0,0.0,0.0,
2007-11-15,80.0,80.0,80.0,80.0,0.0,0.0,
2007-11-16,80.0,80.0,80.0,80.0,0.0,0.0,
2007-11-19,80.0,80.0,80.0,80.0,0.0,0.0,
2007-11-20,80.0,80.0,80.0,80.0,0.0,0.0,
2007-11-21,80.0,80.0,80.0,80.0,0.0,0.0,
2007-11-22,80.0,80.0,80.0,80.0,0.0,0.0,
2007-11-23,80.0,80.0,80.0,80.0,0.0,0.0,
2007-11-26,80.0,80.0,80.0,80.0,0.0,0.0,
2007-11-27,80.0,80.0,80.0,80.0,0.0,0.0,
2007-11-28,80.0,80.0,80.0,80.0,0.0,0.0,
2007-11-29,80.0,80.0,80.0,80.0,0.0,0.0,
2007-11-30,80.0,80.0,80.0,80.0,0.0,0.0,
2007-12-03,80.0,80.0,80.0,80.0,0.0,0.0,
2007-12-04,80.0,80.0,80.0,80.0,0.0,0.0,
2007-12-05,80.0,80.0,80.0,80.0,0.0,0.0,
2007-12-06,80.0,80.0,80.0,80.0,0.0,0.0,
2007-12-07,80.0,80.0,80.0,80.0,0.0,0.0,
2007-12-10,80.0,80.0,80.0,80.0,0.0,0.0,
2007-12-11,80.0,80.0,80.0,80.0,0.0,0.0,
2007-12-12,80.0,80.0,80.0,80.0,0.0,0.0,
2007-12-13,80.0,80.0,80.0,80.0,0.0,0.0,
2007-12-14,80.0,80.0,80.0,80.0,0.0,0.0,
2007-12-17,80.0,80.0,80.0,80.0,0.0,0.0,
2007-12-18,80.0,80.0,80.0,80.0,0.0,0.0,
2007-12-19,80.0,80.0,80.0,80.0,0.0,0.0,
2007-12-20,80.0,80.0,80.0,80.0,0.0,0.0,
2007-12-21,80.0,80.0,80.0,80.0,0.0,0.0,
2007-12-24,80.0,80.0,80.0,80.0,0.0,0.0,
2007-12-25,80.0,80.0,80.0,80.0,0.0,0.0,
2007-12-26,80.0,80.0,80.0,80.0,0.0,0.0,
2007-12-27,80.0,80.0,80.0,80.0,0.0,0.0,
2007-12-28,80.0,80.0,80.0,80.0,0.0,0.0,
2007-12-31,80.0,80.0,80.0,80.0,0.0,0.0,
2008-01-01,80.0,80.0,80.0,80.0,0.0,0.0,
2008-01-02,80.0,80.0,80.0,80.0,0.0,0.0,
2008-01-03,80.0,80.0,80.0,80.0,0.0,0.0,
2008-01-04,80.0,80.0,80.0,80.0,0.0,0.0,
2008-01-07,80.0,80.0,80.0,80.0,0.0,0.0,
2008-01-08,80.0,80.0,80.0,80.0,0.0,0.0,
2008-01-09,80.0,80.0,80.0,80.0,0.0,0.0,
2008-01-10,80.0,80.0,80.0,80.0,0.0,0.0,
2008-01-11,80.0,80.0,80.0,80.0,0.0,0.0,
2008-01-14,80.0,80.0,80.0,80.0,0.0,0.0,
2008-01-15,80.0,80.0,80.0,80.0,0.0,0.0,
2008-01-16,80.0,80.0,80.0,80.0,0.0,0.0,
2008-01-17,80.0,80.0,80.0,80.0,0.0,0.0,
2008-01-18,80.0,80.0,80.0,80.0,0.0,0.0,
2008-01-21,80.0,80.0,80.0,80.0,0.0,0.0,
2008-01-22,80.0,80.0,80.0,80.0,0.0,0.0,
2008-01-23,80.0,80.0,80.0,80.0,0.0,0.0,
2008-01-24,80.0,80.0,80.0,80.0,0.0,0.0,
2008-01-25,80.0,80.0,80.0,80.0,0.0,0.0,
2008-01-28,80.0,80.0,80.0,80.0,0.0,0.0,
2008-01-29,80.0,80.0,80.0,80.0,0.0,0.0,
2008-01-30,80.0,80.0,80.0,80.0,0.0,0.0,
2008-01-31,80.0,80.0,80.0,80.0,0.0,0.0,
2008-02-01,80.0,80.0,80.0,80.0,0.0,0.0,
2008-02-04,80.0,80.0,80.0,80.0,0.0,0.0,
2008-02-05,80.0,80.0,80.0,80.0,0.0,0.0,
2008-02-06,80.0,80.0,80.0,80.0,0.0,0.0,
2008-02-07,80.0,80.0,80.0,80.0,0.0,0.0,
2008-02-08,80.0,80.0,80.0,80.0,0.0,0.0,
2008-02-11,80.0,80.0,80.0,80.0,0.0,0.0,
2008-02-12,80.0,80.0,80.0,80.0,0.0,0.0,
2008-02-13,80.0,80.0,80.0,80.0,0.0,0.0,
2008-02-14,80.0,80.0,80.0,80.0,0.0,0.0,
2008-02-15,80.0,80.0,80.0,80.0,0.0,0.0,
2008-02-18,80.0,80.0,80.0,80.0,0.0,0.0,
2008-02-19,80.0,80.0,80.0,80.0,0.0,0.0,
2008-02-20,80.0,80.0,80.0,80.0,0.0,0.0,
2008-02-21,80.0,80.0,80.0,80.0,0.0,0.0,
2008-02-22,80.0,80.0,80.0,80.0,0.0,0.0,
2008-02-25,80.0,80.0,80.0,80.0,0.0,0.0,
2008-02-26,80.0,80.0,80.0,80.0,0.0,0.0,
2008-02-27,80.0,80.0,80.0,80.0,0.0,0.0,
2008-02-28,80.0,80.0,80.0,80.0,0.0,0.0,
2008-02-29,80.0,80.0,80.0,80.0,0.0,0.0,
2008-03-03,80.0,80.0,80.0,80.0,0.0,0.0,
2008-03-04,80.0,80.0,80.0,80.0,0.0,0.0,
2008-03-05,80.0,80.0,80.0,80.0,0.0,0.0,
2008-03-06,80.0,80.0,80.0,80.0,0.0,0.0,
2008-03-07,80.0,80.0,80.0,80.0,0.0,0.0,
2008-03-10,80.0,80.0,80.0,80.0,0.0,0.0,
2008-03-11,80.0,80.0,80.0,80.0,0.0,0.0,
2008-03-12,80.0,80.0,80.0,80.0,0.0,0.0,
2008-03-13,80.0,80.0,80.0,80.0,0.0,0.0,
2008-03-14,80.0,80.0,80.0,80.0,0.0,0.0,
2008-03-17,80.0,80.0,80.0,80.0,0.0,0.0,
2008-03-18,80.0,80.0,80.0,80.0,0.0,0.0,
2008-03-19,80.0,80.0,80.0,80.0,0.0,0.0,
2008-03-20,80.0,80.0,80.0,80.0,0.0,0.0,
2008-03-21,80.0,80.0,80.0,80.0,0.0,0.0,
2008-03-24,80.0,80.0,80.0,80.0,0.0,0.0,
2008-03-25,80.0,80.0,80.0,80.0,0.0,0.0,
2008-03-26,80.0,80.0,80.0,80.0,0.0,0.0,
2008-03-27,80.0,80.0,80.0,80.0,0.0,0.0,
2008-03-28,80.0,80.0,80.0,80.0,0.0,0.0,
2008-03-31,80.0,80.0,80.0,80.0,0.0,0.0,
2008-04-01,80.0,80.0,80.0,80.0,0.0,0.0,
2008-04-02,80.0,80.0,80.0,80.0,0.0,0.0,
2008-04-03,80.0,80.0,80.0,80.0,0.0,0.0,
2008-04-04,80.0,80.0,80.0,80.0,0.0,0.0,
2008-04-07,80.0,80.0,80.0,80.0,0.0,0.0,
2008-04-08,80.0,80.0,80.0,80.0,0.0,0.0,
2008-04-09,80.0,80.0,80.0,80.0,0.0,0.0,
2008-04-10,80.0,80.0,80.0,80.0,0.0,0.0,
2008-04-11,80.0,80.0,80.0,80.0,0.0,0.0,
2008-04-14,80.0,80.0,80.0,80.0,0.0,0.0,
2008-04-15,80.0,80.0,80.0,80.0,0.0,0.0,
2008-04-16,80.0,80.0,80.0,80.0,0.0,0.0,
2008-04-17,80.0,80.0,80.0,80.0,0.0,0.0,
2008-04-18,80.0,80.0,80.0,80.0,0.0,0.0,
2008-04-21,80.0,80.0,80.0,80.0,0.0,0.0,
2008-04-22,80.0,80.0,80.0,80.0,0.0,0.0,
2008-04-23,80.0,80.0,80.0,80.0,0.0,0.0,
2008-04-24,80.0,80.0,80.0,80.0,0.0,0.0,
2008-04-25,80.0,80.0,80.0,80.0,0.0,0.0,
2008-04-28,80.0,80.0,80.0,80.0,0.0,0.0,
2008-04-29,80.0,80.0,80.0,80.0,0.0,0.0,
2008-04-30,80.0,80.0,80.0,80.0,0.0,0.0,
2008-05-01,80.0,80.0,80.0,80.0,0.0,0.0,
2008-05-02,80.0,80.0,80.0,80.0,0.0,0.0,
2008-05-05,80.0,80.0,80.0,80.0,0.0,0.0,
2008-05-06,80.0,80.0,80.0,80.0,0.0,0.0,
2008-05-07,80.0,80.0,80.0,80.0,0.0,0.0,
2008-05-08,80.0,80.0,80.0,80.0,0.0,0.0,
2008-05-09,80.0,80.0,80.0,80.0,0.0,0.0,
2008-05-12,80.0,80.0,80.0,80.0,0.0,0.0,
2008-05-13,80.0,80.0,80.0,80.0,0.0,0.0,
2008-05-14,80.0,80.0,80.0,80.0,0.0,0.0,
2008-05-15,80.0,80.0,80.0,80.0,0.0,0.0,
2008-05-16,80.0,80.0,80.0,80.0,0.0,0.0,
2008-05-19,80.0,80.0,80.0,80.0,0.0,0.0,
2008-05-20,80.0,80.0,80.0,80.0,0.0,0.0,
2008-05-21,80.0,80.0,80.0,80.0,0.0,0.0,
2008-05-22,80.0,80.0,80.0,80.0,0.0,0.0,
2008-05-23,80.0,80.0,80.0,80.0,0.0,0.0,
2008-05-26,80.0,80.0,80.0,80.0,0.0,0.0,
2008-05-27,80.0,80.0,80.0,80.0,0.0,0.0,
2008-05-28,80.0,80.0,80.0,80.0,0.0,0.0,
2008-05-29,80.0,80.0,80.0,80.0,0.0,0.0,
2008-05-30,80.0,80.0,80.0,80.0,0.0,0.0,
2008-06-02,80.0,80.0,80.0,80.0,0.0,0.0,
2008-06-03,80.0,80.0,80.0,80.0,0.0,0.0,
2008-06-04,80.0,80.0,80.0,80.0,0.0,0.0,
2008-06-05,80.0,80.0,80.0,80.0,0.0,0.0,
2008-06-06,80.0,80.0,80.0,80.0,0.0,0.0,
2008-06-09,80.0,80.0,80.0,80.0,0.0,0.0,
2008-06-10,80.0,80.0,80.0,80.0,0.0,0.0,
2008-06-11,80.0,80.0,80.0,80.0,0.0,0.0,
2008-06-12,80.0,80.0,80.0,80.0,0.0,0.0,
2008-06-13,80.0,80.0,80.0,80.0,0.0,0.0,
2008-06-16,80.0,80.0,80.0,80.0,0.0,0.0,
2008-06-17,80.0,80.0,80.0,80.0,0.0,0.0,
2008-06-18,80.0,80.0,80.0,80.0,0.0,0.0,
2008-06-19,80.0,80.0,80.0,80.0,0.0,0.0,
2008-06-20,80.0,80.0,80.0,80.0,0.0,0.0,
2008-06-23,80.0,80.0,80.0,80.0,0.0,0.0,
2008-06-24,80.0,80.0,80.0,80.0,0.0,0.0,
2008-06-25,80.0,80.0,80.0,80.0,0.0,0.0,
2008-06-26,80.0,80.0,80.0,80.0,0.0,0.0,
2008-06-27,80.0,80.0,80.0,80.0,0.0,0.0,
2008-06-30,80.0,80.0,80.0,80.0,0.0,0.0,
2008-07-01,80.0,80.0,80.0,80.0,0.0,0.0,
2008-07-02,80.0,80.0,80.0,80.0,0.0,0.0,
2008-07-03,80.0,80.0,80.0,80.0,0.0,0.0,
2008-07-04,80.0,80.0,80.0,80.0,0.0,0.0,
2008-07-07,80.0,80.0,80.0,80.0,0.0,0.0,
2008-07-08,80.0,80.0,80.0,80.0,0.0,0.0,
2008-07-09,80.0,80.0,80.0,80.0,0.0,0.0,
2008-07-10,80.0,80.0,80.0,80.0,0.0,0.0,
2008-07-11,80.0,80.0,80.0,80.0,0.0,0.0,
2008-07-14,80.0,80.0,80.0,80.0,0.0,0.0,
2008-07-15,80.0,80.0,80.0,80.0,0.0,0.0,
2008-07-16,80.0,80.0,80.0,80.0,0.0,0.0,
2008-07-17,80.0,80.0,80.0,80.0,0.0,0.0,
2008-07-18,80.0,80.0,80.0,80.0,0.0,0.0,
2008-07-21,80.0,80.0,80.0,80.0,0.0,0.0,
2008-07-22,80.0,80.0,80.0,80.0,0.0,0.0,
2008-07-23,80.0,80.0,80.0,80.0,0.0,0.0,
2008-07-24,80.0,80.0,80.0,80.0,0.0,0.0,
2008-07-25,80.0,80.0,80.0,80.0,0.0,0.0,
2008-07-28,80.0,80.0,80.0,80.0,0.0,0.0,
2008-07-29,80.0,80.0,80.0,80.0,0.0,0.0,
2008-07-30,80.0,80.0,80.0,80.0,0.0,0.0,
2008-07-31,80.0,80.0,80.0,80.0,0.0,0.0,
2008-08-01,80.0,80.0,80.0,80.0,0.0,0.0,
2008-08-04,80.0,80.0,80.0,80.0,0.0,0.0,
2008-08-05,80.0,80.0,80.0,80.0,0.0,0.0,
2008-08-06,80.0,80.0,80.0,80.0,0.0,0.0,
2008-08-07,80.0,80.0,80.0,80.0,0.0,0.0,
2008-08-08,80.0,80.0,80.0,80.0,0.0,0.0,
2008-08-11,80.0,80.0,80.0,80.0,0.0,0.0,
2008-08-12,80.0,80.0,80.0,80.0,0.0,0.0,
2008-08-13,80.0,80.0,80.0,80.0,0.0,0.0,
2008-08-14,80.0,80.0,80.0,80.0,0.0,0.0,
2008-08-15,80.0,80.0,80.0,80.0,0.0,0.0,
2008-08-18,80.0,80.0,80.0,80.0,0.0,0.0,
2008-08-19,80.0,80.0,80.0,80.0,0.0,0.0,
2008-08-20,80.0,80.0,80.0,80.0,0.0,0.0,
2008-08-21,80.0,80.0,80.0,80.0,0.0,0.0,
2008-08-22,80.0,80.0,80.0,80.0,0.0,0.0,
2008-08-25,80.0,80.0,80.0,80.0,0.0,0.0,
2008-08-26,80.0,80.0,80.0,80.0,0.0,0.0,
2008-08-27,80.0,80.0,80.0,80.0,0.0,0.0,
2008-08-28,80.0,80.0,80.0,80.0,0.0,0.0,
2008-08-29,80.0,80.0,80.0,80.0,0.0,0.0,
2008-09-01,80.0,80.0,80.0,80.0,0.0,0.0,
2008-09-02,80.0,80.0,80.0,80.0,0.0,0.0,
2008-09-03,80.0,80.0,80.0,80.0,0.0,0.0,
2008-09-04,80.0,80.0,80.0,80.0,0.0,0.0,
2008-09-05,80.0,80.0,80.0,80.0,0.0,0.0,
2008-09-08,80.0,80.0,80.0,80.0,0.0,0.0,
2008-09-09,80.0,80.0,80.0,80.0,0.0,0.0,
2008-09-10,80.0,80.0,80.0,80.0,0.0,0.0,
2008-09-11,80.0,80.0,80.0,80.0,0.0,0.0,
2008-09-12,80.0,80.0,80.0,80.0,0.0,0.0,
2008-09-15,80.0,80.0,80.0,80.0,0.0,0.0,
2008-09-16,80.0,80.0,80.0,80.0,0.0,0.0,
2008-09-17,80.0,80.0,80.0,80.0,0.0,0.0,
2008-09-18,80.0,80.0,80.0,80.0,0.0,0.0,
2008-09-19,80.0,80.0,80.0,80.0,0.0,0.0,
2008-09-22,80.0,80.0,80.0,80.0,0.0,0.0,
2008-09-23,80.0,80.0,80.0,80.0,0.0,0.0,
2008-09-24,80.0,80.0,80.0,80.0,0.0,0.0,
2008-09-25,80.0,80.0,80.0,80.0,0.0,0.0,
2008-09-26,80.0,80.0,80.0,80.0,0.0,0.0,
2008-09-29,80.0,80.0,80.0,80.0,0.0,0.0,
2008-09-30,80.0,80.0,80.0,80.0,0.0,0.0,
2008-10-01,80.0,80.0,80.0,80.0,0.0,0.0,
2008-10-02,80.0,80.0,80.0,80.0,0.0,0.0,
2008-10-03,80.0,80.0,80.0,80.0,0.0,0.0,
2008-10-06,80.0,80.0,80.0,80.0,0.0,0.0,
2008-10-07,80.0,80.0,80.0,80.0,0.0,0.0,
2008-10-08,80.0,80.0,80.0,80.0,0.0,0.0,
2008-10-09,80.0,80.0,80.0,80.0,0.0,0.0,
2008-10-10,80.0,80.0,80.0,80.0,0.0,0.0,
2008-10-13,80.0,80.0,80.0,80.0,0.0,0.0,
2008-10-14,80.0,80.0,80.0,80.0,0.0,0.0,
2008-10-15,80.0,80.0,80.0,80.0,0.0,0.0,
2008-10-16,80.0,80.0,80.0,80.0,0.0,0.0,
2008-10-17,80.0,80.0,80.0,80.0,0.0,0.0,
2008-10-20,80.0,80.0,80.0,80.0,0.0,0.0,
2008-10-21,80.0,80.0,80.0,80.0,0.0,0.0,
2008-10-22,80.0,80.0,80.0,80.0,0.0,0.0,
2008-10-23,80.0,80.0,80.0,80.0,0.0,0.0,
2008-10-24,80.0,80.0,80.0,80.0,0.0,0.0,
2008-10-27,80.0,80.0,80.0,80.0,0.0,0.0,
2008-10-28,80.0,80.0,80.0,80.0,0.0,0.0,
2008-10-29,80.0,80.0,80.0,80.0,0.0,0.0,
2008-10-30,80.0,80.0,80.0,80.0,0.0,0.0,
2008-10-31,80.0,80.0,80.0,80.0,0.0,0.0,
2008-11-03,80.0,80.0,80.0,80.0,0.0,0.0,
2008-11-04,80.0,80.0,80.0,80.0,0.0,0.0,
2008-11-05,80.0,80.0,80.0,80.0,0.0,0.0,
2008-11-06,80.0,80.0,80.0,80.0,0.0,0.0,
2008-11-07,80.0,80.0,80.0,80.0,0.0,0.0,
2008-11-10,80.0,80.0,80.0,80.0,0.0,0.0,
2008-11-11,80.0,80.0,80.0,80.0,0.0,0.0,
2008-11-12,80.0,80.0,80.0,80.0,0.0,0.0,
2008-11-13,80.0,80.0,80.0,80.0,0.0,0.0,
2008-11-14,80.0,80.0,80.0,80.0,0.0,0.0,
2008-11-17,80.0,80.0,80.0,80.0,0.0,0.0,
2008-11-18,80.0,80.0,80.0,80.0,0.0,0.0,
2008-11-19,80.0,80.0,80.0,80.0,0.0,0.0,
2008-11-20,80.0,80.0,80.0,80.0,0.0,0.0,
2008-11-21,80.0,80.0,80.0,80.0,0.0,0.0,
2008-11-24,80.0,80.0,80.0,80.0,0.0,0.0,
2008-11-25,80.0,80.0,80.0,80.0,0.0,0.0,
2008-11-26,80.0,80.0,80.0,80.0,0.0,0.0,
2008-11-27,80.0,80.0,80.0,80.0,0.0,0.0,
2008-11-28,80.0,80.0,80.0,80.0,0.0,0.0,
2008-12-01,80.0,80.0,80.0,80.0,0.0,0.0,
2008-12-02,80.0,80.0,80.0,80.0,0.0,0.0,
2008-12-03,80.0,80.0,80.0,80.0,0.0,0.0,
2008-12-04,80.0,80.0,80.0,80.0,0.0,0.0,
2008-12-05,80.0,80.0,80.0,80.0,0.0,0.0,
2008-12-08,80.0,80.0,80.0,80.0,0.0,0.0,
2008-12-09,80.0,80.0,80.0,80.0,0.0,0.0,
2008-12-10,80.0,80.0,80.0,80.0,0.0,0.0,
2008-12-11,80.0,80.0,80.0,80.0,0.0,0.0,
2008-12-12,80.0,80.0,80.0,80.0,0.0,0.0,
2008-12-15,80.0,80.0,80.0,80.0,0.0,0.0,
2008-12-16,80.0,80.0,80.0,80.0,0.0,0.0,
2008-12-17,80.0,80.0,80.0,80.0,0.0,0.0,
2008-12-18,80.0,80.0,80.0,80.0,0.0,0.0,
2008-12-19,80.0,80.0,80.0,80.0,0.0,0.0,
2008-12-22,80.0,80.0,80.0,80.0,0.0,0.0,
2008-12-23,80.0,80.0,80.0,80.0,0.0,0.0,
2008-12-24,80.0,80.0,80.0,80.0,0.0,0.0,
2008-12-25,80.0,80.0,80.0,80.0,0.0,0.0,
2008-12-26,80.0,80.0,80.0,80.0,0.0,0.0,
2008-12-29,80.0,80.0,80.0,80.0,0.0,0.0,
2008-12-30,80.0,80.0,80.0,80.0,0.0,0.0,
2008-12-31,80.0,80.0,80.0,80.0,0.0,0.0,
2009-01-01,80.0,80.0,80.0,80.0,0.0,0.0,
2009-01-02,80.0,80.0,80.0,80.0,0.0,0.0,
2009-01-05,80.0,80.0,80.0,80.0,0.0,0.0,
2009-01-06,80.0,80.0,80.0,80.0,0.0,0.0,
2009-01-07,80.0,80.0,80.0,80.0,0.0,0.0,
2009-01-08,80.0,80.0,80.0,80.0,0.0,0.0,
2009-01-09,80.0,80.0,80.0,80.0,0.0,0.0,
2009-01-12,80.0,80.0,80.0,80.0,0.0,0.0,
2009-01-13,80.0,80.0,80.0,80.0,0.0,0.0,
2009-01-14,80.0,80.0,80.0,80.0,0.0,0.0,
2009-01-15,80.0,80.0,80.0,80.0,0.0,0.0,
2009-01-16,80.0,80.0,80.0,80.0,0.0,0.0,
2009-01-19,80.0,80.0,80.0,80.0,0.0,0.0,
2009-01-20,80.0,80.0,80.0,80.0,0.0,0.0,
2009-01-21,80.0,80.0,80.0,80.0,0.0,0.0,
2009-01-22,80.0,80.0,80.0,80.0,0.0,0.0,
2009-01-23,80.0,80.0,80.0,80.0,0.0,0.0,
2009-01-26,80.0,80.0,80.0,80.0,0.0,0.0,
2009-01-27,80.0,80.0,80.0,80.0,0.0,0.0,
2009-01-28,80.0,80.0,80.0,80.0,0.0,0.0,
2009-01-29,80.0,80.0,80.0,80.0,0.0,0.0,
2009-01-30,80.0,80.0,80.0,80.0,0.0,0.0,
2009-02-02,80.0,80.0,80.0,80.0,0.0,0.0,
2009-02-03,80.0,80.0,80.0,80.0,0.0,0.0,
2009-02-04,80.0,80.0,80.0,80.0,0.0,0.0,
2009-02-05,80.0,80.0,80.0,80.0,0.0,0.0,
2009-02-06,80.0,80.0,80.0,80.0,0.0,0.0,
2009-02-09,80.0,80.0,80.0,80.0,0.0,0.0,
2009-02-10,80.0,80.0,80.0,80.0,0.0,0.0,
2009-02-11,80.0,80.0,80.0,80.0,0.0,0.0,
2009-02-12,80.0,80.0,80.0,80.0,0.0,0.0,
2009-02-13,80.0,80.0,80.0,80.0,0.0,0.0,
2009-02-16,80.0,80.0,80.0,80.0,0.0,0.0,
2009-02-17,80.0,80.0,80.0,80.0,0.0,0.0,
2009-02-18,80.0,80.0,80.0,80.0,0.0,0.0,
2009-02-19,80.0,80.0,80.0,80.0,0.0,0.0,
2009-02-20,80.0,80.0,80.0,80.0,0.0,0.0,
2009-02-23,80.0,80.0,80.0,80.0,0.0,0.0,
2009-02-24,80.0,80.0,80.0,80.0,0.0,0.0,
2009-02-25,80.0,80.0,80.0,80.0,0.0,0.0,
2009-02-26,80.0,80.0,80.0,80.0,0.0,0.0,
2009-02-27,80.0,80.0,80.0,80.0,0.0,0.0,
2009-03-02,80.0,80.0,80.0,80.0,0.0,0.0,
2009-03-03,80.0,80.0,80.0,80.0,0.0,0.0,
2009-03-04,80.0,80.0,80.0,80.0,0.0,0.0,
2009-03-05,80.0,80.0,80.0,80.0,0.0,0.0,
2009-03-06,80.0,80.0,80.0,80.0,0.0,0.0,
2009-03-09,80.0,80.0,80.0,80.0,0.0,0.0,
2009-03-10,80.0,80.0,80.0,80.0,0.0,0.0,
2009-03-11,80.0,80.0,80.0,80.0,0.0,0.0,
2009-03-12,80.0,80.0,80.0,80.0,0.0,0.0,
2009-03-13,80.0,80.0,80.0,80.0,0.0,0.0,
2009-03-16,80.0,80.0,80.0,80.0,0.0,0.0,
2009-03-17,80.0,80.0,80.0,80.0,0.0,0.0,
2009-03-18,80.0,80.0,80.0,80.0,0.0,0.0,
2009-03-19,80.0,80.0,80.0,80.0,0.0,0.0,
2009-03-20,80.0,80.0,80.0,80.0,0.0,0.0,
2009-03-23,80.0,80.0,80.0,80.0,0.0,0.0,
2009-03-24,80.0,80.0,80.0,80.0,0.0,0.0,
2009-03-25,80.0,80.0,80.0,80.0,0.0,0.0,
2009-03-26,80.0,80.0,80.0,80.0,0.0,0.0,
2009-03-27,80.0,80.0,80.0,80.0,0.0,0.0,
2009-03-29,80.0,80.0,80.0,80.0,0.0,0.0,
2009-03-30,80.0,80.0,80.0,80.0,0.0,0.0,
2009-03-31,80.0,80.0,80.0,80.0,0.0,0.0,
2009-04-01,80.0,80.0,80.0,80.0,0.0,0.0,
2009-04-02,80.0,80.0,80.0,80.0,0.0,0.0,
2009-04-03,80.0,80.0,80.0,80.0,0.0,0.0,
2009-04-06,80.0,80.0,80.0,80.0,0.0,0.0,
2009-04-07,80.0,80.0,80.0,80.0,0.0,0.0,
2009-04-08,80.0,80.0,80.0,80.0,0.0,0.0,
2009-04-09,80.0,80.0,80.0,80.0,0.0,0.0,
2009-04-10,80.0,80.0,80.0,80.0,0.0,0.0,
2009-04-13,80.0,80.0,80.0,80.0,0.0,0.0,
2009-04-14,80.0,80.0,80.0,80.0,0.0,0.0,
2009-04-15,80.0,80.0,80.0,80.0,0.0,0.0,
2009-04-16,80.0,80.0,80.0,80.0,0.0,0.0,
2009-04-17,80.0,80.0,80.0,80.0,0.0,0.0,
2009-04-20,80.0,80.0,80.0,80.0,0.0,0.0,
2009-04-21,80.0,80.0,80.0,80.0,0.0,0.0,
2009-04-22,80.0,80.0,80.0,80.0,0.0,0.0,
2009-04-23,80.0,80.0,80.0,80.0,0.0,0.0,
2009-04-24,80.0,80.0,80.0,80.0,0.0,0.0,
2009-04-27,80.0,80.0,80.0,80.0,0.0,0.0,
2009-04-28,80.0,80.0,80.0,80.0,0.0,0.0,
2009-04-29,80.0,80.0,80.0,80.0,0.0,0.0,
2009-04-30,80.0,80.0,80.0,80.0,0.0,0.0,
2009-05-01,80.0,80.0,80.0,80.0,0.0,0.0,
2009-05-04,80.0,80.0,80.0,80.0,0.0,0.0,
2009-05-05,80.0,80.0,80.0,80.0,0.0,0.0,
2009-05-06,80.0,80.0,80.0,80.0,0.0,0.0,
2009-05-07,80.0,80.0,80.0,80.0,0.0,0.0,
2009-05-08,80.0,80.0,80.0,80.0,0.0,0.0,
2009-05-11,80.0,80.0,80.0,80.0,0.0,0.0,
2009-05-12,80.0,80.0,80.0,80.0,0.0,0.0,
2009-05-13,80.0,80.0,80.0,80.0,0.0,0.0,
2009-05-14,80.0,80.0,80.0,80.0,0.0,0.0,
2009-05-15,80.0,80.0,80.0,80.0,0.0,0.0,
2009-05-18,80.0,80.0,80.0,80.0,0.0,0.0,
2009-05-19,80.0,80.0,80.0,80.0,0.0,0.0,
2009-05-20,80.0,80.0,80.0,80.0,0.0,0.0,
2009-05-21,80.0,80.0,80.0,80.0,0.0,0.0,
2009-05-22,80.0,80.0,80.0,80.0,0.0,0.0,
2009-05-25,80.0,80.0,80.0,80.0,0.0,0.0,
2009-05-26,80.0,80.0,80.0,80.0,0.0,0.0,
2009-05-27,80.0,80.0,80.0,80.0,0.0,0.0,
2009-05-28,80.0,80.0,80.0,80.0,0.0,0.0,
2009-05-29,80.0,80.0,80.0,80.0,0.0,0.0,
2009-06-01,80.0,80.0,80.0,80.0,0.0,0.0,
2009-06-02,80.0,80.0,80.0,80.0,0.0,0.0,
2009-06-03,80.0,80.0,80.0,80.0,0.0,0.0,
2009-06-04,80.0,80.0,80.0,80.0,0.0,0.0,
2009-06-05,80.0,80.0,80.0,80.0,0.0,0.0,
2009-06-08,80.0,80.0,80.0,80.0,0.0,0.0,
2009-06-09,80.0,80.0,80.0,80.0,0.0,0.0,
2009-06-10,80.0,80.0,80.0,80.0,0.0,0.0,
2009-06-11,80.0,80.0,80.0,80.0,0.0,0.0,
2009-06-12,80.0,80.0,80.0,80.0,0.0,0.0,
2009-06-15,80.0,80.0,80.0,80.0,0.0,0.0,
2009-06-16,80.0,80.0,80.0,80.0,0.0,0.0,
2009-06-17,80.0,80.0,80.0,80.0,0.0,0.0,
2009-06-18,80.0,80.0,80.0,80.0,0.0,0.0,
2009-06-19,80.0,80.0,80.0,80.0,0.0,0.0,
2009-06-22,80.0,80.0,80.0,80.0,0.0,0.0,
2009-06-23,80.0,80.0,80.0,80.0,0.0,0.0,
2009-06-24,80.0,80.0,80.0,80.0,0.0,0.0,
2009-06-25,80.0,80.0,80.0,80.0,0.0,0.0,
2009-06-26,80.0,80.0,80.0,80.0,0.0,0.0,
2009-06-29,80.0,80.0,80.0,80.0,0.0,0.0,
2009-06-30,80.0,80.0,80.0,80.0,0.0,0.0,
2009-07-01,80.0,80.0,80.0,80.0,0.0,0.0,
2009-07-02,80.0,80.0,80.0,80.0,0.0,0.0,
2009-07-03,80.0,80.0,80.0,80.0,0.0,0.0,
2009-07-06,80.0,80.0,80.0,80.0,0.0,0.0,
2009-07-07,80.0,80.0,80.0,80.0,0.0,0.0,
2009-07-08,80.0,80.0,80.0,80.0,0.0,0.0,
2009-07-09,80.0,80.0,80.0,80.0,0.0,0.0,
2009-07-10,80.0,80.0,80.0,80.0,0.0,0.0,
2009-07-13,80.0,80.0,80.0,80.0,0.0,0.0,
2009-07-14,80.0,80.0,80.0,80.0,0.0,0.0,
2009-07-15,80.0,80.0,80.0,80.0,0.0,0.0,
2009-07-16,80.0,80.0,80.0,80.0,0.0,0.0,
2009-07-17,80.0,80.0,80.0,80.0,0.0,0.0,
2009-07-20,80.0,80.0,80.0,80.0,0.0,0.0,
2009-07-21,80.0,80.0,80.0,80.0,0.0,0.0,
2009-07-22,80.0,80.0,80.0,80.0,0.0,0.0,
2009-07-23,80.0,80.0,80.0,80.0,0.0,0.0,
2009-07-24,80.0,80.0,80.0,80.0,0.0,0.0,
2009-07-27,80.0,80.0,80.0,80.0,0.0,0.0,
2009-07-28,80.0,80.0,80.0,80.0,0.0,0.0,
2009-07-29,80.0,80.0,80.0,80.0,0.0,0.0,
2009-07-30,80.0,80.0,80.0,80.0,0.0,0.0,
2009-07-31,80.0,80.0,80.0,80.0,0.0,0.0,
2009-08-03,80.0,80.0,80.0,80.0,0.0,0.0,
2009-08-04,80.0,80.0,80.0,80.0,0.0,0.0,
2009-08-05,80.0,80.0,80.0,80.0,0.0,0.0,
2009-08-06,80.0,80.0,80.0,80.0,0.0,0.0,
2009-08-07,80.0,80.0,80.0,80.0,0.0,0.0,
2009-08-10,80.0,80.0,80.0,80.0,0.0,0.0,
2009-08-11,80.0,80.0,80.0,80.0,0.0,0.0,
2009-08-12,80.0,80.0,80.0,80.0,0.0,0.0,
2009-08-13,80.0,80.0,80.0,80.0,0.0,0.0,
2009-08-14,80.0,80.0,80.0,80.0,0.0,0.0,
2009-08-17,80.0,80.0,80.0,80.0,0.0,0.0,
2009-08-18,80.0,80.0,80.0,80.0,0.0,0.0,
2009-08-19,80.0,80.0,80.0,80.0,0.0,0.0,
2009-08-20,80.0,80.0,80.0,80.0,0.0,0.0,
2009-08-21,80.0,80.0,80.0,80.0,0.0,0.0,
2009-08-24,80.0,80.0,80.0,80.0,0.0,0.0,
2009-08-25,80.0,80.0,80.0,80.0,0.0,0.0,
2009-08-26,80.0,80.0,80.0,80.0,0.0,0.0,
2009-08-27,80.0,80.0,80.0,80.0,0.0,0.0,
2009-08-28,80.0,80.0,80.0,80.0,0.0,0.0,
2009-08-31,80.0,80.0,80.0,80.0,0.0,0.0,
2009-09-01,80.0,80.0,80.0,80.0,0.0,0.0,
2009-09-02,80.0,80.0,80.0,80.0,0.0,0.0,
2009-09-03,80.0,80.0,80.0,80.0,0.0,0.0,
2009-09-04,80.0,80.0,80.0,80.0,0.0,0.0,
2009-09-07,80.0,80.0,80.0,80.0,0.0,0.0,
2009-09-08,80.0,80.0,80.0,80.0,0.0,0.0,
2009-09-09,80.0,80.0,80.0,80.0,0.0,0.0,
2009-09-10,80.0,80.0,80.0,80.0,0.0,0.0,
2009-09-11,80.0,80.0,80.0,80.0,0.0,0.0,
2009-09-14,80.0,80.0,80.0,80.0,0.0,0.0,
2009-09-15,80.0,80.0,80.0,80.0,0.0,0.0,
2009-09-16,80.0,80.0,80.0,80.0,0.0,0.0,
2009-09-17,80.0,80.0,80.0,80.0,0.0,0.0,
2009-09-18,80.0,80.0,80.0,80.0,0.0,0.0,
2009-09-21,80.0,80.0,80.0,80.0,0.0,0.0,
2009-09-22,80.0,80.0,80.0,80.0,0.0,0.0,
2009-09-23,80.0,80.0,80.0,80.0,0.0,0.0,
2009-09-24,80.0,80.0,80.0,80.0,0.0,0.0,
2009-09-25,80.0,80.0,80.0,80.0,0.0,0.0,
2009-09-28,80.0,80.0,80.0,80.0,0.0,0.0,
2009-09-29,80.0,80.0,80.0,80.0,0.0,0.0,
2009-09-30,80.0,80.0,80.0,80.0,0.0,0.0,
2009-10-01,80.0,80.0,80.0,80.0,0.0,0.0,
2009-10-02,80.0,80.0,80.0,80.0,0.0,0.0,
2009-10-05,80.0,80.0,80.0,80.0,0.0,0.0,
2009-10-06,80.0,80.0,80.0,80.0,0.0,0.0,
2009-10-07,80.0,80.0,80.0,80.0,0.0,0.0,
2009-10-08,80.0,80.0,80.0,80.0,0.0,0.0,
2009-10-09,80.0,80.0,80.0,80.0,0.0,0.0,
2009-10-12,80.0,80.0,80.0,80.0,0.0,0.0,
2009-10-13,80.0,80.0,80.0,80.0,0.0,0.0,
2009-10-14,80.0,80.0,80.0,80.0,0.0,0.0,
2009-10-15,80.0,80.0,80.0,80.0,0.0,0.0,
2009-10-16,80.0,80.0,80.0,80.0,0.0,0.0,
2009-10-17,80.0,80.0,80.0,80.0,0.0,0.0,
2009-10-19,80.0,80.0,80.0,80.0,0.0,0.0,
2009-10-20,80.0,80.0,80.0,80.0,0.0,0.0,
2009-10-21,80.0,80.0,80.0,80.0,0.0,0.0,
2009-10-22,80.0,80.0,80.0,80.0,0.0,0.0,
2009-10-23,80.0,80.0,80.0,80.0,0.0,0.0,
2009-10-26,80.0,80.0,80.0,80.0,0.0,0.0,
2009-10-27,80.0,80.0,80.0,80.0,0.0,0.0,
2009-10-28,80.0,80.0,80.0,80.0,0.0,0.0,
2009-10-29,80.0,80.0,80.0,80.0,0.0,0.0,
2009-10-30,80.0,80.0,80.0,80.0,0.0,0.0,
2009-11-02,80.0,80.0,80.0,80.0,0.0,0.0,
2009-11-03,80.0,80.0,80.0,80.0,0.0,0.0,
2009-11-04,80.0,80.0,80.0,80.0,0.0,0.0,
2009-11-05,80.0,80.0,80.0,80.0,0.0,0.0,
2009-11-06,80.0,80.0,80.0,80.0,0.0,0.0,
2009-11-09,80.0,80.0,80.0,80.0,0.0,0.0,
2009-11-10,80.0,80.0,80.0,80.0,0.0,0.0,
2009-11-11,80.0,80.0,80.0,80.0,0.0,0.0,
2009-11-12,80.0,80.0,80.0,80.0,0.0,0.0,
2009-11-13,80.0,80.0,80.0,80.0,0.0,0.0,
2009-11-16,80.0,80.0,80.0,80.0,0.0,0.0,
2009-11-17,80.0,80.0,80.0,80.0,0.0,0.0,
2009-11-18,80.0,80.0,80.0,80.0,0.0,0.0,
2009-11-19,80.0,80.0,80.0,80.0,0.0,0.0,
2009-11-20,80.0,80.0,80.0,80.0,0.0,0.0,
2009-11-23,80.0,80.0,80.0,80.0,0.0,0.0,
2009-11-24,80.0,80.0,80.0,80.0,0.0,0.0,
2009-11-25,80.0,80.0,80.0,80.0,0.0,0.0,
2009-11-26,80.0,80.0,80.0,80.0,0.0,0.0,
2009-11-27,80.0,80.0,80.0,80.0,0.0,0.0,
2009-11-30,80.0,80.0,80.0,80.0,0.0,0.0,
2009-12-01,80.0,80.0,80.0,80.0,0.0,0.0,
2009-12-02,80.0,80.0,80.0,80.0,0.0,0.0,
2009-12-03,80.0,80.0,80.0,80.0,0.0,0.0,
2009-12-04,80.0,80.0,80.0,80.0,0.0,0.0,
2009-12-07,80.0,80.0,80.0,80.0,0.0,0.0,
2009-12-08,80.0,80.0,80.0,80.0,0.0,0.0,
2009-12-09,80.0,80.0,80.0,80.0,0.0,0.0,
2009-12-10,80.0,80.0,80.0,80.0,0.0,0.0,
2009-12-11,80.0,80.0,80.0,80.0,0.0,0.0,
2009-12-14,80.0,80.0,80.0,80.0,0.0,0.0,
2009-12-15,80.0,80.0,80.0,80.0,0.0,0.0,
2009-12-16,80.0,80.0,80.0,80.0,0.0,0.0,
2009-12-17,80.0,80.0,80.0,80.0,0.0,0.0,
2009-12-18,80.0,80.0,80.0,80.0,0.0,0.0,
2009-12-21,80.0,80.0,80.0,80.0,0.0,0.0,
2009-12-22,80.0,80.0,80.0,80.0,0.0,0.0,
2009-12-23,80.0,80.0,80.0,80.0,0.0,0.0,
2009-12-24,80.0,80.0,80.0,80.0,0.0,0.0,
2009-12-25,80.0,80.0,80.0,80.0,0.0,0.0,
2009-12-28,80.0,80.0,80.0,80.0,0.0,0.0,
2009-12-29,80.0,80.0,80.0,80.0,0.0,0.0,
2009-12-30,80.0,80.0,80.0,80.0,0.0,0.0,
2009-12-31,80.0,80.0,80.0,80.0,0.0,0.0,
2010-01-01,80.0,80.0,80.0,80.0,0.0,0.0,
2010-01-04,80.0,80.0,80.0,80.0,0.0,0.0,
2010-01-05,80.0,80.0,80.0,80.0,0.0,0.0,
2010-01-06,80.0,80.0,80.0,80.0,0.0,0.0,
2010-01-07,80.0,80.0,80.0,80.0,0.0,0.0,
2010-01-08,80.0,80.0,80.0,80.0,0.0,0.0,
2010-01-11,80.0,80.0,80.0,80.0,0.0,0.0,
2010-01-12,80.0,80.0,80.0,80.0,0.0,0.0,
2010-01-13,80.0,80.0,80.0,80.0,0.0,0.0,
2010-01-14,80.0,80.0,80.0,80.0,0.0,0.0,
2010-01-15,80.0,80.0,80.0,80.0,0.0,0.0,
2010-01-18,80.0,80.0,80.0,80.0,0.0,0.0,
2010-01-19,80.0,80.0,80.0,80.0,0.0,0.0,
2010-01-20,80.0,80.0,80.0,80.0,0.0,0.0,
2010-01-21,80.0,80.0,80.0,80.0,0.0,0.0,
2010-01-22,80.0,80.0,80.0,80.0,0.0,0.0,
2010-01-25,80.0,80.0,80.0,80.0,0.0,0.0,
2010-01-26,80.0,80.0,80.0,80.0,0.0,0.0,
2010-01-27,80.0,80.0,80.0,80.0,0.0,0.0,
2010-01-28,80.0,80.0,80.0,80.0,0.0,0.0,
2010-01-29,80.0,80.0,80.0,80.0,0.0,0.0,
2010-02-01,80.0,80.0,80.0,80.0,0.0,0.0,
2010-02-02,80.0,80.0,80.0,80.0,0.0,0.0,
2010-02-03,80.0,80.0,80.0,80.0,0.0,0.0,
2010-02-04,80.0,80.0,80.0,80.0,0.0,0.0,
2010-02-05,80.0,80.0,80.0,80.0,0.0,0.0,
2010-02-08,80.0,80.0,80.0,80.0,0.0,0.0,
2010-02-09,80.0,80.0,80.0,80.0,0.0,0.0,
2010-02-10,80.0,80.0,80.0,80.0,0.0,0.0,
2010-02-11,80.0,80.0,80.0,80.0,0.0,0.0,
2010-02-12,80.0,80.0,80.0,80.0,0.0,0.0,
2010-02-15,80.0,80.0,80.0,80.0,0.0,0.0,
2010-02-16,80.0,80.0,80.0,80.0,0.0,0.0,
2010-02-17,80.0,80.0,80.0,80.0,0.0,0.0,
2010-02-18,80.0,80.0,80.0,80.0,0.0,0.0,
2010-02-19,80.0,80.0,80.0,80.0,0.0,0.0,
2010-02-22,80.0,80.0,80.0,80.0,0.0,0.0,
2010-02-23,80.0,80.0,80.0,80.0,0.0,0.0,
2010-02-24,80.0,80.0,80.0,80.0,0.0,0.0,
2010-02-25,80.0,80.0,80.0,80.0,0.0,0.0,
2010-02-26,80.0,80.0,80.0,80.0,0.0,0.0,
2010-03-01,80.0,80.0,80.0,80.0,0.0,0.0,
2010-03-02,80.0,80.0,80.0,80.0,0.0,0.0,
2010-03-03,80.0,80.0,80.0,80.0,0.0,0.0,
2010-03-04,80.0,80.0,80.0,80.0,0.0,0.0,
2010-03-05,80.0,80.0,80.0,80.0,0.0,0.0,
2010-03-08,80.0,80.0,80.0,80.0,0.0,0.0,
2010-03-09,80.0,80.0,80.0,80.0,0.0,0.0,
2010-03-10,80.0,80.0,80.0,80.0,0.0,0.0,
2010-03-11,80.0,80.0,80.0,80.0,0.0,0.0,
2010-03-12,80.0,80.0,80.0,80.0,0.0,0.0,
2010-03-15,80.0,80.0,80.0,80.0,0.0,0.0,
2010-03-16,80.0,80.0,80.0,80.0,0.0,0.0,
2010-03-17,80.0,80.0,80.0,80.0,0.0,0.0,
2010-03-18,80.0,80.0,80.0,80.0,0.0,0.0,
2010-03-19,80.0,80.0,80.0,80.0,0.0,0.0,
2010-03-22,80.0,80.0,80.0,80.0,0.0,0.0,
2010-03-23,80.0,80.0,80.0,80.0,0.0,0.0,
2010-03-24,80.0,80.0,80.0,80.0,0.0,0.0,
2010-03-25,80.0,80.0,80.0,80.0,0.0,0.0,
2010-03-26,80.0,80.0,80.0,80.0,0.0,0.0,
2010-03-29,80.0,80.0,80.0,80.0,0.0,0.0,
2010-03-30,80.0,80.0,80.0,80.0,0.0,0.0,
2010-03-31,80.0,80.0,80.0,80.0,0.0,0.0,
2010-04-01,80.0,80.0,80.0,80.0,0.0,0.0,
2010-04-02,80.0,80.0,80.0,80.0,0.0,0.0,
2010-04-05,80.0,80.0,80.0,80.0,0.0,0.0,
2010-04-06,80.0,80.0,80.0,80.0,0.0,0.0,
2010-04-07,80.0,80.0,80.0,80.0,0.0,0.0,
2010-04-08,80.0,80.0,80.0,80.0,0.0,0.0,
2010-04-09,80.0,80.0,80.0,80.0,0.0,0.0,
2010-04-12,80.0,80.0,80.0,80.0,0.0,0.0,
2010-04-13,80.0,80.0,80.0,80.0,0.0,0.0,
2010-04-14,80.0,80.0,80.0,80.0,0.0,0.0,
2010-04-15,80.0,80.0,80.0,80.0,0.0,0.0,
2010-04-16,80.0,80.0,80.0,80.0,0.0,0.0,
2010-04-19,80.0,80.0,80.0,80.0,0.0,0.0,
2010-04-20,80.0,80.0,80.0,80.0,0.0,0.0,
2010-04-21,80.0,80.0,80.0,80.0,0.0,0.0,
2010-04-22,80.0,80.0,80.0,80.0,0.0,0.0,
2010-04-23,80.0,80.0,80.0,80.0,0.0,0.0,
2010-04-26,80.0,80.0,80.0,80.0,0.0,0.0,
2010-04-27,80.0,80.0,80.0,80.0,0.0,0.0,
2010-04-28,80.0,80.0,80.0,80.0,0.0,0.0,
2010-04-29,80.0,80.0,80.0,80.0,0.0,0.0,
2010-04-30,80.0,80.0,80.0,80.0,0.0,0.0,
2010-05-03,80.0,80.0,80.0,80.0,0.0,0.0,
2010-05-04,80.0,80.0,80.0,80.0,0.0,0.0,
2010-05-05,80.0,80.0,80.0,80.0,0.0,0.0,
2010-05-06,80.0,80.0,80.0,80.0,0.0,0.0,
2010-05-07,80.0,80.0,80.0,80.0,0.0,0.0,
2010-05-10,80.0,80.0,80.0,80.0,0.0,0.0,
2010-05-11,80.0,80.0,80.0,80.0,0.0,0.0,
2010-05-12,80.0,80.0,80.0,80.0,0.0,0.0,
2010-05-13,80.0,80.0,80.0,80.0,0.0,0.0,
2010-05-14,80.0,80.0,80.0,80.0,0.0,0.0,
2010-05-17,80.0,80.0,80.0,80.0,0.0,0.0,
2010-05-18,80.0,80.0,80.0,80.0,0.0,0.0,
2010-05-19,80.0,80.0,80.0,80.0,0.0,0.0,
2010-05-20,80.0,80.0,80.0,80.0,0.0,0.0,
2010-05-21,80.0,80.0,80.0,80.0,0.0,0.0,
2010-05-24,80.0,80.0,80.0,80.0,0.0,0.0,
2010-05-25,80.0,80.0,80.0,80.0,0.0,0.0,
2010-05-26,80.0,80.0,80.0,80.0,0.0,0.0,
2010-05-27,80.0,80.0,80.0,80.0,0.0,0.0,
2010-05-28,80.0,80.0,80.0,80.0,0.0,0.0,
2010-05-31,80.0,80.0,80.0,80.0,0.0,0.0,
2010-06-01,80.0,80.0,80.0,80.0,0.0,0.0,
2010-06-02,80.0,80.0,80.0,80.0,0.0,0.0,
2010-06-03,80.0,80.0,80.0,80.0,0.0,0.0,
2010-06-04,80.0,80.0,80.0,80.0,0.0,0.0,
2010-06-07,80.0,80.0,80.0,80.0,0.0,0.0,
2010-06-08,80.0,80.0,80.0,80.0,0.0,0.0,
2010-06-09,80.0,80.0,80.0,80.0,0.0,0.0,
2010-06-10,80.0,80.0,80.0,80.0,0.0,0.0,
2010-06-11,80.0,80.0,80.0,80.0,0.0,0.0,
2010-06-14,80.0,80.0,80.0,80.0,0.0,0.0,
2010-06-15,80.0,80.0,80.0,80.0,0.0,0.0,
2010-06-16,80.0,80.0,80.0,80.0,0.0,0.0,
2010-06-17,80.0,80.0,80.0,80.0,0.0,0.0,
2010-06-18,80.0,80.0,80.0,80.0,0.0,0.0,
2010-06-21,80.0,80.0,80.0,80.0,0.0,0.0,
2010-06-22,80.0,80.0,80.0,80.0,0.0,0.0,
2010-06-23,80.0,80.0,80.0,80.0,0.0,0.0,
2010-06-24,80.0,80.0,80.0,80.0,0.0,0.0,
2010-06-25,80.0,80.0,80.0,80.0,0.0,0.0,
2010-06-28,80.0,80.0,80.0,80.0,0.0,0.0,
2010-06-29,80.0,80.0,80.0,80.0,0.0,0.0,
2010-06-30,80.0,80.0,80.0,80.0,0.0,0.0,
2010-07-01,80.0,80.0,80.0,80.0,0.0,0.0,
2010-07-02,80.0,80.0,80.0,80.0,0.0,0.0,
2010-07-05,80.0,80.0,80.0,80.0,0.0,0.0,
2010-07-06,80.0,80.0,80.0,80.0,0.0,0.0,
2010-07-07,80.0,80.0,80.0,80.0,0.0,0.0,
2010-07-08,80.0,80.0,80.0,80.0,0.0,0.0,
2010-07-09,80.0,80.0,80.0,80.0,0.0,0.0,
2010-07-12,80.0,80.0,80.0,80.0,0.0,0.0,
2010-07-13,80.0,80.0,80.0,80.0,0.0,0.0,
2010-07-14,80.0,80.0,80.0,80.0,0.0,0.0,
2010-07-15,80.0,80.0,80.0,80.0,0.0,0.0,
2010-07-16,80.0,80.0,80.0,80.0,0.0,0.0,
2010-07-19,80.0,80.0,80.0,80.0,0.0,0.0,
2010-07-20,80.0,80.0,80.0,80.0,0.0,0.0,
2010-07-21,80.0,80.0,80.0,80.0,0.0,0.0,
2010-07-22,80.0,80.0,80.0,80.0,0.0,0.0,
2010-07-23,80.0,80.0,80.0,80.0,0.0,0.0,
2010-07-26,80.0,80.0,80.0,80.0,0.0,0.0,
2010-07-27,80.0,80.0,80.0,80.0,0.0,0.0,
2010-07-28,80.0,80.0,80.0,80.0,0.0,0.0,
2010-07-29,80.0,80.0,80.0,80.0,0.0,0.0,
2010-07-30,80.0,80.0,80.0,80.0,0.0,0.0,
2010-08-02,80.0,80.0,80.0,80.0,0.0,0.0,
2010-08-03,80.0,80.0,80.0,80.0,0.0,0.0,
2010-08-04,80.0,80.0,80.0,80.0,0.0,0.0,
2010-08-05,80.0,80.0,80.0,80.0,0.0,0.0,
2010-08-06,80.0,80.0,80.0,80.0,0.0,0.0,
2010-08-09,80.0,80.0,80.0,80.0,0.0,0.0,
2010-08-10,80.0,80.0,80.0,80.0,0.0,0.0,
2010-08-11,80.0,80.0,80.0,80.0,0.0,0.0,
2010-08-12,80.0,80.0,80.0,80.0,0.0,0.0,
2010-08-13,80.0,80.0,80.0,80.0,0.0,0.0,
2010-08-16,80.0,80.0,80.0,80.0,0.0,0.0,
2010-08-17,80.0,80.0,80.0,80.0,0.0,0.0,
2010-08-18,80.0,80.0,80.0,80.0,0.0,0.0,
2010-08-19,80.0,80.0,80.0,80.0,0.0,0.0,
2010-08-20,80.0,80.0,80.0,80.0,0.0,0.0,
2010-08-23,80.0,80.0,80.0,80.0,0.0,0.0,
2010-08-24,80.0,80.0,80.0,80.0,0.0,0.0,
2010-08-25,80.0,80.0,80.0,80.0,0.0,0.0,
2010-08-26,80.0,80.0,80.0,80.0,0.0,0.0,
2010-08-27,80.0,80.0,80.0,80.0,0.0,0.0,
2010-08-30,80.0,80.0,80.0,80.0,0.0,0.0,
2010-08-31,80.0,80.0,80.0,80.0,0.0,0.0,
2010-09-01,80.0,80.0,80.0,80.0,0.0,0.0,
2010-09-02,80.0,80.0,80.0,80.0,0.0,0.0,
2010-09-03,80.0,80.0,80.0,80.0,0.0,0.0,
2010-09-06,80.0,80.0,80.0,80.0,0.0,0.0,
2010-09-07,80.0,80.0,80.0,80.0,0.0,0.0,
2010-09-08,80.0,80.0,80.0,80.0,0.0,0.0,
2010-09-09,80.0,80.0,80.0,80.0,0.0,0.0,
2010-09-10,80.0,80.0,80.0,80.0,0.0,0.0,
2010-09-13,80.0,80.0,80.0,80.0,0.0,0.0,
2010-09-14,80.0,80.0,80.0,80.0,0.0,0.0,
2010-09-15,80.0,80.0,80.0,80.0,0.0,0.0,
2010-09-16,80.0,80.0,80.0,80.0,0.0,0.0,
2010-09-17,80.0,80.0,80.0,80.0,0.0,0.0,
2010-09-20,80.0,80.0,80.0,80.0,0.0,0.0,
2010-09-21,80.0,80.0,80.0,80.0,0.0,0.0,
2010-09-22,80.0,80.0,80.0,80.0,0.0,0.0,
2010-09-23,80.0,80.0,80.0,80.0,0.0,0.0,
2010-09-24,80.0,80.0,80.0,80.0,0.0,0.0,
2010-09-27,80.0,80.0,80.0,80.0,0.0,0.0,
2010-09-28,80.0,80.0,80.0,80.0,0.0,0.0,
2010-09-29,80.0,80.0,80.0,80.0,0.0,0.0,
2010-09-30,80.0,80.0,80.0,80.0,0.0,0.0,
2010-10-01,80.0,80.0,80.0,80.0,0.0,0.0,
2010-10-02,80.0,80.0,80.0,80.0,0.0,0.0,
2010-10-04,80.0,80.0,80.0,80.0,0.0,0.0,
2010-10-05,80.0,80.0,80.0,80.0,0.0,0.0,
2010-10-06,80.0,80.0,80.0,80.0,0.0,0.0,
2010-10-07,80.0,80.0,80.0,80.0,0.0,0.0,
2010-10-08,80.0,80.0,80.0,80.0,0.0,0.0,
2010-10-11,80.0,80.0,80.0,80.0,0.0,0.0,
2010-10-12,80.0,80.0,80.0,80.0,0.0,0.0,
2010-10-13,80.0,80.0,80.0,80.0,0.0,0.0,
2010-10-14,80.0,80.0,80.0,80.0,0.0,0.0,
2010-10-15,80.0,80.0,80.0,80.0,0.0,0.0,
2010-10-18,80.0,80.0,80.0,80.0,0.0,0.0,
2010-10-19,80.0,80.0,80.0,80.0,0.0,0.0,
2010-10-20,80.0,80.0,80.0,80.0,0.0,0.0,
2010-10-21,80.0,80.0,80.0,80.0,0.0,0.0,
2010-10-22,80.0,80.0,80.0,80.0,0.0,0.0,
2010-10-25,80.0,80.0,80.0,80.0,0.0,0.0,
2010-10-26,80.0,80.0,80.0,80.0,0.0,0.0,
2010-10-27,80.0,80.0,80.0,80.0,0.0,0.0,
2010-10-28,80.0,80.0,80.0,80.0,0.0,0.0,
2010-10-29,80.0,80.0,80.0,80.0,0.0,0.0,
2010-11-01,80.0,80.0,80.0,80.0,0.0,0.0,
2010-11-02,80.0,80.0,80.0,80.0,0.0,0.0,
2010-11-03,80.0,80.0,80.0,80.0,0.0,0.0,
2010-11-04,80.0,80.0,80.0,80.0,0.0,0.0,
2010-11-05,80.0,80.0,80.0,80.0,0.0,0.0,
2010-11-08,80.0,80.0,80.0,80.0,0.0,0.0,
2010-11-09,80.0,80.0,80.0,80.0,0.0,0.0,
2010-11-10,80.0,80.0,80.0,80.0,0.0,0.0,
2010-11-11,80.0,80.0,80.0,80.0,0.0,0.0,
2010-11-12,80.0,80.0,80.0,80.0,0.0,0.0,
2010-11-15,80.0,80.0,80.0,80.0,0.0,0.0,
2010-11-16,80.0,80.0,80.0,80.0,0.0,0.0,
2010-11-17,80.0,80.0,80.0,80.0,0.0,0.0,
2010-11-18,80.0,80.0,80.0,80.0,0.0,0.0,
2010-11-19,80.0,80.0,80.0,80.0,0.0,0.0,
2010-11-22,80.0,80.0,80.0,80.0,0.0,0.0,
2010-11-23,80.0,80.0,80.0,80.0,0.0,0.0,
2010-11-24,80.0,80.0,80.0,80.0,0.0,0.0,
2010-11-25,80.0,80.0,80.0,80.0,0.0,0.0,
2010-11-26,80.0,80.0,80.0,80.0,0.0,0.0,
2010-11-29,80.0,80.0,80.0,80.0,0.0,0.0,
2010-11-30,80.0,80.0,80.0,80.0,0.0,0.0,
2010-12-01,80.0,80.0,80.0,80.0,0.0,0.0,
2010-12-02,80.0,80.0,80.0,80.0,0.0,0.0,
2010-12-03,80.0,80.0,80.0,80.0,0.0,0.0,
2010-12-06,80.0,80.0,80.0,80.0,0.0,0.0,
2010-12-07,80.0,80.0,80.0,80.0,0.0,0.0,
2010-12-08,80.0,80.0,80.0,80.0,0.0,0.0,
2010-12-09,80.0,80.0,80.0,80.0,0.0,0.0,
2010-12-10,80.0,80.0,80.0,80.0,0.0,0.0,
2010-12-13,80.0,80.0,80.0,80.0,0.0,0.0,
2010-12-14,80.0,80.0,80.0,80.0,0.0,0.0,
2010-12-15,80.0,80.0,80.0,80.0,0.0,0.0,
2010-12-16,80.0,80.0,80.0,80.0,0.0,0.0,
2010-12-17,80.0,80.0,80.0,80.0,0.0,0.0,
2010-12-20,80.0,80.0,80.0,80.0,0.0,0.0,
2010-12-21,80.0,80.0,80.0,80.0,0.0,0.0,
2010-12-22,80.0,80.0,80.0,80.0,0.0,0.0,
2010-12-23,80.0,80.0,80.0,80.0,0.0,0.0,
2010-12-24,80.0,80.0,80.0,80.0,0.0,0.0,
2010-12-27,80.0,80.0,80.0,80.0,0.0,0.0,
2010-12-28,80.0,80.0,80.0,80.0,0.0,0.0,
2010-12-29,80.0,80.0,80.0,80.0,0.0,0.0,
2010-12-30,80.0,80.0,80.0,80.0,0.0,0.0,
2010-12-31,80.0,80.0,80.0,80.0,0.0,0.0,
2011-01-03,80.0,80.0,80.0,80.0,0.0,0.0,
2011-01-04,80.0,80.0,80.0,80.0,0.0,0.0,
2011-01-05,80.0,80.0,80.0,80.0,0.0,0.0,
2011-01-06,80.0,80.0,80.0,80.0,0.0,0.0,
2011-01-07,80.0,80.0,80.0,80.0,0.0,0.0,
2011-01-10,80.0,80.0,80.0,80.0,0.0,0.0,
2011-01-11,80.0,80.0,80.0,80.0,0.0,0.0,
2011-01-12,80.0,80.0,80.0,80.0,0.0,0.0,
2011-01-13,80.0,80.0,80.0,80.0,0.0,0.0,
2011-01-14,80.0,80.0,80.0,80.0,0.0,0.0,
2011-01-17,80.0,80.0,80.0,80.0,0.0,0.0,
2011-01-18,80.0,80.0,80.0,80.0,0.0,0.0,
2011-01-19,80.0,80.0,80.0,80.0,0.0,0.0,
2011-01-20,80.0,80.0,80.0,80.0,0.0,0.0,
2011-01-21,80.0,80.0,80.0,80.0,0.0,0.0,
2011-01-24,80.0,80.0,80.0,80.0,0.0,0.0,
2011-01-25,80.0,80.0,80.0,80.0,0.0,0.0,
2011-01-26,80.0,80.0,80.0,80.0,0.0,0.0,
2011-01-27,80.0,80.0,80.0,80.0,0.0,0.0,
2011-01-28,80.0,80.0,80.0,80.0,0.0,0.0,
2011-01-31,80.0,80.0,80.0,80.0,0.0,0.0,
2011-02-01,80.0,80.0,80.0,80.0,0.0,0.0,
2011-02-02,80.0,80.0,80.0,80.0,0.0,0.0,
2011-02-03,80.0,80.0,80.0,80.0,0.0,0.0,
2011-02-04,80.0,80.0,80.0,80.0,0.0,0.0,
2011-02-07,80.0,80.0,80.0,80.0,0.0,0.0,
2011-02-08,80.0,80.0,80.0,80.0,0.0,0.0,
2011-02-09,80.0,80.0,80.0,80.0,0.0,0.0,
2011-02-10,80.0,80.0,80.0,80.0,0.0,0.0,
2011-02-11,80.0,80.0,80.0,80.0,0.0,0.0,
2011-02-14,80.0,80.0,80.0,80.0,0.0,0.0,
2011-02-15,80.0,80.0,80.0,80.0,0.0,0.0,
2011-02-16,80.0,80.0,80.0,80.0,0.0,0.0,
2011-02-17,80.0,80.0,80.0,80.0,0.0,0.0,
2011-02-18,80.0,80.0,80.0,80.0,0.0,0.0,
2011-02-21,80.0,80.0,80.0,80.0,0.0,0.0,
2011-02-22,80.0,80.0,80.0,80.0,0.0,0.0,
2011-02-23,80.0,80.0,80.0,80.0,0.0,0.0,
2011-02-24,80.0,80.0,80.0,80.0,0.0,0.0,
2011-02-25,80.0,80.0,80.0,80.0,0.0,0.0,
2011-02-28,80.0,80.0,80.0,80.0,0.0,0.0,
2011-03-01,80.0,80.0,80.0,80.0,0.0,0.0,
2011-03-02,80.0,80.0,80.0,80.0,0.0,0.0,
2011-03-03,80.0,80.0,80.0,80.0,0.0,0.0,
2011-03-04,80.0,80.0,80.0,80.0,0.0,0.0,
2011-03-07,80.0,80.0,80.0,80.0,0.0,0.0,
2011-03-08,80.0,80.0,80.0,80.0,0.0,0.0,
2011-03-09,80.0,80.0,80.0,80.0,0.0,0.0,
2011-03-10,80.0,80.0,80.0,80.0,0.0,0.0,
2011-03-11,80.0,80.0,80.0,80.0,0.0,0.0,
2011-03-14,80.0,80.0,80.0,80.0,0.0,0.0,
2011-03-15,80.0,80.0,80.0,80.0,0.0,0.0,
2011-03-16,80.0,80.0,80.0,80.0,0.0,0.0,
2011-03-17,80.0,80.0,80.0,80.0,0.0,0.0,
2011-03-18,80.0,80.0,80.0,80.0,0.0,0.0,
2011-03-19,80.0,80.0,80.0,80.0,0.0,0.0,
2011-03-21,80.0,80.0,80.0,80.0,0.0,0.0,
2011-03-22,80.0,80.0,80.0,80.0,0.0,0.0,
2011-03-23,80.0,80.0,80.0,80.0,0.0,0.0,
2011-03-24,80.0,80.0,80.0,80.0,0.0,0.0,
2011-03-25,80.0,80.0,80.0,80.0,0.0,0.0,
2011-03-28,80.0,80.0,80.0,80.0,0.0,0.0,
2011-03-29,80.0,80.0,80.0,80.0,0.0,0.0,
2011-03-30,80.0,80.0,80.0,80.0,0.0,0.0,
2011-03-31,80.0,80.0,80.0,80.0,0.0,0.0,
2011-04-01,80.0,80.0,80.0,80.0,0.0,0.0,
2011-04-04,80.0,80.0,80.0,80.0,0.0,0.0,
2011-04-05,80.0,80.0,80.0,80.0,0.0,0.0,
2011-04-06,80.0,80.0,80.0,80.0,0.0,0.0,
2011-04-07,80.0,80.0,80.0,80.0,0.0,0.0,
2011-04-08,80.0,80.0,80.0,80.0,0.0,0.0,
2011-04-11,80.0,80.0,80.0,80.0,0.0,0.0,
2011-04-12,80.0,80.0,80.0,80.0,0.0,0.0,
2011-04-13,80.0,80.0,80.0,80.0,0.0,0.0,
2011-04-14,80.0,80.0,80.0,80.0,0.0,0.0,
2011-04-15,80.0,80.0,80.0,80.0,0.0,0.0,
2011-04-18,80.0,80.0,80.0,80.0,0.0,0.0,
2011-04-19,80.0,80.0,80.0,80.0,0.0,0.0,
2011-04-20,80.0,80.0,80.0,80.0,0.0,0.0,
2011-04-21,80.0,80.0,80.0,80.0,0.0,0.0,
2011-04-26,80.0,80.0,80.0,80.0,0.0,0.0,
2011-04-27,80.0,80.0,80.0,80.0,0.0,0.0,
2011-04-28,80.0,80.0,80.0,80.0,0.0,0.0,
2011-04-29,80.0,80.0,80.0,80.0,0.0,0.0,
2011-05-02,80.0,80.0,80.0,80.0,0.0,0.0,
2011-05-03,80.0,80.0,80.0,80.0,0.0,0.0,
2011-05-04,80.0,80.0,80.0,80.0,0.0,0.0,
2011-05-05,80.0,80.0,80.0,80.0,0.0,0.0,
2011-05-06,80.0,80.0,80.0,80.0,0.0,0.0,
2011-05-09,80.0,80.0,80.0,80.0,0.0,0.0,
2011-05-10,80.0,80.0,80.0,80.0,0.0,0.0,
2011-05-11,80.0,80.0,80.0,80.0,0.0,0.0,
2011-05-12,80.0,80.0,80.0,80.0,0.0,0.0,
2011-05-13,80.0,80.0,80.0,80.0,0.0,0.0,
2011-05-16,80.0,80.0,80.0,80.0,0.0,0.0,
2011-05-17,80.0,80.0,80.0,80.0,0.0,0.0,
2011-05-18,80.0,80.0,80.0,80.0,0.0,0.0,
2011-05-19,80.0,80.0,80.0,80.0,0.0,0.0,
2011-05-20,80.0,80.0,80.0,80.0,0.0,0.0,
2011-05-23,80.0,80.0,80.0,80.0,0.0,0.0,
2011-05-24,80.0,80.0,80.0,80.0,0.0,0.0,
2011-05-25,80.0,80.0,80.0,80.0,0.0,0.0,
2011-05-26,80.0,80.0,80.0,80.0,0.0,0.0,
2011-05-27,80.0,80.0,80.0,80.0,0.0,0.0,
2011-05-30,80.0,80.0,80.0,80.0,0.0,0.0,
2011-05-31,80.0,80.0,80.0,80.0,0.0,0.0,
2011-06-01,80.0,80.0,80.0,80.0,0.0,0.0,
2011-06-02,80.0,80.0,80.0,80.0,0.0,0.0,
2011-06-03,80.0,80.0,80.0,80.0,0.0,0.0,
2011-06-06,80.0,80.0,80.0,80.0,0.0,0.0,
2011-06-07,80.0,80.0,80.0,80.0,0.0,0.0,
2011-06-08,80.0,80.0,80.0,80.0,0.0,0.0,
2011-06-09,80.0,80.0,80.0,80.0,0.0,0.0,
2011-06-10,80.0,80.0,80.0,80.0,0.0,0.0,
2011-06-13,80.0,80.0,80.0,80.0,0.0,0.0,
2011-06-14,80.0,80.0,80.0,80.0,0.0,0.0,
2011-06-15,80.0,80.0,80.0,80.0,0.0,0.0,
2011-06-16,80.0,80.0,80.0,80.0,0.0,0.0,
2011-06-17,80.0,80.0,80.0,80.0,0.0,0.0,
2011-06-20,80.0,80.0,80.0,80.0,0.0,0.0,
2011-06-21,80.0,80.0,80.0,80.0,0.0,0.0,
2011-06-22,80.0,80.0,80.0,80.0,0.0,0.0,
2011-06-23,80.0,80.0,80.0,80.0,0.0,0.0,
2011-06-24,80.0,80.0,80.0,80.0,0.0,0.0,
2011-06-27,80.0,80.0,80.0,80.0,0.0,0.0,
2011-06-28,80.0,80.0,80.0,80.0,0.0,0.0,
2011-06-29,80.0,80.0,80.0,80.0,0.0,0.0,
2011-06-30,80.0,80.0,80.0,80.0,0.0,0.0,
2011-07-01,80.0,80.0,80.0,80.0,0.0,0.0,
2011-07-04,80.0,80.0,80.0,80.0,0.0,0.0,
2011-07-05,80.0,80.0,80.0,80.0,0.0,0.0,
2011-07-06,80.0,80.0,80.0,80.0,0.0,0.0,
2011-07-07,80.0,80.0,80.0,80.0,0.0,0.0,
2011-07-08,80.0,80.0,80.0,80.0,0.0,0.0,
2011-07-11,80.0,80.0,80.0,80.0,0.0,0.0,
2011-07-12,80.0,80.0,80.0,80.0,0.0,0.0,
2011-07-13,80.0,80.0,80.0,80.0,0.0,0.0,
2011-07-14,80.0,80.0,80.0,80.0,0.0,0.0,
2011-07-15,80.0,80.0,80.0,80.0,0.0,0.0,
2011-07-18,80.0,80.0,80.0,80.0,0.0,0.0,
2011-07-19,80.0,80.0,80.0,80.0,0.0,0.0,
2011-07-20,80.0,80.0,80.0,80.0,0.0,0.0,
2011-07-21,80.0,80.0,80.0,80.0,0.0,0.0,
2011-07-22,80.0,80.0,80.0,80.0,0.0,0.0,
2011-07-23,80.0,80.0,80.0,80.0,0.0,0.0,
2011-07-25,80.0,80.0,80.0,80.0,0.0,0.0,
2011-07-26,80.0,80.0,80.0,80.0,0.0,0.0,
2011-07-27,80.0,80.0,80.0,80.0,0.0,0.0,
2011-07-28,80.0,80.0,80.0,80.0,0.0,0.0,
2011-07-29,80.0,80.0,80.0,80.0,0.0,0.0,
2011-08-01,80.0,80.0,80.0,80.0,0.0,0.0,
2011-08-02,80.0,80.0,80.0,80.0,0.0,0.0,
2011-08-03,80.0,80.0,80.0,80.0,0.0,0.0,
2011-08-04,80.0,80.0,80.0,80.0,0.0,0.0,
2011-08-05,80.0,80.0,80.0,80.0,0.0,0.0,
2011-08-08,80.0,80.0,80.0,80.0,0.0,0.0,
2011-08-09,80.0,80.0,80.0,80.0,0.0,0.0,
2011-08-10,80.0,80.0,80.0,80.0,0.0,0.0,
2011-08-11,80.0,80.0,80.0,80.0,0.0,0.0,
2011-08-12,80.0,80.0,80.0,80.0,0.0,0.0,
2011-08-15,80.0,80.0,80.0,80.0,0.0,0.0,
2011-08-16,80.0,80.0,80.0,80.0,0.0,0.0,
2011-08-17,80.0,80.0,80.0,80.0,0.0,0.0,
2011-08-18,80.0,80.0,80.0,80.0,0.0,0.0,
2011-08-19,80.0,80.0,80.0,80.0,0.0,0.0,
2011-08-22,80.0,80.0,80.0,80.0,0.0,0.0,
2011-08-23,80.0,80.0,80.0,80.0,0.0,0.0,
2011-08-24,80.0,80.0,80.0,80.0,0.0,0.0,
2011-08-25,80.0,80.0,80.0,80.0,0.0,0.0,
2011-08-26,80.0,80.0,80.0,80.0,0.0,0.0,
2011-08-29,80.0,80.0,80.0,80.0,0.0,0.0,
2011-08-30,80.0,80.0,80.0,80.0,0.0,0.0,
2011-08-31,80.0,80.0,80.0,80.0,0.0,0.0,
2011-09-01,80.0,80.0,80.0,80.0,0.0,0.0,
2011-09-02,80.0,80.0,80.0,80.0,0.0,0.0,
2011-09-05,80.0,80.0,80.0,80.0,0.0,0.0,
2011-09-06,80.0,80.0,80.0,80.0,0.0,0.0,
2011-09-07,80.0,80.0,80.0,80.0,0.0,0.0,
2011-09-08,80.0,80.0,80.0,80.0,0.0,0.0,
2011-09-09,80.0,80.0,80.0,80.0,0.0,0.0,
2011-09-12,80.0,80.0,80.0,80.0,0.0,0.0,
2011-09-13,80.0,80.0,80.0,80.0,0.0,0.0,
2011-09-14,80.0,80.0,80.0,80.0,0.0,0.0,
2011-09-15,80.0,80.0,80.0,80.0,0.0,0.0,
2011-09-16,80.0,80.0,80.0,80.0,0.0,0.0,
2011-09-19,80.0,80.0,80.0,80.0,0.0,0.0,
2011-09-20,80.0,80.0,80.0,80.0,0.0,0.0,
2011-09-21,80.0,80.0,80.0,80.0,0.0,0.0,
2011-09-22,80.0,80.0,80.0,80.0,0.0,0.0,
2011-09-23,80.0,80.0,80.0,80.0,0.0,0.0,
2011-09-26,80.0,80.0,80.0,80.0,0.0,0.0,
2011-09-27,80.0,80.0,80.0,80.0,0.0,0.0,
2011-09-28,80.0,80.0,80.0,80.0,0.0,0.0,
2011-09-29,80.0,80.0,80.0,80.0,0.0,0.0,
2011-09-30,80.0,80.0,80.0,80.0,0.0,0.0,
2011-10-03,80.0,80.0,80.0,80.0,0.0,0.0,
2011-10-04,80.0,80.0,80.0,80.0,0.0,0.0,
2011-10-05,80.0,80.0,80.0,80.0,0.0,0.0,
2011-10-06,80.0,80.0,80.0,80.0,0.0,0.0,
2011-10-07,80.0,80.0,80.0,80.0,0.0,0.0,
2011-10-10,80.0,80.0,80.0,80.0,0.0,0.0,
2011-10-11,80.0,80.0,80.0,80.0,0.0,0.0,
2011-10-12,80.0,80.0,80.0,80.0,0.0,0.0,
2011-10-13,80.0,80.0,80.0,80.0,0.0,0.0,
2011-10-14,80.0,80.0,80.0,80.0,0.0,0.0,
2011-10-17,80.0,80.0,80.0,80.0,0.0,0.0,
2011-10-18,80.0,80.0,80.0,80.0,0.0,0.0,
2011-10-19,80.0,80.0,80.0,80.0,0.0,0.0,
2011-10-20,80.0,80.0,80.0,80.0,0.0,0.0,
2011-10-21,80.0,80.0,80.0,80.0,0.0,0.0,
2011-10-24,80.0,80.0,80.0,80.0,0.0,0.0,
2011-10-25,80.0,80.0,80.0,80.0,0.0,0.0,
2011-10-26,80.0,80.0,80.0,80.0,0.0,0.0,
2011-10-27,80.0,80.0,80.0,80.0,0.0,0.0,
2011-10-28,80.0,80.0,80.0,80.0,0.0,0.0,
2011-10-31,80.0,80.0,80.0,80.0,0.0,0.0,
2011-11-01,80.0,80.0,80.0,80.0,0.0,0.0,
2011-11-02,80.0,80.0,80.0,80.0,0.0,0.0,
2011-11-03,80.0,80.0,80.0,80.0,0.0,0.0,
2011-11-04,80.0,80.0,80.0,80.0,0.0,0.0,
2011-11-07,80.0,80.0,80.0,80.0,0.0,0.0,
2011-11-08,80.0,80.0,80.0,80.0,0.0,0.0,
2011-11-09,80.0,80.0,80.0,80.0,0.0,0.0,
2011-11-10,80.0,80.0,80.0,80.0,0.0,0.0,
2011-11-11,80.0,80.0,80.0,80.0,0.0,0.0,
2011-11-14,80.0,80.0,80.0,80.0,0.0,0.0,
2011-11-15,80.0,80.0,80.0,80.0,0.0,0.0,
2011-11-16,80.0,80.0,80.0,80.0,0.0,0.0,
2011-11-17,80.0,80.0,80.0,80.0,0.0,0.0,
2011-11-18,80.0,80.0,80.0,80.0,0.0,0.0,
2011-11-21,80.0,80.0,80.0,80.0,0.0,0.0,
2011-11-22,80.0,80.0,80.0,80.0,0.0,0.0,
2011-11-23,80.0,80.0,80.0,80.0,0.0,0.0,
2011-11-24,80.0,80.0,80.0,80.0,0.0,0.0,
2011-11-25,80.0,80.0,80.0,80.0,0.0,0.0,
2011-11-28,80.0,80.0,80.0,80.0,0.0,0.0,
2011-11-29,80.0,80.0,80.0,80.0,0.0,0.0,
2011-11-30,80.0,80.0,80.0,80.0,0.0,0.0,
2011-12-01,80.0,80.0,80.0,80.0,0.0,0.0,
2011-12-02,80.0,80.0,80.0,80.0,0.0,0.0,
2011-12-05,80.0,80.0,80.0,80.0,0.0,0.0,
2011-12-06,80.0,80.0,80.0,80.0,0.0,0.0,
2011-12-07,80.0,80.0,80.0,80.0,0.0,0.0,
2011-12-08,80.0,80.0,80.0,80.0,0.0,0.0,
2011-12-09,80.0,80.0,80.0,80.0,0.0,0.0,
2011-12-12,80.0,80.0,80.0,80.0,0.0,0.0,
2011-12-13,80.0,80.0,80.0,80.0,0.0,0.0,
2011-12-14,80.0,80.0,80.0,80.0,0.0,0.0,
2011-12-15,80.0,80.0,80.0,80.0,0.0,0.0,
2011-12-16,80.0,80.0,80.0,80.0,0.0,0.0,
2011-12-19,80.0,80.0,80.0,80.0,0.0,0.0,
2011-12-20,80.0,80.0,80.0,80.0,0.0,0.0,
2011-12-21,80.0,80.0,80.0,80.0,0.0,0.0,
2011-12-22,80.0,80.0,80.0,80.0,0.0,0.0,
2011-12-23,80.0,80.0,80.0,80.0,0.0,0.0,
2011-12-27,80.0,80.0,80.0,80.0,0.0,0.0,
2011-12-28,80.0,80.0,80.0,80.0,0.0,0.0,
2011-12-29,80.0,80.0,80.0,80.0,0.0,0.0,
2011-12-30,80.0,80.0,80.0,80.0,0.0,0.0,
2012-01-02,80.0,80.0,80.0,80.0,0.0,0.0,
2012-01-03,80.0,80.0,80.0,80.0,0.0,0.0,
2012-01-04,80.0,80.0,80.0,80.0,0.0,0.0,
2012-01-05,80.0,80.0,80.0,80.0,0.0,0.0,
2012-01-06,80.0,80.0,80.0,80.0,0.0,0.0,
2012-01-09,80.0,80.0,80.0,80.0,0.0,0.0,
2012-01-10,80.0,80.0,80.0,80.0,0.0,0.0,
2012-01-11,80.0,80.0,80.0,80.0,0.0,0.0,
2012-01-12,80.0,80.0,80.0,80.0,0.0,0.0,
2012-01-13,80.0,80.0,80.0,80.0,0.0,0.0,
2012-01-16,80.0,80.0,80.0,80.0,0.0,0.0,
2012-01-17,80.0,80.0,80.0,80.0,0.0,0.0,
2012-01-18,80.0,80.0,80.0,80.0,0.0,0.0,
2012-01-19,80.0,80.0,80.0,80.0,0.0,0.0,
2012-01-20,80.0,80.0,80.0,80.0,0.0,0.0,
2012-01-23,80.0,80.0,80.0,80.0,0.0,0.0,
2012-01-24,80.0,80.0,80.0,80.0,0.0,0.0,
2012-01-25,80.0,80.0,80.0,80.0,0.0,0.0,
2012-01-26,80.0,80.0,80.0,80.0,0.0,0.0,
2012-01-27,80.0,80.0,80.0,80.0,0.0,0.0,
2012-01-30,80.0,80.0,80.0,80.0,0.0,0.0,
2012-01-31,80.0,80.0,80.0,80.0,0.0,0.0,
2012-02-01,80.0,80.0,80.0,80.0,0.0,0.0,
2012-02-02,80.0,80.0,80.0,80.0,0.0,0.0,
2012-02-03,80.0,80.0,80.0,80.0,0.0,0.0,
2012-02-05,80.0,80.0,80.0,80.0,0.0,0.0,
2012-02-06,80.0,80.0,80.0,80.0,0.0,0.0,
2012-02-07,80.0,80.0,80.0,80.0,0.0,0.0,
2012-02-08,80.0,80.0,80.0,80.0,0.0,0.0,
2012-02-09,80.0,80.0,80.0,80.0,0.0,0.0,
2012-02-10,80.0,80.0,80.0,80.0,0.0,0.0,
2012-02-13,80.0,80.0,80.0,80.0,0.0,0.0,
2012-02-14,80.0,80.0,80.0,80.0,0.0,0.0,
2012-02-15,80.0,80.0,80.0,80.0,0.0,0.0,
2012-02-16,80.0,80.0,80.0,80.0,0.0,0.0,
2012-02-17,80.0,80.0,80.0,80.0,0.0,0.0,
2012-02-20,80.0,80.0,80.0,80.0,0.0,0.0,
2012-02-21,80.0,80.0,80.0,80.0,0.0,0.0,
2012-02-22,80.0,80.0,80.0,80.0,0.0,0.0,
2012-02-23,80.0,80.0,80.0,80.0,0.0,0.0,
2012-02-24,80.0,80.0,80.0,80.0,0.0,0.0,
2012-02-27,80.0,80.0,80.0,80.0,0.0,0.0,
2012-02-28,80.0,80.0,80.0,80.0,0.0,0.0,
2012-02-29,80.0,80.0,80.0,80.0,0.0,0.0,
2012-03-01,80.0,80.0,80.0,80.0,0.0,0.0,
2012-03-02,80.0,80.0,80.0,80.0,0.0,0.0,
2012-03-05,80.0,80.0,80.0,80.0,0.0,0.0,
2012-03-06,80.0,80.0,80.0,80.0,0.0,0.0,
2012-03-07,80.0,80.0,80.0,80.0,0.0,0.0,
2012-03-08,80.0,80.0,80.0,80.0,0.0,0.0,
2012-03-09,80.0,80.0,80.0,80.0,0.0,0.0,
2012-03-12,80.0,80.0,80.0,80.0,0.0,0.0,
2012-03-13,80.0,80.0,80.0,80.0,0.0,0.0,
2012-03-14,80.0,80.0,80.0,80.0,0.0,0.0,
2012-03-15,80.0,80.0,80.0,80.0,0.0,0.0,
2012-03-16,80.0,80.0,80.0,80.0,0.0,0.0,
2012-03-19,80.0,80.0,80.0,80.0,0.0,0.0,
2012-03-20,80.0,80.0,80.0,80.0,0.0,0.0,
2012-03-21,80.0,80.0,80.0,80.0,0.0,0.0,
2012-03-22,80.0,80.0,80.0,80.0,0.0,0.0,
2012-03-23,80.0,80.0,80.0,80.0,0.0,0.0,
2012-03-26,80.0,80.0,80.0,80.0,0.0,0.0,
2012-03-27,80.0,80.0,80.0,80.0,0.0,0.0,
2012-03-28,80.0,80.0,80.0,80.0,0.0,0.0,
2012-03-29,80.0,80.0,80.0,80.0,0.0,0.0,
2012-03-30,80.0,80.0,80.0,80.0,0.0,0.0,
2012-04-02,80.0,80.0,80.0,80.0,0.0,0.0,
2012-04-03,80.0,80.0,80.0,80.0,0.0,0.0,
2012-04-04,80.0,80.0,80.0,80.0,0.0,0.0,
2012-04-05,80.0,80.0,80.0,80.0,0.0,0.0,
2012-04-08,80.0,80.0,80.0,80.0,0.0,0.0,
2012-04-09,80.0,80.0,80.0,80.0,0.0,0.0,
2012-04-10,80.0,80.0,80.0,80.0,0.0,0.0,
2012-04-11,80.0,80.0,80.0,80.0,0.0,0.0,
2012-04-12,80.0,80.0,80.0,80.0,0.0,0.0,
2012-04-13,80.0,80.0,80.0,80.0,0.0,0.0,
2012-04-16,80.0,80.0,80.0,80.0,0.0,0.0,
2012-04-17,80.0,80.0,80.0,80.0,0.0,0.0,
2012-04-18,80.0,80.0,80.0,80.0,0.0,0.0,
2012-04-19,80.0,80.0,80.0,80.0,0.0,0.0,
2012-04-20,80.0,80.0,80.0,80.0,0.0,0.0,
2012-04-23,80.0,80.0,80.0,80.0,0.0,0.0,
2012-04-24,80.0,80.0,80.0,80.0,0.0,0.0,
2012-04-25,80.0,80.0,80.0,80.0,0.0,0.0,
2012-04-26,80.0,80.0,80.0,80.0,0.0,0.0,
2012-04-27,80.0,80.0,80.0,80.0,0.0,0.0,
2012-04-30,80.0,80.0,80.0,80.0,0.0,0.0,
2012-05-01,80.0,80.0,80.0,80.0,0.0,0.0,
2012-05-02,80.0,80.0,80.0,80.0,0.0,0.0,
2012-05-03,80.0,80.0,80.0,80.0,0.0,0.0,
2012-05-04,80.0,80.0,80.0,80.0,0.0,0.0,
2012-05-07,80.0,80.0,80.0,80.0,0.0,0.0,
2012-05-08,80.0,80.0,80.0,80.0,0.0,0.0,
2012-05-09,80.0,80.0,80.0,80.0,0.0,0.0,
2012-05-10,80.0,80.0,80.0,80.0,0.0,0.0,
2012-05-11,80.0,80.0,80.0,80.0,0.0,0.0,
2012-05-14,80.0,80.0,80.0,80.0,0.0,0.0,
2012-05-15,80.0,80.0,80.0,80.0,0.0,0.0,
2012-05-16,80.0,80.0,80.0,80.0,0.0,0.0,
2012-05-17,80.0,80.0,80.0,80.0,0.0,0.0,
2012-05-18,80.0,80.0,80.0,80.0,0.0,0.0,
2012-05-21,80.0,80.0,80.0,80.0,0.0,0.0,
2012-05-22,80.0,80.0,80.0,80.0,0.0,0.0,
2012-05-23,80.0,80.0,80.0,80.0,0.0,0.0,
2012-05-24,80.0,80.0,80.0,80.0,0.0,0.0,
2012-05-25,80.0,80.0,80.0,80.0,0.0,0.0,
2012-05-28,80.0,80.0,80.0,80.0,0.0,0.0,
2012-05-29,80.0,80.0,80.0,80.0,0.0,0.0,
2012-05-30,80.0,80.0,80.0,80.0,0.0,0.0,
2012-05-31,80.0,80.0,80.0,80.0,0.0,0.0,
2012-06-01,80.0,80.0,80.0,80.0,0.0,0.0,
2012-06-04,80.0,80.0,80.0,80.0,0.0,0.0,
2012-06-05,80.0,80.0,80.0,80.0,0.0,0.0,
2012-06-06,80.0,80.0,80.0,80.0,0.0,0.0,
2012-06-07,80.0,80.0,80.0,80.0,0.0,0.0,
2012-06-08,80.0,80.0,80.0,80.0,0.0,0.0,
2012-06-11,80.0,80.0,80.0,80.0,0.0,0.0,
2012-06-12,80.0,80.0,80.0,80.0,0.0,0.0,
2012-06-13,80.0,80.0,80.0,80.0,0.0,0.0,
2012-06-14,80.0,80.0,80.0,80.0,0.0,0.0,
2012-06-15,80.0,80.0,80.0,80.0,0.0,0.0,
2012-06-18,80.0,80.0,80.0,80.0,0.0,0.0,
2012-06-19,80.0,80.0,80.0,80.0,0.0,0.0,
2012-06-20,80.0,80.0,80.0,80.0,0.0,0.0,
2012-06-21,80.0,80.0,80.0,80.0,0.0,0.0,
2012-06-22,80.0,80.0,80.0,80.0,0.0,0.0,
2012-06-25,80.0,80.0,80.0,80.0,0.0,0.0,
2012-06-26,80.0,80.0,80.0,80.0,0.0,0.0,
2012-06-27,80.0,80.0,80.0,80.0,0.0,0.0,
2012-06-28,80.0,80.0,80.0,80.0,0.0,0.0,
2012-06-29,80.0,80.0,80.0,80.0,0.0,0.0,
2012-07-02,80.0,80.0,80.0,80.0,0.0,0.0,
2012-07-03,80.0,80.0,80.0,80.0,0.0,0.0,
2012-07-04,80.0,80.0,80.0,80.0,0.0,0.0,
2012-07-05,80.0,80.0,80.0,80.0,0.0,0.0,
2012-07-06,80.0,80.0,80.0,80.0,0.0,0.0,
2012-07-07,80.0,80.0,80.0,80.0,0.0,0.0,
2012-07-08,80.0,80.0,80.0,80.0,0.0,0.0,
2012-07-09,80.0,80.0,80.0,80.0,0.0,0.0,
2012-07-10,80.0,80.0,80.0,80.0,0.0,0.0,
2012-07-11,80.0,80.0,80.0,80.0,0.0,0.0,
2012-07-12,80.0,80.0,80.0,80.0,0.0,0.0,
2012-07-13,80.0,80.0,80.0,80.0,0.0,0.0,
2012-07-16,80.0,80.0,80.0,80.0,0.0,0.0,
2012-07-17,80.0,80.0,80.0,80.0,0.0,0.0,
2012-07-18,80.0,80.0,80.0,80.0,0.0,0.0,
2012-07-19,80.0,80.0,80.0,80.0,0.0,0.0,
2012-07-20,80.0,80.0,80.0,80.0,0.0,0.0,
2012-07-23,80.0,80.0,80.0,80.0,0.0,0.0,
2012-07-24,80.0,80.0,80.0,80.0,0.0,0.0,
2012-07-25,80.0,80.0,80.0,80.0,0.0,0.0,
2012-07-26,80.0,80.0,80.0,80.0,0.0,0.0,
2012-07-27,80.0,80.0,80.0,80.0,0.0,0.0,
2012-07-30,80.0,80.0,80.0,80.0,0.0,0.0,
2012-07-31,80.0,80.0,80.0,80.0,0.0,0.0,
2012-08-01,80.0,80.0,80.0,80.0,0.0,0.0,
2012-08-02,80.0,80.0,80.0,80.0,0.0,0.0,
2012-08-03,80.0,80.0,80.0,80.0,0.0,0.0,
2012-08-06,80.0,80.0,80.0,80.0,0.0,0.0,
2012-08-07,80.0,80.0,80.0,80.0,0.0,0.0,
2012-08-08,80.0,80.0,80.0,80.0,0.0,0.0,
2012-08-09,80.0,80.0,80.0,80.0,0.0,0.0,
2012-08-10,80.0,80.0,80.0,80.0,0.0,0.0,
2012-08-13,80.0,80.0,80.0,80.0,0.0,0.0,
2012-08-14,80.0,80.0,80.0,80.0,0.0,0.0,
2012-08-15,80.0,80.0,80.0,80.0,0.0,0.0,
2012-08-16,80.0,80.0,80.0,80.0,0.0,0.0,
2012-08-17,80.0,80.0,80.0,80.0,0.0,0.0,
2012-08-20,80.0,80.0,80.0,80.0,0.0,0.0,
2012-08-21,80.0,80.0,80.0,80.0,0.0,0.0,
2012-08-22,80.0,80.0,80.0,80.0,0.0,0.0,
2012-08-23,80.0,80.0,80.0,80.0,0.0,0.0,
2012-08-24,80.0,80.0,80.0,80.0,0.0,0.0,
2012-08-27,80.0,80.0,80.0,80.0,0.0,0.0,
2012-08-28,80.0,80.0,80.0,80.0,0.0,0.0,
2012-08-29,80.0,80.0,80.0,80.0,0.0,0.0,
2012-08-30,80.0,80.0,80.0,80.0,0.0,0.0,
2012-08-31,80.0,80.0,80.0,80.0,0.0,0.0,
2012-09-03,80.0,80.0,80.0,80.0,0.0,0.0,
2012-09-04,80.0,80.0,80.0,80.0,0.0,0.0,
2012-09-05,80.0,80.0,80.0,80.0,0.0,0.0,
2012-09-06,80.0,80.0,80.0,80.0,0.0,0.0,
2012-09-07,80.0,80.0,80.0,80.0,0.0,0.0,
2012-09-10,80.0,80.0,80.0,80.0,0.0,0.0,
2012-09-11,80.0,80.0,80.0,80.0,0.0,0.0,
2012-09-12,80.0,80.0,80.0,80.0,0.0,0.0,
2012-09-13,80.0,80.0,80.0,80.0,0.0,0.0,
2012-09-14,80.0,80.0,80.0,80.0,0.0,0.0,
2012-09-17,80.0,80.0,80.0,80.0,0.0,0.0,
2012-09-18,80.0,80.0,80.0,80.0,0.0,0.0,
2012-09-19,80.0,80.0,80.0,80.0,0.0,0.0,
2012-09-20,80.0,80.0,80.0,80.0,0.0,0.0,
2012-09-21,80.0,80.0,80.0,80.0,0.0,0.0,
2012-09-24,80.0,80.0,80.0,80.0,0.0,0.0,
2012-09-25,80.0,80.0,80.0,80.0,0.0,0.0,
2012-09-26,80.0,80.0,80.0,80.0,0.0,0.0,
2012-09-27,80.0,80.0,80.0,80.0,0.0,0.0,
2012-09-28,80.0,80.0,80.0,80.0,0.0,0.0,
2012-10-01,80.0,80.0,80.0,80.0,0.0,0.0,
2012-10-02,80.0,80.0,80.0,80.0,0.0,0.0,
2012-10-03,80.0,80.0,80.0,80.0,0.0,0.0,
2012-10-04,80.0,80.0,80.0,80.0,0.0,0.0,
2012-10-05,80.0,80.0,80.0,80.0,0.0,0.0,
2012-10-08,80.0,80.0,80.0,80.0,0.0,0.0,
2012-10-09,80.0,80.0,80.0,80.0,0.0,0.0,
2012-10-10,80.0,80.0,80.0,80.0,0.0,0.0,
2012-10-11,80.0,80.0,80.0,80.0,0.0,0.0,
2012-10-12,80.0,80.0,80.0,80.0,0.0,0.0,
2012-10-15,80.0,80.0,80.0,80.0,0.0,0.0,
2012-10-16,80.0,80.0,80.0,80.0,0.0,0.0,
2012-10-17,80.0,80.0,80.0,80.0,0.0,0.0,
2012-10-18,80.0,80.0,80.0,80.0,0.0,0.0,
2012-10-19,80.0,80.0,80.0,80.0,0.0,0.0,
2012-10-22,80.0,80.0,80.0,80.0,0.0,0.0,
2012-10-23,80.0,80.0,80.0,80.0,0.0,0.0,
2012-10-24,80.0,80.0,80.0,80.0,0.0,0.0,
2012-10-25,80.0,80.0,80.0,80.0,0.0,0.0,
2012-10-26,80.0,80.0,80.0,80.0,0.0,0.0,
2012-10-29,80.0,80.0,80.0,80.0,0.0,0.0,
2012-10-30,80.0,80.0,80.0,80.0,0.0,0.0,
2012-10-31,80.0,80.0,80.0,80.0,0.0,0.0,
2012-11-01,80.0,80.0,80.0,80.0,0.0,0.0,
2012-11-02,80.0,80.0,80.0,80.0,0.0,0.0,
2012-11-05,80.0,80.0,80.0,80.0,0.0,0.0,
2012-11-06,80.0,80.0,80.0,80.0,0.0,0.0,
2012-11-07,80.0,80.0,80.0,80.0,0.0,0.0,
2012-11-08,80.0,80.0,80.0,80.0,0.0,0.0,
2012-11-09,80.0,80.0,80.0,80.0,0.0,0.0,
2012-11-12,80.0,80.0,80.0,80.0,0.0,0.0,
2012-11-13,80.0,80.0,80.0,80.0,0.0,0.0,
2012-11-14,80.0,80.0,80.0,80.0,0.0,0.0,
2012-11-15,80.0,80.0,80.0,80.0,0.0,0.0,
2012-11-16,80.0,80.0,80.0,80.0,0.0,0.0,
2012-11-19,80.0,80.0,80.0,80.0,0.0,0.0,
2012-11-20,80.0,80.0,80.0,80.0,0.0,0.0,
2012-11-21,80.0,80.0,80.0,80.0,0.0,0.0,
2012-11-22,80.0,80.0,80.0,80.0,0.0,0.0,
2012-11-23,80.0,80.0,80.0,80.0,0.0,0.0,
2012-11-26,80.0,80.0,80.0,80.0,0.0,0.0,
2012-11-27,80.0,80.0,80.0,80.0,0.0,0.0,
2012-11-28,80.0,80.0,80.0,80.0,0.0,0.0,
2012-11-29,80.0,80.0,80.0,80.0,0.0,0.0,
2012-11-30,80.0,80.0,80.0,80.0,0.0,0.0,
2012-12-03,80.0,80.0,80.0,80.0,0.0,0.0,
2012-12-04,80.0,80.0,80.0,80.0,0.0,0.0,
2012-12-05,80.0,80.0,80.0,80.0,0.0,0.0,
2012-12-06,80.0,80.0,80.0,80.0,0.0,0.0,
2012-12-07,80.0,80.0,80.0,80.0,0.0,0.0,
2012-12-10,80.0,80.0,80.0,80.0,0.0,0.0,
2012-12-11,80.0,80.0,80.0,80.0,0.0,0.0,
2012-12-12,80.0,80.0,80.0,80.0,0.0,0.0,
2012-12-13,80.0,80.0,80.0,80.0,0.0,0.0,
2012-12-14,80.0,80.0,80.0,80.0,0.0,0.0,
2012-12-17,80.0,80.0,80.0,80.0,0.0,0.0,
2012-12-18,80.0,80.0,80.0,80.0,0.0,0.0,
2012-12-19,80.0,80.0,80.0,80.0,0.0,0.0,
2012-12-20,80.0,80.0,80.0,80.0,0.0,0.0,
2012-12-21,80.0,80.0,80.0,80.0,0.0,0.0,
2012-12-24,80.0,80.0,80.0,80.0,0.0,0.0,
2012-12-27,80.0,80.0,80.0,80.0,0.0,0.0,
2012-12-28,80.0,80.0,80.0,80.0,0.0,0.0,
2012-12-31,80.0,80.0,80.0,80.0,0.0,0.0,
2013-01-02,80.0,80.0,80.0,80.0,0.0,0.0,
2013-01-03,80.0,80.0,80.0,80.0,0.0,0.0,
2013-01-04,80.0,80.0,80.0,80.0,0.0,0.0,
2013-01-07,80.0,80.0,80.0,80.0,0.0,0.0,
2013-01-08,80.0,80.0,80.0,80.0,0.0,0.0,
2013-01-09,80.0,80.0,80.0,80.0,0.0,0.0,
2013-01-10,80.0,80.0,80.0,80.0,0.0,0.0,
2013-01-11,80.0,80.0,80.0,80.0,0.0,0.0,
2013-01-14,80.0,80.0,80.0,80.0,0.0,0.0,
2013-01-15,80.0,80.0,80.0,80.0,0.0,0.0,
2013-01-16,80.0,80.0,80.0,80.0,0.0,0.0,
2013-01-17,80.0,80.0,80.0,80.0,0.0,0.0,
2013-01-18,80.0,80.0,80.0,80.0,0.0,0.0,
2013-01-21,80.0,80.0,80.0,80.0,0.0,0.0,
2013-01-22,80.0,80.0,80.0,80.0,0.0,0.0,
2013-01-23,80.0,80.0,80.0,80.0,0.0,0.0,
2013-01-24,80.0,80.0,80.0,80.0,0.0,0.0,
2013-01-25,80.0,80.0,80.0,80.0,0.0,0.0,
2013-01-28,80.0,80.0,80.0,80.0,0.0,0.0,
2013-01-29,80.0,80.0,80.0,80.0,0.0,0.0,
2013-01-30,80.0,80.0,80.0,80.0,0.0,0.0,
2013-01-31,80.0,80.0,80.0,80.0,0.0,0.0,
2013-02-01,80.0,80.0,80.0,80.0,0.0,0.0,
2013-02-04,80.0,80.0,80.0,80.0,0.0,0.0,
2013-02-05,80.0,80.0,80.0,80.0,0.0,0.0,
2013-02-06,80.0,80.0,80.0,80.0,0.0,0.0,
2013-02-07,80.0,80.0,80.0,80.0,0.0,0.0,
2013-02-08,80.0,80.0,80.0,80.0,0.0,0.0,
2013-02-11,80.0,80.0,80.0,80.0,0.0,0.0,
2013-02-12,80.0,80.0,80.0,80.0,0.0,0.0,
2013-02-13,80.0,80.0,80.0,80.0,0.0,0.0,
2013-02-14,80.0,80.0,80.0,80.0,0.0,0.0,
2013-02-15,80.0,80.0,80.0,80.0,0.0,0.0,
2013-02-18,80.0,80.0,80.0,80.0,0.0,0.0,
2013-02-19,80.0,80.0,80.0,80.0,0.0,0.0,
2013-02-20,80.0,80.0,80.0,80.0,0.0,0.0,
2013-02-21,80.0,80.0,80.0,80.0,0.0,0.0,
2013-02-22,80.0,80.0,80.0,80.0,0.0,0.0,
2013-02-25,80.0,80.0,80.0,80.0,0.0,0.0,
2013-02-26,80.0,80.0,80.0,80.0,0.0,0.0,
2013-02-27,80.0,80.0,80.0,80.0,0.0,0.0,
2013-02-28,80.0,80.0,80.0,80.0,0.0,0.0,
2013-03-01,80.0,80.0,80.0,80.0,0.0,0.0,
2013-03-04,80.0,80.0,80.0,80.0,0.0,0.0,
2013-03-05,80.0,80.0,80.0,80.0,0.0,0.0,
2013-03-06,80.0,80.0,80.0,80.0,0.0,0.0,
2013-03-07,80.0,80.0,80.0,80.0,0.0,0.0,
2013-03-08,80.0,80.0,80.0,80.0,0.0,0.0,
2013-03-11,80.0,80.0,80.0,80.0,0.0,0.0,
2013-03-12,80.0,80.0,80.0,80.0,0.0,0.0,
2013-03-13,80.0,80.0,80.0,80.0,0.0,0.0,
2013-03-14,80.0,80.0,80.0,80.0,0.0,0.0,
2013-03-15,80.0,80.0,80.0,80.0,0.0,0.0,
2013-03-18,80.0,80.0,80.0,80.0,0.0,0.0,
2013-03-19,80.0,80.0,80.0,80.0,0.0,0.0,
2013-03-20,80.0,80.0,80.0,80.0,0.0,0.0,
2013-03-21,80.0,80.0,80.0,80.0,0.0,0.0,
2013-03-22,80.0,80.0,80.0,80.0,0.0,0.0,
2013-03-25,80.0,80.0,80.0,80.0,0.0,0.0,
2013-03-26,80.0,80.0,80.0,80.0,0.0,0.0,
2013-03-27,80.0,80.0,80.0,80.0,0.0,0.0,
2013-03-28,80.0,80.0,80.0,80.0,0.0,0.0,
2013-04-01,80.0,80.0,80.0,80.0,0.0,0.0,
2013-04-02,80.0,80.0,80.0,80.0,0.0,0.0,
2013-04-03,80.0,80.0,80.0,80.0,0.0,0.0,
2013-04-04,80.0,80.0,80.0,80.0,0.0,0.0,
2013-04-05,80.0,80.0,80.0,80.0,0.0,0.0,
2013-04-08,80.0,80.0,80.0,80.0,0.0,0.0,
2013-04-09,80.0,80.0,80.0,80.0,0.0,0.0,
2013-04-10,80.0,80.0,80.0,80.0,0.0,0.0,
2013-04-11,80.0,80.0,80.0,80.0,0.0,0.0,
2013-04-12,80.0,80.0,80.0,80.0,0.0,0.0,
2013-04-15,80.0,80.0,80.0,80.0,0.0,0.0,
2013-04-16,80.0,80.0,80.0,80.0,0.0,0.0,
2013-04-17,80.0,80.0,80.0,80.0,0.0,0.0,
2013-04-18,80.0,80.0,80.0,80.0,0.0,0.0,
2013-04-19,80.0,80.0,80.0,80.0,0.0,0.0,
2013-04-22,80.0,80.0,80.0,80.0,0.0,0.0,
2013-04-23,80.0,80.0,80.0,80.0,0.0,0.0,
2013-04-24,80.0,80.0,80.0,80.0,0.0,0.0,
2013-04-25,80.0,80.0,80.0,80.0,0.0,0.0,
2013-04-26,80.0,80.0,80.0,80.0,0.0,0.0,
2013-04-29,80.0,80.0,80.0,80.0,0.0,0.0,
2013-04-30,80.0,80.0,80.0,80.0,0.0,0.0,
2013-05-01,80.0,80.0,80.0,80.0,0.0,0.0,
2013-05-02,80.0,80.0,80.0,80.0,0.0,0.0,
2013-05-03,80.0,80.0,80.0,80.0,0.0,0.0,
2013-05-06,80.0,80.0,80.0,80.0,0.0,0.0,
2013-05-07,80.0,80.0,80.0,80.0,0.0,0.0,
2013-05-08,80.0,80.0,80.0,80.0,0.0,0.0,
2013-05-09,80.0,80.0,80.0,80.0,0.0,0.0,
2013-05-10,80.0,80.0,80.0,80.0,0.0,0.0,
2013-05-13,80.0,80.0,80.0,80.0,0.0,0.0,
2013-05-14,80.0,80.0,80.0,80.0,0.0,0.0,
2013-05-15,80.0,80.0,80.0,80.0,0.0,0.0,
2013-05-16,80.0,80.0,80.0,80.0,0.0,0.0,
2013-05-17,80.0,80.0,80.0,80.0,0.0,0.0,
2013-05-20,80.0,80.0,80.0,80.0,0.0,0.0,
2013-05-21,80.0,80.0,80.0,80.0,0.0,0.0,
2013-05-22,80.0,80.0,80.0,80.0,0.0,0.0,
2013-05-23,80.0,80.0,80.0,80.0,0.0,0.0,
2013-05-24,80.0,80.0,80.0,80.0,0.0,0.0,
2013-05-27,80.0,80.0,80.0,80.0,0.0,0.0,
2013-05-28,80.0,80.0,80.0,80.0,0.0,0.0,
2013-05-29,80.0,80.0,80.0,80.0,0.0,0.0,
2013-05-30,80.0,80.0,80.0,80.0,0.0,0.0,
2013-05-31,80.0,80.0,80.0,80.0,0.0,0.0,
2013-06-03,80.0,80.0,80.0,80.0,0.0,0.0,
2013-06-04,80.0,80.0,80.0,80.0,0.0,0.0,
2013-06-05,80.0,80.0,80.0,80.0,0.0,0.0,
2013-06-06,80.0,80.0,80.0,80.0,0.0,0.0,
2013-06-07,80.0,80.0,80.0,80.0,0.0,0.0,
2013-06-10,80.0,80.0,80.0,80.0,0.0,0.0,
2013-06-11,80.0,80.0,80.0,80.0,0.0,0.0,
2013-06-12,80.0,80.0,80.0,80.0,0.0,0.0,
2013-06-13,80.0,80.0,80.0,80.0,0.0,0.0,
2013-06-14,80.0,80.0,80.0,80.0,0.0,0.0,
2013-06-17,80.0,80.0,80.0,80.0,0.0,0.0,
2013-06-18,80.0,80.0,80.0,80.0,0.0,0.0,
2013-06-19,80.0,80.0,80.0,80.0,0.0,0.0,
2013-06-20,80.0,80.0,80.0,80.0,0.0,0.0,
2013-06-21,80.0,80.0,80.0,80.0,0.0,0.0,
2013-06-24,80.0,80.0,80.0,80.0,0.0,0.0,
2013-06-25,80.0,80.0,80.0,80.0,0.0,0.0,
2013-06-26,80.0,80.0,80.0,80.0,0.0,0.0,
2013-06-27,80.0,80.0,80.0,80.0,0.0,0.0,
2013-06-28,80.0,80.0,80.0,80.0,0.0,0.0,
2013-07-01,80.0,80.0,80.0,80.0,0.0,0.0,
2013-07-02,80.0,80.0,80.0,80.0,0.0,0.0,
2013-07-03,80.0,80.0,80.0,80.0,0.0,0.0,
2013-07-04,80.0,80.0,80.0,80.0,0.0,0.0,
2013-07-05,80.0,80.0,80.0,80.0,0.0,0.0,
2013-07-08,80.0,80.0,80.0,80.0,0.0,0.0,
2013-07-09,80.0,80.0,80.0,80.0,0.0,0.0,
2013-07-10,80.0,80.0,80.0,80.0,0.0,0.0,
2013-07-11,80.0,80.0,80.0,80.0,0.0,0.0,
2013-07-12,80.0,80.0,80.0,80.0,0.0,0.0,
2013-07-15,80.0,80.0,80.0,80.0,0.0,0.0,
2013-07-16,80.0,80.0,80.0,80.0,0.0,0.0,
2013-07-17,80.0,80.0,80.0,80.0,0.0,0.0,
2013-07-18,80.0,80.0,80.0,80.0,0.0,0.0,
2013-07-19,80.0,80.0,80.0,80.0,0.0,0.0,
2013-07-22,80.0,80.0,80.0,80.0,0.0,0.0,
2013-07-23,80.0,80.0,80.0,80.0,0.0,0.0,
2013-07-24,80.0,80.0,80.0,80.0,0.0,0.0,
2013-07-25,80.0,80.0,80.0,80.0,0.0,0.0,
2013-07-26,80.0,80.0,80.0,80.0,0.0,0.0,
2013-07-29,80.0,80.0,80.0,80.0,0.0,0.0,
2013-07-30,80.0,80.0,80.0,80.0,0.0,0.0,
2013-07-31,80.0,80.0,80.0,80.0,0.0,0.0,
2013-08-01,80.0,80.0,80.0,80.0,0.0,0.0,
2013-08-02,80.0,80.0,80.0,80.0,0.0,0.0,
2013-08-05,80.0,80.0,80.0,80.0,0.0,0.0,
2013-08-06,80.0,80.0,80.0,80.0,0.0,0.0,
2013-08-07,80.0,80.0,80.0,80.0,0.0,0.0,
2013-08-08,80.0,80.0,80.0,80.0,0.0,0.0,
2013-08-09,80.0,80.0,80.0,80.0,0.0,0.0,
2013-08-12,80.0,80.0,80.0,80.0,0.0,0.0,
2013-08-13,80.0,80.0,80.0,80.0,0.0,0.0,
2013-08-14,80.0,80.0,80.0,80.0,0.0,0.0,
2013-08-15,80.0,80.0,80.0,80.0,0.0,0.0,
2013-08-16,80.0,80.0,80.0,80.0,0.0,0.0,
2013-08-19,80.0,80.0,80.0,80.0,0.0,0.0,
2013-08-20,80.0,80.0,80.0,80.0,0.0,0.0,
2013-08-21,80.0,80.0,80.0,80.0,0.0,0.0,
2013-08-22,80.0,80.0,80.0,80.0,0.0,0.0,
2013-08-23,80.0,80.0,80.0,80.0,0.0,0.0,
2013-08-26,80.0,80.0,80.0,80.0,0.0,0.0,
2013-08-27,80.0,80.0,80.0,80.0,0.0,0.0,
2013-08-28,80.0,80.0,80.0,80.0,0.0,0.0,
2013-08-29,80.0,80.0,80.0,80.0,0.0,0.0,
2013-08-30,80.0,80.0,80.0,80.0,0.0,0.0,
2013-09-02,80.0,80.0,80.0,80.0,0.0,0.0,
2013-09-03,80.0,80.0,80.0,80.0,0.0,0.0,
2013-09-04,80.0,80.0,80.0,80.0,0.0,0.0,
2013-09-05,80.0,80.0,80.0,80.0,0.0,0.0,
2013-09-06,80.0,80.0,80.0,80.0,0.0,0.0,
2013-09-09,80.0,80.0,80.0,80.0,0.0,0.0,
2013-09-10,80.0,80.0,80.0,80.0,0.0,0.0,
2013-09-11,80.0,80.0,80.0,80.0,0.0,0.0,
2013-09-12,80.0,80.0,80.0,80.0,0.0,0.0,
2013-09-13,80.0,80.0,80.0,80.0,0.0,0.0,
2013-09-16,80.0,80.0,80.0,80.0,0.0,0.0,
2013-09-17,80.0,80.0,80.0,80.0,0.0,0.0,
2013-09-18,80.0,80.0,80.0,80.0,0.0,0.0,
2013-09-19,80.0,80.0,80.0,80.0,0.0,0.0,
2013-09-20,80.0,80.0,80.0,80.0,0.0,0.0,
2013-09-23,80.0,80.0,80.0,80.0,0.0,0.0,
2013-09-24,80.0,80.0,80.0,80.0,0.0,0.0,
2013-09-25,80.0,80.0,80.0,80.0,0.0,0.0,
2013-09-26,80.0,80.0,80.0,80.0,0.0,0.0,
2013-09-27,80.0,80.0,80.0,80.0,0.0,0.0,
2013-09-30,80.0,80.0,80.0,80.0,0.0,0.0,
2013-10-01,80.0,80.0,80.0,80.0,0.0,0.0,
2013-10-02,80.0,80.0,80.0,80.0,0.0,0.0,
2013-10-03,80.0,80.0,80.0,80.0,0.0,0.0,
2013-10-04,80.0,80.0,80.0,80.0,0.0,0.0,
2013-10-07,80.0,80.0,80.0,80.0,0.0,0.0,
2013-10-08,80.0,80.0,80.0,80.0,0.0,0.0,
2013-10-09,80.0,80.0,80.0,80.0,0.0,0.0,
2013-10-10,80.0,80.0,80.0,80.0,0.0,0.0,
2013-10-11,80.0,80.0,80.0,80.0,0.0,0.0,
2013-10-14,80.0,80.0,80.0,80.0,0.0,0.0,
2013-10-15,80.0,80.0,80.0,80.0,0.0,0.0,
2013-10-16,80.0,80.0,80.0,80.0,0.0,0.0,
2013-10-17,80.0,80.0,80.0,80.0,0.0,0.0,
2013-10-18,80.0,80.0,80.0,80.0,0.0,0.0,
2013-10-21,80.0,80.0,80.0,80.0,0.0,0.0,
2013-10-22,80.0,80.0,80.0,80.0,0.0,0.0,
2013-10-23,80.0,80.0,80.0,80.0,0.0,0.0,
2013-10-24,80.0,80.0,80.0,80.0,0.0,0.0,
2013-10-25,80.0,80.0,80.0,80.0,0.0,0.0,
2013-10-28,80.0,80.0,80.0,80.0,0.0,0.0,
2013-10-29,80.0,80.0,80.0,80.0,0.0,0.0,
2013-10-30,80.0,80.0,80.0,80.0,0.0,0.0,
2013-10-31,80.0,80.0,80.0,80.0,0.0,0.0,
2013-11-01,80.0,80.0,80.0,80.0,0.0,0.0,
2013-11-04,80.0,80.0,80.0,80.0,0.0,0.0,
2013-11-05,80.0,80.0,80.0,80.0,0.0,0.0,
2013-11-06,80.0,80.0,80.0,80.0,0.0,0.0,
2013-11-07,80.0,80.0,80.0,80.0,0.0,0.0,
2013-11-08,80.0,80.0,80.0,80.0,0.0,0.0,
2013-11-11,80.0,80.0,80.0,80.0,0.0,0.0,
2013-11-12,80.0,80.0,80.0,80.0,0.0,0.0,
2013-11-13,80.0,80.0,80.0,80.0,0.0,0.0,
2013-11-14,80.0,80.0,80.0,80.0,0.0,0.0,
2013-11-15,80.0,80.0,80.0,80.0,0.0,0.0,
2013-11-18,80.0,80.0,80.0,80.0,0.0,0.0,
2013-11-19,80.0,80.0,80.0,80.0,0.0,0.0,
2013-11-20,80.0,80.0,80.0,80.0,0.0,0.0,
2013-11-21,80.0,80.0,80.0,80.0,0.0,0.0,
2013-11-22,80.0,80.0,80.0,80.0,0.0,0.0,
2013-11-25,80.0,80.0,80.0,80.0,0.0,0.0,
2013-11-26,80.0,80.0,80.0,80.0,0.0,0.0,
2013-11-27,80.0,80.0,80.0,80.0,0.0,0.0,
2013-11-28,80.0,80.0,80.0,80.0,0.0,0.0,
2013-11-29,80.0,80.0,80.0,80.0,0.0,0.0,
2013-12-02,80.0,80.0,80.0,80.0,0.0,0.0,
2013-12-03,80.0,80.0,80.0,80.0,0.0,0.0,
2013-12-04,80.0,80.0,80.0,80.0,0.0,0.0,
2013-12-05,80.0,80.0,80.0,80.0,0.0,0.0,
2013-12-06,80.0,80.0,80.0,80.0,0.0,0.0,
2013-12-09,80.0,80.0,80.0,80.0,0.0,0.0,
2013-12-10,80.0,80.0,80.0,80.0,0.0,0.0,
2013-12-11,80.0,80.0,80.0,80.0,0.0,0.0,
2013-12-12,80.0,80.0,80.0,80.0,0.0,0.0,
2013-12-13,80.0,80.0,80.0,80.0,0.0,0.0,
2013-12-16,80.0,80.0,80.0,80.0,0.0,0.0,
2013-12-17,80.0,80.0,80.0,80.0,0.0,0.0,
2013-12-18,80.0,80.0,80.0,80.0,0.0,0.0,
2013-12-19,80.0,80.0,80.0,80.0,0.0,0.0,
2013-12-20,80.0,80.0,80.0,80.0,0.0,0.0,
2013-12-23,80.0,80.0,80.0,80.0,0.0,0.0,
2013-12-24,80.0,80.0,80.0,80.0,0.0,0.0,
2013-12-27,80.0,80.0,80.0,80.0,0.0,0.0,
2013-12-30,80.0,80.0,80.0,80.0,0.0,0.0,
2013-12-31,80.0,80.0,80.0,80.0,0.0,0.0,
2014-01-02,80.0,80.0,80.0,80.0,0.0,0.0,
2014-01-03,80.0,80.0,80.0,80.0,0.0,0.0,
2014-01-06,80.0,80.0,80.0,80.0,0.0,0.0,
2014-01-07,80.0,80.0,80.0,80.0,0.0,0.0,
2014-01-08,80.0,80.0,80.0,80.0,0.0,0.0,
2014-01-09,80.0,80.0,80.0,80.0,0.0,0.0,
2014-01-10,80.0,80.0,80.0,80.0,0.0,0.0,
2014-01-13,80.0,80.0,80.0,80.0,0.0,0.0,
2014-01-14,80.0,80.0,80.0,80.0,0.0,0.0,
2014-01-15,80.0,80.0,80.0,80.0,0.0,0.0,
2014-01-16,80.0,80.0,80.0,80.0,0.0,0.0,
2014-01-17,80.0,80.0,80.0,80.0,0.0,0.0,
2014-01-20,80.0,80.0,80.0,80.0,0.0,0.0,
2014-01-21,80.0,80.0,80.0,80.0,0.0,0.0,
2014-01-22,80.0,80.0,80.0,80.0,0.0,0.0,
2014-01-23,80.0,80.0,80.0,80.0,0.0,0.0,
2014-01-24,80.0,80.0,80.0,80.0,0.0,0.0,
2014-01-27,80.0,80.0,80.0,80.0,0.0,0.0,
2014-01-28,80.0,80.0,80.0,80.0,0.0,0.0,
2014-01-29,80.0,80.0,80.0,80.0,0.0,0.0,
2014-01-30,80.0,80.0,80.0,80.0,0.0,0.0,
2014-01-31,80.0,80.0,80.0,80.0,0.0,0.0,
2014-02-03,80.0,80.0,80.0,80.0,0.0,0.0,
2014-02-04,80.0,80.0,80.0,80.0,0.0,0.0,
2014-02-05,80.0,80.0,80.0,80.0,0.0,0.0,
2014-02-06,80.0,80.0,80.0,80.0,0.0,0.0,
2014-02-07,80.0,80.0,80.0,80.0,0.0,0.0,
2014-02-10,80.0,80.0,80.0,80.0,0.0,0.0,
2014-02-11,80.0,80.0,80.0,80.0,0.0,0.0,
2014-02-12,80.0,80.0,80.0,80.0,0.0,0.0,
2014-02-13,80.0,80.0,80.0,80.0,0.0,0.0,
2014-02-14,80.0,80.0,80.0,80.0,0.0,0.0,
2014-02-17,80.0,80.0,80.0,80.0,0.0,0.0,
2014-02-18,80.0,80.0,80.0,80.0,0.0,0.0,
2014-02-19,80.0,80.0,80.0,80.0,0.0,0.0,
2014-02-20,80.0,80.0,80.0,80.0,0.0,0.0,
2014-02-21,80.0,80.0,80.0,80.0,0.0,0.0,
2014-02-24,80.0,80.0,80.0,80.0,0.0,0.0,
2014-02-25,80.0,80.0,80.0,80.0,0.0,0.0,
2014-02-26,80.0,80.0,80.0,80.0,0.0,0.0,
2014-02-27,80.0,80.0,80.0,80.0,0.0,0.0,
2014-02-28,80.0,80.0,80.0,80.0,0.0,0.0,
2014-03-03,80.0,80.0,80.0,80.0,0.0,0.0,
2014-03-04,80.0,80.0,80.0,80.0,0.0,0.0,
2014-03-05,80.0,80.0,80.0,80.0,0.0,0.0,
2014-03-06,80.0,80.0,80.0,80.0,0.0,0.0,
2014-03-07,80.0,80.0,80.0,80.0,0.0,0.0,
2014-03-10,80.0,80.0,80.0,80.0,0.0,0.0,
2014-03-11,80.0,80.0,80.0,80.0,0.0,0.0,
2014-03-12,80.0,80.0,80.0,80.0,0.0,0.0,
2014-03-13,80.0,80.0,80.0,80.0,0.0,0.0,
2014-03-14,80.0,80.0,80.0,80.0,0.0,0.0,
2014-03-17,80.0,80.0,80.0,80.0,0.0,0.0,
2014-03-18,80.0,80.0,80.0,80.0,0.0,0.0,
2014-03-19,80.0,80.0,80.0,80.0,0.0,0.0,
2014-03-20,80.0,80.0,80.0,80.0,0.0,0.0,
2014-03-21,80.0,80.0,80.0,80.0,0.0,0.0,
2014-03-24,80.0,80.0,80.0,80.0,0.0,0.0,
2014-03-25,80.0,80.0,80.0,80.0,0.0,0.0,
2014-03-26,80.0,80.0,80.0,80.0,0.0,0.0,
2014-03-27,80.0,80.0,80.0,80.0,0.0,0.0,
2014-03-28,80.0,80.0,80.0,80.0,0.0,0.0,
2014-03-31,80.0,80.0,80.0,80.0,0.0,0.0,
2014-04-01,80.0,80.0,80.0,80.0,0.0,0.0,
2014-04-02,80.0,80.0,80.0,80.0,0.0,0.0,
2014-04-03,80.0,80.0,80.0,80.0,0.0,0.0,
2014-04-04,80.0,80.0,80.0,80.0,0.0,0.0,
2014-04-07,80.0,80.0,80.0,80.0,0.0,0.0,
2014-04-08,80.0,80.0,80.0,80.0,0.0,0.0,
2014-04-09,80.0,80.0,80.0,80.0,0.0,0.0,
2014-04-10,80.0,80.0,80.0,80.0,0.0,0.0,
2014-04-11,80.0,80.0,80.0,80.0,0.0,0.0,
2014-04-14,80.0,80.0,80.0,80.0,0.0,0.0,
2014-04-15,80.0,80.0,80.0,80.0,0.0,0.0,
2014-04-16,80.0,80.0,80.0,80.0,0.0,0.0,
2014-04-17,80.0,80.0,80.0,80.0,0.0,0.0,
2014-04-22,80.0,80.0,80.0,80.0,0.0,0.0,
2014-04-23,80.0,80.0,80.0,80.0,0.0,0.0,
2014-04-24,80.0,80.0,80.0,80.0,0.0,0.0,
2014-04-25,80.0,80.0,80.0,80.0,0.0,0.0,
2014-04-28,80.0,80.0,80.0,80.0,0.0,0.0,
2014-04-29,80.0,80.0,80.0,80.0,0.0,0.0,
2014-04-30,80.0,80.0,80.0,80.0,0.0,0.0,
2014-05-01,80.0,80.0,80.0,80.0,0.0,0.0,
2014-05-02,80.0,80.0,80.0,80.0,0.0,0.0,
2014-05-05,80.0,80.0,80.0,80.0,0.0,0.0,
2014-05-06,80.0,80.0,80.0,80.0,0.0,0.0,
2014-05-07,80.0,80.0,80.0,80.0,0.0,0.0,
2014-05-08,80.0,80.0,80.0,80.0,0.0,0.0,
2014-05-09,80.0,80.0,80.0,80.0,0.0,0.0,
2014-05-12,80.0,80.0,80.0,80.0,0.0,0.0,
2014-05-13,80.0,80.0,80.0,80.0,0.0,0.0,
2014-05-14,80.0,80.0,80.0,80.0,0.0,0.0,
2014-05-15,80.0,80.0,80.0,80.0,0.0,0.0,
2014-05-16,80.0,80.0,80.0,80.0,0.0,0.0,
2014-05-19,80.0,80.0,80.0,80.0,0.0,0.0,
2014-05-20,80.0,80.0,80.0,80.0,0.0,0.0,
2014-05-21,80.0,80.0,80.0,80.0,0.0,0.0,
2014-05-22,80.0,80.0,80.0,80.0,0.0,0.0,
2014-05-23,80.0,80.0,80.0,80.0,0.0,0.0,
2014-05-26,80.0,80.0,80.0,80.0,0.0,0.0,
2014-05-27,80.0,80.0,80.0,80.0,0.0,0.0,
2014-05-28,80.0,80.0,80.0,80.0,0.0,0.0,
2014-05-29,80.0,80.0,80.0,80.0,0.0,0.0,
2014-05-30,80.0,80.0,80.0,80.0,0.0,0.0,
2014-06-02,80.0,80.0,80.0,80.0,0.0,0.0,
2014-06-03,80.0,80.0,80.0,80.0,0.0,0.0,
2014-06-04,80.0,80.0,80.0,80.0,0.0,0.0,
2014-06-05,80.0,80.0,80.0,80.0,0.0,0.0,
2014-06-06,80.0,80.0,80.0,80.0,0.0,0.0,
2014-06-09,80.0,80.0,80.0,80.0,0.0,0.0,
2014-06-10,80.0,80.0,80.0,80.0,0.0,0.0,
2014-06-11,80.0,80.0,80.0,80.0,0.0,0.0,
2014-06-12,80.0,80.0,80.0,80.0,0.0,0.0,
2014-06-13,80.0,80.0,80.0,80.0,0.0,0.0,
2014-06-16,80.0,80.0,80.0,80.0,0.0,0.0,
2014-06-17,80.0,80.0,80.0,80.0,0.0,0.0,
2014-06-18,80.0,80.0,80.0,80.0,0.0,0.0,
2014-06-19,80.0,80.0,80.0,80.0,0.0,0.0,
2014-06-20,80.0,80.0,80.0,80.0,0.0,0.0,
2014-06-23,80.0,80.0,80.0,80.0,0.0,0.0,
2014-06-24,80.0,80.0,80.0,80.0,0.0,0.0,
2014-06-25,80.0,80.0,80.0,80.0,0.0,0.0,
2014-06-26,80.0,80.0,80.0,80.0,0.0,0.0,
2014-06-27,80.0,80.0,80.0,80.0,0.0,0.0,
2014-06-30,80.0,80.0,80.0,80.0,0.0,0.0,
2014-07-01,80.0,80.0,80.0,80.0,0.0,0.0,
2014-07-02,80.0,80.0,80.0,80.0,0.0,0.0,
2014-07-03,80.0,80.0,80.0,80.0,0.0,0.0,
2014-07-04,80.0,80.0,80.0,80.0,0.0,0.0,
2014-07-07,80.0,80.0,80.0,80.0,0.0,0.0,
2014-07-08,80.0,80.0,80.0,80.0,0.0,0.0,
2014-07-09,80.0,80.0,80.0,80.0,0.0,0.0,
2014-07-10,80.0,80.0,80.0,80.0,0.0,0.0,
2014-07-11,80.0,80.0,80.0,80.0,0.0,0.0,
2014-07-14,80.0,80.0,80.0,80.0,0.0,0.0,
2014-07-15,80.0,80.0,80.0,80.0,0.0,0.0,
2014-07-16,80.0,80.0,80.0,80.0,0.0,0.0,
2014-07-17,80.0,80.0,80.0,80.0,0.0,0.0,
2014-07-18,80.0,80.0,80.0,80.0,0.0,0.0,
2014-07-21,80.0,80.0,80.0,80.0,0.0,0.0,
2014-07-22,80.0,80.0,80.0,80.0,0.0,0.0,
2014-07-23,80.0,80.0,80.0,80.0,0.0,0.0,
2014-07-24,80.0,80.0,80.0,80.0,0.0,0.0,
2014-07-25,80.0,80.0,80.0,80.0,0.0,0.0,
2014-07-28,80.0,80.0,80.0,80.0,0.0,0.0,
2014-07-29,80.0,80.0,80.0,80.0,0.0,0.0,
2014-07-30,80.0,80.0,80.0,80.0,0.0,0.0,
2014-07-31,80.0,80.0,80.0,80.0,0.0,0.0,
2014-08-01,80.0,80.0,80.0,80.0,0.0,0.0,
2014-08-04,80.0,80.0,80.0,80.0,0.0,0.0,
2014-08-05,80.0,80.0,80.0,80.0,0.0,0.0,
2014-08-06,80.0,80.0,80.0,80.0,0.0,0.0,
2014-08-07,80.0,80.0,80.0,80.0,0.0,0.0,
2014-08-08,80.0,80.0,80.0,80.0,0.0,0.0,
2014-08-11,80.0,80.0,80.0,80.0,0.0,0.0,
2014-08-12,80.0,80.0,80.0,80.0,0.0,0.0,
2014-08-13,80.0,80.0,80.0,80.0,0.0,0.0,
2014-08-14,80.0,80.0,80.0,80.0,0.0,0.0,
2014-08-15,80.0,80.0,80.0,80.0,0.0,0.0,
2014-08-18,80.0,80.0,80.0,80.0,0.0,0.0,
2014-08-19,80.0,80.0,80.0,80.0,0.0,0.0,
2014-08-20,80.0,80.0,80.0,80.0,0.0,0.0,
2014-08-21,80.0,80.0,80.0,80.0,0.0,0.0,
2014-08-22,80.0,80.0,80.0,80.0,0.0,0.0,
2014-08-25,80.0,80.0,80.0,80.0,0.0,0.0,
2014-08-26,80.0,80.0,80.0,80.0,0.0,0.0,
2014-08-27,80.0,80.0,80.0,80.0,0.0,0.0,
2014-08-28,80.0,80.0,80.0,80.0,0.0,0.0,
2014-08-29,80.0,80.0,80.0,80.0,0.0,0.0,
2014-09-01,80.0,80.0,80.0,80.0,0.0,0.0,
2014-09-02,80.0,80.0,80.0,80.0,0.0,0.0,
2014-09-03,80.0,80.0,80.0,80.0,0.0,0.0,
2014-09-04,80.0,80.0,80.0,80.0,0.0,0.0,
2014-09-05,80.0,80.0,80.0,80.0,0.0,0.0,
2014-09-08,80.0,80.0,80.0,80.0,0.0,0.0,
2014-09-09,80.0,80.0,80.0,80.0,0.0,0.0,
2014-09-10,80.0,80.0,80.0,80.0,0.0,0.0,
2014-09-11,80.0,80.0,80.0,80.0,0.0,0.0,
2014-09-12,80.0,80.0,80.0,80.0,0.0,0.0,
2014-09-15,80.0,80.0,80.0,80.0,0.0,0.0,
2014-09-16,80.0,80.0,80.0,80.0,0.0,0.0,
2014-09-17,80.0,80.0,80.0,80.0,0.0,0.0,
2014-09-18,80.0,80.0,80.0,80.0,0.0,0.0,
2014-09-19,80.0,80.0,80.0,80.0,0.0,0.0,
2014-09-22,80.0,80.0,80.0,80.0,0.0,0.0,
2014-09-23,80.0,80.0,80.0,80.0,0.0,0.0,
2014-09-24,80.0,80.0,80.0,80.0,0.0,0.0,
2014-09-25,80.0,80.0,80.0,80.0,0.0,0.0,
2014-09-26,80.0,80.0,80.0,80.0,0.0,0.0,
2014-09-29,80.0,80.0,80.0,80.0,0.0,0.0,
2014-09-30,80.0,80.0,80.0,80.0,0.0,0.0,
2014-10-01,80.0,80.0,80.0,80.0,0.0,0.0,
2014-10-02,80.0,80.0,80.0,80.0,0.0,0.0,
2014-10-03,80.0,80.0,80.0,80.0,0.0,0.0,
2014-10-06,80.0,80.0,80.0,80.0,0.0,0.0,
2014-10-07,80.0,80.0,80.0,80.0,0.0,0.0,
2014-10-08,80.0,80.0,80.0,80.0,0.0,0.0,
2014-10-09,80.0,80.0,80.0,80.0,0.0,0.0,
2014-10-10,80.0,80.0,80.0,80.0,0.0,0.0,
2014-10-13,80.0,80.0,80.0,80.0,0.0,0.0,
2014-10-14,80.0,80.0,80.0,80.0,0.0,0.0,
2014-10-15,80.0,80.0,80.0,80.0,0.0,0.0,
2014-10-16,80.0,80.0,80.0,80.0,0.0,0.0,
2014-10-17,80.0,80.0,80.0,80.0,0.0,0.0,
2014-10-20,80.0,80.0,80.0,80.0,0.0,0.0,
2014-10-21,80.0,80.0,80.0,80.0,0.0,0.0,
2014-10-22,80.0,80.0,80.0,80.0,0.0,0.0,
2014-10-23,80.0,80.0,80.0,80.0,0.0,0.0,
2014-10-24,80.0,80.0,80.0,80.0,0.0,0.0,
2014-10-27,80.0,80.0,80.0,80.0,0.0,0.0,
2014-10-28,80.0,80.0,80.0,80.0,0.0,0.0,
2014-10-29,80.0,80.0,80.0,80.0,0.0,0.0,
2014-10-30,80.0,80.0,80.0,80.0,0.0,0.0,
2014-10-31,80.0,80.0,80.0,80.0,0.0,0.0,
2014-11-03,80.0,80.0,80.0,80.0,0.0,0.0,
2014-11-04,80.0,80.0,80.0,80.0,0.0,0.0,
2014-11-05,80.0,80.0,80.0,80.0,0.0,0.0,
2014-11-06,80.0,80.0,80.0,80.0,0.0,0.0,
2014-11-07,80.0,80.0,80.0,80.0,0.0,0.0,
2014-11-10,80.0,80.0,80.0,80.0,0.0,0.0,
2014-11-11,80.0,80.0,80.0,80.0,0.0,0.0,
2014-11-12,80.0,80.0,80.0,80.0,0.0,0.0,
2014-11-13,80.0,80.0,80.0,80.0,0.0,0.0,
2014-11-14,80.0,80.0,80.0,80.0,0.0,0.0,
2014-11-17,80.0,80.0,80.0,80.0,0.0,0.0,
2014-11-18,80.0,80.0,80.0,80.0,0.0,0.0,
2014-11-19,80.0,80.0,80.0,80.0,0.0,0.0,
2014-11-20,80.0,80.0,80.0,80.0,0.0,0.0,
2014-11-21,80.0,80.0,80.0,80.0,0.0,0.0,
2014-11-24,80.0,80.0,80.0,80.0,0.0,0.0,
2014-11-25,80.0,80.0,80.0,80.0,0.0,0.0,
2014-11-26,80.0,80.0,80.0,80.0,0.0,0.0,
2014-11-27,80.0,80.0,80.0,80.0,0.0,0.0,
2014-11-28,80.0,80.0,80.0,80.0,0.0,0.0,
2014-12-01,80.0,80.0,80.0,80.0,0.0,0.0,
2014-12-02,80.0,80.0,80.0,80.0,0.0,0.0,
2014-12-03,80.0,80.0,80.0,80.0,0.0,0.0,
2014-12-04,80.0,80.0,80.0,80.0,0.0,0.0,
2014-12-05,80.0,80.0,80.0,80.0,0.0,0.0,
2014-12-08,80.0,80.0,80.0,80.0,0.0,0.0,
2014-12-09,80.0,80.0,80.0,80.0,0.0,0.0,
2014-12-10,80.0,80.0,80.0,80.0,0.0,0.0,
2014-12-11,80.0,80.0,80.0,80.0,0.0,0.0,
2014-12-12,80.0,80.0,80.0,80.0,0.0,0.0,
2014-12-15,80.0,80.0,80.0,80.0,0.0,0.0,
2014-12-16,80.0,80.0,80.0,80.0,0.0,0.0,
2014-12-17,80.0,80.0,80.0,80.0,0.0,0.0,
2014-12-18,80.0,80.0,80.0,80.0,0.0,0.0,
2014-12-19,80.0,80.0,80.0,80.0,0.0,0.0,
2014-12-22,80.0,80.0,80.0,80.0,0.0,0.0,
2014-12-23,80.0,80.0,80.0,80.0,0.0,0.0,
2014-12-24,80.0,80.0,80.0,80.0,0.0,0.0,
2014-12-29,80.0,80.0,80.0,80.0,0.0,0.0,
2014-12-30,80.0,80.0,80.0,80.0,0.0,0.0,
2014-12-31,80.0,80.0,80.0,80.0,0.0,0.0,
2015-01-02,80.0,80.0,80.0,80.0,0.0,0.0,
2015-01-05,80.0,80.0,80.0,80.0,0.0,0.0,
2015-01-06,80.0,80.0,80.0,80.0,0.0,0.0,
2015-01-07,80.0,80.0,80.0,80.0,0.0,0.0,
2015-01-08,80.0,80.0,80.0,80.0,0.0,0.0,
2015-01-09,80.0,80.0,80.0,80.0,0.0,0.0,
2015-01-12,80.0,80.0,80.0,80.0,0.0,0.0,
2015-01-13,80.0,80.0,80.0,80.0,0.0,0.0,
2015-01-14,80.0,80.0,80.0,80.0,0.0,0.0,
2015-01-15,80.0,80.0,80.0,80.0,0.0,0.0,
2015-01-16,80.0,80.0,80.0,80.0,0.0,0.0,
2015-01-19,80.0,80.0,80.0,80.0,0.0,0.0,
2015-01-20,80.0,80.0,80.0,80.0,0.0,0.0,
2015-01-21,80.0,80.0,80.0,80.0,0.0,0.0,
2015-01-22,80.0,80.0,80.0,80.0,0.0,0.0,
2015-01-23,80.0,80.0,80.0,80.0,0.0,0.0,
2015-01-26,80.0,80.0,80.0,80.0,0.0,0.0,
2015-01-27,80.0,80.0,80.0,80.0,0.0,0.0,
2015-01-28,80.0,80.0,80.0,80.0,0.0,0.0,
2015-01-29,80.0,80.0,80.0,80.0,0.0,0.0,
2015-01-30,80.0,80.0,80.0,80.0,0.0,0.0,
2015-02-02,80.0,80.0,80.0,80.0,0.0,0.0,
2015-02-03,80.0,80.0,80.0,80.0,0.0,0.0,
2015-02-04,80.0,80.0,80.0,80.0,0.0,0.0,
2015-02-05,80.0,80.0,80.0,80.0,0.0,0.0,
2015-02-06,80.0,80.0,80.0,80.0,0.0,0.0,
2015-02-09,80.0,80.0,80.0,80.0,0.0,0.0,
2015-02-10,80.0,80.0,80.0,80.0,0.0,0.0,
2015-02-11,80.0,80.0,80.0,80.0,0.0,0.0,
2015-02-12,80.0,80.0,80.0,80.0,0.0,0.0,
2015-02-13,80.0,80.0,80.0,80.0,0.0,0.0,
2015-02-16,80.0,80.0,80.0,80.0,0.0,0.0,
2015-02-17,80.0,80.0,80.0,80.0,0.0,0.0,
2015-02-18,80.0,80.0,80.0,80.0,0.0,0.0,
2015-02-19,80.0,80.0,80.0,80.0,0.0,0.0,
2015-02-20,80.0,80.0,80.0,80.0,0.0,0.0,
2015-02-23,80.0,80.0,80.0,80.0,0.0,0.0,
2015-02-24,80.0,80.0,80.0,80.0,0.0,0.0,
2015-02-25,80.0,80.0,80.0,80.0,0.0,0.0,
2015-02-26,80.0,80.0,80.0,80.0,0.0,0.0,
2015-02-27,80.0,80.0,80.0,80.0,0.0,0.0,
2015-03-02,80.0,80.0,80.0,80.0,0.0,0.0,
2015-03-03,80.0,80.0,80.0,80.0,0.0,0.0,
2015-03-04,80.0,80.0,80.0,80.0,0.0,0.0,
2015-03-05,80.0,80.0,80.0,80.0,0.0,0.0,
2015-03-06,80.0,80.0,80.0,80.0,0.0,0.0,
2015-03-09,80.0,80.0,80.0,80.0,0.0,0.0,
2015-03-10,80.0,80.0,80.0,80.0,0.0,0.0,
2015-03-11,80.0,80.0,80.0,80.0,0.0,0.0,
2015-03-12,80.0,80.0,80.0,80.0,0.0,0.0,
2015-03-13,80.0,80.0,80.0,80.0,0.0,0.0,
2015-03-16,80.0,80.0,80.0,80.0,0.0,0.0,
2015-03-17,80.0,80.0,80.0,80.0,0.0,0.0,
2015-03-18,80.0,80.0,80.0,80.0,0.0,0.0,
2015-03-19,80.0,80.0,80.0,80.0,0.0,0.0,
2015-03-20,80.0,80.0,80.0,80.0,0.0,0.0,
2015-03-23,80.0,80.0,80.0,80.0,0.0,0.0,
2015-03-24,80.0,80.0,80.0,80.0,0.0,0.0,
2015-03-25,80.0,80.0,80.0,80.0,0.0,0.0,
2015-03-26,80.0,80.0,80.0,80.0,0.0,0.0,
2015-03-27,80.0,80.0,80.0,80.0,0.0,0.0,
2015-03-30,80.0,80.0,80.0,80.0,0.0,0.0,
2015-03-31,80.0,80.0,80.0,80.0,0.0,0.0,
2015-04-01,80.0,80.0,80.0,80.0,0.0,0.0,
2015-04-02,80.0,80.0,80.0,80.0,0.0,0.0,
2015-04-06,80.0,80.0,80.0,80.0,0.0,0.0,
2015-04-07,80.0,80.0,80.0,80.0,0.0,0.0,
2015-04-08,80.0,80.0,80.0,80.0,0.0,0.0,
2015-04-09,80.0,80.0,80.0,80.0,0.0,0.0,
2015-04-10,80.0,80.0,80.0,80.0,0.0,0.0,
2015-04-13,80.0,80.0,80.0,80.0,0.0,0.0,
2015-04-14,80.0,80.0,80.0,80.0,0.0,0.0,
2015-04-15,80.0,80.0,80.0,80.0,0.0,0.0,
2015-04-16,80.0,80.0,80.0,80.0,0.0,0.0,
2015-04-17,80.0,80.0,80.0,80.0,0.0,0.0,
2015-04-20,80.0,80.0,80.0,80.0,0.0,0.0,
2015-04-21,80.0,80.0,80.0,80.0,0.0,0.0,
2015-04-22,80.0,80.0,80.0,80.0,0.0,0.0,
2015-04-23,80.0,80.0,80.0,80.0,0.0,0.0,
2015-04-24,80.0,80.0,80.0,80.0,0.0,0.0,
2015-04-27,80.0,80.0,80.0,80.0,0.0,0.0,
2015-04-28,80.0,80.0,80.0,80.0,0.0,0.0,
2015-04-29,80.0,80.0,80.0,80.0,0.0,0.0,
2015-04-30,80.0,80.0,80.0,80.0,0.0,0.0,
2015-05-01,80.0,80.0,80.0,80.0,0.0,0.0,
2015-05-04,80.0,80.0,80.0,80.0,0.0,0.0,
2015-05-05,80.0,80.0,80.0,80.0,0.0,0.0,
2015-05-06,80.0,80.0,80.0,80.0,0.0,0.0,
2015-05-07,80.0,80.0,80.0,80.0,0.0,0.0,
2015-05-08,80.0,80.0,80.0,80.0,0.0,0.0,
2015-05-11,80.0,80.0,80.0,80.0,0.0,0.0,
2015-05-12,80.0,80.0,80.0,80.0,0.0,0.0,
2015-05-13,80.0,80.0,80.0,80.0,0.0,0.0,
2015-05-14,80.0,80.0,80.0,80.0,0.0,0.0,
2015-05-15,80.0,80.0,80.0,80.0,0.0,0.0,
2015-05-18,80.0,80.0,80.0,80.0,0.0,0.0,
2015-05-19,80.0,80.0,80.0,80.0,0.0,0.0,
2015-05-20,80.0,80.0,80.0,80.0,0.0,0.0,
2015-05-21,80.0,80.0,80.0,80.0,0.0,0.0,
2015-05-22,80.0,80.0,80.0,80.0,0.0,0.0,
2015-05-25,80.0,80.0,80.0,80.0,0.0,0.0,
2015-05-26,80.0,80.0,80.0,80.0,0.0,0.0,
2015-05-27,80.0,80.0,80.0,80.0,0.0,0.0,
2015-05-28,80.0,80.0,80.0,80.0,0.0,0.0,
2015-05-29,80.0,80.0,80.0,80.0,0.0,0.0,
2015-06-01,80.0,80.0,80.0,80.0,0.0,0.0,
2015-06-02,80.0,80.0,80.0,80.0,0.0,0.0,
2015-06-03,80.0,80.0,80.0,80.0,0.0,0.0,
2015-06-04,80.0,80.0,80.0,80.0,0.0,0.0,
2015-06-05,80.0,80.0,80.0,80.0,0.0,0.0,
2015-06-08,80.0,80.0,80.0,80.0,0.0,0.0,
2015-06-09,80.0,80.0,80.0,80.0,0.0,0.0,
2015-06-10,80.0,80.0,80.0,80.0,0.0,0.0,
2015-06-11,80.0,80.0,80.0,80.0,0.0,0.0,
2015-06-12,80.0,80.0,80.0,80.0,0.0,0.0,
2015-06-15,80.0,80.0,80.0,80.0,0.0,0.0,
2015-06-16,80.0,80.0,80.0,80.0,0.0,0.0,
2015-06-17,80.0,80.0,80.0,80.0,0.0,0.0,
2015-06-18,80.0,80.0,80.0,80.0,0.0,0.0,
2015-06-19,80.0,80.0,80.0,80.0,0.0,0.0,
2015-06-22,80.0,80.0,80.0,80.0,0.0,0.0,
2015-06-23,80.0,80.0,80.0,80.0,0.0,0.0,
2015-06-24,80.0,80.0,80.0,80.0,0.0,0.0,
2015-06-25,80.0,80.0,80.0,80.0,0.0,0.0,
2015-06-26,80.0,80.0,80.0,80.0,0.0,0.0,
2015-06-29,80.0,80.0,80.0,80.0,0.0,0.0,
2015-06-30,80.0,80.0,80.0,80.0,0.0,0.0,
2015-07-01,80.0,80.0,80.0,80.0,0.0,0.0,
2015-07-02,80.0,80.0,80.0,80.0,0.0,0.0,
2015-07-03,80.0,80.0,80.0,80.0,0.0,0.0,
2015-07-06,80.0,80.0,80.0,80.0,0.0,0.0,
2015-07-07,80.0,80.0,80.0,80.0,0.0,0.0,
2015-07-08,80.0,80.0,80.0,80.0,0.0,0.0,
2015-07-09,80.0,80.0,80.0,80.0,0.0,0.0,
2015-07-10,80.0,80.0,80.0,80.0,0.0,0.0,
2015-07-13,80.0,80.0,80.0,80.0,0.0,0.0,
2015-07-14,80.0,80.0,80.0,80.0,0.0,0.0,
2015-07-15,80.0,80.0,80.0,80.0,0.0,0.0,
2015-07-16,80.0,80.0,80.0,80.0,0.0,0.0,
2015-07-17,80.0,80.0,80.0,80.0,0.0,0.0,
2015-07-20,80.0,80.0,80.0,80.0,0.0,0.0,
2015-07-21,80.0,80.0,80.0,80.0,0.0,0.0,
2015-07-22,80.0,80.0,80.0,80.0,0.0,0.0,
2015-07-23,80.0,80.0,80.0,80.0,0.0,0.0,
2015-07-24,80.0,80.0,80.0,80.0,0.0,0.0,
2015-07-27,80.0,80.0,80.0,80.0,0.0,0.0,
2015-07-28,80.0,80.0,80.0,80.0,0.0,0.0,
2015-07-29,80.0,80.0,80.0,80.0,0.0,0.0,
2015-07-30,80.0,80.0,80.0,80.0,0.0,0.0,
2015-07-31,80.0,80.0,80.0,80.0,0.0,0.0,
2015-08-03,80.0,80.0,80.0,80.0,0.0,0.0,
2015-08-04,80.0,80.0,80.0,80.0,0.0,0.0,
2015-08-05,80.0,80.0,80.0,80.0,0.0,0.0,
2015-08-06,80.0,80.0,80.0,80.0,0.0,0.0,
2015-08-07,80.0,80.0,80.0,80.0,0.0,0.0,
2015-08-10,80.0,80.0,80.0,80.0,0.0,0.0,
2015-08-11,80.0,80.0,80.0,80.0,0.0,0.0,
2015-08-12,80.0,80.0,80.0,80.0,0.0,0.0,
2015-08-13,80.0,80.0,80.0,80.0,0.0,0.0,
2015-08-14,80.0,80.0,80.0,80.0,0.0,0.0,
2015-08-17,80.0,80.0,80.0,80.0,0.0,0.0,
2015-08-18,80.0,80.0,80.0,80.0,0.0,0.0,
2015-08-19,80.0,80.0,80.0,80.0,0.0,0.0,
2015-08-20,80.0,80.0,80.0,80.0,0.0,0.0,
2015-08-21,80.0,80.0,80.0,80.0,0.0,0.0,
2015-08-24,80.0,80.0,80.0,80.0,0.0,0.0,
2015-08-25,80.0,80.0,80.0,80.0,0.0,0.0,
2015-08-26,80.0,80.0,80.0,80.0,0.0,0.0,
2015-08-27,80.0,80.0,80.0,80.0,0.0,0.0,
2015-08-28,80.0,80.0,80.0,80.0,0.0,0.0,
2015-08-31,80.0,80.0,80.0,80.0,0.0,0.0,
2015-09-01,80.0,80.0,80.0,80.0,0.0,0.0,
2015-09-02,80.0,80.0,80.0,80.0,0.0,0.0,
2015-09-03,80.0,80.0,80.0,80.0,0.0,0.0,
2015-09-04,80.0,80.0,80.0,80.0,0.0,0.0,
2015-09-07,80.0,80.0,80.0,80.0,0.0,0.0,
2015-09-08,80.0,80.0,80.0,80.0,0.0,0.0,
2015-09-09,80.0,80.0,80.0,80.0,0.0,0.0,
2015-09-10,80.0,80.0,80.0,80.0,0.0,0.0,
2015-09-11,80.0,80.0,80.0,80.0,0.0,0.0,
2015-09-14,80.0,80.0,80.0,80.0,0.0,0.0,
2015-09-15,80.0,80.0,80.0,80.0,0.0,0.0,
2015-09-16,80.0,80.0,80.0,80.0,0.0,0.0,
2015-09-17,80.0,80.0,80.0,80.0,0.0,0.0,
2015-09-18,80.0,80.0,80.0,80.0,0.0,0.0,
2015-09-21,80.0,80.0,80.0,80.0,0.0,0.0,
2015-09-22,80.0,80.0,80.0,80.0,0.0,0.0,
2015-09-23,80.0,80.0,80.0,80.0,0.0,0.0,
2015-09-24,80.0,80.0,80.0,80.0,0.0,0.0,
2015-09-25,80.0,80.0,80.0,80.0,0.0,0.0,
2015-09-28,80.0,80.0,80.0,80.0,0.0,0.0,
2015-09-29,80.0,80.0,80.0,80.0,0.0,0.0,
2015-09-30,80.0,80.0,80.0,80.0,0.0,0.0,
2015-10-01,80.0,80.0,80.0,80.0,0.0,0.0,
2015-10-02,80.0,80.0,80.0,80.0,0.0,0.0,
2015-10-05,80.0,80.0,80.0,80.0,0.0,0.0,
2015-10-06,80.0,80.0,80.0,80.0,0.0,0.0,
2015-10-07,80.0,80.0,80.0,80.0,0.0,0.0,
2015-10-08,80.0,80.0,80.0,80.0,0.0,0.0,
2015-10-09,80.0,80.0,80.0,80.0,0.0,0.0,
2015-10-12,80.0,80.0,80.0,80.0,0.0,0.0,
2015-10-13,80.0,80.0,80.0,80.0,0.0,0.0,
2015-10-14,80.0,80.0,80.0,80.0,0.0,0.0,
2015-10-15,80.0,80.0,80.0,80.0,0.0,0.0,
2015-10-16,80.0,80.0,80.0,80.0,0.0,0.0,
2015-10-19,80.0,80.0,80.0,80.0,0.0,0.0,
2015-10-20,80.0,80.0,80.0,80.0,0.0,0.0,
2015-10-21,80.0,80.0,80.0,80.0,0.0,0.0,
2015-10-22,80.0,80.0,80.0,80.0,0.0,0.0,
2015-10-23,80.0,80.0,80.0,80.0,0.0,0.0,
2015-10-26,80.0,80.0,80.0,80.0,0.0,0.0,
2015-10-27,80.0,80.0,80.0,80.0,0.0,0.0,
2015-10-28,80.0,80.0,80.0,80.0,0.0,0.0,
2015-10-29,80.0,80.0,80.0,80.0,0.0,0.0,
2015-10-30,80.0,80.0,80.0,80.0,0.0,0.0,
2015-11-02,80.0,80.0,80.0,80.0,0.0,0.0,
2015-11-03,80.0,80.0,80.0,80.0,0.0,0.0,
2015-11-04,80.0,80.0,80.0,80.0,0.0,0.0,
2015-11-05,80.0,80.0,80.0,80.0,0.0,0.0,
2015-11-06,80.0,80.0,80.0,80.0,0.0,0.0,
2015-11-09,80.0,80.0,80.0,80.0,0.0,0.0,
2015-11-10,80.0,80.0,80.0,80.0,0.0,0.0,
2015-11-11,80.0,80.0,80.0,80.0,0.0,0.0,
2015-11-12,80.0,80.0,80.0,80.0,0.0,0.0,
2015-11-13,80.0,80.0,80.0,80.0,0.0,0.0,
2015-11-16,80.0,80.0,80.0,80.0,0.0,0.0,
2015-11-17,80.0,80.0,80.0,80.0,0.0,0.0,
2015-11-18,80.0,80.0,80.0,80.0,0.0,0.0,
2015-11-19,80.0,80.0,80.0,80.0,0.0,0.0,
2015-11-20,80.0,80.0,80.0,80.0,0.0,0.0,
2015-11-23,80.0,80.0,80.0,80.0,0.0,0.0,
2015-11-24,80.0,80.0,80.0,80.0,0.0,0.0,
2015-11-25,80.0,80.0,80.0,80.0,0.0,0.0,
2015-11-26,80.0,80.0,80.0,80.0,0.0,0.0,
2015-11-27,80.0,80.0,80.0,80.0,0.0,0.0,
2015-11-30,80.0,80.0,80.0,80.0,0.0,0.0,
2015-12-01,80.0,80.0,80.0,80.0,0.0,0.0,
2015-12-02,80.0,80.0,80.0,80.0,0.0,0.0,
2015-12-03,80.0,80.0,80.0,80.0,0.0,0.0,
2015-12-04,80.0,80.0,80.0,80.0,0.0,0.0,
2015-12-07,80.0,80.0,80.0,80.0,0.0,0.0,
2015-12-08,80.0,80.0,80.0,80.0,0.0,0.0,
2015-12-09,80.0,80.0,80.0,80.0,0.0,0.0,
2015-12-10,80.0,80.0,80.0,80.0,0.0,0.0,
2015-12-11,80.0,80.0,80.0,80.0,0.0,0.0,
2015-12-14,80.0,80.0,80.0,80.0,0.0,0.0,
2015-12-15,80.0,80.0,80.0,80.0,0.0,0.0,
2015-12-16,80.0,80.0,80.0,80.0,0.0,0.0,
2015-12-17,80.0,80.0,80.0,80.0,0.0,0.0,
2015-12-18,80.0,80.0,80.0,80.0,0.0,0.0,
2015-12-21,80.0,80.0,80.0,80.0,0.0,0.0,
2015-12-22,80.0,80.0,80.0,80.0,0.0,0.0,
2015-12-23,80.0,80.0,80.0,80.0,0.0,0.0,
2015-12-24,80.0,80.0,80.0,80.0,0.0,0.0,
2015-12-28,80.0,80.0,80.0,80.0,0.0,0.0,
2015-12-29,80.0,80.0,80.0,80.0,0.0,0.0,
2015-12-30,80.0,80.0,80.0,80.0,0.0,0.0,
2015-12-31,80.0,80.0,80.0,80.0,0.0,0.0,
2016-01-04,80.0,80.0,80.0,80.0,0.0,0.0,
2016-01-05,80.0,80.0,80.0,80.0,0.0,0.0,
2016-01-06,80.0,80.0,80.0,80.0,0.0,0.0,
2016-01-07,80.0,80.0,80.0,80.0,0.0,0.0,
2016-01-08,80.0,80.0,80.0,80.0,0.0,0.0,
2016-01-11,80.0,80.0,80.0,80.0,0.0,0.0,
2016-01-12,80.0,80.0,80.0,80.0,0.0,0.0,
2016-01-13,80.0,80.0,80.0,80.0,0.0,0.0,
2016-01-14,80.0,80.0,80.0,80.0,0.0,0.0,
2016-01-15,80.0,80.0,80.0,80.0,0.0,0.0,
2016-01-18,80.0,80.0,80.0,80.0,0.0,0.0,
2016-01-19,80.0,80.0,80.0,80.0,0.0,0.0,
2016-01-20,80.0,80.0,80.0,80.0,0.0,0.0,
2016-01-21,80.0,80.0,80.0,80.0,0.0,0.0,
2016-01-22,80.0,80.0,80.0,80.0,0.0,0.0,
2016-01-25,80.0,80.0,80.0,80.0,0.0,0.0,
2016-01-26,80.0,80.0,80.0,80.0,0.0,0.0,
2016-01-27,80.0,80.0,80.0,80.0,0.0,0.0,
2016-01-28,80.0,80.0,80.0,80.0,0.0,0.0,
2016-01-29,80.0,80.0,80.0,80.0,0.0,0.0,
2016-02-01,80.0,80.0,80.0,80.0,0.0,0.0,
2016-02-02,80.0,80.0,80.0,80.0,0.0,0.0,
2016-02-03,80.0,80.0,80.0,80.0,0.0,0.0,
2016-02-04,80.0,80.0,80.0,80.0,0.0,0.0,
2016-02-05,80.0,80.0,80.0,80.0,0.0,0.0,
2016-02-08,80.0,80.0,80.0,80.0,0.0,0.0,
2016-02-09,80.0,80.0,80.0,80.0,0.0,0.0,
2016-02-10,80.0,80.0,80.0,80.0,0.0,0.0,
2016-02-11,80.0,80.0,80.0,80.0,0.0,0.0,
2016-02-12,80.0,80.0,80.0,80.0,0.0,0.0,
2016-02-15,80.0,80.0,80.0,80.0,0.0,0.0,
2016-02-16,80.0,80.0,80.0,80.0,0.0,0.0,
2016-02-17,80.0,80.0,80.0,80.0,0.0,0.0,
2016-02-18,80.0,80.0,80.0,80.0,0.0,0.0,
2016-02-19,80.0,80.0,80.0,80.0,0.0,0.0,
2016-02-22,80.0,80.0,80.0,80.0,0.0,0.0,
2016-02-23,80.0,80.0,80.0,80.0,0.0,0.0,
2016-02-24,80.0,80.0,80.0,80.0,0.0,0.0,
2016-02-25,80.0,80.0,80.0,80.0,0.0,0.0,
2016-02-26,80.0,80.0,80.0,80.0,0.0,0.0,
2016-02-29,80.0,80.0,80.0,80.0,0.0,0.0,
2016-03-01,80.0,80.0,80.0,80.0,0.0,0.0,
2016-03-02,80.0,80.0,80.0,80.0,0.0,0.0,
2016-03-03,80.0,80.0,80.0,80.0,0.0,0.0,
2016-03-04,80.0,80.0,80.0,80.0,0.0,0.0,
2016-03-07,80.0,80.0,80.0,80.0,0.0,0.0,
2016-03-08,80.0,80.0,80.0,80.0,0.0,0.0,
2016-03-09,80.0,80.0,80.0,80.0,0.0,0.0,
2016-03-10,80.0,80.0,80.0,80.0,0.0,0.0,
2016-03-11,80.0,80.0,80.0,80.0,0.0,0.0,
2016-03-14,80.0,80.0,80.0,80.0,0.0,0.0,
2016-03-15,80.0,80.0,80.0,80.0,0.0,0.0,
2016-03-16,80.0,80.0,80.0,80.0,0.0,0.0,
2016-03-17,80.0,80.0,80.0,80.0,0.0,0.0,
2016-03-18,80.0,80.0,80.0,80.0,0.0,0.0,
2016-03-21,80.0,80.0,80.0,80.0,0.0,0.0,
2016-03-22,80.0,80.0,80.0,80.0,0.0,0.0,
2016-03-23,80.0,80.0,80.0,80.0,0.0,0.0,
2016-03-24,80.0,80.0,80.0,80.0,0.0,0.0,
2016-03-28,80.0,80.0,80.0,80.0,0.0,0.0,
2016-03-29,80.0,80.0,80.0,80.0,0.0,0.0,
2016-03-30,80.0,80.0,80.0,80.0,0.0,0.0,
2016-03-31,80.0,80.0,80.0,80.0,0.0,0.0,
2016-04-01,80.0,80.0,80.0,80.0,0.0,0.0,
2016-04-04,80.0,80.0,80.0,80.0,0.0,0.0,
2016-04-05,80.0,80.0,80.0,80.0,0.0,0.0,
2016-04-06,80.0,80.0,80.0,80.0,0.0,0.0,
2016-04-07,80.0,80.0,80.0,80.0,0.0,0.0,
2016-04-08,80.0,80.0,80.0,80.0,0.0,0.0,
2016-04-11,80.0,80.0,80.0,80.0,0.0,0.0,
2016-04-12,80.0,80.0,80.0,80.0,0.0,0.0,
2016-04-13,80.0,80.0,80.0,80.0,0.0,0.0,
2016-04-14,80.0,80.0,80.0,80.0,0.0,0.0,
2016-04-15,80.0,80.0,80.0,80.0,0.0,0.0,
2016-04-18,80.0,80.0,80.0,80.0,0.0,0.0,
2016-04-19,80.0,80.0,80.0,80.0,0.0,0.0,
2016-04-20,80.0,80.0,80.0,80.0,0.0,0.0,
2016-04-21,80.0,80.0,80.0,80.0,0.0,0.0,
2016-04-22,80.0,80.0,80.0,80.0,0.0,0.0,
2016-04-25,80.0,80.0,80.0,80.0,0.0,0.0,
2016-04-26,80.0,80.0,80.0,80.0,0.0,0.0,
2016-04-27,80.0,80.0,80.0,80.0,0.0,0.0,
2016-04-28,80.0,80.0,80.0,80.0,0.0,0.0,
2016-04-29,80.0,80.0,80.0,80.0,0.0,0.0,
2016-05-02,80.0,80.0,80.0,80.0,0.0,0.0,
2016-05-03,80.0,80.0,80.0,80.0,0.0,0.0,
2016-05-04,80.0,80.0,80.0,80.0,0.0,0.0,
2016-05-05,80.0,80.0,80.0,80.0,0.0,0.0,
2016-05-06,80.0,80.0,80.0,80.0,0.0,0.0,
2016-05-09,80.0,80.0,80.0,80.0,0.0,0.0,
2016-05-10,80.0,80.0,80.0,80.0,0.0,0.0,
2016-05-11,80.0,80.0,80.0,80.0,0.0,0.0,
2016-05-12,80.0,80.0,80.0,80.0,0.0,0.0,
2016-05-13,80.0,80.0,80.0,80.0,0.0,0.0,
2016-05-16,80.0,80.0,80.0,80.0,0.0,0.0,
2016-05-17,80.0,80.0,80.0,80.0,0.0,0.0,
2016-05-18,80.0,80.0,80.0,80.0,0.0,0.0,
2016-05-19,80.0,80.0,80.0,80.0,0.0,0.0,
2016-05-20,80.0,80.0,80.0,80.0,0.0,0.0,
2016-05-23,80.0,80.0,80.0,80.0,0.0,0.0,
2016-05-24,80.0,80.0,80.0,80.0,0.0,0.0,
2016-05-25,80.0,80.0,80.0,80.0,0.0,0.0,
2016-05-26,80.0,80.0,80.0,80.0,0.0,0.0,
2016-05-27,80.0,80.0,80.0,80.0,0.0,0.0,
2016-05-30,80.0,80.0,80.0,80.0,0.0,0.0,
2016-05-31,80.0,80.0,80.0,80.0,0.0,0.0,
2016-06-01,80.0,80.0,80.0,80.0,0.0,0.0,
2016-06-02,80.0,80.0,80.0,80.0,0.0,0.0,
2016-06-03,80.0,80.0,80.0,80.0,0.0,0.0,
2016-06-06,80.0,80.0,80.0,80.0,0.0,0.0,
2016-06-07,80.0,80.0,80.0,80.0,0.0,0.0,
2016-06-08,80.0,80.0,80.0,80.0,0.0,0.0,
2016-06-09,80.0,80.0,80.0,80.0,0.0,0.0,
2016-06-10,80.0,80.0,80.0,80.0,0.0,0.0,
2016-06-13,80.0,80.0,80.0,80.0,0.0,0.0,
2016-06-14,80.0,80.0,80.0,80.0,0.0,0.0,
2016-06-15,80.0,80.0,80.0,80.0,0.0,0.0,
2016-06-16,80.0,80.0,80.0,80.0,0.0,0.0,
2016-06-17,80.0,80.0,80.0,80.0,0.0,0.0,
2016-06-20,80.0,80.0,80.0,80.0,0.0,0.0,
2016-06-21,80.0,80.0,80.0,80.0,0.0,0.0,
2016-06-22,80.0,80.0,80.0,80.0,0.0,0.0,
2016-06-23,80.0,80.0,80.0,80.0,0.0,0.0,
2016-06-24,80.0,80.0,80.0,80.0,0.0,0.0,
2016-06-27,80.0,80.0,80.0,80.0,0.0,0.0,
2016-06-28,80.0,80.0,80.0,80.0,0.0,0.0,
2016-06-29,80.0,80.0,80.0,80.0,0.0,0.0,
2016-06-30,80.0,80.0,80.0,80.0,0.0,0.0,
2016-07-01,80.0,80.0,80.0,80.0,0.0,0.0,
2016-07-04,80.0,80.0,80.0,80.0,0.0,0.0,
2016-07-05,80.0,80.0,80.0,80.0,0.0,0.0,
2016-07-06,80.0,80.0,80.0,80.0,0.0,0.0,
2016-07-07,80.0,80.0,80.0,80.0,0.0,0.0,
2016-07-08,80.0,80.0,80.0,80.0,0.0,0.0,
2016-07-11,80.0,80.0,80.0,80.0,0.0,0.0,
2016-07-12,80.0,80.0,80.0,80.0,0.0,0.0,
2016-07-13,80.0,80.0,80.0,80.0,0.0,0.0,
2016-07-14,80.0,80.0,80.0,80.0,0.0,0.0,
2016-07-15,80.0,80.0,80.0,80.0,0.0,0.0,
2016-07-18,80.0,80.0,80.0,80.0,0.0,0.0,
2016-07-19,80.0,80.0,80.0,80.0,0.0,0.0,
2016-07-20,80.0,80.0,80.0,80.0,0.0,0.0,
2016-07-21,80.0,80.0,80.0,80.0,0.0,0.0,
2016-07-22,80.0,80.0,80.0,80.0,0.0,0.0,
2016-07-25,80.0,80.0,80.0,80.0,0.0,0.0,
2016-07-26,80.0,80.0,80.0,80.0,0.0,0.0,
2016-07-27,80.0,80.0,80.0,80.0,0.0,0.0,
2016-07-28,80.0,80.0,80.0,80.0,0.0,0.0,
2016-07-29,80.0,80.0,80.0,80.0,0.0,0.0,
2016-08-01,80.0,80.0,80.0,80.0,0.0,0.0,
2016-08-02,80.0,80.0,80.0,80.0,0.0,0.0,
2016-08-03,80.0,80.0,80.0,80.0,0.0,0.0,
2016-08-04,80.0,80.0,80.0,80.0,0.0,0.0,
2016-08-05,80.0,80.0,80.0,80.0,0.0,0.0,
2016-08-08,80.0,80.0,80.0,80.0,0.0,0.0,
2016-08-09,80.0,80.0,80.0,80.0,0.0,0.0,
2016-08-10,80.0,80.0,80.0,80.0,0.0,0.0,
2016-08-11,80.0,80.0,80.0,80.0,0.0,0.0,
2016-08-12,80.0,80.0,80.0,80.0,0.0,0.0,
2016-08-15,80.0,80.0,80.0,80.0,0.0,0.0,
2016-08-16,80.0,80.0,80.0,80.0,0.0,0.0,
2016-08-17,80.0,80.0,80.0,80.0,0.0,0.0,
2016-08-18,80.0,80.0,80.0,80.0,0.0,0.0,
2016-08-19,80.0,80.0,80.0,80.0,0.0,0.0,
2016-08-22,80.0,80.0,80.0,80.0,0.0,0.0,
2016-08-23,80.0,80.0,80.0,80.0,0.0,0.0,
2016-08-24,80.0,80.0,80.0,80.0,0.0,0.0,
2016-08-25,80.0,80.0,80.0,80.0,0.0,0.0,
2016-08-26,80.0,80.0,80.0,80.0,0.0,0.0,
2016-08-29,80.0,80.0,80.0,80.0,0.0,0.0,
2016-08-30,80.0,80.0,80.0,80.0,0.0,0.0,
2016-08-31,80.0,80.0,80.0,80.0,0.0,0.0,
2016-09-01,80.0,80.0,80.0,80.0,0.0,0.0,
2016-09-02,80.0,80.0,80.0,80.0,0.0,0.0,
2016-09-05,80.0,80.0,80.0,80.0,0.0,0.0,
2016-09-06,80.0,80.0,80.0,80.0,0.0,0.0,
2016-09-07,80.0,80.0,80.0,80.0,0.0,0.0,
2016-09-08,80.0,80.0,80.0,80.0,0.0,0.0,
2016-09-09,80.0,80.0,80.0,80.0,0.0,0.0,
2016-09-12,80.0,80.0,80.0,80.0,0.0,0.0,
2016-09-13,80.0,80.0,80.0,80.0,0.0,0.0,
2016-09-14,80.0,80.0,80.0,80.0,0.0,0.0,
2016-09-15,80.0,80.0,80.0,80.0,0.0,0.0,
2016-09-16,80.0,80.0,80.0,80.0,0.0,0.0,
2016-09-19,80.0,80.0,80.0,80.0,0.0,0.0,
2016-09-20,80.0,80.0,80.0,80.0,0.0,0.0,
2016-09-21,80.0,80.0,80.0,80.0,0.0,0.0,
2016-09-22,80.0,80.0,80.0,80.0,0.0,0.0,
2016-09-23,80.0,80.0,80.0,80.0,0.0,0.0,
2016-09-26,80.0,80.0,80.0,80.0,0.0,0.0,
2016-09-27,80.0,80.0,80.0,80.0,0.0,0.0,
2016-09-28,80.0,80.0,80.0,80.0,0.0,0.0,
2016-09-29,80.0,80.0,80.0,80.0,0.0,0.0,
2016-09-30,80.0,80.0,80.0,80.0,0.0,0.0,
2016-10-03,80.0,80.0,80.0,80.0,0.0,0.0,
2016-10-04,80.0,80.0,80.0,80.0,0.0,0.0,
2016-10-05,80.0,80.0,80.0,80.0,0.0,0.0,
2016-10-06,80.0,80.0,80.0,80.0,0.0,0.0,
2016-10-07,80.0,80.0,80.0,80.0,0.0,0.0,
2016-10-10,80.0,80.0,80.0,80.0,0.0,0.0,
2016-10-11,80.0,80.0,80.0,80.0,0.0,0.0,
2016-10-12,80.0,80.0,80.0,80.0,0.0,0.0,
2016-10-13,80.0,80.0,80.0,80.0,0.0,0.0,
2016-10-14,80.0,80.0,80.0,80.0,0.0,0.0,
2016-10-17,80.0,80.0,80.0,80.0,0.0,0.0,
2016-10-18,80.0,80.0,80.0,80.0,0.0,0.0,
2016-10-19,80.0,80.0,80.0,80.0,0.0,0.0,
2016-10-20,80.0,80.0,80.0,80.0,0.0,0.0,
2016-10-21,80.0,80.0,80.0,80.0,0.0,0.0,
2016-10-24,80.0,80.0,80.0,80.0,0.0,0.0,
2016-10-25,80.0,80.0,80.0,80.0,0.0,0.0,
2016-10-26,80.0,80.0,80.0,80.0,0.0,0.0,
2016-10-27,80.0,80.0,80.0,80.0,0.0,0.0,
2016-10-28,80.0,80.0,80.0,80.0,0.0,0.0,
2016-10-31,80.0,80.0,80.0,80.0,0.0,0.0,
2016-11-01,80.0,80.0,80.0,80.0,0.0,0.0,
2016-11-02,80.0,80.0,80.0,80.0,0.0,0.0,
2016-11-03,80.0,80.0,80.0,80.0,0.0,0.0,
2016-11-04,80.0,80.0,80.0,80.0,0.0,0.0,
2016-11-07,80.0,80.0,80.0,80.0,0.0,0.0,
2016-11-08,80.0,80.0,80.0,80.0,0.0,0.0,
2016-11-09,80.0,80.0,80.0,80.0,0.0,0.0,
2016-11-10,80.0,80.0,80.0,80.0,0.0,0.0,
2016-11-11,80.0,80.0,80.0,80.0,0.0,0.0,
2016-11-14,80.0,80.0,80.0,80.0,0.0,0.0,
2016-11-15,80.0,80.0,80.0,80.0,0.0,0.0,
2016-11-16,80.0,80.0,80.0,80.0,0.0,0.0,
2016-11-17,80.0,80.0,80.0,80.0,0.0,0.0,
2016-11-18,80.0,80.0,80.0,80.0,0.0,0.0,
2016-11-21,80.0,80.0,80.0,80.0,0.0,0.0,
2016-11-22,80.0,80.0,80.0,80.0,0.0,0.0,
2016-11-23,80.0,80.0,80.0,80.0,0.0,0.0,
2016-11-24,80.0,80.0,80.0,80.0,0.0,0.0,
2016-11-25,80.0,80.0,80.0,80.0,0.0,0.0,
2016-11-28,80.0,80.0,80.0,80.0,0.0,0.0,
2016-11-29,80.0,80.0,80.0,80.0,0.0,0.0,
2016-11-30,80.0,80.0,80.0,80.0,0.0,0.0,
2016-12-01,80.0,80.0,80.0,80.0,0.0,0.0,
2016-12-02,80.0,80.0,80.0,80.0,0.0,0.0,
2016-12-05,80.0,80.0,80.0,80.0,0.0,0.0,
2016-12-06,80.0,80.0,80.0,80.0,0.0,0.0,
2016-12-07,80.0,80.0,80.0,80.0,0.0,0.0,
2016-12-08,80.0,80.0,80.0,80.0,0.0,0.0,
2016-12-09,80.0,80.0,80.0,80.0,0.0,0.0,
2016-12-12,80.0,80.0,80.0,80.0,0.0,0.0,
2016-12-13,80.0,80.0,80.0,80.0,0.0,0.0,
2016-12-14,80.0,80.0,80.0,80.0,0.0,0.0,
2016-12-15,80.0,80.0,80.0,80.0,0.0,0.0,
2016-12-16,80.0,80.0,80.0,80.0,0.0,0.0,
2016-12-19,80.0,80.0,80.0,80.0,0.0,0.0,
2016-12-20,80.0,80.0,80.0,80.0,0.0,0.0,
2016-12-21,80.0,80.0,80.0,80.0,0.0,0.0,
2016-12-22,80.0,80.0,80.0,80.0,0.0,0.0,
2016-12-23,80.0,80.0,80.0,80.0,0.0,0.0,
2016-12-27,80.0,80.0,80.0,80.0,0.0,0.0,
2016-12-28,80.0,80.0,80.0,80.0,0.0,0.0,
2016-12-29,80.0,80.0,80.0,80.0,0.0,0.0,
2016-12-30,80.0,80.0,80.0,80.0,0.0,0.0,
2017-01-02,80.0,80.0,80.0,80.0,0.0,0.0,
2017-01-03,80.0,80.0,80.0,80.0,0.0,0.0,
2017-01-04,80.0,80.0,80.0,80.0,0.0,0.0,
2017-01-05,80.0,80.0,80.0,80.0,0.0,0.0,
2017-01-06,80.0,80.0,80.0,80.0,0.0,0.0,
2017-01-09,80.0,80.0,80.0,80.0,0.0,0.0,
2017-01-10,80.0,80.0,80.0,80.0,0.0,0.0,
2017-01-11,80.0,80.0,80.0,80.0,0.0,0.0,
2017-01-12,80.0,80.0,80.0,80.0,0.0,0.0,
2017-01-13,80.0,80.0,80.0,80.0,0.0,0.0,
2017-01-16,80.0,80.0,80.0,80.0,0.0,0.0,
2017-01-17,80.0,80.0,80.0,80.0,0.0,0.0,
2017-01-18,80.0,80.0,80.0,80.0,0.0,0.0,
2017-01-19,80.0,80.0,80.0,80.0,0.0,0.0,
2017-01-20,80.0,80.0,80.0,80.0,0.0,0.0,
2017-01-23,80.0,80.0,80.0,80.0,0.0,0.0,
2017-01-24,80.0,80.0,80.0,80.0,0.0,0.0,
2017-01-25,80.0,80.0,80.0,80.0,0.0,0.0,
2017-01-26,80.0,80.0,80.0,80.0,0.0,0.0,
2017-01-27,80.0,80.0,80.0,80.0,0.0,0.0,
2017-01-30,80.0,80.0,80.0,80.0,0.0,0.0,
2017-01-31,80.0,80.0,80.0,80.0,0.0,0.0,
2017-02-01,80.0,80.0,80.0,80.0,0.0,0.0,
2017-02-02,80.0,80.0,80.0,80.0,0.0,0.0,
2017-02-03,80.0,80.0,80.0,80.0,0.0,0.0,
2017-02-06,80.0,80.0,80.0,80.0,0.0,0.0,
2017-02-07,80.0,80.0,80.0,80.0,0.0,0.0,
2017-02-08,80.0,80.0,80.0,80.0,0.0,0.0,
2017-02-09,80.0,80.0,80.0,80.0,0.0,0.0,
2017-02-10,80.0,80.0,80.0,80.0,0.0,0.0,
2017-02-13,80.0,80.0,80.0,80.0,0.0,0.0,
2017-02-14,80.0,80.0,80.0,80.0,0.0,0.0,
2017-02-15,80.0,80.0,80.0,80.0,0.0,0.0,
2017-02-16,80.0,80.0,80.0,80.0,0.0,0.0,
2017-02-17,80.0,80.0,80.0,80.0,0.0,0.0,
2017-02-20,80.0,80.0,80.0,80.0,0.0,0.0,
2017-02-21,80.0,80.0,80.0,80.0,0.0,0.0,
2017-02-22,80.0,80.0,80.0,80.0,0.0,0.0,
2017-02-23,80.0,80.0,80.0,80.0,0.0,0.0,
2017-02-24,80.0,80.0,80.0,80.0,0.0,0.0,
2017-02-27,80.0,80.0,80.0,80.0,0.0,0.0,
2017-02-28,80.0,80.0,80.0,80.0,0.0,0.0,
2017-03-01,80.0,80.0,80.0,80.0,0.0,0.0,
2017-03-02,80.0,80.0,80.0,80.0,0.0,0.0,
2017-03-03,80.0,80.0,80.0,80.0,0.0,0.0,
2017-03-06,80.0,80.0,80.0,80.0,0.0,0.0,
2017-03-07,80.0,80.0,80.0,80.0,0.0,0.0,
2017-03-08,80.0,80.0,80.0,80.0,0.0,0.0,
2017-03-09,80.0,80.0,80.0,80.0,0.0,0.0,
2017-03-10,80.0,80.0,80.0,80.0,0.0,0.0,
2017-03-13,80.0,80.0,80.0,80.0,0.0,0.0,
2017-03-14,80.0,80.0,80.0,80.0,0.0,0.0,
2017-03-15,80.0,80.0,80.0,80.0,0.0,0.0,
2017-03-16,80.0,80.0,80.0,80.0,0.0,0.0,
2017-03-17,80.0,80.0,80.0,80.0,0.0,0.0,
2017-03-20,80.0,80.0,80.0,80.0,0.0,0.0,
2017-03-21,80.0,80.0,80.0,80.0,0.0,0.0,
2017-03-22,80.0,80.0,80.0,80.0,0.0,0.0,
2017-03-23,80.0,80.0,80.0,80.0,0.0,0.0,
2017-03-24,80.0,80.0,80.0,80.0,0.0,0.0,
2017-03-27,80.0,80.0,80.0,80.0,0.0,0.0,
2017-03-28,80.0,80.0,80.0,80.0,0.0,0.0,
2017-03-29,80.0,80.0,80.0,80.0,0.0,0.0,
2017-03-30,80.0,80.0,80.0,80.0,0.0,0.0,
2017-03-31,80.0,80.0,80.0,80.0,0.0,0.0,
2017-04-03,80.0,80.0,80.0,80.0,0.0,0.0,
2017-04-04,80.0,80.0,80.0,80.0,0.0,0.0,
2017-04-05,80.0,80.0,80.0,80.0,0.0,0.0,
2017-04-06,80.0,80.0,80.0,80.0,0.0,0.0,
2017-04-07,80.0,80.0,80.0,80.0,0.0,0.0,
2017-04-10,80.0,80.0,80.0,80.0,0.0,0.0,
2017-04-11,80.0,80.0,80.0,80.0,0.0,0.0,
2017-04-12,80.0,80.0,80.0,80.0,0.0,0.0,
2017-04-13,80.0,80.0,80.0,80.0,0.0,0.0,
2017-04-17,80.0,80.0,80.0,80.0,0.0,0.0,
2017-04-18,80.0,80.0,80.0,80.0,0.0,0.0,
2017-04-19,80.0,80.0,80.0,80.0,0.0,0.0,
2017-04-20,80.0,80.0,80.0,80.0,0.0,0.0,
2017-04-21,80.0,80.0,80.0,80.0,0.0,0.0,
2017-04-24,80.0,80.0,80.0,80.0,0.0,0.0,
2017-04-25,80.0,80.0,80.0,80.0,0.0,0.0,
2017-04-26,80.0,80.0,80.0,80.0,0.0,0.0,
2017-04-27,80.0,80.0,80.0,80.0,0.0,0.0,
2017-04-28,80.0,80.0,80.0,80.0,0.0,0.0,
2017-05-01,80.0,80.0,80.0,80.0,0.0,0.0,
2017-05-02,80.0,80.0,80.0,80.0,0.0,0.0,
2017-05-03,80.0,80.0,80.0,80.0,0.0,0.0,
2017-05-04,80.0,80.0,80.0,80.0,0.0,0.0,
2017-05-05,80.0,80.0,80.0,80.0,0.0,0.0,
2017-05-08,80.0,80.0,80.0,80.0,0.0,0.0,
2017-05-09,80.0,80.0,80.0,80.0,0.0,0.0,
2017-05-10,80.0,80.0,80.0,80.0,0.0,0.0,
2017-05-11,80.0,80.0,80.0,80.0,0.0,0.0,
2017-05-12,80.0,80.0,80.0,80.0,0.0,0.0,
2017-05-15,80.0,80.0,80.0,80.0,0.0,0.0,
2017-05-16,80.0,80.0,80.0,80.0,0.0,0.0,
2017-05-17,80.0,80.0,80.0,80.0,0.0,0.0,
2017-05-18,80.0,80.0,80.0,80.0,0.0,0.0,
2017-05-19,80.0,80.0,80.0,80.0,0.0,0.0,
2017-05-22,80.0,80.0,80.0,80.0,0.0,0.0,
2017-05-23,80.0,80.0,80.0,80.0,0.0,0.0,
2017-05-24,80.0,80.0,80.0,80.0,0.0,0.0,
2017-05-25,80.0,80.0,80.0,80.0,0.0,0.0,
2017-05-26,80.0,80.0,80.0,80.0,0.0,0.0,
2017-05-29,80.0,80.0,80.0,80.0,0.0,0.0,
2017-05-30,80.0,80.0,80.0,80.0,0.0,0.0,
2017-05-31,80.0,80.0,80.0,80.0,0.0,0.0,
2017-06-01,80.0,80.0,80.0,80.0,0.0,0.0,
2017-06-02,80.0,80.0,80.0,80.0,0.0,0.0,
2017-06-05,80.0,80.0,80.0,80.0,0.0,0.0,
2017-06-06,80.0,80.0,80.0,80.0,0.0,0.0,
2017-06-07,80.0,80.0,80.0,80.0,0.0,0.0,
2017-06-08,80.0,80.0,80.0,80.0,0.0,0.0,
2017-06-09,80.0,80.0,80.0,80.0,0.0,0.0,
2017-06-12,80.0,80.0,80.0,80.0,0.0,0.0,
2017-06-13,80.0,80.0,80.0,80.0,0.0,0.0,
2017-06-14,80.0,80.0,80.0,80.0,0.0,0.0,
2017-06-15,80.0,80.0,80.0,80.0,0.0,0.0,
2017-06-16,80.0,80.0,80.0,80.0,0.0,0.0,
2017-06-19,80.0,80.0,80.0,80.0,0.0,0.0,
2017-06-20,80.0,80.0,80.0,80.0,0.0,0.0,
2017-06-21,80.0,80.0,80.0,80.0,0.0,0.0,
2017-06-22,80.0,80.0,80.0,80.0,0.0,0.0,
2017-06-23,80.0,80.0,80.0,80.0,0.0,0.0,
2017-06-26,80.0,80.0,80.0,80.0,0.0,0.0,
2017-06-27,80.0,80.0,80.0,80.0,0.0,0.0,
2017-06-28,80.0,80.0,80.0,80.0,0.0,0.0,
2017-06-29,80.0,80.0,80.0,80.0,0.0,0.0,
2017-06-30,80.0,80.0,80.0,80.0,0.0,0.0,
2017-07-03,80.0,80.0,80.0,80.0,0.0,0.0,
2017-07-04,80.0,80.0,80.0,80.0,0.0,0.0,
2017-07-05,80.0,80.0,80.0,80.0,0.0,0.0,
2017-07-06,80.0,80.0,80.0,80.0,0.0,0.0,
2017-07-07,80.0,80.0,80.0,80.0,0.0,0.0,
2017-07-10,80.0,80.0,80.0,80.0,0.0,0.0,
2017-07-11,80.0,80.0,80.0,80.0,0.0,0.0,
2017-07-12,80.0,80.0,80.0,80.0,0.0,0.0,
2017-07-13,80.0,80.0,80.0,80.0,0.0,0.0,
2017-07-14,80.0,80.0,80.0,80.0,0.0,0.0,
2017-07-17,80.0,80.0,80.0,80.0,0.0,0.0,
2017-07-18,80.0,80.0,80.0,80.0,0.0,0.0,
2017-07-19,80.0,80.0,80.0,80.0,0.0,0.0,
2017-07-20,80.0,80.0,80.0,80.0,0.0,0.0,
2017-07-21,80.0,80.0,80.0,80.0,0.0,0.0,
2017-07-24,80.0,80.0,80.0,80.0,0.0,0.0,
2017-07-25,80.0,80.0,80.0,80.0,0.0,0.0,
2017-07-26,80.0,80.0,80.0,80.0,0.0,0.0,
2017-07-27,80.0,80.0,80.0,80.0,0.0,0.0,
2017-07-28,80.0,80.0,80.0,80.0,0.0,0.0,
2017-07-31,80.0,80.0,80.0,80.0,0.0,0.0,
2017-08-01,80.0,80.0,80.0,80.0,0.0,0.0,
2017-08-02,80.0,80.0,80.0,80.0,0.0,0.0,
2017-08-03,80.0,80.0,80.0,80.0,0.0,0.0,
2017-08-04,80.0,80.0,80.0,80.0,0.0,0.0,
2017-08-07,80.0,80.0,80.0,80.0,0.0,0.0,
2017-08-08,80.0,80.0,80.0,80.0,0.0,0.0,
2017-08-09,80.0,80.0,80.0,80.0,0.0,0.0,
2017-08-10,80.0,80.0,80.0,80.0,0.0,0.0,
2017-08-11,80.0,80.0,80.0,80.0,0.0,0.0,
2017-08-14,80.0,80.0,80.0,80.0,0.0,0.0,
2017-08-15,80.0,80.0,80.0,80.0,0.0,0.0,
2017-08-16,80.0,80.0,80.0,80.0,0.0,0.0,
2017-08-17,80.0,80.0,80.0,80.0,0.0,0.0,
2017-08-18,80.0,80.0,80.0,80.0,0.0,0.0,
2017-08-21,80.0,80.0,80.0,80.0,0.0,0.0,
2017-08-22,80.0,80.0,80.0,80.0,0.0,0.0,
2017-08-23,80.0,80.0,80.0,80.0,0.0,0.0,
2017-08-24,80.0,80.0,80.0,80.0,0.0,0.0,
2017-08-25,80.0,80.0,80.0,80.0,0.0,0.0,
2017-08-28,80.0,80.0,80.0,80.0,0.0,0.0,
2017-08-29,80.0,80.0,80.0,80.0,0.0,0.0,
2017-08-30,80.0,80.0,80.0,80.0,0.0,0.0,
2017-08-31,80.0,80.0,80.0,80.0,0.0,0.0,
2017-09-01,80.0,80.0,80.0,80.0,0.0,0.0,
2017-09-04,80.0,80.0,80.0,80.0,0.0,0.0,
2017-09-05,80.0,80.0,80.0,80.0,0.0,0.0,
2017-09-06,80.0,80.0,80.0,80.0,0.0,0.0,
2017-09-07,80.0,80.0,80.0,80.0,0.0,0.0,
2017-09-08,80.0,80.0,80.0,80.0,0.0,0.0,
2017-09-11,80.0,80.0,80.0,80.0,0.0,0.0,
2017-09-12,80.0,80.0,80.0,80.0,0.0,0.0,
2017-09-13,80.0,80.0,80.0,80.0,0.0,0.0,
2017-09-14,80.0,80.0,80.0,80.0,0.0,0.0,
2017-09-15,80.0,80.0,80.0,80.0,0.0,0.0,
2017-09-18,80.0,80.0,80.0,80.0,0.0,0.0,
2017-09-19,80.0,80.0,80.0,80.0,0.0,0.0,
2017-09-20,80.0,80.0,80.0,80.0,0.0,0.0,
2017-09-21,80.0,80.0,80.0,80.0,0.0,0.0,
2017-09-22,80.0,80.0,80.0,80.0,0.0,0.0,
2017-09-25,80.0,80.0,80.0,80.0,0.0,0.0,
2017-09-26,80.0,80.0,80.0,80.0,0.0,0.0,
2017-09-27,80.0,80.0,80.0,80.0,0.0,0.0,
2017-09-28,80.0,80.0,80.0,80.0,0.0,0.0,
2017-09-29,80.0,80.0,80.0,80.0,0.0,0.0,
2017-10-02,80.0,80.0,80.0,80.0,0.0,0.0,
2017-10-03,80.0,80.0,80.0,80.0,0.0,0.0,
2017-10-04,80.0,80.0,80.0,80.0,0.0,0.0,
2017-10-05,80.0,80.0,80.0,80.0,0.0,0.0,
2017-10-06,80.0,80.0,80.0,80.0,0.0,0.0,
2017-10-09,80.0,80.0,80.0,80.0,0.0,0.0,
2017-10-10,80.0,80.0,80.0,80.0,0.0,0.0,
2017-10-11,80.0,80.0,80.0,80.0,0.0,0.0,
2017-10-12,80.0,80.0,80.0,80.0,0.0,0.0,
2017-10-13,80.0,80.0,80.0,80.0,0.0,0.0,
2017-10-16,80.0,80.0,80.0,80.0,0.0,0.0,
2017-10-17,80.0,80.0,80.0,80.0,0.0,0.0,
2017-10-18,80.0,80.0,80.0,80.0,0.0,0.0,
2017-10-19,80.0,80.0,80.0,80.0,0.0,0.0,
2017-10-20,80.0,80.0,80.0,80.0,0.0,0.0,
2017-10-23,80.0,80.0,80.0,80.0,0.0,0.0,
2017-10-24,80.0,80.0,80.0,80.0,0.0,0.0,
2017-10-25,80.0,80.0,80.0,80.0,0.0,0.0,
2017-10-26,80.0,80.0,80.0,80.0,0.0,0.0,
2017-10-27,80.0,80.0,80.0,80.0,0.0,0.0,
2017-10-30,80.0,80.0,80.0,80.0,0.0,0.0,
2017-10-31,80.0,80.0,80.0,80.0,0.0,0.0,
2017-11-01,80.0,80.0,80.0,80.0,0.0,0.0,
2017-11-02,80.0,80.0,80.0,80.0,0.0,0.0,
2017-11-03,80.0,80.0,80.0,80.0,0.0,0.0,
2017-11-06,80.0,80.0,80.0,80.0,0.0,0.0,
2017-11-07,80.0,80.0,80.0,80.0,0.0,0.0,
2017-11-08,80.0,80.0,80.0,80.0,0.0,0.0,
2017-11-09,80.0,80.0,80.0,80.0,0.0,0.0,
2017-11-10,80.0,80.0,80.0,80.0,0.0,0.0,
2017-11-13,80.0,80.0,80.0,80.0,0.0,0.0,
2017-11-14,80.0,80.0,80.0,80.0,0.0,0.0,
2017-11-15,80.0,80.0,80.0,80.0,0.0,0.0,
2017-11-16,80.0,80.0,80.0,80.0,0.0,0.0,
2017-11-17,80.0,80.0,80.0,80.0,0.0,0.0,
2017-11-20,80.0,80.0,80.0,80.0,0.0,0.0,
2017-11-21,80.0,80.0,80.0,80.0,0.0,0.0,
2017-11-22,80.0,80.0,80.0,80.0,0.0,0.0,
2017-11-23,80.0,80.0,80.0,80.0,0.0,0.0,
2017-11-24,80.0,80.0,80.0,80.0,0.0,0.0,
2017-11-27,80.0,80.0,80.0,80.0,0.0,0.0,
2017-11-28,80.0,80.0,80.0,80.0,0.0,0.0,
2017-11-29,80.0,80.0,80.0,80.0,0.0,0.0,
2017-11-30,80.0,80.0,80.0,80.0,0.0,0.0,
2017-12-01,80.0,80.0,80.0,80.0,0.0,0.0,
2017-12-04,80.0,80.0,80.0,80.0,0.0,0.0,
2017-12-05,80.0,80.0,80.0,80.0,0.0,0.0,
2017-12-06,80.0,80.0,80.0,80.0,0.0,0.0,
2017-12-07,80.0,80.0,80.0,80.0,0.0,0.0,
2017-12-08,80.0,80.0,80.0,80.0,0.0,0.0,
2017-12-11,80.0,80.0,80.0,80.0,0.0,0.0,
2017-12-12,80.0,80.0,80.0,80.0,0.0,0.0,
2017-12-13,80.0,80.0,80.0,80.0,0.0,0.0,
2017-12-14,80.0,80.0,80.0,80.0,0.0,0.0,
2017-12-15,80.0,80.0,80.0,80.0,0.0,0.0,
2017-12-18,80.0,80.0,80.0,80.0,0.0,0.0,
2017-12-19,80.0,80.0,80.0,80.0,0.0,0.0,
2017-12-20,80.0,80.0,80.0,80.0,0.0,0.0,
2017-12-21,80.0,80.0,80.0,80.0,0.0,0.0,
2017-12-22,80.0,80.0,80.0,80.0,0.0,0.0,
2017-12-27,80.0,80.0,80.0,80.0,0.0,0.0,
2017-12-28,80.0,80.0,80.0,80.0,0.0,0.0,
2017-12-29,80.0,80.0,80.0,80.0,0.0,0.0,
2018-01-02,80.0,80.0,80.0,80.0,0.0,0.0,
2018-01-03,80.0,80.0,80.0,80.0,0.0,0.0,
2018-01-04,80.0,80.0,80.0,80.0,0.0,0.0,
2018-01-05,80.0,80.0,80.0,80.0,0.0,0.0,
2018-01-08,80.0,80.0,80.0,80.0,0.0,0.0,
2018-01-09,80.0,80.0,80.0,80.0,0.0,0.0,
2018-01-10,80.0,80.0,80.0,80.0,0.0,0.0,
2018-01-11,80.0,80.0,80.0,80.0,0.0,0.0,
2018-01-12,80.0,80.0,80.0,80.0,0.0,0.0,
2018-01-15,80.0,80.0,80.0,80.0,0.0,0.0,
2018-01-16,80.0,80.0,80.0,80.0,0.0,0.0,
2018-01-17,80.0,80.0,80.0,80.0,0.0,0.0,
2018-01-18,80.0,80.0,80.0,80.0,0.0,0.0,
2018-01-19,80.0,80.0,80.0,80.0,0.0,0.0,
2018-01-22,80.0,80.0,80.0,80.0,0.0,0.0,
2018-01-23,80.0,80.0,80.0,80.0,0.0,0.0,
2018-01-24,80.0,80.0,80.0,80.0,0.0,0.0,
2018-01-25,80.0,80.0,80.0,80.0,0.0,0.0,
2018-01-26,80.0,80.0,80.0,80.0,0.0,0.0,
2018-01-29,80.0,80.0,80.0,80.0,0.0,0.0,
2018-01-30,80.0,80.0,80.0,80.0,0.0,0.0,
2018-01-31,80.0,80.0,80.0,80.0,0.0,0.0,
2018-02-01,80.0,80.0,80.0,80.0,0.0,0.0,
2018-02-02,80.0,80.0,80.0,80.0,0.0,0.0,
2018-02-05,80.0,80.0,80.0,80.0,0.0,0.0,
2018-02-06,80.0,80.0,80.0,80.0,0.0,0.0,
2018-02-07,80.0,80.0,80.0,80.0,0.0,0.0,
2018-02-08,80.0,80.0,80.0,80.0,0.0,0.0,
2018-02-09,80.0,80.0,80.0,80.0,0.0,0.0,
2018-02-12,80.0,80.0,80.0,80.0,0.0,0.0,
2018-02-13,80.0,80.0,80.0,80.0,0.0,0.0,
2018-02-14,80.0,80.0,80.0,80.0,0.0,0.0,
2018-02-15,80.0,80.0,80.0,80.0,0.0,0.0,
2018-02-16,80.0,80.0,80.0,80.0,0.0,0.0,
2018-02-19,80.0,80.0,80.0,80.0,0.0,0.0,
2018-02-20,80.0,80.0,80.0,80.0,0.0,0.0,
2018-02-21,80.0,80.0,80.0,80.0,0.0,0.0,
2018-02-22,80.0,80.0,80.0,80.0,0.0,0.0,
2018-02-23,80.0,80.0,80.0,80.0,0.0,0.0,
2018-02-26,80.0,80.0,80.0,80.0,0.0,0.0,
2018-02-27,80.0,80.0,80.0,80.0,0.0,0.0,
2018-02-28,80.0,80.0,80.0,80.0,0.0,0.0,
2018-03-01,80.0,80.0,80.0,80.0,0.0,0.0,
2018-03-02,80.0,80.0,80.0,80.0,0.0,0.0,
2018-03-05,80.0,80.0,80.0,80.0,0.0,0.0,
2018-03-06,80.0,80.0,80.0,80.0,0.0,0.0,
2018-03-07,80.0,80.0,80.0,80.0,0.0,0.0,
2018-03-08,80.0,80.0,80.0,80.0,0.0,0.0,
2018-03-09,80.0,80.0,80.0,80.0,0.0,0.0,
2018-03-12,80.0,80.0,80.0,80.0,0.0,0.0,
2018-03-13,80.0,80.0,80.0,80.0,0.0,0.0,
2018-03-14,80.0,80.0,80.0,80.0,0.0,0.0,
2018-03-15,80.0,80.0,80.0,80.0,0.0,0.0,
2018-03-16,80.0,80.0,80.0,80.0,0.0,0.0,
2018-03-19,80.0,80.0,80.0,80.0,0.0,0.0,
2018-03-20,80.0,80.0,80.0,80.0,0.0,0.0,
2018-03-21,80.0,80.0,80.0,80.0,0.0,0.0,
2018-03-22,80.0,80.0,80.0,80.0,0.0,0.0,
2018-03-23,80.0,80.0,80.0,80.0,0.0,0.0,
2018-03-26,80.0,80.0,80.0,80.0,0.0,0.0,
2018-03-27,80.0,80.0,80.0,80.0,0.0,0.0,
2018-03-28,80.0,80.0,80.0,80.0,0.0,0.0,
2018-03-29,80.0,80.0,80.0,80.0,0.0,0.0,
2018-04-03,80.0,80.0,80.0,80.0,0.0,0.0,
2018-04-04,80.0,80.0,80.0,80.0,0.0,0.0,
2018-04-05,80.0,80.0,80.0,80.0,0.0,0.0,
2018-04-06,80.0,80.0,80.0,80.0,0.0,0.0,
2018-04-09,80.0,80.0,80.0,80.0,0.0,0.0,
2018-04-10,80.0,80.0,80.0,80.0,0.0,0.0,
2018-04-11,80.0,80.0,80.0,80.0,0.0,0.0,
2018-04-12,80.0,80.0,80.0,80.0,0.0,0.0,
2018-04-13,80.0,80.0,80.0,80.0,0.0,0.0,
2018-04-16,80.0,80.0,80.0,80.0,0.0,0.0,
2018-04-17,80.0,80.0,80.0,80.0,0.0,0.0,
2018-04-18,80.0,80.0,80.0,80.0,0.0,0.0,
2018-04-19,80.0,80.0,80.0,80.0,0.0,0.0,
2018-04-20,80.0,80.0,80.0,80.0,0.0,0.0,
2018-04-23,80.0,80.0,80.0,80.0,0.0,0.0,
2018-04-24,80.0,80.0,80.0,80.0,0.0,0.0,
2018-04-25,80.0,80.0,80.0,80.0,0.0,0.0,
2018-04-26,80.0,80.0,80.0,80.0,0.0,0.0,
2018-04-27,80.0,80.0,80.0,80.0,0.0,0.0,
2018-04-30,80.0,80.0,80.0,80.0,0.0,0.0,
2018-05-01,80.0,80.0,80.0,80.0,0.0,0.0,
2018-05-02,80.0,80.0,80.0,80.0,0.0,0.0,
2018-05-03,80.0,80.0,80.0,80.0,0.0,0.0,
2018-05-04,80.0,80.0,80.0,80.0,0.0,0.0,
2018-05-07,80.0,80.0,80.0,80.0,0.0,0.0,
2018-05-08,80.0,80.0,80.0,80.0,0.0,0.0,
2018-05-09,80.0,80.0,80.0,80.0,0.0,0.0,
2018-05-10,80.0,80.0,80.0,80.0,0.0,0.0,
2018-05-11,80.0,80.0,80.0,80.0,0.0,0.0,
2018-05-14,80.0,80.0,80.0,80.0,0.0,0.0,
2018-05-15,80.0,80.0,80.0,80.0,0.0,0.0,
2018-05-16,80.0,80.0,80.0,80.0,0.0,0.0,
2018-05-17,80.0,80.0,80.0,80.0,0.0,0.0,
2018-05-18,80.0,80.0,80.0,80.0,0.0,0.0,
2018-05-21,80.0,80.0,80.0,80.0,0.0,0.0,
2018-05-22,80.0,80.0,80.0,80.0,0.0,0.0,
2018-05-23,80.0,80.0,80.0,80.0,0.0,0.0,
2018-05-24,80.0,80.0,80.0,80.0,0.0,0.0,
2018-05-25,80.0,80.0,80.0,80.0,0.0,0.0,
2018-05-28,80.0,80.0,80.0,80.0,0.0,0.0,
2018-05-29,80.0,80.0,80.0,80.0,0.0,0.0,
2018-05-30,80.0,80.0,80.0,80.0,0.0,0.0,
2018-05-31,80.0,80.0,80.0,80.0,0.0,0.0,
2018-06-01,80.0,80.0,80.0,80.0,0.0,0.0,
2018-06-04,80.0,80.0,80.0,80.0,0.0,0.0,
2018-06-05,80.0,80.0,80.0,80.0,0.0,0.0,
2018-06-06,80.0,80.0,80.0,80.0,0.0,0.0,
2018-06-07,80.0,80.0,80.0,80.0,0.0,0.0,
2018-06-08,80.0,80.0,80.0,80.0,0.0,0.0,
2018-06-11,80.0,80.0,80.0,80.0,0.0,0.0,
2018-06-12,80.0,80.0,80.0,80.0,0.0,0.0,
2018-06-13,80.0,80.0,80.0,80.0,0.0,0.0,
2018-06-14,80.0,80.0,80.0,80.0,0.0,0.0,
2018-06-15,80.0,80.0,80.0,80.0,0.0,0.0,
2018-06-18,80.0,80.0,80.0,80.0,0.0,0.0,
2018-06-19,80.0,80.0,80.0,80.0,0.0,0.0,
2018-06-20,80.0,80.0,80.0,80.0,0.0,0.0,
2018-06-21,80.0,80.0,80.0,80.0,0.0,0.0,
2018-06-22,80.0,80.0,80.0,80.0,0.0,0.0,
2018-06-25,80.0,80.0,80.0,80.0,0.0,0.0,
2018-06-26,80.0,80.0,80.0,80.0,0.0,0.0,
2018-06-27,80.0,80.0,80.0,80.0,0.0,0.0,
2018-06-28,80.0,80.0,80.0,80.0,0.0,0.0,
2018-06-29,80.0,80.0,80.0,80.0,0.0,0.0,
2018-07-02,80.0,80.0,80.0,80.0,0.0,0.0,
2018-07-03,80.0,80.0,80.0,80.0,0.0,0.0,
2018-07-04,80.0,80.0,80.0,80.0,0.0,0.0,
2018-07-05,80.0,80.0,80.0,80.0,0.0,0.0,
2018-07-06,80.0,80.0,80.0,80.0,0.0,0.0,
2018-07-09,80.0,80.0,80.0,80.0,0.0,0.0,
2018-07-10,80.0,80.0,80.0,80.0,0.0,0.0,
2018-07-11,80.0,80.0,80.0,80.0,0.0,0.0,
2018-07-12,80.0,80.0,80.0,80.0,0.0,0.0,
2018-07-13,80.0,80.0,80.0,80.0,0.0,0.0,
2018-07-16,80.0,80.0,80.0,80.0,0.0,0.0,
2018-07-17,80.0,80.0,80.0,80.0,0.0,0.0,
2018-07-18,80.0,80.0,80.0,80.0,0.0,0.0,
2018-07-19,80.0,80.0,80.0,80.0,0.0,0.0,
2018-07-20,80.0,80.0,80.0,80.0,0.0,0.0,
2018-07-23,80.0,80.0,80.0,80.0,0.0,0.0,
2018-07-24,80.0,80.0,80.0,80.0,0.0,0.0,
2018-07-25,80.0,80.0,80.0,80.0,0.0,0.0,
2018-07-26,80.0,80.0,80.0,80.0,0.0,0.0,
2018-07-27,80.0,80.0,80.0,80.0,0.0,0.0,
2018-07-30,80.0,80.0,80.0,80.0,0.0,0.0,
2018-07-31,80.0,80.0,80.0,80.0,0.0,0.0,
2018-08-01,80.0,80.0,80.0,80.0,0.0,0.0,
2018-08-02,80.0,80.0,80.0,80.0,0.0,0.0,
2018-08-03,80.0,80.0,80.0,80.0,0.0,0.0,
2018-08-06,80.0,80.0,80.0,80.0,0.0,0.0,
2018-08-07,80.0,80.0,80.0,80.0,0.0,0.0,
2018-08-08,80.0,80.0,80.0,80.0,0.0,0.0,
2018-08-09,80.0,80.0,80.0,80.0,0.0,0.0,
2018-08-10,80.0,80.0,80.0,80.0,0.0,0.0,
2018-08-13,80.0,80.0,80.0,80.0,0.0,0.0,
2018-08-14,80.0,80.0,80.0,80.0,0.0,0.0,
2018-08-15,80.0,80.0,80.0,80.0,0.0,0.0,
2018-08-16,80.0,80.0,80.0,80.0,0.0,0.0,
2018-08-17,80.0,80.0,80.0,80.0,0.0,0.0,
2018-08-20,80.0,80.0,80.0,80.0,0.0,0.0,
2018-08-21,80.0,80.0,80.0,80.0,0.0,0.0,
2018-08-22,80.0,80.0,80.0,80.0,0.0,0.0,
2018-08-23,80.0,80.0,80.0,80.0,0.0,0.0,
2018-08-24,80.0,80.0,80.0,80.0,0.0,0.0,
2018-08-27,80.0,80.0,80.0,80.0,0.0,0.0,
2018-08-28,80.0,80.0,80.0,80.0,0.0,0.0,
2018-08-29,80.0,80.0,80.0,80.0,0.0,0.0,
2018-08-30,80.0,80.0,80.0,80.0,0.0,0.0,
2018-08-31,80.0,80.0,80.0,80.0,0.0,0.0,
2018-09-03,80.0,80.0,80.0,80.0,0.0,0.0,
2018-09-04,80.0,80.0,80.0,80.0,0.0,0.0,
2018-09-05,80.0,80.0,80.0,80.0,0.0,0.0,
2018-09-06,80.0,80.0,80.0,80.0,0.0,0.0,
2018-09-07,80.0,80.0,80.0,80.0,0.0,0.0,
2018-09-10,80.0,80.0,80.0,80.0,0.0,0.0,
2018-09-11,80.0,80.0,80.0,80.0,0.0,0.0,
2018-09-12,80.0,80.0,80.0,80.0,0.0,0.0,
2018-09-13,80.0,80.0,80.0,80.0,0.0,0.0,
2018-09-14,80.0,80.0,80.0,80.0,0.0,0.0,
2018-09-17,80.0,80.0,80.0,80.0,0.0,0.0,
2018-09-18,80.0,80.0,80.0,80.0,0.0,0.0,
2018-09-19,80.0,80.0,80.0,80.0,0.0,0.0,
2018-09-20,80.0,80.0,80.0,80.0,0.0,0.0,
2018-09-21,80.0,80.0,80.0,80.0,0.0,0.0,
2018-09-24,80.0,80.0,80.0,80.0,0.0,0.0,
2018-09-25,80.0,80.0,80.0,80.0,0.0,0.0,
2018-09-26,80.0,80.0,80.0,80.0,0.0,0.0,
2018-09-27,80.0,80.0,80.0,80.0,0.0,0.0,
2018-09-28,80.0,80.0,80.0,80.0,0.0,0.0,
2018-10-01,80.0,80.0,80.0,80.0,0.0,0.0,
2018-10-02,80.0,80.0,80.0,80.0,0.0,0.0,
2018-10-03,80.0,80.0,80.0,80.0,0.0,0.0,
2018-10-04,80.0,80.0,80.0,80.0,0.0,0.0,
2018-10-05,80.0,80.0,80.0,80.0,0.0,0.0,
2018-10-08,80.0,80.0,80.0,80.0,0.0,0.0,
2018-10-09,80.0,80.0,80.0,80.0,0.0,0.0,
2018-10-10,80.0,80.0,80.0,80.0,0.0,0.0,
2018-10-11,80.0,80.0,80.0,80.0,0.0,0.0,
2018-10-12,80.0,80.0,80.0,80.0,0.0,0.0,
2018-10-15,80.0,80.0,80.0,80.0,0.0,0.0,
2018-10-16,80.0,80.0,80.0,80.0,0.0,0.0,
2018-10-17,80.0,80.0,80.0,80.0,0.0,0.0,
2018-10-18,80.0,80.0,80.0,80.0,0.0,0.0,
2018-10-19,80.0,80.0,80.0,80.0,0.0,0.0,
2018-10-22,80.0,80.0,80.0,80.0,0.0,0.0,
2018-10-23,80.0,80.0,80.0,80.0,0.0,0.0,
2018-10-24,80.0,80.0,80.0,80.0,0.0,0.0,
2018-10-25,80.0,80.0,80.0,80.0,0.0,0.0,
2018-10-26,80.0,80.0,80.0,80.0,0.0,0.0,
2018-10-29,80.0,80.0,80.0,80.0,0.0,0.0,
2018-10-30,80.0,80.0,80.0,80.0,0.0,0.0,
2018-10-31,80.0,80.0,80.0,80.0,0.0,0.0,
2018-11-01,80.0,80.0,80.0,80.0,0.0,0.0,
2018-11-02,80.0,80.0,80.0,80.0,0.0,0.0,
2018-11-05,80.0,80.0,80.0,80.0,0.0,0.0,
2018-11-06,80.0,80.0,80.0,80.0,0.0,0.0,
2018-11-07,80.0,80.0,80.0,80.0,0.0,0.0,
2018-11-08,80.0,80.0,80.0,80.0,0.0,0.0,
2018-11-09,80.0,80.0,80.0,80.0,0.0,0.0,
2018-11-12,80.0,80.0,80.0,80.0,0.0,0.0,
2018-11-13,80.0,80.0,80.0,80.0,0.0,0.0,
2018-11-14,80.0,80.0,80.0,80.0,0.0,0.0,
2018-11-15,80.0,80.0,80.0,80.0,0.0,0.0,
2018-11-16,80.0,80.0,80.0,80.0,0.0,0.0,
2018-11-19,80.0,80.0,80.0,80.0,0.0,0.0,
2018-11-20,80.0,80.0,80.0,80.0,0.0,0.0,
2018-11-21,80.0,80.0,80.0,80.0,0.0,0.0,
2018-11-22,80.0,80.0,80.0,80.0,0.0,0.0,
2018-11-23,80.0,80.0,80.0,80.0,0.0,0.0,
2018-11-26,80.0,80.0,80.0,80.0,0.0,0.0,
2018-11-27,80.0,80.0,80.0,80.0,0.0,0.0,
2018-11-28,80.0,80.0,80.0,80.0,0.0,0.0,
2018-11-29,80.0,80.0,80.0,80.0,0.0,0.0,
2018-11-30,80.0,80.0,80.0,80.0,0.0,0.0,
2018-12-03,80.0,80.0,80.0,80.0,0.0,0.0,
2018-12-04,80.0,80.0,80.0,80.0,0.0,0.0,
2018-12-05,80.0,80.0,80.0,80.0,0.0,0.0,
2018-12-06,80.0,80.0,80.0,80.0,0.0,0.0,
2018-12-07,80.0,80.0,80.0,80.0,0.0,0.0,
2018-12-10,80.0,80.0,80.0,80.0,0.0,0.0,
2018-12-11,80.0,80.0,80.0,80.0,0.0,0.0,
2018-12-12,80.0,80.0,80.0,80.0,0.0,0.0,
2018-12-13,80.0,80.0,80.0,80.0,0.0,0.0,
2018-12-14,80.0,80.0,80.0,80.0,0.0,0.0,
2018-12-17,80.0,80.0,80.0,80.0,0.0,0.0,
2018-12-18,80.0,80.0,80.0,80.0,0.0,0.0,
2018-12-19,80.0,80.0,80.0,80.0,0.0,0.0,
2018-12-20,80.0,80.0,80.0,80.0,0.0,0.0,
2018-12-21,80.0,80.0,80.0,80.0,0.0,0.0,
2018-12-24,80.0,80.0,80.0,80.0,0.0,0.0,
2018-12-27,80.0,80.0,80.0,80.0,0.0,0.0,
2018-12-28,80.0,80.0,80.0,80.0,0.0,0.0,
2018-12-31,80.0,80.0,80.0,80.0,0.0,0.0,
2019-01-02,80.0,80.0,80.0,80.0,0.0,0.0,
2019-01-03,80.0,80.0,80.0,80.0,0.0,0.0,
2019-01-04,80.0,80.0,80.0,80.0,0.0,0.0,
2019-01-07,80.0,80.0,80.0,80.0,0.0,0.0,
2019-01-08,80.0,80.0,80.0,80.0,0.0,0.0,
2019-01-09,80.0,80.0,80.0,80.0,0.0,0.0,
2019-01-10,80.0,80.0,80.0,80.0,0.0,0.0,
2019-01-11,80.0,80.0,80.0,80.0,0.0,0.0,
2019-01-14,80.0,80.0,80.0,80.0,0.0,0.0,
2019-01-15,80.0,80.0,80.0,80.0,0.0,0.0,
2019-01-16,80.0,80.0,80.0,80.0,0.0,0.0,
2019-01-17,80.0,80.0,80.0,80.0,0.0,0.0,
2019-01-18,80.0,80.0,80.0,80.0,0.0,0.0,
2019-01-21,80.0,80.0,80.0,80.0,0.0,0.0,
2019-01-22,80.0,80.0,80.0,80.0,0.0,0.0,
2019-01-23,80.0,80.0,80.0,80.0,0.0,0.0,
2019-01-24,80.0,80.0,80.0,80.0,0.0,0.0,
2019-01-25,80.0,80.0,80.0,80.0,0.0,0.0,
2019-01-28,80.0,80.0,80.0,80.0,0.0,0.0,
2019-01-29,80.0,80.0,80.0,80.0,0.0,0.0,
2019-01-30,80.0,80.0,80.0,80.0,0.0,0.0,
2019-01-31,80.0,80.0,80.0,80.0,0.0,0.0,
2019-02-01,80.0,80.0,80.0,80.0,0.0,0.0,
2019-02-04,80.0,80.0,80.0,80.0,0.0,0.0,
2019-02-05,80.0,80.0,80.0,80.0,0.0,0.0,
2019-02-06,80.0,80.0,80.0,80.0,0.0,0.0,
2019-02-07,80.0,80.0,80.0,80.0,0.0,0.0,
2019-02-08,80.0,80.0,80.0,80.0,0.0,0.0,
2019-02-11,80.0,80.0,80.0,80.0,0.0,0.0,
2019-02-12,80.0,80.0,80.0,80.0,0.0,0.0,
2019-02-13,80.0,80.0,80.0,80.0,0.0,0.0,
2019-02-14,80.0,80.0,80.0,80.0,0.0,0.0,
2019-02-15,80.0,80.0,80.0,80.0,0.0,0.0,
2019-02-18,80.0,80.0,80.0,80.0,0.0,0.0,
2019-02-19,80.0,80.0,80.0,80.0,0.0,0.0,
2019-02-20,80.0,80.0,80.0,80.0,0.0,0.0,
2019-02-21,80.0,80.0,80.0,80.0,0.0,0.0,
2019-02-22,80.0,80.0,80.0,80.0,0.0,0.0,
2019-02-25,80.0,80.0,80.0,80.0,0.0,0.0,
2019-02-26,80.0,80.0,80.0,80.0,0.0,0.0,
2019-02-27,80.0,80.0,80.0,80.0,0.0,0.0,
2019-02-28,80.0,80.0,80.0,80.0,0.0,0.0,
2019-03-01,80.0,80.0,80.0,80.0,0.0,0.0,
2019-03-04,80.0,80.0,80.0,80.0,0.0,0.0,
2019-03-05,80.0,80.0,80.0,80.0,0.0,0.0,
2019-03-06,80.0,80.0,80.0,80.0,0.0,0.0,
2019-03-07,80.0,80.0,80.0,80.0,0.0,0.0,
2019-03-08,80.0,80.0,80.0,80.0,0.0,0.0,
2019-03-11,80.0,80.0,80.0,80.0,0.0,0.0,
2019-03-12,80.0,80.0,80.0,80.0,0.0,0.0,
2019-03-13,80.0,80.0,80.0,80.0,0.0,0.0,
2019-03-14,80.0,80.0,80.0,80.0,0.0,0.0,
2019-03-15,80.0,80.0,80.0,80.0,0.0,0.0,
2019-03-18,80.0,80.0,80.0,80.0,0.0,0.0,
2019-03-19,80.0,80.0,80.0,80.0,0.0,0.0,
2019-03-20,80.0,80.0,80.0,80.0,0.0,0.0,
2019-03-21,80.0,80.0,80.0,80.0,0.0,0.0,
2019-03-22,80.0,80.0,80.0,80.0,0.0,0.0,
2019-03-25,80.0,80.0,80.0,80.0,0.0,0.0,
2019-03-26,80.0,80.0,80.0,80.0,0.0,0.0,
2019-03-27,80.0,80.0,80.0,80.0,0.0,0.0,
2019-03-28,80.0,80.0,80.0,80.0,0.0,0.0,
2019-03-29,80.0,80.0,80.0,80.0,0.0,0.0,
2019-04-01,80.0,80.0,80.0,80.0,0.0,0.0,
2019-04-02,80.0,80.0,80.0,80.0,0.0,0.0,
2019-04-03,80.0,80.0,80.0,80.0,0.0,0.0,
2019-04-04,80.0,80.0,80.0,80.0,0.0,0.0,
2019-04-05,80.0,80.0,80.0,80.0,0.0,0.0,
2019-04-08,80.0,80.0,80.0,80.0,0.0,0.0,
2019-04-09,80.0,80.0,80.0,80.0,0.0,0.0,
2019-04-10,80.0,80.0,80.0,80.0,0.0,0.0,
2019-04-11,80.0,80.0,80.0,80.0,0.0,0.0,
2019-04-12,80.0,80.0,80.0,80.0,0.0,0.0,
2019-04-15,80.0,80.0,80.0,80.0,0.0,0.0,
2019-04-16,80.0,80.0,80.0,80.0,0.0,0.0,
2019-04-17,80.0,80.0,80.0,80.0,0.0,0.0,
2019-04-18,80.0,80.0,80.0,80.0,0.0,0.0,
2019-04-23,80.0,80.0,80.0,80.0,0.0,0.0,
2019-04-24,80.0,80.0,80.0,80.0,0.0,0.0,
2019-04-25,80.0,80.0,80.0,80.0,0.0,0.0,
2019-04-26,80.0,80.0,80.0,80.0,0.0,0.0,
2019-04-29,80.0,80.0,80.0,80.0,0.0,0.0,
2019-04-30,80.0,80.0,80.0,80.0,0.0,0.0,
2019-05-01,80.0,80.0,80.0,80.0,0.0,0.0,
2019-05-02,80.0,80.0,80.0,80.0,0.0,0.0,
2019-05-03,80.0,80.0,80.0,80.0,0.0,0.0,
2019-05-06,80.0,80.0,80.0,80.0,0.0,0.0,
2019-05-07,80.0,80.0,80.0,80.0,0.0,0.0,
2019-05-08,80.0,80.0,80.0,80.0,0.0,0.0,
2019-05-09,80.0,80.0,80.0,80.0,0.0,0.0,
2019-05-10,80.0,80.0,80.0,80.0,0.0,0.0,
2019-05-13,80.0,80.0,80.0,80.0,0.0,0.0,
2019-05-14,80.0,80.0,80.0,80.0,0.0,0.0,
2019-05-15,80.0,80.0,80.0,80.0,0.0,0.0,
2019-05-16,80.0,80.0,80.0,80.0,0.0,0.0,
2019-05-17,80.0,80.0,80.0,80.0,0.0,0.0,
2019-05-20,80.0,80.0,80.0,80.0,0.0,0.0,
2019-05-21,80.0,80.0,80.0,80.0,0.0,0.0,
2019-05-22,80.0,80.0,80.0,80.0,0.0,0.0,
2019-05-23,80.0,80.0,80.0,80.0,0.0,0.0,
2019-05-24,80.0,80.0,80.0,80.0,0.0,0.0,
2019-05-27,80.0,80.0,80.0,80.0,0.0,0.0,
2019-05-28,80.0,80.0,80.0,80.0,0.0,0.0,
2019-05-29,80.0,80.0,80.0,80.0,0.0,0.0,
2019-05-30,80.0,80.0,80.0,80.0,0.0,0.0,
2019-05-31,80.0,80.0,80.0,80.0,0.0,0.0,
2019-06-03,80.0,80.0,80.0,80.0,0.0,0.0,
2019-06-04,80.0,80.0,80.0,80.0,0.0,0.0,
2019-06-05,80.0,80.0,80.0,80.0,0.0,0.0,
2019-06-06,80.0,80.0,80.0,80.0,0.0,0.0,
2019-06-07,80.0,80.0,80.0,80.0,0.0,0.0,
2019-06-10,80.0,80.0,80.0,80.0,0.0,0.0,
2019-06-11,80.0,80.0,80.0,80.0,0.0,0.0,
2019-06-12,80.0,80.0,80.0,80.0,0.0,0.0,
2019-06-13,80.0,80.0,80.0,80.0,0.0,0.0,
2019-06-14,80.0,80.0,80.0,80.0,0.0,0.0,
2019-06-17,80.0,80.0,80.0,80.0,0.0,0.0,
2019-06-18,80.0,80.0,80.0,80.0,0.0,0.0,
2019-06-19,80.0,80.0,80.0,80.0,0.0,0.0,
2019-06-20,80.0,80.0,80.0,80.0,0.0,0.0,
2019-06-21,80.0,80.0,80.0,80.0,0.0,0.0,
2019-06-24,80.0,80.0,80.0,80.0,0.0,0.0,
2019-06-25,80.0,80.0,80.0,80.0,0.0,0.0,
2019-06-26,80.0,80.0,80.0,80.0,0.0,0.0,
2019-06-27,80.0,80.0,80.0,80.0,0.0,0.0,
2019-06-28,80.0,80.0,80.0,80.0,0.0,0.0,
2019-07-01,80.0,80.0,80.0,80.0,0.0,0.0,
2019-07-02,80.0,80.0,80.0,80.0,0.0,0.0,
2019-07-03,80.0,80.0,80.0,80.0,0.0,0.0,
2019-07-04,80.0,80.0,80.0,80.0,0.0,0.0,
2019-07-05,80.0,80.0,80.0,80.0,0.0,0.0,
2019-07-08,80.0,80.0,80.0,80.0,0.0,0.0,
2019-07-09,80.0,80.0,80.0,80.0,0.0,0.0,
2019-07-10,80.0,80.0,80.0,80.0,0.0,0.0,
2019-07-11,80.0,80.0,80.0,80.0,0.0,0.0,
2019-07-12,80.0,80.0,80.0,80.0,0.0,0.0,
2019-07-15,80.0,80.0,80.0,80.0,0.0,0.0,
2019-07-16,80.0,80.0,80.0,80.0,0.0,0.0,
2019-07-17,80.0,80.0,80.0,80.0,0.0,0.0,
2019-07-18,80.0,80.0,80.0,80.0,0.0,0.0,
2019-07-19,80.0,80.0,80.0,80.0,0.0,0.0,
2019-07-22,80.0,80.0,80.0,80.0,0.0,0.0,
2019-07-23,80.0,80.0,80.0,80.0,0.0,0.0,
2019-07-24,80.0,80.0,80.0,80.0,0.0,0.0,
2019-07-25,80.0,80.0,80.0,80.0,0.0,0.0,
2019-07-26,80.0,80.0,80.0,80.0,0.0,0.0,
2019-07-29,80.0,80.0,80.0,80.0,0.0,0.0,
2019-07-30,80.0,80.0,80.0,80.0,0.0,0.0,
2019-07-31,80.0,80.0,80.0,80.0,0.0,0.0,
2019-08-01,80.0,80.0,80.0,80.0,0.0,0.0,
2019-08-02,80.0,80.0,80.0,80.0,0.0,0.0,
2019-08-05,80.0,80.0,80.0,80.0,0.0,0.0,
2019-08-06,80.0,80.0,80.0,80.0,0.0,0.0,
2019-08-07,80.0,80.0,80.0,80.0,0.0,0.0,
2019-08-08,80.0,80.0,80.0,80.0,0.0,0.0,
2019-08-09,80.0,80.0,80.0,80.0,0.0,0.0,
2019-08-12,80.0,80.0,80.0,80.0,0.0,0.0,
2019-08-13,80.0,80.0,80.0,80.0,0.0,0.0,
2019-08-14,80.0,80.0,80.0,80.0,0.0,0.0,
2019-08-15,80.0,80.0,80.0,80.0,0.0,0.0,
2019-08-16,80.0,80.0,80.0,80.0,0.0,0.0,
2019-08-19,80.0,80.0,80.0,80.0,0.0,0.0,
2019-08-20,80.0,80.0,80.0,80.0,0.0,0.0,
2019-08-21,80.0,80.0,80.0,80.0,0.0,0.0,
2019-08-22,80.0,80.0,80.0,80.0,0.0,0.0,
2019-08-23,80.0,80.0,80.0,80.0,0.0,0.0,
2019-08-26,80.0,80.0,80.0,80.0,0.0,0.0,
2019-08-27,80.0,80.0,80.0,80.0,0.0,0.0,
2019-08-28,80.0,80.0,80.0,80.0,0.0,0.0,
2019-08-29,80.0,80.0,80.0,80.0,0.0,0.0,
2019-08-30,80.0,80.0,80.0,80.0,0.0,0.0,
2019-09-02,80.0,80.0,80.0,80.0,0.0,0.0,
2019-09-03,80.0,80.0,80.0,80.0,0.0,0.0,
2019-09-04,80.0,80.0,80.0,80.0,0.0,0.0,
2019-09-05,80.0,80.0,80.0,80.0,0.0,0.0,
2019-09-06,80.0,80.0,80.0,80.0,0.0,0.0,
2019-09-09,80.0,80.0,80.0,80.0,0.0,0.0,
2019-09-10,80.0,80.0,80.0,80.0,0.0,0.0,
2019-09-11,80.0,80.0,80.0,80.0,0.0,0.0,
2019-09-12,80.0,80.0,80.0,80.0,0.0,0.0,
2019-09-13,80.0,80.0,80.0,80.0,0.0,0.0,
2019-09-16,80.0,80.0,80.0,80.0,0.0,0.0,
2019-09-17,80.0,80.0,80.0,80.0,0.0,0.0,
2019-09-18,80.0,80.0,80.0,80.0,0.0,0.0,
2019-09-19,80.0,80.0,80.0,80.0,0.0,0.0,
2019-09-20,80.0,80.0,80.0,80.0,0.0,0.0,
2019-09-23,80.0,80.0,80.0,80.0,0.0,0.0,
2019-09-24,80.0,80.0,80.0,80.0,0.0,0.0,
2019-09-25,80.0,80.0,80.0,80.0,0.0,0.0,
2019-09-26,80.0,80.0,80.0,80.0,0.0,0.0,
2019-09-27,80.0,80.0,80.0,80.0,0.0,0.0,
2019-09-30,80.0,80.0,80.0,80.0,0.0,0.0,
2019-10-01,80.0,80.0,80.0,80.0,0.0,0.0,
2019-10-02,80.0,80.0,80.0,80.0,0.0,0.0,
2019-10-03,80.0,80.0,80.0,80.0,0.0,0.0,
2019-10-04,80.0,80.0,80.0,80.0,0.0,0.0,
2019-10-07,80.0,80.0,80.0,80.0,0.0,0.0,
2019-10-08,80.0,80.0,80.0,80.0,0.0,0.0,
2019-10-09,80.0,80.0,80.0,80.0,0.0,0.0,
2019-10-10,80.0,80.0,80.0,80.0,0.0,0.0,
2019-10-11,80.0,80.0,80.0,80.0,0.0,0.0,
2019-10-14,80.0,80.0,80.0,80.0,0.0,0.0,
2019-10-15,80.0,80.0,80.0,80.0,0.0,0.0,
2019-10-16,80.0,80.0,80.0,80.0,0.0,0.0,
2019-10-17,80.0,80.0,80.0,80.0,0.0,0.0,
2019-10-18,80.0,80.0,80.0,80.0,0.0,0.0,
2019-10-21,80.0,80.0,80.0,80.0,0.0,0.0,
2019-10-22,80.0,80.0,80.0,80.0,0.0,0.0,
2019-10-23,80.0,80.0,80.0,80.0,0.0,0.0,
2019-10-24,80.0,80.0,80.0,80.0,0.0,0.0,
2019-10-25,80.0,80.0,80.0,80.0,0.0,0.0,
2019-10-28,80.0,80.0,80.0,80.0,0.0,0.0,
2019-10-29,80.0,80.0,80.0,80.0,0.0,0.0,
2019-10-30,80.0,80.0,80.0,80.0,0.0,0.0,
2019-10-31,80.0,80.0,80.0,80.0,0.0,0.0,
2019-11-01,80.0,80.0,80.0,80.0,0.0,0.0,
2019-11-04,80.0,80.0,80.0,80.0,0.0,0.0,
2019-11-05,80.0,80.0,80.0,80.0,0.0,0.0,
2019-11-06,80.0,80.0,80.0,80.0,0.0,0.0,
2019-11-07,80.0,80.0,80.0,80.0,0.0,0.0,
2019-11-08,80.0,80.0,80.0,80.0,0.0,0.0,
2019-11-11,80.0,80.0,80.0,80.0,0.0,0.0,
2019-11-12,80.0,80.0,80.0,80.0,0.0,0.0,
2019-11-13,80.0,80.0,80.0,80.0,0.0,0.0,
2019-11-14,80.0,80.0,80.0,80.0,0.0,0.0,
2019-11-15,80.0,80.0,80.0,80.0,0.0,0.0,
2019-11-18,80.0,80.0,80.0,80.0,0.0,0.0,
2019-11-19,80.0,80.0,80.0,80.0,0.0,0.0,
2019-11-20,80.0,80.0,80.0,80.0,0.0,0.0,
2019-11-21,80.0,80.0,80.0,80.0,0.0,0.0,
2019-11-22,80.0,80.0,80.0,80.0,0.0,0.0,
2019-11-25,80.0,80.0,80.0,80.0,0.0,0.0,
2019-11-26,80.0,80.0,80.0,80.0,0.0,0.0,
2019-11-27,80.0,80.0,80.0,80.0,0.0,0.0,
2019-11-28,80.0,80.0,80.0,80.0,0.0,0.0,
2019-11-29,80.0,80.0,80.0,80.0,0.0,0.0,
2019-12-02,80.0,80.0,80.0,80.0,0.0,0.0,
2019-12-03,80.0,80.0,80.0,80.0,0.0,0.0,
2019-12-04,80.0,80.0,80.0,80.0,0.0,0.0,
2019-12-05,80.0,80.0,80.0,80.0,0.0,0.0,
2019-12-06,80.0,80.0,80.0,80.0,0.0,0.0,
2019-12-09,80.0,80.0,80.0,80.0,0.0,0.0,
2019-12-10,80.0,80.0,80.0,80.0,0.0,0.0,
2019-12-11,80.0,80.0,80.0,80.0,0.0,0.0,
2019-12-12,80.0,80.0,80.0,80.0,0.0,0.0,
2019-12-13,80.0,80.0,80.0,80.0,0.0,0.0,
2019-12-16,80.0,80.0,80.0,80.0,0.0,0.0,
2019-12-17,80.0,80.0,80.0,80.0,0.0,0.0,
2019-12-18,80.0,80.0,80.0,80.0,0.0,0.0,
2019-12-19,80.0,80.0,80.0,80.0,0.0,0.0,
2019-12-20,80.0,80.0,80.0,80.0,0.0,0.0,
2019-12-23,80.0,80.0,80.0,80.0,0.0,0.0,
2019-12-24,80.0,80.0,80.0,80.0,0.0,0.0,
2019-12-27,80.0,80.0,80.0,80.0,0.0,0.0,
2019-12-30,80.0,80.0,80.0,80.0,0.0,0.0,
2019-12-31,80.0,80.0,80.0,80.0,0.0,0.0,
2020-01-02,80.0,80.0,80.0,80.0,0.0,0.0,
2020-01-03,80.0,80.0,80.0,80.0,0.0,0.0,
2020-01-06,80.0,80.0,80.0,80.0,0.0,0.0,
2020-01-07,80.0,80.0,80.0,80.0,0.0,0.0,
2020-01-08,80.0,80.0,80.0,80.0,0.0,0.0,
2020-01-09,80.0,80.0,80.0,80.0,0.0,0.0,
2020-01-10,80.0,80.0,80.0,80.0,0.0,0.0,
2020-01-13,80.0,80.0,80.0,80.0,0.0,0.0,
2020-01-14,80.0,80.0,80.0,80.0,0.0,0.0,
2020-01-15,80.0,80.0,80.0,80.0,0.0,0.0,
2020-01-16,80.0,80.0,80.0,80.0,0.0,0.0,
2020-01-17,80.0,80.0,80.0,80.0,0.0,0.0,
2020-01-20,80.0,80.0,80.0,80.0,0.0,0.0,
2020-01-21,80.0,80.0,80.0,80.0,0.0,0.0,
2020-01-22,80.0,80.0,80.0,80.0,0.0,0.0,
2020-01-23,80.0,80.0,80.0,80.0,0.0,0.0,
2020-01-24,80.0,80.0,80.0,80.0,0.0,0.0,
2020-01-27,80.0,80.0,80.0,80.0,0.0,0.0,
2020-01-28,80.0,80.0,80.0,80.0,0.0,0.0,
2020-01-29,80.0,80.0,80.0,80.0,0.0,0.0,
2020-01-30,80.0,80.0,80.0,80.0,0.0,0.0,
2020-01-31,80.0,80.0,80.0,80.0,0.0,0.0,
2020-02-03,80.0,80.0,80.0,80.0,0.0,0.0,
2020-02-04,80.0,80.0,80.0,80.0,0.0,0.0,
2020-02-05,80.0,80.0,80.0,80.0,0.0,0.0,
2020-02-06,80.0,80.0,80.0,80.0,0.0,0.0,
2020-02-07,80.0,80.0,80.0,80.0,0.0,0.0,
2020-02-10,80.0,80.0,80.0,80.0,0.0,0.0,
2020-02-11,80.0,80.0,80.0,80.0,0.0,0.0,
2020-02-12,80.0,80.0,80.0,80.0,0.0,0.0,
2020-02-13,80.0,80.0,80.0,80.0,0.0,0.0,
2020-02-14,80.0,80.0,80.0,80.0,0.0,0.0,
2020-02-17,80.0,80.0,80.0,80.0,0.0,0.0,
2020-02-18,80.0,80.0,80.0,80.0,0.0,0.0,
2020-02-19,80.0,80.0,80.0,80.0,0.0,0.0,
2020-02-20,80.0,80.0,80.0,80.0,0.0,0.0,
2020-02-21,80.0,80.0,80.0,80.0,0.0,0.0,
2020-02-24,80.0,80.0,80.0,80.0,0.0,0.0,
2020-02-25,80.0,80.0,80.0,80.0,0.0,0.0,
2020-02-26,80.0,80.0,80.0,80.0,0.0,0.0,
2020-02-27,80.0,80.0,80.0,80.0,0.0,0.0,
2020-02-28,80.0,80.0,80.0,80.0,0.0,0.0,
2020-03-02,80.0,80.0,80.0,80.0,0.0,0.0,
2020-03-03,80.0,80.0,80.0,80.0,0.0,0.0,
2020-03-04,80.0,80.0,80.0,80.0,0.0,0.0,
2020-03-05,80.0,80.0,80.0,80.0,0.0,0.0,
2020-03-06,80.0,80.0,80.0,80.0,0.0,0.0,
2020-03-09,80.0,80.0,80.0,80.0,0.0,0.0,
2020-03-10,80.0,80.0,80.0,80.0,0.0,0.0,
2020-03-11,80.0,80.0,80.0,80.0,0.0,0.0,
2020-03-12,80.0,80.0,80.0,80.0,0.0,0.0,
2020-03-13,80.0,80.0,80.0,80.0,0.0,0.0,
2020-03-16,80.0,80.0,80.0,80.0,0.0,0.0,
2020-03-17,80.0,80.0,80.0,80.0,0.0,0.0,
2020-03-18,80.0,80.0,80.0,80.0,0.0,0.0,
2020-03-19,80.0,80.0,80.0,80.0,0.0,0.0,
2020-03-20,80.0,80.0,80.0,80.0,0.0,0.0,
2020-03-23,80.0,80.0,80.0,80.0,0.0,0.0,
2020-03-24,80.0,80.0,80.0,80.0,0.0,0.0,
2020-03-25,80.0,80.0,80.0,80.0,0.0,0.0,
2020-03-26,80.0,80.0,80.0,80.0,0.0,0.0,
2020-03-27,80.0,80.0,80.0,80.0,0.0,0.0,
2020-03-30,80.0,80.0,80.0,80.0,0.0,0.0,
2020-03-31,80.0,80.0,80.0,80.0,0.0,0.0,
2020-04-01,80.0,80.0,80.0,80.0,0.0,0.0,
2020-04-02,80.0,80.0,80.0,80.0,0.0,0.0,
2020-04-03,80.0,80.0,80.0,80.0,0.0,0.0,
2020-04-06,80.0,80.0,80.0,80.0,0.0,0.0,
2020-04-07,80.0,80.0,80.0,80.0,0.0,0.0,
2020-04-08,80.0,80.0,80.0,80.0,0.0,0.0,
2020-04-09,80.0,80.0,80.0,80.0,0.0,0.0,
2020-04-14,80.0,80.0,80.0,80.0,0.0,0.0,
2020-04-15,80.0,80.0,80.0,80.0,0.0,0.0,
2020-04-16,80.0,80.0,80.0,80.0,0.0,0.0,
2020-04-17,80.0,80.0,80.0,80.0,0.0,0.0,
2020-04-20,80.0,80.0,80.0,80.0,0.0,0.0,
2020-04-21,80.0,80.0,80.0,80.0,0.0,0.0,
2020-04-22,80.0,80.0,80.0,80.0,0.0,0.0,
2020-04-23,80.0,80.0,80.0,80.0,0.0,0.0,
2020-04-24,80.0,80.0,80.0,80.0,0.0,0.0,
2020-04-27,80.0,80.0,80.0,80.0,0.0,0.0,
2020-04-28,80.0,80.0,80.0,80.0,0.0,0.0,
2020-04-29,80.0,80.0,80.0,80.0,0.0,0.0,
2020-04-30,80.0,80.0,80.0,80.0,0.0,0.0,
2020-05-01,80.0,80.0,80.0,80.0,0.0,0.0,
2020-05-04,80.0,80.0,80.0,80.0,0.0,0.0,
2020-05-05,80.0,80.0,80.0,80.0,0.0,0.0,
2020-05-06,80.0,80.0,80.0,80.0,0.0,0.0,
2020-05-07,80.0,80.0,80.0,80.0,0.0,0.0,
2020-05-08,80.0,80.0,80.0,80.0,0.0,0.0,
2020-05-11,80.0,80.0,80.0,80.0,0.0,0.0,
2020-05-12,80.0,80.0,80.0,80.0,0.0,0.0,
2020-05-13,80.0,80.0,80.0,80.0,0.0,0.0,
2020-05-14,80.0,80.0,80.0,80.0,0.0,0.0,
2020-05-15,80.0,80.0,80.0,80.0,0.0,0.0,
2020-05-18,80.0,80.0,80.0,80.0,0.0,0.0,
2020-05-19,80.0,80.0,80.0,80.0,0.0,0.0,
2020-05-20,80.0,80.0,80.0,80.0,0.0,0.0,
2020-05-21,80.0,80.0,80.0,80.0,0.0,0.0,
2020-05-22,80.0,80.0,80.0,80.0,0.0,0.0,
2020-05-25,80.0,80.0,80.0,80.0,0.0,0.0,
2020-05-26,80.0,80.0,80.0,80.0,0.0,0.0,
2020-05-27,80.0,80.0,80.0,80.0,0.0,0.0,
2020-05-28,80.0,80.0,80.0,80.0,0.0,0.0,
2020-05-29,80.0,80.0,80.0,80.0,0.0,0.0,
2020-06-01,80.0,80.0,80.0,80.0,0.0,0.0,
2020-06-02,80.0,80.0,80.0,80.0,0.0,0.0,
2020-06-03,80.0,80.0,80.0,80.0,0.0,0.0,
2020-06-04,80.0,80.0,80.0,80.0,0.0,0.0,
2020-06-05,80.0,80.0,80.0,80.0,0.0,0.0,
2020-06-08,80.0,80.0,80.0,80.0,0.0,0.0,
2020-06-09,80.0,80.0,80.0,80.0,0.0,0.0,
2020-06-10,80.0,80.0,80.0,80.0,0.0,0.0,
2020-06-11,80.0,80.0,80.0,80.0,0.0,0.0,
2020-06-12,80.0,80.0,80.0,80.0,0.0,0.0,
2020-06-15,80.0,80.0,80.0,80.0,0.0,0.0,
2020-06-16,80.0,80.0,80.0,80.0,0.0,0.0,
2020-06-17,80.0,80.0,80.0,80.0,0.0,0.0,
2020-06-18,80.0,80.0,80.0,80.0,0.0,0.0,
2020-06-19,80.0,80.0,80.0,80.0,0.0,0.0,
2020-06-22,80.0,80.0,80.0,80.0,0.0,0.0,
2020-06-23,80.0,80.0,80.0,80.0,0.0,0.0,
2020-06-24,80.0,80.0,80.0,80.0,0.0,0.0,
2020-06-25,80.0,80.0,80.0,80.0,0.0,0.0,
2020-06-26,80.0,80.0,80.0,80.0,0.0,0.0,
2020-06-29,80.0,80.0,80.0,80.0,0.0,0.0,
2020-06-30,80.0,80.0,80.0,80.0,0.0,0.0,
2020-07-01,80.0,80.0,80.0,80.0,0.0,0.0,
2020-07-02,80.0,80.0,80.0,80.0,0.0,0.0,
2020-07-03,80.0,80.0,80.0,80.0,0.0,0.0,
2020-07-06,80.0,80.0,80.0,80.0,0.0,0.0,
2020-07-07,80.0,80.0,80.0,80.0,0.0,0.0,
2020-07-08,80.0,80.0,80.0,80.0,0.0,0.0,
2020-07-09,80.0,80.0,80.0,80.0,0.0,0.0,
2020-07-10,80.0,80.0,80.0,80.0,0.0,0.0,
2020-07-13,80.0,80.0,80.0,80.0,0.0,0.0,
2020-07-14,80.0,80.0,80.0,80.0,0.0,0.0,
2020-07-15,80.0,80.0,80.0,80.0,0.0,0.0,
2020-07-16,80.0,80.0,80.0,80.0,0.0,0.0,
2020-07-17,80.0,80.0,80.0,80.0,0.0,0.0,
2020-07-20,80.0,80.0,80.0,80.0,0.0,0.0,
2020-07-21,80.0,80.0,80.0,80.0,0.0,0.0,
2020-07-22,80.0,80.0,80.0,80.0,0.0,0.0,
2020-07-23,80.0,80.0,80.0,80.0,0.0,0.0,
2020-07-24,80.0,80.0,80.0,80.0,0.0,0.0,
2020-07-27,80.0,80.0,80.0,80.0,0.0,0.0,
2020-07-28,80.0,80.0,80.0,80.0,0.0,0.0,
2020-07-29,80.0,80.0,80.0,80.0,0.0,0.0,
2020-07-30,80.0,80.0,80.0,80.0,0.0,0.0,
2020-07-31,80.0,80.0,80.0,80.0,0.0,0.0,
2020-08-03,80.0,80.0,80.0,80.0,0.0,0.0,
2020-08-04,80.0,80.0,80.0,80.0,0.0,0.0,
2020-08-05,80.0,80.0,80.0,80.0,0.0,0.0,
2020-08-06,80.0,80.0,80.0,80.0,0.0,0.0,
2020-08-07,80.0,80.0,80.0,80.0,0.0,0.0,
2020-08-10,80.0,80.0,80.0,80.0,0.0,0.0,
2020-08-11,80.0,80.0,80.0,80.0,0.0,0.0,
2020-08-12,80.0,80.0,80.0,80.0,0.0,0.0,
2020-08-13,80.0,80.0,80.0,80.0,0.0,0.0,
2020-08-14,80.0,80.0,80.0,80.0,0.0,0.0,
2020-08-17,80.0,80.0,80.0,80.0,0.0,0.0,
2020-08-18,80.0,80.0,80.0,80.0,0.0,0.0,
2020-08-19,80.0,80.0,80.0,80.0,0.0,0.0,
2020-08-20,80.0,80.0,80.0,80.0,0.0,0.0,
2020-08-21,80.0,80.0,80.0,80.0,0.0,0.0,
2020-08-24,80.0,80.0,80.0,80.0,0.0,0.0,
2020-08-25,80.0,80.0,80.0,80.0,0.0,0.0,
2020-08-26,80.0,80.0,80.0,80.0,0.0,0.0,
2020-08-27,80.0,80.0,80.0,80.0,0.0,0.0,
2020-08-28,80.0,80.0,80.0,80.0,0.0,0.0,
2020-08-31,80.0,80.0,80.0,80.0,0.0,0.0,
2020-09-01,80.0,80.0,80.0,80.0,0.0,0.0,
2020-09-02,80.0,80.0,80.0,80.0,0.0,0.0,
2020-09-03,80.0,80.0,80.0,80.0,0.0,0.0,
2020-09-04,80.0,80.0,80.0,80.0,0.0,0.0,
2020-09-07,80.0,80.0,80.0,80.0,0.0,0.0,
2020-09-08,80.0,80.0,80.0,80.0,0.0,0.0,
2020-09-09,80.0,80.0,80.0,80.0,0.0,0.0,
2020-09-10,80.0,80.0,80.0,80.0,0.0,0.0,
2020-09-11,80.0,80.0,80.0,80.0,0.0,0.0,
2020-09-14,80.0,80.0,80.0,80.0,0.0,0.0,
2020-09-15,80.0,80.0,80.0,80.0,0.0,0.0,
2020-09-16,80.0,80.0,80.0,80.0,0.0,0.0,
2020-09-17,80.0,80.0,80.0,80.0,0.0,0.0,
2020-09-18,80.0,80.0,80.0,80.0,0.0,0.0,
2020-09-21,80.0,80.0,80.0,80.0,0.0,0.0,
2020-09-22,80.0,80.0,80.0,80.0,0.0,0.0,
2020-09-23,80.0,80.0,80.0,80.0,0.0,0.0,
2020-09-24,80.0,80.0,80.0,80.0,0.0,0.0,
2020-09-25,80.0,80.0,80.0,80.0,0.0,0.0,
2020-09-28,80.0,80.0,80.0,80.0,0.0,0.0,
2020-09-29,80.0,80.0,80.0,80.0,0.0,0.0,
2020-09-30,80.0,80.0,80.0,80.0,0.0,0.0,
2020-10-01,80.0,80.0,80.0,80.0,0.0,0.0,
2020-10-02,80.0,80.0,80.0,80.0,0.0,0.0,
2020-10-05,80.0,80.0,80.0,80.0,0.0,0.0,
2020-10-06,80.0,80.0,80.0,80.0,0.0,0.0,
2020-10-07,80.0,80.0,80.0,80.0,0.0,0.0,
2020-10-08,80.0,80.0,80.0,80.0,0.0,0.0,
2020-10-09,80.0,80.0,80.0,80.0,0.0,0.0,
2020-10-12,80.0,80.0,80.0,80.0,0.0,0.0,
2020-10-13,80.0,80.0,80.0,80.0,0.0,0.0,
2020-10-14,80.0,80.0,80.0,80.0,0.0,0.0,
2020-10-15,80.0,80.0,80.0,80.0,0.0,0.0,
2020-10-16,80.0,80.0,80.0,80.0,0.0,0.0,
2020-10-19,80.0,80.0,80.0,80.0,0.0,0.0,
2020-10-20,80.0,80.0,80.0,80.0,0.0,0.0,
2020-10-21,80.0,80.0,80.0,80.0,0.0,0.0,
2020-10-22,80.0,80.0,80.0,80.0,0.0,0.0,
2020-10-23,80.0,80.0,80.0,80.0,0.0,0.0,
2020-10-26,80.0,80.0,80.0,80.0,0.0,0.0,
2020-10-27,80.0,80.0,80.0,80.0,0.0,0.0,
2020-10-28,80.0,80.0,80.0,80.0,0.0,0.0,
2020-10-29,80.0,80.0,80.0,80.0,0.0,0.0,
2020-10-30,80.0,80.0,80.0,80.0,0.0,0.0,
2020-11-02,80.0,80.0,80.0,80.0,0.0,0.0,
2020-11-03,80.0,80.0,80.0,80.0,0.0,0.0,
2020-11-04,80.0,80.0,80.0,80.0,0.0,0.0,
2020-11-05,80.0,80.0,80.0,80.0,0.0,0.0,
2020-11-06,80.0,80.0,80.0,80.0,0.0,0.0,
2020-11-09,80.0,80.0,80.0,80.0,0.0,0.0,
2020-11-10,80.0,80.0,80.0,80.0,0.0,0.0,
2020-11-11,80.0,80.0,80.0,80.0,0.0,0.0,
2020-11-12,80.0,80.0,80.0,80.0,0.0,0.0,
2020-11-13,80.0,80.0,80.0,80.0,0.0,0.0,
2020-11-16,80.0,80.0,80.0,80.0,0.0,0.0,
2020-11-17,80.0,80.0,80.0,80.0,0.0,0.0,
2020-11-18,80.0,80.0,80.0,80.0,0.0,0.0,
2020-11-19,80.0,80.0,80.0,80.0,0.0,0.0,
2020-11-20,80.0,80.0,80.0,80.0,0.0,0.0,
2020-11-23,80.0,80.0,80.0,80.0,0.0,0.0,
2020-11-24,80.0,80.0,80.0,80.0,0.0,0.0,
2020-11-25,80.0,80.0,80.0,80.0,0.0,0.0,
2020-11-26,80.0,80.0,80.0,80.0,0.0,0.0,
2020-11-27,80.0,80.0,80.0,80.0,0.0,0.0,
2020-11-30,80.0,80.0,80.0,80.0,0.0,0.0,
2020-12-01,80.0,80.0,80.0,80.0,0.0,0.0,
2020-12-02,80.0,80.0,80.0,80.0,0.0,0.0,
2020-12-03,80.0,80.0,80.0,80.0,0.0,0.0,
2020-12-04,80.0,80.0,80.0,80.0,0.0,0.0,
2020-12-07,80.0,80.0,80.0,80.0,0.0,0.0,
2020-12-08,80.0,80.0,80.0,80.0,0.0,0.0,
2020-12-09,80.0,80.0,80.0,80.0,0.0,0.0,
2020-12-10,80.0,80.0,80.0,80.0,0.0,0.0,
2020-12-11,80.0,80.0,80.0,80.0,0.0,0.0,
2020-12-14,80.0,80.0,80.0,80.0,0.0,0.0,
2020-12-15,80.0,80.0,80.0,80.0,0.0,0.0,
2020-12-16,80.0,80.0,80.0,80.0,0.0,0.0,
2020-12-17,80.0,80.0,80.0,80.0,0.0,0.0,
2020-12-18,80.0,80.0,80.0,80.0,0.0,0.0,
2020-12-21,80.0,80.0,80.0,80.0,0.0,0.0,
2020-12-22,80.0,80.0,80.0,80.0,0.0,0.0,
2020-12-23,80.0,80.0,80.0,80.0,0.0,0.0,
2020-12-24,80.0,80.0,80.0,80.0,0.0,0.0,
2020-12-28,80.0,80.0,80.0,80.0,0.0,0.0,
2020-12-29,80.0,80.0,80.0,80.0,0.0,0.0,
2020-12-30,80.0,80.0,80.0,80.0,0.0,0.0,
2020-12-31,80.0,80.0,80.0,80.0,0.0,0.0,
2021-01-04,80.0,80.0,80.0,80.0,0.0,0.0,
2021-01-05,80.0,80.0,80.0,80.0,0.0,0.0,
2021-01-06,80.0,80.0,80.0,80.0,0.0,0.0,
2021-01-07,80.0,80.0,80.0,80.0,0.0,0.0,
2021-01-08,80.0,80.0,80.0,80.0,0.0,0.0,
2021-01-11,80.0,80.0,80.0,80.0,0.0,0.0,
2021-01-12,80.0,80.0,80.0,80.0,0.0,0.0,
2021-01-13,80.0,80.0,80.0,80.0,0.0,0.0,
2021-01-14,80.0,80.0,80.0,80.0,0.0,0.0,
2021-01-15,80.0,80.0,80.0,80.0,0.0,0.0,
2021-01-18,80.0,80.0,80.0,80.0,0.0,0.0,
2021-01-19,80.0,80.0,80.0,80.0,0.0,0.0,
2021-01-20,80.0,80.0,80.0,80.0,0.0,0.0,
2021-01-21,80.0,80.0,80.0,80.0,0.0,0.0,
2021-01-22,80.0,80.0,80.0,80.0,0.0,0.0,
2021-01-25,80.0,80.0,80.0,80.0,0.0,0.0,
2021-01-26,80.0,80.0,80.0,80.0,0.0,0.0,
2021-01-27,80.0,80.0,80.0,80.0,0.0,0.0,
2021-01-28,80.0,80.0,80.0,80.0,0.0,0.0,
2021-01-29,80.0,80.0,80.0,80.0,0.0,0.0,
2021-02-01,80.0,80.0,80.0,80.0,0.0,0.0,
2021-02-02,80.0,80.0,80.0,80.0,0.0,0.0,
2021-02-03,80.0,80.0,80.0,80.0,0.0,0.0,
2021-02-04,80.0,80.0,80.0,80.0,0.0,0.0,
2021-02-05,80.0,80.0,80.0,80.0,0.0,0.0,
2021-02-08,80.0,80.0,80.0,80.0,0.0,0.0,
2021-02-09,80.0,80.0,80.0,80.0,0.0,0.0,
2021-02-10,80.0,80.0,80.0,80.0,0.0,0.0,
2021-02-11,80.0,80.0,80.0,80.0,0.0,0.0,
2021-02-12,80.0,80.0,80.0,80.0,0.0,0.0,
2021-02-15,80.0,80.0,80.0,80.0,0.0,0.0,
2021-02-16,80.0,80.0,80.0,80.0,0.0,0.0,
2021-02-17,80.0,80.0,80.0,80.0,0.0,0.0,
2021-02-18,80.0,80.0,80.0,80.0,0.0,0.0,
2021-02-19,80.0,80.0,80.0,80.0,0.0,0.0,
2021-02-22,80.0,80.0,80.0,80.0,0.0,0.0,
2021-02-23,80.0,80.0,80.0,80.0,0.0,0.0,
2021-02-24,80.0,80.0,80.0,80.0,0.0,0.0,
2021-02-25,80.0,80.0,80.0,80.0,0.0,0.0,
2021-02-26,80.0,80.0,80.0,80.0,0.0,0.0,
2021-03-01,80.0,80.0,80.0,80.0,0.0,0.0,
2021-03-02,80.0,80.0,80.0,80.0,0.0,0.0,
2021-03-03,80.0,80.0,80.0,80.0,0.0,0.0,
2021-03-04,80.0,80.0,80.0,80.0,0.0,0.0,
2021-03-05,80.0,80.0,80.0,80.0,0.0,0.0,
2021-03-08,80.0,80.0,80.0,80.0,0.0,0.0,
2021-03-09,80.0,80.0,80.0,80.0,0.0,0.0,
2021-03-10,80.0,80.0,80.0,80.0,0.0,0.0,
2021-03-11,80.0,80.0,80.0,80.0,0.0,0.0,
2021-03-12,80.0,80.0,80.0,80.0,0.0,0.0,
2021-03-15,80.0,80.0,80.0,80.0,0.0,0.0,
2021-03-16,80.0,80.0,80.0,80.0,0.0,0.0,
2021-03-17,80.0,80.0,80.0,80.0,0.0,0.0,
2021-03-18,80.0,80.0,80.0,80.0,0.0,0.0,
2021-03-19,80.0,80.0,80.0,80.0,0.0,0.0,
2021-03-22,80.0,80.0,80.0,80.0,0.0,0.0,
2021-03-23,80.0,80.0,80.0,80.0,0.0,0.0,
2021-03-24,80.0,80.0,80.0,80.0,0.0,0.0,
2021-03-25,80.0,80.0,80.0,80.0,0.0,0.0,
2021-03-26,80.0,80.0,80.0,80.0,0.0,0.0,
2021-03-29,80.0,80.0,80.0,80.0,0.0,0.0,
2021-03-30,80.0,80.0,80.0,80.0,0.0,0.0,
2021-03-31,80.0,80.0,80.0,80.0,0.0,0.0,
2021-04-01,80.0,80.0,80.0,80.0,0.0,0.0,
2021-04-06,80.0,80.0,80.0,80.0,0.0,0.0,
2021-04-07,80.0,80.0,80.0,80.0,0.0,0.0,
2021-04-08,80.0,80.0,80.0,80.0,0.0,0.0,
2021-04-09,80.0,80.0,80.0,80.0,0.0,0.0,
2021-04-12,80.0,80.0,80.0,80.0,0.0,0.0,
2021-04-13,80.0,80.0,80.0,80.0,0.0,0.0,
2021-04-14,80.0,80.0,80.0,80.0,0.0,0.0,
2021-04-15,80.0,80.0,80.0,80.0,0.0,0.0,
2021-04-16,80.0,80.0,80.0,80.0,0.0,0.0,
2021-04-19,80.0,80.0,80.0,80.0,0.0,0.0,
2021-04-20,80.0,80.0,80.0,80.0,0.0,0.0,
2021-04-21,80.0,80.0,80.0,80.0,0.0,0.0,
2021-04-22,80.0,80.0,80.0,80.0,0.0,0.0,
2021-04-23,80.0,80.0,80.0,80.0,0.0,0.0,
2021-04-26,80.0,80.0,80.0,80.0,0.0,0.0,
2021-04-27,80.0,80.0,80.0,80.0,0.0,0.0,
2021-04-28,80.0,80.0,80.0,80.0,0.0,0.0,
2021-04-29,80.0,80.0,80.0,80.0,0.0,0.0,
2021-04-30,80.0,80.0,80.0,80.0,0.0,0.0,
2021-05-03,80.0,80.0,80.0,80.0,0.0,0.0,
2021-05-04,80.0,80.0,80.0,80.0,0.0,0.0,
2021-05-05,80.0,80.0,80.0,80.0,0.0,0.0,
2021-05-06,80.0,80.0,80.0,80.0,0.0,0.0,
2021-05-07,80.0,80.0,80.0,80.0,0.0,0.0,
2021-05-10,80.0,80.0,80.0,80.0,0.0,0.0,
2021-05-11,80.0,80.0,80.0,80.0,0.0,0.0,
2021-05-12,80.0,80.0,80.0,80.0,0.0,0.0,
2021-05-13,80.0,80.0,80.0,80.0,0.0,0.0,
2021-05-14,80.0,80.0,80.0,80.0,0.0,0.0,
2021-05-17,80.0,80.0,80.0,80.0,0.0,0.0,
2021-05-18,80.0,80.0,80.0,80.0,0.0,0.0,
2021-05-19,80.0,80.0,80.0,80.0,0.0,0.0,
2021-05-20,80.0,80.0,80.0,80.0,0.0,0.0,
2021-05-21,80.0,80.0,80.0,80.0,0.0,0.0,
2021-05-24,80.0,80.0,80.0,80.0,0.0,0.0,
2021-05-25,80.0,80.0,80.0,80.0,0.0,0.0,
2021-05-26,80.0,80.0,80.0,80.0,0.0,0.0,
2021-05-27,80.0,80.0,80.0,80.0,0.0,0.0,
2021-05-28,80.0,80.0,80.0,80.0,0.0,0.0,
2021-05-31,80.0,80.0,80.0,80.0,0.0,0.0,
2021-06-01,80.0,80.0,80.0,80.0,0.0,0.0,
2021-06-02,80.0,80.0,80.0,80.0,0.0,0.0,
2021-06-03,80.0,80.0,80.0,80.0,0.0,0.0,
2021-06-04,80.0,80.0,80.0,80.0,0.0,0.0,
2021-06-07,80.0,80.0,80.0,80.0,0.0,0.0,
2021-06-08,80.0,80.0,80.0,80.0,0.0,0.0,
2021-06-09,80.0,80.0,80.0,80.0,0.0,0.0,
2021-06-10,80.0,80.0,80.0,80.0,0.0,0.0,
2021-06-11,80.0,80.0,80.0,80.0,0.0,0.0,
2021-06-14,80.0,80.0,80.0,80.0,0.0,0.0,
2021-06-15,80.0,80.0,80.0,80.0,0.0,0.0,
2021-06-16,80.0,80.0,80.0,80.0,0.0,0.0,
2021-06-17,80.0,80.0,80.0,80.0,0.0,0.0,
2021-06-18,80.0,80.0,80.0,80.0,0.0,0.0,
2021-06-21,80.0,80.0,80.0,80.0,0.0,0.0,
2021-06-22,80.0,80.0,80.0,80.0,0.0,0.0,
2021-06-23,80.0,80.0,80.0,80.0,0.0,0.0,
2021-06-24,80.0,80.0,80.0,80.0,0.0,0.0,
2021-06-25,80.0,80.0,80.0,80.0,0.0,0.0,
2021-06-28,80.0,80.0,80.0,80.0,0.0,0.0,
2021-06-29,80.0,80.0,80.0,80.0,0.0,0.0,
2021-06-30,80.0,80.0,80.0,80.0,0.0,0.0,
2021-07-01,80.0,80.0,80.0,80.0,0.0,0.0,
2021-07-02,80.0,80.0,80.0,80.0,0.0,0.0,
2021-07-05,80.0,80.0,80.0,80.0,0.0,0.0,
2021-07-06,80.0,80.0,80.0,80.0,0.0,0.0,
2021-07-07,80.0,80.0,80.0,80.0,0.0,0.0,
2021-07-08,80.0,80.0,80.0,80.0,0.0,0.0,
2021-07-09,80.0,80.0,80.0,80.0,0.0,0.0,
2021-07-12,80.0,80.0,80.0,80.0,0.0,0.0,
2021-07-13,80.0,80.0,80.0,80.0,0.0,0.0,
2021-07-14,80.0,80.0,80.0,80.0,0.0,0.0,
2021-07-15,80.0,80.0,80.0,80.0,0.0,0.0,
2021-07-16,80.0,80.0,80.0,80.0,0.0,0.0,
2021-07-19,80.0,80.0,80.0,80.0,0.0,0.0,
2021-07-20,80.0,80.0,80.0,80.0,0.0,0.0,
2021-07-21,80.0,80.0,80.0,80.0,0.0,0.0,
2021-07-22,80.0,80.0,80.0,80.0,0.0,0.0,
2021-07-23,80.0,80.0,80.0,80.0,0.0,0.0,
2021-07-26,80.0,80.0,80.0,80.0,0.0,0.0,
2021-07-27,80.0,80.0,80.0,80.0,0.0,0.0,
2021-07-28,80.0,80.0,80.0,80.0,0.0,0.0,
2021-07-29,80.0,80.0,80.0,80.0,0.0,0.0,
2021-07-30,80.0,80.0,80.0,80.0,0.0,0.0,
2021-08-02,80.0,80.0,80.0,80.0,0.0,0.0,
2021-08-03,80.0,80.0,80.0,80.0,0.0,0.0,
2021-08-04,80.0,80.0,80.0,80.0,0.0,0.0,
2021-08-05,80.0,80.0,80.0,80.0,0.0,0.0,
2021-08-06,80.0,80.0,80.0,80.0,0.0,0.0,
2021-08-09,80.0,80.0,80.0,80.0,0.0,0.0,
2021-08-10,80.0,80.0,80.0,80.0,0.0,0.0,
2021-08-11,80.0,80.0,80.0,80.0,0.0,0.0,
2021-08-12,80.0,80.0,80.0,80.0,0.0,0.0,
2021-08-13,80.0,80.0,80.0,80.0,0.0,0.0,
2021-08-16,80.0,80.0,80.0,80.0,0.0,0.0,
2021-08-17,80.0,80.0,80.0,80.0,0.0,0.0,
2021-08-18,80.0,80.0,80.0,80.0,0.0,0.0,
2021-08-19,80.0,80.0,80.0,80.0,0.0,0.0,
2021-08-20,80.0,80.0,80.0,80.0,0.0,0.0,
2021-08-23,80.0,80.0,80.0,80.0,0.0,0.0,
2021-08-24,80.0,80.0,80.0,80.0,0.0,0.0,
2021-08-25,80.0,80.0,80.0,80.0,0.0,0.0,
2021-08-26,80.0,80.0,80.0,80.0,0.0,0.0,
2021-08-27,80.0,80.0,80.0,80.0,0.0,0.0,
2021-08-30,80.0,80.0,80.0,80.0,0.0,0.0,
2021-08-31,80.0,80.0,80.0,80.0,0.0,0.0,
2021-09-01,80.0,80.0,80.0,80.0,0.0,0.0,
2021-09-02,80.0,80.0,80.0,80.0,0.0,0.0,
2021-09-03,80.0,80.0,80.0,80.0,0.0,0.0,
2021-09-06,80.0,80.0,80.0,80.0,0.0,0.0,
2021-09-07,80.0,80.0,80.0,80.0,0.0,0.0,
2021-09-08,80.0,80.0,80.0,80.0,0.0,0.0,
2021-09-09,80.0,80.0,80.0,80.0,0.0,0.0,
2021-09-10,80.0,80.0,80.0,80.0,0.0,0.0,
2021-09-13,80.0,80.0,80.0,80.0,0.0,0.0,
2021-09-14,80.0,80.0,80.0,80.0,0.0,0.0,
2021-09-15,80.0,80.0,80.0,80.0,0.0,0.0,
2021-09-16,80.0,80.0,80.0,80.0,0.0,0.0,
2021-09-17,80.0,80.0,80.0,80.0,0.0,0.0,
2021-09-20,80.0,80.0,80.0,80.0,0.0,0.0,
2021-09-21,80.0,80.0,80.0,80.0,0.0,0.0,
2021-09-22,80.0,80.0,80.0,80.0,0.0,0.0,
2021-09-23,80.0,80.0,80.0,80.0,0.0,0.0,
2021-09-24,80.0,80.0,80.0,80.0,0.0,0.0,
2021-09-27,80.0,80.0,80.0,80.0,0.0,0.0,
2021-09-28,80.0,80.0,80.0,80.0,0.0,0.0,
2021-09-29,80.0,80.0,80.0,80.0,0.0,0.0,
2021-09-30,80.0,80.0,80.0,80.0,0.0,0.0,
2021-10-01,80.0,80.0,80.0,80.0,0.0,0.0,
2021-10-04,80.0,80.0,80.0,80.0,0.0,0.0,
2021-10-05,80.0,80.0,80.0,80.0,0.0,0.0,
2021-10-06,80.0,80.0,80.0,80.0,0.0,0.0,
2021-10-07,80.0,80.0,80.0,80.0,0.0,0.0,
2021-10-08,80.0,80.0,80.0,80.0,0.0,0.0,
2021-10-11,80.0,80.0,80.0,80.0,0.0,0.0,
2021-10-12,80.0,80.0,80.0,80.0,0.0,0.0,
2021-10-13,80.0,80.0,80.0,80.0,0.0,0.0,
2021-10-14,80.0,80.0,80.0,80.0,0.0,0.0,
2021-10-15,80.0,80.0,80.0,80.0,0.0,0.0,
2021-10-18,80.0,80.0,80.0,80.0,0.0,0.0,
2021-10-19,80.0,80.0,80.0,80.0,0.0,0.0,
2021-10-20,80.0,80.0,80.0,80.0,0.0,0.0,
2021-10-21,80.0,80.0,80.0,80.0,0.0,0.0,
2021-10-22,80.0,80.0,80.0,80.0,0.0,0.0,
2021-10-25,80.0,80.0,80.0,80.0,0.0,0.0,
2021-10-26,80.0,80.0,80.0,80.0,0.0,0.0,
2021-10-27,80.0,80.0,80.0,80.0,0.0,0.0,
2021-10-28,80.0,80.0,80.0,80.0,0.0,0.0,
2021-10-29,80.0,80.0,80.0,80.0,0.0,0.0,
2021-11-01,80.0,80.0,80.0,80.0,0.0,0.0,
2021-11-02,80.0,80.0,80.0,80.0,0.0,0.0,
2021-11-03,80.0,80.0,80.0,80.0,0.0,0.0,
2021-11-04,80.0,80.0,80.0,80.0,0.0,0.0,
2021-11-05,80.0,80.0,80.0,80.0,0.0,0.0,
2021-11-08,80.0,80.0,80.0,80.0,0.0,0.0,
2021-11-09,80.0,80.0,80.0,80.0,0.0,0.0,
2021-11-10,80.0,80.0,80.0,80.0,0.0,0.0,
2021-11-11,80.0,80.0,80.0,80.0,0.0,0.0,
2021-11-12,80.0,80.0,80.0,80.0,0.0,0.0,
2021-11-15,80.0,80.0,80.0,80.0,0.0,0.0,
2021-11-16,80.0,80.0,80.0,80.0,0.0,0.0,
2021-11-17,80.0,80.0,80.0,80.0,0.0,0.0,
2021-11-18,80.0,80.0,80.0,80.0,0.0,0.0,
2021-11-19,80.0,80.0,80.0,80.0,0.0,0.0,
2021-11-22,80.0,80.0,80.0,80.0,0.0,0.0,
2021-11-23,80.0,80.0,80.0,80.0,0.0,0.0,
2021-11-24,80.0,80.0,80.0,80.0,0.0,0.0,
2021-11-25,80.0,80.0,80.0,80.0,0.0,0.0,
2021-11-26,80.0,80.0,80.0,80.0,0.0,0.0,
2021-11-29,80.0,80.0,80.0,80.0,0.0,0.0,
2021-11-30,80.0,80.0,80.0,80.0,0.0,0.0,
2021-12-01,80.0,80.0,80.0,80.0,0.0,0.0,
2021-12-02,80.0,80.0,80.0,80.0,0.0,0.0,
2021-12-03,80.0,80.0,80.0,80.0,0.0,0.0,
2021-12-06,80.0,80.0,80.0,80.0,0.0,0.0,
2021-12-07,80.0,80.0,80.0,80.0,0.0,0.0,
2021-12-08,80.0,80.0,80.0,80.0,0.0,0.0,
2021-12-09,80.0,80.0,80.0,80.0,0.0,0.0,
2021-12-10,80.0,80.0,80.0,80.0,0.0,0.0,
2021-12-13,80.0,80.0,80.0,80.0,0.0,0.0,
2021-12-14,80.0,80.0,80.0,80.0,0.0,0.0,
2021-12-15,80.0,80.0,80.0,80.0,0.0,0.0,
2021-12-16,80.0,80.0,80.0,80.0,0.0,0.0,
2021-12-17,80.0,80.0,80.0,80.0,0.0,0.0,
2021-12-20,80.0,80.0,80.0,80.0,0.0,0.0,
2021-12-21,80.0,80.0,80.0,80.0,0.0,0.0,
2021-12-22,80.0,80.0,80.0,80.0,0.0,0.0,
2021-12-23,80.0,80.0,80.0,80.0,0.0,0.0,
2021-12-24,80.0,80.0,80.0,80.0,0.0,0.0,
2021-12-27,80.0,80.0,80.0,80.0,0.0,0.0,
2021-12-28,80.0,80.0,80.0,80.0,0.0,0.0,
2021-12-29,80.0,80.0,80.0,80.0,0.0,0.0,
2021-12-30,80.0,80.0,80.0,80.0,0.0,0.0,
2021-12-31,80.0,80.0,80.0,80.0,0.0,0.0,
2022-01-03,80.0,80.0,80.0,80.0,0.0,0.0,
2022-01-04,80.0,80.0,80.0,80.0,0.0,0.0,
2022-01-05,80.0,80.0,80.0,80.0,0.0,0.0,
2022-01-06,80.0,80.0,80.0,80.0,0.0,0.0,
2022-01-07,80.0,80.0,80.0,80.0,0.0,0.0,
2022-01-10,80.0,80.0,80.0,80.0,0.0,0.0,
2022-01-11,80.0,80.0,80.0,80.0,0.0,0.0,
2022-01-12,80.0,80.0,80.0,80.0,0.0,0.0,
2022-01-13,80.0,80.0,80.0,80.0,0.0,0.0,
2022-01-14,80.0,80.0,80.0,80.0,0.0,0.0,
2022-01-17,80.0,80.0,80.0,80.0,0.0,0.0,
2022-01-18,80.0,80.0,80.0,80.0,0.0,0.0,
2022-01-19,80.0,80.0,80.0,80.0,0.0,0.0,
2022-01-20,80.0,80.0,80.0,80.0,0.0,0.0,
2022-01-21,80.0,80.0,80.0,80.0,0.0,0.0,
2022-01-24,80.0,80.0,80.0,80.0,0.0,0.0,
2022-01-25,80.0,80.0,80.0,80.0,0.0,0.0,
2022-01-26,80.0,80.0,80.0,80.0,0.0,0.0,
2022-01-27,80.0,80.0,80.0,80.0,0.0,0.0,
2022-01-28,80.0,80.0,80.0,80.0,0.0,0.0,
2022-01-31,80.0,80.0,80.0,80.0,0.0,0.0,
2022-02-01,80.0,80.0,80.0,80.0,0.0,0.0,
2022-02-02,80.0,80.0,80.0,80.0,0.0,0.0,
2022-02-03,80.0,80.0,80.0,80.0,0.0,0.0,
2022-02-04,80.0,80.0,80.0,80.0,0.0,0.0,
2022-02-07,80.0,80.0,80.0,80.0,0.0,0.0,
2022-02-08,80.0,80.0,80.0,80.0,0.0,0.0,
2022-02-09,80.0,80.0,80.0,80.0,0.0,0.0,
2022-02-10,80.0,80.0,80.0,80.0,0.0,0.0,
2022-02-11,80.0,80.0,80.0,80.0,0.0,0.0,
2022-02-14,80.0,80.0,80.0,80.0,0.0,0.0,
2022-02-15,80.0,80.0,80.0,80.0,0.0,0.0,
2022-02-16,80.0,80.0,80.0,80.0,0.0,0.0,
2022-02-17,80.0,80.0,80.0,80.0,0.0,0.0,
2022-02-18,80.0,80.0,80.0,80.0,0.0,0.0,
2022-02-21,80.0,80.0,80.0,80.0,0.0,0.0,
2022-02-22,80.0,80.0,80.0,80.0,0.0,0.0,
2022-02-23,80.0,80.0,80.0,80.0,0.0,0.0,
2022-02-24,80.0,80.0,80.0,80.0,0.0,0.0,
2022-02-25,80.0,80.0,80.0,80.0,0.0,0.0,
2022-02-28,80.0,80.0,80.0,80.0,0.0,0.0,
2022-03-01,80.0,80.0,80.0,80.0,0.0,0.0,
2022-03-02,80.0,80.0,80.0,80.0,0.0,0.0,
2022-03-03,80.0,80.0,80.0,80.0,0.0,0.0,
2022-03-04,80.0,80.0,80.0,80.0,0.0,0.0,
2022-03-07,80.0,80.0,80.0,80.0,0.0,0.0,
2022-03-08,80.0,80.0,80.0,80.0,0.0,0.0,
2022-03-09,80.0,80.0,80.0,80.0,0.0,0.0,
2022-03-10,80.0,80.0,80.0,80.0,0.0,0.0,
2022-03-11,80.0,80.0,80.0,80.0,0.0,0.0,
2022-03-14,80.0,80.0,80.0,80.0,0.0,0.0,
2022-03-15,80.0,80.0,80.0,80.0,0.0,0.0,
2022-03-16,80.0,80.0,80.0,80.0,0.0,0.0,
2022-03-17,80.0,80.0,80.0,80.0,0.0,0.0,
2022-03-18,80.0,80.0,80.0,80.0,0.0,0.0,
2022-03-21,80.0,80.0,80.0,80.0,0.0,0.0,
2022-03-22,80.0,80.0,80.0,80.0,0.0,0.0,
2022-03-23,80.0,80.0,80.0,80.0,0.0,0.0,
2022-03-24,80.0,80.0,80.0,80.0,0.0,0.0,
2022-03-25,80.0,80.0,80.0,80.0,0.0,0.0,
2022-03-28,80.0,80.0,80.0,80.0,0.0,0.0,
2022-03-29,80.0,80.0,80.0,80.0,0.0,0.0,
2022-03-30,80.0,80.0,80.0,80.0,0.0,0.0,
2022-03-31,80.0,80.0,80.0,80.0,0.0,0.0,
2022-04-01,80.0,80.0,80.0,80.0,0.0,0.0,
2022-04-04,80.0,80.0,80.0,80.0,0.0,0.0,
2022-04-05,80.0,80.0,80.0,80.0,0.0,0.0,
2022-04-06,80.0,80.0,80.0,80.0,0.0,0.0,
2022-04-07,80.0,80.0,80.0,80.0,0.0,0.0,
2022-04-08,80.0,80.0,80.0,80.0,0.0,0.0,
2022-04-11,80.0,80.0,80.0,80.0,0.0,0.0,
2022-04-12,80.0,80.0,80.0,80.0,0.0,0.0,
2022-04-13,80.0,80.0,80.0,80.0,0.0,0.0,
2022-04-14,80.0,80.0,80.0,80.0,0.0,0.0,
2022-04-19,80.0,80.0,80.0,80.0,0.0,0.0,
2022-04-20,80.0,80.0,80.0,80.0,0.0,0.0,
2022-04-21,80.0,80.0,80.0,80.0,0.0,0.0,
2022-04-22,80.0,80.0,80.0,80.0,0.0,0.0,
2022-04-25,80.0,80.0,80.0,80.0,0.0,0.0,
2022-04-26,80.0,80.0,80.0,80.0,0.0,0.0,
2022-04-27,80.0,80.0,80.0,80.0,0.0,0.0,
2022-04-28,80.0,80.0,80.0,80.0,0.0,0.0,
2022-04-29,80.0,80.0,80.0,80.0,0.0,0.0,
2022-05-02,80.0,80.0,80.0,80.0,0.0,0.0,
2022-05-03,80.0,80.0,80.0,80.0,0.0,0.0,
2022-05-04,80.0,80.0,80.0,80.0,0.0,0.0,
2022-05-05,80.0,80.0,80.0,80.0,0.0,0.0,
2022-05-06,80.0,80.0,80.0,80.0,0.0,0.0,
2022-05-09,80.0,80.0,80.0,80.0,0.0,0.0,
2022-05-10,80.0,80.0,80.0,80.0,0.0,0.0,
2022-05-11,80.0,80.0,80.0,80.0,0.0,0.0,
2022-05-12,80.0,80.0,80.0,80.0,0.0,0.0,
2022-05-13,80.0,80.0,80.0,80.0,0.0,0.0,
2022-05-16,80.0,80.0,80.0,80.0,0.0,0.0,
2022-05-17,80.0,80.0,80.0,80.0,0.0,0.0,
2022-05-18,80.0,80.0,80.0,80.0,0.0,0.0,
2022-05-19,80.0,80.0,80.0,80.0,0.0,0.0,
2022-05-20,80.0,80.0,80.0,80.0,0.0,0.0,
2022-05-23,80.0,80.0,80.0,80.0,0.0,0.0,
2022-05-24,80.0,80.0,80.0,80.0,0.0,0.0,
2022-05-25,80.0,80.0,80.0,80.0,0.0,0.0,
2022-05-26,80.0,80.0,80.0,80.0,0.0,0.0,
2022-05-27,80.0,80.0,80.0,80.0,0.0,0.0,
2022-05-30,80.0,80.0,80.0,80.0,0.0,0.0,
2022-05-31,80.0,80.0,80.0,80.0,0.0,0.0,
2022-06-01,80.0,80.0,80.0,80.0,0.0,0.0,
2022-06-02,80.0,80.0,80.0,80.0,0.0,0.0,
2022-06-03,80.0,80.0,80.0,80.0,0.0,0.0,
2022-06-06,80.0,80.0,80.0,80.0,0.0,0.0,
2022-06-07,80.0,80.0,80.0,80.0,0.0,0.0,
2022-06-08,80.0,80.0,80.0,80.0,0.0,0.0,
2022-06-09,80.0,80.0,80.0,80.0,0.0,0.0,
2022-06-10,80.0,80.0,80.0,80.0,0.0,0.0,
2022-06-13,80.0,80.0,80.0,80.0,0.0,0.0,
2022-06-14,80.0,80.0,80.0,80.0,0.0,0.0,
2022-06-15,80.0,80.0,80.0,80.0,0.0,0.0,
2022-06-16,80.0,80.0,80.0,80.0,0.0,0.0,
2022-06-17,80.0,80.0,80.0,80.0,0.0,0.0,
2022-06-20,80.0,80.0,80.0,80.0,0.0,0.0,
2022-06-21,80.0,80.0,80.0,80.0,0.0,0.0,
2022-06-22,80.0,80.0,80.0,80.0,0.0,0.0,
2022-06-23,80.0,80.0,80.0,80.0,0.0,0.0,
2022-06-24,80.0,80.0,80.0,80.0,0.0,0.0,
2022-06-27,80.0,80.0,80.0,80.0,0.0,0.0,
2022-06-28,80.0,80.0,80.0,80.0,0.0,0.0,
2022-06-29,80.0,80.0,80.0,80.0,0.0,0.0,
2022-06-30,80.0,80.0,80.0,80.0,0.0,0.0,
2022-07-01,80.0,80.0,80.0,80.0,0.0,0.0,
2022-07-04,80.0,80.0,80.0,80.0,0.0,0.0,
2022-07-05,80.0,80.0,80.0,80.0,0.0,0.0,
2022-07-06,80.0,80.0,80.0,80.0,0.0,0.0,
2022-07-07,80.0,80.0,80.0,80.0,0.0,0.0,
2022-07-08,80.0,80.0,80.0,80.0,0.0,0.0,
2022-07-11,80.0,80.0,80.0,80.0,0.0,0.0,
2022-07-12,80.0,80.0,80.0,80.0,0.0,0.0,
2022-07-13,80.0,80.0,80.0,80.0,0.0,0.0,
2022-07-14,80.0,80.0,80.0,80.0,0.0,0.0,
2022-07-15,80.0,80.0,80.0,80.0,0.0,0.0,
2022-07-18,80.0,80.0,80.0,80.0,0.0,0.0,
2022-07-19,80.0,80.0,80.0,80.0,0.0,0.0,
2022-07-20,80.0,80.0,80.0,80.0,0.0,0.0,
2022-07-21,80.0,80.0,80.0,80.0,0.0,0.0,
2022-07-22,80.0,80.0,80.0,80.0,0.0,0.0,
2022-07-25,80.0,80.0,80.0,80.0,0.0,0.0,
2022-07-26,80.0,80.0,80.0,80.0,0.0,0.0,
2022-07-27,80.0,80.0,80.0,80.0,0.0,0.0,
2022-07-28,80.0,80.0,80.0,80.0,0.0,0.0,
2022-07-29,80.0,80.0,80.0,80.0,0.0,0.0,
2022-08-01,80.0,80.0,80.0,80.0,0.0,0.0,
2022-08-02,80.0,80.0,80.0,80.0,0.0,0.0,
2022-08-03,80.0,80.0,80.0,80.0,0.0,0.0,
2022-08-04,80.0,80.0,80.0,80.0,0.0,0.0,
2022-08-05,80.0,80.0,80.0,80.0,0.0,0.0,
2022-08-08,80.0,80.0,80.0,80.0,0.0,0.0,
2022-08-09,80.0,80.0,80.0,80.0,0.0,0.0,
2022-08-10,80.0,80.0,80.0,80.0,0.0,0.0,
2022-08-11,80.0,80.0,80.0,80.0,0.0,0.0,
2022-08-12,80.0,80.0,80.0,80.0,0.0,0.0,
2022-08-15,80.0,80.0,80.0,80.0,0.0,0.0,
2022-08-16,80.0,80.0,80.0,80.0,0.0,0.0,
2022-08-17,80.0,80.0,80.0,80.0,0.0,0.0,
2022-08-18,80.0,80.0,80.0,80.0,0.0,0.0,
2022-08-19,80.0,80.0,80.0,80.0,0.0,0.0,
2022-08-22,80.0,80.0,80.0,80.0,0.0,0.0,
2022-08-23,80.0,80.0,80.0,80.0,0.0,0.0,
2022-08-24,80.0,80.0,80.0,80.0,0.0,0.0,
2022-08-25,80.0,80.0,80.0,80.0,0.0,0.0,
2022-08-26,80.0,80.0,80.0,80.0,0.0,0.0,
2022-08-29,80.0,80.0,80.0,80.0,0.0,0.0,
2022-08-30,80.0,80.0,80.0,80.0,0.0,0.0,
2022-08-31,80.0,80.0,80.0,80.0,0.0,0.0,
2022-09-01,80.0,80.0,80.0,80.0,0.0,0.0,
2022-09-02,80.0,80.0,80.0,80.0,0.0,0.0,
2022-09-05,80.0,80.0,80.0,80.0,0.0,0.0,
2022-09-06,80.0,80.0,80.0,80.0,0.0,0.0,
2022-09-07,80.0,80.0,80.0,80.0,0.0,0.0,
2022-09-08,80.0,80.0,80.0,80.0,0.0,0.0,
2022-09-09,80.0,80.0,80.0,80.0,0.0,0.0,
2022-09-12,80.0,80.0,80.0,80.0,0.0,0.0,
2022-09-13,80.0,80.0,80.0,80.0,0.0,0.0,
2022-09-14,80.0,80.0,80.0,80.0,0.0,0.0,
2022-09-15,80.0,80.0,80.0,80.0,0.0,0.0,
2022-09-16,80.0,80.0,80.0,80.0,0.0,0.0,
2022-09-19,80.0,80.0,80.0,80.0,0.0,0.0,
2022-09-20,80.0,80.0,80.0,80.0,0.0,0.0,
2022-09-21,80.0,80.0,80.0,80.0,0.0,0.0,
2022-09-22,80.0,80.0,80.0,80.0,0.0,0.0,
2022-09-23,80.0,80.0,80.0,80.0,0.0,0.0,
2022-09-26,80.0,80.0,80.0,80.0,0.0,0.0,
2022-09-27,80.0,80.0,80.0,80.0,0.0,0.0,
2022-09-28,80.0,80.0,80.0,80.0,0.0,0.0,
2022-09-29,80.0,80.0,80.0,80.0,0.0,0.0,
2022-09-30,80.0,80.0,80.0,80.0,0.0,0.0,
2022-10-03,80.0,80.0,80.0,80.0,0.0,0.0,
2022-10-04,80.0,80.0,80.0,80.0,0.0,0.0,
2022-10-05,80.0,80.0,80.0,80.0,0.0,0.0,
2022-10-06,80.0,80.0,80.0,80.0,0.0,0.0,
2022-10-07,80.0,80.0,80.0,80.0,0.0,0.0,
2022-10-10,80.0,80.0,80.0,80.0,0.0,0.0,
2022-10-11,80.0,80.0,80.0,80.0,0.0,0.0,
2022-10-12,80.0,80.0,80.0,80.0,0.0,0.0,
2022-10-13,80.0,80.0,80.0,80.0,0.0,0.0,
2022-10-14,80.0,80.0,80.0,80.0,0.0,0.0,
2022-10-17,80.0,80.0,80.0,80.0,0.0,0.0,
2022-10-18,80.0,80.0,80.0,80.0,0.0,0.0,
2022-10-19,80.0,80.0,80.0,80.0,0.0,0.0,
2022-10-20,80.0,80.0,80.0,80.0,0.0,0.0,
2022-10-21,80.0,80.0,80.0,80.0,0.0,0.0,
2022-10-24,80.0,80.0,80.0,80.0,0.0,0.0,
2022-10-25,80.0,80.0,80.0,80.0,0.0,0.0,
2022-10-26,80.0,80.0,80.0,80.0,0.0,0.0,
2022-10-27,80.0,80.0,80.0,80.0,0.0,0.0,
2022-10-28,80.0,80.0,80.0,80.0,0.0,0.0,
2022-10-31,80.0,80.0,80.0,80.0,0.0,0.0,
2022-11-01,80.0,80.0,80.0,80.0,0.0,0.0,
2022-11-02,80.0,80.0,80.0,80.0,0.0,0.0,
2022-11-03,80.0,80.0,80.0,80.0,0.0,0.0,
2022-11-04,80.0,80.0,80.0,80.0,0.0,0.0,
2022-11-07,80.0,80.0,80.0,80.0,0.0,0.0,
2022-11-08,80.0,80.0,80.0,80.0,0.0,0.0,
2022-11-09,80.0,80.0,80.0,80.0,0.0,0.0,
2022-11-10,80.0,80.0,80.0,80.0,0.0,0.0,
2022-11-11,80.0,80.0,80.0,80.0,0.0,0.0,
2022-11-14,80.0,80.0,80.0,80.0,0.0,0.0,
2022-11-15,80.0,80.0,80.0,80.0,0.0,0.0,
2022-11-16,80.0,80.0,80.0,80.0,0.0,0.0,
2022-11-17,80.0,80.0,80.0,80.0,0.0,0.0,
2022-11-18,80.0,80.0,80.0,80.0,0.0,0.0,
2022-11-21,80.0,80.0,80.0,80.0,0.0,0.0,
2022-11-22,80.0,80.0,80.0,80.0,0.0,0.0,
2022-11-23,80.0,80.0,80.0,80.0,0.0,0.0,
2022-11-24,80.0,80.0,80.0,80.0,0.0,0.0,
2022-11-25,80.0,80.0,80.0,80.0,0.0,0.0,
2022-11-28,80.0,80.0,80.0,80.0,0.0,0.0,
2022-11-29,80.0,80.0,80.0,80.0,0.0,0.0,
2022-11-30,80.0,80.0,80.0,80.0,0.0,0.0,
2022-12-01,80.0,80.0,80.0,80.0,0.0,0.0,
2022-12-02,80.0,80.0,80.0,80.0,0.0,0.0,
2022-12-05,80.0,80.0,80.0,80.0,0.0,0.0,
2022-12-06,80.0,80.0,80.0,80.0,0.0,0.0,
2022-12-07,80.0,80.0,80.0,80.0,0.0,0.0,
2022-12-08,80.0,80.0,80.0,80.0,0.0,0.0,
2022-12-09,80.0,80.0,80.0,80.0,0.0,0.0,
2022-12-12,80.0,80.0,80.0,80.0,0.0,0.0,
2022-12-13,80.0,80.0,80.0,80.0,0.0,0.0,
2022-12-14,80.0,80.0,80.0,80.0,0.0,0.0,
2022-12-15,80.0,80.0,80.0,80.0,0.0,0.0,
2022-12-16,80.0,80.0,80.0,80.0,0.0,0.0,
2022-12-19,80.0,80.0,80.0,80.0,0.0,0.0,
2022-12-20,80.0,80.0,80.0,80.0,0.0,0.0,
2022-12-21,80.0,80.0,80.0,80.0,0.0,0.0,
2022-12-22,80.0,80.0,80.0,80.0,0.0,0.0,
2022-12-23,80.0,80.0,80.0,80.0,0.0,0.0,
2022-12-27,80.0,80.0,80.0,80.0,0.0,0.0,
2022-12-28,80.0,80.0,80.0,80.0,0.0,0.0,
2022-12-29,80.0,80.0,80.0,80.0,0.0,0.0,
2022-12-30,80.0,80.0,80.0,80.0,0.0,0.0,
2023-01-02,80.0,80.0,80.0,80.0,0.0,0.0,
2023-01-03,80.0,80.0,80.0,80.0,0.0,0.0,
2023-01-04,80.0,80.0,80.0,80.0,0.0,0.0,
2023-01-05,80.0,80.0,80.0,80.0,0.0,0.0,
2023-01-06,80.0,80.0,80.0,80.0,0.0,0.0,
2023-01-09,80.0,80.0,80.0,80.0,0.0,0.0,
2023-01-10,80.0,80.0,80.0,80.0,0.0,0.0,
2023-01-11,80.0,80.0,80.0,80.0,0.0,0.0,
2023-01-12,80.0,80.0,80.0,80.0,0.0,0.0,
2023-01-13,80.0,80.0,80.0,80.0,0.0,0.0,
2023-01-16,80.0,80.0,80.0,80.0,0.0,0.0,
2023-01-17,80.0,80.0,80.0,80.0,0.0,0.0,
2023-01-18,80.0,80.0,80.0,80.0,0.0,0.0,
2023-01-19,80.0,80.0,80.0,80.0,0.0,0.0,
2023-01-20,80.0,80.0,80.0,80.0,0.0,0.0,
2023-01-23,80.0,80.0,80.0,80.0,0.0,0.0,
2023-01-24,80.0,80.0,80.0,80.0,0.0,0.0,
2023-01-25,80.0,80.0,80.0,80.0,0.0,0.0,
2023-01-26,80.0,80.0,80.0,80.0,0.0,0.0,
2023-01-27,80.0,80.0,80.0,80.0,0.0,0.0,
2023-01-30,80.0,80.0,80.0,80.0,0.0,0.0,
2023-01-31,80.0,80.0,80.0,80.0,0.0,0.0,
2023-02-01,80.0,80.0,80.0,80.0,0.0,0.0,
2023-02-02,80.0,80.0,80.0,80.0,0.0,0.0,
2023-02-03,80.0,80.0,80.0,80.0,0.0,0.0,
2023-02-06,80.0,80.0,80.0,80.0,0.0,0.0,
2023-02-07,80.0,80.0,80.0,80.0,0.0,0.0,
2023-02-08,80.0,80.0,80.0,80.0,0.0,0.0,
2023-02-09,80.0,80.0,80.0,80.0,0.0,0.0,
2023-02-10,80.0,80.0,80.0,80.0,0.0,0.0,
2023-02-13,80.0,80.0,80.0,80.0,0.0,0.0,
2023-02-14,80.0,80.0,80.0,80.0,0.0,0.0,
2023-02-15,80.0,80.0,80.0,80.0,0.0,0.0,
2023-02-16,80.0,80.0,80.0,80.0,0.0,0.0,
2023-02-17,80.0,80.0,80.0,80.0,0.0,0.0,
2023-02-20,80.0,80.0,80.0,80.0,0.0,0.0,
2023-02-21,80.0,80.0,80.0,80.0,0.0,0.0,
2023-02-22,80.0,80.0,80.0,80.0,0.0,0.0,
2023-02-23,80.0,80.0,80.0,80.0,0.0,0.0,
2023-02-24,80.0,80.0,80.0,80.0,0.0,0.0,
2023-02-27,80.0,80.0,80.0,80.0,0.0,0.0,
2023-02-28,80.0,80.0,80.0,80.0,0.0,0.0,
2023-03-01,80.0,80.0,80.0,80.0,0.0,0.0,
2023-03-02,80.0,80.0,80.0,80.0,0.0,0.0,
2023-03-03,80.0,80.0,80.0,80.0,0.0,0.0,
2023-03-06,80.0,80.0,80.0,80.0,0.0,0.0,
2023-03-07,80.0,80.0,80.0,80.0,0.0,0.0,
2023-03-08,80.0,80.0,80.0,80.0,0.0,0.0,
2023-03-09,80.0,80.0,80.0,80.0,0.0,0.0,
2023-03-10,80.0,80.0,80.0,80.0,0.0,0.0,
2023-03-13,80.0,80.0,80.0,80.0,0.0,0.0,
2023-03-14,80.0,80.0,80.0,80.0,0.0,0.0,
2023-03-15,80.0,80.0,80.0,80.0,0.0,0.0,
2023-03-16,80.0,80.0,80.0,80.0,0.0,0.0,
2023-03-17,80.0,80.0,80.0,80.0,0.0,0.0,
2023-03-20,80.0,80.0,80.0,80.0,0.0,0.0,
2023-03-21,80.0,80.0,80.0,80.0,0.0,0.0,
2023-03-22,80.0,80.0,80.0,80.0,0.0,0.0,
2023-03-23,80.0,80.0,80.0,80.0,0.0,0.0,
2023-03-24,80.0,80.0,80.0,80.0,0.0,0.0,
2023-03-27,80.0,80.0,80.0,80.0,0.0,0.0,
2023-03-28,80.0,80.0,80.0,80.0,0.0,0.0,
2023-03-29,80.0,80.0,80.0,80.0,0.0,0.0,
2023-03-30,80.0,80.0,80.0,80.0,0.0,0.0,
2023-03-31,80.0,80.0,80.0,80.0,0.0,0.0,
2023-04-03,80.0,80.0,80.0,80.0,0.0,0.0,
2023-04-04,80.0,80.0,80.0,80.0,0.0,0.0,
2023-04-05,80.0,80.0,80.0,80.0,0.0,0.0,
2023-04-06,80.0,80.0,80.0,80.0,0.0,0.0,
2023-04-11,80.0,80.0,80.0,80.0,0.0,0.0,
2023-04-12,80.0,80.0,80.0,80.0,0.0,0.0,
2023-04-13,80.0,80.0,80.0,80.0,0.0,0.0,
2023-04-14,80.0,80.0,80.0,80.0,0.0,0.0,
2023-04-17,80.0,80.0,80.0,80.0,0.0,0.0,
2023-04-18,80.0,80.0,80.0,80.0,0.0,0.0,
2023-04-19,80.0,80.0,80.0,80.0,0.0,0.0,
2023-04-20,80.0,80.0,80.0,80.0,0.0,0.0,
2023-04-21,80.0,80.0,80.0,80.0,0.0,0.0,
2023-04-24,80.0,80.0,80.0,80.0,0.0,0.0,
2023-04-25,80.0,80.0,80.0,80.0,0.0,0.0,
2023-04-26,80.0,80.0,80.0,80.0,0.0,0.0,
2023-04-27,80.0,80.0,80.0,80.0,0.0,0.0,
2023-04-28,80.0,80.0,80.0,80.0,0.0,0.0,
2023-05-02,80.0,80.0,80.0,80.0,0.0,0.0,
2023-05-03,80.0,80.0,80.0,80.0,0.0,0.0,
2023-05-04,80.0,80.0,80.0,80.0,0.0,0.0,
2023-05-05,80.0,80.0,80.0,80.0,0.0,0.0,
2023-05-08,80.0,80.0,80.0,80.0,0.0,0.0,
2023-05-09,80.0,80.0,80.0,80.0,0.0,0.0,
2023-05-10,80.0,80.0,80.0,80.0,0.0,0.0,
2023-05-11,80.0,80.0,80.0,80.0,0.0,0.0,
2023-05-12,80.0,80.0,80.0,80.0,0.0,0.0,
2023-05-15,80.0,80.0,80.0,80.0,0.0,0.0,
2023-05-16,80.0,80.0,80.0,80.0,0.0,0.0,
2023-05-17,80.0,80.0,80.0,80.0,0.0,0.0,
2023-05-18,80.0,80.0,80.0,80.0,0.0,0.0,
2023-05-19,80.0,80.0,80.0,80.0,0.0,0.0,
2023-05-22,80.0,80.0,80.0,80.0,0.0,0.0,
2023-05-23,80.0,80.0,80.0,80.0,0.0,0.0,
2023-05-24,80.0,80.0,80.0,80.0,0.0,0.0,
2023-05-25,80.0,80.0,80.0,80.0,0.0,0.0,
2023-05-26,80.0,80.0,80.0,80.0,0.0,0.0,
2023-05-29,80.0,80.0,80.0,80.0,0.0,0.0,
2023-05-30,80.0,80.0,80.0,80.0,0.0,0.0,
2023-05-31,80.0,80.0,80.0,80.0,0.0,0.0,
2023-06-01,80.0,80.0,80.0,80.0,0.0,0.0,
2023-06-02,80.0,80.0,80.0,80.0,0.0,0.0,
2023-06-05,80.0,80.0,80.0,80.0,0.0,0.0,
2023-06-06,80.0,80.0,80.0,80.0,0.0,0.0,
2023-06-07,80.0,80.0,80.0,80.0,0.0,0.0,
2023-06-08,80.0,80.0,80.0,80.0,0.0,0.0,
2023-06-09,80.0,80.0,80.0,80.0,0.0,0.0,
2023-06-12,80.0,80.0,80.0,80.0,0.0,0.0,
2023-06-13,80.0,80.0,80.0,80.0,0.0,0.0,
2023-06-14,80.0,80.0,80.0,80.0,0.0,0.0,
2023-06-15,80.0,80.0,80.0,80.0,0.0,0.0,
2023-06-16,80.0,80.0,80.0,80.0,0.0,0.0,
2023-06-19,80.0,80.0,80.0,80.0,0.0,0.0,
2023-06-20,80.0,80.0,80.0,80.0,0.0,0.0,
2023-06-21,80.0,80.0,80.0,80.0,0.0,0.0,
2023-06-22,80.0,80.0,80.0,80.0,0.0,0.0,
2023-06-23,80.0,80.0,80.0,80.0,0.0,0.0,
2023-06-26,80.0,80.0,80.0,80.0,0.0,0.0,
2023-06-27,80.0,80.0,80.0,80.0,0.0,0.0,
2023-06-28,80.0,80.0,80.0,80.0,0.0,0.0,
2023-06-29,80.0,80.0,80.0,80.0,0.0,0.0,
2023-06-30,80.0,80.0,80.0,80.0,0.0,0.0,
2023-07-03,80.0,80.0,80.0,80.0,0.0,0.0,
2023-07-04,80.0,80.0,80.0,80.0,0.0,0.0,
2023-07-05,80.0,80.0,80.0,80.0,0.0,0.0,
2023-07-06,80.0,80.0,80.0,80.0,0.0,0.0,
2023-07-07,80.0,80.0,80.0,80.0,0.0,0.0,
2023-07-10,80.0,80.0,80.0,80.0,0.0,0.0,
2023-07-11,80.0,80.0,80.0,80.0,0.0,0.0,
2023-07-12,80.0,80.0,80.0,80.0,0.0,0.0,
2023-07-13,80.0,80.0,80.0,80.0,0.0,0.0,
2023-07-14,80.0,80.0,80.0,80.0,0.0,0.0,
2023-07-17,80.0,80.0,80.0,80.0,0.0,0.0,
2023-07-18,80.0,80.0,80.0,80.0,0.0,0.0,
2023-07-19,80.0,80.0,80.0,80.0,0.0,0.0,
2023-07-20,80.0,80.0,80.0,80.0,0.0,0.0,
2023-07-21,80.0,80.0,80.0,80.0,0.0,0.0,
