Date,HIGH,LOW,CLOSE,OPEN,COUNT,VOLUME,SHROUT
1983-01-04,,,,,0.0,0.0,
1983-01-05,,,,,0.0,1.0,
1983-01-06,,,,,0.0,1.0,
1983-01-07,,,,,0.0,1.0,
1983-01-10,,,,,0.0,1.0,
1983-01-11,,,,,0.0,1.0,
1983-01-12,,,,,0.0,1.0,
1983-01-13,,,,,0.0,1.0,
1983-01-14,,,,,0.0,1.0,
1983-01-17,,,,,0.0,1.0,
1983-01-18,,,,,0.0,1.0,
1983-01-19,,,,,0.0,1.0,
1983-01-20,,,,,0.0,1.0,
1983-01-21,,,,,0.0,1.0,
1983-01-24,,,,,0.0,1.0,
1983-01-25,,,,,0.0,1.0,
1983-01-26,,,,,0.0,1.0,
1983-01-27,,,,,0.0,1.0,
1983-01-28,,,,,0.0,1.0,
1983-01-31,,,,,0.0,1.0,
1983-02-01,,,,,0.0,1.0,
1983-02-02,,,,,0.0,1.0,
1983-02-03,,,,,0.0,1.0,
1983-02-04,,,,,0.0,1.0,
1983-02-07,,,,,0.0,1.0,
1983-02-08,,,,,0.0,1.0,
1983-02-09,,,,,0.0,1.0,
1983-02-10,,,,,0.0,1.0,
1983-02-11,,,,,0.0,1.0,
1983-02-14,,,,,0.0,1.0,
1983-02-15,,,,,0.0,1.0,
1983-02-16,,,,,0.0,1.0,
1983-02-17,,,,,0.0,1.0,
1983-02-18,,,,,0.0,1.0,
1983-02-21,,,,,0.0,1.0,
1983-02-22,,,,,0.0,1.0,
1983-02-23,,,,,0.0,1.0,
1983-02-24,,,,,0.0,1.0,
1983-02-25,,,,,0.0,1.0,
1983-02-28,,,,,0.0,1.0,
1983-03-01,,,,,0.0,1.0,
1983-03-02,,,,,0.0,1.0,
1983-03-03,,,,,0.0,1.0,
1983-03-04,,,,,0.0,1.0,
1983-03-07,,,,,0.0,1.0,
1983-03-08,,,,,0.0,1.0,
1983-03-09,,,,,0.0,1.0,
1983-03-10,,,,,0.0,1.0,
1983-03-11,,,,,0.0,1.0,
1983-03-14,,,,,0.0,1.0,
1983-03-15,,,,,0.0,1.0,
1983-03-16,,,,,0.0,1.0,
1983-03-17,,,,,0.0,1.0,
1983-03-18,,,,,0.0,1.0,
1983-03-21,,,,,0.0,1.0,
1983-03-22,,,,,0.0,1.0,
1983-03-23,,,,,0.0,1.0,
1983-03-24,,,,,0.0,1.0,
1983-03-25,,,,,0.0,1.0,
1983-03-28,,,,,0.0,1.0,
1983-03-29,,,,,0.0,1.0,
1983-03-30,,,,,0.0,1.0,
1983-03-31,,,,,0.0,1.0,
1983-04-01,,,,,0.0,1.0,
1983-04-04,,,,,0.0,1.0,
1983-04-05,,,,,0.0,1.0,
1983-04-06,,,,,0.0,1.0,
1983-04-07,,,,,0.0,1.0,
1983-04-08,,,,,0.0,1.0,
1983-04-11,,,,,0.0,1.0,
1983-04-12,,,,,0.0,1.0,
1983-04-13,,,,,0.0,1.0,
1983-04-14,,,,,0.0,1.0,
1983-04-15,,,,,0.0,1.0,
1983-04-18,,,,,0.0,1.0,
1983-04-19,,,,,0.0,1.0,
1983-04-20,,,,,0.0,1.0,
1983-04-21,,,,,0.0,1.0,
1983-04-22,,,,,0.0,1.0,
1983-04-25,,,,,0.0,1.0,
1983-04-26,,,,,0.0,1.0,
1983-04-27,,,,,0.0,1.0,
1983-04-28,,,,,0.0,1.0,
1983-04-29,,,,,0.0,1.0,
1983-05-02,,,,,0.0,1.0,
1983-05-03,,,,,0.0,1.0,
1983-05-04,,,,,0.0,1.0,
1983-05-05,,,,,0.0,1.0,
1983-05-06,,,,,0.0,1.0,
1983-05-09,,,,,0.0,1.0,
1983-05-10,,,,,0.0,1.0,
1983-05-11,,,,,0.0,1.0,
1983-05-12,,,,,0.0,1.0,
1983-05-13,,,,,0.0,1.0,
1983-05-16,,,,,0.0,1.0,
1983-05-17,,,,,0.0,1.0,
1983-05-18,,,,,0.0,1.0,
1983-05-19,,,,,0.0,1.0,
1983-05-20,,,,,0.0,1.0,
1983-05-23,,,,,0.0,1.0,
1983-05-24,,,,,0.0,1.0,
1983-05-25,,,,,0.0,1.0,
1983-05-26,,,,,0.0,1.0,
1983-05-27,,,,,0.0,1.0,
1983-05-30,,,,,0.0,1.0,
1983-05-31,,,,,0.0,1.0,
1983-06-01,,,,,0.0,1.0,
1983-06-02,,,,,0.0,1.0,
1983-06-03,,,,,0.0,1.0,
1983-06-06,,,,,0.0,1.0,
1983-06-07,,,,,0.0,1.0,
1983-06-08,,,,,0.0,1.0,
1983-06-09,,,,,0.0,1.0,
1983-06-10,,,,,0.0,1.0,
1983-06-13,,,,,0.0,1.0,
1983-06-14,,,,,0.0,1.0,
1983-06-15,,,,,0.0,1.0,
1983-06-16,,,,,0.0,1.0,
1983-06-17,,,,,0.0,1.0,
1983-06-20,,,,,0.0,1.0,
1983-06-21,,,,,0.0,1.0,
1983-06-22,,,,,0.0,1.0,
1983-06-23,,,,,0.0,1.0,
1983-06-24,,,,,0.0,1.0,
1983-06-27,,,,,0.0,1.0,
1983-06-28,,,,,0.0,1.0,
1983-06-29,,,,,0.0,1.0,
1983-06-30,,,,,0.0,1.0,
1983-07-01,,,,,0.0,1.0,
1983-07-04,,,,,0.0,1.0,
1983-07-05,,,,,0.0,1.0,
1983-07-06,,,,,0.0,1.0,
1983-07-07,,,,,0.0,1.0,
1983-07-08,,,,,0.0,1.0,
1983-07-11,,,,,0.0,1.0,
1983-07-12,,,,,0.0,1.0,
1983-07-13,,,,,0.0,1.0,
1983-07-14,,,,,0.0,1.0,
1983-07-15,,,,,0.0,1.0,
1983-07-18,,,,,0.0,1.0,
1983-07-19,,,,,0.0,1.0,
1983-07-20,,,,,0.0,1.0,
1983-07-21,,,,,0.0,1.0,
1983-07-22,,,,,0.0,1.0,
1983-07-25,,,,,0.0,1.0,
1983-07-26,,,,,0.0,1.0,
1983-07-27,,,,,0.0,1.0,
1983-07-28,,,,,0.0,1.0,
1983-07-29,,,,,0.0,1.0,
1983-08-01,,,,,0.0,1.0,
1983-08-02,,,,,0.0,1.0,
1983-08-03,,,,,0.0,1.0,
1983-08-04,,,,,0.0,1.0,
1983-08-05,,,,,0.0,1.0,
1983-08-08,,,,,0.0,1.0,
1983-08-09,,,,,0.0,1.0,
1983-08-10,,,,,0.0,1.0,
1983-08-11,,,,,0.0,1.0,
1983-08-12,,,,,0.0,1.0,
1983-08-15,,,,,0.0,1.0,
1983-08-16,,,,,0.0,1.0,
1983-08-17,,,,,0.0,1.0,
1983-08-18,,,,,0.0,1.0,
1983-08-19,,,,,0.0,1.0,
1983-08-22,,,,,0.0,1.0,
1983-08-23,,,,,0.0,1.0,
1983-08-24,,,,,0.0,1.0,
1983-08-25,,,,,0.0,1.0,
1983-08-26,,,,,0.0,1.0,
1983-08-29,,,,,0.0,1.0,
1983-08-30,,,,,0.0,1.0,
1983-08-31,,,,,0.0,1.0,
1983-09-01,,,,,0.0,1.0,
1983-09-02,,,,,0.0,1.0,
1983-09-05,,,,,0.0,1.0,
1983-09-06,,,,,0.0,1.0,
1983-09-07,,,,,0.0,1.0,
1983-09-08,,,,,0.0,1.0,
1983-09-09,,,,,0.0,1.0,
1983-09-12,,,,,0.0,1.0,
1983-09-13,,,,,0.0,1.0,
1983-09-14,,,,,0.0,1.0,
1983-09-15,,,,,0.0,1.0,
1983-09-16,,,,,0.0,1.0,
1983-09-19,,,,,0.0,1.0,
1983-09-20,,,,,0.0,1.0,
1983-09-21,,,,,0.0,1.0,
1983-09-22,,,,,0.0,1.0,
1983-09-23,,,,,0.0,1.0,
1983-09-26,,,,,0.0,1.0,
1983-09-27,,,,,0.0,1.0,
1983-09-28,,,,,0.0,1.0,
1983-09-29,,,,,0.0,1.0,
1983-09-30,,,,,0.0,1.0,
1983-10-03,,,,,0.0,1.0,
1983-10-04,,,,,0.0,1.0,
1983-10-05,,,,,0.0,1.0,
1983-10-06,,,,,0.0,1.0,
1983-10-07,,,,,0.0,1.0,
1983-10-10,,,,,0.0,1.0,
1983-10-11,,,,,0.0,1.0,
1983-10-12,,,,,0.0,1.0,
1983-10-13,,,,,0.0,1.0,
1983-10-14,,,,,0.0,1.0,
1983-10-17,,,,,0.0,1.0,
1983-10-18,,,,,0.0,1.0,
1983-10-19,,,,,0.0,1.0,
1983-10-20,,,,,0.0,1.0,
1983-10-21,,,,,0.0,1.0,
1983-10-24,,,,,0.0,1.0,
1983-10-25,,,,,0.0,1.0,
1983-10-26,,,,,0.0,1.0,
1983-10-27,,,,,0.0,1.0,
1983-10-28,,,,,0.0,1.0,
1983-10-31,,,,,0.0,1.0,
1983-11-01,,,,,0.0,1.0,
1983-11-02,,,,,0.0,1.0,
1983-11-03,,,,,0.0,1.0,
1983-11-04,,,,,0.0,1.0,
1983-11-07,,,,,0.0,1.0,
1983-11-08,,,,,0.0,1.0,
1983-11-09,,,,,0.0,1.0,
1983-11-10,,,,,0.0,1.0,
1983-11-11,,,,,0.0,1.0,
1983-11-14,,,,,0.0,1.0,
1983-11-15,,,,,0.0,1.0,
1983-11-16,,,,,0.0,1.0,
1983-11-17,,,,,0.0,1.0,
1983-11-18,,,,,0.0,1.0,
1983-11-21,,,,,0.0,1.0,
1983-11-22,,,,,0.0,1.0,
1983-11-23,,,,,0.0,1.0,
1983-11-24,,,,,0.0,1.0,
1983-11-25,,,,,0.0,1.0,
1983-11-28,,,,,0.0,1.0,
1983-11-29,,,,,0.0,1.0,
1983-11-30,,,,,0.0,1.0,
1983-12-01,,,,,0.0,1.0,
1983-12-02,,,,,0.0,1.0,
1983-12-05,,,,,0.0,1.0,
1983-12-06,,,,,0.0,1.0,
1983-12-07,,,,,0.0,1.0,
1983-12-08,,,,,0.0,1.0,
1983-12-09,,,,,0.0,1.0,
1983-12-12,,,,,0.0,1.0,
1983-12-13,,,,,0.0,1.0,
1983-12-14,,,,,0.0,1.0,
1983-12-15,,,,,0.0,1.0,
1983-12-16,,,,,0.0,1.0,
1983-12-19,,,,,0.0,1.0,
1983-12-20,,,,,0.0,1.0,
1983-12-21,,,,,0.0,1.0,
1983-12-22,,,,,0.0,1.0,
1983-12-23,,,,,0.0,1.0,
1983-12-26,,,,,0.0,1.0,
1983-12-27,,,,,0.0,1.0,
1983-12-28,,,,,0.0,1.0,
1983-12-29,,,,,0.0,1.0,
1983-12-30,,,,,0.0,1.0,
1984-01-02,,,,,0.0,1.0,
1984-01-03,,,,,0.0,1.0,
1984-01-04,,,,,0.0,1.0,
1984-01-05,,,,,0.0,1.0,
1984-01-06,,,,,0.0,1.0,
1984-01-09,,,,,0.0,1.0,
1984-01-10,,,,,0.0,1.0,
1984-01-11,,,,,0.0,1.0,
1984-01-12,,,,,0.0,1.0,
1984-01-13,,,,,0.0,1.0,
1984-01-16,,,,,0.0,1.0,
1984-01-17,,,,,0.0,1.0,
1984-01-18,,,,,0.0,1.0,
1984-01-19,,,,,0.0,1.0,
1984-01-20,,,,,0.0,1.0,
1984-01-23,,,,,0.0,1.0,
1984-01-24,,,,,0.0,1.0,
1984-01-25,,,,,0.0,1.0,
1984-01-26,,,,,0.0,1.0,
1984-01-27,,,,,0.0,1.0,
1984-01-30,,,,,0.0,1.0,
1984-01-31,,,,,0.0,1.0,
1984-02-01,,,,,0.0,1.0,
1984-02-02,,,,,0.0,1.0,
1984-02-03,,,,,0.0,1.0,
1984-02-06,,,,,0.0,1.0,
1984-02-07,,,,,0.0,1.0,
1984-02-08,,,,,0.0,1.0,
1984-02-09,,,,,0.0,1.0,
1984-02-10,,,,,0.0,1.0,
1984-02-13,,,,,0.0,1.0,
1984-02-14,,,,,0.0,1.0,
1984-02-15,,,,,0.0,1.0,
1984-02-16,,,,,0.0,1.0,
1984-02-17,,,,,0.0,1.0,
1984-02-20,,,,,0.0,1.0,
1984-02-21,,,,,0.0,1.0,
1984-02-22,,,,,0.0,1.0,
1984-02-23,,,,,0.0,1.0,
1984-02-24,,,,,0.0,1.0,
1984-02-27,,,,,0.0,1.0,
1984-02-28,,,,,0.0,1.0,
1984-02-29,,,,,0.0,1.0,
1984-03-01,,,,,0.0,1.0,
1984-03-02,,,,,0.0,1.0,
1984-03-05,,,,,0.0,1.0,
1984-03-06,,,,,0.0,1.0,
1984-03-07,,,,,0.0,1.0,
1984-03-08,,,,,0.0,1.0,
1984-03-09,,,,,0.0,1.0,
1984-03-12,,,,,0.0,1.0,
1984-03-13,,,,,0.0,1.0,
1984-03-14,,,,,0.0,1.0,
1984-03-15,,,,,0.0,1.0,
1984-03-16,,,,,0.0,1.0,
1984-03-19,,,,,0.0,1.0,
1984-03-20,,,,,0.0,1.0,
1984-03-21,,,,,0.0,1.0,
1984-03-22,,,,,0.0,1.0,
1984-03-23,,,,,0.0,1.0,
1984-03-26,,,,,0.0,1.0,
1984-03-27,,,,,0.0,1.0,
1984-03-28,,,,,0.0,1.0,
1984-03-29,,,,,0.0,1.0,
1984-03-30,,,,,0.0,1.0,
1984-04-02,,,,,0.0,1.0,
1984-04-03,,,,,0.0,1.0,
1984-04-04,,,,,0.0,1.0,
1984-04-05,,,,,0.0,1.0,
1984-04-06,,,,,0.0,1.0,
1984-04-09,,,,,0.0,1.0,
1984-04-10,,,,,0.0,1.0,
1984-04-11,,,,,0.0,1.0,
1984-04-12,,,,,0.0,1.0,
1984-04-13,,,,,0.0,1.0,
1984-04-16,,,,,0.0,1.0,
1984-04-17,,,,,0.0,1.0,
1984-04-18,,,,,0.0,1.0,
1984-04-19,,,,,0.0,1.0,
1984-04-20,,,,,0.0,1.0,
1984-04-23,,,,,0.0,1.0,
1984-04-24,,,,,0.0,1.0,
1984-04-25,,,,,0.0,1.0,
1984-04-26,,,,,0.0,1.0,
1984-04-27,,,,,0.0,1.0,
1984-04-30,,,,,0.0,1.0,
1984-05-01,,,,,0.0,1.0,
1984-05-02,,,,,0.0,1.0,
1984-05-03,,,,,0.0,1.0,
1984-05-04,,,,,0.0,1.0,
1984-05-07,,,,,0.0,1.0,
1984-05-08,,,,,0.0,1.0,
1984-05-09,,,,,0.0,1.0,
1984-05-10,,,,,0.0,1.0,
1984-05-11,,,,,0.0,1.0,
1984-05-14,,,,,0.0,1.0,
1984-05-15,,,,,0.0,1.0,
1984-05-16,,,,,0.0,1.0,
1984-05-17,,,,,0.0,1.0,
1984-05-18,,,,,0.0,1.0,
1984-05-21,,,,,0.0,1.0,
1984-05-22,,,,,0.0,1.0,
1984-05-23,,,,,0.0,1.0,
1984-05-24,,,,,0.0,1.0,
1984-05-25,,,,,0.0,1.0,
1984-05-28,,,,,0.0,1.0,
1984-05-29,,,,,0.0,1.0,
1984-05-30,,,,,0.0,1.0,
1984-05-31,,,,,0.0,1.0,
1984-06-01,,,,,0.0,1.0,
1984-06-04,,,,,0.0,1.0,
1984-06-05,,,,,0.0,1.0,
1984-06-06,,,,,0.0,1.0,
1984-06-07,,,,,0.0,1.0,
1984-06-08,,,,,0.0,1.0,
1984-06-11,,,,,0.0,1.0,
1984-06-12,,,,,0.0,1.0,
1984-06-13,,,,,0.0,1.0,
1984-06-14,,,,,0.0,1.0,
1984-06-15,,,,,0.0,1.0,
1984-06-18,,,,,0.0,1.0,
1984-06-19,,,,,0.0,1.0,
1984-06-20,,,,,0.0,1.0,
1984-06-21,,,,,0.0,1.0,
1984-06-22,,,,,0.0,1.0,
1984-06-25,,,,,0.0,1.0,
1984-06-26,,,,,0.0,1.0,
1984-06-27,,,,,0.0,1.0,
1984-06-28,,,,,0.0,1.0,
1984-06-29,,,,,0.0,1.0,
1984-07-02,,,,,0.0,1.0,
1984-07-03,,,,,0.0,1.0,
1984-07-04,,,,,0.0,1.0,
1984-07-05,,,,,0.0,1.0,
1984-07-06,,,,,0.0,1.0,
1984-07-09,,,,,0.0,1.0,
1984-07-10,,,,,0.0,1.0,
1984-07-11,,,,,0.0,1.0,
1984-07-12,,,,,0.0,1.0,
1984-07-13,,,,,0.0,1.0,
1984-07-16,,,,,0.0,1.0,
1984-07-17,,,,,0.0,1.0,
1984-07-18,,,,,0.0,1.0,
1984-07-19,,,,,0.0,1.0,
1984-07-20,,,,,0.0,1.0,
1984-07-23,,,,,0.0,1.0,
1984-07-24,,,,,0.0,1.0,
1984-07-25,,,,,0.0,1.0,
1984-07-26,,,,,0.0,1.0,
1984-07-27,,,,,0.0,1.0,
1984-07-30,,,,,0.0,1.0,
1984-07-31,,,,,0.0,1.0,
1984-08-01,,,,,0.0,1.0,
1984-08-02,,,,,0.0,1.0,
1984-08-03,,,,,0.0,1.0,
1984-08-06,,,,,0.0,1.0,
1984-08-07,,,,,0.0,1.0,
1984-08-08,,,,,0.0,1.0,
1984-08-09,,,,,0.0,1.0,
1984-08-10,,,,,0.0,1.0,
1984-08-13,,,,,0.0,1.0,
1984-08-14,,,,,0.0,1.0,
1984-08-15,,,,,0.0,1.0,
1984-08-16,,,,,0.0,1.0,
1984-08-17,,,,,0.0,1.0,
1984-08-20,,,,,0.0,1.0,
1984-08-21,,,,,0.0,1.0,
1984-08-22,,,,,0.0,1.0,
1984-08-23,,,,,0.0,1.0,
1984-08-24,,,,,0.0,1.0,
1984-08-27,,,,,0.0,1.0,
1984-08-28,,,,,0.0,1.0,
1984-08-29,,,,,0.0,1.0,
1984-08-30,,,,,0.0,1.0,
1984-08-31,,,,,0.0,1.0,
1984-09-03,,,,,0.0,1.0,
1984-09-04,,,,,0.0,1.0,
1984-09-05,,,,,0.0,1.0,
1984-09-06,,,,,0.0,1.0,
1984-09-07,,,,,0.0,1.0,
1984-09-10,,,,,0.0,1.0,
1984-09-11,,,,,0.0,1.0,
1984-09-12,,,,,0.0,1.0,
1984-09-13,,,,,0.0,1.0,
1984-09-14,,,,,0.0,1.0,
1984-09-17,,,,,0.0,1.0,
1984-09-18,,,,,0.0,1.0,
1984-09-19,,,,,0.0,1.0,
1984-09-20,,,,,0.0,1.0,
1984-09-21,,,,,0.0,1.0,
1984-09-24,,,,,0.0,1.0,
1984-09-25,,,,,0.0,1.0,
1984-09-26,,,,,0.0,1.0,
1984-09-27,,,,,0.0,1.0,
1984-09-28,,,,,0.0,1.0,
1984-10-01,,,,,0.0,1.0,
1984-10-02,,,,,0.0,1.0,
1984-10-03,,,,,0.0,1.0,
1984-10-04,,,,,0.0,1.0,
1984-10-05,,,,,0.0,1.0,
1984-10-08,,,,,0.0,1.0,
1984-10-09,,,,,0.0,1.0,
1984-10-10,,,,,0.0,1.0,
1984-10-11,,,,,0.0,1.0,
1984-10-12,,,,,0.0,1.0,
1984-10-15,,,,,0.0,1.0,
1984-10-16,,,,,0.0,1.0,
1984-10-17,,,,,0.0,1.0,
1984-10-18,,,,,0.0,1.0,
1984-10-19,,,,,0.0,1.0,
1984-10-22,,,,,0.0,1.0,
1984-10-23,,,,,0.0,1.0,
1984-10-24,,,,,0.0,1.0,
1984-10-25,,,,,0.0,1.0,
1984-10-26,,,,,0.0,1.0,
1984-10-29,,,,,0.0,1.0,
1984-10-30,,,,,0.0,1.0,
1984-10-31,,,,,0.0,1.0,
1984-11-01,,,,,0.0,1.0,
1984-11-02,,,,,0.0,1.0,
1984-11-05,,,,,0.0,1.0,
1984-11-06,,,,,0.0,1.0,
1984-11-07,,,,,0.0,1.0,
1984-11-08,,,,,0.0,1.0,
1984-11-09,,,,,0.0,1.0,
1984-11-12,,,,,0.0,1.0,
1984-11-13,,,,,0.0,1.0,
1984-11-14,,,,,0.0,1.0,
1984-11-15,,,,,0.0,1.0,
1984-11-16,,,,,0.0,1.0,
1984-11-19,,,,,0.0,1.0,
1984-11-20,,,,,0.0,1.0,
1984-11-21,,,,,0.0,1.0,
1984-11-22,,,,,0.0,1.0,
1984-11-23,,,,,0.0,1.0,
1984-11-26,,,,,0.0,1.0,
1984-11-27,,,,,0.0,1.0,
1984-11-28,,,,,0.0,1.0,
1984-11-29,,,,,0.0,1.0,
1984-11-30,,,,,0.0,1.0,
1984-12-03,,,,,0.0,1.0,
1984-12-04,,,,,0.0,1.0,
1984-12-05,,,,,0.0,1.0,
1984-12-06,,,,,0.0,1.0,
1984-12-07,,,,,0.0,1.0,
1984-12-10,,,,,0.0,1.0,
1984-12-11,,,,,0.0,1.0,
1984-12-12,,,,,0.0,1.0,
1984-12-13,,,,,0.0,1.0,
1984-12-14,,,,,0.0,1.0,
1984-12-17,,,,,0.0,1.0,
1984-12-18,,,,,0.0,1.0,
1984-12-19,,,,,0.0,1.0,
1984-12-20,,,,,0.0,1.0,
1984-12-21,,,,,0.0,1.0,
1984-12-24,,,,,0.0,1.0,
1984-12-25,,,,,0.0,1.0,
1984-12-26,,,,,0.0,1.0,
1984-12-27,,,,,0.0,1.0,
1984-12-28,,,,,0.0,1.0,
1984-12-31,,,,,0.0,1.0,
1985-01-01,,,,,0.0,1.0,
1985-01-02,,,,,0.0,1.0,
1985-01-03,,,,,0.0,1.0,
1985-01-04,,,,,0.0,1.0,
1985-01-07,,,,,0.0,1.0,
1985-01-08,,,,,0.0,1.0,
1985-01-09,,,,,0.0,1.0,
1985-01-10,,,,,0.0,1.0,
1985-01-11,,,,,0.0,1.0,
1985-01-14,,,,,0.0,1.0,
1985-01-15,,,,,0.0,1.0,
1985-01-16,,,,,0.0,1.0,
1985-01-17,,,,,0.0,1.0,
1985-01-18,,,,,0.0,1.0,
1985-01-21,,,,,0.0,1.0,
1985-01-22,,,,,0.0,1.0,
1985-01-23,,,,,0.0,1.0,
1985-01-24,,,,,0.0,1.0,
1985-01-25,,,,,0.0,1.0,
1985-01-28,,,,,0.0,1.0,
1985-01-29,,,,,0.0,1.0,
1985-01-30,,,,,0.0,1.0,
1985-01-31,,,,,0.0,1.0,
1985-02-01,,,,,0.0,1.0,
1985-02-04,,,,,0.0,1.0,
1985-02-05,,,,,0.0,1.0,
1985-02-06,,,,,0.0,1.0,
1985-02-07,,,,,0.0,1.0,
1985-02-08,,,,,0.0,1.0,
1985-02-11,,,,,0.0,1.0,
1985-02-12,,,,,0.0,1.0,
1985-02-13,,,,,0.0,1.0,
1985-02-14,,,,,0.0,1.0,
1985-02-15,,,,,0.0,1.0,
1985-02-18,,,,,0.0,1.0,
1985-02-19,,,,,0.0,1.0,
1985-02-20,,,,,0.0,1.0,
1985-02-21,,,,,0.0,1.0,
1985-02-22,,,,,0.0,1.0,
1985-02-25,,,,,0.0,1.0,
1985-02-26,,,,,0.0,1.0,
1985-02-27,,,,,0.0,1.0,
1985-02-28,,,,,0.0,1.0,
1985-03-01,,,,,0.0,1.0,
1985-03-04,,,,,0.0,1.0,
1985-03-05,,,,,0.0,1.0,
1985-03-06,,,,,0.0,1.0,
1985-03-07,,,,,0.0,1.0,
1985-03-08,,,,,0.0,1.0,
1985-03-11,,,,,0.0,1.0,
1985-03-12,,,,,0.0,1.0,
1985-03-13,,,,,0.0,1.0,
1985-03-14,,,,,0.0,1.0,
1985-03-15,,,,,0.0,1.0,
1985-03-18,,,,,0.0,1.0,
1985-03-19,,,,,0.0,1.0,
1985-03-20,,,,,0.0,1.0,
1985-03-21,,,,,0.0,1.0,
1985-03-22,,,,,0.0,1.0,
1985-03-25,,,,,0.0,1.0,
1985-03-26,,,,,0.0,1.0,
1985-03-27,,,,,0.0,1.0,
1985-03-28,,,,,0.0,1.0,
1985-03-29,,,,,0.0,1.0,
1985-04-01,,,,,0.0,1.0,
1985-04-02,,,,,0.0,1.0,
1985-04-03,,,,,0.0,1.0,
1985-04-04,,,,,0.0,1.0,
1985-04-05,,,,,0.0,1.0,
1985-04-08,,,,,0.0,1.0,
1985-04-09,,,,,0.0,1.0,
1985-04-10,,,,,0.0,1.0,
1985-04-11,,,,,0.0,1.0,
1985-04-12,,,,,0.0,1.0,
1985-04-15,,,,,0.0,1.0,
1985-04-16,,,,,0.0,1.0,
1985-04-17,,,,,0.0,1.0,
1985-04-18,,,,,0.0,1.0,
1985-04-19,,,,,0.0,1.0,
1985-04-22,,,,,0.0,1.0,
1985-04-23,,,,,0.0,1.0,
1985-04-24,,,,,0.0,1.0,
1985-04-25,,,,,0.0,1.0,
1985-04-26,,,,,0.0,1.0,
1985-04-29,,,,,0.0,1.0,
1985-04-30,,,,,0.0,1.0,
1985-05-01,,,,,0.0,1.0,
1985-05-02,,,,,0.0,1.0,
1985-05-03,,,,,0.0,1.0,
1985-05-06,,,,,0.0,1.0,
1985-05-07,,,,,0.0,1.0,
1985-05-08,,,,,0.0,1.0,
1985-05-09,,,,,0.0,1.0,
1985-05-10,,,,,0.0,1.0,
1985-05-13,,,,,0.0,1.0,
1985-05-14,,,,,0.0,1.0,
1985-05-15,,,,,0.0,1.0,
1985-05-16,,,,,0.0,1.0,
1985-05-17,,,,,0.0,1.0,
1985-05-20,,,,,0.0,1.0,
1985-05-21,,,,,0.0,1.0,
1985-05-22,,,,,0.0,1.0,
1985-05-23,,,,,0.0,1.0,
1985-05-24,,,,,0.0,1.0,
1985-05-27,,,,,0.0,1.0,
1985-05-28,,,,,0.0,1.0,
1985-05-29,,,,,0.0,1.0,
1985-05-30,,,,,0.0,1.0,
1985-05-31,,,,,0.0,1.0,
1985-06-03,,,,,0.0,1.0,
1985-06-04,,,,,0.0,1.0,
1985-06-05,,,,,0.0,1.0,
1985-06-06,,,,,0.0,1.0,
1985-06-07,,,,,0.0,1.0,
1985-06-10,,,,,0.0,1.0,
1985-06-11,,,,,0.0,1.0,
1985-06-12,,,,,0.0,1.0,
1985-06-13,,,,,0.0,1.0,
1985-06-14,,,,,0.0,1.0,
1985-06-17,,,,,0.0,1.0,
1985-06-18,,,,,0.0,1.0,
1985-06-19,,,,,0.0,1.0,
1985-06-20,,,,,0.0,1.0,
1985-06-21,,,,,0.0,1.0,
1985-06-24,,,,,0.0,1.0,
1985-06-25,,,,,0.0,1.0,
1985-06-26,,,,,0.0,1.0,
1985-06-27,,,,,0.0,1.0,
1985-06-28,,,,,0.0,1.0,
1985-07-01,,,,,0.0,1.0,
1985-07-02,,,,,0.0,1.0,
1985-07-03,,,,,0.0,1.0,
1985-07-04,,,,,0.0,1.0,
1985-07-05,,,,,0.0,1.0,
1985-07-08,,,,,0.0,1.0,
1985-07-09,,,,,0.0,1.0,
1985-07-10,,,,,0.0,1.0,
1985-07-11,,,,,0.0,1.0,
1985-07-12,,,,,0.0,1.0,
1985-07-15,,,,,0.0,1.0,
1985-07-16,,,,,0.0,1.0,
1985-07-17,,,,,0.0,1.0,
1985-07-18,,,,,0.0,1.0,
1985-07-19,,,,,0.0,1.0,
1985-07-22,,,,,0.0,1.0,
1985-07-23,,,,,0.0,1.0,
1985-07-24,,,,,0.0,1.0,
1985-07-25,,,,,0.0,1.0,
1985-07-26,,,,,0.0,1.0,
1985-07-29,,,,,0.0,1.0,
1985-07-30,,,,,0.0,1.0,
1985-07-31,,,,,0.0,1.0,
1985-08-01,,,,,0.0,1.0,
1985-08-02,,,,,0.0,1.0,
1985-08-05,,,,,0.0,1.0,
1985-08-06,,,,,0.0,1.0,
1985-08-07,,,,,0.0,1.0,
1985-08-08,,,,,0.0,1.0,
1985-08-09,,,,,0.0,1.0,
1985-08-12,,,,,0.0,1.0,
1985-08-13,,,,,0.0,1.0,
1985-08-14,,,,,0.0,1.0,
1985-08-15,,,,,0.0,1.0,
1985-08-16,,,,,0.0,1.0,
1985-08-19,,,,,0.0,1.0,
1985-08-20,,,,,0.0,1.0,
1985-08-21,,,,,0.0,1.0,
1985-08-22,,,,,0.0,1.0,
1985-08-23,,,,,0.0,1.0,
1985-08-26,,,,,0.0,1.0,
1985-08-27,,,,,0.0,1.0,
1985-08-28,,,,,0.0,1.0,
1985-08-29,,,,,0.0,1.0,
1985-08-30,,,,,0.0,1.0,
1985-09-02,,,,,0.0,1.0,
1985-09-03,,,,,0.0,1.0,
1985-09-04,,,,,0.0,1.0,
1985-09-05,,,,,0.0,1.0,
1985-09-06,,,,,0.0,1.0,
1985-09-09,,,,,0.0,1.0,
1985-09-10,,,,,0.0,1.0,
1985-09-11,,,,,0.0,1.0,
1985-09-12,,,,,0.0,1.0,
1985-09-13,,,,,0.0,1.0,
1985-09-16,,,,,0.0,1.0,
1985-09-17,,,,,0.0,1.0,
1985-09-18,,,,,0.0,1.0,
1985-09-19,,,,,0.0,1.0,
1985-09-20,,,,,0.0,1.0,
1985-09-23,,,,,0.0,1.0,
1985-09-24,,,,,0.0,1.0,
1985-09-25,,,,,0.0,1.0,
1985-09-26,,,,,0.0,1.0,
1985-09-27,,,,,0.0,1.0,
1985-09-30,,,,,0.0,1.0,
1985-10-01,,,,,0.0,1.0,
1985-10-02,,,,,0.0,1.0,
1985-10-03,,,,,0.0,1.0,
1985-10-04,,,,,0.0,1.0,
1985-10-07,,,,,0.0,1.0,
1985-10-08,,,,,0.0,1.0,
1985-10-09,,,,,0.0,1.0,
1985-10-10,,,,,0.0,1.0,
1985-10-11,,,,,0.0,1.0,
1985-10-14,,,,,0.0,1.0,
1985-10-15,,,,,0.0,1.0,
1985-10-16,,,,,0.0,1.0,
1985-10-17,,,,,0.0,1.0,
1985-10-18,,,,,0.0,1.0,
1985-10-21,,,,,0.0,1.0,
1985-10-22,,,,,0.0,1.0,
1985-10-23,,,,,0.0,1.0,
1985-10-24,,,,,0.0,1.0,
1985-10-25,,,,,0.0,1.0,
1985-10-28,,,,,0.0,1.0,
1985-10-29,,,,,0.0,1.0,
1985-10-30,,,,,0.0,1.0,
1985-10-31,,,,,0.0,1.0,
1985-11-01,,,,,0.0,1.0,
1985-11-04,,,,,0.0,1.0,
1985-11-05,,,,,0.0,1.0,
1985-11-06,,,,,0.0,1.0,
1985-11-07,,,,,0.0,1.0,
1985-11-08,,,,,0.0,1.0,
1985-11-11,,,,,0.0,1.0,
1985-11-12,,,,,0.0,1.0,
1985-11-13,,,,,0.0,1.0,
1985-11-14,,,,,0.0,1.0,
1985-11-15,,,,,0.0,1.0,
1985-11-18,,,,,0.0,1.0,
1985-11-19,,,,,0.0,1.0,
1985-11-20,,,,,0.0,1.0,
1985-11-21,,,,,0.0,1.0,
1985-11-22,,,,,0.0,1.0,
1985-11-25,,,,,0.0,1.0,
1985-11-26,,,,,0.0,1.0,
1985-11-27,,,,,0.0,1.0,
1985-11-28,,,,,0.0,1.0,
1985-11-29,,,,,0.0,1.0,
1985-12-02,,,,,0.0,1.0,
1985-12-03,,,,,0.0,1.0,
1985-12-04,,,,,0.0,1.0,
1985-12-05,,,,,0.0,1.0,
1985-12-06,,,,,0.0,1.0,
1985-12-09,,,,,0.0,1.0,
1985-12-10,,,,,0.0,1.0,
1985-12-11,,,,,0.0,1.0,
1985-12-12,,,,,0.0,1.0,
1985-12-13,,,,,0.0,1.0,
1985-12-16,,,,,0.0,1.0,
1985-12-17,,,,,0.0,1.0,
1985-12-18,,,,,0.0,1.0,
1985-12-19,,,,,0.0,1.0,
1985-12-20,,,,,0.0,1.0,
1985-12-23,,,,,0.0,1.0,
1985-12-24,,,,,0.0,1.0,
1985-12-25,,,,,0.0,1.0,
1985-12-26,,,,,0.0,1.0,
1985-12-27,,,,,0.0,1.0,
1985-12-30,,,,,0.0,1.0,
1985-12-31,,,,,0.0,1.0,
1986-01-02,,,,,0.0,1.0,
1986-01-03,,,,,0.0,1.0,
1986-01-06,,,,,0.0,1.0,
1986-01-07,,,,,0.0,1.0,
1986-01-08,,,,,0.0,1.0,
1986-01-09,,,,,0.0,1.0,
1986-01-10,,,,,0.0,1.0,
1986-01-13,,,,,0.0,1.0,
1986-01-14,,,,,0.0,1.0,
1986-01-15,,,,,0.0,1.0,
1986-01-16,,,,,0.0,1.0,
1986-01-17,,,,,0.0,1.0,
1986-01-20,,,,,0.0,1.0,
1986-01-21,,,,,0.0,1.0,
1986-01-22,,,,,0.0,1.0,
1986-01-23,,,,,0.0,1.0,
1986-01-24,,,,,0.0,1.0,
1986-01-27,,,,,0.0,1.0,
1986-01-28,,,,,0.0,1.0,
1986-01-29,,,,,0.0,1.0,
1986-01-30,,,,,0.0,1.0,
1986-01-31,,,,,0.0,1.0,
1986-02-03,,,,,0.0,1.0,
1986-02-04,,,,,0.0,1.0,
1986-02-05,,,,,0.0,1.0,
1986-02-06,,,,,0.0,1.0,
1986-02-07,,,,,0.0,1.0,
1986-02-10,,,,,0.0,1.0,
1986-02-11,,,,,0.0,1.0,
1986-02-12,,,,,0.0,1.0,
1986-02-13,,,,,0.0,1.0,
1986-02-14,,,,,0.0,1.0,
1986-02-17,,,,,0.0,1.0,
1986-02-18,,,,,0.0,1.0,
1986-02-19,,,,,0.0,1.0,
1986-02-20,,,,,0.0,1.0,
1986-02-21,,,,,0.0,1.0,
1986-02-24,,,,,0.0,1.0,
1986-02-25,,,,,0.0,1.0,
1986-02-26,,,,,0.0,1.0,
1986-02-27,,,,,0.0,1.0,
1986-02-28,,,,,0.0,1.0,
1986-03-03,,,,,0.0,1.0,
1986-03-04,,,,,0.0,1.0,
1986-03-05,,,,,0.0,1.0,
1986-03-06,,,,,0.0,1.0,
1986-03-07,,,,,0.0,1.0,
1986-03-10,,,,,0.0,1.0,
1986-03-11,,,,,0.0,1.0,
1986-03-12,,,,,0.0,1.0,
1986-03-13,,,,,0.0,1.0,
1986-03-14,,,,,0.0,1.0,
1986-03-17,,,,,0.0,1.0,
1986-03-18,,,,,0.0,1.0,
1986-03-19,,,,,0.0,1.0,
1986-03-20,,,,,0.0,1.0,
1986-03-21,,,,,0.0,1.0,
1986-03-24,,,,,0.0,1.0,
1986-03-25,,,,,0.0,1.0,
1986-03-26,,,,,0.0,1.0,
1986-03-27,,,,,0.0,1.0,
1986-04-01,,,,,0.0,1.0,
1986-04-02,,,,,0.0,1.0,
1986-04-03,,,,,0.0,1.0,
1986-04-04,,,,,0.0,1.0,
1986-04-07,,,,,0.0,1.0,
1986-04-08,,,,,0.0,1.0,
1986-04-09,,,,,0.0,1.0,
1986-04-10,,,,,0.0,1.0,
1986-04-11,,,,,0.0,1.0,
1986-04-14,,,,,0.0,1.0,
1986-04-15,,,,,0.0,1.0,
1986-04-16,,,,,0.0,1.0,
1986-04-17,,,,,0.0,1.0,
1986-04-18,,,,,0.0,1.0,
1986-04-21,,,,,0.0,1.0,
1986-04-22,,,,,0.0,1.0,
1986-04-23,,,,,0.0,1.0,
1986-04-24,,,,,0.0,1.0,
1986-04-25,,,,,0.0,1.0,
1986-04-28,,,,,0.0,1.0,
1986-04-29,,,,,0.0,1.0,
1986-04-30,,,,,0.0,1.0,
1986-05-01,,,,,0.0,1.0,
1986-05-02,,,,,0.0,1.0,
1986-05-05,,,,,0.0,1.0,
1986-05-06,,,,,0.0,1.0,
1986-05-07,,,,,0.0,1.0,
1986-05-08,,,,,0.0,1.0,
1986-05-09,,,,,0.0,1.0,
1986-05-12,,,,,0.0,1.0,
1986-05-13,,,,,0.0,1.0,
1986-05-14,,,,,0.0,1.0,
1986-05-15,,,,,0.0,1.0,
1986-05-16,,,,,0.0,1.0,
1986-05-19,,,,,0.0,1.0,
1986-05-20,,,,,0.0,1.0,
1986-05-21,,,,,0.0,1.0,
1986-05-22,,,,,0.0,1.0,
1986-05-23,,,,,0.0,1.0,
1986-05-26,,,,,0.0,1.0,
1986-05-27,,,,,0.0,1.0,
1986-05-28,,,,,0.0,1.0,
1986-05-29,,,,,0.0,1.0,
1986-05-30,,,,,0.0,1.0,
1986-06-02,,,,,0.0,1.0,
1986-06-03,,,,,0.0,1.0,
1986-06-04,,,,,0.0,1.0,
1986-06-05,,,,,0.0,1.0,
1986-06-06,,,,,0.0,1.0,
1986-06-09,,,,,0.0,1.0,
1986-06-10,,,,,0.0,1.0,
1986-06-11,,,,,0.0,1.0,
1986-06-12,,,,,0.0,1.0,
1986-06-13,,,,,0.0,1.0,
1986-06-16,,,,,0.0,1.0,
1986-06-17,,,,,0.0,1.0,
1986-06-18,,,,,0.0,1.0,
1986-06-19,,,,,0.0,1.0,
1986-06-20,,,,,0.0,1.0,
1986-06-23,,,,,0.0,1.0,
1986-06-24,,,,,0.0,1.0,
1986-06-25,,,,,0.0,1.0,
1986-06-26,,,,,0.0,1.0,
1986-06-27,,,,,0.0,1.0,
1986-06-30,,,,,0.0,1.0,
1986-07-01,,,,,0.0,1.0,
1986-07-02,,,,,0.0,1.0,
1986-07-03,,,,,0.0,1.0,
1986-07-04,,,,,0.0,1.0,
1986-07-07,,,,,0.0,1.0,
1986-07-08,,,,,0.0,1.0,
1986-07-09,,,,,0.0,1.0,
1986-07-10,,,,,0.0,1.0,
1986-07-11,,,,,0.0,1.0,
1986-07-14,,,,,0.0,1.0,
1986-07-15,,,,,0.0,1.0,
1986-07-16,,,,,0.0,1.0,
1986-07-17,,,,,0.0,1.0,
1986-07-18,,,,,0.0,1.0,
1986-07-21,,,,,0.0,1.0,
1986-07-22,,,,,0.0,1.0,
1986-07-23,,,,,0.0,1.0,
1986-07-24,,,,,0.0,1.0,
1986-07-25,,,,,0.0,1.0,
1986-07-28,,,,,0.0,1.0,
1986-07-29,,,,,0.0,1.0,
1986-07-30,,,,,0.0,1.0,
1986-07-31,,,,,0.0,1.0,
1986-08-01,,,,,0.0,1.0,
1986-08-04,,,,,0.0,1.0,
1986-08-05,,,,,0.0,1.0,
1986-08-06,,,,,0.0,1.0,
1986-08-07,,,,,0.0,1.0,
1986-08-08,,,,,0.0,1.0,
1986-08-11,,,,,0.0,1.0,
1986-08-12,,,,,0.0,1.0,
1986-08-13,,,,,0.0,1.0,
1986-08-14,,,,,0.0,1.0,
1986-08-15,,,,,0.0,1.0,
1986-08-18,,,,,0.0,1.0,
1986-08-19,,,,,0.0,1.0,
1986-08-20,,,,,0.0,1.0,
1986-08-21,,,,,0.0,1.0,
1986-08-22,,,,,0.0,1.0,
1986-08-25,,,,,0.0,1.0,
1986-08-26,,,,,0.0,1.0,
1986-08-27,,,,,0.0,1.0,
1986-08-28,,,,,0.0,1.0,
1986-08-29,,,,,0.0,1.0,
1986-09-01,,,,,0.0,1.0,
1986-09-02,,,,,0.0,1.0,
1986-09-03,,,,,0.0,1.0,
1986-09-04,,,,,0.0,1.0,
1986-09-05,,,,,0.0,1.0,
1986-09-08,,,,,0.0,1.0,
1986-09-09,,,,,0.0,1.0,
1986-09-10,,,,,0.0,1.0,
1986-09-11,,,,,0.0,1.0,
1986-09-12,,,,,0.0,1.0,
1986-09-15,,,,,0.0,1.0,
1986-09-16,,,,,0.0,1.0,
1986-09-17,,,,,0.0,1.0,
1986-09-18,,,,,0.0,1.0,
1986-09-19,,,,,0.0,1.0,
1986-09-22,,,,,0.0,1.0,
1986-09-23,,,,,0.0,1.0,
1986-09-24,,,,,0.0,1.0,
1986-09-25,,,,,0.0,1.0,
1986-09-26,,,,,0.0,1.0,
1986-09-29,,,,,0.0,1.0,
1986-09-30,,,,,0.0,1.0,
1986-10-01,,,,,0.0,1.0,
1986-10-02,,,,,0.0,1.0,
1986-10-03,,,,,0.0,1.0,
1986-10-06,,,,,0.0,1.0,
1986-10-07,,,,,0.0,1.0,
1986-10-08,,,,,0.0,1.0,
1986-10-09,,,,,0.0,1.0,
1986-10-10,,,,,0.0,1.0,
1986-10-13,,,,,0.0,1.0,
1986-10-14,,,,,0.0,1.0,
1986-10-15,,,,,0.0,1.0,
1986-10-16,,,,,0.0,1.0,
1986-10-17,,,,,0.0,1.0,
1986-10-20,,,,,0.0,1.0,
1986-10-21,,,,,0.0,1.0,
1986-10-22,,,,,0.0,1.0,
1986-10-23,,,,,0.0,1.0,
1986-10-24,,,,,0.0,1.0,
1986-10-27,,,,,0.0,1.0,
1986-10-28,,,,,0.0,1.0,
1986-10-29,,,,,0.0,1.0,
1986-10-30,,,,,0.0,1.0,
1986-10-31,,,,,0.0,1.0,
1986-11-03,,,,,0.0,1.0,
1986-11-04,,,,,0.0,1.0,
1986-11-05,,,,,0.0,1.0,
1986-11-06,,,,,0.0,1.0,
1986-11-07,,,,,0.0,1.0,
1986-11-10,,,,,0.0,1.0,
1986-11-11,,,,,0.0,1.0,
1986-11-12,,,,,0.0,1.0,
1986-11-13,,,,,0.0,1.0,
1986-11-14,,,,,0.0,1.0,
1986-11-17,,,,,0.0,1.0,
1986-11-18,,,,,0.0,1.0,
1986-11-19,,,,,0.0,1.0,
1986-11-20,,,,,0.0,1.0,
1986-11-21,,,,,0.0,1.0,
1986-11-24,,,,,0.0,1.0,
1986-11-25,,,,,0.0,1.0,
1986-11-26,,,,,0.0,1.0,
1986-11-27,,,,,0.0,1.0,
1986-11-28,,,,,0.0,1.0,
1986-12-01,,,,,0.0,1.0,
1986-12-02,,,,,0.0,1.0,
1986-12-03,,,,,0.0,1.0,
1986-12-04,,,,,0.0,1.0,
1986-12-05,,,,,0.0,1.0,
1986-12-08,,,,,0.0,1.0,
1986-12-09,,,,,0.0,1.0,
1986-12-10,,,,,0.0,1.0,
1986-12-11,,,,,0.0,1.0,
1986-12-12,,,,,0.0,1.0,
1986-12-15,,,,,0.0,1.0,
1986-12-16,,,,,0.0,1.0,
1986-12-17,,,,,0.0,1.0,
1986-12-18,,,,,0.0,1.0,
1986-12-19,,,,,0.0,1.0,
1986-12-22,,,,,0.0,1.0,
1986-12-23,,,,,0.0,1.0,
1986-12-24,,,,,0.0,1.0,
1986-12-29,,,,,0.0,1.0,
1986-12-30,,,,,0.0,1.0,
1986-12-31,,,,,0.0,1.0,
1987-01-02,,,,,0.0,1.0,
1987-01-05,,,,,0.0,1.0,
1987-01-06,,,,,0.0,1.0,
1987-01-07,,,,,0.0,1.0,
1987-01-08,,,,,0.0,1.0,
1987-01-09,,,,,0.0,1.0,
1987-01-12,,,,,0.0,1.0,
1987-01-13,,,,,0.0,1.0,
1987-01-14,,,,,0.0,1.0,
1987-01-15,,,,,0.0,1.0,
1987-01-16,,,,,0.0,1.0,
1987-01-19,,,,,0.0,1.0,
1987-01-20,,,,,0.0,1.0,
1987-01-21,,,,,0.0,1.0,
1987-01-22,,,,,0.0,1.0,
1987-01-23,,,,,0.0,1.0,
1987-01-26,,,,,0.0,1.0,
1987-01-27,,,,,0.0,1.0,
1987-01-28,,,,,0.0,1.0,
1987-01-29,,,,,0.0,1.0,
1987-01-30,,,,,0.0,1.0,
1987-02-02,,,,,0.0,1.0,
1987-02-03,,,,,0.0,1.0,
1987-02-04,,,,,0.0,1.0,
1987-02-05,,,,,0.0,1.0,
1987-02-06,,,,,0.0,1.0,
1987-02-09,,,,,0.0,1.0,
1987-02-10,,,,,0.0,1.0,
1987-02-11,,,,,0.0,1.0,
1987-02-12,,,,,0.0,1.0,
1987-02-13,,,,,0.0,1.0,
1987-02-16,,,,,0.0,1.0,
1987-02-17,,,,,0.0,1.0,
1987-02-18,,,,,0.0,1.0,
1987-02-19,,,,,0.0,1.0,
1987-02-20,,,,,0.0,1.0,
1987-02-23,,,,,0.0,1.0,
1987-02-24,,,,,0.0,1.0,
1987-02-25,,,,,0.0,1.0,
1987-02-26,,,,,0.0,1.0,
1987-02-27,,,,,0.0,1.0,
1987-03-02,,,,,0.0,1.0,
1987-03-03,,,,,0.0,1.0,
1987-03-04,,,,,0.0,1.0,
1987-03-05,,,,,0.0,1.0,
1987-03-06,,,,,0.0,1.0,
1987-03-09,,,,,0.0,1.0,
1987-03-10,,,,,0.0,1.0,
1987-03-11,,,,,0.0,1.0,
1987-03-12,,,,,0.0,1.0,
1987-03-13,,,,,0.0,1.0,
1987-03-16,,,,,0.0,1.0,
1987-03-17,,,,,0.0,1.0,
1987-03-18,,,,,0.0,1.0,
1987-03-19,,,,,0.0,1.0,
1987-03-20,,,,,0.0,1.0,
1987-03-23,,,,,0.0,1.0,
1987-03-24,,,,,0.0,1.0,
1987-03-25,,,,,0.0,1.0,
1987-03-26,,,,,0.0,1.0,
1987-03-27,,,,,0.0,1.0,
1987-03-30,,,,,0.0,1.0,
1987-03-31,,,,,0.0,1.0,
1987-04-01,,,,,0.0,1.0,
1987-04-02,,,,,0.0,1.0,
1987-04-03,,,,,0.0,1.0,
1987-04-06,,,,,0.0,1.0,
1987-04-07,,,,,0.0,1.0,
1987-04-08,,,,,0.0,1.0,
1987-04-09,,,,,0.0,1.0,
1987-04-10,,,,,0.0,1.0,
1987-04-13,,,,,0.0,1.0,
1987-04-14,,,,,0.0,1.0,
1987-04-15,,,,,0.0,1.0,
1987-04-16,,,,,0.0,1.0,
1987-04-21,,,,,0.0,1.0,
1987-04-22,,,,,0.0,1.0,
1987-04-23,,,,,0.0,1.0,
1987-04-24,,,,,0.0,1.0,
1987-04-27,,,,,0.0,1.0,
1987-04-28,,,,,0.0,1.0,
1987-04-29,,,,,0.0,1.0,
1987-04-30,,,,,0.0,1.0,
1987-05-01,,,,,0.0,1.0,
1987-05-04,,,,,0.0,1.0,
1987-05-05,,,,,0.0,1.0,
1987-05-06,,,,,0.0,1.0,
1987-05-07,,,,,0.0,1.0,
1987-05-08,,,,,0.0,1.0,
1987-05-11,,,,,0.0,1.0,
1987-05-12,,,,,0.0,1.0,
1987-05-13,,,,,0.0,1.0,
1987-05-14,,,,,0.0,1.0,
1987-05-15,,,,,0.0,1.0,
1987-05-18,,,,,0.0,1.0,
1987-05-19,,,,,0.0,1.0,
1987-05-20,,,,,0.0,1.0,
1987-05-21,,,,,0.0,1.0,
1987-05-22,,,,,0.0,1.0,
1987-05-25,,,,,0.0,1.0,
1987-05-26,,,,,0.0,1.0,
1987-05-27,,,,,0.0,1.0,
1987-05-28,,,,,0.0,1.0,
1987-05-29,,,,,0.0,1.0,
1987-06-01,,,,,0.0,1.0,
1987-06-02,,,,,0.0,1.0,
1987-06-03,,,,,0.0,1.0,
1987-06-04,,,,,0.0,1.0,
1987-06-05,,,,,0.0,1.0,
1987-06-08,,,,,0.0,1.0,
1987-06-09,,,,,0.0,1.0,
1987-06-10,,,,,0.0,1.0,
1987-06-11,,,,,0.0,1.0,
1987-06-12,,,,,0.0,1.0,
1987-06-15,,,,,0.0,1.0,
1987-06-16,,,,,0.0,1.0,
1987-06-17,,,,,0.0,1.0,
1987-06-18,,,,,0.0,1.0,
1987-06-19,,,,,0.0,1.0,
1987-06-22,,,,,0.0,1.0,
1987-06-23,,,,,0.0,1.0,
1987-06-24,,,,,0.0,1.0,
1987-06-25,,,,,0.0,1.0,
1987-06-26,,,,,0.0,1.0,
1987-06-29,,,,,0.0,1.0,
1987-06-30,,,,,0.0,1.0,
1987-07-01,,,,,0.0,1.0,
1987-07-02,,,,,0.0,1.0,
1987-07-03,,,,,0.0,1.0,
1987-07-06,,,,,0.0,1.0,
1987-07-07,,,,,0.0,1.0,
1987-07-08,,,,,0.0,1.0,
1987-07-09,,,,,0.0,1.0,
1987-07-10,,,,,0.0,1.0,
1987-07-13,,,,,0.0,1.0,
1987-07-14,,,,,0.0,1.0,
1987-07-15,,,,,0.0,1.0,
1987-07-16,,,,,0.0,1.0,
1987-07-17,,,,,0.0,1.0,
1987-07-20,,,,,0.0,1.0,
1987-07-21,,,,,0.0,1.0,
1987-07-22,,,,,0.0,1.0,
1987-07-23,,,,,0.0,1.0,
1987-07-24,,,,,0.0,1.0,
1987-07-27,,,,,0.0,1.0,
1987-07-28,,,,,0.0,1.0,
1987-07-29,,,,,0.0,1.0,
1987-07-30,,,,,0.0,1.0,
1987-07-31,,,,,0.0,1.0,
1987-08-03,,,,,0.0,1.0,
1987-08-04,,,,,0.0,1.0,
1987-08-05,,,,,0.0,1.0,
1987-08-06,,,,,0.0,1.0,
1987-08-07,,,,,0.0,1.0,
1987-08-10,,,,,0.0,1.0,
1987-08-11,,,,,0.0,1.0,
1987-08-12,,,,,0.0,1.0,
1987-08-13,,,,,0.0,1.0,
1987-08-14,,,,,0.0,1.0,
1987-08-17,,,,,0.0,1.0,
1987-08-18,,,,,0.0,1.0,
1987-08-19,,,,,0.0,1.0,
1987-08-20,,,,,0.0,1.0,
1987-08-21,,,,,0.0,1.0,
1987-08-24,,,,,0.0,1.0,
1987-08-25,,,,,0.0,1.0,
1987-08-26,,,,,0.0,1.0,
1987-08-27,,,,,0.0,1.0,
1987-08-28,,,,,0.0,1.0,
1987-08-31,,,,,0.0,1.0,
1987-09-01,,,,,0.0,1.0,
1987-09-02,,,,,0.0,1.0,
1987-09-03,,,,,0.0,1.0,
1987-09-04,,,,,0.0,1.0,
1987-09-07,,,,,0.0,1.0,
1987-09-08,,,,,0.0,1.0,
1987-09-09,,,,,0.0,1.0,
1987-09-10,,,,,0.0,1.0,
1987-09-11,,,,,0.0,1.0,
1987-09-14,,,,,0.0,1.0,
1987-09-15,,,,,0.0,1.0,
1987-09-16,,,,,0.0,1.0,
1987-09-17,,,,,0.0,1.0,
1987-09-18,,,,,0.0,1.0,
1987-09-21,,,,,0.0,1.0,
1987-09-22,,,,,0.0,1.0,
1987-09-23,,,,,0.0,1.0,
1987-09-24,,,,,0.0,1.0,
1987-09-25,,,,,0.0,1.0,
1987-09-28,,,,,0.0,1.0,
1987-09-29,,,,,0.0,1.0,
1987-09-30,,,,,0.0,1.0,
1987-10-01,,,,,0.0,1.0,
1987-10-02,,,,,0.0,1.0,
1987-10-05,,,,,0.0,1.0,
1987-10-06,,,,,0.0,1.0,
1987-10-07,,,,,0.0,1.0,
1987-10-08,,,,,0.0,1.0,
1987-10-09,,,,,0.0,1.0,
1987-10-12,,,,,0.0,1.0,
1987-10-13,,,,,0.0,1.0,
1987-10-14,,,,,0.0,1.0,
1987-10-15,,,,,0.0,1.0,
1987-10-16,,,,,0.0,1.0,
1987-10-19,,,,,0.0,1.0,
1987-10-20,,,,,0.0,1.0,
1987-10-21,,,,,0.0,1.0,
1987-10-22,,,,,0.0,1.0,
1987-10-23,,,,,0.0,1.0,
1987-10-26,,,,,0.0,1.0,
1987-10-27,,,,,0.0,1.0,
1987-10-28,,,,,0.0,1.0,
1987-10-29,,,,,0.0,1.0,
1987-10-30,,,,,0.0,1.0,
1987-11-02,,,,,0.0,1.0,
1987-11-03,,,,,0.0,1.0,
1987-11-04,,,,,0.0,1.0,
1987-11-05,,,,,0.0,1.0,
1987-11-06,,,,,0.0,1.0,
1987-11-09,,,,,0.0,1.0,
1987-11-10,,,,,0.0,1.0,
1987-11-11,,,,,0.0,1.0,
1987-11-12,,,,,0.0,1.0,
1987-11-13,,,,,0.0,1.0,
1987-11-16,,,,,0.0,1.0,
1987-11-17,,,,,0.0,1.0,
1987-11-18,,,,,0.0,1.0,
1987-11-19,,,,,0.0,1.0,
1987-11-20,,,,,0.0,1.0,
1987-11-23,,,,,0.0,1.0,
1987-11-24,,,,,0.0,1.0,
1987-11-25,,,,,0.0,1.0,
1987-11-26,,,,,0.0,1.0,
1987-11-27,,,,,0.0,1.0,
1987-11-30,,,,,0.0,1.0,
1987-12-01,,,,,0.0,1.0,
1987-12-02,,,,,0.0,1.0,
1987-12-03,,,,,0.0,1.0,
1987-12-04,,,,,0.0,1.0,
1987-12-07,,,,,0.0,1.0,
1987-12-08,,,,,0.0,1.0,
1987-12-09,,,,,0.0,1.0,
1987-12-10,,,,,0.0,1.0,
1987-12-11,,,,,0.0,1.0,
1987-12-14,,,,,0.0,1.0,
1987-12-15,,,,,0.0,1.0,
1987-12-16,,,,,0.0,1.0,
1987-12-17,,,,,0.0,1.0,
1987-12-18,,,,,0.0,1.0,
1987-12-21,,,,,0.0,1.0,
1987-12-22,,,,,0.0,1.0,
1987-12-23,,,,,0.0,1.0,
1987-12-24,,,,,0.0,1.0,
1987-12-28,,,,,0.0,1.0,
1987-12-29,,,,,0.0,1.0,
1987-12-30,,,,,0.0,1.0,
1987-12-31,,,,,0.0,1.0,
1988-01-04,,,,,0.0,1.0,
1988-01-05,,,,,0.0,1.0,
1988-01-06,,,,,0.0,1.0,
1988-01-07,,,,,0.0,1.0,
1988-01-08,,,,,0.0,1.0,
1988-01-11,,,,,0.0,1.0,
1988-01-12,,,,,0.0,1.0,
1988-01-13,,,,,0.0,1.0,
1988-01-14,,,,,0.0,1.0,
1988-01-15,,,,,0.0,1.0,
1988-01-18,,,,,0.0,1.0,
1988-01-19,,,,,0.0,1.0,
1988-01-20,,,,,0.0,1.0,
1988-01-21,,,,,0.0,1.0,
1988-01-22,,,,,0.0,1.0,
1988-01-25,,,,,0.0,1.0,
1988-01-26,,,,,0.0,1.0,
1988-01-27,,,,,0.0,1.0,
1988-01-28,,,,,0.0,1.0,
1988-01-29,,,,,0.0,1.0,
1988-02-01,,,,,0.0,1.0,
1988-02-02,,,,,0.0,1.0,
1988-02-03,,,,,0.0,1.0,
1988-02-04,,,,,0.0,1.0,
1988-02-05,,,,,0.0,1.0,
1988-02-06,,,,,0.0,1.0,
1988-02-08,,,,,0.0,1.0,
1988-02-09,,,,,0.0,1.0,
1988-02-10,,,,,0.0,1.0,
1988-02-11,,,,,0.0,1.0,
1988-02-12,,,,,0.0,1.0,
1988-02-15,,,,,0.0,1.0,
1988-02-16,,,,,0.0,1.0,
1988-02-17,,,,,0.0,1.0,
1988-02-18,,,,,0.0,1.0,
1988-02-19,,,,,0.0,1.0,
1988-02-22,,,,,0.0,1.0,
1988-02-23,,,,,0.0,1.0,
1988-02-24,,,,,0.0,1.0,
1988-02-25,,,,,0.0,1.0,
1988-02-26,,,,,0.0,1.0,
1988-02-29,,,,,0.0,1.0,
1988-03-01,,,,,0.0,1.0,
1988-03-02,,,,,0.0,1.0,
1988-03-03,,,,,0.0,1.0,
1988-03-04,,,,,0.0,1.0,
1988-03-07,,,,,0.0,1.0,
1988-03-08,,,,,0.0,1.0,
1988-03-09,,,,,0.0,1.0,
1988-03-10,,,,,0.0,1.0,
1988-03-11,,,,,0.0,1.0,
1988-03-14,,,,,0.0,1.0,
1988-03-15,,,,,0.0,1.0,
1988-03-16,,,,,0.0,1.0,
1988-03-17,,,,,0.0,1.0,
1988-03-18,,,,,0.0,1.0,
1988-03-21,,,,,0.0,1.0,
1988-03-22,,,,,0.0,1.0,
1988-03-23,,,,,0.0,1.0,
1988-03-24,,,,,0.0,1.0,
1988-03-25,,,,,0.0,1.0,
1988-03-28,,,,,0.0,1.0,
1988-03-29,,,,,0.0,1.0,
1988-03-30,,,,,0.0,1.0,
1988-03-31,,,,,0.0,1.0,
1988-04-05,,,,,0.0,1.0,
1988-04-06,,,,,0.0,1.0,
1988-04-07,,,,,0.0,1.0,
1988-04-08,,,,,0.0,1.0,
1988-04-11,,,,,0.0,1.0,
1988-04-12,,,,,0.0,1.0,
1988-04-13,,,,,0.0,1.0,
1988-04-14,,,,,0.0,1.0,
1988-04-15,,,,,0.0,1.0,
1988-04-18,,,,,0.0,1.0,
1988-04-19,,,,,0.0,1.0,
1988-04-20,,,,,0.0,1.0,
1988-04-21,,,,,0.0,1.0,
1988-04-22,,,,,0.0,1.0,
1988-04-25,,,,,0.0,1.0,
1988-04-26,,,,,0.0,1.0,
1988-04-27,,,,,0.0,1.0,
1988-04-28,,,,,0.0,1.0,
1988-04-29,,,,,0.0,1.0,
1988-05-02,,,,,0.0,1.0,
1988-05-03,,,,,0.0,1.0,
1988-05-04,,,,,0.0,1.0,
1988-05-05,,,,,0.0,1.0,
1988-05-06,,,,,0.0,1.0,
1988-05-09,,,,,0.0,1.0,
1988-05-10,,,,,0.0,1.0,
1988-05-11,,,,,0.0,1.0,
1988-05-12,,,,,0.0,1.0,
1988-05-13,,,,,0.0,1.0,
1988-05-16,,,,,0.0,1.0,
1988-05-17,,,,,0.0,1.0,
1988-05-18,,,,,0.0,1.0,
1988-05-19,,,,,0.0,1.0,
1988-05-20,,,,,0.0,1.0,
1988-05-23,,,,,0.0,1.0,
1988-05-24,,,,,0.0,1.0,
1988-05-25,,,,,0.0,1.0,
1988-05-26,,,,,0.0,1.0,
1988-05-27,,,,,0.0,1.0,
1988-05-30,,,,,0.0,1.0,
1988-05-31,,,,,0.0,1.0,
1988-06-01,,,,,0.0,1.0,
1988-06-02,,,,,0.0,1.0,
1988-06-03,,,,,0.0,1.0,
1988-06-06,,,,,0.0,1.0,
1988-06-07,,,,,0.0,1.0,
1988-06-08,,,,,0.0,1.0,
1988-06-09,,,,,0.0,1.0,
1988-06-10,,,,,0.0,1.0,
1988-06-13,,,,,0.0,1.0,
1988-06-14,,,,,0.0,1.0,
1988-06-15,,,,,0.0,1.0,
1988-06-16,,,,,0.0,1.0,
1988-06-17,,,,,0.0,1.0,
1988-06-20,,,,,0.0,1.0,
1988-06-21,,,,,0.0,1.0,
1988-06-22,,,,,0.0,1.0,
1988-06-23,,,,,0.0,1.0,
1988-06-24,,,,,0.0,1.0,
1988-06-27,,,,,0.0,1.0,
1988-06-28,,,,,0.0,1.0,
1988-06-29,,,,,0.0,1.0,
1988-06-30,,,,,0.0,1.0,
1988-07-01,,,,,0.0,1.0,
1988-07-04,,,,,0.0,1.0,
1988-07-05,,,,,0.0,1.0,
1988-07-06,,,,,0.0,1.0,
1988-07-07,,,,,0.0,1.0,
1988-07-08,,,,,0.0,1.0,
1988-07-11,,,,,0.0,1.0,
1988-07-12,,,,,0.0,1.0,
1988-07-13,,,,,0.0,1.0,
1988-07-14,,,,,0.0,1.0,
1988-07-15,,,,,0.0,1.0,
1988-07-18,,,,,0.0,1.0,
1988-07-19,,,,,0.0,1.0,
1988-07-20,,,,,0.0,1.0,
1988-07-21,,,,,0.0,1.0,
1988-07-22,,,,,0.0,1.0,
1988-07-25,,,,,0.0,1.0,
1988-07-26,,,,,0.0,1.0,
1988-07-27,,,,,0.0,1.0,
1988-07-28,,,,,0.0,1.0,
1988-07-29,,,,,0.0,1.0,
1988-08-01,,,,,0.0,1.0,
1988-08-02,,,,,0.0,1.0,
1988-08-03,,,,,0.0,1.0,
1988-08-04,,,,,0.0,1.0,
1988-08-05,,,,,0.0,1.0,
1988-08-08,,,,,0.0,1.0,
1988-08-09,,,,,0.0,1.0,
1988-08-10,,,,,0.0,1.0,
1988-08-11,,,,,0.0,1.0,
1988-08-12,,,,,0.0,1.0,
1988-08-15,,,,,0.0,1.0,
1988-08-16,,,,,0.0,1.0,
1988-08-17,,,,,0.0,1.0,
1988-08-18,,,,,0.0,1.0,
1988-08-19,,,,,0.0,1.0,
1988-08-22,,,,,0.0,1.0,
1988-08-23,,,,,0.0,1.0,
1988-08-24,,,,,0.0,1.0,
1988-08-25,,,,,0.0,1.0,
1988-08-26,,,,,0.0,1.0,
1988-08-29,,,,,0.0,1.0,
1988-08-30,,,,,0.0,1.0,
1988-08-31,,,,,0.0,1.0,
1988-09-01,,,,,0.0,1.0,
1988-09-02,,,,,0.0,1.0,
1988-09-05,,,,,0.0,1.0,
1988-09-06,,,,,0.0,1.0,
1988-09-07,,,,,0.0,1.0,
1988-09-08,,,,,0.0,1.0,
1988-09-09,,,,,0.0,1.0,
1988-09-12,,,,,0.0,1.0,
1988-09-13,,,,,0.0,1.0,
1988-09-14,,,,,0.0,1.0,
1988-09-15,,,,,0.0,1.0,
1988-09-16,,,,,0.0,1.0,
1988-09-19,,,,,0.0,1.0,
1988-09-20,,,,,0.0,1.0,
1988-09-21,,,,,0.0,1.0,
1988-09-22,,,,,0.0,1.0,
1988-09-23,,,,,0.0,1.0,
1988-09-26,,,,,0.0,1.0,
1988-09-27,,,,,0.0,1.0,
1988-09-28,,,,,0.0,1.0,
1988-09-29,,,,,0.0,1.0,
1988-09-30,,,,,0.0,1.0,
1988-10-03,,,,,0.0,1.0,
1988-10-04,,,,,0.0,1.0,
1988-10-05,,,,,0.0,1.0,
1988-10-06,,,,,0.0,1.0,
1988-10-07,,,,,0.0,1.0,
1988-10-10,,,,,0.0,1.0,
1988-10-11,,,,,0.0,1.0,
1988-10-12,,,,,0.0,1.0,
1988-10-13,,,,,0.0,1.0,
1988-10-14,,,,,0.0,1.0,
1988-10-17,,,,,0.0,1.0,
1988-10-18,,,,,0.0,1.0,
1988-10-19,,,,,0.0,1.0,
1988-10-20,,,,,0.0,1.0,
1988-10-21,,,,,0.0,1.0,
1988-10-24,,,,,0.0,1.0,
1988-10-25,,,,,0.0,1.0,
1988-10-26,,,,,0.0,1.0,
1988-10-27,,,,,0.0,1.0,
1988-10-28,,,,,0.0,1.0,
1988-10-31,,,,,0.0,1.0,
1988-11-01,,,,,0.0,1.0,
1988-11-02,,,,,0.0,1.0,
1988-11-03,,,,,0.0,1.0,
1988-11-04,,,,,0.0,1.0,
1988-11-07,,,,,0.0,1.0,
1988-11-08,,,,,0.0,1.0,
1988-11-09,,,,,0.0,1.0,
1988-11-10,,,,,0.0,1.0,
1988-11-11,,,,,0.0,1.0,
1988-11-14,,,,,0.0,1.0,
1988-11-15,,,,,0.0,1.0,
1988-11-16,,,,,0.0,1.0,
1988-11-17,,,,,0.0,1.0,
1988-11-18,,,,,0.0,1.0,
1988-11-21,,,,,0.0,1.0,
1988-11-22,,,,,0.0,1.0,
1988-11-23,,,,,0.0,1.0,
1988-11-24,,,,,0.0,1.0,
1988-11-25,,,,,0.0,1.0,
1988-11-28,,,,,0.0,1.0,
1988-11-29,,,,,0.0,1.0,
1988-11-30,,,,,0.0,1.0,
1988-12-01,,,,,0.0,1.0,
1988-12-02,,,,,0.0,1.0,
1988-12-05,,,,,0.0,1.0,
1988-12-06,,,,,0.0,1.0,
1988-12-07,,,,,0.0,1.0,
1988-12-08,,,,,0.0,1.0,
1988-12-09,,,,,0.0,1.0,
1988-12-12,,,,,0.0,1.0,
1988-12-13,,,,,0.0,1.0,
1988-12-14,,,,,0.0,1.0,
1988-12-15,,,,,0.0,1.0,
1988-12-16,,,,,0.0,1.0,
1988-12-19,,,,,0.0,1.0,
1988-12-20,,,,,0.0,1.0,
1988-12-21,,,,,0.0,1.0,
1988-12-22,,,,,0.0,1.0,
1988-12-23,,,,,0.0,1.0,
1988-12-26,,,,,0.0,1.0,
1988-12-27,,,,,0.0,1.0,
1988-12-28,,,,,0.0,1.0,
1988-12-29,,,,,0.0,1.0,
1988-12-30,,,,,0.0,1.0,
1989-01-02,,,,,0.0,1.0,
1989-01-03,,,,,0.0,1.0,
1989-01-04,,,,,0.0,1.0,
1989-01-05,,,,,0.0,1.0,
1989-01-06,,,,,0.0,1.0,
1989-01-09,,,,,0.0,1.0,
1989-01-10,,,,,0.0,1.0,
1989-01-11,,,,,0.0,1.0,
1989-01-12,,,,,0.0,1.0,
1989-01-13,,,,,0.0,1.0,
1989-01-16,,,,,0.0,1.0,
1989-01-17,,,,,0.0,1.0,
1989-01-18,,,,,0.0,1.0,
1989-01-19,,,,,0.0,1.0,
1989-01-20,,,,,0.0,1.0,
1989-01-23,,,,,0.0,1.0,
1989-01-24,,,,,0.0,1.0,
1989-01-25,,,,,0.0,1.0,
1989-01-26,,,,,0.0,1.0,
1989-01-27,,,,,0.0,1.0,
1989-01-30,,,,,0.0,1.0,
1989-01-31,,,,,0.0,1.0,
1989-02-01,,,,,0.0,1.0,
1989-02-02,,,,,0.0,1.0,
1989-02-03,,,,,0.0,1.0,
1989-02-06,,,,,0.0,1.0,
1989-02-07,,,,,0.0,1.0,
1989-02-08,,,,,0.0,1.0,
1989-02-09,,,,,0.0,1.0,
1989-02-10,,,,,0.0,1.0,
1989-02-13,,,,,0.0,1.0,
1989-02-14,,,,,0.0,1.0,
1989-02-15,,,,,0.0,1.0,
1989-02-16,,,,,0.0,1.0,
1989-02-17,,,,,0.0,1.0,
1989-02-20,,,,,0.0,1.0,
1989-02-21,,,,,0.0,1.0,
1989-02-22,,,,,0.0,1.0,
1989-02-23,,,,,0.0,1.0,
1989-02-24,,,,,0.0,1.0,
1989-02-27,,,,,0.0,1.0,
1989-02-28,,,,,0.0,1.0,
1989-03-01,,,,,0.0,1.0,
1989-03-02,,,,,0.0,1.0,
1989-03-03,,,,,0.0,1.0,
1989-03-06,,,,,0.0,1.0,
1989-03-07,,,,,0.0,1.0,
1989-03-08,,,,,0.0,1.0,
1989-03-09,,,,,0.0,1.0,
1989-03-10,,,,,0.0,1.0,
1989-03-13,,,,,0.0,1.0,
1989-03-14,,,,,0.0,1.0,
1989-03-15,,,,,0.0,1.0,
1989-03-16,,,,,0.0,1.0,
1989-03-17,,,,,0.0,1.0,
1989-03-20,,,,,0.0,1.0,
1989-03-21,,,,,0.0,1.0,
1989-03-22,,,,,0.0,1.0,
1989-03-23,,,,,0.0,1.0,
1989-03-24,,,,,0.0,1.0,
1989-03-27,,,,,0.0,1.0,
1989-03-28,,,,,0.0,1.0,
1989-03-29,,,,,0.0,1.0,
1989-03-30,,,,,0.0,1.0,
1989-03-31,,,,,0.0,1.0,
1989-04-03,,,,,0.0,1.0,
1989-04-04,,,,,0.0,1.0,
1989-04-05,,,,,0.0,1.0,
1989-04-06,,,,,0.0,1.0,
1989-04-07,,,,,0.0,1.0,
1989-04-10,,,,,0.0,1.0,
1989-04-11,,,,,0.0,1.0,
1989-04-12,,,,,0.0,1.0,
1989-04-13,,,,,0.0,1.0,
1989-04-14,,,,,0.0,1.0,
1989-04-17,,,,,0.0,1.0,
1989-04-18,,,,,0.0,1.0,
1989-04-19,,,,,0.0,1.0,
1989-04-20,,,,,0.0,1.0,
1989-04-21,,,,,0.0,1.0,
1989-04-24,,,,,0.0,1.0,
1989-04-25,,,,,0.0,1.0,
1989-04-26,,,,,0.0,1.0,
1989-04-27,,,,,0.0,1.0,
1989-04-28,,,,,0.0,1.0,
1989-05-01,,,,,0.0,1.0,
1989-05-02,,,,,0.0,1.0,
1989-05-03,,,,,0.0,1.0,
1989-05-04,,,,,0.0,1.0,
1989-05-05,,,,,0.0,1.0,
1989-05-08,,,,,0.0,1.0,
1989-05-09,,,,,0.0,1.0,
1989-05-10,,,,,0.0,1.0,
1989-05-11,,,,,0.0,1.0,
1989-05-12,,,,,0.0,1.0,
1989-05-15,,,,,0.0,1.0,
1989-05-16,,,,,0.0,1.0,
1989-05-17,,,,,0.0,1.0,
1989-05-18,,,,,0.0,1.0,
1989-05-19,,,,,0.0,1.0,
1989-05-22,,,,,0.0,1.0,
1989-05-23,,,,,0.0,1.0,
1989-05-24,,,,,0.0,1.0,
1989-05-25,,,,,0.0,1.0,
1989-05-26,,,,,0.0,1.0,
1989-05-29,,,,,0.0,1.0,
1989-05-30,,,,,0.0,1.0,
1989-05-31,,,,,0.0,1.0,
1989-06-01,,,,,0.0,1.0,
1989-06-02,,,,,0.0,1.0,
1989-06-05,,,,,0.0,1.0,
1989-06-06,,,,,0.0,1.0,
1989-06-07,,,,,0.0,1.0,
1989-06-08,,,,,0.0,1.0,
1989-06-09,,,,,0.0,1.0,
1989-06-12,,,,,0.0,1.0,
1989-06-13,,,,,0.0,1.0,
1989-06-14,,,,,0.0,1.0,
1989-06-15,,,,,0.0,1.0,
1989-06-16,,,,,0.0,1.0,
1989-06-19,,,,,0.0,1.0,
1989-06-20,,,,,0.0,1.0,
1989-06-21,,,,,0.0,1.0,
1989-06-22,,,,,0.0,1.0,
1989-06-23,,,,,0.0,1.0,
1989-06-26,,,,,0.0,1.0,
1989-06-27,,,,,0.0,1.0,
1989-06-28,,,,,0.0,1.0,
1989-06-29,,,,,0.0,1.0,
1989-06-30,,,,,0.0,1.0,
1989-07-03,,,,,0.0,1.0,
1989-07-04,,,,,0.0,1.0,
1989-07-05,,,,,0.0,1.0,
1989-07-06,,,,,0.0,1.0,
1989-07-07,,,,,0.0,1.0,
1989-07-10,,,,,0.0,1.0,
1989-07-11,,,,,0.0,1.0,
1989-07-12,,,,,0.0,1.0,
1989-07-13,,,,,0.0,1.0,
1989-07-14,,,,,0.0,1.0,
1989-07-17,,,,,0.0,1.0,
1989-07-18,,,,,0.0,1.0,
1989-07-19,,,,,0.0,1.0,
1989-07-20,,,,,0.0,1.0,
1989-07-21,,,,,0.0,1.0,
1989-07-24,,,,,0.0,1.0,
1989-07-25,,,,,0.0,1.0,
1989-07-26,,,,,0.0,1.0,
1989-07-27,,,,,0.0,1.0,
1989-07-28,,,,,0.0,1.0,
1989-07-31,,,,,0.0,1.0,
1989-08-01,,,,,0.0,1.0,
1989-08-02,,,,,0.0,1.0,
1989-08-03,,,,,0.0,1.0,
1989-08-04,,,,,0.0,1.0,
1989-08-07,,,,,0.0,1.0,
1989-08-08,,,,,0.0,1.0,
1989-08-09,,,,,0.0,1.0,
1989-08-10,,,,,0.0,1.0,
1989-08-11,,,,,0.0,1.0,
1989-08-14,,,,,0.0,1.0,
1989-08-15,,,,,0.0,1.0,
1989-08-16,,,,,0.0,1.0,
1989-08-17,,,,,0.0,1.0,
1989-08-18,,,,,0.0,1.0,
1989-08-21,,,,,0.0,1.0,
1989-08-22,,,,,0.0,1.0,
1989-08-23,,,,,0.0,1.0,
1989-08-24,,,,,0.0,1.0,
1989-08-25,,,,,0.0,1.0,
1989-08-28,,,,,0.0,1.0,
1989-08-29,,,,,0.0,1.0,
1989-08-30,,,,,0.0,1.0,
1989-08-31,,,,,0.0,1.0,
1989-09-01,,,,,0.0,1.0,
1989-09-04,,,,,0.0,1.0,
1989-09-05,,,,,0.0,1.0,
1989-09-06,,,,,0.0,1.0,
1989-09-07,,,,,0.0,1.0,
1989-09-08,,,,,0.0,1.0,
1989-09-11,,,,,0.0,1.0,
1989-09-12,,,,,0.0,1.0,
1989-09-13,,,,,0.0,1.0,
1989-09-14,,,,,0.0,1.0,
1989-09-15,,,,,0.0,1.0,
1989-09-18,,,,,0.0,1.0,
1989-09-19,,,,,0.0,1.0,
1989-09-20,,,,,0.0,1.0,
1989-09-21,,,,,0.0,1.0,
1989-09-22,,,,,0.0,1.0,
1989-09-25,,,,,0.0,1.0,
1989-09-26,,,,,0.0,1.0,
1989-09-27,,,,,0.0,1.0,
1989-09-28,,,,,0.0,1.0,
1989-09-29,,,,,0.0,1.0,
1989-10-02,,,,,0.0,1.0,
1989-10-03,,,,,0.0,1.0,
1989-10-04,,,,,0.0,1.0,
1989-10-05,,,,,0.0,1.0,
1989-10-06,,,,,0.0,1.0,
1989-10-09,,,,,0.0,1.0,
1989-10-10,,,,,0.0,1.0,
1989-10-11,,,,,0.0,1.0,
1989-10-12,,,,,0.0,1.0,
1989-10-13,,,,,0.0,1.0,
1989-10-16,,,,,0.0,1.0,
1989-10-17,,,,,0.0,1.0,
1989-10-18,,,,,0.0,1.0,
1989-10-19,,,,,0.0,1.0,
1989-10-20,,,,,0.0,1.0,
1989-10-23,,,,,0.0,1.0,
1989-10-24,,,,,0.0,1.0,
1989-10-25,,,,,0.0,1.0,
1989-10-26,,,,,0.0,1.0,
1989-10-27,,,,,0.0,1.0,
1989-10-30,,,,,0.0,1.0,
1989-10-31,,,,,0.0,1.0,
1989-11-01,,,,,0.0,1.0,
1989-11-02,,,,,0.0,1.0,
1989-11-03,,,,,0.0,1.0,
1989-11-06,,,,,0.0,1.0,
1989-11-07,,,,,0.0,1.0,
1989-11-08,,,,,0.0,1.0,
1989-11-09,,,,,0.0,1.0,
1989-11-10,,,,,0.0,1.0,
1989-11-13,,,,,0.0,1.0,
1989-11-14,,,,,0.0,1.0,
1989-11-15,,,,,0.0,1.0,
1989-11-16,,,,,0.0,1.0,
1989-11-17,,,,,0.0,1.0,
1989-11-20,,,,,0.0,1.0,
1989-11-21,,,,,0.0,1.0,
1989-11-22,,,,,0.0,1.0,
1989-11-23,,,,,0.0,1.0,
1989-11-24,,,,,0.0,1.0,
1989-11-27,,,,,0.0,1.0,
1989-11-28,,,,,0.0,1.0,
1989-11-29,,,,,0.0,1.0,
1989-11-30,,,,,0.0,1.0,
1989-12-01,,,,,0.0,1.0,
1989-12-04,,,,,0.0,1.0,
1989-12-05,,,,,0.0,1.0,
1989-12-06,,,,,0.0,1.0,
1989-12-07,,,,,0.0,1.0,
1989-12-08,,,,,0.0,1.0,
1989-12-11,,,,,0.0,1.0,
1989-12-12,,,,,0.0,1.0,
1989-12-13,,,,,0.0,1.0,
1989-12-14,,,,,0.0,1.0,
1989-12-15,,,,,0.0,1.0,
1989-12-18,,,,,0.0,1.0,
1989-12-19,,,,,0.0,1.0,
1989-12-20,,,,,0.0,1.0,
1989-12-21,,,,,0.0,1.0,
1989-12-22,,,,,0.0,1.0,
1989-12-25,,,,,0.0,1.0,
1989-12-26,,,,,0.0,1.0,
1989-12-27,,,,,0.0,1.0,
1989-12-28,,,,,0.0,1.0,
1989-12-29,,,,,0.0,1.0,
1990-01-01,,,,,0.0,1.0,
1990-01-02,,,,,0.0,1.0,
1990-01-03,,,,,0.0,1.0,
1990-01-04,,,,,0.0,1.0,
1990-01-05,,,,,0.0,1.0,
1990-01-08,,,,,0.0,1.0,
1990-01-09,,,,,0.0,1.0,
1990-01-10,,,,,0.0,1.0,
1990-01-11,,,,,0.0,1.0,
1990-01-12,,,,,0.0,1.0,
1990-01-15,,,,,0.0,1.0,
1990-01-16,,,,,0.0,1.0,
1990-01-17,,,,,0.0,1.0,
1990-01-18,,,,,0.0,1.0,
1990-01-19,,,,,0.0,1.0,
1990-01-22,,,,,0.0,1.0,
1990-01-23,,,,,0.0,1.0,
1990-01-24,,,,,0.0,1.0,
1990-01-25,,,,,0.0,1.0,
1990-01-26,,,,,0.0,1.0,
1990-01-29,,,,,0.0,1.0,
1990-01-30,,,,,0.0,1.0,
1990-01-31,,,,,0.0,1.0,
1990-02-01,,,,,0.0,1.0,
1990-02-02,,,,,0.0,1.0,
1990-02-05,,,,,0.0,1.0,
1990-02-06,,,,,0.0,1.0,
1990-02-07,,,,,0.0,1.0,
1990-02-08,,,,,0.0,1.0,
1990-02-09,,,,,0.0,1.0,
1990-02-12,,,,,0.0,1.0,
1990-02-13,,,,,0.0,1.0,
1990-02-14,,,,,0.0,1.0,
1990-02-15,,,,,0.0,1.0,
1990-02-16,,,,,0.0,1.0,
1990-02-19,,,,,0.0,1.0,
1990-02-20,,,,,0.0,1.0,
1990-02-21,,,,,0.0,1.0,
1990-02-22,,,,,0.0,1.0,
1990-02-23,,,,,0.0,1.0,
1990-02-26,,,,,0.0,1.0,
1990-02-27,,,,,0.0,1.0,
1990-02-28,,,,,0.0,1.0,
1990-03-01,,,,,0.0,1.0,
1990-03-02,,,,,0.0,1.0,
1990-03-05,,,,,0.0,1.0,
1990-03-06,,,,,0.0,1.0,
1990-03-07,,,,,0.0,1.0,
1990-03-08,,,,,0.0,1.0,
1990-03-09,,,,,0.0,1.0,
1990-03-12,,,,,0.0,1.0,
1990-03-13,,,,,0.0,1.0,
1990-03-14,,,,,0.0,1.0,
1990-03-15,,,,,0.0,1.0,
1990-03-16,,,,,0.0,1.0,
1990-03-19,,,,,0.0,1.0,
1990-03-20,,,,,0.0,1.0,
1990-03-21,,,,,0.0,1.0,
1990-03-22,,,,,0.0,1.0,
1990-03-23,,,,,0.0,1.0,
1990-03-26,,,,,0.0,1.0,
1990-03-27,,,,,0.0,1.0,
1990-03-28,,,,,0.0,1.0,
1990-03-29,,,,,0.0,1.0,
1990-03-30,,,,,0.0,1.0,
1990-04-02,,,,,0.0,1.0,
1990-04-03,,,,,0.0,1.0,
1990-04-04,,,,,0.0,1.0,
1990-04-05,,,,,0.0,1.0,
1990-04-06,,,,,0.0,1.0,
1990-04-09,,,,,0.0,1.0,
1990-04-10,,,,,0.0,1.0,
1990-04-11,,,,,0.0,1.0,
1990-04-12,,,,,0.0,1.0,
1990-04-13,,,,,0.0,1.0,
1990-04-16,,,,,0.0,1.0,
1990-04-17,,,,,0.0,1.0,
1990-04-18,,,,,0.0,1.0,
1990-04-19,,,,,0.0,1.0,
1990-04-20,,,,,0.0,1.0,
1990-04-23,,,,,0.0,1.0,
1990-04-24,,,,,0.0,1.0,
1990-04-25,,,,,0.0,1.0,
1990-04-26,,,,,0.0,1.0,
1990-04-27,,,,,0.0,1.0,
1990-04-30,,,,,0.0,1.0,
1990-05-01,,,,,0.0,1.0,
1990-05-02,,,,,0.0,1.0,
1990-05-03,,,,,0.0,1.0,
1990-05-04,,,,,0.0,1.0,
1990-05-07,,,,,0.0,1.0,
1990-05-08,,,,,0.0,1.0,
1990-05-09,,,,,0.0,1.0,
1990-05-10,,,,,0.0,1.0,
1990-05-11,,,,,0.0,1.0,
1990-05-14,,,,,0.0,1.0,
1990-05-15,,,,,0.0,1.0,
1990-05-16,,,,,0.0,1.0,
1990-05-17,,,,,0.0,1.0,
1990-05-18,,,,,0.0,1.0,
1990-05-21,,,,,0.0,1.0,
1990-05-22,,,,,0.0,1.0,
1990-05-23,,,,,0.0,1.0,
1990-05-24,,,,,0.0,1.0,
1990-05-25,,,,,0.0,1.0,
1990-05-28,,,,,0.0,1.0,
1990-05-29,,,,,0.0,1.0,
1990-05-30,,,,,0.0,1.0,
1990-05-31,,,,,0.0,1.0,
1990-06-01,,,,,0.0,1.0,
1990-06-04,,,,,0.0,1.0,
1990-06-05,,,,,0.0,1.0,
1990-06-06,,,,,0.0,1.0,
1990-06-07,,,,,0.0,1.0,
1990-06-08,,,,,0.0,1.0,
1990-06-11,,,,,0.0,1.0,
1990-06-12,,,,,0.0,1.0,
1990-06-13,,,,,0.0,1.0,
1990-06-14,,,,,0.0,1.0,
1990-06-15,,,,,0.0,1.0,
1990-06-18,,,,,0.0,1.0,
1990-06-19,,,,,0.0,1.0,
1990-06-20,,,,,0.0,1.0,
1990-06-21,,,,,0.0,1.0,
1990-06-22,,,,,0.0,1.0,
1990-06-25,,,,,0.0,1.0,
1990-06-26,,,,,0.0,1.0,
1990-06-27,,,,,0.0,1.0,
1990-06-28,,,,,0.0,1.0,
1990-06-29,,,,,0.0,1.0,
1990-07-02,,,,,0.0,1.0,
1990-07-03,,,,,0.0,1.0,
1990-07-04,,,,,0.0,1.0,
1990-07-05,,,,,0.0,1.0,
1990-07-06,,,,,0.0,1.0,
1990-07-09,,,,,0.0,1.0,
1990-07-10,,,,,0.0,1.0,
1990-07-11,,,,,0.0,1.0,
1990-07-12,,,,,0.0,1.0,
1990-07-13,,,,,0.0,1.0,
1990-07-16,,,,,0.0,1.0,
1990-07-17,,,,,0.0,1.0,
1990-07-18,,,,,0.0,1.0,
1990-07-19,,,,,0.0,1.0,
1990-07-20,,,,,0.0,1.0,
1990-07-23,,,,,0.0,1.0,
1990-07-24,,,,,0.0,1.0,
1990-07-25,,,,,0.0,1.0,
1990-07-26,,,,,0.0,1.0,
1990-07-27,,,,,0.0,1.0,
1990-07-30,,,,,0.0,1.0,
1990-07-31,,,,,0.0,1.0,
1990-08-01,,,,,0.0,1.0,
1990-08-02,,,,,0.0,1.0,
1990-08-03,,,,,0.0,1.0,
1990-08-06,,,,,0.0,1.0,
1990-08-07,,,,,0.0,1.0,
1990-08-08,,,,,0.0,1.0,
1990-08-09,,,,,0.0,1.0,
1990-08-10,,,,,0.0,1.0,
1990-08-13,,,,,0.0,1.0,
1990-08-14,,,,,0.0,1.0,
1990-08-15,,,,,0.0,1.0,
1990-08-16,,,,,0.0,1.0,
1990-08-17,,,,,0.0,1.0,
1990-08-20,,,,,0.0,1.0,
1990-08-21,,,,,0.0,1.0,
1990-08-22,,,,,0.0,1.0,
1990-08-23,,,,,0.0,1.0,
1990-08-24,,,,,0.0,1.0,
1990-08-27,,,,,0.0,1.0,
1990-08-28,,,,,0.0,1.0,
1990-08-29,,,,,0.0,1.0,
1990-08-30,,,,,0.0,1.0,
1990-08-31,,,,,0.0,1.0,
1990-09-03,,,,,0.0,1.0,
1990-09-04,,,,,0.0,1.0,
1990-09-05,,,,,0.0,1.0,
1990-09-06,,,,,0.0,1.0,
1990-09-07,,,,,0.0,1.0,
1990-09-10,,,,,0.0,1.0,
1990-09-11,,,,,0.0,1.0,
1990-09-12,,,,,0.0,1.0,
1990-09-13,,,,,0.0,1.0,
1990-09-14,,,,,0.0,1.0,
1990-09-17,,,,,0.0,1.0,
1990-09-18,,,,,0.0,1.0,
1990-09-19,,,,,0.0,1.0,
1990-09-20,,,,,0.0,1.0,
1990-09-21,,,,,0.0,1.0,
1990-09-24,,,,,0.0,1.0,
1990-09-25,,,,,0.0,1.0,
1990-09-26,,,,,0.0,1.0,
1990-09-27,,,,,0.0,1.0,
1990-09-28,,,,,0.0,1.0,
1990-10-01,,,,,0.0,1.0,
1990-10-02,,,,,0.0,1.0,
1990-10-03,,,,,0.0,1.0,
1990-10-04,,,,,0.0,1.0,
1990-10-05,,,,,0.0,1.0,
1990-10-08,,,,,0.0,1.0,
1990-10-09,,,,,0.0,1.0,
1990-10-10,,,,,0.0,1.0,
1990-10-11,,,,,0.0,1.0,
1990-10-12,,,,,0.0,1.0,
1990-10-15,,,,,0.0,1.0,
1990-10-16,,,,,0.0,1.0,
1990-10-17,,,,,0.0,1.0,
1990-10-18,,,,,0.0,1.0,
1990-10-19,,,,,0.0,1.0,
1990-10-22,,,,,0.0,1.0,
1990-10-23,,,,,0.0,1.0,
1990-10-24,,,,,0.0,1.0,
1990-10-25,,,,,0.0,1.0,
1990-10-26,,,,,0.0,1.0,
1990-10-29,,,,,0.0,1.0,
1990-10-30,,,,,0.0,1.0,
1990-10-31,,,,,0.0,1.0,
1990-11-01,,,,,0.0,1.0,
1990-11-02,,,,,0.0,1.0,
1990-11-05,,,,,0.0,1.0,
1990-11-06,,,,,0.0,1.0,
1990-11-07,,,,,0.0,1.0,
1990-11-08,,,,,0.0,1.0,
1990-11-09,,,,,0.0,1.0,
1990-11-12,,,,,0.0,1.0,
1990-11-13,,,,,0.0,1.0,
1990-11-14,,,,,0.0,1.0,
1990-11-15,,,,,0.0,1.0,
1990-11-16,,,,,0.0,1.0,
1990-11-19,,,,,0.0,1.0,
1990-11-20,,,,,0.0,1.0,
1990-11-21,,,,,0.0,1.0,
1990-11-22,,,,,0.0,1.0,
1990-11-23,,,,,0.0,1.0,
1990-11-26,,,,,0.0,1.0,
1990-11-27,,,,,0.0,1.0,
1990-11-28,,,,,0.0,1.0,
1990-11-29,,,,,0.0,1.0,
1990-11-30,,,,,0.0,1.0,
1990-12-03,,,,,0.0,1.0,
1990-12-04,,,,,0.0,1.0,
1990-12-05,,,,,0.0,1.0,
1990-12-06,,,,,0.0,1.0,
1990-12-07,,,,,0.0,1.0,
1990-12-10,,,,,0.0,1.0,
1990-12-11,,,,,0.0,1.0,
1990-12-12,,,,,0.0,1.0,
1990-12-13,,,,,0.0,1.0,
1990-12-14,,,,,0.0,1.0,
1990-12-17,,,,,0.0,1.0,
1990-12-18,,,,,0.0,1.0,
1990-12-19,,,,,0.0,1.0,
1990-12-20,,,,,0.0,1.0,
1990-12-21,,,,,0.0,1.0,
1990-12-24,,,,,0.0,1.0,
1990-12-25,,,,,0.0,1.0,
1990-12-26,,,,,0.0,1.0,
1990-12-27,,,,,0.0,1.0,
1990-12-28,,,,,0.0,1.0,
1990-12-31,,,,,0.0,1.0,
1991-01-01,,,,,0.0,1.0,
1991-01-02,,,,,0.0,1.0,
1991-01-03,,,,,0.0,1.0,
1991-01-04,,,,,0.0,1.0,
1991-01-07,,,,,0.0,1.0,
1991-01-08,,,,,0.0,1.0,
1991-01-09,,,,,0.0,1.0,
1991-01-10,,,,,0.0,1.0,
1991-01-11,,,,,0.0,1.0,
1991-01-14,,,,,0.0,1.0,
1991-01-15,,,,,0.0,1.0,
1991-01-16,,,,,0.0,1.0,
1991-01-17,,,,,0.0,1.0,
1991-01-18,,,,,0.0,1.0,
1991-01-21,,,,,0.0,1.0,
1991-01-22,,,,,0.0,1.0,
1991-01-23,,,,,0.0,1.0,
1991-01-24,,,,,0.0,1.0,
1991-01-25,,,,,0.0,1.0,
1991-01-28,,,,,0.0,1.0,
1991-01-29,,,,,0.0,1.0,
1991-01-30,,,,,0.0,1.0,
1991-01-31,,,,,0.0,1.0,
1991-02-01,,,,,0.0,1.0,
1991-02-04,,,,,0.0,1.0,
1991-02-05,,,,,0.0,1.0,
1991-02-06,,,,,0.0,1.0,
1991-02-07,,,,,0.0,1.0,
1991-02-08,,,,,0.0,1.0,
1991-02-11,,,,,0.0,1.0,
1991-02-12,,,,,0.0,1.0,
1991-02-13,,,,,0.0,1.0,
1991-02-14,,,,,0.0,1.0,
1991-02-15,,,,,0.0,1.0,
1991-02-18,,,,,0.0,1.0,
1991-02-19,,,,,0.0,1.0,
1991-02-20,,,,,0.0,1.0,
1991-02-21,,,,,0.0,1.0,
1991-02-22,,,,,0.0,1.0,
1991-02-25,,,,,0.0,1.0,
1991-02-26,,,,,0.0,1.0,
1991-02-27,,,,,0.0,1.0,
1991-02-28,,,,,0.0,1.0,
1991-03-01,,,,,0.0,1.0,
1991-03-04,,,,,0.0,1.0,
1991-03-05,,,,,0.0,1.0,
1991-03-06,,,,,0.0,1.0,
1991-03-07,,,,,0.0,1.0,
1991-03-08,,,,,0.0,1.0,
1991-03-11,,,,,0.0,1.0,
1991-03-12,,,,,0.0,1.0,
1991-03-13,,,,,0.0,1.0,
1991-03-14,,,,,0.0,1.0,
1991-03-15,,,,,0.0,1.0,
1991-03-18,,,,,0.0,1.0,
1991-03-19,,,,,0.0,1.0,
1991-03-20,,,,,0.0,1.0,
1991-03-21,,,,,0.0,1.0,
1991-03-22,,,,,0.0,1.0,
1991-03-25,,,,,0.0,1.0,
1991-03-26,,,,,0.0,1.0,
1991-03-27,,,,,0.0,1.0,
1991-03-28,,,,,0.0,1.0,
1991-03-29,,,,,0.0,1.0,
1991-04-01,,,,,0.0,1.0,
1991-04-02,,,,,0.0,1.0,
1991-04-03,,,,,0.0,1.0,
1991-04-04,,,,,0.0,1.0,
1991-04-05,,,,,0.0,1.0,
1991-04-08,,,,,0.0,1.0,
1991-04-09,,,,,0.0,1.0,
1991-04-10,,,,,0.0,1.0,
1991-04-11,,,,,0.0,1.0,
1991-04-12,,,,,0.0,1.0,
1991-04-15,,,,,0.0,1.0,
1991-04-16,,,,,0.0,1.0,
1991-04-17,,,,,0.0,1.0,
1991-04-18,,,,,0.0,1.0,
1991-04-19,,,,,0.0,1.0,
1991-04-22,,,,,0.0,1.0,
1991-04-23,,,,,0.0,1.0,
1991-04-24,,,,,0.0,1.0,
1991-04-25,,,,,0.0,1.0,
1991-04-26,,,,,0.0,1.0,
1991-04-29,,,,,0.0,1.0,
1991-04-30,,,,,0.0,1.0,
1991-05-01,,,,,0.0,1.0,
1991-05-02,,,,,0.0,1.0,
1991-05-03,,,,,0.0,1.0,
1991-05-06,,,,,0.0,1.0,
1991-05-07,,,,,0.0,1.0,
1991-05-08,,,,,0.0,1.0,
1991-05-09,,,,,0.0,1.0,
1991-05-10,,,,,0.0,1.0,
1991-05-13,,,,,0.0,1.0,
1991-05-14,,,,,0.0,1.0,
1991-05-15,,,,,0.0,1.0,
1991-05-16,,,,,0.0,1.0,
1991-05-17,,,,,0.0,1.0,
1991-05-20,,,,,0.0,1.0,
1991-05-21,,,,,0.0,1.0,
1991-05-22,,,,,0.0,1.0,
1991-05-23,,,,,0.0,1.0,
1991-05-24,,,,,0.0,1.0,
1991-05-27,,,,,0.0,1.0,
1991-05-28,,,,,0.0,1.0,
1991-05-29,,,,,0.0,1.0,
1991-05-30,,,,,0.0,1.0,
1991-05-31,,,,,0.0,1.0,
1991-06-03,,,,,0.0,1.0,
1991-06-04,,,,,0.0,1.0,
1991-06-05,,,,,0.0,1.0,
1991-06-06,,,,,0.0,1.0,
1991-06-07,,,,,0.0,1.0,
1991-06-10,,,,,0.0,1.0,
1991-06-11,,,,,0.0,1.0,
1991-06-12,,,,,0.0,1.0,
1991-06-13,,,,,0.0,1.0,
1991-06-14,,,,,0.0,1.0,
1991-06-17,,,,,0.0,1.0,
1991-06-18,,,,,0.0,1.0,
1991-06-19,,,,,0.0,1.0,
1991-06-20,,,,,0.0,1.0,
1991-06-21,,,,,0.0,1.0,
1991-06-24,,,,,0.0,1.0,
1991-06-25,,,,,0.0,1.0,
1991-06-26,,,,,0.0,1.0,
1991-06-27,,,,,0.0,1.0,
1991-06-28,,,,,0.0,1.0,
1991-07-01,,,,,0.0,1.0,
1991-07-02,,,,,0.0,1.0,
1991-07-03,,,,,0.0,1.0,
1991-07-04,,,,,0.0,1.0,
1991-07-05,,,,,0.0,1.0,
1991-07-08,,,,,0.0,1.0,
1991-07-09,,,,,0.0,1.0,
1991-07-10,,,,,0.0,1.0,
1991-07-11,,,,,0.0,1.0,
1991-07-12,,,,,0.0,1.0,
1991-07-15,,,,,0.0,1.0,
1991-07-16,,,,,0.0,1.0,
1991-07-17,,,,,0.0,1.0,
1991-07-18,,,,,0.0,1.0,
1991-07-19,,,,,0.0,1.0,
1991-07-22,,,,,0.0,1.0,
1991-07-23,,,,,0.0,1.0,
1991-07-24,,,,,0.0,1.0,
1991-07-25,,,,,0.0,1.0,
1991-07-26,,,,,0.0,1.0,
1991-07-29,,,,,0.0,1.0,
1991-07-30,,,,,0.0,1.0,
1991-07-31,,,,,0.0,1.0,
1991-08-01,,,,,0.0,1.0,
1991-08-02,,,,,0.0,1.0,
1991-08-05,,,,,0.0,1.0,
1991-08-06,,,,,0.0,1.0,
1991-08-07,,,,,0.0,1.0,
1991-08-08,,,,,0.0,1.0,
1991-08-09,,,,,0.0,1.0,
1991-08-12,,,,,0.0,1.0,
1991-08-13,,,,,0.0,1.0,
1991-08-14,,,,,0.0,1.0,
1991-08-15,,,,,0.0,1.0,
1991-08-16,,,,,0.0,1.0,
1991-08-19,,,,,0.0,1.0,
1991-08-20,,,,,0.0,1.0,
1991-08-21,,,,,0.0,1.0,
1991-08-22,,,,,0.0,1.0,
1991-08-23,,,,,0.0,1.0,
1991-08-26,,,,,0.0,1.0,
1991-08-27,,,,,0.0,1.0,
1991-08-28,,,,,0.0,1.0,
1991-08-29,,,,,0.0,1.0,
1991-08-30,,,,,0.0,1.0,
1991-09-02,,,,,0.0,1.0,
1991-09-03,,,,,0.0,1.0,
1991-09-04,,,,,0.0,1.0,
1991-09-05,,,,,0.0,1.0,
1991-09-06,,,,,0.0,1.0,
1991-09-09,,,,,0.0,1.0,
1991-09-10,,,,,0.0,1.0,
1991-09-11,,,,,0.0,1.0,
1991-09-12,,,,,0.0,1.0,
1991-09-13,,,,,0.0,1.0,
1991-09-16,,,,,0.0,1.0,
1991-09-17,,,,,0.0,1.0,
1991-09-18,,,,,0.0,1.0,
1991-09-19,,,,,0.0,1.0,
1991-09-20,,,,,0.0,1.0,
1991-09-23,,,,,0.0,1.0,
1991-09-24,,,,,0.0,1.0,
1991-09-25,,,,,0.0,1.0,
1991-09-26,,,,,0.0,1.0,
1991-09-27,,,,,0.0,1.0,
1991-09-30,,,,,0.0,1.0,
1991-10-01,,,,,0.0,1.0,
1991-10-02,,,,,0.0,1.0,
1991-10-03,,,,,0.0,1.0,
1991-10-04,,,,,0.0,1.0,
1991-10-07,,,,,0.0,1.0,
1991-10-08,,,,,0.0,1.0,
1991-10-09,,,,,0.0,1.0,
1991-10-10,,,,,0.0,1.0,
1991-10-11,,,,,0.0,1.0,
1991-10-14,,,,,0.0,1.0,
1991-10-15,,,,,0.0,1.0,
1991-10-16,,,,,0.0,1.0,
1991-10-17,,,,,0.0,1.0,
1991-10-18,,,,,0.0,1.0,
1991-10-21,,,,,0.0,1.0,
1991-10-22,,,,,0.0,1.0,
1991-10-23,,,,,0.0,1.0,
1991-10-24,,,,,0.0,1.0,
1991-10-25,,,,,0.0,1.0,
1991-10-28,,,,,0.0,1.0,
1991-10-29,,,,,0.0,1.0,
1991-10-30,,,,,0.0,1.0,
1991-10-31,,,,,0.0,1.0,
1991-11-01,,,,,0.0,1.0,
1991-11-04,,,,,0.0,1.0,
1991-11-05,,,,,0.0,1.0,
1991-11-06,,,,,0.0,1.0,
1991-11-07,,,,,0.0,1.0,
1991-11-08,,,,,0.0,1.0,
1991-11-11,,,,,0.0,1.0,
1991-11-12,,,,,0.0,1.0,
1991-11-13,,,,,0.0,1.0,
1991-11-14,,,,,0.0,1.0,
1991-11-15,,,,,0.0,1.0,
1991-11-18,,,,,0.0,1.0,
1991-11-19,,,,,0.0,1.0,
1991-11-20,,,,,0.0,1.0,
1991-11-21,,,,,0.0,1.0,
1991-11-22,,,,,0.0,1.0,
1991-11-25,,,,,0.0,1.0,
1991-11-26,,,,,0.0,1.0,
1991-11-27,,,,,0.0,1.0,
1991-11-28,,,,,0.0,1.0,
1991-11-29,,,,,0.0,1.0,
1991-12-02,,,,,0.0,1.0,
1991-12-03,,,,,0.0,1.0,
1991-12-04,,,,,0.0,1.0,
1991-12-05,,,,,0.0,1.0,
1991-12-06,,,,,0.0,1.0,
1991-12-09,,,,,0.0,1.0,
1991-12-10,,,,,0.0,1.0,
1991-12-11,,,,,0.0,1.0,
1991-12-12,,,,,0.0,1.0,
1991-12-13,,,,,0.0,1.0,
1991-12-16,,,,,0.0,1.0,
1991-12-17,,,,,0.0,1.0,
1991-12-18,,,,,0.0,1.0,
1991-12-19,,,,,0.0,1.0,
1991-12-20,,,,,0.0,1.0,
1991-12-23,,,,,0.0,1.0,
1991-12-24,,,,,0.0,1.0,
1991-12-25,,,,,0.0,1.0,
1991-12-26,,,,,0.0,1.0,
1991-12-27,,,,,0.0,1.0,
1991-12-30,,,,,0.0,1.0,
1991-12-31,,,,,0.0,1.0,
1992-01-01,,,,,0.0,1.0,
1992-01-02,,,,,0.0,1.0,
1992-01-03,,,,,0.0,1.0,
1992-01-06,,,,,0.0,1.0,
1992-01-07,,,,,0.0,1.0,
1992-01-08,,,,,0.0,1.0,
1992-01-09,,,,,0.0,1.0,
1992-01-10,,,,,0.0,1.0,
1992-01-13,,,,,0.0,1.0,
1992-01-14,,,,,0.0,1.0,
1992-01-15,,,,,0.0,1.0,
1992-01-16,,,,,0.0,1.0,
1992-01-17,,,,,0.0,1.0,
1992-01-20,,,,,0.0,1.0,
1992-01-21,,,,,0.0,1.0,
1992-01-22,,,,,0.0,1.0,
1992-01-23,,,,,0.0,1.0,
1992-01-24,,,,,0.0,1.0,
1992-01-27,,,,,0.0,1.0,
1992-01-28,,,,,0.0,1.0,
1992-01-29,,,,,0.0,1.0,
1992-01-30,,,,,0.0,1.0,
1992-01-31,,,,,0.0,1.0,
1992-02-03,,,,,0.0,1.0,
1992-02-04,,,,,0.0,1.0,
1992-02-05,,,,,0.0,1.0,
1992-02-06,,,,,0.0,1.0,
1992-02-07,,,,,0.0,1.0,
1992-02-10,,,,,0.0,1.0,
1992-02-11,,,,,0.0,1.0,
1992-02-12,,,,,0.0,1.0,
1992-02-13,,,,,0.0,1.0,
1992-02-14,,,,,0.0,1.0,
1992-02-17,,,,,0.0,1.0,
1992-02-18,,,,,0.0,1.0,
1992-02-19,,,,,0.0,1.0,
1992-02-20,,,,,0.0,1.0,
1992-02-21,,,,,0.0,1.0,
1992-02-24,,,,,0.0,1.0,
1992-02-25,,,,,0.0,1.0,
1992-02-26,,,,,0.0,1.0,
1992-02-27,,,,,0.0,1.0,
1992-02-28,,,,,0.0,1.0,
1992-03-02,,,,,0.0,1.0,
1992-03-03,,,,,0.0,1.0,
1992-03-04,,,,,0.0,1.0,
1992-03-05,,,,,0.0,1.0,
1992-03-06,,,,,0.0,1.0,
1992-03-09,,,,,0.0,1.0,
1992-03-10,,,,,0.0,1.0,
1992-03-11,,,,,0.0,1.0,
1992-03-12,,,,,0.0,1.0,
1992-03-13,,,,,0.0,1.0,
1992-03-16,,,,,0.0,1.0,
1992-03-17,,,,,0.0,1.0,
1992-03-18,,,,,0.0,1.0,
1992-03-19,,,,,0.0,1.0,
1992-03-20,,,,,0.0,1.0,
1992-03-23,,,,,0.0,1.0,
1992-03-24,,,,,0.0,1.0,
1992-03-25,,,,,0.0,1.0,
1992-03-26,,,,,0.0,1.0,
1992-03-27,,,,,0.0,1.0,
1992-03-30,,,,,0.0,1.0,
1992-03-31,,,,,0.0,1.0,
1992-04-01,,,,,0.0,1.0,
1992-04-02,,,,,0.0,1.0,
1992-04-03,,,,,0.0,1.0,
1992-04-06,,,,,0.0,1.0,
1992-04-07,,,,,0.0,1.0,
1992-04-08,,,,,0.0,1.0,
1992-04-09,,,,,0.0,1.0,
1992-04-10,,,,,0.0,1.0,
1992-04-13,,,,,0.0,1.0,
1992-04-14,,,,,0.0,1.0,
1992-04-15,,,,,0.0,1.0,
1992-04-16,,,,,0.0,1.0,
1992-04-17,,,,,0.0,1.0,
1992-04-20,,,,,0.0,1.0,
1992-04-21,,,,,0.0,1.0,
1992-04-22,,,,,0.0,1.0,
1992-04-23,,,,,0.0,1.0,
1992-04-24,,,,,0.0,1.0,
1992-04-27,,,,,0.0,1.0,
1992-04-28,,,,,0.0,1.0,
1992-04-29,,,,,0.0,1.0,
1992-04-30,,,,,0.0,1.0,
1992-05-01,,,,,0.0,1.0,
1992-05-04,,,,,0.0,1.0,
1992-05-05,,,,,0.0,1.0,
1992-05-06,,,,,0.0,1.0,
1992-05-07,,,,,0.0,1.0,
1992-05-08,,,,,0.0,1.0,
1992-05-11,,,,,0.0,1.0,
1992-05-12,,,,,0.0,1.0,
1992-05-13,,,,,0.0,1.0,
1992-05-14,,,,,0.0,1.0,
1992-05-15,,,,,0.0,1.0,
1992-05-18,,,,,0.0,1.0,
1992-05-19,,,,,0.0,1.0,
1992-05-20,,,,,0.0,1.0,
1992-05-21,,,,,0.0,1.0,
1992-05-22,,,,,0.0,1.0,
1992-05-25,,,,,0.0,1.0,
1992-05-26,,,,,0.0,1.0,
1992-05-27,,,,,0.0,1.0,
1992-05-28,,,,,0.0,1.0,
1992-05-29,,,,,0.0,1.0,
1992-06-01,,,,,0.0,1.0,
1992-06-02,,,,,0.0,1.0,
1992-06-03,,,,,0.0,1.0,
1992-06-04,,,,,0.0,1.0,
1992-06-05,,,,,0.0,1.0,
1992-06-08,,,,,0.0,1.0,
1992-06-09,,,,,0.0,1.0,
1992-06-10,,,,,0.0,1.0,
1992-06-11,,,,,0.0,1.0,
1992-06-12,,,,,0.0,1.0,
1992-06-15,,,,,0.0,1.0,
1992-06-16,,,,,0.0,1.0,
1992-06-17,,,,,0.0,1.0,
1992-06-18,,,,,0.0,1.0,
1992-06-19,,,,,0.0,1.0,
1992-06-22,,,,,0.0,1.0,
1992-06-23,,,,,0.0,1.0,
1992-06-24,,,,,0.0,1.0,
1992-06-25,,,,,0.0,1.0,
1992-06-26,,,,,0.0,1.0,
1992-06-29,,,,,0.0,1.0,
1992-06-30,,,,,0.0,1.0,
1992-07-01,,,,,0.0,1.0,
1992-07-02,,,,,0.0,1.0,
1992-07-03,,,,,0.0,1.0,
1992-07-06,,,,,0.0,1.0,
1992-07-07,,,,,0.0,1.0,
1992-07-08,,,,,0.0,1.0,
1992-07-09,,,,,0.0,1.0,
1992-07-10,,,,,0.0,1.0,
1992-07-13,,,,,0.0,1.0,
1992-07-14,,,,,0.0,1.0,
1992-07-15,,,,,0.0,1.0,
1992-07-16,,,,,0.0,1.0,
1992-07-17,,,,,0.0,1.0,
1992-07-20,,,,,0.0,1.0,
1992-07-21,,,,,0.0,1.0,
1992-07-22,,,,,0.0,1.0,
1992-07-23,,,,,0.0,1.0,
1992-07-24,,,,,0.0,1.0,
1992-07-27,,,,,0.0,1.0,
1992-07-28,,,,,0.0,1.0,
1992-07-29,,,,,0.0,1.0,
1992-07-30,,,,,0.0,1.0,
1992-07-31,,,,,0.0,1.0,
1992-08-03,,,,,0.0,1.0,
1992-08-04,,,,,0.0,1.0,
1992-08-05,,,,,0.0,1.0,
1992-08-06,,,,,0.0,1.0,
1992-08-07,,,,,0.0,1.0,
1992-08-10,,,,,0.0,1.0,
1992-08-11,,,,,0.0,1.0,
1992-08-12,,,,,0.0,1.0,
1992-08-13,,,,,0.0,1.0,
1992-08-14,,,,,0.0,1.0,
1992-08-17,,,,,0.0,1.0,
1992-08-18,,,,,0.0,1.0,
1992-08-19,,,,,0.0,1.0,
1992-08-20,,,,,0.0,1.0,
1992-08-21,,,,,0.0,1.0,
1992-08-24,,,,,0.0,1.0,
1992-08-25,,,,,0.0,1.0,
1992-08-26,,,,,0.0,1.0,
1992-08-27,,,,,0.0,1.0,
1992-08-28,,,,,0.0,1.0,
1992-08-31,,,,,0.0,1.0,
1992-09-01,,,,,0.0,1.0,
1992-09-02,,,,,0.0,1.0,
1992-09-03,,,,,0.0,1.0,
1992-09-04,,,,,0.0,1.0,
1992-09-07,,,,,0.0,1.0,
1992-09-08,,,,,0.0,1.0,
1992-09-09,,,,,0.0,1.0,
1992-09-10,,,,,0.0,1.0,
1992-09-11,,,,,0.0,1.0,
1992-09-14,,,,,0.0,1.0,
1992-09-15,,,,,0.0,1.0,
1992-09-16,,,,,0.0,1.0,
1992-09-17,,,,,0.0,1.0,
1992-09-18,,,,,0.0,1.0,
1992-09-21,,,,,0.0,1.0,
1992-09-22,,,,,0.0,1.0,
1992-09-23,,,,,0.0,1.0,
1992-09-24,,,,,0.0,1.0,
1992-09-25,,,,,0.0,1.0,
1992-09-28,,,,,0.0,1.0,
1992-09-29,,,,,0.0,1.0,
1992-09-30,,,,,0.0,1.0,
1992-10-01,,,,,0.0,1.0,
1992-10-02,,,,,0.0,1.0,
1992-10-03,,,,,0.0,1.0,
1992-10-05,,,,,0.0,1.0,
1992-10-06,,,,,0.0,1.0,
1992-10-07,,,,,0.0,1.0,
1992-10-08,,,,,0.0,1.0,
1992-10-09,,,,,0.0,1.0,
1992-10-10,,,,,0.0,1.0,
1992-10-12,,,,,0.0,1.0,
1992-10-13,,,,,0.0,1.0,
1992-10-14,,,,,0.0,1.0,
1992-10-15,,,,,0.0,1.0,
1992-10-16,,,,,0.0,1.0,
1992-10-19,,,,,0.0,1.0,
1992-10-20,,,,,0.0,1.0,
1992-10-21,,,,,0.0,1.0,
1992-10-22,,,,,0.0,1.0,
1992-10-23,,,,,0.0,1.0,
1992-10-26,,,,,0.0,1.0,
1992-10-27,,,,,0.0,1.0,
1992-10-28,,,,,0.0,1.0,
1992-10-29,,,,,0.0,1.0,
1992-10-30,,,,,0.0,1.0,
1992-11-02,,,,,0.0,1.0,
1992-11-03,,,,,0.0,1.0,
1992-11-04,,,,,0.0,1.0,
1992-11-05,,,,,0.0,1.0,
1992-11-06,,,,,0.0,1.0,
1992-11-07,,,,,0.0,1.0,
1992-11-08,,,,,0.0,1.0,
1992-11-09,,,,,0.0,1.0,
1992-11-10,,,,,0.0,1.0,
1992-11-11,,,,,0.0,1.0,
1992-11-12,,,,,0.0,1.0,
1992-11-13,,,,,0.0,1.0,
1992-11-14,,,,,0.0,1.0,
1992-11-16,,,,,0.0,1.0,
1992-11-17,,,,,0.0,1.0,
1992-11-18,,,,,0.0,1.0,
1992-11-19,,,,,0.0,1.0,
1992-11-20,,,,,0.0,1.0,
1992-11-23,,,,,0.0,1.0,
1992-11-24,,,,,0.0,1.0,
1992-11-25,,,,,0.0,1.0,
1992-11-26,,,,,0.0,1.0,
1992-11-27,,,,,0.0,1.0,
1992-11-28,,,,,0.0,1.0,
1992-11-30,,,,,0.0,1.0,
1992-12-01,,,,,0.0,1.0,
1992-12-02,,,,,0.0,1.0,
1992-12-03,,,,,0.0,1.0,
1992-12-04,,,,,0.0,1.0,
1992-12-07,,,,,0.0,1.0,
1992-12-08,,,,,0.0,1.0,
1992-12-09,,,,,0.0,1.0,
1992-12-10,,,,,0.0,1.0,
1992-12-11,,,,,0.0,1.0,
1992-12-14,,,,,0.0,1.0,
1992-12-15,,,,,0.0,1.0,
1992-12-16,,,,,0.0,1.0,
1992-12-17,,,,,0.0,1.0,
1992-12-18,,,,,0.0,1.0,
1992-12-21,,,,,0.0,1.0,
1992-12-22,,,,,0.0,1.0,
1992-12-23,,,,,0.0,1.0,
1992-12-24,,,,,0.0,1.0,
1992-12-25,,,,,0.0,1.0,
1992-12-28,,,,,0.0,1.0,
1992-12-29,,,,,0.0,1.0,
1992-12-30,,,,,0.0,1.0,
1992-12-31,,,,,0.0,1.0,
1993-01-01,,,,,0.0,1.0,
1993-01-04,,,,,0.0,1.0,
1993-01-05,,,,,0.0,1.0,
1993-01-06,,,,,0.0,1.0,
1993-01-07,,,,,0.0,1.0,
1993-01-08,,,,,0.0,1.0,
1993-01-11,,,,,0.0,1.0,
1993-01-12,,,,,0.0,1.0,
1993-01-13,,,,,0.0,1.0,
1993-01-14,,,,,0.0,1.0,
1993-01-15,,,,,0.0,1.0,
1993-01-18,,,,,0.0,1.0,
1993-01-19,,,,,0.0,1.0,
1993-01-20,,,,,0.0,1.0,
1993-01-21,,,,,0.0,1.0,
1993-01-22,,,,,0.0,1.0,
1993-01-25,,,,,0.0,1.0,
1993-01-26,,,,,0.0,1.0,
1993-01-27,,,,,0.0,1.0,
1993-01-28,,,,,0.0,1.0,
1993-01-29,,,,,0.0,1.0,
1993-02-01,,,,,0.0,1.0,
1993-02-02,,,,,0.0,1.0,
1993-02-03,,,,,0.0,1.0,
1993-02-04,,,,,0.0,1.0,
1993-02-05,,,,,0.0,1.0,
1993-02-08,,,,,0.0,1.0,
1993-02-09,,,,,0.0,1.0,
1993-02-10,,,,,0.0,1.0,
1993-02-11,,,,,0.0,1.0,
1993-02-12,,,,,0.0,1.0,
1993-02-15,,,,,0.0,1.0,
1993-02-16,,,,,0.0,1.0,
1993-02-17,,,,,0.0,1.0,
1993-02-18,,,,,0.0,1.0,
1993-02-19,,,,,0.0,1.0,
1993-02-22,,,,,0.0,1.0,
1993-02-23,,,,,0.0,1.0,
1993-02-24,,,,,0.0,1.0,
1993-02-25,,,,,0.0,1.0,
1993-02-26,,,,,0.0,1.0,
1993-03-01,,,,,0.0,1.0,
1993-03-02,,,,,0.0,1.0,
1993-03-03,,,,,0.0,1.0,
1993-03-04,,,,,0.0,1.0,
1993-03-05,,,,,0.0,1.0,
1993-03-08,,,,,0.0,1.0,
1993-03-09,,,,,0.0,1.0,
1993-03-10,,,,,0.0,1.0,
1993-03-11,,,,,0.0,1.0,
1993-03-12,,,,,0.0,1.0,
1993-03-15,,,,,0.0,1.0,
1993-03-16,,,,,0.0,1.0,
1993-03-17,,,,,0.0,1.0,
1993-03-18,,,,,0.0,1.0,
1993-03-19,,,,,0.0,1.0,
1993-03-22,,,,,0.0,1.0,
1993-03-23,,,,,0.0,1.0,
1993-03-24,,,,,0.0,1.0,
1993-03-25,,,,,0.0,1.0,
1993-03-26,,,,,0.0,1.0,
1993-03-29,,,,,0.0,1.0,
1993-03-30,,,,,0.0,1.0,
1993-03-31,,,,,0.0,1.0,
1993-04-01,,,,,0.0,1.0,
1993-04-02,,,,,0.0,1.0,
1993-04-05,,,,,0.0,1.0,
1993-04-06,,,,,0.0,1.0,
1993-04-07,,,,,0.0,1.0,
1993-04-08,,,,,0.0,1.0,
1993-04-13,,,,,0.0,1.0,
1993-04-14,,,,,0.0,1.0,
1993-04-15,,,,,0.0,1.0,
1993-04-16,,,,,0.0,1.0,
1993-04-19,,,,,0.0,1.0,
1993-04-20,,,,,0.0,1.0,
1993-04-21,,,,,0.0,1.0,
1993-04-22,,,,,0.0,1.0,
1993-04-23,,,,,0.0,1.0,
1993-04-26,,,,,0.0,1.0,
1993-04-27,,,,,0.0,1.0,
1993-04-28,,,,,0.0,1.0,
1993-04-29,,,,,0.0,1.0,
1993-04-30,,,,,0.0,1.0,
1993-05-03,,,,,0.0,1.0,
1993-05-04,,,,,0.0,1.0,
1993-05-05,,,,,0.0,1.0,
1993-05-06,,,,,0.0,1.0,
1993-05-07,,,,,0.0,1.0,
1993-05-10,,,,,0.0,1.0,
1993-05-11,,,,,0.0,1.0,
1993-05-12,,,,,0.0,1.0,
1993-05-13,,,,,0.0,1.0,
1993-05-14,,,,,0.0,1.0,
1993-05-17,,,,,0.0,1.0,
1993-05-18,,,,,0.0,1.0,
1993-05-19,,,,,0.0,1.0,
1993-05-20,,,,,0.0,1.0,
1993-05-21,,,,,0.0,1.0,
1993-05-24,,,,,0.0,1.0,
1993-05-25,,,,,0.0,1.0,
1993-05-26,,,,,0.0,1.0,
1993-05-27,,,,,0.0,1.0,
1993-05-28,,,,,0.0,1.0,
1993-06-01,,,,,0.0,1.0,
1993-06-02,,,,,0.0,1.0,
1993-06-03,,,,,0.0,1.0,
1993-06-04,,,,,0.0,1.0,
1993-06-07,,,,,0.0,1.0,
1993-06-08,,,,,0.0,1.0,
1993-06-09,,,,,0.0,1.0,
1993-06-10,,,,,0.0,1.0,
1993-06-11,,,,,0.0,1.0,
1993-06-14,,,,,0.0,1.0,
1993-06-15,,,,,0.0,1.0,
1993-06-16,,,,,0.0,1.0,
1993-06-17,,,,,0.0,1.0,
1993-06-18,,,,,0.0,1.0,
1993-06-21,,,,,0.0,1.0,
1993-06-22,,,,,0.0,1.0,
1993-06-23,,,,,0.0,1.0,
1993-06-24,,,,,0.0,1.0,
1993-06-25,,,,,0.0,1.0,
1993-06-28,,,,,0.0,1.0,
1993-06-29,,,,,0.0,1.0,
1993-06-30,,,,,0.0,1.0,
1993-07-01,,,,,0.0,1.0,
1993-07-02,,,,,0.0,1.0,
1993-07-05,,,,,0.0,1.0,
1993-07-06,,,,,0.0,1.0,
1993-07-07,,,,,0.0,1.0,
1993-07-08,,,,,0.0,1.0,
1993-07-09,,,,,0.0,1.0,
1993-07-12,,,,,0.0,1.0,
1993-07-13,,,,,0.0,1.0,
1993-07-14,,,,,0.0,1.0,
1993-07-15,,,,,0.0,1.0,
1993-07-16,,,,,0.0,1.0,
1993-07-19,,,,,0.0,1.0,
1993-07-20,,,,,0.0,1.0,
1993-07-21,,,,,0.0,1.0,
1993-07-22,,,,,0.0,1.0,
1993-07-23,,,,,0.0,1.0,
1993-07-26,,,,,0.0,1.0,
1993-07-27,,,,,0.0,1.0,
1993-07-28,,,,,0.0,1.0,
1993-07-29,,,,,0.0,1.0,
1993-07-30,,,,,0.0,1.0,
1993-08-02,,,,,0.0,1.0,
1993-08-03,,,,,0.0,1.0,
1993-08-04,,,,,0.0,1.0,
1993-08-05,,,,,0.0,1.0,
1993-08-06,,,,,0.0,1.0,
1993-08-09,,,,,0.0,1.0,
1993-08-10,,,,,0.0,1.0,
1993-08-11,,,,,0.0,1.0,
1993-08-12,,,,,0.0,1.0,
1993-08-13,,,,,0.0,1.0,
1993-08-16,,,,,0.0,1.0,
1993-08-17,,,,,0.0,1.0,
1993-08-18,,,,,0.0,1.0,
1993-08-19,,,,,0.0,1.0,
1993-08-20,,,,,0.0,1.0,
1993-08-23,,,,,0.0,1.0,
1993-08-24,,,,,0.0,1.0,
1993-08-25,,,,,0.0,1.0,
1993-08-26,,,,,0.0,1.0,
1993-08-27,,,,,0.0,1.0,
1993-08-30,,,,,0.0,1.0,
1993-08-31,,,,,0.0,1.0,
1993-09-01,,,,,0.0,1.0,
1993-09-02,,,,,0.0,1.0,
1993-09-03,,,,,0.0,1.0,
1993-09-06,,,,,0.0,1.0,
1993-09-07,,,,,0.0,1.0,
1993-09-08,,,,,0.0,1.0,
1993-09-09,,,,,0.0,1.0,
1993-09-10,,,,,0.0,1.0,
1993-09-13,,,,,0.0,1.0,
1993-09-14,,,,,0.0,1.0,
1993-09-15,,,,,0.0,1.0,
1993-09-16,,,,,0.0,1.0,
1993-09-17,,,,,0.0,1.0,
1993-09-20,,,,,0.0,1.0,
1993-09-21,,,,,0.0,1.0,
1993-09-22,,,,,0.0,1.0,
1993-09-23,,,,,0.0,1.0,
1993-09-24,,,,,0.0,1.0,
1993-09-27,,,,,0.0,1.0,
1993-09-28,,,,,0.0,1.0,
1993-09-29,,,,,0.0,1.0,
1993-09-30,,,,,0.0,1.0,
1993-10-01,,,,,0.0,1.0,
1993-10-04,,,,,0.0,1.0,
1993-10-05,,,,,0.0,1.0,
1993-10-06,,,,,0.0,1.0,
1993-10-07,,,,,0.0,1.0,
1993-10-08,,,,,0.0,1.0,
1993-10-11,,,,,0.0,1.0,
1993-10-12,,,,,0.0,1.0,
1993-10-13,,,,,0.0,1.0,
1993-10-14,,,,,0.0,1.0,
1993-10-15,,,,,0.0,1.0,
1993-10-18,,,,,0.0,1.0,
1993-10-19,,,,,0.0,1.0,
1993-10-20,,,,,0.0,1.0,
1993-10-21,,,,,0.0,1.0,
1993-10-22,,,,,0.0,1.0,
1993-10-25,,,,,0.0,1.0,
1993-10-26,,,,,0.0,1.0,
1993-10-27,,,,,0.0,1.0,
1993-10-28,,,,,0.0,1.0,
1993-10-29,,,,,0.0,1.0,
1993-11-01,,,,,0.0,1.0,
1993-11-02,,,,,0.0,1.0,
1993-11-03,,,,,0.0,1.0,
1993-11-04,,,,,0.0,1.0,
1993-11-05,,,,,0.0,1.0,
1993-11-08,,,,,0.0,1.0,
1993-11-09,,,,,0.0,1.0,
1993-11-10,,,,,0.0,1.0,
1993-11-11,,,,,0.0,1.0,
1993-11-12,,,,,0.0,1.0,
1993-11-15,,,,,0.0,1.0,
1993-11-16,,,,,0.0,1.0,
1993-11-17,,,,,0.0,1.0,
1993-11-18,,,,,0.0,1.0,
1993-11-19,,,,,0.0,1.0,
1993-11-22,,,,,0.0,1.0,
1993-11-23,,,,,0.0,1.0,
1993-11-24,,,,,0.0,1.0,
1993-11-25,,,,,0.0,1.0,
1993-11-26,,,,,0.0,1.0,
1993-11-29,,,,,0.0,1.0,
1993-11-30,,,,,0.0,1.0,
1993-12-01,,,,,0.0,1.0,
1993-12-02,,,,,0.0,1.0,
1993-12-03,,,,,0.0,1.0,
1993-12-06,,,,,0.0,1.0,
1993-12-07,,,,,0.0,1.0,
1993-12-08,,,,,0.0,1.0,
1993-12-09,,,,,0.0,1.0,
1993-12-10,,,,,0.0,1.0,
1993-12-13,,,,,0.0,1.0,
1993-12-14,,,,,0.0,1.0,
1993-12-15,,,,,0.0,1.0,
1993-12-16,,,,,0.0,1.0,
1993-12-17,,,,,0.0,1.0,
1993-12-20,,,,,0.0,1.0,
1993-12-21,,,,,0.0,1.0,
1993-12-22,,,,,0.0,1.0,
1993-12-23,,,,,0.0,1.0,
1993-12-24,,,,,0.0,1.0,
1993-12-27,,,,,0.0,1.0,
1993-12-28,,,,,0.0,1.0,
1993-12-29,,,,,0.0,1.0,
1993-12-30,,,,,0.0,1.0,
1993-12-31,,,,,0.0,1.0,
1994-01-03,,,,,0.0,1.0,
1994-01-04,,,,,0.0,1.0,
1994-01-05,,,,,0.0,1.0,
1994-01-06,,,,,0.0,1.0,
1994-01-07,,,,,0.0,1.0,
1994-01-10,,,,,0.0,1.0,
1994-01-11,,,,,0.0,1.0,
1994-01-12,,,,,0.0,1.0,
1994-01-13,,,,,0.0,1.0,
1994-01-14,,,,,0.0,1.0,
1994-01-17,,,,,0.0,1.0,
1994-01-18,,,,,0.0,1.0,
1994-01-19,,,,,0.0,1.0,
1994-01-20,,,,,0.0,1.0,
1994-01-21,,,,,0.0,1.0,
1994-01-24,,,,,0.0,1.0,
1994-01-25,,,,,0.0,1.0,
1994-01-26,,,,,0.0,1.0,
1994-01-27,,,,,0.0,1.0,
1994-01-28,,,,,0.0,1.0,
1994-01-31,,,,,0.0,1.0,
1994-02-01,,,,,0.0,1.0,
1994-02-02,,,,,0.0,1.0,
1994-02-03,,,,,0.0,1.0,
1994-02-04,,,,,0.0,1.0,
1994-02-07,,,,,0.0,1.0,
1994-02-08,,,,,0.0,1.0,
1994-02-09,,,,,0.0,1.0,
1994-02-10,,,,,0.0,1.0,
1994-02-11,,,,,0.0,1.0,
1994-02-14,,,,,0.0,1.0,
1994-02-15,,,,,0.0,1.0,
1994-02-16,,,,,0.0,1.0,
1994-02-17,,,,,0.0,1.0,
1994-02-18,,,,,0.0,1.0,
1994-02-21,,,,,0.0,1.0,
1994-02-22,,,,,0.0,1.0,
1994-02-23,,,,,0.0,1.0,
1994-02-24,,,,,0.0,1.0,
1994-02-25,,,,,0.0,1.0,
1994-02-28,,,,,0.0,1.0,
1994-03-01,,,,,0.0,1.0,
1994-03-02,,,,,0.0,1.0,
1994-03-03,,,,,0.0,1.0,
1994-03-04,,,,,0.0,1.0,
1994-03-07,,,,,0.0,1.0,
1994-03-08,,,,,0.0,1.0,
1994-03-09,,,,,0.0,1.0,
1994-03-10,,,,,0.0,1.0,
1994-03-11,,,,,0.0,1.0,
1994-03-14,,,,,0.0,1.0,
1994-03-15,,,,,0.0,1.0,
1994-03-16,,,,,0.0,1.0,
1994-03-17,,,,,0.0,1.0,
1994-03-18,,,,,0.0,1.0,
1994-03-21,,,,,0.0,1.0,
1994-03-22,,,,,0.0,1.0,
1994-03-23,,,,,0.0,1.0,
1994-03-24,,,,,0.0,1.0,
1994-03-25,,,,,0.0,1.0,
1994-03-28,,,,,0.0,1.0,
1994-03-29,,,,,0.0,1.0,
1994-03-30,,,,,0.0,1.0,
1994-03-31,,,,,0.0,1.0,
1994-04-05,,,,,0.0,1.0,
1994-04-06,,,,,0.0,1.0,
1994-04-07,,,,,0.0,1.0,
1994-04-08,,,,,0.0,1.0,
1994-04-11,,,,,0.0,1.0,
1994-04-12,,,,,0.0,1.0,
1994-04-13,,,,,0.0,1.0,
1994-04-14,,,,,0.0,1.0,
1994-04-15,,,,,0.0,1.0,
1994-04-18,,,,,0.0,1.0,
1994-04-19,,,,,0.0,1.0,
1994-04-20,,,,,0.0,1.0,
1994-04-21,,,,,0.0,1.0,
1994-04-22,,,,,0.0,1.0,
1994-04-25,,,,,0.0,1.0,
1994-04-26,,,,,0.0,1.0,
1994-04-27,,,,,0.0,1.0,
1994-04-28,,,,,0.0,1.0,
1994-04-29,,,,,0.0,1.0,
1994-05-02,,,,,0.0,1.0,
1994-05-03,,,,,0.0,1.0,
1994-05-04,,,,,0.0,1.0,
1994-05-05,,,,,0.0,1.0,
1994-05-06,,,,,0.0,1.0,
1994-05-09,,,,,0.0,1.0,
1994-05-10,,,,,0.0,1.0,
1994-05-11,,,,,0.0,1.0,
1994-05-12,,,,,0.0,1.0,
1994-05-13,,,,,0.0,1.0,
1994-05-16,,,,,0.0,1.0,
1994-05-17,,,,,0.0,1.0,
1994-05-18,,,,,0.0,1.0,
1994-05-19,,,,,0.0,1.0,
1994-05-20,,,,,0.0,1.0,
1994-05-23,,,,,0.0,1.0,
1994-05-24,,,,,0.0,1.0,
1994-05-25,,,,,0.0,1.0,
1994-05-26,,,,,0.0,1.0,
1994-05-27,,,,,0.0,1.0,
1994-05-30,,,,,0.0,1.0,
1994-05-31,,,,,0.0,1.0,
1994-06-01,,,,,0.0,1.0,
1994-06-02,,,,,0.0,1.0,
1994-06-03,,,,,0.0,1.0,
1994-06-06,,,,,0.0,1.0,
1994-06-07,,,,,0.0,1.0,
1994-06-08,,,,,0.0,1.0,
1994-06-09,,,,,0.0,1.0,
1994-06-10,,,,,0.0,1.0,
1994-06-13,,,,,0.0,1.0,
1994-06-14,,,,,0.0,1.0,
1994-06-15,,,,,0.0,1.0,
1994-06-16,,,,,0.0,1.0,
1994-06-17,,,,,0.0,1.0,
1994-06-20,,,,,0.0,1.0,
1994-06-21,,,,,0.0,1.0,
1994-06-22,,,,,0.0,1.0,
1994-06-23,,,,,0.0,1.0,
1994-06-24,,,,,0.0,1.0,
1994-06-27,,,,,0.0,1.0,
1994-06-28,,,,,0.0,1.0,
1994-06-29,,,,,0.0,1.0,
1994-06-30,,,,,0.0,1.0,
1994-07-01,,,,,0.0,1.0,
1994-07-04,,,,,0.0,1.0,
1994-07-05,,,,,0.0,1.0,
1994-07-06,,,,,0.0,1.0,
1994-07-07,,,,,0.0,1.0,
1994-07-08,,,,,0.0,1.0,
1994-07-11,,,,,0.0,1.0,
1994-07-12,,,,,0.0,1.0,
1994-07-13,,,,,0.0,1.0,
1994-07-14,,,,,0.0,1.0,
1994-07-15,,,,,0.0,1.0,
1994-07-18,,,,,0.0,1.0,
1994-07-19,,,,,0.0,1.0,
1994-07-20,,,,,0.0,1.0,
1994-07-21,,,,,0.0,1.0,
1994-07-22,,,,,0.0,1.0,
1994-07-25,,,,,0.0,1.0,
1994-07-26,,,,,0.0,1.0,
1994-07-27,,,,,0.0,1.0,
1994-07-28,,,,,0.0,1.0,
1994-07-29,,,,,0.0,1.0,
1994-08-01,,,,,0.0,1.0,
1994-08-02,,,,,0.0,1.0,
1994-08-03,,,,,0.0,1.0,
1994-08-04,,,,,0.0,1.0,
1994-08-05,,,,,0.0,1.0,
1994-08-08,,,,,0.0,1.0,
1994-08-09,,,,,0.0,1.0,
1994-08-10,,,,,0.0,1.0,
1994-08-11,,,,,0.0,1.0,
1994-08-12,,,,,0.0,1.0,
1994-08-15,,,,,0.0,1.0,
1994-08-16,,,,,0.0,1.0,
1994-08-17,,,,,0.0,1.0,
1994-08-18,,,,,0.0,1.0,
1994-08-19,,,,,0.0,1.0,
1994-08-22,,,,,0.0,1.0,
1994-08-23,,,,,0.0,1.0,
1994-08-24,,,,,0.0,1.0,
1994-08-25,,,,,0.0,1.0,
1994-08-26,,,,,0.0,1.0,
1994-08-29,,,,,0.0,1.0,
1994-08-30,,,,,0.0,1.0,
1994-08-31,,,,,0.0,1.0,
1994-09-01,,,,,0.0,1.0,
1994-09-02,,,,,0.0,1.0,
1994-09-05,,,,,0.0,1.0,
1994-09-06,,,,,0.0,1.0,
1994-09-07,,,,,0.0,1.0,
1994-09-08,,,,,0.0,1.0,
1994-09-09,,,,,0.0,1.0,
1994-09-12,,,,,0.0,1.0,
1994-09-13,,,,,0.0,1.0,
1994-09-14,,,,,0.0,1.0,
1994-09-15,,,,,0.0,1.0,
1994-09-16,,,,,0.0,1.0,
1994-09-19,,,,,0.0,1.0,
1994-09-20,,,,,0.0,1.0,
1994-09-21,,,,,0.0,1.0,
1994-09-22,,,,,0.0,1.0,
1994-09-23,,,,,0.0,1.0,
1994-09-26,,,,,0.0,1.0,
1994-09-27,,,,,0.0,1.0,
1994-09-28,,,,,0.0,1.0,
1994-09-29,,,,,0.0,1.0,
1994-09-30,,,,,0.0,1.0,
1994-10-03,,,,,0.0,1.0,
1994-10-04,,,,,0.0,1.0,
1994-10-05,,,,,0.0,1.0,
1994-10-06,,,,,0.0,1.0,
1994-10-07,,,,,0.0,1.0,
1994-10-10,,,,,0.0,1.0,
1994-10-11,,,,,0.0,1.0,
1994-10-12,,,,,0.0,1.0,
1994-10-13,,,,,0.0,1.0,
1994-10-14,,,,,0.0,1.0,
1994-10-17,,,,,0.0,1.0,
1994-10-18,,,,,0.0,1.0,
1994-10-19,,,,,0.0,1.0,
1994-10-20,,,,,0.0,1.0,
1994-10-21,,,,,0.0,1.0,
1994-10-24,,,,,0.0,1.0,
1994-10-25,,,,,0.0,1.0,
1994-10-26,,,,,0.0,1.0,
1994-10-27,,,,,0.0,1.0,
1994-10-28,,,,,0.0,1.0,
1994-10-31,,,,,0.0,1.0,
1994-11-01,,,,,0.0,1.0,
1994-11-02,,,,,0.0,1.0,
1994-11-03,,,,,0.0,1.0,
1994-11-04,,,,,0.0,1.0,
1994-11-07,,,,,0.0,1.0,
1994-11-08,,,,,0.0,1.0,
1994-11-09,,,,,0.0,1.0,
1994-11-10,,,,,0.0,1.0,
1994-11-11,,,,,0.0,1.0,
1994-11-14,,,,,0.0,1.0,
1994-11-15,,,,,0.0,1.0,
1994-11-16,,,,,0.0,1.0,
1994-11-17,,,,,0.0,1.0,
1994-11-18,,,,,0.0,1.0,
1994-11-21,,,,,0.0,1.0,
1994-11-22,,,,,0.0,1.0,
1994-11-23,,,,,0.0,1.0,
1994-11-24,,,,,0.0,1.0,
1994-11-25,,,,,0.0,1.0,
1994-11-28,,,,,0.0,1.0,
1994-11-29,,,,,0.0,1.0,
1994-11-30,,,,,0.0,1.0,
1994-12-01,,,,,0.0,1.0,
1994-12-02,,,,,0.0,1.0,
1994-12-05,,,,,0.0,1.0,
1994-12-06,,,,,0.0,1.0,
1994-12-07,,,,,0.0,1.0,
1994-12-08,,,,,0.0,1.0,
1994-12-09,,,,,0.0,1.0,
1994-12-12,,,,,0.0,1.0,
1994-12-13,,,,,0.0,1.0,
1994-12-14,,,,,0.0,1.0,
1994-12-15,,,,,0.0,1.0,
1994-12-16,,,,,0.0,1.0,
1994-12-19,,,,,0.0,1.0,
1994-12-20,,,,,0.0,1.0,
1994-12-21,,,,,0.0,1.0,
1994-12-22,,,,,0.0,1.0,
1994-12-23,,,,,0.0,1.0,
1994-12-26,,,,,0.0,1.0,
1994-12-27,,,,,0.0,1.0,
1994-12-28,,,,,0.0,1.0,
1994-12-29,,,,,0.0,1.0,
1994-12-30,,,,,0.0,1.0,
1995-01-02,,,,,0.0,1.0,
1995-01-03,,,,,0.0,1.0,
1995-01-04,,,,,0.0,1.0,
1995-01-05,,,,,0.0,1.0,
1995-01-06,,,,,0.0,1.0,
1995-01-09,,,,,0.0,1.0,
1995-01-10,,,,,0.0,1.0,
1995-01-11,,,,,0.0,1.0,
1995-01-12,,,,,0.0,1.0,
1995-01-13,,,,,0.0,1.0,
1995-01-16,,,,,0.0,1.0,
1995-01-17,,,,,0.0,1.0,
1995-01-18,,,,,0.0,1.0,
1995-01-19,,,,,0.0,1.0,
1995-01-20,,,,,0.0,1.0,
1995-01-23,,,,,0.0,1.0,
1995-01-24,,,,,0.0,1.0,
1995-01-25,,,,,0.0,1.0,
1995-01-26,,,,,0.0,1.0,
1995-01-27,,,,,0.0,1.0,
1995-01-30,,,,,0.0,1.0,
1995-01-31,,,,,0.0,1.0,
1995-02-01,,,,,0.0,1.0,
1995-02-02,,,,,0.0,1.0,
1995-02-03,,,,,0.0,1.0,
1995-02-06,,,,,0.0,1.0,
1995-02-07,,,,,0.0,1.0,
1995-02-08,,,,,0.0,1.0,
1995-02-09,,,,,0.0,1.0,
1995-02-10,,,,,0.0,1.0,
1995-02-13,,,,,0.0,1.0,
1995-02-14,,,,,0.0,1.0,
1995-02-15,,,,,0.0,1.0,
1995-02-16,,,,,0.0,1.0,
1995-02-17,,,,,0.0,1.0,
1995-02-20,,,,,0.0,1.0,
1995-02-21,,,,,0.0,1.0,
1995-02-22,,,,,0.0,1.0,
1995-02-23,,,,,0.0,1.0,
1995-02-24,,,,,0.0,1.0,
1995-02-27,,,,,0.0,1.0,
1995-02-28,,,,,0.0,1.0,
1995-03-01,,,,,0.0,1.0,
1995-03-02,,,,,0.0,1.0,
1995-03-03,,,,,0.0,1.0,
1995-03-06,,,,,0.0,1.0,
1995-03-07,,,,,0.0,1.0,
1995-03-08,,,,,0.0,1.0,
1995-03-09,,,,,0.0,1.0,
1995-03-10,,,,,0.0,1.0,
1995-03-13,,,,,0.0,1.0,
1995-03-14,,,,,0.0,1.0,
1995-03-15,,,,,0.0,1.0,
1995-03-16,,,,,0.0,1.0,
1995-03-17,,,,,0.0,1.0,
1995-03-20,,,,,0.0,1.0,
1995-03-21,,,,,0.0,1.0,
1995-03-22,,,,,0.0,1.0,
1995-03-23,,,,,0.0,1.0,
1995-03-24,,,,,0.0,1.0,
1995-03-27,,,,,0.0,1.0,
1995-03-28,,,,,0.0,1.0,
1995-03-29,,,,,0.0,1.0,
1995-03-30,,,,,0.0,1.0,
1995-03-31,,,,,0.0,1.0,
1995-04-03,,,,,0.0,1.0,
1995-04-04,,,,,0.0,1.0,
1995-04-05,,,,,0.0,1.0,
1995-04-06,,,,,0.0,1.0,
1995-04-07,,,,,0.0,1.0,
1995-04-10,,,,,0.0,1.0,
1995-04-11,,,,,0.0,1.0,
1995-04-12,,,,,0.0,1.0,
1995-04-13,,,,,0.0,1.0,
1995-04-14,,,,,0.0,1.0,
1995-04-17,,,,,0.0,1.0,
1995-04-18,,,,,0.0,1.0,
1995-04-19,,,,,0.0,1.0,
1995-04-20,,,,,0.0,1.0,
1995-04-21,,,,,0.0,1.0,
1995-04-24,,,,,0.0,1.0,
1995-04-25,,,,,0.0,1.0,
1995-04-26,,,,,0.0,1.0,
1995-04-27,,,,,0.0,1.0,
1995-04-28,,,,,0.0,1.0,
1995-05-01,,,,,0.0,1.0,
1995-05-02,,,,,0.0,1.0,
1995-05-03,,,,,0.0,1.0,
1995-05-04,,,,,0.0,1.0,
1995-05-05,,,,,0.0,1.0,
1995-05-08,,,,,0.0,1.0,
1995-05-09,,,,,0.0,1.0,
1995-05-10,,,,,0.0,1.0,
1995-05-11,,,,,0.0,1.0,
1995-05-12,,,,,0.0,1.0,
1995-05-15,,,,,0.0,1.0,
1995-05-16,,,,,0.0,1.0,
1995-05-17,,,,,0.0,1.0,
1995-05-18,,,,,0.0,1.0,
1995-05-19,,,,,0.0,1.0,
1995-05-22,,,,,0.0,1.0,
1995-05-23,,,,,0.0,1.0,
1995-05-24,,,,,0.0,1.0,
1995-05-25,,,,,0.0,1.0,
1995-05-26,,,,,0.0,1.0,
1995-05-29,,,,,0.0,1.0,
1995-05-30,,,,,0.0,1.0,
1995-05-31,,,,,0.0,1.0,
1995-06-01,,,,,0.0,1.0,
1995-06-02,,,,,0.0,1.0,
1995-06-05,,,,,0.0,1.0,
1995-06-06,,,,,0.0,1.0,
1995-06-07,,,,,0.0,1.0,
1995-06-08,,,,,0.0,1.0,
1995-06-09,,,,,0.0,1.0,
1995-06-12,,,,,0.0,1.0,
1995-06-13,,,,,0.0,1.0,
1995-06-14,,,,,0.0,1.0,
1995-06-15,,,,,0.0,1.0,
1995-06-16,,,,,0.0,1.0,
1995-06-19,,,,,0.0,1.0,
1995-06-20,,,,,0.0,1.0,
1995-06-21,,,,,0.0,1.0,
1995-06-22,,,,,0.0,1.0,
1995-06-23,,,,,0.0,1.0,
1995-06-26,,,,,0.0,1.0,
1995-06-27,,,,,0.0,1.0,
1995-06-28,,,,,0.0,1.0,
1995-06-29,,,,,0.0,1.0,
1995-06-30,,,,,0.0,1.0,
1995-07-03,,,,,0.0,1.0,
1995-07-04,,,,,0.0,1.0,
1995-07-05,,,,,0.0,1.0,
1995-07-06,,,,,0.0,1.0,
1995-07-07,,,,,0.0,1.0,
1995-07-10,,,,,0.0,1.0,
1995-07-11,,,,,0.0,1.0,
1995-07-12,,,,,0.0,1.0,
1995-07-13,,,,,0.0,1.0,
1995-07-14,,,,,0.0,1.0,
1995-07-17,,,,,0.0,1.0,
1995-07-18,,,,,0.0,1.0,
1995-07-19,,,,,0.0,1.0,
1995-07-20,,,,,0.0,1.0,
1995-07-21,,,,,0.0,1.0,
1995-07-24,,,,,0.0,1.0,
1995-07-25,,,,,0.0,1.0,
1995-07-26,,,,,0.0,1.0,
1995-07-27,,,,,0.0,1.0,
1995-07-28,,,,,0.0,1.0,
1995-07-31,,,,,0.0,1.0,
1995-08-01,,,,,0.0,1.0,
1995-08-02,,,,,0.0,1.0,
1995-08-03,,,,,0.0,1.0,
1995-08-04,,,,,0.0,1.0,
1995-08-07,,,,,0.0,1.0,
1995-08-08,,,,,0.0,1.0,
1995-08-09,,,,,0.0,1.0,
1995-08-10,,,,,0.0,1.0,
1995-08-11,,,,,0.0,1.0,
1995-08-14,,,,,0.0,1.0,
1995-08-15,,,,,0.0,1.0,
1995-08-16,,,,,0.0,1.0,
1995-08-17,,,,,0.0,1.0,
1995-08-18,,,,,0.0,1.0,
1995-08-21,,,,,0.0,1.0,
1995-08-22,,,,,0.0,1.0,
1995-08-23,,,,,0.0,1.0,
1995-08-24,,,,,0.0,1.0,
1995-08-25,,,,,0.0,1.0,
1995-08-28,,,,,0.0,1.0,
1995-08-29,,,,,0.0,1.0,
1995-08-30,,,,,0.0,1.0,
1995-08-31,,,,,0.0,1.0,
1995-09-01,,,,,0.0,1.0,
1995-09-04,,,,,0.0,1.0,
1995-09-05,,,,,0.0,1.0,
1995-09-06,,,,,0.0,1.0,
1995-09-07,,,,,0.0,1.0,
1995-09-08,,,,,0.0,1.0,
1995-09-11,,,,,0.0,1.0,
1995-09-12,,,,,0.0,1.0,
1995-09-13,,,,,0.0,1.0,
1995-09-14,,,,,0.0,1.0,
1995-09-15,,,,,0.0,1.0,
1995-09-18,,,,,0.0,1.0,
1995-09-19,,,,,0.0,1.0,
1995-09-20,,,,,0.0,1.0,
1995-09-21,,,,,0.0,1.0,
1995-09-22,,,,,0.0,1.0,
1995-09-25,,,,,0.0,1.0,
1995-09-26,,,,,0.0,1.0,
1995-09-27,,,,,0.0,1.0,
1995-09-28,,,,,0.0,1.0,
1995-09-29,,,,,0.0,1.0,
1995-10-02,,,,,0.0,1.0,
1995-10-03,,,,,0.0,1.0,
1995-10-04,,,,,0.0,1.0,
1995-10-05,,,,,0.0,1.0,
1995-10-06,,,,,0.0,1.0,
1995-10-09,,,,,0.0,1.0,
1995-10-10,,,,,0.0,1.0,
1995-10-11,,,,,0.0,1.0,
1995-10-12,,,,,0.0,1.0,
1995-10-13,,,,,0.0,1.0,
1995-10-16,,,,,0.0,1.0,
1995-10-17,,,,,0.0,1.0,
1995-10-18,,,,,0.0,1.0,
1995-10-19,,,,,0.0,1.0,
1995-10-20,,,,,0.0,1.0,
1995-10-23,,,,,0.0,1.0,
1995-10-24,,,,,0.0,1.0,
1995-10-25,,,,,0.0,1.0,
1995-10-26,,,,,0.0,1.0,
1995-10-27,,,,,0.0,1.0,
1995-10-30,,,,,0.0,1.0,
1995-10-31,,,,,0.0,1.0,
1995-11-01,,,,,0.0,1.0,
1995-11-02,,,,,0.0,1.0,
1995-11-03,,,,,0.0,1.0,
1995-11-06,,,,,0.0,1.0,
1995-11-07,,,,,0.0,1.0,
1995-11-08,,,,,0.0,1.0,
1995-11-09,,,,,0.0,1.0,
1995-11-10,,,,,0.0,1.0,
1995-11-13,,,,,0.0,1.0,
1995-11-14,,,,,0.0,1.0,
1995-11-15,,,,,0.0,1.0,
1995-11-16,,,,,0.0,1.0,
1995-11-17,,,,,0.0,1.0,
1995-11-20,,,,,0.0,1.0,
1995-11-21,,,,,0.0,1.0,
1995-11-22,,,,,0.0,1.0,
1995-11-23,,,,,0.0,1.0,
1995-11-24,,,,,0.0,1.0,
1995-11-27,,,,,0.0,1.0,
1995-11-28,,,,,0.0,1.0,
1995-11-29,,,,,0.0,1.0,
1995-11-30,,,,,0.0,1.0,
1995-12-01,,,,,0.0,1.0,
1995-12-04,,,,,0.0,1.0,
1995-12-05,,,,,0.0,1.0,
1995-12-06,,,,,0.0,1.0,
1995-12-07,,,,,0.0,1.0,
1995-12-08,,,,,0.0,1.0,
1995-12-11,,,,,0.0,1.0,
1995-12-12,,,,,0.0,1.0,
1995-12-13,,,,,0.0,1.0,
1995-12-14,,,,,0.0,1.0,
1995-12-15,,,,,0.0,1.0,
1995-12-18,,,,,0.0,1.0,
1995-12-19,,,,,0.0,1.0,
1995-12-20,,,,,0.0,1.0,
1995-12-21,,,,,0.0,1.0,
1995-12-22,,,,,0.0,1.0,
1995-12-25,,,,,0.0,1.0,
1995-12-26,,,,,0.0,1.0,
1995-12-27,,,,,0.0,1.0,
1995-12-28,,,,,0.0,1.0,
1995-12-29,,,,,0.0,1.0,
1996-01-01,,,,,0.0,1.0,
1996-01-02,,,,,0.0,1.0,
1996-01-03,,,,,0.0,1.0,
1996-01-04,,,,,0.0,1.0,
1996-01-05,,,,,0.0,1.0,
1996-01-08,,,,,0.0,1.0,
1996-01-09,,,,,0.0,1.0,
1996-01-10,,,,,0.0,1.0,
1996-01-11,,,,,0.0,1.0,
1996-01-12,,,,,0.0,1.0,
1996-01-15,,,,,0.0,1.0,
1996-01-16,,,,,0.0,1.0,
1996-01-17,,,,,0.0,1.0,
1996-01-18,,,,,0.0,1.0,
1996-01-19,,,,,0.0,1.0,
1996-01-22,,,,,0.0,1.0,
1996-01-23,,,,,0.0,1.0,
1996-01-24,,,,,0.0,1.0,
1996-01-25,,,,,0.0,1.0,
1996-01-26,,,,,0.0,1.0,
1996-01-29,,,,,0.0,1.0,
1996-01-30,,,,,0.0,1.0,
1996-01-31,,,,,0.0,1.0,
1996-02-01,,,,,0.0,1.0,
1996-02-02,,,,,0.0,1.0,
1996-02-05,,,,,0.0,1.0,
1996-02-06,,,,,0.0,1.0,
1996-02-07,,,,,0.0,1.0,
1996-02-08,,,,,0.0,1.0,
1996-02-09,,,,,0.0,1.0,
1996-02-12,,,,,0.0,1.0,
1996-02-13,,,,,0.0,1.0,
1996-02-14,,,,,0.0,1.0,
1996-02-15,,,,,0.0,1.0,
1996-02-16,,,,,0.0,1.0,
1996-02-19,,,,,0.0,1.0,
1996-02-20,,,,,0.0,1.0,
1996-02-21,,,,,0.0,1.0,
1996-02-22,,,,,0.0,1.0,
1996-02-23,,,,,0.0,1.0,
1996-02-26,,,,,0.0,1.0,
1996-02-27,,,,,0.0,1.0,
1996-02-28,,,,,0.0,1.0,
1996-02-29,,,,,0.0,1.0,
1996-03-01,,,,,0.0,1.0,
1996-03-04,,,,,0.0,1.0,
1996-03-05,,,,,0.0,1.0,
1996-03-06,,,,,0.0,1.0,
1996-03-07,,,,,0.0,1.0,
1996-03-08,,,,,0.0,1.0,
1996-03-11,,,,,0.0,1.0,
1996-03-12,,,,,0.0,1.0,
1996-03-13,,,,,0.0,1.0,
1996-03-14,,,,,0.0,1.0,
1996-03-15,,,,,0.0,1.0,
1996-03-18,,,,,0.0,1.0,
1996-03-19,,,,,0.0,1.0,
1996-03-20,,,,,0.0,1.0,
1996-03-21,,,,,0.0,1.0,
1996-03-22,,,,,0.0,1.0,
1996-03-25,,,,,0.0,1.0,
1996-03-26,,,,,0.0,1.0,
1996-03-27,,,,,0.0,1.0,
1996-03-28,,,,,0.0,1.0,
1996-03-29,,,,,0.0,1.0,
1996-04-01,,,,,0.0,1.0,
1996-04-02,,,,,0.0,1.0,
1996-04-03,,,,,0.0,1.0,
1996-04-04,,,,,0.0,1.0,
1996-04-05,,,,,0.0,1.0,
1996-04-08,,,,,0.0,1.0,
1996-04-09,,,,,0.0,1.0,
1996-04-10,,,,,0.0,1.0,
1996-04-11,,,,,0.0,1.0,
1996-04-12,,,,,0.0,1.0,
1996-04-15,,,,,0.0,1.0,
1996-04-16,,,,,0.0,1.0,
1996-04-17,,,,,0.0,1.0,
1996-04-18,,,,,0.0,1.0,
1996-04-19,,,,,0.0,1.0,
1996-04-22,,,,,0.0,1.0,
1996-04-23,,,,,0.0,1.0,
1996-04-24,,,,,0.0,1.0,
1996-04-25,,,,,0.0,1.0,
1996-04-26,,,,,0.0,1.0,
1996-04-29,,,,,0.0,1.0,
1996-04-30,,,,,0.0,1.0,
1996-05-01,,,,,0.0,1.0,
1996-05-02,,,,,0.0,1.0,
1996-05-03,,,,,0.0,1.0,
1996-05-06,,,,,0.0,1.0,
1996-05-07,,,,,0.0,1.0,
1996-05-08,,,,,0.0,1.0,
1996-05-09,,,,,0.0,1.0,
1996-05-10,,,,,0.0,1.0,
1996-05-13,,,,,0.0,1.0,
1996-05-14,,,,,0.0,1.0,
1996-05-15,,,,,0.0,1.0,
1996-05-16,,,,,0.0,1.0,
1996-05-17,,,,,0.0,1.0,
1996-05-20,,,,,0.0,1.0,
1996-05-21,,,,,0.0,1.0,
1996-05-22,,,,,0.0,1.0,
1996-05-23,,,,,0.0,1.0,
1996-05-24,,,,,0.0,1.0,
1996-05-27,,,,,0.0,1.0,
1996-05-28,,,,,0.0,1.0,
1996-05-29,,,,,0.0,1.0,
1996-05-30,,,,,0.0,1.0,
1996-05-31,,,,,0.0,1.0,
1996-06-03,,,,,0.0,1.0,
1996-06-04,,,,,0.0,1.0,
1996-06-05,,,,,0.0,1.0,
1996-06-06,,,,,0.0,1.0,
1996-06-07,,,,,0.0,1.0,
1996-06-10,,,,,0.0,1.0,
1996-06-11,,,,,0.0,1.0,
1996-06-12,,,,,0.0,1.0,
1996-06-13,,,,,0.0,1.0,
1996-06-14,,,,,0.0,1.0,
1996-06-17,,,,,0.0,1.0,
1996-06-18,,,,,0.0,1.0,
1996-06-19,,,,,0.0,1.0,
1996-06-20,,,,,0.0,1.0,
1996-06-21,,,,,0.0,1.0,
1996-06-24,,,,,0.0,1.0,
1996-06-25,,,,,0.0,1.0,
1996-06-26,,,,,0.0,1.0,
1996-06-27,,,,,0.0,1.0,
1996-06-28,,,,,0.0,1.0,
1996-07-01,,,,,0.0,1.0,
1996-07-02,,,,,0.0,1.0,
1996-07-03,,,,,0.0,1.0,
1996-07-04,,,,,0.0,1.0,
1996-07-05,,,,,0.0,1.0,
1996-07-08,,,,,0.0,1.0,
1996-07-09,,,,,0.0,1.0,
1996-07-10,,,,,0.0,1.0,
1996-07-11,,,,,0.0,1.0,
1996-07-12,,,,,0.0,1.0,
1996-07-15,,,,,0.0,1.0,
1996-07-16,,,,,0.0,1.0,
1996-07-17,,,,,0.0,1.0,
1996-07-18,,,,,0.0,1.0,
1996-07-19,,,,,0.0,1.0,
1996-07-22,,,,,0.0,1.0,
1996-07-23,,,,,0.0,1.0,
1996-07-24,,,,,0.0,1.0,
1996-07-25,,,,,0.0,1.0,
1996-07-26,,,,,0.0,1.0,
1996-07-29,,,,,0.0,1.0,
1996-07-30,,,,,0.0,1.0,
1996-07-31,,,,,0.0,1.0,
1996-08-01,,,,,0.0,1.0,
1996-08-02,,,,,0.0,1.0,
1996-08-05,,,,,0.0,1.0,
1996-08-06,,,,,0.0,1.0,
1996-08-07,,,,,0.0,1.0,
1996-08-08,,,,,0.0,1.0,
1996-08-09,,,,,0.0,1.0,
1996-08-12,,,,,0.0,1.0,
1996-08-13,,,,,0.0,1.0,
1996-08-14,,,,,0.0,1.0,
1996-08-15,,,,,0.0,1.0,
1996-08-16,,,,,0.0,1.0,
1996-08-19,,,,,0.0,1.0,
1996-08-20,,,,,0.0,1.0,
1996-08-21,,,,,0.0,1.0,
1996-08-22,,,,,0.0,1.0,
1996-08-23,,,,,0.0,1.0,
1996-08-26,,,,,0.0,1.0,
1996-08-27,,,,,0.0,1.0,
1996-08-28,,,,,0.0,1.0,
1996-08-29,,,,,0.0,1.0,
1996-08-30,,,,,0.0,1.0,
1996-09-02,,,,,0.0,1.0,
1996-09-03,,,,,0.0,1.0,
1996-09-04,,,,,0.0,1.0,
1996-09-05,,,,,0.0,1.0,
1996-09-06,,,,,0.0,1.0,
1996-09-09,,,,,0.0,1.0,
1996-09-10,,,,,0.0,1.0,
1996-09-11,,,,,0.0,1.0,
1996-09-12,,,,,0.0,1.0,
1996-09-13,,,,,0.0,1.0,
1996-09-16,,,,,0.0,1.0,
1996-09-17,,,,,0.0,1.0,
1996-09-18,,,,,0.0,1.0,
1996-09-19,,,,,0.0,1.0,
1996-09-20,,,,,0.0,1.0,
1996-09-23,,,,,0.0,1.0,
1996-09-24,,,,,0.0,1.0,
1996-09-25,,,,,0.0,1.0,
1996-09-26,,,,,0.0,1.0,
1996-09-27,,,,,0.0,1.0,
1996-09-30,,,,,0.0,1.0,
1996-10-01,,,,,0.0,1.0,
1996-10-02,,,,,0.0,1.0,
1996-10-03,,,,,0.0,1.0,
1996-10-04,,,,,0.0,1.0,
1996-10-07,,,,,0.0,1.0,
1996-10-08,,,,,0.0,1.0,
1996-10-09,,,,,0.0,1.0,
1996-10-10,,,,,0.0,1.0,
1996-10-11,,,,,0.0,1.0,
1996-10-14,,,,,0.0,1.0,
1996-10-15,,,,,0.0,1.0,
1996-10-16,,,,,0.0,1.0,
1996-10-17,,,,,0.0,1.0,
1996-10-18,,,,,0.0,1.0,
1996-10-21,,,,,0.0,1.0,
1996-10-22,,,,,0.0,1.0,
1996-10-23,,,,,0.0,1.0,
1996-10-24,,,,,0.0,1.0,
1996-10-25,,,,,0.0,1.0,
1996-10-28,,,,,0.0,1.0,
1996-10-29,,,,,0.0,1.0,
1996-10-30,,,,,0.0,1.0,
1996-10-31,,,,,0.0,1.0,
1996-11-01,,,,,0.0,1.0,
1996-11-04,,,,,0.0,1.0,
1996-11-05,,,,,0.0,1.0,
1996-11-06,,,,,0.0,1.0,
1996-11-07,,,,,0.0,1.0,
1996-11-08,,,,,0.0,1.0,
1996-11-11,,,,,0.0,1.0,
1996-11-12,,,,,0.0,1.0,
1996-11-13,,,,,0.0,1.0,
1996-11-14,,,,,0.0,1.0,
1996-11-15,,,,,0.0,1.0,
1996-11-18,,,,,0.0,1.0,
1996-11-19,,,,,0.0,1.0,
1996-11-20,,,,,0.0,1.0,
1996-11-21,,,,,0.0,1.0,
1996-11-22,,,,,0.0,1.0,
1996-11-25,,,,,0.0,1.0,
1996-11-26,,,,,0.0,1.0,
1996-11-27,,,,,0.0,1.0,
1996-11-28,,,,,0.0,1.0,
1996-11-29,,,,,0.0,1.0,
1996-12-02,,,,,0.0,1.0,
1996-12-03,,,,,0.0,1.0,
1996-12-04,,,,,0.0,1.0,
1996-12-05,,,,,0.0,1.0,
1996-12-06,,,,,0.0,1.0,
1996-12-09,,,,,0.0,1.0,
1996-12-10,,,,,0.0,1.0,
1996-12-11,,,,,0.0,1.0,
1996-12-12,,,,,0.0,1.0,
1996-12-13,,,,,0.0,1.0,
1996-12-16,,,,,0.0,1.0,
1996-12-17,,,,,0.0,1.0,
1996-12-18,,,,,0.0,1.0,
1996-12-19,,,,,0.0,1.0,
1996-12-20,,,,,0.0,1.0,
1996-12-23,,,,,0.0,1.0,
1996-12-24,,,,,0.0,1.0,
1996-12-25,,,,,0.0,1.0,
1996-12-26,,,,,0.0,1.0,
1996-12-27,,,,,0.0,1.0,
1996-12-30,,,,,0.0,1.0,
1996-12-31,,,,,0.0,1.0,
1997-01-01,,,,,0.0,1.0,
1997-01-02,,,,,0.0,1.0,
1997-01-03,,,,,0.0,1.0,
1997-01-06,,,,,0.0,1.0,
1997-01-07,,,,,0.0,1.0,
1997-01-08,,,,,0.0,1.0,
1997-01-09,,,,,0.0,1.0,
1997-01-10,,,,,0.0,1.0,
1997-01-13,,,,,0.0,1.0,
1997-01-14,,,,,0.0,1.0,
1997-01-15,,,,,0.0,1.0,
1997-01-16,,,,,0.0,1.0,
1997-01-17,,,,,0.0,1.0,
1997-01-20,,,,,0.0,1.0,
1997-01-21,,,,,0.0,1.0,
1997-01-22,,,,,0.0,1.0,
1997-01-23,,,,,0.0,1.0,
1997-01-24,,,,,0.0,1.0,
1997-01-27,,,,,0.0,1.0,
1997-01-28,,,,,0.0,1.0,
1997-01-29,,,,,0.0,1.0,
1997-01-30,,,,,0.0,1.0,
1997-01-31,,,,,0.0,1.0,
1997-02-03,,,,,0.0,1.0,
1997-02-04,,,,,0.0,1.0,
1997-02-05,,,,,0.0,1.0,
1997-02-06,,,,,0.0,1.0,
1997-02-07,,,,,0.0,1.0,
1997-02-10,,,,,0.0,1.0,
1997-02-11,,,,,0.0,1.0,
1997-02-12,,,,,0.0,1.0,
1997-02-13,,,,,0.0,1.0,
1997-02-14,,,,,0.0,1.0,
1997-02-17,,,,,0.0,1.0,
1997-02-18,,,,,0.0,1.0,
1997-02-19,,,,,0.0,1.0,
1997-02-20,,,,,0.0,1.0,
1997-02-21,,,,,0.0,1.0,
1997-02-24,,,,,0.0,1.0,
1997-02-25,,,,,0.0,1.0,
1997-02-26,,,,,0.0,1.0,
1997-02-27,,,,,0.0,1.0,
1997-02-28,,,,,0.0,1.0,
1997-03-03,,,,,0.0,1.0,
1997-03-04,,,,,0.0,1.0,
1997-03-05,,,,,0.0,1.0,
1997-03-06,,,,,0.0,1.0,
1997-03-07,,,,,0.0,1.0,
1997-03-10,,,,,0.0,1.0,
1997-03-11,,,,,0.0,1.0,
1997-03-12,,,,,0.0,1.0,
1997-03-13,,,,,0.0,1.0,
1997-03-14,,,,,0.0,1.0,
1997-03-17,,,,,0.0,1.0,
1997-03-18,,,,,0.0,1.0,
1997-03-19,,,,,0.0,1.0,
1997-03-20,,,,,0.0,1.0,
1997-03-21,,,,,0.0,1.0,
1997-03-24,,,,,0.0,1.0,
1997-03-25,,,,,0.0,1.0,
1997-03-26,,,,,0.0,1.0,
1997-03-27,,,,,0.0,1.0,
1997-03-28,,,,,0.0,1.0,
1997-03-31,,,,,0.0,1.0,
1997-04-01,,,,,0.0,1.0,
1997-04-02,,,,,0.0,1.0,
1997-04-03,,,,,0.0,1.0,
1997-04-04,,,,,0.0,1.0,
1997-04-07,,,,,0.0,1.0,
1997-04-08,,,,,0.0,1.0,
1997-04-09,,,,,0.0,1.0,
1997-04-10,,,,,0.0,1.0,
1997-04-11,,,,,0.0,1.0,
1997-04-14,,,,,0.0,1.0,
1997-04-15,,,,,0.0,1.0,
1997-04-16,,,,,0.0,1.0,
1997-04-17,,,,,0.0,1.0,
1997-04-18,,,,,0.0,1.0,
1997-04-21,,,,,0.0,1.0,
1997-04-22,,,,,0.0,1.0,
1997-04-23,,,,,0.0,1.0,
1997-04-24,,,,,0.0,1.0,
1997-04-25,,,,,0.0,1.0,
1997-04-28,,,,,0.0,1.0,
1997-04-29,,,,,0.0,1.0,
1997-04-30,,,,,0.0,1.0,
1997-05-01,,,,,0.0,1.0,
1997-05-02,,,,,0.0,1.0,
1997-05-05,,,,,0.0,1.0,
1997-05-06,,,,,0.0,1.0,
1997-05-07,,,,,0.0,1.0,
1997-05-08,,,,,0.0,1.0,
1997-05-09,,,,,0.0,1.0,
1997-05-12,,,,,0.0,1.0,
1997-05-13,,,,,0.0,1.0,
1997-05-14,,,,,0.0,1.0,
1997-05-15,,,,,0.0,1.0,
1997-05-16,,,,,0.0,1.0,
1997-05-19,,,,,0.0,1.0,
1997-05-20,,,,,0.0,1.0,
1997-05-21,,,,,0.0,1.0,
1997-05-22,,,,,0.0,1.0,
1997-05-23,,,,,0.0,1.0,
1997-05-26,,,,,0.0,1.0,
1997-05-27,,,,,0.0,1.0,
1997-05-28,,,,,0.0,1.0,
1997-05-29,,,,,0.0,1.0,
1997-05-30,,,,,0.0,1.0,
1997-06-02,,,,,0.0,1.0,
1997-06-03,,,,,0.0,1.0,
1997-06-04,,,,,0.0,1.0,
1997-06-05,,,,,0.0,1.0,
1997-06-06,,,,,0.0,1.0,
1997-06-09,,,,,0.0,1.0,
1997-06-10,,,,,0.0,1.0,
1997-06-11,,,,,0.0,1.0,
1997-06-12,,,,,0.0,1.0,
1997-06-13,,,,,0.0,1.0,
1997-06-16,,,,,0.0,1.0,
1997-06-17,,,,,0.0,1.0,
1997-06-18,,,,,0.0,1.0,
1997-06-19,,,,,0.0,1.0,
1997-06-20,,,,,0.0,1.0,
1997-06-23,,,,,0.0,1.0,
1997-06-24,,,,,0.0,1.0,
1997-06-25,,,,,0.0,1.0,
1997-06-26,,,,,0.0,1.0,
1997-06-27,,,,,0.0,1.0,
1997-06-30,,,,,0.0,1.0,
1997-07-01,,,,,0.0,1.0,
1997-07-02,,,,,0.0,1.0,
1997-07-03,,,,,0.0,1.0,
1997-07-04,,,,,0.0,1.0,
1997-07-07,,,,,0.0,1.0,
1997-07-08,,,,,0.0,1.0,
1997-07-09,,,,,0.0,1.0,
1997-07-10,,,,,0.0,1.0,
1997-07-11,,,,,0.0,1.0,
1997-07-14,,,,,0.0,1.0,
1997-07-15,,,,,0.0,1.0,
1997-07-16,,,,,0.0,1.0,
1997-07-17,,,,,0.0,1.0,
1997-07-18,,,,,0.0,1.0,
1997-07-21,,,,,0.0,1.0,
1997-07-22,,,,,0.0,1.0,
1997-07-23,,,,,0.0,1.0,
1997-07-24,,,,,0.0,1.0,
1997-07-25,,,,,0.0,1.0,
1997-07-28,,,,,0.0,1.0,
1997-07-29,,,,,0.0,1.0,
1997-07-30,,,,,0.0,1.0,
1997-07-31,,,,,0.0,1.0,
1997-08-01,,,,,0.0,1.0,
1997-08-04,,,,,0.0,1.0,
1997-08-05,,,,,0.0,1.0,
1997-08-06,,,,,0.0,1.0,
1997-08-07,,,,,0.0,1.0,
1997-08-08,,,,,0.0,1.0,
1997-08-11,,,,,0.0,1.0,
1997-08-12,,,,,0.0,1.0,
1997-08-13,,,,,0.0,1.0,
1997-08-14,,,,,0.0,1.0,
1997-08-15,,,,,0.0,1.0,
1997-08-18,,,,,0.0,1.0,
1997-08-19,,,,,0.0,1.0,
1997-08-20,,,,,0.0,1.0,
1997-08-21,,,,,0.0,1.0,
1997-08-22,,,,,0.0,1.0,
1997-08-25,,,,,0.0,1.0,
1997-08-26,,,,,0.0,1.0,
1997-08-27,,,,,0.0,1.0,
1997-08-28,,,,,0.0,1.0,
1997-08-29,,,,,0.0,1.0,
1997-09-01,,,,,0.0,1.0,
1997-09-02,,,,,0.0,1.0,
1997-09-03,,,,,0.0,1.0,
1997-09-04,,,,,0.0,1.0,
1997-09-05,,,,,0.0,1.0,
1997-09-08,,,,,0.0,1.0,
1997-09-09,,,,,0.0,1.0,
1997-09-10,,,,,0.0,1.0,
1997-09-11,,,,,0.0,1.0,
1997-09-12,,,,,0.0,1.0,
1997-09-15,,,,,0.0,1.0,
1997-09-16,,,,,0.0,1.0,
1997-09-17,,,,,0.0,1.0,
1997-09-18,,,,,0.0,1.0,
1997-09-19,,,,,0.0,1.0,
1997-09-22,,,,,0.0,1.0,
1997-09-23,,,,,0.0,1.0,
1997-09-24,,,,,0.0,1.0,
1997-09-25,,,,,0.0,1.0,
1997-09-26,,,,,0.0,1.0,
1997-09-29,,,,,0.0,1.0,
1997-09-30,,,,,0.0,1.0,
1997-10-01,,,,,0.0,1.0,
1997-10-02,,,,,0.0,1.0,
1997-10-03,,,,,0.0,1.0,
1997-10-06,,,,,0.0,1.0,
1997-10-07,,,,,0.0,1.0,
1997-10-08,,,,,0.0,1.0,
1997-10-09,,,,,0.0,1.0,
1997-10-10,,,,,0.0,1.0,
1997-10-13,,,,,0.0,1.0,
1997-10-14,,,,,0.0,1.0,
1997-10-15,,,,,0.0,1.0,
1997-10-16,,,,,0.0,1.0,
1997-10-17,,,,,0.0,1.0,
1997-10-20,,,,,0.0,1.0,
1997-10-21,,,,,0.0,1.0,
1997-10-22,,,,,0.0,1.0,
1997-10-23,,,,,0.0,1.0,
1997-10-24,,,,,0.0,1.0,
1997-10-27,,,,,0.0,1.0,
1997-10-28,,,,,0.0,1.0,
1997-10-29,,,,,0.0,1.0,
1997-10-30,,,,,0.0,1.0,
1997-10-31,,,,,0.0,1.0,
1997-11-03,,,,,0.0,1.0,
1997-11-04,,,,,0.0,1.0,
1997-11-05,,,,,0.0,1.0,
1997-11-06,,,,,0.0,1.0,
1997-11-07,,,,,0.0,1.0,
1997-11-10,,,,,0.0,1.0,
1997-11-11,,,,,0.0,1.0,
1997-11-12,,,,,0.0,1.0,
1997-11-13,,,,,0.0,1.0,
1997-11-14,,,,,0.0,1.0,
1997-11-17,,,,,0.0,1.0,
1997-11-18,,,,,0.0,1.0,
1997-11-19,,,,,0.0,1.0,
1997-11-20,,,,,0.0,1.0,
1997-11-21,,,,,0.0,1.0,
1997-11-24,,,,,0.0,1.0,
1997-11-25,,,,,0.0,1.0,
1997-11-26,,,,,0.0,1.0,
1997-11-27,,,,,0.0,1.0,
1997-11-28,,,,,0.0,1.0,
1997-12-01,,,,,0.0,1.0,
1997-12-02,,,,,0.0,1.0,
1997-12-03,,,,,0.0,1.0,
1997-12-04,,,,,0.0,1.0,
1997-12-05,,,,,0.0,1.0,
1997-12-08,,,,,0.0,1.0,
1997-12-09,,,,,0.0,1.0,
1997-12-10,,,,,0.0,1.0,
1997-12-11,,,,,0.0,1.0,
1997-12-12,,,,,0.0,1.0,
1997-12-15,,,,,0.0,1.0,
1997-12-16,,,,,0.0,1.0,
1997-12-17,,,,,0.0,1.0,
1997-12-18,,,,,0.0,1.0,
1997-12-19,,,,,0.0,1.0,
1997-12-22,,,,,0.0,1.0,
1997-12-23,,,,,0.0,1.0,
1997-12-24,,,,,0.0,1.0,
1997-12-25,,,,,0.0,1.0,
1997-12-26,,,,,0.0,1.0,
1997-12-29,,,,,0.0,1.0,
1997-12-30,,,,,0.0,1.0,
1997-12-31,,,,,0.0,1.0,
1998-01-01,,,,,0.0,1.0,
1998-01-02,,,,,0.0,1.0,
1998-01-05,,,,,0.0,1.0,
1998-01-06,,,,,0.0,1.0,
1998-01-07,,,,,0.0,1.0,
1998-01-08,,,,,0.0,1.0,
1998-01-09,,,,,0.0,1.0,
1998-01-12,,,,,0.0,1.0,
1998-01-13,,,,,0.0,1.0,
1998-01-14,,,,,0.0,1.0,
1998-01-15,,,,,0.0,1.0,
1998-01-16,,,,,0.0,1.0,
1998-01-19,,,,,0.0,1.0,
1998-01-20,,,,,0.0,1.0,
1998-01-21,,,,,0.0,1.0,
1998-01-22,,,,,0.0,1.0,
1998-01-23,,,,,0.0,1.0,
1998-01-26,,,,,0.0,1.0,
1998-01-27,,,,,0.0,1.0,
1998-01-28,,,,,0.0,1.0,
1998-01-29,,,,,0.0,1.0,
1998-01-30,,,,,0.0,1.0,
1998-02-02,,,,,0.0,1.0,
1998-02-03,,,,,0.0,1.0,
1998-02-04,,,,,0.0,1.0,
1998-02-05,,,,,0.0,1.0,
1998-02-06,,,,,0.0,1.0,
1998-02-09,,,,,0.0,1.0,
1998-02-10,,,,,0.0,1.0,
1998-02-11,,,,,0.0,1.0,
1998-02-12,,,,,0.0,1.0,
1998-02-13,,,,,0.0,1.0,
1998-02-16,,,,,0.0,1.0,
1998-02-17,,,,,0.0,1.0,
1998-02-18,,,,,0.0,1.0,
1998-02-19,,,,,0.0,1.0,
1998-02-20,,,,,0.0,1.0,
1998-02-23,,,,,0.0,1.0,
1998-02-24,,,,,0.0,1.0,
1998-02-25,,,,,0.0,1.0,
1998-02-26,,,,,0.0,1.0,
1998-02-27,,,,,0.0,1.0,
1998-03-02,,,,,0.0,1.0,
1998-03-03,,,,,0.0,1.0,
1998-03-04,,,,,0.0,1.0,
1998-03-05,,,,,0.0,1.0,
1998-03-06,,,,,0.0,1.0,
1998-03-09,,,,,0.0,1.0,
1998-03-10,,,,,0.0,1.0,
1998-03-11,,,,,0.0,1.0,
1998-03-12,,,,,0.0,1.0,
1998-03-13,,,,,0.0,1.0,
1998-03-16,,,,,0.0,1.0,
1998-03-17,,,,,0.0,1.0,
1998-03-18,,,,,0.0,1.0,
1998-03-19,,,,,0.0,1.0,
1998-03-20,,,,,0.0,1.0,
1998-03-23,,,,,0.0,1.0,
1998-03-24,,,,,0.0,1.0,
1998-03-25,,,,,0.0,1.0,
1998-03-26,,,,,0.0,1.0,
1998-03-27,,,,,0.0,1.0,
1998-03-30,,,,,0.0,1.0,
1998-03-31,,,,,0.0,1.0,
1998-04-01,,,,,0.0,1.0,
1998-04-02,,,,,0.0,1.0,
1998-04-03,,,,,0.0,1.0,
1998-04-06,,,,,0.0,1.0,
1998-04-07,,,,,0.0,1.0,
1998-04-08,,,,,0.0,1.0,
1998-04-09,,,,,0.0,1.0,
1998-04-10,,,,,0.0,1.0,
1998-04-13,,,,,0.0,1.0,
1998-04-14,,,,,0.0,1.0,
1998-04-15,,,,,0.0,1.0,
1998-04-16,,,,,0.0,1.0,
1998-04-17,,,,,0.0,1.0,
1998-04-20,,,,,0.0,1.0,
1998-04-21,,,,,0.0,1.0,
1998-04-22,,,,,0.0,1.0,
1998-04-23,,,,,0.0,1.0,
1998-04-24,,,,,0.0,1.0,
1998-04-27,,,,,0.0,1.0,
1998-04-28,,,,,0.0,1.0,
1998-04-29,,,,,0.0,1.0,
1998-04-30,,,,,0.0,1.0,
1998-05-01,,,,,0.0,1.0,
1998-05-04,,,,,0.0,1.0,
1998-05-05,,,,,0.0,1.0,
1998-05-06,,,,,0.0,1.0,
1998-05-07,,,,,0.0,1.0,
1998-05-08,,,,,0.0,1.0,
1998-05-11,,,,,0.0,1.0,
1998-05-12,,,,,0.0,1.0,
1998-05-13,,,,,0.0,1.0,
1998-05-14,,,,,0.0,1.0,
1998-05-15,,,,,0.0,1.0,
1998-05-18,,,,,0.0,1.0,
1998-05-19,,,,,0.0,1.0,
1998-05-20,,,,,0.0,1.0,
1998-05-21,,,,,0.0,1.0,
1998-05-22,,,,,0.0,1.0,
1998-05-25,,,,,0.0,1.0,
1998-05-26,,,,,0.0,1.0,
1998-05-27,,,,,0.0,1.0,
1998-05-28,,,,,0.0,1.0,
1998-05-29,,,,,0.0,1.0,
1998-06-01,,,,,0.0,1.0,
1998-06-02,,,,,0.0,1.0,
1998-06-03,,,,,0.0,1.0,
1998-06-04,,,,,0.0,1.0,
1998-06-05,,,,,0.0,1.0,
1998-06-08,,,,,0.0,1.0,
1998-06-09,,,,,0.0,1.0,
1998-06-10,,,,,0.0,1.0,
1998-06-11,,,,,0.0,1.0,
1998-06-12,,,,,0.0,1.0,
1998-06-15,,,,,0.0,1.0,
1998-06-16,,,,,0.0,1.0,
1998-06-17,,,,,0.0,1.0,
1998-06-18,,,,,0.0,1.0,
1998-06-19,,,,,0.0,1.0,
1998-06-22,,,,,0.0,1.0,
1998-06-23,,,,,0.0,1.0,
1998-06-24,,,,,0.0,1.0,
1998-06-25,,,,,0.0,1.0,
1998-06-26,,,,,0.0,1.0,
1998-06-29,,,,,0.0,1.0,
1998-06-30,,,,,0.0,1.0,
1998-07-01,,,,,0.0,1.0,
1998-07-02,,,,,0.0,1.0,
1998-07-03,,,,,0.0,1.0,
1998-07-06,,,,,0.0,1.0,
1998-07-07,,,,,0.0,1.0,
1998-07-08,,,,,0.0,1.0,
1998-07-09,,,,,0.0,1.0,
1998-07-10,,,,,0.0,1.0,
1998-07-13,,,,,0.0,1.0,
1998-07-14,,,,,0.0,1.0,
1998-07-15,,,,,0.0,1.0,
1998-07-16,,,,,0.0,1.0,
1998-07-17,,,,,0.0,1.0,
1998-07-20,,,,,0.0,1.0,
1998-07-21,,,,,0.0,1.0,
1998-07-22,,,,,0.0,1.0,
1998-07-23,,,,,0.0,1.0,
1998-07-24,,,,,0.0,1.0,
1998-07-27,,,,,0.0,1.0,
1998-07-28,,,,,0.0,1.0,
1998-07-29,,,,,0.0,1.0,
1998-07-30,,,,,0.0,1.0,
1998-07-31,,,,,0.0,1.0,
1998-08-03,,,,,0.0,1.0,
1998-08-04,,,,,0.0,1.0,
1998-08-05,,,,,0.0,1.0,
1998-08-06,,,,,0.0,1.0,
1998-08-07,,,,,0.0,1.0,
1998-08-10,,,,,0.0,1.0,
1998-08-11,,,,,0.0,1.0,
1998-08-12,,,,,0.0,1.0,
1998-08-13,,,,,0.0,1.0,
1998-08-14,,,,,0.0,1.0,
1998-08-17,,,,,0.0,1.0,
1998-08-18,,,,,0.0,1.0,
1998-08-19,,,,,0.0,1.0,
1998-08-20,,,,,0.0,1.0,
1998-08-21,,,,,0.0,1.0,
1998-08-24,,,,,0.0,1.0,
1998-08-25,,,,,0.0,1.0,
1998-08-26,,,,,0.0,1.0,
1998-08-27,,,,,0.0,1.0,
1998-08-28,,,,,0.0,1.0,
1998-08-31,,,,,0.0,1.0,
1998-09-01,,,,,0.0,1.0,
1998-09-02,,,,,0.0,1.0,
1998-09-03,,,,,0.0,1.0,
1998-09-04,,,,,0.0,1.0,
1998-09-07,,,,,0.0,1.0,
1998-09-08,,,,,0.0,1.0,
1998-09-09,,,,,0.0,1.0,
1998-09-10,,,,,0.0,1.0,
1998-09-11,,,,,0.0,1.0,
1998-09-14,,,,,0.0,1.0,
1998-09-15,,,,,0.0,1.0,
1998-09-16,,,,,0.0,1.0,
1998-09-17,,,,,0.0,1.0,
1998-09-18,,,,,0.0,1.0,
1998-09-21,,,,,0.0,1.0,
1998-09-22,,,,,0.0,1.0,
1998-09-23,,,,,0.0,1.0,
1998-09-24,,,,,0.0,1.0,
1998-09-25,,,,,0.0,1.0,
1998-09-28,,,,,0.0,1.0,
1998-09-29,,,,,0.0,1.0,
1998-09-30,,,,,0.0,1.0,
1998-10-01,,,,,0.0,1.0,
1998-10-02,,,,,0.0,1.0,
1998-10-05,,,,,0.0,1.0,
1998-10-06,,,,,0.0,1.0,
1998-10-07,,,,,0.0,1.0,
1998-10-08,,,,,0.0,1.0,
1998-10-09,,,,,0.0,1.0,
1998-10-12,,,,,0.0,1.0,
1998-10-13,,,,,0.0,1.0,
1998-10-14,,,,,0.0,1.0,
1998-10-15,,,,,0.0,1.0,
1998-10-16,,,,,0.0,1.0,
1998-10-19,,,,,0.0,1.0,
1998-10-20,,,,,0.0,1.0,
1998-10-21,,,,,0.0,1.0,
1998-10-22,,,,,0.0,1.0,
1998-10-23,,,,,0.0,1.0,
1998-10-26,,,,,0.0,1.0,
1998-10-27,,,,,0.0,1.0,
1998-10-28,,,,,0.0,1.0,
1998-10-29,,,,,0.0,1.0,
1998-10-30,,,,,0.0,1.0,
1998-11-02,,,,,0.0,1.0,
1998-11-03,,,,,0.0,1.0,
1998-11-04,,,,,0.0,1.0,
1998-11-05,,,,,0.0,1.0,
1998-11-06,,,,,0.0,1.0,
1998-11-09,,,,,0.0,1.0,
1998-11-10,,,,,0.0,1.0,
1998-11-11,,,,,0.0,1.0,
1998-11-12,,,,,0.0,1.0,
1998-11-13,,,,,0.0,1.0,
1998-11-16,,,,,0.0,1.0,
1998-11-17,,,,,0.0,1.0,
1998-11-18,,,,,0.0,1.0,
1998-11-19,,,,,0.0,1.0,
1998-11-20,,,,,0.0,1.0,
1998-11-23,,,,,0.0,1.0,
1998-11-24,,,,,0.0,1.0,
1998-11-25,,,,,0.0,1.0,
1998-11-26,,,,,0.0,1.0,
1998-11-27,,,,,0.0,1.0,
1998-11-30,,,,,0.0,1.0,
1998-12-01,,,,,0.0,1.0,
1998-12-02,,,,,0.0,1.0,
1998-12-03,,,,,0.0,1.0,
1998-12-04,,,,,0.0,1.0,
1998-12-07,,,,,0.0,1.0,
1998-12-08,,,,,0.0,1.0,
1998-12-09,,,,,0.0,1.0,
1998-12-10,,,,,0.0,1.0,
1998-12-11,,,,,0.0,1.0,
1998-12-14,,,,,0.0,1.0,
1998-12-15,,,,,0.0,1.0,
1998-12-16,,,,,0.0,1.0,
1998-12-17,,,,,0.0,1.0,
1998-12-18,,,,,0.0,1.0,
1998-12-21,,,,,0.0,1.0,
1998-12-22,,,,,0.0,1.0,
1998-12-23,,,,,0.0,1.0,
1998-12-24,,,,,0.0,1.0,
1998-12-25,,,,,0.0,1.0,
1998-12-28,,,,,0.0,1.0,
1998-12-29,,,,,0.0,1.0,
1998-12-30,,,,,0.0,1.0,
1998-12-31,,,,,0.0,1.0,
1999-01-01,,,,,0.0,1.0,
1999-01-04,,,,,0.0,1.0,
1999-01-05,,,,,0.0,1.0,
1999-01-06,,,,,0.0,1.0,
1999-01-07,,,,,0.0,1.0,
1999-01-08,,,,,0.0,1.0,
1999-01-11,,,,,0.0,1.0,
1999-01-12,,,,,0.0,1.0,
1999-01-13,,,,,0.0,1.0,
1999-01-14,,,,,0.0,1.0,
1999-01-15,,,,,0.0,1.0,
1999-01-18,,,,,0.0,1.0,
1999-01-19,,,,,0.0,1.0,
1999-01-20,,,,,0.0,1.0,
1999-01-21,,,,,0.0,1.0,
1999-01-22,,,,,0.0,1.0,
1999-01-25,,,,,0.0,1.0,
1999-01-26,,,,,0.0,1.0,
1999-01-27,,,,,0.0,1.0,
1999-01-28,,,,,0.0,1.0,
1999-01-29,,,,,0.0,1.0,
1999-02-01,,,,,0.0,1.0,
1999-02-02,,,,,0.0,1.0,
1999-02-03,,,,,0.0,1.0,
1999-02-04,,,,,0.0,1.0,
1999-02-05,,,,,0.0,1.0,
1999-02-08,,,,,0.0,1.0,
1999-02-09,,,,,0.0,1.0,
1999-02-10,,,,,0.0,1.0,
1999-02-11,,,,,0.0,1.0,
1999-02-12,,,,,0.0,1.0,
1999-02-15,,,,,0.0,1.0,
1999-02-16,,,,,0.0,1.0,
1999-02-17,,,,,0.0,1.0,
1999-02-18,,,,,0.0,1.0,
1999-02-19,,,,,0.0,1.0,
1999-02-22,,,,,0.0,1.0,
1999-02-23,,,,,0.0,1.0,
1999-02-24,,,,,0.0,1.0,
1999-02-25,,,,,0.0,1.0,
1999-02-26,,,,,0.0,1.0,
1999-03-01,,,,,0.0,1.0,
1999-03-02,,,,,0.0,1.0,
1999-03-03,,,,,0.0,1.0,
1999-03-04,,,,,0.0,1.0,
1999-03-05,,,,,0.0,1.0,
1999-03-08,,,,,0.0,1.0,
1999-03-09,,,,,0.0,1.0,
1999-03-10,,,,,0.0,1.0,
1999-03-11,,,,,0.0,1.0,
1999-03-12,,,,,0.0,1.0,
1999-03-15,,,,,0.0,1.0,
1999-03-16,,,,,0.0,1.0,
1999-03-17,,,,,0.0,1.0,
1999-03-18,,,,,0.0,1.0,
1999-03-19,,,,,0.0,1.0,
1999-03-22,,,,,0.0,1.0,
1999-03-23,,,,,0.0,1.0,
1999-03-24,,,,,0.0,1.0,
1999-03-25,,,,,0.0,1.0,
1999-03-26,,,,,0.0,1.0,
1999-03-29,,,,,0.0,1.0,
1999-03-30,,,,,0.0,1.0,
1999-03-31,,,,,0.0,1.0,
1999-04-01,,,,,0.0,1.0,
1999-04-02,,,,,0.0,1.0,
1999-04-05,,,,,0.0,1.0,
1999-04-06,,,,,0.0,1.0,
1999-04-07,,,,,0.0,1.0,
1999-04-08,,,,,0.0,1.0,
1999-04-09,,,,,0.0,1.0,
1999-04-12,,,,,0.0,1.0,
1999-04-13,,,,,0.0,1.0,
1999-04-14,,,,,0.0,1.0,
1999-04-15,,,,,0.0,1.0,
1999-04-16,,,,,0.0,1.0,
1999-04-19,,,,,0.0,1.0,
1999-04-20,,,,,0.0,1.0,
1999-04-21,,,,,0.0,1.0,
1999-04-22,,,,,0.0,1.0,
1999-04-23,,,,,0.0,1.0,
1999-04-26,,,,,0.0,1.0,
1999-04-27,,,,,0.0,1.0,
1999-04-28,,,,,0.0,1.0,
1999-04-29,,,,,0.0,1.0,
1999-04-30,,,,,0.0,1.0,
1999-05-03,,,,,0.0,1.0,
1999-05-04,,,,,0.0,1.0,
1999-05-05,,,,,0.0,1.0,
1999-05-06,,,,,0.0,1.0,
1999-05-07,,,,,0.0,1.0,
1999-05-10,,,,,0.0,1.0,
1999-05-11,,,,,0.0,1.0,
1999-05-12,,,,,0.0,1.0,
1999-05-13,,,,,0.0,1.0,
1999-05-14,,,,,0.0,1.0,
1999-05-17,,,,,0.0,1.0,
1999-05-18,,,,,0.0,1.0,
1999-05-19,,,,,0.0,1.0,
1999-05-20,,,,,0.0,1.0,
1999-05-21,,,,,0.0,1.0,
1999-05-24,,,,,0.0,1.0,
1999-05-25,,,,,0.0,1.0,
1999-05-26,,,,,0.0,1.0,
1999-05-27,,,,,0.0,1.0,
1999-05-28,,,,,0.0,1.0,
1999-05-31,,,,,0.0,1.0,
1999-06-01,,,,,0.0,1.0,
1999-06-02,,,,,0.0,1.0,
1999-06-03,,,,,0.0,1.0,
1999-06-04,,,,,0.0,1.0,
1999-06-07,,,,,0.0,1.0,
1999-06-08,,,,,0.0,1.0,
1999-06-09,,,,,0.0,1.0,
1999-06-10,,,,,0.0,1.0,
1999-06-11,,,,,0.0,1.0,
1999-06-14,,,,,0.0,1.0,
1999-06-15,,,,,0.0,1.0,
1999-06-16,,,,,0.0,1.0,
1999-06-17,,,,,0.0,1.0,
1999-06-18,,,,,0.0,1.0,
1999-06-21,,,,,0.0,1.0,
1999-06-22,,,,,0.0,1.0,
1999-06-23,,,,,0.0,1.0,
1999-06-24,,,,,0.0,1.0,
1999-06-25,,,,,0.0,1.0,
1999-06-28,,,,,0.0,1.0,
1999-06-29,,,,,0.0,1.0,
1999-06-30,,,,,0.0,1.0,
1999-07-01,,,,,0.0,1.0,
1999-07-02,,,,,0.0,1.0,
1999-07-05,,,,,0.0,1.0,
1999-07-06,,,,,0.0,1.0,
1999-07-07,,,,,0.0,1.0,
1999-07-08,,,,,0.0,1.0,
1999-07-09,,,,,0.0,1.0,
1999-07-12,,,,,0.0,1.0,
1999-07-13,,,,,0.0,1.0,
1999-07-14,,,,,0.0,1.0,
1999-07-15,,,,,0.0,1.0,
1999-07-16,,,,,0.0,1.0,
1999-07-19,,,,,0.0,1.0,
1999-07-20,,,,,0.0,1.0,
1999-07-21,,,,,0.0,1.0,
1999-07-22,,,,,0.0,1.0,
1999-07-23,,,,,0.0,1.0,
1999-07-26,,,,,0.0,1.0,
1999-07-27,,,,,0.0,1.0,
1999-07-28,,,,,0.0,1.0,
1999-07-29,,,,,0.0,1.0,
1999-07-30,,,,,0.0,1.0,
1999-08-02,,,,,0.0,1.0,
1999-08-03,,,,,0.0,1.0,
1999-08-04,,,,,0.0,1.0,
1999-08-05,,,,,0.0,1.0,
1999-08-06,,,,,0.0,1.0,
1999-08-09,,,,,0.0,1.0,
1999-08-10,,,,,0.0,1.0,
1999-08-11,,,,,0.0,1.0,
1999-08-12,,,,,0.0,1.0,
1999-08-13,,,,,0.0,1.0,
1999-08-16,,,,,0.0,1.0,
1999-08-17,,,,,0.0,1.0,
1999-08-18,,,,,0.0,1.0,
1999-08-19,,,,,0.0,1.0,
1999-08-20,,,,,0.0,1.0,
1999-08-23,,,,,0.0,1.0,
1999-08-24,,,,,0.0,1.0,
1999-08-25,,,,,0.0,1.0,
1999-08-26,,,,,0.0,1.0,
1999-08-27,,,,,0.0,1.0,
1999-08-30,,,,,0.0,1.0,
1999-08-31,,,,,0.0,1.0,
1999-09-01,,,,,0.0,1.0,
1999-09-02,,,,,0.0,1.0,
1999-09-03,,,,,0.0,1.0,
1999-09-06,,,,,0.0,1.0,
1999-09-07,,,,,0.0,1.0,
1999-09-08,,,,,0.0,1.0,
1999-09-09,,,,,0.0,1.0,
1999-09-10,,,,,0.0,1.0,
1999-09-13,,,,,0.0,1.0,
1999-09-14,,,,,0.0,1.0,
1999-09-15,,,,,0.0,1.0,
1999-09-16,,,,,0.0,1.0,
1999-09-17,,,,,0.0,1.0,
1999-09-20,,,,,0.0,1.0,
1999-09-21,,,,,0.0,1.0,
1999-09-22,,,,,0.0,1.0,
1999-09-23,,,,,0.0,1.0,
1999-09-24,,,,,0.0,1.0,
1999-09-27,,,,,0.0,1.0,
1999-09-28,,,,,0.0,1.0,
1999-09-29,,,,,0.0,1.0,
1999-09-30,,,,,0.0,1.0,
1999-10-01,,,,,0.0,1.0,
1999-10-04,,,,,0.0,1.0,
1999-10-05,,,,,0.0,1.0,
1999-10-06,,,,,0.0,1.0,
1999-10-07,,,,,0.0,1.0,
1999-10-08,,,,,0.0,1.0,
1999-10-11,,,,,0.0,1.0,
1999-10-12,,,,,0.0,1.0,
1999-10-13,,,,,0.0,1.0,
1999-10-14,,,,,0.0,1.0,
1999-10-15,,,,,0.0,1.0,
1999-10-18,,,,,0.0,1.0,
1999-10-19,,,,,0.0,1.0,
1999-10-20,,,,,0.0,1.0,
1999-10-21,,,,,0.0,1.0,
1999-10-22,,,,,0.0,1.0,
1999-10-25,,,,,0.0,1.0,
1999-10-26,,,,,0.0,1.0,
1999-10-27,,,,,0.0,1.0,
1999-10-28,,,,,0.0,1.0,
1999-10-29,,,,,0.0,1.0,
1999-11-01,,,,,0.0,1.0,
1999-11-02,,,,,0.0,1.0,
1999-11-03,,,,,0.0,1.0,
1999-11-04,,,,,0.0,1.0,
1999-11-05,,,,,0.0,1.0,
1999-11-08,,,,,0.0,1.0,
1999-11-09,,,,,0.0,1.0,
1999-11-10,,,,,0.0,1.0,
1999-11-11,,,,,0.0,1.0,
1999-11-12,,,,,0.0,1.0,
1999-11-15,,,,,0.0,1.0,
1999-11-16,,,,,0.0,1.0,
1999-11-17,,,,,0.0,1.0,
1999-11-18,,,,,0.0,1.0,
1999-11-19,,,,,0.0,1.0,
1999-11-22,,,,,0.0,1.0,
1999-11-23,,,,,0.0,1.0,
1999-11-24,,,,,0.0,1.0,
1999-11-25,,,,,0.0,1.0,
1999-11-26,,,,,0.0,1.0,
1999-11-29,,,,,0.0,1.0,
1999-11-30,,,,,0.0,1.0,
1999-12-01,,,,,0.0,1.0,
1999-12-02,,,,,0.0,1.0,
1999-12-03,,,,,0.0,1.0,
1999-12-06,,,,,0.0,1.0,
1999-12-07,,,,,0.0,1.0,
1999-12-08,,,,,0.0,1.0,
1999-12-09,,,,,0.0,1.0,
1999-12-10,,,,,0.0,1.0,
1999-12-13,,,,,0.0,1.0,
1999-12-14,,,,,0.0,1.0,
1999-12-15,,,,,0.0,1.0,
1999-12-16,,,,,0.0,1.0,
1999-12-17,,,,,0.0,1.0,
1999-12-20,,,,,0.0,1.0,
1999-12-21,,,,,0.0,1.0,
1999-12-22,,,,,0.0,1.0,
1999-12-23,,,,,0.0,1.0,
1999-12-24,,,,,0.0,1.0,
1999-12-27,,,,,0.0,1.0,
1999-12-28,,,,,0.0,1.0,
1999-12-29,,,,,0.0,1.0,
1999-12-30,,,,,0.0,1.0,
1999-12-31,,,,,0.0,1.0,
2000-01-03,,,,,0.0,1.0,
2000-01-04,,,,,0.0,1.0,
2000-01-05,,,,,0.0,1.0,
2000-01-06,,,,,0.0,1.0,
2000-01-07,,,,,0.0,1.0,
2000-01-10,,,,,0.0,1.0,
2000-01-11,,,,,0.0,1.0,
2000-01-12,,,,,0.0,1.0,
2000-01-13,,,,,0.0,1.0,
2000-01-14,,,,,0.0,1.0,
2000-01-17,,,,,0.0,1.0,
2000-01-18,,,,,0.0,1.0,
2000-01-19,,,,,0.0,1.0,
2000-01-20,,,,,0.0,1.0,
2000-01-21,,,,,0.0,1.0,
2000-01-24,,,,,0.0,1.0,
2000-01-25,,,,,0.0,1.0,
2000-01-26,,,,,0.0,1.0,
2000-01-27,,,,,0.0,1.0,
2000-01-28,,,,,0.0,1.0,
2000-01-31,,,,,0.0,1.0,
2000-02-01,,,,,0.0,1.0,
2000-02-02,,,,,0.0,1.0,
2000-02-03,,,,,0.0,1.0,
2000-02-04,,,,,0.0,1.0,
2000-02-07,,,,,0.0,1.0,
2000-02-08,,,,,0.0,1.0,
2000-02-09,,,,,0.0,1.0,
2000-02-10,,,,,0.0,1.0,
2000-02-11,,,,,0.0,1.0,
2000-02-14,,,,,0.0,1.0,
2000-02-15,,,,,0.0,1.0,
2000-02-16,,,,,0.0,1.0,
2000-02-17,,,,,0.0,1.0,
2000-02-18,,,,,0.0,1.0,
2000-02-21,,,,,0.0,1.0,
2000-02-22,,,,,0.0,1.0,
2000-02-23,,,,,0.0,1.0,
2000-02-24,,,,,0.0,1.0,
2000-02-25,,,,,0.0,1.0,
2000-02-28,,,,,0.0,1.0,
2000-02-29,,,,,0.0,1.0,
2000-03-01,,,,,0.0,1.0,
2000-03-02,,,,,0.0,1.0,
2000-03-03,,,,,0.0,1.0,
2000-03-06,,,,,0.0,1.0,
2000-03-07,,,,,0.0,1.0,
2000-03-08,,,,,0.0,1.0,
2000-03-09,,,,,0.0,1.0,
2000-03-10,,,,,0.0,1.0,
2000-03-13,,,,,0.0,1.0,
2000-03-14,,,,,0.0,1.0,
2000-03-15,,,,,0.0,1.0,
2000-03-16,,,,,0.0,1.0,
2000-03-17,,,,,0.0,1.0,
2000-03-20,,,,,0.0,1.0,
2000-03-21,,,,,0.0,1.0,
2000-03-22,,,,,0.0,1.0,
2000-03-23,,,,,0.0,1.0,
2000-03-24,,,,,0.0,1.0,
2000-03-27,,,,,0.0,1.0,
2000-03-28,,,,,0.0,1.0,
2000-03-29,,,,,0.0,1.0,
2000-03-30,,,,,0.0,1.0,
2000-03-31,,,,,0.0,1.0,
2000-04-03,,,,,0.0,1.0,
2000-04-04,,,,,0.0,1.0,
2000-04-05,,,,,0.0,1.0,
2000-04-06,,,,,0.0,1.0,
2000-04-07,,,,,0.0,1.0,
2000-04-10,,,,,0.0,1.0,
2000-04-11,,,,,0.0,1.0,
2000-04-12,,,,,0.0,1.0,
2000-04-13,,,,,0.0,1.0,
2000-04-14,,,,,0.0,1.0,
2000-04-17,,,,,0.0,1.0,
2000-04-18,,,,,0.0,1.0,
2000-04-19,,,,,0.0,1.0,
2000-04-20,,,,,0.0,1.0,
2000-04-21,,,,,0.0,1.0,
2000-04-24,,,,,0.0,1.0,
2000-04-25,,,,,0.0,1.0,
2000-04-26,,,,,0.0,1.0,
2000-04-27,,,,,0.0,1.0,
2000-04-28,,,,,0.0,1.0,
2000-05-01,,,,,0.0,1.0,
2000-05-02,,,,,0.0,1.0,
2000-05-03,,,,,0.0,1.0,
2000-05-04,,,,,0.0,1.0,
2000-05-05,,,,,0.0,1.0,
2000-05-08,,,,,0.0,1.0,
2000-05-09,,,,,0.0,1.0,
2000-05-10,,,,,0.0,1.0,
2000-05-11,,,,,0.0,1.0,
2000-05-12,,,,,0.0,1.0,
2000-05-15,,,,,0.0,1.0,
2000-05-16,,,,,0.0,1.0,
2000-05-17,,,,,0.0,1.0,
2000-05-18,,,,,0.0,1.0,
2000-05-19,,,,,0.0,1.0,
2000-05-22,,,,,0.0,1.0,
2000-05-23,,,,,0.0,1.0,
2000-05-24,,,,,0.0,1.0,
2000-05-25,,,,,0.0,1.0,
2000-05-26,,,,,0.0,1.0,
2000-05-29,,,,,0.0,1.0,
2000-05-30,,,,,0.0,1.0,
2000-05-31,,,,,0.0,1.0,
2000-06-01,,,,,0.0,1.0,
2000-06-02,,,,,0.0,1.0,
2000-06-05,,,,,0.0,1.0,
2000-06-06,,,,,0.0,1.0,
2000-06-07,,,,,0.0,1.0,
2000-06-08,,,,,0.0,1.0,
2000-06-09,,,,,0.0,1.0,
2000-06-12,,,,,0.0,1.0,
2000-06-13,,,,,0.0,1.0,
2000-06-14,,,,,0.0,1.0,
2000-06-15,,,,,0.0,1.0,
2000-06-16,,,,,0.0,1.0,
2000-06-19,,,,,0.0,1.0,
2000-06-20,,,,,0.0,1.0,
2000-06-21,,,,,0.0,1.0,
2000-06-22,,,,,0.0,1.0,
2000-06-23,,,,,0.0,1.0,
2000-06-26,,,,,0.0,1.0,
2000-06-27,,,,,0.0,1.0,
2000-06-28,,,,,0.0,1.0,
2000-06-29,,,,,0.0,1.0,
2000-06-30,,,,,0.0,1.0,
2000-07-03,,,,,0.0,1.0,
2000-07-04,,,,,0.0,1.0,
2000-07-05,,,,,0.0,1.0,
2000-07-06,,,,,0.0,1.0,
2000-07-07,,,,,0.0,1.0,
2000-07-10,,,,,0.0,1.0,
2000-07-11,,,,,0.0,1.0,
2000-07-12,,,,,0.0,1.0,
2000-07-13,,,,,0.0,1.0,
2000-07-14,,,,,0.0,1.0,
2000-07-17,,,,,0.0,1.0,
2000-07-18,,,,,0.0,1.0,
2000-07-19,,,,,0.0,1.0,
2000-07-20,,,,,0.0,1.0,
2000-07-21,,,,,0.0,1.0,
2000-07-24,,,,,0.0,1.0,
2000-07-25,,,,,0.0,1.0,
2000-07-26,,,,,0.0,1.0,
2000-07-27,,,,,0.0,1.0,
2000-07-28,,,,,0.0,1.0,
2000-07-31,,,,,0.0,1.0,
2000-08-01,,,,,0.0,1.0,
2000-08-02,,,,,0.0,1.0,
2000-08-03,,,,,0.0,1.0,
2000-08-04,,,,,0.0,1.0,
2000-08-07,,,,,0.0,1.0,
2000-08-08,,,,,0.0,1.0,
2000-08-09,,,,,0.0,1.0,
2000-08-10,,,,,0.0,1.0,
2000-08-11,,,,,0.0,1.0,
2000-08-14,,,,,0.0,1.0,
2000-08-15,,,,,0.0,1.0,
2000-08-16,,,,,0.0,1.0,
2000-08-17,,,,,0.0,1.0,
2000-08-18,,,,,0.0,1.0,
2000-08-21,,,,,0.0,1.0,
2000-08-22,,,,,0.0,1.0,
2000-08-23,,,,,0.0,1.0,
2000-08-24,,,,,0.0,1.0,
2000-08-25,,,,,0.0,1.0,
2000-08-28,,,,,0.0,1.0,
2000-08-29,,,,,0.0,1.0,
2000-08-30,,,,,0.0,1.0,
2000-08-31,,,,,0.0,1.0,
2000-09-01,,,,,0.0,1.0,
2000-09-04,,,,,0.0,1.0,
2000-09-05,,,,,0.0,1.0,
2000-09-06,,,,,0.0,1.0,
2000-09-07,,,,,0.0,1.0,
2000-09-08,,,,,0.0,1.0,
2000-09-11,,,,,0.0,1.0,
2000-09-12,,,,,0.0,1.0,
2000-09-13,,,,,0.0,1.0,
2000-09-14,,,,,0.0,1.0,
2000-09-15,,,,,0.0,1.0,
2000-09-18,,,,,0.0,1.0,
2000-09-19,,,,,0.0,1.0,
2000-09-20,,,,,0.0,1.0,
2000-09-21,,,,,0.0,1.0,
2000-09-22,,,,,0.0,1.0,
2000-09-25,,,,,0.0,1.0,
2000-09-26,,,,,0.0,1.0,
2000-09-27,,,,,0.0,1.0,
2000-09-28,,,,,0.0,1.0,
2000-09-29,,,,,0.0,1.0,
2000-10-02,,,,,0.0,1.0,
2000-10-03,,,,,0.0,1.0,
2000-10-04,,,,,0.0,1.0,
2000-10-05,,,,,0.0,1.0,
2000-10-06,,,,,0.0,1.0,
2000-10-09,,,,,0.0,1.0,
2000-10-10,,,,,0.0,1.0,
2000-10-11,,,,,0.0,1.0,
2000-10-12,,,,,0.0,1.0,
2000-10-13,,,,,0.0,1.0,
2000-10-16,,,,,0.0,1.0,
2000-10-17,,,,,0.0,1.0,
2000-10-18,,,,,0.0,1.0,
2000-10-19,,,,,0.0,1.0,
2000-10-20,,,,,0.0,1.0,
2000-10-23,,,,,0.0,1.0,
2000-10-24,,,,,0.0,1.0,
2000-10-25,,,,,0.0,1.0,
2000-10-26,,,,,0.0,1.0,
2000-10-27,,,,,0.0,1.0,
2000-10-30,,,,,0.0,1.0,
2000-10-31,,,,,0.0,1.0,
2000-11-01,,,,,0.0,1.0,
2000-11-02,,,,,0.0,1.0,
2000-11-03,,,,,0.0,1.0,
2000-11-06,,,,,0.0,1.0,
2000-11-07,,,,,0.0,1.0,
2000-11-08,,,,,0.0,1.0,
2000-11-09,,,,,0.0,1.0,
2000-11-10,,,,,0.0,1.0,
2000-11-13,,,,,0.0,1.0,
2000-11-14,,,,,0.0,1.0,
2000-11-15,,,,,0.0,1.0,
2000-11-16,,,,,0.0,1.0,
2000-11-17,,,,,0.0,1.0,
2000-11-20,,,,,0.0,1.0,
2000-11-21,,,,,0.0,1.0,
2000-11-22,,,,,0.0,1.0,
2000-11-23,,,,,0.0,1.0,
2000-11-24,,,,,0.0,1.0,
2000-11-27,,,,,0.0,1.0,
2000-11-28,,,,,0.0,1.0,
2000-11-29,,,,,0.0,1.0,
2000-11-30,,,,,0.0,1.0,
2000-12-01,,,,,0.0,1.0,
2000-12-04,,,,,0.0,1.0,
2000-12-05,,,,,0.0,1.0,
2000-12-06,,,,,0.0,1.0,
2000-12-07,,,,,0.0,1.0,
2000-12-08,,,,,0.0,1.0,
2000-12-11,,,,,0.0,1.0,
2000-12-12,,,,,0.0,1.0,
2000-12-13,,,,,0.0,1.0,
2000-12-14,,,,,0.0,1.0,
2000-12-15,,,,,0.0,1.0,
2000-12-18,,,,,0.0,1.0,
2000-12-19,,,,,0.0,1.0,
2000-12-20,,,,,0.0,1.0,
2000-12-21,,,,,0.0,1.0,
2000-12-22,,,,,0.0,1.0,
2000-12-25,,,,,0.0,1.0,
2000-12-26,,,,,0.0,1.0,
2000-12-27,,,,,0.0,1.0,
2000-12-28,,,,,0.0,1.0,
2000-12-29,,,,,0.0,1.0,
2001-01-01,,,,,0.0,1.0,
2001-01-02,,,,,0.0,1.0,
2001-01-03,,,,,0.0,1.0,
2001-01-04,,,,,0.0,1.0,
2001-01-05,,,,,0.0,1.0,
2001-01-08,,,,,0.0,1.0,
2001-01-09,,,,,0.0,1.0,
2001-01-10,,,,,0.0,1.0,
2001-01-11,,,,,0.0,1.0,
2001-01-12,,,,,0.0,1.0,
2001-01-15,,,,,0.0,1.0,
2001-01-16,,,,,0.0,1.0,
2001-01-17,,,,,0.0,1.0,
2001-01-18,,,,,0.0,1.0,
2001-01-19,,,,,0.0,1.0,
2001-01-22,,,,,0.0,1.0,
2001-01-23,,,,,0.0,1.0,
2001-01-24,,,,,0.0,1.0,
2001-01-25,,,,,0.0,1.0,
2001-01-26,,,,,0.0,1.0,
2001-01-29,,,,,0.0,1.0,
2001-01-30,,,,,0.0,1.0,
2001-01-31,,,,,0.0,1.0,
2001-02-01,,,,,0.0,1.0,
2001-02-02,,,,,0.0,1.0,
2001-02-05,,,,,0.0,1.0,
2001-02-06,,,,,0.0,1.0,
2001-02-07,,,,,0.0,1.0,
2001-02-08,,,,,0.0,1.0,
2001-02-09,,,,,0.0,1.0,
2001-02-12,,,,,0.0,1.0,
2001-02-13,,,,,0.0,1.0,
2001-02-14,,,,,0.0,1.0,
2001-02-15,,,,,0.0,1.0,
2001-02-16,,,,,0.0,1.0,
2001-02-19,,,,,0.0,1.0,
2001-02-20,,,,,0.0,1.0,
2001-02-21,,,,,0.0,1.0,
2001-02-22,,,,,0.0,1.0,
2001-02-23,,,,,0.0,1.0,
2001-02-26,,,,,0.0,1.0,
2001-02-27,,,,,0.0,1.0,
2001-02-28,,,,,0.0,1.0,
2001-03-01,,,,,0.0,1.0,
2001-03-02,,,,,0.0,1.0,
2001-03-05,,,,,0.0,1.0,
2001-03-06,,,,,0.0,1.0,
2001-03-07,,,,,0.0,1.0,
2001-03-08,,,,,0.0,1.0,
2001-03-09,,,,,0.0,1.0,
2001-03-12,,,,,0.0,1.0,
2001-03-13,,,,,0.0,1.0,
2001-03-14,,,,,0.0,1.0,
2001-03-15,,,,,0.0,1.0,
2001-03-16,,,,,0.0,1.0,
2001-03-19,,,,,0.0,1.0,
2001-03-20,,,,,0.0,1.0,
2001-03-21,,,,,0.0,1.0,
2001-03-22,,,,,0.0,1.0,
2001-03-23,,,,,0.0,1.0,
2001-03-26,,,,,0.0,1.0,
2001-03-27,,,,,0.0,1.0,
2001-03-28,,,,,0.0,1.0,
2001-03-29,,,,,0.0,1.0,
2001-03-30,,,,,0.0,1.0,
2001-04-02,,,,,0.0,1.0,
2001-04-03,,,,,0.0,1.0,
2001-04-04,,,,,0.0,1.0,
2001-04-05,,,,,0.0,1.0,
2001-04-06,,,,,0.0,1.0,
2001-04-09,,,,,0.0,1.0,
2001-04-10,,,,,0.0,1.0,
2001-04-11,,,,,0.0,1.0,
2001-04-12,,,,,0.0,1.0,
2001-04-13,,,,,0.0,1.0,
2001-04-16,,,,,0.0,1.0,
2001-04-17,,,,,0.0,1.0,
2001-04-18,,,,,0.0,1.0,
2001-04-19,,,,,0.0,1.0,
2001-04-20,,,,,0.0,1.0,
2001-04-23,,,,,0.0,1.0,
2001-04-24,,,,,0.0,1.0,
2001-04-25,,,,,0.0,1.0,
2001-04-26,,,,,0.0,1.0,
2001-04-27,,,,,0.0,1.0,
2001-04-30,,,,,0.0,1.0,
2001-05-01,,,,,0.0,1.0,
2001-05-02,,,,,0.0,1.0,
2001-05-03,,,,,0.0,1.0,
2001-05-04,,,,,0.0,1.0,
2001-05-07,,,,,0.0,1.0,
2001-05-08,,,,,0.0,1.0,
2001-05-09,,,,,0.0,1.0,
2001-05-10,,,,,0.0,1.0,
2001-05-11,,,,,0.0,1.0,
2001-05-14,,,,,0.0,1.0,
2001-05-15,,,,,0.0,1.0,
2001-05-16,,,,,0.0,1.0,
2001-05-17,,,,,0.0,1.0,
2001-05-18,,,,,0.0,1.0,
2001-05-21,,,,,0.0,1.0,
2001-05-22,,,,,0.0,1.0,
2001-05-23,,,,,0.0,1.0,
2001-05-24,,,,,0.0,1.0,
2001-05-25,,,,,0.0,1.0,
2001-05-28,,,,,0.0,1.0,
2001-05-29,,,,,0.0,1.0,
2001-05-30,,,,,0.0,1.0,
2001-05-31,,,,,0.0,1.0,
2001-06-01,,,,,0.0,1.0,
2001-06-04,,,,,0.0,1.0,
2001-06-05,,,,,0.0,1.0,
2001-06-06,,,,,0.0,1.0,
2001-06-07,,,,,0.0,1.0,
2001-06-08,,,,,0.0,1.0,
2001-06-11,,,,,0.0,1.0,
2001-06-12,,,,,0.0,1.0,
2001-06-13,,,,,0.0,1.0,
2001-06-14,,,,,0.0,1.0,
2001-06-15,,,,,0.0,1.0,
2001-06-18,,,,,0.0,1.0,
2001-06-19,,,,,0.0,1.0,
2001-06-20,,,,,0.0,1.0,
2001-06-21,,,,,0.0,1.0,
2001-06-22,,,,,0.0,1.0,
2001-06-25,,,,,0.0,1.0,
2001-06-26,,,,,0.0,1.0,
2001-06-27,,,,,0.0,1.0,
2001-06-28,,,,,0.0,1.0,
2001-06-29,,,,,0.0,1.0,
2001-07-02,,,,,0.0,1.0,
2001-07-03,,,,,0.0,1.0,
2001-07-04,,,,,0.0,1.0,
2001-07-05,,,,,0.0,1.0,
2001-07-06,,,,,0.0,1.0,
2001-07-09,,,,,0.0,1.0,
2001-07-10,,,,,0.0,1.0,
2001-07-11,,,,,0.0,1.0,
2001-07-12,,,,,0.0,1.0,
2001-07-13,,,,,0.0,1.0,
2001-07-16,,,,,0.0,1.0,
2001-07-17,,,,,0.0,1.0,
2001-07-18,,,,,0.0,1.0,
2001-07-19,,,,,0.0,1.0,
2001-07-20,,,,,0.0,1.0,
2001-07-23,,,,,0.0,1.0,
2001-07-24,,,,,0.0,1.0,
2001-07-25,,,,,0.0,1.0,
2001-07-26,,,,,0.0,1.0,
2001-07-27,,,,,0.0,1.0,
2001-07-30,,,,,0.0,1.0,
2001-07-31,,,,,0.0,1.0,
2001-08-01,,,,,0.0,1.0,
2001-08-02,,,,,0.0,1.0,
2001-08-03,,,,,0.0,1.0,
2001-08-06,,,,,0.0,1.0,
2001-08-07,,,,,0.0,1.0,
2001-08-08,,,,,0.0,1.0,
2001-08-09,,,,,0.0,1.0,
2001-08-10,,,,,0.0,1.0,
2001-08-13,,,,,0.0,1.0,
2001-08-14,,,,,0.0,1.0,
2001-08-15,,,,,0.0,1.0,
2001-08-16,,,,,0.0,1.0,
2001-08-17,,,,,0.0,1.0,
2001-08-20,,,,,0.0,1.0,
2001-08-21,,,,,0.0,1.0,
2001-08-22,,,,,0.0,1.0,
2001-08-23,,,,,0.0,1.0,
2001-08-24,,,,,0.0,1.0,
2001-08-27,,,,,0.0,1.0,
2001-08-28,,,,,0.0,1.0,
2001-08-29,,,,,0.0,1.0,
2001-08-30,,,,,0.0,1.0,
2001-08-31,,,,,0.0,1.0,
2001-09-03,,,,,0.0,1.0,
2001-09-04,,,,,0.0,1.0,
2001-09-05,,,,,0.0,1.0,
2001-09-06,,,,,0.0,1.0,
2001-09-07,,,,,0.0,1.0,
2001-09-10,,,,,0.0,1.0,
2001-09-11,,,,,0.0,1.0,
2001-09-12,,,,,0.0,1.0,
2001-09-13,,,,,0.0,1.0,
2001-09-14,,,,,0.0,1.0,
2001-09-17,,,,,0.0,1.0,
2001-09-18,,,,,0.0,1.0,
2001-09-19,,,,,0.0,1.0,
2001-09-20,,,,,0.0,1.0,
2001-09-21,,,,,0.0,1.0,
2001-09-24,,,,,0.0,1.0,
2001-09-25,,,,,0.0,1.0,
2001-09-26,,,,,0.0,1.0,
2001-09-27,,,,,0.0,1.0,
2001-09-28,,,,,0.0,1.0,
2001-10-01,,,,,0.0,1.0,
2001-10-02,,,,,0.0,1.0,
2001-10-03,,,,,0.0,1.0,
2001-10-04,,,,,0.0,1.0,
2001-10-05,,,,,0.0,1.0,
2001-10-08,,,,,0.0,1.0,
2001-10-09,,,,,0.0,1.0,
2001-10-10,,,,,0.0,1.0,
2001-10-11,,,,,0.0,1.0,
2001-10-12,,,,,0.0,1.0,
2001-10-15,,,,,0.0,1.0,
2001-10-16,,,,,0.0,1.0,
2001-10-17,,,,,0.0,1.0,
2001-10-18,,,,,0.0,1.0,
2001-10-19,,,,,0.0,1.0,
2001-10-22,,,,,0.0,1.0,
2001-10-23,,,,,0.0,1.0,
2001-10-24,,,,,0.0,1.0,
2001-10-25,,,,,0.0,1.0,
2001-10-26,,,,,0.0,1.0,
2001-10-29,,,,,0.0,1.0,
2001-10-30,,,,,0.0,1.0,
2001-10-31,,,,,0.0,1.0,
2001-11-01,,,,,0.0,1.0,
2001-11-02,,,,,0.0,1.0,
2001-11-05,,,,,0.0,1.0,
2001-11-06,,,,,0.0,1.0,
2001-11-07,,,,,0.0,1.0,
2001-11-08,,,,,0.0,1.0,
2001-11-09,,,,,0.0,1.0,
2001-11-12,,,,,0.0,1.0,
2001-11-13,,,,,0.0,1.0,
2001-11-14,,,,,0.0,1.0,
2001-11-15,,,,,0.0,1.0,
2001-11-16,,,,,0.0,1.0,
2001-11-19,,,,,0.0,1.0,
2001-11-20,,,,,0.0,1.0,
2001-11-21,,,,,0.0,1.0,
2001-11-22,,,,,0.0,1.0,
2001-11-23,,,,,0.0,1.0,
2001-11-26,,,,,0.0,1.0,
2001-11-27,,,,,0.0,1.0,
2001-11-28,,,,,0.0,1.0,
2001-11-29,,,,,0.0,1.0,
2001-11-30,,,,,0.0,1.0,
2001-12-01,,,,,0.0,1.0,
2001-12-03,,,,,0.0,1.0,
2001-12-04,,,,,0.0,1.0,
2001-12-05,,,,,0.0,1.0,
2001-12-06,,,,,0.0,1.0,
2001-12-07,,,,,0.0,1.0,
2001-12-10,,,,,0.0,1.0,
2001-12-11,,,,,0.0,1.0,
2001-12-12,,,,,0.0,1.0,
2001-12-13,,,,,0.0,1.0,
2001-12-14,,,,,0.0,1.0,
2001-12-17,,,,,0.0,1.0,
2001-12-18,,,,,0.0,1.0,
2001-12-19,,,,,0.0,1.0,
2001-12-20,,,,,0.0,1.0,
2001-12-21,,,,,0.0,1.0,
2001-12-24,,,,,0.0,1.0,
2001-12-25,,,,,0.0,1.0,
2001-12-26,,,,,0.0,1.0,
2001-12-27,,,,,0.0,1.0,
2001-12-28,,,,,0.0,1.0,
2001-12-31,,,,,0.0,1.0,
2002-01-01,,,,,0.0,1.0,
2002-01-02,,,,,0.0,1.0,
2002-01-03,,,,,0.0,1.0,
2002-01-04,,,,,0.0,1.0,
2002-01-07,,,,,0.0,1.0,
2002-01-08,,,,,0.0,1.0,
2002-01-09,,,,,0.0,1.0,
2002-01-10,,,,,0.0,1.0,
2002-01-11,,,,,0.0,1.0,
2002-01-14,,,,,0.0,1.0,
2002-01-15,,,,,0.0,1.0,
2002-01-16,,,,,0.0,1.0,
2002-01-17,,,,,0.0,1.0,
2002-01-18,,,,,0.0,1.0,
2002-01-21,,,,,0.0,1.0,
2002-01-22,,,,,0.0,1.0,
2002-01-23,,,,,0.0,1.0,
2002-01-24,,,,,0.0,1.0,
2002-01-25,,,,,0.0,1.0,
2002-01-28,,,,,0.0,1.0,
2002-01-29,,,,,0.0,1.0,
2002-01-30,,,,,0.0,1.0,
2002-01-31,,,,,0.0,1.0,
2002-02-01,,,,,0.0,1.0,
2002-02-04,,,,,0.0,1.0,
2002-02-05,,,,,0.0,1.0,
2002-02-06,,,,,0.0,1.0,
2002-02-07,,,,,0.0,1.0,
2002-02-08,,,,,0.0,1.0,
2002-02-11,,,,,0.0,1.0,
2002-02-12,,,,,0.0,1.0,
2002-02-13,,,,,0.0,1.0,
2002-02-14,,,,,0.0,1.0,
2002-02-15,,,,,0.0,1.0,
2002-02-18,,,,,0.0,1.0,
2002-02-19,,,,,0.0,1.0,
2002-02-20,,,,,0.0,1.0,
2002-02-21,,,,,0.0,1.0,
2002-02-22,,,,,0.0,1.0,
2002-02-25,,,,,0.0,1.0,
2002-02-26,,,,,0.0,1.0,
2002-02-27,,,,,0.0,1.0,
2002-02-28,,,,,0.0,1.0,
2002-03-01,,,,,0.0,1.0,
2002-03-04,,,,,0.0,1.0,
2002-03-05,,,,,0.0,1.0,
2002-03-06,,,,,0.0,1.0,
2002-03-07,,,,,0.0,1.0,
2002-03-08,,,,,0.0,1.0,
2002-03-11,,,,,0.0,1.0,
2002-03-12,,,,,0.0,1.0,
2002-03-13,,,,,0.0,1.0,
2002-03-14,,,,,0.0,1.0,
2002-03-15,,,,,0.0,1.0,
2002-03-18,,,,,0.0,1.0,
2002-03-19,,,,,0.0,1.0,
2002-03-20,,,,,0.0,1.0,
2002-03-21,,,,,0.0,1.0,
2002-03-22,,,,,0.0,1.0,
2002-03-25,,,,,0.0,1.0,
2002-03-26,,,,,0.0,1.0,
2002-03-27,,,,,0.0,1.0,
2002-03-28,,,,,0.0,1.0,
2002-03-29,,,,,0.0,1.0,
2002-04-01,,,,,0.0,1.0,
2002-04-02,,,,,0.0,1.0,
2002-04-03,,,,,0.0,1.0,
2002-04-04,,,,,0.0,1.0,
2002-04-05,,,,,0.0,1.0,
2002-04-08,,,,,0.0,1.0,
2002-04-09,,,,,0.0,1.0,
2002-04-10,,,,,0.0,1.0,
2002-04-11,,,,,0.0,1.0,
2002-04-12,,,,,0.0,1.0,
2002-04-15,,,,,0.0,1.0,
2002-04-16,,,,,0.0,1.0,
2002-04-17,,,,,0.0,1.0,
2002-04-18,,,,,0.0,1.0,
2002-04-19,,,,,0.0,1.0,
2002-04-22,,,,,0.0,1.0,
2002-04-23,,,,,0.0,1.0,
2002-04-24,,,,,0.0,1.0,
2002-04-25,,,,,0.0,1.0,
2002-04-26,,,,,0.0,1.0,
2002-04-29,,,,,0.0,1.0,
2002-04-30,,,,,0.0,1.0,
2002-05-01,,,,,0.0,1.0,
2002-05-02,,,,,0.0,1.0,
2002-05-03,,,,,0.0,1.0,
2002-05-06,,,,,0.0,1.0,
2002-05-07,,,,,0.0,1.0,
2002-05-08,,,,,0.0,1.0,
2002-05-09,,,,,0.0,1.0,
2002-05-10,,,,,0.0,1.0,
2002-05-13,,,,,0.0,1.0,
2002-05-14,,,,,0.0,1.0,
2002-05-15,,,,,0.0,1.0,
2002-05-16,,,,,0.0,1.0,
2002-05-17,,,,,0.0,1.0,
2002-05-20,,,,,0.0,1.0,
2002-05-21,,,,,0.0,1.0,
2002-05-22,,,,,0.0,1.0,
2002-05-23,,,,,0.0,1.0,
2002-05-24,,,,,0.0,1.0,
2002-05-27,,,,,0.0,1.0,
2002-05-28,,,,,0.0,1.0,
2002-05-29,,,,,0.0,1.0,
2002-05-30,,,,,0.0,1.0,
2002-05-31,,,,,0.0,1.0,
2002-06-03,,,,,0.0,1.0,
2002-06-04,,,,,0.0,1.0,
2002-06-05,,,,,0.0,1.0,
2002-06-06,,,,,0.0,1.0,
2002-06-07,,,,,0.0,1.0,
2002-06-10,,,,,0.0,1.0,
2002-06-11,,,,,0.0,1.0,
2002-06-12,,,,,0.0,1.0,
2002-06-13,,,,,0.0,1.0,
2002-06-14,,,,,0.0,1.0,
2002-06-17,,,,,0.0,1.0,
2002-06-18,,,,,0.0,1.0,
2002-06-19,,,,,0.0,1.0,
2002-06-20,,,,,0.0,1.0,
2002-06-21,,,,,0.0,1.0,
2002-06-24,,,,,0.0,1.0,
2002-06-25,,,,,0.0,1.0,
2002-06-26,,,,,0.0,1.0,
2002-06-27,,,,,0.0,1.0,
2002-06-28,,,,,0.0,1.0,
2002-07-01,,,,,0.0,1.0,
2002-07-02,,,,,0.0,1.0,
2002-07-03,,,,,0.0,1.0,
2002-07-04,,,,,0.0,1.0,
2002-07-05,,,,,0.0,1.0,
2002-07-08,,,,,0.0,1.0,
2002-07-09,,,,,0.0,1.0,
2002-07-10,,,,,0.0,1.0,
2002-07-11,,,,,0.0,1.0,
2002-07-12,,,,,0.0,1.0,
2002-07-15,,,,,0.0,1.0,
2002-07-16,,,,,0.0,1.0,
2002-07-17,,,,,0.0,1.0,
2002-07-18,,,,,0.0,1.0,
2002-07-19,,,,,0.0,1.0,
2002-07-22,,,,,0.0,1.0,
2002-07-23,,,,,0.0,1.0,
2002-07-24,,,,,0.0,1.0,
2002-07-25,,,,,0.0,1.0,
2002-07-26,,,,,0.0,1.0,
2002-07-29,,,,,0.0,1.0,
2002-07-30,,,,,0.0,1.0,
2002-07-31,,,,,0.0,1.0,
2002-08-01,,,,,0.0,1.0,
2002-08-02,,,,,0.0,1.0,
2002-08-05,,,,,0.0,1.0,
2002-08-06,,,,,0.0,1.0,
2002-08-07,,,,,0.0,1.0,
2002-08-08,,,,,0.0,1.0,
2002-08-09,,,,,0.0,1.0,
2002-08-12,,,,,0.0,1.0,
2002-08-13,,,,,0.0,1.0,
2002-08-14,,,,,0.0,1.0,
2002-08-15,,,,,0.0,1.0,
2002-08-16,,,,,0.0,1.0,
2002-08-19,,,,,0.0,1.0,
2002-08-20,,,,,0.0,1.0,
2002-08-21,,,,,0.0,1.0,
2002-08-22,,,,,0.0,1.0,
2002-08-23,,,,,0.0,1.0,
2002-08-26,,,,,0.0,1.0,
2002-08-27,,,,,0.0,1.0,
2002-08-28,,,,,0.0,1.0,
2002-08-29,,,,,0.0,1.0,
2002-08-30,,,,,0.0,1.0,
2002-09-02,,,,,0.0,1.0,
2002-09-03,,,,,0.0,1.0,
2002-09-04,,,,,0.0,1.0,
2002-09-05,,,,,0.0,1.0,
2002-09-06,,,,,0.0,1.0,
2002-09-09,,,,,0.0,1.0,
2002-09-10,,,,,0.0,1.0,
2002-09-11,,,,,0.0,1.0,
2002-09-12,,,,,0.0,1.0,
2002-09-13,,,,,0.0,1.0,
2002-09-16,,,,,0.0,1.0,
2002-09-17,,,,,0.0,1.0,
2002-09-18,,,,,0.0,1.0,
2002-09-19,,,,,0.0,1.0,
2002-09-20,,,,,0.0,1.0,
2002-09-23,,,,,0.0,1.0,
2002-09-24,,,,,0.0,1.0,
2002-09-25,,,,,0.0,1.0,
2002-09-26,,,,,0.0,1.0,
2002-09-27,,,,,0.0,1.0,
2002-09-30,,,,,0.0,1.0,
2002-10-01,,,,,0.0,1.0,
2002-10-02,,,,,0.0,1.0,
2002-10-03,,,,,0.0,1.0,
2002-10-04,,,,,0.0,1.0,
2002-10-07,,,,,0.0,1.0,
2002-10-08,,,,,0.0,1.0,
2002-10-09,,,,,0.0,1.0,
2002-10-10,,,,,0.0,1.0,
2002-10-11,,,,,0.0,1.0,
2002-10-14,,,,,0.0,1.0,
2002-10-15,,,,,0.0,1.0,
2002-10-16,,,,,0.0,1.0,
2002-10-17,,,,,0.0,1.0,
2002-10-18,,,,,0.0,1.0,
2002-10-21,,,,,0.0,1.0,
2002-10-22,,,,,0.0,1.0,
2002-10-23,,,,,0.0,1.0,
2002-10-24,,,,,0.0,1.0,
2002-10-25,,,,,0.0,1.0,
2002-10-28,,,,,0.0,1.0,
2002-10-29,,,,,0.0,1.0,
2002-10-30,,,,,0.0,1.0,
2002-10-31,,,,,0.0,1.0,
2002-11-01,,,,,0.0,1.0,
2002-11-04,,,,,0.0,1.0,
2002-11-05,,,,,0.0,1.0,
2002-11-06,,,,,0.0,1.0,
2002-11-07,,,,,0.0,1.0,
2002-11-08,,,,,0.0,1.0,
2002-11-11,,,,,0.0,1.0,
2002-11-12,,,,,0.0,1.0,
2002-11-13,,,,,0.0,1.0,
2002-11-14,,,,,0.0,1.0,
2002-11-15,,,,,0.0,1.0,
2002-11-18,,,,,0.0,1.0,
2002-11-19,,,,,0.0,1.0,
2002-11-20,,,,,0.0,1.0,
2002-11-21,,,,,0.0,1.0,
2002-11-22,,,,,0.0,1.0,
2002-11-25,,,,,0.0,1.0,
2002-11-26,,,,,0.0,1.0,
2002-11-27,,,,,0.0,1.0,
2002-11-28,,,,,0.0,1.0,
2002-11-29,,,,,0.0,1.0,
2002-12-02,,,,,0.0,1.0,
2002-12-03,,,,,0.0,1.0,
2002-12-04,,,,,0.0,1.0,
2002-12-05,,,,,0.0,1.0,
2002-12-06,,,,,0.0,1.0,
2002-12-09,,,,,0.0,1.0,
2002-12-10,,,,,0.0,1.0,
2002-12-11,,,,,0.0,1.0,
2002-12-12,,,,,0.0,1.0,
2002-12-13,,,,,0.0,1.0,
2002-12-16,,,,,0.0,1.0,
2002-12-17,,,,,0.0,1.0,
2002-12-18,,,,,0.0,1.0,
2002-12-19,,,,,0.0,1.0,
2002-12-20,,,,,0.0,1.0,
2002-12-23,,,,,0.0,1.0,
2002-12-24,,,,,0.0,1.0,
2002-12-25,,,,,0.0,1.0,
2002-12-26,,,,,0.0,1.0,
2002-12-27,,,,,0.0,1.0,
2002-12-30,,,,,0.0,1.0,
2002-12-31,,,,,0.0,1.0,
2003-01-01,,,,,0.0,1.0,
2003-01-02,,,,,0.0,1.0,
2003-01-03,,,,,0.0,1.0,
2003-01-06,,,,,0.0,1.0,
2003-01-07,,,,,0.0,1.0,
2003-01-08,,,,,0.0,1.0,
2003-01-09,,,,,0.0,1.0,
2003-01-10,,,,,0.0,1.0,
2003-01-13,,,,,0.0,1.0,
2003-01-14,,,,,0.0,1.0,
2003-01-15,,,,,0.0,1.0,
2003-01-16,,,,,0.0,1.0,
2003-01-17,,,,,0.0,1.0,
2003-01-20,,,,,0.0,1.0,
2003-01-21,,,,,0.0,1.0,
2003-01-22,,,,,0.0,1.0,
2003-01-23,,,,,0.0,1.0,
2003-01-24,,,,,0.0,1.0,
2003-01-27,,,,,0.0,1.0,
2003-01-28,,,,,0.0,1.0,
2003-01-29,,,,,0.0,1.0,
2003-01-30,,,,,0.0,1.0,
2003-01-31,,,,,0.0,1.0,
2003-02-03,,,,,0.0,1.0,
2003-02-04,,,,,0.0,1.0,
2003-02-05,,,,,0.0,1.0,
2003-02-06,,,,,0.0,1.0,
2003-02-07,,,,,0.0,1.0,
2003-02-10,,,,,0.0,1.0,
2003-02-11,,,,,0.0,1.0,
2003-02-12,,,,,0.0,1.0,
2003-02-13,,,,,0.0,1.0,
2003-02-14,,,,,0.0,1.0,
2003-02-17,,,,,0.0,1.0,
2003-02-18,,,,,0.0,1.0,
2003-02-19,,,,,0.0,1.0,
2003-02-20,,,,,0.0,1.0,
2003-02-21,,,,,0.0,1.0,
2003-02-24,,,,,0.0,1.0,
2003-02-25,,,,,0.0,1.0,
2003-02-26,,,,,0.0,1.0,
2003-02-27,,,,,0.0,1.0,
2003-02-28,,,,,0.0,1.0,
2003-03-03,,,,,0.0,1.0,
2003-03-04,,,,,0.0,1.0,
2003-03-05,,,,,0.0,1.0,
2003-03-06,,,,,0.0,1.0,
2003-03-07,,,,,0.0,1.0,
2003-03-10,,,,,0.0,1.0,
2003-03-11,,,,,0.0,1.0,
2003-03-12,,,,,0.0,1.0,
2003-03-13,,,,,0.0,1.0,
2003-03-14,,,,,0.0,1.0,
2003-03-17,,,,,0.0,1.0,
2003-03-18,,,,,0.0,1.0,
2003-03-19,,,,,0.0,1.0,
2003-03-20,,,,,0.0,1.0,
2003-03-21,,,,,0.0,1.0,
2003-03-24,,,,,0.0,1.0,
2003-03-25,,,,,0.0,1.0,
2003-03-26,,,,,0.0,1.0,
2003-03-27,,,,,0.0,1.0,
2003-03-28,,,,,0.0,1.0,
2003-03-31,,,,,0.0,1.0,
2003-04-01,,,,,0.0,1.0,
2003-04-02,,,,,0.0,1.0,
2003-04-03,,,,,0.0,1.0,
2003-04-04,,,,,0.0,1.0,
2003-04-07,,,,,0.0,1.0,
2003-04-08,,,,,0.0,1.0,
2003-04-09,,,,,0.0,1.0,
2003-04-10,,,,,0.0,1.0,
2003-04-11,,,,,0.0,1.0,
2003-04-14,,,,,0.0,1.0,
2003-04-15,,,,,0.0,1.0,
2003-04-16,,,,,0.0,1.0,
2003-04-17,,,,,0.0,1.0,
2003-04-18,,,,,0.0,1.0,
2003-04-21,,,,,0.0,1.0,
2003-04-22,,,,,0.0,1.0,
2003-04-23,,,,,0.0,1.0,
2003-04-24,,,,,0.0,1.0,
2003-04-25,,,,,0.0,1.0,
2003-04-28,,,,,0.0,1.0,
2003-04-29,,,,,0.0,1.0,
2003-04-30,,,,,0.0,1.0,
2003-05-01,,,,,0.0,1.0,
2003-05-02,,,,,0.0,1.0,
2003-05-05,,,,,0.0,1.0,
2003-05-06,,,,,0.0,1.0,
2003-05-07,,,,,0.0,1.0,
2003-05-08,,,,,0.0,1.0,
2003-05-09,,,,,0.0,1.0,
2003-05-12,,,,,0.0,1.0,
2003-05-13,,,,,0.0,1.0,
2003-05-14,,,,,0.0,1.0,
2003-05-15,,,,,0.0,1.0,
2003-05-16,,,,,0.0,1.0,
2003-05-19,,,,,0.0,1.0,
2003-05-20,,,,,0.0,1.0,
2003-05-21,,,,,0.0,1.0,
2003-05-22,,,,,0.0,1.0,
2003-05-23,,,,,0.0,1.0,
2003-05-26,,,,,0.0,1.0,
2003-05-27,,,,,0.0,1.0,
2003-05-28,,,,,0.0,1.0,
2003-05-29,,,,,0.0,1.0,
2003-05-30,,,,,0.0,1.0,
2003-06-02,,,,,0.0,1.0,
2003-06-03,,,,,0.0,1.0,
2003-06-04,,,,,0.0,1.0,
2003-06-05,,,,,0.0,1.0,
2003-06-06,,,,,0.0,1.0,
2003-06-09,,,,,0.0,1.0,
2003-06-10,,,,,0.0,1.0,
2003-06-11,,,,,0.0,1.0,
2003-06-12,,,,,0.0,1.0,
2003-06-13,,,,,0.0,1.0,
2003-06-16,,,,,0.0,1.0,
2003-06-17,,,,,0.0,1.0,
2003-06-18,,,,,0.0,1.0,
2003-06-19,,,,,0.0,1.0,
2003-06-20,,,,,0.0,1.0,
2003-06-23,,,,,0.0,1.0,
2003-06-24,,,,,0.0,1.0,
2003-06-25,,,,,0.0,1.0,
2003-06-26,,,,,0.0,1.0,
2003-06-27,,,,,0.0,1.0,
2003-06-30,,,,,0.0,1.0,
2003-07-01,,,,,0.0,1.0,
2003-07-02,,,,,0.0,1.0,
2003-07-03,,,,,0.0,1.0,
2003-07-04,,,,,0.0,1.0,
2003-07-07,,,,,0.0,1.0,
2003-07-08,,,,,0.0,1.0,
2003-07-09,,,,,0.0,1.0,
2003-07-10,,,,,0.0,1.0,
2003-07-11,,,,,0.0,1.0,
2003-07-14,,,,,0.0,1.0,
2003-07-15,,,,,0.0,1.0,
2003-07-16,,,,,0.0,1.0,
2003-07-17,,,,,0.0,1.0,
2003-07-18,,,,,0.0,1.0,
2003-07-21,,,,,0.0,1.0,
2003-07-22,,,,,0.0,1.0,
2003-07-23,,,,,0.0,1.0,
2003-07-24,,,,,0.0,1.0,
2003-07-25,,,,,0.0,1.0,
2003-07-28,,,,,0.0,1.0,
2003-07-29,,,,,0.0,1.0,
2003-07-30,,,,,0.0,1.0,
2003-07-31,,,,,0.0,1.0,
2003-08-01,,,,,0.0,1.0,
2003-08-04,,,,,0.0,1.0,
2003-08-05,,,,,0.0,1.0,
2003-08-06,,,,,0.0,1.0,
2003-08-07,,,,,0.0,1.0,
2003-08-08,,,,,0.0,1.0,
2003-08-11,,,,,0.0,1.0,
2003-08-12,,,,,0.0,1.0,
2003-08-13,,,,,0.0,1.0,
2003-08-14,,,,,0.0,1.0,
2003-08-15,,,,,0.0,1.0,
2003-08-18,,,,,0.0,1.0,
2003-08-19,,,,,0.0,1.0,
2003-08-20,,,,,0.0,1.0,
2003-08-21,,,,,0.0,1.0,
2003-08-22,,,,,0.0,1.0,
2003-08-25,,,,,0.0,1.0,
2003-08-26,,,,,0.0,1.0,
2003-08-27,,,,,0.0,1.0,
2003-08-28,,,,,0.0,1.0,
2003-08-29,,,,,0.0,1.0,
2003-09-01,,,,,0.0,1.0,
2003-09-02,,,,,0.0,1.0,
2003-09-03,,,,,0.0,1.0,
2003-09-04,,,,,0.0,1.0,
2003-09-05,,,,,0.0,1.0,
2003-09-08,,,,,0.0,1.0,
2003-09-09,,,,,0.0,1.0,
2003-09-10,,,,,0.0,1.0,
2003-09-11,,,,,0.0,1.0,
2003-09-12,,,,,0.0,1.0,
2003-09-15,,,,,0.0,1.0,
2003-09-16,,,,,0.0,1.0,
2003-09-17,,,,,0.0,1.0,
2003-09-18,,,,,0.0,1.0,
2003-09-19,,,,,0.0,1.0,
2003-09-22,,,,,0.0,1.0,
2003-09-23,,,,,0.0,1.0,
2003-09-24,,,,,0.0,1.0,
2003-09-25,,,,,0.0,1.0,
2003-09-26,,,,,0.0,1.0,
2003-09-29,,,,,0.0,1.0,
2003-09-30,,,,,0.0,1.0,
2003-10-01,,,,,0.0,1.0,
2003-10-02,,,,,0.0,1.0,
2003-10-03,,,,,0.0,1.0,
2003-10-06,,,,,0.0,1.0,
2003-10-07,,,,,0.0,1.0,
2003-10-08,,,,,0.0,1.0,
2003-10-09,,,,,0.0,1.0,
2003-10-10,,,,,0.0,1.0,
2003-10-13,,,,,0.0,1.0,
2003-10-14,,,,,0.0,1.0,
2003-10-15,,,,,0.0,1.0,
2003-10-16,,,,,0.0,1.0,
2003-10-17,,,,,0.0,1.0,
2003-10-20,,,,,0.0,1.0,
2003-10-21,,,,,0.0,1.0,
2003-10-22,,,,,0.0,1.0,
2003-10-23,,,,,0.0,1.0,
2003-10-24,,,,,0.0,1.0,
2003-10-27,,,,,0.0,1.0,
2003-10-28,,,,,0.0,1.0,
2003-10-29,,,,,0.0,1.0,
2003-10-30,,,,,0.0,1.0,
2003-10-31,,,,,0.0,1.0,
2003-11-03,,,,,0.0,1.0,
2003-11-04,,,,,0.0,1.0,
2003-11-05,,,,,0.0,1.0,
2003-11-06,,,,,0.0,1.0,
2003-11-07,,,,,0.0,1.0,
2003-11-10,,,,,0.0,1.0,
2003-11-11,,,,,0.0,1.0,
2003-11-12,,,,,0.0,1.0,
2003-11-13,,,,,0.0,1.0,
2003-11-14,,,,,0.0,1.0,
2003-11-17,,,,,0.0,1.0,
2003-11-18,,,,,0.0,1.0,
2003-11-19,,,,,0.0,1.0,
2003-11-20,,,,,0.0,1.0,
2003-11-21,,,,,0.0,1.0,
2003-11-24,,,,,0.0,1.0,
2003-11-25,,,,,0.0,1.0,
2003-11-26,,,,,0.0,1.0,
2003-11-27,,,,,0.0,1.0,
2003-11-28,,,,,0.0,1.0,
2003-12-01,,,,,0.0,1.0,
2003-12-02,,,,,0.0,1.0,
2003-12-03,,,,,0.0,1.0,
2003-12-04,,,,,0.0,1.0,
2003-12-05,,,,,0.0,1.0,
2003-12-08,,,,,0.0,1.0,
2003-12-09,,,,,0.0,1.0,
2003-12-10,,,,,0.0,1.0,
2003-12-11,,,,,0.0,1.0,
2003-12-12,,,,,0.0,1.0,
2003-12-15,,,,,0.0,1.0,
2003-12-16,,,,,0.0,1.0,
2003-12-17,,,,,0.0,1.0,
2003-12-18,,,,,0.0,1.0,
2003-12-19,,,,,0.0,1.0,
2003-12-22,,,,,0.0,1.0,
2003-12-23,,,,,0.0,1.0,
2003-12-24,,,,,0.0,1.0,
2003-12-25,,,,,0.0,1.0,
2003-12-26,,,,,0.0,1.0,
2003-12-29,,,,,0.0,1.0,
2003-12-30,,,,,0.0,1.0,
2003-12-31,,,,,0.0,1.0,
2004-01-01,,,,,0.0,1.0,
2004-01-02,,,,,0.0,1.0,
2004-01-04,,,,,0.0,1.0,
2004-01-05,,,,,0.0,1.0,
2004-01-06,,,,,0.0,1.0,
2004-01-07,,,,,0.0,1.0,
2004-01-08,,,,,0.0,1.0,
2004-01-09,,,,,0.0,1.0,
2004-01-12,,,,,0.0,1.0,
2004-01-13,,,,,0.0,1.0,
2004-01-14,,,,,0.0,1.0,
2004-01-15,,,,,0.0,1.0,
2004-01-16,,,,,0.0,1.0,
2004-01-19,,,,,0.0,1.0,
2004-01-20,,,,,0.0,1.0,
2004-01-21,,,,,0.0,1.0,
2004-01-22,,,,,0.0,1.0,
2004-01-23,,,,,0.0,1.0,
2004-01-26,,,,,0.0,1.0,
2004-01-27,,,,,0.0,1.0,
2004-01-28,,,,,0.0,1.0,
2004-01-29,,,,,0.0,1.0,
2004-01-30,,,,,0.0,1.0,
2004-02-02,,,,,0.0,1.0,
2004-02-03,,,,,0.0,1.0,
2004-02-04,,,,,0.0,1.0,
2004-02-05,,,,,0.0,1.0,
2004-02-06,,,,,0.0,1.0,
2004-02-09,,,,,0.0,1.0,
2004-02-10,,,,,0.0,1.0,
2004-02-11,,,,,0.0,1.0,
2004-02-12,,,,,0.0,1.0,
2004-02-13,,,,,0.0,1.0,
2004-02-16,,,,,0.0,1.0,
2004-02-17,,,,,0.0,1.0,
2004-02-18,,,,,0.0,1.0,
2004-02-19,,,,,0.0,1.0,
2004-02-20,,,,,0.0,1.0,
2004-02-23,,,,,0.0,1.0,
2004-02-24,,,,,0.0,1.0,
2004-02-25,,,,,0.0,1.0,
2004-02-26,,,,,0.0,1.0,
2004-02-27,,,,,0.0,1.0,
2004-03-01,,,,,0.0,1.0,
2004-03-02,,,,,0.0,1.0,
2004-03-03,,,,,0.0,1.0,
2004-03-04,,,,,0.0,1.0,
2004-03-05,,,,,0.0,1.0,
2004-03-08,,,,,0.0,1.0,
2004-03-09,,,,,0.0,1.0,
2004-03-10,,,,,0.0,1.0,
2004-03-11,,,,,0.0,1.0,
2004-03-12,,,,,0.0,1.0,
2004-03-15,,,,,0.0,1.0,
2004-03-16,,,,,0.0,1.0,
2004-03-17,,,,,0.0,1.0,
2004-03-18,,,,,0.0,1.0,
2004-03-19,,,,,0.0,1.0,
2004-03-22,,,,,0.0,1.0,
2004-03-23,,,,,0.0,1.0,
2004-03-24,,,,,0.0,1.0,
2004-03-25,,,,,0.0,1.0,
2004-03-26,,,,,0.0,1.0,
2004-03-29,,,,,0.0,1.0,
2004-03-30,,,,,0.0,1.0,
2004-03-31,,,,,0.0,1.0,
2004-04-01,,,,,0.0,1.0,
2004-04-02,,,,,0.0,1.0,
2004-04-05,,,,,0.0,1.0,
2004-04-06,,,,,0.0,1.0,
2004-04-07,,,,,0.0,1.0,
2004-04-08,,,,,0.0,1.0,
2004-04-09,,,,,0.0,1.0,
2004-04-12,,,,,0.0,1.0,
2004-04-13,,,,,0.0,1.0,
2004-04-14,,,,,0.0,1.0,
2004-04-15,,,,,0.0,1.0,
2004-04-16,,,,,0.0,1.0,
2004-04-19,,,,,0.0,1.0,
2004-04-20,,,,,0.0,1.0,
2004-04-21,,,,,0.0,1.0,
2004-04-22,,,,,0.0,1.0,
2004-04-23,,,,,0.0,1.0,
2004-04-26,,,,,0.0,1.0,
2004-04-27,,,,,0.0,1.0,
2004-04-28,,,,,0.0,1.0,
2004-04-29,,,,,0.0,1.0,
2004-04-30,,,,,0.0,1.0,
2004-05-03,,,,,0.0,1.0,
2004-05-04,,,,,0.0,1.0,
2004-05-05,,,,,0.0,1.0,
2004-05-06,,,,,0.0,1.0,
2004-05-07,,,,,0.0,1.0,
2004-05-10,,,,,0.0,1.0,
2004-05-11,,,,,0.0,1.0,
2004-05-12,,,,,0.0,1.0,
2004-05-13,,,,,0.0,1.0,
2004-05-14,,,,,0.0,1.0,
2004-05-17,,,,,0.0,1.0,
2004-05-18,,,,,0.0,1.0,
2004-05-19,,,,,0.0,1.0,
2004-05-20,,,,,0.0,1.0,
2004-05-21,,,,,0.0,1.0,
2004-05-24,,,,,0.0,1.0,
2004-05-25,,,,,0.0,1.0,
2004-05-26,,,,,0.0,1.0,
2004-05-27,,,,,0.0,1.0,
2004-05-28,,,,,0.0,1.0,
2004-05-31,,,,,0.0,1.0,
2004-06-01,,,,,0.0,1.0,
2004-06-02,,,,,0.0,1.0,
2004-06-03,,,,,0.0,1.0,
2004-06-04,,,,,0.0,1.0,
2004-06-07,,,,,0.0,1.0,
2004-06-08,,,,,0.0,1.0,
2004-06-09,,,,,0.0,1.0,
2004-06-10,,,,,0.0,1.0,
2004-06-11,,,,,0.0,1.0,
2004-06-14,,,,,0.0,1.0,
2004-06-15,,,,,0.0,1.0,
2004-06-16,,,,,0.0,1.0,
2004-06-17,,,,,0.0,1.0,
2004-06-18,,,,,0.0,1.0,
2004-06-21,,,,,0.0,1.0,
2004-06-22,,,,,0.0,1.0,
2004-06-23,,,,,0.0,1.0,
2004-06-24,,,,,0.0,1.0,
2004-06-25,,,,,0.0,1.0,
2004-06-28,,,,,0.0,1.0,
2004-06-29,,,,,0.0,1.0,
2004-06-30,,,,,0.0,1.0,
2004-07-01,,,,,0.0,1.0,
2004-07-02,,,,,0.0,1.0,
2004-07-05,,,,,0.0,1.0,
2004-07-06,,,,,0.0,1.0,
2004-07-07,,,,,0.0,1.0,
2004-07-08,,,,,0.0,1.0,
2004-07-09,,,,,0.0,1.0,
2004-07-12,,,,,0.0,1.0,
2004-07-13,,,,,0.0,1.0,
2004-07-14,,,,,0.0,1.0,
2004-07-15,,,,,0.0,1.0,
2004-07-16,,,,,0.0,1.0,
2004-07-19,,,,,0.0,1.0,
2004-07-20,,,,,0.0,1.0,
2004-07-21,,,,,0.0,1.0,
2004-07-22,,,,,0.0,1.0,
2004-07-23,,,,,0.0,1.0,
2004-07-26,,,,,0.0,1.0,
2004-07-27,,,,,0.0,1.0,
2004-07-28,,,,,0.0,1.0,
2004-07-29,,,,,0.0,1.0,
2004-07-30,,,,,0.0,1.0,
2004-08-02,,,,,0.0,1.0,
2004-08-03,,,,,0.0,1.0,
2004-08-04,,,,,0.0,1.0,
2004-08-05,,,,,0.0,1.0,
2004-08-06,,,,,0.0,1.0,
2004-08-09,,,,,0.0,1.0,
2004-08-10,,,,,0.0,1.0,
2004-08-11,,,,,0.0,1.0,
2004-08-12,,,,,0.0,1.0,
2004-08-13,,,,,0.0,1.0,
2004-08-16,,,,,0.0,1.0,
2004-08-17,,,,,0.0,1.0,
2004-08-18,,,,,0.0,1.0,
2004-08-19,,,,,0.0,1.0,
2004-08-20,,,,,0.0,1.0,
2004-08-23,,,,,0.0,1.0,
2004-08-24,,,,,0.0,1.0,
2004-08-25,,,,,0.0,1.0,
2004-08-26,,,,,0.0,1.0,
2004-08-27,,,,,0.0,1.0,
2004-08-30,,,,,0.0,1.0,
2004-08-31,,,,,0.0,1.0,
2004-09-01,,,,,0.0,1.0,
2004-09-02,,,,,0.0,1.0,
2004-09-03,,,,,0.0,1.0,
2004-09-06,,,,,0.0,1.0,
2004-09-07,,,,,0.0,1.0,
2004-09-08,,,,,0.0,1.0,
2004-09-09,,,,,0.0,1.0,
2004-09-10,,,,,0.0,1.0,
2004-09-13,,,,,0.0,1.0,
2004-09-14,,,,,0.0,1.0,
2004-09-15,,,,,0.0,1.0,
2004-09-16,,,,,0.0,1.0,
2004-09-17,,,,,0.0,1.0,
2004-09-20,,,,,0.0,1.0,
2004-09-21,,,,,0.0,1.0,
2004-09-22,,,,,0.0,1.0,
2004-09-23,,,,,0.0,1.0,
2004-09-24,,,,,0.0,1.0,
2004-09-27,,,,,0.0,1.0,
2004-09-28,,,,,0.0,1.0,
2004-09-29,,,,,0.0,1.0,
2004-09-30,,,,,0.0,1.0,
2004-10-01,,,,,0.0,1.0,
2004-10-04,,,,,0.0,1.0,
2004-10-05,,,,,0.0,1.0,
2004-10-06,,,,,0.0,1.0,
2004-10-07,,,,,0.0,1.0,
2004-10-08,,,,,0.0,1.0,
2004-10-11,,,,,0.0,1.0,
2004-10-12,,,,,0.0,1.0,
2004-10-13,,,,,0.0,1.0,
2004-10-14,,,,,0.0,1.0,
2004-10-15,,,,,0.0,1.0,
2004-10-18,,,,,0.0,1.0,
2004-10-19,,,,,0.0,1.0,
2004-10-20,,,,,0.0,1.0,
2004-10-21,,,,,0.0,1.0,
2004-10-22,,,,,0.0,1.0,
2004-10-25,,,,,0.0,1.0,
2004-10-26,,,,,0.0,1.0,
2004-10-27,,,,,0.0,1.0,
2004-10-28,,,,,0.0,1.0,
2004-10-29,,,,,0.0,1.0,
2004-11-01,,,,,0.0,1.0,
2004-11-02,,,,,0.0,1.0,
2004-11-03,,,,,0.0,1.0,
2004-11-04,,,,,0.0,1.0,
2004-11-05,,,,,0.0,1.0,
2004-11-08,,,,,0.0,1.0,
2004-11-09,,,,,0.0,1.0,
2004-11-10,,,,,0.0,1.0,
2004-11-11,,,,,0.0,1.0,
2004-11-12,,,,,0.0,1.0,
2004-11-15,,,,,0.0,1.0,
2004-11-16,,,,,0.0,1.0,
2004-11-17,,,,,0.0,1.0,
2004-11-18,,,,,0.0,1.0,
2004-11-19,,,,,0.0,1.0,
2004-11-22,,,,,0.0,1.0,
2004-11-23,,,,,0.0,1.0,
2004-11-24,,,,,0.0,1.0,
2004-11-25,,,,,0.0,1.0,
2004-11-26,,,,,0.0,1.0,
2004-11-29,,,,,0.0,1.0,
2004-11-30,,,,,0.0,1.0,
2004-12-01,,,,,0.0,1.0,
2004-12-02,,,,,0.0,1.0,
2004-12-03,,,,,0.0,1.0,
2004-12-06,,,,,0.0,1.0,
2004-12-07,,,,,0.0,1.0,
2004-12-08,,,,,0.0,1.0,
2004-12-09,,,,,0.0,1.0,
2004-12-10,,,,,0.0,1.0,
2004-12-13,,,,,0.0,1.0,
2004-12-14,,,,,0.0,1.0,
2004-12-15,,,,,0.0,1.0,
2004-12-16,,,,,0.0,1.0,
2004-12-17,,,,,0.0,1.0,
2004-12-20,,,,,0.0,1.0,
2004-12-21,,,,,0.0,1.0,
2004-12-22,,,,,0.0,1.0,
2004-12-23,,,,,0.0,1.0,
2004-12-24,,,,,0.0,1.0,
2004-12-27,,,,,0.0,1.0,
2004-12-28,,,,,0.0,1.0,
2004-12-29,,,,,0.0,1.0,
2004-12-30,,,,,0.0,1.0,
2004-12-31,,,,,0.0,1.0,
2005-01-03,,,,,0.0,1.0,
2005-01-04,,,,,0.0,1.0,
2005-01-05,,,,,0.0,1.0,
2005-01-06,,,,,0.0,1.0,
2005-01-07,,,,,0.0,1.0,
2005-01-10,,,,,0.0,1.0,
2005-01-11,,,,,0.0,1.0,
2005-01-12,,,,,0.0,1.0,
2005-01-13,,,,,0.0,1.0,
2005-01-14,,,,,0.0,1.0,
2005-01-17,,,,,0.0,1.0,
2005-01-18,,,,,0.0,1.0,
2005-01-19,,,,,0.0,1.0,
2005-01-20,,,,,0.0,1.0,
2005-01-21,,,,,0.0,1.0,
2005-01-24,,,,,0.0,1.0,
2005-01-25,,,,,0.0,1.0,
2005-01-26,,,,,0.0,1.0,
2005-01-27,,,,,0.0,1.0,
2005-01-28,,,,,0.0,1.0,
2005-01-31,,,,,0.0,1.0,
2005-02-01,,,,,0.0,1.0,
2005-02-02,,,,,0.0,1.0,
2005-02-03,,,,,0.0,1.0,
2005-02-04,,,,,0.0,1.0,
2005-02-07,,,,,0.0,1.0,
2005-02-08,,,,,0.0,1.0,
2005-02-09,,,,,0.0,1.0,
2005-02-10,,,,,0.0,1.0,
2005-02-11,,,,,0.0,1.0,
2005-02-14,,,,,0.0,1.0,
2005-02-15,,,,,0.0,1.0,
2005-02-16,,,,,0.0,1.0,
2005-02-17,,,,,0.0,1.0,
2005-02-18,,,,,0.0,1.0,
2005-02-21,,,,,0.0,1.0,
2005-02-22,,,,,0.0,1.0,
2005-02-23,,,,,0.0,1.0,
2005-02-24,,,,,0.0,1.0,
2005-02-25,,,,,0.0,1.0,
2005-02-28,,,,,0.0,1.0,
2005-03-01,,,,,0.0,1.0,
2005-03-02,,,,,0.0,1.0,
2005-03-03,,,,,0.0,1.0,
2005-03-04,,,,,0.0,1.0,
2005-03-07,,,,,0.0,1.0,
2005-03-08,,,,,0.0,1.0,
2005-03-09,,,,,0.0,1.0,
2005-03-10,,,,,0.0,1.0,
2005-03-11,,,,,0.0,1.0,
2005-03-14,,,,,0.0,1.0,
2005-03-15,,,,,0.0,1.0,
2005-03-16,,,,,0.0,1.0,
2005-03-17,,,,,0.0,1.0,
2005-03-18,,,,,0.0,1.0,
2005-03-21,,,,,0.0,1.0,
2005-03-22,,,,,0.0,1.0,
2005-03-23,,,,,0.0,1.0,
2005-03-24,,,,,0.0,1.0,
2005-03-25,,,,,0.0,1.0,
2005-03-28,,,,,0.0,1.0,
2005-03-29,,,,,0.0,1.0,
2005-03-30,,,,,0.0,1.0,
2005-03-31,,,,,0.0,1.0,
2005-04-01,,,,,0.0,1.0,
2005-04-04,,,,,0.0,1.0,
2005-04-05,,,,,0.0,1.0,
2005-04-06,,,,,0.0,1.0,
2005-04-07,,,,,0.0,1.0,
2005-04-08,,,,,0.0,1.0,
2005-04-11,,,,,0.0,1.0,
2005-04-12,,,,,0.0,1.0,
2005-04-13,,,,,0.0,1.0,
2005-04-14,,,,,0.0,1.0,
2005-04-15,,,,,0.0,1.0,
2005-04-18,,,,,0.0,1.0,
2005-04-19,,,,,0.0,1.0,
2005-04-20,,,,,0.0,1.0,
2005-04-21,,,,,0.0,1.0,
2005-04-22,,,,,0.0,1.0,
2005-04-25,,,,,0.0,1.0,
2005-04-26,,,,,0.0,1.0,
2005-04-27,,,,,0.0,1.0,
2005-04-28,,,,,0.0,1.0,
2005-04-29,,,,,0.0,1.0,
2005-05-02,,,,,0.0,1.0,
2005-05-03,,,,,0.0,1.0,
2005-05-04,,,,,0.0,1.0,
2005-05-05,,,,,0.0,1.0,
2005-05-06,,,,,0.0,1.0,
2005-05-09,,,,,0.0,1.0,
2005-05-10,,,,,0.0,1.0,
2005-05-11,,,,,0.0,1.0,
2005-05-12,,,,,0.0,1.0,
2005-05-13,,,,,0.0,1.0,
2005-05-16,,,,,0.0,1.0,
2005-05-17,,,,,0.0,1.0,
2005-05-18,,,,,0.0,1.0,
2005-05-19,,,,,0.0,1.0,
2005-05-20,,,,,0.0,1.0,
2005-05-23,,,,,0.0,1.0,
2005-05-24,,,,,0.0,1.0,
2005-05-25,,,,,0.0,1.0,
2005-05-26,,,,,0.0,1.0,
2005-05-27,,,,,0.0,1.0,
2005-05-30,,,,,0.0,1.0,
2005-05-31,,,,,0.0,1.0,
2005-06-01,,,,,0.0,1.0,
2005-06-02,,,,,0.0,1.0,
2005-06-03,,,,,0.0,1.0,
2005-06-06,,,,,0.0,1.0,
2005-06-07,,,,,0.0,1.0,
2005-06-08,,,,,0.0,1.0,
2005-06-09,,,,,0.0,1.0,
2005-06-10,,,,,0.0,1.0,
2005-06-13,,,,,0.0,1.0,
2005-06-14,,,,,0.0,1.0,
2005-06-15,,,,,0.0,1.0,
2005-06-16,,,,,0.0,1.0,
2005-06-17,,,,,0.0,1.0,
2005-06-20,,,,,0.0,1.0,
2005-06-21,,,,,0.0,1.0,
2005-06-22,,,,,0.0,1.0,
2005-06-23,,,,,0.0,1.0,
2005-06-24,,,,,0.0,1.0,
2005-06-27,,,,,0.0,1.0,
2005-06-28,,,,,0.0,1.0,
2005-06-29,,,,,0.0,1.0,
2005-06-30,,,,,0.0,1.0,
2005-07-01,,,,,0.0,1.0,
2005-07-04,,,,,0.0,1.0,
2005-07-05,,,,,0.0,1.0,
2005-07-06,,,,,0.0,1.0,
2005-07-07,,,,,0.0,1.0,
2005-07-08,,,,,0.0,1.0,
2005-07-11,,,,,0.0,1.0,
2005-07-12,,,,,0.0,1.0,
2005-07-13,,,,,0.0,1.0,
2005-07-14,,,,,0.0,1.0,
2005-07-15,,,,,0.0,1.0,
2005-07-18,,,,,0.0,1.0,
2005-07-19,,,,,0.0,1.0,
2005-07-20,,,,,0.0,1.0,
2005-07-21,,,,,0.0,1.0,
2005-07-22,,,,,0.0,1.0,
2005-07-25,,,,,0.0,1.0,
2005-07-26,,,,,0.0,1.0,
2005-07-27,,,,,0.0,1.0,
2005-07-28,,,,,0.0,1.0,
2005-07-29,,,,,0.0,1.0,
2005-08-01,,,,,0.0,1.0,
2005-08-02,,,,,0.0,1.0,
2005-08-03,,,,,0.0,1.0,
2005-08-04,,,,,0.0,1.0,
2005-08-05,,,,,0.0,1.0,
2005-08-08,,,,,0.0,1.0,
2005-08-09,,,,,0.0,1.0,
2005-08-10,,,,,0.0,1.0,
2005-08-11,,,,,0.0,1.0,
2005-08-12,,,,,0.0,1.0,
2005-08-15,,,,,0.0,1.0,
2005-08-16,,,,,0.0,1.0,
2005-08-17,,,,,0.0,1.0,
2005-08-18,,,,,0.0,1.0,
2005-08-19,,,,,0.0,1.0,
2005-08-22,,,,,0.0,1.0,
2005-08-23,,,,,0.0,1.0,
2005-08-24,,,,,0.0,1.0,
2005-08-25,,,,,0.0,1.0,
2005-08-26,,,,,0.0,1.0,
2005-08-29,,,,,0.0,1.0,
2005-08-30,,,,,0.0,1.0,
2005-08-31,,,,,0.0,1.0,
2005-09-01,,,,,0.0,1.0,
2005-09-02,,,,,0.0,1.0,
2005-09-05,,,,,0.0,1.0,
2005-09-06,,,,,0.0,1.0,
2005-09-07,,,,,0.0,1.0,
2005-09-08,,,,,0.0,1.0,
2005-09-09,,,,,0.0,1.0,
2005-09-12,,,,,0.0,1.0,
2005-09-13,,,,,0.0,1.0,
2005-09-14,,,,,0.0,1.0,
2005-09-15,,,,,0.0,1.0,
2005-09-16,,,,,0.0,1.0,
2005-09-19,,,,,0.0,1.0,
2005-09-20,,,,,0.0,1.0,
2005-09-21,,,,,0.0,1.0,
2005-09-22,,,,,0.0,1.0,
2005-09-23,,,,,0.0,1.0,
2005-09-26,,,,,0.0,1.0,
2005-09-27,,,,,0.0,1.0,
2005-09-28,,,,,0.0,1.0,
2005-09-29,,,,,0.0,1.0,
2005-09-30,,,,,0.0,1.0,
2005-10-03,,,,,0.0,1.0,
2005-10-04,,,,,0.0,1.0,
2005-10-05,,,,,0.0,1.0,
2005-10-06,,,,,0.0,1.0,
2005-10-07,,,,,0.0,1.0,
2005-10-10,,,,,0.0,1.0,
2005-10-11,,,,,0.0,1.0,
2005-10-12,,,,,0.0,1.0,
2005-10-13,,,,,0.0,1.0,
2005-10-14,,,,,0.0,1.0,
2005-10-17,,,,,0.0,1.0,
2005-10-18,,,,,0.0,1.0,
2005-10-19,,,,,0.0,1.0,
2005-10-20,,,,,0.0,1.0,
2005-10-21,,,,,0.0,1.0,
2005-10-24,,,,,0.0,1.0,
2005-10-25,,,,,0.0,1.0,
2005-10-26,,,,,0.0,1.0,
2005-10-27,,,,,0.0,1.0,
2005-10-28,,,,,0.0,1.0,
2005-10-31,,,,,0.0,1.0,
2005-11-01,,,,,0.0,1.0,
2005-11-02,,,,,0.0,1.0,
2005-11-03,,,,,0.0,1.0,
2005-11-04,,,,,0.0,1.0,
2005-11-07,,,,,0.0,1.0,
2005-11-08,,,,,0.0,1.0,
2005-11-09,,,,,0.0,1.0,
2005-11-10,,,,,0.0,1.0,
2005-11-11,,,,,0.0,1.0,
2005-11-14,,,,,0.0,1.0,
2005-11-15,,,,,0.0,1.0,
2005-11-16,,,,,0.0,1.0,
2005-11-17,,,,,0.0,1.0,
2005-11-18,,,,,0.0,1.0,
2005-11-21,,,,,0.0,1.0,
2005-11-22,,,,,0.0,1.0,
2005-11-23,,,,,0.0,1.0,
2005-11-24,,,,,0.0,1.0,
2005-11-25,,,,,0.0,1.0,
2005-11-28,,,,,0.0,1.0,
2005-11-29,,,,,0.0,1.0,
2005-11-30,,,,,0.0,1.0,
2005-12-01,,,,,0.0,1.0,
2005-12-02,,,,,0.0,1.0,
2005-12-05,,,,,0.0,1.0,
2005-12-06,,,,,0.0,1.0,
2005-12-07,,,,,0.0,1.0,
2005-12-08,,,,,0.0,1.0,
2005-12-09,,,,,0.0,1.0,
2005-12-12,,,,,0.0,1.0,
2005-12-13,,,,,0.0,1.0,
2005-12-14,,,,,0.0,1.0,
2005-12-15,,,,,0.0,1.0,
2005-12-16,,,,,0.0,1.0,
2005-12-19,,,,,0.0,1.0,
2005-12-20,,,,,0.0,1.0,
2005-12-21,,,,,0.0,1.0,
2005-12-22,,,,,0.0,1.0,
2005-12-23,,,,,0.0,1.0,
2005-12-26,,,,,0.0,1.0,
2005-12-27,,,,,0.0,1.0,
2005-12-28,,,,,0.0,1.0,
2005-12-29,,,,,0.0,1.0,
2005-12-30,,,,,0.0,1.0,
2006-01-02,,,,,0.0,1.0,
2006-01-03,,,,,0.0,1.0,
2006-01-04,,,,,0.0,1.0,
2006-01-05,,,,,0.0,1.0,
2006-01-06,,,,,0.0,1.0,
2006-01-09,,,,,0.0,1.0,
2006-01-10,,,,,0.0,1.0,
2006-01-11,,,,,0.0,1.0,
2006-01-12,,,,,0.0,1.0,
2006-01-13,,,,,0.0,1.0,
2006-01-16,,,,,0.0,1.0,
2006-01-17,,,,,0.0,1.0,
2006-01-18,,,,,0.0,1.0,
2006-01-19,,,,,0.0,1.0,
2006-01-20,,,,,0.0,1.0,
2006-01-23,,,,,0.0,1.0,
2006-01-24,,,,,0.0,1.0,
2006-01-25,,,,,0.0,1.0,
2006-01-26,,,,,0.0,1.0,
2006-01-27,,,,,0.0,1.0,
2006-01-30,,,,,0.0,1.0,
2006-01-31,,,,,0.0,1.0,
2006-02-01,,,,,0.0,1.0,
2006-02-02,,,,,0.0,1.0,
2006-02-03,,,,,0.0,1.0,
2006-02-06,,,,,0.0,1.0,
2006-02-07,,,,,0.0,1.0,
2006-02-08,,,,,0.0,1.0,
2006-02-09,,,,,0.0,1.0,
2006-02-10,,,,,0.0,1.0,
2006-02-13,,,,,0.0,1.0,
2006-02-14,,,,,0.0,1.0,
2006-02-15,,,,,0.0,1.0,
2006-02-16,,,,,0.0,1.0,
2006-02-17,,,,,0.0,1.0,
2006-02-20,,,,,0.0,1.0,
2006-02-21,,,,,0.0,1.0,
2006-02-22,,,,,0.0,1.0,
2006-02-23,,,,,0.0,1.0,
2006-02-24,,,,,0.0,1.0,
2006-02-27,,,,,0.0,1.0,
2006-02-28,,,,,0.0,1.0,
2006-03-01,,,,,0.0,1.0,
2006-03-02,,,,,0.0,1.0,
2006-03-03,,,,,0.0,1.0,
2006-03-06,,,,,0.0,1.0,
2006-03-07,,,,,0.0,1.0,
2006-03-08,,,,,0.0,1.0,
2006-03-09,,,,,0.0,1.0,
2006-03-10,,,,,0.0,1.0,
2006-03-13,,,,,0.0,1.0,
2006-03-14,,,,,0.0,1.0,
2006-03-15,,,,,0.0,1.0,
2006-03-16,,,,,0.0,1.0,
2006-03-17,,,,,0.0,1.0,
2006-03-20,,,,,0.0,1.0,
2006-03-21,,,,,0.0,1.0,
2006-03-22,,,,,0.0,1.0,
2006-03-23,,,,,0.0,1.0,
2006-03-24,,,,,0.0,1.0,
2006-03-27,,,,,0.0,1.0,
2006-03-28,,,,,0.0,1.0,
2006-03-29,,,,,0.0,1.0,
2006-03-30,,,,,0.0,1.0,
2006-03-31,,,,,0.0,1.0,
2006-04-03,,,,,0.0,1.0,
2006-04-04,,,,,0.0,1.0,
2006-04-05,,,,,0.0,1.0,
2006-04-06,,,,,0.0,1.0,
2006-04-07,,,,,0.0,1.0,
2006-04-10,,,,,0.0,1.0,
2006-04-11,,,,,0.0,1.0,
2006-04-12,,,,,0.0,1.0,
2006-04-13,,,,,0.0,1.0,
2006-04-14,,,,,0.0,1.0,
2006-04-17,,,,,0.0,1.0,
2006-04-18,,,,,0.0,1.0,
2006-04-19,,,,,0.0,1.0,
2006-04-20,,,,,0.0,1.0,
2006-04-21,,,,,0.0,1.0,
2006-04-24,,,,,0.0,1.0,
2006-04-25,,,,,0.0,1.0,
2006-04-26,,,,,0.0,1.0,
2006-04-27,,,,,0.0,1.0,
2006-04-28,,,,,0.0,1.0,
2006-05-01,,,,,0.0,1.0,
2006-05-02,,,,,0.0,1.0,
2006-05-03,,,,,0.0,1.0,
2006-05-04,,,,,0.0,1.0,
2006-05-05,,,,,0.0,1.0,
2006-05-08,,,,,0.0,1.0,
2006-05-09,,,,,0.0,1.0,
2006-05-10,,,,,0.0,1.0,
2006-05-11,,,,,0.0,1.0,
2006-05-12,,,,,0.0,1.0,
2006-05-15,,,,,0.0,1.0,
2006-05-16,,,,,0.0,1.0,
2006-05-17,,,,,0.0,1.0,
2006-05-18,,,,,0.0,1.0,
2006-05-19,,,,,0.0,1.0,
2006-05-22,,,,,0.0,1.0,
2006-05-23,,,,,0.0,1.0,
2006-05-24,,,,,0.0,1.0,
2006-05-25,,,,,0.0,1.0,
2006-05-26,,,,,0.0,1.0,
2006-05-29,,,,,0.0,1.0,
2006-05-30,,,,,0.0,1.0,
2006-05-31,,,,,0.0,1.0,
2006-06-01,,,,,0.0,1.0,
2006-06-02,,,,,0.0,1.0,
2006-06-05,,,,,0.0,1.0,
2006-06-06,,,,,0.0,1.0,
2006-06-07,,,,,0.0,1.0,
2006-06-08,,,,,0.0,1.0,
2006-06-09,,,,,0.0,1.0,
2006-06-12,,,,,0.0,1.0,
2006-06-13,,,,,0.0,1.0,
2006-06-14,,,,,0.0,1.0,
2006-06-15,,,,,0.0,1.0,
2006-06-16,,,,,0.0,1.0,
2006-06-19,,,,,0.0,1.0,
2006-06-20,,,,,0.0,1.0,
2006-06-21,,,,,0.0,1.0,
2006-06-22,,,,,0.0,1.0,
2006-06-23,,,,,0.0,1.0,
2006-06-26,,,,,0.0,1.0,
2006-06-27,,,,,0.0,1.0,
2006-06-28,,,,,0.0,1.0,
2006-06-29,,,,,0.0,1.0,
2006-06-30,,,,,0.0,1.0,
2006-07-03,,,,,0.0,1.0,
2006-07-04,,,,,0.0,1.0,
2006-07-05,,,,,0.0,1.0,
2006-07-06,,,,,0.0,1.0,
2006-07-07,,,,,0.0,1.0,
2006-07-10,,,,,0.0,1.0,
2006-07-11,,,,,0.0,1.0,
2006-07-12,,,,,0.0,1.0,
2006-07-13,,,,,0.0,1.0,
2006-07-14,,,,,0.0,1.0,
2006-07-17,,,,,0.0,1.0,
2006-07-18,,,,,0.0,1.0,
2006-07-19,,,,,0.0,1.0,
2006-07-20,,,,,0.0,1.0,
2006-07-21,,,,,0.0,1.0,
2006-07-24,,,,,0.0,1.0,
2006-07-25,,,,,0.0,1.0,
2006-07-26,,,,,0.0,1.0,
2006-07-27,,,,,0.0,1.0,
2006-07-28,,,,,0.0,1.0,
2006-07-31,,,,,0.0,1.0,
2006-08-01,,,,,0.0,1.0,
2006-08-02,,,,,0.0,1.0,
2006-08-03,,,,,0.0,1.0,
2006-08-04,,,,,0.0,1.0,
2006-08-07,,,,,0.0,1.0,
2006-08-08,,,,,0.0,1.0,
2006-08-09,,,,,0.0,1.0,
2006-08-10,,,,,0.0,1.0,
2006-08-11,,,,,0.0,1.0,
2006-08-14,,,,,0.0,1.0,
2006-08-15,,,,,0.0,1.0,
2006-08-16,,,,,0.0,1.0,
2006-08-17,,,,,0.0,1.0,
2006-08-18,,,,,0.0,1.0,
2006-08-21,,,,,0.0,1.0,
2006-08-22,,,,,0.0,1.0,
2006-08-23,,,,,0.0,1.0,
2006-08-24,,,,,0.0,1.0,
2006-08-25,,,,,0.0,1.0,
2006-08-28,,,,,0.0,1.0,
2006-08-29,,,,,0.0,1.0,
2006-08-30,,,,,0.0,1.0,
2006-08-31,,,,,0.0,1.0,
2006-09-01,,,,,0.0,1.0,
2006-09-04,,,,,0.0,1.0,
2006-09-05,,,,,0.0,1.0,
2006-09-06,,,,,0.0,1.0,
2006-09-07,,,,,0.0,1.0,
2006-09-08,,,,,0.0,1.0,
2006-09-11,,,,,0.0,1.0,
2006-09-12,,,,,0.0,1.0,
2006-09-13,,,,,0.0,1.0,
2006-09-14,,,,,0.0,1.0,
2006-09-15,,,,,0.0,1.0,
2006-09-18,,,,,0.0,1.0,
2006-09-19,,,,,0.0,1.0,
2006-09-20,,,,,0.0,1.0,
2006-09-21,,,,,0.0,1.0,
2006-09-22,,,,,0.0,1.0,
2006-09-25,,,,,0.0,1.0,
2006-09-26,,,,,0.0,1.0,
2006-09-27,,,,,0.0,1.0,
2006-09-28,,,,,0.0,1.0,
2006-09-29,,,,,0.0,1.0,
2006-10-02,,,,,0.0,1.0,
2006-10-03,,,,,0.0,1.0,
2006-10-04,,,,,0.0,1.0,
2006-10-05,,,,,0.0,1.0,
2006-10-06,,,,,0.0,1.0,
2006-10-09,,,,,0.0,1.0,
2006-10-10,,,,,0.0,1.0,
2006-10-11,,,,,0.0,1.0,
2006-10-12,,,,,0.0,1.0,
2006-10-13,,,,,0.0,1.0,
2006-10-16,,,,,0.0,1.0,
2006-10-17,,,,,0.0,1.0,
2006-10-18,,,,,0.0,1.0,
2006-10-19,,,,,0.0,1.0,
2006-10-20,,,,,0.0,1.0,
2006-10-23,,,,,0.0,1.0,
2006-10-24,,,,,0.0,1.0,
2006-10-25,,,,,0.0,1.0,
2006-10-26,,,,,0.0,1.0,
2006-10-27,,,,,0.0,1.0,
2006-10-30,,,,,0.0,1.0,
2006-10-31,,,,,0.0,1.0,
2006-11-01,,,,,0.0,1.0,
2006-11-02,,,,,0.0,1.0,
2006-11-03,,,,,0.0,1.0,
2006-11-06,,,,,0.0,1.0,
2006-11-07,,,,,0.0,1.0,
2006-11-08,,,,,0.0,1.0,
2006-11-09,,,,,0.0,1.0,
2006-11-10,,,,,0.0,1.0,
2006-11-13,,,,,0.0,1.0,
2006-11-14,,,,,0.0,1.0,
2006-11-15,,,,,0.0,1.0,
2006-11-16,,,,,0.0,1.0,
2006-11-17,,,,,0.0,1.0,
2006-11-20,,,,,0.0,1.0,
2006-11-21,,,,,0.0,1.0,
2006-11-22,,,,,0.0,1.0,
2006-11-23,,,,,0.0,1.0,
2006-11-24,,,,,0.0,1.0,
2006-11-27,,,,,0.0,1.0,
2006-11-28,,,,,0.0,1.0,
2006-11-29,,,,,0.0,1.0,
2006-11-30,,,,,0.0,1.0,
2006-12-01,,,,,0.0,1.0,
2006-12-04,,,,,0.0,1.0,
2006-12-05,,,,,0.0,1.0,
2006-12-06,,,,,0.0,1.0,
2006-12-07,,,,,0.0,1.0,
2006-12-08,,,,,0.0,1.0,
2006-12-11,,,,,0.0,1.0,
2006-12-12,,,,,0.0,1.0,
2006-12-13,,,,,0.0,1.0,
2006-12-14,,,,,0.0,1.0,
2006-12-15,,,,,0.0,1.0,
2006-12-18,,,,,0.0,1.0,
2006-12-19,,,,,0.0,1.0,
2006-12-20,,,,,0.0,1.0,
2006-12-21,,,,,0.0,1.0,
2006-12-22,,,,,0.0,1.0,
2006-12-25,,,,,0.0,1.0,
2006-12-26,,,,,0.0,1.0,
2006-12-27,,,,,0.0,1.0,
2006-12-28,,,,,0.0,1.0,
2006-12-29,,,,,0.0,1.0,
2007-01-01,,,,,0.0,1.0,
2007-01-02,,,,,0.0,1.0,
2007-01-03,,,,,0.0,1.0,
2007-01-04,,,,,0.0,1.0,
2007-01-05,,,,,0.0,1.0,
2007-01-08,,,,,0.0,1.0,
2007-01-09,,,,,0.0,1.0,
2007-01-10,,,,,0.0,1.0,
2007-01-11,,,,,0.0,1.0,
2007-01-12,,,,,0.0,1.0,
2007-01-15,,,,,0.0,1.0,
2007-01-16,,,,,0.0,1.0,
2007-01-17,,,,,0.0,1.0,
2007-01-18,,,,,0.0,1.0,
2007-01-19,,,,,0.0,1.0,
2007-01-22,,,,,0.0,1.0,
2007-01-23,,,,,0.0,1.0,
2007-01-24,,,,,0.0,1.0,
2007-01-25,,,,,0.0,1.0,
2007-01-26,,,,,0.0,1.0,
2007-01-29,,,,,0.0,1.0,
2007-01-30,,,,,0.0,1.0,
2007-01-31,,,,,0.0,1.0,
2007-02-01,,,,,0.0,1.0,
2007-02-02,,,,,0.0,1.0,
2007-02-05,,,,,0.0,1.0,
2007-02-06,,,,,0.0,1.0,
2007-02-07,,,,,0.0,1.0,
2007-02-08,,,,,0.0,1.0,
2007-02-09,,,,,0.0,1.0,
2007-02-12,,,,,0.0,1.0,
2007-02-13,,,,,0.0,1.0,
2007-02-14,,,,,0.0,1.0,
2007-02-15,,,,,0.0,1.0,
2007-02-16,,,,,0.0,1.0,
2007-02-19,,,,,0.0,1.0,
2007-02-20,,,,,0.0,1.0,
2007-02-21,,,,,0.0,1.0,
2007-02-22,,,,,0.0,1.0,
2007-02-23,,,,,0.0,1.0,
2007-02-26,,,,,0.0,1.0,
2007-02-27,,,,,0.0,1.0,
2007-02-28,,,,,0.0,1.0,
2007-03-01,,,,,0.0,1.0,
2007-03-02,,,,,0.0,1.0,
2007-03-05,,,,,0.0,1.0,
2007-03-06,,,,,0.0,1.0,
2007-03-07,,,,,0.0,1.0,
2007-03-08,,,,,0.0,1.0,
2007-03-09,,,,,0.0,1.0,
2007-03-12,,,,,0.0,1.0,
2007-03-13,,,,,0.0,1.0,
2007-03-14,,,,,0.0,1.0,
2007-03-15,,,,,0.0,1.0,
2007-03-16,,,,,0.0,1.0,
2007-03-19,,,,,0.0,1.0,
2007-03-20,,,,,0.0,1.0,
2007-03-21,,,,,0.0,1.0,
2007-03-22,,,,,0.0,1.0,
2007-03-23,,,,,0.0,1.0,
2007-03-26,,,,,0.0,1.0,
2007-03-27,,,,,0.0,1.0,
2007-03-28,,,,,0.0,1.0,
2007-03-29,,,,,0.0,1.0,
2007-03-30,,,,,0.0,1.0,
2007-04-02,,,,,0.0,1.0,
2007-04-03,,,,,0.0,1.0,
2007-04-04,,,,,0.0,1.0,
2007-04-05,,,,,0.0,1.0,
2007-04-06,,,,,0.0,1.0,
2007-04-09,,,,,0.0,1.0,
2007-04-10,,,,,0.0,1.0,
2007-04-11,,,,,0.0,1.0,
2007-04-12,,,,,0.0,1.0,
2007-04-13,,,,,0.0,1.0,
2007-04-16,,,,,0.0,1.0,
2007-04-17,,,,,0.0,1.0,
2007-04-18,,,,,0.0,1.0,
2007-04-19,,,,,0.0,1.0,
2007-04-20,,,,,0.0,1.0,
2007-04-23,,,,,0.0,1.0,
2007-04-24,,,,,0.0,1.0,
2007-04-25,,,,,0.0,1.0,
2007-04-26,,,,,0.0,1.0,
2007-04-27,,,,,0.0,1.0,
2007-04-30,,,,,0.0,1.0,
2007-05-01,,,,,0.0,1.0,
2007-05-02,,,,,0.0,1.0,
2007-05-03,,,,,0.0,1.0,
2007-05-04,,,,,0.0,1.0,
2007-05-06,,,,,0.0,1.0,
2007-05-07,,,,,0.0,1.0,
2007-05-08,,,,,0.0,1.0,
2007-05-09,,,,,0.0,1.0,
2007-05-10,,,,,0.0,1.0,
2007-05-11,,,,,0.0,1.0,
2007-05-14,,,,,0.0,1.0,
2007-05-15,,,,,0.0,1.0,
2007-05-16,,,,,0.0,1.0,
2007-05-17,,,,,0.0,1.0,
2007-05-18,,,,,0.0,1.0,
2007-05-21,,,,,0.0,1.0,
2007-05-22,,,,,0.0,1.0,
2007-05-23,,,,,0.0,1.0,
2007-05-24,,,,,0.0,1.0,
2007-05-25,,,,,0.0,1.0,
2007-05-28,,,,,0.0,1.0,
2007-05-29,,,,,0.0,1.0,
2007-05-30,,,,,0.0,1.0,
2007-05-31,,,,,0.0,1.0,
2007-06-01,,,,,0.0,1.0,
2007-06-04,,,,,0.0,1.0,
2007-06-05,,,,,0.0,1.0,
2007-06-06,,,,,0.0,1.0,
2007-06-07,,,,,0.0,1.0,
2007-06-08,,,,,0.0,1.0,
2007-06-11,,,,,0.0,1.0,
2007-06-12,,,,,0.0,1.0,
2007-06-13,,,,,0.0,1.0,
2007-06-14,,,,,0.0,1.0,
2007-06-15,,,,,0.0,1.0,
2007-06-18,,,,,0.0,1.0,
2007-06-19,,,,,0.0,1.0,
2007-06-20,,,,,0.0,1.0,
2007-06-21,,,,,0.0,1.0,
2007-06-22,,,,,0.0,1.0,
2007-06-25,,,,,0.0,1.0,
2007-06-26,,,,,0.0,1.0,
2007-06-27,,,,,0.0,1.0,
2007-06-28,,,,,0.0,1.0,
2007-06-29,,,,,0.0,1.0,
2007-07-02,,,,,0.0,1.0,
2007-07-03,,,,,0.0,1.0,
2007-07-04,,,,,0.0,1.0,
2007-07-05,,,,,0.0,1.0,
2007-07-06,,,,,0.0,1.0,
2007-07-09,,,,,0.0,1.0,
2007-07-10,,,,,0.0,1.0,
2007-07-11,,,,,0.0,1.0,
2007-07-12,,,,,0.0,1.0,
2007-07-13,,,,,0.0,1.0,
2007-07-16,,,,,0.0,1.0,
2007-07-17,,,,,0.0,1.0,
2007-07-18,,,,,0.0,1.0,
2007-07-19,,,,,0.0,1.0,
2007-07-20,,,,,0.0,1.0,
2007-07-23,,,,,0.0,1.0,
2007-07-24,,,,,0.0,1.0,
2007-07-25,,,,,0.0,1.0,
2007-07-26,,,,,0.0,1.0,
2007-07-27,,,,,0.0,1.0,
2007-07-30,,,,,0.0,1.0,
2007-07-31,,,,,0.0,1.0,
2007-08-01,,,,,0.0,1.0,
2007-08-02,,,,,0.0,1.0,
2007-08-03,,,,,0.0,1.0,
2007-08-06,,,,,0.0,1.0,
2007-08-07,,,,,0.0,1.0,
2007-08-08,,,,,0.0,1.0,
2007-08-09,,,,,0.0,1.0,
2007-08-10,,,,,0.0,1.0,
2007-08-13,,,,,0.0,1.0,
2007-08-14,,,,,0.0,1.0,
2007-08-15,,,,,0.0,1.0,
2007-08-16,,,,,0.0,1.0,
2007-08-17,,,,,0.0,1.0,
2007-08-20,,,,,0.0,1.0,
2007-08-21,,,,,0.0,1.0,
2007-08-22,,,,,0.0,1.0,
2007-08-23,,,,,0.0,1.0,
2007-08-24,,,,,0.0,1.0,
2007-08-27,,,,,0.0,1.0,
2007-08-28,,,,,0.0,1.0,
2007-08-29,,,,,0.0,1.0,
2007-08-30,,,,,0.0,1.0,
2007-08-31,,,,,0.0,1.0,
2007-09-03,,,,,0.0,1.0,
2007-09-04,,,,,0.0,1.0,
2007-09-05,,,,,0.0,1.0,
2007-09-06,,,,,0.0,1.0,
2007-09-07,,,,,0.0,1.0,
2007-09-10,,,,,0.0,1.0,
2007-09-11,,,,,0.0,1.0,
2007-09-12,,,,,0.0,1.0,
2007-09-13,,,,,0.0,1.0,
2007-09-14,,,,,0.0,1.0,
2007-09-17,,,,,0.0,1.0,
2007-09-18,,,,,0.0,1.0,
2007-09-19,,,,,0.0,1.0,
2007-09-20,,,,,0.0,1.0,
2007-09-21,,,,,0.0,1.0,
2007-09-24,,,,,0.0,1.0,
2007-09-25,,,,,0.0,1.0,
2007-09-26,,,,,0.0,1.0,
2007-09-27,,,,,0.0,1.0,
2007-09-28,,,,,0.0,1.0,
2007-10-01,,,,,0.0,1.0,
2007-10-02,,,,,0.0,1.0,
2007-10-03,,,,,0.0,1.0,
2007-10-04,,,,,0.0,1.0,
2007-10-05,,,,,0.0,1.0,
2007-10-08,,,,,0.0,1.0,
2007-10-09,,,,,0.0,1.0,
2007-10-10,,,,,0.0,1.0,
2007-10-11,,,,,0.0,1.0,
2007-10-12,,,,,0.0,1.0,
2007-10-15,,,,,0.0,1.0,
2007-10-16,,,,,0.0,1.0,
2007-10-17,,,,,0.0,1.0,
2007-10-18,,,,,0.0,1.0,
2007-10-19,,,,,0.0,1.0,
2007-10-22,,,,,0.0,1.0,
2007-10-23,,,,,0.0,1.0,
2007-10-24,,,,,0.0,1.0,
2007-10-25,,,,,0.0,1.0,
2007-10-26,,,,,0.0,1.0,
2007-10-29,,,,,0.0,1.0,
2007-10-30,,,,,0.0,1.0,
2007-10-31,,,,,0.0,1.0,
2007-11-01,,,,,0.0,1.0,
2007-11-02,,,,,0.0,1.0,
2007-11-05,,,,,0.0,1.0,
2007-11-06,,,,,0.0,1.0,
2007-11-07,,,,,0.0,1.0,
2007-11-08,,,,,0.0,1.0,
2007-11-09,,,,,0.0,1.0,
2007-11-12,,,,,0.0,1.0,
2007-11-13,,,,,0.0,1.0,
2007-11-14,,,,,0.0,1.0,
2007-11-15,,,,,0.0,1.0,
2007-11-16,,,,,0.0,1.0,
2007-11-19,,,,,0.0,1.0,
2007-11-20,,,,,0.0,1.0,
2007-11-21,,,,,0.0,1.0,
2007-11-22,,,,,0.0,1.0,
2007-11-23,,,,,0.0,1.0,
2007-11-26,,,,,0.0,1.0,
2007-11-27,,,,,0.0,1.0,
2007-11-28,,,,,0.0,1.0,
2007-11-29,,,,,0.0,1.0,
2007-11-30,,,,,0.0,1.0,
2007-12-03,,,,,0.0,1.0,
2007-12-04,,,,,0.0,1.0,
2007-12-05,,,,,0.0,1.0,
2007-12-06,,,,,0.0,1.0,
2007-12-07,,,,,0.0,1.0,
2007-12-10,,,,,0.0,1.0,
2007-12-11,,,,,0.0,1.0,
2007-12-12,,,,,0.0,1.0,
2007-12-13,,,,,0.0,1.0,
2007-12-14,,,,,0.0,1.0,
2007-12-17,,,,,0.0,1.0,
2007-12-18,,,,,0.0,1.0,
2007-12-19,,,,,0.0,1.0,
2007-12-20,,,,,0.0,1.0,
2007-12-21,,,,,0.0,1.0,
2007-12-24,,,,,0.0,1.0,
2007-12-25,,,,,0.0,1.0,
2007-12-26,,,,,0.0,1.0,
2007-12-27,,,,,0.0,1.0,
2007-12-28,,,,,0.0,1.0,
2007-12-31,,,,,0.0,1.0,
2008-01-01,,,,,0.0,1.0,
2008-01-02,,,,,0.0,1.0,
2008-01-03,,,,,0.0,1.0,
2008-01-04,,,,,0.0,1.0,
2008-01-07,,,,,0.0,1.0,
2008-01-08,,,,,0.0,1.0,
2008-01-09,,,,,0.0,1.0,
2008-01-10,,,,,0.0,1.0,
2008-01-11,,,,,0.0,1.0,
2008-01-14,,,,,0.0,1.0,
2008-01-15,,,,,0.0,1.0,
2008-01-16,,,,,0.0,1.0,
2008-01-17,,,,,0.0,1.0,
2008-01-18,,,,,0.0,1.0,
2008-01-21,,,,,0.0,1.0,
2008-01-22,,,,,0.0,1.0,
2008-01-23,,,,,0.0,1.0,
2008-01-24,,,,,0.0,1.0,
2008-01-25,,,,,0.0,1.0,
2008-01-28,,,,,0.0,1.0,
2008-01-29,,,,,0.0,1.0,
2008-01-30,,,,,0.0,1.0,
2008-01-31,,,,,0.0,1.0,
2008-02-01,,,,,0.0,1.0,
2008-02-04,,,,,0.0,1.0,
2008-02-05,,,,,0.0,1.0,
2008-02-06,,,,,0.0,1.0,
2008-02-07,,,,,0.0,1.0,
2008-02-08,,,,,0.0,1.0,
2008-02-11,,,,,0.0,1.0,
2008-02-12,,,,,0.0,1.0,
2008-02-13,,,,,0.0,1.0,
2008-02-14,,,,,0.0,1.0,
2008-02-15,,,,,0.0,1.0,
2008-02-18,,,,,0.0,1.0,
2008-02-19,,,,,0.0,1.0,
2008-02-20,,,,,0.0,1.0,
2008-02-21,,,,,0.0,1.0,
2008-02-22,,,,,0.0,1.0,
2008-02-25,,,,,0.0,1.0,
2008-02-26,,,,,0.0,1.0,
2008-02-27,,,,,0.0,1.0,
2008-02-28,,,,,0.0,1.0,
2008-02-29,,,,,0.0,1.0,
2008-03-03,,,,,0.0,1.0,
2008-03-04,,,,,0.0,1.0,
2008-03-05,,,,,0.0,1.0,
2008-03-06,,,,,0.0,1.0,
2008-03-07,,,,,0.0,1.0,
2008-03-10,,,,,0.0,1.0,
2008-03-11,,,,,0.0,1.0,
2008-03-12,,,,,0.0,1.0,
2008-03-13,,,,,0.0,1.0,
2008-03-14,,,,,0.0,1.0,
2008-03-17,,,,,0.0,1.0,
2008-03-18,,,,,0.0,1.0,
2008-03-19,,,,,0.0,1.0,
2008-03-20,,,,,0.0,1.0,
2008-03-21,,,,,0.0,1.0,
2008-03-24,,,,,0.0,1.0,
2008-03-25,,,,,0.0,1.0,
2008-03-26,,,,,0.0,1.0,
2008-03-27,,,,,0.0,1.0,
2008-03-28,,,,,0.0,1.0,
2008-03-31,,,,,0.0,1.0,
2008-04-01,,,,,0.0,1.0,
2008-04-02,,,,,0.0,1.0,
2008-04-03,,,,,0.0,1.0,
2008-04-04,,,,,0.0,1.0,
2008-04-07,,,,,0.0,1.0,
2008-04-08,,,,,0.0,1.0,
2008-04-09,,,,,0.0,1.0,
2008-04-10,,,,,0.0,1.0,
2008-04-11,,,,,0.0,1.0,
2008-04-14,,,,,0.0,1.0,
2008-04-15,,,,,0.0,1.0,
2008-04-16,,,,,0.0,1.0,
2008-04-17,,,,,0.0,1.0,
2008-04-18,,,,,0.0,1.0,
2008-04-21,,,,,0.0,1.0,
2008-04-22,,,,,0.0,1.0,
2008-04-23,,,,,0.0,1.0,
2008-04-24,,,,,0.0,1.0,
2008-04-25,,,,,0.0,1.0,
2008-04-28,,,,,0.0,1.0,
2008-04-29,,,,,0.0,1.0,
2008-04-30,,,,,0.0,1.0,
2008-05-01,,,,,0.0,1.0,
2008-05-02,,,,,0.0,1.0,
2008-05-05,,,,,0.0,1.0,
2008-05-06,,,,,0.0,1.0,
2008-05-07,,,,,0.0,1.0,
2008-05-08,,,,,0.0,1.0,
2008-05-09,,,,,0.0,1.0,
2008-05-12,,,,,0.0,1.0,
2008-05-13,,,,,0.0,1.0,
2008-05-14,,,,,0.0,1.0,
2008-05-15,,,,,0.0,1.0,
2008-05-16,,,,,0.0,1.0,
2008-05-19,,,,,0.0,1.0,
2008-05-20,,,,,0.0,1.0,
2008-05-21,,,,,0.0,1.0,
2008-05-22,,,,,0.0,1.0,
2008-05-23,,,,,0.0,1.0,
2008-05-26,,,,,0.0,1.0,
2008-05-27,,,,,0.0,1.0,
2008-05-28,,,,,0.0,1.0,
2008-05-29,,,,,0.0,1.0,
2008-05-30,,,,,0.0,1.0,
2008-06-02,,,,,0.0,1.0,
2008-06-03,,,,,0.0,1.0,
2008-06-04,,,,,0.0,1.0,
2008-06-05,,,,,0.0,1.0,
2008-06-06,,,,,0.0,1.0,
2008-06-09,,,,,0.0,1.0,
2008-06-10,,,,,0.0,1.0,
2008-06-11,,,,,0.0,1.0,
2008-06-12,,,,,0.0,1.0,
2008-06-13,,,,,0.0,1.0,
2008-06-16,,,,,0.0,1.0,
2008-06-17,,,,,0.0,1.0,
2008-06-18,,,,,0.0,1.0,
2008-06-19,,,,,0.0,1.0,
2008-06-20,,,,,0.0,1.0,
2008-06-23,,,,,0.0,1.0,
2008-06-24,,,,,0.0,1.0,
2008-06-25,,,,,0.0,1.0,
2008-06-26,,,,,0.0,1.0,
2008-06-27,,,,,0.0,1.0,
2008-06-30,,,,,0.0,1.0,
2008-07-01,,,,,0.0,1.0,
2008-07-02,,,,,0.0,1.0,
2008-07-03,,,,,0.0,1.0,
2008-07-04,,,,,0.0,1.0,
2008-07-07,,,,,0.0,1.0,
2008-07-08,,,,,0.0,1.0,
2008-07-09,,,,,0.0,1.0,
2008-07-10,,,,,0.0,1.0,
2008-07-11,,,,,0.0,1.0,
2008-07-14,,,,,0.0,1.0,
2008-07-15,,,,,0.0,1.0,
2008-07-16,,,,,0.0,1.0,
2008-07-17,,,,,0.0,1.0,
2008-07-18,,,,,0.0,1.0,
2008-07-21,,,,,0.0,1.0,
2008-07-22,,,,,0.0,1.0,
2008-07-23,,,,,0.0,1.0,
2008-07-24,,,,,0.0,1.0,
2008-07-25,,,,,0.0,1.0,
2008-07-28,,,,,0.0,1.0,
2008-07-29,,,,,0.0,1.0,
2008-07-30,,,,,0.0,1.0,
2008-07-31,,,,,0.0,1.0,
2008-08-01,,,,,0.0,1.0,
2008-08-04,,,,,0.0,1.0,
2008-08-05,,,,,0.0,1.0,
2008-08-06,,,,,0.0,1.0,
2008-08-07,,,,,0.0,1.0,
2008-08-08,,,,,0.0,1.0,
2008-08-11,,,,,0.0,1.0,
2008-08-12,,,,,0.0,1.0,
2008-08-13,,,,,0.0,1.0,
2008-08-14,,,,,0.0,1.0,
2008-08-15,,,,,0.0,1.0,
2008-08-18,,,,,0.0,1.0,
2008-08-19,,,,,0.0,1.0,
2008-08-20,,,,,0.0,1.0,
2008-08-21,,,,,0.0,1.0,
2008-08-22,,,,,0.0,1.0,
2008-08-25,,,,,0.0,1.0,
2008-08-26,,,,,0.0,1.0,
2008-08-27,,,,,0.0,1.0,
2008-08-28,,,,,0.0,1.0,
2008-08-29,,,,,0.0,1.0,
2008-09-01,,,,,0.0,1.0,
2008-09-02,,,,,0.0,1.0,
2008-09-03,,,,,0.0,1.0,
2008-09-04,,,,,0.0,1.0,
2008-09-05,,,,,0.0,1.0,
2008-09-08,,,,,0.0,1.0,
2008-09-09,,,,,0.0,1.0,
2008-09-10,,,,,0.0,1.0,
2008-09-11,,,,,0.0,1.0,
2008-09-12,,,,,0.0,1.0,
2008-09-15,,,,,0.0,1.0,
2008-09-16,,,,,0.0,1.0,
2008-09-17,,,,,0.0,1.0,
2008-09-18,,,,,0.0,1.0,
2008-09-19,,,,,0.0,1.0,
2008-09-22,,,,,0.0,1.0,
2008-09-23,,,,,0.0,1.0,
2008-09-24,,,,,0.0,1.0,
2008-09-25,,,,,0.0,1.0,
2008-09-26,,,,,0.0,1.0,
2008-09-29,,,,,0.0,1.0,
2008-09-30,,,,,0.0,1.0,
2008-10-01,,,,,0.0,1.0,
2008-10-02,,,,,0.0,1.0,
2008-10-03,,,,,0.0,1.0,
2008-10-06,,,,,0.0,1.0,
2008-10-07,,,,,0.0,1.0,
2008-10-08,,,,,0.0,1.0,
2008-10-09,,,,,0.0,1.0,
2008-10-10,,,,,0.0,1.0,
2008-10-13,,,,,0.0,1.0,
2008-10-14,,,,,0.0,1.0,
2008-10-15,,,,,0.0,1.0,
2008-10-16,,,,,0.0,1.0,
2008-10-17,,,,,0.0,1.0,
2008-10-20,,,,,0.0,1.0,
2008-10-21,,,,,0.0,1.0,
2008-10-22,,,,,0.0,1.0,
2008-10-23,,,,,0.0,1.0,
2008-10-24,,,,,0.0,1.0,
2008-10-27,,,,,0.0,1.0,
2008-10-28,,,,,0.0,1.0,
2008-10-29,,,,,0.0,1.0,
2008-10-30,,,,,0.0,1.0,
2008-10-31,,,,,0.0,1.0,
2008-11-03,,,,,0.0,1.0,
2008-11-04,,,,,0.0,1.0,
2008-11-05,,,,,0.0,1.0,
2008-11-06,,,,,0.0,1.0,
2008-11-07,,,,,0.0,1.0,
2008-11-10,,,,,0.0,1.0,
2008-11-11,,,,,0.0,1.0,
2008-11-12,,,,,0.0,1.0,
2008-11-13,,,,,0.0,1.0,
2008-11-14,,,,,0.0,1.0,
2008-11-17,,,,,0.0,1.0,
2008-11-18,,,,,0.0,1.0,
2008-11-19,,,,,0.0,1.0,
2008-11-20,,,,,0.0,1.0,
2008-11-21,,,,,0.0,1.0,
2008-11-24,,,,,0.0,1.0,
2008-11-25,,,,,0.0,1.0,
2008-11-26,,,,,0.0,1.0,
2008-11-27,,,,,0.0,1.0,
2008-11-28,,,,,0.0,1.0,
2008-12-01,,,,,0.0,1.0,
2008-12-02,,,,,0.0,1.0,
2008-12-03,,,,,0.0,1.0,
2008-12-04,,,,,0.0,1.0,
2008-12-05,,,,,0.0,1.0,
2008-12-08,,,,,0.0,1.0,
2008-12-09,,,,,0.0,1.0,
2008-12-10,,,,,0.0,1.0,
2008-12-11,,,,,0.0,1.0,
2008-12-12,,,,,0.0,1.0,
2008-12-15,,,,,0.0,1.0,
2008-12-16,,,,,0.0,1.0,
2008-12-17,,,,,0.0,1.0,
2008-12-18,,,,,0.0,1.0,
2008-12-19,,,,,0.0,1.0,
2008-12-22,,,,,0.0,1.0,
2008-12-23,,,,,0.0,1.0,
2008-12-24,,,,,0.0,1.0,
2008-12-25,,,,,0.0,1.0,
2008-12-26,,,,,0.0,1.0,
2008-12-29,,,,,0.0,1.0,
2008-12-30,,,,,0.0,1.0,
2008-12-31,,,,,0.0,1.0,
2009-01-01,,,,,0.0,1.0,
2009-01-02,,,,,0.0,1.0,
2009-01-05,,,,,0.0,1.0,
2009-01-06,,,,,0.0,1.0,
2009-01-07,,,,,0.0,1.0,
2009-01-08,,,,,0.0,1.0,
2009-01-09,,,,,0.0,1.0,
2009-01-12,,,,,0.0,1.0,
2009-01-13,,,,,0.0,1.0,
2009-01-14,,,,,0.0,1.0,
2009-01-15,,,,,0.0,1.0,
2009-01-16,,,,,0.0,1.0,
2009-01-19,,,,,0.0,1.0,
2009-01-20,,,,,0.0,1.0,
2009-01-21,,,,,0.0,1.0,
2009-01-22,,,,,0.0,1.0,
2009-01-23,,,,,0.0,1.0,
2009-01-26,,,,,0.0,1.0,
2009-01-27,,,,,0.0,1.0,
2009-01-28,,,,,0.0,1.0,
2009-01-29,,,,,0.0,1.0,
2009-01-30,,,,,0.0,1.0,
2009-02-02,,,,,0.0,1.0,
2009-02-03,,,,,0.0,1.0,
2009-02-04,,,,,0.0,1.0,
2009-02-05,,,,,0.0,1.0,
2009-02-06,,,,,0.0,1.0,
2009-02-09,,,,,0.0,1.0,
2009-02-10,,,,,0.0,1.0,
2009-02-11,,,,,0.0,1.0,
2009-02-12,,,,,0.0,1.0,
2009-02-13,,,,,0.0,1.0,
2009-02-16,,,,,0.0,1.0,
2009-02-17,,,,,0.0,1.0,
2009-02-18,,,,,0.0,1.0,
2009-02-19,,,,,0.0,1.0,
2009-02-20,,,,,0.0,1.0,
2009-02-23,,,,,0.0,1.0,
2009-02-24,,,,,0.0,1.0,
2009-02-25,,,,,0.0,1.0,
2009-02-26,,,,,0.0,1.0,
2009-02-27,,,,,0.0,1.0,
2009-03-02,,,,,0.0,1.0,
2009-03-03,,,,,0.0,1.0,
2009-03-04,,,,,0.0,1.0,
2009-03-05,,,,,0.0,1.0,
2009-03-06,,,,,0.0,1.0,
2009-03-09,,,,,0.0,1.0,
2009-03-10,,,,,0.0,1.0,
2009-03-11,,,,,0.0,1.0,
2009-03-12,,,,,0.0,1.0,
2009-03-13,,,,,0.0,1.0,
2009-03-16,,,,,0.0,1.0,
2009-03-17,,,,,0.0,1.0,
2009-03-18,,,,,0.0,1.0,
2009-03-19,,,,,0.0,1.0,
2009-03-20,,,,,0.0,1.0,
2009-03-23,,,,,0.0,1.0,
2009-03-24,,,,,0.0,1.0,
2009-03-25,,,,,0.0,1.0,
2009-03-26,,,,,0.0,1.0,
2009-03-27,,,,,0.0,1.0,
2009-03-29,,,,,0.0,1.0,
2009-03-30,,,,,0.0,1.0,
2009-03-31,,,,,0.0,1.0,
2009-04-01,,,,,0.0,1.0,
2009-04-02,,,,,0.0,1.0,
2009-04-03,,,,,0.0,1.0,
2009-04-06,,,,,0.0,1.0,
2009-04-07,,,,,0.0,1.0,
2009-04-08,,,,,0.0,1.0,
2009-04-09,,,,,0.0,1.0,
2009-04-10,,,,,0.0,1.0,
2009-04-13,,,,,0.0,1.0,
2009-04-14,,,,,0.0,1.0,
2009-04-15,,,,,0.0,1.0,
2009-04-16,,,,,0.0,1.0,
2009-04-17,,,,,0.0,1.0,
2009-04-20,,,,,0.0,1.0,
2009-04-21,,,,,0.0,1.0,
2009-04-22,,,,,0.0,1.0,
2009-04-23,,,,,0.0,1.0,
2009-04-24,,,,,0.0,1.0,
2009-04-27,,,,,0.0,1.0,
2009-04-28,,,,,0.0,1.0,
2009-04-29,,,,,0.0,1.0,
2009-04-30,,,,,0.0,1.0,
2009-05-01,,,,,0.0,1.0,
2009-05-04,,,,,0.0,1.0,
2009-05-05,,,,,0.0,1.0,
2009-05-06,,,,,0.0,1.0,
2009-05-07,,,,,0.0,1.0,
2009-05-08,,,,,0.0,1.0,
2009-05-11,,,,,0.0,1.0,
2009-05-12,,,,,0.0,1.0,
2009-05-13,,,,,0.0,1.0,
2009-05-14,,,,,0.0,1.0,
2009-05-15,,,,,0.0,1.0,
2009-05-18,,,,,0.0,1.0,
2009-05-19,,,,,0.0,1.0,
2009-05-20,,,,,0.0,1.0,
2009-05-21,,,,,0.0,1.0,
2009-05-22,,,,,0.0,1.0,
2009-05-25,,,,,0.0,1.0,
2009-05-26,,,,,0.0,1.0,
2009-05-27,,,,,0.0,1.0,
2009-05-28,,,,,0.0,1.0,
2009-05-29,,,,,0.0,1.0,
2009-06-01,,,,,0.0,1.0,
2009-06-02,,,,,0.0,1.0,
2009-06-03,,,,,0.0,1.0,
2009-06-04,,,,,0.0,1.0,
2009-06-05,,,,,0.0,1.0,
2009-06-08,,,,,0.0,1.0,
2009-06-09,,,,,0.0,1.0,
2009-06-10,,,,,0.0,1.0,
2009-06-11,,,,,0.0,1.0,
2009-06-12,,,,,0.0,1.0,
2009-06-15,,,,,0.0,1.0,
2009-06-16,,,,,0.0,1.0,
2009-06-17,,,,,0.0,1.0,
2009-06-18,,,,,0.0,1.0,
2009-06-19,,,,,0.0,1.0,
2009-06-22,,,,,0.0,1.0,
2009-06-23,,,,,0.0,1.0,
2009-06-24,,,,,0.0,1.0,
2009-06-25,,,,,0.0,1.0,
2009-06-26,,,,,0.0,1.0,
2009-06-29,,,,,0.0,1.0,
2009-06-30,,,,,0.0,1.0,
2009-07-01,,,,,0.0,1.0,
2009-07-02,,,,,0.0,1.0,
2009-07-03,,,,,0.0,1.0,
2009-07-06,,,,,0.0,1.0,
2009-07-07,,,,,0.0,1.0,
2009-07-08,,,,,0.0,1.0,
2009-07-09,,,,,0.0,1.0,
2009-07-10,,,,,0.0,1.0,
2009-07-13,,,,,0.0,1.0,
2009-07-14,,,,,0.0,1.0,
2009-07-15,,,,,0.0,1.0,
2009-07-16,,,,,0.0,1.0,
2009-07-17,,,,,0.0,1.0,
2009-07-20,,,,,0.0,1.0,
2009-07-21,,,,,0.0,1.0,
2009-07-22,,,,,0.0,1.0,
2009-07-23,,,,,0.0,1.0,
2009-07-24,,,,,0.0,1.0,
2009-07-27,,,,,0.0,1.0,
2009-07-28,,,,,0.0,1.0,
2009-07-29,,,,,0.0,1.0,
2009-07-30,,,,,0.0,1.0,
2009-07-31,,,,,0.0,1.0,
2009-08-03,,,,,0.0,1.0,
2009-08-04,,,,,0.0,1.0,
2009-08-05,,,,,0.0,1.0,
2009-08-06,,,,,0.0,1.0,
2009-08-07,,,,,0.0,1.0,
2009-08-10,,,,,0.0,1.0,
2009-08-11,,,,,0.0,1.0,
2009-08-12,,,,,0.0,1.0,
2009-08-13,,,,,0.0,1.0,
2009-08-14,,,,,0.0,1.0,
2009-08-17,,,,,0.0,1.0,
2009-08-18,,,,,0.0,1.0,
2009-08-19,,,,,0.0,1.0,
2009-08-20,,,,,0.0,1.0,
2009-08-21,,,,,0.0,1.0,
2009-08-24,,,,,0.0,1.0,
2009-08-25,,,,,0.0,1.0,
2009-08-26,,,,,0.0,1.0,
2009-08-27,,,,,0.0,1.0,
2009-08-28,,,,,0.0,1.0,
2009-08-31,,,,,0.0,1.0,
2009-09-01,,,,,0.0,1.0,
2009-09-02,,,,,0.0,1.0,
2009-09-03,,,,,0.0,1.0,
2009-09-04,,,,,0.0,1.0,
2009-09-07,,,,,0.0,1.0,
2009-09-08,,,,,0.0,1.0,
2009-09-09,,,,,0.0,1.0,
2009-09-10,,,,,0.0,1.0,
2009-09-11,,,,,0.0,1.0,
2009-09-14,,,,,0.0,1.0,
2009-09-15,,,,,0.0,1.0,
2009-09-16,,,,,0.0,1.0,
2009-09-17,,,,,0.0,1.0,
2009-09-18,,,,,0.0,1.0,
2009-09-21,,,,,0.0,1.0,
2009-09-22,,,,,0.0,1.0,
2009-09-23,,,,,0.0,1.0,
2009-09-24,,,,,0.0,1.0,
2009-09-25,,,,,0.0,1.0,
2009-09-28,,,,,0.0,1.0,
2009-09-29,,,,,0.0,1.0,
2009-09-30,,,,,0.0,1.0,
2009-10-01,,,,,0.0,1.0,
2009-10-02,,,,,0.0,1.0,
2009-10-05,,,,,0.0,1.0,
2009-10-06,,,,,0.0,1.0,
2009-10-07,,,,,0.0,1.0,
2009-10-08,,,,,0.0,1.0,
2009-10-09,,,,,0.0,1.0,
2009-10-12,,,,,0.0,1.0,
2009-10-13,,,,,0.0,1.0,
2009-10-14,,,,,0.0,1.0,
2009-10-15,,,,,0.0,1.0,
2009-10-16,,,,,0.0,1.0,
2009-10-17,,,,,0.0,1.0,
2009-10-19,,,,,0.0,1.0,
2009-10-20,,,,,0.0,1.0,
2009-10-21,,,,,0.0,1.0,
2009-10-22,,,,,0.0,1.0,
2009-10-23,,,,,0.0,1.0,
2009-10-26,,,,,0.0,1.0,
2009-10-27,,,,,0.0,1.0,
2009-10-28,,,,,0.0,1.0,
2009-10-29,,,,,0.0,1.0,
2009-10-30,,,,,0.0,1.0,
2009-11-02,,,,,0.0,1.0,
2009-11-03,,,,,0.0,1.0,
2009-11-04,,,,,0.0,1.0,
2009-11-05,,,,,0.0,1.0,
2009-11-06,,,,,0.0,1.0,
2009-11-09,,,,,0.0,1.0,
2009-11-10,,,,,0.0,1.0,
2009-11-11,,,,,0.0,1.0,
2009-11-12,,,,,0.0,1.0,
2009-11-13,,,,,0.0,1.0,
2009-11-16,,,,,0.0,1.0,
2009-11-17,,,,,0.0,1.0,
2009-11-18,,,,,0.0,1.0,
2009-11-19,,,,,0.0,1.0,
2009-11-20,,,,,0.0,1.0,
2009-11-23,,,,,0.0,1.0,
2009-11-24,,,,,0.0,1.0,
2009-11-25,,,,,0.0,1.0,
2009-11-26,,,,,0.0,1.0,
2009-11-27,,,,,0.0,1.0,
2009-11-30,,,,,0.0,1.0,
2009-12-01,,,,,0.0,1.0,
2009-12-02,,,,,0.0,1.0,
2009-12-03,,,,,0.0,1.0,
2009-12-04,,,,,0.0,1.0,
2009-12-07,,,,,0.0,1.0,
2009-12-08,,,,,0.0,1.0,
2009-12-09,,,,,0.0,1.0,
2009-12-10,,,,,0.0,1.0,
2009-12-11,,,,,0.0,1.0,
2009-12-14,,,,,0.0,1.0,
2009-12-15,,,,,0.0,1.0,
2009-12-16,,,,,0.0,1.0,
2009-12-17,,,,,0.0,1.0,
2009-12-18,,,,,0.0,1.0,
2009-12-21,,,,,0.0,1.0,
2009-12-22,,,,,0.0,1.0,
2009-12-23,,,,,0.0,1.0,
2009-12-24,,,,,0.0,1.0,
2009-12-25,,,,,0.0,1.0,
2009-12-28,,,,,0.0,1.0,
2009-12-29,,,,,0.0,1.0,
2009-12-30,,,,,0.0,1.0,
2009-12-31,,,,,0.0,1.0,
2010-01-01,,,,,0.0,1.0,
2010-01-04,,,,,0.0,1.0,
2010-01-05,,,,,0.0,1.0,
2010-01-06,,,,,0.0,1.0,
2010-01-07,,,,,0.0,1.0,
2010-01-08,,,,,0.0,1.0,
2010-01-11,,,,,0.0,1.0,
2010-01-12,,,,,0.0,1.0,
2010-01-13,,,,,0.0,1.0,
2010-01-14,,,,,0.0,1.0,
2010-01-15,,,,,0.0,1.0,
2010-01-18,,,,,0.0,1.0,
2010-01-19,,,,,0.0,1.0,
2010-01-20,,,,,0.0,1.0,
2010-01-21,,,,,0.0,1.0,
2010-01-22,,,,,0.0,1.0,
2010-01-25,,,,,0.0,1.0,
2010-01-26,,,,,0.0,1.0,
2010-01-27,,,,,0.0,1.0,
2010-01-28,,,,,0.0,1.0,
2010-01-29,,,,,0.0,1.0,
2010-02-01,,,,,0.0,1.0,
2010-02-02,,,,,0.0,1.0,
2010-02-03,,,,,0.0,1.0,
2010-02-04,,,,,0.0,1.0,
2010-02-05,,,,,0.0,1.0,
2010-02-08,,,,,0.0,1.0,
2010-02-09,,,,,0.0,1.0,
2010-02-10,,,,,0.0,1.0,
2010-02-11,,,,,0.0,1.0,
2010-02-12,,,,,0.0,1.0,
2010-02-15,,,,,0.0,1.0,
2010-02-16,,,,,0.0,1.0,
2010-02-17,,,,,0.0,1.0,
2010-02-18,,,,,0.0,1.0,
2010-02-19,,,,,0.0,1.0,
2010-02-22,,,,,0.0,1.0,
2010-02-23,,,,,0.0,1.0,
2010-02-24,,,,,0.0,1.0,
2010-02-25,,,,,0.0,1.0,
2010-02-26,,,,,0.0,1.0,
2010-03-01,,,,,0.0,1.0,
2010-03-02,,,,,0.0,1.0,
2010-03-03,,,,,0.0,1.0,
2010-03-04,,,,,0.0,1.0,
2010-03-05,,,,,0.0,1.0,
2010-03-08,,,,,0.0,1.0,
2010-03-09,,,,,0.0,1.0,
2010-03-10,,,,,0.0,1.0,
2010-03-11,,,,,0.0,1.0,
2010-03-12,,,,,0.0,1.0,
2010-03-15,,,,,0.0,1.0,
2010-03-16,,,,,0.0,1.0,
2010-03-17,,,,,0.0,1.0,
2010-03-18,,,,,0.0,1.0,
2010-03-19,,,,,0.0,1.0,
2010-03-22,,,,,0.0,1.0,
2010-03-23,,,,,0.0,1.0,
2010-03-24,,,,,0.0,1.0,
2010-03-25,,,,,0.0,1.0,
2010-03-26,,,,,0.0,1.0,
2010-03-29,,,,,0.0,1.0,
2010-03-30,,,,,0.0,1.0,
2010-03-31,,,,,0.0,1.0,
2010-04-01,,,,,0.0,1.0,
2010-04-02,,,,,0.0,1.0,
2010-04-05,,,,,0.0,1.0,
2010-04-06,,,,,0.0,1.0,
2010-04-07,,,,,0.0,1.0,
2010-04-08,,,,,0.0,1.0,
2010-04-09,,,,,0.0,1.0,
2010-04-12,,,,,0.0,1.0,
2010-04-13,,,,,0.0,1.0,
2010-04-14,,,,,0.0,1.0,
2010-04-15,,,,,0.0,1.0,
2010-04-16,,,,,0.0,1.0,
2010-04-19,,,,,0.0,1.0,
2010-04-20,,,,,0.0,1.0,
2010-04-21,,,,,0.0,1.0,
2010-04-22,,,,,0.0,1.0,
2010-04-23,,,,,0.0,1.0,
2010-04-26,,,,,0.0,1.0,
2010-04-27,,,,,0.0,1.0,
2010-04-28,,,,,0.0,1.0,
2010-04-29,,,,,0.0,1.0,
2010-04-30,,,,,0.0,1.0,
2010-05-03,,,,,0.0,1.0,
2010-05-04,,,,,0.0,1.0,
2010-05-05,,,,,0.0,1.0,
2010-05-06,,,,,0.0,1.0,
2010-05-07,,,,,0.0,1.0,
2010-05-10,,,,,0.0,1.0,
2010-05-11,,,,,0.0,1.0,
2010-05-12,,,,,0.0,1.0,
2010-05-13,,,,,0.0,1.0,
2010-05-14,,,,,0.0,1.0,
2010-05-17,,,,,0.0,1.0,
2010-05-18,,,,,0.0,1.0,
2010-05-19,,,,,0.0,1.0,
2010-05-20,,,,,0.0,1.0,
2010-05-21,,,,,0.0,1.0,
2010-05-24,,,,,0.0,1.0,
2010-05-25,,,,,0.0,1.0,
2010-05-26,,,,,0.0,1.0,
2010-05-27,,,,,0.0,1.0,
2010-05-28,,,,,0.0,1.0,
2010-05-31,,,,,0.0,1.0,
2010-06-01,,,,,0.0,1.0,
2010-06-02,,,,,0.0,1.0,
2010-06-03,,,,,0.0,1.0,
2010-06-04,,,,,0.0,1.0,
2010-06-07,,,,,0.0,1.0,
2010-06-08,,,,,0.0,1.0,
2010-06-09,,,,,0.0,1.0,
2010-06-10,,,,,0.0,1.0,
2010-06-11,,,,,0.0,1.0,
2010-06-14,,,,,0.0,1.0,
2010-06-15,,,,,0.0,1.0,
2010-06-16,,,,,0.0,1.0,
2010-06-17,,,,,0.0,1.0,
2010-06-18,,,,,0.0,1.0,
2010-06-21,,,,,0.0,1.0,
2010-06-22,,,,,0.0,1.0,
2010-06-23,,,,,0.0,1.0,
2010-06-24,,,,,0.0,1.0,
2010-06-25,,,,,0.0,1.0,
2010-06-28,,,,,0.0,1.0,
2010-06-29,,,,,0.0,1.0,
2010-06-30,,,,,0.0,1.0,
2010-07-01,,,,,0.0,1.0,
2010-07-02,,,,,0.0,1.0,
2010-07-05,,,,,0.0,1.0,
2010-07-06,,,,,0.0,1.0,
2010-07-07,,,,,0.0,1.0,
2010-07-08,,,,,0.0,1.0,
2010-07-09,,,,,0.0,1.0,
2010-07-12,,,,,0.0,1.0,
2010-07-13,,,,,0.0,1.0,
2010-07-14,,,,,0.0,1.0,
2010-07-15,,,,,0.0,1.0,
2010-07-16,,,,,0.0,1.0,
2010-07-19,,,,,0.0,1.0,
2010-07-20,,,,,0.0,1.0,
2010-07-21,,,,,0.0,1.0,
2010-07-22,,,,,0.0,1.0,
2010-07-23,,,,,0.0,1.0,
2010-07-26,,,,,0.0,1.0,
2010-07-27,,,,,0.0,1.0,
2010-07-28,,,,,0.0,1.0,
2010-07-29,,,,,0.0,1.0,
2010-07-30,,,,,0.0,1.0,
2010-08-02,,,,,0.0,1.0,
2010-08-03,,,,,0.0,1.0,
2010-08-04,,,,,0.0,1.0,
2010-08-05,,,,,0.0,1.0,
2010-08-06,,,,,0.0,1.0,
2010-08-09,,,,,0.0,1.0,
2010-08-10,,,,,0.0,1.0,
2010-08-11,,,,,0.0,1.0,
2010-08-12,,,,,0.0,1.0,
2010-08-13,,,,,0.0,1.0,
2010-08-16,,,,,0.0,1.0,
2010-08-17,,,,,0.0,1.0,
2010-08-18,,,,,0.0,1.0,
2010-08-19,,,,,0.0,1.0,
2010-08-20,,,,,0.0,1.0,
2010-08-23,,,,,0.0,1.0,
2010-08-24,,,,,0.0,1.0,
2010-08-25,,,,,0.0,1.0,
2010-08-26,,,,,0.0,1.0,
2010-08-27,,,,,0.0,1.0,
2010-08-30,,,,,0.0,1.0,
2010-08-31,,,,,0.0,1.0,
2010-09-01,,,,,0.0,1.0,
2010-09-02,,,,,0.0,1.0,
2010-09-03,,,,,0.0,1.0,
2010-09-06,,,,,0.0,1.0,
2010-09-07,,,,,0.0,1.0,
2010-09-08,,,,,0.0,1.0,
2010-09-09,,,,,0.0,1.0,
2010-09-10,,,,,0.0,1.0,
2010-09-13,,,,,0.0,1.0,
2010-09-14,,,,,0.0,1.0,
2010-09-15,,,,,0.0,1.0,
2010-09-16,,,,,0.0,1.0,
2010-09-17,,,,,0.0,1.0,
2010-09-20,,,,,0.0,1.0,
2010-09-21,,,,,0.0,1.0,
2010-09-22,,,,,0.0,1.0,
2010-09-23,,,,,0.0,1.0,
2010-09-24,,,,,0.0,1.0,
2010-09-27,,,,,0.0,1.0,
2010-09-28,,,,,0.0,1.0,
2010-09-29,,,,,0.0,1.0,
2010-09-30,,,,,0.0,1.0,
2010-10-01,,,,,0.0,1.0,
2010-10-02,,,,,0.0,1.0,
2010-10-04,,,,,0.0,1.0,
2010-10-05,,,,,0.0,1.0,
2010-10-06,,,,,0.0,1.0,
2010-10-07,,,,,0.0,1.0,
2010-10-08,,,,,0.0,1.0,
2010-10-11,,,,,0.0,1.0,
2010-10-12,,,,,0.0,1.0,
2010-10-13,,,,,0.0,1.0,
2010-10-14,,,,,0.0,1.0,
2010-10-15,,,,,0.0,1.0,
2010-10-18,,,,,0.0,1.0,
2010-10-19,,,,,0.0,1.0,
2010-10-20,,,,,0.0,1.0,
2010-10-21,,,,,0.0,1.0,
2010-10-22,,,,,0.0,1.0,
2010-10-25,,,,,0.0,1.0,
2010-10-26,,,,,0.0,1.0,
2010-10-27,,,,,0.0,1.0,
2010-10-28,,,,,0.0,1.0,
2010-10-29,,,,,0.0,1.0,
2010-11-01,,,,,0.0,1.0,
2010-11-02,,,,,0.0,1.0,
2010-11-03,,,,,0.0,1.0,
2010-11-04,,,,,0.0,1.0,
2010-11-05,,,,,0.0,1.0,
2010-11-08,,,,,0.0,1.0,
2010-11-09,,,,,0.0,1.0,
2010-11-10,,,,,0.0,1.0,
2010-11-11,,,,,0.0,1.0,
2010-11-12,,,,,0.0,1.0,
2010-11-15,,,,,0.0,1.0,
2010-11-16,,,,,0.0,1.0,
2010-11-17,,,,,0.0,1.0,
2010-11-18,,,,,0.0,1.0,
2010-11-19,,,,,0.0,1.0,
2010-11-22,,,,,0.0,1.0,
2010-11-23,,,,,0.0,1.0,
2010-11-24,,,,,0.0,1.0,
2010-11-25,,,,,0.0,1.0,
2010-11-26,,,,,0.0,1.0,
2010-11-29,,,,,0.0,1.0,
2010-11-30,,,,,0.0,1.0,
2010-12-01,,,,,0.0,1.0,
2010-12-02,,,,,0.0,1.0,
2010-12-03,,,,,0.0,1.0,
2010-12-06,,,,,0.0,1.0,
2010-12-07,,,,,0.0,1.0,
2010-12-08,,,,,0.0,1.0,
2010-12-09,,,,,0.0,1.0,
2010-12-10,,,,,0.0,1.0,
2010-12-13,,,,,0.0,1.0,
2010-12-14,,,,,0.0,1.0,
2010-12-15,,,,,0.0,1.0,
2010-12-16,,,,,0.0,1.0,
2010-12-17,,,,,0.0,1.0,
2010-12-20,,,,,0.0,1.0,
2010-12-21,,,,,0.0,1.0,
2010-12-22,,,,,0.0,1.0,
2010-12-23,,,,,0.0,1.0,
2010-12-24,,,,,0.0,1.0,
2010-12-27,,,,,0.0,1.0,
2010-12-28,,,,,0.0,1.0,
2010-12-29,,,,,0.0,1.0,
2010-12-30,,,,,0.0,1.0,
2010-12-31,,,,,0.0,1.0,
2011-01-03,,,,,0.0,1.0,
2011-01-04,,,,,0.0,1.0,
2011-01-05,,,,,0.0,1.0,
2011-01-06,,,,,0.0,1.0,
2011-01-07,,,,,0.0,1.0,
2011-01-10,,,,,0.0,1.0,
2011-01-11,,,,,0.0,1.0,
2011-01-12,,,,,0.0,1.0,
2011-01-13,,,,,0.0,1.0,
2011-01-14,,,,,0.0,1.0,
2011-01-17,,,,,0.0,1.0,
2011-01-18,,,,,0.0,1.0,
2011-01-19,,,,,0.0,1.0,
2011-01-20,,,,,0.0,1.0,
2011-01-21,,,,,0.0,1.0,
2011-01-24,,,,,0.0,1.0,
2011-01-25,,,,,0.0,1.0,
2011-01-26,,,,,0.0,1.0,
2011-01-27,,,,,0.0,1.0,
2011-01-28,,,,,0.0,1.0,
2011-01-31,,,,,0.0,1.0,
2011-02-01,,,,,0.0,1.0,
2011-02-02,,,,,0.0,1.0,
2011-02-03,,,,,0.0,1.0,
2011-02-04,,,,,0.0,1.0,
2011-02-07,,,,,0.0,1.0,
2011-02-08,,,,,0.0,1.0,
2011-02-09,,,,,0.0,1.0,
2011-02-10,,,,,0.0,1.0,
2011-02-11,,,,,0.0,1.0,
2011-02-14,,,,,0.0,1.0,
2011-02-15,,,,,0.0,1.0,
2011-02-16,,,,,0.0,1.0,
2011-02-17,,,,,0.0,1.0,
2011-02-18,,,,,0.0,1.0,
2011-02-21,,,,,0.0,1.0,
2011-02-22,,,,,0.0,1.0,
2011-02-23,,,,,0.0,1.0,
2011-02-24,,,,,0.0,1.0,
2011-02-25,,,,,0.0,1.0,
2011-02-28,,,,,0.0,1.0,
2011-03-01,,,,,0.0,1.0,
2011-03-02,,,,,0.0,1.0,
2011-03-03,,,,,0.0,1.0,
2011-03-04,,,,,0.0,1.0,
2011-03-07,,,,,0.0,1.0,
2011-03-08,,,,,0.0,1.0,
2011-03-09,,,,,0.0,1.0,
2011-03-10,,,,,0.0,1.0,
2011-03-11,,,,,0.0,1.0,
2011-03-14,,,,,0.0,1.0,
2011-03-15,,,,,0.0,1.0,
2011-03-16,,,,,0.0,1.0,
2011-03-17,,,,,0.0,1.0,
2011-03-18,,,,,0.0,1.0,
2011-03-19,,,,,0.0,1.0,
2011-03-21,,,,,0.0,1.0,
2011-03-22,,,,,0.0,1.0,
2011-03-23,,,,,0.0,1.0,
2011-03-24,,,,,0.0,1.0,
2011-03-25,,,,,0.0,1.0,
2011-03-28,,,,,0.0,1.0,
2011-03-29,,,,,0.0,1.0,
2011-03-30,,,,,0.0,1.0,
2011-03-31,,,,,0.0,1.0,
2011-04-01,,,,,0.0,1.0,
2011-04-04,,,,,0.0,1.0,
2011-04-05,,,,,0.0,1.0,
2011-04-06,,,,,0.0,1.0,
2011-04-07,,,,,0.0,1.0,
2011-04-08,,,,,0.0,1.0,
2011-04-11,,,,,0.0,1.0,
2011-04-12,,,,,0.0,1.0,
2011-04-13,,,,,0.0,1.0,
2011-04-14,,,,,0.0,1.0,
2011-04-15,,,,,0.0,1.0,
2011-04-18,,,,,0.0,1.0,
2011-04-19,,,,,0.0,1.0,
2011-04-20,,,,,0.0,1.0,
2011-04-21,,,,,0.0,1.0,
2011-04-26,,,,,0.0,1.0,
2011-04-27,,,,,0.0,1.0,
2011-04-28,,,,,0.0,1.0,
2011-04-29,,,,,0.0,1.0,
2011-05-02,,,,,0.0,1.0,
2011-05-03,,,,,0.0,1.0,
2011-05-04,,,,,0.0,1.0,
2011-05-05,,,,,0.0,1.0,
2011-05-06,,,,,0.0,1.0,
2011-05-09,,,,,0.0,1.0,
2011-05-10,,,,,0.0,1.0,
2011-05-11,,,,,0.0,1.0,
2011-05-12,,,,,0.0,1.0,
2011-05-13,,,,,0.0,1.0,
2011-05-16,,,,,0.0,1.0,
2011-05-17,,,,,0.0,1.0,
2011-05-18,,,,,0.0,1.0,
2011-05-19,,,,,0.0,1.0,
2011-05-20,,,,,0.0,1.0,
2011-05-23,,,,,0.0,1.0,
2011-05-24,,,,,0.0,1.0,
2011-05-25,,,,,0.0,1.0,
2011-05-26,,,,,0.0,1.0,
2011-05-27,,,,,0.0,1.0,
2011-05-30,,,,,0.0,1.0,
2011-05-31,,,,,0.0,1.0,
2011-06-01,,,,,0.0,1.0,
2011-06-02,,,,,0.0,1.0,
2011-06-03,,,,,0.0,1.0,
2011-06-06,,,,,0.0,1.0,
2011-06-07,,,,,0.0,1.0,
2011-06-08,,,,,0.0,1.0,
2011-06-09,,,,,0.0,1.0,
2011-06-10,,,,,0.0,1.0,
2011-06-13,,,,,0.0,1.0,
2011-06-14,,,,,0.0,1.0,
2011-06-15,,,,,0.0,1.0,
2011-06-16,,,,,0.0,1.0,
2011-06-17,,,,,0.0,1.0,
2011-06-20,,,,,0.0,1.0,
2011-06-21,,,,,0.0,1.0,
2011-06-22,,,,,0.0,1.0,
2011-06-23,,,,,0.0,1.0,
2011-06-24,,,,,0.0,1.0,
2011-06-27,,,,,0.0,1.0,
2011-06-28,,,,,0.0,1.0,
2011-06-29,,,,,0.0,1.0,
2011-06-30,,,,,0.0,1.0,
2011-07-01,,,,,0.0,1.0,
2011-07-04,,,,,0.0,1.0,
2011-07-05,,,,,0.0,1.0,
2011-07-06,,,,,0.0,1.0,
2011-07-07,,,,,0.0,1.0,
2011-07-08,,,,,0.0,1.0,
2011-07-11,,,,,0.0,1.0,
2011-07-12,,,,,0.0,1.0,
2011-07-13,,,,,0.0,1.0,
2011-07-14,,,,,0.0,1.0,
2011-07-15,,,,,0.0,1.0,
2011-07-18,,,,,0.0,1.0,
2011-07-19,,,,,0.0,1.0,
2011-07-20,,,,,0.0,1.0,
2011-07-21,,,,,0.0,1.0,
2011-07-22,,,,,0.0,1.0,
2011-07-23,,,,,0.0,1.0,
2011-07-25,,,,,0.0,1.0,
2011-07-26,,,,,0.0,1.0,
2011-07-27,,,,,0.0,1.0,
2011-07-28,,,,,0.0,1.0,
2011-07-29,,,,,0.0,1.0,
2011-08-01,,,,,0.0,1.0,
2011-08-02,,,,,0.0,1.0,
2011-08-03,,,,,0.0,1.0,
2011-08-04,,,,,0.0,1.0,
2011-08-05,,,,,0.0,1.0,
2011-08-08,,,,,0.0,1.0,
2011-08-09,,,,,0.0,1.0,
2011-08-10,,,,,0.0,1.0,
2011-08-11,,,,,0.0,1.0,
2011-08-12,,,,,0.0,1.0,
2011-08-15,,,,,0.0,1.0,
2011-08-16,,,,,0.0,1.0,
2011-08-17,,,,,0.0,1.0,
2011-08-18,,,,,0.0,1.0,
2011-08-19,,,,,0.0,1.0,
2011-08-22,,,,,0.0,1.0,
2011-08-23,,,,,0.0,1.0,
2011-08-24,,,,,0.0,1.0,
2011-08-25,,,,,0.0,1.0,
2011-08-26,,,,,0.0,1.0,
2011-08-29,,,,,0.0,1.0,
2011-08-30,,,,,0.0,1.0,
2011-08-31,,,,,0.0,1.0,
2011-09-01,,,,,0.0,1.0,
2011-09-02,,,,,0.0,1.0,
2011-09-05,,,,,0.0,1.0,
2011-09-06,,,,,0.0,1.0,
2011-09-07,,,,,0.0,1.0,
2011-09-08,,,,,0.0,1.0,
2011-09-09,,,,,0.0,1.0,
2011-09-12,,,,,0.0,1.0,
2011-09-13,,,,,0.0,1.0,
2011-09-14,,,,,0.0,1.0,
2011-09-15,,,,,0.0,1.0,
2011-09-16,,,,,0.0,1.0,
2011-09-19,,,,,0.0,1.0,
2011-09-20,,,,,0.0,1.0,
2011-09-21,,,,,0.0,1.0,
2011-09-22,,,,,0.0,1.0,
2011-09-23,,,,,0.0,1.0,
2011-09-26,,,,,0.0,1.0,
2011-09-27,,,,,0.0,1.0,
2011-09-28,,,,,0.0,1.0,
2011-09-29,,,,,0.0,1.0,
2011-09-30,,,,,0.0,1.0,
2011-10-03,,,,,0.0,1.0,
2011-10-04,,,,,0.0,1.0,
2011-10-05,,,,,0.0,1.0,
2011-10-06,,,,,0.0,1.0,
2011-10-07,,,,,0.0,1.0,
2011-10-10,,,,,0.0,1.0,
2011-10-11,,,,,0.0,1.0,
2011-10-12,,,,,0.0,1.0,
2011-10-13,,,,,0.0,1.0,
2011-10-14,,,,,0.0,1.0,
2011-10-17,,,,,0.0,1.0,
2011-10-18,,,,,0.0,1.0,
2011-10-19,,,,,0.0,1.0,
2011-10-20,,,,,0.0,1.0,
2011-10-21,,,,,0.0,1.0,
2011-10-24,,,,,0.0,1.0,
2011-10-25,,,,,0.0,1.0,
2011-10-26,,,,,0.0,1.0,
2011-10-27,,,,,0.0,1.0,
2011-10-28,,,,,0.0,1.0,
2011-10-31,,,,,0.0,1.0,
2011-11-01,,,,,0.0,1.0,
2011-11-02,,,,,0.0,1.0,
2011-11-03,,,,,0.0,1.0,
2011-11-04,,,,,0.0,1.0,
2011-11-07,,,,,0.0,1.0,
2011-11-08,,,,,0.0,1.0,
2011-11-09,,,,,0.0,1.0,
2011-11-10,,,,,0.0,1.0,
2011-11-11,,,,,0.0,1.0,
2011-11-14,,,,,0.0,1.0,
2011-11-15,,,,,0.0,1.0,
2011-11-16,,,,,0.0,1.0,
2011-11-17,,,,,0.0,1.0,
2011-11-18,,,,,0.0,1.0,
2011-11-21,,,,,0.0,1.0,
2011-11-22,,,,,0.0,1.0,
2011-11-23,,,,,0.0,1.0,
2011-11-24,,,,,0.0,1.0,
2011-11-25,,,,,0.0,1.0,
2011-11-28,,,,,0.0,1.0,
2011-11-29,,,,,0.0,1.0,
2011-11-30,,,,,0.0,1.0,
2011-12-01,,,,,0.0,1.0,
2011-12-02,,,,,0.0,1.0,
2011-12-05,,,,,0.0,1.0,
2011-12-06,,,,,0.0,1.0,
2011-12-07,,,,,0.0,1.0,
2011-12-08,,,,,0.0,1.0,
2011-12-09,,,,,0.0,1.0,
2011-12-12,,,,,0.0,1.0,
2011-12-13,,,,,0.0,1.0,
2011-12-14,,,,,0.0,1.0,
2011-12-15,,,,,0.0,1.0,
2011-12-16,,,,,0.0,1.0,
2011-12-19,,,,,0.0,1.0,
2011-12-20,,,,,0.0,1.0,
2011-12-21,,,,,0.0,1.0,
2011-12-22,,,,,0.0,1.0,
2011-12-23,,,,,0.0,1.0,
2011-12-27,,,,,0.0,1.0,
2011-12-28,,,,,0.0,1.0,
2011-12-29,,,,,0.0,1.0,
2011-12-30,,,,,0.0,1.0,
2012-01-02,,,,,0.0,1.0,
2012-01-03,,,,,0.0,1.0,
2012-01-04,,,,,0.0,1.0,
2012-01-05,,,,,0.0,1.0,
2012-01-06,,,,,0.0,1.0,
2012-01-09,,,,,0.0,1.0,
2012-01-10,,,,,0.0,1.0,
2012-01-11,,,,,0.0,1.0,
2012-01-12,,,,,0.0,1.0,
2012-01-13,,,,,0.0,1.0,
2012-01-16,,,,,0.0,1.0,
2012-01-17,,,,,0.0,1.0,
2012-01-18,,,,,0.0,1.0,
2012-01-19,,,,,0.0,1.0,
2012-01-20,,,,,0.0,1.0,
2012-01-23,,,,,0.0,1.0,
2012-01-24,,,,,0.0,1.0,
2012-01-25,,,,,0.0,1.0,
2012-01-26,,,,,0.0,1.0,
2012-01-27,,,,,0.0,1.0,
2012-01-30,,,,,0.0,1.0,
2012-01-31,,,,,0.0,1.0,
2012-02-01,,,,,0.0,1.0,
2012-02-02,,,,,0.0,1.0,
2012-02-03,,,,,0.0,1.0,
2012-02-05,,,,,0.0,1.0,
2012-02-06,,,,,0.0,1.0,
2012-02-07,,,,,0.0,1.0,
2012-02-08,,,,,0.0,1.0,
2012-02-09,,,,,0.0,1.0,
2012-02-10,,,,,0.0,1.0,
2012-02-13,,,,,0.0,1.0,
2012-02-14,,,,,0.0,1.0,
2012-02-15,,,,,0.0,1.0,
2012-02-16,,,,,0.0,1.0,
2012-02-17,,,,,0.0,1.0,
2012-02-20,,,,,0.0,1.0,
2012-02-21,,,,,0.0,1.0,
2012-02-22,,,,,0.0,1.0,
2012-02-23,,,,,0.0,1.0,
2012-02-24,,,,,0.0,1.0,
2012-02-27,,,,,0.0,1.0,
2012-02-28,,,,,0.0,1.0,
2012-02-29,,,,,0.0,1.0,
2012-03-01,,,,,0.0,1.0,
2012-03-02,,,,,0.0,1.0,
2012-03-05,,,,,0.0,1.0,
2012-03-06,,,,,0.0,1.0,
2012-03-07,,,,,0.0,1.0,
2012-03-08,,,,,0.0,1.0,
2012-03-09,,,,,0.0,1.0,
2012-03-12,,,,,0.0,1.0,
2012-03-13,,,,,0.0,1.0,
2012-03-14,,,,,0.0,1.0,
2012-03-15,,,,,0.0,1.0,
2012-03-16,,,,,0.0,1.0,
2012-03-19,,,,,0.0,1.0,
2012-03-20,,,,,0.0,1.0,
2012-03-21,,,,,0.0,1.0,
2012-03-22,,,,,0.0,1.0,
2012-03-23,,,,,0.0,1.0,
2012-03-26,,,,,0.0,1.0,
2012-03-27,,,,,0.0,1.0,
2012-03-28,,,,,0.0,1.0,
2012-03-29,,,,,0.0,1.0,
2012-03-30,,,,,0.0,1.0,
2012-04-02,,,,,0.0,1.0,
2012-04-03,,,,,0.0,1.0,
2012-04-04,,,,,0.0,1.0,
2012-04-05,,,,,0.0,1.0,
2012-04-08,,,,,0.0,1.0,
2012-04-09,,,,,0.0,1.0,
2012-04-10,,,,,0.0,1.0,
2012-04-11,,,,,0.0,1.0,
2012-04-12,,,,,0.0,1.0,
2012-04-13,,,,,0.0,1.0,
2012-04-16,,,,,0.0,1.0,
2012-04-17,,,,,0.0,1.0,
2012-04-18,,,,,0.0,1.0,
2012-04-19,,,,,0.0,1.0,
2012-04-20,,,,,0.0,1.0,
2012-04-23,,,,,0.0,1.0,
2012-04-24,,,,,0.0,1.0,
2012-04-25,,,,,0.0,1.0,
2012-04-26,,,,,0.0,1.0,
2012-04-27,,,,,0.0,1.0,
2012-04-30,,,,,0.0,1.0,
2012-05-01,,,,,0.0,1.0,
2012-05-02,,,,,0.0,1.0,
2012-05-03,,,,,0.0,1.0,
2012-05-04,,,,,0.0,1.0,
2012-05-07,,,,,0.0,1.0,
2012-05-08,,,,,0.0,1.0,
2012-05-09,,,,,0.0,1.0,
2012-05-10,,,,,0.0,1.0,
2012-05-11,,,,,0.0,1.0,
2012-05-14,,,,,0.0,1.0,
2012-05-15,,,,,0.0,1.0,
2012-05-16,,,,,0.0,1.0,
2012-05-17,,,,,0.0,1.0,
2012-05-18,,,,,0.0,1.0,
2012-05-21,,,,,0.0,1.0,
2012-05-22,,,,,0.0,1.0,
2012-05-23,,,,,0.0,1.0,
2012-05-24,,,,,0.0,1.0,
2012-05-25,,,,,0.0,1.0,
2012-05-28,,,,,0.0,1.0,
2012-05-29,,,,,0.0,1.0,
2012-05-30,,,,,0.0,1.0,
2012-05-31,,,,,0.0,1.0,
2012-06-01,,,,,0.0,1.0,
2012-06-04,,,,,0.0,1.0,
2012-06-05,,,,,0.0,1.0,
2012-06-06,,,,,0.0,1.0,
2012-06-07,,,,,0.0,1.0,
2012-06-08,,,,,0.0,1.0,
2012-06-11,,,,,0.0,1.0,
2012-06-12,,,,,0.0,1.0,
2012-06-13,,,,,0.0,1.0,
2012-06-14,,,,,0.0,1.0,
2012-06-15,,,,,0.0,1.0,
2012-06-18,,,,,0.0,1.0,
2012-06-19,,,,,0.0,1.0,
2012-06-20,,,,,0.0,1.0,
2012-06-21,,,,,0.0,1.0,
2012-06-22,,,,,0.0,1.0,
2012-06-25,,,,,0.0,1.0,
2012-06-26,,,,,0.0,1.0,
2012-06-27,,,,,0.0,1.0,
2012-06-28,,,,,0.0,1.0,
2012-06-29,,,,,0.0,1.0,
2012-07-02,,,,,0.0,1.0,
2012-07-03,,,,,0.0,1.0,
2012-07-04,,,,,0.0,1.0,
2012-07-05,,,,,0.0,1.0,
2012-07-06,,,,,0.0,1.0,
2012-07-07,,,,,0.0,1.0,
2012-07-08,,,,,0.0,1.0,
2012-07-09,,,,,0.0,1.0,
2012-07-10,,,,,0.0,1.0,
2012-07-11,,,,,0.0,1.0,
2012-07-12,,,,,0.0,1.0,
2012-07-13,,,,,0.0,1.0,
2012-07-16,,,,,0.0,1.0,
2012-07-17,,,,,0.0,1.0,
2012-07-18,,,,,0.0,1.0,
2012-07-19,,,,,0.0,1.0,
2012-07-20,,,,,0.0,1.0,
2012-07-23,,,,,0.0,1.0,
2012-07-24,,,,,0.0,1.0,
2012-07-25,,,,,0.0,1.0,
2012-07-26,,,,,0.0,1.0,
2012-07-27,,,,,0.0,1.0,
2012-07-30,,,,,0.0,1.0,
2012-07-31,,,,,0.0,1.0,
2012-08-01,,,,,0.0,1.0,
2012-08-02,,,,,0.0,1.0,
2012-08-03,,,,,0.0,1.0,
2012-08-06,,,,,0.0,1.0,
2012-08-07,,,,,0.0,1.0,
2012-08-08,,,,,0.0,1.0,
2012-08-09,,,,,0.0,1.0,
2012-08-10,,,,,0.0,1.0,
2012-08-13,,,,,0.0,1.0,
2012-08-14,,,,,0.0,1.0,
2012-08-15,,,,,0.0,1.0,
2012-08-16,,,,,0.0,1.0,
2012-08-17,,,,,0.0,1.0,
2012-08-20,,,,,0.0,1.0,
2012-08-21,,,,,0.0,1.0,
2012-08-22,,,,,0.0,1.0,
2012-08-23,,,,,0.0,1.0,
2012-08-24,,,,,0.0,1.0,
2012-08-27,,,,,0.0,1.0,
2012-08-28,,,,,0.0,1.0,
2012-08-29,,,,,0.0,1.0,
2012-08-30,,,,,0.0,1.0,
2012-08-31,,,,,0.0,1.0,
2012-09-03,,,,,0.0,1.0,
2012-09-04,,,,,0.0,1.0,
2012-09-05,,,,,0.0,1.0,
2012-09-06,,,,,0.0,1.0,
2012-09-07,,,,,0.0,1.0,
2012-09-10,,,,,0.0,1.0,
2012-09-11,,,,,0.0,1.0,
2012-09-12,,,,,0.0,1.0,
2012-09-13,,,,,0.0,1.0,
2012-09-14,,,,,0.0,1.0,
2012-09-17,,,,,0.0,1.0,
2012-09-18,,,,,0.0,1.0,
2012-09-19,,,,,0.0,1.0,
2012-09-20,,,,,0.0,1.0,
2012-09-21,,,,,0.0,1.0,
2012-09-24,,,,,0.0,1.0,
2012-09-25,,,,,0.0,1.0,
2012-09-26,,,,,0.0,1.0,
2012-09-27,,,,,0.0,1.0,
2012-09-28,,,,,0.0,1.0,
2012-10-01,,,,,0.0,1.0,
2012-10-02,,,,,0.0,1.0,
2012-10-03,,,,,0.0,1.0,
2012-10-04,,,,,0.0,1.0,
2012-10-05,,,,,0.0,1.0,
2012-10-08,,,,,0.0,1.0,
2012-10-09,,,,,0.0,1.0,
2012-10-10,,,,,0.0,1.0,
2012-10-11,,,,,0.0,1.0,
2012-10-12,,,,,0.0,1.0,
2012-10-15,,,,,0.0,1.0,
2012-10-16,,,,,0.0,1.0,
2012-10-17,,,,,0.0,1.0,
2012-10-18,,,,,0.0,1.0,
2012-10-19,,,,,0.0,1.0,
2012-10-22,,,,,0.0,1.0,
2012-10-23,,,,,0.0,1.0,
2012-10-24,,,,,0.0,1.0,
2012-10-25,,,,,0.0,1.0,
2012-10-26,,,,,0.0,1.0,
2012-10-29,,,,,0.0,1.0,
2012-10-30,,,,,0.0,1.0,
2012-10-31,,,,,0.0,1.0,
2012-11-01,,,,,0.0,1.0,
2012-11-02,,,,,0.0,1.0,
2012-11-05,,,,,0.0,1.0,
2012-11-06,,,,,0.0,1.0,
2012-11-07,,,,,0.0,1.0,
2012-11-08,,,,,0.0,1.0,
2012-11-09,,,,,0.0,1.0,
2012-11-12,,,,,0.0,1.0,
2012-11-13,,,,,0.0,1.0,
2012-11-14,,,,,0.0,1.0,
2012-11-15,,,,,0.0,1.0,
2012-11-16,,,,,0.0,1.0,
2012-11-19,,,,,0.0,1.0,
2012-11-20,,,,,0.0,1.0,
2012-11-21,,,,,0.0,1.0,
2012-11-22,,,,,0.0,1.0,
2012-11-23,,,,,0.0,1.0,
2012-11-26,,,,,0.0,1.0,
2012-11-27,,,,,0.0,1.0,
2012-11-28,,,,,0.0,1.0,
2012-11-29,,,,,0.0,1.0,
2012-11-30,,,,,0.0,1.0,
2012-12-03,,,,,0.0,1.0,
2012-12-04,,,,,0.0,1.0,
2012-12-05,,,,,0.0,1.0,
2012-12-06,,,,,0.0,1.0,
2012-12-07,,,,,0.0,1.0,
2012-12-10,,,,,0.0,1.0,
2012-12-11,,,,,0.0,1.0,
2012-12-12,,,,,0.0,1.0,
2012-12-13,,,,,0.0,1.0,
2012-12-14,,,,,0.0,1.0,
2012-12-17,,,,,0.0,1.0,
2012-12-18,,,,,0.0,1.0,
2012-12-19,,,,,0.0,1.0,
2012-12-20,,,,,0.0,1.0,
2012-12-21,,,,,0.0,1.0,
2012-12-24,,,,,0.0,1.0,
2012-12-27,,,,,0.0,1.0,
2012-12-28,,,,,0.0,1.0,
2012-12-31,,,,,0.0,1.0,
2013-01-02,,,,,0.0,1.0,
2013-01-03,,,,,0.0,1.0,
2013-01-04,,,,,0.0,1.0,
2013-01-07,,,,,0.0,1.0,
2013-01-08,,,,,0.0,1.0,
2013-01-09,,,,,0.0,1.0,
2013-01-10,,,,,0.0,1.0,
2013-01-11,,,,,0.0,1.0,
2013-01-14,,,,,0.0,1.0,
2013-01-15,,,,,0.0,1.0,
2013-01-16,,,,,0.0,1.0,
2013-01-17,,,,,0.0,1.0,
2013-01-18,,,,,0.0,1.0,
2013-01-21,,,,,0.0,1.0,
2013-01-22,,,,,0.0,1.0,
2013-01-23,,,,,0.0,1.0,
2013-01-24,,,,,0.0,1.0,
2013-01-25,,,,,0.0,1.0,
2013-01-28,,,,,0.0,1.0,
2013-01-29,,,,,0.0,1.0,
2013-01-30,,,,,0.0,1.0,
2013-01-31,,,,,0.0,1.0,
2013-02-01,,,,,0.0,1.0,
2013-02-04,,,,,0.0,1.0,
2013-02-05,,,,,0.0,1.0,
2013-02-06,,,,,0.0,1.0,
2013-02-07,,,,,0.0,1.0,
2013-02-08,,,,,0.0,1.0,
2013-02-11,,,,,0.0,1.0,
2013-02-12,,,,,0.0,1.0,
2013-02-13,,,,,0.0,1.0,
2013-02-14,,,,,0.0,1.0,
2013-02-15,,,,,0.0,1.0,
2013-02-18,,,,,0.0,1.0,
2013-02-19,,,,,0.0,1.0,
2013-02-20,,,,,0.0,1.0,
2013-02-21,,,,,0.0,1.0,
2013-02-22,,,,,0.0,1.0,
2013-02-25,,,,,0.0,1.0,
2013-02-26,,,,,0.0,1.0,
2013-02-27,,,,,0.0,1.0,
2013-02-28,,,,,0.0,1.0,
2013-03-01,,,,,0.0,1.0,
2013-03-04,,,,,0.0,1.0,
2013-03-05,,,,,0.0,1.0,
2013-03-06,,,,,0.0,1.0,
2013-03-07,,,,,0.0,1.0,
2013-03-08,,,,,0.0,1.0,
2013-03-11,,,,,0.0,1.0,
2013-03-12,,,,,0.0,1.0,
2013-03-13,,,,,0.0,1.0,
2013-03-14,,,,,0.0,1.0,
2013-03-15,,,,,0.0,1.0,
2013-03-18,,,,,0.0,1.0,
2013-03-19,,,,,0.0,1.0,
2013-03-20,,,,,0.0,1.0,
2013-03-21,,,,,0.0,1.0,
2013-03-22,,,,,0.0,1.0,
2013-03-25,,,,,0.0,1.0,
2013-03-26,,,,,0.0,1.0,
2013-03-27,,,,,0.0,1.0,
2013-03-28,,,,,0.0,1.0,
2013-04-01,,,,,0.0,1.0,
2013-04-02,,,,,0.0,1.0,
2013-04-03,,,,,0.0,1.0,
2013-04-04,,,,,0.0,1.0,
2013-04-05,,,,,0.0,1.0,
2013-04-08,,,,,0.0,1.0,
2013-04-09,,,,,0.0,1.0,
2013-04-10,,,,,0.0,1.0,
2013-04-11,,,,,0.0,1.0,
2013-04-12,,,,,0.0,1.0,
2013-04-15,,,,,0.0,1.0,
2013-04-16,,,,,0.0,1.0,
2013-04-17,,,,,0.0,1.0,
2013-04-18,,,,,0.0,1.0,
2013-04-19,,,,,0.0,1.0,
2013-04-22,,,,,0.0,1.0,
2013-04-23,,,,,0.0,1.0,
2013-04-24,,,,,0.0,1.0,
2013-04-25,,,,,0.0,1.0,
2013-04-26,,,,,0.0,1.0,
2013-04-29,,,,,0.0,1.0,
2013-04-30,,,,,0.0,1.0,
2013-05-01,,,,,0.0,1.0,
2013-05-02,,,,,0.0,1.0,
2013-05-03,,,,,0.0,1.0,
2013-05-06,,,,,0.0,1.0,
2013-05-07,,,,,0.0,1.0,
2013-05-08,,,,,0.0,1.0,
2013-05-09,,,,,0.0,1.0,
2013-05-10,,,,,0.0,1.0,
2013-05-13,,,,,0.0,1.0,
2013-05-14,,,,,0.0,1.0,
2013-05-15,,,,,0.0,1.0,
2013-05-16,,,,,0.0,1.0,
2013-05-17,,,,,0.0,1.0,
2013-05-20,,,,,0.0,1.0,
2013-05-21,,,,,0.0,1.0,
2013-05-22,,,,,0.0,1.0,
2013-05-23,,,,,0.0,1.0,
2013-05-24,,,,,0.0,1.0,
2013-05-27,,,,,0.0,1.0,
2013-05-28,,,,,0.0,1.0,
2013-05-29,,,,,0.0,1.0,
2013-05-30,,,,,0.0,1.0,
2013-05-31,,,,,0.0,1.0,
2013-06-03,,,,,0.0,1.0,
2013-06-04,,,,,0.0,1.0,
2013-06-05,,,,,0.0,1.0,
2013-06-06,,,,,0.0,1.0,
2013-06-07,,,,,0.0,1.0,
2013-06-10,,,,,0.0,1.0,
2013-06-11,,,,,0.0,1.0,
2013-06-12,,,,,0.0,1.0,
2013-06-13,,,,,0.0,1.0,
2013-06-14,,,,,0.0,1.0,
2013-06-17,,,,,0.0,1.0,
2013-06-18,,,,,0.0,1.0,
2013-06-19,,,,,0.0,1.0,
2013-06-20,,,,,0.0,1.0,
2013-06-21,,,,,0.0,1.0,
2013-06-24,,,,,0.0,1.0,
2013-06-25,,,,,0.0,1.0,
2013-06-26,,,,,0.0,1.0,
2013-06-27,,,,,0.0,1.0,
2013-06-28,,,,,0.0,1.0,
2013-07-01,,,,,0.0,1.0,
2013-07-02,,,,,0.0,1.0,
2013-07-03,,,,,0.0,1.0,
2013-07-04,,,,,0.0,1.0,
2013-07-05,,,,,0.0,1.0,
2013-07-08,,,,,0.0,1.0,
2013-07-09,,,,,0.0,1.0,
2013-07-10,,,,,0.0,1.0,
2013-07-11,,,,,0.0,1.0,
2013-07-12,,,,,0.0,1.0,
2013-07-15,,,,,0.0,1.0,
2013-07-16,,,,,0.0,1.0,
2013-07-17,,,,,0.0,1.0,
2013-07-18,,,,,0.0,1.0,
2013-07-19,,,,,0.0,1.0,
2013-07-22,,,,,0.0,1.0,
2013-07-23,,,,,0.0,1.0,
2013-07-24,,,,,0.0,1.0,
2013-07-25,,,,,0.0,1.0,
2013-07-26,,,,,0.0,1.0,
2013-07-29,,,,,0.0,1.0,
2013-07-30,,,,,0.0,1.0,
2013-07-31,,,,,0.0,1.0,
2013-08-01,,,,,0.0,1.0,
2013-08-02,,,,,0.0,1.0,
2013-08-05,,,,,0.0,1.0,
2013-08-06,,,,,0.0,1.0,
2013-08-07,,,,,0.0,1.0,
2013-08-08,,,,,0.0,1.0,
2013-08-09,,,,,0.0,1.0,
2013-08-12,,,,,0.0,1.0,
2013-08-13,,,,,0.0,1.0,
2013-08-14,,,,,0.0,1.0,
2013-08-15,,,,,0.0,1.0,
2013-08-16,,,,,0.0,1.0,
2013-08-19,,,,,0.0,1.0,
2013-08-20,,,,,0.0,1.0,
2013-08-21,,,,,0.0,1.0,
2013-08-22,,,,,0.0,1.0,
2013-08-23,,,,,0.0,1.0,
2013-08-26,,,,,0.0,1.0,
2013-08-27,,,,,0.0,1.0,
2013-08-28,,,,,0.0,1.0,
2013-08-29,,,,,0.0,1.0,
2013-08-30,,,,,0.0,1.0,
2013-09-02,,,,,0.0,1.0,
2013-09-03,,,,,0.0,1.0,
2013-09-04,,,,,0.0,1.0,
2013-09-05,,,,,0.0,1.0,
2013-09-06,,,,,0.0,1.0,
2013-09-09,,,,,0.0,1.0,
2013-09-10,,,,,0.0,1.0,
2013-09-11,,,,,0.0,1.0,
2013-09-12,,,,,0.0,1.0,
2013-09-13,,,,,0.0,1.0,
2013-09-16,,,,,0.0,1.0,
2013-09-17,,,,,0.0,1.0,
2013-09-18,,,,,0.0,1.0,
2013-09-19,,,,,0.0,1.0,
2013-09-20,,,,,0.0,1.0,
2013-09-23,,,,,0.0,1.0,
2013-09-24,,,,,0.0,1.0,
2013-09-25,,,,,0.0,1.0,
2013-09-26,,,,,0.0,1.0,
2013-09-27,,,,,0.0,1.0,
2013-09-30,,,,,0.0,1.0,
2013-10-01,,,,,0.0,1.0,
2013-10-02,,,,,0.0,1.0,
2013-10-03,,,,,0.0,1.0,
2013-10-04,,,,,0.0,1.0,
2013-10-07,,,,,0.0,1.0,
2013-10-08,,,,,0.0,1.0,
2013-10-09,,,,,0.0,1.0,
2013-10-10,,,,,0.0,1.0,
2013-10-11,,,,,0.0,1.0,
2013-10-14,,,,,0.0,1.0,
2013-10-15,,,,,0.0,1.0,
2013-10-16,,,,,0.0,1.0,
2013-10-17,,,,,0.0,1.0,
2013-10-18,,,,,0.0,1.0,
2013-10-21,,,,,0.0,1.0,
2013-10-22,,,,,0.0,1.0,
2013-10-23,,,,,0.0,1.0,
2013-10-24,,,,,0.0,1.0,
2013-10-25,,,,,0.0,1.0,
2013-10-28,,,,,0.0,1.0,
2013-10-29,,,,,0.0,1.0,
2013-10-30,,,,,0.0,1.0,
2013-10-31,,,,,0.0,1.0,
2013-11-01,,,,,0.0,1.0,
2013-11-04,,,,,0.0,1.0,
2013-11-05,,,,,0.0,1.0,
2013-11-06,,,,,0.0,1.0,
2013-11-07,,,,,0.0,1.0,
2013-11-08,,,,,0.0,1.0,
2013-11-11,,,,,0.0,1.0,
2013-11-12,,,,,0.0,1.0,
2013-11-13,,,,,0.0,1.0,
2013-11-14,,,,,0.0,1.0,
2013-11-15,,,,,0.0,1.0,
2013-11-18,,,,,0.0,1.0,
2013-11-19,,,,,0.0,1.0,
2013-11-20,,,,,0.0,1.0,
2013-11-21,,,,,0.0,1.0,
2013-11-22,,,,,0.0,1.0,
2013-11-25,,,,,0.0,1.0,
2013-11-26,,,,,0.0,1.0,
2013-11-27,,,,,0.0,1.0,
2013-11-28,171.710508,160.4111671,162.335509,168.749982,30.0,118542.0,12862500.0
2013-11-29,163.815772,160.361825,162.82893,162.335509,7.0,83930.0,12862500.0
2013-12-02,159.868404,157.89472,162.82893,162.82893,4.0,20837.0,12862500.0
2013-12-03,162.82893,162.82893,162.82893,162.82893,0.0,0.0,12862500.0
2013-12-04,159.868404,159.868404,162.82893,162.82893,1.0,3187.0,12862500.0
2013-12-05,159.868404,157.89472,159.868404,162.82893,6.0,38121.0,12862500.0
2013-12-06,159.868404,159.868404,159.868404,159.868404,1.0,30.0,12862500.0
2013-12-09,159.868404,159.868404,159.868404,159.868404,0.0,0.0,12862500.0
2013-12-10,159.868404,153.947352,159.374983,159.868404,6.0,32509.0,12862500.0
2013-12-11,160.34208816,157.6480095,160.361825,159.374983,5.0,125000.0,12862500.0
2013-12-12,157.89472,157.89472,160.361825,160.361825,2.0,56000.0,12862500.0
2013-12-13,157.89472,157.89472,160.361825,160.361825,3.0,90137.0,12862500.0
2013-12-16,165.789456,161.842088,162.82893,160.361825,3.0,11244.0,12862500.0
2013-12-17,165.789456,164.802614,165.789456,162.82893,2.0,7295.0,12862500.0
2013-12-18,165.789456,165.789456,165.789456,165.789456,2.0,35000.0,12862500.0
2013-12-19,165.789456,162.82893,165.789456,165.789456,3.0,21825.0,12862500.0
2013-12-20,165.789456,165.789456,165.789456,165.789456,0.0,0.0,12862500.0
2013-12-23,165.789456,165.789456,165.789456,165.789456,1.0,25000.0,12862500.0
2013-12-24,163.815772,163.815772,165.789456,165.789456,1.0,1800.0,12862500.0
2013-12-27,163.815772,163.815772,164.802614,165.789456,1.0,1601.0,12862500.0
2013-12-30,166.776298,161.842088,163.322351,164.802614,6.0,12568.0,12862500.0
2013-12-31,161.842088,161.842088,163.322351,163.322351,1.0,1875.0,12862500.0
2014-01-02,161.842088,161.842088,163.322351,163.322351,1.0,5625.0,12862500.0
2014-01-03,163.815772,161.842088,164.309193,163.322351,2.0,15000.0,12862500.0
2014-01-06,164.309193,164.309193,164.309193,164.309193,0.0,0.0,12862500.0
2014-01-07,164.309193,160.92432494,164.309193,164.309193,5.0,74274.0,12862500.0
2014-01-08,164.802614,162.82893,164.309193,164.309193,2.0,20000.0,12862500.0
2014-01-09,164.309193,164.309193,164.309193,164.309193,0.0,0.0,12862500.0
2014-01-10,167.76314,167.76314,164.309193,164.309193,1.0,2500.0,12862500.0
2014-01-13,164.309193,164.309193,164.309193,164.309193,0.0,0.0,12862500.0
2014-01-14,164.309193,164.309193,164.309193,164.309193,0.0,0.0,12862500.0
2014-01-15,164.309193,164.309193,164.309193,164.309193,0.0,0.0,12862500.0
2014-01-16,164.309193,164.309193,164.309193,164.309193,0.0,0.0,12862500.0
2014-01-17,166.282877,165.5920876,164.802614,164.309193,7.0,40921.0,12862500.0
2014-01-20,167.269719,167.269719,164.802614,164.802614,1.0,1000.0,12862500.0
2014-01-21,164.802614,164.802614,164.802614,164.802614,0.0,0.0,12862500.0
2014-01-22,162.82893,162.82893,164.802614,164.802614,1.0,2295.0,12862500.0
2014-01-23,166.282877,162.6879102782,164.802614,164.802614,2.0,5289.0,12862500.0
2014-01-24,164.802614,164.802614,164.802614,164.802614,0.0,0.0,12862500.0
2014-01-27,162.82893,162.82893,164.802614,164.802614,1.0,2682.0,12862500.0
2014-01-28,162.82893,162.6879102782,164.802614,164.802614,2.0,11000.0,12862500.0
2014-01-29,164.802614,164.802614,164.802614,164.802614,0.0,0.0,12862500.0
2014-01-30,164.802614,164.802614,164.802614,164.802614,0.0,0.0,12862500.0
2014-01-31,164.802614,164.802614,164.802614,164.802614,0.0,0.0,12862500.0
2014-02-03,165.296035,162.82893,164.802614,164.802614,5.0,39412.0,12862500.0
2014-02-04,164.802614,164.802614,164.802614,164.802614,0.0,0.0,12862500.0
2014-02-05,164.802614,164.802614,164.802614,164.802614,0.0,0.0,12862500.0
2014-02-06,163.322351,162.82893,164.802614,164.802614,2.0,50000.0,12862500.0
2014-02-07,164.802614,164.802614,164.802614,164.802614,0.0,0.0,12862500.0
2014-02-10,163.815772,163.815772,164.802614,164.802614,1.0,25000.0,12862500.0
2014-02-11,164.802614,162.82893,164.802614,164.802614,2.0,9750.0,12862500.0
2014-02-12,163.815772,163.815772,164.802614,164.802614,1.0,3187.0,12862500.0
2014-02-13,167.76314,167.76314,164.802614,164.802614,1.0,2000.0,12862500.0
2014-02-14,167.76314,167.76314,165.789456,164.802614,2.0,960.0,12862500.0
2014-02-17,163.815772,163.815772,165.789456,165.789456,1.0,2500.0,12862500.0
2014-02-18,165.789456,165.789456,165.789456,165.789456,0.0,0.0,12862500.0
2014-02-19,160.855246,160.855246,165.789456,165.789456,1.0,10000.0,12862500.0
2014-02-20,166.15952175,166.15952175,165.789456,165.789456,1.0,16.0,12862500.0
2014-02-21,162.82893,162.82893,164.309193,165.789456,1.0,5000.0,12862500.0
2014-02-24,161.857384051,161.857384051,164.309193,164.309193,1.0,2800.0,12862500.0
2014-02-25,164.309193,164.309193,164.309193,164.309193,0.0,0.0,12862500.0
2014-02-26,161.20064069999998,161.20064069999998,164.309193,164.309193,1.0,475.0,12862500.0
2014-02-27,160.855246,160.855246,164.309193,164.309193,2.0,14375.0,12862500.0
2014-02-28,164.309193,164.309193,164.309193,164.309193,0.0,0.0,12862500.0
2014-03-03,164.309193,164.309193,164.309193,164.309193,0.0,0.0,12862500.0
2014-03-04,164.309193,164.309193,164.309193,164.309193,0.0,0.0,12862500.0
2014-03-05,164.309193,164.309193,164.309193,164.309193,0.0,0.0,12862500.0
2014-03-06,165.296035,160.855246,164.309193,164.309193,4.0,41780.0,12862500.0
2014-03-07,162.82893,162.82893,164.309193,164.309193,1.0,10000.0,12862500.0
2014-03-10,165.789456,161.842088,164.309193,164.309193,2.0,10172.0,12862500.0
2014-03-11,163.815772,163.815772,164.309193,164.309193,1.0,44720.0,12862500.0
2014-03-12,164.309193,164.309193,164.309193,164.309193,0.0,0.0,12862500.0
2014-03-13,164.309193,164.309193,164.309193,164.309193,0.0,0.0,12862500.0
2014-03-14,164.309193,162.2368248,164.309193,164.309193,3.0,14334.0,12862500.0
2014-03-17,165.789456,162.82893,164.309193,164.309193,2.0,3749.0,12862500.0
2014-03-18,166.44718619300002,162.82893,164.309193,164.309193,7.0,6964.0,12862500.0
2014-03-19,170.723666,165.789456,167.76314,164.309193,9.0,320480.0,12862500.0
2014-03-20,170.723666,170.723666,167.76314,167.76314,3.0,3023.0,12862500.0
2014-03-21,170.723666,163.815772,166.776298,167.76314,6.0,207586.0,12862500.0
2014-03-24,170.723666,162.82893,166.776298,166.776298,3.0,8495.0,12862500.0
2014-03-25,170.723666,162.82893,167.76314,166.776298,4.0,302616.0,12862500.0
2014-03-26,175.657876,164.802614,166.776298,171.710508,7.0,23816.0,12862500.0
2014-03-27,168.67103464,162.82893,166.776298,166.776298,5.0,120237.0,12862500.0
2014-03-28,168.749982,162.82893,166.776298,166.776298,2.0,7000.0,12862500.0
2014-03-31,168.749982,167.76314,166.776298,166.776298,3.0,5548.0,12862500.0
2014-04-01,166.776298,166.776298,166.776298,166.776298,0.0,0.0,12862500.0
2014-04-02,162.82893,162.82893,166.776298,166.776298,2.0,4343.0,12862500.0
2014-04-03,167.76314,167.76314,166.776298,166.776298,1.0,610.0,12922741.0
2014-04-04,166.776298,166.776298,166.776298,166.776298,0.0,0.0,12922741.0
2014-04-07,166.776298,166.776298,166.776298,166.776298,0.0,0.0,12922741.0
2014-04-08,167.76314,163.815772,166.776298,166.776298,2.0,4500.0,12922741.0
2014-04-09,166.776298,166.776298,166.776298,166.776298,0.0,0.0,12922741.0
2014-04-10,167.76314,167.76314,166.776298,166.776298,1.0,9090.0,12922741.0
2014-04-11,163.815772,163.815772,166.776298,166.776298,1.0,6250.0,12922741.0
2014-04-14,167.76314,167.76314,166.776298,166.776298,1.0,3280.0,12922741.0
2014-04-15,166.776298,166.776298,166.776298,166.776298,0.0,0.0,12922741.0
2014-04-16,169.5394556,169.49998191999998,166.776298,166.776298,2.0,2200.0,12922741.0
2014-04-17,166.776298,166.776298,166.776298,166.776298,0.0,0.0,12922741.0
2014-04-22,167.76314,162.82893,166.776298,166.776298,2.0,6885.0,12922741.0
2014-04-23,166.776298,166.776298,166.776298,166.776298,0.0,0.0,12922741.0
2014-04-24,166.776298,166.776298,166.776298,166.776298,0.0,0.0,12922741.0
2014-04-25,169.736824,169.736824,166.776298,166.776298,1.0,6440.0,12922741.0
2014-04-28,164.802614,164.802614,166.776298,166.776298,1.0,2898.0,12922741.0
2014-04-29,166.776298,166.776298,166.776298,166.776298,0.0,0.0,12922741.0
2014-04-30,166.776298,166.776298,166.776298,166.776298,0.0,0.0,12922741.0
2014-05-01,166.776298,166.776298,166.776298,166.776298,0.0,0.0,12922741.0
2014-05-02,166.776298,164.802614,166.776298,166.776298,2.0,2012.0,12922741.0
2014-05-05,166.776298,166.776298,166.776298,166.776298,0.0,0.0,12922741.0
2014-05-06,165.789456,164.802614,166.776298,166.776298,4.0,454250.0,12922741.0
2014-05-07,170.3289292,169.53550823199998,166.776298,166.776298,2.0,1260.0,12922741.0
2014-05-08,170.28945552,164.802614,166.776298,166.776298,3.0,2545.0,12922741.0
2014-05-09,164.802614,164.802614,166.776298,166.776298,1.0,5000.0,12922741.0
2014-05-12,166.776298,166.776298,166.776298,166.776298,0.0,0.0,12922741.0
2014-05-13,166.776298,166.776298,166.776298,166.776298,0.0,0.0,12922741.0
2014-05-14,167.76314,167.76314,166.776298,166.776298,1.0,2440.0,12922741.0
2014-05-15,166.282877,166.282877,166.776298,166.776298,2.0,92500.0,12922741.0
2014-05-16,170.230245,170.230245,167.76314,166.776298,1.0,5000.0,12922741.0
2014-05-19,167.76314,167.76314,167.76314,167.76314,0.0,0.0,12922741.0
2014-05-20,167.76314,167.76314,167.76314,167.76314,0.0,0.0,12922741.0
2014-05-21,169.832547674,169.80590293999998,167.76314,167.76314,2.0,223.0,12922741.0
2014-05-22,167.76314,167.76314,167.76314,167.76314,0.0,0.0,12922741.0
2014-05-23,167.76314,167.76314,167.76314,167.76314,0.0,0.0,12922741.0
2014-05-26,167.76314,167.76314,167.76314,167.76314,0.0,0.0,12922741.0
2014-05-27,167.76314,167.76314,167.76314,167.76314,1.0,2502.0,12922741.0
2014-05-28,167.76314,167.76314,167.76314,167.76314,0.0,0.0,12922741.0
2014-05-29,167.76314,167.76314,167.76314,167.76314,0.0,0.0,12922741.0
2014-05-30,169.8355082,169.8355082,168.749982,167.76314,1.0,2315.0,12922741.0
2014-06-02,168.749982,168.749982,168.749982,168.749982,0.0,0.0,12922741.0
2014-06-03,171.6611659,167.24011374,169.243403,168.749982,2.0,11013.0,12922741.0
2014-06-04,172.69735,172.3519553,169.243403,169.243403,2.0,5569.0,12922741.0
2014-06-05,172.3519553,172.3519553,169.243403,169.243403,1.0,314.0,12922741.0
2014-06-06,172.69735,169.736824,170.723666,169.243403,2.0,2677.0,12922741.0
2014-06-09,170.723666,170.723666,170.723666,170.723666,0.0,0.0,12922741.0
2014-06-10,172.69735,169.243403,170.723666,170.723666,2.0,13740.0,12922741.0
2014-06-11,174.671034,174.671034,173.684192,171.710508,1.0,4000.0,12922741.0
2014-06-12,177.63156,177.33550739999998,174.671034,173.684192,2.0,3051.0,12922741.0
2014-06-13,174.671034,174.671034,174.671034,174.671034,0.0,0.0,12922741.0
2014-06-16,174.671034,174.671034,174.671034,174.671034,0.0,0.0,12922741.0
2014-06-17,174.671034,174.671034,174.671034,174.671034,0.0,0.0,12922741.0
2014-06-18,177.33550739999998,177.33550739999998,174.671034,174.671034,1.0,600.0,12922741.0
2014-06-19,180.592086,177.63156,176.644718,174.671034,2.0,1100.0,12922741.0
2014-06-20,180.1973492,180.1973492,176.644718,176.644718,1.0,245.0,12922741.0
2014-06-23,180.592086,174.671034,176.644718,176.644718,2.0,5500.0,12922741.0
2014-06-24,174.671034,174.177613,176.644718,176.644718,2.0,2900.0,12922741.0
2014-06-25,174.671034,173.4868236,176.644718,176.644718,2.0,6455.0,12922741.0
2014-06-26,180.1973492,173.4868236,176.644718,176.644718,2.0,5468.0,12922741.0
2014-06-27,176.644718,176.644718,176.644718,176.644718,0.0,0.0,12922741.0
2014-06-30,179.8026124,179.8026124,176.644718,176.644718,1.0,50.0,12922741.0
2014-07-01,173.4868236,173.4868236,176.644718,176.644718,1.0,2000.0,12922741.0
2014-07-02,176.644718,176.644718,176.644718,176.644718,0.0,0.0,12922741.0
2014-07-03,176.644718,176.644718,176.644718,176.644718,0.0,0.0,12922741.0
2014-07-04,176.644718,176.644718,176.644718,176.644718,0.0,0.0,12922741.0
2014-07-07,180.592086,180.592086,178.618402,176.644718,1.0,3000.0,12922741.0
2014-07-08,178.618402,178.618402,178.618402,178.618402,0.0,0.0,12922741.0
2014-07-09,184.539454,176.80261271999998,178.618402,178.618402,3.0,11475.0,12922741.0
2014-07-10,181.578928,177.43419160000002,178.618402,178.618402,3.0,2000.0,12922741.0
2014-07-11,178.618402,178.618402,178.618402,178.618402,0.0,0.0,12922741.0
2014-07-14,178.618402,178.618402,178.618402,178.618402,0.0,0.0,12922741.0
2014-07-15,178.618402,178.618402,178.618402,178.618402,0.0,0.0,12922741.0
2014-07-16,177.43419160000002,177.43419160000002,178.618402,178.618402,1.0,592.0,12922741.0
2014-07-17,181.578928,181.578928,178.618402,178.618402,1.0,1000.0,12922741.0
2014-07-18,178.618402,178.618402,178.618402,178.618402,0.0,0.0,12922741.0
2014-07-21,181.578928,181.578928,178.618402,178.618402,1.0,500.0,12922741.0
2014-07-22,178.618402,178.618402,178.618402,178.618402,0.0,0.0,12922741.0
2014-07-23,178.618402,178.618402,178.618402,178.618402,0.0,0.0,12922741.0
2014-07-24,178.618402,178.618402,178.618402,178.618402,0.0,0.0,12922741.0
2014-07-25,177.63156,177.47366528,178.618402,178.618402,2.0,2872.0,12922741.0
2014-07-28,178.618402,178.618402,178.618402,178.618402,0.0,0.0,12922741.0
2014-07-29,182.56577,179.3585335,180.098665,180.098665,3.0,6706.0,12922741.0
2014-07-30,181.578928,181.578928,180.098665,180.098665,1.0,516.0,12922741.0
2014-07-31,180.098665,180.098665,180.098665,180.098665,0.0,0.0,12922741.0
2014-08-01,181.578928,181.578928,180.098665,180.098665,1.0,2000.0,12922741.0
2014-08-04,178.618402,177.63156,180.098665,180.098665,2.0,5398.0,12922741.0
2014-08-05,179.111823,179.111823,180.098665,180.098665,1.0,2386.0,12922741.0
2014-08-06,180.098665,180.098665,180.098665,180.098665,0.0,0.0,12922741.0
2014-08-07,180.098665,180.098665,180.098665,180.098665,0.0,0.0,12922741.0
2014-08-08,180.098665,180.098665,180.098665,180.098665,0.0,0.0,12922741.0
2014-08-11,191.81741375,184.539454,186.019717,182.56577,11.0,27630.0,12922741.0
2014-08-12,187.3026116,187.236821804386,186.513138,186.513138,6.0,6452.0,12922741.0
2014-08-13,187.302610613158,187.302610613158,186.513138,186.513138,3.0,1181.0,12922741.0
2014-08-14,186.513138,186.51312813158,186.019717,186.513138,2.0,3527.0,12922741.0
2014-08-15,186.51312813158,185.526296,186.019717,186.019717,4.0,4431.0,12922741.0
2014-08-18,185.6249802,185.6249802,186.019717,186.019717,1.0,1175.0,12922741.0
2014-08-19,186.019717,186.019717,186.019717,186.019717,0.0,0.0,12922741.0
2014-08-20,186.019717,186.019717,186.019717,186.019717,0.0,0.0,12922741.0
2014-08-21,186.51312813158,185.6249802,186.019717,186.019717,4.0,8631.0,12922741.0
2014-08-22,186.51312813158,186.51312813158,186.019717,186.019717,1.0,750.0,12922741.0
2014-08-25,186.019717,186.019717,186.019717,186.019717,0.0,0.0,12922741.0
2014-08-26,186.019717,186.019717,186.019717,186.019717,0.0,0.0,12922741.0
2014-08-27,186.51312813158,186.51312813158,186.019717,186.019717,1.0,390.0,12922741.0
2014-08-28,185.6249802,185.6249802,186.019717,186.019717,1.0,50.0,12922741.0
2014-08-29,186.019717,186.019717,186.019717,186.019717,1.0,260.0,12922741.0
2014-09-01,186.019717,186.019717,186.019717,186.019717,0.0,0.0,12922741.0
2014-09-02,186.51312813158,186.51312813158,186.019717,186.019717,1.0,3000.0,12922741.0
2014-09-03,186.019717,186.019717,186.019717,186.019717,0.0,0.0,12922741.0
2014-09-04,186.019717,186.019717,186.019717,186.019717,0.0,0.0,12922741.0
2014-09-05,187.3519537,186.019717,186.019717,186.019717,3.0,55000.0,12922741.0
2014-09-08,187.49998,187.2039274,186.019717,186.019717,2.0,656.0,12922741.0
2014-09-09,186.019717,186.019717,186.019717,186.019717,0.0,0.0,12922741.0
2014-09-10,186.019717,186.019717,186.019717,186.019717,0.0,0.0,12922741.0
2014-09-11,187.3519537,187.3519537,186.019717,186.019717,1.0,520.0,12922741.0
2014-09-12,187.3519537,187.3519537,186.019717,186.019717,1.0,1000.0,12922741.0
2014-09-15,187.3519537,187.3519537,186.019717,186.019717,2.0,2252.0,12922741.0
2014-09-16,186.019717,186.019717,186.019717,186.019717,0.0,0.0,12922741.0
2014-09-17,187.49998,187.49998,186.019717,186.019717,1.0,1740.0,12922741.0
2014-09-18,186.019717,186.019717,186.019717,186.019717,0.0,0.0,12922741.0
2014-09-19,185.6249802,185.6249802,186.019717,186.019717,1.0,1180.0,12922741.0
2014-09-22,187.49998,187.49998,186.019717,186.019717,1.0,252.0,12922741.0
2014-09-23,186.019717,186.019717,186.019717,186.019717,0.0,0.0,12922741.0
2014-09-24,186.019717,186.019717,186.019717,186.019717,0.0,0.0,12922741.0
2014-09-25,186.019717,186.019717,186.019717,186.019717,0.0,0.0,12922741.0
2014-09-26,187.49998,185.6249802,186.019717,186.019717,4.0,2993.0,12922741.0
2014-09-29,187.006559,187.006559,186.019717,186.019717,2.0,952.0,12922741.0
2014-09-30,187.006559,186.019717,187.006559,186.019717,2.0,16500.0,12922741.0
2014-10-01,185.7730065,185.7730065,187.006559,187.006559,1.0,700.0,12922741.0
2014-10-02,185.8223486,185.032875,187.006559,187.006559,2.0,5500.0,12922741.0
2014-10-03,187.006559,187.006559,187.006559,187.006559,0.0,0.0,12922741.0
2014-10-06,189.473664,185.032875,187.006559,187.006559,5.0,36520.0,12922741.0
2014-10-07,189.473664,189.473664,187.006559,187.006559,1.0,249.0,12922741.0
2014-10-08,189.473664,189.473664,187.49998,187.006559,1.0,2597.0,12922741.0
2014-10-09,187.49998,187.49998,187.49998,187.49998,0.0,0.0,12922741.0
2014-10-10,185.526296,185.526296,186.513138,187.49998,1.0,5000.0,12922741.0
2014-10-13,185.7236644,185.7236644,186.513138,186.513138,1.0,10000.0,12922741.0
2014-10-14,186.513138,186.513138,186.513138,186.513138,0.0,0.0,12922741.0
2014-10-15,186.513138,186.513138,186.513138,186.513138,0.0,0.0,12922741.0
2014-10-16,187.49998,185.7236644,186.513138,186.513138,2.0,2151.0,12922741.0
2014-10-17,185.7236644,185.7236644,186.513138,186.513138,1.0,151.0,12922741.0
2014-10-20,186.513138,186.513138,186.513138,186.513138,0.0,0.0,12922741.0
2014-10-21,185.7236644,185.7236644,186.513138,186.513138,1.0,899.0,12922741.0
2014-10-22,187.4012958,187.4012958,186.513138,186.513138,1.0,309.0,12922741.0
2014-10-23,187.49998,187.49998,187.49998,187.49998,0.0,1.0,12922741.0
2014-10-24,188.980243,188.980243,187.49998,187.49998,2.0,1927.0,12922741.0
2014-10-27,185.9210328,185.9210328,187.49998,187.49998,1.0,200.0,12922741.0
2014-10-28,188.980243,188.980243,187.49998,187.49998,1.0,1044.0,12922741.0
2014-10-29,188.980243,188.980243,187.49998,187.49998,4.0,1981.0,12922741.0
2014-10-30,187.49998,187.49998,187.49998,187.49998,0.0,0.0,12922741.0
2014-10-31,188.980243,188.980243,187.49998,187.49998,1.0,214.0,12922741.0
2014-11-03,187.49998,187.49998,187.49998,187.49998,0.0,0.0,12922741.0
2014-11-04,188.980243,188.980243,187.49998,187.49998,1.0,1000.0,12922741.0
2014-11-05,187.49998,187.49998,187.49998,187.49998,0.0,0.0,12922741.0
2014-11-06,187.5,187.5,188.5,189.0,1.0,18667.0,12922741.0
2014-11-07,187.15,187.15,188.5,188.5,1.0,74.0,12922741.0
2014-11-10,189.5,189.5,188.5,188.5,1.0,1000.0,12922741.0
2014-11-11,188.5,188.5,188.5,188.5,0.0,0.0,12922741.0
2014-11-12,187.15,187.15,188.5,188.5,1.0,1100.0,12922741.0
2014-11-13,188.5,188.5,188.5,188.5,0.0,0.0,12922741.0
2014-11-14,188.5,188.5,188.5,188.5,0.0,0.0,12922741.0
2014-11-17,187.165,187.165,188.5,188.5,1.0,600.0,12922741.0
2014-11-18,187.36,187.36,188.5,188.5,1.0,2090.0,12922741.0
2014-11-19,188.5,188.5,188.5,188.5,0.0,0.0,12922741.0
2014-11-20,189.5,189.5,188.5,188.5,1.0,1500.0,12922741.0
2014-11-21,188.5,188.5,188.5,188.5,0.0,0.0,12922741.0
2014-11-24,189.5,189.5,188.5,188.5,1.0,1055.0,12922741.0
2014-11-25,162.0,136.0,139.0,166.0,16.0,61566.0,12922741.0
2014-11-26,142.0,130.0,133.5,139.0,8.0,10474.0,12922741.0
2014-11-27,135.0,130.0,132.0,133.5,2.0,2045.0,12922741.0
2014-11-28,133.0,133.0,132.0,132.0,1.0,83.0,12922741.0
2014-12-01,132.5,128.0,132.0,132.0,2.0,523.0,12922741.0
2014-12-02,132.0,132.0,132.0,132.0,0.0,0.0,12922741.0
2014-12-03,125.0,118.0,118.5,132.0,8.0,20075.0,12922741.0
2014-12-04,117.0,115.0,117.5,118.5,3.0,3541.0,12922741.0
2014-12-05,115.0,110.0,111.0,117.5,5.0,6866.0,12922741.0
2014-12-08,108.0,108.0,110.0,111.0,1.0,3750.0,12922741.0
2014-12-09,110.0,110.0,110.0,110.0,0.0,0.0,12922741.0
2014-12-10,110.0,110.0,110.0,110.0,0.0,0.0,12922741.0
2014-12-11,110.0,110.0,110.0,110.0,0.0,0.0,12922741.0
2014-12-12,110.0,110.0,110.0,110.0,0.0,0.0,12922741.0
2014-12-15,110.0,110.0,110.0,110.0,0.0,0.0,12922741.0
2014-12-16,105.0,105.0,110.0,110.0,1.0,2789.0,12922741.0
2014-12-17,110.0,110.0,110.0,110.0,0.0,0.0,12922741.0
2014-12-18,108.0,108.0,108.5,110.0,1.0,250.0,12922741.0
2014-12-19,105.0,103.0,106.0,108.5,3.0,7500.0,12922741.0
2014-12-22,105.0,105.0,106.0,106.0,1.0,231.0,12922741.0
2014-12-23,105.5,105.5,106.0,106.0,1.0,20000.0,12922741.0
2014-12-24,106.0,106.0,106.0,106.0,0.0,0.0,12922741.0
2014-12-29,105.0,102.0,103.5,106.0,3.0,16950.0,12922741.0
2014-12-30,103.5,103.5,103.5,103.5,0.0,0.0,12922741.0
2014-12-31,101.0,98.0,102.5,103.5,4.0,28930.0,12922741.0
2015-01-02,102.5,102.5,102.5,102.5,0.0,0.0,12922741.0
2015-01-05,98.0,98.0,98.0,102.5,1.0,5000.0,12922741.0
2015-01-06,98.0,98.0,98.0,98.0,0.0,0.0,12922741.0
2015-01-07,98.0,98.0,98.0,98.0,0.0,0.0,12922741.0
2015-01-08,97.0,97.0,98.0,98.0,2.0,2615.0,12922741.0
2015-01-09,98.0,98.0,98.0,98.0,0.0,0.0,12922741.0
2015-01-12,97.0,97.0,98.0,101.0,1.0,1000.0,12922741.0
2015-01-13,98.0,98.0,98.0,98.0,0.0,0.0,12922741.0
2015-01-14,98.0,98.0,98.0,98.0,0.0,0.0,12922741.0
2015-01-15,97.0,97.0,98.0,98.0,1.0,2044.0,12922741.0
2015-01-16,98.0,98.0,98.0,98.0,0.0,0.0,12922741.0
2015-01-19,98.0,98.0,98.0,98.0,0.0,0.0,12922741.0
2015-01-20,98.0,98.0,98.0,98.0,0.0,0.0,12922741.0
2015-01-21,98.0,98.0,98.0,98.0,0.0,0.0,12922741.0
2015-01-22,98.0,97.1,98.0,98.0,3.0,24260.0,12922741.0
2015-01-23,99.0,99.0,98.0,98.0,1.0,15000.0,12922741.0
2015-01-26,98.0,98.0,98.0,98.0,0.0,0.0,12922741.0
2015-01-27,98.0,98.0,98.0,98.0,0.0,0.0,12922741.0
2015-01-28,98.0,98.0,98.0,98.0,0.0,0.0,12922741.0
2015-01-29,98.0,98.0,98.0,98.0,0.0,0.0,12922741.0
2015-01-30,98.0,98.0,98.0,98.0,0.0,0.0,12922741.0
2015-02-02,98.5,98.5,98.5,98.5,0.0,1.0,12922741.0
2015-02-03,98.5,98.5,98.5,98.5,0.0,0.0,12922741.0
2015-02-04,98.5,98.5,98.5,98.5,0.0,0.0,12922741.0
2015-02-05,98.5,98.5,98.5,98.5,0.0,0.0,12922741.0
2015-02-06,98.03,98.0,98.5,98.5,2.0,338500.0,12922741.0
2015-02-09,98.0,98.0,98.5,98.5,1.0,1704.0,12922741.0
2015-02-10,100.0,99.0,101.0,98.5,2.0,11000.0,12922741.0
2015-02-11,101.0,101.0,101.0,101.0,0.0,0.0,12922741.0
2015-02-12,101.0,101.0,101.0,101.0,0.0,0.0,12922741.0
2015-02-13,101.0,101.0,101.0,101.0,0.0,0.0,12922741.0
2015-02-16,100.5,100.5,101.0,101.0,1.0,1100.0,12922741.0
2015-02-17,101.0,101.0,101.0,101.0,0.0,0.0,12922741.0
2015-02-18,100.5,100.5,101.0,101.0,2.0,509.0,12922741.0
2015-02-19,101.0,101.0,101.0,101.0,0.0,0.0,12922741.0
2015-02-20,100.0,100.0,99.5,101.0,1.0,1000.0,12922741.0
2015-02-23,97.75,97.75,98.5,99.5,1.0,1375.0,12922741.0
2015-02-24,98.5,98.5,98.5,98.5,0.0,0.0,12922741.0
2015-02-25,98.5,98.5,98.5,98.5,0.0,0.0,12922741.0
2015-02-26,98.5,98.5,98.5,98.5,0.0,0.0,12922741.0
2015-02-27,98.5,98.5,98.5,98.5,0.0,0.0,12922741.0
2015-03-02,97.0,97.0,98.5,98.5,1.0,1712.0,12922741.0
2015-03-03,97.045,97.045,98.5,98.5,1.0,140.0,12922741.0
2015-03-04,97.0,97.0,97.0,98.5,1.0,12000.0,12922741.0
2015-03-05,98.9,98.9,98.5,98.5,1.0,2012.0,12922741.0
2015-03-06,97.0,97.0,98.5,98.5,1.0,3.0,12922741.0
2015-03-09,98.5,98.5,98.5,98.5,0.0,0.0,12922741.0
2015-03-10,95.0,95.0,98.5,98.5,1.0,8790.0,12922741.0
2015-03-11,96.5,96.5,96.5,96.5,0.0,1.0,12922741.0
2015-03-12,90.0,90.0,96.5,96.5,1.0,10000.0,12922741.0
2015-03-13,96.5,96.5,96.5,96.5,0.0,0.0,12922741.0
2015-03-16,90.0,90.0,92.5,96.5,1.0,6000.0,12922741.0
2015-03-17,95.0,95.0,92.5,92.5,1.0,315.0,12922741.0
2015-03-18,91.0,91.0,92.5,92.5,1.0,1093.0,12922741.0
2015-03-19,90.75,90.75,92.5,92.5,1.0,144000.0,12922741.0
2015-03-20,92.5,92.5,92.5,92.5,1.0,198.0,12922741.0
2015-03-23,92.5,92.5,92.5,92.5,0.0,0.0,12922741.0
2015-03-24,92.5,92.5,92.5,92.5,0.0,0.0,12922741.0
2015-03-25,62.0,40.0,51.5,63.5,46.0,142910.0,12922741.0
2015-03-26,50.9,48.0,50.5,51.5,5.0,53223.0,12922741.0
2015-03-27,48.0,48.0,50.0,50.5,1.0,1840.0,12922741.0
2015-03-30,49.99999,49.99999,50.0,50.0,1.0,770.0,12922741.0
2015-03-31,50.0,50.0,50.0,50.0,0.0,0.0,12922741.0
2015-04-01,50.0,50.0,50.0,50.0,0.0,0.0,12922741.0
2015-04-02,47.15,47.0,50.0,50.0,2.0,40000.0,12922741.0
2015-04-06,50.0,50.0,50.0,50.0,0.0,0.0,12922741.0
2015-04-07,50.0,50.0,50.0,50.0,0.0,0.0,12922741.0
2015-04-08,50.0,50.0,50.0,50.0,1.0,3000.0,12922741.0
2015-04-09,47.0001,47.0001,50.0,50.0,2.0,1164.0,12922741.0
2015-04-10,49.6999,47.0,50.0,50.0,2.0,1120.0,12922741.0
2015-04-13,50.0,50.0,50.0,50.0,0.0,0.0,12922741.0
2015-04-14,48.5,48.5,48.5,48.5,0.0,1.0,12922741.0
2015-04-15,48.5,48.5,48.5,48.5,0.0,0.0,12922741.0
2015-04-16,48.0,48.0,48.5,48.5,1.0,3000.0,12922741.0
2015-04-17,48.0,48.0,48.5,48.5,1.0,2114.0,12922741.0
2015-04-20,48.5,48.5,48.5,48.5,0.0,0.0,12922741.0
2015-04-21,48.5,48.5,48.5,48.5,0.0,0.0,12922741.0
2015-04-22,48.0,48.0,48.5,48.5,1.0,4000.0,12922741.0
2015-04-23,47.4499,47.4499,47.5,47.5,1.0,1500.0,12922741.0
2015-04-24,47.0,47.0,47.5,47.5,1.0,635.0,12922741.0
2015-04-27,47.5,47.5,47.5,47.5,0.0,0.0,12922741.0
2015-04-28,47.5,47.5,47.5,47.5,0.0,0.0,12922741.0
2015-04-29,47.5,47.5,47.5,47.5,0.0,0.0,12922741.0
2015-04-30,47.5,47.5,47.5,47.5,0.0,0.0,12922741.0
2015-05-01,47.0,47.0,47.5,47.5,1.0,2000.0,12922741.0
2015-05-04,47.5,47.5,47.5,47.5,0.0,0.0,12922741.0
2015-05-05,47.5,47.5,47.5,47.5,0.0,0.0,12922741.0
2015-05-06,47.5,47.5,47.5,47.5,0.0,0.0,12922741.0
2015-05-07,47.0,44.159,46.0,47.5,2.0,3012.0,12922741.0
2015-05-08,46.0,46.0,46.0,46.0,0.0,0.0,12922741.0
2015-05-11,46.0,46.0,46.0,46.0,0.0,0.0,12922741.0
2015-05-12,45.0,45.0,46.0,46.0,1.0,2100.0,12922741.0
2015-05-13,45.0,45.0,46.0,46.0,1.0,1000.0,12922741.0
2015-05-14,46.0,46.0,46.0,46.0,0.0,0.0,12922741.0
2015-05-15,45.0,45.0,45.5,46.0,2.0,2151.0,12922741.0
2015-05-18,45.5,45.5,45.5,45.5,0.0,0.0,12922741.0
2015-05-19,45.5,45.5,45.5,45.5,0.0,0.0,12922741.0
2015-05-20,46.0,41.0,46.5,45.5,4.0,57000.0,12922741.0
2015-05-21,47.0,46.6001,47.0,46.5,2.0,2203.0,12922741.0
2015-05-22,48.0,48.0,48.0,47.0,1.0,1000.0,12922741.0
2015-05-25,48.0,48.0,48.0,48.0,0.0,0.0,12922741.0
2015-05-26,49.0,49.0,48.0,48.0,1.0,10000.0,12922741.0
2015-05-27,48.0,48.0,48.0,48.0,0.0,0.0,12922741.0
2015-05-28,49.2001,49.2001,48.0,48.0,1.0,134.0,12922741.0
2015-05-29,48.0,48.0,48.0,48.0,0.0,0.0,12922741.0
2015-06-01,48.0,48.0,48.0,48.0,0.0,0.0,12922741.0
2015-06-02,49.2001,49.2001,48.5,48.0,1.0,3500.0,12922741.0
2015-06-03,49.4001,49.4001,48.5,48.5,1.0,2000.0,12922741.0
2015-06-04,48.5,48.5,48.5,48.5,0.0,0.0,12922741.0
2015-06-05,48.5,48.5,48.5,48.5,0.0,0.0,12922741.0
2015-06-08,48.5,48.5,48.5,48.5,0.0,0.0,12922741.0
2015-06-09,48.5,48.5,48.5,48.5,0.0,0.0,12922741.0
2015-06-10,48.5,48.5,48.5,48.5,0.0,0.0,12922741.0
2015-06-11,48.5,48.5,48.5,48.5,0.0,0.0,12922741.0
2015-06-12,48.5,48.5,48.5,48.5,0.0,0.0,12922741.0
2015-06-15,67.0,52.0,62.5,47.5,18.0,119742.0,12922741.0
2015-06-16,65.0,62.0001,62.5,62.5,8.0,17458.0,12922741.0
2015-06-17,64.5,62.0,62.5,62.5,3.0,12802.0,12922741.0
2015-06-18,67.0,61.5,63.5,62.5,14.0,93496.0,12922741.0
2015-06-19,67.0,63.5001,63.5,63.5,2.0,9825.0,12922741.0
2015-06-22,65.95,63.5001,63.5,63.5,3.0,7045.0,12922741.0
2015-06-23,65.95,65.95,63.5,63.5,1.0,360.0,12922741.0
2015-06-24,65.95,64.2001,63.5,63.5,2.0,7000.0,12922741.0
2015-06-25,64.2001,64.2001,63.5,63.5,1.0,119.0,12922741.0
2015-06-26,65.9,65.9,63.5,63.5,1.0,3775.0,12922741.0
2015-06-29,64.25,60.2501,62.5,62.5,4.0,7413.0,12922741.0
2015-06-30,64.0,64.0,62.5,62.5,1.0,664.0,12922741.0
2015-07-01,62.5,62.5,62.5,62.5,0.0,0.0,12922741.0
2015-07-02,60.25,60.25,62.5,62.5,1.0,1494.0,12922741.0
2015-07-03,64.0,64.0,62.5,62.5,1.0,4000.0,12922741.0
2015-07-06,64.25,64.0,62.5,62.5,4.0,8895.0,12922741.0
2015-07-07,62.5,62.5,62.5,62.5,0.0,0.0,12922741.0
2015-07-08,62.5,62.5,62.5,62.5,0.0,0.0,12922741.0
2015-07-09,62.5,62.5,62.5,62.5,0.0,0.0,12922741.0
2015-07-10,62.5,62.5,62.5,62.5,0.0,0.0,12922741.0
2015-07-13,62.5,62.5,62.5,62.5,0.0,0.0,12922741.0
2015-07-14,62.5,62.5,62.5,62.5,0.0,0.0,12922741.0
2015-07-15,60.25,60.25,62.5,62.5,1.0,151.0,12922741.0
2015-07-16,62.5,62.5,62.5,62.5,0.0,0.0,12922741.0
2015-07-17,64.25,64.25,62.5,62.5,1.0,1500.0,12922741.0
2015-07-20,62.5,62.5,62.5,62.5,0.0,0.0,12922741.0
2015-07-21,62.0001,60.0,64.5,62.5,2.0,3972.0,12922741.0
2015-07-22,65.0,65.0,64.5,64.5,1.0,279.0,12922741.0
2015-07-23,64.5,64.5,64.5,64.5,0.0,0.0,12922741.0
2015-07-24,64.5,64.5,64.5,64.5,0.0,0.0,12922741.0
2015-07-27,65.0,65.0,64.5,64.5,1.0,769.0,12922741.0
2015-07-28,64.5,64.5,64.5,64.5,0.0,0.0,12922741.0
2015-07-29,64.5,64.5,64.5,64.5,0.0,0.0,12922741.0
2015-07-30,64.5,64.5,64.5,64.5,0.0,0.0,12922741.0
2015-07-31,65.9999,65.0,64.5,64.5,2.0,4291.0,12922741.0
2015-08-03,66.25,66.25,64.5,64.5,1.0,2000.0,16222741.0
2015-08-04,66.25,62.0,64.5,64.5,2.0,3573.0,16222741.0
2015-08-05,67.0,62.1,65.0,64.5,3.0,11521.0,16222741.0
2015-08-06,65.0,65.0,65.0,65.0,0.0,0.0,16222741.0
2015-08-07,65.0,65.0,65.0,65.0,0.0,0.0,16222741.0
2015-08-10,62.15,62.15,65.0,65.0,1.0,360.0,16222741.0
2015-08-11,62.15,62.15,65.0,65.0,1.0,7699.0,16222741.0
2015-08-12,65.0,65.0,65.0,65.0,0.0,0.0,16222741.0
2015-08-13,65.0,65.0,65.0,65.0,0.0,0.0,16222741.0
2015-08-14,65.0,65.0,65.0,65.0,0.0,0.0,16222741.0
2015-08-17,67.75,67.75,65.0,65.0,1.0,7307.0,16222741.0
2015-08-18,62.9001,62.9001,65.0,65.0,1.0,1000.0,16222741.0
2015-08-19,72.0,70.0,71.0,65.0,12.0,138656.0,16222741.0
2015-08-20,72.0,70.8,71.0,71.0,9.0,83715.0,16222741.0
2015-08-21,72.0,70.8,71.0,71.0,2.0,13394.0,16222741.0
2015-08-24,70.0,68.0,70.0,71.0,3.0,3537.0,16222741.0
2015-08-25,71.2,71.2,70.0,70.0,1.0,2000.0,16222741.0
2015-08-26,70.0,70.0,70.0,70.0,0.0,0.0,16222741.0
2015-08-27,70.0,70.0,70.0,70.0,0.0,0.0,16222741.0
2015-08-28,71.2,70.0,70.0,70.0,3.0,15268.0,16222741.0
2015-08-31,70.0,70.0,70.0,70.0,0.0,0.0,16222741.0
2015-09-01,70.65,70.65,70.0,70.0,2.0,559.0,16222741.0
2015-09-02,70.0,70.0,70.0,70.0,0.0,0.0,16222741.0
2015-09-03,71.2,70.65,70.0,70.0,2.0,2850.0,16222741.0
2015-09-04,70.0,70.0,70.0,70.0,0.0,0.0,16222741.0
2015-09-07,70.0,70.0,70.0,70.0,0.0,0.0,16222741.0
2015-09-08,70.0,70.0,70.0,70.0,0.0,0.0,16222741.0
2015-09-09,70.0,70.0,70.0,70.0,0.0,0.0,16222741.0
2015-09-10,70.65,70.65,70.0,70.0,1.0,2500.0,16222741.0
2015-09-11,70.0,70.0,70.0,70.0,0.0,0.0,16222741.0
2015-09-14,70.0,70.0,70.0,70.0,0.0,0.0,16222741.0
2015-09-15,70.0,70.0,70.0,70.0,0.0,0.0,16222741.0
2015-09-16,70.0,70.0,70.0,70.0,0.0,0.0,16222741.0
2015-09-17,70.6,70.6,70.0,70.0,1.0,362.0,16222741.0
2015-09-18,70.6,68.5,70.0,70.0,3.0,12988.0,16222741.0
2015-09-21,70.6,70.6,70.0,70.0,2.0,1450.0,16222741.0
2015-09-22,70.6,68.5,70.0,70.0,2.0,3942.0,16222741.0
2015-09-23,70.0,70.0,70.0,70.0,0.0,0.0,16222741.0
2015-09-24,70.0,70.0,70.0,70.0,0.0,0.0,16222741.0
2015-09-25,63.0,63.0,67.5,70.0,1.0,31250.0,16222741.0
2015-09-28,65.0,65.0,66.0,67.5,2.0,3775.0,16222741.0
2015-09-29,66.0,66.0,66.0,66.0,0.0,0.0,16222741.0
2015-09-30,65.0,65.0,65.0,65.0,1.0,25000.0,16222741.0
2015-10-01,65.0,65.0,65.0,65.0,0.0,0.0,16222741.0
2015-10-02,63.0,63.0,65.0,65.0,1.0,2000.0,16222741.0
2015-10-05,63.0,60.0,63.5,65.0,2.0,27409.0,16222741.0
2015-10-06,63.5,63.5,63.5,63.5,0.0,0.0,16222741.0
2015-10-07,63.5,63.5,63.5,63.5,0.0,0.0,16222741.0
2015-10-08,63.5,63.5,63.5,63.5,0.0,0.0,16222741.0
2015-10-09,63.5,63.5,63.5,63.5,0.0,0.0,16222741.0
2015-10-12,60.0,60.0,63.5,63.5,1.0,5500.0,16222741.0
2015-10-13,63.5,63.5,63.5,63.5,0.0,0.0,16222741.0
2015-10-14,60.0,60.0,63.5,63.5,1.0,1531.0,16222741.0
2015-10-15,63.5,63.5,63.5,63.5,0.0,0.0,16222741.0
2015-10-16,63.5,63.5,63.5,63.5,0.0,0.0,16222741.0
2015-10-19,63.5,63.5,63.5,63.5,0.0,0.0,16222741.0
2015-10-20,63.5,63.5,63.5,63.5,0.0,0.0,16222741.0
2015-10-21,63.5,63.5,63.5,63.5,0.0,0.0,16222741.0
2015-10-22,64.0,64.0,63.5,63.5,1.0,79.0,16222741.0
2015-10-23,63.5,63.5,63.5,63.5,0.0,0.0,16222741.0
2015-10-26,63.5,63.5,63.5,63.5,0.0,0.0,16222741.0
2015-10-27,63.5,63.5,63.5,63.5,0.0,0.0,16222741.0
2015-10-28,60.0,60.0,63.5,63.5,2.0,2700.0,16222741.0
2015-10-29,63.5,63.5,63.5,63.5,0.0,0.0,16222741.0
2015-10-30,63.5,63.5,63.5,63.5,0.0,0.0,16222741.0
2015-11-02,63.5,63.5,63.5,63.5,0.0,0.0,16222741.0
2015-11-03,63.5,63.5,63.5,63.5,0.0,0.0,16222741.0
2015-11-04,63.5,63.5,63.5,63.5,0.0,0.0,16222741.0
2015-11-05,64.0,60.0,63.5,63.5,3.0,13080.0,16222741.0
2015-11-06,63.5,63.5,63.5,63.5,0.0,0.0,16222741.0
2015-11-09,63.5,63.5,63.5,63.5,0.0,0.0,16222741.0
2015-11-10,63.5,63.5,63.5,63.5,0.0,0.0,16222741.0
2015-11-11,63.5,63.5,63.5,63.5,0.0,0.0,16222741.0
2015-11-12,63.75,63.75,63.5,63.5,1.0,5000.0,16222741.0
2015-11-13,63.5,63.5,63.5,63.5,0.0,0.0,16222741.0
2015-11-16,63.7,63.7,63.5,63.5,1.0,1393.0,16222741.0
2015-11-17,60.0,60.0,61.0,63.5,1.0,1300.0,16222741.0
2015-11-18,61.0,61.0,61.0,61.0,0.0,0.0,16222741.0
2015-11-19,61.0,61.0,61.0,61.0,0.0,0.0,16222741.0
2015-11-20,60.0,59.4,60.5,61.0,2.0,982.0,16222741.0
2015-11-23,60.5,60.5,60.5,60.5,0.0,0.0,16222741.0
2015-11-24,60.5,60.5,60.5,60.5,0.0,0.0,16222741.0
2015-11-25,59.75,59.75,60.5,60.5,1.0,1663.0,16222741.0
2015-11-26,60.5,60.5,60.5,60.5,0.0,0.0,16222741.0
2015-11-27,60.5,60.5,60.5,60.5,0.0,0.0,16222741.0
2015-11-30,60.5,60.5,60.5,60.5,0.0,0.0,16222741.0
2015-12-01,60.5,60.5,60.5,60.5,0.0,0.0,16222741.0
2015-12-02,60.5,60.5,60.5,60.5,0.0,0.0,16222741.0
2015-12-03,60.5,60.5,60.5,60.5,0.0,0.0,16222741.0
2015-12-04,60.5,60.5,60.5,60.5,0.0,0.0,16222741.0
2015-12-07,60.5,60.5,60.5,60.5,0.0,0.0,16222741.0
2015-12-08,60.5,60.5,60.5,60.5,0.0,0.0,16222741.0
2015-12-09,60.5,60.5,60.5,60.5,0.0,0.0,16222741.0
2015-12-10,60.5,60.5,60.5,60.5,0.0,0.0,16222741.0
2015-12-11,60.5,60.5,60.5,60.5,0.0,0.0,16222741.0
2015-12-14,59.75,59.7,60.5,60.5,2.0,515.0,16222741.0
2015-12-15,59.0,59.0,60.5,60.5,1.0,2500.0,16222741.0
2015-12-16,59.5,59.5,58.5,60.5,1.0,1600.0,16222741.0
2015-12-17,58.5,58.5,58.5,58.5,0.0,0.0,16222741.0
2015-12-18,58.5,58.5,58.5,58.5,0.0,0.0,16222741.0
2015-12-21,58.5,58.5,58.5,58.5,0.0,0.0,16222741.0
2015-12-22,59.5,59.5,58.5,58.5,1.0,85.0,16222741.0
2015-12-23,58.5,58.5,58.5,58.5,0.0,0.0,16222741.0
2015-12-24,58.5,58.5,58.5,58.5,0.0,0.0,16222741.0
2015-12-28,58.5,58.5,58.5,58.5,0.0,0.0,16222741.0
2015-12-29,58.5,58.5,58.5,58.5,0.0,0.0,16222741.0
2015-12-30,58.5,58.5,58.5,58.5,0.0,0.0,16222741.0
2015-12-31,58.5,58.5,58.5,58.5,0.0,0.0,16222741.0
2016-01-04,58.5,58.5,58.5,58.5,0.0,0.0,16222741.0
2016-01-05,58.5,58.5,58.5,58.5,0.0,0.0,16222741.0
2016-01-06,58.5,58.5,58.5,58.5,0.0,0.0,16222741.0
2016-01-07,56.5,56.5,56.5,56.5,0.0,1.0,16222741.0
2016-01-08,56.5,56.5,56.5,56.5,0.0,0.0,16222741.0
2016-01-11,57.0,57.0,57.0,57.0,0.0,1.0,16222741.0
2016-01-12,57.2,57.2,57.0,57.0,2.0,1180.0,16222741.0
2016-01-13,57.0,57.0,57.0,57.0,0.0,0.0,16222741.0
2016-01-14,57.0,57.0,57.0,57.0,0.0,0.0,16222741.0
2016-01-15,57.1,54.0,55.5,57.0,3.0,19702.0,16222741.0
2016-01-18,55.4,55.4,55.5,55.5,1.0,4512.0,16222741.0
2016-01-19,55.0,55.0,55.0,55.5,1.0,1057.0,16222741.0
2016-01-20,55.0,55.0,55.0,55.0,0.0,0.0,16222741.0
2016-01-21,55.0,54.0001,55.0,55.0,2.0,184.0,16222741.0
2016-01-22,54.5999,54.5999,55.0,55.0,1.0,1813.0,16222741.0
2016-01-25,54.0,54.0,54.5,55.0,1.0,3000.0,16222741.0
2016-01-26,54.5,54.5,54.5,54.5,0.0,0.0,16222741.0
2016-01-27,54.2,54.2,54.5,54.5,1.0,7016.0,16222741.0
2016-01-28,54.5,54.5,54.5,54.5,0.0,0.0,16222741.0
2016-01-29,54.5,54.5,54.5,54.5,0.0,0.0,16222741.0
2016-02-01,54.5,54.5,54.5,54.5,0.0,0.0,16222741.0
2016-02-02,54.5,54.5,54.5,54.5,0.0,0.0,16222741.0
2016-02-03,54.5,54.5,54.5,54.5,0.0,0.0,16222741.0
2016-02-04,54.5,54.5,54.5,54.5,0.0,0.0,16222741.0
2016-02-05,54.5,54.5,54.5,54.5,1.0,83860.0,16222741.0
2016-02-08,54.5,54.5,54.5,54.5,0.0,0.0,16222741.0
2016-02-09,52.0,52.0,53.5,54.5,1.0,2100.0,16222741.0
2016-02-10,53.5,53.5,53.5,53.5,0.0,0.0,16222741.0
2016-02-11,53.5,53.5,53.5,53.5,0.0,0.0,16222741.0
2016-02-12,53.99999,53.99999,53.5,53.5,1.0,273.0,16222741.0
2016-02-15,52.0,52.0,53.5,53.5,1.0,2000.0,16222741.0
2016-02-16,53.5,53.5,53.5,53.5,0.0,0.0,16222741.0
2016-02-17,52.0,52.0,53.5,53.5,2.0,560.0,16222741.0
2016-02-18,53.5,53.5,53.5,53.5,0.0,0.0,16222741.0
2016-02-19,53.5,53.5,53.5,53.5,0.0,0.0,16222741.0
2016-02-22,53.99,53.99,53.5,53.5,1.0,93.0,16222741.0
2016-02-23,52.5,52.5,52.5,52.5,0.0,1.0,16222741.0
2016-02-24,52.5,52.5,52.5,52.5,0.0,0.0,16222741.0
2016-02-25,52.5,52.5,52.5,52.5,0.0,0.0,16222741.0
2016-02-26,52.5,52.5,52.5,52.5,0.0,0.0,16222741.0
2016-02-29,52.5,52.5,52.5,52.5,0.0,0.0,16222741.0
2016-03-01,53.5,50.0,52.5,52.5,3.0,22004.0,16222741.0
2016-03-02,52.7499,50.0,52.5,52.5,3.0,757.0,16222741.0
2016-03-03,52.7499,50.0,52.5,52.5,2.0,400.0,16222741.0
2016-03-04,52.5,52.5,52.5,52.5,0.0,0.0,16222741.0
2016-03-07,50.0,50.0,51.5,52.5,1.0,5000.0,16222741.0
2016-03-08,51.5,51.5,51.5,51.5,0.0,0.0,16222741.0
2016-03-09,52.0,50.5,51.5,51.5,2.0,8300.0,16222741.0
2016-03-10,51.5,51.5,51.5,51.5,0.0,0.0,16222741.0
2016-03-11,50.0,50.0,51.5,51.5,1.0,3620.0,16222741.0
2016-03-14,51.5,51.5,51.5,51.5,0.0,0.0,16222741.0
2016-03-15,51.5,51.5,51.5,51.5,0.0,0.0,16222741.0
2016-03-16,51.5,51.5,51.5,51.5,0.0,0.0,16222741.0
2016-03-17,51.5,51.5,51.5,51.5,0.0,0.0,16222741.0
2016-03-18,50.0,50.0,51.5,51.5,1.0,1400.0,16222741.0
2016-03-21,50.8999,50.8999,52.5,51.5,1.0,3929.0,16222741.0
2016-03-22,52.9,52.9,52.5,52.5,2.0,10095.0,16222741.0
2016-03-23,60.0,52.0,61.0,54.5,10.0,63660.0,16222741.0
2016-03-24,62.5,60.375,61.5,61.0,2.0,5156.0,16222741.0
2016-03-28,61.5,61.5,61.5,61.5,0.0,0.0,16222741.0
2016-03-29,60.0,60.0,60.0,61.5,1.0,5148.0,16222741.0
2016-03-30,60.0,57.0,60.0,60.0,4.0,16024.0,16222741.0
2016-03-31,59.0,55.0,57.5,58.5,3.0,5180.0,16222741.0
2016-04-01,59.0,55.0,57.5,57.5,4.0,72780.0,16222741.0
2016-04-04,57.5,57.5,57.5,57.5,0.0,0.0,16222741.0
2016-04-05,59.0,59.0,57.5,57.5,1.0,2445.0,16222741.0
2016-04-06,59.0,59.0,57.5,57.5,1.0,82.0,16222741.0
2016-04-07,59.0,59.0,58.5,57.5,1.0,1000.0,16222741.0
2016-04-08,58.5,58.5,58.5,58.5,0.0,0.0,16222741.0
2016-04-11,79.9,65.0,78.5,71.0,39.0,1073587.0,16222741.0
2016-04-12,78.95,75.1001,76.0,78.5,9.0,51907.0,16222741.0
2016-04-13,76.5,74.15,75.5,76.0,8.0,15802.0,16222741.0
2016-04-14,79.0,76.85,79.0,75.5,9.0,44321.0,16222741.0
2016-04-15,83.0,80.0,82.0,79.0,4.0,9200.0,16222741.0
2016-04-18,92.0,83.9999,90.0,83.0,7.0,15901.0,16222741.0
2016-04-19,93.0,88.0,91.5,90.0,4.0,6907.0,16222741.0
2016-04-20,94.0,91.5,91.5,91.5,2.0,27331.0,16222741.0
2016-04-21,94.0,92.99999,94.5,91.5,3.0,2115.0,16222741.0
2016-04-22,97.0,97.0,94.5,94.5,2.0,3055.0,16222741.0
2016-04-25,99.0,93.0,99.5,94.5,6.0,17621.0,16222741.0
2016-04-26,103.0,99.0,101.0,99.5,6.0,59407.0,16222741.0
2016-04-27,104.23,99.1,101.5,101.5,11.0,837844.0,31677287.0
2016-04-28,105.0,98.0,105.0,101.5,4.0,20215.0,31677287.0
2016-04-29,99.0,98.0,100.0,101.5,3.0,12187.0,31677287.0
2016-05-02,100.0,100.0,100.0,100.0,0.0,0.0,31677287.0
2016-05-03,98.25,92.0,95.5,100.0,8.0,20916.0,31677287.0
2016-05-04,93.0,91.04,93.0,94.0,3.0,4032.0,31677287.0
2016-05-05,91.0,91.0,93.0,93.0,1.0,1770.0,31677287.0
2016-05-06,91.0,90.0,92.5,93.0,5.0,773270.0,31677287.0
2016-05-09,96.75,93.0,94.5,92.5,5.0,27330.0,31677287.0
2016-05-10,95.0,95.0,95.0,94.5,2.0,40000.0,31677287.0
2016-05-11,97.0,96.8,95.5,95.0,3.0,22446.0,31677287.0
2016-05-12,100.0,96.7,98.5,95.5,8.0,52000.0,31677287.0
2016-05-13,101.0,101.0,98.5,98.5,1.0,5000.0,31677287.0
2016-05-16,102.0,99.0,99.0,98.5,7.0,24049.0,31677287.0
2016-05-17,99.0,99.0,99.0,99.0,0.0,0.0,31677287.0
2016-05-18,102.0,102.0,99.0,99.0,1.0,10000.0,31677287.0
2016-05-19,100.0,98.1,99.0,99.0,2.0,4969.0,31677287.0
2016-05-20,102.0,102.0,99.0,99.0,1.0,50.0,31677287.0
2016-05-23,101.0,96.0,98.5,99.0,5.0,36337.0,31677287.0
2016-05-24,98.75,98.75,97.5,97.5,1.0,10000.0,31677287.0
2016-05-25,100.0,96.25,97.5,97.5,5.0,27599.0,31677287.0
2016-05-26,99.25,99.25,97.5,97.5,1.0,3000.0,31677287.0
2016-05-27,97.5,97.5,97.5,97.5,0.0,0.0,31677287.0
2016-05-30,97.5,97.5,97.5,97.5,0.0,0.0,31677287.0
2016-05-31,97.5,97.5,97.5,97.5,0.0,0.0,31677287.0
2016-06-01,97.5,97.5,97.5,97.5,0.0,0.0,31677287.0
2016-06-02,97.5,97.5,97.5,97.5,0.0,0.0,31677287.0
2016-06-03,99.25,99.25,97.5,97.5,1.0,896.0,31677287.0
2016-06-06,98.75,98.75,97.5,97.5,1.0,7300.0,31677287.0
2016-06-07,100.0,100.0,97.5,97.5,1.0,2992.0,31677287.0
2016-06-08,100.0,97.5,98.0,97.5,3.0,260626.0,31677287.0
2016-06-09,97.5,94.0,97.0,98.0,4.0,317306.0,31677287.0
2016-06-10,100.0,95.8,97.0,97.0,5.0,6677.0,31677287.0
2016-06-13,98.45,98.45,97.0,97.0,1.0,507.0,31677287.0
2016-06-14,98.45,94.0,97.0,97.0,3.0,1144.0,31677287.0
2016-06-15,94.0,94.0,96.5,97.0,1.0,100.0,31677287.0
2016-06-16,93.25,93.0,95.5,96.5,2.0,3500.0,31677287.0
2016-06-17,93.25,93.25,95.5,95.5,1.0,1000.0,31677287.0
2016-06-20,95.5,95.5,95.5,95.5,0.0,0.0,31677287.0
2016-06-21,95.5,95.5,95.5,95.5,0.0,0.0,31677287.0
2016-06-22,96.0,96.0,95.5,95.5,1.0,53.0,31677287.0
2016-06-23,97.75,93.0,95.5,95.5,3.0,70817.0,31677287.0
2016-06-24,95.0,91.1,93.5,92.5,3.0,13129.0,31677287.0
2016-06-27,94.5,91.1,91.5,92.5,2.0,8713.0,31677287.0
2016-06-28,91.5,91.5,91.5,91.5,1.0,5000.0,31677287.0
2016-06-29,94.287,94.287,91.5,91.5,1.0,70.0,31677287.0
2016-06-30,91.5,91.5,91.5,91.5,0.0,0.0,31677287.0
2016-07-01,92.0,88.0,92.0,91.5,7.0,31192.0,31677287.0
2016-07-04,92.0,92.0,92.0,92.0,1.0,1700.0,31677287.0
2016-07-05,90.0,85.0,88.5,92.0,3.0,8768.0,31677287.0
2016-07-06,88.5,88.5,88.5,88.5,0.0,0.0,31677287.0
2016-07-07,89.0,89.0,88.5,88.5,1.0,300.0,31677287.0
2016-07-08,88.5,88.5,88.5,88.5,0.0,0.0,31677287.0
2016-07-11,89.0,89.0,88.5,88.5,1.0,2461.0,31677287.0
2016-07-12,88.5,88.5,88.5,88.5,0.0,0.0,31677287.0
2016-07-13,90.0,87.0,90.5,88.5,2.0,14007.0,31677287.0
2016-07-14,93.65,93.65,92.5,90.5,1.0,4018.0,31677287.0
2016-07-15,90.5,90.5,92.5,92.5,1.0,3000.0,31677287.0
2016-07-18,92.5,92.5,92.5,92.5,0.0,0.0,31677287.0
2016-07-19,91.0,91.0,92.5,92.5,1.0,250000.0,31677287.0
2016-07-20,92.5,92.5,92.5,92.5,0.0,0.0,31677287.0
2016-07-21,94.45,94.0,92.5,91.0,2.0,15054.0,31677287.0
2016-07-22,92.5,92.5,92.5,92.5,0.0,0.0,31677287.0
2016-07-25,92.5,92.5,92.5,92.5,0.0,0.0,31677287.0
2016-07-26,92.5,92.5,92.5,92.5,0.0,0.0,31677287.0
2016-07-27,94.0,94.0,92.5,92.5,1.0,679.0,31677287.0
2016-07-28,94.75,91.2,92.5,92.5,3.0,3640.0,31677287.0
2016-07-29,94.75,94.75,92.5,92.5,1.0,1000.0,31677287.0
2016-08-01,92.5,92.5,92.5,92.5,0.0,0.0,31677287.0
2016-08-02,92.5,92.5,92.5,92.5,1.0,66373.0,31677287.0
2016-08-03,92.5,92.5,92.5,92.5,0.0,0.0,31677287.0
2016-08-04,92.5,92.5,92.5,92.5,0.0,0.0,31677287.0
2016-08-05,91.2,91.2,92.5,92.5,1.0,134.0,31677287.0
2016-08-08,94.0,91.0,92.5,92.5,4.0,28774.0,31677287.0
2016-08-09,100.0,93.9,96.5,92.5,8.0,63471.0,31677287.0
2016-08-10,96.5,96.5,96.5,96.5,1.0,2548.0,31677287.0
2016-08-11,98.0,97.0,97.0,96.5,5.0,288111.0,31677287.0
2016-08-12,98.0,98.0,98.5,97.0,2.0,72989.0,31677287.0
2016-08-15,99.4,98.0,98.5,98.5,4.0,30402.0,31677287.0
2016-08-16,99.5,99.0,98.5,98.5,2.0,15000.0,31677287.0
2016-08-17,101.0,97.1,99.5,98.0,5.0,37632.0,31677287.0
2016-08-18,99.5,99.5,99.5,99.5,0.0,0.0,31677287.0
2016-08-19,99.5,99.5,99.5,99.5,0.0,0.0,31677287.0
2016-08-22,101.4,100.5,100.0,99.5,3.0,6050.0,31677287.0
2016-08-23,105.0,99.0,103.5,100.0,4.0,355032.0,31677287.0
2016-08-24,101.0,101.0,103.5,103.5,1.0,1000.0,31677287.0
2016-08-25,102.0,102.0,104.0,103.5,5.0,1322806.0,31677287.0
2016-08-26,110.0,102.0,108.5,104.0,7.0,175903.0,31677287.0
2016-08-29,108.5,108.5,108.5,108.5,0.0,0.0,31677287.0
2016-08-30,117.0,110.0,114.5,108.5,9.0,50411.0,31677287.0
2016-08-31,120.0,115.0,117.5,114.5,7.0,15528.0,31677287.0
2016-09-01,122.0,116.0,118.5,117.5,8.0,15576.0,31677287.0
2016-09-02,126.0,121.0,124.5,118.5,6.0,23218.0,31677287.0
2016-09-05,126.7,125.0,125.5,124.5,5.0,9493.0,31677287.0
2016-09-06,125.0,125.0,125.5,125.5,1.0,2500.0,31677287.0
2016-09-07,126.7,126.7,125.5,125.5,1.0,1578.0,31677287.0
2016-09-08,126.5,125.05,125.5,125.5,4.0,31452.0,31677287.0
2016-09-09,126.0,126.0,125.5,125.5,2.0,8000.0,31677287.0
2016-09-12,125.5,125.5,125.5,125.5,0.0,0.0,31677287.0
2016-09-13,127.0,127.0,126.0,125.5,2.0,11000.0,31677287.0
2016-09-14,125.05,125.05,126.0,126.0,2.0,981.0,31677287.0
2016-09-15,128.0,127.6,126.0,126.0,3.0,5711.0,31677287.0
2016-09-16,125.05,125.05,126.0,126.0,1.0,1061.0,31677287.0
2016-09-19,126.0,126.0,126.0,126.0,0.0,0.0,31677287.0
2016-09-20,129.5,126.0,127.5,126.0,5.0,96816.0,31677287.0
2016-09-21,130.0,129.5,127.5,127.5,3.0,738.0,31677287.0
2016-09-22,129.5,126.0,127.5,127.5,5.0,14030.0,31677287.0
2016-09-23,129.0,126.0,127.5,127.5,2.0,7080.0,31677287.0
2016-09-26,126.0,124.0,125.0,127.5,6.0,24080.0,31677287.0
2016-09-27,128.04,121.4,125.5,125.0,2.0,4333.0,31677287.0
2016-09-28,129.0,129.0,127.5,125.5,2.0,5500.0,31677287.0
2016-09-29,135.0,130.0,133.5,127.5,12.0,32268.0,31677287.0
2016-09-30,139.0,130.0,134.0,131.0,12.0,87529.0,31677287.0
2016-10-03,137.0,137.0,134.0,134.0,3.0,1033.0,31677287.0
2016-10-04,137.0,130.0,134.0,134.0,3.0,6800.0,31677287.0
2016-10-05,137.0,137.0,134.0,134.0,1.0,2000.0,31677287.0
2016-10-06,137.0,137.0,134.0,134.0,1.0,87.0,31677287.0
2016-10-07,137.0,131.6,134.0,134.0,2.0,3366.0,31677287.0
2016-10-10,136.8,132.0,134.0,134.0,2.0,1893.0,31677287.0
2016-10-11,136.8,136.8,134.0,134.0,1.0,1822.0,31677287.0
2016-10-12,132.0,131.6,132.5,134.0,2.0,2722.0,31677287.0
2016-10-13,131.25,131.25,132.5,132.5,1.0,2000.0,31677287.0
2016-10-14,130.0,130.0,131.0,132.5,1.0,1000.0,31677287.0
2016-10-17,128.6,128.6,131.0,131.5,1.0,402.0,31677287.0
2016-10-18,128.6,125.9,127.5,131.0,2.0,17877.0,31677287.0
2016-10-19,125.5,125.0,127.5,127.5,4.0,20753.0,31677287.0
2016-10-20,130.0,129.25,127.5,127.5,2.0,102.0,31677287.0
2016-10-21,127.5,127.5,127.5,127.5,0.0,0.0,31677287.0
2016-10-24,129.25,129.25,127.5,127.5,1.0,19.0,31677287.0
2016-10-25,127.5,127.5,127.5,127.5,0.0,0.0,31677287.0
2016-10-26,127.5,127.5,127.5,127.5,0.0,0.0,31677287.0
2016-10-27,127.5,127.5,127.5,127.5,0.0,0.0,31677287.0
2016-10-28,125.0,120.5,123.5,127.5,2.0,6900.0,31677287.0
2016-10-31,120.5,120.5,123.5,123.5,1.0,2000.0,31762457.0
2016-11-01,124.5,118.0,116.5,123.5,6.0,10295.0,31762457.0
2016-11-02,112.45,112.45,116.5,116.5,1.0,1000.0,31762457.0
2016-11-03,112.0,105.0,110.5,116.5,4.0,14887.0,31762457.0
2016-11-04,108.0,103.0,106.5,110.5,3.0,4636.0,31762457.0
2016-11-07,103.0,103.0,106.5,106.5,1.0,1663.0,31762457.0
2016-11-08,106.5,106.5,106.5,106.5,0.0,0.0,31762457.0
2016-11-09,112.0,109.0,112.0,106.0,6.0,18189.0,31762457.0
2016-11-10,113.0,113.0,113.0,113.0,0.0,1.0,31762457.0
2016-11-11,115.0,115.0,113.0,113.0,1.0,5000.0,31762457.0
2016-11-14,113.0,113.0,113.0,113.0,0.0,0.0,31762457.0
2016-11-15,112.0,111.2,113.0,113.0,2.0,5527.0,31762457.0
2016-11-16,113.0,113.0,113.0,113.0,0.0,0.0,31762457.0
2016-11-17,113.0,113.0,113.0,113.0,0.0,0.0,31762457.0
2016-11-18,113.0,113.0,113.0,113.0,0.0,0.0,31762457.0
2016-11-21,113.0,113.0,113.0,113.0,0.0,0.0,31762457.0
2016-11-22,111.0,111.0,113.0,113.0,1.0,1500.0,31762457.0
2016-11-23,111.0,111.0,113.0,113.0,2.0,1355.0,31762457.0
2016-11-24,113.0,113.0,113.0,113.0,0.0,0.0,31762457.0
2016-11-25,113.0,113.0,113.0,113.0,0.0,0.0,31762457.0
2016-11-28,119.7,114.4,115.5,113.0,5.0,13635.0,31762457.0
2016-11-29,111.0,111.0,115.5,115.5,1.0,4005.0,31762457.0
2016-11-30,115.5,115.5,115.5,115.5,0.0,0.0,31762457.0
2016-12-01,115.5,115.5,115.5,115.5,0.0,0.0,31762457.0
2016-12-02,111.0,111.0,115.0,115.5,1.0,2500.0,31762457.0
2016-12-05,114.0,114.0,114.0,114.0,0.0,1.0,31762457.0
2016-12-06,114.0,114.0,114.0,114.0,0.0,0.0,31762457.0
2016-12-07,110.0,110.0,113.0,114.0,2.0,11855.0,31762457.0
2016-12-08,113.0,113.0,113.0,113.0,0.0,0.0,31762457.0
2016-12-09,113.0,113.0,113.0,113.0,0.0,0.0,31762457.0
2016-12-12,113.0,113.0,113.0,113.0,0.0,0.0,31762457.0
2016-12-13,113.0,113.0,113.0,113.0,0.0,0.0,31762457.0
2016-12-14,113.0,113.0,113.0,113.0,0.0,0.0,31762457.0
2016-12-15,110.0,110.0,111.5,113.0,1.0,5000.0,31762457.0
2016-12-16,111.5,111.5,111.5,111.5,0.0,0.0,31762457.0
2016-12-19,110.0,110.0,111.5,111.5,1.0,3000.0,31762457.0
2016-12-20,111.5,111.5,111.5,111.5,0.0,0.0,31762457.0
2016-12-21,111.5,111.5,111.5,111.5,0.0,0.0,31762457.0
2016-12-22,111.5,111.5,111.5,111.5,0.0,0.0,31762457.0
2016-12-23,111.5,111.5,111.5,111.5,0.0,0.0,31762457.0
2016-12-27,111.5,111.5,111.5,111.5,0.0,0.0,31762457.0
2016-12-28,111.5,111.5,111.5,111.5,1.0,2690.0,31762457.0
2016-12-29,111.5,111.5,111.5,111.5,0.0,0.0,31762457.0
2016-12-30,111.5,111.5,111.5,111.5,0.0,0.0,31762457.0
2017-01-02,111.5,111.5,111.5,111.5,0.0,0.0,31762457.0
2017-01-03,107.0,107.0,109.5,111.5,1.0,5000.0,31762457.0
2017-01-04,109.85,106.0,109.5,109.5,3.0,51270.0,31762457.0
2017-01-05,109.5,109.5,109.5,109.5,0.0,0.0,31762457.0
2017-01-06,106.0,106.0,109.5,109.5,2.0,3600.0,31762457.0
2017-01-09,109.0,107.0,109.5,109.5,2.0,16500.0,31762457.0
2017-01-10,111.0,107.0,109.0,109.0,4.0,20539.0,31762457.0
2017-01-11,109.0,107.0,108.5,109.0,2.0,12130.0,31762457.0
2017-01-12,108.5,108.5,108.5,108.5,0.0,0.0,31762457.0
2017-01-13,110.25,110.25,108.5,108.5,1.0,4795.0,31762457.0
2017-01-16,106.0,106.0,108.5,108.5,2.0,6282.0,31762457.0
2017-01-17,108.0,106.0,108.5,108.5,3.0,28618.0,31762457.0
2017-01-18,112.0,112.0,108.5,108.5,1.0,1776.0,31762457.0
2017-01-19,108.5,108.5,108.5,108.5,0.0,0.0,31762457.0
2017-01-20,112.0,106.0,108.5,108.5,2.0,5556.0,31762457.0
2017-01-23,108.5,108.5,108.5,108.5,0.0,0.0,31762457.0
2017-01-24,108.5,108.5,108.5,108.5,0.0,0.0,31762457.0
2017-01-25,108.5,108.5,108.5,108.5,0.0,0.0,31762457.0
2017-01-26,106.5,105.0,108.5,108.5,2.0,30244.0,31762457.0
2017-01-27,108.5,108.5,108.5,108.5,0.0,0.0,31762457.0
2017-01-30,108.5,108.5,108.5,108.5,0.0,0.0,31762457.0
2017-01-31,108.5,108.5,108.5,108.5,0.0,0.0,31762457.0
2017-02-01,106.0,106.0,108.5,108.5,1.0,50000.0,31762457.0
2017-02-02,108.5,108.5,108.5,108.5,0.0,0.0,31762457.0
2017-02-03,111.5,111.5,108.5,108.5,1.0,159.0,31762457.0
2017-02-06,108.5,108.5,108.5,108.5,0.0,0.0,31762457.0
2017-02-07,108.5,108.5,108.5,108.5,0.0,0.0,31762457.0
2017-02-08,108.5,108.5,108.5,108.5,0.0,0.0,31762457.0
2017-02-09,108.5,108.5,108.5,108.5,0.0,0.0,31762457.0
2017-02-10,112.0,112.0,108.5,108.5,1.0,14000.0,31762457.0
2017-02-13,108.5,108.5,108.5,108.5,0.0,0.0,31762457.0
2017-02-14,110.0,108.5,108.5,108.5,3.0,53100.0,31762457.0
2017-02-15,130.0,108.85,124.5,108.5,56.0,153100.0,31762457.0
2017-02-16,125.75,122.0,123.5,124.5,6.0,5325.0,31762457.0
2017-02-17,125.7,123.5,123.5,123.5,4.0,4409.0,31762457.0
2017-02-20,125.7,125.7,122.5,123.5,2.0,1650.0,31762457.0
2017-02-21,123.5,123.5,122.5,122.5,1.0,785.0,31762457.0
2017-02-22,125.7,122.5,122.5,122.5,3.0,24770.0,31762457.0
2017-02-23,122.5,122.5,122.5,122.5,0.0,0.0,31762457.0
2017-02-24,125.7,121.0,122.5,122.5,4.0,14576.0,31762457.0
2017-02-27,119.5,118.0,119.0,122.5,3.0,10673.0,31762457.0
2017-02-28,119.5,115.0,116.5,119.0,5.0,19422.0,31762457.0
2017-03-01,118.0,116.5,116.5,116.5,5.0,12400.0,31762457.0
2017-03-02,118.0,116.5,116.5,116.5,3.0,6000.0,31762457.0
2017-03-03,118.0,118.0,116.5,116.5,1.0,1864.0,31762457.0
2017-03-06,117.0,116.0,116.5,116.5,2.0,6000.0,31762457.0
2017-03-07,117.999999,115.0,115.0,116.5,3.0,9961.0,31762457.0
2017-03-08,116.999999,116.999999,115.0,115.0,1.0,275.0,31762457.0
2017-03-09,113.0,112.0,113.5,115.0,3.0,10396.0,31762457.0
2017-03-10,113.5,113.5,113.5,113.5,0.0,0.0,31762457.0
2017-03-13,113.5,113.5,113.5,113.5,0.0,0.0,31762457.0
2017-03-14,115.0,110.0,112.5,113.5,3.0,3215.0,31762457.0
2017-03-15,113.0,110.4118,111.0,112.5,4.0,10167.0,31762457.0
2017-03-16,112.4,110.0,111.5,111.0,4.0,18661.0,31762457.0
2017-03-17,110.4,108.0,109.5,111.5,7.0,15008.0,31762457.0
2017-03-20,110.2,110.2,109.5,109.5,1.0,360.0,31762457.0
2017-03-21,111.4,108.75,109.0,110.5,12.0,55976.0,31762457.0
2017-03-22,109.85,103.1,106.5,109.0,9.0,38740.0,31762457.0
2017-03-23,108.4,108.3,106.5,106.5,2.0,1914.0,31762457.0
2017-03-24,108.3,104.0,106.5,106.5,4.0,16917.0,31762457.0
2017-03-27,106.5,106.5,106.5,106.5,0.0,0.0,31762457.0
2017-03-28,105.5,105.5,105.5,105.5,0.0,1.0,31762457.0
2017-03-29,107.0,107.0,105.5,105.5,1.0,1203.0,31762457.0
2017-03-30,107.5,107.5,105.5,105.5,5.0,9111.0,31762457.0
2017-03-31,105.5,105.5,105.5,105.5,0.0,0.0,31762457.0
2017-04-03,107.5,104.0,105.5,105.5,3.0,6349.0,31762457.0
2017-04-04,103.0,103.0,105.5,105.5,1.0,2000.0,31762457.0
2017-04-05,103.0,103.0,105.5,105.5,1.0,869.0,31762457.0
2017-04-06,107.0,101.0,102.5,105.5,8.0,18261.0,31762457.0
2017-04-07,104.5,100.0,102.5,102.5,4.0,14074.0,31762457.0
2017-04-10,100.0,100.0,101.0,102.5,2.0,4955.0,31762457.0
2017-04-11,103.0,100.0,102.0,101.0,2.0,3087.0,31762457.0
2017-04-12,103.0,103.0,102.5,102.0,2.0,3456.0,31762457.0
2017-04-13,103.5,100.25,102.5,102.5,2.0,6000.0,31762457.0
2017-04-17,102.5,102.5,102.5,102.5,0.0,0.0,31762457.0
2017-04-18,105.0,100.25,102.5,102.5,4.0,7180.0,31762457.0
2017-04-19,102.5,102.5,102.5,102.5,0.0,0.0,31762457.0
2017-04-20,103.4,103.4,102.5,102.5,1.0,1000.0,31762457.0
2017-04-21,102.5,102.5,102.5,102.5,0.0,0.0,31762457.0
2017-04-24,102.5,102.5,102.5,102.5,0.0,0.0,31762457.0
2017-04-25,103.3,98.0,98.5,102.5,6.0,90068.0,31762457.0
2017-04-26,97.0,92.0,96.0,98.5,8.0,61943.0,31762457.0
2017-04-27,92.5,92.5,95.0,96.0,1.0,15261.0,31762457.0
2017-04-28,92.0,92.0,95.0,95.0,1.0,20611.0,31762457.0
2017-05-01,95.0,95.0,95.0,95.0,0.0,0.0,31762457.0
2017-05-02,102.0,96.0,101.0,95.0,9.0,186052.0,31762457.0
2017-05-03,104.75,101.0,103.0,101.0,5.0,23630.0,31762457.0
2017-05-04,101.0,101.0,102.0,103.0,2.0,15000.0,31762457.0
2017-05-05,100.0,100.0,102.0,102.0,2.0,1708.0,31762457.0
2017-05-08,103.0,100.0,102.0,102.0,5.0,9977.0,31762457.0
2017-05-09,102.0,102.0,102.0,102.0,0.0,0.0,31762457.0
2017-05-10,100.5,100.0,101.5,102.0,3.0,7340.0,31762457.0
2017-05-11,97.1851,97.1851,98.5,100.0,1.0,1057.0,31762457.0
2017-05-12,101.0,95.235,98.5,98.5,2.0,1200.0,31762457.0
2017-05-15,98.5,98.5,98.5,98.5,0.0,0.0,31762457.0
2017-05-16,98.5,98.5,98.5,98.5,0.0,0.0,31762457.0
2017-05-17,98.5,98.5,98.5,98.5,0.0,0.0,31762457.0
2017-05-18,95.25,95.25,98.5,98.5,1.0,1000.0,31762457.0
2017-05-19,98.5,98.5,98.5,98.5,0.0,0.0,31762457.0
2017-05-22,97.5,97.5,97.5,97.5,0.0,1.0,31762457.0
2017-05-23,95.25,95.25,97.5,97.5,1.0,363.0,31762457.0
2017-05-24,97.5,97.5,97.5,97.5,0.0,0.0,31762457.0
2017-05-25,95.5,95.0,96.5,97.5,2.0,14966.0,31762457.0
2017-05-26,97.0,96.0,96.0,96.5,3.0,9487.0,31762457.0
2017-05-29,96.0,96.0,96.0,96.0,0.0,0.0,31762457.0
2017-05-30,98.0,96.899,96.5,96.0,2.0,8380.0,31762457.0
2017-05-31,98.0,96.0,97.5,96.5,3.0,13768.0,31762457.0
2017-06-01,98.45,98.45,97.5,97.5,2.0,4440.0,31762457.0
2017-06-02,96.11,96.0,96.5,97.5,2.0,6000.0,31762457.0
2017-06-05,95.0,95.0,96.5,96.5,3.0,7234.0,31762457.0
2017-06-06,95.05,94.0,95.5,96.5,3.0,7055.0,31762457.0
2017-06-07,92.5,92.5,93.5,95.5,1.0,4396.0,31762457.0
2017-06-08,94.0,93.8,94.0,93.5,3.0,21500.0,31762457.0
2017-06-09,94.9,94.9,94.0,94.0,1.0,4204.0,31762457.0
2017-06-12,94.0,92.2,94.0,94.0,3.0,21877.0,31762457.0
2017-06-13,94.5,92.25,94.5,94.5,2.0,43685.0,31762457.0
2017-06-14,94.5,94.5,94.5,94.5,0.0,0.0,31762457.0
2017-06-15,95.9,95.9,94.5,94.5,1.0,2594.0,31762457.0
2017-06-16,94.5,94.5,94.5,94.5,0.0,0.0,31762457.0
2017-06-19,98.0,94.51,96.5,95.0,3.0,22339.0,31762457.0
2017-06-20,100.0,95.0,97.5,96.5,4.0,316512.0,31762457.0
2017-06-21,99.25,95.0,97.5,97.5,6.0,314537.0,31762457.0
2017-06-22,98.0,98.0,97.5,97.5,3.0,15792.0,31762457.0
2017-06-23,95.25,95.0,97.5,97.5,2.0,1500692.0,31762457.0
2017-06-26,98.0,98.0,97.5,97.5,1.0,500.0,31672457.0
2017-06-27,97.5,97.5,97.5,97.5,0.0,0.0,31672457.0
2017-06-28,95.25,95.0,97.5,97.5,2.0,10456.0,31672457.0
2017-06-29,97.95,95.3,97.5,97.5,2.0,3386.0,31672457.0
2017-06-30,97.5,97.5,97.5,97.5,0.0,0.0,31672457.0
2017-07-03,97.9,95.0,97.5,97.5,2.0,8535.0,31672457.0
2017-07-04,95.1,95.1,97.5,97.5,2.0,3492.0,31672457.0
2017-07-05,95.0,95.0,96.5,97.5,1.0,100.0,31672457.0
2017-07-06,96.5,96.5,96.5,96.5,0.0,0.0,31672457.0
2017-07-07,96.5,96.5,96.5,96.5,0.0,0.0,31672457.0
2017-07-10,96.5,96.5,96.5,96.5,0.0,0.0,31672457.0
2017-07-11,97.5,95.0,96.5,96.5,2.0,1104.0,31672457.0
2017-07-12,96.5,96.5,96.5,96.5,0.0,0.0,31672457.0
2017-07-13,96.5,96.5,96.5,96.5,0.0,0.0,31672457.0
2017-07-14,96.5,96.5,96.5,96.5,0.0,0.0,31672457.0
2017-07-17,96.5,96.5,96.5,96.5,0.0,0.0,31672457.0
2017-07-18,97.79,97.7,96.5,96.5,2.0,15000.0,31672457.0
2017-07-19,96.5,96.5,96.5,96.5,0.0,0.0,31672457.0
2017-07-20,96.5,96.5,96.5,96.5,0.0,0.0,31672457.0
2017-07-21,97.9,97.9,96.5,96.5,2.0,7650.0,31672457.0
2017-07-24,95.5555,95.5555,96.5,96.5,1.0,4065.0,31672457.0
2017-07-25,96.5,96.5,96.5,96.5,0.0,0.0,31672457.0
2017-07-26,95.6,95.6,96.5,96.5,1.0,390.0,31672457.0
2017-07-27,95.3,95.3,96.5,96.5,1.0,8000.0,31672457.0
2017-07-28,96.5,96.5,96.5,96.5,0.0,0.0,31672457.0
2017-07-31,96.5,96.5,96.5,96.5,0.0,0.0,31672457.0
2017-08-01,98.0,96.2,97.0,96.5,5.0,37570.0,31672457.0
2017-08-02,97.0,97.0,97.0,97.0,0.0,0.0,31672457.0
2017-08-03,97.5,97.5,97.0,97.0,2.0,12505.0,31672457.0
2017-08-04,98.0,96.55,97.0,97.0,4.0,31915.0,31672457.0
2017-08-07,101.0,96.7,99.5,97.0,7.0,29359.0,31672457.0
2017-08-08,107.0,103.0,106.0,102.0,12.0,123559.0,31672457.0
2017-08-09,110.0,106.45,108.0,106.0,10.0,47593.0,31672457.0
2017-08-10,111.0,108.0,109.5,108.0,2.0,3781.0,31672457.0
2017-08-11,107.1111,106.0,107.5,109.5,4.0,12207.0,31672457.0
2017-08-14,108.45,106.45,107.5,107.5,6.0,19121.0,31672457.0
2017-08-15,106.45,106.15,107.5,107.5,6.0,19447.0,31672457.0
2017-08-16,106.45,106.0,107.5,107.5,3.0,8910.0,31672457.0
2017-08-17,108.0,106.0,107.5,107.5,6.0,34329.0,31672457.0
2017-08-18,107.5,107.5,107.5,107.5,0.0,0.0,31672457.0
2017-08-21,107.5,107.5,107.5,107.5,0.0,0.0,31672457.0
2017-08-22,107.8,106.06,107.5,107.5,2.0,3100.0,31672457.0
2017-08-23,107.8,106.06,107.5,107.5,3.0,10640.0,31672457.0
2017-08-24,107.5,107.5,107.5,107.5,0.0,0.0,31672457.0
2017-08-25,107.5,107.5,107.5,107.5,0.0,0.0,31672457.0
2017-08-28,107.5,107.5,107.5,107.5,0.0,0.0,31672457.0
2017-08-29,107.5,107.5,107.5,107.5,0.0,0.0,31672457.0
2017-08-30,107.5,107.5,107.5,107.5,0.0,0.0,31672457.0
2017-08-31,107.5,107.5,107.5,107.5,0.0,0.0,31672457.0
2017-09-01,107.5,107.5,107.5,107.5,0.0,0.0,31672457.0
2017-09-04,108.0,107.04,108.0,107.5,5.0,10200.0,31672457.0
2017-09-05,108.0,108.0,108.0,108.0,0.0,0.0,31672457.0
2017-09-06,108.7,107.04,107.5,108.0,2.0,9387.0,31672457.0
2017-09-07,107.5,107.47,107.5,107.5,2.0,5000.0,31672457.0
2017-09-08,106.0,105.0,107.5,107.5,2.0,4520.0,31672457.0
2017-09-11,105.0,103.0,105.5,107.5,3.0,8629.0,31672457.0
2017-09-12,105.5,105.5,105.5,105.5,0.0,0.0,31672457.0
2017-09-13,102.0,102.0,105.5,105.5,1.0,1025.0,31672457.0
2017-09-14,103.5,103.5,105.5,105.5,1.0,100.0,31672457.0
2017-09-15,102.0,102.0,105.5,105.5,1.0,6000.0,31672457.0
2017-09-18,111.0,103.5,109.0,105.5,9.0,134717.0,31672457.0
2017-09-19,110.0,108.0,109.0,109.0,4.0,25700.0,31672457.0
2017-09-20,108.0,108.0,109.0,109.0,1.0,670.0,31672457.0
2017-09-21,109.6,108.0,109.0,109.0,2.0,2307.0,31672457.0
2017-09-22,108.5,108.0,109.0,109.0,3.0,10558.0,31672457.0
2017-09-25,109.0,109.0,109.0,109.0,0.0,0.0,31672457.0
2017-09-26,108.0,108.0,109.0,109.0,1.0,5000.0,31672457.0
2017-09-27,110.0,109.0,109.0,109.0,3.0,16171.0,31672457.0
2017-09-28,109.0,109.0,109.0,109.0,0.0,0.0,31672457.0
2017-09-29,116.75,112.0,114.0,111.5,21.0,54126.0,31672457.0
2017-10-02,114.75,110.0,111.5,114.0,8.0,25655.0,31672457.0
2017-10-03,112.8,108.5555,111.0,111.0,3.0,7000.0,31672457.0
2017-10-04,110.96,108.0,110.0,111.0,7.0,11400.0,31672457.0
2017-10-05,110.75,108.0,110.0,110.0,2.0,2959.0,31672457.0
2017-10-06,111.0,109.0,110.0,110.0,3.0,16349.0,31672457.0
2017-10-09,110.0,110.0,110.0,110.0,0.0,0.0,31672457.0
2017-10-10,110.0,110.0,110.0,110.0,0.0,0.0,31672457.0
2017-10-11,110.75,108.0,110.0,110.0,2.0,2088.0,31672457.0
2017-10-12,110.0,110.0,110.0,110.0,0.0,0.0,31672457.0
2017-10-13,110.75,110.75,110.0,110.0,1.0,4000.0,31672457.0
2017-10-16,110.6,108.6,110.0,110.0,3.0,5513.0,31672457.0
2017-10-17,109.0,109.0,109.0,109.0,0.0,1.0,31672457.0
2017-10-18,108.0,108.0,109.0,109.0,1.0,5407.0,31672457.0
2017-10-19,108.0,105.0,107.0,109.0,4.0,15608.0,31672457.0
2017-10-20,106.0,106.0,105.0,107.0,2.0,190.0,31672457.0
2017-10-23,107.0,105.4,105.0,105.0,2.0,2937.0,31672457.0
2017-10-24,105.0,105.0,105.0,105.0,0.0,0.0,31672457.0
2017-10-25,103.8,103.8,105.0,105.0,4.0,20234.0,31672457.0
2017-10-26,107.0642,103.0,105.0,105.0,7.0,38275.0,31672457.0
2017-10-27,104.0,104.0,105.0,105.0,1.0,39.0,31672457.0
2017-10-30,105.0,105.0,105.0,105.0,0.0,0.0,31672457.0
2017-10-31,104.0,104.0,105.0,105.0,2.0,2342.0,31672457.0
2017-11-01,106.0,105.0,105.0,105.0,4.0,22240.0,31672457.0
2017-11-02,104.0,104.0,105.0,105.0,1.0,435.0,31672457.0
2017-11-03,106.0,104.0,105.0,105.0,2.0,4921.0,31672457.0
2017-11-06,105.0,104.0,105.0,105.0,3.0,20000.0,31672457.0
2017-11-07,105.0,105.0,105.0,105.0,0.0,0.0,31672457.0
2017-11-08,103.0,103.0,103.5,105.0,1.0,1448.0,31672457.0
2017-11-09,102.4255,102.31,103.5,103.5,2.0,1590.0,31672457.0
2017-11-10,102.5,102.5,102.5,102.5,0.0,1.0,31672457.0
2017-11-13,101.606,94.0,98.5,102.5,11.0,151858.0,31672457.0
2017-11-14,97.1424,97.1424,98.5,98.5,1.0,1189.0,31672457.0
2017-11-15,97.25,96.0,98.5,98.5,2.0,10924.0,31672457.0
2017-11-16,98.5,98.5,98.5,98.5,0.0,0.0,31672457.0
2017-11-17,97.0,97.0,98.5,98.5,2.0,10000.0,31672457.0
2017-11-20,97.0,97.0,98.5,98.5,1.0,6250.0,31672457.0
2017-11-21,98.5,98.5,98.5,98.5,0.0,0.0,31672457.0
2017-11-22,97.0,97.0,98.5,98.5,1.0,13870.0,31672457.0
2017-11-23,97.0,96.0,97.5,98.0,1.0,7500.0,31672457.0
2017-11-24,98.85,98.85,97.5,97.5,1.0,300.0,31672457.0
2017-11-27,97.5,97.5,97.5,97.5,0.0,0.0,31672457.0
2017-11-28,97.5,97.5,97.5,97.5,0.0,0.0,31672457.0
2017-11-29,97.0,97.0,96.5,97.5,1.0,1250.0,31672457.0
2017-11-30,96.5,96.5,96.5,96.5,0.0,0.0,31672457.0
2017-12-01,96.5,96.5,96.5,96.5,0.0,0.0,31672457.0
2017-12-04,96.5,96.5,96.5,96.5,0.0,0.0,31672457.0
2017-12-05,99.55,95.0,98.5,96.5,15.0,2675220.0,31672457.0
2017-12-06,105.0,103.5,103.5,99.0,8.0,32058.0,31672457.0
2017-12-07,103.5,103.5,103.5,103.5,1.0,7500.0,31672457.0
2017-12-08,103.5,103.5,103.5,103.5,0.0,0.0,35583510.0
2017-12-11,103.5,103.5,103.5,103.5,3.0,24234.0,35583510.0
2017-12-12,103.5,103.5,103.5,103.5,0.0,0.0,35583510.0
2017-12-13,103.5,103.5,103.5,103.5,1.0,7000.0,35583510.0
2017-12-14,103.5,103.5,103.5,103.5,0.0,0.0,35583510.0
2017-12-15,103.5,103.5,103.5,103.5,0.0,0.0,35583510.0
2017-12-18,103.5,103.5,103.5,103.5,1.0,1500.0,35583510.0
2017-12-19,103.5,103.5,103.5,103.5,1.0,2500.0,35583510.0
2017-12-20,103.5,103.5,103.5,103.5,0.0,0.0,35583510.0
2017-12-21,104.0,104.0,104.0,103.5,1.0,804.0,35583510.0
2017-12-22,103.5,103.5,103.5,104.0,2.0,12500.0,35583510.0
2017-12-27,103.5,103.5,103.5,103.5,0.0,0.0,35583510.0
2017-12-28,103.5,103.5,103.5,103.5,1.0,503.0,35583510.0
2017-12-29,103.5,103.5,103.5,103.5,0.0,0.0,35583510.0
2018-01-02,103.5,103.5,103.5,103.5,0.0,0.0,35583510.0
2018-01-03,103.5,103.5,103.5,103.5,0.0,0.0,35583510.0
2018-01-04,103.5,103.5,103.5,103.5,0.0,0.0,35583510.0
2018-01-05,103.5,103.5,103.5,103.5,0.0,0.0,35583510.0
2018-01-08,104.0,103.24,103.5,103.5,8.0,242566.0,35583510.0
2018-01-09,102.0,102.0,103.5,103.5,1.0,177749.0,35583510.0
2018-01-10,102.75,102.75,103.5,103.5,1.0,384.0,35583510.0
2018-01-11,103.5,103.5,103.5,103.5,0.0,0.0,35583510.0
2018-01-12,103.5,103.5,103.5,103.5,0.0,0.0,35583510.0
2018-01-15,103.5,103.5,103.5,103.5,0.0,0.0,35583510.0
2018-01-16,105.0,105.0,103.5,103.5,1.0,1000.0,35583510.0
2018-01-17,103.5,103.5,103.5,103.5,0.0,0.0,35583510.0
2018-01-18,103.5,102.0,103.5,103.5,3.0,4720.0,35583510.0
2018-01-19,105.5,105.0,105.5,104.5,2.0,992.0,35583510.0
2018-01-22,102.0,102.0,105.5,105.5,1.0,609.0,35583510.0
2018-01-23,105.5,105.5,105.5,105.5,0.0,0.0,35583510.0
2018-01-24,106.5,105.0,106.5,105.5,2.0,210000.0,35583510.0
2018-01-25,107.0,106.0,106.5,106.5,3.0,5066.0,35583510.0
2018-01-26,105.0,105.0,106.5,106.5,2.0,1055500.0,35583510.0
2018-01-29,105.0,105.0,106.5,107.5,1.0,10000.0,35583510.0
2018-01-30,105.0,105.0,106.5,106.5,1.0,8180.0,35583510.0
2018-01-31,103.0,103.0,106.5,106.5,1.0,9336.0,35583510.0
2018-02-01,105.0,104.0,107.5,106.5,2.0,32500.0,35664010.0
2018-02-02,103.0,103.0,107.5,107.5,1.0,5000.0,35664010.0
2018-02-05,107.0,105.0,106.0,107.5,2.0,5129.0,35664010.0
2018-02-06,103.0,103.0,104.0,104.0,5.0,8875.0,35664010.0
2018-02-07,103.0,103.0,104.0,104.0,1.0,402.0,35664010.0
2018-02-08,104.0,104.0,104.0,104.0,0.0,0.0,35664010.0
2018-02-09,104.0,104.0,104.0,104.0,0.0,0.0,35664010.0
2018-02-12,104.5,104.5,104.0,104.0,1.0,2632.0,35664010.0
2018-02-13,103.0,103.0,104.0,104.0,1.0,2000.0,35664010.0
2018-02-14,104.0,104.0,104.0,104.0,0.0,0.0,35664010.0
2018-02-15,104.0,104.0,104.0,104.0,1.0,368.0,35664010.0
2018-02-16,104.0,104.0,104.0,104.0,0.0,0.0,35664010.0
2018-02-19,104.0,104.0,104.0,104.0,0.0,0.0,35664010.0
2018-02-20,104.0,104.0,104.0,104.0,0.0,0.0,35664010.0
2018-02-21,104.0,104.0,104.0,104.0,0.0,0.0,35664010.0
2018-02-22,104.0,104.0,104.0,104.0,0.0,0.0,35664010.0
2018-02-23,104.0,104.0,104.0,104.0,0.0,0.0,35664010.0
2018-02-26,104.0,104.0,104.0,104.0,0.0,0.0,35664010.0
2018-02-27,104.0,104.0,104.0,104.0,0.0,0.0,35664010.0
2018-02-28,103.0,103.0,104.0,104.0,1.0,470.0,35664010.0
2018-03-01,104.0,104.0,104.0,104.0,0.0,0.0,35664010.0
2018-03-02,104.0,104.0,104.0,104.0,0.0,0.0,35664010.0
2018-03-05,104.0,104.0,104.0,104.0,0.0,0.0,35664010.0
2018-03-06,103.0,103.0,104.0,104.0,2.0,6236.0,35664010.0
2018-03-07,103.0,103.0,104.0,104.0,1.0,4000.0,35664010.0
2018-03-08,104.0,104.0,104.0,104.0,0.0,0.0,35664010.0
2018-03-09,104.0,104.0,104.0,104.0,0.0,0.0,35664010.0
2018-03-12,103.0,103.0,104.0,104.0,1.0,279.0,35664010.0
2018-03-13,103.2,103.2,104.0,104.0,2.0,1273.0,35664010.0
2018-03-14,104.0,104.0,104.0,104.0,0.0,0.0,35664010.0
2018-03-15,104.0,104.0,104.0,104.0,0.0,0.0,35664010.0
2018-03-16,104.0,104.0,104.0,104.0,0.0,0.0,35664010.0
2018-03-19,104.0,100.0,104.0,104.0,3.0,11132.0,35664010.0
2018-03-20,104.0,104.0,104.0,104.0,0.0,0.0,35664010.0
2018-03-21,104.0,104.0,104.0,104.0,0.0,0.0,35664010.0
2018-03-22,100.0,100.0,104.0,104.0,1.0,3966.0,35664010.0
2018-03-23,104.0,104.0,104.0,104.0,0.0,0.0,35664010.0
2018-03-26,104.0,103.0,104.0,104.0,2.0,1900.0,35664010.0
2018-03-27,104.0,104.0,104.0,104.0,1.0,475.0,35664010.0
2018-03-28,104.0,104.0,104.0,104.0,0.0,0.0,35664010.0
2018-03-29,103.0,103.0,104.0,104.0,2.0,1118.0,35664010.0
2018-04-03,103.0,103.0,104.0,104.0,2.0,6500.0,35664010.0
2018-04-04,104.0,104.0,104.0,104.0,0.0,0.0,35664010.0
2018-04-05,103.0,103.0,104.0,104.0,2.0,2230.0,35664010.0
2018-04-06,103.0,103.0,104.0,104.0,1.0,1704.0,35664010.0
2018-04-09,100.0,100.0,102.5,104.0,1.0,3000.0,35664010.0
2018-04-10,102.5,100.0,102.5,102.5,3.0,2908.0,35664010.0
2018-04-11,102.5,102.5,102.5,102.5,0.0,0.0,35664010.0
2018-04-12,102.5,102.5,102.5,102.5,0.0,0.0,35664010.0
2018-04-13,102.5,102.5,102.5,102.5,0.0,0.0,35664010.0
2018-04-16,102.5,102.5,102.5,102.5,0.0,0.0,35664010.0
2018-04-17,100.0,100.0,102.5,102.5,1.0,994.0,35664010.0
2018-04-18,102.5,102.5,102.5,102.5,0.0,0.0,35664010.0
2018-04-19,102.5,102.5,102.5,102.5,0.0,0.0,35664010.0
2018-04-20,102.5,102.5,102.5,102.5,0.0,0.0,35664010.0
2018-04-23,102.5,102.5,102.5,102.5,0.0,0.0,35664010.0
2018-04-24,102.5,102.5,102.5,102.5,0.0,0.0,35664010.0
2018-04-25,102.5,102.5,102.5,102.5,0.0,0.0,35664010.0
2018-04-26,102.5,102.5,102.5,102.5,0.0,0.0,35664010.0
2018-04-27,102.5,102.5,102.5,102.5,0.0,0.0,35664010.0
2018-04-30,102.5,102.5,102.5,102.5,0.0,0.0,35664010.0
2018-05-01,101.25,101.25,102.5,102.5,1.0,1000.0,35664010.0
2018-05-02,101.25,100.0,102.5,102.5,3.0,5804.0,35664010.0
2018-05-03,100.0,100.0,102.5,102.5,1.0,1000.0,35664010.0
2018-05-04,100.0,100.0,102.5,102.5,1.0,1000.0,35664010.0
2018-05-07,102.5,102.5,102.5,102.5,0.0,0.0,35664010.0
2018-05-08,100.0,100.0,101.0,102.5,2.0,8000.0,35664010.0
2018-05-09,101.0,101.0,101.0,101.0,0.0,0.0,35664010.0
2018-05-10,101.0,101.0,101.0,101.0,0.0,0.0,35664010.0
2018-05-11,98.0,98.0,101.0,101.0,1.0,4257.0,35664010.0
2018-05-14,101.0,101.0,101.0,101.0,1.0,235.0,35664010.0
2018-05-15,100.0,100.0,101.0,101.0,3.0,250000.0,35664010.0
2018-05-16,100.0,100.0,101.0,101.0,1.0,1066.0,35664010.0
2018-05-17,101.0,101.0,101.0,101.0,0.0,0.0,35664010.0
2018-05-18,101.0,101.0,101.0,101.0,0.0,0.0,35664010.0
2018-05-21,101.0,101.0,101.0,101.0,0.0,0.0,35664010.0
2018-05-22,101.0,101.0,101.0,101.0,0.0,0.0,35664010.0
2018-05-23,100.0,100.0,101.0,101.0,1.0,8909.0,35664010.0
2018-05-24,101.0,101.0,101.0,101.0,0.0,0.0,35664010.0
2018-05-25,101.0,101.0,101.0,101.0,0.0,0.0,35664010.0
2018-05-28,101.0,101.0,101.0,101.0,0.0,0.0,35664010.0
2018-05-29,101.0,101.0,101.0,101.0,0.0,0.0,35664010.0
2018-05-30,100.0,100.0,101.0,101.0,3.0,10475.0,35664010.0
2018-05-31,99.0,99.0,101.0,101.0,1.0,3804.0,35664010.0
2018-06-01,100.5,100.0,101.0,101.0,3.0,2236.0,35664010.0
2018-06-04,100.0,100.0,101.0,101.0,1.0,3000.0,35664010.0
2018-06-05,101.0,100.0,101.0,101.0,3.0,112309.0,35664010.0
2018-06-06,100.0,100.0,101.0,101.0,1.0,2594.0,35664010.0
2018-06-07,101.0,101.0,101.0,101.0,0.0,0.0,35664010.0
2018-06-08,101.0,101.0,101.0,101.0,0.0,0.0,35664010.0
2018-06-11,101.0,101.0,101.0,101.0,0.0,0.0,35664010.0
2018-06-12,100.0,100.0,101.0,101.0,1.0,5066.0,35664010.0
2018-06-13,100.0,100.0,101.0,101.0,1.0,270.0,35664010.0
2018-06-14,101.0,101.0,101.0,101.0,0.0,0.0,35664010.0
2018-06-15,100.5,100.5,101.0,101.0,1.0,970.0,35664010.0
2018-06-18,101.0,101.0,101.0,101.0,0.0,0.0,35664010.0
2018-06-19,100.1,100.0,101.0,101.0,2.0,135.0,35664010.0
2018-06-20,101.0,101.0,101.0,101.0,0.0,0.0,35664010.0
2018-06-21,101.0,101.0,101.0,101.0,0.0,0.0,35664010.0
2018-06-22,100.0,100.0,101.0,101.0,1.0,1776.0,35664010.0
2018-06-25,101.0,101.0,101.0,101.0,0.0,0.0,35664010.0
2018-06-26,101.0,101.0,101.0,101.0,0.0,0.0,35664010.0
2018-06-27,101.0,101.0,101.0,101.0,0.0,0.0,35664010.0
2018-06-28,101.0,101.0,101.0,101.0,0.0,0.0,35664010.0
2018-06-29,100.0,96.0,101.0,101.0,2.0,4099.0,35664010.0
2018-07-02,100.0,100.0,101.0,101.0,2.0,10450.0,35664010.0
2018-07-03,101.0,101.0,101.0,101.0,0.0,0.0,35664010.0
2018-07-04,100.0,100.0,101.0,101.0,1.0,1000.0,35664010.0
2018-07-05,100.0,100.0,101.0,101.0,1.0,50.0,35664010.0
2018-07-06,100.0,100.0,101.0,101.0,2.0,1740.0,35664010.0
2018-07-09,100.0,97.0,101.0,101.0,2.0,10500.0,35664010.0
2018-07-10,100.0,100.0,101.0,101.0,1.0,1500.0,35664010.0
2018-07-11,100.5,100.0,101.0,101.0,2.0,14150.0,35664010.0
2018-07-12,101.0,101.0,101.0,101.0,0.0,0.0,35664010.0
2018-07-13,101.0,101.0,101.0,101.0,0.0,0.0,35664010.0
2018-07-16,101.0,101.0,101.0,101.0,0.0,0.0,35664010.0
2018-07-17,100.5,100.5,101.0,101.0,1.0,3975.0,35664010.0
2018-07-18,101.0,101.0,101.0,101.0,0.0,0.0,35664010.0
2018-07-19,101.0,101.0,101.0,101.0,0.0,0.0,35664010.0
2018-07-20,101.0,101.0,101.0,101.0,0.0,0.0,35664010.0
2018-07-23,100.5,100.5,101.0,101.0,1.0,2979.0,35664010.0
2018-07-24,100.5,100.5,101.0,101.0,2.0,9500.0,35664010.0
2018-07-25,100.0,100.0,101.0,101.0,1.0,5000.0,35664010.0
2018-07-26,101.0,101.0,101.0,101.0,0.0,0.0,35664010.0
2018-07-27,100.22,100.22,101.0,101.0,2.0,576.0,35664010.0
2018-07-30,101.0,101.0,101.0,101.0,0.0,0.0,35664010.0
2018-07-31,101.0,101.0,101.0,101.0,0.0,0.0,35664010.0
2018-08-01,100.12,100.12,101.0,101.0,1.0,576.0,35664010.0
2018-08-02,100.0,100.0,101.0,101.0,1.0,100.0,35664010.0
2018-08-03,101.0,101.0,101.0,101.0,0.0,0.0,35664010.0
2018-08-06,100.5,100.5,101.0,101.0,3.0,15000.0,35664010.0
2018-08-07,100.12,100.12,101.0,101.0,1.0,470.0,35664010.0
2018-08-08,101.0,101.0,101.0,101.0,0.0,0.0,35664010.0
2018-08-09,100.5,100.5,101.0,101.0,1.0,30000.0,35664010.0
2018-08-10,101.0,101.0,101.0,101.0,0.0,0.0,35664010.0
2018-08-13,101.0,101.0,101.0,101.0,0.0,0.0,35664010.0
2018-08-14,100.5,100.5,101.0,101.0,1.0,10000.0,35664010.0
2018-08-15,101.0,101.0,101.0,101.0,0.0,0.0,35664010.0
2018-08-16,100.5,100.5,101.0,101.0,1.0,49.0,35664010.0
2018-08-17,100.5,100.5,101.0,101.0,1.0,4000.0,35664010.0
2018-08-20,100.12,100.12,101.0,101.0,1.0,1060.0,35664010.0
2018-08-21,101.0,101.0,101.0,101.0,0.0,0.0,35664010.0
2018-08-22,100.5,100.5,101.0,101.0,1.0,491.0,35664010.0
2018-08-23,101.0,101.0,101.0,101.0,0.0,0.0,35664010.0
2018-08-24,101.0,101.0,101.0,101.0,0.0,0.0,35664010.0
2018-08-27,101.0,101.0,101.0,101.0,0.0,0.0,35664010.0
2018-08-28,100.5,100.5,101.0,101.0,1.0,31618.0,35664010.0
2018-08-29,101.0,101.0,101.0,101.0,0.0,0.0,35664010.0
2018-08-30,100.5,100.5,101.0,101.0,3.0,24528.0,35664010.0
2018-08-31,100.12,100.12,101.0,101.0,1.0,1250.0,35664010.0
2018-09-03,101.0,101.0,101.0,101.0,0.0,0.0,35664010.0
2018-09-04,101.0,101.0,101.0,101.0,0.0,0.0,35664010.0
2018-09-05,101.0,101.0,101.0,101.0,0.0,0.0,35664010.0
2018-09-06,101.0,101.0,101.0,101.0,0.0,0.0,35664010.0
2018-09-07,101.0,101.0,101.0,101.0,0.0,0.0,35664010.0
2018-09-10,100.5,100.5,101.0,101.0,1.0,2985.0,35664010.0
2018-09-11,100.12,100.12,101.0,101.0,1.0,2103.0,35664010.0
2018-09-12,100.5,100.5,101.0,101.0,2.0,14940.0,35664010.0
2018-09-13,101.0,101.0,101.0,101.0,0.0,0.0,35664010.0
2018-09-14,101.0,101.0,101.0,101.0,0.0,0.0,35664010.0
2018-09-17,101.0,101.0,101.0,101.0,0.0,0.0,35664010.0
2018-09-18,100.0,100.0,101.0,101.0,1.0,1125.0,35664010.0
2018-09-19,101.0,101.0,101.0,101.0,0.0,0.0,35664010.0
2018-09-20,101.0,101.0,101.0,101.0,0.0,0.0,35664010.0
2018-09-21,100.5,100.5,101.0,101.0,1.0,1985.0,35664010.0
2018-09-24,101.0,101.0,101.0,101.0,0.0,0.0,35664010.0
2018-09-25,100.5,100.0,101.0,101.0,4.0,10808.0,35664010.0
2018-09-26,100.5,100.0,101.0,101.0,3.0,5373.0,35664010.0
2018-09-27,100.5,97.0,99.0,101.0,3.0,12139.0,35664010.0
2018-09-28,99.0,99.0,99.0,99.0,0.0,0.0,35664010.0
2018-10-01,99.0,99.0,99.0,99.0,0.0,0.0,35664010.0
2018-10-02,99.0,99.0,99.0,99.0,0.0,0.0,35664010.0
2018-10-03,98.0,98.0,99.0,99.0,1.0,1500.0,35664010.0
2018-10-04,98.0,98.0,99.0,99.0,1.0,1300.0,35664010.0
2018-10-05,99.0,99.0,99.0,99.0,0.0,0.0,35664010.0
2018-10-08,99.0,99.0,99.0,99.0,2.0,280.0,35664010.0
2018-10-09,98.0,98.0,98.5,99.0,1.0,1000.0,35664010.0
2018-10-10,97.0,97.0,97.5,97.5,1.0,1000.0,35664010.0
2018-10-11,93.0,90.0,93.5,96.5,4.0,12584.0,35664010.0
2018-10-12,92.75,92.0,93.5,93.5,2.0,5737.0,35664010.0
2018-10-15,92.0,90.0,92.5,93.5,2.0,4170.0,35664010.0
2018-10-16,92.5,92.5,92.5,92.5,0.0,0.0,35664010.0
2018-10-17,92.5,92.5,92.5,92.5,0.0,0.0,35664010.0
2018-10-18,92.5,92.5,92.5,92.5,0.0,0.0,35664010.0
2018-10-19,90.0,90.0,92.5,92.5,1.0,1500.0,35664010.0
2018-10-22,91.25,91.25,92.5,92.5,1.0,7266.0,35664010.0
2018-10-23,92.5,92.5,92.5,92.5,0.0,0.0,35664010.0
2018-10-24,92.5,92.5,92.5,92.5,0.0,0.0,35664010.0
2018-10-25,92.5,92.5,92.5,92.5,0.0,0.0,35664010.0
2018-10-26,90.0,90.0,92.5,92.5,1.0,1000.0,35664010.0
2018-10-29,92.5,92.5,92.5,92.5,0.0,0.0,35664010.0
2018-10-30,91.5,90.0,91.5,92.5,2.0,205000.0,35664010.0
2018-10-31,90.75,90.75,91.5,91.5,1.0,98615.0,35664010.0
2018-11-01,91.5,91.5,91.5,91.5,0.0,0.0,35664010.0
2018-11-02,91.5,91.5,91.5,91.5,0.0,0.0,35664010.0
2018-11-05,90.0,88.0,90.0,91.5,2.0,3422.0,35664010.0
2018-11-06,85.0,78.0,83.5,90.0,2.0,41600.0,35664010.0
2018-11-07,80.0,77.0,80.5,81.5,3.0,6896.0,35664010.0
2018-11-08,80.5,80.5,80.5,80.5,0.0,0.0,35664010.0
2018-11-09,79.5,78.0,80.5,80.5,2.0,2036.0,35664010.0
2018-11-12,80.5,80.5,80.5,80.5,0.0,0.0,35664010.0
2018-11-13,79.0,78.0,80.0,80.5,3.0,43695.0,35664010.0
2018-11-14,80.0,80.0,80.0,80.0,0.0,0.0,35664010.0
2018-11-15,80.0,80.0,80.0,80.0,0.0,0.0,35664010.0
2018-11-16,80.0,80.0,80.0,80.0,0.0,0.0,35664010.0
2018-11-19,78.5,78.5,78.5,78.5,0.0,1.0,35664010.0
2018-11-20,78.5,78.5,78.5,78.5,0.0,0.0,35664010.0
2018-11-21,78.5,78.5,78.5,78.5,0.0,0.0,35664010.0
2018-11-22,75.0001,75.0,77.5,78.5,2.0,2428.0,35664010.0
2018-11-23,77.5,77.5,77.5,77.5,0.0,0.0,35664010.0
2018-11-26,73.0,73.0,77.5,77.5,1.0,3929.0,35664010.0
2018-11-27,77.5,77.5,77.5,77.5,0.0,0.0,35664010.0
2018-11-28,75.0,75.0,77.5,77.5,1.0,4187942.0,35664010.0
2018-11-29,76.0,76.0,77.5,77.5,1.0,2000.0,37286284.0
2018-11-30,77.5,77.5,77.5,77.5,0.0,0.0,37286284.0
2018-12-03,76.25,76.0,77.5,77.5,2.0,6812.0,37286284.0
2018-12-04,77.5,77.5,77.5,77.5,0.0,0.0,37286284.0
2018-12-05,75.0,75.0,77.5,77.5,1.0,6500.0,37286284.0
2018-12-06,76.0,76.0,77.5,77.5,1.0,3289.0,37286284.0
2018-12-07,75.0,75.0,77.5,77.5,1.0,82.0,37286284.0
2018-12-10,77.5,77.5,77.5,77.5,0.0,0.0,37286284.0
2018-12-11,73.0001,73.0001,76.5,76.5,1.0,5000.0,37286284.0
2018-12-12,70.0,65.0,75.0,76.5,2.0,25625.0,37286284.0
2018-12-13,72.5,72.5,72.5,72.5,0.0,1.0,37286284.0
2018-12-14,72.5,72.5,72.5,72.5,0.0,0.0,37286284.0
2018-12-17,75.0,75.0,72.5,72.5,2.0,3562.0,37286284.0
2018-12-18,75.0,70.0,72.5,72.5,3.0,6062.0,37286284.0
2018-12-19,75.0,75.0,72.5,72.5,2.0,3487.0,37286284.0
2018-12-20,72.5,72.5,72.5,72.5,0.0,0.0,37286284.0
2018-12-21,72.5,72.5,72.5,72.5,0.0,0.0,37286284.0
2018-12-24,72.5,72.5,72.5,72.5,0.0,0.0,37286284.0
2018-12-27,72.5,72.5,72.5,72.5,0.0,0.0,37286284.0
2018-12-28,70.0,70.0,72.5,72.5,1.0,3520.0,37286284.0
2018-12-31,72.5,72.5,72.5,72.5,0.0,0.0,37286284.0
2019-01-02,72.5,72.5,72.5,72.5,0.0,0.0,37286284.0
2019-01-03,72.5,72.5,72.5,72.5,0.0,0.0,37286284.0
2019-01-04,70.0,70.0,71.5,72.5,1.0,148.0,37286284.0
2019-01-07,70.6,70.6,71.5,71.5,1.0,17.0,37286284.0
2019-01-08,63.0,63.0,66.0,71.5,1.0,10000.0,37286284.0
2019-01-09,65.1,63.0,63.0,66.0,4.0,55547.0,37286284.0
2019-01-10,50.0,35.0,49.0,39.0,31.0,166458.0,37286284.0
2019-01-11,58.0,49.05,52.5,49.0,12.0,35197.0,37286284.0
2019-01-14,60.0,54.0,56.0,52.5,8.0,41276.0,37286284.0
2019-01-15,61.75,55.8,56.0,56.0,3.0,51200.0,37286284.0
2019-01-16,59.9,53.8,56.0,56.0,3.0,28504.0,37286284.0
2019-01-17,56.0,56.0,56.0,56.0,0.0,0.0,37286284.0
2019-01-18,56.0,56.0,56.0,56.0,0.0,0.0,37286284.0
2019-01-21,53.2,53.2,56.0,56.0,1.0,7551.0,37286284.0
2019-01-22,58.0,52.3095,56.0,56.0,3.0,14018.0,37286284.0
2019-01-23,56.0,56.0,56.0,56.0,0.0,0.0,37286284.0
2019-01-24,52.0,52.0,53.5,56.0,1.0,930.0,37286284.0
2019-01-25,53.5,50.0,53.5,53.5,2.0,3195.0,37286284.0
2019-01-28,48.0,48.0,50.0,52.5,1.0,8151.0,37286284.0
2019-01-29,51.0,50.0,50.0,50.0,2.0,1290.0,37286284.0
2019-01-30,50.0,50.0,50.0,50.0,0.0,0.0,37286284.0
2019-01-31,46.5,46.5,50.0,50.0,1.0,795.0,37286284.0
2019-02-01,54.5,54.5,50.0,50.0,1.0,908.0,37286284.0
2019-02-04,46.5,46.5,49.0,50.0,1.0,25000.0,37286284.0
2019-02-05,49.8,49.8,49.0,49.0,1.0,478.0,37286284.0
2019-02-06,45.5,45.5,49.0,49.0,1.0,10000.0,37286284.0
2019-02-07,49.7,49.7,49.0,49.0,1.0,30000.0,37286284.0
2019-02-08,49.0,49.0,49.0,49.0,0.0,0.0,37286284.0
2019-02-11,53.0,45.5,50.0,49.0,2.0,7062.0,37286284.0
2019-02-12,50.0,45.0,50.0,50.0,2.0,653373.0,37286284.0
2019-02-13,53.0,45.5,50.0,50.0,2.0,8864.0,37286284.0
2019-02-14,50.0,50.0,50.0,50.0,0.0,0.0,37286284.0
2019-02-15,50.0,50.0,50.0,50.0,0.0,0.0,37286284.0
2019-02-18,50.0,50.0,50.0,50.0,0.0,0.0,37286284.0
2019-02-19,52.9,45.5,49.0,50.0,3.0,5088.0,37286284.0
2019-02-20,49.0,49.0,49.0,49.0,0.0,0.0,37286284.0
2019-02-21,49.0,49.0,49.0,49.0,0.0,0.0,37286284.0
2019-02-22,49.0,49.0,49.0,49.0,0.0,0.0,37286284.0
2019-02-25,49.0,49.0,49.0,49.0,0.0,0.0,37286284.0
2019-02-26,49.0,49.0,49.0,49.0,0.0,0.0,37286284.0
2019-02-27,45.65,45.65,47.5,49.0,1.0,272.0,37286284.0
2019-02-28,47.5,47.5,47.5,47.5,0.0,0.0,37286284.0
2019-03-01,47.5,47.5,47.5,47.5,0.0,0.0,37286284.0
2019-03-04,45.65,45.65,47.5,47.5,2.0,1155.0,37286284.0
2019-03-05,45.65,45.0,47.5,47.5,6.0,82000.0,37286284.0
2019-03-06,50.0,48.0,47.5,47.5,2.0,4498984.0,37286284.0
2019-03-07,49.0,45.0,47.5,47.5,3.0,14900.0,37286284.0
2019-03-08,45.1,45.1,47.5,47.5,1.0,6000.0,37286284.0
2019-03-11,47.5,47.5,47.5,47.5,0.0,0.0,37286284.0
2019-03-12,45.2,45.0,47.5,47.5,2.0,50000.0,37286284.0
2019-03-13,45.1,45.1,46.5,47.5,2.0,18605.0,37286284.0
2019-03-14,46.5,45.0,46.5,46.5,6.0,71160.0,37286284.0
2019-03-15,45.0,45.0,46.5,46.5,1.0,3843.0,37286284.0
2019-03-18,45.0,45.0,46.5,46.5,1.0,5000.0,37286284.0
2019-03-19,46.5,46.5,46.5,46.5,0.0,0.0,37286284.0
2019-03-20,46.5,46.5,46.5,46.5,0.0,0.0,37286284.0
2019-03-21,46.5,46.5,46.5,46.5,0.0,0.0,37286284.0
2019-03-22,46.8,45.0,44.5,46.5,2.0,1437.0,37286284.0
2019-03-25,41.35,40.4,44.0,44.5,3.0,5640.0,37286284.0
2019-03-26,46.0,41.1,43.5,43.5,3.0,22436.0,37286284.0
2019-03-27,43.5,43.5,43.5,43.5,0.0,0.0,37286284.0
2019-03-28,47.0,41.15,43.5,43.5,3.0,9307.0,37286284.0
2019-03-29,47.0,42.0,44.5,43.5,5.0,263112.0,37286284.0
2019-04-01,47.0,44.0,45.0,44.5,4.0,22531.0,37286284.0
2019-04-02,49.04,45.55,47.0,45.5,5.0,15637.0,37286284.0
2019-04-03,49.7,47.0,47.0,47.0,5.0,90157.0,37286284.0
2019-04-04,47.0,47.0,47.5,47.5,1.0,1500.0,37286284.0
2019-04-05,47.0,47.0,48.5,47.5,1.0,2294.0,37286284.0
2019-04-08,47.0,47.0,48.5,48.5,3.0,38979.0,37286284.0
2019-04-09,47.0,47.0,47.5,48.5,1.0,2500.0,37286284.0
2019-04-10,46.0,46.0,47.5,47.5,1.0,6721.0,37286284.0
2019-04-11,47.5,47.5,47.5,47.5,0.0,0.0,37286284.0
2019-04-12,48.0,48.0,47.5,47.5,1.0,10000.0,37286284.0
2019-04-15,47.5,47.5,47.5,47.5,1.0,2682.0,37286284.0
2019-04-16,47.5,47.5,47.5,47.5,0.0,0.0,37286284.0
2019-04-17,47.5,47.5,47.5,47.5,0.0,0.0,37286284.0
2019-04-18,47.75,46.9,47.5,47.5,2.0,20015.0,37286284.0
2019-04-23,53.0,47.5,52.0,47.5,9.0,59568.0,37286284.0
2019-04-24,54.0,51.4,52.0,52.0,2.0,21265.0,37286284.0
2019-04-25,52.0,52.0,52.0,52.0,0.0,0.0,37286284.0
2019-04-26,60.0,53.0,56.5,52.0,3.0,35523.0,37286284.0
2019-04-29,65.0,57.0,61.0,56.5,7.0,13258.0,37286284.0
2019-04-30,57.12,57.12,61.0,61.0,1.0,1670.0,37286284.0
2019-05-01,65.0,65.0,61.0,61.0,2.0,260.0,37286284.0
2019-05-02,61.0,61.0,61.0,61.0,1.0,404.0,37286284.0
2019-05-03,61.0,61.0,61.0,61.0,1.0,2011.0,37286284.0
2019-05-06,61.0,61.0,61.0,61.0,0.0,0.0,37286284.0
2019-05-07,65.0,61.0,61.0,61.0,2.0,129.0,37286284.0
2019-05-08,61.0,61.0,61.0,61.0,1.0,1485.0,37286284.0
2019-05-09,65.0,58.6,61.0,61.0,3.0,5522.0,37286284.0
2019-05-10,58.65,58.65,61.0,61.0,1.0,1730.0,37286284.0
2019-05-13,64.0,64.0,62.5,61.0,1.0,10000.0,37286284.0
2019-05-14,61.0,61.0,62.5,62.5,1.0,98.0,37286284.0
2019-05-15,62.5,62.5,62.5,62.5,0.0,0.0,37286284.0
2019-05-16,62.5,62.5,62.5,62.5,0.0,0.0,37286284.0
2019-05-17,62.5,62.5,62.5,62.5,0.0,0.0,37286284.0
2019-05-20,61.0,61.0,62.5,62.5,1.0,165.0,37286284.0
2019-05-21,63.5,63.5,63.5,63.5,0.0,1.0,37286284.0
2019-05-22,63.5,63.5,63.5,63.5,0.0,0.0,37286284.0
2019-05-23,63.5,63.5,63.5,63.5,0.0,0.0,37286284.0
2019-05-24,62.25,62.25,62.5,63.5,1.0,30000.0,37286284.0
2019-05-27,62.5,62.5,62.5,62.5,0.0,0.0,37286284.0
2019-05-28,62.5,62.5,62.5,62.5,0.0,0.0,37286284.0
2019-05-29,62.5,62.5,62.5,62.5,0.0,0.0,37286284.0
2019-05-30,62.5,62.5,62.5,62.5,0.0,0.0,37286284.0
2019-05-31,61.75,61.75,62.5,62.5,1.0,42.0,37286284.0
2019-06-03,61.75,61.75,62.5,62.5,1.0,1664.0,37286284.0
2019-06-04,69.2,65.0,66.0,62.5,3.0,8464.0,37286284.0
2019-06-05,69.2,69.2,66.0,66.0,1.0,705.0,37286284.0
2019-06-06,69.2,69.2,66.0,66.0,1.0,99.0,37286284.0
2019-06-07,66.0,66.0,66.0,66.0,0.0,0.0,37286284.0
2019-06-10,70.0,69.2,66.0,66.0,3.0,3162.0,37286284.0
2019-06-11,66.4,66.4,66.0,66.0,1.0,866.0,37286284.0
2019-06-12,66.0,66.0,66.0,66.0,0.0,0.0,37286284.0
2019-06-13,66.5,66.5,66.5,66.5,0.0,1.0,37286284.0
2019-06-14,66.5,66.5,66.5,66.5,0.0,0.0,37286284.0
2019-06-17,66.5,66.5,66.5,66.5,0.0,0.0,37286284.0
2019-06-18,66.5,66.5,66.5,66.5,0.0,0.0,37286284.0
2019-06-19,63.0,63.0,66.0,66.5,1.0,5223.0,37286284.0
2019-06-20,66.0,66.0,66.0,66.0,0.0,0.0,37286284.0
2019-06-21,66.0,66.0,66.0,66.0,0.0,0.0,37286284.0
2019-06-24,66.0,66.0,66.0,66.0,0.0,0.0,37286284.0
2019-06-25,66.0,66.0,66.0,66.0,0.0,0.0,37286284.0
2019-06-26,66.4,62.0,66.0,66.0,3.0,1880.0,37286284.0
2019-06-27,66.0,66.0,66.0,66.0,0.0,0.0,37286284.0
2019-06-28,66.0,66.0,66.0,66.0,0.0,0.0,37286284.0
2019-07-01,62.8,62.8,66.0,66.0,1.0,99.0,37286284.0
2019-07-02,62.0,62.0,66.0,66.0,1.0,3700.0,37286284.0
2019-07-03,62.0,62.0,66.0,66.0,1.0,50.0,37286284.0
2019-07-04,66.0,66.0,66.0,66.0,0.0,0.0,37286284.0
2019-07-05,62.0,62.0,66.0,66.0,2.0,3217.0,37286284.0
2019-07-08,66.0,66.0,66.0,66.0,0.0,0.0,37286284.0
2019-07-09,62.0,62.0,65.0,66.0,1.0,3465.0,37286284.0
2019-07-10,62.0,62.0,63.5,65.0,1.0,2090.0,37286284.0
2019-07-11,62.0,62.0,62.5,63.5,1.0,5000.0,37286284.0
2019-07-12,62.5,60.0,62.5,62.5,2.0,25769.0,37286284.0
2019-07-15,62.0,62.0,62.5,62.5,1.0,100.0,37286284.0
2019-07-16,62.0,62.0,62.5,62.5,1.0,808.0,37286284.0
2019-07-17,62.5,62.5,62.5,62.5,0.0,0.0,37286284.0
2019-07-18,62.5,62.5,62.5,62.5,0.0,0.0,37286284.0
2019-07-19,60.0,60.0,62.5,62.5,1.0,1500.0,37286284.0
2019-07-22,60.0,60.0,62.5,62.5,1.0,1060.0,37286284.0
2019-07-23,62.5,62.5,62.5,62.5,0.0,0.0,37286284.0
2019-07-24,62.5,62.5,62.5,62.5,0.0,0.0,37286284.0
2019-07-25,62.5,62.5,62.5,62.5,0.0,0.0,37286284.0
2019-07-26,62.5,62.5,62.5,62.5,0.0,0.0,37286284.0
2019-07-29,62.0,62.0,62.5,62.5,1.0,806.0,37286284.0
2019-07-30,62.5,62.5,62.5,62.5,0.0,0.0,37286284.0
2019-07-31,62.5,62.5,62.5,62.5,0.0,0.0,37286284.0
2019-08-01,62.5,62.5,62.5,62.5,0.0,0.0,37286284.0
2019-08-02,62.5,62.5,62.5,62.5,0.0,0.0,37286284.0
2019-08-05,62.5,62.5,62.5,62.5,0.0,0.0,37286284.0
2019-08-06,60.0,58.0,61.5,62.5,2.0,2556.0,37286284.0
2019-08-07,61.5,61.5,61.5,61.5,0.0,0.0,37286284.0
2019-08-08,61.5,61.5,61.5,61.5,0.0,0.0,37286284.0
2019-08-09,58.0,58.0,61.5,61.5,1.0,2000.0,37286284.0
2019-08-12,61.5,61.5,61.5,61.5,0.0,0.0,37286284.0
2019-08-13,61.0,61.0,61.0,61.0,0.0,1.0,37286284.0
2019-08-14,58.2,58.2,60.0,61.0,1.0,15000.0,37286284.0
2019-08-15,54.0,54.0,56.0,60.0,1.0,10377.0,37286284.0
2019-08-16,56.0,56.0,56.0,56.0,0.0,0.0,37286284.0
2019-08-19,56.0,56.0,56.0,56.0,0.0,0.0,37286284.0
2019-08-20,56.0,56.0,56.0,56.0,0.0,0.0,37286284.0
2019-08-21,56.0,56.0,56.0,56.0,2.0,1400.0,37286284.0
2019-08-22,55.0,52.25,54.5,56.0,2.0,2833.0,37286284.0
2019-08-23,54.5,54.5,54.5,54.5,0.0,0.0,37286284.0
2019-08-26,54.5,54.5,54.5,54.5,0.0,0.0,37286284.0
2019-08-27,54.5,54.5,54.5,54.5,0.0,0.0,37286284.0
2019-08-28,54.5,54.5,54.5,54.5,0.0,0.0,37286284.0
2019-08-29,54.5,54.5,54.5,54.5,0.0,0.0,37286284.0
2019-08-30,54.5,54.5,54.5,54.5,0.0,0.0,37286284.0
2019-09-02,54.5,54.5,54.5,54.5,0.0,0.0,37286284.0
2019-09-03,54.5,54.5,54.5,54.5,0.0,0.0,37286284.0
2019-09-04,54.5,54.5,54.5,54.5,0.0,0.0,37286284.0
2019-09-05,52.0,52.0,54.5,54.5,1.0,1826.0,37286284.0
2019-09-06,53.5,53.5,53.5,53.5,0.0,1.0,37286284.0
2019-09-09,53.5,53.5,53.5,53.5,0.0,0.0,37286284.0
2019-09-10,53.5,53.5,53.5,53.5,0.0,0.0,37286284.0
2019-09-11,53.5,53.5,53.5,53.5,0.0,0.0,37286284.0
2019-09-12,52.0,52.0,51.1,53.5,1.0,1592.0,37286284.0
2019-09-13,51.1,51.1,51.1,51.1,0.0,0.0,37286284.0
2019-09-16,50.6,50.6,50.6,50.6,0.0,1.0,37286284.0
2019-09-17,49.5,49.5,49.5,49.5,0.0,1.0,37286284.0
2019-09-18,49.5,49.5,49.5,49.5,0.0,0.0,37286284.0
2019-09-19,49.5,49.5,49.5,49.5,0.0,0.0,37286284.0
2019-09-20,52.0,52.0,49.5,49.5,1.0,55.0,37286284.0
2019-09-23,48.5,47.0,48.0,50.5,4.0,203600.0,37286284.0
2019-09-24,47.0,47.0,48.0,48.0,1.0,203602.0,37286284.0
2019-09-25,47.5,47.5,47.5,47.5,0.0,1.0,37286284.0
2019-09-26,47.5,47.5,47.5,47.5,0.0,0.0,37286284.0
2019-09-27,47.5,47.5,47.5,47.5,0.0,0.0,37286284.0
2019-09-30,47.5,47.5,47.5,47.5,0.0,0.0,37286284.0
2019-10-01,48.0,47.0,47.5,47.5,2.0,14105.0,37286284.0
2019-10-02,47.0,47.0,47.5,47.5,2.0,9404.0,37286284.0
2019-10-03,47.0,45.0,45.0,47.5,3.0,5000.0,37286284.0
2019-10-04,46.245,46.245,45.0,45.0,1.0,536.0,37286284.0
2019-10-07,45.0,45.0,45.0,45.0,0.0,0.0,37286284.0
2019-10-08,44.0,44.0,44.0,44.0,0.0,1.0,37286284.0
2019-10-09,43.0,43.0,44.0,44.0,1.0,3211.0,37286284.0
2019-10-10,43.0,42.25,42.5,44.0,2.0,11136.0,37286284.0
2019-10-11,40.0,40.0,42.5,42.5,3.0,3731.0,37286284.0
2019-10-14,42.5,42.5,42.5,42.5,0.0,0.0,37286284.0
2019-10-15,45.0,40.0,43.5,42.5,6.0,37577.0,37286284.0
2019-10-16,45.0,42.0,43.5,43.5,2.0,21590.0,37286284.0
2019-10-17,43.5,43.5,43.5,43.5,0.0,0.0,37286284.0
2019-10-18,44.985,44.0,45.0,43.5,5.0,195940.0,37286284.0
2019-10-21,48.0,45.0,47.0,45.0,3.0,77500.0,37286284.0
2019-10-22,48.0,47.0,47.0,47.0,7.0,708000.0,37286284.0
2019-10-23,48.0,47.0,47.0,47.0,6.0,262235.0,37286284.0
2019-10-24,47.0,47.0,47.0,47.0,2.0,250000.0,37286284.0
2019-10-25,48.0,47.895,47.0,47.0,3.0,25414.0,37286284.0
2019-10-28,47.895,47.0,47.0,47.0,3.0,20211.0,37286284.0
2019-10-29,47.5,47.0,47.0,47.0,2.0,59000.0,37286284.0
2019-10-30,47.895,47.0,47.0,47.0,2.0,40879.0,37286284.0
2019-10-31,47.0,47.0,47.0,47.0,0.0,0.0,37286284.0
2019-11-01,48.0,47.25,48.0,47.0,5.0,103017.0,37286284.0
2019-11-04,48.0,48.0,48.0,48.0,0.0,0.0,37286284.0
2019-11-05,47.4,47.4,48.0,48.0,1.0,2501.0,37286284.0
2019-11-06,48.4956,47.45,48.0,48.0,3.0,11511.0,37286284.0
2019-11-07,48.4956,47.4,48.0,48.0,2.0,13050.0,37286284.0
2019-11-08,48.0,48.0,48.0,48.0,0.0,0.0,37286284.0
2019-11-11,48.4956,48.0,48.0,48.0,3.0,938014.0,37286284.0
2019-11-12,49.2454,47.515,48.0,48.0,2.0,5254.0,37286284.0
2019-11-13,48.0,48.0,48.0,48.0,2.0,1036148.0,37286284.0
2019-11-14,50.0,48.0,49.0,48.0,4.0,52324.0,37286284.0
2019-11-15,50.0,50.0,49.0,49.0,1.0,1083.0,37286284.0
2019-11-18,50.0,50.0,49.0,49.0,1.0,2600.0,37286284.0
2019-11-19,48.5,48.055,49.0,49.0,4.0,934682.0,37286284.0
2019-11-20,48.055,48.055,49.0,49.0,2.0,12674.0,37286284.0
2019-11-21,49.0,49.0,49.0,49.0,0.0,0.0,37286284.0
2019-11-22,49.0,49.0,49.0,49.0,0.0,0.0,37286284.0
2019-11-25,49.0,49.0,49.0,49.0,0.0,0.0,37286284.0
2019-11-26,49.0,49.0,49.0,49.0,0.0,0.0,37286284.0
2019-11-27,49.0,49.0,49.0,49.0,0.0,0.0,37286284.0
2019-11-28,48.0,48.0,49.0,49.0,2.0,15000.0,37286284.0
2019-11-29,49.0,49.0,49.0,49.0,0.0,0.0,37286284.0
2019-12-02,49.0,49.0,49.0,49.0,0.0,0.0,37286284.0
2019-12-03,49.0,49.0,49.0,49.0,0.0,0.0,37286284.0
2019-12-04,49.8,48.055,49.0,49.0,2.0,8069.0,37286284.0
2019-12-05,49.89999,49.89999,49.0,49.0,1.0,497.0,37286284.0
2019-12-06,48.055,48.055,49.0,49.0,1.0,5000.0,37286284.0
2019-12-09,49.0,49.0,49.0,49.0,0.0,0.0,37286284.0
2019-12-10,49.0,49.0,49.0,49.0,0.0,0.0,37286284.0
2019-12-11,49.0,49.0,49.0,49.0,0.0,0.0,37286284.0
2019-12-12,49.0,49.0,49.0,49.0,0.0,0.0,37286284.0
2019-12-13,49.8,49.8,51.0,49.0,1.0,10000.0,37286284.0
2019-12-16,52.7999,50.0,51.5,51.0,3.0,25635.0,37286284.0
2019-12-17,52.75,52.75,51.5,51.5,1.0,1763.0,37286284.0
2019-12-18,47.3501,47.3501,51.5,51.5,1.0,5000.0,37286284.0
2019-12-19,50.0,50.0,51.5,51.5,1.0,8151.0,37286284.0
2019-12-20,53.7499,53.0,51.5,51.5,2.0,12651.0,37286284.0
2019-12-23,54.0,53.9999,51.5,51.5,2.0,14781.0,37286284.0
2019-12-24,52.0,52.0,52.0,52.0,0.0,1.0,37286284.0
2019-12-27,52.0,52.0,52.0,52.0,0.0,0.0,37286284.0
2019-12-30,52.0,52.0,52.0,52.0,0.0,0.0,37286284.0
2019-12-31,52.0,52.0,52.0,52.0,0.0,0.0,37286284.0
2020-01-02,54.495,50.155,52.5,52.0,2.0,10000.0,37286284.0
2020-01-03,55.9999,55.9999,53.0,52.5,1.0,1953.0,37286284.0
2020-01-06,56.0,53.0,53.0,53.0,3.0,65167.0,37286284.0
2020-01-07,56.0,56.0,53.0,53.0,1.0,442.0,37286284.0
2020-01-08,53.0,53.0,53.0,53.0,0.0,0.0,37286284.0
2020-01-09,53.0,53.0,53.0,53.0,0.0,0.0,37286284.0
2020-01-10,53.0,51.55,53.0,53.0,2.0,52245.0,37286284.0
2020-01-13,51.55,51.55,53.0,53.0,1.0,7000.0,37286284.0
2020-01-14,53.0,53.0,53.0,53.0,0.0,0.0,37286284.0
2020-01-15,53.0,53.0,53.0,53.0,0.0,0.0,37286284.0
2020-01-16,53.0,53.0,53.0,53.0,0.0,0.0,37286284.0
2020-01-17,53.0,53.0,53.0,53.0,0.0,0.0,37286284.0
2020-01-20,53.0,53.0,53.0,53.0,0.0,0.0,37286284.0
2020-01-21,53.0,53.0,53.0,53.0,0.0,0.0,37286284.0
2020-01-22,56.8999,52.055,54.0,54.0,6.0,39000.0,37286284.0
2020-01-23,53.5,53.5,54.0,54.0,1.0,18.0,37286284.0
2020-01-24,54.0,54.0,54.0,54.0,0.0,0.0,37286284.0
2020-01-27,54.0,54.0,54.0,54.0,0.0,0.0,37286284.0
2020-01-28,54.0,54.0,54.0,54.0,0.0,0.0,37286284.0
2020-01-29,54.25,54.25,54.25,54.25,0.0,1.0,37286284.0
2020-01-30,60.0,57.5,57.5,54.25,2.0,15000.0,37286284.0
2020-01-31,65.0,60.0,62.0,57.5,9.0,58926.0,37286284.0
2020-02-03,63.6,63.6,62.0,62.0,1.0,1000.0,37286284.0
2020-02-04,60.6,60.6,62.0,62.0,2.0,6763.0,37286284.0
2020-02-05,63.6,60.6,62.0,62.0,2.0,8116.0,37286284.0
2020-02-06,60.4401,60.4401,61.0,62.0,1.0,4409.0,37286284.0
2020-02-07,61.0,61.0,61.0,61.0,0.0,0.0,37286284.0
2020-02-10,64.44,60.6,62.5,61.0,5.0,62827.0,37286284.0
2020-02-11,61.055,61.055,62.5,62.5,1.0,7829.0,37286284.0
2020-02-12,62.5,62.5,62.5,62.5,0.0,0.0,37286284.0
2020-02-13,67.0,63.0,66.0,62.5,12.0,46417.0,37286284.0
2020-02-14,65.0,64.0,65.0,66.0,2.0,8500.0,37286284.0
2020-02-17,67.0,62.1001,64.5,65.0,6.0,13973.0,37286284.0
2020-02-18,64.5,64.5,64.5,64.5,0.0,0.0,37286284.0
2020-02-19,64.5,64.5,64.5,64.5,0.0,0.0,37286284.0
2020-02-20,62.1001,62.1001,64.5,64.5,1.0,2000.0,37286284.0
2020-02-21,65.9,65.9,64.5,64.5,1.0,1505.0,37286284.0
2020-02-24,65.85,62.0,63.5,64.5,3.0,4408.0,37286284.0
2020-02-25,63.5,63.5,63.5,63.5,0.0,0.0,37286284.0
2020-02-26,63.5,63.5,63.5,63.5,0.0,0.0,37286284.0
2020-02-27,63.5,63.5,63.5,63.5,0.0,0.0,37286284.0
2020-02-28,61.5,56.0,58.5,63.5,5.0,13780.0,37286284.0
2020-03-02,60.96,53.0,55.0,58.5,4.0,26496.0,37286284.0
2020-03-03,55.0,55.0,55.0,55.0,0.0,0.0,37286284.0
2020-03-04,55.0,55.0,55.0,55.0,0.0,0.0,37286284.0
2020-03-05,56.0,56.0,55.0,55.0,4.0,14000.0,37286284.0
2020-03-06,56.0,56.0,55.0,55.0,2.0,3000.0,37286284.0
2020-03-09,53.6499,53.1599,50.5,52.5,5.0,17591.0,37286284.0
2020-03-10,54.0,53.6499,51.5,50.5,2.0,8500.0,37286284.0
2020-03-11,53.0,49.8001,51.5,51.5,3.0,13100.0,37286284.0
2020-03-12,49.0,43.8858,46.5,50.5,2.0,9000.0,37286284.0
2020-03-13,49.5,47.9,47.5,46.5,4.0,14000.0,37286284.0
2020-03-16,46.95,40.0,44.5,47.5,9.0,24000.0,37286284.0
2020-03-17,44.0,38.0,40.0,44.5,2.0,1501341.0,37286284.0
2020-03-18,34.25,30.0,32.5,38.5,3.0,13849.0,37286284.0
2020-03-19,34.5999,33.8,31.0,32.5,3.0,15000.0,37286284.0
2020-03-20,35.0,35.0,33.5,31.0,1.0,3000.0,37286284.0
2020-03-23,28.0001,28.0001,33.5,33.5,1.0,7158.0,37286284.0
2020-03-24,35.75,35.75,33.5,33.5,1.0,200.0,37286284.0
2020-03-25,36.6499,30.0,33.5,33.5,6.0,26097.0,37286284.0
2020-03-26,36.3,30.0,33.5,33.5,4.0,10302.0,37286284.0
2020-03-27,36.7564,30.0,33.5,33.5,3.0,25387.0,37286284.0
2020-03-30,36.65,30.3501,33.5,33.5,3.0,9251.0,37286284.0
2020-03-31,33.0,30.0,31.5,33.5,6.0,28443.0,37286284.0
2020-04-01,33.0,31.5,30.5,31.5,6.0,12777.0,37286284.0
2020-04-02,31.5,28.0,30.5,30.5,3.0,15662.0,37286284.0
2020-04-03,31.5,28.0,30.5,30.5,4.0,38729.0,37286284.0
2020-04-06,32.3999,31.0,30.5,30.5,5.0,59125.0,37286284.0
2020-04-07,36.2,28.5,35.5,30.5,18.0,686416.0,37286284.0
2020-04-08,36.475,34.25,36.0,35.5,5.0,56924.0,37286284.0
2020-04-09,40.0,35.25,39.5,36.0,14.0,586529.0,37286284.0
2020-04-14,45.0,39.0,40.5,39.5,3.0,26580.0,37286284.0
2020-04-15,39.0,37.0,38.5,40.5,3.0,4456.0,37286284.0
2020-04-16,39.0,39.0,38.0,38.0,1.0,1400.0,37286284.0
2020-04-17,36.0,36.0,38.0,38.0,2.0,11650.0,37286284.0
2020-04-20,35.0,35.0,36.5,38.0,1.0,4298.0,37286284.0
2020-04-21,34.3,34.0,35.0,36.5,3.0,14270.0,37286284.0
2020-04-22,34.0,33.3,36.5,35.0,9.0,485000.0,37286284.0
2020-04-23,35.8,34.0,36.5,36.5,2.0,7324.0,37286284.0
2020-04-24,36.5,36.5,36.5,36.5,0.0,0.0,37286284.0
2020-04-27,36.5,36.5,36.5,36.5,0.0,0.0,37286284.0
2020-04-28,35.8,34.0,36.5,36.5,6.0,33420.0,37286284.0
2020-04-29,34.0,34.0,36.5,36.5,2.0,6208.0,37286284.0
2020-04-30,36.4,34.0,36.5,36.5,3.0,6570.0,37286284.0
2020-05-01,36.3,36.3,36.5,36.5,2.0,8000.0,37286284.0
2020-05-04,37.4,37.4,36.5,36.5,2.0,3267.0,37286284.0
2020-05-05,37.9,37.9,36.5,36.5,1.0,5000.0,37286284.0
2020-05-06,39.0,37.9,38.0,36.5,3.0,35148.0,37286284.0
2020-05-07,38.7,37.4,38.0,38.0,3.0,18160.0,37286284.0
2020-05-08,38.0,38.0,38.0,38.0,0.0,0.0,37286284.0
2020-05-11,41.7999,37.0,39.5,38.0,10.0,280596.0,37286284.0
2020-05-12,39.5,39.5,39.5,39.5,0.0,0.0,37286284.0
2020-05-13,37.2501,37.2501,39.5,39.5,1.0,1658.0,37286284.0
2020-05-14,37.4,34.0,35.5,36.0,5.0,48417.0,37286284.0
2020-05-15,37.0,37.0,36.0,35.5,2.0,16462.0,37286284.0
2020-05-18,37.7999,37.4,36.0,36.0,2.0,6261.0,37286284.0
2020-05-19,36.0,36.0,36.0,36.0,0.0,0.0,37286284.0
2020-05-20,36.0,36.0,36.0,36.0,0.0,0.0,37286284.0
2020-05-21,38.25,37.4,36.5,36.5,2.0,12000.0,37286284.0
2020-05-22,34.55,34.55,36.5,36.5,1.0,5500.0,37286284.0
2020-05-25,36.5,36.5,36.5,36.5,0.0,0.0,37286284.0
2020-05-26,38.75,38.25,36.5,36.5,2.0,1250.0,37286284.0
2020-05-27,38.25,34.55,37.5,36.5,3.0,15648.0,37286284.0
2020-05-28,37.5,37.5,37.5,37.5,0.0,0.0,37286284.0
2020-05-29,39.25,39.25,37.5,37.5,1.0,2000.0,37286284.0
2020-06-01,39.9999,39.5,37.5,37.5,3.0,12677.0,37286284.0
2020-06-02,37.5,37.5,37.5,37.5,0.0,0.0,37286284.0
2020-06-03,40.0,40.0,39.0,38.0,1.0,2000.0,37286284.0
2020-06-04,41.0,41.0,39.0,39.0,1.0,1000.0,37286284.0
2020-06-05,39.0,39.0,39.0,39.0,0.0,0.0,37286284.0
2020-06-08,41.0,41.0,39.5,39.0,1.0,468.0,37286284.0
2020-06-09,39.5,39.5,39.5,39.5,0.0,0.0,37286284.0
2020-06-10,42.0,42.0,40.5,39.5,2.0,4220.0,37286284.0
2020-06-11,42.9999,39.0694,40.5,40.5,2.0,7387.0,37286284.0
2020-06-12,40.5,40.5,40.5,40.5,0.0,0.0,37286284.0
2020-06-15,40.0,40.0,40.0,40.0,0.0,1.0,37286284.0
2020-06-16,40.0,40.0,40.0,40.0,0.0,0.0,37286284.0
2020-06-17,40.0,40.0,40.0,40.0,0.0,0.0,37286284.0
2020-06-18,41.9,38.0,40.0,40.0,2.0,3093.0,37286284.0
2020-06-19,41.9,38.2001,40.0,40.0,2.0,3092.0,37286284.0
2020-06-22,39.0,39.0,40.0,40.0,1.0,1100.0,37286284.0
2020-06-23,40.0,40.0,40.0,40.0,0.0,0.0,37286284.0
2020-06-24,41.9,41.9,40.0,40.0,1.0,4997.0,37286284.0
2020-06-25,41.9,41.9,40.0,40.0,1.0,70.0,37286284.0
2020-06-26,40.0,40.0,40.0,40.0,0.0,0.0,37286284.0
2020-06-29,40.0,40.0,40.0,40.0,0.0,0.0,37286284.0
2020-06-30,40.0,40.0,40.0,40.0,0.0,0.0,37286284.0
2020-07-01,40.0,40.0,40.0,40.0,0.0,0.0,37286284.0
2020-07-02,40.0,40.0,40.0,40.0,0.0,0.0,37286284.0
2020-07-03,41.9,41.9,40.0,40.0,1.0,280.0,37286284.0
2020-07-06,39.0,38.0,40.0,40.0,2.0,15414.0,37286284.0
2020-07-07,38.2001,38.0,39.5,40.0,2.0,11500.0,37286284.0
2020-07-08,39.5,39.5,39.5,39.5,0.0,0.0,37286284.0
2020-07-09,37.2501,37.2501,39.5,39.5,1.0,5000.0,37286284.0
2020-07-10,38.0,36.0,37.5,39.5,2.0,10121.0,37286284.0
2020-07-13,37.5,37.5,37.5,37.5,0.0,0.0,37286284.0
2020-07-14,36.5,36.5,36.5,36.5,0.0,1.0,37286284.0
2020-07-15,35.0001,35.0001,36.5,36.5,1.0,2000.0,37286284.0
2020-07-16,36.5,36.5,36.5,36.5,0.0,0.0,37286284.0
2020-07-17,36.5,36.5,36.5,36.5,0.0,0.0,37286284.0
2020-07-20,36.5,36.5,36.5,36.5,0.0,0.0,37286284.0
2020-07-21,36.5,36.5,36.5,36.5,0.0,0.0,37286284.0
2020-07-22,36.5,36.5,36.5,36.5,0.0,0.0,37286284.0
2020-07-23,36.5,36.5,36.5,36.5,0.0,0.0,37286284.0
2020-07-24,36.5,36.5,36.5,36.5,0.0,0.0,37286284.0
2020-07-27,36.5,36.5,36.5,36.5,0.0,0.0,37286284.0
2020-07-28,35.75,35.75,36.5,36.5,1.0,3289.0,37286284.0
2020-07-29,36.5,36.5,36.5,36.5,0.0,0.0,37286284.0
2020-07-30,36.0,36.0,36.0,36.0,0.0,1.0,37286284.0
2020-07-31,36.0,36.0,36.0,36.0,0.0,0.0,37286284.0
2020-08-03,36.0,36.0,36.0,36.0,0.0,0.0,37286284.0
2020-08-04,36.0,36.0,36.0,36.0,0.0,0.0,37286284.0
2020-08-05,36.0,36.0,36.0,36.0,0.0,0.0,37286284.0
2020-08-06,36.0,36.0,36.0,36.0,0.0,0.0,37286284.0
2020-08-07,36.0,36.0,36.0,36.0,0.0,0.0,37286284.0
2020-08-10,35.0001,35.0001,35.0,36.0,1.0,5000.0,37286284.0
2020-08-11,35.0,35.0,35.0,35.0,0.0,0.0,37286284.0
2020-08-12,35.0,35.0,35.0,35.0,0.0,0.0,37286284.0
2020-08-13,35.0,35.0,35.0,35.0,0.0,0.0,37286284.0
2020-08-14,35.0,35.0,35.0,35.0,0.0,0.0,37286284.0
2020-08-17,33.0,33.0,34.5,35.0,1.0,481.0,37286284.0
2020-08-18,34.5,34.5,34.5,34.5,0.0,0.0,37286284.0
2020-08-19,34.5,34.5,34.5,34.5,0.0,0.0,37286284.0
2020-08-20,34.5,34.5,34.5,34.5,0.0,0.0,37286284.0
2020-08-21,34.5,34.5,34.5,34.5,0.0,0.0,37286284.0
2020-08-24,34.5,34.5,34.5,34.5,0.0,0.0,37286284.0
2020-08-25,33.0001,33.0,34.5,34.5,3.0,16000.0,37286284.0
2020-08-26,34.5,34.5,34.5,34.5,0.0,0.0,37286284.0
2020-08-27,33.0,33.0,34.5,34.5,2.0,4027.0,37286284.0
2020-08-28,34.5,34.5,34.5,34.5,0.0,0.0,37286284.0
2020-08-31,34.5,34.5,34.5,34.5,0.0,0.0,37286284.0
2020-09-01,30.0,27.11001,28.5,34.5,8.0,261070.0,37286284.0
2020-09-02,29.4,29.4,28.5,28.5,1.0,714.0,37286284.0
2020-09-03,30.0,29.4,29.5,28.5,3.0,21481.0,37286284.0
2020-09-04,30.75,30.75,29.5,29.5,1.0,1601.0,37286284.0
2020-09-07,31.0,30.75,31.0,29.5,2.0,11000.0,37286284.0
2020-09-08,31.0,31.0,31.0,31.0,0.0,0.0,37286284.0
2020-09-09,30.0,30.0,30.5,31.0,1.0,5822.0,37286284.0
2020-09-10,30.5,30.5,30.5,30.5,0.0,0.0,37286284.0
2020-09-11,30.5,30.5,30.5,30.5,0.0,0.0,37286284.0
2020-09-14,33.75,33.75,33.5,33.0,1.0,4000.0,37286284.0
2020-09-15,34.5,33.9,34.0,33.5,4.0,15701.0,37286284.0
2020-09-16,33.0,33.0,34.0,34.0,1.0,3000.0,37286284.0
2020-09-17,33.0,33.0,34.0,34.0,1.0,1705.0,37286284.0
2020-09-18,34.0,34.0,34.0,34.0,0.0,0.0,37286284.0
2020-09-21,34.0,34.0,34.0,34.0,0.0,0.0,37286284.0
2020-09-22,34.0,34.0,34.0,34.0,0.0,0.0,37286284.0
2020-09-23,34.0,34.0,34.0,34.0,0.0,0.0,37286284.0
2020-09-24,34.0,34.0,34.0,34.0,1.0,570.0,37286284.0
2020-09-25,33.0,33.0,33.5,34.0,1.0,3500.0,37286284.0
2020-09-28,33.5,33.5,33.5,33.5,0.0,0.0,37286284.0
2020-09-29,32.0,32.0,33.5,33.5,1.0,500.0,37286284.0
2020-09-30,32.0,32.0,33.5,33.5,1.0,800.0,37286284.0
2020-10-01,32.0,32.0,33.5,33.5,1.0,167.0,37286284.0
2020-10-02,32.0,32.0,33.5,33.5,1.0,553.0,37286284.0
2020-10-05,30.0,30.0,31.5,33.5,1.0,3600.0,37286284.0
2020-10-06,31.5,31.5,31.5,31.5,0.0,0.0,37286284.0
2020-10-07,31.5,31.5,31.5,31.5,0.0,0.0,37286284.0
2020-10-08,31.5,31.5,31.5,31.5,0.0,0.0,37286284.0
2020-10-09,31.5,31.5,31.5,31.5,0.0,0.0,37286284.0
2020-10-12,26.7834,26.7834,30.5,31.5,1.0,15000.0,37286284.0
2020-10-13,30.5,30.5,30.5,30.5,0.0,0.0,37286284.0
2020-10-14,30.5,30.5,30.5,30.5,0.0,0.0,37286284.0
2020-10-15,30.5,30.5,30.5,30.5,0.0,0.0,37286284.0
2020-10-16,30.0,30.0,30.5,30.5,2.0,4612.0,37286284.0
2020-10-19,30.5,30.5,30.5,30.5,0.0,0.0,37286284.0
2020-10-20,30.5,30.5,30.5,30.5,0.0,0.0,37286284.0
2020-10-21,30.5,30.5,30.5,30.5,0.0,0.0,37286284.0
2020-10-22,30.5,30.5,30.5,30.5,0.0,0.0,37286284.0
2020-10-23,30.5,30.5,30.5,30.5,0.0,0.0,37286284.0
2020-10-26,30.5,30.5,30.5,30.5,0.0,0.0,37286284.0
2020-10-27,30.0,30.0,30.5,30.5,1.0,1000.0,37286284.0
2020-10-28,30.0,30.0,30.5,30.5,1.0,7500.0,37286284.0
2020-10-29,30.5,30.5,30.5,30.5,0.0,0.0,37286284.0
2020-10-30,30.5,30.5,30.5,30.5,0.0,0.0,37286284.0
2020-11-02,30.0,30.0,30.0,30.0,1.0,291.0,37286284.0
2020-11-03,28.0,28.0,29.5,30.0,1.0,8867.0,37286284.0
2020-11-04,29.5,29.5,29.5,29.5,0.0,0.0,37286284.0
2020-11-05,29.49999,29.49999,29.5,29.5,1.0,62.0,37286284.0
2020-11-06,29.5,29.5,29.5,29.5,0.0,0.0,37286284.0
2020-11-09,31.9999,29.45,31.5,29.5,4.0,22210.0,37286284.0
2020-11-10,32.8,31.99,32.5,31.5,8.0,503900.0,37286284.0
2020-11-11,32.8,32.0,32.5,32.5,3.0,6895.0,37286284.0
2020-11-12,32.8,32.8,32.5,32.5,3.0,4849.0,37286284.0
2020-11-13,32.5,32.5,32.5,32.5,0.0,0.0,37286284.0
2020-11-16,32.9499,32.0,32.5,32.5,3.0,2917.0,37286284.0
2020-11-17,34.0,32.0,32.5,32.5,4.0,2914.0,37286284.0
2020-11-18,32.8,31.0,32.0,32.5,2.0,10762.0,37286284.0
2020-11-19,32.6,32.6,32.0,32.0,3.0,4437.0,37286284.0
2020-11-20,32.6999,30.0,31.5,32.0,3.0,11599.0,37286284.0
2020-11-23,32.4,29.0,31.5,31.5,2.0,10300.0,37286284.0
2020-11-24,33.0,32.0,33.0,31.5,11.0,33143.0,37286284.0
2020-11-25,33.6,32.04,33.0,33.0,2.0,3917.0,37286284.0
2020-11-26,33.0,33.0,33.0,33.0,0.0,0.0,37286284.0
2020-11-27,33.5,33.5,33.0,33.0,1.0,292.0,37286284.0
2020-11-30,33.5,32.0,33.0,33.0,4.0,11218.0,37286284.0
2020-12-01,34.0,34.0,33.0,33.0,1.0,50.0,37286284.0
2020-12-02,33.39,30.0,31.5,33.0,8.0,26839.0,37286284.0
2020-12-03,31.9,31.9,31.5,31.5,1.0,3109.0,37286284.0
2020-12-04,31.5,31.5,31.5,31.5,0.0,0.0,37286284.0
2020-12-07,31.5,31.5,31.5,31.5,0.0,0.0,37286284.0
2020-12-08,31.9,30.0,31.5,31.5,2.0,3231.0,37286284.0
2020-12-09,30.0,30.0,31.5,31.5,2.0,25560.0,37286284.0
2020-12-10,30.0,30.0,30.5,31.5,1.0,3109.0,37286284.0
2020-12-11,31.0,31.0,30.5,30.5,1.0,27000.0,37286284.0
2020-12-14,30.89999,30.89999,30.5,30.5,1.0,469.0,37286284.0
2020-12-15,30.5,30.5,30.5,30.5,0.0,0.0,37286284.0
2020-12-16,30.8999,30.8999,30.5,30.5,1.0,323.0,37286284.0
2020-12-17,30.0,30.0,30.0,30.5,1.0,10000.0,37286284.0
2020-12-18,30.75,30.4,30.0,30.0,2.0,1285.0,37286284.0
2020-12-21,30.75,29.0,28.5,30.0,3.0,5808.0,37286284.0
2020-12-22,30.0,25.0,28.5,28.5,6.0,31389.0,37286284.0
2020-12-23,30.0,29.2,29.5,28.5,3.0,34515.0,37286284.0
2020-12-24,31.0,30.0,30.5,29.5,3.0,35775.0,37286284.0
2020-12-28,30.5,30.5,30.5,30.5,0.0,0.0,37286284.0
2020-12-29,31.8499,30.05,31.0,30.5,3.0,1367.0,37286284.0
2020-12-30,30.0,30.0,31.0,31.0,1.0,5000.0,37286284.0
2020-12-31,31.0,31.0,31.0,31.0,1.0,6502.0,37286284.0
2021-01-04,31.0,27.25,31.0,31.0,9.0,41361.0,37286284.0
2021-01-05,29.7,28.0,29.5,29.5,3.0,14726.0,37286284.0
2021-01-06,30.4,28.0,29.5,29.5,3.0,20521.0,37286284.0
2021-01-07,30.4,28.45,29.5,29.5,2.0,5410.0,37286284.0
2021-01-08,30.375,30.375,29.5,29.5,2.0,3266.0,37286284.0
2021-01-11,29.5,29.5,29.5,29.5,0.0,0.0,37286284.0
2021-01-12,31.0,28.0,31.0,29.5,4.0,446.0,37286284.0
2021-01-13,29.5,29.5,29.5,29.5,0.0,1.0,37286284.0
2021-01-14,31.0,30.375,29.5,29.5,4.0,502.0,37286284.0
2021-01-15,30.375,30.375,29.5,29.5,1.0,750.0,37286284.0
2021-01-18,30.375,28.45,29.5,29.5,4.0,17070.0,37286284.0
2021-01-19,29.5,29.5,29.5,29.5,0.0,0.0,37286284.0
2021-01-20,29.5,29.5,29.5,29.5,0.0,0.0,37286284.0
2021-01-21,28.45,28.0,29.5,29.5,2.0,4481.0,37286284.0
2021-01-22,30.375,28.0,29.5,29.5,3.0,4610.0,37286284.0
2021-01-25,29.7,28.0,28.5,29.5,3.0,3583.0,37286284.0
2021-01-26,29.7,29.7,28.5,28.5,1.0,168.0,37286284.0
2021-01-27,29.7,27.0,28.5,28.5,3.0,32845.0,37286284.0
2021-01-28,29.45,29.45,28.5,28.5,6.0,8382.0,37286284.0
2021-01-29,28.5,28.5,28.5,28.5,0.0,0.0,37286284.0
2021-02-01,29.45,29.45,28.5,28.5,11.0,6039.0,37286284.0
2021-02-02,29.4,27.0,28.5,28.5,12.0,11776.0,37286284.0
2021-02-03,29.8999,28.05,29.0,28.5,7.0,25747.0,37286284.0
2021-02-04,30.6,28.05,29.0,29.0,8.0,2009.0,37286284.0
2021-02-05,32.88,29.49,31.5,29.0,17.0,34011.0,37286284.0
2021-02-08,33.4,31.0,32.0,31.5,18.0,22875.0,37286284.0
2021-02-09,32.95,31.05,32.0,32.0,6.0,649.0,37286284.0
2021-02-10,33.0,32.95,33.0,32.0,10.0,13197.0,37286284.0
2021-02-11,33.0,32.95,32.0,32.0,7.0,3151.0,37286284.0
2021-02-12,33.0,31.0,32.5,32.0,12.0,68760.0,37286284.0
2021-02-15,34.0,31.0001,33.0,32.5,15.0,117341.0,37286284.0
2021-02-16,34.0,32.05,33.0,33.0,23.0,210766.0,37286284.0
2021-02-17,33.99999,32.0,33.0,33.0,16.0,40704.0,37286284.0
2021-02-18,33.95,32.0,33.0,33.0,18.0,34790.0,37286284.0
2021-02-19,33.95,32.05,33.0,33.0,6.0,5298.0,37286284.0
2021-02-22,33.9999,32.05,34.0,33.0,27.0,315522.0,37286284.0
2021-02-23,36.95,33.0,36.0,34.0,49.0,164899.0,37286284.0
2021-02-24,36.95,35.05,36.0,36.0,24.0,39756.0,37286284.0
2021-02-25,37.8,35.0,36.0,36.0,36.0,107717.0,37286284.0
2021-02-26,36.95,35.0,35.5,36.0,25.0,26914.0,37286284.0
2021-03-01,37.0,34.075,37.0,35.5,22.0,32979.0,37286284.0
2021-03-02,36.975,36.025,36.5,36.5,21.0,59738.0,37286284.0
2021-03-03,36.975,36.025,36.5,36.5,25.0,121393.0,37286284.0
2021-03-04,38.7,36.025,37.5,36.5,21.0,252843.0,37286284.0
2021-03-05,38.8999,36.075,38.0,37.5,27.0,208499.0,37286284.0
2021-03-08,38.95,37.04,38.0,38.0,17.0,17496.0,37286284.0
2021-03-09,38.95,37.1001,38.0,38.0,16.0,15794.0,37286284.0
2021-03-10,38.925,36.15001,37.5,38.0,8.0,11455.0,37286284.0
2021-03-11,38.925,36.075,37.5,37.5,19.0,30285.0,37286284.0
2021-03-12,38.8499,36.0,37.5,37.5,19.0,9665.0,37286284.0
2021-03-15,38.8499,34.0001,36.5,37.5,19.0,18073.0,37286284.0
2021-03-16,38.7999,35.1,37.0,37.0,16.0,49395.0,37286284.0
2021-03-17,38.7999,35.1,37.0,37.0,11.0,13837.0,37286284.0
2021-03-18,38.8499,35.08,38.0,37.0,25.0,149409.0,37286284.0
2021-03-19,38.8999,36.075,37.5,38.0,10.0,82474.0,37286284.0
2021-03-22,38.8499,36.06,37.5,37.5,10.0,37019.0,37286284.0
2021-03-23,38.8499,36.3,36.5,37.5,7.0,28584.0,37286284.0
2021-03-24,38.7499,34.125,36.5,36.5,14.0,21282.0,37286284.0
2021-03-25,38.7499,34.0001,36.0,36.5,19.0,25424.0,37286284.0
2021-03-26,38.0,34.0001,36.0,36.0,9.0,11040.0,37286284.0
2021-03-29,37.925,35.075,36.5,36.0,17.0,38220.0,37286284.0
2021-03-30,38.75,35.1501,37.0,36.5,13.0,115436.0,37286284.0
2021-03-31,38.96,36.075,38.2,37.5,9.0,12553.0,37286284.0
2021-04-01,39.95,38.0,39.0,38.2,12.0,92487.0,37286284.0
2021-04-06,40.2,38.4,39.5,39.0,17.0,109447.0,37286284.0
2021-04-07,40.0,39.0,39.5,39.5,15.0,150982.0,37286284.0
2021-04-08,44.0,39.2,44.0,39.5,27.0,559199.0,37286284.0
2021-04-09,48.0,43.05,47.0,43.0,67.0,135022.0,37286284.0
2021-04-12,48.0,45.0,48.0,46.5,19.0,262931.0,37286284.0
2021-04-13,58.9,47.98,58.0,47.5,151.0,496492.0,37286284.0
2021-04-14,59.0,52.5,55.0,56.5,63.0,108102.0,37286284.0
2021-04-15,56.0,52.0,54.0,55.0,49.0,98954.0,37286284.0
2021-04-16,56.0,51.96,53.5,54.0,24.0,41032.0,37286284.0
2021-04-19,55.875,50.2001,51.0,53.5,35.0,59275.0,37286284.0
2021-04-20,56.7,50.2001,54.5,52.0,23.0,307224.0,37286284.0
2021-04-21,57.0,54.048,56.5,55.5,31.0,209308.0,37286284.0
2021-04-22,60.0,55.0,59.5,56.5,21.0,120111.0,37286284.0
2021-04-23,61.0,56.5,59.0,58.0,25.0,108173.0,37286284.0
2021-04-26,60.9,57.0,59.0,59.0,17.0,96567.0,37286284.0
2021-04-27,62.0,57.06,58.5,59.0,22.0,34207.0,37286284.0
2021-04-28,60.0,56.0,58.0,58.5,19.0,22775.0,37286284.0
2021-04-29,58.912,56.16,58.0,58.0,17.0,92645.0,37286284.0
2021-04-30,59.968,56.68,58.0,58.0,10.0,30938.0,37286284.0
2021-05-03,58.0,58.0,58.0,58.0,0.0,0.0,37286284.0
2021-05-04,59.968,56.08,58.0,58.0,16.0,50093.0,37286284.0
2021-05-05,59.68,56.1,58.0,58.0,8.0,5127.0,37286284.0
2021-05-06,59.68,56.096,58.0,58.0,7.0,19198.0,37286284.0
2021-05-07,59.9999,56.1,58.0,58.0,20.0,18747.0,37286284.0
2021-05-10,61.0,56.1,59.0,58.0,28.0,65871.0,37286284.0
2021-05-11,61.68,58.0,60.0,59.0,13.0,10393.0,37286284.0
2021-05-12,58.1,58.08,60.0,60.0,4.0,1854.0,37286284.0
2021-05-13,62.0,57.0,60.5,59.5,12.0,44797.0,37286284.0
2021-05-14,63.0,59.0,61.0,60.5,20.0,49791.0,37286284.0
2021-05-17,62.7999,59.6,61.0,61.0,9.0,45363.0,37286284.0
2021-05-18,62.0,58.0,60.0,61.0,14.0,98884.0,37286284.0
2021-05-19,61.7999,57.0,59.0,60.0,9.0,164734.0,37286284.0
2021-05-20,58.592,55.2501,57.5,59.0,12.0,34377.0,37286284.0
2021-05-21,55.2501,55.0,57.0,57.5,6.0,905.0,37286284.0
2021-05-24,58.0,55.2001,57.0,57.0,6.0,2724.0,37286284.0
2021-05-25,57.99999,55.2001,57.0,57.0,2.0,5070.0,37286284.0
2021-05-26,55.2001,55.0,56.5,57.0,11.0,11805.0,37286284.0
2021-05-27,57.0,55.03,56.5,56.5,4.0,39850.0,37286284.0
2021-05-28,56.0,56.0,56.5,56.5,4.0,14000.0,37286284.0
2021-05-31,56.5,56.5,56.5,56.5,0.0,0.0,37286284.0
2021-06-01,57.712,55.0,55.0,56.5,11.0,21825.0,37286284.0
2021-06-02,56.0,55.144,56.5,56.5,3.0,10249.0,37286284.0
2021-06-03,57.712,55.075,56.0,56.5,8.0,36710.0,37286284.0
2021-06-04,58.0,55.24,56.0,56.5,6.0,45554.0,37286284.0
2021-06-07,58.0,55.075,57.0,56.5,11.0,38919.0,37286284.0
2021-06-08,57.95,56.0001,57.0,57.0,5.0,3199.0,37286284.0
2021-06-09,58.0,56.8,57.0,57.0,3.0,16478.0,37286284.0
2021-06-10,58.0,57.0,57.0,57.0,6.0,77002.0,37286284.0
2021-06-11,57.4,57.0,57.0,57.0,3.0,11364.0,37286284.0
2021-06-14,56.04,56.0001,57.0,57.0,2.0,5078.0,37286284.0
2021-06-15,57.0,53.1001,54.0,57.0,12.0,29952.0,37286284.0
2021-06-16,54.32,52.8037,54.0,54.0,8.0,17974.0,37286284.0
2021-06-17,57.0,53.288,55.5,54.0,15.0,63824.0,37286284.0
2021-06-18,61.94,55.04,60.5,55.5,29.0,67439.0,37286284.0
2021-06-21,61.58,58.0,60.5,60.0,8.0,12209.0,37286284.0
2021-06-22,61.88,59.1,60.5,60.5,5.0,2772.0,37286284.0
2021-06-23,60.2,57.0,60.0,60.5,4.0,74508.0,37286284.0
2021-06-24,61.968,58.48,60.0,60.0,6.0,10412.0,37286284.0
2021-06-25,62.0,59.06,60.0,60.0,13.0,53919.0,37286284.0
2021-06-28,61.68,58.04,60.0,60.0,3.0,3932.0,37286284.0
2021-06-29,62.0,61.52,60.0,60.0,5.0,12172.0,37286284.0
2021-06-30,61.616,58.1,60.0,60.0,6.0,3383.0,37286284.0
2021-07-01,66.92,59.0,65.0,60.0,30.0,97751.0,37286284.0
2021-07-02,67.0,63.1,65.0,65.0,9.0,17699.0,37286284.0
2021-07-05,66.936,63.1,65.0,65.0,9.0,10740.0,37286284.0
2021-07-06,68.0,63.0,66.0,65.0,18.0,23435.0,37286284.0
2021-07-07,69.0,65.0,66.5,66.0,12.0,29149.0,37286284.0
2021-07-08,65.05,64.125,66.5,66.5,2.0,5287.0,37286284.0
2021-07-09,68.5,64.0,66.0,66.5,12.0,12629.0,37286284.0
2021-07-12,67.68,63.0001,65.0,66.0,12.0,20433.0,37286284.0
2021-07-13,65.0,63.0,64.0,65.0,3.0,1574.0,37286284.0
2021-07-14,65.0,63.0,64.0,64.0,8.0,10708.0,37286284.0
2021-07-15,65.0,58.5,60.5,64.0,16.0,32649.0,37286284.0
2021-07-16,62.0,58.0,59.5,60.5,7.0,6361.0,37286284.0
2021-07-19,61.0,57.0001,58.5,59.5,5.0,5076.0,37286284.0
2021-07-20,59.84,57.0,58.5,58.5,6.0,13838.0,37286284.0
2021-07-21,61.0,57.0,59.5,58.5,12.0,34449.0,37286284.0
2021-07-22,59.5,59.5,59.5,59.5,0.0,0.0,37286284.0
2021-07-23,58.25,58.25,59.5,59.5,1.0,3594.0,37286284.0
2021-07-26,60.0,58.3,59.5,59.5,3.0,72.0,37286284.0
2021-07-27,61.0,58.3,59.0,59.5,4.0,10114.0,37286284.0
2021-07-28,59.0,59.0,59.0,59.0,0.0,0.0,37286284.0
2021-07-29,60.52,60.52,59.5,59.0,2.0,10706.0,37286284.0
2021-07-30,63.0,57.84,60.5,59.5,10.0,17191.0,37286284.0
2021-08-02,66.0,61.8499,65.5,60.5,12.0,49571.0,37286284.0
2021-08-03,73.0,66.8499,69.0,65.5,36.0,78121.0,37286284.0
2021-08-04,68.8999,67.06,68.0,69.0,4.0,4751.0,37286284.0
2021-08-05,67.75,67.04,68.0,68.0,6.0,5749.0,37286284.0
2021-08-06,67.625,67.0,67.5,68.0,12.0,11140.0,37286284.0
2021-08-09,68.0,65.15,66.5,67.5,5.0,4545.0,37286284.0
2021-08-10,67.04,65.0,66.5,66.5,6.0,25551.0,37286284.0
2021-08-11,66.3499,64.1101,66.5,66.5,3.0,8053.0,37286284.0
2021-08-12,66.34999,66.3499,66.5,66.5,2.0,1178.0,37286284.0
2021-08-13,66.3499,65.06,66.5,66.5,6.0,770.0,37286284.0
2021-08-16,66.3499,65.0,66.5,66.5,7.0,3082.0,37286284.0
2021-08-17,68.0,64.2,66.0,66.5,5.0,2729.0,37286284.0
2021-08-18,65.7999,64.04,66.0,66.0,5.0,11176.0,37286284.0
2021-08-19,65.7999,63.0,66.0,66.0,6.0,9862.0,37286284.0
2021-08-20,68.0,63.0,64.0,66.0,11.0,14264.0,37286284.0
2021-08-23,64.4,63.02,64.0,64.0,4.0,13474.0,37286284.0
2021-08-24,64.4,63.0,64.0,64.0,4.0,13483.0,37286284.0
2021-08-25,65.7999,64.04,66.0,64.0,18.0,34722.0,37286284.0
2021-08-26,64.2,64.1,66.0,66.0,2.0,324.0,37286284.0
2021-08-27,64.6,64.2,66.0,66.0,3.0,3362.0,37286284.0
2021-08-30,66.0,66.0,66.0,66.0,0.0,0.0,37286284.0
2021-08-31,64.6,64.2,66.0,66.0,4.0,5008.0,37286284.0
2021-09-01,64.6,64.6,66.0,66.0,2.0,13211.0,37286284.0
2021-09-02,68.0,63.0,65.5,66.0,10.0,17611.0,37286284.0
2021-09-03,64.875,63.25,65.5,65.5,5.0,6634.0,37286284.0
2021-09-06,65.7999,63.325,65.5,65.5,2.0,31.0,37286284.0
2021-09-07,67.15,65.7999,65.5,65.5,3.0,1780.0,37286284.0
2021-09-08,68.35,64.0,67.0,65.5,13.0,41675.0,37286284.0
2021-09-09,65.325,65.0,67.0,67.0,4.0,18636.0,37286284.0
2021-09-10,68.0,65.0,65.0,67.0,4.0,11534.0,37286284.0
2021-09-13,67.0,64.032,66.0,65.0,5.0,14865.0,37286284.0
2021-09-14,66.556,64.16,65.5,66.0,2.0,8859.0,37286284.0
2021-09-15,64.15,64.15,65.0,65.5,2.0,3497.0,37286284.0
2021-09-16,63.0,63.0,65.0,65.0,1.0,7000.0,37286284.0
2021-09-17,66.44,66.44,65.0,65.0,1.0,15051.0,37286284.0
2021-09-20,66.0,62.25,64.5,65.0,4.0,11425.0,37286284.0
2021-09-21,64.85,62.0,63.5,64.5,4.0,3130.0,37286284.0
2021-09-22,64.75,62.24,63.5,63.5,3.0,1534.0,37286284.0
2021-09-23,64.75,62.0,63.0,63.5,4.0,2219.0,37286284.0
2021-09-24,65.0,62.0001,63.0,63.0,20.0,130304.0,37286284.0
2021-09-27,62.8999,59.2501,61.5,63.0,11.0,51266.0,37286284.0
2021-09-28,62.0,58.0,59.5,61.5,12.0,14441.0,37286284.0
2021-09-29,60.5,60.5,60.0,60.0,1.0,31.0,37286284.0
2021-09-30,57.2,56.5,59.0,60.0,2.0,3939.0,37286284.0
2021-10-01,61.0,55.0,58.0,59.0,6.0,11957.0,37286284.0
2021-10-04,58.72,58.0,58.0,58.0,2.0,2855.0,37286284.0
2021-10-05,55.25,54.0,55.0,58.0,5.0,12635.0,37286284.0
2021-10-06,54.0,48.2,48.5,55.0,13.0,60962.0,37286284.0
2021-10-07,52.9999,47.0,53.5,48.5,13.0,55513.0,37286284.0
2021-10-08,67.9,60.0,62.5,60.5,73.0,248945.0,37286284.0
2021-10-11,69.2298,63.0,66.0,62.5,22.0,117644.0,37286284.0
2021-10-12,74.75,66.3,72.5,66.0,33.0,69888.0,37286284.0
2021-10-13,74.24,70.1,72.5,72.5,14.0,47617.0,37286284.0
2021-10-14,74.0312,67.02,70.5,72.5,21.0,56633.0,37286284.0
2021-10-15,72.0,67.7736,70.0,70.5,21.0,27181.0,37286284.0
2021-10-18,72.0,67.0,68.5,70.0,11.0,13447.0,37286284.0
2021-10-19,69.0,67.363,68.5,68.5,4.0,7195.0,37286284.0
2021-10-20,68.0,67.0,68.5,68.5,4.0,50024.0,37286284.0
2021-10-21,69.0,69.0,68.5,68.5,2.0,2885.0,37286284.0
2021-10-22,69.0,67.525,68.5,68.5,4.0,3656.0,37286284.0
2021-10-25,70.0,65.0,67.5,68.5,15.0,47219.0,37286284.0
2021-10-26,70.0,65.5,67.5,67.5,9.0,14256.0,37286284.0
2021-10-27,70.3,66.01,67.5,67.5,7.0,31529.0,37286284.0
2021-10-28,70.0,66.35,67.5,67.5,8.0,6143.0,37286284.0
2021-10-29,79.0,66.0,66.0,67.5,34.0,31950.0,37286284.0
2021-11-01,83.0,72.0,72.0,77.5,45.0,291646.0,37286284.0
2021-11-02,72.9,70.0,71.0,72.0,18.0,40999.0,37286284.0
2021-11-03,77.8,70.55,75.0,71.0,28.0,122787.0,37286284.0
2021-11-04,76.5,73.0,75.5,75.0,12.0,47667.0,37286284.0
2021-11-05,78.125,73.9,76.5,75.5,13.0,23253.0,37286284.0
2021-11-08,78.0,69.0,71.0,76.5,17.0,50713.0,37286284.0
2021-11-09,78.0,72.0,76.5,71.0,22.0,102103.0,37286284.0
2021-11-10,77.7,73.0,74.5,76.5,9.0,30448.0,37286284.0
2021-11-11,76.25,72.26,74.5,74.5,3.0,3690.0,37286284.0
2021-11-12,76.0,72.26,74.5,74.5,4.0,9860.0,37286284.0
2021-11-15,72.26,72.26,74.5,74.5,1.0,323.0,37286284.0
2021-11-16,76.0,72.0,74.0,74.5,10.0,8992.0,37286284.0
2021-11-17,76.0,73.0,74.0,74.0,4.0,37683.0,37286284.0
2021-11-18,75.7,73.0,74.0,74.0,4.0,5003.0,37286284.0
2021-11-19,75.0,70.0,71.5,74.0,10.0,34707.0,37286284.0
2021-11-22,73.0,66.0,70.5,71.5,12.0,40918.0,37286284.0
2021-11-23,72.0,66.08,70.0,68.0,35.0,155783.0,37286284.0
2021-11-24,76.0,72.0,74.0,70.0,16.0,38168.0,37286284.0
2021-11-25,76.956,73.88,75.0,74.5,10.0,38905.0,37286284.0
2021-11-26,77.0,65.7,67.5,74.5,20.0,65521.0,37286284.0
2021-11-29,69.25,66.75,67.5,67.5,2.0,7592.0,37286284.0
2021-11-30,72.0,68.0,68.0,67.5,5.0,10664.0,37286284.0
2021-12-01,71.0,68.0,70.0,69.5,4.0,7010.0,37286284.0
2021-12-02,70.0,70.0,70.0,70.0,1.0,11000.0,37286284.0
2021-12-03,72.0,70.5,70.0,70.0,5.0,6634.0,37286284.0
2021-12-06,72.0,69.25,70.0,70.0,4.0,2708.0,37286284.0
2021-12-07,72.0,68.152,70.0,70.0,3.0,1623.0,37286284.0
2021-12-08,74.0,68.152,73.0,70.0,7.0,15610.0,37286284.0
2021-12-09,71.96,71.96,73.0,73.0,1.0,1000.0,37286284.0
2021-12-10,74.0,68.664,70.0,73.0,11.0,20604.0,37286284.0
2021-12-13,72.0,72.0,70.0,70.0,2.0,7067.0,37286284.0
2021-12-14,71.5,68.0,69.0,70.0,7.0,11598.0,37286284.0
2021-12-15,68.0,67.0,67.0,69.0,3.0,8353.0,37286284.0
2021-12-16,65.0,61.8222,65.0,67.0,3.0,16695.0,37286284.0
2021-12-17,63.484,63.484,65.0,65.0,1.0,320.0,37286284.0
2021-12-20,67.0,63.0484,64.5,65.0,5.0,11047.0,37286284.0
2021-12-21,64.5,64.5,64.5,64.5,0.0,0.0,37286284.0
2021-12-22,67.0,62.75,64.5,64.5,3.0,3838.0,37286284.0
2021-12-23,67.0,67.0,64.5,64.5,1.0,1477.0,37286284.0
2021-12-24,62.8,62.8,64.5,64.5,1.0,2627.0,37286284.0
2021-12-27,64.5,64.5,64.5,64.5,0.0,0.0,37286284.0
2021-12-28,64.5,64.5,64.5,64.5,0.0,0.0,37286284.0
2021-12-29,68.0,64.0,66.5,64.5,3.0,7393.0,37286284.0
2021-12-30,65.5,64.1,66.5,66.5,3.0,8226.0,37286284.0
2021-12-31,66.5,66.5,66.5,66.5,0.0,0.0,37286284.0
2022-01-03,66.5,66.5,66.5,66.5,0.0,0.0,37286284.0
2022-01-04,68.95,64.0,66.5,66.5,10.0,21249.0,37286284.0
2022-01-05,70.0,65.0,70.0,66.5,13.0,24475.0,37286284.0
2022-01-06,74.0,69.2,73.0,70.0,17.0,41242.0,37286284.0
2022-01-07,72.2,70.0,72.0,73.0,6.0,15019.0,37286284.0
2022-01-10,73.5508,72.75,72.0,72.0,2.0,5005.0,37286284.0
2022-01-11,72.75,71.0,72.5,72.0,2.0,8784.0,37286284.0
2022-01-12,74.0,71.078,72.5,72.5,4.0,32066.0,37286284.0
2022-01-13,74.75,71.0,73.5,72.5,7.0,7820.0,37286284.0
2022-01-14,76.0,72.3,73.5,73.5,3.0,7895.0,37286284.0
2022-01-17,88.0,75.0,86.0,74.5,48.0,185949.0,37286284.0
2022-01-18,89.0,82.06,83.5,86.5,34.0,78865.0,37286284.0
2022-01-19,85.2,82.0,83.5,83.5,12.0,40532.0,37286284.0
2022-01-20,87.3333,84.25,86.5,83.5,10.0,96954.0,37286284.0
2022-01-21,87.0,85.0,84.5,86.5,11.0,17849.0,37286284.0
2022-01-24,91.9,85.0,89.0,84.5,38.0,178488.0,37286284.0
2022-01-25,95.9,88.24,95.0,89.0,14.0,45735.0,37286284.0
2022-01-26,96.0,92.0,92.5,95.0,16.0,32601.0,37286284.0
2022-01-27,93.0,89.0,90.5,91.5,7.0,78537.0,37286284.0
2022-01-28,93.0,91.55,91.0,90.5,9.0,92218.0,37286284.0
2022-01-31,92.56,91.55,91.0,91.0,9.0,83816.0,37286284.0
2022-02-01,92.936,89.0,90.5,91.0,14.0,112574.0,37286284.0
2022-02-02,91.99,91.55,90.5,90.5,6.0,60004.0,37286284.0
2022-02-03,91.9,91.9,90.5,90.5,1.0,261.0,37286284.0
2022-02-04,91.88,91.5,90.5,90.5,7.0,43862.0,37286284.0
2022-02-07,91.5,89.6,90.5,90.5,7.0,34730.0,37286284.0
2022-02-08,91.0,86.1,88.5,90.5,20.0,13690.0,37286284.0
2022-02-09,86.08,86.0,88.0,88.5,4.0,5782.0,37286284.0
2022-02-10,86.08,81.5,84.5,88.0,9.0,28183.0,37286284.0
2022-02-11,84.92,83.0,84.0,84.5,4.0,6653.0,37286284.0
2022-02-14,86.0,78.0,80.5,84.0,8.0,25011.0,37286284.0
2022-02-15,85.0,81.0,84.0,80.5,13.0,52933.0,37286284.0
2022-02-16,90.0,87.0,89.0,84.5,7.0,10310.0,37286284.0
2022-02-17,92.0,87.1,87.0,89.0,9.0,30207.0,37286284.0
2022-02-18,87.4,85.55,87.0,87.0,3.0,13354.0,37286284.0
2022-02-21,89.0,83.08,84.0,87.0,15.0,53656.0,37286284.0
2022-02-22,81.0,80.02,81.5,83.5,3.0,39223.0,37286284.0
2022-02-23,86.0,80.0,84.0,81.5,8.0,30775.0,37286284.0
2022-02-24,83.9,82.1,84.0,84.0,5.0,14155.0,37286284.0
2022-02-25,86.0,77.875,79.0,84.0,17.0,87780.0,37286284.0
2022-02-28,82.12,77.1,79.0,79.0,7.0,76121.0,37286284.0
2022-03-01,79.0,77.32,80.0,79.0,13.0,46749.0,37286284.0
2022-03-02,79.99,78.64,80.0,80.0,2.0,3875.0,37286284.0
2022-03-03,79.99,78.2,80.0,80.0,6.0,20196.0,37286284.0
2022-03-04,78.7,72.15,74.0,80.0,13.0,62847.0,37286284.0
2022-03-07,76.0,71.0,73.0,74.0,10.0,20171.0,37286284.0
2022-03-08,75.0,72.0,73.5,73.0,4.0,6058.0,37286284.0
2022-03-09,77.9,73.0,73.0,73.5,13.0,36332.0,37286284.0
2022-03-10,78.0,74.0,76.0,76.5,8.0,12070.0,37286284.0
2022-03-11,77.7,74.55,76.0,76.0,5.0,3055.0,37286284.0
2022-03-14,77.7,74.08,76.0,76.0,4.0,14386.0,37286284.0
2022-03-15,78.0,73.0,75.5,76.0,6.0,9793.0,37286284.0
2022-03-16,75.5,72.0,77.0,75.5,8.0,39083.0,37286284.0
2022-03-17,77.0,77.0,77.0,77.0,0.0,0.0,37286284.0
2022-03-18,77.96,75.6,77.0,77.0,4.0,18705.0,37286284.0
2022-03-21,79.0,78.9,77.5,77.0,5.0,58014.0,37286284.0
2022-03-22,79.85,79.0,78.5,77.5,6.0,31280.0,37286284.0
2022-03-23,82.75,78.5,80.5,78.5,13.0,80618.0,37286284.0
2022-03-24,83.0,81.49,82.0,80.5,6.0,11743.0,37286284.0
2022-03-25,85.9,81.0,84.0,82.0,18.0,48509.0,37286284.0
2022-03-28,97.2,89.0,91.0,87.5,56.0,236380.0,37286284.0
2022-03-29,91.7,88.78,89.0,91.0,10.0,14730.0,37286284.0
2022-03-30,98.0,89.0,96.5,89.0,36.0,146205.0,37286284.0
2022-03-31,108.0,95.3,107.5,96.5,33.0,177427.0,37286284.0
2022-04-01,114.0,107.0,108.0,108.5,46.0,153020.0,37286284.0
2022-04-04,110.0,105.0,106.0,109.0,22.0,77502.0,37286284.0
2022-04-05,107.0,107.0,106.0,106.0,1.0,9.0,37286284.0
2022-04-06,114.5,107.0,112.0,106.0,28.0,103053.0,37286284.0
2022-04-07,113.0,111.0,111.0,112.0,10.0,22552.0,37286284.0
2022-04-08,113.7,110.0,111.5,112.0,11.0,21550.0,37286284.0
2022-04-11,116.7,111.65,114.5,111.5,25.0,43395.0,37286284.0
2022-04-12,116.65,110.0,114.0,114.5,23.0,123766.0,37286284.0
2022-04-13,114.5,111.44,113.0,114.0,4.0,9318.0,37286284.0
2022-04-14,113.9,111.0,113.0,113.0,7.0,11642.0,37286284.0
2022-04-19,113.7,111.0,112.0,113.0,13.0,12772.0,37286284.0
2022-04-20,113.4,111.0,113.0,112.0,14.0,39771.0,37286284.0
2022-04-21,114.0,111.0,112.5,113.0,6.0,24712.0,37286284.0
2022-04-22,112.8,110.25,112.5,112.5,6.0,17438.0,37286284.0
2022-04-25,113.0,111.03,112.5,112.5,5.0,2023.0,37286284.0
2022-04-26,112.5,107.0,108.5,112.5,14.0,33524.0,37286284.0
2022-04-27,110.0,100.5,102.5,108.5,7.0,19762.0,37286284.0
2022-04-28,103.0,99.0,101.5,102.5,8.0,18329.0,37286284.0
2022-04-29,102.9,100.0,101.5,101.5,3.0,4969.0,37286284.0
2022-05-02,101.5,101.5,101.5,101.5,0.0,0.0,37286284.0
2022-05-03,103.0,91.0,93.5,101.5,23.0,143372.0,37286284.0
2022-05-04,96.0,93.2,93.5,93.5,7.0,40314.0,37286284.0
2022-05-05,93.4,91.5,92.5,93.5,4.0,10311.0,37286284.0
2022-05-06,91.0,85.0,85.5,91.5,12.0,36666.0,37286284.0
2022-05-09,89.6736,85.0,88.0,85.5,6.0,17192.0,37286284.0
2022-05-10,91.5,85.8139,88.0,88.0,12.0,48851.0,37286284.0
2022-05-11,85.15,80.15,81.0,88.0,10.0,44959.0,37286284.0
2022-05-12,86.56,79.3,86.5,80.0,16.0,31379.0,37286284.0
2022-05-13,86.4,85.15,86.5,86.5,2.0,1034.0,37286284.0
2022-05-16,85.15,85.15,86.5,86.5,1.0,24.0,37286284.0
2022-05-17,87.0,80.15,83.0,86.5,9.0,20340.0,37286284.0
2022-05-18,83.7,81.0,82.5,83.0,4.0,4358.0,37286284.0
2022-05-19,85.0,80.5,80.5,82.5,10.0,95981.0,37286284.0
2022-05-20,81.0,77.7195,77.5,80.5,27.0,88004.0,37286284.0
2022-05-23,79.0,75.15,76.0,77.5,15.0,90227.0,37286284.0
2022-05-24,77.0,76.0,78.0,76.0,4.0,26669.0,37286284.0
2022-05-25,77.0,76.01,76.0,78.0,6.0,20458.0,37286284.0
2022-05-26,75.15,72.15,73.0,76.0,17.0,68644.0,37286284.0
2022-05-27,81.9,73.1,81.0,73.0,22.0,51723.0,37286284.0
2022-05-30,86.0,81.7,86.0,81.0,22.0,71515.0,37286284.0
2022-05-31,89.0,85.0792,87.5,86.5,12.0,24439.0,37286284.0
2022-06-01,94.0,89.0,91.5,88.0,23.0,130525.0,37286284.0
2022-06-02,91.5,91.5,91.5,91.5,0.0,0.0,37286284.0
2022-06-03,91.5,91.5,91.5,91.5,0.0,0.0,37286284.0
2022-06-06,91.4,90.06,91.5,91.5,3.0,1722.0,37286284.0
2022-06-07,90.06,90.0,91.5,91.5,2.0,300.0,37286284.0
2022-06-08,91.3,85.0,86.0,91.5,11.0,13915.0,37286284.0
2022-06-09,85.0,80.1,82.5,86.0,8.0,25736.0,37286284.0
2022-06-10,82.02,80.0,81.5,82.5,6.0,7647.0,37286284.0
2022-06-13,81.0,81.0,81.0,81.0,0.0,1.0,37286284.0
2022-06-14,78.6,76.25,77.5,81.0,8.0,34458.0,37286284.0
2022-06-15,85.52,77.75,84.5,77.5,14.0,39288.0,37286284.0
2022-06-16,85.45,77.0,80.5,84.5,10.0,15031.0,37286284.0
2022-06-17,81.45,81.45,80.5,80.5,3.0,707.0,37286284.0
2022-06-20,85.0,80.55,84.5,81.5,19.0,44382.0,37286284.0
2022-06-21,88.0,85.0825,86.5,85.5,15.0,14853.0,37286284.0
2022-06-22,90.0,83.0,84.0,87.0,16.0,41511.0,37286284.0
2022-06-23,84.89,83.0,84.0,84.0,4.0,10038.0,37286284.0
2022-06-24,84.89,84.89,84.0,84.0,2.0,90.0,37286284.0
2022-06-27,87.0,83.0,86.5,84.0,9.0,10427.0,37286284.0
2022-06-28,86.25,84.0,84.5,86.5,7.0,8829.0,37286284.0
2022-06-29,84.5,83.0,84.0,84.5,6.0,12586.0,37286284.0
2022-06-30,83.0,81.0,84.0,84.0,3.0,7106.0,37286284.0
2022-07-01,83.0,80.0,81.5,84.0,3.0,4368.0,37286284.0
2022-07-04,83.0,83.0,81.5,81.5,1.0,8.0,37286284.0
2022-07-05,83.0,80.9,81.5,81.5,2.0,1338.0,37286284.0
2022-07-06,80.0,80.0,81.5,81.5,1.0,1000.0,37286284.0
2022-07-07,83.0,80.9,82.0,81.5,8.0,25231.0,37286284.0
2022-07-08,82.1,82.1,82.0,82.0,3.0,259.0,37286284.0
2022-07-11,83.0,81.0,83.0,82.0,8.0,26034.0,37286284.0
2022-07-12,84.905,82.6,83.0,83.0,3.0,22847.0,37286284.0
2022-07-13,85.0,84.6,83.0,83.0,3.0,2879.0,37286284.0
2022-07-14,81.7,81.0,81.0,83.0,5.0,18081.0,37286284.0
2022-07-15,81.7,78.0,80.5,81.0,5.0,4990.0,37286284.0
2022-07-18,81.0,80.0,80.5,80.5,9.0,46586.0,37286284.0
2022-07-19,82.0,80.2,81.0,80.5,10.0,43208.0,37286284.0
2022-07-20,81.4,80.04,81.0,81.0,2.0,43624.0,37286284.0
2022-07-21,83.2,77.3,78.5,81.0,13.0,38647.0,37286284.0
2022-07-22,81.0,79.64,81.0,78.5,13.0,72898.0,37286284.0
2022-07-25,82.6,79.55,81.5,81.0,5.0,17739.0,37286284.0
2022-07-26,89.9,84.1,86.5,86.0,62.0,306137.0,37286284.0
2022-07-27,85.0,82.608,83.5,86.0,3.0,21000.0,37286284.0
2022-07-28,85.4,82.65,83.5,83.5,14.0,53741.0,37286284.0
2022-07-29,86.0,83.0,84.0,83.5,18.0,43011.0,37286284.0
2022-08-01,84.0,81.15,82.5,83.5,6.0,23701.0,37286284.0
2022-08-02,82.7,81.3825,82.5,82.5,2.0,48.0,37286284.0
2022-08-03,82.68,82.63,82.5,82.5,4.0,5663.0,37286284.0
2022-08-04,88.9,82.58,86.0,82.5,22.0,77800.0,37286284.0
2022-08-05,88.0,84.3,86.0,86.0,7.0,10941.0,37286284.0
2022-08-08,88.5,84.08,87.5,86.0,15.0,33762.0,37286284.0
2022-08-09,88.2,86.032,86.8,87.5,8.0,24354.0,37286284.0
2022-08-10,87.6,84.072,85.6,86.8,6.0,11873.0,37286284.0
2022-08-11,83.0,82.0,83.5,85.3,3.0,9000.0,37286284.0
2022-08-12,88.4,82.0,87.0,83.5,23.0,30444.0,37286284.0
2022-08-15,89.0,83.15,84.0,87.0,13.0,20737.0,37286284.0
2022-08-16,84.0,81.35,82.5,84.0,7.0,10980.0,37286284.0
2022-08-17,83.0,81.0,82.5,82.5,6.0,16277.0,37286284.0
2022-08-18,81.9,80.0,81.0,82.5,6.0,23286.0,37286284.0
2022-08-19,83.0,80.0,81.5,81.0,9.0,13386.0,37286284.0
2022-08-22,83.0,80.65,81.5,81.5,5.0,4369.0,37286284.0
2022-08-23,82.7,75.0488,74.5,81.5,13.0,135294.0,37286284.0
2022-08-24,76.0,74.04,75.0,74.5,4.0,6824.0,37286284.0
2022-08-25,75.0,74.04,74.5,75.0,5.0,6789.0,37286284.0
2022-08-26,75.0,74.1,74.5,74.5,6.0,33823.0,37286284.0
2022-08-29,74.5,74.5,74.5,74.5,0.0,0.0,37286284.0
2022-08-30,75.0,75.0,74.0,74.5,2.0,124004.0,37286284.0
2022-08-31,74.0,74.0,74.0,74.0,0.0,0.0,37286284.0
2022-09-01,74.8,74.15,74.5,74.0,2.0,8365.0,37286284.0
2022-09-02,79.9,74.55,78.5,74.5,14.0,15241.0,37286284.0
2022-09-05,80.0,80.0,78.5,78.5,1.0,3.0,37286284.0
2022-09-06,79.32,78.0,79.0,78.5,4.0,6291.0,37286284.0
2022-09-07,79.0,74.0,74.0,79.0,6.0,13918.0,37286284.0
2022-09-08,78.0,75.4,78.0,75.0,9.0,22245.0,37286284.0
2022-09-09,76.08,76.0,76.5,78.0,3.0,4657.0,37286284.0
2022-09-12,77.18,77.0,76.5,76.5,3.0,12510.0,37286284.0
2022-09-13,77.0,73.0,73.5,76.5,8.0,35764.0,37286284.0
2022-09-14,75.0,72.02,76.0,73.0,10.0,36282.0,37286284.0
2022-09-15,78.0,74.08,76.0,76.0,2.0,4306.0,37286284.0
2022-09-16,74.1,74.1,76.0,76.0,1.0,11.0,37286284.0
2022-09-19,76.0,76.0,76.0,76.0,0.0,0.0,37286284.0
2022-09-20,76.0,73.0,74.5,76.0,4.0,6010.0,37286284.0
2022-09-21,74.4,74.0,74.5,74.5,5.0,25735.0,37286284.0
2022-09-22,75.0,73.1,74.0,74.5,4.0,12014.0,37286284.0
2022-09-23,75.0,70.1,70.5,74.5,6.0,13706.0,37286284.0
2022-09-26,69.31,55.6,58.5,68.5,38.0,217400.0,37286284.0
2022-09-27,60.55,58.0,60.0,58.5,7.0,13059.0,37286284.0
2022-09-28,58.0,54.5,56.0,60.0,4.0,28872.0,37286284.0
2022-09-29,54.6,54.6,55.5,56.0,1.0,1500.0,37286284.0
2022-09-30,57.0,54.0,55.5,55.5,6.0,111797.0,37286284.0
2022-10-03,57.0,54.25,55.5,55.5,4.0,28001.0,37286284.0
2022-10-04,56.0,54.0,55.0,55.5,6.0,7651.0,37286284.0
2022-10-05,59.89,54.4,59.5,55.0,22.0,41279.0,37286284.0
2022-10-06,60.0,57.1,58.5,59.5,6.0,6066.0,37286284.0
2022-10-07,60.0,56.0,58.0,58.5,3.0,4017.0,37286284.0
2022-10-10,61.45,58.9,60.5,58.0,15.0,16767.0,37286284.0
2022-10-11,63.0,60.0,61.5,60.5,9.0,6133.0,37286284.0
2022-10-12,61.7,60.0,61.5,61.5,3.0,581.0,37286284.0
2022-10-13,60.06,60.06,61.5,61.5,1.0,20.0,37286284.0
2022-10-14,63.0,60.06,61.0,61.5,6.0,12562.0,37286284.0
2022-10-17,63.0,59.8,61.0,61.0,6.0,2150.0,37286284.0
2022-10-18,60.0,59.0,59.5,61.0,3.0,5754.0,37286284.0
2022-10-19,60.0,60.0,59.5,59.5,1.0,1.0,37286284.0
2022-10-20,60.7,58.0,59.0,59.5,7.0,21332.0,37286284.0
2022-10-21,59.0,55.5,56.5,59.0,5.0,12053.0,37286284.0
2022-10-24,58.0,58.0,56.5,56.5,2.0,2.0,37286284.0
2022-10-25,57.7,55.18,56.5,56.5,4.0,7835.0,37286284.0
2022-10-26,58.0,58.0,56.5,56.5,1.0,5.0,37286284.0
2022-10-27,58.85,55.06,57.5,56.5,5.0,12719.0,37286284.0
2022-10-28,57.5,57.5,57.5,57.5,0.0,0.0,37286284.0
2022-10-31,59.0,56.0,57.5,57.5,3.0,1546.0,37286284.0
2022-11-01,59.0,56.06,57.5,57.5,4.0,1014.0,37286284.0
2022-11-02,56.06,55.0,56.5,57.5,2.0,2600.0,37286284.0
2022-11-03,60.0,56.5,58.0,56.5,4.0,17129.0,37286284.0
2022-11-04,60.0,56.0,58.0,58.0,5.0,194.0,37286284.0
2022-11-07,60.0,56.0,58.0,58.0,5.0,242.0,37286284.0
2022-11-08,59.85,58.1,58.5,58.0,7.0,47460.0,37286284.0
2022-11-09,60.0,57.0,58.5,58.5,4.0,517.0,37286284.0
2022-11-10,60.0,59.1,59.0,58.5,5.0,12500.0,37286284.0
2022-11-11,61.992,59.9,60.0,59.0,7.0,5081.0,37286284.0
2022-11-14,64.4,59.55,61.5,60.0,14.0,43793.0,37286284.0
2022-11-15,64.9,62.0,63.5,61.5,13.0,31308.0,37286284.0
2022-11-16,65.0,61.0,63.0,63.5,4.0,6006.0,37286284.0
2022-11-17,64.7,61.08,63.0,63.0,4.0,5281.0,37286284.0
2022-11-18,64.7,61.0,63.0,63.0,4.0,11539.0,37286284.0
2022-11-21,65.0,64.2,63.0,63.0,2.0,61.0,37286284.0
2022-11-22,64.1,63.0,63.0,63.0,2.0,6560.0,37286284.0
2022-11-23,65.0,62.05,63.0,63.0,3.0,1412.0,37286284.0
2022-11-24,62.05,61.0,63.0,63.0,3.0,17060.0,37286284.0
2022-11-25,65.0,63.45,63.0,63.0,2.0,542.0,37286284.0
2022-11-28,65.0,65.0,63.0,63.0,1.0,1.0,37286284.0
2022-11-29,61.24,58.06,59.5,63.0,6.0,8191.0,37286284.0
2022-11-30,58.36,58.06,59.0,59.5,3.0,5045.0,37286284.0
2022-12-01,59.9476,59.9476,59.0,59.0,1.0,567.0,37286284.0
2022-12-02,59.4756,57.0,57.5,59.0,5.0,11815.0,37286284.0
2022-12-05,58.0,57.02,57.5,57.5,3.0,1188.0,37286284.0
2022-12-06,57.0,57.0,56.5,57.0,2.0,13.0,37286284.0
2022-12-07,57.0,56.0,56.5,56.5,4.0,60.0,37286284.0
2022-12-08,56.5,56.5,56.5,56.5,0.0,0.0,37286284.0
2022-12-09,56.2,56.02,56.0,56.5,2.0,7500.0,37286284.0
2022-12-12,57.0,56.948,56.0,56.0,3.0,6.0,37286284.0
2022-12-13,57.9,56.48,56.8,56.0,9.0,22745.0,37286284.0
2022-12-14,57.0,56.608,56.8,56.8,3.0,1852.0,37286284.0
2022-12-15,60.87,57.0,58.5,56.8,10.0,28109.0,37286284.0
2022-12-16,58.5,58.5,58.5,58.5,0.0,0.0,37286284.0
2022-12-19,60.0,57.0,58.5,58.5,4.0,8764.0,37286284.0
2022-12-20,59.0,57.006,58.0,58.5,4.0,573.0,37286284.0
2022-12-21,58.0,55.5,57.0,58.0,4.0,13044.0,37286284.0
2022-12-22,57.0,56.0,56.5,57.0,2.0,19.0,37286284.0
2022-12-23,57.0,57.0,56.5,56.5,3.0,60000.0,37286284.0
2022-12-27,56.5,56.5,56.5,56.5,0.0,0.0,37286284.0
2022-12-28,64.0,56.0,62.0,56.5,19.0,64377.0,37286284.0
2022-12-29,65.0,62.2,63.0,62.0,9.0,41966.0,37286284.0
2022-12-30,67.2779,62.06,65.5,63.5,14.0,50537.0,37286284.0
2023-01-02,65.5,65.5,65.5,65.5,0.0,0.0,37286284.0
2023-01-03,70.0,64.5,68.0,65.5,18.0,56550.0,37286284.0
2023-01-04,70.0,66.0,68.0,68.0,7.0,6277.0,37286284.0
2023-01-05,72.7,69.5,71.5,68.0,8.0,10978.0,37286284.0
2023-01-06,75.0,72.65,74.0,71.5,7.0,13376.0,37286284.0
2023-01-09,78.0,73.0,77.0,74.5,17.0,32114.0,37286284.0
2023-01-10,74.0,72.1,73.0,76.0,11.0,11900.0,37286284.0
2023-01-11,76.55,73.5,76.0,73.0,7.0,10596.0,37286284.0
2023-01-12,78.9,76.3,77.5,75.5,13.0,25554.0,37286284.0
2023-01-13,77.0,76.0,77.0,77.5,4.0,10564.0,37286284.0
2023-01-16,78.0,73.0,74.0,77.0,8.0,6056.0,37286284.0
2023-01-17,77.0,73.08,75.0,74.0,8.0,13476.0,37286284.0
2023-01-18,77.0,77.0,75.0,75.0,1.0,7.0,37286284.0
2023-01-19,74.9,69.5,71.0,75.0,10.0,46469.0,37286284.0
2023-01-20,70.0,69.0,68.5,71.0,3.0,21436.0,37286284.0
2023-01-23,69.0,69.0,68.5,68.5,1.0,35.0,37286284.0
2023-01-24,69.0,68.02,68.5,68.5,4.0,3150.0,37286284.0
2023-01-25,68.5,66.0,66.5,68.5,10.0,19933.0,37286284.0
2023-01-26,66.1,66.1,66.5,66.5,1.0,2000.0,37286284.0
2023-01-27,70.0,66.0,70.0,66.5,6.0,33619.0,37286284.0
2023-01-30,72.0,70.0,71.0,70.0,4.0,3350.0,37286284.0
2023-01-31,73.0118,71.6,72.5,71.0,5.0,8746.0,37286284.0
2023-02-01,74.0,68.1,68.0,72.5,8.0,17208.0,37286284.0
2023-02-02,68.962,64.05,65.5,68.0,7.0,42859.0,37286284.0
2023-02-03,68.0,65.556,65.7,65.5,5.0,14141.0,37286284.0
2023-02-06,65.556,65.556,65.7,65.7,1.0,350.0,37286284.0
2023-02-07,66.0,65.5,65.7,65.7,2.0,2531.0,37286284.0
2023-02-08,70.0,64.0,68.5,65.7,9.0,37549.0,37286284.0
2023-02-09,70.0,67.06,68.5,68.5,6.0,4791.0,37286284.0
2023-02-10,69.0,67.04,68.5,68.5,3.0,7164.0,37286284.0
2023-02-13,69.0,68.02,68.5,68.5,4.0,1689.0,37286284.0
2023-02-14,69.0,69.0,68.5,68.5,1.0,12.0,37286284.0
2023-02-15,69.0,58.3296,61.0,68.0,32.0,119095.0,37286284.0
2023-02-16,62.0,60.0,61.0,61.0,6.0,5592.0,37286284.0
2023-02-17,63.0,60.44,61.5,61.0,5.0,22020.0,37286284.0
2023-02-20,63.0,62.25,62.5,61.5,11.0,31623.0,37286284.0
2023-02-21,62.25,60.0,60.5,62.5,6.0,12107.0,37286284.0
2023-02-22,61.0,58.0,58.5,60.5,11.0,45286.0,37286284.0
2023-02-23,60.0,57.1,59.0,58.5,5.0,20220.0,37286284.0
2023-02-24,58.49,58.0,59.0,59.0,3.0,2101.0,37286284.0
2023-02-27,60.0,58.04,59.0,59.0,3.0,1007.0,37286284.0
2023-02-28,59.0,59.0,59.0,59.0,0.0,0.0,37286284.0
2023-03-01,60.0,60.0,59.0,59.0,2.0,10.0,37286284.0
2023-03-02,60.0,57.9806,59.0,59.0,5.0,14257.0,37286284.0
2023-03-03,58.0,57.0,57.5,59.0,10.0,26530.0,37286284.0
2023-03-06,58.9405,57.3,58.5,57.5,5.0,13544.0,37286284.0
2023-03-07,60.4,58.06,60.0,58.5,11.0,17970.0,37286284.0
2023-03-08,61.0,59.9,60.3,60.0,7.0,8252.0,37286284.0
2023-03-09,63.0,60.072,61.5,60.3,4.0,4064.0,37286284.0
2023-03-10,61.45,60.3,60.5,61.5,4.0,983.0,37286284.0
2023-03-13,61.0,60.0,59.5,60.5,2.0,5253.0,37286284.0
2023-03-14,59.02,57.0,58.5,59.5,4.0,1134.0,37286284.0
2023-03-15,60.0,57.0,58.5,58.5,4.0,5270.0,37286284.0
2023-03-16,57.06,57.0,58.5,58.5,3.0,70.0,37286284.0
2023-03-17,60.0,57.5,58.5,58.5,3.0,155.0,37286284.0
2023-03-20,60.0,60.0,58.5,58.5,2.0,8001.0,37286284.0
2023-03-21,57.5,57.0,58.0,58.0,2.0,3487.0,37286284.0
2023-03-22,58.45,57.0,58.0,58.0,3.0,315.0,37286284.0
2023-03-23,57.04,55.5,55.5,58.0,6.0,12413.0,37286284.0
2023-03-24,55.9,55.5,55.5,55.5,3.0,5687.0,37286284.0
2023-03-27,56.0,54.3,55.0,55.5,2.0,3623.0,37286284.0
2023-03-28,55.5,54.5,55.0,55.0,2.0,21216.0,37286284.0
2023-03-29,56.0,53.5,54.5,55.0,9.0,17062.0,37286284.0
2023-03-30,58.4,54.4,57.2,54.5,11.0,46091.0,37286284.0
2023-03-31,62.0,58.4842,60.5,57.2,12.0,33362.0,37286284.0
2023-04-03,62.0,57.0,58.0,60.5,7.0,13506.0,37286284.0
2023-04-04,57.1,55.0,55.75,58.0,2.0,12000.0,37286284.0
2023-04-05,56.1392,55.0,55.5,55.75,5.0,17827.0,37286284.0
2023-04-06,56.0,55.0,55.5,55.5,3.0,137.0,37286284.0
2023-04-11,57.0,55.0,56.0,55.5,8.0,64747.0,37286284.0
2023-04-12,58.0,55.9,56.5,56.0,5.0,6587.0,37286284.0
2023-04-13,60.0,57.88,59.5,56.5,10.0,40424.0,37286284.0
2023-04-14,61.0671,59.5,59.5,59.5,5.0,10964.0,37286284.0
2023-04-17,62.2097,59.6,61.5,59.5,5.0,16409.0,37286284.0
2023-04-18,62.8,61.0,62.25,61.5,7.0,16391.0,37286284.0
2023-04-19,66.0,63.0325,64.0,62.25,12.0,31251.0,37286284.0
2023-04-20,65.0,60.15,63.0,63.5,5.0,12446.0,37286284.0
2023-04-21,65.0,61.0,63.0,63.0,5.0,7625.0,37286284.0
2023-04-24,66.0961,62.0,64.0,63.5,19.0,71541.0,37286284.0
2023-04-25,66.0,62.0,63.5,64.0,7.0,16519.0,37286284.0
2023-04-26,65.0,62.0,63.5,63.5,5.0,1318.0,37286284.0
2023-04-27,63.9,62.15,63.0,63.5,2.0,8503.0,37286284.0
2023-04-28,64.0,64.0,63.0,63.0,2.0,159.0,37286284.0
2023-05-02,63.0,60.7,61.5,63.0,6.0,16207.0,37286284.0
2023-05-03,61.4,57.0,58.5,61.5,14.0,68028.0,37286284.0
2023-05-04,57.75,57.15,58.5,58.5,3.0,22000.0,37286284.0
2023-05-05,58.6,57.25,58.5,58.5,4.0,12039.0,37286284.0
2023-05-08,58.5,58.5,58.5,58.5,0.0,0.0,37286284.0
2023-05-09,58.3,57.0,58.5,58.5,7.0,13745.0,37286284.0
2023-05-10,60.0,58.0,59.0,58.5,5.0,17828.0,37286284.0
2023-05-11,61.2,58.35,59.0,59.0,4.0,4747.0,37286284.0
2023-05-12,58.35,58.35,59.0,59.0,1.0,6716.0,37286284.0
2023-05-15,60.0,57.0,58.5,59.0,3.0,2513.0,37286284.0
2023-05-16,59.4,59.4,58.5,58.5,1.0,16.0,37286284.0
2023-05-17,59.3,59.2,58.5,58.5,2.0,5999.0,37286284.0
2023-05-18,60.0,57.0,58.5,58.5,13.0,15787.0,37286284.0
2023-05-19,59.0,57.0,57.5,58.5,4.0,54033.0,37286284.0
2023-05-22,58.0,58.0,57.5,57.5,1.0,1.0,37286284.0
2023-05-23,57.5,57.5,57.5,57.5,0.0,0.0,37286284.0
2023-05-24,58.0,56.0,57.5,57.5,4.0,20450.0,37286284.0
2023-05-25,56.0,55.02,55.5,57.5,2.0,16783.0,37286284.0
2023-05-26,58.1721,56.04,57.5,55.5,8.0,93966.0,37286284.0
2023-05-29,57.5,57.5,57.5,57.5,0.0,0.0,37286284.0
2023-05-30,60.0,57.0,59.5,57.5,7.0,12680.0,37286284.0
2023-05-31,60.8,58.0,59.5,59.5,7.0,7059.0,37286284.0
2023-06-01,58.06,58.0,59.5,59.5,2.0,251.0,37286284.0
2023-06-02,61.0,61.0,59.5,59.5,1.0,32.0,37286284.0
2023-06-05,60.8,58.0,59.5,59.5,3.0,3303.0,37286284.0
2023-06-06,60.8,58.3,59.5,59.5,5.0,15301.0,37286284.0
2023-06-07,61.0,60.0,59.0,59.5,9.0,60078.0,37286284.0
2023-06-08,60.0,60.0,59.0,59.0,2.0,24.0,37286284.0
2023-06-09,59.0,59.0,59.0,59.0,0.0,0.0,37286284.0
2023-06-12,59.0,59.0,59.0,59.0,0.0,0.0,37286284.0
2023-06-13,59.9,57.5,59.0,59.0,2.0,12567.0,37286284.0
2023-06-14,61.0,57.1,59.0,59.0,3.0,14970.0,37286284.0
2023-06-15,57.08,57.08,59.0,59.0,1.0,54.0,37286284.0
2023-06-16,61.0,57.0,61.0,59.0,9.0,29028.0,37286284.0
2023-06-19,61.0,61.0,59.0,59.0,2.0,2.0,37286284.0
2023-06-20,57.5,57.5,59.0,59.0,1.0,2900.0,37286284.0
2023-06-21,61.0,57.04,59.0,59.0,4.0,50.0,37286284.0
2023-06-22,59.77,59.77,59.0,59.0,1.0,3326.0,37286284.0
2023-06-23,59.0,59.0,59.0,59.0,0.0,0.0,37286284.0
2023-06-26,57.08,57.08,59.0,59.0,1.0,1100.0,37286284.0
2023-06-27,57.08,57.0,59.0,59.0,2.0,1744.0,37286284.0
2023-06-28,61.0,57.08,59.0,59.0,2.0,272.0,37286284.0
2023-06-29,59.6648,59.48,59.0,59.0,3.0,5808.0,37286284.0
2023-06-30,61.0,57.004,59.0,59.0,5.0,5969.0,37286284.0
2023-07-03,60.0,57.0,58.5,59.0,3.0,5142.0,37286284.0
2023-07-04,59.55,56.125,56.5,58.5,5.0,13013.0,37286284.0
2023-07-05,58.0,56.1,56.5,56.5,3.0,1101.0,37286284.0
2023-07-06,56.5,56.5,56.5,56.5,0.0,0.0,37286284.0
2023-07-07,56.5,56.5,56.5,56.5,0.0,0.0,37286284.0
2023-07-10,56.5,56.5,56.5,56.5,0.0,0.0,37286284.0
2023-07-11,56.5,56.5,56.5,56.5,0.0,0.0,37286284.0
2023-07-12,56.5,56.5,56.5,56.5,0.0,0.0,37286284.0
2023-07-13,56.5,56.5,56.5,56.5,0.0,0.0,37286284.0
2023-07-14,56.5,56.5,56.5,56.5,0.0,0.0,37286284.0
2023-07-17,56.5,56.5,56.5,56.5,0.0,0.0,37286284.0
2023-07-18,56.5,56.5,56.5,56.5,0.0,0.0,37286284.0
2023-07-19,56.5,56.5,56.5,56.5,0.0,0.0,37286284.0
2023-07-20,56.5,56.5,56.5,56.5,0.0,0.0,37286284.0
2023-07-21,56.5,56.5,56.5,56.5,0.0,0.0,37286284.0
