Date,HIGH,LOW,CLOSE,OPEN,COUNT,VOLUME
2000-03-16,255.0,225.0,251.5,230.0,,70000.0
2000-03-17,257.0,250.0,257.0,250.0,,20000.0
2000-03-20,257.0,257.0,257.0,257.0,,7090.0
2000-03-21,257.0,248.0,251.5,257.0,,25000.0
2000-03-22,253.0,246.0,246.0,253.0,,25000.0
2000-03-23,,,230.0,,,
2000-03-24,230.0,222.5,222.5,230.0,,1070.0
2000-03-27,225.0,220.0,222.5,225.0,,30000.0
2000-03-28,,,221.0,,,
2000-03-29,,,221.0,,,
2000-03-30,,,212.0,,,
2000-03-31,,,211.0,,,
2000-04-03,,,210.0,,,
2000-04-04,,,211.0,,,
2000-04-05,,,211.0,,,
2000-04-06,,,211.0,,,
2000-04-07,,,218.5,,,
2000-04-10,,,225.0,,,
2000-04-11,,,222.5,,,
2000-04-12,,,220.0,,,
2000-04-13,,,215.0,,,
2000-04-14,,,212.5,,,
2000-04-17,,,190.0,,,
2000-04-18,,,190.0,,,
2000-04-19,,,190.0,,,
2000-04-20,,,190.0,,,
2000-04-25,,,190.0,,,
2000-04-26,,,190.0,,,
2000-04-27,,,190.0,,,
2000-04-28,,,185.0,,,
2000-05-02,,,185.0,,,
2000-05-03,,,185.0,,,
2000-05-04,,,185.0,,,
2000-05-05,,,184.0,,,
2000-05-08,,,184.0,,,
2000-05-09,,,184.0,,,
2000-05-10,,,184.0,,,
2000-05-11,,,180.0,,,
2000-05-12,,,175.0,,,
2000-05-15,,,175.0,,,
2000-05-16,,,175.0,,,
2000-05-17,,,175.0,,,
2000-05-18,,,175.0,,,
2000-05-19,,,175.0,,,
2000-05-22,,,175.0,,,
2000-05-23,,,175.0,,,
2000-05-24,,,170.0,,,
2000-05-25,,,170.0,,,
2000-05-26,,,170.0,,,
2000-05-30,,,170.0,,,
2000-05-31,,,170.0,,,
2000-06-01,,,170.0,,,
2000-06-02,,,172.5,,,
2000-06-05,178.5,170.0,178.5,170.0,,8237.0
2000-06-06,175.0,175.0,181.5,175.0,,1610.0
2000-06-07,,,181.5,,,
2000-06-08,184.0,184.0,181.5,184.0,,280.0
2000-06-09,179.0,178.75,181.5,178.75,,884.0
2000-06-12,178.0,178.0,181.5,178.0,,101.0
2000-06-13,179.0,179.0,181.5,179.0,,540.0
2000-06-14,178.0,178.0,181.5,178.0,,6030.0
2000-06-15,,,181.5,,,
2000-06-16,,,181.5,,,
2000-06-19,179.0,178.0,181.5,179.0,,1140.0
2000-06-20,179.0,178.0,181.5,178.0,,1081.0
2000-06-21,178.75,178.75,181.5,178.75,,192.0
2000-06-22,178.75,178.75,181.5,178.75,,540.0
2000-06-23,178.0,178.0,181.5,178.0,,1900.0
2000-06-26,,,181.5,,,
2000-06-27,185.0,178.0,183.0,178.0,,11075.0
2000-06-28,,,186.0,,,
2000-06-29,,,186.0,,,
2000-06-30,190.0,190.0,190.0,190.0,,7000.0
2000-07-03,198.75,188.0,195.0,188.0,,7000.0
2000-07-04,200.0,200.0,196.0,200.0,,1000.0
2000-07-05,199.0,193.0,196.0,193.0,,4020.0
2000-07-06,210.0,203.0,207.5,203.0,,9848.0
2000-07-07,210.0,205.0,207.5,209.5,,4742.0
2000-07-10,210.0,209.5,207.5,210.0,,2184.0
2000-07-11,210.0,205.0,207.5,210.0,,3100.0
2000-07-12,210.0,210.0,207.5,210.0,,2000.0
2000-07-13,215.0,210.0,210.0,210.0,,5590.0
2000-07-14,215.0,213.75,210.0,213.75,,6731.0
2000-07-17,220.0,210.0,217.0,215.0,,29469.0
2000-07-18,240.0,225.0,232.5,225.0,,7617.0
2000-07-19,235.0,230.5,232.5,235.0,,1083.0
2000-07-20,235.0,230.0,232.5,235.0,,23000.0
2000-07-21,238.0,230.0,234.0,232.0,,17361.0
2000-07-24,237.0,230.0,234.0,231.0,,7320.0
2000-07-25,237.0,228.0,234.0,228.0,,1424.0
2000-07-26,234.0,230.0,234.0,231.0,,27450.0
2000-07-27,234.0,228.0,235.0,231.0,,309520.0
2000-07-28,240.75,240.75,237.0,240.75,,406.0
2000-07-31,242.0,232.0,237.0,240.75,,3660.0
2000-08-01,240.75,240.75,237.0,240.75,,900.0
2000-08-02,242.0,232.0,237.0,233.25,,1550.0
2000-08-03,240.75,233.25,237.0,233.25,,2034.0
2000-08-04,233.25,233.25,237.0,233.25,,2150.0
2000-08-07,240.75,233.25,237.0,240.75,,840.0
2000-08-08,233.0,232.0,236.0,232.0,,5390.0
2000-08-09,233.0,232.0,236.0,232.0,,5563.0
2000-08-10,233.0,233.0,236.0,233.0,,210.0
2000-08-11,229.25,229.25,233.0,229.25,,1150.0
2000-08-14,229.25,225.0,230.0,229.25,,590.0
2000-08-15,223.0,210.0,225.0,223.0,,12503.0
2000-08-16,220.0,215.0,221.0,220.0,,5650.0
2000-08-17,224.0,218.0,221.0,224.0,,1632.0
2000-08-18,225.0,223.75,221.5,223.75,,1543.0
2000-08-21,,,220.0,,,
2000-08-22,223.75,215.0,220.0,223.75,,235.0
2000-08-23,223.75,223.75,220.0,223.75,,436.0
2000-08-24,225.0,215.0,220.0,216.25,,2730.0
2000-08-25,223.0,215.0,218.5,215.0,,10150.0
2000-08-29,221.25,216.25,220.0,221.25,,1325.0
2000-08-30,223.75,218.0,221.5,223.75,,9015.0
2000-08-31,,,221.5,,,
2000-09-01,242.0,227.0,238.5,227.0,,10036.0
2000-09-04,245.0,243.75,240.0,243.75,,1050.0
2000-09-05,,,240.0,,,
2000-09-06,243.0,235.0,240.0,243.0,,771.0
2000-09-07,236.25,236.25,240.0,236.25,,517.0
2000-09-08,235.75,235.0,238.5,235.0,,2640.0
2000-09-11,,,238.5,,,
2000-09-12,235.75,235.75,238.5,235.75,,1400.0
2000-09-13,235.0,235.0,238.5,235.0,,1308.0
2000-09-14,,,238.5,,,
2000-09-15,242.0,242.0,238.5,242.0,,609.0
2000-09-18,236.0,235.0,238.5,235.75,,4200.0
2000-09-19,235.0,233.75,236.5,235.0,,3000.0
2000-09-20,239.25,233.0,236.5,238.0,,3021.0
2000-09-21,233.75,233.0,235.0,233.75,,2288.0
2000-09-22,235.0,230.0,235.0,230.0,,9500.0
2000-09-25,239.0,233.0,236.0,233.0,,385.0
2000-09-26,239.0,232.0,236.0,239.0,,3330.0
2000-09-27,233.0,233.0,237.0,233.0,,4684.0
2000-09-28,235.75,235.75,238.5,235.75,,450.0
2000-09-29,235.75,235.0,238.5,235.0,,2488.0
2000-10-02,235.75,235.75,238.5,235.75,,684.0
2000-10-03,235.75,235.75,238.5,235.75,,50.0
2000-10-04,235.0,235.0,238.5,235.0,,3220.0
2000-10-05,235.75,235.75,238.5,235.75,,540.0
2000-10-06,235.75,235.75,238.5,235.75,,1236.0
2000-10-09,235.0,235.0,238.5,235.0,,2150.0
2000-10-10,231.25,231.25,235.0,231.25,,1500.0
2000-10-11,230.5,210.0,217.5,230.5,,14058.0
2000-10-12,210.0,208.0,211.5,210.0,,5371.0
2000-10-13,212.0,205.5,209.0,205.5,,18565.0
2000-10-16,206.0,206.0,209.0,206.0,,1058.0
2000-10-17,206.0,206.0,209.0,206.0,,360.0
2000-10-18,212.0,206.0,209.0,206.0,,626.0
2000-10-19,,,209.0,,,
2000-10-20,220.0,212.0,216.0,212.0,,6000.0
2000-10-23,212.0,212.0,214.0,212.0,,4300.0
2000-10-24,,,214.0,,,
2000-10-25,,,214.0,,,
2000-10-26,,,214.0,,,
2000-10-27,210.0,210.0,215.0,210.0,,2150.0
2000-10-30,220.0,218.75,215.0,220.0,,945.0
2000-10-31,,,215.0,,,
2000-11-01,222.0,215.0,219.0,215.0,,1340.0
2000-11-02,,,218.0,,,
2000-11-03,223.0,223.0,218.0,223.0,,210.0
2000-11-06,223.0,218.0,221.5,218.0,,10150.0
2000-11-07,226.75,226.75,223.0,226.75,,220.0
2000-11-08,220.0,219.0,223.0,219.0,,8700.0
2000-11-09,226.8,218.0,223.0,226.8,,14859.0
2000-11-10,225.0,219.25,223.0,225.0,,6040.0
2000-11-13,224.25,218.0,221.5,219.2,,5192.0
2000-11-14,,,221.5,,,
2000-11-15,218.75,218.75,221.5,218.75,,400.0
2000-11-16,218.0,218.0,221.5,218.0,,43.0
2000-11-17,218.75,218.75,221.5,218.75,,1000.0
2000-11-20,218.75,218.75,221.5,218.75,,300.0
2000-11-21,218.75,218.75,221.5,218.75,,755.0
2000-11-22,218.75,218.0,217.5,218.75,,3000.0
2000-11-23,,,217.5,,,
2000-11-24,216.0,215.0,219.0,215.0,,4196.0
2000-11-27,216.0,215.0,219.0,216.0,,3084.0
2000-11-28,215.0,215.0,219.0,215.0,,1070.0
2000-11-29,213.8,213.0,216.5,213.0,,5324.0
2000-11-30,212.0,205.0,212.5,211.2,,7500.0
2000-12-01,210.0,210.0,210.0,210.0,,1000.0
2000-12-04,206.25,206.25,210.0,206.25,,1350.0
2000-12-05,,,210.0,,,
2000-12-06,208.75,208.75,211.5,208.75,,769.0
2000-12-07,,,211.5,,,
2000-12-08,208.8,208.0,211.5,208.0,,944.0
2000-12-11,,,210.0,,,
2000-12-12,210.0,210.0,210.0,210.0,,300000.0
2000-12-13,,,210.0,,,
2000-12-14,210.0,210.0,210.0,210.0,,150000.0
2000-12-15,205.0,205.0,210.0,205.0,,1748.0
2000-12-18,210.0,207.0,210.0,210.0,,51000.0
2000-12-19,210.0,210.0,210.0,210.0,,50000.0
2000-12-20,205.0,205.0,210.0,205.0,,4000.0
2000-12-21,201.25,199.2,203.0,201.25,,2649.0
2000-12-22,,,203.0,,,
2000-12-27,,,203.0,,,
2000-12-28,,,203.0,,,
2000-12-29,206.75,206.75,203.0,206.75,,472.0
2001-01-02,,,203.0,,,
2001-01-03,199.25,190.0,193.0,199.2,,3664.0
2001-01-04,,,193.0,,,
2001-01-05,189.2,189.2,193.0,189.2,,200.0
2001-01-08,188.75,188.75,191.5,188.75,,498.0
2001-01-09,186.2,175.0,185.0,186.2,,8480.0
2001-01-10,171.25,171.25,175.0,171.25,,500.0
2001-01-11,,,175.0,,,
2001-01-12,,,175.0,,,
2001-01-15,178.75,178.75,175.0,178.75,,410.0
2001-01-16,178.75,178.75,175.0,178.75,,615.0
2001-01-17,,,173.0,,,
2001-01-18,168.0,168.0,173.0,168.0,,250.0
2001-01-19,,,173.0,,,
2001-01-22,,,173.0,,,
2001-01-23,176.75,169.25,173.0,176.75,,1123.0
2001-01-24,,,173.0,,,
2001-01-25,176.75,169.2,173.0,169.2,,200385.0
2001-01-26,169.25,169.25,173.0,169.25,,256.0
2001-01-29,169.25,169.25,173.0,169.25,,400.0
2001-01-30,,,173.0,,,
2001-01-31,,,173.0,,,
2001-02-01,173.0,173.0,173.0,173.0,,300000.0
2001-02-02,,,173.0,,,
2001-02-05,176.75,169.25,173.0,173.0,,269712.0
2001-02-06,169.2,169.2,173.0,169.2,,705.0
2001-02-07,168.75,168.75,171.5,168.75,,540.0
2001-02-08,173.0,173.0,170.0,173.0,,2000.0
2001-02-09,,,170.0,,,
2001-02-12,,,170.0,,,
2001-02-13,,,170.0,,,
2001-02-14,173.75,167.0,170.0,167.0,,598.0
2001-02-15,165.0,161.25,165.0,165.0,,3104.0
2001-02-16,161.25,155.0,165.0,161.25,,4619.0
2001-02-19,,,165.0,,,
2001-02-20,156.25,155.0,159.0,156.25,,2560.0
2001-02-21,,,159.0,,,
2001-02-22,156.0,150.0,155.0,156.0,,3334.0
2001-02-23,148.2,148.2,152.0,148.2,,100.0
2001-02-26,140.0,135.0,125.0,140.0,,7568.0
2001-02-27,121.25,110.0,121.5,120.0,,6349.0
2001-02-28,117.75,117.75,115.0,117.75,,1000.0
2001-03-01,106.25,106.25,110.0,106.25,,410.0
2001-03-02,115.0,106.0,110.0,106.0,,2946.0
2001-03-05,,,110.0,,,
2001-03-06,,,110.0,,,
2001-03-07,112.75,106.25,110.0,106.25,,693.0
2001-03-08,105.0,105.0,110.0,105.0,,1000.0
2001-03-09,106.0,105.0,109.0,105.0,,3585.0
2001-03-12,,,109.0,,,
2001-03-13,101.0,101.0,105.0,101.0,,1200.0
2001-03-14,,,105.0,,,
2001-03-15,101.25,101.25,105.0,101.25,,666.0
2001-03-16,,,105.0,,,
2001-03-19,,,105.0,,,
2001-03-20,106.0,100.0,104.0,100.0,,1950.0
2001-03-21,106.0,106.0,104.0,106.0,,919.0
2001-03-22,100.0,91.0,96.0,100.0,,7377.0
2001-03-23,98.0,93.0,96.0,98.0,,4150.0
2001-03-26,92.0,92.0,96.0,92.0,,3500.0
2001-03-27,92.0,92.0,96.0,92.0,,1500.0
2001-03-28,94.0,94.0,96.0,94.0,,1538.0
2001-03-29,93.0,93.0,96.0,93.0,,200.0
2001-03-30,93.0,92.0,95.0,93.0,,3950.0
2001-04-02,99.0,92.0,95.0,99.0,,2000.0
2001-04-03,90.0,90.0,95.0,90.0,,400.0
2001-04-04,90.0,90.0,92.0,90.0,,2500.0
2001-04-05,87.0,82.0,84.0,87.0,,7850.0
2001-04-06,,,80.0,,,
2001-04-09,,,80.0,,,
2001-04-10,,,80.0,,,
2001-04-11,,,80.0,,,
2001-04-12,,,80.0,,,
2001-04-17,,,80.0,,,
2001-04-18,,,80.0,,,
2001-04-19,,,80.0,,,
2001-04-20,,,80.0,,,
2001-04-23,,,80.0,,,
2001-04-24,76.25,76.25,80.0,76.25,,250.0
2001-04-25,,,80.0,,,
2001-04-26,,,80.0,,,
2001-04-27,,,80.0,,,
2001-04-30,83.0,83.0,80.0,83.0,,9516.0
2001-05-01,,,80.0,,,
2001-05-02,,,80.0,,,
2001-05-03,,,80.0,,,
2001-05-04,,,80.0,,,
2001-05-08,,,80.0,,,
2001-05-09,,,80.0,,,
2001-05-10,,,80.0,,,
2001-05-11,75.0,75.0,80.0,75.0,,7500.0
2001-05-14,,,80.0,,,
2001-05-15,82.75,82.75,80.0,82.75,,600.0
2001-05-16,,,80.0,,,
2001-05-17,,,78.5,,,
2001-05-18,73.25,73.25,77.0,73.25,,400.0
2001-05-21,75.0,75.0,78.5,75.0,,5100.0
2001-05-22,80.25,80.25,78.5,80.25,,4000.0
2001-05-23,,,78.5,,,
2001-05-24,,,78.5,,,
2001-05-25,80.25,80.25,78.5,80.25,,2391.0
2001-05-29,,,78.5,,,
2001-05-30,80.25,80.0,78.5,80.0,,14208.0
2001-05-31,80.25,80.25,78.5,80.25,,500.0
2001-06-01,80.25,80.25,80.0,80.25,,2000.0
2001-06-04,80.5,80.5,80.0,80.5,,4347.0
2001-06-05,85.0,80.0,80.0,84.5,,48539.0
2001-06-06,81.5,75.7,80.0,75.7,,403000.0
2001-06-07,81.0,75.0,79.0,77.75,,97545.0
2001-06-08,82.5,77.0,80.0,78.0,,2353993.0
2001-06-11,,,81.0,,,
2001-06-12,,,82.5,,,
2001-06-13,86.25,86.0,85.0,86.0,,28405.0
2001-06-14,85.5,85.5,87.5,85.5,,1000.0
2001-06-15,95.0,90.0,90.0,90.0,,12030.0
2001-06-18,94.3,87.7,91.0,92.75,,6200.0
2001-06-19,,,90.0,,,
2001-06-20,88.0,88.0,91.0,88.0,,12364.0
2001-06-21,,,91.0,,,
2001-06-22,93.0,93.0,91.0,93.0,,1200.0
2001-06-25,93.0,93.0,91.0,93.0,,200.0
2001-06-26,87.0,85.0,87.5,87.0,,2477.0
2001-06-27,85.5,75.0,81.5,85.5,,4405.0
2001-06-28,81.0,81.0,83.0,81.0,,50000.0
2001-06-29,,,83.0,,,
2001-07-02,,,83.0,,,
2001-07-03,,,83.0,,,
2001-07-04,,,83.0,,,
2001-07-05,,,83.0,,,
2001-07-06,84.25,80.0,83.0,80.0,,2290.0
2001-07-09,89.3,89.3,85.0,89.3,,550.0
2001-07-10,,,85.0,,,
2001-07-11,,,85.0,,,
2001-07-12,,,85.0,,,
2001-07-13,87.0,87.0,86.0,87.0,,13000.0
2001-07-16,,,86.0,,,
2001-07-17,90.75,90.75,89.0,90.75,,100.0
2001-07-18,91.0,91.0,89.0,91.0,,967.0
2001-07-19,,,89.0,,,
2001-07-20,,,89.0,,,
2001-07-23,86.0,86.0,89.0,86.0,,8000.0
2001-07-24,,,89.0,,,
2001-07-25,,,89.0,,,
2001-07-26,,,89.0,,,
2001-07-27,,,89.0,,,
2001-07-30,86.7,85.7,89.0,86.7,,675.0
2001-07-31,89.0,89.0,89.0,89.0,,32500.0
2001-08-01,91.0,91.0,89.0,91.0,,1200.0
2001-08-02,,,89.0,,,
2001-08-03,,,89.0,,,
2001-08-06,,,88.0,,,
2001-08-07,83.0,83.0,86.5,83.0,,5000.0
2001-08-08,,,86.5,,,
2001-08-09,,,85.0,,,
2001-08-10,,,85.0,,,
2001-08-13,85.0,85.0,85.0,85.0,,375000.0
2001-08-14,,,85.0,,,
2001-08-15,,,85.0,,,
2001-08-16,88.0,88.0,85.0,88.0,,2500.0
2001-08-17,,,85.0,,,
2001-08-20,81.25,81.25,85.0,81.25,,100.0
2001-08-21,,,85.0,,,
2001-08-22,,,85.0,,,
2001-08-23,,,85.0,,,
2001-08-24,,,85.0,,,
2001-08-28,87.75,87.75,85.0,87.75,,700.0
2001-08-29,,,85.0,,,
2001-08-30,78.0,78.0,85.0,78.0,,5000.0
2001-08-31,75.0,75.0,81.5,75.0,,3500.0
2001-09-03,,,81.5,,,
2001-09-04,83.25,83.25,81.5,83.25,,600.0
2001-09-05,,,81.5,,,
2001-09-06,,,81.5,,,
2001-09-07,,,81.5,,,
2001-09-10,,,81.5,,,
2001-09-11,,,81.5,,,
2001-09-12,,,81.5,,,
2001-09-13,,,81.5,,,
2001-09-14,,,81.5,,,
2001-09-17,78.0,78.0,83.0,78.0,,1690.0
2001-09-18,79.25,79.25,83.0,79.25,,99.0
2001-09-19,,,83.0,,,
2001-09-20,,,83.0,,,
2001-09-21,,,83.0,,,
2001-09-24,,,83.0,,,
2001-09-25,,,83.0,,,
2001-09-26,,,83.0,,,
2001-09-27,,,83.0,,,
2001-09-28,78.0,78.0,83.0,78.0,,1500.0
2001-10-01,,,83.0,,,
2001-10-02,78.0,78.0,83.0,78.0,,733.0
2001-10-03,,,83.0,,,
2001-10-04,,,83.0,,,
2001-10-05,,,83.0,,,
2001-10-08,,,83.0,,,
2001-10-09,,,85.0,,,
2001-10-10,,,85.0,,,
2001-10-11,,,85.0,,,
2001-10-12,87.0,85.0,85.0,87.0,,230000.0
2001-10-15,,,85.0,,,
2001-10-16,,,85.0,,,
2001-10-17,,,85.0,,,
2001-10-18,,,85.0,,,
2001-10-19,,,85.0,,,
2001-10-22,,,85.0,,,
2001-10-23,,,85.0,,,
2001-10-24,,,85.0,,,
2001-10-25,88.0,88.0,85.5,88.0,,2000.0
2001-10-26,,,85.5,,,
2001-10-29,83.5,83.5,85.5,83.5,,640.0
2001-10-30,,,85.5,,,
2001-10-31,,,85.5,,,
2001-11-01,,,85.5,,,
2001-11-02,88.0,86.5,85.5,86.5,,3740.0
2001-11-05,87.4,83.5,85.5,86.5,,4426.0
2001-11-06,88.0,87.4,90.0,87.4,,2741.0
2001-11-07,88.0,88.0,86.5,88.0,,1900.0
2001-11-08,87.6,87.6,86.5,87.6,,350.0
2001-11-09,89.6,87.0,88.5,88.0,,3097.0
2001-11-12,92.0,88.75,88.5,90.0,,14327.0
2001-11-13,92.0,85.0,89.0,90.0,,59656.0
2001-11-14,92.0,83.0,92.5,87.0,,402038.0
2001-11-15,103.0,96.0,100.0,103.0,,1067500.0
2001-11-16,110.0,105.0,106.0,105.0,,13285.0
2001-11-19,115.0,102.0,113.0,102.0,,16204.0
2001-11-20,135.0,112.7,126.5,118.0,,28058.0
2001-11-21,130.0,123.0,123.0,130.0,,6508.0
2001-11-22,118.0,115.0,119.0,118.0,,2449.0
2001-11-23,121.3,112.0,114.0,121.3,,8300.0
2001-11-26,,,113.0,,,
2001-11-27,,,113.0,,,
2001-11-28,108.0,108.0,111.5,108.0,,5500.0
2001-11-29,108.0,108.0,107.0,108.0,,1400.0
2001-11-30,,,107.0,,,
2001-12-03,,,107.0,,,
2001-12-04,105.0,105.0,106.0,105.0,,2000.0
2001-12-05,98.0,98.0,96.5,98.0,,850.0
2001-12-06,106.0,96.0,100.0,97.6,,70913.0
2001-12-07,95.7,95.7,100.0,95.7,,2000.0
2001-12-10,,,98.5,,,
2001-12-11,98.0,98.0,95.0,98.0,,1000.0
2001-12-12,105.0,100.0,102.0,100.0,,6600.0
2001-12-13,,,102.0,,,
2001-12-14,97.0,97.0,101.0,97.0,,1600.0
2001-12-17,,,101.0,,,
2001-12-18,,,101.0,,,
2001-12-19,,,101.0,,,
2001-12-20,,,102.5,,,
2001-12-21,105.0,100.0,102.5,105.0,,10039.0
2001-12-24,,,102.5,,,
2001-12-27,,,102.5,,,
2001-12-28,,,102.5,,,
2001-12-31,,,102.5,,,
2002-01-02,,,101.5,,,
2002-01-03,101.0,100.0,105.0,100.0,,199750.0
2002-01-04,100.0,100.0,104.0,100.0,,1500.0
2002-01-07,,,104.0,,,
2002-01-08,,,104.0,,,
2002-01-09,,,104.0,,,
2002-01-10,,,104.0,,,
2002-01-11,108.0,108.0,104.0,108.0,,925.0
2002-01-14,,,104.0,,,
2002-01-15,,,104.0,,,
2002-01-16,,,104.0,,,
2002-01-17,,,104.0,,,
2002-01-18,,,104.0,,,
2002-01-21,,,104.0,,,
2002-01-22,,,104.0,,,
2002-01-23,,,104.0,,,
2002-01-24,,,104.0,,,
2002-01-25,,,104.0,,,
2002-01-28,,,104.0,,,
2002-01-29,100.0,100.0,104.0,100.0,,500.0
2002-01-30,95.0,95.0,103.0,95.0,,5000.0
2002-01-31,98.7,98.0,101.5,98.7,,1710.0
2002-02-01,95.0,95.0,95.0,95.0,,1000.0
2002-02-04,90.0,85.0,87.5,90.0,,3500.0
2002-02-05,,,87.5,,,
2002-02-06,85.0,85.0,87.5,85.0,,400.0
2002-02-07,89.3,82.0,86.0,85.0,,3339.0
2002-02-08,,,86.0,,,
2002-02-11,83.0,82.0,86.0,82.0,,78.0
2002-02-12,,,86.0,,,
2002-02-13,,,84.0,,,
2002-02-14,81.0,81.0,84.0,81.0,,200.0
2002-02-15,,,84.0,,,
2002-02-18,88.0,88.0,84.0,88.0,,2247.0
2002-02-19,90.0,90.0,86.0,90.0,,666.0
2002-02-20,,,86.0,,,
2002-02-21,82.0,82.0,86.0,82.0,,1689.0
2002-02-22,,,86.0,,,
2002-02-25,82.0,82.0,86.0,82.0,,712.0
2002-02-26,82.0,82.0,86.0,82.0,,175.0
2002-02-27,,,86.0,,,
2002-02-28,,,86.0,,,
2002-03-01,82.0,82.0,86.0,82.0,,650.0
2002-03-04,68.0,65.0,70.0,68.0,,3705.0
2002-03-05,65.0,65.0,67.5,65.0,,3485.0
2002-03-06,,,67.5,,,
2002-03-07,63.0,63.0,67.5,63.0,,660.0
2002-03-08,,,67.5,,,
2002-03-11,,,67.5,,,
2002-03-12,72.0,72.0,67.5,72.0,,138.0
2002-03-13,73.0,72.0,69.0,72.0,,1239.0
2002-03-14,73.0,73.0,70.5,73.0,,4029.0
2002-03-15,72.5,72.5,70.5,72.5,,1000.0
2002-03-18,73.0,72.0,70.5,73.0,,7000.0
2002-03-19,68.0,68.0,70.5,68.0,,229.0
2002-03-20,,,70.5,,,
2002-03-21,,,70.5,,,
2002-03-22,73.0,60.0,68.0,73.0,,11256.0
2002-03-25,60.5,60.0,65.0,60.0,,1245.0
2002-03-26,,,65.0,,,
2002-03-27,,,65.0,,,
2002-03-28,60.0,60.0,65.0,60.0,,2500.0
2002-04-02,68.75,68.75,65.0,68.75,,500.0
2002-04-03,,,65.0,,,
2002-04-04,60.0,60.0,65.0,60.0,,9000.0
2002-04-05,58.0,58.0,61.0,58.0,,6250.0
2002-04-08,,,60.0,,,
2002-04-09,,,60.0,,,
2002-04-10,,,60.0,,,
2002-04-11,,,60.0,,,
2002-04-12,,,60.0,,,
2002-04-15,63.75,63.75,60.0,63.75,,500.0
2002-04-16,,,60.0,,,
2002-04-17,,,60.0,,,
2002-04-18,61.0,61.0,60.0,61.0,,11000.0
2002-04-19,61.0,61.0,51.0,61.0,,13000.0
2002-04-22,51.0,50.0,51.0,50.0,,20860.0
2002-04-23,,,50.0,,,
2002-04-24,45.0,45.0,50.0,45.0,,591000.0
2002-04-25,,,50.0,,,
2002-04-26,,,50.0,,,
2002-04-29,53.8,53.8,50.0,53.8,,4000.0
2002-04-30,54.25,45.0,48.5,54.25,,10522.0
2002-05-01,51.0,50.0,48.5,51.0,,20000.0
2002-05-02,51.0,45.0,48.5,45.0,,35540.0
2002-05-03,48.0,47.0,48.5,48.0,,225000.0
2002-05-07,49.0,49.0,48.5,49.0,,10000.0
2002-05-08,,,48.5,,,
2002-05-09,,,48.5,,,
2002-05-10,,,48.5,,,
2002-05-13,45.8,45.8,48.5,45.8,,210.0
2002-05-14,,,48.5,,,
2002-05-15,49.0,48.0,48.5,49.0,,100000.0
2002-05-16,,,48.5,,,
2002-05-17,,,48.5,,,
2002-05-20,,,48.5,,,
2002-05-21,,,48.5,,,
2002-05-22,48.0,46.5,48.5,48.0,,100000.0
2002-05-23,45.0,45.0,47.5,45.0,,3000.0
2002-05-24,53.8,30.0,51.0,30.0,,2688745.0
2002-05-27,50.0,50.0,51.0,50.0,,50000.0
2002-05-28,54.5,54.0,52.5,54.0,,3550.0
2002-05-29,,,52.5,,,
2002-05-30,54.5,54.5,52.5,54.5,,1000.0
2002-05-31,,,52.5,,,
2002-06-05,54.5,54.5,52.5,54.5,,1.0
2002-06-06,50.5,50.5,52.5,50.5,,500.0
2002-06-07,,,52.5,,,
2002-06-10,54.0,54.0,52.5,54.0,,1500.0
2002-06-11,55.0,54.0,52.5,54.0,,5152.0
2002-06-12,,,52.5,,,
2002-06-13,,,50.0,,,
2002-06-14,50.5,50.5,52.5,50.5,,460.0
2002-06-17,,,52.5,,,
2002-06-18,54.5,54.5,52.5,54.5,,10000.0
2002-06-19,,,52.5,,,
2002-06-20,,,52.5,,,
2002-06-21,,,52.5,,,
2002-06-24,,,52.5,,,
2002-06-25,54.5,54.5,52.5,54.5,,1.0
2002-06-26,,,52.5,,,
2002-06-27,54.0,50.5,52.5,50.5,,166.0
2002-06-28,,,53.5,,,
2002-07-01,,,53.5,,,
2002-07-02,52.25,52.25,53.5,52.25,,1000.0
2002-07-03,52.0,52.0,53.5,52.0,,7700.0
2002-07-04,,,53.5,,,
2002-07-05,52.0,52.0,51.5,52.0,,9650.0
2002-07-08,,,51.5,,,
2002-07-09,45.0,45.0,48.0,45.0,,5638.0
2002-07-10,,,48.0,,,
2002-07-11,,,48.0,,,
2002-07-12,,,48.0,,,
2002-07-15,,,48.0,,,
2002-07-16,,,48.0,,,
2002-07-17,,,48.0,,,
2002-07-18,,,48.0,,,
2002-07-19,,,48.0,,,
2002-07-22,44.2,44.2,48.0,44.2,,118.0
2002-07-23,,,48.0,,,
2002-07-24,,,48.0,,,
2002-07-25,,,48.0,,,
2002-07-26,,,48.0,,,
2002-07-29,,,48.0,,,
2002-07-30,,,49.0,,,
2002-07-31,,,49.0,,,
2002-08-01,,,49.0,,,
2002-08-02,,,49.0,,,
2002-08-05,52.0,52.0,49.0,52.0,,2000.0
2002-08-06,,,49.0,,,
2002-08-07,,,49.0,,,
2002-08-08,,,49.0,,,
2002-08-09,,,49.0,,,
2002-08-12,,,49.0,,,
2002-08-13,,,49.0,,,
2002-08-14,45.0,45.0,49.0,45.0,,1070.0
2002-08-15,,,49.0,,,
2002-08-16,,,49.0,,,
2002-08-19,,,49.0,,,
2002-08-20,45.5,45.5,49.0,45.5,,400.0
2002-08-21,,,49.0,,,
2002-08-22,52.0,52.0,49.0,52.0,,500.0
2002-08-23,,,49.0,,,
2002-08-27,,,49.0,,,
2002-08-28,,,49.0,,,
2002-08-29,,,49.0,,,
2002-08-30,,,49.0,,,
2002-09-02,,,49.0,,,
2002-09-03,,,49.0,,,
2002-09-04,45.0,45.0,49.0,45.0,,1000.0
2002-09-05,43.0,36.7,38.5,43.0,,6930.0
2002-09-06,,,38.5,,,
2002-09-09,35.0,35.0,35.0,35.0,,10000.0
2002-09-10,,,35.0,,,
2002-09-11,33.0,25.0,25.5,33.0,,4000.0
2002-09-12,27.4,27.4,25.5,27.4,,33.0
2002-09-13,27.4,27.4,25.5,27.4,,177.0
2002-09-16,23.6,23.6,25.5,23.6,,1000.0
2002-09-17,,,25.5,,,
2002-09-18,,,25.5,,,
2002-09-19,14.0,14.0,25.5,14.0,,900000.0
2002-09-20,,,24.5,,,
2002-09-23,22.5,22.5,20.0,22.5,,800.0
2002-09-24,,,20.0,,,
2002-09-25,,,20.0,,,
2002-09-26,,,20.0,,,
2002-09-27,21.5,21.5,20.0,21.5,,617.0
2002-09-30,,,20.0,,,
2002-10-01,21.5,18.5,20.0,18.5,,1600.0
2002-10-02,,,21.0,,,
2002-10-03,,,21.0,,,
2002-10-04,21.75,21.75,21.0,21.75,,500.0
2002-10-07,,,21.0,,,
2002-10-08,,,18.5,,,
2002-10-09,,,18.5,,,
2002-10-10,,,18.5,,,
2002-10-11,,,18.5,,,
2002-10-14,,,18.5,,,
2002-10-15,,,18.5,,,
2002-10-16,,,18.5,,,
2002-10-17,15.0,15.0,18.5,15.0,,12750.0
2002-10-18,19.65,19.65,18.5,19.65,,2455.0
2002-10-21,12.75,11.75,11.5,11.75,,6000.0
2002-10-22,12.75,12.75,11.5,12.75,,4200.0
2002-10-23,,,11.5,,,
2002-10-24,12.9,12.9,12.5,12.9,,4000.0
2002-10-25,,,12.5,,,
2002-10-28,,,12.5,,,
2002-10-29,12.0,12.0,11.0,12.0,,12000.0
2002-10-30,,,11.0,,,
2002-10-31,,,11.0,,,
2002-11-01,,,11.0,,,
2002-11-04,,,11.5,,,
2002-11-05,,,11.5,,,
2002-11-06,,,11.5,,,
2002-11-07,,,11.5,,,
2002-11-08,,,11.5,,,
2002-11-11,,,11.5,,,
2002-11-12,11.5,10.0,11.0,11.5,,13500.0
2002-11-13,,,11.0,,,
2002-11-14,10.25,10.0,10.5,10.25,,2000.0
2002-11-15,11.75,11.75,10.5,11.75,,2000.0
2002-11-18,,,10.5,,,
2002-11-19,,,10.5,,,
2002-11-20,,,10.5,,,
2002-11-21,,,10.5,,,
2002-11-22,,,10.5,,,
2002-11-25,10.75,9.0,10.0,10.75,,7632.0
2002-11-26,,,10.0,,,
2002-11-27,,,10.0,,,
2002-11-28,,,10.0,,,
2002-11-29,,,10.0,,,
2002-12-02,,,10.0,,,
2002-12-03,13.0,11.75,12.75,11.75,,67000.0
2002-12-04,12.94,12.94,12.75,12.94,,5000.0
2002-12-05,14.81,14.81,14.25,14.81,,11000.0
2002-12-06,13.75,13.75,14.0,13.75,,5000.0
2002-12-09,15.75,14.5,14.5,14.75,,26771.0
2002-12-10,,,14.5,,,
2002-12-11,,,14.5,,,
2002-12-12,16.0,15.75,14.5,15.75,,40000.0
2002-12-13,,,14.5,,,
2002-12-16,,,14.5,,,
2002-12-17,,,14.5,,,
2002-12-18,,,14.5,,,
2002-12-19,,,14.5,,,
2002-12-20,,,14.5,,,
2002-12-23,,,14.5,,,
2002-12-24,,,14.5,,,
2002-12-27,,,14.5,,,
2002-12-30,14.0,14.0,14.5,14.0,,1125.0
2002-12-31,,,14.5,,,
2003-01-02,,,14.5,,,
2003-01-03,,,14.5,,,
2003-01-06,12.2,12.2,13.0,12.2,,2000.0
2003-01-07,,,13.0,,,
2003-01-08,,,13.0,,,
2003-01-09,,,13.0,,,
2003-01-10,12.25,12.25,13.0,12.25,,3121.0
2003-01-13,,,12.5,,,
2003-01-14,,,12.0,,,
2003-01-15,,,11.5,,,
2003-01-16,,,10.5,,,
2003-01-17,9.0,9.0,9.5,9.0,,1239511.0
2003-01-20,10.75,9.0,10.0,10.5,,3562619.0
2003-01-21,10.88,10.0,10.5,10.0,,47799.0
2003-01-22,,,10.5,,,
2003-01-23,,,10.5,,,
2003-01-24,,,10.5,,,
2003-01-27,10.0,10.0,10.5,10.0,,1200.0
2003-01-28,,,11.0,,,
2003-01-29,11.75,11.75,11.0,11.75,,3233.0
2003-01-30,,,11.0,,,
2003-01-31,,,11.0,,,
2003-02-03,10.25,10.25,11.0,10.25,,1143.0
2003-02-04,,,11.0,,,
2003-02-05,,,11.0,,,
2003-02-06,,,11.0,,,
2003-02-07,,,11.0,,,
2003-02-10,,,11.0,,,
2003-02-11,,,11.0,,,
2003-02-12,,,11.0,,,
2003-02-13,,,11.0,,,
2003-02-14,11.75,11.75,11.0,11.75,,2400.0
2003-02-17,,,11.0,,,10000.0
2003-02-18,10.25,10.25,11.0,10.25,,9191.0
2003-02-19,,,11.0,,,
2003-02-20,,,11.0,,,
2003-02-21,,,11.0,,,
2003-02-24,,,11.0,,,
2003-02-25,,,11.0,,,
2003-02-26,,,11.0,,,
2003-02-27,12.0,12.0,12.0,12.0,,45000.0
2003-02-28,,,12.0,,,
2003-03-03,11.25,11.25,12.0,11.25,,13608.0
2003-03-04,,,12.0,,,
2003-03-05,,,12.0,,,
2003-03-06,12.0,12.0,12.0,12.0,,2917.0
2003-03-07,,,12.0,,,
2003-03-10,,,12.0,,,
2003-03-11,,,12.0,,,
2003-03-12,,,12.0,,,
2003-03-13,,,12.0,,,
2003-03-14,,,12.0,,,
2003-03-17,,,12.0,,,
2003-03-18,,,12.0,,,
2003-03-19,,,12.0,,,
2003-03-20,11.25,11.25,12.0,11.25,,2000.0
2003-03-21,,,12.0,,,
2003-03-24,,,12.0,,,
2003-03-25,10.5,10.5,12.0,10.5,,5000.0
2003-03-26,10.5,10.5,12.0,10.5,,5000.0
2003-03-27,11.0,11.0,12.0,11.0,,3220.0
2003-03-28,,,12.0,,,
2003-03-31,,,12.0,,,
2003-04-01,12.25,12.25,12.0,12.25,,187.0
2003-04-02,11.25,11.25,12.0,11.25,,3780.0
2003-04-03,12.07,12.07,12.5,12.07,,2256.0
2003-04-04,12.25,12.25,12.5,12.25,,81634.0
2003-04-07,,,12.5,,,
2003-04-08,,,12.5,,,
2003-04-09,,,12.5,,,
2003-04-10,12.5,12.5,14.25,12.5,,3600.0
2003-04-11,16.19,16.19,15.25,16.19,,33000.0
2003-04-14,,,15.5,,,
2003-04-15,,,15.5,,,
2003-04-16,16.63,16.63,15.5,16.63,,5648.0
2003-04-17,18.63,16.25,19.25,16.25,,230200.0
2003-04-22,20.63,20.63,19.5,20.63,,750.0
2003-04-23,22.63,20.63,21.5,20.63,,56900.0
2003-04-24,24.63,22.8,23.5,22.8,,6400.0
2003-04-25,24.63,24.37,25.5,24.63,,14100.0
2003-04-28,26.63,23.0,24.0,26.63,,10702.0
2003-04-29,24.85,24.85,24.0,24.85,,1000.0
2003-04-30,23.25,23.25,24.0,23.25,,500.0
2003-05-01,22.0,20.0,21.5,20.0,,22000.0
2003-05-02,21.75,20.0,21.0,20.0,,10215.0
2003-05-06,,,21.0,,,
2003-05-07,,,21.0,,,
2003-05-08,20.0,20.0,21.0,20.0,,3000.0
2003-05-09,,,21.0,,,
2003-05-12,,,21.5,,,
2003-05-13,,,22.0,,,
2003-05-14,21.0,21.0,22.0,21.0,,5000.0
2003-05-15,22.0,22.0,22.0,22.0,,130090.0
2003-05-16,21.25,21.25,22.0,21.25,,1000.0
2003-05-19,,,22.0,,,
2003-05-20,21.0,21.0,22.0,21.0,,3400.0
2003-05-21,,,22.0,,,
2003-05-22,,,22.0,,,
2003-05-23,22.0,22.0,22.0,22.0,,38346.0
2003-05-27,21.0,21.0,22.0,21.0,,5648.0
2003-05-28,,,22.5,,,
2003-05-29,,,22.5,,,
2003-05-30,,,22.5,,,
2003-06-02,23.63,23.63,23.0,23.63,,10400.0
2003-06-03,24.0,24.0,23.0,24.0,,5000.0
2003-06-04,22.0,22.0,23.0,22.0,,3840.0
2003-06-05,,,23.0,,,
2003-06-06,,,23.0,,,
2003-06-09,25.0,23.85,24.0,23.85,,28300.0
2003-06-10,,,24.0,,,
2003-06-11,,,24.0,,,
2003-06-12,26.25,25.0,26.0,26.25,,41704.0
2003-06-13,25.0,24.0,25.0,25.0,,20000.0
2003-06-16,,,25.0,,,
2003-06-17,,,25.0,,,
2003-06-18,,,25.0,,,
2003-06-19,24.15,24.15,25.0,24.15,,373.0
2003-06-20,,,25.0,,,
2003-06-23,24.25,24.25,25.0,24.25,,1000.0
2003-06-24,,,25.0,,,
2003-06-25,24.0,24.0,24.5,24.0,,5000.0
2003-06-26,,,24.5,,,
2003-06-27,,,24.5,,,
2003-06-30,,,24.5,,,
2003-07-01,,,24.5,,,
2003-07-02,,,24.5,,,
2003-07-03,,,24.5,,,
2003-07-04,23.0,23.0,24.5,23.0,,1538.0
2003-07-07,26.0,23.2,24.5,23.2,,34876.0
2003-07-08,,,24.5,,,
2003-07-09,,,24.5,,,
2003-07-10,,,24.5,,,
2003-07-11,,,24.5,,,
2003-07-14,,,24.5,,,
2003-07-15,,,24.5,,,
2003-07-16,,,24.5,,,
2003-07-17,,,24.5,,,
2003-07-18,23.37,23.37,24.5,23.37,,1000.0
2003-07-21,,,24.5,,,
2003-07-22,,,24.5,,,
2003-07-23,,,24.5,,,
2003-07-24,,,24.5,,,
2003-07-25,24.5,24.5,24.5,24.5,,4000.0
2003-07-28,,,24.5,,,
2003-07-29,24.5,24.5,24.5,24.5,,1600.0
2003-07-30,24.5,24.5,24.5,24.5,,1600.0
2003-07-31,,,24.5,,,
2003-08-01,24.5,24.5,24.5,24.5,,570.0
2003-08-04,,,24.5,,,
2003-08-05,24.5,24.5,24.5,24.5,,702.0
2003-08-07,,,24.5,,,
2003-08-08,,,24.5,,,
2003-08-11,,,24.5,,,
2003-08-12,,,24.5,,,
2003-08-13,,,24.5,,,
2003-08-14,24.5,24.5,24.5,24.5,,3900.0
2003-08-15,,,24.5,,,
2003-08-18,,,24.5,,,
2003-08-19,24.5,24.5,24.5,24.5,,35604.0
2003-08-20,24.5,24.5,24.5,24.5,,34300.0
2003-08-21,,,24.5,,,
2003-08-22,,,24.5,,,
2003-08-26,,,24.5,,,
2003-08-27,,,24.5,,,
2003-08-28,,,24.5,,,
2003-08-29,,,24.5,,,
2003-09-01,,,24.5,,,
2003-09-02,,,24.5,,,
2003-09-03,24.5,24.5,24.5,24.5,,1867.0
2003-09-04,25.5,24.5,25.5,24.5,,2643.0
2003-09-05,25.5,25.5,25.5,25.5,,1852.0
2003-09-08,25.5,25.5,25.5,25.5,,1961.0
2003-09-09,,,25.5,,,
2003-09-10,,,25.5,,,
2003-09-11,25.5,25.5,25.5,25.5,,85238.0
2003-09-12,,,25.5,,,
2003-09-15,25.5,25.5,25.5,25.5,,3150.0
2003-09-16,25.5,25.5,25.5,25.5,,239.0
2003-09-17,28.5,25.5,28.5,25.5,,28900.0
2003-09-18,28.5,28.5,28.5,28.5,,15000.0
2003-09-19,36.5,29.0,36.5,29.0,,81644.0
2003-09-22,39.5,39.5,39.5,39.5,,17379.0
2003-09-23,39.5,39.5,39.5,39.5,,7757.0
2003-09-24,39.5,37.5,37.5,39.5,,26208.0
2003-09-25,37.5,37.5,37.5,37.5,,31655.0
2003-09-26,38.0,37.5,38.0,37.5,,11250.0
2003-09-29,38.0,38.0,38.0,38.0,,4424.0
2003-09-30,38.0,38.0,38.0,38.0,,63750.0
2003-10-01,38.0,38.0,38.0,38.0,,6750.0
2003-10-02,,,38.0,,,
2003-10-03,38.0,38.0,38.0,38.0,,2500.0
2003-10-06,38.0,38.0,38.0,38.0,,6256.0
2003-10-07,,,38.0,,,
2003-10-08,38.0,38.0,38.0,38.0,,2750.0
2003-10-09,,,38.0,,,
2003-10-10,38.0,38.0,38.0,38.0,,607.0
2003-10-13,,,38.0,,,
2003-10-14,38.0,38.0,38.0,38.0,,5000.0
2003-10-15,,,38.0,,,
2003-10-16,38.0,38.0,38.0,38.0,,41736.0
2003-10-17,38.0,38.0,38.0,38.0,,34370.0
2003-10-20,38.0,38.0,38.0,38.0,,1139.0
2003-10-21,,,38.0,,,
2003-10-22,,,38.0,,,
2003-10-23,38.5,38.0,38.0,38.0,,3514.0
2003-10-24,,,38.0,,,
2003-10-27,,,38.0,,,
2003-10-28,,,38.0,,,
2003-10-29,,,38.0,,,
2003-10-30,,,38.0,,,
2003-10-31,38.0,38.0,38.0,38.0,,950.0
2003-11-03,38.0,38.0,38.0,38.0,,1350.0
2003-11-04,,,38.0,,,
2003-11-05,,,38.0,,,
2003-11-06,,,38.0,,,
2003-11-07,,,38.0,,,
2003-11-10,38.0,38.0,38.0,38.0,,386.0
2003-11-11,,,38.0,,,
2003-11-12,,,38.0,,,
2003-11-13,,,38.0,,,
2003-11-14,,,38.0,,,
2003-11-17,,,38.0,,,
2003-11-18,,,38.0,,,
2003-11-19,,,38.0,,,
2003-11-20,,,38.0,,,
2003-11-21,,,38.0,,,
2003-11-24,,,38.0,,,
2003-11-25,38.0,38.0,38.0,38.0,,1048.0
2003-11-26,,,38.0,,,
2003-11-27,,,38.0,,,
2003-11-28,,,38.0,,,
2003-12-01,38.0,38.0,38.0,38.0,,1000.0
2003-12-02,39.0,39.0,39.0,39.0,,4827.0
2003-12-03,39.0,37.5,37.5,39.0,,6968.0
2003-12-04,,,37.5,,,
2003-12-05,,,37.5,,,
2003-12-08,37.5,37.5,37.5,37.5,,12000.0
2003-12-09,,,37.5,,,
2003-12-10,37.5,37.5,37.5,37.5,,607.0
2003-12-11,,,37.5,,,
2003-12-12,37.5,37.5,37.5,37.5,,2631.0
2003-12-15,37.5,37.5,37.5,37.5,,3000.0
2003-12-16,,,37.5,,,
2003-12-17,37.5,37.5,37.5,37.5,,1000.0
2003-12-18,37.5,35.0,35.0,37.5,,16000.0
2003-12-19,,,35.0,,,
2003-12-22,,,35.0,,,
2003-12-23,,,35.0,,,
2003-12-24,,,35.0,,,
2003-12-29,,,35.0,,,
2003-12-30,,,35.0,,,
2003-12-31,,,35.0,,,
2004-01-02,,,35.0,,,
2004-01-05,,,35.0,,,
2004-01-06,,,35.0,,,
2004-01-07,,,35.0,,,
2004-01-08,,,35.0,,,
2004-01-09,35.0,33.5,34.0,35.0,,9967.0
2004-01-12,34.0,34.0,34.0,34.0,,6000.0
2004-01-13,,,34.0,,,
2004-01-14,,,34.0,,,
2004-01-15,34.0,34.0,34.0,34.0,,57334.0
2004-01-16,40.0,34.5,40.0,34.5,,70087.0
2004-01-19,40.5,40.0,40.5,40.0,,41907.0
2004-01-20,42.5,41.5,42.5,41.5,,6000.0
2004-01-21,42.5,42.5,42.5,42.5,,1333.0
2004-01-22,,,42.5,,,
2004-01-23,,,42.5,,,
2004-01-26,42.5,42.5,42.5,42.5,,2000.0
2004-01-27,42.5,42.5,42.5,42.5,,17000.0
2004-01-28,43.0,42.5,42.5,42.5,,10000.0
2004-01-29,42.5,42.5,42.5,42.5,,4040.0
2004-01-30,,,42.5,,,
2004-02-02,42.5,42.5,42.5,42.5,,400.0
2004-02-03,,,42.5,,,
2004-02-04,42.5,42.5,42.5,42.5,,5000.0
2004-02-05,,,42.5,,,
2004-02-06,,,42.5,,,
2004-02-09,42.5,42.5,42.5,42.5,,10000.0
2004-02-10,42.5,42.5,42.5,42.5,,5000.0
2004-02-11,42.5,42.5,42.5,42.5,,1900.0
2004-02-12,42.5,42.5,42.5,42.5,,5000.0
2004-02-13,42.5,42.5,42.5,42.5,,10000.0
2004-02-16,47.5,44.5,47.5,44.5,,5850.0
2004-02-17,47.5,47.5,47.5,47.5,,4616.0
2004-02-18,47.5,47.5,47.5,47.5,,750.0
2004-02-19,47.5,47.5,47.5,47.5,,10000.0
2004-02-20,47.5,47.5,47.5,47.5,,76037.0
2004-02-23,52.5,47.5,52.5,47.5,,27318.0
2004-02-24,52.5,52.5,52.5,52.5,,58919.0
2004-02-25,53.5,52.5,53.5,52.5,,10000.0
2004-02-26,54.5,53.5,54.5,53.5,,2022806.0
2004-02-27,55.0,54.5,55.0,54.5,,3500.0
2004-03-01,55.0,55.0,55.0,55.0,,171.0
2004-03-02,55.0,55.0,55.0,55.0,,30000.0
2004-03-03,55.0,55.0,55.0,55.0,,1650.0
2004-03-04,,,55.0,,,
2004-03-05,56.0,55.0,56.0,55.0,,4517.0
2004-03-08,56.0,56.0,56.0,56.0,,12869.0
2004-03-09,56.0,56.0,56.0,56.0,,2000.0
2004-03-10,,,56.0,,,
2004-03-11,56.0,56.0,56.0,56.0,,2338.0
2004-03-12,56.0,56.0,56.0,56.0,,919.0
2004-03-15,,,56.0,,,
2004-03-16,56.0,56.0,56.0,56.0,,16600.0
2004-03-17,56.0,56.0,56.0,56.0,,8600.0
2004-03-18,,,56.0,,,
2004-03-19,,,56.0,,,
2004-03-22,,,56.0,,,
2004-03-23,56.0,56.0,56.0,56.0,,86750.0
2004-03-24,56.0,56.0,56.0,56.0,,7000.0
2004-03-25,56.0,56.0,56.0,56.0,,1700.0
2004-03-26,56.0,56.0,56.0,56.0,,5000.0
2004-03-29,,,56.0,,,
2004-03-30,56.0,56.0,56.0,56.0,,13190.0
2004-03-31,56.0,56.0,56.0,56.0,,540.0
2004-04-01,,,56.0,,,
2004-04-02,56.0,56.0,56.0,56.0,,6000.0
2004-04-05,56.0,56.0,56.0,56.0,,1500.0
2004-04-06,,,56.0,,,
2004-04-07,,,56.0,,,
2004-04-08,,,56.0,,,
2004-04-13,,,56.0,,,
2004-04-14,,,56.0,,,
2004-04-15,56.0,55.5,55.5,56.0,,2000.0
2004-04-16,55.5,55.5,55.5,55.5,,1250.0
2004-04-19,55.5,55.5,55.5,55.5,,160000.0
2004-04-20,,,55.5,,,
2004-04-21,,,55.5,,,
2004-04-22,55.5,55.5,55.5,55.5,,2000.0
2004-04-23,,,55.5,,,
2004-04-26,55.5,55.5,55.5,55.5,,1412.0
2004-04-27,,,55.5,,,
2004-04-28,,,55.5,,,
2004-04-29,55.5,55.0,55.0,55.5,,11000.0
2004-04-30,,,55.0,,,
2004-05-04,55.5,55.5,55.5,55.5,,750.0
2004-05-05,,,55.5,,,
2004-05-06,55.5,55.5,55.5,55.5,,45.0
2004-05-07,,,55.5,,,
2004-05-10,,,55.5,,,
2004-05-11,,,55.5,,,
2004-05-12,,,55.5,,,
2004-05-13,55.5,55.5,55.5,55.5,,1000.0
2004-05-14,,,55.5,,,
2004-05-17,55.5,50.5,50.5,55.5,,13210.0
2004-05-18,,,50.5,,,
2004-05-19,,,50.5,,,
2004-05-20,50.5,50.5,50.5,50.5,,4500.0
2004-05-21,,,50.5,,,
2004-05-24,50.5,50.5,50.5,50.5,,12552.0
2004-05-25,,,50.5,,,
2004-05-26,,,50.5,,,
2004-05-27,,,50.5,,,
2004-05-28,50.5,48.5,49.5,50.5,,7905.0
2004-06-01,,,49.5,,,
2004-06-02,,,49.5,,,
2004-06-03,49.5,49.5,49.5,49.5,,2000.0
2004-06-04,,,49.5,,,
2004-06-07,49.5,49.5,49.5,49.5,,750.0
2004-06-08,49.0,47.5,47.5,49.0,,15789.0
2004-06-09,47.5,45.5,45.5,47.5,,21489.0
2004-06-10,46.5,45.5,46.5,46.5,,101500.0
2004-06-11,46.5,46.5,46.5,46.5,,1000.0
2004-06-14,46.5,46.5,46.5,46.5,,60000.0
2004-06-15,,,46.5,,,
2004-06-16,45.0,44.5,45.0,44.5,,524.0
2004-06-17,46.0,45.0,46.0,45.0,,51350.0
2004-06-18,,,46.0,,,
2004-06-21,,,46.0,,,
2004-06-22,46.0,46.0,46.0,46.0,,1500.0
2004-06-23,,,46.0,,,
2004-06-24,,,46.0,,,
2004-06-25,,,46.0,,,
2004-06-28,,,46.0,,,
2004-06-29,,,46.0,,,
2004-06-30,46.0,46.0,46.0,46.0,,869.0
2004-07-01,,,46.0,,,
2004-07-02,47.5,46.0,47.5,46.0,,200000.0
2004-07-05,47.5,47.5,47.5,47.5,,201546.0
2004-07-06,,,47.5,,,
2004-07-07,47.5,47.5,47.5,47.5,,390.0
2004-07-08,,,47.5,,,
2004-07-09,47.5,47.5,47.5,47.5,,4301.0
2004-07-12,,,47.5,,,
2004-07-13,,,47.5,,,
2004-07-14,47.5,47.5,47.5,47.5,,200.0
2004-07-15,,,47.5,,,
2004-07-16,,,47.5,,,
2004-07-19,,,47.5,,,
2004-07-20,,,47.5,,,
2004-07-21,,,47.5,,,
2004-07-22,,,47.5,,,
2004-07-23,,,47.5,,,
2004-07-26,,,47.5,,,
2004-07-27,,,47.5,,,
2004-07-28,,,47.5,,,
2004-07-29,,,47.5,,,
2004-07-30,,,47.5,,,
2004-08-02,,,47.5,,,
2004-08-03,,,47.5,,,
2004-08-04,,,47.5,,,
2004-08-05,47.5,45.5,45.5,47.5,,178016.0
2004-08-06,,,45.5,,,
2004-08-09,45.5,45.5,45.5,45.5,,190.0
2004-08-10,45.5,45.0,45.0,45.5,,3806.0
2004-08-11,,,45.0,,,
2004-08-12,45.0,41.5,42.0,45.0,,5000.0
2004-08-13,42.0,41.0,41.0,42.0,,100000.0
2004-08-16,,,41.0,,,
2004-08-17,,,41.0,,,
2004-08-18,,,41.0,,,
2004-08-19,,,41.0,,,
2004-08-20,,,41.0,,,
2004-08-23,,,41.0,,,
2004-08-24,,,41.0,,,
2004-08-25,,,41.0,,,
2004-08-26,,,41.0,,,
2004-08-27,,,41.0,,,
2004-08-31,,,41.0,,,
2004-09-01,,,41.0,,,
2004-09-02,,,41.0,,,
2004-09-03,,,41.0,,,
2004-09-06,,,41.0,,,
2004-09-07,,,41.0,,,
2004-09-08,,,41.5,,,
2004-09-09,,,41.5,,,
2004-09-10,,,41.5,,,
2004-09-13,,,41.5,,,
2004-09-14,41.5,40.5,40.5,41.5,,8600.0
2004-09-15,40.5,40.5,40.5,40.5,,600.0
2004-09-16,,,40.5,,,
2004-09-17,,,40.5,,,
2004-09-20,,,40.5,,,
2004-09-21,,,40.5,,,
2004-09-22,,,40.5,,,
2004-09-23,,,40.5,,,
2004-09-24,,,40.5,,,
2004-09-27,40.5,40.5,40.5,40.5,,1160.0
2004-09-28,,,40.5,,,
2004-09-29,,,40.5,,,
2004-09-30,,,40.5,,,
2004-10-01,,,39.0,,,
2004-10-04,,,39.0,,,
2004-10-05,,,39.0,,,
2004-10-06,39.0,39.0,39.0,39.0,,283.0
2004-10-07,40.5,39.0,40.5,39.0,,12750.0
2004-10-08,,,40.5,,,
2004-10-11,,,40.5,,,
2004-10-12,40.5,40.5,,40.5,,2150.0
2004-10-13,,,40.5,,,
2004-10-14,,,40.5,,,
2004-10-15,,,40.5,,,
2004-10-18,,,40.5,,,
2004-10-19,,,40.5,,,
2004-10-20,,,40.5,,,
2004-10-21,,,40.5,,,
2004-10-22,,,40.5,,,
2004-10-25,,,40.5,,,
2004-10-26,,,40.5,,,
2004-10-27,,,40.5,,,
2004-10-28,,,40.5,,,
2004-10-29,,,40.5,,,
2004-11-01,,,40.5,,,
2004-11-02,,,40.5,,,
2004-11-03,40.5,37.5,37.5,40.5,,13146.0
2004-11-04,,,37.5,,,
2004-11-05,37.5,37.5,37.5,37.5,,3615.0
2004-11-08,,,37.5,,,
2004-11-09,,,38.5,,,
2004-11-10,38.5,38.5,38.5,38.5,,1350.0
2004-11-11,,,38.5,,,
2004-11-12,,,38.5,,,
2004-11-15,,,38.5,,,
2004-11-16,40.0,39.0,39.0,39.5,,4160.0
2004-11-17,39.0,39.0,39.0,39.0,,1750.0
2004-11-18,,,39.0,,,
2004-11-19,,,39.0,,,
2004-11-22,39.0,39.0,39.0,39.0,,3000.0
2004-11-23,39.0,38.5,39.0,39.0,,772.0
2004-11-24,,,39.0,,,
2004-11-25,39.0,38.5,39.0,39.0,,2000.0
2004-11-26,,,39.5,,,
2004-11-29,39.5,39.5,39.5,39.5,,472.0
2004-11-30,,,39.5,,,
2004-12-01,39.5,39.5,39.5,39.5,,1707.0
2004-12-02,39.5,39.5,39.5,39.5,,2094.0
2004-12-03,,,39.5,,,
2004-12-06,,,39.5,,,
2004-12-07,,,40.0,,,
2004-12-08,,,40.0,,,
2004-12-09,,,40.0,,,
2004-12-10,40.0,40.0,40.0,40.0,,5840.0
2004-12-13,,,40.5,,,
2004-12-14,,,40.5,,,
2004-12-15,,,40.5,,,
2004-12-16,40.5,40.5,40.5,40.5,,1000.0
2004-12-17,,,40.0,,,
2004-12-20,,,40.0,,,
2004-12-21,40.5,33.5,37.5,40.0,,5000.0
2004-12-22,,,37.5,,,
2004-12-23,39.5,37.5,37.5,37.5,,2600.0
2004-12-24,,,38.5,,,
2004-12-29,,,39.5,,,
2004-12-30,,,39.5,,,
2004-12-31,,,39.5,,,
2005-01-04,39.5,39.5,39.5,39.5,,1000.0
2005-01-05,,,39.5,,,
2005-01-06,39.5,39.5,39.5,39.5,,430.0
2005-01-07,,,39.5,,,
2005-01-10,39.5,39.5,39.5,39.5,,293.0
2005-01-11,,,39.5,,,
2005-01-12,,,39.5,,,
2005-01-13,,,38.5,,,
2005-01-14,,,38.5,,,
2005-01-17,,,38.5,,,
2005-01-18,,,38.5,,,
2005-01-19,,,38.5,,,
2005-01-20,39.5,38.5,38.5,38.5,,100000.0
2005-01-21,,,38.5,,,
2005-01-24,,,38.5,,,
2005-01-25,38.5,38.0,38.0,38.5,,4000.0
2005-01-26,,,35.5,,,
2005-01-27,,,35.5,,,
2005-01-28,,,35.5,,,
2005-01-31,,,35.5,,,
2005-02-01,,,35.5,,,
2005-02-02,,,35.5,,,
2005-02-03,,,35.5,,,
2005-02-04,,,35.5,,,
2005-02-07,,,35.5,,,
2005-02-08,,,35.5,,,
2005-02-09,35.0,35.0,35.0,35.0,,1000.0
2005-02-10,35.0,33.5,33.5,35.0,,7500.0
2005-02-11,33.5,33.0,33.0,33.5,,5200.0
2005-02-14,,,33.0,,,
2005-02-15,,,33.0,,,
2005-02-16,33.0,33.0,33.0,33.0,,190.0
2005-02-17,,,33.0,,,
2005-02-18,33.0,33.0,33.0,33.0,,891.0
2005-02-21,33.0,31.5,31.5,33.0,,7000.0
2005-02-22,,,31.5,,,
2005-02-23,,,31.5,,,
2005-02-24,31.5,28.5,29.0,31.5,,5000.0
2005-02-25,,,29.0,,,
2005-02-28,29.5,29.0,29.5,29.0,,5000.0
2005-03-01,,,29.5,,,
2005-03-02,29.5,29.5,29.5,29.5,,250.0
2005-03-03,29.5,29.5,29.5,29.5,,2600.0
2005-03-04,,,29.5,,,
2005-03-07,,,29.0,,,
2005-03-08,29.0,29.0,29.0,29.0,,2085.0
2005-03-09,,,29.0,,,
2005-03-10,,,29.0,,,
2005-03-11,29.0,29.0,29.0,29.0,,1282.0
2005-03-14,,,29.0,,,
2005-03-15,,,29.0,,,
2005-03-16,,,29.0,,,
2005-03-17,,,29.0,,,
2005-03-18,,,29.0,,,
2005-03-21,29.0,29.0,29.0,29.0,,864.0
2005-03-22,,,29.0,,,
2005-03-23,,,29.0,,,
2005-03-24,28.5,28.5,28.5,28.5,,5000.0
2005-03-29,,,28.5,,,
2005-03-30,,,28.5,,,
2005-03-31,,,28.5,,,
2005-04-01,28.5,28.5,28.5,28.5,,1030.0
2005-04-04,,,28.5,,,
2005-04-05,28.5,28.5,28.5,28.5,,300.0
2005-04-06,32.0,28.5,31.0,28.5,,79293.0
2005-04-07,31.0,31.0,31.0,31.0,,7657.0
2005-04-08,,,31.0,,,
2005-04-11,31.0,31.0,31.0,31.0,,500.0
2005-04-12,,,29.5,,,
2005-04-13,,,30.5,,,
2005-04-14,30.5,30.0,30.0,30.5,,5000.0
2005-04-15,,,30.0,,,
2005-04-18,30.0,28.5,28.5,30.0,,9421.0
2005-04-19,28.5,28.5,28.5,28.5,,20000.0
2005-04-20,29.0,29.0,29.0,29.0,,800.0
2005-04-21,,,29.0,,,
2005-04-22,,,29.0,,,
2005-04-25,,,29.0,,,
2005-04-26,29.0,28.5,28.5,29.0,,10462.0
2005-04-27,,,28.5,,,
2005-04-28,,,28.5,,,
2005-04-29,,,28.5,,,
2005-05-03,,,28.5,,,
2005-05-04,,,27.5,,,
2005-05-05,,,27.5,,,
2005-05-06,28.5,27.5,27.5,27.5,,179.0
2005-05-09,,,27.5,,,
2005-05-10,,,27.5,,,
2005-05-11,,,27.5,,,
2005-05-12,,,27.5,,,
2005-05-13,27.5,27.5,27.5,27.5,,31.0
2005-05-16,,,27.5,,,
2005-05-17,,,27.5,,,
2005-05-18,,,27.5,,,
2005-05-19,,,27.5,,,
2005-05-20,28.5,27.5,27.5,28.5,,200.0
2005-05-23,,,27.5,,,
2005-05-24,,,27.5,,,
2005-05-25,,,27.5,,,
2005-05-26,,,27.5,,,
2005-05-27,28.5,27.5,28.5,27.5,,2713.0
2005-05-31,,,28.5,,,
2005-06-01,,,28.5,,,
2005-06-02,,,28.5,,,
2005-06-03,28.5,28.5,28.5,28.5,,4500.0
2005-06-06,,,28.5,,,
2005-06-07,28.5,28.5,28.5,28.5,,169.0
2005-06-08,,,28.5,,,
2005-06-09,,,28.5,,,
2005-06-10,,,28.5,,,
2005-06-13,,,28.5,,,
2005-06-14,32.0,30.0,31.0,30.0,,106623.0
2005-06-15,31.0,31.0,31.0,31.0,,8275.0
2005-06-16,31.0,31.0,31.0,31.0,,15521.0
2005-06-17,31.5,31.0,31.5,31.0,,19291.0
2005-06-20,32.0,31.5,31.5,32.0,,16901.0
2005-06-21,31.5,31.5,31.5,31.5,,20000.0
2005-06-22,,,31.5,,,
2005-06-23,,,31.5,,,
2005-06-24,,,31.5,,,
2005-06-27,31.5,31.0,31.0,31.5,,20000.0
2005-06-28,,,31.0,,,
2005-06-29,31.0,31.0,31.0,31.0,,688.0
2005-06-30,31.0,29.5,29.5,31.0,,51000.0
2005-07-01,27.5,27.5,27.5,27.5,,1250.0
2005-07-04,,,27.5,,,
2005-07-05,27.5,26.0,26.0,27.5,,15000.0
2005-07-06,,,26.0,,,
2005-07-07,26.0,26.0,26.0,26.0,,186.0
2005-07-08,,,26.0,,,
2005-07-11,,,26.0,,,
2005-07-12,,,26.0,,,
2005-07-13,26.0,26.0,26.0,26.0,,1000.0
2005-07-14,,,26.0,,,
2005-07-15,26.5,26.0,26.5,26.0,,22067.0
2005-07-18,,,26.5,,,
2005-07-19,26.5,26.5,26.5,26.5,,2000.0
2005-07-20,,,26.5,,,
2005-07-21,,,26.5,,,
2005-07-22,,,26.5,,,
2005-07-25,,,26.5,,,
2005-07-26,,,26.5,,,
2005-07-27,,,26.5,,,
2005-07-28,,,26.5,,,
2005-07-29,26.5,26.5,26.5,26.5,,35.0
2005-08-01,26.5,26.5,26.5,26.5,,400.0
2005-08-02,,,26.5,,,
2005-08-03,,,26.5,,,
2005-08-04,26.5,26.5,26.5,26.5,,292.0
2005-08-05,26.5,26.5,26.5,26.5,,480.0
2005-08-08,,,26.5,,,
2005-08-09,27.0,26.5,27.0,26.5,,5000.0
2005-08-10,,,27.0,,,
2005-08-11,,,27.0,,,
2005-08-12,,,26.5,,,
2005-08-15,26.5,26.0,26.0,26.5,,533.0
2005-08-16,,,26.0,,,
2005-08-17,,,26.0,,,
2005-08-18,26.0,26.0,26.0,26.0,,1000.0
2005-08-19,,,26.0,,,
2005-08-22,26.0,26.0,26.0,26.0,,2000.0
2005-08-23,,,26.0,,,
2005-08-24,,,26.0,,,
2005-08-25,,,25.0,,,
2005-08-26,,,25.0,,,
2005-08-30,,,25.0,,,
2005-08-31,,,25.0,,,
2005-09-01,,,25.0,,,
2005-09-02,,,25.0,,,
2005-09-05,,,25.0,,,
2005-09-06,26.0,26.0,26.0,26.0,,31497.0
2005-09-07,26.0,26.0,26.0,26.0,,2051.0
2005-09-08,26.0,25.5,25.5,26.0,,9848.0
2005-09-09,25.5,25.5,25.5,25.5,,7060.0
2005-09-12,25.5,25.0,25.0,25.5,,16741.0
2005-09-13,24.5,23.0,24.0,24.5,,59347.0
2005-09-14,23.5,23.5,23.5,23.5,,920.0
2005-09-15,,,23.5,,,
2005-09-16,,,23.5,,,
2005-09-19,23.5,23.5,23.5,23.5,,902.0
2005-09-20,,,23.5,,,
2005-09-21,,,23.5,,,
2005-09-22,23.5,23.5,23.5,23.5,,6128.0
2005-09-23,23.5,23.5,23.5,23.5,,540.0
2005-09-26,23.5,23.5,23.5,23.5,,2361.0
2005-09-27,23.5,23.5,23.5,23.5,,779.0
2005-09-28,,,23.5,,,
2005-09-29,25.0,24.0,24.5,24.0,,21500.0
2005-09-30,24.5,22.0,22.0,24.5,,1000.0
2005-10-03,22.0,21.5,21.5,22.0,,10000.0
2005-10-04,21.5,21.5,21.5,21.5,,5000.0
2005-10-05,,,21.5,,,
2005-10-06,,,21.5,,,
2005-10-07,,,21.0,,,
2005-10-10,,,21.0,,,
2005-10-11,,,21.0,,,
2005-10-12,,,21.0,,,
2005-10-13,21.0,21.0,21.0,21.0,,4105.0
2005-10-14,,,21.0,,,
2005-10-17,21.0,21.0,21.0,21.0,,930.0
2005-10-18,,,21.0,,,
2005-10-19,,,21.0,,,
2005-10-20,,,21.0,,,
2005-10-21,,,21.0,,,
2005-10-24,,,21.0,,,
2005-10-25,21.0,21.0,21.0,21.0,,10000.0
2005-10-26,,,21.0,,,
2005-10-27,,,21.0,,,
2005-10-28,,,21.0,,,
2005-10-31,21.0,21.0,21.0,21.0,,1000.0
2005-11-01,21.0,21.0,21.0,21.0,,2033.0
2005-11-02,,,21.0,,,
2005-11-03,21.0,21.0,21.0,21.0,,500.0
2005-11-04,,,21.0,,,
2005-11-07,21.0,21.0,21.0,21.0,,10000.0
2005-11-08,,,21.0,,,
2005-11-09,,,21.0,,,
2005-11-10,,,21.0,,,
2005-11-11,,,21.0,,,
2005-11-14,21.0,21.0,21.0,21.0,,1600.0
2005-11-15,,,21.0,,,
2005-11-16,,,21.0,,,
2005-11-17,,,21.0,,,
2005-11-18,,,21.0,,,
2005-11-21,,,21.0,,,
2005-11-22,,,21.0,,,
2005-11-23,21.5,21.0,21.0,21.0,,64000.0
2005-11-24,21.0,21.0,21.0,21.0,,10523.0
2005-11-25,21.0,21.0,21.0,21.0,,25000.0
2005-11-28,25.0,21.0,24.5,21.0,,30000.0
2005-11-29,26.5,24.5,26.5,24.5,,13478.0
2005-11-30,26.5,20.5,20.5,26.5,,275112.0
2005-12-01,20.5,20.5,20.5,20.5,,2661.0
2005-12-02,20.5,20.5,20.5,20.5,,5300.0
2005-12-05,20.5,20.5,20.5,20.5,,10000.0
2005-12-06,,,20.5,,,
2005-12-07,,,20.5,,,
2005-12-08,,,20.5,,,
2005-12-09,21.0,20.5,21.0,20.5,,15000.0
2005-12-12,,,21.0,,,
2005-12-13,21.0,21.0,21.0,21.0,,5541.0
2005-12-14,21.0,21.0,21.0,21.0,,2646.0
2005-12-15,,,21.0,,,
2005-12-16,,,21.0,,,
2005-12-19,21.0,21.0,21.0,21.0,,10000.0
2005-12-20,,,21.0,,,
2005-12-21,,,21.0,,,
2005-12-22,,,21.0,,,
2005-12-23,21.0,21.0,21.0,21.0,,9000.0
2005-12-28,,,21.0,,,
2005-12-29,21.0,21.0,21.0,21.0,,5000.0
2005-12-30,,,21.0,,,
2006-01-03,,,21.0,,,
2006-01-04,,,21.0,,,
2006-01-05,,,21.0,,,
2006-01-06,,,21.0,,,
2006-01-09,,,21.0,,,
2006-01-10,21.0,21.0,21.0,21.0,,2563.0
2006-01-11,,,21.0,,,
2006-01-12,,,21.0,,,
2006-01-13,,,21.0,,,
2006-01-16,21.0,21.0,21.0,21.0,,706.0
2006-01-17,,,21.0,,,
2006-01-18,,,21.0,,,
2006-01-19,21.0,21.0,21.0,21.0,,3000.0
2006-01-20,,,21.0,,,
2006-01-23,,,21.0,,,
2006-01-24,21.0,20.5,20.5,21.0,,5000.0
2006-01-25,20.5,20.5,20.5,20.5,,1660.0
2006-01-26,20.5,20.5,20.5,20.5,,2565.0
2006-01-27,,,20.5,,,
2006-01-30,,,20.5,,,
2006-01-31,,,20.5,,,
2006-02-01,,,20.5,,,
2006-02-02,,,20.5,,,
2006-02-03,,,20.5,,,
2006-02-06,,,20.5,,,
2006-02-07,,,20.5,,,
2006-02-08,20.5,20.5,20.5,20.5,,4105.0
2006-02-09,,,20.5,,,
2006-02-10,,,20.5,,,
2006-02-13,,,19.5,,,
2006-02-14,,,19.5,,,
2006-02-15,,,19.5,,,
2006-02-16,,,19.5,,,
2006-02-17,19.5,19.5,19.5,19.5,,156753.0
2006-02-20,19.5,19.5,19.5,19.5,,9937.0
2006-02-21,19.5,19.5,19.5,19.5,,10025.0
2006-02-22,19.5,19.5,19.5,19.5,,491.0
2006-02-23,,,19.5,,,
2006-02-24,19.5,19.5,19.5,19.5,,512.0
2006-02-27,,,19.5,,,
2006-02-28,,,19.5,,,
2006-03-01,,,19.5,,,
2006-03-02,,,19.5,,,
2006-03-03,19.5,19.5,19.5,19.5,,19840.0
2006-03-06,19.5,19.5,19.5,19.5,,2000.0
2006-03-07,19.5,19.5,19.5,19.5,,25936.0
2006-03-08,19.5,19.5,19.5,19.5,,1237.0
2006-03-09,19.5,19.5,19.5,19.5,,4490.0
2006-03-10,,,19.5,,,
2006-03-13,19.5,19.5,19.5,19.5,,2128.0
2006-03-14,,,19.5,,,
2006-03-15,19.5,19.5,19.5,19.5,,3011.0
2006-03-16,,,19.5,,,
2006-03-17,19.5,19.5,19.5,19.5,,1650.0
2006-03-20,,,19.5,,,
2006-03-21,,,19.5,,,
2006-03-22,,,19.5,,,
2006-03-23,19.5,19.5,19.5,19.5,,8000.0
2006-03-24,,,19.5,,,
2006-03-27,20.0,19.5,20.0,19.5,,200000.0
2006-03-28,20.0,20.0,20.0,20.0,,34533.0
2006-03-29,20.0,20.0,20.0,20.0,,39000.0
2006-03-30,20.0,20.0,20.0,20.0,,285930.0
2006-03-31,20.0,20.0,20.0,20.0,,7852.0
2006-04-03,20.0,20.0,20.0,20.0,,2473.0
2006-04-04,20.0,20.0,20.0,20.0,,1250.0
2006-04-05,,,19.5,,,
2006-04-06,,,19.5,,,
2006-04-07,,,19.5,,,
2006-04-10,19.5,19.5,19.5,19.5,,12500.0
2006-04-11,19.5,18.5,18.5,19.5,,1212.0
2006-04-12,19.5,18.5,18.5,18.5,,13142.0
2006-04-13,18.5,18.5,18.5,18.5,,1000.0
2006-04-18,,,18.5,,,
2006-04-19,18.5,18.5,18.5,18.5,,292.0
2006-04-20,18.5,18.0,18.0,18.5,,46231.0
2006-04-21,18.0,17.75,17.75,18.0,,5555.0
2006-04-24,17.75,17.75,17.75,17.75,,15000.0
2006-04-25,,,17.75,,,
2006-04-26,17.75,17.75,17.75,17.75,,25000.0
2006-04-27,17.75,17.75,17.75,17.75,,5770.0
2006-04-28,17.75,17.75,17.75,17.75,,800.0
2006-05-02,17.75,17.75,17.75,17.75,,400.0
2006-05-03,17.75,17.25,17.25,17.75,,8000.0
2006-05-04,,,17.25,,,
2006-05-05,,,17.25,,,
2006-05-08,,,17.25,,,
2006-05-09,,,17.25,,,
2006-05-10,,,17.25,,,
2006-05-11,,,17.25,,,
2006-05-12,17.25,17.25,17.25,17.25,,5500.0
2006-05-15,,,17.0,,,
2006-05-16,,,16.25,,,
2006-05-17,,,16.0,,,
2006-05-18,16.25,16.25,16.25,16.25,,4937.0
2006-05-19,,,16.25,,,
2006-05-22,,,16.25,,,
2006-05-23,16.25,16.25,16.25,16.25,,390.0
2006-05-24,,,16.25,,,
2006-05-25,16.25,16.25,16.25,16.25,,292.0
2006-05-26,16.5,16.25,16.5,16.25,,10000.0
2006-05-30,,,16.5,,,
2006-05-31,16.5,15.25,15.25,16.5,,50000.0
2006-06-01,,,15.25,,,
2006-06-02,,,15.25,,,
2006-06-05,15.25,15.25,15.25,15.25,,10000.0
2006-06-06,15.5,14.25,14.25,15.5,,109131.0
2006-06-07,14.25,14.0,14.0,14.25,,2450.0
2006-06-08,14.0,14.0,14.0,14.0,,405400.0
2006-06-09,14.5,14.0,14.5,14.0,,170000.0
2006-06-12,14.5,14.5,14.5,14.5,,2176.0
2006-06-13,14.5,14.5,14.5,14.5,,136400.0
2006-06-14,,,14.5,,,
2006-06-15,14.5,14.5,14.5,14.5,,15000.0
2006-06-16,14.5,14.5,14.5,14.5,,49019.0
2006-06-19,14.5,14.5,14.5,14.5,,35000.0
2006-06-20,14.5,14.5,14.5,14.5,,31280.0
2006-06-21,14.5,13.5,14.5,14.5,,30000.0
2006-06-22,14.5,14.5,14.5,14.5,,118500.0
2006-06-23,14.5,14.5,14.5,14.5,,25000.0
2006-06-26,14.5,14.5,14.5,14.5,,33365.0
2006-06-27,14.5,14.5,14.5,14.5,,200000.0
2006-06-28,,,14.5,,,
2006-06-29,14.75,14.5,14.75,14.5,,108379.0
2006-06-30,14.75,14.75,14.75,14.75,,47877.0
2006-07-03,14.75,14.75,14.75,14.75,,13663.0
2006-07-04,,,14.75,,,
2006-07-05,,,14.75,,,
2006-07-06,,,14.75,,,
2006-07-07,14.75,14.75,14.75,14.75,,25000.0
2006-07-10,14.75,14.75,14.75,14.75,,11998.0
2006-07-11,14.75,14.75,14.75,14.75,,27784.0
2006-07-12,,,14.75,,,
2006-07-13,,,14.75,,,
2006-07-14,14.75,14.0,14.0,14.75,,29756.0
2006-07-17,14.0,14.0,14.0,14.0,,10000.0
2006-07-18,,,14.0,,,
2006-07-19,14.0,14.0,14.0,14.0,,2608.0
2006-07-20,,,14.0,,,
2006-07-21,,,14.0,,,
2006-07-24,14.0,14.0,14.0,14.0,,10000.0
2006-07-25,,,14.0,,,
2006-07-26,,,14.0,,,
2006-07-27,14.0,14.0,14.0,14.0,,131592.0
2006-07-28,,,14.0,,,
2006-07-31,,,14.0,,,
2006-08-01,14.0,14.0,14.0,14.0,,105.0
2006-08-02,,,14.0,,,
2006-08-03,,,14.0,,,
2006-08-04,16.0,14.5,16.0,14.5,,167196.0
2006-08-07,16.0,16.0,16.0,16.0,,35794.0
2006-08-08,16.25,16.25,16.25,16.25,,155462.0
2006-08-09,17.0,16.25,17.0,16.25,,109520.0
2006-08-10,17.0,17.0,17.0,17.0,,10000.0
2006-08-11,17.0,17.0,17.0,17.0,,16186.0
2006-08-14,17.0,17.0,17.0,17.0,,1364.0
2006-08-15,17.0,17.0,17.0,17.0,,19000.0
2006-08-16,17.0,17.0,17.0,17.0,,9000.0
2006-08-17,,,17.0,,,
2006-08-18,17.5,17.0,17.5,17.0,,265000.0
2006-08-21,,,17.5,,,
2006-08-22,17.5,17.0,17.0,17.5,,10000.0
2006-08-23,,,15.75,,,
2006-08-24,15.75,15.75,15.75,15.75,,35000.0
2006-08-25,,,15.75,,,
2006-08-29,16.0,15.75,16.0,15.75,,38813.0
2006-08-30,,,16.0,,,
2006-08-31,,,16.0,,,
2006-09-01,16.25,16.25,16.25,16.25,,13320.0
2006-09-04,,,16.25,,,
2006-09-05,,,16.25,,,
2006-09-06,,,16.25,,,
2006-09-07,16.25,16.25,16.25,16.25,,1982.0
2006-09-08,,,16.25,,,
2006-09-11,,,16.25,,,
2006-09-12,,,16.25,,,
2006-09-13,17.25,16.25,17.25,16.25,,23500.0
2006-09-14,17.25,17.25,17.25,17.25,,236.0
2006-09-15,,,17.25,,,
2006-09-18,17.75,17.25,17.75,17.25,,40818.0
2006-09-19,,,17.75,,,
2006-09-20,,,17.75,,,
2006-09-21,21.5,17.75,21.5,17.75,,123106.0
2006-09-22,23.5,21.5,23.0,21.5,,218023.0
2006-09-25,23.0,22.0,22.0,23.0,,49096.0
2006-09-26,,,22.0,,,
2006-09-27,22.0,22.0,22.0,22.0,,2726.0
2006-09-28,22.0,22.0,22.0,22.0,,4998.0
2006-09-29,,,22.0,,,
2006-10-02,22.0,20.5,20.5,22.0,,21732.0
2006-10-03,20.5,20.5,20.5,20.5,,3500.0
2006-10-04,,,20.5,,,
2006-10-05,20.5,20.5,20.5,20.5,,4328.0
2006-10-06,20.5,20.5,20.5,20.5,,10000.0
2006-10-09,24.0,20.5,23.5,20.5,,82080.0
2006-10-10,23.5,23.5,23.5,23.5,,18071.0
2006-10-11,23.5,23.5,23.5,23.5,,3646.0
2006-10-12,,,23.5,,,
2006-10-13,23.5,23.5,23.5,23.5,,5000.0
2006-10-16,23.5,23.5,23.5,23.5,,12203.0
2006-10-17,24.5,24.0,24.0,24.0,,79048.0
2006-10-18,24.0,24.0,24.0,24.0,,2000.0
2006-10-19,24.0,24.0,24.0,24.0,,5000.0
2006-10-20,24.0,24.0,24.0,24.0,,22000.0
2006-10-23,25.0,24.0,25.0,24.0,,16289.0
2006-10-24,,,25.0,,,
2006-10-25,25.0,25.0,25.0,25.0,,21437.0
2006-10-26,25.25,25.0,25.25,25.0,,13000.0
2006-10-27,25.25,25.25,25.25,25.25,,27457.0
2006-10-30,27.0,24.5,27.0,24.5,,71950.0
2006-10-31,27.0,27.0,27.0,27.0,,100.0
2006-11-01,27.0,27.0,27.0,27.0,,5400.0
2006-11-02,,,27.0,,,
2006-11-03,27.0,27.0,27.0,27.0,,11237.0
2006-11-06,,,27.5,,,
2006-11-07,31.75,28.75,31.5,28.75,,151990.0
2006-11-08,30.5,30.0,30.0,30.5,,78524.0
2006-11-09,31.0,30.0,31.0,30.0,,33790.0
2006-11-10,,,32.5,,,
2006-11-13,36.5,35.0,36.5,35.0,,133962.0
2006-11-14,37.5,36.5,37.5,36.5,,46590.0
2006-11-15,43.0,37.5,41.0,37.5,,192986.0
2006-11-16,41.0,40.5,40.5,41.0,,47281.0
2006-11-17,41.0,40.5,41.0,40.5,,29846.0
2006-11-20,42.0,41.0,42.0,41.0,,18655.0
2006-11-21,49.0,42.0,46.0,42.0,,173871.0
2006-11-22,46.0,41.25,41.25,46.0,,172001.0
2006-11-23,41.5,41.0,41.0,41.25,,50159.0
2006-11-24,41.0,41.0,41.0,41.0,,7000.0
2006-11-27,51.5,47.75,47.75,48.0,,397928.0
2006-11-28,47.75,46.0,46.5,47.75,,26427.0
2006-11-29,50.0,46.0,49.0,46.5,,101921.0
2006-11-30,49.0,49.0,49.0,49.0,,128091.0
2006-12-01,49.0,48.5,48.5,49.0,,38796.0
2006-12-04,48.5,46.0,46.0,48.5,,57779.0
2006-12-05,44.0,38.5,40.0,44.0,,164019.0
2006-12-06,40.0,32.5,37.5,40.0,,178652.0
2006-12-07,37.5,37.5,37.5,37.5,,3932.0
2006-12-08,,,37.5,,,
2006-12-11,46.5,38.5,46.5,38.5,,96889.0
2006-12-12,46.5,46.0,46.0,46.5,,2370.0
2006-12-13,46.0,45.0,45.0,46.0,,35000.0
2006-12-14,45.0,45.0,45.0,45.0,,3000.0
2006-12-15,45.0,43.5,43.5,45.0,,9535.0
2006-12-18,46.0,43.5,46.0,43.5,,82631.0
2006-12-19,46.0,45.5,45.5,46.0,,39868.0
2006-12-20,45.0,45.0,45.0,45.0,,2105.0
2006-12-21,53.5,45.0,52.0,45.0,,151535.0
2006-12-22,52.0,50.5,50.5,52.0,,36403.0
2006-12-27,50.5,50.5,50.5,50.5,,3384.0
2006-12-28,,,48.5,,,
2006-12-29,48.5,48.5,48.5,48.5,,17534.0
2007-01-02,48.5,48.5,48.5,48.5,,15986.0
2007-01-03,48.5,48.5,48.5,48.5,,3205.0
2007-01-04,48.5,48.5,48.5,48.5,,5000.0
2007-01-05,48.5,48.5,48.5,48.5,,8423.0
2007-01-08,48.5,48.5,48.5,48.5,,41930.0
2007-01-09,48.5,48.5,48.5,48.5,,4000.0
2007-01-10,48.5,48.0,48.0,48.5,,11479.0
2007-01-11,48.0,44.5,46.0,48.0,,95706.0
2007-01-12,46.5,46.0,46.5,46.0,,200.0
2007-01-15,47.5,46.5,47.5,46.5,,4824.0
2007-01-16,49.5,47.5,49.5,47.5,,15260.0
2007-01-17,50.0,49.5,50.0,49.5,,153000.0
2007-01-18,50.0,50.0,50.0,50.0,,212000.0
2007-01-19,54.5,51.0,53.5,51.0,,146158.0
2007-01-22,54.5,53.5,54.5,53.5,,46000.0
2007-01-23,54.5,54.5,54.5,54.5,,5765.0
2007-01-24,54.5,54.5,54.5,54.5,,2459.0
2007-01-25,,,54.5,,,
2007-01-26,54.5,52.5,52.5,54.5,,42192.0
2007-01-29,52.5,52.5,52.5,52.5,,28190.0
2007-01-30,52.5,52.5,52.5,52.5,,6220.0
2007-01-31,52.5,52.5,52.5,52.5,,4976.0
2007-02-01,52.5,52.5,52.5,52.5,,8722.0
2007-02-02,52.5,52.5,52.5,52.5,,15070.0
2007-02-05,52.5,52.5,52.5,52.5,,128764.0
2007-02-06,,,52.5,,,
2007-02-07,52.5,52.5,52.5,52.5,,184.0
2007-02-08,52.5,52.5,52.5,52.5,,3574.0
2007-02-09,52.5,51.5,51.5,52.5,,24365.0
2007-02-12,51.5,51.0,51.0,51.5,,135500.0
2007-02-13,51.0,51.0,51.0,51.0,,73214.0
2007-02-14,51.0,50.5,50.5,51.0,,163868.0
2007-02-15,49.5,47.0,47.0,49.5,,32197.0
2007-02-16,47.0,47.0,47.0,47.0,,5000.0
2007-02-19,48.0,47.0,47.0,48.0,,7141.0
2007-02-20,47.0,46.0,46.0,47.0,,24718.0
2007-02-21,46.0,46.0,46.0,46.0,,13133.0
2007-02-22,47.0,46.0,47.0,46.5,,32567.0
2007-02-23,47.0,47.0,47.0,47.0,,10000.0
2007-02-26,47.5,46.5,46.5,47.0,,22108.0
2007-02-27,46.5,46.0,46.0,46.5,,5000.0
2007-02-28,45.5,38.5,45.5,38.5,,114717.0
2007-03-01,48.0,46.0,46.0,48.0,,48569.0
2007-03-02,,,46.0,,,
2007-03-05,46.0,43.5,43.5,46.0,,29685.0
2007-03-06,43.5,42.0,42.0,43.5,,41038.0
2007-03-07,42.0,41.0,41.0,42.0,,8688.0
2007-03-08,,,41.0,,,
2007-03-09,46.0,41.0,46.0,41.0,,51314.0
2007-03-12,47.0,46.0,47.0,46.0,,10000.0
2007-03-13,64.0,57.0,57.0,57.0,,542860.0
2007-03-14,56.5,51.5,55.5,56.0,,109472.0
2007-03-15,55.5,55.5,55.5,55.5,,10053.0
2007-03-16,55.5,55.5,55.5,55.5,,7266.0
2007-03-19,55.5,55.5,55.5,55.5,,1804.0
2007-03-20,55.5,55.5,55.5,55.5,,10200.0
2007-03-21,55.5,55.5,55.5,55.5,,540.0
2007-03-22,,,55.5,,,
2007-03-23,56.5,55.5,56.5,55.5,,32297.0
2007-03-26,56.5,55.0,56.5,56.5,,292393.0
2007-03-27,56.5,55.0,55.0,56.5,,11948.0
2007-03-28,55.0,55.0,55.0,55.0,,13336.0
2007-03-29,55.0,54.5,54.5,55.0,,8000.0
2007-03-30,54.5,54.5,54.5,54.5,,7035.0
2007-04-02,54.5,54.5,54.5,54.5,,47106.0
2007-04-03,54.5,54.5,54.5,54.5,,3560.0
2007-04-04,54.5,54.5,54.5,54.5,,4834.0
2007-04-05,54.5,54.5,54.5,54.5,,2274.0
2007-04-10,60.0,54.5,60.0,54.5,,50957.0
2007-04-11,61.5,60.0,61.5,60.0,,47832.0
2007-04-12,61.5,61.5,61.5,61.5,,27530.0
2007-04-13,61.5,61.5,61.5,61.5,,19326.0
2007-04-16,61.5,60.5,60.5,61.5,,13042.0
2007-04-17,62.5,60.5,62.5,60.5,,14216.0
2007-04-18,62.5,61.0,61.0,62.5,,68025.0
2007-04-19,61.0,61.0,61.0,61.0,,35170.0
2007-04-20,61.0,61.0,61.0,61.0,,10923.0
2007-04-23,62.5,61.0,62.5,61.0,,78006.0
2007-04-24,62.5,62.5,62.5,62.5,,5126.0
2007-04-25,62.5,62.5,62.5,62.5,,3038.0
2007-04-26,62.5,62.5,62.5,62.5,,5842.0
2007-04-27,62.5,62.5,62.5,62.5,,5589.0
2007-04-30,72.0,62.5,70.0,62.5,,80914.0
2007-05-01,77.5,69.5,69.5,76.5,,143933.0
2007-05-02,71.0,69.5,71.0,69.5,,84803.0
2007-05-03,71.0,71.0,71.0,71.0,,33090.0
2007-05-04,71.0,69.0,69.0,71.0,,14574.0
2007-05-08,69.0,69.0,69.0,69.0,,12421.0
2007-05-09,69.0,69.0,69.0,69.0,,1000.0
2007-05-10,69.0,69.0,69.0,69.0,,5678.0
2007-05-11,68.5,67.5,67.5,68.5,,31032.0
2007-05-14,67.5,67.5,67.5,67.5,,16000.0
2007-05-15,67.5,67.5,67.5,67.5,,10252.0
2007-05-16,67.5,66.0,66.0,67.5,,27043.0
2007-05-17,66.0,66.0,66.0,66.0,,2918.0
2007-05-18,,,66.0,,,
2007-05-21,65.0,65.0,65.0,65.0,,14176.0
2007-05-22,65.0,65.0,65.0,65.0,,2700.0
2007-05-23,65.0,65.0,65.0,65.0,,8395.0
2007-05-24,66.0,64.0,66.0,65.0,,105827.0
2007-05-25,66.5,65.0,65.0,66.0,,19272.0
2007-05-29,65.0,65.0,65.0,65.0,,7726.0
2007-05-30,65.0,61.5,61.5,65.0,,27074.0
2007-05-31,62.5,61.5,62.5,61.5,,18593.0
2007-06-01,65.0,62.5,65.0,62.5,,41961.0
2007-06-04,,,65.0,,,
2007-06-05,,,65.0,,,
2007-06-06,65.0,61.5,61.5,65.0,,40150.0
2007-06-07,61.5,61.5,61.5,61.5,,22180.0
2007-06-08,64.0,62.5,64.0,62.5,,93004.0
2007-06-11,65.5,64.0,65.5,64.0,,52954.0
2007-06-12,66.5,61.5,61.5,66.5,,153210.0
2007-06-13,61.5,58.0,59.5,61.5,,143418.0
2007-06-14,60.5,60.5,60.5,60.5,,2500.0
2007-06-15,60.5,60.5,60.5,60.5,,15142.0
2007-06-18,60.5,60.5,60.5,60.5,,35587.0
2007-06-19,60.5,60.5,60.5,60.5,,4180.0
2007-06-20,60.5,59.5,59.5,60.5,,17422.0
2007-06-21,59.5,58.5,58.5,59.5,,5613.0
2007-06-22,58.5,58.5,58.5,58.5,,1489.0
2007-06-25,58.5,57.0,57.0,58.5,,15650.0
2007-06-26,57.0,53.5,53.5,57.0,,18212.0
2007-06-27,53.5,53.5,53.5,53.5,,1581.0
2007-06-28,53.5,50.0,50.0,53.5,,76420.0
2007-06-29,50.0,50.0,50.0,50.0,,2233.0
2007-07-02,50.0,49.5,49.5,50.0,,6550.0
2007-07-03,54.0,48.5,54.0,49.5,,97059.0
2007-07-04,54.5,54.0,54.0,54.0,,33500.0
2007-07-05,54.0,52.0,52.0,54.0,,10000.0
2007-07-06,57.5,52.0,57.5,52.0,,121742.0
2007-07-09,60.0,57.5,60.0,57.5,,39367.0
2007-07-10,63.5,60.0,62.0,60.0,,70906.0
2007-07-11,62.0,61.0,61.0,62.0,,9237.0
2007-07-12,61.0,57.0,57.0,61.0,,39088.0
2007-07-13,57.0,53.5,54.0,57.0,,59400.0
2007-07-16,55.5,54.0,55.25,54.0,,80468.0
2007-07-17,55.25,55.25,55.25,55.25,,17074.0
2007-07-18,55.25,53.5,53.5,55.25,,5011.0
2007-07-19,54.5,53.5,54.5,53.5,,76600.0
2007-07-20,54.5,54.5,54.5,54.5,,6500.0
2007-07-23,56.5,56.5,56.5,56.5,,23176.0
2007-07-24,56.5,56.5,56.5,56.5,,3493.0
2007-07-25,55.5,55.5,55.5,55.5,,10000.0
2007-07-26,55.5,52.5,52.5,55.5,,10000.0
2007-07-27,51.5,50.0,50.0,51.5,,7631.0
2007-07-30,53.5,48.0,53.5,49.5,,94686.0
2007-07-31,53.5,53.5,53.5,53.5,,1500.0
2007-08-01,53.5,53.5,53.5,53.5,,1700.0
2007-08-02,56.5,53.5,53.5,56.5,,16292.0
2007-08-03,53.5,52.0,52.0,53.5,,30050.0
2007-08-06,,,51.5,,,
2007-08-07,,,51.5,,,
2007-08-08,51.5,51.5,51.5,51.5,,1000.0
2007-08-09,51.5,51.5,51.5,51.5,,234.0
2007-08-10,51.5,49.0,49.0,51.5,,6256.0
2007-08-13,49.0,48.5,48.5,49.0,,17467.0
2007-08-14,51.0,49.0,50.0,49.0,,37097.0
2007-08-15,50.0,48.5,48.5,50.0,,20000.0
2007-08-16,48.5,45.5,45.5,48.5,,104312.0
2007-08-17,45.5,45.5,45.5,45.5,,64000.0
2007-08-20,46.5,45.5,46.5,45.5,,14326.0
2007-08-21,46.5,46.5,46.5,46.5,,17742.0
2007-08-22,,,46.5,,,
2007-08-23,46.5,46.5,46.5,46.5,,8941.0
2007-08-24,48.5,46.5,48.5,46.5,,28791.0
2007-08-28,,,48.5,,,
2007-08-29,47.0,46.5,46.5,47.0,,339464.0
2007-08-30,47.5,46.5,47.5,46.5,,44611.0
2007-08-31,47.5,47.5,47.5,47.5,,6000.0
2007-09-03,51.5,47.5,51.5,47.5,,44882.0
2007-09-04,53.5,51.5,53.0,51.5,,15671.0
2007-09-05,53.5,53.0,53.5,53.0,,12376.0
2007-09-06,54.5,53.5,54.5,53.5,,10000.0
2007-09-07,54.5,53.5,53.5,54.5,,16000.0
2007-09-10,53.5,53.0,53.0,53.5,,13441.0
2007-09-11,53.0,51.5,51.5,53.0,,22923.0
2007-09-12,51.5,51.5,51.5,51.5,,11000.0
2007-09-13,51.5,51.5,51.5,51.5,,2249.0
2007-09-14,51.5,50.0,50.0,51.5,,20000.0
2007-09-17,50.0,46.5,46.5,50.0,,23709.0
2007-09-18,46.5,45.0,45.0,46.5,,81000.0
2007-09-19,45.0,45.0,45.0,45.0,,10000.0
2007-09-20,45.0,45.0,45.0,45.0,,27331.0
2007-09-21,45.0,45.0,45.0,45.0,,5000.0
2007-09-24,45.5,45.0,45.5,45.0,,6510.0
2007-09-25,45.5,45.5,45.5,45.5,,7000.0
2007-09-26,,,45.5,,,
2007-09-27,45.5,45.5,45.5,45.5,,6250.0
2007-09-28,45.5,45.5,45.5,45.5,,30000.0
2007-10-01,45.5,45.5,45.5,45.5,,4036.0
2007-10-02,46.0,44.0,46.0,45.5,,42300.0
2007-10-03,46.0,46.0,46.0,46.0,,10000.0
2007-10-04,46.0,46.0,46.0,46.0,,2400.0
2007-10-05,46.0,46.0,46.0,46.0,,25000.0
2007-10-08,46.0,45.0,45.0,46.0,,48632.0
2007-10-09,45.0,45.0,45.0,45.0,,22500.0
2007-10-10,45.0,41.5,41.5,45.0,,107354.0
2007-10-11,43.0,41.5,43.0,41.5,,41764.0
2007-10-12,48.5,44.5,48.5,45.0,,117816.0
2007-10-15,48.5,48.5,48.5,48.5,,31130.0
2007-10-16,48.5,48.5,48.5,48.5,,8545.0
2007-10-17,48.5,46.5,46.5,48.5,,6442.0
2007-10-18,46.5,46.5,46.5,46.5,,2500.0
2007-10-19,46.5,46.5,46.5,46.5,,1000.0
2007-10-22,46.5,46.5,46.5,46.5,,4845.0
2007-10-23,46.5,46.5,46.5,46.5,,8660.0
2007-10-24,46.5,46.5,46.5,46.5,,4045.0
2007-10-25,46.5,46.5,46.5,46.5,,27000.0
2007-10-26,46.5,45.0,45.0,46.5,,20000.0
2007-10-29,45.0,44.0,45.0,45.0,,55166.0
2007-10-30,45.0,45.0,45.0,45.0,,10000.0
2007-10-31,45.0,43.5,43.5,45.0,,37681.0
2007-11-01,43.5,42.0,42.0,43.5,,23272.0
2007-11-02,48.0,45.337,48.0,45.337,,203636.0
2007-11-05,48.0,46.5,47.5,48.0,,46300.0
2007-11-06,47.5,47.0,47.0,47.5,,15768.0
2007-11-07,47.5,46.5,46.5,47.5,,31250.0
2007-11-08,44.5,43.5,44.5,43.5,,10132.0
2007-11-09,44.5,43.5,43.5,44.5,,10043.0
2007-11-12,48.0,45.0,48.0,45.0,,52354.0
2007-11-13,48.0,47.5,47.5,48.0,,10650.0
2007-11-14,47.5,47.5,47.5,47.5,,5000.0
2007-11-15,47.5,47.5,47.5,47.5,,61511.0
2007-11-16,48.0,47.5,47.5,48.0,,14750.0
2007-11-19,47.5,47.5,47.5,47.5,,1500.0
2007-11-20,47.5,46.0,46.0,47.5,,8500.0
2007-11-21,46.0,45.5,45.5,46.0,,2308.0
2007-11-22,45.5,45.5,45.5,45.5,,31500.0
2007-11-23,45.5,45.5,45.5,45.5,,2150.0
2007-11-26,45.5,45.0,45.0,45.5,,9000.0
2007-11-27,45.0,45.0,45.0,45.0,,7500.0
2007-11-28,,,45.0,,,
2007-11-29,,,45.0,,,
2007-11-30,45.0,45.0,45.0,45.0,,11000.0
2007-12-03,45.0,45.0,45.0,45.0,,24860.0
2007-12-04,45.0,45.0,45.0,45.0,,6513.0
2007-12-05,45.0,45.0,45.0,45.0,,2570.0
2007-12-06,45.0,45.0,45.0,45.0,,47566.0
2007-12-07,46.5,42.0,42.0,46.5,,76501.0
2007-12-10,42.0,39.0,39.0,42.0,,115210.0
2007-12-11,40.0,40.0,40.0,40.0,,8391.0
2007-12-12,40.0,40.0,40.0,40.0,,7597.0
2007-12-13,40.0,40.0,40.0,40.0,,40000.0
2007-12-14,,,40.0,,,
2007-12-17,40.0,35.0,35.0,40.0,,106087.0
2007-12-18,34.0,33.751,34.0,33.751,,29161.0
2007-12-19,34.0,34.0,34.0,34.0,,103.0
2007-12-20,34.0,33.0,33.0,34.0,,16500.0
2007-12-21,,,33.0,,,
2007-12-24,33.0,33.0,33.0,33.0,,1449.0
2007-12-27,33.0,33.0,33.0,33.0,,4300.0
2007-12-28,33.0,32.0,32.0,33.0,,41442.0
2007-12-31,35.0,32.0,35.0,32.0,,76591.0
2008-01-02,35.0,35.0,35.0,35.0,,4690.0
2008-01-03,37.0,35.0,35.0,35.0,,149185.0
2008-01-04,36.5,35.0,36.0,35.0,,86883.0
2008-01-07,36.0,36.0,36.0,36.0,,30892.0
2008-01-08,36.0,36.0,36.0,36.0,,3490.0
2008-01-09,36.0,36.0,36.0,36.0,,58725.0
2008-01-10,,,36.0,,,
2008-01-11,36.0,36.0,36.0,36.0,,10000.0
2008-01-14,36.0,36.0,36.0,36.0,,10000.0
2008-01-15,36.0,35.5,35.5,36.0,,22553.0
2008-01-16,35.5,31.5,31.5,35.5,,53089.0
2008-01-17,31.5,30.5,30.5,31.5,,66141.0
2008-01-18,31.0,29.5,31.0,29.5,,34448.0
2008-01-21,30.0,29.5,29.5,30.0,,21979.0
2008-01-22,,,27.5,,,
2008-01-23,29.0,27.5,29.0,27.5,,15000.0
2008-01-24,29.0,29.0,29.0,29.0,,1566.0
2008-01-25,29.0,29.0,29.0,29.0,,27138.0
2008-01-28,28.5,27.0,27.0,28.5,,47405.0
2008-01-29,,,27.0,,,
2008-01-30,27.0,27.0,27.0,27.0,,2628.0
2008-01-31,,,27.0,,,
2008-02-01,27.5,27.0,27.5,27.0,,25000.0
2008-02-04,27.5,27.5,27.5,27.5,,14000.0
2008-02-05,,,27.5,,,
2008-02-06,27.5,27.5,27.5,27.5,,2000.0
2008-02-07,27.5,27.5,27.5,27.5,,2725.0
2008-02-08,,,27.5,,,
2008-02-11,27.5,27.5,27.5,27.5,,6000.0
2008-02-12,,,27.5,,,
2008-02-13,27.5,27.5,27.5,27.5,,2500.0
2008-02-14,,,27.5,,,
2008-02-15,,,27.5,,,
2008-02-18,,,27.5,,,
2008-02-19,27.5,27.5,27.5,27.5,,5563.0
2008-02-20,27.5,27.5,27.5,27.5,,30.0
2008-02-21,27.5,27.5,27.5,27.5,,24000.0
2008-02-22,,,27.0,,,
2008-02-25,,,27.0,,,
2008-02-26,32.5,31.464,32.5,31.464,,161721.0
2008-02-27,33.5,33.0,33.5,33.0,,18882.0
2008-02-28,34.0,33.5,34.0,33.5,,19635.0
2008-02-29,34.0,34.0,34.0,34.0,,3500.0
2008-03-03,36.0,34.0,36.0,34.0,,4000.0
2008-03-04,36.0,36.0,36.0,36.0,,26582.0
2008-03-05,36.5,36.0,36.5,36.0,,8229.0
2008-03-06,,,36.5,,,
2008-03-07,36.5,34.5,34.5,36.5,,18700.0
2008-03-10,34.5,33.0,33.0,34.5,,26266.0
2008-03-11,33.0,29.5,29.5,33.0,,48603.0
2008-03-12,29.5,29.5,29.5,29.5,,20000.0
2008-03-13,,,30.0,,,
2008-03-14,30.0,29.5,29.5,30.0,,35000.0
2008-03-17,,,29.5,,,
2008-03-18,29.5,28.5,29.0,29.5,,19152.0
2008-03-19,,,29.0,,,
2008-03-20,28.0,26.5,26.5,28.0,,22000.0
2008-03-25,26.5,26.5,26.5,26.5,,20986.0
2008-03-26,26.5,26.5,26.5,26.5,,10000.0
2008-03-27,,,26.5,,,
2008-03-28,,,26.5,,,
2008-03-31,28.0,28.0,28.0,28.0,,5118.0
2008-04-01,28.0,28.0,28.0,28.0,,10004.0
2008-04-02,28.0,28.0,28.0,28.0,,10000.0
2008-04-03,28.0,28.0,28.0,28.0,,11000.0
2008-04-04,,,28.0,,,
2008-04-07,28.0,28.0,28.0,28.0,,17120.0
2008-04-08,28.0,25.5,25.5,28.0,,46659.0
2008-04-09,25.5,25.5,25.5,25.5,,3000.0
2008-04-10,,,25.5,,,
2008-04-11,25.5,25.5,25.5,25.5,,5193.0
2008-04-14,,,25.5,,,
2008-04-15,,,25.5,,,
2008-04-16,,,25.5,,,
2008-04-17,,,25.5,,,
2008-04-18,,,25.5,,,
2008-04-21,25.5,25.5,25.5,25.5,,25843.0
2008-04-22,25.5,25.5,25.5,25.5,,8579.0
2008-04-23,,,25.5,,,
2008-04-24,25.5,25.5,25.5,25.5,,2154.0
2008-04-25,,,25.5,,,
2008-04-28,26.0,25.5,26.0,25.5,,9659.0
2008-04-29,26.5,26.0,26.5,26.0,,4019.0
2008-04-30,26.5,26.5,26.5,26.5,,5000.0
2008-05-01,,,26.5,,,
2008-05-02,26.5,26.5,26.5,26.5,,12500.0
2008-05-06,26.5,26.5,26.5,26.5,,4000.0
2008-05-07,,,26.5,,,
2008-05-08,,,26.5,,,
2008-05-09,26.5,25.5,25.5,26.5,,14823.0
2008-05-12,,,25.5,,,
2008-05-13,25.5,25.0,25.0,25.5,,43305.0
2008-05-14,,,24.5,,,
2008-05-15,24.5,22.5,22.5,24.5,,41923.0
2008-05-16,22.5,22.5,22.5,22.5,,8507.0
2008-05-19,28.0,23.0,27.0,23.0,,145242.0
2008-05-20,31.0,27.0,29.0,27.0,,113905.0
2008-05-21,29.0,28.5,28.5,29.0,,69700.0
2008-05-22,28.5,27.5,27.5,28.5,,16700.0
2008-05-23,27.5,26.5,26.5,27.5,,17481.0
2008-05-27,26.5,26.5,26.5,26.5,,4462.0
2008-05-28,26.5,26.5,26.5,26.5,,13235.0
2008-05-29,,,26.5,,,
2008-05-30,26.5,26.5,26.5,26.5,,8000.0
2008-06-02,,,26.5,,,
2008-06-03,26.5,26.5,26.5,26.5,,7334.0
2008-06-04,26.5,26.5,26.5,26.5,,19543.0
2008-06-05,26.5,26.5,26.5,26.5,,9000.0
2008-06-06,,,26.5,,,
2008-06-09,,,26.5,,,
2008-06-10,26.5,26.5,26.5,26.5,,255.0
2008-06-11,,,26.5,,,
2008-06-12,26.5,26.5,26.5,26.5,,287.0
2008-06-13,26.5,26.5,26.5,26.5,,5000.0
2008-06-16,,,26.5,,,
2008-06-17,30.0,30.0,30.0,30.0,,23000.0
2008-06-18,29.0,29.0,29.0,29.0,,23712.0
2008-06-19,29.0,28.5,28.5,29.0,,9240.0
2008-06-20,28.5,27.0,27.0,28.5,,4880.0
2008-06-23,27.0,27.0,27.0,27.0,,5440.0
2008-06-24,,,27.0,,,
2008-06-25,,,27.0,,,
2008-06-26,,,27.0,,,
2008-06-27,26.5,26.0,26.0,26.0,,35200.0
2008-06-30,26.0,26.0,26.0,26.0,,5900.0
2008-07-01,,,26.0,,,
2008-07-02,,,26.0,,,
2008-07-03,26.0,24.5,25.5,26.0,,115000.0
2008-07-04,,,25.5,,,
2008-07-07,,,26.0,,,
2008-07-08,26.0,25.5,25.5,26.0,,5000.0
2008-07-09,,,25.5,,,
2008-07-10,25.5,25.5,25.5,25.5,,600370.0
2008-07-11,25.5,25.5,25.5,25.5,,11345.0
2008-07-14,26.0,25.5,26.0,25.5,,6220.0
2008-07-15,,,26.0,,,
2008-07-16,26.0,25.0,25.0,26.0,,5060.0
2008-07-17,,,25.0,,,
2008-07-18,,,25.0,,,
2008-07-21,,,25.0,,,
2008-07-22,25.0,25.0,25.0,25.0,,1736.0
2008-07-23,25.0,25.0,25.0,25.0,,25000.0
2008-07-24,,,25.0,,,
2008-07-25,,,25.0,,,
2008-07-28,,,25.0,,,
2008-07-29,25.0,25.0,25.0,25.0,,5100.0
2008-07-30,28.0,26.0,26.0,28.0,,346.0
2008-07-31,,,26.0,,,
2008-08-01,26.0,26.0,26.0,26.0,,8000.0
2008-08-04,,,27.0,,,
2008-08-05,,,27.0,,,
2008-08-06,,,27.0,,,
2008-08-07,,,27.0,,,
2008-08-08,27.0,27.0,27.0,27.0,,7000.0
2008-08-11,,,27.0,,,
2008-08-12,27.0,27.0,27.0,27.0,,6538.0
2008-08-13,30.0,27.0,28.0,27.0,,5793.0
2008-08-14,,,28.0,,,
2008-08-15,28.0,28.0,28.0,28.0,,3293.0
2008-08-18,,,28.0,,,
2008-08-19,,,28.0,,,
2008-08-20,,,28.0,,,
2008-08-21,28.0,28.0,28.0,28.0,,9543.0
2008-08-22,28.0,28.0,28.0,28.0,,901.0
2008-08-26,,,28.0,,,
2008-08-27,30.0,28.0,30.0,28.0,,93181.0
2008-08-28,30.0,30.0,30.0,30.0,,1769.0
2008-08-29,,,30.0,,,
2008-09-01,30.0,30.0,30.0,30.0,,3117.0
2008-09-02,,,30.0,,,
2008-09-03,,,30.0,,,
2008-09-04,30.0,30.0,30.0,30.0,,3198.0
2008-09-05,,,30.0,,,
2008-09-08,,,30.0,,,
2008-09-09,,,30.0,,,
2008-09-10,30.0,30.0,30.0,30.0,,1000.0
2008-09-11,,,30.0,,,
2008-09-12,,,30.0,,,
2008-09-15,,,30.0,,,
2008-09-16,30.0,29.0,29.0,30.0,,10127.0
2008-09-17,29.0,29.0,29.0,29.0,,3000.0
2008-09-18,29.0,29.0,29.0,29.0,,40000.0
2008-09-19,,,29.0,,,
2008-09-22,29.0,29.0,29.0,29.0,,36918.0
2008-09-23,30.0,29.0,30.0,29.0,,34152.0
2008-09-24,32.0,32.0,32.0,32.0,,37851.0
2008-09-25,,,32.0,,,
2008-09-26,31.5,30.5,30.5,31.5,,12000.0
2008-09-29,30.5,30.5,30.5,30.5,,13500.0
2008-09-30,30.5,30.5,30.5,30.5,,1000.0
2008-10-01,,,30.5,,,
2008-10-02,30.5,30.5,30.5,30.5,,2000.0
2008-10-03,,,30.5,,,
2008-10-06,30.0,28.5,28.5,30.0,,27228.0
2008-10-07,,,28.5,,,
2008-10-08,28.5,28.5,28.5,28.5,,37760.0
2008-10-09,29.0,29.0,29.0,29.0,,10000.0
2008-10-10,29.0,28.5,28.5,29.0,,154000.0
2008-10-13,30.0,30.0,30.0,30.0,,31320.0
2008-10-14,30.0,30.0,30.0,30.0,,2000.0
2008-10-15,,,29.5,,,
2008-10-16,29.5,29.5,29.5,29.5,,3675.0
2008-10-17,28.5,28.5,28.5,28.5,,1566.0
2008-10-20,28.5,28.5,28.5,28.5,,17000.0
2008-10-21,29.0,29.0,29.0,29.0,,20000.0
2008-10-22,,,29.0,,,
2008-10-23,,,29.0,,,
2008-10-24,29.0,27.5,27.5,29.0,,10000.0
2008-10-27,27.5,27.5,27.5,27.5,,3377.0
2008-10-28,27.5,27.0,27.0,27.5,,2406.0
2008-10-29,27.0,27.0,27.0,27.0,1.0,10000.0
2008-10-30,27.0,25.5,25.5,27.0,1.0,30000.0
2008-10-31,26.7,25.5,25.5,26.7,1.0,3800.0
2008-11-03,,,25.5,,,
2008-11-04,28.5,25.5,28.5,25.5,3.0,41000.0
2008-11-05,28.5,28.5,28.5,28.5,3.0,27000.0
2008-11-06,,,28.0,,,
2008-11-07,,,28.0,,,
2008-11-10,,,28.0,,,
2008-11-11,28.0,28.0,28.0,28.0,1.0,1056.0
2008-11-12,28.0,27.0,27.0,28.0,1.0,1188.0
2008-11-13,,,27.0,,,
2008-11-14,,,27.0,,,
2008-11-17,,,27.0,,,
2008-11-18,27.0,27.0,27.0,27.0,1.0,346.0
2008-11-19,,,27.0,,,
2008-11-20,27.0,26.5,26.5,27.0,1.0,50000.0
2008-11-21,26.5,26.5,26.5,26.5,1.0,28358.0
2008-11-24,,,26.5,,,
2008-11-25,26.5,24.5,24.5,26.5,3.0,42700.0
2008-11-26,27.0,27.0,27.0,27.0,2.0,7000.0
2008-11-27,,,27.0,,,
2008-11-28,,,27.0,,,
2008-12-01,,,27.0,,,
2008-12-02,27.0,26.0,26.0,27.0,1.0,10000.0
2008-12-03,,,26.0,,,
2008-12-04,,,27.0,,,
2008-12-05,27.0,25.5,25.5,27.0,3.0,34501.0
2008-12-08,,,25.5,,,
2008-12-09,,,25.5,,,
2008-12-10,26.5,25.5,26.5,25.5,1.0,10000.0
2008-12-11,,,26.5,,,
2008-12-12,26.5,26.5,26.5,26.5,1.0,5000.0
2008-12-15,26.5,26.5,26.5,26.5,2.0,776.0
2008-12-16,,,26.5,,,
2008-12-17,26.5,26.5,26.5,26.5,1.0,1200.0
2008-12-18,26.5,26.5,26.5,26.5,1.0,728.0
2008-12-19,,,26.5,,,
2008-12-22,,,26.5,,,
2008-12-23,26.5,26.5,26.5,26.5,1.0,2700.0
2008-12-24,30.0,27.5,30.0,27.5,3.0,54504.0
2008-12-29,32.0,29.0,30.0,30.0,2.0,17247.0
2008-12-30,32.5,30.0,32.5,30.0,5.0,22162.0
2008-12-31,,,32.5,,,
2009-01-02,32.5,32.5,32.5,32.5,1.0,4000.0
2009-01-05,32.5,32.5,32.5,32.5,1.0,10000.0
2009-01-06,32.5,32.5,32.5,32.5,2.0,14303.0
2009-01-07,32.5,32.5,32.5,32.5,1.0,7000.0
2009-01-08,,,32.5,,,
2009-01-09,32.5,32.5,32.5,32.5,1.0,6197.0
2009-01-12,32.5,32.5,32.5,32.5,1.0,5000.0
2009-01-13,,,32.5,,,
2009-01-14,32.5,32.5,32.5,32.5,1.0,546.0
2009-01-15,32.5,32.5,32.5,32.5,1.0,175.0
2009-01-16,32.5,32.5,32.5,32.5,1.0,20000.0
2009-01-19,35.0,33.5,33.5,34.5,8.0,53100.0
2009-01-20,33.5,32.5,32.5,33.5,5.0,34712.0
2009-01-21,32.5,32.5,32.5,32.5,4.0,18250.0
2009-01-22,,,32.5,,,
2009-01-23,32.5,30.5,30.5,32.5,1.0,11625.0
2009-01-26,30.5,30.5,30.5,30.5,2.0,1040.0
2009-01-27,,,30.5,,,
2009-01-28,,,30.5,,,
2009-01-29,,,30.5,,,
2009-01-30,30.5,30.5,30.5,30.5,2.0,7852.0
2009-02-02,30.5,30.5,30.5,30.5,1.0,3691.0
2009-02-03,,,30.5,,,
2009-02-04,,,30.5,,,
2009-02-05,30.5,26.0,28.0,30.5,2.0,31494.0
2009-02-06,,,28.0,,,
2009-02-09,28.0,28.0,28.0,28.0,2.0,1292.0
2009-02-10,,,28.0,,,
2009-02-11,28.0,23.0,25.5,28.0,5.0,22034.0
2009-02-12,,,25.5,,,
2009-02-13,25.5,25.5,25.5,25.5,1.0,69.0
2009-02-16,25.5,25.5,25.5,25.5,1.0,598.0
2009-02-17,,,25.5,,,
2009-02-18,,,25.5,,,
2009-02-19,25.5,25.5,25.5,25.5,2.0,7350.0
2009-02-20,,,25.5,,,
2009-02-23,,,25.5,,,
2009-02-24,,,25.5,,,
2009-02-25,,,25.5,,,
2009-02-26,25.5,25.5,25.5,25.5,1.0,288.0
2009-02-27,26.75,25.5,26.5,25.5,1.0,10000.0
2009-03-02,,,26.5,,,
2009-03-03,26.5,26.5,26.5,26.5,1.0,5495.0
2009-03-04,,,26.5,,,
2009-03-05,,,26.5,,,
2009-03-06,,,26.5,,,
2009-03-09,,,26.5,,,
2009-03-10,,,26.5,,,
2009-03-11,,,26.5,,,
2009-03-12,,,26.5,,,
2009-03-13,26.5,25.5,25.5,26.5,1.0,20000.0
2009-03-16,25.5,25.0,25.0,25.5,2.0,17000.0
2009-03-17,25.0,23.5,23.5,25.0,1.0,5000.0
2009-03-18,23.5,23.0,23.5,23.5,3.0,14000.0
2009-03-19,23.5,20.5,20.5,23.5,4.0,62716.0
2009-03-20,22.0,20.5,22.0,20.5,6.0,95793.0
2009-03-23,,,22.0,,,
2009-03-24,23.0,22.0,23.0,22.0,1.0,20000.0
2009-03-25,27.0,23.0,26.0,23.0,5.0,37993.0
2009-03-26,30.0,26.0,29.0,26.0,4.0,32258.0
2009-03-27,29.0,29.0,29.0,29.0,3.0,51797.0
2009-03-30,29.0,29.0,29.0,29.0,1.0,30000.0
2009-03-31,29.0,29.0,29.0,29.0,1.0,10000.0
2009-04-01,,,29.0,,,
2009-04-02,29.0,29.0,29.0,29.0,1.0,12258.0
2009-04-03,29.0,28.5,29.0,29.0,2.0,17582.0
2009-04-06,29.0,29.0,29.0,29.0,4.0,23317.0
2009-04-07,29.0,29.0,29.0,29.0,1.0,3285.0
2009-04-08,,,29.0,,,
2009-04-09,,,29.0,,,
2009-04-14,,,29.0,,,
2009-04-15,29.0,29.0,29.0,29.0,1.0,2460.0
2009-04-16,29.0,28.0,28.0,29.0,1.0,24000.0
2009-04-17,,,28.0,,,
2009-04-20,28.0,28.0,28.0,28.0,2.0,3659.0
2009-04-21,34.75,30.55,32.5,32.5,14.0,58450.0
2009-04-22,32.5,31.5,31.5,32.5,10.0,81000.0
2009-04-23,31.5,31.5,31.5,31.5,6.0,193081.0
2009-04-24,31.5,31.5,31.5,31.5,3.0,18500.0
2009-04-27,31.5,30.0,30.0,31.5,8.0,21616.0
2009-04-28,30.0,30.0,30.0,30.0,4.0,45511.0
2009-04-29,,,30.0,,,
2009-04-30,,,30.0,,,
2009-05-01,30.0,30.0,30.0,30.0,2.0,30000.0
2009-05-05,30.0,30.0,30.0,30.0,17.0,155238.0
2009-05-06,30.0,30.0,30.0,30.0,2.0,10589.0
2009-05-07,30.0,30.0,30.0,30.0,8.0,128205.0
2009-05-08,30.0,30.0,30.0,30.0,4.0,11639.0
2009-05-11,30.5,30.0,30.0,30.5,1.0,3238.0
2009-05-12,30.0,29.5,29.5,30.0,6.0,535148.0
2009-05-13,29.5,29.5,29.5,29.5,2.0,20000.0
2009-05-14,30.5,29.0,29.0,30.5,7.0,24608.0
2009-05-15,29.0,29.0,29.0,29.0,1.0,3000.0
2009-05-18,,,29.0,,,
2009-05-19,29.0,29.0,29.0,29.0,2.0,9442.0
2009-05-20,,,29.0,,,
2009-05-21,29.0,28.0,28.0,29.0,5.0,52599.0
2009-05-22,28.5,28.0,28.0,28.5,4.0,14150.0
2009-05-26,31.5,28.0,29.5,28.0,6.0,55929.0
2009-05-27,29.5,29.0,29.0,29.5,4.0,36341.0
2009-05-28,,,29.0,,,
2009-05-29,29.0,29.0,29.0,29.0,3.0,46500.0
2009-06-01,29.0,28.5,29.0,29.0,4.0,53978.0
2009-06-02,29.0,29.0,29.0,29.0,6.0,55738.0
2009-06-03,29.0,29.0,29.0,29.0,3.0,39650.0
2009-06-04,29.0,28.5,29.0,29.0,4.0,31074.0
2009-06-05,29.0,29.0,29.0,29.0,5.0,45412.0
2009-06-08,29.0,29.0,29.0,29.0,9.0,32997.0
2009-06-09,29.0,29.0,29.0,29.0,12.0,169782.0
2009-06-10,38.0,30.0,36.0,30.0,61.0,346328.0
2009-06-11,38.0,33.16,34.0,35.5,20.0,110355.0
2009-06-12,38.0,34.0,38.0,34.0,21.0,85992.0
2009-06-15,38.0,37.0,37.0,38.0,19.0,70731.0
2009-06-16,36.0,36.0,36.0,36.0,3.0,9295.0
2009-06-17,36.5,36.0,36.0,36.0,5.0,29307.0
2009-06-18,36.5,36.0,36.0,36.0,3.0,13263.0
2009-06-19,36.0,35.5,36.0,36.0,6.0,53717.0
2009-06-22,36.0,36.0,36.0,36.0,4.0,8497.0
2009-06-23,44.25,37.0,38.5,37.5,33.0,204670.0
2009-06-24,39.0,38.5,39.0,38.5,13.0,56408.0
2009-06-25,39.0,39.0,39.0,39.0,2.0,11581.0
2009-06-26,39.0,38.5,38.5,39.0,8.0,16228.0
2009-06-29,40.0,38.5,40.0,38.5,7.0,45979.0
2009-06-30,40.0,40.0,40.0,40.0,1.0,2400.0
2009-07-01,,,40.0,,,
2009-07-02,40.0,37.5,37.5,40.0,4.0,27702.0
2009-07-03,37.5,36.5,36.5,37.5,5.0,56877.0
2009-07-06,37.5,36.5,37.5,36.5,4.0,20341.0
2009-07-07,38.5,37.5,38.5,37.5,3.0,26470.0
2009-07-08,38.5,37.5,37.5,38.5,2.0,2375.0
2009-07-09,37.5,37.5,37.5,37.5,1.0,4000.0
2009-07-10,37.5,36.5,36.5,37.5,2.0,14885.0
2009-07-13,36.5,36.5,36.5,36.5,4.0,7857.0
2009-07-14,36.5,36.5,36.5,36.5,1.0,2000.0
2009-07-15,36.5,35.5,35.5,36.5,5.0,22484.0
2009-07-16,35.5,35.5,35.5,35.5,3.0,5984.0
2009-07-17,35.5,35.5,35.5,35.5,2.0,5912.0
2009-07-20,35.5,35.5,35.5,35.5,2.0,7453.0
2009-07-21,39.5,36.5,38.0,36.5,33.0,228877.0
2009-07-22,39.5,38.0,39.5,38.0,13.0,53971.0
2009-07-23,39.5,35.5,38.5,39.5,14.0,90117.0
2009-07-24,38.5,37.5,37.5,38.5,1.0,10000.0
2009-07-27,37.5,36.5,37.5,37.5,6.0,37400.0
2009-07-28,37.5,37.5,37.5,37.5,1.0,10000.0
2009-07-29,,,37.5,,,
2009-07-30,,,37.5,,,
2009-07-31,,,37.5,,,
2009-08-03,37.5,37.5,37.5,37.5,4.0,5834.0
2009-08-04,37.5,37.5,37.5,37.5,3.0,2253.0
2009-08-05,37.5,36.5,36.5,37.5,4.0,12049.0
2009-08-06,37.5,36.5,37.0,36.5,5.0,31014.0
2009-08-07,37.0,37.0,37.0,37.0,1.0,5500.0
2009-08-10,37.0,37.0,37.0,37.0,1.0,1000.0
2009-08-11,37.0,37.0,37.0,37.0,5.0,48100.0
2009-08-12,37.0,36.5,36.5,37.0,2.0,5501.0
2009-08-13,37.0,36.5,37.0,36.5,3.0,57300.0
2009-08-14,38.0,37.0,37.0,37.0,3.0,19863.0
2009-08-17,37.0,35.5,35.5,37.0,3.0,53000.0
2009-08-18,35.5,35.5,35.5,35.5,5.0,89514.0
2009-08-19,37.0,35.5,37.0,35.5,9.0,40809.0
2009-08-20,38.0,37.0,38.0,37.0,5.0,36172.0
2009-08-21,38.0,37.0,37.0,38.0,1.0,1109.0
2009-08-24,,,38.5,,,
2009-08-25,38.5,38.0,38.0,38.5,3.0,11700.0
2009-08-26,38.0,38.0,38.0,38.0,3.0,7400.0
2009-08-27,,,40.0,,,
2009-08-28,43.5,40.0,41.0,40.0,1.0,3000.0
2009-09-01,41.0,40.0,40.0,41.0,1.0,7735.0
2009-09-02,40.0,39.5,39.5,40.0,2.0,8981.0
2009-09-03,39.5,39.5,39.5,39.5,1.0,7779.0
2009-09-04,39.5,39.0,39.0,39.5,4.0,51008.0
2009-09-07,39.0,39.0,39.0,39.0,2.0,18283.0
2009-09-08,39.0,39.0,39.0,39.0,2.0,10024.0
2009-09-09,39.0,38.5,38.5,39.0,3.0,20979.0
2009-09-10,38.5,37.0,37.0,38.5,2.0,8551.0
2009-09-11,,,37.0,,,
2009-09-14,37.0,37.0,37.0,37.0,2.0,3897.0
2009-09-15,39.5,37.0,39.5,37.0,6.0,22204.0
2009-09-16,41.5,39.5,41.5,39.5,4.0,15633.0
2009-09-17,41.5,40.5,40.5,41.5,3.0,19601.0
2009-09-18,40.5,39.5,39.5,40.5,2.0,12847.0
2009-09-21,,,39.5,,,
2009-09-22,40.0,39.5,40.0,39.5,2.0,4924.0
2009-09-23,40.0,39.5,39.5,40.0,7.0,44583.0
2009-09-24,39.5,39.5,39.5,39.5,3.0,11340.0
2009-09-25,,,39.5,,,
2009-09-28,,,39.5,,,
2009-09-29,40.5,37.5,37.5,40.5,2.0,20000.0
2009-09-30,37.5,37.5,37.5,37.5,3.0,16742.0
2009-10-01,37.5,36.5,36.5,37.5,2.0,26019.0
2009-10-02,35.5,35.5,35.5,35.5,3.0,9950.0
2009-10-05,,,35.5,,,
2009-10-06,35.5,35.5,35.5,35.5,1.0,1320.0
2009-10-07,35.5,35.5,35.5,35.5,1.0,2649.0
2009-10-08,35.5,35.5,35.5,35.5,1.0,150.0
2009-10-09,40.0,35.5,40.0,35.5,1.0,5000.0
2009-10-12,40.0,39.5,39.5,40.0,3.0,9084.0
2009-10-13,41.5,39.5,40.0,39.5,3.0,12587.0
2009-10-14,,,39.5,,,
2009-10-15,39.5,39.5,39.5,39.5,1.0,4537.0
2009-10-16,39.5,39.5,39.5,39.5,2.0,12000.0
2009-10-19,39.5,37.5,38.0,39.5,3.0,16147.0
2009-10-20,38.0,38.0,38.0,38.0,1.0,5000.0
2009-10-21,,,38.0,,,
2009-10-22,,,38.0,,,
2009-10-23,38.0,38.0,38.0,38.0,1.0,6308.0
2009-10-26,38.0,38.0,38.0,38.0,1.0,2500.0
2009-10-27,38.0,37.5,37.5,38.0,2.0,13211.0
2009-10-28,,,37.5,,,
2009-10-29,37.5,37.5,37.5,37.5,2.0,14300.0
2009-10-30,,,37.5,,,
2009-11-02,37.5,37.5,37.5,37.5,2.0,4252.0
2009-11-03,37.5,37.5,37.5,37.5,1.0,5000.0
2009-11-04,38.5,34.25,35.5,38.5,15.0,125655.0
2009-11-05,37.0,35.5,37.0,35.5,3.0,66931.0
2009-11-06,38.5,37.5,38.5,37.5,6.0,31288.0
2009-11-09,38.5,37.5,38.5,38.5,4.0,25622.0
2009-11-10,,,38.5,,,
2009-11-11,38.5,38.5,38.5,38.5,1.0,500.0
2009-11-12,38.5,38.5,38.5,38.5,1.0,618.0
2009-11-13,38.5,38.5,38.5,38.5,1.0,3600.0
2009-11-16,38.5,37.0,37.0,38.5,3.0,15193.0
2009-11-17,,,37.0,,,
2009-11-18,,,37.0,,,
2009-11-19,37.5,37.5,37.5,37.5,2.0,5045.0
2009-11-20,,,38.5,,,
2009-11-23,38.5,38.0,38.0,38.5,3.0,18104.0
2009-11-24,,,38.0,,,
2009-11-25,,,38.0,,,
2009-11-26,38.0,36.5,37.0,38.0,2.0,17500.0
2009-11-27,,,37.0,,,
2009-11-30,,,37.0,,,
2009-12-01,37.0,32.0,32.5,37.0,8.0,54415.0
2009-12-02,34.5,31.5,34.5,32.5,5.0,15708.0
2009-12-03,34.5,34.5,34.5,34.5,4.0,70682.0
2009-12-04,36.0,35.0,36.0,35.0,1.0,4107.0
2009-12-07,36.0,36.0,36.0,36.0,1.0,1300.0
2009-12-08,,,36.0,,,
2009-12-09,,,36.0,,,
2009-12-10,,,36.0,,,
2009-12-11,36.5,36.0,36.5,36.0,2.0,10308.0
2009-12-14,,,36.5,,,
2009-12-15,36.5,36.5,36.5,36.5,1.0,1132.0
2009-12-16,,,36.5,,,
2009-12-17,,,36.5,,,
2009-12-18,,,36.5,,,
2009-12-21,36.5,35.5,35.5,36.5,2.0,10000.0
2009-12-22,,,35.5,,,
2009-12-23,35.5,35.5,35.5,35.5,3.0,15000.0
2009-12-24,,,35.5,,,
2009-12-29,35.5,35.5,35.5,35.5,1.0,2500.0
2009-12-30,36.0,35.5,36.0,35.5,2.0,21360.0
2009-12-31,36.0,36.0,36.0,36.0,1.0,5000.0
2010-01-04,37.5,37.0,37.5,37.0,2.0,5691.0
2010-01-05,,,37.5,,,
2010-01-06,38.0,37.5,37.5,37.5,1.0,10000.0
2010-01-07,37.5,37.5,37.5,37.5,1.0,6535.0
2010-01-08,38.0,37.5,37.5,38.0,4.0,8856.0
2010-01-11,37.5,37.5,37.5,37.5,3.0,6823.0
2010-01-12,37.5,36.5,36.5,37.5,2.0,13690.0
2010-01-13,36.5,34.0,34.0,36.5,3.0,16461.0
2010-01-14,,,34.0,,,
2010-01-15,34.5,34.0,34.5,34.0,2.0,15000.0
2010-01-18,,,34.5,,,
2010-01-19,35.5,34.5,35.5,34.5,6.0,27260.0
2010-01-20,38.0,36.5,37.5,36.5,4.0,33000.0
2010-01-21,,,37.5,,,
2010-01-22,37.5,36.5,36.5,37.5,2.0,7657.0
2010-01-25,36.5,36.5,36.5,36.5,1.0,231.0
2010-01-26,36.5,36.5,36.5,36.5,1.0,5000.0
2010-01-27,36.5,35.5,35.5,36.5,1.0,15884.0
2010-01-28,,,35.5,,,
2010-01-29,37.5,35.5,37.5,35.5,2.0,29573.0
2010-02-01,37.5,37.5,37.5,37.5,1.0,10000.0
2010-02-02,,,37.5,,,
2010-02-03,37.5,37.5,37.5,37.5,1.0,9291.0
2010-02-04,,,37.5,,,
2010-02-05,,,37.5,,,
2010-02-08,37.5,35.5,35.5,37.5,2.0,15195.0
2010-02-09,35.5,35.5,35.5,35.5,2.0,12500.0
2010-02-10,35.5,35.5,35.5,35.5,1.0,1518.0
2010-02-11,35.5,35.5,35.5,35.5,1.0,1400.0
2010-02-12,,,35.5,,,
2010-02-15,,,35.5,,,
2010-02-16,35.5,35.0,35.5,35.5,2.0,11129.0
2010-02-17,,,35.5,,,
2010-02-18,,,35.5,,,
2010-02-19,,,35.5,,,
2010-02-22,,,35.5,,,
2010-02-23,35.5,35.5,35.5,35.5,1.0,9833.0
2010-02-24,35.5,35.0,35.0,35.5,1.0,9000.0
2010-02-25,35.0,32.0,32.5,35.0,2.0,11000.0
2010-02-26,,,32.5,,,
2010-03-01,,,32.5,,,
2010-03-02,34.0,33.5,34.0,33.5,3.0,13000.0
2010-03-03,34.0,34.0,34.0,34.0,2.0,2500.0
2010-03-04,35.0,34.0,35.0,34.0,1.0,17475.0
2010-03-05,,,35.0,,,
2010-03-08,,,35.0,,,
2010-03-09,35.0,34.0,34.0,35.0,3.0,12911.0
2010-03-10,34.0,33.0,33.0,34.0,1.0,2891.0
2010-03-11,33.5,33.0,33.5,33.0,1.0,25000.0
2010-03-12,36.0,33.5,36.0,33.5,3.0,19337.0
2010-03-15,36.5,36.0,36.5,36.0,1.0,10000.0
2010-03-16,36.5,36.5,36.5,36.5,4.0,20790.0
2010-03-17,,,36.5,,,
2010-03-18,36.5,35.0,35.0,36.5,2.0,19000.0
2010-03-19,36.5,35.0,36.5,35.0,5.0,1460935.0
2010-03-22,,,36.5,,,
2010-03-23,,,36.5,,,
2010-03-24,36.5,36.5,36.5,36.5,1.0,1301.0
2010-03-25,,,36.5,,,
2010-03-26,36.5,36.5,36.5,36.5,2.0,20000.0
2010-03-29,38.0,36.5,38.0,36.5,3.0,22610.0
2010-03-30,40.0,38.0,40.0,38.0,6.0,35643.0
2010-03-31,41.5,40.0,41.5,40.0,4.0,27086.0
2010-04-01,41.5,41.5,41.5,41.5,2.0,6356.0
2010-04-06,41.5,40.5,40.5,41.5,2.0,3342.0
2010-04-07,42.5,42.5,42.5,42.5,2.0,8333.0
2010-04-08,42.5,42.5,42.5,42.5,1.0,5000.0
2010-04-09,43.5,42.5,43.5,42.5,2.0,11320.0
2010-04-12,45.5,43.5,44.5,43.5,3.0,9299.0
2010-04-13,44.5,42.5,42.5,44.5,2.0,15000.0
2010-04-14,42.5,42.0,42.0,42.5,2.0,6500.0
2010-04-15,43.0,42.0,42.5,42.0,6.0,23370.0
2010-04-16,,,42.5,,,
2010-04-19,,,42.5,,,
2010-04-20,,,42.5,,,
2010-04-21,44.0,42.5,44.0,42.5,3.0,21000.0
2010-04-22,44.0,42.5,42.5,44.0,2.0,9724.0
2010-04-23,,,42.5,,,
2010-04-26,,,42.5,,,
2010-04-27,,,42.5,,,
2010-04-28,,,42.5,,,
2010-04-29,,,42.5,,,
2010-04-30,42.5,42.5,42.5,42.5,3.0,15000.0
2010-05-04,42.5,40.5,40.5,42.5,1.0,1189.0
2010-05-05,,,40.5,,,
2010-05-06,,,40.0,,,
2010-05-07,39.5,38.5,39.5,38.5,1.0,500.0
2010-05-10,46.0,39.5,43.0,39.5,10.0,80040.0
2010-05-11,43.0,41.0,41.0,43.0,6.0,38739.0
2010-05-12,,,41.0,,,
2010-05-13,,,41.0,,,
2010-05-14,,,41.0,,,
2010-05-17,41.0,39.5,40.0,41.0,2.0,9759.0
2010-05-18,40.0,40.0,40.0,40.0,1.0,5000.0
2010-05-19,40.0,39.5,39.5,40.0,1.0,3000.0
2010-05-20,39.5,37.5,37.5,39.5,2.0,20000.0
2010-05-21,,,37.5,,,
2010-05-24,,,37.5,,,
2010-05-25,,,37.5,,,
2010-05-26,37.5,37.5,37.5,37.5,1.0,5001.0
2010-05-27,,,37.5,,,
2010-05-28,,,37.5,,,
2010-06-01,,,37.5,,,
2010-06-02,,,37.5,,,
2010-06-03,42.0,37.5,42.0,37.5,6.0,56000.0
2010-06-04,42.0,42.0,42.0,42.0,2.0,17915.0
2010-06-07,42.0,41.0,41.0,42.0,1.0,10000.0
2010-06-08,41.0,40.5,41.0,41.0,1.0,3913.0
2010-06-09,42.5,39.0,39.0,42.5,7.0,70000.0
2010-06-10,40.5,39.0,40.5,39.0,2.0,14700.0
2010-06-11,42.5,40.5,42.5,40.5,5.0,29064.0
2010-06-14,42.5,42.5,42.5,42.5,4.0,18001.0
2010-06-15,44.5,42.5,44.5,42.5,2.0,15000.0
2010-06-16,45.5,44.5,44.5,44.5,3.0,12176.0
2010-06-17,44.5,44.0,44.0,44.5,2.0,20000.0
2010-06-18,44.0,44.0,44.0,44.0,4.0,51500.0
2010-06-21,44.0,44.0,44.0,44.0,2.0,12000.0
2010-06-22,,,44.0,,,
2010-06-23,45.5,44.0,45.5,44.0,1.0,2891.0
2010-06-24,,,45.5,,,
2010-06-25,47.0,45.5,47.0,45.5,2.0,15000.0
2010-06-28,50.5,47.0,50.5,47.0,10.0,76900.0
2010-06-29,50.5,50.0,50.0,50.5,4.0,30000.0
2010-06-30,50.0,49.5,49.5,50.0,2.0,11000.0
2010-07-01,49.5,49.5,49.5,49.5,1.0,1000.0
2010-07-02,,,49.5,,,
2010-07-05,49.5,49.5,49.5,49.5,1.0,1153.0
2010-07-06,49.5,49.5,49.5,49.5,2.0,4500.0
2010-07-07,,,49.5,,,
2010-07-08,49.5,49.5,49.5,49.5,1.0,3400.0
2010-07-09,,,50.0,,,
2010-07-12,50.0,50.0,50.0,50.0,5.0,27500.0
2010-07-13,50.0,50.0,50.0,50.0,1.0,10000.0
2010-07-14,50.0,50.0,50.0,50.0,3.0,25693.0
2010-07-15,50.0,50.0,50.0,50.0,2.0,33239.0
2010-07-16,50.0,50.0,50.0,50.0,3.0,5158.0
2010-07-19,50.5,50.0,50.0,50.5,1.0,101.0
2010-07-20,,,50.0,,,
2010-07-21,,,50.0,,,
2010-07-22,,,50.0,,,
2010-07-23,50.0,50.0,50.0,50.0,1.0,2800.0
2010-07-26,50.0,49.5,49.5,50.0,4.0,61109.0
2010-07-27,,,49.5,,,
2010-07-28,,,49.5,,,
2010-07-29,,,49.5,,,
2010-07-30,50.5,49.5,50.5,49.5,4.0,35000.0
2010-08-02,51.0,50.5,51.0,50.5,1.0,9366.0
2010-08-03,52.5,51.0,52.5,51.0,2.0,4771.0
2010-08-04,54.0,52.5,54.0,52.5,3.0,22722.0
2010-08-05,54.0,54.0,54.0,54.0,4.0,87520.0
2010-08-06,54.0,54.0,54.0,54.0,3.0,12000.0
2010-08-09,54.0,54.0,54.0,54.0,1.0,10000.0
2010-08-10,,,54.0,,,
2010-08-11,,,54.0,,,
2010-08-12,,,54.0,,,
2010-08-13,,,54.0,,,
2010-08-16,,,54.0,,,
2010-08-17,54.0,54.0,54.0,54.0,3.0,42501.0
2010-08-18,,,54.0,,,
2010-08-19,,,54.0,,,
2010-08-20,,,54.0,,,
2010-08-23,54.0,54.0,54.0,54.0,2.0,10127.0
2010-08-24,54.0,53.0,53.0,54.0,1.0,8100.0
2010-08-25,53.0,51.0,51.0,53.0,3.0,14995.0
2010-08-26,51.0,43.0,45.0,51.0,10.0,119025.0
2010-08-27,,,45.0,,,
2010-08-31,,,45.0,,,
2010-09-01,47.0,45.0,47.0,45.0,2.0,15820.0
2010-09-02,50.5,50.5,50.5,50.5,2.0,16100.0
2010-09-03,,,50.5,,,
2010-09-06,50.5,50.0,50.0,50.5,2.0,2212.0
2010-09-07,,,50.0,,,
2010-09-08,,,50.0,,,
2010-09-09,50.0,50.0,50.0,50.0,1.0,7252.0
2010-09-10,50.0,50.0,50.0,50.0,1.0,450.0
2010-09-13,50.0,50.0,50.0,50.0,2.0,7128.0
2010-09-14,,,50.0,,,
2010-09-15,50.0,50.0,50.0,50.0,1.0,1500.0
2010-09-16,51.5,51.0,51.0,51.5,1.0,7800.0
2010-09-17,51.0,51.0,51.0,51.0,3.0,122200.0
2010-09-20,51.5,51.0,51.5,51.0,6.0,194308.0
2010-09-21,51.5,51.5,51.5,51.5,2.0,81818.0
2010-09-22,52.5,52.5,52.5,52.5,9.0,49523.0
2010-09-23,53.5,52.5,53.5,52.5,4.0,16083.0
2010-09-24,53.5,53.5,53.5,53.5,2.0,9220.0
2010-09-27,54.0,53.5,54.0,53.5,3.0,19970.0
2010-09-28,,,54.0,,,
2010-09-29,,,54.0,,,
2010-09-30,54.0,54.0,54.0,54.0,2.0,36008.0
2010-10-01,54.0,54.0,54.0,54.0,1.0,10000.0
2010-10-04,78.5,61.5,76.0,61.5,68.0,363804.0
2010-10-05,76.5,76.5,76.5,76.5,28.0,243177.0
2010-10-06,78.5,75.5,78.5,75.5,20.0,82608.0
2010-10-07,88.0,82.5,85.5,82.5,23.0,125051.0
2010-10-08,91.5,85.5,89.5,85.5,36.0,239696.0
2010-10-11,92.0,90.0,92.0,90.0,14.0,82889.0
2010-10-12,101.0,94.0,94.0,98.5,24.0,90642.0
2010-10-13,94.0,89.0,89.0,94.0,20.0,94240.0
2010-10-14,89.5,89.5,89.5,89.5,6.0,67957.0
2010-10-15,89.5,86.5,87.5,89.5,13.0,91849.0
2010-10-18,88.0,87.5,88.0,87.5,10.0,74109.0
2010-10-19,94.5,88.0,93.0,88.0,18.0,62129.0
2010-10-20,93.0,88.0,88.5,93.0,10.0,33430.0
2010-10-21,90.0,88.5,90.0,88.5,5.0,20100.0
2010-10-22,97.0,90.0,96.0,90.0,10.0,94440.0
2010-10-25,102.0,97.0,102.0,97.0,32.0,224370.0
2010-10-26,102.0,102.0,102.0,102.0,6.0,18826.0
2010-10-27,102.0,96.0,96.0,102.0,7.0,32610.0
2010-10-28,97.0,92.5,93.5,96.0,11.0,34218.0
2010-10-29,95.5,93.5,95.5,93.5,2.0,6306.0
2010-11-01,96.5,95.5,96.0,95.5,2.0,15000.0
2010-11-02,96.0,96.0,96.0,96.0,1.0,328.0
2010-11-03,96.0,96.0,96.0,96.0,1.0,10000.0
2010-11-04,96.0,95.5,95.5,96.0,9.0,43903.0
2010-11-05,95.5,95.5,95.5,95.5,4.0,6908.0
2010-11-08,105.0,95.5,105.0,95.5,10.0,122206.0
2010-11-09,142.5,105.0,132.5,105.0,58.0,348227.0
2010-11-10,137.5,132.5,132.5,132.5,14.0,37575.0
2010-11-11,132.5,122.5,127.5,132.5,19.0,74441.0
2010-11-12,127.5,127.5,127.5,127.5,5.0,9120.0
2010-11-15,127.5,125.0,125.0,127.5,7.0,7766.0
2010-11-16,125.0,122.5,122.5,125.0,1.0,500.0
2010-11-17,135.0,122.5,135.0,122.5,17.0,59805.0
2010-11-18,137.5,132.5,132.5,137.5,8.0,10272.0
2010-11-19,132.5,125.0,125.0,132.5,11.0,27423.0
2010-11-22,125.0,125.0,125.0,125.0,3.0,1080.0
2010-11-23,,,127.5,,,
2010-11-24,127.5,127.5,127.5,127.5,5.0,16401.0
2010-11-25,,,127.5,,,
2010-11-26,127.5,127.5,127.5,127.5,2.0,8999.0
2010-11-29,127.5,127.5,127.5,127.5,2.0,3600.0
2010-11-30,,,127.5,,,
2010-12-01,127.5,127.5,127.5,127.5,2.0,27400.0
2010-12-02,127.5,127.5,127.5,127.5,2.0,7126.0
2010-12-03,127.5,127.5,127.5,127.5,1.0,5000.0
2010-12-06,127.5,127.5,127.5,127.5,8.0,17076.0
2010-12-07,140.0,140.0,140.0,140.0,74.0,587000.0
2010-12-08,140.0,137.5,137.5,140.0,41.0,273974.0
2010-12-09,137.5,137.5,137.5,137.5,20.0,151068.0
2010-12-10,137.5,137.5,137.5,137.5,13.0,49663.0
2010-12-13,138.5,137.5,138.5,137.5,5.0,38965.0
2010-12-14,138.5,138.5,138.5,138.5,7.0,60450.0
2010-12-15,,,138.5,,,
2010-12-16,138.5,138.5,138.5,138.5,9.0,35467.0
2010-12-17,138.5,138.5,138.5,138.5,2.0,20581.0
2010-12-20,138.5,138.5,138.5,138.5,4.0,15995.0
2010-12-21,138.5,138.5,138.5,138.5,10.0,48398.0
2010-12-22,138.5,138.5,138.5,138.5,3.0,8612.0
2010-12-23,138.5,138.5,138.5,138.5,10.0,43952.0
2010-12-24,138.5,138.5,138.5,138.5,3.0,14566.0
2010-12-29,138.5,138.5,138.5,138.5,3.0,12301.0
2010-12-30,138.5,138.5,138.5,138.5,1.0,3000.0
2010-12-31,,,138.5,,,
2011-01-04,138.5,138.5,138.5,138.5,2.0,3500.0
2011-01-05,138.5,138.5,138.5,138.5,2.0,7260.0
2011-01-06,,,138.5,,,
2011-01-07,,,138.5,,,
2011-01-10,138.5,138.5,138.5,138.5,2.0,5000.0
2011-01-11,,,138.5,,,
2011-01-12,,,138.5,,,
2011-01-13,,,138.5,,,
2011-01-14,,,138.5,,,
2011-01-17,138.5,138.5,138.5,138.5,1.0,303.0
2011-01-18,139.5,138.5,139.5,138.5,1.0,25000.0
2011-01-19,,,139.5,,,
2011-01-20,,,139.5,,,
2011-01-21,,,139.5,,,
2011-01-24,,,139.5,,,
2011-01-25,139.5,139.5,139.5,139.5,1.0,10.0
2011-01-26,,,139.5,,,
2011-01-27,,,139.5,,,
2011-01-28,,,139.5,,,
2011-01-31,,,139.5,,,
2011-02-01,,,139.5,,,
2011-02-02,,,139.5,,,
2011-02-03,,,139.5,,,
2011-02-04,,,139.5,,,
2011-02-07,,,139.5,,,
2011-02-08,139.5,139.5,139.5,139.5,1.0,3000.0
