Date,HIGH,LOW,CLOSE,OPEN,COUNT,VOLUME
2009-02-10,,,1615.25,,,
2009-02-11,,,1615.25,,,
2009-02-12,,,1615.25,,,
2009-02-13,1729.0,1615.25,1615.25,1615.25,1.0,43.956044
2009-02-16,1729.0,1706.25,1706.25,1615.25,2.0,43.956044
2009-02-17,,,1706.25,,,
2009-02-18,1729.0,1706.25,1706.25,1706.25,1.0,21.978022
2009-02-19,1820.0,1706.25,1706.25,1706.25,1.0,48.351648
2009-02-20,1820.0,1706.25,1706.25,1706.25,1.0,9.340659
2009-02-23,1820.0,1797.25,1797.25,1706.25,1.0,23.78022
2009-02-24,,,1797.25,,,
2009-02-25,,,1797.25,,,
2009-02-26,,,1797.25,,,
2009-02-27,,,1797.25,,,
2009-03-02,1933.75,1911.0,1933.75,1797.25,1.0,43.956044
2009-03-03,2275.0,2047.5,2047.5,1933.75,2.0,27.076923
2009-03-04,2275.0,2047.5,2047.5,2047.5,1.0,43.956044
2009-03-05,2275.0,2047.5,2047.5,2047.5,1.0,43.956044
2009-03-06,2275.0,2047.5,2047.5,2047.5,1.0,0.527473
2009-03-09,,,2047.5,,,
2009-03-10,,,2047.5,,,
2009-03-11,,,2047.5,,,
2009-03-12,,,2047.5,,,
2009-03-13,,,2047.5,,,
2009-03-16,,,2047.5,,,
2009-03-17,2275.0,2047.5,2047.5,2047.5,1.0,0.879121
2009-03-18,,,2047.5,,,
2009-03-19,,,2070.25,,,
2009-03-20,,,2047.5,,,
2009-03-23,,,2047.5,,,
2009-03-24,,,2047.5,,,
2009-03-25,,,2047.5,,,
2009-03-26,1911.0,1820.0,1911.0,2047.5,1.0,48.351648
2009-03-27,,,1888.25,,,
2009-03-30,,,1911.0,,,
2009-03-31,,,1911.0,,,
2009-04-01,,,1911.0,,,
2009-04-02,,,1911.0,,,
2009-04-03,,,1911.0,,,
2009-04-06,,,1911.0,,,
2009-04-07,,,1911.0,,,
2009-04-08,,,1911.0,,,
2009-04-09,,,1911.0,,,
2009-04-14,,,1911.0,,,
2009-04-15,2138.5,1911.0,1911.0,1911.0,1.0,3.230769
2009-04-16,,,1911.0,,1.0,
2009-04-17,,,1911.0,,,
2009-04-20,,,1911.0,,,
2009-04-21,1751.75,1592.5,1751.75,1911.0,1.0,43.956044
2009-04-22,,,1751.75,,,
2009-04-23,,,1751.75,,,
2009-04-24,,,1751.75,,,
2009-04-27,,,1751.75,,,
2009-04-28,,,1751.75,,,
2009-04-29,,,1751.75,,,
2009-04-30,,,1751.75,,,
2009-05-01,,,1729.0,,,
2009-05-05,,,1751.75,,,
2009-05-06,1956.5,1751.75,1751.75,1751.75,1.0,23.252747
2009-05-07,,,1751.75,,1.0,
2009-05-08,,,1751.75,,,
2009-05-11,1956.5,1729.0,1729.0,1751.75,1.0,2.043956
2009-05-12,,,1751.75,,,
2009-05-13,,,1751.75,,,
2009-05-14,,,1888.25,,,
2009-05-15,1956.5,1820.0,1820.0,1751.75,1.0,51.098901
2009-05-18,,,1820.0,,,
2009-05-19,,,1888.25,,,
2009-05-20,,,1820.0,,,
2009-05-21,,,1820.0,,,
2009-05-22,,,1820.0,,,
2009-05-26,,,1820.0,,,
2009-05-27,,,1820.0,,,
2009-05-28,,,1820.0,,,
2009-05-29,,,1820.0,,,
2009-06-01,,,1820.0,,,
2009-06-02,2047.5,1820.0,1820.0,1820.0,1.0,3.296703
2009-06-03,,,1820.0,,,
2009-06-04,,,1820.0,,,
2009-06-05,,,1820.0,,,
2009-06-08,2047.5,1820.0,1820.0,1820.0,2.0,10.989011
2009-06-09,,,1820.0,,,
2009-06-10,,,1820.0,,,
2009-06-11,,,1820.0,,,
2009-06-12,,,1820.0,,,
2009-06-15,,,1820.0,,,
2009-06-16,,,1820.0,,,
2009-06-17,,,1820.0,,,
2009-06-18,,,1820.0,,,
2009-06-19,,,1820.0,,,
2009-06-22,,,1820.0,,,
2009-06-23,,,1820.0,,,
2009-06-24,,,1820.0,,,
2009-06-25,,,1820.0,,,
2009-06-26,,,1820.0,,,
2009-06-29,,,1820.0,,,
2009-06-30,,,1820.0,,,
2009-07-01,,,1820.0,,,
2009-07-02,,,1820.0,,,
2009-07-03,,,1820.0,,,
2009-07-06,,,1820.0,,,
2009-07-07,1820.0,1820.0,1820.0,1820.0,1.0,329.67033
2009-07-08,2138.5,1956.5,2138.5,2024.75,1.0,51.098901
2009-07-09,,,2138.5,,,
2009-07-10,,,2138.5,,,
2009-07-13,,,2138.5,,,
2009-07-14,,,2138.5,,,
2009-07-15,,,2138.5,,,
2009-07-16,,,2138.5,,,
2009-07-17,,,2184.0,,,
2009-07-20,,,2184.0,,,
2009-07-21,,,2184.0,,,
2009-07-22,,,2184.0,,,
2009-07-23,,,2184.0,,,
2009-07-24,,,2184.0,,,
2009-07-27,,,2184.0,,,
2009-07-28,,,2184.0,,,
2009-07-29,,,2184.0,,,
2009-07-30,,,2184.0,,,
2009-07-31,,,2184.0,,,
2009-08-03,,,2184.0,,,
2009-08-04,,,2184.0,,,
2009-08-05,,,2184.0,,,
2009-08-06,,,2184.0,,,
2009-08-07,,,2184.0,,,
2009-08-10,,,2184.0,,,
2009-08-11,,,2184.0,,,
2009-08-12,,,2184.0,,,
2009-08-13,,,2184.0,,,
2009-08-14,,,2184.0,,,
2009-08-17,,,2184.0,,,
2009-08-18,,,2184.0,,,
2009-08-19,,,2184.0,,,
2009-08-20,,,2184.0,,,
2009-08-21,,,2184.0,,,
2009-08-24,,,2184.0,,,
2009-08-25,,,2184.0,,,
2009-08-26,,,2184.0,,,
2009-08-27,,,2184.0,,,
2009-08-28,,,2161.25,,,
2009-09-01,,,2184.0,,,
2009-09-02,,,2184.0,,,
2009-09-03,,,2184.0,,,
2009-09-04,,,2184.0,,,
2009-09-07,,,2184.0,,,
2009-09-08,,,2184.0,,,
2009-09-09,2184.0,1956.5,2184.0,2184.0,1.0,8.21978
2009-09-10,,,2184.0,,,
2009-09-11,,,2184.0,,,
2009-09-14,,,2184.0,,,
2009-09-15,,,2184.0,,,
2009-09-16,,,2184.0,,,
2009-09-17,,,2184.0,,,
2009-09-18,,,2184.0,,,
2009-09-21,,,2161.25,,,
2009-09-22,,,2184.0,,,
2009-09-23,,,2184.0,,,
2009-09-24,,,2184.0,,,
2009-09-25,,,2184.0,,,
2009-09-28,,,2184.0,,,
2009-09-29,,,2184.0,,,
2009-09-30,,,2184.0,,,
2009-10-01,,,2184.0,,,
2009-10-02,,,2184.0,,,
2009-10-05,,,2184.0,,,
2009-10-06,,,2184.0,,,
2009-10-07,,,2184.0,,,
2009-10-08,,,2161.25,,,
2009-10-09,,,2184.0,,,
2009-10-12,,,2161.25,,,
2009-10-13,,,2184.0,,,
2009-10-14,,,2184.0,,,
2009-10-15,,,2184.0,,,
2009-10-16,,,2184.0,,,
2009-10-19,,,2184.0,,,
2009-10-20,,,2161.25,,,
2009-10-21,,,2184.0,,,
2009-10-22,,,2184.0,,,
2009-10-23,,,2184.0,,,
2009-10-26,,,2184.0,,,
2009-10-27,,,2161.25,,,
2009-10-28,,,1592.5,,,
2009-10-29,,,1592.5,,,
2009-10-30,,,1478.75,,,
2009-11-02,,,1592.5,,,
2009-11-03,,,1592.5,,,
2009-11-04,,,1592.5,,,
2009-11-05,,,1592.5,,,
2009-11-06,,,1592.5,,,
2009-11-09,,,1592.5,,,
2009-11-10,,,1592.5,,,
2009-11-11,,,1592.5,,,
2009-11-12,,,1592.5,,,
2009-11-13,,,1592.5,,,
2009-11-16,,,1592.5,,,
2009-11-17,,,1592.5,,,
2009-11-18,,,1592.5,,,
2009-11-19,,,1592.5,,,
2009-11-20,,,1592.5,,,
2009-11-23,,,1592.5,,,
2009-11-24,,,1592.5,,,
2009-11-25,,,1592.5,,,
2009-11-26,,,1592.5,,,
2009-11-27,,,1592.5,,,
2009-11-30,,,1592.5,,,
2009-12-01,,,1524.25,,,
2009-12-02,,,1524.25,,,
2009-12-03,,,1524.25,,,
2009-12-04,,,1524.25,,,
2009-12-07,,,1524.25,,,
2009-12-08,,,1524.25,,,
2009-12-09,,,1524.25,,,
2009-12-10,,,1524.25,,,
2009-12-11,,,1524.25,,,
2009-12-14,,,1524.25,,,
2009-12-15,,,1524.25,,,
2009-12-16,,,1524.25,,,
2009-12-17,,,1524.25,,,
2009-12-18,,,1524.25,,,
2009-12-21,1683.5,1524.25,1524.25,1524.25,1.0,21.978022
2009-12-22,,,1524.25,,,
2009-12-23,,,1524.25,,,
2009-12-24,,,1592.5,,,
2009-12-29,,,1524.25,,,
2009-12-30,,,1524.25,,,
2009-12-31,,,1592.5,,,
2010-01-04,,,1524.25,,,
2010-01-05,1681.9075,1683.5,1569.75,1524.25,1.0,32.967033
2010-01-06,,,1569.75,,,
2010-01-07,,,1569.75,,,
2010-01-08,1683.5,1569.75,1683.5,1569.75,1.0,21.978022
2010-01-11,,,1683.5,,,
2010-01-12,,,1683.5,,,
2010-01-13,,,1683.5,,,
2010-01-14,,,1683.5,,,
2010-01-15,,,1683.5,,,
2010-01-18,,,1683.5,,,
2010-01-19,,,1683.5,,,
2010-01-20,,,1683.5,,,
2010-01-21,,,1683.5,,,
2010-01-22,,,1683.5,,,
2010-01-25,,,1683.5,,,
2010-01-26,,,1683.5,,,
2010-01-27,,,1683.5,,,
2010-01-28,,,1683.5,,,
2010-01-29,,,1683.5,,,
2010-02-01,,,1683.5,,,
2010-02-02,,,1683.5,,,
2010-02-03,,,1683.5,,,
2010-02-04,,,1683.5,,,
2010-02-05,,,1683.5,,,
2010-02-08,,,1683.5,,,
2010-02-09,,,1683.5,,,
2010-02-10,,,1683.5,,,
2010-02-11,,,1683.5,,,
2010-02-12,,,1683.5,,,
2010-02-15,,,1683.5,,,
2010-02-16,,,1683.5,,,
2010-02-17,,,1683.5,,,
2010-02-18,,,1683.5,,,
2010-02-19,,,1683.5,,,
2010-02-22,,,1683.5,,,
2010-02-23,,,1683.5,,,
2010-02-24,,,1683.5,,,
2010-02-25,,,1683.5,,,
2010-02-26,,,1683.5,,,
2010-03-01,,,1683.5,,,
2010-03-02,,,1683.5,,,
2010-03-03,,,1683.5,,,
2010-03-04,,,1683.5,,,
2010-03-05,,,1683.5,,,
2010-03-08,,,1683.5,,,
2010-03-09,,,1683.5,,,
2010-03-10,,,1683.5,,,
2010-03-11,,,1683.5,,,
2010-03-12,,,1683.5,,,
2010-03-15,,,1683.5,,,
2010-03-16,,,1683.5,,,
2010-03-17,,,1683.5,,,
2010-03-18,,,1683.5,,,
2010-03-19,,,1683.5,,,
2010-03-22,,,1683.5,,,
2010-03-23,,,1683.5,,,
2010-03-24,,,1683.5,,,
2010-03-25,,,1683.5,,,
2010-03-26,,,1683.5,,,
2010-03-29,,,1683.5,,,
2010-03-30,,,1683.5,,,
2010-03-31,,,1683.5,,,
2010-04-01,,,1683.5,,,
2010-04-06,,,1683.5,,,
2010-04-07,,,1683.5,,,
2010-04-08,,,1683.5,,,
2010-04-09,,,1683.5,,,
2010-04-12,,,1683.5,,,
2010-04-13,,,1683.5,,,
2010-04-14,,,1683.5,,,
2010-04-15,,,1683.5,,,
2010-04-16,,,1683.5,,,
2010-04-19,,,1683.5,,,
2010-04-20,,,1683.5,,,
2010-04-21,,,1683.5,,,
2010-04-22,,,1683.5,,,
2010-04-23,,,1683.5,,,
2010-04-26,,,1683.5,,,
2010-04-27,,,1683.5,,,
2010-04-28,,,1683.5,,,
2010-04-29,,,1683.5,,,
2010-04-30,,,1683.5,,,
2010-05-04,,,1683.5,,,
2010-05-05,,,1683.5,,,
2010-05-06,,,1683.5,,,
2010-05-07,,,1683.5,,,
2010-05-10,,,1683.5,,,
2010-05-11,,,1683.5,,,
2010-05-12,,,1683.5,,,
2010-05-13,,,1683.5,,,
2010-05-14,,,1706.25,,,
2010-05-17,,,1683.5,,,
2010-05-18,,,1683.5,,,
2010-05-19,,,1683.5,,,
2010-05-20,,,1683.5,,,
2010-05-21,,,1683.5,,,
2010-05-24,,,1683.5,,,
2010-05-25,,,1683.5,,,
2010-05-26,,,1683.5,,,
2010-05-27,1683.5,1456.0,1683.5,1683.5,1.0,32.967033
2010-05-28,,,1683.5,,,
2010-06-01,,,1683.5,,,
2010-06-02,,,1683.5,,,
2010-06-03,,,1683.5,,,
2010-06-04,,,1683.5,,,
2010-06-07,,,1683.5,,,
2010-06-08,,,1683.5,,,
2010-06-09,,,1683.5,,,
2010-06-10,,,1683.5,,,
2010-06-11,,,1683.5,,,
2010-06-14,,,1683.5,,,
2010-06-15,,,1683.5,,,
2010-06-16,,,1683.5,,,
2010-06-17,,,1683.5,,,
2010-06-18,,,1683.5,,,
2010-06-21,,,1683.5,,,
2010-06-22,,,1683.5,,,
2010-06-23,,,1683.5,,,
2010-06-24,,,1683.5,,,
2010-06-25,,,1683.5,,,
2010-06-28,,,1683.5,,,
2010-06-29,,,1683.5,,,
2010-06-30,,,1683.5,,,
2010-07-01,,,1683.5,,,
2010-07-02,,,1683.5,,,
2010-07-05,,,1683.5,,,
2010-07-06,,,1683.5,,,
2010-07-07,,,1683.5,,,
2010-07-08,,,1683.5,,,
2010-07-09,,,1683.5,,,
2010-07-12,,,1683.5,,,
2010-07-13,,,1683.5,,,
2010-07-14,,,1683.5,,,
2010-07-15,,,1683.5,,,
2010-07-16,,,1683.5,,,
2010-07-19,,,1683.5,,,
2010-07-20,,,1683.5,,,
2010-07-21,,,1683.5,,,
2010-07-22,,,1683.5,,,
2010-07-23,1911.0,1911.0,1683.5,1683.5,1.0,4.32967
2010-07-26,,,1683.5,,,
2010-07-27,,,1683.5,,,
2010-07-28,,,1683.5,,,
2010-07-29,,,1683.5,,,
2010-07-30,,,1683.5,,,
2010-08-02,,,1683.5,,,
2010-08-03,,,1683.5,,,
2010-08-04,,,1683.5,,,
2010-08-05,,,1683.5,,,
2010-08-06,,,1683.5,,,
2010-08-09,1911.0,1911.0,1683.5,1683.5,1.0,2.43956
2010-08-10,1911.0,1911.0,1683.5,1683.5,1.0,51.274725
2010-08-11,,,1683.5,,,
2010-08-12,1911.0,1911.0,1820.0,1683.5,1.0,38.879121
2010-08-13,,,1820.0,,,
2010-08-16,,,1820.0,,,
2010-08-17,2047.5,2047.5,1820.0,1820.0,1.0,18.857143
2010-08-18,,,1820.0,,,
2010-08-19,,,1820.0,,,
2010-08-20,,,1820.0,,,
2010-08-23,,,1820.0,,,
2010-08-24,,,1820.0,,,
2010-08-25,,,1820.0,,,
2010-08-26,,,1820.0,,,
2010-08-27,,,1820.0,,,
2010-08-31,,,1820.0,,,
2010-09-01,,,1820.0,,,
2010-09-02,,,1820.0,,,
2010-09-03,,,1820.0,,,
2010-09-06,,,1820.0,,,
2010-09-07,1729.0,1729.0,1820.0,1820.0,1.0,4.32967
2010-09-08,,,1820.0,,,
2010-09-09,,,1820.0,,,
2010-09-10,,,1820.0,,,
2010-09-13,,,1820.0,,,
2010-09-14,,,1820.0,,,
2010-09-15,,,1820.0,,,
2010-09-16,,,1820.0,,,
2010-09-17,,,1820.0,,,
2010-09-20,,,1820.0,,,
2010-09-21,,,1820.0,,,
2010-09-22,,,1820.0,,,
2010-09-23,,,1820.0,,,
2010-09-24,,,1820.0,,,
2010-09-27,,,1820.0,,,
2010-09-28,,,1820.0,,,
2010-09-29,,,1820.0,,,
2010-09-30,,,1820.0,,,
2010-10-01,,,1820.0,,,
2010-10-04,,,1820.0,,,
2010-10-05,,,1820.0,,,
2010-10-06,,,1820.0,,,
2010-10-07,,,1820.0,,,
2010-10-08,,,1820.0,,,
2010-10-11,,,1820.0,,,
2010-10-12,1729.0,1729.0,1820.0,1820.0,1.0,38.879121
2010-10-13,,,1820.0,,,
2010-10-14,,,1820.0,,,
2010-10-15,,,1820.0,,,
2010-10-18,,,1820.0,,,
2010-10-19,,,1820.0,,,
2010-10-20,,,1820.0,,,
2010-10-21,,,1820.0,,,
2010-10-22,,,1820.0,,,
2010-10-25,,,1820.0,,,
2010-10-26,,,1820.0,,,
2010-10-27,,,1820.0,,,
2010-10-28,,,1820.0,,,
2010-10-29,,,1820.0,,,
2010-11-01,,,1820.0,,,
2010-11-02,,,1842.75,,,
2010-11-03,,,1842.75,,,
2010-11-04,,,1820.0,,,
2010-11-05,,,1820.0,,,
2010-11-08,,,1820.0,,,
2010-11-09,,,1820.0,,,
2010-11-10,,,1820.0,,,
2010-11-11,,,1820.0,,,
2010-11-12,,,1820.0,,,
2010-11-15,,,1820.0,,,
2010-11-16,,,1820.0,,,
2010-11-17,,,1820.0,,,
2010-11-18,,,1820.0,,,
2010-11-19,,,1820.0,,,
2010-11-22,,,1820.0,,,
2010-11-23,,,1820.0,,,
2010-11-24,,,1820.0,,,
2010-11-25,,,1820.0,,,
2010-11-26,,,1820.0,,,
2010-11-29,,,1820.0,,,
2010-11-30,,,1820.0,,,
2010-12-01,,,1820.0,,,
2010-12-02,,,1820.0,,,
2010-12-03,,,1842.75,,,
2010-12-06,,,1820.0,,,
2010-12-07,,,1820.0,,,
2010-12-08,,,1820.0,,,
2010-12-09,,,1820.0,,,
2010-12-10,,,1820.0,,,
2010-12-13,,,1956.5,,,
2010-12-14,,,1956.5,,,
2010-12-15,,,1956.5,,,
2010-12-16,,,1956.5,,,
2010-12-17,,,1956.5,,,
2010-12-20,,,1956.5,,,
2010-12-21,,,1956.5,,,
2010-12-22,,,1956.5,,,
2010-12-23,,,1956.5,,,
2010-12-24,,,1956.5,,,
2010-12-29,,,1956.5,,,
2010-12-30,,,1956.5,,,
2010-12-31,,,1956.5,,,
2011-01-04,1751.75,1751.75,1956.5,1956.5,1.0,5.494505
2011-01-05,,,1888.25,,,
2011-01-06,,,1956.5,,,
2011-01-07,,,1956.5,,,
2011-01-10,,,1956.5,,,
2011-01-11,,,1956.5,,,
2011-01-12,,,1956.5,,,
2011-01-13,,,1820.0,,,
2011-01-14,,,1820.0,,,
2011-01-17,,,1820.0,,,
2011-01-18,,,1820.0,,,
2011-01-19,,,1820.0,,,
2011-01-20,,,1820.0,,,
2011-01-21,,,1842.75,,,
2011-01-24,,,1820.0,,,
2011-01-25,,,1820.0,,,
2011-01-26,,,1820.0,,,
2011-01-27,,,1820.0,,,
2011-01-28,,,1820.0,,,
2011-01-31,,,1820.0,,,
2011-02-01,,,1820.0,,,
2011-02-02,,,1820.0,,,
2011-02-03,,,1820.0,,,
2011-02-04,,,1820.0,,,
2011-02-07,,,1820.0,,,
2011-02-08,,,1820.0,,,
2011-02-09,,,1820.0,,,
2011-02-10,,,1820.0,,,
2011-02-11,,,1820.0,,,
2011-02-14,,,1820.0,,,
2011-02-15,,,1660.75,1820.0,,
2011-02-16,1517.425,1504.685,1660.75,1660.75,2.0,25.274725
2011-02-17,,,1660.75,1660.75,,
2011-02-18,,,1660.75,1660.75,,
2011-02-21,1365.0,1365.0,1592.5,1660.75,1.0,219.78022
2011-02-22,,,1592.5,1592.5,,
2011-02-23,,,1592.5,1592.5,,
2011-02-24,,,1592.5,1592.5,,
2011-02-25,,,1592.5,,,
2011-02-28,,,1592.5,,,
2011-03-01,1739.101,1365.0,1592.5,1592.5,2.0,1.758242
2011-03-02,,,1592.5,,,
2011-03-03,,,1592.5,,,
2011-03-04,,,1592.5,,,
2011-03-07,,,1592.5,,,
2011-03-08,,,1592.5,,,
2011-03-09,,,1592.5,,,
2011-03-10,,,1592.5,,,
2011-03-11,,,1592.5,,,
2011-03-14,,,1592.5,,,
2011-03-15,,,1592.5,,,
2011-03-16,,,1592.5,,,
2011-03-17,,,1592.5,,,
2011-03-18,,,1592.5,,,
2011-03-21,,,1592.5,,,
2011-03-22,,,1592.5,,,
2011-03-23,,,1592.5,,,
2011-03-24,,,1592.5,,,
2011-03-25,,,1592.5,,,
2011-03-28,,,1592.5,,,
2011-03-29,,,1592.5,,,
2011-03-30,,,1592.5,,,
2011-03-31,,,1592.5,,,
2011-04-01,,,1592.5,,,
2011-04-04,,,1592.5,,,
2011-04-05,,,1592.5,,,
2011-04-06,,,1592.5,,,
2011-04-07,,,1592.5,,,
2011-04-08,,,1592.5,,,
2011-04-11,,,1592.5,,,
2011-04-12,,,1592.5,,,
2011-04-13,,,1592.5,,,
2011-04-14,,,1592.5,,,
2011-04-15,,,1592.5,,,
2011-04-18,,,1592.5,,,
2011-04-19,,,1592.5,,,
2011-04-20,,,1478.75,,,
2011-04-21,,,1478.75,,,
2011-04-26,,,1478.75,,,
2011-04-27,,,1478.75,,,
2011-04-28,,,1478.75,,,
2011-05-03,,,1478.75,,,
2011-05-04,,,1478.75,,,
2011-05-05,,,1478.75,,,
2011-05-06,,,1478.75,,,
2011-05-09,,,1478.75,,,
2011-05-10,,,1478.75,,,
2011-05-11,,,1478.75,,,
2011-05-12,,,1478.75,,,
2011-05-13,,,1478.75,,,
2011-05-16,,,1478.75,,,
2011-05-17,,,1478.75,,,
2011-05-18,,,1478.75,,,
2011-05-19,,,1478.75,,,
2011-05-20,,,1478.75,,,
2011-05-23,,,1478.75,,,
2011-05-24,,,1478.75,,,
2011-05-25,,,1478.75,,,
2011-05-26,,,1478.75,,,
2011-05-27,,,1478.75,,,
2011-05-31,,,1478.75,,,
2011-06-01,,,1478.75,,,
2011-06-02,,,1478.75,,,
2011-06-03,,,1478.75,,,
2011-06-06,,,1478.75,,,
2011-06-07,,,1478.75,,,
2011-06-08,,,1478.75,,,
2011-06-09,,,1478.75,,,
2011-06-10,,,1478.75,,,
2011-06-13,,,1478.75,,,
2011-06-14,,,1478.75,,,
2011-06-15,,,1478.75,,,
2011-06-16,,,1478.75,,,
2011-06-17,,,1478.75,,,
2011-06-20,,,1478.75,,,
2011-06-21,,,1478.75,,,
2011-06-22,,,1478.75,,,
2011-06-23,,,1478.75,,,
2011-06-24,,,1478.75,,,
2011-06-27,,,1478.75,,,
2011-06-28,,,1478.75,,,
2011-06-29,,,1478.75,,,
2011-06-30,,,1478.75,,,
2011-07-01,,,1478.75,,,
2011-07-04,,,1478.75,,,
2011-07-05,,,1478.75,,,
2011-07-06,,,1478.75,,,
2011-07-07,,,1478.75,,,
2011-07-08,,,1478.75,,,
2011-07-11,,,1478.75,,,
2011-07-12,,,1478.75,,,
2011-07-13,,,1478.75,,,
2011-07-14,,,1478.75,,,
2011-07-15,,,1478.75,,,
2011-07-18,,,1478.75,,,
2011-07-19,,,1478.75,,,
2011-07-20,,,1478.75,,,
2011-07-21,,,1478.75,,,
2011-07-22,,,1478.75,,,
2011-07-25,,,1478.75,,,
2011-07-26,,,1478.75,,,
2011-07-27,,,1478.75,,,
2011-07-28,,,1478.75,,,
2011-07-29,,,1478.75,,,
2011-08-01,,,1478.75,,,
2011-08-02,,,1478.75,,,
2011-08-03,,,1478.75,,,
2011-08-04,,,1478.75,,,
2011-08-05,,,1478.75,,,
2011-08-08,,,1478.75,,,
2011-08-09,,,1478.75,,,
2011-08-10,,,1478.75,,,
2011-08-11,,,1478.75,,,
2011-08-12,,,1478.75,,,
2011-08-15,,,1478.75,,,
2011-08-16,,,1478.75,,,
2011-08-17,,,1478.75,,,
2011-08-18,,,1478.75,,,
2011-08-19,,,1478.75,,,
2011-08-22,,,1478.75,,,
2011-08-23,,,1478.75,,,
2011-08-24,,,1478.75,,,
2011-08-25,,,1478.75,,,
2011-08-26,,,1478.75,,,
2011-08-30,,,1478.75,,,
2011-08-31,,,1478.75,,,
2011-09-01,,,1478.75,,,
2011-09-02,,,1478.75,,,
2011-09-05,,,1478.75,,,
2011-09-06,,,1478.75,,,
2011-09-07,,,1478.75,,,
2011-09-08,,,1478.75,,,
2011-09-09,,,1478.75,,,
2011-09-12,,,1478.75,,,
2011-09-13,,,1478.75,,,
2011-09-14,,,1478.75,,,
2011-09-15,,,1478.75,,,
2011-09-16,,,1478.75,,,
2011-09-19,,,1478.75,,,
2011-09-20,,,1478.75,,,
2011-09-21,,,1478.75,,,
2011-09-22,,,1478.75,,,
2011-09-23,,,1478.75,,,
2011-09-26,,,1478.75,,,
2011-09-27,,,1478.75,,,
2011-09-28,,,1296.75,,,
2011-09-29,1274.0,1274.0,1296.75,1296.75,1.0,8.791209
2011-09-30,,,1296.75,,,
2011-10-03,1001.0,1001.0,910.0,1296.75,1.0,43.956044
2011-10-04,,,910.0,,,
2011-10-05,,,910.0,,,
2011-10-06,,,910.0,,,
2011-10-07,,,910.0,,,
2011-10-10,,,910.0,,,
2011-10-11,,,910.0,,,
2011-10-12,,,910.0,,,
2011-10-13,,,910.0,,,
2011-10-14,,,910.0,,,
2011-10-17,,,910.0,,,
2011-10-18,,,910.0,,,
2011-10-19,,,910.0,,,
2011-10-20,,,910.0,,,
2011-10-21,,,910.0,,,
2011-10-24,,,910.0,,,
2011-10-25,,,910.0,,,
2011-10-26,,,910.0,,,
2011-10-27,,,910.0,,,
2011-10-28,,,910.0,,,
2011-10-31,,,910.0,,,
2011-11-01,,,910.0,,,
2011-11-02,,,910.0,,,
2011-11-03,,,910.0,,,
2011-11-04,,,910.0,,,
2011-11-07,,,910.0,,,
2011-11-08,,,910.0,,,
2011-11-09,,,910.0,,,
2011-11-10,,,910.0,,,
2011-11-11,,,910.0,,,
2011-11-14,,,910.0,,,
2011-11-15,,,910.0,,,
2011-11-16,,,910.0,,,
2011-11-17,,,910.0,,,
2011-11-18,,,910.0,,,
2011-11-21,,,910.0,,,
2011-11-22,,,910.0,,,
2011-11-23,,,910.0,,,
2011-11-24,,,910.0,,,
2011-11-25,,,910.0,,,
2011-11-28,,,910.0,,,
2011-11-29,,,910.0,,,
2011-11-30,,,910.0,,,
2011-12-01,,,910.0,,,
2011-12-02,,,910.0,,,
2011-12-05,,,910.0,,,
2011-12-06,,,910.0,,,
2011-12-07,,,910.0,,,
2011-12-08,,,910.0,,,
2011-12-09,,,910.0,,,
2011-12-12,,,910.0,,,
2011-12-13,,,910.0,,,
2011-12-14,,,910.0,,,
2011-12-15,,,910.0,,,
2011-12-16,,,910.0,,,
2011-12-19,,,910.0,,,
2011-12-20,,,910.0,,,
2011-12-21,,,910.0,,,
2011-12-22,,,910.0,,,
2011-12-23,,,910.0,,,
2011-12-28,,,910.0,,,
2011-12-29,,,910.0,,,
2011-12-30,,,910.0,,,
2012-01-03,,,910.0,,,
2012-01-04,,,910.0,,,
2012-01-05,,,910.0,,,
2012-01-06,,,910.0,,,
2012-01-09,,,910.0,,,
2012-01-10,,,910.0,,,
2012-01-11,,,910.0,,,
2012-01-12,,,910.0,,,
2012-01-13,1023.75,1023.75,910.0,910.0,1.0,2.197802
2012-01-16,,,910.0,,,
2012-01-17,,,910.0,,,
2012-01-18,687.05,687.05,910.0,910.0,1.0,3.934066
2012-01-19,,,910.0,,,
2012-01-20,,,910.0,,,
2012-01-23,,,910.0,,,
2012-01-24,,,910.0,,,
2012-01-25,,,910.0,,,
2012-01-26,,,910.0,,,
2012-01-27,,,910.0,,,
2012-01-30,,,910.0,,,
2012-01-31,,,910.0,,,
2012-02-01,,,910.0,,,
2012-02-02,,,910.0,,,
2012-02-03,,,910.0,,,
2012-02-06,,,910.0,,,
2012-02-07,,,910.0,,,
2012-02-08,,,910.0,,,
2012-02-09,,,910.0,,,
2012-02-10,,,910.0,,,
2012-02-13,,,910.0,,,
2012-02-14,,,910.0,,,
2012-02-15,,,910.0,,,
2012-02-16,,,910.0,,,
2012-02-17,,,910.0,,,
2012-02-20,,,910.0,,,
2012-02-21,,,910.0,,,
2012-02-22,,,910.0,,,
2012-02-23,,,910.0,,,
2012-02-24,,,910.0,,,
2012-02-27,,,910.0,,,
2012-02-28,,,910.0,,,
2012-02-29,,,910.0,,,
2012-03-01,,,910.0,,,
2012-03-02,,,910.0,,,
2012-03-05,,,910.0,,,
2012-03-06,,,910.0,,,
2012-03-07,,,910.0,,,
2012-03-08,,,910.0,,,
2012-03-09,,,910.0,,,
2012-03-12,,,910.0,,,
2012-03-13,,,910.0,,,
2012-03-14,,,910.0,,,
2012-03-15,,,910.0,,,
2012-03-16,,,910.0,,,
2012-03-19,,,910.0,,,
2012-03-20,,,910.0,,,
2012-03-21,,,910.0,,,
2012-03-22,,,910.0,,,
2012-03-23,,,910.0,,,
2012-03-26,,,910.0,,,
2012-03-27,,,910.0,,,
2012-03-28,,,910.0,,,
2012-03-29,,,910.0,,,
2012-03-30,,,910.0,,,
2012-04-02,,,910.0,,,
2012-04-03,,,910.0,,,
2012-04-04,,,910.0,,,
2012-04-05,,,910.0,,,
2012-04-10,,,910.0,,,
2012-04-11,,,910.0,,,
2012-04-12,,,910.0,,,
2012-04-13,,,910.0,,,
2012-04-16,,,910.0,,,
2012-04-17,,,910.0,,,
2012-04-18,,,910.0,,,
2012-04-19,,,910.0,,,
2012-04-20,,,910.0,,,
2012-04-23,,,910.0,,,
2012-04-24,,,910.0,,,
2012-04-25,,,910.0,,,
2012-04-26,,,910.0,,,
2012-04-27,,,910.0,,,
2012-04-30,,,910.0,,,
2012-05-01,,,910.0,,,
2012-05-02,,,910.0,,,
2012-05-03,,,910.0,,,
2012-05-04,,,910.0,,,
2012-05-08,,,910.0,,,
2012-05-09,,,910.0,,,
2012-05-10,,,910.0,,,
2012-05-11,,,910.0,,,
2012-05-14,,,910.0,,,
2012-05-15,,,910.0,,,
2012-05-16,,,910.0,,,
2012-05-17,,,910.0,,,
2012-05-18,,,910.0,,,
2012-05-21,,,910.0,,,
2012-05-22,,,910.0,,,
2012-05-23,,,910.0,,,
2012-05-24,,,910.0,,,
2012-05-25,,,910.0,,,
2012-05-28,,,910.0,,,
2012-05-29,,,910.0,,,
2012-05-30,,,910.0,,,
2012-05-31,,,910.0,,,
2012-06-01,,,910.0,,,
2012-06-06,,,910.0,,,
2012-06-07,,,910.0,,,
2012-06-08,,,910.0,,,
2012-06-11,,,910.0,,,
2012-06-12,,,910.0,,,
2012-06-13,,,910.0,,,
2012-06-14,,,910.0,,,
2012-06-15,,,910.0,,,
2012-06-18,,,910.0,,,
2012-06-19,,,910.0,,,
2012-06-20,,,910.0,,,
2012-06-21,,,910.0,,,
2012-06-22,,,910.0,,,
2012-06-25,,,910.0,,,
2012-06-26,,,910.0,,,
2012-06-27,,,910.0,,,
2012-06-28,,,910.0,,,
2012-06-29,,,910.0,,,
2012-07-02,,,910.0,,,
2012-07-03,,,910.0,,,
2012-07-04,,,910.0,,,
2012-07-05,,,910.0,,,
2012-07-06,,,910.0,,,
2012-07-09,,,910.0,,,
2012-07-10,,,910.0,,,
2012-07-11,,,910.0,,,
2012-07-12,,,910.0,,,
2012-07-13,,,910.0,,,
2012-07-16,,,910.0,,,
2012-07-17,,,910.0,,,
2012-07-18,,,910.0,,,
2012-07-19,,,910.0,,,
2012-07-20,,,910.0,,,
2012-07-23,,,910.0,,,
2012-07-24,978.25,978.25,910.0,910.0,1.0,7.692308
2012-07-25,,,910.0,,,
2012-07-26,,,910.0,,,
2012-07-27,,,910.0,,,
2012-07-30,,,910.0,,,
2012-07-31,,,910.0,,,
2012-08-01,,,910.0,,,
2012-08-02,,,910.0,,,
2012-08-03,,,910.0,,,
2012-08-06,,,910.0,,,
2012-08-07,,,910.0,,,
2012-08-08,,,910.0,,,
2012-08-09,682.5,682.5,910.0,910.0,2.0,51.648352
2012-08-10,,,910.0,,,
2012-08-13,,,910.0,,,
2012-08-14,,,910.0,,,
2012-08-15,,,910.0,,,
2012-08-16,,,910.0,,,
2012-08-17,,,910.0,,,
2012-08-20,,,910.0,,,
2012-08-21,,,910.0,,,
2012-08-22,,,910.0,,,
2012-08-23,,,910.0,,,
2012-08-24,,,910.0,,,
2012-08-28,,,910.0,,,
2012-08-29,,,910.0,,,
2012-08-30,,,910.0,,,
2012-08-31,,,910.0,,,
2012-09-03,,,910.0,,,
2012-09-04,,,910.0,,,
2012-09-05,,,910.0,,,
2012-09-06,,,910.0,,,
2012-09-07,,,910.0,,,
2012-09-10,,,910.0,,,
2012-09-11,,,910.0,,,
2012-09-12,,,910.0,,,
2012-09-13,,,910.0,,,
2012-09-14,,,910.0,,,
2012-09-17,,,910.0,,,
2012-09-18,,,910.0,,,
2012-09-19,,,910.0,,,
2012-09-20,,,910.0,,,
2012-09-21,,,910.0,,,
2012-09-24,,,910.0,,,
2012-09-25,,,910.0,,,
2012-09-26,,,910.0,,,
2012-09-27,,,910.0,,,
2012-09-28,,,910.0,,,
2012-10-01,,,910.0,,,
2012-10-02,,,910.0,,,
2012-10-03,,,910.0,,,
2012-10-04,,,910.0,,,
2012-10-05,,,910.0,,,
2012-10-08,,,910.0,,,
2012-10-09,,,910.0,,,
2012-10-10,,,910.0,,,
2012-10-11,,,910.0,,,
2012-10-12,,,910.0,,,
2012-10-15,,,910.0,,,
2012-10-16,,,910.0,,,
2012-10-17,955.5,955.5,910.0,910.0,1.0,4.263736
2012-10-18,,,910.0,,,
2012-10-19,,,910.0,,,
2012-10-22,,,910.0,,,
2012-10-23,,,910.0,,,
2012-10-24,,,910.0,,,
2012-10-25,,,910.0,,,
2012-10-26,,,910.0,,,
2012-10-29,,,910.0,,,
2012-10-30,,,910.0,,,
2012-10-31,,,910.0,,,
2012-11-01,,,910.0,,,
2012-11-02,,,910.0,,,
2012-11-05,,,910.0,,,
2012-11-06,,,910.0,,,
2012-11-07,,,910.0,,,
2012-11-08,,,910.0,,,
2012-11-09,,,910.0,,,
2012-11-12,,,910.0,,,
2012-11-13,,,910.0,,,
2012-11-14,,,910.0,,,
2012-11-15,,,910.0,,,
2012-11-16,,,910.0,,,
2012-11-19,,,910.0,,,
2012-11-20,,,910.0,,,
2012-11-21,,,910.0,,,
2012-11-22,,,910.0,,,
2012-11-23,,,910.0,,,
2012-11-26,,,910.0,,,
2012-11-27,,,910.0,,,
2012-11-28,,,910.0,,,
2012-11-29,,,910.0,,,
2012-11-30,,,910.0,,,
2012-12-03,,,910.0,,,
2012-12-04,,,910.0,,,
2012-12-05,,,910.0,,,
2012-12-06,,,910.0,,,
2012-12-07,,,910.0,,,
2012-12-10,,,910.0,,,
2012-12-11,,,910.0,,,
2012-12-12,,,910.0,,,
2012-12-13,,,910.0,,,
2012-12-14,,,910.0,,,
2012-12-17,,,910.0,,,
2012-12-18,,,910.0,,,
2012-12-19,,,910.0,,,
2012-12-20,,,910.0,,,
2012-12-21,,,910.0,,,
2012-12-24,,,910.0,,,
2012-12-27,,,910.0,,,
2012-12-28,,,910.0,,,
2012-12-31,,,910.0,,,
2013-01-02,,,910.0,,,
2013-01-03,,,910.0,,,
2013-01-04,,,910.0,,,
2013-01-07,682.5,682.5,910.0,910.0,1.0,21.978022
2013-01-08,,,910.0,,,
2013-01-09,,,910.0,,,
2013-01-10,,,910.0,,,
2013-01-11,,,910.0,,,
2013-01-14,,,910.0,,,
2013-01-15,,,910.0,,,
2013-01-16,,,910.0,,,
2013-01-17,,,910.0,,,
2013-01-18,,,910.0,,,
2013-01-21,,,910.0,,,
2013-01-22,,,910.0,,,
2013-01-23,,,910.0,,,
2013-01-24,,,910.0,,,
2013-01-25,,,910.0,,,
2013-01-28,,,910.0,,,
2013-01-29,,,910.0,,,
2013-01-30,,,910.0,,,
2013-01-31,,,910.0,,,
2013-02-01,,,910.0,,,
2013-02-04,,,910.0,,,
2013-02-05,,,910.0,,,
2013-02-06,,,910.0,,,
2013-02-07,,,910.0,,,
2013-02-08,,,910.0,,,
2013-02-11,,,910.0,,,
2013-02-12,,,910.0,,,
2013-02-13,,,910.0,,,
2013-02-14,,,910.0,,,
2013-02-15,,,910.0,,,
2013-02-18,,,910.0,,,
2013-02-19,,,910.0,,,
2013-02-20,,,910.0,,,
2013-02-21,,,910.0,,,
2013-02-22,,,910.0,,,
2013-02-25,,,910.0,,,
2013-02-26,,,910.0,,,
2013-02-27,,,910.0,,,
2013-02-28,,,910.0,,,
2013-03-01,,,910.0,,,
2013-03-04,,,910.0,,,
2013-03-05,,,910.0,,,
2013-03-06,,,910.0,,,
2013-03-07,,,910.0,,,
2013-03-08,,,910.0,,,
2013-03-11,978.25,978.25,910.0,910.0,1.0,5.186813
2013-03-12,,,910.0,,,
2013-03-13,,,910.0,,,
2013-03-14,,,910.0,,,
2013-03-15,,,910.0,,,
2013-03-18,,,910.0,,,
2013-03-19,,,910.0,,,
2013-03-20,,,910.0,,,
2013-03-21,,,910.0,,,
2013-03-22,,,910.0,,,
2013-03-25,,,910.0,,,
2013-03-26,,,910.0,,,
2013-03-27,,,910.0,,,
2013-03-28,,,910.0,,,
2013-04-02,,,910.0,,,
2013-04-03,,,910.0,,,
2013-04-04,,,910.0,,,
2013-04-05,,,978.25,,,
2013-04-08,,,978.25,,,
2013-04-09,,,978.25,,,
2013-04-10,,,978.25,,,
2013-04-11,,,978.25,,,
2013-04-12,,,978.25,,,
2013-04-15,,,978.25,,,
2013-04-16,,,978.25,,,
2013-04-17,819.0,673.4,591.5,978.25,2.0,83.978022
2013-04-18,,,591.5,,,
2013-04-19,,,591.5,,,
2013-04-22,368.55,368.55,591.5,591.5,2.0,62.813187
2013-04-23,368.55,368.55,500.5,591.5,1.0,23.78022
2013-04-24,,,728.0,,,
2013-04-25,,,728.0,,,
2013-04-26,,,728.0,,,
2013-04-29,,,728.0,,,
2013-04-30,546.0,546.0,546.0,728.0,1.0,43.956044
2013-05-01,,,546.0,,,
2013-05-02,,,546.0,,,
2013-05-03,,,546.0,,,
2013-05-07,,,546.0,,,
2013-05-08,,,546.0,,,
2013-05-09,,,546.0,,,
2013-05-10,,,546.0,,,
2013-05-13,,,546.0,,,
2013-05-14,,,546.0,,,
2013-05-15,,,546.0,,,
2013-05-16,,,546.0,,,
2013-05-17,,,546.0,,,
2013-05-20,,,546.0,,,
2013-05-21,,,546.0,,,
2013-05-22,,,546.0,,,
2013-05-23,,,546.0,,,
2013-05-24,,,546.0,,,
2013-05-28,,,546.0,,,
2013-05-29,,,546.0,,,
2013-05-30,,,546.0,,,
2013-05-31,,,546.0,,,
2013-06-03,,,546.0,,,
2013-06-04,,,546.0,,,
2013-06-05,,,546.0,,,
2013-06-06,,,546.0,,,
2013-06-07,,,546.0,,,
2013-06-10,,,546.0,,,
2013-06-11,,,546.0,,,
2013-06-12,,,546.0,,,
2013-06-13,,,546.0,,,
2013-06-14,,,546.0,,,
2013-06-17,,,546.0,,,
2013-06-18,,,546.0,,,
2013-06-19,,,546.0,,,
2013-06-20,,,546.0,,,
2013-06-21,,,546.0,,,
2013-06-24,,,546.0,,,
2013-06-25,,,637.0,,,
2013-06-26,,,637.0,,,
2013-06-27,746.2,746.2,728.0,637.0,1.0,2.659341
2013-06-28,,,728.0,,,
2013-07-01,,,728.0,,,
2013-07-02,,,728.0,,,
2013-07-03,,,728.0,,,
2013-07-04,,,728.0,,,
2013-07-05,,,728.0,,,
2013-07-08,,,728.0,,,
2013-07-09,,,728.0,,,
2013-07-10,,,728.0,,,
2013-07-11,,,728.0,,,
2013-07-12,,,728.0,,,
2013-07-15,,,728.0,,,
2013-07-16,,,728.0,,,
2013-07-17,,,728.0,,,
2013-07-18,,,728.0,,,
2013-07-19,,,728.0,,,
2013-07-22,,,728.0,,,
2013-07-23,,,728.0,,,
2013-07-24,,,728.0,,,
2013-07-25,,,728.0,,,
2013-07-26,,,728.0,,,
2013-07-29,,,728.0,,,
2013-07-30,,,728.0,,,
2013-07-31,,,728.0,,,
2013-08-01,,,728.0,,,
2013-08-02,,,728.0,,,
2013-08-05,,,728.0,,,
2013-08-06,,,728.0,,,
2013-08-07,,,728.0,,,
2013-08-08,,,728.0,,,
2013-08-09,,,728.0,,,
2013-08-12,910.0,910.0,728.0,728.0,1.0,8.791209
2013-08-13,568.75,568.75,728.0,728.0,1.0,8.791209
2013-08-14,,,728.0,,,
2013-08-15,,,728.0,,,
2013-08-16,,,728.0,,,
2013-08-19,,,728.0,,,
2013-08-20,,,773.5,,,
2013-08-21,,,773.5,,,
2013-08-22,,,773.5,,,
2013-08-23,,,773.5,,,
2013-08-27,,,773.5,,,
2013-08-28,,,773.5,,,
2013-08-29,,,773.5,,,
2013-08-30,,,773.5,,,
2013-09-02,,,773.5,,,
2013-09-03,,,773.5,,,
2013-09-04,,,773.5,,,
2013-09-05,,,773.5,,,
2013-09-06,,,773.5,,,
2013-09-09,,,773.5,,,
2013-09-10,,,773.5,,,
2013-09-11,,,773.5,,,
2013-09-12,,,773.5,,,
2013-09-13,,,773.5,,,
2013-09-16,,,773.5,,,
2013-09-17,,,773.5,,,
2013-09-18,,,773.5,,,
2013-09-19,,,773.5,,,
2013-09-20,,,773.5,,,
2013-09-23,,,773.5,,,
2013-09-24,,,773.5,,,
2013-09-25,,,773.5,,,
2013-09-26,,,773.5,,,
2013-09-27,,,773.5,,,
2013-09-30,,,773.5,,,
2013-10-01,,,773.5,,,
2013-10-02,,,773.5,,,
2013-10-03,,,773.5,,,
2013-10-04,,,773.5,,,
2013-10-07,,,773.5,,,
2013-10-08,,,773.5,,,
2013-10-09,,,773.5,,,
2013-10-10,,,773.5,,,
2013-10-11,,,773.5,,,
2013-10-14,,,773.5,,,
2013-10-15,,,773.5,,,
2013-10-16,,,773.5,,,
2013-10-17,,,773.5,,,
2013-10-18,,,773.5,,,
2013-10-21,,,773.5,,,
2013-10-22,,,773.5,,,
2013-10-23,,,773.5,,,
2013-10-24,,,773.5,,,
2013-10-25,,,796.25,,,
2013-10-28,,,796.25,,,
2013-10-29,,,796.25,,,
2013-10-30,,,796.25,,,
2013-10-31,,,796.25,,,
2013-11-01,,,796.25,,,
2013-11-04,,,796.25,,,
2013-11-05,,,796.25,,,
2013-11-06,,,796.25,,,
2013-11-07,,,796.25,,,
2013-11-08,,,796.25,,,
2013-11-11,,,796.25,,,
2013-11-12,,,796.25,,,
2013-11-13,,,796.25,,,
2013-11-14,,,796.25,,,
2013-11-15,,,796.25,,,
2013-11-18,,,796.25,,,
2013-11-19,,,796.25,,,
2013-11-20,,,796.25,,,
2013-11-21,,,796.25,,,
2013-11-22,,,796.25,,,
2013-11-25,,,796.25,796.25,,
2013-11-26,,,796.25,796.25,,
2013-11-27,,,796.25,796.25,,
2013-11-28,,,796.25,796.25,,
2013-11-29,,,796.25,796.25,,
2013-12-02,,,796.25,,,
2013-12-03,,,796.25,,,
2013-12-04,,,796.25,,,
2013-12-05,,,796.25,,,
2013-12-06,,,796.25,,,
2013-12-09,,,796.25,,,
2013-12-10,,,796.25,,,
2013-12-11,,,796.25,,,
2013-12-12,,,796.25,,,
2013-12-13,,,796.25,,,
2013-12-16,,,796.25,,,
2013-12-17,,,796.25,,,
2013-12-18,,,796.25,,,
2013-12-19,,,796.25,,,
2013-12-20,,,796.25,,,
2013-12-23,,,796.25,,,
2013-12-24,,,796.25,,,
2013-12-27,,,796.25,,,
2013-12-30,,,796.25,,,
2013-12-31,,,796.25,,,
2014-01-02,,,796.25,,,
2014-01-03,,,796.25,,,
2014-01-06,,,796.25,,,
2014-01-07,,,796.25,,,
2014-01-08,,,796.25,,,
2014-01-09,,,796.25,,,
2014-01-10,,,796.25,,,
2014-01-13,,,796.25,,,
2014-01-14,,,796.25,,,
2014-01-15,,,796.25,,,
2014-01-16,,,796.25,,,
2014-01-17,,,796.25,,,
2014-01-20,,,796.25,,,
2014-01-21,,,796.25,,,
2014-01-22,,,796.25,,,
2014-01-23,,,796.25,,,
2014-01-24,,,796.25,,,
2014-01-27,,,796.25,,,
2014-01-28,,,796.25,,,
2014-01-29,,,796.25,,,
2014-01-30,,,796.25,,,
2014-01-31,,,796.25,,,
2014-02-03,,,796.25,,,
2014-02-04,,,796.25,,,
2014-02-05,,,796.25,,,
2014-02-06,,,796.25,,,
2014-02-07,,,796.25,,,
2014-02-10,,,796.25,,,
2014-02-11,,,796.25,,,
2014-02-12,,,796.25,,,
2014-02-13,,,796.25,,,
2014-02-14,,,796.25,,,
2014-02-17,,,796.25,,,
2014-02-18,,,796.25,,,
2014-02-19,,,796.25,,,
2014-02-20,,,796.25,,,
2014-02-21,,,796.25,,,
2014-02-24,,,796.25,,,
2014-02-25,,,796.25,,,
2014-02-26,,,796.25,,,
2014-02-27,,,796.25,,,
2014-02-28,,,796.25,,,
2014-03-03,,,796.25,,,
2014-03-04,,,796.25,,,
2014-03-05,,,796.25,,,
2014-03-06,,,796.25,,,
2014-03-07,,,796.25,,,
2014-03-10,,,796.25,,,
2014-03-11,,,796.25,,,
2014-03-12,,,796.25,,,
2014-03-13,,,796.25,,,
2014-03-14,,,796.25,,,
2014-03-17,,,796.25,,,
2014-03-18,,,796.25,,,
2014-03-19,,,796.25,,,
2014-03-20,,,796.25,,,
2014-03-21,,,796.25,,,
2014-03-24,,,796.25,,,
2014-03-25,,,796.25,,,
2014-03-26,,,796.25,,,
2014-03-27,,,796.25,,,
2014-03-28,,,796.25,,,
2014-03-31,,,796.25,,,
2014-04-01,,,796.25,,,
2014-04-02,,,796.25,,,
2014-04-03,,,796.25,,,
2014-04-04,,,796.25,,,
2014-04-07,,,796.25,,,
2014-04-08,,,796.25,,,
2014-04-09,,,796.25,,,
2014-04-10,,,796.25,,,
2014-04-11,,,796.25,,,
2014-04-14,,,796.25,,,
2014-04-15,905.45,905.45,819.0,796.25,1.0,117.032967
2014-04-16,,,819.0,,,
2014-04-17,,,819.0,,,
2014-04-22,,,819.0,,,
2014-04-23,750.75,750.75,819.0,819.0,1.0,2.659341
2014-04-24,,,819.0,,,
2014-04-25,,,819.0,,,
2014-04-28,,,819.0,,,
2014-04-29,,,819.0,,,
2014-04-30,,,819.0,,,
2014-05-01,,,819.0,,,
2014-05-02,,,819.0,,,
2014-05-06,,,819.0,,,
2014-05-07,,,819.0,,,
2014-05-08,,,819.0,,,
2014-05-09,,,819.0,,,
2014-05-12,,,819.0,,,
2014-05-13,,,819.0,,,
2014-05-14,,,819.0,,,
2014-05-15,,,819.0,,,
2014-05-16,,,819.0,,,
2014-05-19,,,819.0,,,
2014-05-20,,,819.0,,,
2014-05-21,,,819.0,,,
2014-05-22,899.99,899.99,819.0,819.0,1.0,0.065934
2014-05-23,,,819.0,,,
2014-05-27,899.99,899.99,819.0,819.0,1.0,0.241758
2014-05-28,,,819.0,,,
2014-05-29,,,819.0,,,
2014-05-30,,,819.0,,,
2014-06-02,819.0,819.0,819.0,819.0,1.0,483.516484
2014-06-03,,,819.0,,,
2014-06-04,,,819.0,,,
2014-06-05,,,819.0,,,
2014-06-06,,,819.0,,,
2014-06-09,,,819.0,,,
2014-06-10,899.99,899.99,819.0,819.0,1.0,0.241758
2014-06-11,,,819.0,,,
2014-06-12,819.0,819.0,819.0,819.0,1.0,241.758242
2014-06-13,,,819.0,,,
2014-06-16,,,819.0,,,
2014-06-17,,,819.0,,,
2014-06-18,,,819.0,,,
2014-06-19,,,819.0,,,
2014-06-20,,,819.0,,,
2014-06-23,,,819.0,,,
2014-06-24,,,819.0,,,
2014-06-25,,,819.0,,,
2014-06-26,,,819.0,,,
2014-06-27,,,819.0,,,
2014-06-30,,,819.0,,,
2014-07-01,900.9,900.9,864.5,819.0,1.0,5.758242
2014-07-02,,,864.5,,,
2014-07-03,,,864.5,,,
2014-07-04,,,864.5,,,
2014-07-07,,,864.5,,,
2014-07-08,,,864.5,,,
2014-07-09,,,864.5,,,
2014-07-10,,,864.5,,,
2014-07-11,750.75,750.75,864.5,864.5,1.0,219.78022
2014-07-14,,,864.5,,,
2014-07-15,,,864.5,,,
2014-07-16,,,864.5,,,
2014-07-17,,,864.5,,,
2014-07-18,,,864.5,,,
2014-07-21,,,864.5,,,
2014-07-22,,,864.5,,,
2014-07-23,,,864.5,,,
2014-07-24,,,864.5,,,
2014-07-25,,,864.5,,,
2014-07-28,,,864.5,,,
2014-07-29,,,864.5,,,
2014-07-30,,,864.5,,,
2014-07-31,,,864.5,,,
2014-08-01,,,864.5,,,
2014-08-04,,,864.5,,,
2014-08-05,,,864.5,,,
2014-08-06,,,864.5,,,
2014-08-07,,,864.5,,,
2014-08-08,,,864.5,,,
2014-08-11,,,864.5,,,
2014-08-12,,,864.5,,,
2014-08-13,,,864.5,,,
2014-08-14,,,864.5,,,
2014-08-15,,,864.5,,,
2014-08-18,,,864.5,,,
2014-08-19,,,864.5,,,
2014-08-20,,,864.5,,,
2014-08-21,,,864.5,,,
2014-08-22,,,864.5,,,
2014-08-26,,,864.5,,,
2014-08-27,,,864.5,,,
2014-08-28,,,864.5,,,
2014-08-29,,,864.5,,,
2014-09-01,,,864.5,,,
2014-09-02,,,864.5,,,
2014-09-03,,,864.5,,,
2014-09-04,,,864.5,,,
2014-09-05,,,864.5,,,
2014-09-08,,,864.5,,,
2014-09-09,,,864.5,,,
2014-09-10,,,864.5,,,
2014-09-11,,,864.5,,,
2014-09-12,,,864.5,,,
2014-09-15,,,864.5,,,
2014-09-16,,,864.5,,,
2014-09-17,,,864.5,,,
2014-09-18,,,864.5,,,
2014-09-19,,,864.5,,,
2014-09-22,,,864.5,,,
2014-09-23,,,864.5,,,
2014-09-24,,,864.5,,,
2014-09-25,,,864.5,,,
2014-09-26,,,864.5,,,
2014-09-29,,,864.5,,,
2014-09-30,,,864.5,,,
2014-10-01,,,864.5,,,
2014-10-02,,,864.5,,,
2014-10-03,,,864.5,,,
2014-10-06,728.0,728.0,864.5,864.5,1.0,122.791209
2014-10-07,,,864.5,,,
2014-10-08,,,864.5,,,
2014-10-09,,,864.5,,,
2014-10-10,,,864.5,,,
2014-10-13,,,864.5,,,
2014-10-14,,,864.5,,,
2014-10-15,,,864.5,,,
2014-10-16,,,864.5,,,
2014-10-17,,,864.5,,,
2014-10-20,,,864.5,,,
2014-10-21,,,864.5,,,
2014-10-22,,,864.5,,,
2014-10-23,,,864.5,,,
2014-10-24,,,864.5,,,
2014-10-27,,,864.5,,,
2014-10-28,,,864.5,,,
2014-10-29,,,864.5,,,
2014-10-30,,,864.5,,,
2014-10-31,,,864.5,,,
2014-11-03,,,864.5,,,
2014-11-04,,,864.5,,,
2014-11-05,,,864.5,,,
2014-11-06,,,864.5,,,
2014-11-07,,,864.5,,,
2014-11-10,,,864.5,,,
2014-11-11,,,864.5,,,
2014-11-12,,,864.5,,,
2014-11-13,,,864.5,,,
2014-11-14,,,864.5,,,
2014-11-17,,,864.5,,,
2014-11-18,,,864.5,,,
2014-11-19,,,864.5,,,
2014-11-20,,,864.5,,,
2014-11-21,,,864.5,,,
2014-11-24,,,864.5,,,
2014-11-25,,,864.5,,,
2014-11-26,,,864.5,,,
2014-11-27,,,864.5,,,
2014-11-28,,,864.5,,,
2014-12-01,,,864.5,,,
2014-12-02,,,864.5,,,
2014-12-03,,,864.5,,,
2014-12-04,,,864.5,,,
2014-12-05,,,864.5,,,
2014-12-08,,,864.5,,,
2014-12-09,,,864.5,,,
2014-12-10,,,864.5,,,
2014-12-11,,,864.5,,,
2014-12-12,,,864.5,,,
2014-12-15,,,864.5,,,
2014-12-16,,,864.5,,,
2014-12-17,,,864.5,,,
2014-12-18,,,864.5,,,
2014-12-19,,,864.5,,,
2014-12-22,,,864.5,,,
2014-12-23,,,864.5,,,
2014-12-24,,,864.5,,,
2014-12-29,,,864.5,,,
2014-12-30,,,864.5,,,
2014-12-31,,,864.5,,,
2015-01-02,,,864.5,,,
2015-01-05,,,864.5,,,
2015-01-06,,,864.5,,,
2015-01-07,,,864.5,,,
2015-01-08,,,864.5,,,
2015-01-09,,,864.5,,,
2015-01-12,,,864.5,,,
2015-01-13,,,864.5,,,
2015-01-14,,,864.5,,,
2015-01-15,,,864.5,,,
2015-01-16,,,864.5,,,
2015-01-19,,,864.5,,,
2015-01-20,,,864.5,,,
2015-01-21,,,864.5,,,
2015-01-22,,,864.5,,,
2015-01-23,,,864.5,,,
2015-01-26,,,864.5,,,
2015-01-27,,,864.5,,,
2015-01-28,,,864.5,,,
2015-01-29,,,864.5,,,
2015-01-30,,,864.5,,,
2015-02-02,,,864.5,,,
2015-02-03,,,864.5,,,
2015-02-04,,,864.5,,,
2015-02-05,,,864.5,,,
2015-02-06,,,864.5,,,
2015-02-09,,,864.5,,,
2015-02-10,,,864.5,,,
2015-02-11,,,864.5,,,
2015-02-12,,,864.5,,,
2015-02-13,,,864.5,,,
2015-02-16,,,864.5,,,
2015-02-17,,,864.5,,,
2015-02-18,,,864.5,,,
2015-02-19,,,864.5,,,
2015-02-20,,,864.5,,,
2015-02-23,,,864.5,,,
2015-02-24,,,864.5,,,
2015-02-25,,,864.5,,,
2015-02-26,,,864.5,,,
2015-02-27,,,864.5,,,
2015-03-02,,,864.5,,,
2015-03-03,,,864.5,,,
2015-03-04,,,864.5,,,
2015-03-05,750.75,750.75,864.5,864.5,1.0,8.791209
2015-03-06,,,864.5,,,
2015-03-09,,,864.5,,,
2015-03-10,,,864.5,,,
2015-03-11,,,864.5,,,
2015-03-12,,,864.5,,,
2015-03-13,,,864.5,,,
2015-03-16,,,864.5,,,
2015-03-17,,,864.5,,,
2015-03-18,,,864.5,,,
2015-03-19,,,864.5,,,
2015-03-20,,,864.5,,,
2015-03-23,,,864.5,,,
2015-03-24,,,864.5,,,
2015-03-25,,,864.5,,,
2015-03-26,,,864.5,,,
2015-03-27,,,864.5,,,
2015-03-30,,,864.5,,,
2015-03-31,,,864.5,,,
2015-04-01,,,864.5,,,
2015-04-02,,,864.5,,,
2015-04-07,,,864.5,,,
2015-04-08,,,864.5,,,
2015-04-09,,,864.5,,,
2015-04-10,,,864.5,,,
2015-04-13,,,864.5,,,
2015-04-14,,,864.5,,,
2015-04-15,,,864.5,,,
2015-04-16,,,864.5,,,
2015-04-17,,,864.5,,,
2015-04-20,,,864.5,,,
2015-04-21,,,864.5,,,
2015-04-22,,,864.5,,,
2015-04-23,,,864.5,,,
2015-04-24,,,864.5,,,
2015-04-27,,,864.5,,,
2015-04-28,,,864.5,,,
2015-04-29,,,864.5,,,
2015-04-30,,,864.5,,,
2015-05-01,,,864.5,,,
2015-05-05,,,864.5,,,
2015-05-06,,,864.5,,,
2015-05-07,,,864.5,,,
2015-05-08,,,864.5,,,
2015-05-11,,,864.5,,,
2015-05-12,,,864.5,,,
2015-05-13,,,864.5,,,
2015-05-14,,,864.5,,,
2015-05-15,,,864.5,,,
2015-05-18,,,864.5,,,
2015-05-19,,,864.5,,,
2015-05-20,,,864.5,,,
2015-05-21,,,864.5,,,
2015-05-22,,,864.5,,,
2015-05-26,,,864.5,,,
2015-05-27,,,864.5,,,
2015-05-28,,,864.5,,,
2015-05-29,,,864.5,,,
2015-06-01,,,864.5,,,
2015-06-02,,,773.5,,,
2015-06-03,,,773.5,,,
2015-06-04,,,773.5,,,
2015-06-05,,,773.5,,,
2015-06-08,,,773.5,,,
2015-06-09,,,773.5,,,
2015-06-10,,,773.5,,,
2015-06-11,,,773.5,,,
2015-06-12,,,773.5,,,
2015-06-15,,,773.5,,,
2015-06-16,,,773.5,,,
2015-06-17,,,773.5,,,
2015-06-18,,,773.5,,,
2015-06-19,,,773.5,,,
2015-06-22,,,773.5,,,
2015-06-23,,,773.5,,,
2015-06-24,,,773.5,,,
2015-06-25,814.44545,814.44545,773.5,773.5,1.0,2.197802
2015-06-26,,,773.5,,,
2015-06-29,,,773.5,,,
2015-06-30,,,728.0,,,
2015-07-01,,,728.0,,,
2015-07-02,,,728.0,,,
2015-07-03,,,728.0,,,
2015-07-06,,,728.0,,,
2015-07-07,,,728.0,,,
2015-07-08,,,728.0,,,
2015-07-09,,,728.0,,,
2015-07-10,,,728.0,,,
2015-07-13,,,728.0,,,
2015-07-14,,,728.0,,,
2015-07-15,,,728.0,,,
2015-07-16,,,728.0,,,
2015-07-17,,,728.0,,,
2015-07-20,,,728.0,,,
2015-07-21,,,728.0,,,
2015-07-22,,,728.0,,,
2015-07-23,,,728.0,,,
2015-07-24,,,728.0,,,
2015-07-27,,,728.0,,,
2015-07-28,,,728.0,,,
2015-07-29,,,728.0,,,
2015-07-30,,,728.0,,,
2015-07-31,,,728.0,,,
2015-08-03,,,728.0,,,
2015-08-04,,,728.0,,,
2015-08-05,,,728.0,,,
2015-08-06,,,728.0,,,
2015-08-07,,,728.0,,,
2015-08-10,,,728.0,,,
2015-08-11,,,728.0,,,
2015-08-12,,,728.0,,,
2015-08-13,,,728.0,,,
2015-08-14,,,728.0,,,
2015-08-17,,,728.0,,,
2015-08-18,,,728.0,,,
2015-08-19,,,728.0,,,
2015-08-20,,,728.0,,,
2015-08-21,,,728.0,,,
2015-08-24,,,728.0,,,
2015-08-25,,,728.0,,,
2015-08-26,,,728.0,,,
2015-08-27,,,728.0,,,
2015-08-28,,,728.0,,,
2015-09-01,,,728.0,,,
2015-09-02,,,728.0,,,
2015-09-03,,,728.0,,,
2015-09-04,,,728.0,,,
2015-09-07,,,728.0,,,
2015-09-08,,,728.0,,,
2015-09-09,,,728.0,,,
2015-09-10,,,728.0,,,
2015-09-11,,,728.0,,,
2015-09-14,,,728.0,,,
2015-09-15,,,728.0,,,
2015-09-16,,,728.0,,,
2015-09-17,,,728.0,,,
2015-09-18,,,728.0,,,
2015-09-21,,,728.0,,,
2015-09-22,,,728.0,,,
2015-09-23,,,728.0,,,
2015-09-24,,,728.0,,,
2015-09-25,,,728.0,,,
2015-09-28,,,728.0,,,
2015-09-29,,,728.0,,,
2015-09-30,,,728.0,,,
2015-10-01,,,728.0,,,
2015-10-02,,,728.0,,,
2015-10-05,,,728.0,,,
2015-10-06,,,728.0,,,
2015-10-07,,,728.0,,,
2015-10-08,,,728.0,,,
2015-10-09,768.94545,768.94545,728.0,728.0,1.0,4.021978
2015-10-12,,,728.0,,,
2015-10-13,,,728.0,,,
2015-10-14,,,728.0,,,
2015-10-15,,,728.0,,,
2015-10-16,,,728.0,,,
2015-10-19,,,728.0,,,
2015-10-20,,,728.0,,,
2015-10-21,,,728.0,,,
2015-10-22,,,728.0,,,
2015-10-23,,,728.0,,,
2015-10-26,,,728.0,,,
2015-10-27,,,728.0,,,
2015-10-28,,,728.0,,,
2015-10-29,,,728.0,,,
2015-10-30,,,728.0,,,
2015-11-02,,,728.0,,,
2015-11-03,,,728.0,,,
2015-11-04,,,728.0,,,
2015-11-05,,,728.0,,,
2015-11-06,,,728.0,,,
2015-11-09,,,728.0,,,
2015-11-10,,,728.0,,,
2015-11-11,,,728.0,,,
2015-11-12,,,728.0,,,
2015-11-13,,,728.0,,,
2015-11-16,,,728.0,,,
2015-11-17,,,728.0,,,
2015-11-18,,,728.0,,,
2015-11-19,,,728.0,,,
2015-11-20,,,728.0,,,
2015-11-23,,,728.0,,,
2015-11-24,,,728.0,,,
2015-11-25,,,728.0,,,
2015-11-26,,,728.0,,,
2015-11-27,,,728.0,,,
2015-11-30,,,728.0,,,
2015-12-01,,,728.0,,,
2015-12-02,,,728.0,,,
2015-12-03,,,728.0,,,
2015-12-04,,,728.0,,,
2015-12-07,,,728.0,,,
2015-12-08,,,728.0,,,
2015-12-09,,,728.0,,,
2015-12-10,,,728.0,,,
2015-12-11,,,728.0,,,
2015-12-14,,,728.0,,,
2015-12-15,,,728.0,,,
2015-12-16,,,728.0,,,
2015-12-17,,,728.0,,,
2015-12-18,,,728.0,,,
2015-12-21,,,728.0,,,
2015-12-22,,,728.0,,,
2015-12-23,,,728.0,,,
2015-12-24,,,728.0,,,
2015-12-29,,,728.0,,,
2015-12-30,,,728.0,,,
2015-12-31,,,728.0,,,
2016-01-04,,,728.0,,,
2016-01-05,,,728.0,,,
2016-01-06,,,728.0,,,
2016-01-07,,,728.0,,,
2016-01-08,,,728.0,,,
2016-01-11,,,728.0,,,
2016-01-12,,,728.0,,,
2016-01-13,,,728.0,,,
2016-01-14,,,728.0,,,
2016-01-15,,,728.0,,,
2016-01-18,,,728.0,,,
2016-01-19,,,728.0,,,
2016-01-20,,,728.0,,,
2016-01-21,,,728.0,,,
2016-01-22,,,728.0,,,
2016-01-25,,,728.0,,,
2016-01-26,,,728.0,,,
2016-01-27,,,728.0,,,
2016-01-28,,,728.0,,,
2016-01-29,,,728.0,,,
2016-02-01,,,728.0,,,
2016-02-02,,,728.0,,,
2016-02-03,,,728.0,,,
2016-02-04,,,728.0,,,
2016-02-05,,,728.0,,,
2016-02-08,,,728.0,,,
2016-02-09,,,728.0,,,
2016-02-10,,,728.0,,,
2016-02-11,,,728.0,,,
2016-02-12,,,728.0,,,
2016-02-15,,,728.0,,,
2016-02-16,,,728.0,,,
2016-02-17,,,728.0,,,
2016-02-18,,,728.0,,,
2016-02-19,,,728.0,,,
2016-02-22,,,728.0,,,
2016-02-23,,,728.0,,,
2016-02-24,,,728.0,,,
2016-02-25,,,728.0,,,
2016-02-26,,,728.0,,,
2016-02-29,,,728.0,,,
2016-03-01,,,728.0,,,
2016-03-02,,,728.0,,,
2016-03-03,,,728.0,,,
2016-03-04,,,728.0,,,
2016-03-07,,,728.0,,,
2016-03-08,,,728.0,,,
2016-03-09,,,728.0,,,
2016-03-10,,,728.0,,,
2016-03-11,,,728.0,,,
2016-03-14,,,728.0,,,
2016-03-15,,,728.0,,,
2016-03-16,,,728.0,,,
2016-03-17,,,728.0,,,
2016-03-18,,,728.0,,,
2016-03-21,,,728.0,,,
2016-03-22,,,728.0,,,
2016-03-23,,,728.0,,,
2016-03-24,,,728.0,,,
2016-03-29,,,728.0,,,
2016-03-30,,,728.0,,,
2016-03-31,,,728.0,,,
2016-04-01,,,728.0,,,
2016-04-04,,,728.0,,,
2016-04-05,,,728.0,,,
2016-04-06,,,728.0,,,
2016-04-07,,,728.0,,,
2016-04-08,,,728.0,,,
2016-04-11,,,728.0,,,
2016-04-12,,,728.0,,,
2016-04-13,,,728.0,,,
2016-04-14,,,728.0,,,
2016-04-15,,,728.0,,,
2016-04-18,,,728.0,,,
2016-04-19,,,728.0,,,
2016-04-20,,,728.0,,,
2016-04-21,,,728.0,,,
2016-04-22,,,728.0,,,
2016-04-25,,,728.0,,,
2016-04-26,,,728.0,,,
2016-04-27,,,728.0,,,
2016-04-28,,,728.0,,,
2016-04-29,,,728.0,,,
2016-05-03,,,728.0,,,
2016-05-04,,,728.0,,,
2016-05-05,,,728.0,,,
2016-05-06,,,728.0,,,
2016-05-09,,,728.0,,,
2016-05-10,,,728.0,,,
2016-05-11,,,728.0,,,
2016-05-12,,,728.0,,,
2016-05-13,,,728.0,,,
2016-05-16,,,728.0,,,
2016-05-17,,,728.0,,,
2016-05-18,,,728.0,,,
2016-05-19,,,728.0,,,
2016-05-20,,,728.0,,,
2016-05-23,,,728.0,,,
2016-05-24,,,728.0,,,
2016-05-25,,,728.0,,,
2016-05-26,,,728.0,,,
2016-05-27,,,728.0,,,
2016-05-31,,,728.0,,,
2016-06-01,,,728.0,,,
2016-06-02,,,728.0,,,
2016-06-03,,,728.0,,,
2016-06-06,,,728.0,,,
2016-06-07,,,728.0,,,
2016-06-08,,,728.0,,,
2016-06-09,,,728.0,,,
2016-06-10,,,728.0,,,
2016-06-13,,,728.0,,,
2016-06-14,,,728.0,,,
2016-06-15,,,728.0,,,
2016-06-16,768.94545,768.94545,728.0,728.0,1.0,10.989011
2016-06-17,,,728.0,,,
2016-06-20,,,728.0,,,
2016-06-21,,,728.0,,,
2016-06-22,,,728.0,,,
2016-06-23,,,728.0,,,
2016-06-24,,,728.0,,,
2016-06-27,,,728.0,,,
2016-06-28,,,728.0,,,
2016-06-29,,,728.0,,,
2016-06-30,,,728.0,,,
2016-07-01,,,728.0,,,
2016-07-04,687.05455,687.05455,728.0,728.0,1.0,10.989011
2016-07-05,,,728.0,,,
2016-07-06,,,728.0,,,
2016-07-07,,,728.0,,,
2016-07-08,,,728.0,,,
2016-07-11,,,728.0,,,
2016-07-12,,,728.0,,,
2016-07-13,,,728.0,,,
2016-07-14,,,728.0,,,
2016-07-15,687.05455,687.05455,728.0,728.0,1.0,2.197802
2016-07-18,,,728.0,,,
2016-07-19,,,728.0,,,
2016-07-20,,,728.0,,,
2016-07-21,,,728.0,,,
2016-07-22,,,728.0,,,
2016-07-25,,,728.0,,,
2016-07-26,,,728.0,,,
2016-07-27,,,728.0,,,
2016-07-28,,,728.0,,,
2016-07-29,,,728.0,,,
2016-08-01,,,728.0,,,
2016-08-02,,,728.0,,,
2016-08-03,,,728.0,,,
2016-08-04,,,728.0,,,
2016-08-05,,,728.0,,,
2016-08-08,,,728.0,,,
2016-08-09,,,728.0,,,
2016-08-10,,,728.0,,,
2016-08-11,,,728.0,,,
2016-08-12,,,728.0,,,
2016-08-15,,,728.0,,,
2016-08-16,,,728.0,,,
2016-08-17,687.050455,687.050455,728.0,728.0,1.0,0.021978
2016-08-18,,,728.0,,,
2016-08-19,,,728.0,,,
2016-08-22,,,728.0,,,
